%%MatrixMarket matrix coordinate integer general
%
1806 1806 61648
1 3 -102165
1 4 -35568
1 5 -106958
1 6 -165835
1 7 -717
1 11 -106958
1 12 -5254
1 13 -1828653
1 14 -88998
1 18 -124987
1 19 -102234
1 20 -166734
1 21 102165
1 22 -35568
1 23 0
1 24 -35592
3 1 -102165
3 4 165787
3 5 -106958
3 6 35568
3 8 88998
3 9 -1828653
3 10 124987
3 15 -717
3 16 5254
3 17 -106958
3 19 102165
3 20 166622
3 21 -102096
3 22 35544
3 23 0
3 24 35568
4 1 -35568
4 3 165787
4 5 816517
4 6 12131131
4 8 -2544144
4 9 -124987
4 10 246582267
4 15 -5254
4 16 -53433
4 17 -525150
4 19 35568
4 20 -43494
4 21 -35544
4 22 5492559
4 23 -1857243
4 24 7768871
5 1 -106958
5 3 -106958
5 4 816517
5 6 -815265
5 7 106958
5 11 10610299
5 12 525150
5 15 106958
5 16 -525150
5 17 10610299
5 19 0
5 21 0
5 22 -1857243
5 23 -3035593
5 24 1855991
6 1 -165835
6 3 35568
6 4 12131131
6 5 -815265
6 7 5254
6 11 525150
6 12 -53433
6 13 124987
6 14 -2544144
6 18 246582267
6 19 35592
6 20 -43523
6 21 -35568
6 22 7768871
6 23 1855991
6 24 5503037
7 1 -717
7 5 106958
7 6 5254
7 8 456524
7 9 22241
7 10 -7285
7 11 9458
7 12 -32521
7 19 -144672
7 20 -225242
7 21 -75273
7 22 -19710
7 23 32177
7 24 -58319
7 25 -717
7 29 -106952
7 30 -5297
7 31 -144111
7 32 -231282
7 33 53031
7 34 16068
7 35 -22725
7 36 -55351
8 3 88998
8 4 -2544144
8 7 456524
8 9 -146498
8 10 -146
8 12 0
8 19 -225242
8 20 -351466
8 21 -117705
8 22 -16088
8 24 30787
8 27 89722
8 28 2543998
8 31 -231282
8 32 -371889
8 33 85482
8 34 11362
8 36 30743
9 3 -1828653
9 4 -124987
9 7 22241
9 8 -146498
9 10 163403
9 11 -123062
9 12 7285
9 19 -75273
9 20 -117705
9 21 -39964
9 22 85738
9 23 -61575
9 24 19710
9 27 -1828545
9 28 126004
9 31 53031
9 32 85482
9 33 -20230
9 34 92887
9 35 -61487
9 36 -16068
10 3 124987
10 4 246582267
10 7 -7285
10 8 -146
10 9 163403
10 11 -20327729
10 12 1546252
10 19 39421
10 20 0
10 21 -75437
10 22 6071984
10 23 -8775718
10 24 3173062
10 27 -126004
10 28 246578142
10 31 -32136
10 32 0
10 33 -86948
10 34 7499906
10 35 -9011044
10 36 -2771994
11 1 -106958
11 5 10610299
11 6 525150
11 7 9458
11 9 -123062
11 10 -20327729
11 12 655122
11 19 -32177
11 20 0
11 21 61575
11 22 -8775718
11 23 1205793
11 24 -4585964
11 25 106952
11 29 10609667
11 30 529424
11 31 22725
11 32 0
11 33 61487
11 34 -9011044
11 35 413612
11 36 3330516
12 1 -5254
12 5 525150
12 6 -53433
12 7 -32521
12 8 0
12 9 7285
12 10 1546252
12 11 655122
12 19 20600
12 20 0
12 21 -39421
12 22 3173062
12 23 -4585964
12 24 1658160
12 25 5297
12 29 529424
12 30 -53009
12 31 11877
12 32 0
12 33 32136
12 34 -2771994
12 35 3330516
12 36 1024539
13 1 -1828653
13 6 124987
13 14 146550
13 15 29516
13 16 -6818
13 17 -122641
13 18 -163481
13 19 -39896
13 20 117651
13 21 -75187
13 22 -19720
13 23 -61584
13 24 -85819
13 37 -1828501
13 39 -7360
13 40 486
13 41 430
13 42 -126000
13 43 -20230
13 44 -85482
13 45 53031
13 46 16068
13 47 -61487
13 48 -92887
14 1 -88998
14 6 -2544144
14 13 146550
14 15 -456198
14 16 -10244
14 17 0
14 18 -205
14 19 117651
14 20 -351758
14 21 225277
14 22 30792
14 24 -16081
14 37 -89720
14 39 -361
14 40 -10244
14 42 2543939
14 43 -85482
14 44 -371889
14 45 231282
14 46 30743
14 48 11362
15 3 -717
15 4 -5254
15 5 106958
15 13 29516
15 14 -456198
15 16 32520
15 17 9445
15 18 6818
15 19 -75187
15 20 225277
15 21 -144598
15 22 58358
15 23 32162
15 24 19720
15 37 -7360
15 39 -747
15 40 5299
15 41 -106949
15 42 -486
15 43 53031
15 44 231282
15 45 -144111
15 46 55351
15 47 -22725
15 48 -16068
16 3 5254
16 4 -53433
16 5 -525150
16 13 -6818
16 14 -10244
16 15 32520
16 17 -657507
16 18 -517633
16 19 39440
16 20 0
16 21 -20598
16 22 1658639
16 23 4583854
16 24 3175936
16 37 -486
16 39 -5299
16 40 -49010
16 41 -529411
16 42 -993124
16 43 -32136
16 44 0
16 45 -11877
16 46 1024539
16 47 -3330516
16 48 -2771994
17 3 -106958
17 4 -525150
17 5 10610299
17 13 -122641
17 14 0
17 15 9445
17 16 -657507
17 18 20325073
17 19 61584
17 21 -32162
17 22 4583854
17 23 1198542
17 24 8777091
17 37 -430
17 39 106949
17 40 -529411
17 41 10609582
17 42 -2131
17 43 61487
17 44 0
17 45 22725
17 46 -3330516
17 47 413612
17 48 9011044
18 1 -124987
18 6 246582267
18 13 -163481
18 14 -205
18 15 6818
18 16 -517633
18 17 20325073
18 19 75520
18 20 0
18 21 -39440
18 22 3175936
18 23 8777091
18 24 6081232
18 37 126000
18 39 486
18 40 -993124
18 41 -2131
18 42 246572459
18 43 86948
18 44 0
18 45 32136
18 46 -2771994
18 47 9011044
18 48 7499906
19 1 -102234
19 3 102165
19 4 35568
19 5 0
19 6 35592
19 7 -144672
19 8 -225242
19 9 -75273
19 10 39421
19 11 -32177
19 12 20600
19 13 -39896
19 14 117651
19 15 -75187
19 16 39440
19 17 61584
19 18 75520
19 20 388463
19 21 -355027
19 22 65016
19 23 -81671
19 24 84936
19 31 -1183
19 32 177
19 33 -3627
19 34 176
19 35 -102507
19 36 -5074
19 43 -1509888
19 44 -73897
19 45 -2491
19 46 121
19 47 169
19 48 -78599
19 49 -408557
19 50 -40418
19 51 409442
19 52 0
19 53 0
19 54 0
20 1 -166734
20 3 166622
20 4 -43494
20 6 -43523
20 7 -225242
20 8 -351466
20 9 -117705
20 10 0
20 11 0
20 12 0
20 13 117651
20 14 -351758
20 15 225277
20 16 0
20 18 0
20 19 388463
20 21 -388374
20 22 1740015
20 24 1740497
20 31 177
20 32 -21807
20 33 73786
20 34 1584388
20 36 -3812
20 43 -73897
20 44 -21855
20 45 -122
20 46 -2619
20 48 1586616
20 49 -40418
20 50 -6491
20 51 40515
20 52 0
20 53 0
20 54 0
21 1 102165
21 3 -102096
21 4 -35544
21 5 0
21 6 -35568
21 7 -75273
21 8 -117705
21 9 -39964
21 10 -75437
21 11 61575
21 12 -39421
21 13 -75187
21 14 225277
21 15 -144598
21 16 -20598
21 17 -32162
21 18 -39440
21 19 -355027
21 20 -388374
21 22 -84954
21 23 -81722
21 24 -65016
21 31 -3627
21 32 73786
21 33 -1508748
21 34 78429
21 35 246
21 36 -176
21 43 -2491
21 44 -122
21 45 -1181
21 46 5085
21 47 -102662
21 48 -121
21 49 409442
21 50 40515
21 51 -410530
21 52 0
21 53 0
21 54 0
22 1 -35568
22 3 35544
22 4 5492559
22 5 -1857243
22 6 7768871
22 7 -19710
22 8 -16088
22 9 85738
22 10 6071984
22 11 -8775718
22 12 3173062
22 13 -19720
22 14 30792
22 15 58358
22 16 1658639
22 17 4583854
22 18 3175936
22 19 65016
22 20 1740015
22 21 -84954
22 23 -3598060
22 24 29695735
22 31 -176
22 32 -1584388
22 33 -78429
22 34 88893208
22 35 711
22 36 -213938
22 43 -121
22 44 2619
22 45 -5085
22 46 -13253
22 47 -296318
22 48 -146898
22 49 10281
22 50 -216444
22 51 -11171
22 52 0
22 53 0
22 54 0
23 1 0
23 3 0
23 4 -1857243
23 5 -3035593
23 6 1855991
23 7 32177
23 9 -61575
23 10 -8775718
23 11 1205793
23 12 -4585964
23 13 -61584
23 15 32162
23 16 4583854
23 17 1198542
23 18 8777091
23 19 -81671
23 21 -81722
23 22 -3598060
23 24 3598207
23 31 102507
23 33 -246
23 34 711
23 35 5948954
23 36 295874
23 43 -169
23 45 102662
23 46 -296318
23 47 5953365
23 48 -489
23 49 8741
23 51 8719
23 52 0
24 1 -35592
24 3 35568
24 4 7768871
24 5 1855991
24 6 5503037
24 7 -58319
24 8 30787
24 9 19710
24 10 3173062
24 11 -4585964
24 12 1658160
24 13 -85819
24 14 -16081
24 15 19720
24 16 3175936
24 17 8777091
24 18 6081232
24 19 84936
24 20 1740497
24 21 -65016
24 22 29695735
24 23 3598207
24 31 5074
24 32 3812
24 33 176
24 34 -213938
24 35 295874
24 36 -12992
24 43 78599
24 44 -1586616
24 45 121
24 46 -146898
24 47 -489
24 48 88945898
24 49 11122
24 50 -215923
24 51 -10281
24 52 0
24 53 0
24 54 0
25 7 -717
25 11 106952
25 12 5297
25 27 247327
25 28 193895
25 29 -302448
25 30 -285192
25 31 -211880
25 32 -322826
25 33 -244842
25 34 193735
25 35 0
25 36 -167653
25 55 -2748
25 59 -409537
25 60 -13522
25 61 -1628137
25 62 -79836
25 63 -2485
25 64 160
25 65 136
25 66 -109313
27 8 89722
27 9 -1828545
27 10 -126004
27 25 247327
27 28 285454
27 29 -89197
27 30 -193895
27 31 -244842
27 32 -373047
27 33 -282931
27 34 223873
27 35 0
27 36 -193735
27 56 96442
27 57 -2957944
27 58 183171
27 61 -2485
27 62 -121
27 63 -604
27 64 4414
27 65 -89197
27 66 -160
28 8 2543998
28 9 126004
28 10 246578142
28 25 193895
28 27 285454
28 29 9327896
28 30 -70112084
28 31 -193735
28 32 295377
28 33 -223873
28 34 37904988
28 35 -10199951
28 36 -46259770
28 56 -5547274
28 57 -183171
28 58 526877052
28 61 -160
28 62 3373
28 63 -4414
28 64 -31432
28 65 -439145
28 66 -326551
29 7 -106952
29 11 10609667
29 12 529424
29 25 -302448
29 27 -89197
29 28 9327896
29 30 15517926
29 31 0
29 32 0
29 33 0
29 34 -10199951
29 35 -15623516
29 36 -11786734
29 55 409537
29 59 40567957
29 60 1346519
29 61 -136
29 63 89197
29 64 -439145
29 65 8820256
29 66 -670
30 7 -5297
30 11 529424
30 12 -53009
30 25 -285192
30 27 -193895
30 28 -70112084
30 29 15517926
30 31 167653
30 32 -255612
30 33 193735
30 34 -46259770
30 35 -11786734
30 36 24480764
30 55 13522
30 59 1346519
30 60 -166429
30 61 109313
30 62 -2208912
30 63 160
30 64 -326551
30 65 -670
30 66 213814060
31 7 -144111
31 8 -231282
31 9 53031
31 10 -32136
31 11 22725
31 12 11877
31 19 -1183
31 20 177
31 21 -3627
31 22 -176
31 23 102507
31 24 5074
31 25 -211880
31 27 -244842
31 28 -193735
31 29 0
31 30 167653
31 32 488232
31 33 765910
31 34 -240288
31 35 32827
31 36 297684
31 49 -683051
31 51 -680596
31 53 35634
31 61 -50819
31 62 139485
31 63 110124
31 64 -60617
31 65 -128040
31 66 134360
31 67 -1508761
31 68 -73787
31 72 -78430
32 7 -231282
32 8 -371889
32 9 85482
32 10 0
32 11 0
32 12 0
32 19 177
32 20 -21807
32 21 73786
32 22 -1584388
32 24 3812
32 25 -322826
32 27 -373047
32 28 295377
32 29 0
32 30 -255612
32 31 488232
32 33 522954
32 34 -2038136
32 36 2134452
32 50 -18374
32 52 -801781
32 54 803711
32 61 139485
32 62 -390757
32 63 -309176
32 64 0
32 65 0
32 66 0
32 67 -73787
32 68 -21807
32 72 1584401
33 7 53031
33 8 85482
33 9 -20230
33 10 -86948
33 11 61487
33 12 32136
33 19 -3627
33 20 73786
33 21 -1508748
33 22 -78429
33 23 -246
33 24 176
33 25 -244842
33 27 -282931
33 28 -223873
33 29 0
33 30 193735
33 31 765910
33 32 522954
33 34 -484644
33 35 -134754
33 36 240288
33 49 -680596
33 51 -679779
33 53 -35720
33 61 110124
33 62 -309176
33 63 -245233
33 64 -27347
33 65 -57765
33 66 60617
33 69 -1174
33 70 5074
33 71 -102508
34 7 16068
34 8 11362
34 9 92887
34 10 7499906
34 11 -9011044
34 12 -2771994
34 19 176
34 20 1584388
34 21 78429
34 22 88893208
34 23 711
34 24 -213938
34 25 193735
34 27 223873
34 28 37904988
34 29 -10199951
34 30 -46259770
34 31 -240288
34 32 -2038136
34 33 -484644
34 35 8080674
34 36 -114792313
34 50 801781
34 52 23312544
34 54 -23391226
34 61 30308
34 62 -64020
34 63 94527
34 64 1811206
34 65 7671508
34 66 -4014628
34 69 -5074
34 70 -13507
34 71 -295876
35 7 -22725
35 9 -61487
35 10 -9011044
35 11 413612
35 12 3330516
35 19 -102507
35 21 246
35 22 711
35 23 5948954
35 24 295874
35 25 0
35 27 0
35 28 -10199951
35 29 -15623516
35 30 -11786734
35 31 32827
35 33 -134754
35 34 8080674
35 36 -3250630
35 49 -35634
35 51 35720
35 53 2078224
35 61 128040
35 63 57765
35 64 7671508
35 65 5438700
35 66 -17004278
35 69 102508
35 70 -295876
35 71 5948971
36 7 -55351
36 8 30743
36 9 -16068
36 10 -2771994
36 11 3330516
36 12 1024539
36 19 -5074
36 20 -3812
36 21 -176
36 22 -213938
36 23 295874
36 24 -12992
36 25 -167653
36 27 -193735
36 28 -46259770
36 29 -11786734
36 30 24480764
36 31 297684
36 32 2134452
36 33 240288
36 34 -114792313
36 35 -3250630
36 50 -803711
36 52 -23391226
36 54 23424982
36 61 -148034
36 62 -28882
36 63 -30308
36 64 -4014628
36 65 -17004278
36 66 8898622
36 67 78430
36 68 -1584401
36 72 88893923
37 13 -1828501
37 14 -89720
37 15 -7360
37 16 -486
37 17 -430
37 18 126000
37 39 243297
37 40 192127
37 41 -90565
37 42 -283348
37 43 -281812
37 44 371582
37 45 -245371
37 46 193138
37 47 0
37 48 -221822
37 73 -2957872
37 74 -96439
37 75 11899
37 76 -683
37 77 -1649
37 78 -183164
37 79 -597
37 80 120
37 81 -2465
37 82 157
37 83 -88485
37 84 -4361
39 13 -7360
39 14 -361
39 15 -747
39 16 -5299
39 17 106949
39 18 486
39 37 243297
39 40 284433
39 41 -302443
39 42 -192127
39 43 -245371
39 44 323533
39 45 -213642
39 46 168164
39 47 0
39 48 -193138
39 73 11899
39 74 388
39 75 -2796
39 76 13525
39 77 -409527
39 78 683
39 79 -2465
39 80 79202
39 81 -1621634
39 82 108042
39 83 134
39 84 -157
40 13 486
40 14 -10244
40 15 5299
40 16 -49010
40 17 -529411
40 18 -993124
40 37 192127
40 39 284433
40 41 -15471473
40 42 -67580830
40 43 -193138
40 44 -256170
40 45 -168164
40 46 24705498
40 47 11740355
40 48 -46259086
40 73 683
40 74 -22337
40 75 -13525
40 76 -157882
40 77 -1346486
40 78 2122269
40 79 -157
40 80 -2192067
40 81 -108042
40 82 213079925
40 83 662
40 84 -324120
41 13 430
41 15 -106949
41 16 -529411
41 17 10609582
41 18 -2131
41 37 -90565
41 39 -302443
41 40 -15471473
41 42 -9350543
41 43 0
41 45 0
41 46 11740355
41 47 -15562041
41 48 10222214
41 73 1649
41 75 409527
41 76 -1346486
41 77 40567634
41 78 5422
41 79 88485
41 81 -134
41 82 662
41 83 8785303
41 84 435645
42 13 -126000
42 14 2543939
42 15 -486
42 16 -993124
42 17 -2131
42 18 246572459
42 37 -283348
42 39 -192127
42 40 -67580830
42 41 -9350543
42 43 221822
42 44 294215
42 45 193138
42 46 -46259086
42 47 10222214
42 48 37557364
42 73 183164
42 74 -5547147
42 75 -683
42 76 2122269
42 77 5422
42 78 526865343
42 79 4361
42 80 3333
42 81 157
42 82 -324120
42 83 435645
42 84 -31482
43 13 -20230
43 14 -85482
43 15 53031
43 16 -32136
43 17 61487
43 18 86948
43 19 -1509888
43 20 -73897
43 21 -2491
43 22 -121
43 23 -169
43 24 78599
43 37 -281812
43 39 -245371
43 40 -193138
43 41 0
43 42 221822
43 44 -521499
43 45 767176
43 46 -239516
43 47 -134278
43 48 482787
43 49 -679174
43 51 -679990
43 53 -35656
43 67 -1172
43 68 121
43 69 -2479
43 70 120
43 71 -102173
43 72 -5049
43 79 -245233
43 80 309176
43 81 110124
43 82 -60617
43 83 -57765
43 84 27347
44 13 -85482
44 14 -371889
44 15 231282
44 16 0
44 17 0
44 18 0
44 19 -73897
44 20 -21855
44 21 -122
44 22 2619
44 24 -1586616
44 37 371582
44 39 323533
44 40 -256170
44 42 294215
44 43 -521499
44 45 -488755
44 46 2126432
44 48 -2042699
44 50 -18325
44 52 802277
44 54 -800353
44 67 121
44 68 -21704
44 69 73547
44 70 1579565
44 72 -2602
44 79 309176
44 80 -390757
44 81 -139485
44 82 0
44 83 0
44 84 0
45 13 53031
45 14 231282
45 15 -144111
45 16 -11877
45 17 22725
45 18 32136
45 19 -2491
45 20 -122
45 21 -1181
45 22 -5085
45 23 102662
45 24 121
45 37 -245371
45 39 -213642
45 40 -168164
45 41 0
45 42 193138
45 43 767176
45 44 -488755
45 46 -298574
45 47 33087
45 48 239516
45 49 -679990
45 51 -682439
45 53 35571
45 67 -2479
45 68 73547
45 69 -1506287
45 70 78061
45 71 168
45 72 -120
45 79 110124
45 80 -139485
45 81 -50819
45 82 -134360
45 83 -128040
45 84 60617
46 13 16068
46 14 30743
46 15 55351
46 16 1024539
46 17 -3330516
46 18 -2771994
46 19 121
46 20 -2619
46 21 5085
46 22 -13253
46 23 -296318
46 24 -146898
46 37 193138
46 39 168164
46 40 24705498
46 41 11740355
46 42 -46259086
46 43 -239516
46 44 2126432
46 45 -298574
46 47 3297088
46 48 -114866610
46 50 -802277
46 52 23404039
46 54 -23370363
46 67 -120
46 68 -1579565
46 69 -78061
46 70 88779621
46 71 485
46 72 -146271
46 79 30308
46 80 -28882
46 81 148034
46 82 8898622
46 83 17004278
46 84 -4014628
47 13 -61487
47 15 -22725
47 16 -3330516
47 17 413612
47 18 9011044
47 19 169
47 21 -102662
47 22 -296318
47 23 5953365
47 24 -489
47 37 0
47 39 0
47 40 11740355
47 41 -15562041
47 42 10222214
47 43 -134278
47 45 33087
47 46 3297088
47 48 -8104423
47 49 35656
47 51 -35571
47 53 2076371
47 67 102173
47 69 -168
47 70 485
47 71 5939381
47 72 294912
47 79 57765
47 81 128040
47 82 17004278
47 83 5438700
47 84 -7671508
48 13 -92887
48 14 11362
48 15 -16068
48 16 -2771994
48 17 9011044
48 18 7499906
48 19 -78599
48 20 1586616
48 21 -121
48 22 -146898
48 23 -489
48 24 88945898
48 37 -221822
48 39 -193138
48 40 -46259086
48 41 10222214
48 42 37557364
48 43 482787
48 44 -2042699
48 45 239516
48 46 -114866610
48 47 -8104423
48 50 800353
48 52 -23370363
48 54 23291801
48 67 5049
48 68 2602
48 69 120
48 70 -146271
48 71 294912
48 72 -13292
48 79 -94527
48 80 -64020
48 81 -30308
48 82 -4014628
48 83 -7671508
48 84 1811206
49 19 -408557
49 20 -40418
49 21 409442
49 22 10281
49 23 8741
49 24 11122
49 31 -683051
49 33 -680596
49 35 -35634
49 43 -679174
49 45 -679990
49 47 35656
49 50 80836
49 51 541701
49 52 0
49 53 22
49 54 0
49 67 -408557
49 68 -40418
49 69 409442
49 70 -10281
49 71 -8741
49 72 -11122
50 19 -40418
50 20 -6491
50 21 40515
50 22 -216444
50 24 -215923
50 32 -18374
50 34 801781
50 36 -803711
50 44 -18325
50 46 -802277
50 48 800353
50 49 80836
50 51 -81031
50 52 -495
50 53 0
50 54 -3358
50 67 -40418
50 68 -6491
50 69 40515
50 70 216444
50 72 215923
51 19 409442
51 20 40515
51 21 -410530
51 22 -11171
51 23 8719
51 24 -10281
51 31 -680596
51 33 -679779
51 35 35720
51 43 -679990
51 45 -682439
51 47 -35571
51 49 541701
51 50 -81031
51 52 0
51 53 149
51 54 0
51 67 409442
51 68 40515
51 69 -410530
51 70 11171
51 71 -8719
51 72 10281
52 19 0
52 20 0
52 21 0
52 22 0
52 23 0
52 24 0
52 32 -801781
52 34 23312544
52 36 -23391226
52 44 802277
52 46 23404039
52 48 -23370363
52 49 0
52 50 -495
52 51 0
52 53 0
52 54 -93455619
52 67 0
52 68 0
52 69 0
52 70 0
52 71 0
52 72 0
53 19 0
53 20 0
53 21 0
53 22 0
53 24 0
53 31 35634
53 33 -35720
53 35 2078224
53 43 -35656
53 45 35571
53 47 2076371
53 49 22
53 50 0
53 51 149
53 52 0
53 54 0
53 67 0
53 68 0
53 69 0
53 70 0
53 71 0
53 72 0
54 19 0
54 20 0
54 21 0
54 22 0
54 24 0
54 32 803711
54 34 -23391226
54 36 23424982
54 44 -800353
54 46 -23370363
54 48 23291801
54 49 0
54 50 -3358
54 51 0
54 52 -93455619
54 53 0
54 67 0
54 68 0
54 69 0
54 70 0
54 71 0
54 72 0
55 25 -2748
55 29 409537
55 30 13522
55 56 101859
55 57 74251
55 58 -14532
55 59 -3
55 60 -25494
55 61 -685115
55 62 -11172
55 63 -688364
55 64 5486
55 65 0
55 66 -5460
55 85 -2748
55 89 -409540
55 90 -13523
55 97 -615452
55 98 -50552
55 99 614993
55 100 -20019
55 101 0
55 102 -20034
55 103 -812533
55 104 -40134
55 105 -879
55 106 0
55 107 0
55 108 0
56 27 96442
56 28 -5547274
56 55 101859
56 57 -232131
56 58 -188000
56 59 0
56 60 1156802
56 61 -11172
56 62 -4698
56 63 -11225
56 64 -673831
56 65 0
56 66 670650
56 88 5547315
56 97 -50552
56 98 -7430
56 99 50515
56 100 485789
56 102 486152
56 103 -40134
56 104 -1982
56 105 -43
56 106 0
56 107 0
56 108 0
57 27 -2957944
57 28 -183171
57 55 74251
57 56 -232131
57 58 25518
57 59 0
57 60 14532
57 61 -688364
57 62 -11225
57 63 -691629
57 64 5512
57 65 0
57 66 -5486
57 88 183173
57 97 614993
57 98 50515
57 99 -614534
57 100 20004
57 101 0
57 102 20019
57 103 -879
57 104 -43
57 105 0
57 106 0
57 107 0
57 108 0
58 27 183171
58 28 526877052
58 55 -14532
58 56 -188000
58 57 25518
58 59 0
58 60 -36747864
58 61 -5486
58 62 673831
58 63 -5512
58 64 67044876
58 65 0
58 66 -66728403
58 88 526878623
58 97 20019
58 98 -485789
58 99 -20004
58 100 48318400
58 102 48354470
58 103 0
58 104 0
58 105 0
58 107 0
58 108 0
59 25 -409537
59 29 40567957
59 30 1346519
59 55 -3
59 56 0
59 57 0
59 58 0
59 60 5366680
59 61 0
59 63 0
59 64 0
59 65 0
59 85 409540
59 89 40568117
59 90 1346530
59 97 0
59 99 0
59 100 0
59 102 0
59 103 0
59 105 0
59 107 0
60 25 -13522
60 29 1346519
60 30 -166429
60 55 -25494
60 56 1156802
60 57 14532
60 58 -36747864
60 59 5366680
60 61 5460
60 62 -670650
60 63 5486
60 64 -66728403
60 65 0
60 66 66413423
60 85 13523
60 89 1346530
60 90 -166429
60 97 20034
60 98 -486152
60 99 -20019
60 100 48354470
60 102 48390568
60 103 0
60 104 0
60 105 0
60 107 0
60 108 0
61 25 -1628137
61 27 -2485
61 28 -160
61 29 -136
61 30 109313
61 31 -50819
61 32 139485
61 33 110124
61 34 30308
61 35 128040
61 36 -148034
61 55 -685115
61 56 -11172
61 57 -688364
61 58 -5486
61 59 0
61 60 5460
61 62 177039
61 63 40929
61 64 -10379
61 65 247251
61 66 -288310
61 67 -24788
61 68 -95770
61 69 -73363
61 70 -22729
61 71 119302
61 72 -147895
61 91 -1622501
61 92 -79287
61 93 -816
61 94 52
61 95 44
61 96 -108211
61 103 -614705
61 104 -50458
61 105 613975
61 106 -19944
61 107 0
61 108 -19967
62 25 -79836
62 27 -121
62 28 3373
62 30 -2208912
62 31 139485
62 32 -390757
62 33 -309176
62 34 -64020
62 36 -28882
62 55 -11172
62 56 -4698
62 57 -11225
62 58 673831
62 60 -670650
62 61 177039
62 63 566258
62 64 1160173
62 65 0
62 66 -200609
62 67 -95770
62 68 -385568
62 69 -296093
62 70 -59651
62 72 19293
62 91 -79287
62 92 -18632
62 93 -39
62 94 -1104
62 96 2194303
62 103 -50458
62 104 -7403
62 105 50398
62 106 484073
62 107 0
62 108 484649
63 25 -2485
63 27 -604
63 28 -4414
63 29 89197
63 30 160
63 31 110124
63 32 -309176
63 33 -245233
63 34 94527
63 35 57765
63 36 -30308
63 55 -688364
63 56 -11225
63 57 -691629
63 58 -5512
63 59 0
63 60 5486
63 61 40929
63 62 566258
63 64 56412
63 65 19795
63 66 10379
63 67 -73363
63 68 -296093
63 69 -227878
63 70 84975
63 71 -38587
63 72 22729
63 91 -816
63 92 -39
63 93 -594
63 94 4368
63 95 -88579
63 96 -52
63 103 613975
63 104 50398
63 105 -613246
63 106 19920
63 107 0
63 108 19944
64 25 160
64 27 4414
64 28 -31432
64 29 -439145
64 30 -326551
64 31 -60617
64 32 0
64 33 -27347
64 34 1811206
64 35 7671508
64 36 -4014628
64 55 5486
64 56 -673831
64 57 5512
64 58 67044876
64 59 0
64 60 -66728403
64 61 -10379
64 62 1160173
64 63 56412
64 65 994850
64 66 -40998888
64 67 45458
64 68 0
64 69 -14703
64 70 1062117
64 71 -5280202
64 72 3283760
64 91 -52
64 92 1104
64 93 -4368
64 94 -31916
64 95 -436109
64 96 -107289
64 103 19944
64 104 -484073
64 105 -19920
64 106 48216975
64 107 0
64 108 48274290
65 25 136
65 27 -89197
65 28 -439145
65 29 8820256
65 30 -670
65 31 -128040
65 32 0
65 33 -57765
65 34 7671508
65 35 5438700
65 36 -17004278
65 55 0
65 56 0
65 57 0
65 58 0
65 59 0
65 60 0
65 61 247251
65 62 0
65 63 19795
65 64 994850
65 66 -38092204
65 67 -119302
65 68 0
65 69 38587
65 70 -5280202
65 71 3828709
65 72 -16324854
65 91 -44
65 92 0
65 93 88579
65 94 -436109
65 95 8789945
65 96 -219
65 103 0
65 105 0
65 106 0
65 108 0
66 25 -109313
66 27 -160
66 28 -326551
66 29 -670
66 30 213814060
66 31 134360
66 32 0
66 33 60617
66 34 -4014628
66 35 -17004278
66 36 8898622
66 55 -5460
66 56 670650
66 57 -5486
66 58 -66728403
66 60 66413423
66 61 -288310
66 62 -200609
66 63 10379
66 64 -40998888
66 65 -38092204
66 67 140543
66 68 0
66 69 -45458
66 70 3283760
66 71 -16324854
66 72 10152434
66 91 108211
66 92 -2194303
66 93 52
66 94 -107289
66 95 -219
66 96 213177934
66 103 19967
66 104 -484649
66 105 -19944
66 106 48274290
66 107 0
66 108 48331672
67 31 -1508761
67 32 -73787
67 36 78430
67 43 -1172
67 44 121
67 45 -2479
67 46 -120
67 47 102173
67 48 5049
67 49 -408557
67 50 -40418
67 51 409442
67 52 0
67 53 0
67 54 0
67 61 -24788
67 62 -95770
67 63 -73363
67 64 45458
67 65 -119302
67 66 140543
67 68 -307850
67 69 -725813
67 70 87374
67 71 -87474
67 72 349415
67 79 -228046
67 80 295934
67 81 -73614
67 82 45474
67 83 38670
67 84 14747
67 91 -197419
67 92 243875
67 93 197170
67 94 -31746
67 95 -51333
67 96 31743
67 109 -269431
67 110 -22105
67 111 268658
67 112 0
67 113 -117757
67 114 -9689
68 31 -73787
68 32 -21807
68 36 -1584401
68 43 121
68 44 -21704
68 45 73547
68 46 -1579565
68 48 2602
68 49 -40418
68 50 -6491
68 51 40515
68 52 0
68 53 0
68 54 0
68 61 -95770
68 62 -385568
68 63 -296093
68 64 0
68 65 0
68 66 0
68 67 -307850
68 69 307817
68 70 -1586602
68 71 0
68 72 -1588205
68 79 295934
68 80 -384869
68 81 95974
68 82 0
68 83 0
68 84 0
68 91 243875
68 92 -301840
68 93 -243849
68 94 0
68 96 0
68 109 -22105
68 110 -2370
68 111 22087
68 112 117757
68 114 117853
69 33 -1174
69 34 -5074
69 35 102508
69 43 -2479
69 44 73547
69 45 -1506287
69 46 -78061
69 47 -168
69 48 120
69 49 409442
69 50 40515
69 51 -410530
69 52 0
69 53 0
69 54 0
69 61 -73363
69 62 -296093
69 63 -227878
69 64 -14703
69 65 38587
69 66 -45458
69 67 -725813
69 68 307817
69 70 -348929
69 71 -87443
69 72 -87374
69 79 -73614
69 80 95974
69 81 -24930
69 82 -140218
69 83 -119238
69 84 -45474
69 91 197170
69 92 -243849
69 93 -197377
69 94 -31749
69 95 -51338
69 96 31746
69 109 268658
69 110 22087
69 111 -268992
69 112 9689
69 113 -117853
70 33 5074
70 34 -13507
70 35 -295876
70 43 120
70 44 1579565
70 45 78061
70 46 88779621
70 47 485
70 48 -146271
70 49 -10281
70 50 216444
70 51 11171
70 52 0
70 53 0
70 54 0
70 61 -22729
70 62 -59651
70 63 84975
70 64 1062117
70 65 -5280202
70 66 3283760
70 67 87374
70 68 -1586602
70 69 -348929
70 71 5932782
70 72 60766479
70 79 -22737
70 80 19335
70 81 147591
70 82 10117938
70 83 16316090
70 84 3281340
70 91 -31746
70 92 -51333
70 93 31743
70 94 -3083126
70 95 3813042
70 96 3082798
70 109 0
70 110 -117757
70 111 -9689
70 112 10131775
70 113 -1927142
70 114 23421378
71 33 -102508
71 34 -295876
71 35 5948971
71 43 -102173
71 45 168
71 46 485
71 47 5939381
71 48 294912
71 49 -8741
71 51 -8719
71 52 0
71 53 0
71 54 0
71 61 119302
71 63 -38587
71 64 -5280202
71 65 3828709
71 66 -16324854
71 67 -87474
71 68 0
71 69 -87443
71 70 5932782
71 72 -5932918
71 79 -38670
71 81 119238
71 82 16316090
71 83 3852058
71 84 5291458
71 94 3813042
71 95 -4715762
71 96 -3812636
71 109 117757
71 111 117853
71 112 -1927142
71 113 33413854
71 114 1925568
72 31 -78430
72 32 1584401
72 36 88893923
72 43 -5049
72 44 -2602
72 45 -120
72 46 -146271
72 47 294912
72 48 -13292
72 49 -11122
72 50 215923
72 51 10281
72 52 0
72 53 0
72 54 0
72 61 -147895
72 62 19293
72 63 22729
72 64 3283760
72 65 -16324854
72 66 10152434
72 67 349415
72 68 -1588205
72 69 -87374
72 70 60766479
72 71 -5932918
72 79 -84856
72 80 -59619
72 81 22737
72 82 3281340
72 83 5291458
72 84 1064169
72 91 -31749
72 92 -51338
72 93 31746
72 94 3082798
72 95 -3812636
72 96 -3082469
72 109 9689
72 110 -117853
72 111 0
72 112 23421378
72 113 1925568
72 114 10170038
73 37 -2957872
73 39 11899
73 40 683
73 41 1649
73 42 183164
73 74 232192
73 75 62304
73 76 -13874
73 77 1649
73 78 -25549
73 79 -691629
73 80 11225
73 81 -688364
73 82 5486
73 83 0
73 84 -5512
73 120 -183173
73 121 -614527
73 122 -50576
73 123 614985
73 124 -20043
73 125 0
73 126 -20028
73 127 0
73 128 40
73 129 -825
73 130 0
73 131 0
73 132 0
74 37 -96439
74 39 388
74 40 -22337
74 42 -5547147
74 73 232192
74 75 -102309
74 76 1134459
74 77 0
74 78 -187879
74 79 11225
74 80 -4698
74 81 11172
74 82 670650
74 84 -673831
74 120 5547315
74 121 -50576
74 122 -7440
74 123 50613
74 124 486146
74 126 485783
74 127 40
74 128 -1982
74 129 40134
74 130 0
74 132 0
75 37 11899
75 39 -2796
75 40 -13525
75 41 409527
75 42 -683
75 73 62304
75 74 -102309
75 76 25516
75 77 -13
75 78 13874
75 79 -688364
75 80 11172
75 81 -685115
75 82 5460
75 83 0
75 84 -5486
75 117 -2748
75 118 13523
75 119 -409540
75 121 614985
75 122 50613
75 123 -615445
75 124 20058
75 125 0
75 126 20043
75 127 -825
75 128 40134
75 129 -812533
75 130 0
75 131 0
75 132 0
76 37 -683
76 39 13525
76 40 -157882
76 41 -1346486
76 42 2122269
76 73 -13874
76 74 1134459
76 75 25516
76 77 -5366615
76 78 -32207236
76 79 -5486
76 80 -670650
76 81 -5460
76 82 66413423
76 84 -66728403
76 117 -13523
76 118 -166429
76 119 -1346530
76 121 20043
76 122 -486146
76 123 -20058
76 124 48390367
76 125 0
76 126 48354270
76 127 0
76 128 0
76 129 0
76 130 0
76 131 0
76 132 0
77 37 -1649
77 39 -409527
77 40 -1346486
77 41 40567634
77 42 5422
77 73 1649
77 74 0
77 75 -13
77 76 -5366615
77 78 10805
77 79 0
77 80 0
77 81 0
77 82 0
77 83 0
77 84 0
77 117 409540
77 118 -1346530
77 119 40568117
77 121 0
77 123 0
77 126 0
77 127 0
77 128 0
77 129 0
77 130 0
77 131 0
77 132 0
78 37 -183164
78 39 683
78 40 2122269
78 41 5422
78 42 526865343
78 73 -25549
78 74 -187879
78 75 13874
78 76 -32207236
78 77 10805
78 79 5512
78 80 673831
78 81 5486
78 82 -66728403
78 83 0
78 84 67044876
78 120 526878623
78 121 20028
78 122 -485783
78 123 -20043
78 124 48354270
78 125 0
78 126 48318200
78 127 0
78 128 0
78 129 0
78 130 0
79 37 -597
79 39 -2465
79 40 -157
79 41 88485
79 42 4361
79 43 -245233
79 44 309176
79 45 110124
79 46 30308
79 47 57765
79 48 -94527
79 67 -228046
79 68 295934
79 69 -73614
79 70 -22737
79 71 -38670
79 72 -84856
79 73 -691629
79 74 11225
79 75 -688364
79 76 -5486
79 77 0
79 78 5512
79 80 -566171
79 81 42633
79 82 -10297
79 83 19157
79 84 -56497
79 91 -595
79 92 109
79 93 -2248
79 94 143
79 95 -88423
79 96 -4356
79 127 -613287
79 128 -50395
79 129 613935
79 130 -19940
79 131 0
79 132 -19919
80 37 120
80 39 79202
80 40 -2192067
80 42 3333
80 43 309176
80 44 -390757
80 45 -139485
80 46 -28882
80 48 -64020
80 67 295934
80 68 -384869
80 69 95974
80 70 19335
80 72 -59619
80 73 11225
80 74 -4698
80 75 11172
80 76 -670650
80 77 0
80 78 673831
80 79 -566171
80 81 -176461
80 82 -187552
80 83 0
80 84 1158167
80 91 109
80 92 -18584
80 93 79148
80 94 2190612
80 96 -3039
80 127 -50395
80 128 -7402
80 129 50448
80 130 484553
80 132 484042
81 37 -2465
81 39 -1621634
81 40 -108042
81 41 -134
81 42 157
81 43 110124
81 44 -139485
81 45 -50819
81 46 148034
81 47 128040
81 48 -30308
81 67 -73614
81 68 95974
81 69 -24930
81 70 147591
81 71 119238
81 72 22737
81 73 -688364
81 74 11172
81 75 -685115
81 76 -5460
81 77 0
81 78 5486
81 79 42633
81 80 -176461
81 82 288970
81 83 247266
81 84 10297
81 91 -2248
81 92 79148
81 93 -1621071
81 94 107933
81 95 122
81 96 -143
81 127 613935
81 128 50448
81 129 -614583
81 130 19961
81 131 0
81 132 19940
82 37 157
82 39 108042
82 40 213079925
82 41 662
82 42 -324120
82 43 -60617
82 44 0
82 45 -134360
82 46 8898622
82 47 17004278
82 48 -4014628
82 67 45474
82 68 0
82 69 -140218
82 70 10117938
82 71 16316090
82 72 3281340
82 73 5486
82 74 670650
82 75 5460
82 76 66413423
82 77 0
82 78 -66728403
82 79 -10297
82 80 -187552
82 81 288970
82 83 38082936
82 84 -41383755
82 91 -143
82 92 -2190612
82 93 -107933
82 94 213016385
82 95 604
82 96 -295632
82 127 19940
82 128 -484553
82 129 -19961
82 130 48322055
82 132 48271102
83 37 -88485
83 39 134
83 40 662
83 41 8785303
83 42 435645
83 43 -57765
83 44 0
83 45 -128040
83 46 17004278
83 47 5438700
83 48 -7671508
83 67 38670
83 68 0
83 69 -119238
83 70 16316090
83 71 3852058
83 72 5291458
83 73 0
83 75 0
83 77 0
83 78 0
83 79 19157
83 80 0
83 81 247266
83 82 38082936
83 84 -990476
83 91 88423
83 92 0
83 93 -122
83 94 604
83 95 8782276
83 96 435343
83 127 0
83 128 0
83 129 0
83 130 0
83 131 0
83 132 0
84 37 -4361
84 39 -157
84 40 -324120
84 41 435645
84 42 -31482
84 43 27347
84 44 0
84 45 60617
84 46 -4014628
84 47 -7671508
84 48 1811206
84 67 14747
84 68 0
84 69 -45474
84 70 3281340
84 71 5291458
84 72 1064169
84 73 -5512
84 74 -673831
84 75 -5486
84 76 -66728403
84 77 0
84 78 67044876
84 79 -56497
84 80 1158167
84 81 10297
84 82 -41383755
84 83 -990476
84 91 4356
84 92 3039
84 93 143
84 94 -295632
84 95 435343
84 96 -31569
84 127 19919
84 128 -484042
84 129 -19940
84 130 48271102
84 131 0
84 132 48220202
85 55 -2748
85 59 409540
85 60 13523
85 88 -415146
85 89 302326
85 90 -468115
85 97 -1305725
85 98 -63798
85 99 -2710
85 100 170
85 101 87
85 102 -84145
85 133 -720
85 137 -107301
85 138 -1771
85 139 -352906
85 140 -561287
85 141 370381
85 142 -415316
85 143 0
85 144 -395721
88 56 5547315
88 57 183173
88 58 526878623
88 85 -415146
88 89 21286852
88 90 142934899
88 97 -170
88 98 3544
88 99 -2066
88 100 -20018
88 101 -206491
88 102 -352544
88 134 -2552041
88 135 -42134
88 136 246804848
88 139 415316
88 140 -544830
88 141 -435882
88 142 69291889
88 143 -21695272
88 144 93140611
89 55 -409540
89 59 40568117
89 60 1346530
89 85 302326
89 88 21286852
89 90 -19736194
89 97 -87
89 99 41916
89 100 -206491
89 101 4158087
89 102 -428
89 133 107301
89 137 10644461
89 138 177050
89 139 0
89 140 0
89 141 0
89 142 -21695272
89 143 -34754375
89 144 22769571
90 55 -13523
90 59 1346530
90 60 -166429
90 85 -468115
90 88 142934899
90 89 -19736194
90 97 84145
90 98 -1707025
90 99 170
90 100 -352544
90 101 -428
90 102 169750411
90 133 1771
90 137 177050
90 138 -76394
90 139 395721
90 140 -519125
90 141 -415316
90 142 93140611
90 143 22769571
90 144 60285287
91 61 -1622501
91 62 -79287
91 63 -816
91 64 -52
91 65 -44
91 66 108211
91 67 -197419
91 68 243875
91 69 197170
91 70 -31746
91 72 -31749
91 79 -595
91 80 109
91 81 -2248
91 82 -143
91 83 88423
91 84 4356
91 92 85517
91 93 -311589
91 94 58796
91 95 -23773
91 96 -64457
91 103 -864
91 104 -17
91 105 526
91 106 -28
91 107 -128743
91 108 -4251
91 109 -118573
91 110 -184704
91 111 118209
91 112 -27206
91 114 -27249
91 127 -2008387
91 128 -65495
91 129 -1251
91 130 68
91 131 80
91 132 -113868
92 61 -79287
92 62 -18632
92 63 -39
92 64 1104
92 65 0
92 66 -2194303
92 67 243875
92 68 -301840
92 69 -243849
92 70 -51333
92 72 -51338
92 79 109
92 80 -18584
92 81 79148
92 82 -2190612
92 83 0
92 84 3039
92 91 85517
92 93 -85251
92 94 1266455
92 95 0
92 96 1261141
92 103 -17
92 104 -25379
92 105 65626
92 106 3458116
92 108 905
92 109 -184704
92 110 -288311
92 111 184406
92 112 34823
92 114 34879
92 127 -65495
92 128 -25304
92 129 -40
92 130 -2152
92 131 0
92 132 3451500
93 61 -816
93 62 -39
93 63 -594
93 64 -4368
93 65 88579
93 66 52
93 67 197170
93 68 -243849
93 69 -197377
93 70 31743
93 72 31746
93 79 -2248
93 80 79148
93 81 -1621071
93 82 -107933
93 83 -122
93 84 143
93 91 -311589
93 92 -85251
93 94 65139
93 95 -23599
93 96 -58796
93 103 526
93 104 65626
93 105 -2010428
93 106 114202
93 107 -33
93 108 28
93 109 118209
93 110 184406
93 111 -118192
93 112 27162
93 114 27206
93 127 -1251
93 128 -40
93 129 -862
93 130 4238
93 131 -128482
93 132 -68
94 61 52
94 62 -1104
94 63 4368
94 64 -31916
94 65 -436109
94 66 -107289
94 67 -31746
94 68 0
94 69 -31749
94 70 -3083126
94 71 3813042
94 72 3082798
94 79 143
94 80 2190612
94 81 107933
94 82 213016385
94 83 604
94 84 -295632
94 91 58796
94 92 1266455
94 93 65139
94 95 759614
94 96 -23410377
94 103 28
94 104 -3458116
94 105 -114202
94 106 333159325
94 107 -111
94 108 87231
94 109 -27206
94 110 0
94 111 -27249
94 112 -1869547
94 113 -2916494
94 114 1866533
94 127 -68
94 128 2152
94 129 -4238
94 130 -65921
94 131 -423407
94 132 -207629
95 61 44
95 63 -88579
95 64 -436109
95 65 8789945
95 66 -219
95 67 -51333
95 69 -51338
95 70 3813042
95 71 -4715762
95 72 -3812636
95 79 -88423
95 81 122
95 82 604
95 83 8782276
95 84 435343
95 91 -23773
95 92 0
95 93 -23599
95 94 759614
95 96 -771223
95 103 128743
95 105 33
95 106 -111
95 107 12766883
95 108 424266
95 109 34823
95 110 0
95 111 34879
95 112 -2916494
95 113 -4549730
95 114 2911792
95 127 -80
95 129 128482
95 130 -423407
95 131 12754048
95 132 -264
96 61 -108211
96 62 2194303
96 63 -52
96 64 -107289
96 65 -219
96 66 213177934
96 67 31743
96 68 0
96 69 31746
96 70 3082798
96 71 -3812636
96 72 -3082469
96 79 -4356
96 80 -3039
96 81 -143
96 82 -295632
96 83 435343
96 84 -31569
96 91 -64457
96 92 1261141
96 93 -58796
96 94 -23410377
96 95 -771223
96 103 4251
96 104 -905
96 105 -28
96 106 87231
96 107 424266
96 108 -66067
96 109 27162
96 110 0
96 111 27206
96 112 1866533
96 113 2911792
96 114 -1863525
96 127 113868
96 128 -3451500
96 129 68
96 130 -207629
96 131 -264
96 132 332881657
97 55 -615452
97 56 -50552
97 57 614993
97 58 20019
97 59 0
97 60 20034
97 85 -1305725
97 88 -170
97 89 -87
97 90 84145
97 98 142608
97 99 115854
97 100 209278
97 101 -2113867
97 102 -2666722
97 103 -687249
97 104 -11255
97 105 -688219
97 106 5516
97 107 0
97 108 -5508
97 139 -140830
97 140 394052
97 141 -269425
97 142 -222250
97 143 -770819
97 144 -1008113
97 145 -1305345
97 146 -64023
97 147 57
97 148 -3
97 149 -1
97 150 -84419
97 151 -93916
97 152 -347030
97 153 229450
97 154 314208
97 155 -1342958
97 156 -1893609
98 55 -50552
98 56 -7430
98 57 50515
98 58 -485789
98 60 -486152
98 85 -63798
98 88 3544
98 90 -1707025
98 97 142608
98 99 -1819843
98 100 -1154589
98 101 0
98 102 184361
98 103 -11255
98 104 -4697
98 105 -11271
98 106 -672420
98 108 671472
98 139 394052
98 140 -1156775
98 141 796184
98 142 385409
98 144 -190749
98 145 -64023
98 146 -14630
98 147 2
98 148 75
98 150 1706066
98 151 -347030
98 152 -1472689
98 153 984544
98 154 671479
98 156 236681
99 55 614993
99 56 50515
99 57 -614534
99 58 -20004
99 59 0
99 60 -20019
99 85 -2710
99 88 -2066
99 89 41916
99 90 170
99 97 115854
99 98 -1819843
99 100 427024
99 101 -91841
99 102 -209278
99 103 -688219
99 104 -11271
99 105 -689190
99 106 5524
99 107 0
99 108 -5516
99 139 -269425
99 140 796184
99 141 -551861
99 142 669052
99 143 381498
99 144 222250
99 145 57
99 146 2
99 147 -281
99 148 2072
99 149 -41892
99 150 3
99 151 229450
99 152 984544
99 153 -664004
99 154 1112932
99 155 -473363
99 156 -314208
100 55 -20019
100 56 485789
100 57 20004
100 58 48318400
100 59 0
100 60 48354470
100 85 170
100 88 -20018
100 89 -206491
100 90 -352544
100 97 209278
100 98 -1154589
100 99 427024
100 101 -17637663
100 102 -80184874
100 103 -5516
100 104 672420
100 105 -5524
100 106 66808564
100 107 0
100 108 -66714412
100 139 444500
100 140 0
100 141 -219994
100 142 16723950
100 143 53190785
100 144 33790845
100 145 3
100 146 -75
100 147 -2072
100 148 -20667
100 149 -207219
100 150 7525
100 151 -628417
100 152 0
100 153 -221503
100 154 18115289
100 155 -67907745
100 156 -51394124
101 55 0
101 57 0
101 85 87
101 88 -206491
101 89 4158087
101 90 -428
101 97 -2113867
101 98 0
101 99 -91841
101 100 -17637663
101 102 343005472
101 103 0
101 104 0
101 105 0
101 106 0
101 108 0
101 139 770819
101 140 0
101 141 -381498
101 142 53190785
101 143 21344251
101 144 107472311
101 145 1
101 147 41892
101 148 -207219
101 149 4156857
101 150 9
101 151 1342958
101 152 0
101 153 473363
101 154 -67907745
101 155 21503911
101 156 192658202
102 55 -20034
102 56 486152
102 57 20019
102 58 48354470
102 59 0
102 60 48390568
102 85 -84145
102 88 -352544
102 89 -428
102 90 169750411
102 97 -2666722
102 98 184361
102 99 -209278
102 100 -80184874
102 101 343005472
102 103 5508
102 104 -671472
102 105 5516
102 106 -66714412
102 108 66620394
102 139 898116
102 140 0
102 141 -444500
102 142 33790845
102 143 107472311
102 144 68274612
102 145 84419
102 146 -1706066
102 147 -3
102 148 7525
102 149 9
102 150 169704087
102 151 1782857
102 152 0
102 153 628417
102 154 -51394124
102 155 192658202
102 156 145808105
103 55 -812533
103 56 -40134
103 57 -879
103 58 0
103 59 0
103 60 0
103 61 -614705
103 62 -50458
103 63 613975
103 64 19944
103 65 0
103 66 19967
103 91 -864
103 92 -17
103 93 526
103 94 28
103 95 128743
103 96 4251
103 97 -687249
103 98 -11255
103 99 -688219
103 100 -5516
103 101 0
103 102 5508
103 104 506234
103 105 70176
103 106 29335
103 107 -9765
103 108 4286
103 109 -112781
103 110 -170307
103 111 -54463
103 112 -8881
103 113 14504
103 114 -26942
103 145 -863
103 146 -17
103 147 525
103 148 -28
103 149 -128675
103 150 -4248
103 157 -152020
103 158 -234044
103 159 58358
103 160 16334
103 161 -24338
103 162 -54969
104 55 -40134
104 56 -1982
104 57 -43
104 58 0
104 60 0
104 61 -50458
104 62 -7403
104 63 50398
104 64 -484073
104 66 -484649
104 91 -17
104 92 -25379
104 93 65626
104 94 -3458116
104 96 -905
104 97 -11255
104 98 -4697
104 99 -11271
104 100 672420
104 101 0
104 102 -671472
104 103 506234
104 105 -178062
104 106 186618
104 107 0
104 108 -1156122
104 109 -170307
104 110 -257516
104 111 -82460
104 112 -7252
104 114 14978
104 145 -17
104 146 -25359
104 147 65592
104 148 3456389
104 150 904
104 157 -234044
104 158 -361000
104 159 90219
104 160 12169
104 162 31569
105 55 -879
105 56 -43
105 57 0
105 58 0
105 59 0
105 60 0
105 61 613975
105 62 50398
105 63 -613246
105 64 -19920
105 65 0
105 66 -19944
105 91 526
105 92 65626
105 93 -2010428
105 94 -114202
105 95 33
105 96 -28
105 97 -688219
105 98 -11271
105 99 -689190
105 100 -5524
105 101 0
105 102 5516
105 103 70176
105 104 -178062
105 106 95903
105 107 -93095
105 108 -29335
105 109 -54463
105 110 -82460
105 111 -26668
105 112 40984
105 113 -29957
105 114 8881
105 145 525
105 146 65592
105 147 -2009895
105 148 114115
105 149 -33
105 150 28
105 157 58358
105 158 90219
105 159 -23124
105 160 91047
105 161 -63138
105 162 -16334
106 55 0
106 56 0
106 57 0
106 61 -19944
106 62 484073
106 63 19920
106 64 48216975
106 65 0
106 66 48274290
106 91 -28
106 92 3458116
106 93 114202
106 94 333159325
106 95 -111
106 96 87231
106 97 5516
106 98 -672420
106 99 5524
106 100 66808564
106 101 0
106 102 -66714412
106 103 29335
106 104 186618
106 105 95903
106 107 -15274388
106 108 -39921547
106 109 17762
106 110 0
106 111 -36684
106 112 2911371
106 113 -4246035
106 114 1409650
106 145 28
106 146 -3456389
106 147 -114115
106 148 333086891
106 149 -110
106 150 87189
106 157 -32669
106 158 0
106 159 -84751
106 160 7053102
106 161 -9118668
106 162 -2718822
107 55 0
107 56 0
107 57 0
107 58 0
107 59 0
107 60 0
107 61 0
107 62 0
107 63 0
107 64 0
107 66 0
107 91 -128743
107 93 -33
107 94 -111
107 95 12766883
107 96 424266
107 97 0
107 99 0
107 100 0
107 103 -9765
107 104 0
107 105 -93095
