%%MatrixMarket matrix coordinate integer general
%
138 138 558
1 3 -407765
1 5 -407765
2 4 -1599568
3 1 -407765
3 5 245882
4 2 -1599568
4 5 42292
4 6 -983889
4 41 -28194
5 1 -407765
5 3 245882
5 4 42292
5 7 151241
5 41 -42292
6 4 -983889
6 8 -460675
6 116 -25
6 117 245
7 5 151241
7 9 70814
8 6 -460675
8 10 -460675
9 7 70814
9 11 70814
10 8 -460675
10 11 0
10 12 -891579
10 67 0
10 68 -25
10 69 245
11 9 70814
11 10 0
11 13 137051
11 67 0
11 68 0
11 69 0
12 10 -891579
12 13 42292
12 17 -28194
13 11 137051
13 12 42292
13 14 591490
13 15 296139
13 17 -42292
14 13 591490
14 15 591490
15 13 296139
15 14 591490
16 43 -654541
17 12 -28194
17 13 -42292
17 18 378109
17 44 -92553
17 45 378109
18 17 378109
18 44 -378109
18 45 700201
19 64 -640440
20 21 -368117
20 24 -25064
20 25 39101
20 65 -88166
20 66 -368117
21 20 -368117
21 25 0
21 65 368117
21 66 710684
22 23 591490
22 25 591490
23 22 591490
23 25 296139
24 20 -25064
24 25 -39101
24 26 -891579
25 20 39101
25 21 0
25 22 591490
25 23 296139
25 24 -39101
25 27 137051
26 24 -891579
26 28 -460675
26 88 3
26 89 -23
26 90 -233
27 25 137051
27 29 70814
28 26 -460675
28 30 -460675
29 27 70814
29 31 70814
30 28 -460675
30 32 -983889
30 137 -23
30 138 -233
31 29 70814
31 33 151241
32 30 -983889
32 33 -42292
32 35 -1599568
32 38 -28194
33 31 151241
33 32 -42292
33 34 -407765
33 36 245882
33 38 42292
34 33 -407765
34 36 -407765
35 32 -1599568
36 33 245882
36 34 -407765
37 112 -545508
38 32 -28194
38 33 42292
38 39 -318729
38 113 -75793
38 114 -318729
39 38 -318729
39 113 318729
39 114 674502
40 91 -561525
41 4 -28194
41 5 -42292
41 42 331227
41 92 -81077
41 93 331227
42 41 331227
42 92 -331227
42 93 667780
43 16 -654541
43 46 -562207
44 17 -92553
44 18 -378109
44 45 -67347
44 47 -65337
44 48 310761
44 68 -15218
45 17 378109
45 18 700201
45 44 -67347
45 47 -310761
45 48 752700
45 69 0
46 43 -562207
46 49 -562207
47 44 -65337
47 45 -310761
47 50 -65337
47 51 310761
47 71 -15218
48 44 310761
48 45 752700
48 50 -310761
48 51 752700
48 72 0
49 46 -562207
49 52 -562207
50 47 -65337
50 48 -310761
50 51 0
50 53 -65337
50 54 310761
50 74 -15218
51 47 310761
51 48 752700
51 50 0
51 53 -310761
51 54 752700
51 75 0
52 49 -562207
52 55 -562207
53 50 -65337
53 51 -310761
53 54 0
53 56 -65337
53 57 310761
53 77 -15218
54 50 310761
54 51 752700
54 53 0
54 56 -310761
54 57 752700
54 78 0
55 52 -562207
55 58 -562207
56 53 -65337
56 54 -310761
56 57 0
56 59 -65337
56 60 310761
56 80 -15218
57 53 310761
57 54 752700
57 56 0
57 59 -310761
57 60 752700
57 81 0
58 55 -562207
58 61 -562207
59 56 -65337
59 57 -310761
59 60 0
59 62 -65337
59 63 310761
59 83 -15218
60 56 310761
60 57 752700
60 59 0
60 62 -310761
60 63 752700
60 84 0
61 58 -562207
61 64 -562207
62 59 -65337
62 60 -310761
62 63 0
62 65 -65337
62 66 310761
62 86 -15218
63 59 310761
63 60 752700
63 62 0
63 65 -310761
63 66 752700
63 87 0
64 19 -640440
64 61 -562207
65 20 -88166
65 21 368117
65 62 -65337
65 63 -310761
65 66 57355
65 89 -15218
66 20 -368117
66 21 710684
66 62 310761
66 63 752700
66 65 57355
66 90 0
67 10 0
67 11 0
67 68 0
67 69 0
67 70 -68593
68 10 -25
68 11 0
68 44 -15218
68 67 0
68 69 261
68 71 -106
68 72 507
69 10 245
69 11 0
69 45 0
69 67 0
69 68 261
69 71 -507
69 72 1607
70 67 -68593
70 73 -68593
71 47 -15218
71 68 -106
71 69 -507
71 72 0
71 74 -106
71 75 507
72 48 0
72 68 507
72 69 1607
72 71 0
72 74 -507
72 75 1607
73 70 -68593
73 76 -68593
74 50 -15218
74 71 -106
74 72 -507
74 75 0
74 77 -106
74 78 507
75 51 0
75 71 507
75 72 1607
75 74 0
75 77 -507
75 78 1607
76 73 -68593
76 79 -68593
77 53 -15218
77 74 -106
77 75 -507
77 78 0
77 80 -106
77 81 507
78 54 0
78 74 507
78 75 1607
78 77 0
78 80 -507
78 81 1607
79 76 -68593
79 82 -68593
80 56 -15218
80 77 -106
80 78 -507
80 81 0
80 83 -106
80 84 507
81 57 0
81 77 507
81 78 1607
81 80 0
81 83 -507
81 84 1607
82 79 -68593
82 85 -68593
83 59 -15218
83 80 -106
83 81 -507
83 84 0
83 86 -106
83 87 507
84 60 0
84 80 507
84 81 1607
84 83 0
84 86 -507
84 87 1607
85 82 -68593
85 88 -68593
86 62 -15218
86 83 -106
86 84 -507
86 87 0
86 89 -106
86 90 507
87 63 0
87 83 507
87 84 1607
87 86 0
87 89 -507
87 90 1607
88 26 3
88 85 -68593
88 89 -3
88 90 0
89 26 -23
89 65 -15218
89 86 -106
89 87 -507
89 88 -3
89 90 -273
90 26 -233
90 66 0
90 86 507
90 87 1607
90 88 0
90 89 -273
91 40 -561525
91 94 -482312
92 41 -81077
92 42 -331227
92 93 -62792
92 95 -56438
92 96 268435
92 116 -19294
93 41 331227
93 42 667780
93 92 -62792
93 95 -268435
93 96 688047
94 91 -482312
94 97 -482312
95 92 -56438
95 93 -268435
95 98 -56438
95 99 268435
95 119 -19294
96 92 268435
96 93 688047
96 98 -268435
96 99 688047
97 94 -482312
97 100 -482312
98 95 -56438
98 96 -268435
98 99 0
98 101 -56438
98 102 268435
98 122 -19294
99 95 268435
99 96 688047
99 98 0
99 101 -268435
99 102 688047
100 97 -482312
100 103 -482312
101 98 -56438
101 99 -268435
101 102 0
101 104 -56438
101 105 268435
101 125 -19294
102 98 268435
102 99 688047
102 101 0
102 104 -268435
102 105 688047
103 100 -482312
103 106 -482312
104 101 -56438
104 102 -268435
104 105 0
104 107 -56438
104 108 268435
104 128 -19294
105 101 268435
105 102 688047
105 104 0
105 107 -268435
105 108 688047
106 103 -482312
106 109 -482312
107 104 -56438
107 105 -268435
107 108 0
107 110 -56438
107 111 268435
107 131 -19294
108 104 268435
108 105 688047
108 107 0
108 110 -268435
108 111 688047
109 106 -482312
109 112 -482312
110 107 -56438
110 108 -268435
110 111 0
110 113 -56438
110 114 268435
110 134 -19294
111 107 268435
111 108 688047
111 110 0
111 113 -268435
111 114 688047
112 37 -545508
112 109 -482312
113 38 -75793
113 39 318729
113 110 -56438
113 111 -268435
113 114 50293
113 137 -19294
114 38 -318729
114 39 674502
114 110 268435
114 111 688047
114 113 50293
115 118 -68593
116 6 -25
116 92 -19294
116 117 261
116 119 -106
116 120 507
117 6 245
117 116 261
117 119 -507
117 120 1607
118 115 -68593
118 121 -68593
119 95 -19294
119 116 -106
119 117 -507
119 120 0
119 122 -106
119 123 507
120 116 507
120 117 1607
120 119 0
120 122 -507
120 123 1607
121 118 -68593
121 124 -68593
122 98 -19294
122 119 -106
122 120 -507
122 123 0
122 125 -106
122 126 507
123 119 507
123 120 1607
123 122 0
123 125 -507
123 126 1607
124 121 -68593
124 127 -68593
125 101 -19294
125 122 -106
125 123 -507
125 126 0
125 128 -106
125 129 507
126 122 507
126 123 1607
126 125 0
126 128 -507
126 129 1607
127 124 -68593
127 130 -68593
128 104 -19294
128 125 -106
128 126 -507
128 129 0
128 131 -106
128 132 507
129 125 507
129 126 1607
129 128 0
129 131 -507
129 132 1607
130 127 -68593
130 133 -68593
131 107 -19294
131 128 -106
131 129 -507
131 132 0
131 134 -106
131 135 507
132 128 507
132 129 1607
132 131 0
132 134 -507
132 135 1607
133 130 -68593
133 136 -68593
134 110 -19294
134 131 -106
134 132 -507
134 135 0
134 137 -106
134 138 507
135 131 507
135 132 1607
135 134 0
135 137 -507
135 138 1607
136 133 -68593
137 30 -23
137 113 -19294
137 134 -106
137 135 -507
137 138 -273
138 30 -233
138 134 507
138 135 1607
138 137 -273
