%%MatrixMarket matrix coordinate integer general
%
112 112 528
1 4 4507339372
1 5 -296965303
1 8 4507339372
2 3 -4507339372
2 6 -296965303
2 7 -4507339372
3 2 -4507339372
3 6 4507339372
3 7 -30414852966
4 1 4507339372
4 5 -4507339372
4 8 -30414852966
5 1 -296965303
5 4 -4507339372
5 8 -4138133736
5 9 -96272656
5 12 369205636
6 2 -296965303
6 3 4507339372
6 7 4138133736
6 10 -96272656
6 11 -369205636
7 2 -4507339372
7 3 -30414852966
7 6 4138133736
7 10 369205636
7 11 -1186547492
8 1 4507339372
8 4 -30414852966
8 5 -4138133736
8 9 -369205636
8 12 -1186547492
9 5 -96272656
9 8 -369205636
9 12 42562563
9 13 -100431268
9 16 411768199
10 6 -96272656
10 7 369205636
10 11 -42562563
10 14 -100431268
10 15 -411768199
11 6 -369205636
11 7 -1186547492
11 10 -42562563
11 14 411768199
11 15 -1089530870
12 5 369205636
12 8 -1186547492
12 9 42562563
12 13 -411768199
12 16 -1089530870
13 9 -100431268
13 12 -411768199
13 17 -100431268
13 20 411768199
14 10 -100431268
14 11 411768199
14 18 -100431268
14 19 -411768199
15 10 -411768199
15 11 -1089530870
15 18 411768199
15 19 -1089530870
16 9 411768199
16 12 -1089530870
16 17 -411768199
16 20 -1089530870
17 13 -100431268
17 16 -411768199
17 21 -100431268
17 24 411768199
18 14 -100431268
18 15 411768199
18 22 -100431268
18 23 -411768199
19 14 -411768199
19 15 -1089530870
19 22 411768199
19 23 -1089530870
20 13 411768199
20 16 -1089530870
20 21 -411768199
20 24 -1089530870
21 17 -100431268
21 20 -411768199
21 25 -100431268
21 28 411768199
22 18 -100431268
22 19 411768199
22 26 -100431268
22 27 -411768199
23 18 -411768199
23 19 -1089530870
23 26 411768199
23 27 -1089530870
24 17 411768199
24 20 -1089530870
24 25 -411768199
24 28 -1089530870
25 21 -100431268
25 24 -411768199
25 28 0
25 29 -100431268
25 32 411768199
26 22 -100431268
26 23 411768199
26 27 0
26 30 -100431268
26 31 -411768199
27 22 -411768199
27 23 -1089530870
27 26 0
27 30 411768199
27 31 -1089530870
28 21 411768199
28 24 -1089530870
28 25 0
28 29 -411768199
28 32 -1089530870
29 25 -100431268
29 28 -411768199
29 32 -220955086
29 33 -17958881
29 36 190813112
30 26 -100431268
30 27 411768199
30 31 220955086
30 34 -17958881
30 35 -190813112
31 26 -411768199
31 27 -1089530870
31 30 220955086
31 34 190813112
31 35 955492851
32 25 411768199
32 28 -1089530870
32 29 -220955086
32 33 -190813112
32 36 955492851
33 29 -17958881
33 32 -190813112
33 36 229121326
33 37 -189501100
33 40 419934439
34 30 -17958881
34 31 190813112
34 35 -229121326
34 38 -189501100
34 39 -419934439
35 30 -190813112
35 31 955492851
35 34 -229121326
35 38 419934439
35 39 -3573215896
36 29 190813112
36 32 955492851
36 33 229121326
36 37 -419934439
36 40 -3573215896
37 33 -189501100
37 36 -419934439
37 40 -405856110
37 41 -330283
37 44 14078329
38 34 -189501100
38 35 419934439
38 39 405856110
38 42 -330283
38 43 -14078329
39 34 -419934439
39 35 -3573215896
39 38 405856110
39 42 14078329
39 43 393111659
40 33 419934439
40 36 -3573215896
40 37 -405856110
40 41 -14078329
40 44 393111659
41 37 -330283
41 40 -14078329
41 44 257197086
41 45 -42107165
41 48 271275415
42 38 -330283
42 39 14078329
42 43 -257197086
42 46 -42107165
42 47 -271275415
43 38 -14078329
43 39 393111659
43 42 -257197086
43 46 271275415
43 47 244991052
44 37 14078329
44 40 393111659
44 41 257197086
44 45 -271275415
44 48 244991052
45 41 -42107165
45 44 -271275415
45 48 -250959150
45 49 -550091
45 52 20316265
46 42 -42107165
46 43 271275415
46 47 250959150
46 50 -550091
46 51 -20316265
47 42 -271275415
47 43 244991052
47 46 250959150
47 50 20316265
47 51 488199576
48 41 271275415
48 44 244991052
48 45 -250959150
48 49 -20316265
48 52 488199576
49 45 -550091
49 48 -20316265
49 52 -17216557
49 53 -33669
49 56 3099708
50 46 -550091
50 47 20316265
50 51 17216557
50 54 -33669
50 55 -3099708
51 46 -20316265
51 47 488199576
51 50 17216557
51 54 3099708
51 55 189536372
52 45 20316265
52 48 488199576
52 49 -17216557
52 53 -3099708
52 56 189536372
53 49 -33669
53 52 -3099708
53 56 255072314
53 57 -38764568
53 60 258172023
54 50 -33669
54 51 3099708
54 55 -255072314
54 58 -38764568
54 59 -258172023
55 50 -3099708
55 51 189536372
55 54 -255072314
55 58 258172023
55 59 309763512
56 49 3099708
56 52 189536372
56 53 255072314
56 57 -258172023
56 60 309763512
57 53 -38764568
57 56 -258172023
57 60 -230234655
57 61 -909567
57 64 27937367
58 54 -38764568
58 55 258172023
58 59 230234655
58 62 -909567
58 63 -27937367
59 54 -258172023
59 55 309763512
59 58 230234655
59 62 27937367
59 63 552436143
60 53 258172023
60 56 309763512
60 57 -230234655
60 61 -27937367
60 64 552436143
61 57 -909567
61 60 -27937367
61 64 24565961
61 65 -2500158
61 68 52503328
62 58 -909567
62 59 27937367
62 63 -24565961
62 66 -2500158
62 67 -52503328
63 58 -27937367
63 59 552436143
63 62 -24565961
63 66 52503328
63 67 682455617
64 57 27937367
64 60 552436143
64 61 24565961
64 65 -52503328
64 68 682455617
65 61 -2500158
65 64 -52503328
65 68 42009297
65 69 -6300841
65 72 94512626
66 62 -2500158
66 63 52503328
66 67 -42009297
66 70 -6300841
66 71 -94512626
67 62 -52503328
67 63 682455617
67 66 -42009297
67 70 94512626
67 71 810879391
68 61 52503328
68 64 682455617
68 65 42009297
68 69 -94512626
68 72 810879391
69 65 -6300841
69 68 -94512626
69 73 -6300841
69 76 94512626
70 66 -6300841
70 67 94512626
70 74 -6300841
70 75 -94512626
71 66 -94512626
71 67 810879391
71 74 94512626
71 75 810879391
72 65 94512626
72 68 810879391
72 73 -94512626
72 76 810879391
73 69 -6300841
73 72 -94512626
73 76 170358421
73 77 -22072587
73 80 264871047
74 70 -6300841
74 71 94512626
74 75 -170358421
74 78 -22072587
74 79 -264871047
75 70 -94512626
75 71 810879391
75 74 -170358421
75 78 264871047
75 79 1450952572
76 69 94512626
76 72 810879391
76 73 170358421
76 77 -264871047
76 80 1450952572
77 73 -22072587
77 76 -264871047
77 80 -235520568
77 81 -1471201
77 84 29350479
78 74 -22072587
78 75 264871047
78 79 235520568
78 82 -1471201
78 83 -29350479
79 74 -264871047
79 75 1450952572
79 78 235520568
79 82 29350479
79 83 366887929
80 73 264871047
80 76 1450952572
80 77 -235520568
80 81 -29350479
80 84 366887929
81 77 -1471201
81 80 -29350479
81 84 -27046371
81 85 -30703
81 88 2304107
82 78 -1471201
82 79 29350479
82 83 27046371
82 86 -30703
82 87 -2304107
83 78 -29350479
83 79 366887929
83 82 27046371
83 86 2304107
83 87 114784621
84 77 29350479
84 80 366887929
84 81 -27046371
84 85 -2304107
84 88 114784621
85 81 -30703
85 84 -2304107
85 88 2110419
85 89 -81742
85 92 4414527
86 82 -30703
86 83 2304107
86 87 -2110419
86 90 -81742
86 91 -4414527
87 82 -2304107
87 83 114784621
87 86 -2110419
87 90 4414527
87 91 157633457
88 81 2304107
88 84 114784621
88 85 2110419
88 89 -4414527
88 92 157633457
89 85 -81742
89 88 -4414527
89 92 74699095
89 93 -7274815
89 96 79113622
90 86 -81742
90 87 4414527
90 91 -74699095
90 94 -7274815
90 95 -79113622
91 86 -4414527
91 87 157633457
91 90 -74699095
91 94 79113622
91 95 436153748
92 85 4414527
92 88 157633457
92 89 74699095
92 93 -79113622
92 96 436153748
93 89 -7274815
93 92 -79113622
93 96 77105368
93 97 -27649378
93 100 156218990
94 90 -7274815
94 91 79113622
94 95 -77105368
94 98 -27649378
94 99 -156218990
95 90 -79113622
95 91 436153748
95 94 -77105368
95 98 156218990
95 99 66132874
96 89 79113622
96 92 436153748
96 93 77105368
96 97 -156218990
96 100 66132874
97 93 -27649378
97 96 -156218990
97 100 -53359540
97 101 -11655461
97 104 102859450
98 94 -27649378
98 95 156218990
98 99 53359540
98 102 -11655461
98 103 -102859450
99 94 -156218990
99 95 66132874
99 98 53359540
99 102 102859450
99 103 384986772
100 93 156218990
100 96 66132874
100 97 -53359540
100 101 -102859450
100 104 384986772
101 97 -11655461
101 100 -102859450
101 104 -2330634
101 105 -11169868
101 108 100528815
102 98 -11655461
102 99 102859450
102 103 2330634
102 106 -11169868
102 107 -100528815
103 98 -102859450
103 99 384986772
103 102 2330634
103 106 100528815
103 107 392176010
104 97 102859450
104 100 384986772
104 101 -2330634
104 105 -100528815
104 108 392176010
105 101 -11169868
105 104 -100528815
105 108 102312384
105 109 -59659176
105 112 202841200
106 102 -11169868
106 103 100528815
106 107 -102312384
106 110 -59659176
106 111 -202841200
107 102 -100528815
107 103 392176010
107 106 -102312384
107 110 202841200
107 111 -667178153
108 101 100528815
108 104 392176010
108 105 102312384
108 109 -202841200
108 112 -667178153
109 105 -59659176
109 108 -202841200
109 112 -202841200
110 106 -59659176
110 107 202841200
110 111 202841200
111 106 -202841200
111 107 -667178153
111 110 202841200
112 105 202841200
112 108 -667178153
112 109 -202841200
