%%MatrixMarket matrix coordinate integer general
%
2003 2003 81880
1 2 3101923
1 3 -51131286
1 4 -1312271
1 5 -61260263
1 6 1023498082
1 7 -47543152
1 8 -1322042
1 9 3741313
1 10 1240267
1 11 84564
1 12 -37798021
1 37 -203602411
1 41 60932462
1 42 1061296104
1 157 -15930371
1 158 -1115853
1 159 51131286
1 160 1240267
1 161 84564
1 162 264
1 163 -11650935
1 164 -664028
1 165 -3741313
1 166 -1312271
1 167 -61260263
1 168 26864
1 169 1445706
1 173 60932462
1 174 26599
2 1 3101923
2 3 44013741
2 4 19246452
2 5 1312271
2 6 554365443
2 7 -1322042
2 8 -28243530
2 9 255092
2 10 -18190408
2 11 -1240267
2 12 554365443
2 38 -93082589
2 39 -3750000
2 157 -1115853
2 158 359230
2 159 3486258
2 160 -18190408
2 161 -1240267
2 162 -3883
2 163 -664028
2 164 7291026
2 165 3494907
2 166 19246452
2 167 1312271
2 168 -3883
2 170 -14203125
2 171 -47500000
3 1 -51131286
3 2 44013741
3 4 -60880441
3 5 -64909343
3 7 -3741313
3 8 -255092
3 9 889752960
3 10 4425681
3 11 -64909343
3 38 3750000
3 39 -3897594
3 40 -65306122
3 157 51131286
3 158 3486258
3 159 -1008230888
3 163 3741313
3 164 -3494907
3 165 -2065696418
3 170 -47500000
3 171 -418541666
4 1 -1312271
4 2 19246452
4 3 -60880441
4 5 -58120631
4 6 266308
4 7 1240267
4 8 -18190408
4 9 -4425681
4 10 -815326541
4 11 -114874410
4 12 19486
4 39 65306122
4 40 228571428
4 157 -1240267
4 158 18190408
4 160 -768825799
4 161 -52420465
4 162 -266308
4 163 1312271
4 164 -19246452
4 166 798395044
4 167 54436570
4 168 -19486
5 1 -61260263
5 2 1312271
5 3 -64909343
5 4 -58120631
5 6 -229238
5 7 84564
5 8 -1240267
5 9 64909343
5 10 -114874410
5 11 861648873
5 12 1328
5 37 60932462
5 41 -2597905172
5 42 -19531
5 157 -84564
5 158 1240267
5 160 -52420465
5 161 -3574158
5 162 -18157
5 163 61260263
5 164 -1312271
5 166 54436570
5 167 2570304503
5 168 18202
5 169 -60932462
5 173 -2559919704
5 174 247395
6 1 1023498082
6 2 554365443
6 4 266308
6 5 -229238
6 7 37798021
6 8 -554365443
6 10 -19486
6 11 -1328
6 12 7425919663
6 37 -1061296104
6 41 19531
6 42 3714541546
6 157 -264
6 158 3883
6 160 -266308
6 161 -18157
6 162 -70256
6 163 26864
6 164 -3883
6 166 19486
6 167 -18202
6 168 -64535
6 169 -26599
6 173 247395
6 174 87917
7 1 -47543152
7 2 -1322042
7 3 -3741313
7 4 1240267
7 5 84564
7 6 37798021
7 8 5973284
7 9 -4
7 10 -2723421
7 11 -185687
7 12 -6376921
7 13 -53460600
7 14 -1225004
7 15 3741314
7 16 1344548
7 17 91672
7 18 -44174943
7 151 -15182835
7 152 -1067356
7 153 51131291
7 154 1344548
7 155 91672
7 156 239
7 157 -19186904
7 158 -1243027
7 159 0
7 160 -2723421
7 161 -185687
7 162 -25
7 163 -15930371
7 164 -1115853
7 165 -51131286
7 166 1240267
7 167 84564
7 168 -264
8 1 -1322042
8 2 -28243530
8 3 -255092
8 4 -18190408
8 5 -1240267
8 6 -554365443
8 7 5973284
8 9 72
8 10 39943549
8 11 2723421
8 12 93540729
8 13 -1225004
8 14 -35577190
8 15 255086
8 16 -19720255
8 17 -1344548
8 18 647906173
8 151 -1067356
8 152 399128
8 153 3486186
8 154 -19720255
8 155 -1344548
8 156 -3505
8 157 -1243027
8 158 -1040593
8 159 5
8 160 39943549
8 161 2723421
8 162 378
8 163 -1115853
8 164 359230
8 165 -3486258
8 166 -18190408
8 167 -1240267
8 168 3883
9 1 3741313
9 2 255092
9 3 889752960
9 4 -4425681
9 5 64909343
9 7 -4
9 8 72
9 10 746666
9 11 -10952584
9 13 -3741314
9 14 -255086
9 15 812930006
9 16 5172348
9 17 -75861927
9 151 51131291
9 152 3486186
9 153 -941606296
9 157 0
9 158 -5
9 159 -3539962210
9 163 -51131286
9 164 -3486258
9 165 -1008230888
10 1 1240267
10 2 -18190408
10 3 4425681
10 4 -815326541
10 5 -114874410
10 6 -19486
10 7 -2723421
10 8 39943549
10 9 746666
10 11 -121372016
10 12 0
10 13 1344548
10 14 -19720255
10 15 -5172348
10 16 -884511338
10 17 -124395783
10 18 19486
10 151 -1344548
10 152 19720255
10 154 -832701668
10 155 -56774499
10 156 -266308
10 157 2723421
10 158 -39943549
10 160 1658448267
10 161 113075928
10 162 0
10 163 -1240267
10 164 18190408
10 166 -768825799
10 167 -52420465
10 168 266308
11 1 84564
11 2 -1240267
11 3 -64909343
11 4 -114874410
11 5 861648873
11 6 -1328
11 7 -185687
11 8 2723421
11 9 -10952584
11 10 -121372016
11 12 0
11 13 91672
11 14 -1344548
11 15 75861927
11 16 -124395783
11 17 931498433
11 18 1328
11 151 -91672
11 152 1344548
11 154 -56774499
11 155 -3870946
11 156 -18157
11 157 185687
11 158 -2723421
11 160 113075928
11 161 7709716
11 162 0
11 163 -84564
11 164 1240267
11 166 -52420465
11 167 -3574158
11 168 18157
12 1 -37798021
12 2 554365443
12 4 19486
12 5 1328
12 6 7425919663
12 7 -6376921
12 8 93540729
12 10 0
12 11 0
12 13 44174943
12 14 -647906173
12 16 -19486
12 17 -1328
12 18 8028006381
12 151 -239
12 152 3505
12 154 -266308
12 155 -18157
12 156 -60303
12 157 -25
12 158 378
12 160 0
12 161 0
12 162 -419039
12 163 264
12 164 -3883
12 166 266308
12 167 18157
12 168 -70256
13 7 -53460600
13 8 -1225004
13 9 -3741314
13 10 1344548
13 11 91672
13 12 44174943
13 14 5743062
13 15 28
13 16 -2822466
13 17 -192450
13 18 -5180
13 19 -53460538
13 20 -1225150
13 21 3741311
13 22 1344705
13 23 91694
13 24 -44180123
13 145 -15182822
13 146 -1067482
13 147 51131263
13 148 1344705
13 149 91694
13 150 239
13 151 -17974697
13 152 -1158067
13 153 2
13 154 -2822466
13 155 -192450
13 156 0
13 157 -15182835
13 158 -1067356
13 159 -51131291
13 160 1344548
13 161 91672
13 162 -239
14 7 -1225004
14 8 -35577190
14 9 -255086
14 10 -19720255
14 11 -1344548
14 12 -647906173
14 13 5743062
14 15 -412
14 16 41394159
14 17 2822466
14 18 -1069
14 19 -1225150
14 20 -35577151
14 21 255117
14 22 -19720222
14 23 -1344705
14 24 647905104
14 145 -1067482
14 146 399111
14 147 3486599
14 148 -19720222
14 149 -1344705
14 150 -3505
14 151 -1158067
14 152 -1069499
14 153 -30
14 154 41394159
14 155 2822466
14 156 0
14 157 -1067356
14 158 399128
14 159 -3486186
14 160 -19720255
14 161 -1344548
14 162 3505
15 7 3741314
15 8 255086
15 9 812930006
15 10 -5172348
15 11 75861927
15 13 28
15 14 -412
15 16 606
15 17 125
15 19 -3741311
15 20 -255117
15 21 812930531
15 22 5172954
15 23 -75861802
15 145 51131263
15 146 3486599
15 147 -941606746
15 151 -2
15 152 30
15 153 -3392699252
15 157 -51131291
15 158 -3486186
15 159 -941606296
16 7 1344548
16 8 -19720255
16 9 5172348
16 10 -884511338
16 11 -124395783
16 12 -19486
16 13 -2822466
16 14 41394159
16 15 606
16 17 -126510185
16 18 0
16 19 1344705
16 20 -19720222
16 21 -5172954
16 22 -884508824
16 23 -124410369
16 24 19485
16 145 -1344705
16 146 19720222
16 148 -832700284
16 149 -56781157
16 150 -266308
16 151 2822466
16 152 -41394159
16 154 1720105046
16 155 117285595
16 156 0
16 157 -1344548
16 158 19720255
16 160 -832701668
16 161 -56774499
16 162 266308
17 7 91672
17 8 -1344548
17 9 -75861927
17 10 -124395783
17 11 931498433
17 12 -1328
17 13 -192450
17 14 2822466
17 15 125
17 16 -126510185
17 18 2
17 19 91694
17 20 -1344705
17 21 75861802
17 22 -124410369
17 23 931495912
17 24 1328
17 145 -91694
17 146 1344705
17 148 -56781157
17 149 -3871861
17 150 -18159
17 151 192450
17 152 -2822466
17 154 117285595
17 155 7997134
17 156 0
17 157 -91672
17 158 1344548
17 160 -56774499
17 161 -3870946
17 162 18157
18 7 -44174943
18 8 647906173
18 10 19486
18 11 1328
18 12 8028006381
18 13 -5180
18 14 -1069
18 16 0
18 17 2
18 19 44180123
18 20 -647905104
18 22 -19485
18 23 -1328
18 24 8028001963
18 145 -239
18 146 3505
18 148 -266308
18 149 -18159
18 150 -60303
18 151 0
18 152 0
18 154 0
18 155 0
18 156 -392980
18 157 239
18 158 -3505
18 160 266308
18 161 18157
18 162 -60303
19 13 -53460538
19 14 -1225150
19 15 -3741311
19 16 1344705
19 17 91694
19 18 44180123
19 20 -8272451
19 21 -78
19 22 -4241754
19 23 -289178
19 24 -142432386
19 25 -129927711
19 26 11944914
19 27 3741317
19 28 2798044
19 29 190733
19 30 -186612510
19 139 -12246875
19 140 -901720
19 141 51131341
19 142 2798044
19 143 190733
19 144 -336
19 145 -8498952
19 146 -478108
19 147 -5
19 148 -4241754
19 149 -289178
19 150 -575
19 151 -15182822
19 152 -1067482
19 153 -51131263
19 154 1344705
19 155 91694
19 156 -239
20 13 -1225150
20 14 -35577151
20 15 -255117
20 16 -19720222
20 17 -1344705
20 18 -647905104
20 19 -8272451
20 21 1146
20 22 62219394
20 23 4241754
20 24 2089686731
20 25 11944914
20 26 -304344479
20 27 255033
20 28 -41047111
20 29 -2798044
20 30 2737591835
20 139 -901720
20 140 919837
20 141 3485453
20 142 -41047111
20 143 -2798044
20 144 4938
20 145 -478108
20 146 -1520544
20 147 83
20 148 62219394
20 149 4241754
20 150 8444
20 151 -1067482
20 152 399111
20 153 -3486599
20 154 -19720222
20 155 -1344705
20 156 3505
21 13 3741311
21 14 255117
21 15 812930531
21 16 -5172954
21 17 75861802
21 19 -78
21 20 1146
21 22 16677256
21 23 -244679197
21 25 -3741317
21 26 -255033
21 27 264124264
21 28 21850211
21 29 -320541000
21 139 51131341
21 140 3485453
21 141 -555812342
21 145 5
21 146 -83
21 147 -2423866194
21 151 -51131263
21 152 -3486599
21 153 -941606746
22 13 1344705
22 14 -19720222
22 15 5172954
22 16 -884508824
22 17 -124410369
22 18 -19485
22 19 -4241754
22 20 62219394
22 21 16677256
22 23 -197149075
22 24 0
22 25 2798044
22 26 -41047111
22 27 -21850211
22 28 -1846782398
22 29 -257599456
22 30 19486
22 139 -2798044
22 140 41047111
22 142 -1725975107
22 143 -117653969
22 144 -266309
22 145 4241754
22 146 -62219394
22 148 2599333105
22 149 177207243
22 150 0
22 151 -1344705
22 152 19720222
22 154 -832700284
22 155 -56781157
22 156 266308
23 13 91694
23 14 -1344705
23 15 -75861802
23 16 -124410369
23 17 931495912
23 18 -1328
23 19 -289178
23 20 4241754
23 21 -244679197
23 22 -197149075
23 24 -5
23 25 190733
23 26 -2798044
23 27 320541000
23 28 -257599456
23 29 1914623041
23 30 1328
23 139 -190733
23 140 2798044
23 142 -117653969
23 143 -8020078
23 144 -18153
23 145 289178
23 146 -4241754
23 148 177207243
23 149 12080947
23 150 0
23 151 -91694
23 152 1344705
23 154 -56781157
23 155 -3871861
23 156 18159
24 13 -44180123
24 14 647905104
24 16 19485
24 17 1328
24 18 8028001963
24 19 -142432386
24 20 2089686731
24 22 0
24 23 -5
24 25 186612510
24 26 -2737591835
24 28 -19486
24 29 -1328
24 30 16501883733
24 139 336
24 140 -4938
24 142 -266309
24 143 -18153
24 144 21566
24 145 -575
24 146 8444
24 148 0
24 149 0
24 150 -190273
24 151 239
24 152 -3505
24 154 266308
24 155 18159
24 156 -60303
25 19 -129927711
25 20 11944914
25 21 -3741317
25 22 2798044
25 23 190733
25 24 186612510
25 26 -11144152
25 27 51131341
25 28 -2830438
25 29 -50249232
25 30 1985050731
25 31 -240974128
25 35 49659354
25 36 1798438221
25 133 1181045
25 137 49659354
25 138 9903
25 139 -702100
25 140 100959
25 141 3741317
25 142 -2830438
25 143 -50249232
25 144 10239
25 145 -12246875
25 146 -901720
25 147 -51131341
25 148 2798044
25 149 190733
25 150 336
26 19 11944914
26 20 -304344479
26 21 -255033
26 22 -41047111
26 23 -2798044
26 24 -2737591835
26 25 -11144152
26 27 54735453
26 28 41522331
26 29 2830438
26 30 -2737591835
26 32 -106489285
26 33 -3750000
26 134 -12610714
26 135 -51250000
26 139 100959
26 140 1803495
26 141 4005033
26 142 41522331
26 143 2830438
26 144 -4938
26 145 -901720
26 146 919837
26 147 -3485453
26 148 -41047111
26 149 -2798044
26 150 -4938
27 19 3741317
27 20 255033
27 21 264124264
27 22 -21850211
27 23 320541000
27 25 51131341
27 26 54735453
27 28 -256250211
27 29 320541000
27 32 3750000
27 33 170401428
27 34 -234400000
27 134 -51250000
27 135 -509654761
27 139 -3741317
27 140 -4005033
27 141 -1284825591
27 145 -51131341
27 146 -3485453
27 147 -555812342
28 19 2798044
28 20 -41047111
28 21 21850211
28 22 -1846782398
28 23 -257599456
28 24 -19486
28 25 -2830438
28 26 41522331
28 27 -256250211
28 29 -133890275
28 30 -266309
28 33 234400000
28 34 1172000000
28 139 2830438
28 140 -41522331
28 142 1739281282
28 143 118561007
28 144 19486
28 145 -2798044
28 146 41047111
28 148 -1725975107
28 149 -117653969
28 150 266309
29 19 190733
29 20 -2798044
29 21 -320541000
29 22 -257599456
29 23 1914623041
29 24 -1328
29 25 -50249232
29 26 2830438
29 27 320541000
29 28 -133890275
29 30 -285080
29 31 49659354
29 35 -2105712053
29 36 -19531
29 133 -49659354
29 137 -2087277901
29 138 266927
29 139 50249232
29 140 -2830438
29 142 118561007
29 143 2106474021
29 144 20859
29 145 -190733
29 146 2798044
29 148 -117653969
29 149 -8020078
29 150 18153
30 19 -186612510
30 20 2737591835
30 22 19486
30 23 1328
30 24 16501883733
30 25 1985050731
30 26 -2737591835
30 28 -266309
30 29 -285080
30 31 -1798438221
30 35 19531
30 36 8992197929
30 133 -9903
30 137 266927
30 138 42695
30 139 10239
30 140 -4938
30 142 -19486
30 143 -20859
30 144 60916
30 145 -336
30 146 4938
30 148 266309
30 149 18153
30 150 21566
31 25 -240974128
31 29 49659354
31 30 -1798438221
31 35 -100112581
31 103 -240974128
31 107 49659354
31 108 1798438221
31 127 1181045
31 131 49659354
31 132 9903
31 133 -2380992
31 137 -100112581
31 139 1181045
31 143 49659354
31 144 -9903
32 26 -106489285
32 27 3750000
32 104 -106489285
32 105 -3750000
32 128 -12610714
32 129 -51250000
32 134 5578571
32 135 0
32 140 -12610714
32 141 51250000
33 26 -3750000
33 27 170401428
33 28 234400000
33 104 3750000
33 105 170401428
33 106 -234400000
33 128 -51250000
33 129 -509654761
33 134 0
33 135 -1114619047
33 140 51250000
33 141 -509654761
34 27 -234400000
34 28 1172000000
34 105 234400000
34 106 1172000000
35 25 49659354
35 29 -2105712053
35 30 19531
35 31 -100112581
35 36 0
35 103 49659354
35 107 -2105712053
35 108 -19531
35 127 -49659354
35 131 -2087277901
35 132 266927
35 133 100112581
35 137 4196784226
35 138 0
35 139 -49659354
35 143 -2087277901
35 144 -266927
36 25 1798438221
36 29 -19531
36 30 8992197929
36 35 0
36 103 -1798438221
36 107 19531
36 108 8992197929
36 127 -9903
36 131 266927
36 132 42695
36 137 0
36 138 109399
36 139 9903
36 143 -266927
36 144 42695
37 1 -203602411
37 5 60932462
37 6 -1061296104
37 41 -122341579
37 42 0
37 43 -203602411
37 47 60932462
37 48 1061296104
37 163 1445706
37 167 60932462
37 168 -26599
37 169 -2902761
37 173 -122341579
37 174 0
37 175 1445706
37 179 60932462
37 180 26599
38 2 -93082589
38 3 3750000
38 44 -93082589
38 45 -3750000
38 164 -14203125
38 165 47500000
38 170 15593750
38 171 0
38 176 -14203125
38 177 -47500000
39 2 -3750000
39 3 -3897594
39 4 65306122
39 40 0
39 44 3750000
39 45 -3897594
39 46 -65306122
39 164 47500000
39 165 -418541666
39 170 0
39 171 -444166666
39 176 -47500000
39 177 -418541666
40 3 -65306122
40 4 228571428
40 39 0
40 45 65306122
40 46 228571428
41 1 60932462
41 5 -2597905172
41 6 19531
41 37 -122341579
41 42 0
41 43 60932462
41 47 -2597905172
41 48 -19531
41 163 -60932462
41 167 -2559919704
41 168 -247395
41 169 122341579
41 173 5133185763
41 174 0
41 175 -60932462
41 179 -2559919704
41 180 247395
42 1 1061296104
42 5 -19531
42 6 3714541546
42 37 0
42 41 0
42 43 -1061296104
42 47 19531
42 48 3714541546
42 163 26599
42 167 -247395
42 168 87917
42 169 0
42 173 0
42 174 316026
42 175 -26599
42 179 247395
42 180 87917
43 37 -203602411
43 41 60932462
43 42 -1061296104
43 47 -122341579
43 48 0
43 49 -203602411
43 53 60932462
43 54 1061296104
43 169 1445706
43 173 60932462
43 174 -26599
43 175 -2902761
43 179 -122341579
43 180 0
43 181 1445706
43 185 60932462
43 186 26599
44 38 -93082589
44 39 3750000
44 45 0
44 50 -93082589
44 51 -3750000
44 170 -14203125
44 171 47500000
44 176 15593750
44 177 0
44 182 -14203125
44 183 -47500000
45 38 -3750000
45 39 -3897594
45 40 65306122
45 44 0
45 46 0
45 50 3750000
45 51 -3897594
45 52 -65306122
45 170 47500000
45 171 -418541666
45 176 0
45 177 -444166666
45 182 -47500000
45 183 -418541666
46 39 -65306122
46 40 228571428
46 45 0
46 51 65306122
46 52 228571428
47 37 60932462
47 41 -2597905172
47 42 19531
47 43 -122341579
47 48 0
47 49 60932462
47 53 -2597905172
47 54 -19531
47 169 -60932462
47 173 -2559919704
47 174 -247395
47 175 122341579
47 179 5133185763
47 180 0
47 181 -60932462
47 185 -2559919704
47 186 247395
48 37 1061296104
48 41 -19531
48 42 3714541546
48 43 0
48 47 0
48 49 -1061296104
48 53 19531
48 54 3714541546
48 169 26599
48 173 -247395
48 174 87917
48 175 0
48 180 316026
48 181 -26599
48 185 247395
48 186 87917
49 43 -203602411
49 47 60932462
49 48 -1061296104
49 53 -122341579
49 54 0
49 55 -203602411
49 59 60932462
49 60 1061296104
49 175 1445706
49 179 60932462
49 180 -26599
49 181 -2902761
49 185 -122341579
49 186 0
49 187 1445706
49 191 60932462
49 192 26599
50 44 -93082589
50 45 3750000
50 56 -93082589
50 57 -3750000
50 176 -14203125
50 177 47500000
50 182 15593750
50 183 0
50 188 -14203125
50 189 -47500000
51 44 -3750000
51 45 -3897594
51 46 65306122
51 52 0
51 56 3750000
51 57 -3897594
51 58 -65306122
51 176 47500000
51 177 -418541666
51 182 0
51 183 -444166666
51 188 -47500000
51 189 -418541666
52 45 -65306122
52 46 228571428
52 51 0
52 57 65306122
52 58 228571428
53 43 60932462
53 47 -2597905172
53 48 19531
53 49 -122341579
53 54 0
53 55 60932462
53 59 -2597905172
53 60 -19531
53 175 -60932462
53 179 -2559919704
53 180 -247395
53 181 122341579
53 185 5133185763
53 186 0
53 187 -60932462
53 191 -2559919704
53 192 247395
54 43 1061296104
54 47 -19531
54 48 3714541546
54 49 0
54 53 0
54 55 -1061296104
54 59 19531
54 60 3714541546
54 175 26599
54 179 -247395
54 180 87917
54 181 0
54 185 0
54 186 316026
54 187 -26599
54 191 247395
54 192 87917
55 49 -203602411
55 53 60932462
55 54 -1061296104
55 56 -3101923
55 57 -51131286
55 58 1312271
55 59 -61260263
55 60 -1022997736
55 61 -47543152
55 62 1322042
55 63 3741313
55 64 -1240267
55 65 84564
55 66 37798021
55 79 -15930371
55 80 1115853
55 81 51131286
55 82 -1240267
55 83 84564
55 84 -264
55 181 1445706
55 185 60932462
55 186 -26599
55 187 -11650935
55 188 664028
55 189 -3741313
55 190 1312271
55 191 -61260263
55 192 -26864
55 325 -19621
55 330 500346
56 50 -93082589
56 51 3750000
56 55 -3101923
56 57 -44013741
56 58 19246452
56 59 -1312271
56 60 554365443
56 61 1322042
56 62 -28243530
56 63 -255092
56 64 -18190408
56 65 1240267
56 66 554365443
56 79 1115853
56 80 359230
56 81 -3486258
56 82 -18190408
56 83 1240267
56 84 -3883
56 182 -14203125
56 183 47500000
56 187 664028
56 188 7291026
56 189 -3494907
56 190 19246452
56 191 -1312271
56 192 -3883
56 326 -1864705
57 50 -3750000
57 51 -3897594
57 52 65306122
57 55 -51131286
57 56 -44013741
57 58 60380095
57 59 -64909343
57 61 -3741313
57 62 255092
57 63 889752960
57 64 -4425681
57 65 -64909343
57 79 51131286
57 80 -3486258
57 81 -1008230888
57 182 47500000
57 183 -418541666
57 187 3741313
57 188 3494907
57 189 -2065696418
57 327 -19621
57 328 -500346
58 51 -65306122
58 52 228571428
58 55 1312271
58 56 19246452
58 57 60380095
58 59 58120631
58 60 266308
58 61 -1240267
58 62 -18190408
58 63 4425681
58 64 -815326541
58 65 114874410
58 66 19486
58 79 1240267
58 80 18190408
58 82 -768825799
58 83 52420465
58 84 -266308
58 187 -1312271
58 188 -19246452
58 190 798395044
58 191 -54436570
58 192 -19486
58 327 500346
58 328 8505882
59 49 60932462
59 53 -2597905172
59 54 19531
59 55 -61260263
59 56 -1312271
59 57 -64909343
59 58 58120631
59 60 229238
59 61 84564
59 62 1240267
59 63 64909343
59 64 114874410
59 65 861648873
59 66 -1328
59 79 -84564
59 80 -1240267
59 82 52420465
59 83 -3574158
59 84 18157
59 181 -60932462
59 185 -2559919704
59 186 -247395
59 187 61260263
59 188 1312271
59 190 -54436570
59 191 2570304503
59 192 -18202
60 49 1061296104
60 53 -19531
60 54 3714541546
60 55 -1022997736
60 56 554365443
60 58 266308
60 59 229238
60 61 -37798021
60 62 -554365443
60 64 -19486
60 65 1328
60 66 7425919663
60 79 264
60 80 3883
60 82 -266308
60 83 18157
60 84 -70256
60 181 26599
60 185 -247395
60 186 87917
60 187 -26864
60 188 -3883
60 190 19486
60 191 18202
60 192 -64535
60 325 -500346
60 330 8505882
61 55 -47543152
61 56 1322042
61 57 -3741313
61 58 -1240267
61 59 84564
61 60 -37798021
61 62 -5973284
61 63 -4
61 64 2723421
61 65 -185687
61 66 6376921
61 67 -53460600
61 68 1225004
61 69 3741314
61 70 -1344548
61 71 91672
61 72 44174943
61 73 -15182835
61 74 1067356
61 75 51131291
61 76 -1344548
61 77 91672
61 78 -239
61 79 -19186904
61 80 1243027
61 81 0
61 82 2723421
61 83 -185687
61 84 25
61 187 -15930371
61 188 1115853
61 189 -51131286
61 190 -1240267
61 191 84564
61 192 264
62 55 1322042
62 56 -28243530
62 57 255092
62 58 -18190408
62 59 1240267
62 60 -554365443
62 61 -5973284
62 63 -72
62 64 39943549
62 65 -2723421
62 66 93540729
62 67 1225004
62 68 -35577190
62 69 -255086
62 70 -19720255
62 71 1344548
62 72 647906173
62 73 1067356
62 74 399128
62 75 -3486186
62 76 -19720255
62 77 1344548
62 78 -3505
62 79 1243027
62 80 -1040593
62 81 -5
62 82 39943549
62 83 -2723421
62 84 378
62 187 1115853
62 188 359230
62 189 3486258
62 190 -18190408
62 191 1240267
62 192 3883
63 55 3741313
63 56 -255092
63 57 889752960
63 58 4425681
63 59 64909343
63 61 -4
63 62 -72
63 64 -746666
63 65 -10952584
63 67 -3741314
63 68 255086
63 69 812930006
63 70 -5172348
63 71 -75861927
63 73 51131291
63 74 -3486186
63 75 -941606296
63 79 0
63 80 5
63 81 -3539962210
63 187 -51131286
63 188 3486258
63 189 -1008230888
64 55 -1240267
64 56 -18190408
64 57 -4425681
64 58 -815326541
64 59 114874410
64 60 -19486
64 61 2723421
64 62 39943549
64 63 -746666
64 65 121372016
64 66 0
64 67 -1344548
64 68 -19720255
64 69 5172348
64 70 -884511338
64 71 124395783
64 72 19486
64 73 1344548
64 74 19720255
64 76 -832701668
64 77 56774499
64 78 -266308
64 79 -2723421
64 80 -39943549
64 82 1658448267
64 83 -113075928
64 84 0
64 187 1240267
64 188 18190408
64 190 -768825799
64 191 52420465
64 192 266308
65 55 84564
65 56 1240267
65 57 -64909343
65 58 114874410
65 59 861648873
65 60 1328
65 61 -185687
65 62 -2723421
65 63 -10952584
65 64 121372016
65 66 0
65 67 91672
65 68 1344548
65 69 75861927
65 70 124395783
65 71 931498433
65 72 -1328
65 73 -91672
65 74 -1344548
65 76 56774499
65 77 -3870946
65 78 18157
65 79 185687
65 80 2723421
65 82 -113075928
65 83 7709716
65 84 0
65 187 -84564
65 188 -1240267
65 190 52420465
65 191 -3574158
65 192 -18157
66 55 37798021
66 56 554365443
66 58 19486
66 59 -1328
66 60 7425919663
66 61 6376921
66 62 93540729
66 64 0
66 65 0
66 67 -44174943
66 68 -647906173
66 70 -19486
66 71 1328
66 72 8028006381
66 73 239
66 74 3505
66 76 -266308
66 77 18157
66 78 -60303
66 79 25
66 80 378
66 82 0
66 83 0
66 84 -419039
66 187 -264
66 188 -3883
66 190 266308
66 191 -18157
66 192 -70256
67 61 -53460600
67 62 1225004
67 63 -3741314
67 64 -1344548
67 65 91672
67 66 -44174943
67 68 -5742722
67 70 2822300
67 71 -192427
67 72 0
67 73 -17974698
67 74 1157998
67 75 0
67 76 2822300
67 77 -192427
67 78 0
67 79 -15182835
67 80 1067356
67 81 -51131291
67 82 -1344548
67 83 91672
67 84 239
67 85 -53460600
67 86 1225004
67 87 3741314
67 88 -1344548
67 89 91672
67 90 44174943
67 109 -15182835
67 110 1067356
67 111 51131291
67 112 -1344548
67 113 91672
67 114 -239
68 61 1225004
68 62 -35577190
68 63 255086
68 64 -19720255
68 65 1344548
68 66 -647906173
68 67 -5742722
68 69 0
68 70 41394192
68 71 -2822300
68 73 1157998
68 74 -1069490
68 75 0
68 76 41394192
68 77 -2822300
68 79 1067356
68 80 399128
68 81 3486186
68 82 -19720255
68 83 1344548
68 84 3505
68 85 1225004
68 86 -35577190
68 87 -255086
68 88 -19720255
68 89 1344548
68 90 647906173
68 109 1067356
68 110 399128
68 111 -3486186
68 112 -19720255
68 113 1344548
68 114 -3505
69 61 3741314
69 62 -255086
69 63 812930006
69 64 5172348
69 65 75861927
69 68 0
69 70 0
69 73 0
69 74 0
69 75 -3392698250
69 79 -51131291
69 80 3486186
69 81 -941606296
69 85 -3741314
69 86 255086
69 87 812930006
69 88 -5172348
69 89 -75861927
69 109 51131291
69 110 -3486186
69 111 -941606296
70 61 -1344548
70 62 -19720255
70 63 -5172348
70 64 -884511338
70 65 124395783
70 66 -19486
70 67 2822300
70 68 41394192
70 69 0
70 71 126502770
70 72 0
70 73 -2822300
70 74 -41394192
70 76 1720106446
70 77 -117278717
70 78 0
70 79 1344548
70 80 19720255
70 82 -832701668
70 83 56774499
70 84 266308
70 85 -1344548
70 86 -19720255
70 87 5172348
70 88 -884511338
70 89 124395783
70 90 19486
70 109 1344548
70 110 19720255
70 112 -832701668
70 113 56774499
70 114 -266308
71 61 91672
71 62 1344548
71 63 -75861927
71 64 124395783
71 65 931498433
71 66 1328
71 67 -192427
71 68 -2822300
71 70 126502770
71 72 0
71 73 192427
71 74 2822300
71 76 -117278717
71 77 7996189
71 78 0
71 79 -91672
71 80 -1344548
71 82 56774499
71 83 -3870946
71 84 -18157
71 85 91672
71 86 1344548
71 87 75861927
71 88 124395783
71 89 931498433
71 90 -1328
71 109 -91672
71 110 -1344548
71 112 56774499
71 113 -3870946
71 114 18157
72 61 44174943
72 62 647906173
72 64 19486
72 65 -1328
72 66 8028006381
72 67 0
72 70 0
72 71 0
72 73 0
72 76 0
72 77 0
72 78 -392980
72 79 -239
72 80 -3505
72 82 266308
72 83 -18157
72 84 -60303
72 85 -44174943
72 86 -647906173
72 88 -19486
72 89 1328
72 90 8028006381
72 109 239
72 110 3505
72 112 -266308
72 113 18157
72 114 -60303
73 61 -15182835
73 62 1067356
73 63 51131291
73 64 1344548
73 65 -91672
73 66 239
73 67 -17974698
73 68 1157998
73 69 0
73 70 -2822300
73 71 192427
73 72 0
73 74 -8168823
73 76 0
73 77 0
73 78 0
73 79 -47577708
73 80 791699
73 81 0
73 84 -44175717
73 85 -15182835
73 86 1067356
73 87 -51131291
73 88 1344548
73 89 -91672
73 90 -239
73 109 -47577708
73 110 791699
73 111 0
73 112 0
73 113 0
73 114 44175717
73 928 -15182835
73 929 1067356
73 930 -51131291
73 931 -1344548
73 932 91672
73 933 239
73 1000 -15182835
73 1001 1067356
73 1002 51131291
73 1003 -1344548
73 1004 91672
73 1005 -239
73 1026 -17974698
73 1027 1157998
73 1028 0
73 1029 2822300
73 1030 -192427
73 1031 0
74 61 1067356
74 62 399128
74 63 -3486186
74 64 19720255
74 65 -1344548
74 66 3505
74 67 1157998
74 68 -1069490
74 69 0
74 70 -41394192
74 71 2822300
74 73 -8168823
74 75 0
74 76 0
74 77 0
74 79 791699
74 80 -36019973
74 81 0
74 84 -647917534
74 85 1067356
74 86 399128
74 87 3486186
74 88 19720255
74 89 -1344548
74 90 -3505
74 109 791699
74 110 -36019973
74 111 0
74 112 0
74 113 0
74 114 647917534
74 928 1067356
74 929 399128
74 930 3486186
74 931 -19720255
74 932 1344548
74 933 3505
74 1000 1067356
74 1001 399128
74 1002 -3486186
74 1003 -19720255
74 1004 1344548
74 1005 -3505
74 1026 1157998
74 1027 -1069490
74 1028 0
74 1029 41394192
74 1030 -2822300
75 61 51131291
75 62 -3486186
75 63 -941606296
75 67 0
75 68 0
75 69 -3392698250
75 74 0
75 76 0
75 79 0
75 80 0
75 81 1629960657
75 82 5172348
75 83 75861927
75 85 -51131291
75 86 3486186
75 87 -941606296
75 109 0
75 110 0
75 111 1629960657
75 112 -5172348
75 113 -75861927
75 928 -51131291
75 929 3486186
75 930 -941606296
75 1000 51131291
75 1001 -3486186
75 1002 -941606296
75 1026 0
75 1027 0
75 1028 -3392698250
76 61 -1344548
76 62 -19720255
76 64 -832701668
76 65 56774499
76 66 -266308
76 67 2822300
76 68 41394192
76 70 1720106446
76 71 -117278717
76 72 0
76 73 0
76 74 0
76 75 0
76 77 6620153
76 78 0
76 79 0
76 80 0
76 81 -5172348
76 82 -1708956928
76 83 180607374
76 84 0
76 85 -1344548
76 86 -19720255
76 88 -832701668
76 89 56774499
76 90 266308
76 109 0
76 111 5172348
76 112 -1708956928
76 113 180607374
76 114 0
76 928 1344548
76 929 19720255
76 931 -832701668
76 932 56774499
76 933 266308
76 1000 1344548
76 1001 19720255
76 1003 -832701668
76 1004 56774499
76 1005 -266308
76 1026 -2822300
76 1027 -41394192
76 1029 1720106446
76 1030 -117278717
76 1031 0
77 61 91672
77 62 1344548
77 64 56774499
77 65 -3870946
77 66 18157
77 67 -192427
77 68 -2822300
77 70 -117278717
77 71 7996189
77 72 0
77 73 0
77 74 0
77 76 6620153
77 78 0
77 79 0
77 80 0
77 81 -75861927
77 82 180607374
77 83 927665866
77 84 0
77 85 91672
77 86 1344548
77 88 56774499
77 89 -3870946
77 90 -18157
77 110 0
77 111 75861927
77 112 180607374
77 113 927665866
77 114 0
77 928 -91672
77 929 -1344548
77 931 56774499
77 932 -3870946
77 933 -18157
77 1000 -91672
77 1001 -1344548
77 1003 56774499
77 1004 -3870946
77 1005 18157
77 1026 192427
77 1027 2822300
77 1029 -117278717
77 1030 7996189
77 1031 0
78 61 -239
78 62 -3505
78 64 -266308
78 65 18157
78 66 -60303
78 67 0
78 70 0
78 71 0
78 72 -392980
78 73 0
78 76 0
78 77 0
78 79 44175717
78 80 647917534
78 82 0
78 83 0
78 84 8028164009
78 85 239
78 86 3505
78 88 266308
78 89 -18157
78 90 -60303
78 109 -44175717
78 110 -647917534
78 112 0
78 113 0
78 114 8028164009
78 928 -239
78 929 -3505
78 931 266308
78 932 -18157
78 933 -60303
78 1000 239
78 1001 3505
78 1003 -266308
78 1004 18157
78 1005 -60303
78 1026 0
78 1029 0
78 1030 0
78 1031 -392980
79 55 -15930371
79 56 1115853
79 57 51131286
79 58 1240267
79 59 -84564
79 60 264
79 61 -19186904
79 62 1243027
79 63 0
79 64 -2723421
79 65 185687
79 66 25
79 67 -15182835
79 68 1067356
79 69 -51131291
79 70 1344548
79 71 -91672
79 72 -239
79 73 -47577708
79 74 791699
79 75 0
79 76 0
79 77 0
79 78 44175717
79 80 -8436876
79 81 0
79 82 0
79 83 0
79 84 6376973
79 187 -40215225
79 188 792702
79 189 0
79 191 0
79 192 -37798744
79 876 1115853
79 877 -51131286
79 878 -1240267
79 879 84564
79 880 264
79 884 -15930371
79 928 -19186904
79 929 1243027
79 930 0
79 931 2723421
79 932 -185687
79 933 25
79 1026 -15182835
79 1027 1067356
79 1028 51131291
79 1029 -1344548
79 1030 91672
79 1031 -239
80 55 1115853
80 56 359230
80 57 -3486258
80 58 18190408
80 59 -1240267
80 60 3883
80 61 1243027
80 62 -1040593
80 63 5
80 64 -39943549
80 65 2723421
80 66 378
80 67 1067356
80 68 399128
80 69 3486186
80 70 19720255
80 71 -1344548
80 72 -3505
80 73 791699
80 74 -36019973
80 75 0
80 76 0
80 77 0
80 78 647917534
80 79 -8436876
80 81 0
80 82 0
80 83 0
80 84 93541485
80 187 792702
80 188 -28643087
80 189 0
80 190 0
80 191 0
80 192 -554376048
80 876 359230
80 877 3486258
80 878 -18190408
80 879 1240267
80 880 3883
80 884 1115853
80 928 1243027
80 929 -1040593
80 930 -5
80 931 39943549
80 932 -2723421
80 933 378
80 1026 1067356
80 1027 399128
80 1028 -3486186
80 1029 -19720255
80 1030 1344548
80 1031 -3505
81 55 51131286
81 56 -3486258
81 57 -1008230888
81 61 0
81 62 -5
81 63 -3539962210
81 67 -51131291
81 68 3486186
81 69 -941606296
81 73 0
81 74 0
81 75 1629960657
81 76 -5172348
81 77 -75861927
81 79 0
81 80 0
81 82 -746666
81 83 -10952584
81 187 0
81 188 0
81 189 1782751387
81 190 4425681
81 191 64909343
81 876 3486258
81 877 -1008230888
81 884 -51131286
81 928 0
81 929 5
81 930 -3539962210
81 1026 51131291
81 1027 -3486186
81 1028 -941606296
82 55 -1240267
82 56 -18190408
82 58 -768825799
82 59 52420465
82 60 -266308
82 61 2723421
82 62 39943549
82 64 1658448267
82 65 -113075928
82 66 0
82 67 -1344548
82 68 -19720255
82 70 -832701668
82 71 56774499
82 72 266308
82 75 5172348
82 76 -1708956928
82 77 180607374
82 78 0
82 79 0
82 80 0
82 81 -746666
82 83 5595759
82 84 0
82 187 0
82 188 0
82 189 -4425681
82 190 -1575092448
82 191 166677149
82 192 0
82 876 18190408
82 878 -768825799
82 879 52420465
82 880 266308
82 884 1240267
82 928 -2723421
82 929 -39943549
82 931 1658448267
82 932 -113075928
82 933 0
82 1026 1344548
82 1027 19720255
82 1029 -832701668
82 1030 56774499
82 1031 -266308
83 55 84564
83 56 1240267
83 58 52420465
83 59 -3574158
83 60 18157
83 61 -185687
83 62 -2723421
83 64 -113075928
83 65 7709716
83 66 0
83 67 91672
83 68 1344548
83 70 56774499
83 71 -3870946
83 72 -18157
83 75 75861927
83 76 180607374
83 77 927665866
83 78 0
83 79 0
83 80 0
83 81 -10952584
83 82 5595759
83 84 0
83 187 0
83 188 0
83 189 -64909343
83 190 166677149
83 191 858116833
83 192 0
83 876 -1240267
83 878 52420465
83 879 -3574158
83 880 -18157
83 884 -84564
83 928 185687
83 929 2723421
83 931 -113075928
83 932 7709716
83 933 0
83 1026 -91672
83 1027 -1344548
83 1029 56774499
83 1030 -3870946
83 1031 18157
84 55 -264
84 56 -3883
84 58 -266308
84 59 18157
84 60 -70256
84 61 25
84 62 378
84 64 0
84 65 0
84 66 -419039
84 67 239
84 68 3505
84 70 266308
84 71 -18157
84 72 -60303
84 73 -44175717
84 74 -647917534
84 76 0
84 77 0
84 78 8028164009
84 79 6376973
84 80 93541485
84 82 0
84 83 0
84 187 37798744
84 188 554376048
84 190 0
84 191 0
84 192 7426079945
84 876 -3883
84 878 266308
84 879 -18157
84 880 -70256
84 884 -264
84 928 25
84 929 378
84 931 0
84 932 0
84 933 -419039
84 1026 239
84 1027 3505
84 1029 -266308
84 1030 18157
84 1031 -60303
85 67 -53460600
85 68 1225004
85 69 -3741314
85 70 -1344548
85 71 91672
85 72 -44174943
85 73 -15182835
85 74 1067356
85 75 -51131291
85 76 -1344548
85 77 91672
85 78 239
85 86 9082570
85 87 7
85 88 4242271
85 89 -289249
85 90 142947993
85 91 -129927944
85 92 -11947748
85 93 3741313
85 94 -2798719
85 95 190826
85 96 186657503
85 109 -8498970
85 110 478016
85 111 0
85 112 4242271
85 113 -289249
85 114 575
85 115 -12246844
85 116 901939
85 117 51131283
85 118 -2798719
85 119 190826
85 120 336
85 331 -469661
85 332 -807139
85 336 465433
86 67 1225004
86 68 -35577190
86 69 255086
86 70 -19720255
86 71 1344548
86 72 -647906173
86 73 1067356
86 74 399128
86 75 3486186
86 76 -19720255
86 77 1344548
86 78 3505
86 85 9082570
86 87 114
86 88 62219287
86 89 -4242271
86 90 2089417962
86 91 -11947748
86 92 -304343053
86 93 -255095
86 94 -41046971
86 95 2798719
86 96 2737582547
86 109 478016
86 110 -1520530
86 111 8
86 112 62219287
86 113 -4242271
86 114 8444
86 115 901939
86 116 919806
86 117 -3486301
86 118 -41046971
86 119 2798719
86 120 4938
86 331 -807139
86 332 -1475303
86 336 -258410
87 67 3741314
87 68 -255086
87 69 812930006
87 70 5172348
87 71 75861927
87 73 -51131291
87 74 3486186
87 75 -941606296
87 85 7
87 86 114
87 88 -17148564
87 89 -244419574
87 91 -3741313
87 92 255095
87 93 264125013
87 94 -21855479
87 95 -320539912
87 109 0
87 110 -8
87 111 -2423866304
87 115 51131283
87 116 -3486301
87 117 -555812681
87 333 -21534
87 334 -465433
87 335 258410
88 67 -1344548
88 68 -19720255
88 69 -5172348
88 70 -884511338
88 71 124395783
88 72 -19486
88 73 1344548
88 74 19720255
88 76 -832701668
88 77 56774499
88 78 266308
88 85 4242271
88 86 62219287
88 87 -17148564
88 89 189727008
88 90 0
88 91 -2798719
88 92 -41046971
88 93 21855479
88 94 -1846771741
88 95 257661563
88 96 19486
88 109 -4242271
88 110 -62219287
88 112 2599328623
88 113 -177228952
88 114 0
88 115 2798719
88 116 41046971
88 118 -1725969241
88 119 117682336
88 120 -266308
88 333 465433
88 334 6706473
88 335 -3723465
89 67 91672
89 68 1344548
89 69 -75861927
89 70 124395783
89 71 931498433
89 72 1328
89 73 -91672
89 74 -1344548
89 76 56774499
89 77 -3870946
89 78 -18157
89 85 -289249
89 86 -4242271
89 87 -244419574
89 88 189727008
89 90 0
89 91 190826
89 92 2798719
89 93 320539912
89 94 257661563
89 95 1914612328
89 96 -1328
89 109 289249
89 110 4242271
89 112 -177228952
89 113 12083928
89 114 0
89 115 -190826
89 116 -2798719
89 118 117682336
89 119 -8023973
89 120 18157
89 333 -258410
89 334 -3723465
89 335 2067285
90 67 44174943
90 68 647906173
90 70 19486
90 71 -1328
90 72 8028006381
90 73 -239
90 74 -3505
90 76 266308
90 77 -18157
90 78 -60303
90 85 142947993
90 86 2089417962
90 88 0
90 89 0
90 91 -186657503
90 92 -2737582547
90 94 -19486
90 95 1328
90 96 16501865070
90 109 575
90 110 8444
90 112 0
90 113 0
90 114 -190274
90 115 -336
90 116 -4938
90 118 -266308
90 119 18157
90 120 21566
90 331 -465433
90 332 258410
90 336 8773758
91 85 -129927944
91 86 -11947748
91 87 -3741313
91 88 -2798719
91 89 190826
91 90 -186657503
91 92 11146791
91 93 51131283
91 94 2831121
91 95 -50249326
91 96 -1985095725
91 97 -240974128
91 101 49659354
91 102 -1798438221
91 109 -12246844
91 110 901939
91 111 -51131283
91 112 -2798719
91 113 190826
91 114 -336
91 115 -702117
91 116 -100982
91 117 3741313
91 118 2831121
91 119 -50249326
91 120 -10240
91 121 1181045
91 125 49659354
91 126 -9903
92 85 -11947748
92 86 -304343053
92 87 255095
92 88 -41046971
92 89 2798719
92 90 -2737582547
92 91 11146791
92 93 -54736301
92 94 41522191
92 95 -2831121
92 96 -2737582547
92 98 -106489285
92 99 3750000
92 109 901939
92 110 919806
92 111 3486301
92 112 -41046971
92 113 2798719
92 114 -4938
92 115 -100982
92 116 1803500
92 117 -4005095
92 118 41522191
92 119 -2831121
92 120 -4938
92 122 -12610714
92 123 51250000
93 85 3741313
93 86 -255095
93 87 264125013
93 88 21855479
93 89 320539912
93 91 51131283
93 92 -54736301
93 94 256255479
93 95 320539912
93 98 -3750000
93 99 170401428
93 100 234400000
93 109 -51131283
93 110 3486301
93 111 -555812681
93 115 -3741313
93 116 4005095
93 117 -1284826703
93 122 51250000
93 123 -509654761
94 85 -2798719
94 86 -41046971
94 87 -21855479
94 88 -1846771741
94 89 257661563
94 90 -19486
94 91 2831121
94 92 41522191
94 93 256255479
94 95 133922554
94 96 -266308
94 99 -234400000
94 100 1172000000
94 109 2798719
94 110 41046971
94 112 -1725969241
94 113 117682336
94 114 266308
94 115 -2831121
94 116 -41522191
94 118 1739275400
94 119 -118589594
94 120 19486
95 85 190826
95 86 2798719
95 87 -320539912
95 88 257661563
95 89 1914612328
95 90 1328
95 91 -50249326
95 92 -2831121
95 93 320539912
95 94 133922554
95 96 285084
95 97 49659354
95 101 -2105712053
95 102 19531
95 109 -190826
95 110 -2798719
95 112 117682336
95 113 -8023973
95 114 -18157
95 115 50249326
95 116 2831121
95 118 -118589594
95 119 2106477946
95 120 -20859
95 121 -49659354
95 125 -2087277901
95 126 -266927
96 85 186657503
96 86 2737582547
96 88 19486
96 89 -1328
96 90 16501865070
96 91 -1985095725
96 92 -2737582547
96 94 -266308
96 95 285084
96 97 1798438221
96 101 -19531
96 102 8992197929
96 109 336
96 110 4938
96 112 266308
96 113 -18157
96 114 21566
96 115 -10240
96 116 -4938
96 118 -19486
96 119 20859
96 120 60916
96 121 9903
96 125 -266927
96 126 42695
97 91 -240974128
97 95 49659354
97 96 1798438221
97 101 -100112581
97 103 -240974128
97 107 49659354
97 108 -1798438221
97 115 1181045
97 119 49659354
97 120 9903
97 121 -2380992
97 125 -100112581
97 127 1181045
97 131 49659354
97 132 -9903
98 92 -106489285
98 93 -3750000
98 104 -106489285
98 105 3750000
98 116 -12610714
98 117 -51250000
98 122 5578571
98 123 0
98 128 -12610714
98 129 51250000
99 92 3750000
99 93 170401428
99 94 -234400000
99 104 -3750000
99 105 170401428
99 106 234400000
99 116 -51250000
99 117 -509654761
99 122 0
99 123 -1114619047
99 128 51250000
99 129 -509654761
100 93 234400000
100 94 1172000000
100 105 -234400000
100 106 1172000000
101 91 49659354
101 95 -2105712053
101 96 -19531
101 97 -100112581
101 102 0
101 103 49659354
101 107 -2105712053
101 108 19531
101 115 -49659354
101 119 -2087277901
101 120 266927
101 121 100112581
101 125 4196784226
101 126 0
101 127 -49659354
101 131 -2087277901
101 132 -266927
102 91 -1798438221
102 95 19531
102 96 8992197929
102 101 0
102 103 1798438221
102 107 -19531
102 108 8992197929
102 115 -9903
102 119 266927
102 120 42695
102 125 0
102 126 109399
102 127 9903
102 131 -266927
102 132 42695
103 31 -240974128
103 35 49659354
103 36 -1798438221
103 97 -240974128
103 101 49659354
103 102 1798438221
103 107 -100112581
103 121 1181045
103 125 49659354
103 126 9903
103 127 -2380992
103 131 -100112581
103 133 1181045
103 137 49659354
103 138 -9903
103 385 -962068
104 32 -106489285
104 33 3750000
104 98 -106489285
104 99 -3750000
104 108 167300
104 122 -12610714
104 123 -51250000
104 128 5578571
104 129 0
104 134 -12610714
104 135 51250000
104 386 -1922
104 390 167300
105 32 -3750000
105 33 170401428
105 34 234400000
105 98 3750000
105 99 170401428
105 100 -234400000
105 107 -167300
105 122 -51250000
105 123 -509654761
105 128 0
105 129 -1114619047
105 134 51250000
105 135 -509654761
105 387 -1922
105 389 -167300
106 33 -234400000
106 34 1172000000
106 99 234400000
106 100 1172000000
107 31 49659354
107 35 -2105712053
107 36 19531
107 97 49659354
107 101 -2105712053
107 102 -19531
107 103 -100112581
107 105 -167300
107 108 0
107 121 -49659354
107 125 -2087277901
107 126 266927
107 127 100112581
107 131 4196784226
107 132 0
107 133 -49659354
107 137 -2087277901
107 138 -266927
107 387 167300
107 389 9703448
108 31 1798438221
108 35 -19531
108 36 8992197929
108 97 -1798438221
108 101 19531
108 102 8992197929
108 104 167300
108 107 0
108 121 -9903
108 125 266927
108 126 42695
108 131 0
108 132 109399
108 133 9903
108 137 -266927
108 138 42695
108 386 -167300
108 390 9703448
109 67 -15182835
109 68 1067356
109 69 51131291
109 70 1344548
109 71 -91672
109 72 239
109 73 -47577708
109 74 791699
109 75 0
109 76 0
109 78 -44175717
109 85 -8498970
109 86 478016
109 87 0
109 88 -4242271
109 89 289249
109 90 575
109 91 -12246844
109 92 901939
109 93 -51131283
109 94 2798719
109 95 -190826
109 96 336
109 110 6667323
109 111 0
109 112 0
109 113 0
109 114 142949144
109 115 -136797653
109 116 -11546508
109 117 0
109 118 0
109 120 186659429
109 235 -469661
