%%MatrixMarket matrix coordinate integer general
%
4410 4410 214614
1 2 201
1 3 352387
1 4 -578488
1 5 68
1 6 51538
1 7 208938
1 8 -8004
1 9 96575
1 10 -163218
1 11 -55860
1 12 28215
1 13 281595
1 14 5
1 15 -51422
1 16 -535256
1 17 -131
1 18 -352504
1 19 74800
1 20 -9834
1 21 -28349
1 22 -143243
1 23 -33768
1 24 -96784
1 313 253547
1 314 8070
1 315 115942
1 316 -192803
1 317 55859
1 318 34032
1 319 91324
1 320 9763
1 321 -33831
1 322 -170006
1 323 33630
1 324 -115801
2 1 201
2 3 236
2 4 18
2 5 -70352
2 6 162
2 7 8169
2 8 106633
2 9 7221
2 10 -55934
2 11 -64646
2 12 8884
2 13 65
2 14 -16850
2 15 -133
2 16 -122
2 17 -132383
2 18 -116
2 19 9840
2 20 -40443
2 21 -49794
2 22 -33756
2 23 -79470
2 24 -29974
2 313 -8103
2 314 139597
2 315 -7199
2 316 55872
2 317 -70971
2 318 -8819
2 319 -9859
2 320 -41739
2 321 49660
2 322 33609
2 323 -91265
2 324 29873
3 1 352387
3 2 236
3 4 -50991
3 5 156
3 6 159906
3 7 96577
3 8 -7146
3 9 177850
3 10 -28198
3 11 -8545
3 12 43784
3 13 51106
3 14 -134
3 15 -390131
3 16 -352502
3 17 -124
3 18 -484699
3 19 28063
3 20 -49769
3 21 -115999
3 22 -96784
3 23 -29985
3 24 -128316
3 313 115941
3 314 7168
3 315 216225
3 316 -33667
3 317 8619
3 318 54056
3 319 33868
3 320 49633
3 321 -136107
3 322 -115801
3 323 29891
3 324 -152151
4 1 -578488
4 2 18
4 3 -50991
4 5 -147
4 6 -354500
4 7 -162826
4 8 55842
4 9 -28038
4 10 209618
4 11 7988
4 12 -97118
4 13 -538679
4 14 217
4 15 354411
4 16 282297
4 17 56
4 18 51082
4 19 -143715
4 20 33854
4 21 97143
4 22 74954
4 23 9859
4 24 28086
4 313 -193197
4 314 -55905
4 315 -33852
4 316 254368
4 317 -8132
4 318 -116668
4 319 -171425
4 320 -33782
4 321 116600
4 322 91529
4 323 -9868
4 324 33845
5 1 68
5 2 -70352
5 3 156
5 4 -147
5 6 305
5 7 55890
5 8 -64557
5 9 8723
5 10 -8244
5 11 107020
5 12 7230
5 13 226
5 14 -133646
5 15 -137
5 16 14
5 17 -16473
5 18 -78
5 19 33850
5 20 -79950
5 21 -30090
5 22 -9836
5 23 -40393
5 24 -49803
5 313 -55891
5 314 -71072
5 315 -8649
5 316 8100
5 317 140074
5 318 -7257
5 319 -33787
5 320 -92055
5 321 29988
5 322 9756
5 323 -41495
5 324 49612
6 1 51538
6 2 162
6 3 159906
6 4 -354500
6 5 305
6 7 28352
6 8 -8718
6 9 43908
6 10 -97188
6 11 -7202
6 12 178697
6 13 354409
6 14 -129
6 15 -488581
6 16 -51445
6 17 -76
6 18 -389567
6 19 97142
6 20 -30094
6 21 -129155
6 22 -28371
6 23 -49835
6 24 -116078
6 313 33870
6 314 8782
6 315 53930
6 316 -116599
6 317 7176
6 318 217240
6 319 116600
6 320 29985
6 321 -153484
6 322 -33808
6 323 49646
6 324 -135751
7 1 208938
7 2 8169
7 3 96577
7 4 -162826
7 5 55890
7 6 28352
7 8 102
7 9 293950
7 10 -477658
7 11 61
7 12 42985
7 13 74983
7 14 9725
7 15 -28168
7 16 -142664
7 17 33524
7 18 -96419
7 19 237339
7 20 27
7 21 -42920
7 22 -443980
7 23 -19
7 24 -294015
7 229 171885
7 230 -8173
7 231 80682
7 232 -139061
7 233 -55917
7 234 23541
7 235 61199
7 236 -9784
7 237 -23701
7 238 -120993
7 239 -33606
7 240 -80866
8 1 -8004
8 2 106633
8 3 -7146
8 4 55842
8 5 -64557
8 6 -8718
8 7 102
8 9 118
8 10 41
8 11 -47022
8 12 97
8 13 -9836
8 14 -40052
8 15 49558
8 16 33502
8 17 -79118
8 18 29808
8 19 58
8 20 -2171
8 21 -27
8 22 -8
8 23 -103444
8 24 -10
8 229 7999
8 230 77691
8 231 7124
8 232 -55893
8 233 -60450
8 234 8709
8 235 9791
8 236 -39983
8 237 -49635
8 238 -33595
8 239 -70046
8 240 -29878
9 1 96575
9 2 7221
9 3 177850
9 4 -28038
9 5 8723
9 6 43908
9 7 293950
9 8 118
9 10 -42530
9 11 89
9 12 135790
9 13 28223
9 14 49529
9 15 -115563
9 16 -96419
9 17 29828
9 18 -127808
9 19 42598
9 20 -29
9 21 -320476
9 22 -294018
9 23 -20
9 24 -401809
9 229 80682
9 230 -7243
9 231 145913
9 232 -23589
9 233 -8720
9 234 35232
9 235 23432
9 236 -49608
9 237 -99534
9 238 -80866
9 239 -29888
9 240 -108537
10 1 -163218
10 2 -55934
10 3 -28198
10 4 209618
10 5 -8244
10 6 -97188
10 7 -477658
10 8 41
10 9 -42530
10 11 -36
10 12 -295720
10 13 -143911
10 14 -33677
10 15 97113
10 16 75153
10 17 -9845
10 18 28201
10 19 -446840
10 20 119
10 21 295611
10 22 237926
10 23 47
10 24 42639
10 229 -138666
10 230 55884
10 231 -23388
10 232 172452
10 233 8155
10 234 -81131
10 235 -121324
10 236 33679
10 237 81137
10 238 61326
10 239 9810
10 240 23454
11 1 -55860
11 2 -64646
11 3 -8545
11 4 7988
11 5 107020
11 6 -7202
11 7 61
11 8 -47022
11 9 89
11 10 -36
11 12 198
11 13 -33683
11 14 -79787
11 15 29918
11 16 9718
11 17 -39841
11 18 49503
11 19 130
11 20 -104500
11 21 -33
11 22 38
11 23 -1855
11 24 37
11 229 55834
11 230 -60349
11 231 8548
11 232 -8077
11 233 78003
11 234 7121
11 235 33674
11 236 -70426
11 237 -29986
11 238 -9788
11 239 -39962
11 240 -49649
12 1 28215
12 2 8884
12 3 43784
12 4 -97118
12 5 7230
12 6 178697
12 7 42985
12 8 97
12 9 135790
12 10 -295720
12 11 198
12 13 97114
12 14 29914
12 15 -128944
12 16 -28146
12 17 49539
12 18 -115234
12 19 295614
12 20 -23
12 21 -405062
12 22 -42878
12 23 39
12 24 -320005
12 229 23720
12 230 -8893
12 231 35359
12 232 -81199
12 233 -7312
12 234 146618
12 235 81137
12 236 -29991
12 237 -109211
12 238 -23724
12 239 -49683
12 240 -99637
13 1 281595
13 2 65
13 3 51106
13 4 -538679
13 5 226
13 6 354409
13 7 74983
13 8 -9836
13 9 28223
13 10 -143911
13 11 -33683
13 12 97114
13 14 203
13 15 -2597
13 16 -844923
13 17 290
13 18 165222
13 19 414779
13 20 -16584
13 21 -970
13 22 -243611
13 23 -94943
13 24 46327
13 25 120812
13 26 -35
13 27 -237880
13 28 -665501
13 29 -87
13 30 -330260
13 31 32854
13 32 -19700
13 33 -80070
13 34 -175355
13 35 -28447
13 36 -90917
13 313 91209
13 314 9818
13 315 33711
13 316 -171161
13 317 33746
13 318 116605
13 319 502885
13 320 16353
13 321 -1203
13 322 -285844
13 323 94804
13 324 55341
13 325 41012
13 326 19526
13 327 -95412
13 328 -208515
13 329 28284
13 330 -108751
14 1 5
14 2 -16850
14 3 -134
14 4 217
14 5 -133646
14 6 -129
14 7 9725
14 8 -40052
14 9 49529
14 10 -33677
14 11 -79787
14 12 29914
14 13 203
14 15 400
14 16 291
14 17 -68510
14 18 306
14 19 16324
14 20 203496
14 21 -1008
14 22 -91507
14 23 -85699
14 24 10960
14 25 19
14 26 -60004
14 27 -225
14 28 -83
14 29 -148297
14 30 -113
14 31 -5686
14 32 -53014
14 33 -49461
14 34 -30757
14 35 -80256
14 36 -22894
14 313 -9796
14 314 -41823
14 315 -49664
14 316 33749
14 317 -92036
14 318 -30022
14 319 -16555
14 320 264971
14 321 1102
14 322 91367
14 323 -91367
14 324 -10783
14 325 5569
14 326 -58289
14 327 49358
14 328 30592
14 329 -93472
14 330 22865
15 1 -51422
15 2 -133
15 3 -390131
15 4 354411
15 5 -137
15 6 -488581
15 7 -28168
15 8 49558
15 9 -115563
15 10 97113
15 11 29918
15 12 -128944
15 13 -2597
15 14 400
15 16 164688
15 17 294
15 18 467142
15 19 -974
15 20 1206
15 21 331658
15 22 46550
15 23 11871
15 24 125441
15 25 -134822
15 26 -225
15 27 -528939
15 28 -330257
15 29 -117
15 30 -399673
15 31 -23908
15 32 -45718
15 33 -147493
15 34 -90906
15 35 -21236
15 36 -103707
15 313 -34012
15 314 -49691
15 315 -136454
15 316 116606
15 317 -30018
15 318 -153647
15 319 -1195
15 320 -1113
15 321 402982
15 322 55646
15 323 -11682
15 324 153432
15 325 -27991
15 326 45612
15 327 -175056
15 328 -108760
15 329 21211
15 330 -123317
16 1 -535256
16 2 -122
16 3 -352502
16 4 282297
16 5 14
16 6 -51445
16 7 -142664
16 8 33502
16 9 -96419
16 10 75153
16 11 9718
16 12 -28146
16 13 -844923
16 14 291
16 15 164688
16 17 226
16 18 113089
16 19 -241650
16 20 91407
16 21 46521
16 22 359479
16 23 11263
16 24 30283
16 25 -317618
16 26 209
16 27 283085
16 28 -42187
16 29 -19
16 30 -156914
16 31 -79432
16 32 15272
16 33 76817
16 34 -4844
16 35 -6225
16 36 -29138
16 313 -170516
16 314 -33650
16 315 -116143
16 316 91399
16 317 -9797
16 318 -34034
16 319 -287837
16 320 -91548
16 321 55644
16 322 435714
16 323 -11417
16 324 36281
16 325 -94847
16 326 -15256
16 327 92672
16 328 -4662
16 329 6130
16 330 -34339
17 1 -131
17 2 -132383
17 3 -124
17 4 56
17 5 -16473
17 6 -76
17 7 33524
17 8 -79118
17 9 29828
17 10 -9845
17 11 -39841
17 12 49539
17 13 290
17 14 -68510
17 15 294
17 16 226
17 18 728
17 19 94844
17 20 -85165
17 21 -11476
17 22 -11404
17 23 258863
17 24 -96
17 25 212
17 26 -149931
17 27 -303
17 28 -67
17 29 -173399
17 30 -262
17 31 14082
17 32 -80865
17 33 -32781
17 34 -18011
17 35 -96962
17 36 -43913
17 313 -33662
17 314 -91449
17 315 -29921
17 316 9836
17 317 -41739
17 318 -49727
17 319 -94983
17 320 -91986
17 321 11665
17 322 11250
17 323 328767
17 324 212
17 325 -14070
17 326 -94540
17 327 32647
17 328 17852
17 329 -112442
17 330 43768
18 1 -352504
18 2 -116
18 3 -484699
18 4 51082
18 5 -78
18 6 -389567
18 7 -96419
18 8 29808
18 9 -127808
18 10 28201
18 11 49503
18 12 -115234
18 13 165222
18 14 306
18 15 467142
18 16 113089
18 17 728
18 19 46262
18 20 -10578
18 21 125910
18 22 30199
18 23 421
18 24 487456
18 25 283083
18 26 -297
18 27 -756870
18 28 -259973
18 29 -260
18 30 -769305
18 31 76809
18 32 -35389
18 33 -201063
18 34 -85329
18 35 -47061
18 36 -203743
18 313 -116143
18 314 -29910
18 315 -152616
18 316 33734
18 317 -49693
18 318 -136504
18 319 55370
18 320 10755
18 321 152952
18 322 36364
18 323 -305
18 324 589417
18 325 92682
18 326 35249
18 327 -240740
18 328 -101733
18 329 46918
18 330 -242736
19 1 74800
19 2 9840
19 3 28063
19 4 -143715
19 5 33850
19 6 97142
19 7 237339
19 8 58
19 9 42598
19 10 -446840
19 11 130
19 12 295614
19 13 414779
19 14 16324
19 15 -974
19 16 -241650
19 17 94844
19 18 46262
19 20 247
19 21 -2185
19 22 -696651
19 23 282
19 24 137410
19 25 33239
19 26 19428
19 27 -79643
19 28 -174324
19 29 28184
19 30 -90558
19 31 102924
19 32 49
19 33 -197975
19 34 -553453
19 35 24
19 36 -275462
19 223 26317
19 224 -19565
19 225 -67164
19 226 -147409
19 227 -28299
19 228 -75982
19 229 61264
19 230 -9887
19 231 23588
19 232 -121640
19 233 -33860
19 234 81150
19 235 341655
19 236 -16600
19 237 -777
19 238 -208085
19 239 -95054
19 240 38893
20 1 -9834
20 2 -40443
20 3 -49769
20 4 33854
20 5 -79950
20 6 -30094
20 7 27
20 8 -2171
20 9 -29
20 10 119
20 11 -104500
20 12 -23
20 13 -16584
20 14 203496
20 15 1206
20 16 91407
20 17 -85165
20 18 -10578
20 19 247
20 21 173
20 22 284
20 23 -37348
20 24 147
20 25 5532
20 26 -52681
20 27 49245
20 28 30491
20 29 -79899
20 30 22836
20 31 74
20 32 -40663
20 33 -97
20 34 28
20 35 -119064
20 36 -43
20 223 -5649
20 224 -49115
20 225 -49274
20 226 -30610
20 227 -69470
20 228 -22843
20 229 9774
20 230 -40121
20 231 49690
20 232 -33852
20 233 -70572
20 234 30017
20 235 16308
20 236 149666
20 237 -1182
20 238 -91619
20 239 -82417
20 240 10621
21 1 -28349
21 2 -49794
21 3 -115999
21 4 97143
21 5 -30090
21 6 -129155
21 7 -42920
21 8 -27
21 9 -320476
21 10 295611
21 11 -33
21 12 -405062
21 13 -970
21 14 -1008
21 15 331658
21 16 46521
21 17 -11476
21 18 125910
21 19 -2185
21 20 173
21 22 136974
21 23 132
21 24 393865
21 25 -23481
21 26 45497
21 27 -147489
21 28 -90570
21 29 21182
21 30 -103444
21 31 -112014
21 32 -98
21 33 -437448
21 34 -275466
21 35 -48
21 36 -331735
21 223 -20241
21 224 -45530
21 225 -125162
21 226 -75976
21 227 -21185
21 228 -87529
21 229 -23518
21 230 49717
21 231 -99257
21 232 81151
21 233 30022
21 234 -109083
21 235 -788
21 236 1032
21 237 272318
21 238 39081
21 239 11534
21 240 102466
22 1 -143243
22 2 -33756
22 3 -96784
22 4 74954
22 5 -9836
22 6 -28371
22 7 -443980
22 8 -8
22 9 -294018
22 10 237926
22 11 38
22 12 -42878
22 13 -243611
22 14 -91507
22 15 46550
22 16 359479
22 17 -11404
22 18 30199
22 19 -696651
22 20 284
22 21 136974
22 23 227
22 24 94293
22 25 -79749
22 26 -15179
22 27 77215
22 28 -4465
22 29 6090
22 30 -28728
22 31 -263301
22 32 138
22 33 236132
22 34 -33792
22 35 37
22 36 -130502
22 223 -67161
22 224 15132
22 225 64123
22 226 -4777
22 227 -6176
22 228 -24556
22 229 -120532
22 230 33662
22 231 -80541
22 232 61406
22 233 9765
22 234 -23495
22 235 -206063
22 236 91296
22 237 39105
22 238 296236
22 239 11194
22 240 25284
23 1 -33768
23 2 -79470
23 3 -29985
23 4 9859
23 5 -40393
23 6 -49835
23 7 -19
23 8 -103444
23 9 -20
23 10 47
23 11 -1855
23 12 39
23 13 -94943
23 14 -85699
23 15 11871
23 16 11263
23 17 258863
23 18 421
23 19 282
23 20 -37348
23 21 132
23 22 227
23 24 374
23 25 -13992
23 26 -80776
23 27 32506
23 28 17751
23 29 -96502
23 30 43642
23 31 142
23 32 -120437
23 33 -129
23 34 20
23 35 -138138
23 36 -88
23 223 13942
23 224 -69894
23 225 -32556
23 226 -17864
23 227 -84336
23 228 -43713
23 229 33685
23 230 -69990
23 231 29924
23 232 -9894
23 233 -39939
23 234 49691
23 235 94733
23 236 -81750
23 237 -11813
23 238 -11473
23 239 198555
23 240 -460
24 1 -96784
24 2 -29974
24 3 -128316
24 4 28086
24 5 -49803
24 6 -116078
24 7 -294015
24 8 -10
24 9 -401809
24 10 42639
24 11 37
24 12 -320005
24 13 46327
24 14 10960
24 15 125441
24 16 30283
24 17 -96
24 18 487456
24 19 137410
24 20 147
24 21 393865
24 22 94293
24 23 374
24 25 77223
24 26 35108
24 27 -201270
24 28 -84860
24 29 46793
24 30 -203341
24 31 236134
24 32 -122
24 33 -629658
24 34 -216461
24 35 -85
24 36 -639068
24 223 64112
24 224 -35165
24 225 -168787
24 226 -71505
24 227 -46863
24 228 -171608
24 229 -80541
24 230 29904
24 231 -108106
24 232 23565
24 233 49657
24 234 -98951
24 235 38889
24 236 -10917
24 237 102952
24 238 25202
24 239 57
24 240 403083
25 13 120812
25 14 19
25 15 -134822
25 16 -317618
25 17 212
25 18 283083
25 19 33239
25 20 5532
25 21 -23481
25 22 -79749
25 23 -13992
25 24 77223
25 26 178
25 27 -167765
25 28 -248167
25 29 468
25 30 495584
25 31 385110
25 32 -14686
25 33 -46107
25 34 -80111
25 35 -67547
25 36 139808
25 37 -57132
25 38 -39906
25 39 -132138
25 40 -236177
25 41 -35156
25 42 -14415
25 181 -202439
25 182 -123
25 183 -425980
25 184 -884838
25 185 52
25 186 -50102
25 319 40703
25 320 -5648
25 321 -28407
25 322 -94467
25 323 14006
25 324 92244
25 325 466729
25 326 14352
25 327 -55446
25 328 -90758
25 329 67480
25 330 166371
25 331 -66208
25 332 39679
25 333 -158103
25 334 -281243
25 335 35080
25 336 -17543
26 13 -35
26 14 -60004
26 15 -225
26 16 209
26 17 -149931
26 18 -297
26 19 19428
26 20 -52681
26 21 45497
26 22 -15179
26 23 -80776
26 24 35108
26 25 178
26 27 264
26 28 473
26 29 3328
26 30 59
26 31 14272
26 32 193513
26 33 -8163
26 34 -61557
26 35 -42132
26 36 35728
26 37 -29632
26 38 -52897
26 39 -39901
26 40 -37986
26 41 -80193
26 42 -4424
26 181 -71
26 182 -59928
26 183 -128
26 184 55
26 185 -148261
26 186 -62
26 319 -19602
26 320 -58333
26 321 -45603
26 322 15195
26 323 -94426
26 324 -35248
26 325 -14605
26 326 250482
26 327 8431
26 328 61484
26 329 -41119
26 330 -35509
26 331 29463
26 332 -58222
26 333 39962
26 334 37906
26 335 -93432
26 336 4512
27 13 -237880
27 14 -225
27 15 -528939
27 16 283085
27 17 -303
27 18 -756870
27 19 -79643
27 20 49245
27 21 -147489
27 22 77215
27 23 32506
27 24 -201270
27 25 -167765
27 26 264
27 28 495579
27 29 54
27 30 327849
27 31 -46106
27 32 8567
27 33 333085
27 34 139797
27 35 39174
27 36 82459
27 37 -75976
27 38 -29685
27 39 -57242
27 40 -14402
27 41 -4144
27 42 -42853
27 181 -322922
27 182 -128
27 183 -204989
27 184 -50098
27 185 -64
27 186 -180053
27 319 -95832
27 320 -49348
27 321 -174975
27 322 92254
27 323 -32641
27 324 -240462
27 325 -55444
27 326 -8299
27 327 404167
27 328 166379
27 329 -38950
27 330 102591
27 331 -90682
27 332 29742
27 333 -67655
27 334 -17554
27 335 4233
27 336 -50418
28 13 -665501
28 14 -83
28 15 -330257
28 16 -42187
28 17 -67
28 18 -259973
28 19 -174324
28 20 30491
28 21 -90570
28 22 -4465
28 23 17751
28 24 -84860
28 25 -248167
28 26 473
28 27 495579
28 29 438
28 30 510334
28 31 -78014
28 32 61619
28 33 139078
28 34 379164
28 35 5611
28 36 136956
28 37 -43277
28 38 -4469
28 39 -14186
28 40 -103946
28 41 -28895
28 42 -86560
28 181 -182218
28 182 44
28 183 -48331
28 184 -403818
28 185 -112
28 186 -367355
28 319 -209487
28 320 -30656
28 321 -109096
28 322 -4977
28 323 -17909
28 324 -102187
28 325 -92931
28 326 -61693
28 327 167096
28 328 458092
28 329 -5663
28 330 164434
28 331 -51060
28 332 4385
28 333 -16711
28 334 -122904
28 335 28736
28 336 -103390
29 13 -87
29 14 -148297
29 15 -117
29 16 -19
29 17 -173399
29 18 -260
29 19 28184
29 20 -79899
29 21 21182
29 22 6090
29 23 -96502
29 24 46793
29 25 468
29 26 3328
29 27 54
29 28 438
29 30 629
29 31 67615
29 32 -41540
29 33 -38826
29 34 -5535
29 35 304295
29 36 3489
29 37 -4198
29 38 -80832
29 39 -35429
29 40 -37537
29 41 -96814
29 42 -28961
29 181 44
29 182 -149945
29 183 -416
29 184 -161
29 185 -173241
29 186 -137
29 319 -28345
29 320 -93705
29 321 -21206
29 322 -6184
29 323 -112622
29 324 -46936
29 325 -67684
29 326 -41955
29 327 39051
29 328 5482
29 329 378095
29 330 -3204
29 331 4114
29 332 -94577
29 333 35310
29 334 37316
29 335 -112394
29 336 28982
30 13 -330260
30 14 -113
30 15 -399673
30 16 -156914
30 17 -262
30 18 -769305
30 19 -90558
30 20 22836
30 21 -103444
30 22 -28728
30 23 43642
30 24 -203341
30 25 495584
30 26 59
30 27 327849
30 28 510334
30 29 629
30 31 139066
30 32 -35385
30 33 83617
30 34 136922
30 35 -2968
30 36 539750
30 37 -14196
30 38 -38279
30 39 -237036
30 40 -142739
30 41 -37546
30 42 -104286
30 181 -48332
30 182 -411
30 183 -892309
30 184 -470415
30 185 -135
30 186 -406867
30 319 -109104
30 320 -22864
30 321 -123556
30 322 -34735
30 323 -43786
30 324 -243056
30 325 167103
30 326 35606
30 327 101386
30 328 164468
30 329 3254
30 330 650943
30 331 -16698
30 332 38155
30 333 -284726
30 334 -170795
30 335 37568
30 336 -124377
31 13 32854
31 14 -5686
31 15 -23908
31 16 -79432
31 17 14082
31 18 76809
31 19 102924
31 20 74
31 21 -112014
31 22 -263301
31 23 142
31 24 236134
31 25 385110
31 26 14272
31 27 -46106
31 28 -78014
31 29 67615
31 30 139066
31 32 283
31 33 -140091
31 34 -201365
31 35 370
31 36 412150
31 37 -165881
31 38 16
31 39 -354398
31 40 -736404
31 41 82
31 42 -41782
31 181 -56405
31 182 39526
31 183 -132107
31 184 -234916
31 185 35063
31 186 -14641
31 217 -49313
31 218 -39680
31 219 -110879
31 220 -198290
31 221 -35143
31 222 -12040
31 223 317405
31 224 -14632
31 225 -38427
31 226 -70194
31 227 -67823
31 228 117499
31 235 26574
31 236 5568
31 237 -19831
31 238 -67586
31 239 -14134
31 240 64568
32 13 -19700
32 14 -53014
32 15 -45718
32 16 15272
32 17 -80865
32 18 -35389
32 19 49
32 20 -40663
32 21 -98
32 22 138
32 23 -120437
32 24 -122
32 25 -14686
32 26 193513
32 27 8567
32 28 61619
32 29 -41540
32 30 -35385
32 31 283
32 33 -5
32 34 377
32 35 18585
32 36 -66
32 37 39
32 38 -40504
32 39 -106
32 40 85
32 41 -119036
32 42 -68
32 181 29372
32 182 -52664
32 183 39956
32 184 37890
32 185 -79915
32 186 4551
32 217 -29503
32 218 -49073
32 219 -39870
32 220 -37972
32 221 -69499
32 222 -4471
32 223 14326
32 224 143795
32 225 -8346
32 226 -61834
32 227 -44005
32 228 35555
32 235 19562
32 236 -49280
32 237 45686
32 238 -15320
32 239 -70151
32 240 35332
33 13 -80070
33 14 -49461
33 15 -147493
33 16 76817
33 17 -32781
33 18 -201063
33 19 -197975
33 20 -97
33 21 -437448
33 22 236132
33 23 -129
33 24 -629658
33 25 -46107
33 26 -8163
33 27 333085
33 28 139078
33 29 -38826
33 30 83617
33 31 -140091
33 32 -5
33 34 412155
33 35 -72
33 36 277651
33 37 -268437
33 38 -105
33 39 -167979
33 40 -41786
33 41 -70
33 42 -148548
33 181 -75945
33 182 29734
33 183 -57723
33 184 -14655
33 185 4272
33 186 -42733
33 217 -63957
33 218 -29652
33 219 -49331
33 220 -12030
33 221 -4190
33 222 -36685
33 223 -38432
33 224 8384
33 225 274049
33 226 117496
33 227 39002
33 228 66485
33 235 -66746
33 236 49432
33 237 -125298
33 238 64556
33 239 32732
33 240 -169113
34 13 -175355
34 14 -30757
34 15 -90906
34 16 -4844
34 17 -18011
34 18 -85329
34 19 -553453
34 20 28
34 21 -275466
34 22 -33792
34 23 20
34 24 -216461
34 25 -80111
34 26 -61557
34 27 139797
34 28 379164
34 29 -5535
34 30 136922
34 31 -201365
34 32 377
34 33 412155
34 35 323
34 36 425773
34 37 -150348
34 38 71
34 39 -40301
34 40 -334826
34 41 6
34 42 -305701
34 181 -43261
34 182 4363
34 183 -13902
34 184 -103213
34 185 28635
34 186 -86439
34 217 -37001
34 218 -4450
34 219 -11879
34 220 -87924
34 221 -28747
34 222 -72704
34 223 -67968
34 224 61344
34 225 116781
34 226 313909
34 227 5354
34 228 114360
34 235 -146477
34 236 30637
34 237 -75639
34 238 -4505
34 239 17896
34 240 -71059
35 13 -28447
35 14 -80256
35 15 -21236
35 16 -6225
35 17 -96962
35 18 -47061
35 19 24
35 20 -119064
35 21 -48
35 22 37
35 23 -138138
35 24 -85
35 25 -67547
35 26 -42132
35 27 39174
35 28 5611
35 29 304295
35 30 -2968
35 31 370
35 32 18585
35 33 -72
35 34 323
35 36 203
35 37 72
35 38 -120449
35 39 -212
35 40 -12
35 41 -138068
35 42 -78
35 181 4092
35 182 -80807
35 183 35138
35 184 37154
35 185 -96507
35 186 28971
35 217 -4180
35 218 -69848
35 219 -35139
35 220 -37292
35 221 -84263
35 222 -28933
35 223 67341
35 224 -43004
35 225 -38999
35 226 -5792
35 227 241636
35 228 3122
35 235 28330
35 236 -69330
35 237 21233
35 238 6138
35 239 -84360
35 240 46991
36 13 -90917
36 14 -22894
36 15 -103707
36 16 -29138
36 17 -43913
36 18 -203743
36 19 -275462
36 20 -43
36 21 -331735
36 22 -130502
36 23 -88
36 24 -639068
36 25 139808
36 26 35728
36 27 82459
36 28 136956
36 29 3489
36 30 539750
36 31 412150
36 32 -66
36 33 277651
36 34 425773
36 35 203
36 37 -40301
36 38 -206
36 39 -742651
36 40 -391659
36 41 -75
36 42 -337399
36 181 -13891
36 182 37983
36 183 -237956
36 184 -142583
36 185 37560
36 186 -104542
36 217 -11892
36 218 -37990
36 219 -198752
36 220 -119640
36 221 -37520
36 222 -88168
36 223 116776
36 224 -35559
36 225 67724
36 226 114325
36 227 -3336
36 228 448003
36 235 -75632
36 236 22887
36 237 -87308
36 238 -24169
36 239 43842
36 240 -171344
37 25 -57132
37 26 -29632
37 27 -75976
37 28 -43277
37 29 -4198
37 30 -14196
37 31 -165881
37 32 39
37 33 -268437
37 34 -150348
37 35 72
37 36 -40301
37 38 181
37 39 -139036
37 40 274385
37 41 275
37 42 413555
37 43 -435447
37 44 -2
37 45 -199568
37 46 -625601
37 47 95
37 48 233784
37 181 332085
37 182 8200
37 183 -45758
37 184 82633
37 185 39104
37 186 139478
37 187 -146671
37 188 49106
37 189 -80687
37 190 -199590
37 191 32563
37 192 75928
37 211 -124835
37 212 -49173
37 213 -67140
37 214 -168277
37 215 -32556
37 216 64010
37 217 273208
37 218 -8451
37 219 -38137
37 220 65382
37 221 -39233
37 222 118003
37 223 -48701
37 224 29499
37 225 -63938
37 226 -37062
37 227 4109
37 228 -11581
38 25 -39906
38 26 -52897
38 27 -29685
38 28 -4469
38 29 -80832
38 30 -38279
38 31 16
38 32 -40504
38 33 -105
38 34 71
38 35 -120449
38 36 -206
38 37 181
38 39 -176
38 40 279
38 41 18277
38 42 -355
38 43 18
38 44 -40307
38 45 -96
38 46 95
38 47 -119078
38 48 -144
38 181 -8514
38 182 193550
38 183 14837
38 184 35637
38 185 -41675
38 186 -61506
38 187 45428
38 188 -52630
38 189 19964
38 190 35153
38 191 -79984
38 192 -15048
38 211 -45472
38 212 -49007
38 213 -19790
38 214 -35145
38 215 -69537
38 216 15152
38 217 8263
38 218 143838
38 219 -14386
38 220 -35770
38 221 -44244
38 222 61784
38 223 39751
38 224 -49203
38 225 29768
38 226 4380
38 227 -70193
38 228 38274
39 25 -132138
39 26 -39901
39 27 -57242
39 28 -14186
39 29 -35429
39 30 -237036
39 31 -354398
39 32 -106
39 33 -167979
39 34 -40301
39 35 -212
39 36 -742651
39 37 -139036
39 38 -176
39 40 413558
39 41 -354
39 42 -199726
39 43 -113606
39 44 -97
39 45 102671
39 46 233780
39 47 -145
39 48 -259470
39 181 -45759
39 182 -14131
39 183 386140
39 184 139483
39 185 -67487
39 186 -77237
39 187 -24524
39 188 6005
39 189 32771
39 190 75915
39 191 -13874
39 192 -78142
39 211 -20220
39 212 -5833
39 213 26514
39 214 64022
39 215 13980
39 216 -66721
39 217 -38140
39 218 14581
39 219 318267
39 220 118002
39 221 67763
39 222 -69822
39 223 -110854
39 224 39989
39 225 -49893
39 226 -11594
39 227 35430
39 228 -199839
40 25 -236177
40 26 -37986
40 27 -14402
40 28 -103946
40 29 -37537
40 30 -142739
40 31 -736404
40 32 85
40 33 -41786
40 34 -334826
40 35 -12
40 36 -391659
40 37 274385
40 38 279
40 39 413558
40 41 238
40 42 428699
40 43 -332930
40 44 -30
40 45 -276457
40 46 -636630
40 47 3
40 48 -132358
40 181 81241
40 182 -35505
40 183 140371
40 184 537595
40 185 -3145
40 186 137866
40 187 -103891
40 188 22745
40 189 -91243
40 190 -202611
40 191 43604
40 192 -29772
40 211 -87576
40 212 -22813
40 213 -75888
40 214 -170944
40 215 -43637
40 216 -24658
40 217 66964
40 218 35374
40 219 117100
40 220 446193
40 221 3034
40 222 115129
40 223 -197035
40 224 37903
40 225 -12256
40 226 -87315
40 227 37399
40 228 -119502
41 25 -35156
41 26 -80193
41 27 -4144
41 28 -28895
41 29 -96814
41 30 -37546
41 31 82
41 32 -119036
41 33 -70
41 34 6
41 35 -138068
41 36 -75
41 37 275
41 38 18277
41 39 -354
41 40 238
41 42 -77
41 43 -30
41 44 -120381
41 45 -205
41 46 -16
41 47 -137900
41 48 -55
41 181 -38968
41 182 -42255
41 183 67630
41 184 3282
41 185 304225
41 186 -5417
41 187 21090
41 188 -80807
41 189 28417
41 190 46683
41 191 -96502
41 192 6533
41 211 -21158
41 212 -69792
41 213 -28347
41 214 -46740
41 215 -84154
41 216 -6408
41 217 38842
41 218 -42968
41 219 -67357
41 220 -3393
41 221 241585
41 222 5668
41 223 35076
41 224 -69259
41 225 4226
41 226 28782
41 227 -84308
41 228 37586
42 25 -14415
42 26 -4424
42 27 -42853
42 28 -86560
42 29 -28961
42 30 -104286
42 31 -41782
42 32 -68
42 33 -148548
42 34 -305701
42 35 -78
42 36 -337399
42 37 413555
42 38 -355
42 39 -199726
42 40 428699
42 41 -77
42 43 -276459
42 44 -203
42 45 -559602
42 46 -218314
42 47 -53
42 48 -34464
42 181 140375
42 182 61650
42 183 -79628
42 184 137878
42 185 5747
42 186 381059
42 187 -91229
42 188 30744
42 189 -177330
42 190 -85932
42 191 18261
42 192 -5004
42 211 -75901
42 212 -30677
42 213 -147928
42 214 -71578
42 215 -18134
42 216 -4697
42 217 117098
42 218 -61376
42 219 -67264
42 220 115114
42 221 -5496
42 222 315491
42 223 -12246
42 224 4504
42 225 -36582
42 226 -72601
42 227 29000
42 228 -88480
43 37 -435447
43 38 18
43 39 -113606
43 40 -332930
43 41 -30
43 42 -276459
43 44 -10189
43 45 -2032
43 46 118530
43 47 -4618
43 48 134486
43 49 91191
43 50 10418
43 51 -40768
43 52 -381799
43 53 15946
43 54 279080
43 55 9210
43 56 -38495
43 57 -20541
43 58 -124591
43 59 -23462
43 60 86708
43 181 -147023
43 182 -45509
43 183 -23954
43 184 -103825
43 185 -21313
43 186 -90907
43 187 289305
43 188 1139
43 189 164
43 190 47925
43 191 11562
43 192 46878
43 193 -19202
43 194 49661
43 195 -28643
43 196 -124478
43 197 29946
43 198 96233
43 211 232352
43 212 -12262
43 213 -2837
43 214 -6184
43 215 -29521
43 216 53237
43 217 -124532
43 218 45466
43 219 -20773
43 220 -87728
43 221 21244
43 222 -76264
44 37 -2
44 38 -40307
44 39 -97
44 40 -30
44 41 -120381
44 42 -203
44 43 -10189
44 45 -5456
44 46 -4569
44 47 -163937
44 48 -4565
44 49 10027
44 50 162061
44 51 -5453
44 52 16281
44 53 -118197
44 54 -28501
44 55 -38409
44 56 32632
44 57 -13260
44 58 -23559
44 59 -108295
44 60 62313
44 181 -49308
44 182 -52699
44 183 -5711
44 184 -22968
44 185 -80734
44 186 -30862
44 187 -1027
44 188 215195
44 189 24248
44 190 10643
44 191 -183392
44 192 -140808
44 193 49723
44 194 6780
44 195 18929
44 196 29937
44 197 -107756
44 198 -63190
44 211 -9808
44 212 154741
44 213 -18972
44 214 -28880
44 215 -228373
44 216 174778
44 217 49241
44 218 -49066
44 219 5883
44 220 22900
44 221 -70161
44 222 30931
45 37 -199568
45 38 -96
45 39 102671
45 40 -276457
45 41 -205
45 42 -559602
45 43 -2032
45 44 -5456
45 46 138432
45 47 -1991
45 48 -1335429
45 49 38080
45 50 -17391
45 51 638970
45 52 276887
45 53 -37114
45 54 -701109
45 55 25535
45 56 23332
45 57 202629
45 58 82189
45 59 58108
45 60 -258763
45 181 -80115
45 182 -19666
45 183 33086
45 184 -90894
45 185 -28533
45 186 -176195
45 187 224
45 188 -22963
45 189 558856
45 190 46626
45 191 -144234
45 192 -425284
45 193 27794
45 194 -18053
45 195 182397
45 196 96210
45 197 -63195
45 198 -226154
45 211 4855
45 212 40509
45 213 550972
45 214 56201
45 215 188506
45 216 -484875
45 217 -67691
45 218 19841
45 219 26178
45 220 -76278
45 221 28605
45 222 -149174
46 37 -625601
46 38 95
46 39 233780
46 40 -636630
46 41 -16
46 42 -218314
46 43 118530
46 44 -4569
46 45 138432
46 47 -9099
46 48 95343
46 49 -385766
46 50 16598
46 51 -283996
46 52 83820
46 53 10359
46 54 37851
46 55 -105774
46 56 -23534
46 57 -77198
46 58 4745
46 59 -39933
46 60 30533
46 181 -200252
46 182 -35006
46 183 76566
46 184 -202920
46 185 -46887
46 186 -85468
46 187 46552
46 188 -10544
46 189 46866
46 190 445662
46 191 287
46 192 31863
46 193 -126599
46 194 29937
46 195 -97526
46 196 -19073
46 197 49639
46 198 27756
46 211 7735
46 212 -7651
46 213 24801
46 214 354342
46 215 -11519
46 216 27356
46 217 -167533
46 218 35014
46 219 63358
46 220 -170695
46 221 46829
46 222 -72006
47 37 95
47 38 -119078
47 39 -145
47 40 3
47 41 -137900
47 42 -53
47 43 -4618
47 44 -163937
47 45 -1991
47 46 -9099
47 48 -1530
47 49 16397
47 50 -117257
47 51 22581
47 52 10620
47 53 153016
47 54 -1271
47 55 -23613
47 56 -92031
47 57 -55862
47 58 -39849
47 59 29831
47 60 19189
47 181 -32417
47 182 -80139
47 183 13958
47 184 -43686
47 185 -96574
47 186 -17990
47 187 -11486
47 188 -184569
47 189 144317
47 190 -303
47 191 270839
47 192 -18043
47 193 29946
47 194 -109550
47 195 63783
47 196 49577
47 197 7043
47 198 -18031
47 211 -6388
47 212 -215501
47 213 -172855
47 214 -11256
47 215 198204
47 216 19680
47 217 32425
47 218 -69230
47 219 -13852
47 220 43653
47 221 -84205
47 222 18117
48 37 233784
48 38 -144
48 39 -259470
48 40 -132358
48 41 -55
48 42 -34464
48 43 134486
48 44 -4565
48 45 -1335429
48 46 95343
48 47 -1530
48 49 -279199
48 50 31945
48 51 -702246
48 52 -37101
48 53 9622
48 54 610842
48 55 -74600
48 56 -53488
48 57 -202898
48 58 -17167
48 59 -18474
48 60 191624
48 181 76552
48 182 15130
48 183 -78742
48 184 -29305
48 185 -6265
48 186 -4746
48 187 47039
48 188 140894
48 189 -431070
48 190 31882
48 191 19024
48 192 504246
48 193 -97580
48 194 63796
48 195 -231676
48 196 -28603
48 197 18925
48 198 182772
48 211 21161
48 212 -178551
48 213 -438362
48 214 17383
48 215 -27627
48 216 480547
48 217 63371
48 218 -15026
48 219 -66100
48 220 -25088
48 221 6390
48 222 -4957
49 43 91191
49 44 10027
49 45 38080
49 46 -385766
49 47 16397
49 48 -279199
49 50 105794
49 51 -49290
49 52 -438286
49 53 -116012
49 54 -33420
49 55 97408
49 56 50377
49 57 70832
49 58 -168176
49 59 -158646
49 60 107015
49 73 241528
49 74 -12050
49 75 -70567
49 76 -448992
49 77 3686
49 78 265791
49 187 -18851
49 188 -49531
49 189 28320
49 190 -125509
49 191 -30010
49 192 -96794
49 193 291423
49 194 16652
49 195 -5641
49 196 -119192
49 197 -30238
49 198 -1841
49 199 20834
49 200 65229
49 201 -31636
49 202 -154700
49 203 38928
49 204 110018
49 211 10335
49 212 55781
49 213 19080
49 214 -122539
49 215 33616
49 216 -70745
50 43 10418
50 44 162061
50 45 -17391
50 46 16598
50 47 -117257
50 48 31945
50 49 105794
50 51 -35710
50 52 -137122
50 53 -346263
50 54 -42692
50 55 -16979
50 56 63720
50 57 -34309
50 58 -69468
50 59 -517367
50 60 347329
50 73 -71344
50 74 254341
50 75 15982
50 76 62666
50 77 -144703
50 78 -16370
50 187 -49531
50 188 6945
50 189 18486
50 190 -30001
50 191 -109025
50 192 -63631
50 193 16409
50 194 277838
50 195 44446
50 196 -30404
50 197 -402194
50 198 -262235
50 199 65139
50 200 -2728
50 201 38938
50 202 38615
50 203 -168648
50 204 -112656
50 211 55954
50 212 -47262
50 213 -31686
50 214 33255
50 215 -148949
50 216 119555
51 43 -40768
51 44 -5453
51 45 638970
51 46 -283996
51 47 22581
51 48 -702246
51 49 -49290
51 50 -35710
51 52 22967
51 53 -23921
51 54 -2587707
51 55 35675
51 56 59603
51 57 634706
51 58 44965
51 59 375759
51 60 -920762
51 73 75751
51 74 28537
51 75 950564
51 76 267927
51 77 -50783
51 78 -1001872
51 187 -27972
51 188 -18444
51 189 182471
51 190 -96817
51 191 -63667
51 192 -229115
51 193 -5502
51 194 -30450
51 195 887571
51 196 -3383
51 197 -251198
51 198 -858561
51 199 31728
51 200 -30959
51 201 295318
51 202 113997
51 203 -118740
51 204 -322262
51 211 -20401
51 212 31730
51 213 193080
51 214 -64880
51 215 111118
51 216 -262213
52 43 -381799
52 44 16281
52 45 276887
52 46 83820
52 47 10620
52 48 -37101
52 49 -438286
52 50 -137122
52 51 22967
52 53 88774
52 54 37847
52 55 -85899
52 56 -157135
52 57 -101203
52 58 74919
52 59 92579
52 60 -62160
52 73 -388519
52 74 -18019
52 75 -239767
52 76 215116
52 77 5669
52 78 90285
52 187 -125234
52 188 -29791
52 189 96654
52 190 -18844
52 191 -49633
52 192 -28011
52 193 -136098
52 194 -30467
52 195 1279
52 196 284578
52 197 16028
52 198 2142
52 199 -179931
52 200 40740
52 201 -119991
52 202 12601
52 203 65718
52 204 19489
52 211 -104575
52 212 32345
52 213 63853
52 214 2532
52 215 53411
52 216 -23168
53 43 15946
53 44 -118197
53 45 -37114
53 46 10359
53 47 153016
53 48 9622
53 49 -116012
53 50 -346263
53 51 -23921
53 52 88774
53 54 -32191
53 55 -77889
53 56 -393223
53 57 -271108
53 58 -7988
53 59 27476
53 60 106824
53 73 29237
53 74 -119377
53 75 -8691
53 76 -41771
53 77 248254
53 78 -38493
53 187 -29800
53 188 -108186
53 189 63355
53 190 -49633
53 191 7063
53 192 -18491
53 193 -30218
53 194 -418954
53 195 268482
53 196 16187
53 197 273870
53 198 -37075
53 199 41078
53 200 -185443
53 201 122616
53 202 65782
53 203 -1500
53 204 -28131
53 211 32542
53 212 -140585
53 213 -112604
53 214 53406
53 215 -45338
53 216 36923
54 43 279080
54 44 -28501
54 45 -701109
54 46 37851
54 47 -1271
54 48 610842
54 49 -33420
54 50 -42692
54 51 -2587707
54 52 37847
54 53 -32191
54 55 -35133
54 56 -304009
54 57 -556485
54 58 -30718
54 59 13155
54 60 575226
54 73 -243851
54 74 31246
54 75 -863704
54 76 -52342
54 77 -52258
54 78 880405
54 187 96599
54 188 63300
54 189 -228567
54 190 28358
54 191 18513
54 192 182846
54 193 3946
54 194 257023
54 195 -919591
54 196 5371
54 197 37006
54 198 867718
54 199 -125336
54 200 128028
54 201 -383617
54 202 -40582
54 203 39304
54 204 276306
54 211 58778
54 212 -103488
54 213 -225581
54 214 13552
54 215 -23166
54 216 174980
55 43 9210
55 44 -38409
55 45 25535
55 46 -105774
55 47 -23613
55 48 -74600
55 49 97408
55 50 -16979
55 51 35675
55 52 -85899
55 53 -77889
55 54 -35133
55 56 -140724
55 57 223221
55 58 -328337
55 59 39104
55 60 -121386
55 61 38923
55 62 -48575
55 63 91541
55 64 -13331
55 65 -6781
55 66 24252
55 67 8902
55 68 8517
55 69 14799
55 70 -22206
55 71 12980
55 72 -18727
55 73 81652
55 74 10473
55 75 9361
55 76 -119559
55 77 107535
55 78 33216
55 79 -74133
55 80 -23151
55 81 43756
55 82 -40543
55 83 13450
55 84 38815
55 205 -87558
55 206 -19680
55 207 -43086
55 208 -167174
55 209 156307
55 210 -166194
55 211 132965
55 212 1021
55 213 66638
55 214 -209638
55 215 46413
55 216 -147684
56 43 -38495
56 44 32632
56 45 23332
56 46 -23534
56 47 -92031
56 48 -53488
56 49 50377
56 50 63720
56 51 59603
56 52 -157135
56 53 -393223
56 54 -304009
56 55 -140724
56 57 177326
56 58 54582
56 59 -278331
56 60 -217903
56 61 -46772
56 62 31275
56 63 109613
56 64 -6693
56 65 -13728
56 66 25296
56 67 -8879
56 68 -84728
56 69 29446
56 70 10901
56 71 -36325
56 72 31212
56 73 -38473
56 74 38291
56 75 98947
56 76 168842
56 77 -252690
56 78 -255563
56 79 -5700
56 80 16102
56 81 36889
56 82 13587
56 83 -23605
56 84 -12644
56 205 43166
56 206 -226614
56 207 20948
56 208 63337
56 209 -317324
56 210 200645
56 211 76830
56 212 243453
56 213 -22774
56 214 -15217
56 215 -24009
56 216 53121
57 43 -20541
57 44 -13260
57 45 202629
57 46 -77198
57 47 -55862
57 48 -202898
57 49 70832
57 50 -34309
57 51 634706
57 52 -101203
57 53 -271108
57 54 -556485
57 55 223221
57 56 177326
57 58 -200501
57 59 -265532
57 60 -1698489
57 61 131660
57 62 154544
57 63 113073
57 64 18525
57 65 20883
57 66 -334682
57 67 24155
57 68 56854
57 69 -972
57 70 -16781
57 71 34020
57 72 -70777
57 73 4322
57 74 14009
57 75 414051
57 76 91012
57 77 -222710
57 78 -376463
57 79 89055
57 80 70609
57 81 30475
57 82 39067
57 83 -12201
57 84 -142979
57 205 9838
57 206 68971
57 207 140218
57 208 -82677
57 209 216380
57 210 -378866
57 211 -65111
57 212 38569
57 213 618734
57 214 -137677
57 215 22817
57 216 -529264
58 43 -124591
58 44 -23559
58 45 82189
58 46 4745
58 47 -39849
58 48 -17167
58 49 -168176
58 50 -69468
58 51 44965
58 52 74919
58 53 -7988
58 54 -30718
58 55 -328337
58 56 54582
58 57 -200501
58 59 249544
58 60 -43980
58 61 -438945
58 62 -330982
58 63 -100169
58 64 7391
58 65 -26945
58 66 149919
58 67 -79703
58 68 -59910
58 69 -12612
58 70 11332
58 71 -8705
58 72 26673
58 73 -286859
58 74 94364
58 75 -182283
58 76 315486
58 77 113720
58 78 18238
58 79 -262357
58 80 -119790
58 81 -56601
58 82 -74220
58 83 -5140
58 84 89864
58 205 -36172
58 206 78861
58 207 60634
58 208 104987
58 209 1147
58 210 66029
58 211 -244406
58 212 70912
58 213 161142
58 214 136823
58 215 29207
58 216 -55621
59 43 -23462
59 44 -108295
59 45 58108
59 46 -39933
59 47 29831
59 48 -18474
59 49 -158646
59 50 -517367
59 51 375759
59 52 92579
59 53 27476
59 54 13155
59 55 39104
59 56 -278331
59 57 -265532
59 58 249544
59 60 -99175
59 61 -331066
59 62 -520970
59 63 -113833
59 64 -29037
59 65 13310
59 66 169574
59 67 -57777
59 68 -176101
59 69 -33506
59 70 8795
59 71 -88657
59 72 56834
59 73 169003
59 74 -196990
59 75 105901
59 76 27213
59 77 314332
59 78 648
59 79 -119870
59 80 -212037
59 81 -43602
59 82 -22546
59 83 16758
59 84 72037
59 205 9747
59 206 -361191
59 207 -228262
59 208 98663
59 209 -63105
59 210 49846
59 211 2361
59 212 -59235
59 213 -85198
59 214 85326
59 215 222923
59 216 -14278
60 43 86708
60 44 62313
60 45 -258763
60 46 30533
60 47 19189
60 48 191624
60 49 107015
60 50 347329
60 51 -920762
60 52 -62160
60 53 106824
60 54 575226
60 55 -121386
60 56 -217903
60 57 -1698489
60 58 -43980
60 59 -99175
60 61 -98671
60 62 -113011
60 63 -240825
60 64 103950
60 65 119404
60 66 111126
60 67 -13011
60 68 -35206
60 69 -53799
60 70 16292
60 71 28566
60 72 2926
60 73 -232304
60 74 65239
60 75 -552993
60 76 30252
60 77 80532
60 78 523468
60 79 -56226
60 80 -43239
60 81 -97480
60 82 44370
60 83 37975
60 84 32894
60 205 -28180
60 206 -232861
60 207 -242082
60 208 8685
60 209 9988
60 210 233985
60 211 152794
60 212 -62745
60 213 -621359
60 214 75317
60 215 -73220
60 216 577593
61 55 38923
61 56 -46772
61 57 131660
61 58 -438945
61 59 -331066
61 60 -98671
61 62 242033
61 63 -17456
61 64 -32879
61 65 -62519
61 66 -170829
61 67 -3166
61 68 140007
61 69 25069
61 70 -171083
61 71 90855
61 72 -115614
61 73 18891
61 74 11243
61 75 36819
61 76 -134010
61 77 -71713
61 78 -19803
61 79 316948
61 80 117170
61 81 -26638
61 82 -192580
61 83 61838
61 84 95904
61 205 -77605
61 206 34744
61 207 63272
61 208 -199468
61 209 -22839
61 210 -36173
61 337 75995
61 338 -31896
61 339 -21687
61 340 -66952
61 341 -59048
61 342 52532
61 343 -77336
61 344 -45753
61 345 -10507
61 346 -147941
61 347 -26283
61 348 112123
62 55 -48575
62 56 31275
62 57 154544
62 58 -330982
62 59 -520970
62 60 -113011
62 61 242033
62 63 -54724
62 64 -63653
62 65 -65433
62 66 -218960
62 67 102282
62 68 -76688
62 69 2053
62 70 109642
62 71 -131868
62 72 96757
62 73 28634
62 74 -64271
62 75 108173
62 76 -71897
62 77 -315900
62 78 -62272
62 79 132422
62 80 415739
62 81 -479
62 82 61355
62 83 -167567
62 84 -148591
62 205 17246
62 206 1061
62 207 6713
62 208 -20897
62 209 -54432
62 210 -1996
62 337 -27615
62 338 -30300
62 339 4426
62 340 -57404
62 341 -235257
62 342 189596
62 343 -45675
62 344 -436
62 345 -10017
62 346 -26914
62 347 -99590
62 348 47790
63 55 91541
63 56 109613
63 57 113073
63 58 -100169
63 59 -113833
63 60 -240825
63 61 -17456
63 62 -54724
63 64 -167779
63 65 -189928
63 66 -744086
63 67 9693
63 68 22203
63 69 86056
63 70 -135726
63 71 76130
63 72 -173764
63 73 20260
63 74 54760
63 75 30643
63 76 -20050
63 77 -62758
63 78 -89705
63 79 22717
63 80 -12124
63 81 516256
63 82 106154
63 83 -141047
63 84 -447904
63 205 33903
63 206 5483
63 207 -2298
63 208 -34232
63 209 -2023
63 210 -52274
63 337 -23343
63 338 69775
63 339 237551
63 340 56757
63 341 174420
63 342 -443067
63 343 43118
63 344 15679
63 345 114673
63 346 114611
63 347 48372
63 348 -239251
64 55 -13331
64 56 -6693
64 57 18525
64 58 7391
64 59 -29037
64 60 103950
64 61 -32879
64 62 -63653
64 63 -167779
64 65 -16900
64 66 146428
64 67 -79469
64 68 62590
64 69 32910
64 70 -96625
64 71 93068
64 72 1865
64 73 -36455
64 74 15666
64 75 -26599
64 76 18524
64 77 29281
64 78 21251
64 79 -278769
64 80 23728
64 81 -219244
64 82 107062
64 83 30002
64 84 83270
64 205 -28762
64 206 14932
64 207 28025
64 208 -79571
64 209 19456
64 210 32958
64 337 -24675
64 338 -57281
64 339 -43410
64 340 95679
64 341 -40549
64 342 33076
64 343 -111177
64 344 -28488
64 345 -85465
64 346 -68932
64 347 -46120
64 348 40237
65 55 -6781
65 56 -13728
65 57 20883
65 58 -26945
65 59 13310
65 60 119404
65 61 -62519
65 62 -65433
65 63 -189928
65 64 -16900
65 66 199695
65 67 81486
65 68 -224739
65 69 -153012
65 70 91772
