%%MatrixMarket matrix coordinate integer general
%
1074 1074 11886
1 7 -110592
2 5 1603059
2 6 -190764074
2 8 70771
2 182 11480
2 183 -287003
3 4 -1229633
3 6 -75499485
3 9 70771
3 181 -11480
3 183 -642887
4 3 -1229633
4 5 0
4 6 -25503484
4 9 11480
4 12 -26350
4 15 -26350
4 18 -26350
4 21 -1228357
4 24 -2363033
4 27 -26350
4 30 -26350
4 33 -26350
4 36 -2360895
4 39 -1959228
4 42 -26350
4 48 1024871
4 54 -26350
4 57 -1956237
4 60 -1037226
4 63 -29229
4 66 1954808
4 69 -29229
4 72 -1033273
4 75 -1036467
4 78 -23215
4 81 1960822
4 84 -23215
4 87 -1031419
4 90 -1956950
4 93 -4973
4 96 -18859
4 99 1043843
4 102 -18859
4 108 -1950677
4 111 -3004823
4 114 -1725
4 117 -1725
4 120 -1725
4 123 -1725
4 126 -1579557
4 129 -3003787
4 132 758
4 135 758
4 138 758
4 141 758
4 144 -2950998
4 147 -31879
4 150 -31879
4 153 -31879
4 156 -31879
4 159 -31879
4 162 -1603839
4 165 116210
4 166 11063
4 168 -31094
4 171 -3005868
4 174 -2857778
4 177 13885
4 180 13885
4 181 -14694
4 183 -4898
4 186 11480
4 189 11480
4 190 -37830
4 191 -37830
4 194 11480
4 195 -37830
4 198 11480
4 201 11480
4 204 -37830
4 207 11480
4 209 -37830
4 212 11480
4 214 -37830
4 217 11480
4 221 11480
4 223 -125023
4 227 1062702
4 230 -37830
4 233 11480
4 235 -37830
4 236 -125023
4 240 1062702
4 243 -37830
4 246 11480
4 248 -125023
4 252 1062702
4 255 -233416
4 259 1984037
4 262 -29229
4 264 -29229
4 265 -233416
4 269 1984037
4 272 -29229
4 274 -233416
4 278 1984037
4 281 -233416
4 285 1984037
4 288 -23215
4 290 -23215
4 291 -233416
4 295 1984037
4 298 -23215
4 300 -233416
4 304 1984037
4 309 1062702
4 311 -18859
4 314 13885
4 316 -18859
4 318 -18859
4 321 1062702
4 323 -18859
4 327 1062702
4 331 13885
4 333 -15610
4 336 13885
4 338 -15610
4 341 13885
4 343 -15610
4 346 13885
4 348 -15610
4 351 13885
4 355 13885
4 359 13885
4 361 -13127
4 364 13885
4 366 -13127
4 369 13885
4 371 -13127
4 374 13885
4 376 -13127
4 379 13885
4 383 13885
4 386 -45764
4 389 13885
4 392 -45764
4 395 13885
4 398 -45764
4 401 13885
4 404 -45764
4 407 13885
4 410 -45764
4 413 13885
4 416 -1617725
4 419 13885
4 422 -45764
4 425 161974
4 426 -11063
4 428 784
4 431 -45764
4 434 13885
4 437 -3019753
4 440 13885
4 443 -3019753
4 446 161974
4 449 13885
4 452 13885
4 492 -412643
4 494 -4541892
4 549 -1772796
4 551 103049851
4 592 -239810
4 594 572668
5 2 1603059
5 4 0
5 6 -312639087
5 8 -11480
5 11 3003027
5 14 3003027
5 17 3003027
5 20 1603059
5 23 26350
5 26 26350
5 29 26350
5 32 26350
5 35 26350
5 38 -604034
5 41 -1955352
5 47 -2530912
5 53 -1955352
5 56 -746318
5 59 15344
5 62 29229
5 65 15344
5 68 29229
5 71 15344
5 74 9329
5 77 23215
5 80 9329
5 83 23215
5 86 9329
5 89 -551334
5 92 -1015261
5 95 18859
5 98 -1978409
5 101 18859
5 107 -1048539
5 110 1725
5 113 1725
5 116 1725
5 119 1725
5 122 1725
5 125 1725
5 128 -758
5 131 -758
5 134 -758
5 137 -758
5 140 -758
5 143 -758
5 146 31879
5 149 31879
5 152 31879
5 155 31879
5 158 31879
5 161 31879
5 164 -116210
5 167 30960
5 170 31879
5 173 -116210
5 176 -1497686
5 179 -1997268
5 182 -437457
5 183 -10027540
5 185 -11480
5 188 -11480
5 193 -11480
5 197 -11480
5 200 -11480
5 202 37830
5 203 37830
5 206 -11480
5 208 37830
5 211 -11480
5 213 37830
5 216 -11480
5 218 37830
5 220 -11480
5 222 37830
5 224 -75513
5 226 -641865
5 229 37830
5 232 -1993183
5 234 37830
5 237 -302205
5 239 -2568742
5 242 37830
5 245 -1993183
5 247 37830
5 249 -92252
5 251 -784149
5 254 29229
5 256 -1633
5 258 -13885
5 261 29229
5 263 29229
5 266 -1633
5 268 -13885
5 271 29229
5 273 29229
5 275 -1633
5 277 -13885
5 280 23215
5 282 -1633
5 284 -13885
5 287 23215
5 289 23215
5 292 -1633
5 294 -13885
5 297 23215
5 299 23215
5 301 -1633
5 303 -13885
5 306 18859
5 308 -570194
5 310 18859
5 313 -1034120
5 315 18859
5 317 18859
5 320 -1997268
5 322 18859
5 324 18859
5 326 -1067398
5 328 15610
5 330 -13885
5 332 15610
5 335 -13885
5 337 15610
5 340 -13885
5 342 15610
5 345 -13885
5 347 15610
5 350 -13885
5 352 15610
5 354 -13885
5 356 13127
5 358 -13885
5 360 13127
5 363 -13885
5 365 13127
5 368 -13885
5 370 13127
5 373 -13885
5 375 13127
5 378 -13885
5 380 13127
5 382 -13885
5 385 45764
5 388 -13885
5 391 45764
5 394 -13885
5 397 45764
5 400 -13885
5 403 45764
5 406 -13885
5 409 45764
5 412 -13885
5 415 45764
5 418 -13885
5 421 45764
5 424 -161974
5 427 -919
5 430 45764
5 433 -13885
5 436 45764
5 439 -13885
5 442 45764
5 445 -161974
5 448 -1497686
5 451 -1997268
5 493 -993134
5 494 97300922
5 550 -101699
5 551 5084955
5 593 -162434
5 594 7796842
6 2 -190764074
6 3 -75499485
6 4 -25503484
6 5 -312639087
6 8 1366134
6 9 704879
6 11 -357360272
6 12 -880112
6 14 -357360272
6 15 -142293
6 17 -357360272
6 18 595524
6 20 -190764074
6 21 62154913
6 23 -2582364
6 24 -145090232
6 26 -2582364
6 27 -880112
6 29 -2582364
6 30 -142293
6 32 -2582364
6 33 595524
6 35 -2582364
6 36 119461307
6 38 42282448
6 39 -120296631
6 41 136874698
6 42 -1196319
6 47 177163847
6 48 5534307
6 53 136874698
6 54 806330
6 56 52242302
6 57 98985594
6 59 -644458
6 60 -63685713
6 62 -1227647
6 63 -1327028
6 65 -644458
6 66 10555963
6 68 -1227647
6 69 894428
6 71 -644458
6 72 52283633
6 74 -130615
6 75 -63639091
6 77 -325011
6 78 -1053966
6 80 -130615
6 81 10588442
6 83 -325011
6 84 710382
6 86 -130615
6 87 52189847
6 89 -7718688
6 90 -120156774
6 92 -14213657
6 93 -235758
6 95 264029
6 96 -629899
6 98 -27697735
6 99 5636753
6 101 264029
6 102 426219
6 107 -14679553
6 108 98704279
6 110 72460
6 111 -184496165
6 113 72460
6 114 -81776
6 116 72460
6 117 -57623
6 119 72460
6 120 -9316
6 122 72460
6 123 38990
6 125 72460
6 126 79925592
6 128 -53084
6 129 -184432530
6 131 -53084
6 132 35945
6 134 -53084
6 135 25329
6 137 -53084
6 138 4095
6 140 -53084
6 141 -17138
6 143 -53084
6 144 149320545
6 146 3124156
6 147 -1957379
6 149 3124156
6 150 -1511071
6 152 3124156
6 153 -1064763
6 155 3124156
6 156 -172147
6 158 3124156
6 159 720468
6 161 3124156
6 162 81154284
6 164 -14642470
6 165 7135299
6 166 -250031
6 167 3886686
6 168 702737
6 170 4016772
6 171 152096921
6 173 -17896352
6 174 144603606
6 176 -20967615
6 177 297148
6 179 -27961765
6 180 -237441
6 181 -84248
6 182 31093508
6 183 670915765
6 185 1366134
6 186 383436
6 188 1125052
6 189 704879
6 190 -1263548
6 191 -204286
6 193 1366134
6 194 61992
6 195 854975
6 197 1366134
6 198 -259450
6 200 1366134
6 201 -580894
6 202 -3707416
6 203 -3707416
6 204 -1263548
6 206 1125052
6 207 383436
6 208 -3707416
6 209 -204286
6 211 1125052
6 212 61992
6 213 -3707416
6 214 854975
6 216 1125052
6 217 -259450
6 218 -3707416
6 220 1125052
6 221 -580894
6 222 -2648154
6 223 -7676462
6 224 5285953
6 226 44930603
6 227 65249931
6 228 -16936
6 229 -2648154
6 230 -1717517
6 232 139522853
6 233 521197
6 234 -2648154
6 235 -204286
6 236 -675128
6 237 21154353
6 239 179812002
6 240 5738593
6 241 -16936
6 242 -2648154
6 243 1157622
6 245 139522853
6 246 -351291
6 247 -2648154
6 248 6326205
6 249 6457700
6 251 54890457
6 252 -53772745
6 253 -16936
6 254 -1227647
6 255 -14331754
6 256 68610
6 258 583189
6 259 121819917
6 260 -16936
6 261 -1227647
6 262 -1327028
6 263 -1227647
6 264 -157840
6 265 -1260447
6 266 68610
6 268 583189
6 269 10713803
6 270 -16936
6 271 -1227647
6 272 894428
6 273 -1227647
6 274 11810859
6 275 68610
6 277 583189
6 278 -100392309
6 279 -16936
6 280 -325011
6 281 -14331754
6 282 22870
6 284 194396
6 285 121819917
6 286 -16936
6 287 -325011
6 288 -1053966
6 289 -325011
6 290 -125361
6 291 -1260447
6 292 22870
6 294 194396
6 295 10713803
6 296 -16936
6 297 -325011
6 298 710382
6 299 -325011
6 300 11810859
6 301 22870
6 303 194396
6 304 -100392309
6 305 -16936
6 306 264029
6 308 -7982717
6 309 65249931
6 310 264029
6 311 -893928
6 313 -14477687
6 314 658170
6 315 264029
6 316 -629899
6 317 264029
6 318 -101840
6 320 -27961765
6 321 5738593
6 322 264029
6 323 426219
6 324 264029
6 326 -14943582
6 327 -53772745
6 328 655649
6 330 -583189
6 331 852566
6 332 655649
6 333 -739946
6 335 -583189
6 336 658170
6 337 655649
6 338 -521397
6 340 -583189
6 341 463774
6 342 655649
6 343 -84297
6 345 -583189
6 346 74981
6 347 655649
6 348 352801
6 350 -583189
6 351 -313811
6 352 655649
6 354 -583189
6 355 -702603
6 356 918897
6 358 -971981
6 359 852566
6 360 918897
6 361 -622224
6 363 -971981
6 364 658170
6 365 918897
6 366 -438445
6 368 -971981
6 369 463774
6 370 918897
6 371 -70886
6 373 -971981
6 374 74981
6 375 918897
6 376 296672
6 378 -971981
6 379 -313811
6 380 918897
6 382 -971981
6 383 -702603
6 385 4484931
6 386 -2809946
6 388 -1360774
6 389 852566
6 391 4484931
6 392 -2169242
6 394 -1360774
6 395 658170
6 397 4484931
6 398 -1528537
6 400 -1360774
6 401 463774
6 403 4484931
6 404 -247128
6 406 -1360774
6 407 74981
6 409 4484931
6 410 1034280
6 412 -1360774
6 413 -313811
6 415 4484931
6 416 81856888
6 418 -1360774
6 419 -702603
6 421 5766339
6 422 -2809946
6 424 -20408810
6 425 9945245
6 426 250031
6 427 -127246
6 428 -17731
6 430 5766339
6 431 1034280
6 433 -1749567
6 434 -313811
6 436 5766339
6 437 152799525
6 439 -1749567
6 440 -702603
6 442 7047748
6 443 152799525
6 445 -24944101
6 446 -8195919
6 448 -20967615
6 449 297148
6 451 -27961765
6 452 -237441
6 492 -2354879
6 493 -15916463
6 494 547128822
6 549 84435488
6 550 -11390301
6 551 -4831351512
6 592 884422
6 593 -22740789
6 594 508478294
7 1 -110592
7 8 5443
7 9 -9587
7 184 -388
7 185 5443
7 187 -913
7 189 -9587
8 2 70771
8 5 -11480
8 6 1366134
8 7 5443
8 182 11480
8 183 -287003
8 184 -5443
8 185 50499
8 188 -26228
9 3 70771
9 4 11480
9 6 704879
9 7 -9587
9 181 -11480
9 183 -642887
9 186 -19671
9 187 9587
9 189 66385
10 12 -9967
10 25 -949
10 27 -9967
10 184 -110592
11 5 3003027
11 6 -357360272
11 26 -28182
11 182 11480
11 183 -287003
11 185 70771
12 4 -26350
12 6 -880112
12 10 -9967
12 25 9967
12 27 69014
12 181 -11480
12 183 -321443
12 186 70771
12 190 120051
13 15 -9967
13 28 -949
13 30 -9967
13 192 -110592
14 5 3003027
14 6 -357360272
14 29 -28182
14 182 11480
14 183 -287003
14 193 70771
15 4 -26350
15 6 -142293
15 13 -9967
15 28 9967
15 30 69014
15 181 -11480
15 191 120051
15 194 70771
16 18 -9967
16 31 -949
16 33 -9967
16 196 -110592
17 5 3003027
17 6 -357360272
17 32 -28182
17 182 11480
17 183 -287003
17 197 70771
18 4 -26350
18 6 595524
18 16 -9967
18 31 9967
18 33 69014
18 181 -11480
18 183 321443
18 195 120051
18 198 70771
19 199 -110592
20 5 1603059
20 6 -190764074
20 182 11480
20 183 -287003
20 200 70771
21 4 -1228357
21 6 62154913
21 181 -11480
21 183 642887
21 201 70771
22 23 5659
22 25 -404
22 26 5659
22 187 -110592
23 5 26350
23 6 -2582364
23 22 5659
23 25 -5659
23 26 52499
23 182 11480
23 183 -45920
23 188 70771
23 202 120051
24 4 -2363033
24 6 -145090232
24 27 -21137
24 181 -11480
24 183 -642887
24 189 70771
25 10 -949
25 12 9967
25 22 -404
25 23 -5659
25 27 4308
25 28 -404
25 29 5659
25 43 -404
25 45 -5659
25 205 -110592
26 5 26350
26 6 -2582364
26 11 -28182
26 22 5659
26 23 52499
26 28 -5659
26 29 52499
26 44 -21137
26 182 11480
26 183 -45920
26 203 120051
26 206 70771
27 4 -26350
27 6 -880112
27 10 -9967
27 12 69014
27 24 -21137
27 25 4308
27 30 -21137
27 43 5659
27 45 52499
27 181 -11480
27 183 -321443
27 204 120051
27 207 70771
28 13 -949
28 15 9967
28 25 -404
28 26 -5659
28 30 4308
28 31 -404
28 32 5659
28 46 -404
28 48 -5659
28 210 -110592
29 5 26350
29 6 -2582364
29 14 -28182
29 25 5659
29 26 52499
29 31 -5659
29 32 52499
29 47 -21137
29 182 11480
29 183 -45920
29 208 120051
29 211 70771
30 4 -26350
30 6 -142293
30 13 -9967
30 15 69014
30 27 -21137
30 28 4308
30 33 -21137
30 46 5659
30 48 52499
30 181 -11480
30 209 120051
30 212 70771
31 16 -949
31 18 9967
31 28 -404
31 29 -5659
31 33 4308
31 34 -404
31 35 5659
31 49 -404
31 51 -5659
31 215 -110592
32 5 26350
32 6 -2582364
32 17 -28182
32 28 5659
32 29 52499
32 34 -5659
32 35 52499
32 50 -21137
32 182 11480
32 183 -45920
32 213 120051
32 216 70771
33 4 -26350
33 6 595524
33 16 -9967
33 18 69014
33 30 -21137
33 31 4308
33 36 -21137
33 49 5659
33 51 52499
33 181 -11480
33 183 321443
33 214 120051
33 217 70771
34 31 -404
34 32 -5659
34 35 -5659
34 219 -110592
35 5 26350
35 6 -2582364
35 31 5659
35 32 52499
35 34 -5659
35 182 11480
35 183 -45920
35 218 120051
35 220 70771
36 4 -2360895
36 6 119461307
36 33 -21137
36 181 -11480
36 183 642887
36 221 70771
37 38 16910
37 40 -2113
37 41 16910
37 225 -538831
38 5 -604034
38 6 42282448
38 37 16910
38 40 -16910
38 41 88499
38 222 120051
38 224 641865
38 226 -186657082
39 4 -1959228
39 6 -120296631
39 42 -36990
39 223 -1062702
39 227 -178963264
40 37 -2113
40 38 -16910
40 41 12330
40 42 -5659
40 43 -4873
40 44 29241
40 61 -404
40 63 -5659
40 231 -875612
41 5 -1955352
41 6 136874698
41 37 16910
41 38 88499
41 40 12330
41 43 -29241
41 44 113067
41 62 -21137
41 182 1993183
41 183 47836406
41 229 120051
41 232 -523214703
42 4 -26350
42 6 -1196319
42 39 -36990
42 40 -5659
42 45 -49320
42 61 5659
42 63 52499
42 181 -11480
42 183 -459205
42 230 120051
42 233 70771
43 25 -404
43 27 5659
43 40 -4873
43 41 -29241
43 44 -23581
43 45 5659
43 46 -404
43 47 5659
44 26 -21137
44 40 29241
44 41 113067
44 43 -23581
44 46 -5659
44 47 52499
45 25 -5659
45 27 52499
45 42 -49320
45 43 5659
45 48 -21137
46 28 -404
46 30 5659
46 43 -404
46 44 -5659
46 49 -404
46 50 5659
46 64 -404
46 66 -5659
46 238 -1158776
47 5 -2530912
47 6 177163847
47 29 -21137
47 43 5659
47 44 52499
47 49 -5659
47 50 52499
47 65 -21137
47 234 120051
47 237 2568742
47 239 -789309214
48 4 1024871
48 6 5534307
48 28 -5659
48 30 52499
48 45 -21137
48 51 -21137
48 64 5659
48 66 52499
48 235 120051
48 236 -1062702
48 240 -178963264
49 31 -404
49 33 5659
49 46 -404
49 47 -5659
49 50 55366
49 51 5659
49 52 -15256
49 53 61026
50 32 -21137
50 46 5659
50 47 52499
50 49 55366
50 52 -61026
50 53 150534
51 31 -5659
51 33 52499
51 48 -21137
51 49 5659
51 54 -73980
52 49 -15256
52 50 -61026
52 53 -50061
52 54 -5659
52 55 -1096
52 56 10965
52 67 -404
52 69 -5659
52 244 -875612
53 5 -1955352
53 6 136874698
53 49 61026
53 50 150534
53 52 -50061
53 55 -10965
53 56 72225
53 68 -21137
53 182 1993183
53 183 47836406
53 242 120051
53 245 -523214703
54 4 -26350
54 6 806330
54 51 -73980
54 52 -5659
54 57 -29592
54 67 5659
54 69 52499
54 181 -11480
54 183 413284
54 243 120051
54 246 70771
55 52 -1096
55 53 -10965
55 56 -10965
55 250 -609882
56 5 -746318
56 6 52242302
56 52 10965
56 53 72225
56 55 -10965
56 247 120051
56 249 784149
56 251 -228139436
57 4 -1956237
57 6 98985594
57 54 -29592
57 248 -1062702
57 252 -178963264
58 59 16910
58 61 -2113
58 62 16910
58 257 -650439
59 5 15344
59 6 -644458
59 58 16910
59 61 -16910
59 62 88499
59 254 107981
59 256 13885
59 258 77377
60 4 -1037226
60 6 -63685713
60 63 -36990
60 255 -1984037
60 259 -333818032
61 40 -404
61 42 5659
61 58 -2113
61 59 -16910
61 62 -14120
61 64 -139
61 65 2790
61 76 -404
61 78 -5659
62 5 29229
62 6 -1227647
62 41 -21137
62 58 16910
62 59 88499
62 61 -14120
62 64 -2790
62 65 37093
62 77 -21137
62 261 107981
63 4 -29229
63 6 -1327028
63 40 -5659
63 42 52499
63 60 -36990
63 66 -14796
63 76 5659
63 78 52499
63 262 107981
64 46 -404
64 48 5659
64 61 -139
64 62 -2790
64 65 649
64 67 -191
64 68 3440
64 79 -404
64 81 -5659
64 267 -650439
65 5 15344
65 6 -644458
65 47 -21137
65 61 2790
65 62 37093
65 64 649
65 67 -3440
65 68 41128
65 80 -21137
65 263 107981
65 266 13885
65 268 77377
66 4 1954808
66 6 10555963
66 46 -5659
66 48 52499
66 63 -14796
66 69 -16440
66 79 5659
66 81 52499
66 264 107981
66 265 -1984037
66 269 -333818032
67 52 -404
67 54 5659
67 64 -191
67 65 -3440
67 68 7525
67 70 -1096
67 71 10965
67 82 -404
67 84 -5659
68 5 29229
68 6 -1227647
68 53 -21137
68 64 3440
68 65 41128
68 67 7525
68 70 -10965
68 71 72225
68 83 -21137
68 271 107981
69 4 -29229
69 6 894428
69 52 -5659
69 54 52499
69 66 -16440
69 72 -29592
69 82 5659
69 84 52499
69 272 107981
70 67 -1096
70 68 -10965
70 71 -10965
70 276 -650439
71 5 15344
71 6 -644458
71 67 10965
71 68 72225
71 70 -10965
71 273 107981
71 275 13885
71 277 77377
72 4 -1033273
72 6 52283633
72 69 -29592
72 274 -1984037
72 278 -333818032
73 74 16910
73 76 -2113
73 77 16910
73 283 -650439
74 5 9329
74 6 -130615
74 73 16910
74 76 -16910
74 77 88499
74 280 97742
74 282 13885
74 284 77377
75 4 -1036467
75 6 -63639091
75 78 -36990
75 281 -1984037
75 285 -333818032
76 61 -404
76 63 5659
76 73 -2113
76 74 -16910
76 77 -14521
76 78 42
76 79 -139
76 80 2790
76 91 -401
76 92 -401
76 93 -5616
77 5 23215
77 6 -325011
77 62 -21137
77 73 16910
77 74 88499
77 76 -14521
77 78 6013
77 79 -2790
77 80 37093
77 91 401
77 92 -20710
77 93 5220
77 287 97742
78 4 -23215
78 6 -1053966
78 61 -5659
78 63 52499
78 75 -36990
78 76 42
78 77 6013
78 81 -14796
78 91 5616
78 92 5220
78 93 51997
78 288 97742
79 64 -404
79 66 5659
79 76 -139
79 77 -2790
79 80 649
79 82 -191
79 83 3440
79 97 -404
79 99 -5659
79 293 -650439
80 5 9329
80 6 -130615
80 65 -21137
80 76 2790
80 77 37093
80 79 649
80 82 -3440
80 83 41128
80 98 -21137
80 289 97742
80 292 13885
80 294 77377
81 4 1960822
81 6 10588442
81 64 -5659
81 66 52499
81 78 -14796
81 84 -16440
81 97 5659
81 99 52499
81 290 97742
81 291 -1984037
81 295 -333818032
82 67 -404
82 69 5659
82 79 -191
82 80 -3440
82 83 7525
82 85 -1096
82 86 10965
82 103 -404
82 105 -5659
83 5 23215
83 6 -325011
83 68 -21137
83 79 3440
83 80 41128
83 82 7525
83 85 -10965
83 86 72225
83 104 -21137
83 297 97742
84 4 -23215
84 6 710382
84 67 -5659
84 69 52499
84 81 -16440
84 87 -29592
84 103 5659
84 105 52499
84 298 97742
85 82 -1096
85 83 -10965
85 86 -10965
85 302 -650439
86 5 9329
86 6 -130615
86 82 10965
86 83 72225
86 85 -10965
86 299 97742
86 301 13885
86 303 77377
87 4 -1031419
87 6 52189847
87 84 -29592
87 300 -1984037
87 304 -333818032
88 89 153341
88 91 -21905
88 92 153341
88 307 -487905
89 5 -551334
89 6 -7718688
89 88 153341
89 91 -153341
89 92 645524
89 306 89072
89 308 -165920408
89 493 570194
89 494 -57019412
90 4 -1956950
90 6 -120156774
90 93 -104729
90 309 -178963264
90 492 -1062702
90 494 -70882255
91 76 -401
91 77 401
91 78 5616
91 88 -21905
91 89 -153341
91 92 401
91 93 5616
91 94 -21905
91 95 153341
91 312 -365929
92 5 -1015261
92 6 -14213657
92 76 -401
92 77 -20710
92 78 5220
92 88 153341
92 89 645524
92 91 401
92 93 6013
92 94 -153341
92 95 645524
92 310 89072
92 313 -290052328
92 493 1034120
92 494 -103412054
93 4 -4973
93 6 -235758
93 76 -5616
93 77 5220
93 78 51997
93 90 -104729
93 91 5616
93 92 6013
93 96 -104729
93 311 89072
93 314 77377
93 492 -13885
93 494 -731763
94 91 -21905
94 92 -153341
94 95 43719
94 96 -5659
94 115 -404
94 117 -5659
94 175 -32843
94 176 197061
95 5 18859
95 6 264029
95 91 153341
95 92 645524
95 94 43719
95 116 -21137
95 175 -197061
95 176 683190
95 315 89072
96 4 -18859
96 6 -629899
96 93 -104729
96 94 -5659
96 115 5659
96 117 52499
96 177 -122184
96 316 89072
97 79 -404
97 81 5659
97 98 -56097
97 118 -404
97 120 -5659
97 175 -15260
97 176 -122087
97 178 -5865
97 179 65990
97 319 -650439
98 5 -1978409
98 6 -27697735
98 80 -21137
98 97 -56097
98 119 -21137
98 175 122087
98 176 602321
98 178 -65990
98 179 476166
98 317 89072
98 320 -580707919
98 493 1997268
98 494 -199726893
99 4 1043843
99 6 5636753
99 79 -5659
99 81 52499
99 118 5659
99 120 52499
99 177 -91638
99 180 -65164
99 318 89072
99 321 -178963264
99 492 -1062702
99 494 -11370916
100 101 -172621
100 102 -5659
100 103 -87760
100 104 351040
100 121 -404
100 123 -5659
100 178 -190422
100 179 -523661
101 5 18859
101 6 264029
101 100 -172621
101 103 -351040
101 104 655396
101 122 -21137
101 178 523661
101 179 350958
101 322 89072
102 4 -18859
102 6 426219
102 100 -5659
102 105 -183276
102 121 5659
102 123 52499
102 180 -266583
102 323 89072
103 82 -404
103 84 5659
103 100 -87760
103 101 -351040
103 104 -269055
103 105 5659
103 106 -8198
103 107 81984
104 83 -21137
104 100 351040
104 101 655396
104 103 -269055
104 106 -81984
104 107 520340
105 82 -5659
105 84 52499
105 102 -183276
105 103 5659
105 108 -73310
106 103 -8198
106 104 -81984
106 107 -81984
106 325 -650439
107 5 -1048539
107 6 -14679553
107 103 81984
107 104 520340
107 106 -81984
107 324 89072
107 326 -250127110
107 493 1067398
107 494 -106739876
108 4 -1950677
108 6 98704279
108 105 -73310
108 327 -178963264
108 492 -1062702
108 494 48140422
109 110 21845
109 112 -3120
109 113 21845
109 329 -121976
110 5 1725
110 6 72460
110 109 21845
110 112 -21845
110 113 99450
110 328 81696
110 330 77377
110 493 13885
110 494 -999752
111 4 -3004823
111 6 -184496165
111 114 -42274
111 331 77377
111 492 -13885
111 494 -926159
112 109 -3120
112 110 -21845
112 115 -3120
112 116 21845
112 334 -121976
113 5 1725
113 6 72460
113 109 21845
113 110 99450
113 115 -21845
113 116 99450
113 332 81696
113 335 77377
113 493 13885
113 494 -999752
114 4 -1725
114 6 -81776
114 111 -42274
114 117 -42274
114 333 81696
114 336 77377
114 492 -13885
114 494 -731763
115 94 -404
115 96 5659
115 112 -3120
115 113 -21845
115 116 -16186
115 118 -404
115 119 5659
115 133 -404
115 135 -5659
115 339 -121976
116 5 1725
116 6 72460
116 95 -21137
116 112 21845
116 113 99450
116 115 -16186
116 118 -5659
116 119 52499
116 134 -21137
116 337 81696
116 340 77377
116 493 13885
116 494 -999752
117 4 -1725
117 6 -57623
117 94 -5659
117 96 52499
117 114 -42274
117 120 -21137
117 133 5659
117 135 52499
117 338 81696
117 341 77377
117 492 -13885
117 494 -537367
118 97 -404
118 99 5659
118 115 -404
118 116 -5659
118 121 -404
118 122 5659
118 136 -404
118 138 -5659
118 344 -121976
119 5 1725
119 6 72460
119 98 -21137
119 115 5659
119 116 52499
119 121 -5659
119 122 52499
119 137 -21137
119 342 81696
119 345 77377
119 493 13885
119 494 -999752
120 4 -1725
120 6 -9316
120 97 -5659
120 99 52499
120 117 -21137
120 123 -21137
120 136 5659
120 138 52499
120 343 81696
120 346 77377
120 492 -13885
120 494 -148574
121 100 -404
121 102 5659
121 118 -404
121 119 -5659
121 124 -404
121 125 5659
121 139 -404
121 141 -5659
121 349 -121976
122 5 1725
122 6 72460
122 101 -21137
122 118 5659
122 119 52499
122 124 -5659
122 125 52499
122 140 -21137
122 347 81696
122 350 77377
122 493 13885
122 494 -999752
123 4 -1725
123 6 38990
123 100 -5659
123 102 52499
123 120 -21137
123 126 -21137
123 139 5659
123 141 52499
123 348 81696
123 351 77377
123 492 -13885
123 494 240218
124 121 -404
124 122 -5659
124 125 -5659
124 353 -121976
125 5 1725
125 6 72460
125 121 5659
125 122 52499
125 124 -5659
125 352 81696
125 354 77377
125 493 13885
125 494 -999752
126 4 -1579557
126 6 79925592
126 123 -21137
126 355 77377
126 492 -13885
126 494 629011
127 128 21845
127 130 -3120
127 131 21845
127 357 -121976
128 5 -758
128 6 -53084
128 127 21845
128 130 -21845
128 131 99450
128 356 75374
128 358 77377
128 493 13885
128 494 -610959
129 4 -3003787
129 6 -184432530
129 132 -42274
129 359 77377
129 492 -13885
129 494 -926159
130 127 -3120
130 128 -21845
130 133 -3120
130 134 21845
130 362 -121976
131 5 -758
131 6 -53084
131 127 21845
131 128 99450
131 133 -21845
131 134 99450
131 360 75374
131 363 77377
131 493 13885
131 494 -610959
132 4 758
132 6 35945
132 129 -42274
132 135 -42274
132 361 75374
132 364 77377
132 492 -13885
132 494 -731763
133 115 -404
133 117 5659
133 130 -3120
133 131 -21845
133 134 -16186
133 136 -404
133 137 5659
133 151 -404
133 153 -5659
133 367 -121976
134 5 -758
134 6 -53084
134 116 -21137
134 130 21845
134 131 99450
134 133 -16186
134 136 -5659
134 137 52499
134 152 -21137
134 365 75374
134 368 77377
134 493 13885
134 494 -610959
135 4 758
135 6 25329
135 115 -5659
135 117 52499
135 132 -42274
135 138 -21137
135 151 5659
135 153 52499
135 366 75374
135 369 77377
135 492 -13885
135 494 -537367
136 118 -404
136 120 5659
136 133 -404
136 134 -5659
136 139 -404
136 140 5659
136 154 -404
136 156 -5659
136 372 -121976
137 5 -758
137 6 -53084
137 119 -21137
137 133 5659
137 134 52499
137 139 -5659
137 140 52499
137 155 -21137
137 370 75374
137 373 77377
137 493 13885
137 494 -610959
138 4 758
138 6 4095
138 118 -5659
138 120 52499
138 135 -21137
138 141 -21137
138 154 5659
138 156 52499
138 371 75374
138 374 77377
138 492 -13885
138 494 -148574
139 121 -404
139 123 5659
139 136 -404
139 137 -5659
139 142 -404
139 143 5659
139 157 -404
139 159 -5659
139 377 -121976
140 5 -758
140 6 -53084
140 122 -21137
140 136 5659
140 137 52499
140 142 -5659
140 143 52499
140 158 -21137
140 375 75374
140 378 77377
140 493 13885
140 494 -610959
141 4 758
141 6 -17138
141 121 -5659
141 123 52499
141 138 -21137
141 144 -21137
141 157 5659
141 159 52499
141 376 75374
141 379 77377
141 492 -13885
141 494 240218
142 139 -404
142 140 -5659
142 143 -5659
142 381 -121976
143 5 -758
143 6 -53084
143 139 5659
143 140 52499
143 142 -5659
143 380 75374
143 382 77377
143 493 13885
143 494 -610959
144 4 -2950998
144 6 149320545
144 141 -21137
144 383 77377
144 492 -13885
144 494 629011
145 146 21845
145 147 -5443
145 148 -3120
145 149 21845
145 163 -388
145 165 -5443
145 384 -230400
145 387 -121976
146 5 31879
146 6 3124156
146 145 21845
146 148 -21845
146 149 99450
146 164 -19671
146 385 129159
146 388 77377
146 493 13885
146 494 -222167
146 550 -45764
146 551 2928934
147 4 -31879
147 6 -1957379
147 145 -5443
147 150 -42274
147 163 5443
147 165 50499
147 386 129159
147 389 77377
147 492 -13885
147 494 -926159
147 549 45764
147 551 2329418
148 145 -3120
148 146 -21845
148 151 -3120
148 152 21845
148 390 -230400
148 393 -121976
149 5 31879
149 6 3124156
149 145 21845
149 146 99450
149 151 -21845
149 152 99450
149 391 129159
149 394 77377
149 493 13885
149 494 -222167
149 550 -45764
149 551 2928934
150 4 -31879
150 6 -1511071
150 147 -42274
150 153 -42274
150 392 129159
150 395 77377
150 492 -13885
150 494 -731763
150 549 45764
150 551 1688713
151 133 -404
151 135 5659
151 148 -3120
151 149 -21845
151 152 -16186
151 153 5659
151 154 -404
151 155 5659
151 396 -230400
151 399 -121976
152 5 31879
152 6 3124156
152 134 -21137
152 148 21845
152 149 99450
152 151 -16186
152 154 -5659
152 155 52499
152 397 129159
152 400 77377
152 493 13885
152 494 -222167
152 550 -45764
152 551 2928934
153 4 -31879
153 6 -1064763
153 133 -5659
153 135 52499
153 150 -42274
153 151 5659
153 156 -21137
153 398 129159
153 401 77377
153 492 -13885
153 494 -537367
153 549 45764
153 551 1048009
154 136 -404
154 138 5659
154 151 -404
154 152 -5659
154 156 5659
154 157 -404
154 158 5659
154 402 -230400
154 405 -121976
155 5 31879
155 6 3124156
155 137 -21137
155 151 5659
155 152 52499
155 157 -5659
155 158 52499
155 403 129159
155 406 77377
155 493 13885
155 494 -222167
155 550 -45764
155 551 2928934
156 4 -31879
156 6 -172147
156 136 -5659
156 138 52499
156 153 -21137
156 154 5659
156 159 -21137
156 404 129159
156 407 77377
156 492 -13885
156 494 -148574
156 549 45764
156 551 -233399
157 139 -404
157 141 5659
157 154 -404
157 155 -5659
157 160 -404
157 161 5659
157 166 -404
157 168 -5659
157 408 -230400
157 411 -121976
158 5 31879
158 6 3124156
158 140 -21137
158 154 5659
158 155 52499
158 160 -5659
158 161 52499
158 167 -21137
158 409 129159
158 412 77377
158 493 13885
158 494 -222167
158 550 -45764
158 551 2928934
159 4 -31879
159 6 720468
159 139 -5659
159 141 52499
159 156 -21137
159 162 -21137
159 166 5659
159 168 52499
159 410 129159
159 413 77377
159 492 -13885
159 494 240218
159 549 45764
159 551 -1514808
160 157 -404
160 158 -5659
160 161 -5659
160 414 -979200
160 417 -121976
161 5 31879
161 6 3124156
161 157 5659
161 158 52499
161 160 -5659
161 415 129159
161 418 77377
161 493 13885
161 494 -222167
161 550 -45764
161 551 2928934
162 4 -1603839
162 6 81154284
162 159 -21137
162 416 -1720720237
162 419 77377
162 492 -13885
162 494 629011
162 549 1617725
162 551 -98843002
163 145 -388
163 147 5443
163 165 5443
163 420 -230400
163 423 -518400
164 5 -116210
164 6 -14642470
164 146 -19671
164 421 129159
164 424 151192
164 550 -45764
164 551 1647525
164 593 161974
164 594 -10042430
165 4 116210
165 6 7135299
165 145 -5443
165 147 50499
165 163 5443
165 422 129159
165 425 151192
165 549 45764
165 551 2329418
165 592 -161974
165 594 -10155812
166 4 11063
166 6 -250031
166 157 -404
166 159 5659
166 167 5659
166 168 167
166 169 -404
166 170 5659
166 426 -1972
166 428 -5491
166 429 -230400
166 432 -121976
166 592 -11063
166 594 235649
167 5 30960
167 6 3886686
167 158 -21137
167 166 5659
167 169 -5659
167 170 52499
167 427 -19289
167 430 129159
167 433 77377
167 493 13885
167 494 166625
167 550 -45764
167 551 1647525
167 593 919
167 594 -42694
168 4 -31094
168 6 702737
168 157 -5659
168 159 52499
168 166 167
168 171 -21137
168 426 5491
168 428 51990
168 431 129159
168 434 77377
168 492 -13885
168 494 240218
168 549 45764
168 551 -1514808
168 592 -784
168 594 16711
169 166 -404
169 167 -5659
169 170 -5659
169 435 -1728000
169 438 -121976
170 5 31879
170 6 4016772
170 166 5659
170 167 52499
170 169 -5659
170 436 129159
170 439 77377
170 493 13885
170 494 166625
170 550 -45764
170 551 1647525
171 4 -3005868
171 6 152096921
171 168 -21137
171 437 -3212011109
171 440 77377
171 492 -13885
171 494 629011
171 549 3019753
171 551 -184506937
172 441 -1728000
172 444 -518400
173 5 -116210
173 6 -17896352
173 442 129159
173 445 151192
173 550 -45764
173 551 366116
173 593 161974
173 594 -5507139
174 4 -2857778
174 6 144603606
174 443 -3212011109
174 446 151192
174 549 3019753
174 551 -184506937
174 592 -161974
174 594 7985351
175 94 -32843
175 95 -197061
175 97 -15260
175 98 122087
175 176 -74973
175 447 -508336
176 5 -1497686
176 6 -20967615
176 94 197061
176 95 683190
176 97 -122087
176 98 602321
176 175 -74973
176 448 -435533191
176 493 1497686
176 494 -149768678
177 4 13885
177 6 297148
177 96 -122184
177 99 -91638
177 449 77377
177 492 -13885
177 494 -370741
178 97 -5865
178 98 -65990
178 100 -190422
178 101 523661
178 179 457671
178 450 -965748
179 5 -1997268
179 6 -27961765
179 97 65990
179 98 476166
179 100 -523661
179 101 350958
179 178 457671
179 451 -580707919
179 493 1997268
179 494 -199726893
180 4 13885
180 6 -237441
180 99 -65164
180 102 -266583
180 452 77377
180 492 -13885
180 494 163848
181 3 -11480
181 4 -14694
181 6 -84248
181 9 -11480
181 12 -11480
181 15 -11480
181 18 -11480
181 21 -11480
181 24 -11480
181 27 -11480
181 30 -11480
181 33 -11480
181 36 -11480
181 42 -11480
181 54 -11480
181 183 26551
181 186 -11480
181 189 -11480
181 194 -11480
181 198 -11480
181 201 -11480
181 207 -11480
181 212 -11480
181 217 -11480
181 221 -11480
181 223 -1234072
181 227 -1079813
181 233 18970
181 236 -1234072
181 240 -1079813
181 246 18970
181 248 -1234072
181 252 -1079813
181 455 -7457
181 461 -7457
181 467 -7457
181 470 30450
181 473 30450
181 634 1072356
181 637 1072356
181 640 1072356
181 641 -582750
181 643 -4159179
182 2 11480
182 5 -437457
182 6 31093508
182 8 11480
182 11 11480
182 14 11480
182 17 11480
182 20 11480
182 23 11480
182 26 11480
182 29 11480
182 32 11480
182 35 11480
182 41 1993183
182 53 1993183
182 183 154865788
182 185 11480
182 188 11480
182 193 11480
182 197 11480
182 200 11480
182 206 11480
182 211 11480
182 216 11480
182 220 11480
182 224 -740496
182 226 647934
182 232 -14771
182 237 -2962001
182 239 2591751
182 245 -14771
182 249 -904639
182 251 791559
182 454 2635
182 460 9988
182 466 3217
182 469 -2007954
182 472 -2007954
182 633 -645299
182 636 -2581763
182 639 -788342
182 642 -1427789
182 643 195607114
183 2 -287003
183 3 -642887
183 4 -4898
183 5 -10027540
183 6 670915765
183 8 -287003
183 9 -642887
183 11 -287003
183 12 -321443
183 14 -287003
183 17 -287003
183 18 321443
183 20 -287003
183 21 642887
183 23 -45920
183 24 -642887
183 26 -45920
183 27 -321443
183 29 -45920
183 32 -45920
183 33 321443
183 35 -45920
183 36 642887
183 41 47836406
183 42 -459205
183 53 47836406
183 54 413284
183 181 26551
183 182 154865788
183 185 -287003
183 186 -321443
183 188 -45920
183 189 -642887
183 193 -287003
183 197 -287003
183 198 321443
183 200 -287003
183 201 642887
183 206 -45920
183 207 -321443
183 211 -45920
183 216 -45920
183 217 321443
183 220 -45920
183 221 642887
183 223 -69108079
183 224 -17771914
183 226 15550425
183 227 -60469569
183 228 -164530
183 232 -354505
183 233 758820
183 237 -71088036
183 239 62202032
183 241 -164530
183 245 -354505
183 246 -682938
183 248 69108079
183 249 -21711356
183 251 18997436
183 252 60469569
183 253 -164530
183 454 63243
183 455 -417631
183 460 239712
183 466 77227
183 467 417631
183 469 -48190912
183 470 1218025
183 472 -48190912
183 473 -1096223
183 633 -15487181
183 634 60051938
183 636 -61962319
183 639 -18920209
183 640 -60051938
183 641 -21653
183 642 -34266939
183 643 3482910874
184 7 -388
184 8 -5443
184 10 -110592
184 186 -9967
184 192 -388
184 193 5443
184 205 -949
184 207 -9967
185 5 -11480
185 6 1366134
185 7 5443
185 8 50499
185 11 70771
185 182 11480
185 183 -287003
185 192 -5443
185 193 50499
185 206 -28182
186 4 11480
186 6 383436
186 9 -19671
186 12 70771
186 181 -11480
186 183 -321443
186 184 -9967
186 194 -19671
186 205 9967
186 207 69014
187 7 -913
187 9 9587
187 22 -110592
187 188 5659
187 189 4144
187 205 -404
187 206 5659
187 453 -388
187 455 -5443
188 5 -11480
188 6 1125052
188 8 -26228
188 23 70771
188 182 11480
188 183 -45920
188 187 5659
188 205 -5659
188 206 52499
188 454 -19671
189 4 11480
189 6 704879
189 7 -9587
189 9 66385
189 24 70771
189 181 -11480
189 183 -642887
189 187 4144
189 207 -21137
189 453 5443
189 455 50499
190 4 -37830
190 6 -1263548
190 12 120051
191 4 -37830
191 6 -204286
191 15 120051
192 13 -110592
192 184 -388
192 185 -5443
192 194 -9967
192 196 -388
192 197 5443
192 210 -949
192 212 -9967
193 5 -11480
193 6 1366134
193 14 70771
193 182 11480
193 183 -287003
193 184 5443
193 185 50499
193 196 -5443
193 197 50499
193 211 -28182
194 4 11480
194 6 61992
194 15 70771
194 181 -11480
194 186 -19671
194 192 -9967
194 198 -19671
194 210 9967
194 212 69014
195 4 -37830
195 6 854975
195 18 120051
196 16 -110592
196 192 -388
196 193 -5443
196 198 -9967
196 199 -388
196 200 5443
196 215 -949
196 217 -9967
197 5 -11480
197 6 1366134
197 17 70771
197 182 11480
197 183 -287003
197 192 5443
197 193 50499
197 199 -5443
197 200 50499
197 216 -28182
198 4 11480
198 6 -259450
198 18 70771
198 181 -11480
198 183 321443
198 194 -19671
198 196 -9967
198 201 -19671
198 215 9967
198 217 69014
199 19 -110592
199 196 -388
199 197 -5443
199 200 -5443
199 201 -9587
199 219 -913
199 221 -9587
200 5 -11480
200 6 1366134
200 20 70771
200 182 11480
200 183 -287003
200 196 5443
200 197 50499
200 199 -5443
200 220 -26228
201 4 11480
201 6 -580894
201 21 70771
201 181 -11480
201 183 642887
201 198 -19671
201 199 -9587
201 219 9587
201 221 66385
202 5 37830
202 6 -3707416
202 23 120051
203 5 37830
203 6 -3707416
203 26 120051
204 4 -37830
204 6 -1263548
204 27 120051
205 25 -110592
205 184 -949
205 186 9967
205 187 -404
205 188 -5659
205 207 4308
205 210 -404
205 211 5659
205 456 -404
205 458 -5659
206 5 -11480
206 6 1125052
206 26 70771
206 182 11480
206 183 -45920
206 185 -28182
206 187 5659
206 188 52499
206 210 -5659
206 211 52499
206 457 -21137
207 4 11480
207 6 383436
207 27 70771
207 181 -11480
207 183 -321443
207 184 -9967
207 186 69014
207 189 -21137
207 205 4308
207 212 -21137
207 456 5659
207 458 52499
208 5 37830
208 6 -3707416
208 29 120051
209 4 -37830
209 6 -204286
209 30 120051
210 28 -110592
210 192 -949
210 194 9967
210 205 -404
210 206 -5659
210 212 4308
210 215 -404
210 216 5659
210 459 -404
210 461 -5659
211 5 -11480
211 6 1125052
211 29 70771
211 182 11480
211 183 -45920
211 193 -28182
211 205 5659
211 206 52499
211 215 -5659
211 216 52499
211 460 -21137
212 4 11480
212 6 61992
212 30 70771
212 181 -11480
212 192 -9967
212 194 69014
212 207 -21137
212 210 4308
212 217 -21137
212 459 5659
212 461 52499
213 5 37830
213 6 -3707416
213 32 120051
214 4 -37830
214 6 854975
214 33 120051
215 31 -110592
215 196 -949
215 198 9967
215 210 -404
215 211 -5659
215 217 4308
215 219 -404
215 220 5659
215 462 -404
215 464 -5659
216 5 -11480
216 6 1125052
216 32 70771
216 182 11480
216 183 -45920
216 197 -28182
216 210 5659
216 211 52499
216 219 -5659
216 220 52499
216 463 -21137
217 4 11480
217 6 -259450
217 33 70771
217 181 -11480
217 183 321443
217 196 -9967
217 198 69014
217 212 -21137
217 215 4308
217 221 -21137
217 462 5659
217 464 52499
218 5 37830
218 6 -3707416
218 35 120051
219 34 -110592
219 199 -913
219 201 9587
219 215 -404
219 216 -5659
219 220 -5659
219 221 4144
219 465 -388
219 467 -5443
220 5 -11480
220 6 1125052
220 35 70771
220 182 11480
220 183 -45920
220 200 -26228
220 215 5659
220 216 52499
220 219 -5659
220 466 -19671
221 4 11480
221 6 -580894
221 36 70771
221 181 -11480
221 183 642887
221 199 -9587
221 201 66385
221 217 -21137
221 219 4144
221 465 5443
221 467 50499
222 5 37830
222 6 -2648154
222 38 120051
223 4 -125023
223 6 -7676462
223 39 -1062702
223 181 -1234072
223 183 -69108079
223 227 17111
223 255 -77149
223 455 1079813
224 5 -75513
224 6 5285953
224 38 641865
224 182 -740496
224 183 -17771914
224 226 -6068
224 228 5892
224 256 -420
224 260 5892
224 454 -647934
225 37 -538831
225 227 -5443
225 257 -388
225 259 -5443
225 453 -5234358
226 5 -641865
226 6 44930603
226 38 -186657082
226 182 647934
226 183 15550425
226 224 -6068
226 258 -19671
226 454 -1865673057
227 4 1062702
227 6 65249931
227 39 -178963264
227 181 -1079813
227 183 -60469569
227 223 17111
227 225 -5443
227 257 5443
227 259 50499
227 455 -1825304305
228 6 -16936
228 183 -164530
228 224 5892
228 256 -5892
228 260 54633
229 5 37830
229 6 -2648154
229 41 120051
230 4 -37830
230 6 -1717517
230 42 120051
231 40 -875612
231 232 12330
231 453 -2113
231 454 -16910
231 456 -4873
231 457 29241
231 468 -1459353
232 5 -1993183
232 6 139522853
232 41 -523214703
232 182 -14771
232 183 -354505
232 231 12330
232 453 16910
232 454 88499
232 456 -29241
232 457 113067
232 469 -891873254
232 642 2007954
232 643 -275089789
233 4 11480
233 6 521197
233 42 70771
233 181 18970
233 183 758820
233 455 -36990
233 458 -49320
233 470 109860
233 641 -30450
233 643 -1434225
234 5 37830
234 6 -2648154
234 47 120051
235 4 -37830
235 6 -204286
235 48 120051
236 4 -125023
236 6 -675128
236 48 -1062702
236 181 -1234072
236 240 17111
236 265 -80222
236 461 1079813
237 5 -302205
237 6 21154353
237 47 2568742
237 182 -2962001
237 183 -71088036
237 239 -23008
237 241 6629
237 266 -473
237 270 6629
237 460 -2591751
238 46 -1158776
238 240 -5659
238 267 -404
238 269 -5659
238 459 -11256685
239 5 -2568742
239 6 179812002
239 47 -789309214
239 182 2591751
239 183 62202032
239 237 -23008
239 268 -21137
239 460 -7877412217
240 4 1062702
240 6 5738593
240 48 -178963264
240 181 -1079813
240 236 17111
240 238 -5659
240 267 5659
240 269 52499
240 461 -1825304305
241 6 -16936
241 183 -164530
241 237 6629
241 266 -6629
241 270 61429
242 5 37830
242 6 -2648154
242 53 120051
243 4 -37830
243 6 1157622
243 54 120051
244 52 -875612
244 245 -50061
244 462 -15256
244 463 -61026
244 465 -1096
244 466 10965
244 471 -1459353
245 5 -1993183
245 6 139522853
245 53 -523214703
245 182 -14771
245 183 -354505
245 244 -50061
245 462 61026
245 463 150534
245 465 -10965
245 466 72225
245 472 -891873254
245 642 2007954
245 643 -275089789
246 4 11480
246 6 -351291
246 54 70771
246 181 18970
246 183 -682938
246 464 -73980
246 467 -29592
246 473 109860
246 641 -30450
246 643 880023
247 5 37830
247 6 -2648154
247 56 120051
248 4 -125023
248 6 6326205
248 57 -1062702
248 181 -1234072
248 183 69108079
248 252 17111
248 274 -77149
248 467 1079813
249 5 -92252
249 6 6457700
249 56 784149
249 182 -904639
249 183 -21711356
249 251 -7410
249 253 5892
249 275 -420
249 279 5892
249 466 -791559
250 55 -609882
250 252 -5443
250 276 -388
250 278 -5443
250 465 -5924571
251 5 -784149
251 6 54890457
251 56 -228139436
251 182 791559
251 183 18997436
251 249 -7410
251 277 -19671
251 466 -2280267385
252 4 1062702
252 6 -53772745
252 57 -178963264
252 181 -1079813
252 183 60469569
252 248 17111
252 250 -5443
252 276 5443
252 278 50499
252 467 -1825304305
253 6 -16936
253 183 -164530
253 249 5892
253 275 -5892
253 279 54633
254 5 29229
254 6 -1227647
254 59 107981
255 4 -233416
255 6 -14331754
255 60 -1984037
255 223 -77149
255 259 13294
255 281 -77149
255 476 1997332
255 641 -307281
255 643 -19389485
256 5 -1633
256 6 68610
256 59 13885
256 224 -420
256 228 -5892
256 258 -9329
256 282 -420
256 286 5892
256 475 -23215
256 642 -3571
256 643 389299
257 58 -650439
257 225 -388
257 227 5443
257 283 -388
