%%MatrixMarket matrix coordinate integer general
%
1224 1224 54902
1 2 4316
1 3 107
1 4 227
1 5 4314
1 18 -1558
1 19 199
1 20 1588
1 21 -4955
1 22 -1491
1 23 8046
1 24 5610
1 25 172
1 26 1590
1 27 -2348
2 1 4316
2 3 -4308
2 4 -188
2 5 -5635
2 18 1582
2 19 -686
2 20 -16330
2 21 -994
2 22 -1586
2 23 69
2 24 -69
2 25 -542
2 26 1681
2 27 14069
3 1 107
3 2 -4308
3 4 -17905
3 5 -52
3 6 55
3 7 1011
3 8 4241
3 18 -1488
3 19 -6
3 20 -1582
3 21 -2372
3 22 -3336
3 23 19346
3 24 2819
3 25 635
3 26 -37
3 27 -9914
3 28 -2264
3 29 12132
3 30 11541
3 31 306
3 32 1560
3 33 -2331
4 1 227
4 2 -188
4 3 -17905
4 5 171
4 6 1719
4 7 -14637
4 8 359
4 18 5613
4 19 0
4 20 -69
4 21 -103
4 22 2807
4 23 -331
4 24 -47388
4 25 47
4 26 62
4 27 -636
4 28 7465
4 29 -68350
4 30 -103431
4 31 26
4 32 132
4 33 -197
5 1 4314
5 2 -5635
5 3 -52
5 4 171
5 6 -4226
5 7 -432
5 8 -5528
5 18 1583
5 19 441
5 20 1707
5 21 -13979
5 22 -54
5 23 2
5 24 60
5 25 -1442
5 26 -33482
5 27 334
5 28 -1551
5 29 67
5 30 -158
5 31 -1363
5 32 1820
5 33 14097
6 3 55
6 4 1719
6 5 -4226
6 7 -26647
6 8 -55
6 9 153
6 10 753
6 11 4149
6 22 -2256
6 23 -554
6 24 7440
6 25 135
6 26 -1541
6 27 -2397
6 28 -3679
6 29 20202
6 30 4588
6 31 954
6 32 -31
6 33 -9952
6 34 -2393
6 35 12607
6 36 12128
6 37 318
6 38 1531
6 39 -2340
7 3 1011
7 4 -14637
7 5 -432
7 6 -26647
7 8 -58
7 9 1396
7 10 -10929
7 11 372
7 22 11512
7 23 67264
7 24 -103047
7 25 13
7 26 -157
7 27 -245
7 28 4548
7 29 -750
7 30 -51893
7 31 91
7 32 -22
7 33 -956
7 34 8069
7 35 -68476
7 36 -104337
7 37 28
7 38 137
7 39 -210
8 3 4241
8 4 359
8 5 -5528
8 6 -55
8 7 -58
8 9 -4123
8 10 -442
8 11 -5494
8 22 1546
8 23 -67
8 24 131
8 25 1256
8 26 1899
8 27 -13846
8 28 -73
8 29 3
8 30 -26
8 31 -1617
8 32 -35503
8 33 561
8 34 -1516
8 35 65
8 36 -162
8 37 -1432
8 38 1958
8 39 14134
9 6 153
9 7 1396
9 8 -4123
9 10 -25307
9 11 -64
9 12 316
9 13 229
9 14 4038
9 28 -2368
9 29 -761
9 30 7984
9 31 152
9 32 -1487
9 33 -2427
9 34 -3851
9 35 21080
9 36 4917
9 37 916
9 38 -10
9 39 -10043
9 40 -2162
9 41 11793
9 42 10768
9 43 284
9 44 1497
9 45 -2367
10 6 753
10 7 -10929
10 8 -442
10 9 -25307
10 11 -137
10 12 785
10 13 -6078
10 14 303
10 28 12028
10 29 67080
10 30 -103300
10 31 16
10 32 -159
10 33 -260
10 34 4822
10 35 -1381
10 36 -58235
10 37 84
10 38 -49
10 39 -917
10 40 6709
10 41 -68671
10 42 -106033
10 43 21
10 44 112
10 45 -177
11 6 4149
11 7 372
11 8 -5494
11 9 -64
11 10 -137
11 12 -4000
11 13 -370
11 14 -5460
11 28 1500
11 29 -65
11 30 134
11 31 1333
11 32 2173
11 33 -13796
11 34 -93
11 35 3
11 36 -56
11 37 -1763
11 38 -38190
11 39 684
11 40 -1473
11 41 64
11 42 -136
11 43 -1222
11 44 2144
11 45 14188
12 9 316
12 10 785
12 11 -4000
12 13 -19778
12 14 -43
12 15 418
12 16 -85
12 17 3939
12 34 -2122
12 35 379
12 36 6577
12 37 123
12 38 -1420
12 39 -2470
12 40 -3921
12 41 21892
12 42 4308
12 43 726
12 44 9
12 45 -10158
12 46 -1807
12 47 10173
12 48 8186
12 49 225
12 50 1447
12 51 -2406
13 9 229
13 10 -6078
13 11 -370
13 12 -19778
13 14 -172
13 15 410
13 16 -2667
13 17 197
13 34 10607
13 35 67071
13 36 -104151
13 37 11
13 38 -131
13 39 -229
13 40 4211
13 41 -1348
13 42 -64860
13 43 53
13 44 -60
13 45 -726
13 46 4144
13 47 -68483
13 48 -106705
13 49 11
13 50 72
13 51 -120
14 9 4038
14 10 303
14 11 -5460
14 12 -43
14 13 -172
14 15 -3918
14 16 -265
14 17 -5570
14 34 1443
14 35 -63
14 36 108
14 37 1146
14 38 2534
14 39 -13778
14 40 -71
14 41 2
14 42 -66
14 43 -1892
14 44 -41252
14 45 595
14 46 -1433
14 47 62
14 48 -96
14 49 -850
14 50 2413
14 51 14133
15 12 418
15 13 410
15 14 -3918
15 16 -6406
15 17 -3909
15 40 -1790
15 41 2160
15 42 4106
15 43 62
15 44 -1407
15 45 -2468
15 46 -1980
15 47 11351
15 48 1918
15 49 283
15 50 -1417
15 51 -5110
16 12 -85
16 13 -2667
16 14 -265
16 15 -6406
16 17 -264
16 40 8133
16 41 67501
16 42 -105767
16 43 4
16 44 -95
16 45 -167
16 46 1893
16 47 -5626
16 48 -33944
16 49 19
16 50 -95
16 51 -345
17 12 3939
17 13 197
17 14 -5570
17 15 -3909
17 16 -264
17 40 1418
17 41 -62
17 42 70
17 43 809
17 44 2606
17 45 -13883
17 46 -1443
17 47 62
17 48 -97
17 49 -1026
17 50 -21467
17 51 1311
18 1 -1558
18 2 1582
18 3 -1488
18 4 5613
18 5 1583
18 19 0
18 20 8630
18 21 0
18 22 217
18 23 -8
18 24 453
18 25 0
18 26 8628
18 27 -8
18 52 -1561
18 53 200
18 54 1594
18 55 -4960
18 56 -1493
18 57 8064
18 58 5617
18 59 172
18 60 1595
18 61 -2353
19 1 199
19 2 -686
19 3 -6
19 4 0
19 5 441
19 18 0
19 20 -3
19 21 -2459
19 22 0
19 23 21
19 24 0
19 25 24
19 26 1
19 27 -1119
19 52 -199
19 53 0
19 54 686
19 55 1120
19 56 6
19 57 0
19 58 0
19 59 -13
19 60 -440
19 61 -124
20 1 1588
20 2 -16330
20 3 -1582
20 4 -69
20 5 1707
20 18 8630
20 19 -3
20 21 -42
20 22 -8615
20 23 0
20 24 -377
20 25 2
20 26 -11251
20 27 -31
20 52 1573
20 53 -689
20 54 -16365
20 55 -956
20 56 -1588
20 57 69
20 58 -69
20 59 -543
20 60 1665
20 61 14090
21 1 -4955
21 2 -994
21 3 -2372
21 4 -103
21 5 -13979
21 18 0
21 19 -2459
21 20 -42
21 22 -6
21 23 -206
21 24 0
21 25 -1612
21 26 -12
21 27 39089
21 52 4956
21 53 1123
21 54 1068
21 55 -40866
21 56 2376
21 57 -103
21 58 104
21 59 1421
21 60 13948
21 61 -18570
22 1 -1491
22 2 -1586
22 3 -3336
22 4 2807
22 5 -54
22 6 -2256
22 7 11512
22 8 1546
22 18 217
22 19 0
22 20 -8615
22 21 -6
22 23 -93
22 24 -35823
22 25 0
22 26 -105
22 27 4
22 28 114
22 29 -41
22 30 2014
22 31 0
22 32 8481
22 33 -5
22 52 -1486
22 53 -6
22 54 -1577
22 55 -2372
22 56 -3343
22 57 19402
22 58 2844
22 59 636
22 60 -20
22 61 -9923
22 62 -2274
22 63 12180
22 64 11587
22 65 307
22 66 1572
22 67 -2337
23 1 8046
23 2 69
23 3 19346
23 4 -331
23 5 2
23 6 -554
23 7 67264
23 8 -67
23 18 -8
23 19 21
23 20 0
23 21 -206
23 22 -93
23 24 777
23 25 55
23 26 1
23 27 -867
23 28 -12
23 29 203796
23 30 159
23 31 4
23 32 0
23 33 -205
23 52 -8039
23 53 0
23 54 -69
23 55 -103
23 56 -19291
23 57 -443851
23 58 -445
23 59 27
23 60 -1
23 61 -433
23 62 530
23 63 -143733
23 64 -67180
23 65 13
23 66 67
23 67 -102
24 1 5610
24 2 -69
24 3 2819
24 4 -47388
24 5 60
24 6 7440
24 7 -103047
24 8 131
24 18 453
24 19 0
24 20 -377
24 21 0
24 22 -35823
24 23 777
24 25 0
24 26 344
24 27 0
24 28 3426
24 29 421
24 30 -29149
24 31 0
24 32 719
24 33 -1
24 52 5626
24 53 0
24 54 -69
24 55 -103
24 56 2810
24 57 -720
24 58 -47572
24 59 47
24 60 63
24 61 -637
24 62 7493
24 63 -68683
24 64 -103833
24 65 26
24 66 133
24 67 -198
25 1 172
25 2 -542
25 3 635
25 4 47
25 5 -1442
25 6 135
25 7 13
25 8 1256
25 18 0
25 19 24
25 20 2
25 21 -1612
25 22 0
25 23 55
25 24 0
25 26 1
25 27 -18033
25 28 0
25 29 33
25 30 0
25 31 326
25 32 4
25 33 -3483
25 52 -171
25 53 -14
25 54 537
25 55 1422
25 56 -634
25 57 27
25 58 -47
25 59 -314
25 60 1434
25 61 5293
25 62 -136
25 63 5
25 64 -13
25 65 -156
25 66 -1253
25 67 995
26 1 1590
26 2 1681
26 3 -37
26 4 62
26 5 -33482
26 6 -1541
26 7 -157
26 8 1899
26 18 8628
26 19 1
26 20 -11251
26 21 -12
26 22 -105
26 23 1
26 24 344
26 25 1
26 27 -156
26 28 -8452
26 29 0
26 30 -865
26 31 7
26 32 -11037
26 33 -65
26 52 1575
26 53 445
26 54 1745
26 55 -13995
26 56 -71
26 57 2
26 58 59
26 59 -1450
26 60 -33551
26 61 392
26 62 -1560
26 63 67
26 64 -159
26 65 -1369
26 66 1751
26 67 14133
27 1 -2348
27 2 14069
27 3 -9914
27 4 -636
27 5 334
27 6 -2397
27 7 -245
27 8 -13846
27 18 -8
27 19 -1119
27 20 -31
27 21 39089
27 22 4
27 23 -867
27 24 0
27 25 -18033
27 26 -156
27 28 -9
27 29 -207
27 30 -1
27 31 -3995
27 32 -43
27 33 40072
27 52 2345
27 53 -123
27 54 -14026
27 55 -18542
27 56 9921
27 57 -433
27 58 637
27 59 5294
27 60 -217
27 61 -82393
27 62 2406
27 63 -105
27 64 246
27 65 2544
27 66 13841
27 67 -18964
28 3 -2264
28 4 7465
28 5 -1551
28 6 -3679
28 7 4548
28 8 -73
28 9 -2368
28 10 12028
28 11 1500
28 22 114
28 23 -12
28 24 3426
28 25 0
28 26 -8452
28 27 -9
28 29 -259
28 30 -53353
28 31 -1
28 32 -112
28 33 7
28 34 309
28 35 -89
28 36 1500
28 37 -1
28 38 8296
28 39 0
28 56 -2249
28 57 -561
28 58 7418
28 59 136
28 60 -1529
28 61 -2396
28 62 -3688
28 63 20323
28 64 4657
28 65 959
28 66 9
28 67 -9964
28 68 -2425
28 69 12709
28 70 12272
28 71 321
28 72 1561
28 73 -2351
29 3 12132
29 4 -68350
29 5 67
29 6 20202
29 7 -750
29 8 3
29 9 -761
29 10 67080
29 11 -65
29 22 -41
29 23 203796
29 24 421
29 25 33
29 26 0
29 27 -207
29 28 -259
29 30 2217
29 31 83
29 32 3
29 33 -869
29 34 -67
29 35 211320
29 36 655
29 37 6
29 38 2
29 39 -206
29 56 -12078
29 57 -143331
29 58 67682
29 59 5
29 60 -67
29 61 -104
29 62 -20017
29 63 -455970
29 64 -1473
29 65 41
29 66 0
29 67 -435
29 68 787
29 69 -146780
29 70 -67487
29 71 13
29 72 67
29 73 -102
30 3 11541
30 4 -103431
30 5 -158
30 6 4588
30 7 -51893
30 8 -26
30 9 7984
30 10 -103300
30 11 134
30 22 2014
30 23 159
30 24 -29149
30 25 0
30 26 -865
30 27 -1
30 28 -53353
30 29 2217
30 31 0
30 32 -114
30 33 -1
30 34 2782
30 35 941
30 36 -21724
30 37 0
30 38 746
30 39 -1
30 56 11500
30 57 67304
30 58 -102686
30 59 13
30 60 -156
30 61 -245
30 62 4536
30 63 -1863
30 64 -52087
30 65 91
30 66 -17
30 67 -959
30 68 8186
30 69 -69071
30 70 -105393
30 71 28
30 72 141
30 73 -211
31 3 306
31 4 26
31 5 -1363
31 6 954
31 7 91
31 8 -1617
31 9 152
31 10 16
31 11 1333
31 22 0
31 23 4
31 24 0
31 25 326
31 26 7
31 27 -3995
31 28 -1
31 29 83
31 30 0
31 32 23
31 33 -27142
31 34 0
31 35 34
31 36 0
31 37 381
31 38 13
31 39 -3835
31 56 -304
31 57 13
31 58 -25
31 59 -156
31 60 1349
31 61 2538
31 62 -954
31 63 41
31 64 -91
31 65 -712
31 66 1587
31 67 8101
31 68 -153
31 69 6
31 70 -16
31 71 -183
31 72 -1328
31 73 1164
32 3 1560
32 4 132
32 5 1820
32 6 -31
32 7 -22
32 8 -35503
32 9 -1487
32 10 -159
32 11 2173
32 22 8481
32 23 0
32 24 719
32 25 4
32 26 -11037
32 27 -43
32 28 -112
32 29 3
32 30 -114
32 31 23
32 33 -412
32 34 -8245
32 35 2
32 36 -886
32 37 17
32 38 -10971
32 39 -158
32 56 1531
32 57 -67
32 58 129
32 59 1262
32 60 1989
32 61 -13847
32 62 -114
32 63 4
32 64 -29
32 65 -1636
32 66 -35577
32 67 738
32 68 -1543
32 69 66
32 70 -165
32 71 -1452
32 72 1755
32 73 14210
33 3 -2331
33 4 -197
33 5 14097
33 6 -9952
33 7 -956
33 8 561
33 9 -2427
33 10 -260
33 11 -13796
33 22 -5
33 23 -205
33 24 -1
33 25 -3483
33 26 -65
33 27 40072
33 28 7
33 29 -869
33 30 -1
33 31 -27142
33 32 -412
33 34 -15
33 35 -209
33 36 -2
33 37 -4380
33 38 -134
33 39 41754
33 56 2324
33 57 -101
33 58 197
33 59 990
33 60 -14027
33 61 -18880
33 62 9953
33 63 -434
33 64 959
33 65 8114
33 66 -208
33 67 -84468
33 68 2446
33 69 -106
33 70 263
33 71 2733
33 72 13867
33 73 -19771
34 6 -2393
34 7 8069
34 8 -1516
34 9 -3851
34 10 4822
34 11 -93
34 12 -2122
34 13 10607
34 14 1443
34 28 309
34 29 -67
34 30 2782
34 31 0
34 32 -8245
34 33 -15
34 35 -470
34 36 -50764
34 37 -1
34 38 -130
34 39 7
34 40 637
34 41 -126
34 42 453
34 43 -3
34 44 8074
34 45 7
34 62 -2351
34 63 -769
34 64 7931
34 65 154
34 66 -1457
34 67 -2420
34 68 -3864
34 69 21300
34 70 5062
34 71 926
34 72 71
34 73 -10056
34 74 -2216
34 75 11953
34 76 11015
34 77 290
34 78 1550
34 79 -2384
35 6 12607
35 7 -68476
35 8 65
35 9 21080
35 10 -1381
35 11 3
35 12 379
35 13 67071
35 14 -63
35 28 -89
35 29 211320
35 30 941
35 31 34
35 32 2
35 33 -209
35 34 -470
35 36 4719
35 37 80
35 38 7
35 39 -877
35 40 -123
35 41 221473
35 42 1319
35 43 4
35 44 4
35 45 -209
35 62 -12500
35 63 -145687
35 64 67288
35 65 6
35 66 -64
35 67 -105
35 68 -20700
35 69 -472460
35 70 -3344
35 71 40
35 72 2
35 73 -439
35 74 -299
35 75 -150944
35 76 -68142
35 77 12
35 78 67
35 79 -104
36 6 12128
36 7 -104337
36 8 -162
36 9 4917
36 10 -58235
36 11 -56
36 12 6577
36 13 -104151
36 14 108
36 28 1500
36 29 655
36 30 -21724
36 31 0
36 32 -886
36 33 -2
36 34 -50764
36 35 4719
36 37 0
36 38 -272
36 39 -5
36 40 1561
36 41 1637
36 42 -12004
36 43 0
36 44 610
36 45 -1
36 62 11974
36 63 66868
36 64 -102293
36 65 16
36 66 -157
36 67 -260
36 68 4776
36 69 -3744
36 70 -58464
36 71 85
36 72 -41
36 73 -923
36 74 6914
36 75 -69614
36 76 -107946
36 77 22
36 78 118
36 79 -181
37 6 318
37 7 28
37 8 -1432
37 9 916
37 10 84
37 11 -1763
37 12 123
37 13 11
37 14 1146
37 28 -1
37 29 6
37 30 0
37 31 381
37 32 17
37 33 -4380
37 34 -1
37 35 80
37 36 0
37 38 56
37 39 -26231
37 40 0
37 41 31
37 42 0
37 43 288
37 44 22
37 45 -3413
37 62 -314
37 63 13
37 64 -28
37 65 -182
37 66 1402
37 67 2707
37 68 -916
37 69 40
37 70 -84
37 71 -680
37 72 1703
37 73 8015
37 74 -123
37 75 5
37 76 -11
37 77 -139
37 78 -1139
37 79 966
38 6 1531
38 7 137
38 8 1958
38 9 -10
38 10 -49
38 11 -38190
38 12 -1420
38 13 -131
38 14 2534
38 28 8296
38 29 2
38 30 746
38 31 13
38 32 -10971
38 33 -134
38 34 -130
38 35 7
38 36 -272
38 37 56
38 39 -847
38 40 -7998
38 41 4
38 42 -744
38 43 28
38 44 -10903
38 45 -300
38 62 1467
38 63 -64
38 64 132
38 65 1344
38 66 2398
38 67 -13758
38 68 -176
38 69 7
38 70 -62
38 71 -1799
38 72 -38276
38 73 1061
38 74 -1524
38 75 65
38 76 -142
38 77 -1260
38 78 1766
38 79 14325
39 6 -2340
39 7 -210
39 8 14134
39 9 -10043
39 10 -917
39 11 684
39 12 -2470
39 13 -229
39 14 -13778
39 28 0
39 29 -206
39 30 -1
39 31 -3835
39 32 -158
39 33 41754
39 34 7
39 35 -877
39 36 -5
39 37 -26231
39 38 -847
39 40 -23
39 41 -213
39 42 -4
39 43 -3997
39 44 -273
39 45 44178
39 62 2323
39 63 -101
39 64 209
39 65 1151
39 66 -13984
39 67 -19547
39 68 10043
39 69 -438
39 70 923
39 71 8054
39 72 64
39 73 -87906
39 74 2503
39 75 -109
39 76 233
39 77 2564
39 78 13968
39 79 -20939
40 9 -2162
40 10 6709
40 11 -1473
40 12 -3921
40 13 4211
40 14 -71
40 15 -1790
40 16 8133
40 17 1418
40 34 637
40 35 -123
40 36 1561
40 37 0
40 38 -7998
40 39 -23
40 41 -326
40 42 -39704
40 43 0
40 44 -87
40 45 -8
40 46 839
40 47 -48
40 48 -175
40 49 -1
40 50 7878
40 51 0
40 68 -2095
40 69 361
40 70 6515
40 71 126
40 72 -1367
40 73 -2457
40 74 -3933
40 75 22094
40 76 4452
40 77 734
40 78 90
40 79 -10157
40 80 -1828
40 81 10249
40 82 8283
40 83 228
40 84 1474
40 85 -2416
41 9 11793
41 10 -68671
41 11 64
41 12 21892
41 13 -1348
41 14 2
41 15 2160
41 16 67501
41 17 -62
41 34 -126
41 35 221473
41 36 1637
41 37 31
41 38 4
41 39 -213
41 40 -326
41 42 4710
41 43 63
41 44 7
41 45 -886
41 46 -38
41 47 228739
41 48 576
41 49 0
41 50 2
41 51 -211
41 68 -11649
41 69 -148962
41 70 66791
41 71 5
41 72 -60
41 73 -107
41 74 -21560
41 75 -489937
41 76 -3353
41 77 32
41 78 3
41 79 -443
41 80 -2151
41 81 -153143
41 82 -67846
41 83 9
41 84 63
41 85 -105
42 9 10768
42 10 -106033
42 11 -136
42 12 4308
42 13 -64860
42 14 -66
42 15 4106
42 16 -105767
42 17 70
42 34 453
42 35 1319
42 36 -12004
42 37 0
42 38 -744
42 39 -4
42 40 -39704
42 41 4710
42 43 0
42 44 -345
42 45 -6
42 46 812
42 47 916
42 48 -5212
42 49 0
42 50 396
42 51 -1
42 68 10528
42 69 66520
42 70 -102319
42 71 11
42 72 -127
42 73 -229
42 74 4163
42 75 -3697
42 76 -65078
42 77 54
42 78 -54
42 79 -731
42 80 4213
42 81 -69057
42 82 -107668
42 83 11
42 84 74
42 85 -121
43 9 284
43 10 21
43 11 -1222
43 12 726
43 13 53
43 14 -1892
43 15 62
43 16 4
43 17 809
43 34 -3
43 35 4
43 36 0
43 37 288
43 38 28
43 39 -3997
43 40 0
43 41 63
43 42 0
43 44 69
43 45 -20934
43 46 0
43 47 25
43 48 0
43 49 135
43 50 8
43 51 -2391
43 68 -279
43 69 12
43 70 -21
43 71 -139
43 72 1172
43 73 2516
43 74 -728
43 75 31
43 76 -54
43 77 -430
43 78 1840
43 79 6565
43 80 -61
43 81 2
43 82 -4
43 83 -67
43 84 -803
43 85 475
44 9 1497
44 10 112
44 11 2144
44 12 9
44 13 -60
44 14 -41252
44 15 -1407
44 16 -95
44 17 2606
44 34 8074
44 35 4
44 36 610
44 37 22
44 38 -10903
44 39 -273
44 40 -87
44 41 7
44 42 -345
44 43 69
44 45 -831
44 46 -7836
44 47 2
44 48 -531
44 49 12
44 50 -11126
44 51 -170
44 68 1388
44 69 -61
44 70 105
44 71 1166
44 72 2932
44 73 -13680
44 74 -152
44 75 6
44 76 -73
44 77 -1925
44 78 -41335
44 79 966
44 80 -1458
44 81 63
44 82 -98
44 83 -867
44 84 2229
44 85 14215
45 9 -2367
45 10 -177
45 11 14188
45 12 -10158
45 13 -726
45 14 595
45 15 -2468
45 16 -167
45 17 -13883
45 34 7
45 35 -209
45 36 -1
45 37 -3413
45 38 -300
45 39 44178
45 40 -8
45 41 -886
45 42 -6
45 43 -20934
45 44 -831
45 46 -13
45 47 -214
45 48 -1
45 49 -3004
45 50 -140
45 51 45894
45 68 2339
45 69 -102
45 70 177
45 71 951
45 72 -13916
45 73 -20532
45 74 10185
45 75 -444
45 76 735
45 77 6606
45 78 141
45 79 -91996
45 80 2485
45 81 -108
45 82 168
45 83 2082
45 84 13963
45 85 -21690
46 12 -1807
46 13 4144
46 14 -1433
46 15 -1980
46 16 1893
46 17 -1443
46 40 839
46 41 -38
46 42 812
46 43 0
46 44 -7836
46 45 -13
46 47 -51
46 48 -12852
46 49 0
46 50 -7817
46 51 -6
46 74 -1777
46 75 2143
46 76 4098
46 77 64
46 78 -1380
46 79 -2463
46 80 -1984
46 81 11405
46 82 1958
46 83 285
46 84 -1390
46 85 -5106
47 12 10173
47 13 -68483
47 14 62
47 15 11351
47 16 -5626
47 17 62
47 40 -48
47 41 228739
47 42 916
47 43 25
47 44 2
47 45 -214
47 46 -51
47 48 1377
47 49 45
47 50 2
47 51 -444
47 74 -10117
47 75 -152159
47 76 67337
47 77 2
47 78 -60
47 79 -107
47 80 -11281
47 81 -249189
47 82 4361
47 83 12
47 84 -60
47 85 -223
48 12 8186
48 13 -106705
48 14 -96
48 15 1918
48 16 -33944
48 17 -97
48 40 -175
48 41 576
48 42 -5212
48 43 0
48 44 -531
48 45 -1
48 46 -12852
48 47 1377
48 49 0
48 50 -529
48 51 -1
48 74 8124
48 75 67321
48 76 -104863
48 77 4
48 78 -93
48 79 -167
48 80 1883
48 81 -6258
48 82 -34037
48 83 19
48 84 -94
48 85 -346
49 12 225
49 13 11
49 14 -850
49 15 283
49 16 19
49 17 -1026
49 40 -1
49 41 0
49 42 0
49 43 135
49 44 12
49 45 -3004
49 46 0
49 47 45
49 48 0
49 50 26
49 51 -11231
49 74 -223
49 75 9
49 76 -11
49 77 -68
49 78 827
49 79 2064
49 80 -284
49 81 12
49 82 -19
49 83 -168
49 84 1014
49 85 3136
50 12 1447
50 13 72
50 14 2413
50 15 -1417
50 16 -95
50 17 -21467
50 40 7878
50 41 2
50 42 396
50 43 8
50 44 -11126
50 45 -140
50 46 -7817
50 47 2
50 48 -529
50 49 26
50 51 -274
50 74 1388
50 75 -61
50 76 69
50 77 821
50 78 2809
50 79 -13841
50 80 -1468
50 81 63
50 82 -99
50 83 -1034
50 84 -21503
50 85 1410
51 12 -2406
51 13 -120
51 14 14133
51 15 -5110
51 16 -345
51 17 1311
51 40 0
51 41 -211
51 42 -1
51 43 -2391
51 44 -170
51 45 45894
51 46 -6
51 47 -444
51 48 -1
51 49 -11231
51 50 -274
51 74 2391
51 75 -104
51 76 120
51 77 474
51 78 -13972
51 79 -21487
51 80 5131
51 81 -223
51 82 348
51 83 3146
51 84 -1115
51 85 -47055
52 18 -1561
52 19 -199
52 20 1573
52 21 4956
52 22 -1486
52 23 -8039
52 24 5626
52 25 -171
52 26 1575
52 27 2345
52 53 0
52 54 8626
52 55 0
52 56 225
52 57 -17
52 58 448
52 59 0
52 60 8623
52 61 -16
52 86 -1566
52 87 201
52 88 1597
52 89 -4970
52 90 -1495
52 91 8092
52 92 5633
52 93 172
52 94 1599
52 95 -2359
53 18 200
53 19 0
53 20 -689
53 21 1123
53 22 -6
53 23 0
53 24 0
53 25 -14
53 26 445
53 27 -123
53 52 0
53 54 -7
53 55 -2482
53 56 0
53 57 21
53 58 0
53 59 25
53 60 2
53 61 -1127
53 86 -200
53 87 0
53 88 688
53 89 1128
53 90 6
53 91 0
53 92 0
53 93 -14
53 94 -443
53 95 -121
54 18 1594
54 19 686
54 20 -16365
54 21 1068
54 22 -1577
54 23 -69
54 24 -69
54 25 537
54 26 1745
54 27 -14026
54 52 8626
54 53 -7
54 55 -84
54 56 -8611
54 57 0
54 58 -376
54 59 4
54 60 -11194
54 61 -63
54 86 1564
54 87 -693
54 88 -16434
54 89 -919
54 90 -1588
54 91 68
54 92 -69
54 93 -543
54 94 1661
54 95 14112
55 18 -4960
55 19 1120
55 20 -956
55 21 -40866
55 22 -2372
55 23 -103
55 24 -103
55 25 1422
55 26 -13995
55 27 -18542
55 52 0
55 53 -2482
55 54 -84
55 56 -13
55 57 -206
55 58 0
55 59 -1614
55 60 -24
55 61 39195
55 86 4964
55 87 1133
55 88 1105
55 89 -40932
55 90 2382
55 91 -104
55 92 104
55 93 1420
55 94 13932
55 95 -18617
56 18 -1493
56 19 6
56 20 -1588
56 21 2376
56 22 -3343
56 23 -19291
56 24 2810
56 25 -634
56 26 -71
56 27 9921
56 28 -2249
56 29 -12078
56 30 11500
56 31 -304
56 32 1531
56 33 2324
56 52 225
56 53 0
56 54 -8611
56 55 -13
56 57 -186
56 58 -35860
56 59 -1
56 60 -105
56 61 8
56 62 125
56 63 -83
56 64 1989
56 65 0
56 66 8476
56 67 -10
56 86 -1483
56 87 -5
56 88 -1571
56 89 -2375
56 90 -3355
56 91 19478
56 92 2882
56 93 639
56 94 -3
56 95 -9941
56 96 -2285
56 97 12242
56 98 11650
56 99 309
56 100 1582
56 101 -2346
57 18 8064
57 19 0
57 20 69
57 21 -103
57 22 19402
57 23 -443851
57 24 -720
57 25 27
57 26 2
57 27 -433
57 28 -561
57 29 -143331
57 30 67304
57 31 13
57 32 -67
57 33 -101
57 52 -17
57 53 21
57 54 0
57 55 -206
57 56 -186
57 58 1548
57 59 56
57 60 3
57 61 -868
57 62 -24
57 63 204170
57 64 317
57 65 4
57 66 1
57 67 -205
57 86 -8051
57 87 0
57 88 -69
57 89 -103
57 90 -19294
57 91 -444772
57 92 -828
57 93 27
57 94 0
57 95 -433
57 96 514
57 97 -144041
57 98 -67135
57 99 13
57 100 67
57 101 -102
58 18 5617
58 19 0
58 20 -69
58 21 104
58 22 2844
58 23 -445
58 24 -47572
58 25 -47
58 26 59
58 27 637
58 28 7418
58 29 67682
58 30 -102686
58 31 -25
58 32 129
58 33 197
58 52 448
58 53 0
58 54 -376
58 55 0
58 56 -35860
58 57 1548
58 59 0
58 60 346
58 61 0
58 62 3390
58 63 840
58 64 -28774
58 65 0
58 66 721
58 67 -2
58 86 5649
58 87 0
58 88 -68
58 89 -103
58 90 2827
58 91 -1105
58 92 -47938
58 93 48
58 94 65
58 95 -639
58 96 7524
58 97 -69012
58 98 -104251
58 99 26
58 100 135
58 101 -199
59 18 172
59 19 -13
59 20 -543
59 21 1421
59 22 636
59 23 27
59 24 47
59 25 -314
59 26 -1450
59 27 5294
59 28 136
59 29 5
59 30 13
59 31 -156
59 32 1262
59 33 990
59 52 0
59 53 25
59 54 4
59 55 -1614
59 56 -1
59 57 56
59 58 0
59 60 3
59 61 -18071
59 62 0
59 63 33
59 64 0
59 65 328
59 66 9
59 67 -3501
59 86 -170
59 87 -14
59 88 533
59 89 1423
59 90 -636
59 91 27
59 92 -48
59 93 -316
59 94 1434
59 95 5310
59 96 -137
59 97 6
59 98 -14
59 99 -157
59 100 -1255
59 101 1005
60 18 1595
60 19 -440
60 20 1665
60 21 13948
60 22 -20
60 23 -1
60 24 63
60 25 1434
60 26 -33551
60 27 -217
60 28 -1529
60 29 -67
60 30 -156
60 31 1349
60 32 1989
60 33 -14027
60 52 8623
60 53 2
60 54 -11194
60 55 -24
60 56 -105
60 57 3
60 58 346
60 59 3
60 61 -310
60 62 -8447
60 63 0
60 64 -864
60 65 14
60 66 -10982
60 67 -130
60 86 1565
60 87 449
60 88 1793
60 89 -14010
60 90 -87
60 91 3
60 92 58
60 93 -1461
60 94 -33690
60 95 450
60 96 -1568
60 97 67
60 98 -160
60 99 -1375
60 100 1694
60 101 14169
61 18 -2353
61 19 -124
61 20 14090
61 21 -18570
61 22 -9923
61 23 -433
61 24 -637
61 25 5293
61 26 392
61 27 -82393
61 28 -2396
61 29 -104
61 30 -245
61 31 2538
61 32 -13847
61 33 -18880
61 52 -16
61 53 -1127
61 54 -63
61 55 39195
61 56 8
61 57 -868
61 58 0
61 59 -18071
61 60 -310
61 62 -18
61 63 -207
61 64 -2
61 65 -4006
61 66 -87
61 67 40176
61 86 2346
61 87 -119
61 88 -14005
61 89 -18571
61 90 9937
61 91 -434
61 92 640
61 93 5311
61 94 -160
61 95 -82526
61 96 2413
61 97 -105
61 98 247
61 99 2550
61 100 13838
61 101 -19028
62 22 -2274
62 23 530
62 24 7493
62 25 -136
62 26 -1560
62 27 2406
62 28 -3688
62 29 -20017
62 30 4536
62 31 -954
62 32 -114
62 33 9953
62 34 -2351
62 35 -12500
62 36 11974
62 37 -314
62 38 1467
62 39 2323
62 56 125
62 57 -24
62 58 3390
62 59 0
62 60 -8447
62 61 -18
62 63 -518
62 64 -53526
62 65 -2
62 66 -113
62 67 14
62 68 319
62 69 -179
62 70 1478
62 71 -3
62 72 8291
62 73 1
62 90 -2244
62 91 -565
62 92 7400
62 93 137
62 94 -1516
62 95 -2396
62 96 -3706
62 97 20464
62 98 4754
62 99 966
62 100 50
62 101 -9985
62 102 -2464
62 103 12845
62 104 12462
62 105 325
62 106 1589
62 107 -2364
63 22 12180
63 23 -143733
63 24 -68683
63 25 5
63 26 67
63 27 -105
63 28 20323
63 29 -455970
63 30 -1863
63 31 41
63 32 4
63 33 -434
63 34 -769
63 35 -145687
63 36 66868
63 37 13
63 38 -64
63 39 -101
63 56 -83
63 57 204170
63 58 840
63 59 33
63 60 0
63 61 -207
63 62 -518
63 64 4418
63 65 84
63 66 7
63 67 -870
63 68 -135
63 69 211710
63 70 1304
63 71 6
63 72 4
63 73 -207
63 90 -12072
63 91 -143375
63 92 67353
63 93 5
63 94 -67
63 95 -104
63 96 -19952
63 97 -456916
63 98 -2569
63 99 42
63 100 1
63 101 -435
63 102 822
63 103 -147326
63 104 -67678
63 105 14
63 106 68
63 107 -103
64 22 11587
64 23 -67180
64 24 -103833
64 25 -13
64 26 -159
64 27 246
64 28 4657
64 29 -1473
64 30 -52087
64 31 -91
64 32 -29
64 33 959
64 34 7931
64 35 67288
64 36 -102293
64 37 -28
64 38 132
64 39 209
64 56 1989
64 57 317
64 58 -28774
64 59 0
64 60 -864
64 61 -2
64 62 -53526
64 63 4418
64 65 0
64 66 -109
64 67 -3
64 68 2749
64 69 1876
64 70 -21325
64 71 0
64 72 751
64 73 -2
64 90 11505
64 91 67342
64 92 -102352
64 93 14
64 94 -155
64 95 -245
64 96 4554
64 97 -2964
64 98 -52473
64 99 92
64 100 -12
64 101 -964
64 102 8334
64 103 -69659
64 104 -106457
64 105 29
64 106 145
64 107 -214
65 22 307
65 23 13
65 24 26
65 25 -156
65 26 -1369
65 27 2544
65 28 959
65 29 41
65 30 91
65 31 -712
65 32 -1636
65 33 8114
65 34 154
65 35 6
65 36 16
65 37 -182
65 38 1344
65 39 1151
65 56 0
65 57 4
65 58 0
65 59 328
65 60 14
65 61 -4006
65 62 -2
65 63 84
65 64 0
65 66 48
65 67 -27259
65 68 0
65 69 34
65 70 0
65 71 387
65 72 27
65 73 -3870
65 90 -304
65 91 13
65 92 -25
65 93 -157
65 94 1342
65 95 2540
65 96 -958
65 97 41
65 98 -92
65 99 -720
65 100 1577
65 101 8146
65 102 -155
65 103 6
65 104 -16
65 105 -186
65 106 -1335
65 107 1188
66 22 1572
66 23 67
66 24 133
66 25 -1253
66 26 1751
66 27 13841
66 28 9
66 29 0
66 30 -17
66 31 1587
66 32 -35577
66 33 -208
66 34 -1457
66 35 -64
66 36 -157
66 37 1402
66 38 2398
66 39 -13984
66 56 8476
66 57 1
66 58 721
66 59 9
66 60 -10982
66 61 -87
66 62 -113
66 63 7
66 64 -109
66 65 48
66 67 -822
66 68 -8240
66 69 4
66 70 -889
66 71 35
66 72 -10917
66 73 -317
66 90 1515
66 91 -67
66 92 128
66 93 1270
66 94 2088
66 95 -13848
66 96 -156
66 97 5
66 98 -32
66 99 -1658
66 100 -35724
66 101 913
66 102 -1568
66 103 67
66 104 -169
66 105 -1476
66 106 1565
66 107 14285
67 22 -2337
67 23 -102
67 24 -198
67 25 995
67 26 14133
67 27 -18964
67 28 -9964
67 29 -435
67 30 -959
67 31 8101
67 32 738
67 33 -84468
67 34 -2420
67 35 -105
67 36 -260
67 37 2707
67 38 -13758
67 39 -19547
67 56 -10
67 57 -205
67 58 -2
67 59 -3501
67 60 -130
67 61 40176
67 62 14
67 63 -870
67 64 -3
67 65 -27259
67 66 -822
67 68 -31
67 69 -210
67 70 -5
67 71 -4409
67 72 -269
67 73 41858
67 90 2324
67 91 -101
67 92 198
67 93 997
67 94 -13992
67 95 -18891
67 96 9967
67 97 -435
67 98 965
67 99 8167
67 100 -37
67 101 -84600
67 102 2459
67 103 -107
67 104 266
67 105 2757
67 106 13901
67 107 -19884
68 28 -2425
68 29 787
68 30 8186
68 31 -153
68 32 -1543
68 33 2446
68 34 -3864
68 35 -20700
68 36 4776
68 37 -916
68 38 -176
68 39 10043
68 40 -2095
68 41 -11649
68 42 10528
68 43 -279
68 44 1388
68 45 2339
68 62 319
68 63 -135
68 64 2749
68 65 0
68 66 -8240
68 67 -31
68 69 -946
68 70 -51212
68 71 -2
68 72 -131
68 73 14
68 74 647
68 75 -255
68 76 434
68 77 -7
68 78 8067
68 79 15
68 96 -2342
68 97 -792
68 98 7909
68 99 157
68 100 -1426
68 101 -2416
68 102 -3890
68 103 21545
68 104 5255
68 105 941
68 106 153
68 107 -10077
68 108 -2283
68 109 12173
68 110 11350
68 111 297
68 112 1601
68 113 -2403
69 28 12709
69 29 -146780
69 30 -69071
69 31 6
69 32 66
69 33 -106
69 34 21300
69 35 -472460
69 36 -3744
69 37 40
69 38 7
69 39 -438
69 40 361
69 41 -148962
69 42 66520
69 43 12
69 44 -61
69 45 -102
69 62 -179
69 63 211710
69 64 1876
69 65 34
69 66 4
69 67 -210
69 68 -946
69 70 9404
69 71 81
69 72 14
69 73 -878
69 74 -247
69 75 221884
69 76 2626
69 77 4
69 78 8
69 79 -209
69 96 -12495
69 97 -145517
69 98 66704
69 99 6
69 100 -63
69 101 -105
69 102 -20534
69 103 -473464
69 104 -5674
69 105 41
69 106 5
69 107 -440
69 108 -200
69 109 -151797
69 110 -68650
69 111 12
69 112 68
69 113 -104
70 28 12272
70 29 -67487
70 30 -105393
70 31 -16
70 32 -165
70 33 263
70 34 5062
70 35 -3344
70 36 -58464
70 37 -84
70 38 -62
70 39 923
70 40 6515
70 41 66791
70 42 -102319
70 43 -21
70 44 105
70 45 177
70 62 1478
70 63 1304
70 64 -21325
70 65 0
70 66 -889
70 67 -5
70 68 -51212
70 69 9404
70 71 0
70 72 -266
70 73 -10
70 74 1533
70 75 3262
70 76 -11553
70 77 0
70 78 619
70 79 -3
70 96 11965
70 97 66653
70 98 -101327
70 99 16
70 100 -154
70 101 -261
70 102 4781
70 103 -6083
70 104 -58919
70 105 87
70 106 -32
70 107 -935
70 108 7192
70 109 -70547
70 110 -109869
70 111 23
70 112 124
70 113 -186
71 28 321
71 29 13
71 30 28
71 31 -183
71 32 -1452
71 33 2733
71 34 926
71 35 40
71 36 85
71 37 -680
71 38 -1799
71 39 8054
71 40 126
71 41 5
71 42 11
71 43 -139
71 44 1166
71 45 951
71 62 -3
71 63 6
71 64 0
71 65 387
71 66 35
71 67 -4409
71 68 -2
71 69 81
71 70 0
71 72 113
71 73 -26487
71 74 -1
71 75 31
71 76 0
71 77 297
71 78 45
71 79 -3474
71 96 -313
71 97 13
71 98 -28
71 99 -185
71 100 1392
71 101 2713
71 102 -925
71 103 40
71 104 -86
71 105 -697
71 106 1678
71 107 8109
71 108 -127
71 109 5
71 110 -12
71 111 -145
71 112 -1152
71 113 1007
72 28 1561
72 29 67
72 30 141
72 31 -1328
72 32 1755
72 33 13867
72 34 71
72 35 2
72 36 -41
72 37 1703
72 38 -38276
72 39 64
72 40 -1367
72 41 -60
72 42 -127
72 43 1172
72 44 2932
72 45 -13916
72 62 8291
72 63 4
72 64 751
72 65 27
72 66 -10917
72 67 -269
72 68 -131
72 69 14
72 70 -266
72 71 113
72 73 -1686
72 74 -7992
72 75 8
72 76 -751
72 77 56
72 78 -10852
72 79 -600
72 96 1434
72 97 -63
72 98 130
72 99 1362
72 100 2630
72 101 -13719
72 102 -258
72 103 10
72 104 -68
72 105 -1839
72 106 -38448
72 107 1434
72 108 -1573
72 109 67
72 110 -148
72 111 -1307
72 112 1404
72 113 14462
73 28 -2351
73 29 -102
73 30 -211
73 31 1164
73 32 14210
73 33 -19771
73 34 -10056
73 35 -439
73 36 -923
73 37 8015
73 38 1061
73 39 -87906
73 40 -2457
73 41 -107
73 42 -229
73 43 2516
73 44 -13680
73 45 -20532
73 62 1
73 63 -207
73 64 -2
73 65 -3870
73 66 -317
73 67 41858
73 68 14
73 69 -878
73 70 -10
73 71 -26487
73 72 -1686
73 74 -46
73 75 -213
73 76 -8
73 77 -4051
73 78 -546
73 79 44285
73 96 2318
73 97 -101
73 98 211
73 99 1166
73 100 -13910
73 101 -19512
73 102 10055
73 103 -438
73 104 936
73 105 8174
73 106 429
73 107 -88040
73 108 2521
73 109 -110
73 110 239
73 111 2611
73 112 14059
73 113 -21115
74 34 -2216
74 35 -299
74 36 6914
74 37 -123
74 38 -1524
74 39 2503
74 40 -3933
74 41 -21560
74 42 4163
74 43 -728
74 44 -152
74 45 10185
74 46 -1777
74 47 -10117
74 48 8124
74 49 -223
74 50 1388
74 51 2391
74 68 647
74 69 -247
74 70 1533
74 71 -1
74 72 -7992
74 73 -46
74 75 -658
74 76 -40147
74 77 0
74 78 -86
74 79 -17
74 80 848
74 81 -98
74 82 -189
74 83 -3
74 84 7873
74 85 -1
74 102 -2081
74 103 307
74 104 6521
74 105 132
74 106 -1313
74 107 -2445
74 108 -3956
74 109 22323
74 110 4642
74 111 748
74 112 169
74 113 -10165
74 114 -1854
74 115 10357
74 116 8426
74 117 231
74 118 1500
74 119 -2428
75 34 11953
75 35 -150944
75 36 -69614
75 37 5
75 38 65
75 39 -109
75 40 22094
75 41 -489937
75 42 -3697
75 43 31
75 44 6
75 45 -444
75 46 2143
75 47 -152159
75 48 67321
75 49 9
75 50 -61
75 51 -104
75 68 -255
75 69 221884
75 70 3262
75 71 31
75 72 8
75 73 -213
75 74 -658
75 76 9387
75 77 64
75 78 14
75 79 -887
75 80 -77
75 81 229116
75 82 1147
75 83 0
75 84 4
75 85 -211
75 102 -11662
75 103 -148517
75 104 65869
75 105 5
75 106 -58
75 107 -106
75 108 -21425
75 109 -490935
75 110 -5671
75 111 32
75 112 6
75 113 -443
75 114 -2125
75 115 -153653
75 116 -68007
75 117 10
75 118 64
75 119 -106
76 34 11015
76 35 -68142
76 36 -107946
76 37 -11
76 38 -142
76 39 233
76 40 4452
76 41 -3353
76 42 -65078
76 43 -54
76 44 -73
76 45 735
76 46 4098
76 47 67337
76 48 -104863
76 49 -11
76 50 69
76 51 120
76 68 434
76 69 2626
76 70 -11553
76 71 0
76 72 -751
76 73 -8
76 74 -40147
76 75 9387
76 77 1
76 78 -347
76 79 -13
76 80 791
76 81 1827
76 82 -4844
76 83 0
76 84 400
76 85 -2
76 102 10530
76 103 65965
76 104 -100557
76 105 12
76 106 -124
76 107 -231
76 108 4163
76 109 -6023
76 110 -65512
76 111 56
76 112 -48
76 113 -741
76 114 4314
76 115 -69627
76 116 -108647
76 117 11
76 118 77
76 119 -124
77 34 290
77 35 12
77 36 22
77 37 -139
77 38 -1260
77 39 2564
77 40 734
77 41 32
77 42 54
77 43 -430
77 44 -1925
77 45 6606
77 46 64
77 47 2
77 48 4
77 49 -68
77 50 821
77 51 474
77 68 -7
77 69 4
77 70 0
77 71 297
77 72 56
77 73 -4051
77 74 0
77 75 64
77 76 1
77 78 140
77 79 -21186
77 80 0
77 81 25
77 82 0
77 83 138
77 84 17
77 85 -2424
77 102 -278
77 103 12
77 104 -21
77 105 -145
77 106 1160
77 107 2530
77 108 -738
77 109 32
77 110 -56
77 111 -446
77 112 1820
77 113 6660
77 114 -63
77 115 2
77 116 -4
77 117 -69
77 118 -809
77 119 495
78 34 1550
78 35 67
78 36 118
78 37 -1139
78 38 1766
78 39 13968
78 40 90
78 41 3
78 42 -54
78 43 1840
78 44 -41335
78 45 141
78 46 -1380
78 47 -60
78 48 -93
78 49 827
78 50 2809
78 51 -13972
78 68 8067
78 69 8
78 70 619
78 71 45
78 72 -10852
78 73 -546
78 74 -86
78 75 14
78 76 -347
78 77 140
78 79 -1654
78 80 -7832
78 81 4
78 82 -534
78 83 24
78 84 -11080
78 85 -341
78 102 1331
78 103 -59
78 104 102
78 105 1197
78 106 3334
78 107 -13581
78 108 -233
78 109 9
78 110 -80
78 111 -1962
78 112 -41501
78 113 1333
78 114 -1481
78 115 63
78 116 -101
78 117 -888
78 118 2059
78 119 14296
79 34 -2384
79 35 -104
79 36 -181
79 37 966
79 38 14325
79 39 -20939
79 40 -10157
79 41 -443
79 42 -731
79 43 6565
79 44 966
79 45 -91996
79 46 -2463
79 47 -107
79 48 -167
79 49 2064
79 50 -13841
79 51 -21487
79 68 15
79 69 -209
79 70 -3
79 71 -3474
79 72 -600
79 73 44285
79 74 -17
79 75 -887
79 76 -13
79 77 -21186
79 78 -1654
79 80 -27
79 81 -214
79 82 -3
79 83 -3030
79 84 -279
79 85 45994
79 102 2327
79 103 -101
79 104 180
79 105 981
79 106 -13782
79 107 -20442
79 108 10210
79 109 -445
79 110 748
79 111 6726
79 112 500
79 113 -92133
79 114 2496
79 115 -109
79 116 171
79 117 2102
79 118 14001
79 119 -21795
80 40 -1828
80 41 -2151
80 42 4213
80 43 -61
80 44 -1458
80 45 2485
80 46 -1984
80 47 -11281
80 48 1883
80 49 -284
80 50 -1468
80 51 5131
80 74 848
80 75 -77
80 76 791
80 77 0
80 78 -7832
80 79 -27
80 81 -103
80 82 -12966
80 83 0
80 84 -7813
80 85 -12
80 108 -1770
80 109 2111
80 110 4120
80 111 67
80 112 -1352
80 113 -2459
80 114 -1992
80 115 11470
80 116 2012
80 117 289
80 118 -1362
80 119 -5105
81 40 10249
81 41 -153143
81 42 -69057
81 43 2
81 44 63
81 45 -108
81 46 11405
81 47 -249189
81 48 -6258
81 49 12
81 50 63
81 51 -223
81 74 -98
81 75 229116
81 76 1827
81 77 25
81 78 4
81 79 -214
81 80 -103
81 82 2744
81 83 45
81 84 4
81 85 -445
81 108 -10138
81 109 -152025
81 110 66775
81 111 2
81 112 -59
81 113 -107
81 114 -11263
81 115 -249667
81 116 3738
81 117 12
81 118 -59
81 119 -223
82 40 8283
82 41 -67846
82 42 -107668
82 43 -4
82 44 -98
82 45 168
82 46 1958
82 47 4361
82 48 -34037
82 49 -19
82 50 -99
82 51 348
82 74 -189
82 75 1147
82 76 -4844
82 77 0
82 78 -534
82 79 -3
82 80 -12966
82 81 2744
82 83 0
82 84 -532
82 85 -3
82 108 8159
82 109 67139
82 110 -104003
82 111 4
82 112 -92
82 113 -168
82 114 1888
82 115 -6884
82 116 -34220
82 117 19
82 118 -93
82 119 -349
83 40 228
83 41 9
83 42 11
83 43 -67
83 44 -867
83 45 2082
83 46 285
83 47 12
83 48 19
83 49 -168
83 50 -1034
83 51 3146
83 74 -3
83 75 0
83 76 0
83 77 138
83 78 24
83 79 -3030
83 80 0
83 81 45
83 82 0
83 84 53
83 85 -11302
83 108 -222
83 109 9
83 110 -11
83 111 -70
83 112 820
83 113 2073
83 114 -287
83 115 12
83 116 -19
83 117 -172
83 118 1011
83 119 3164
84 40 1474
84 41 63
84 42 74
84 43 -803
84 44 2229
84 45 13963
84 46 -1390
84 47 -60
84 48 -94
84 49 1014
84 50 -21503
84 51 -1115
84 74 7873
84 75 4
84 76 400
84 77 17
84 78 -11080
84 79 -279
84 80 -7813
84 81 4
84 82 -532
84 83 53
84 85 -546
84 108 1357
84 109 -59
84 110 69
84 111 839
84 112 3017
84 113 -13799
84 114 -1491
84 115 64
84 116 -102
84 117 -1045
84 118 -21575
84 119 1507
85 40 -2416
85 41 -105
85 42 -121
85 43 475
85 44 14215
85 45 -21690
85 46 -5106
85 47 -223
85 48 -346
85 49 3136
85 50 1410
85 51 -47055
85 74 -1
85 75 -211
85 76 -2
85 77 -2424
85 78 -341
85 79 45994
85 80 -12
85 81 -445
85 82 -3
85 83 -11302
85 84 -546
85 108 2387
85 109 -104
85 110 122
85 111 493
85 112 -13892
85 113 -21459
85 114 5148
85 115 -224
85 116 352
85 117 3180
85 118 -1020
85 119 -47125
86 52 -1566
86 53 -200
86 54 1564
86 55 4964
86 56 -1483
86 57 -8051
86 58 5649
86 59 -170
86 60 1565
86 61 2346
86 87 0
86 88 8619
86 89 1
86 90 239
86 91 -27
86 92 439
86 93 0
86 94 8616
86 95 -24
86 120 -1574
86 121 203
86 122 1600
86 123 -4985
86 124 -1497
86 125 8129
86 126 5660
86 127 172
86 128 1601
86 129 -2368
87 52 201
87 53 0
87 54 -693
87 55 1133
87 56 -5
87 57 0
87 58 0
87 59 -14
87 60 449
87 61 -119
87 86 0
87 88 -10
87 89 -2519
87 90 0
87 91 21
87 92 0
87 93 25
87 94 4
87 95 -1140
87 120 -201
87 121 0
87 122 691
87 123 1141
87 124 5
87 125 0
87 126 0
87 127 -14
87 128 -446
87 129 -115
88 52 1597
88 53 688
88 54 -16434
88 55 1105
88 56 -1571
88 57 -69
88 58 -68
88 59 533
88 60 1793
88 61 -14005
88 86 8619
88 87 -10
88 89 -126
88 90 -8604
88 91 0
88 92 -375
88 93 6
88 94 -11099
88 95 -94
88 120 1553
88 121 -698
88 122 -16536
88 123 -882
88 124 -1587
88 125 68
88 126 -68
88 127 -541
88 128 1668
88 129 14134
89 52 -4970
89 53 1128
89 54 -919
89 55 -40932
89 56 -2375
89 57 -103
89 58 -103
89 59 1423
89 60 -14010
89 61 -18571
89 86 1
89 87 -2519
89 88 -126
89 90 -20
89 91 -207
89 92 0
89 93 -1617
89 94 -35
89 95 39370
89 120 4976
89 121 1148
89 122 1140
89 123 -41031
89 124 2389
89 125 -104
89 126 104
89 127 1420
89 128 13917
89 129 -18682
90 52 -1495
90 53 6
90 54 -1588
90 55 2382
90 56 -3355
90 57 -19294
90 58 2827
90 59 -636
90 60 -87
90 61 9937
90 62 -2244
90 63 -12072
90 64 11505
90 65 -304
90 66 1515
90 67 2324
90 86 239
90 87 0
90 88 -8604
90 89 -20
90 91 -279
90 92 -35921
90 93 -2
90 94 -106
90 95 12
90 96 142
90 97 -125
90 98 1948
90 99 -1
90 100 8469
90 101 -16
90 120 -1481
90 121 -4
90 122 -1563
90 123 -2380
90 124 -3374
90 125 19573
90 126 2935
90 127 643
90 128 12
90 129 -9967
90 130 -2298
90 131 12317
90 132 11728
90 133 310
90 134 1591
90 135 -2356
91 52 8092
91 53 0
91 54 68
91 55 -104
91 56 19478
91 57 -444772
91 58 -1105
91 59 27
91 60 3
91 61 -434
91 62 -565
91 63 -143375
91 64 67342
91 65 13
91 66 -67
91 67 -101
91 86 -27
91 87 21
91 88 0
91 89 -207
91 90 -279
91 92 2309
91 93 56
91 94 4
91 95 -869
91 96 -36
91 97 204792
91 98 469
91 99 4
91 100 2
91 101 -206
91 120 -8072
91 121 0
91 122 -68
91 123 -103
91 124 -19315
91 125 -446145
91 126 -1203
91 127 28
91 128 0
91 129 -435
91 130 495
91 131 -144432
91 132 -67088
91 133 13
91 134 67
91 135 -102
92 52 5633
92 53 0
92 54 -69
92 55 104
92 56 2882
92 57 -828
92 58 -47938
92 59 -48
92 60 58
92 61 640
92 62 7400
92 63 67353
92 64 -102352
92 65 -25
92 66 128
92 67 198
92 86 439
92 87 0
92 88 -375
92 89 0
92 90 -35921
92 91 2309
92 93 0
92 94 350
92 95 -1
92 96 3328
92 97 1254
92 98 -28153
92 99 0
92 100 723
92 101 -3
92 120 5681
92 121 0
92 122 -68
92 123 -103
92 124 2857
92 125 -1484
92 126 -48483
92 127 48
92 128 67
92 129 -642
92 130 7558
92 131 -69335
92 132 -104680
92 133 26
92 134 137
92 135 -201
93 52 172
93 53 -14
93 54 -543
93 55 1420
93 56 639
93 57 27
93 58 48
93 59 -316
93 60 -1461
93 61 5311
93 62 137
93 63 5
93 64 14
93 65 -157
93 66 1270
93 67 997
93 86 0
93 87 25
93 88 6
93 89 -1617
93 90 -2
93 91 56
93 92 0
93 94 6
93 95 -18135
93 96 1
93 97 33
93 98 0
93 99 331
93 100 14
93 101 -3530
93 120 -170
93 121 -15
93 122 528
93 123 1424
93 124 -638
93 125 27
93 126 -48
93 127 -320
93 128 1437
93 129 5335
93 130 -139
93 131 6
93 132 -14
93 133 -159
93 134 -1259
93 135 1020
94 52 1599
94 53 -443
94 54 1661
94 55 13932
94 56 -3
94 57 0
94 58 65
94 59 1434
94 60 -33690
94 61 -160
94 62 -1516
94 63 -67
94 64 -155
94 65 1342
94 66 2088
94 67 -13992
94 86 8616
94 87 4
94 88 -11099
94 89 -35
94 90 -106
94 91 4
94 92 350
94 93 6
94 95 -462
94 96 -8440
94 97 1
94 98 -864
94 99 22
94 100 -10890
94 101 -195
94 120 1554
94 121 456
94 122 1850
94 123 -14025
94 124 -104
94 125 3
94 126 58
94 127 -1475
94 128 -33896
94 129 507
94 130 -1574
94 131 67
94 132 -160
94 133 -1380
94 134 1650
94 135 14205
95 52 -2359
95 53 -121
95 54 14112
95 55 -18617
95 56 -9941
95 57 -433
95 58 -639
95 59 5310
95 60 450
95 61 -82526
95 62 -2396
95 63 -104
95 64 -245
95 65 2540
95 66 -13848
95 67 -18891
95 86 -24
95 87 -1140
95 88 -94
95 89 39370
95 90 12
95 91 -869
95 92 -1
95 93 -18135
95 94 -462
95 96 -27
95 97 -208
95 98 -3
95 99 -4025
95 100 -130
95 101 40348
95 120 2350
95 121 -112
95 122 -13984
95 123 -18618
95 124 9962
95 125 -435
95 126 643
95 127 5337
95 128 -106
95 129 -82723
95 130 2422
95 131 -105
95 132 248
95 133 2558
95 134 13836
95 135 -19111
96 56 -2285
96 57 514
96 58 7524
96 59 -137
96 60 -1568
96 61 2413
96 62 -3706
96 63 -19952
96 64 4554
96 65 -958
96 66 -156
96 67 9967
96 68 -2342
96 69 -12495
96 70 11965
96 71 -313
96 72 1434
96 73 2318
96 90 142
96 91 -36
96 92 3328
96 93 1
96 94 -8440
96 95 -27
96 97 -777
96 98 -53813
96 99 -3
96 100 -114
96 101 21
96 102 336
96 103 -271
96 104 1441
96 105 -5
96 106 8282
96 107 1
96 124 -2241
96 125 -565
96 126 7386
96 127 139
96 128 -1502
96 129 -2399
96 130 -3734
96 131 20624
96 132 4878
96 133 977
96 134 90
96 135 -10013
96 136 -2510
96 137 13013
96 138 12696
96 139 329
96 140 1614
96 141 -2379
97 56 12242
97 57 -144041
97 58 -69012
97 59 6
97 60 67
97 61 -105
97 62 20464
97 63 -456916
97 64 -2964
97 65 41
97 66 5
97 67 -435
97 68 -792
97 69 -145517
97 70 66653
