%%MatrixMarket matrix coordinate integer general
%
3562 3562 156348
1 2 284487450
1 3 0
1 4 0
1 5 0
1 6 355093577
1 7 -448746923
1 8 -141928007
1 9 -8449211
1 10 -8367177818
1 11 26458588804
1 12 177489080
1 833 -448746923
1 834 -141928007
1 835 8449211
1 836 8367177818
1 837 -26458588804
1 838 177489080
1 3023 -777117
1 3024 -315717
1 3025 856687
1 3026 14684
1 3027 5950
1 3028 -9726
1 3029 -777117
1 3030 -315717
1 3031 -856687
1 3032 -14684
1 3033 -5950
1 3034 -9726
2 1 284487450
2 3 0
2 4 0
2 5 0
2 6 -58907376
2 7 -141929402
2 8 -110714186
2 9 -2411640
2 10 -6531693654
2 11 8363673619
2 12 -29309275
2 833 -141929402
2 834 -110714186
2 835 2411640
2 836 6531693654
2 837 -8363673619
2 838 -29309275
2 3023 -314323
2 3024 -127351
2 3025 342805
2 3026 -36728
2 3027 -14882
2 3028 24486
2 3029 -314323
2 3030 -127351
2 3031 -342805
2 3032 36728
2 3033 14882
2 3034 24486
3 1 0
3 2 0
3 4 -546689044
3 5 1392784888
3 6 0
3 7 -8163568
3 8 -2297575
3 9 -180689432
3 10 -273344391
3 11 696392493
3 12 3504199
3 833 8163568
3 834 2297575
3 835 -180689432
3 836 -273344391
3 837 696392493
3 838 -3504199
3 3023 856379
3 3024 343580
3 3025 -328960
3 3026 -152
3 3027 -61
3 3028 198
3 3029 -856379
3 3030 -343580
3 3031 -328960
3 3032 -152
3 3033 -61
3 3034 -198
4 1 0
4 2 0
4 3 -546689044
4 5 -1318570056199
4 6 0
4 7 8367157164
4 8 6531745376
4 9 273344644
4 10 257267328445
4 11 -329673825830
4 12 2676940745
4 833 -8367157164
4 834 -6531745376
4 835 273344644
4 836 257267328445
4 837 -329673825830
4 838 -2676940745
4 3023 6254
4 3024 -15736
4 3025 -122
4 3026 2371350
4 3027 962752
4 3028 -2531882
4 3029 -6254
4 3030 15736
4 3031 -122
4 3032 2371350
4 3033 962752
4 3034 2531882
5 1 0
5 2 0
5 3 1392784888
5 4 -1318570056199
5 6 0
5 7 -26458596779
5 8 -8363653647
5 9 -696392395
5 10 -329673858713
5 11 1042267025139
5 12 7938448292
5 833 26458596779
5 834 8363653647
5 835 -696392395
5 836 -329673858713
5 837 1042267025139
5 838 -7938448292
5 3023 2469
5 3024 -6213
5 3025 -48
5 3026 943345
5 3027 382430
5 3028 -1005359
5 3029 -2469
5 3030 6213
5 3031 -48
5 3032 943345
5 3033 382430
5 3034 1005359
6 1 355093577
6 2 -58907376
6 3 0
6 4 0
6 5 0
6 7 -177544918
6 8 29449106
6 9 -3503517
6 10 2683676875
6 11 7941138188
6 12 -69266629546
6 833 -177544918
6 834 29449106
6 835 3503517
6 836 -2683676875
6 837 -7941138188
6 838 -69266629546
6 3023 -1870
6 3024 4582
6 3025 -40
6 3026 1606082
6 3027 647539
6 3028 240489
6 3029 -1870
6 3030 4582
6 3031 40
6 3032 -1606082
6 3033 -647539
6 3034 240489
7 1 -448746923
7 2 -141929402
7 3 -8163568
7 4 8367157164
7 5 -26458596779
7 6 -177544918
7 8 222565584
7 9 19162022
7 10 2679966041
7 11 -8583404949
7 12 197916458
7 13 -249311771
7 14 -79097673
7 15 -10801340
7 16 -5687209925
7 17 17875184871
7 18 370587890
7 19 20672
7 20 10522
7 21 -120867
7 22 3629
7 23 1388
7 24 2402
7 3023 -3095091
7 3024 -1220212
7 3025 -875080
7 3026 -19853
7 3027 -8207
7 3028 -3205676
7 3335 -797508
7 3336 -328818
7 3337 798834
7 3338 -6214
7 3339 -2545
7 3340 1769
8 1 -141928007
8 2 -110714186
8 3 -2297575
8 4 6531745376
8 5 -8363653647
8 6 29449106
8 7 222565584
8 9 4329593
8 10 2099213039
8 11 -2699910618
8 12 -42050904
8 13 -79097673
8 14 -61927031
8 15 -1982237
8 16 -4432485100
8 17 5663760512
8 18 -70936922
8 19 5032
8 20 2462
8 21 -28868
8 22 -9183
8 23 -3512
8 24 -6079
8 3023 -1217912
8 3024 -506631
8 3025 -342502
8 3026 49718
8 3027 20554
8 3028 -3613610
8 3335 -327023
8 3336 -134468
8 3337 321589
8 3338 15483
8 3339 6345
8 3340 -4549
9 1 -8449211
9 2 -2411640
9 3 -180689432
9 4 273344644
9 5 -696392395
9 6 -3503517
9 7 19162022
9 8 4329593
9 10 -327360640
9 11 831404135
9 12 19944577
9 13 -10801340
9 14 -1982237
9 15 -147393634
9 16 -600112152
9 17 1526417578
9 18 23449412
9 19 165135
9 20 84167
9 21 -984878
9 22 -176
9 23 -67
9 24 -116
9 3023 -875063
9 3024 -342494
9 3025 -810235
9 3026 -508335
9 3027 1379241
9 3028 -700
9 3335 798457
9 3336 322611
9 3337 -242284
9 3338 151
9 3339 64
9 3340 -130
10 1 -8367177818
10 2 -6531693654
10 3 -273344391
10 4 257267328445
10 5 -329673858713
10 6 2683676875
10 7 2679966041
10 8 2099213039
10 9 -327360640
10 11 -1205268584936
10 12 3377723425
10 13 5687209925
10 14 4432485100
10 15 600112152
10 16 212165154634
10 17 -273225339450
10 18 7397738610
10 19 -4808
10 20 12165
10 21 233
10 22 952205
10 23 373385
10 24 157306
10 3023 20169
10 3024 -50509
10 3025 592191
10 3026 -1027743
10 3027 -42540567
10 3028 -2957331
10 3335 -13510
10 3336 33858
10 3337 454
10 3338 2290067
10 3339 894342
10 3340 1320527
11 1 26458588804
11 2 8363673619
11 3 696392493
11 4 -329673825830
11 5 1042267025139
11 6 7941138188
11 7 -8583404949
11 8 -2699910618
11 9 831404135
11 10 -1205268584936
11 12 46041243056
11 13 -17875184871
11 14 -5663760512
11 15 -1526417578
11 16 -273225339450
11 17 856869706678
11 18 20209833348
11 19 -1959
11 20 4958
11 21 95
11 22 383690
11 23 150592
11 24 45931
11 3023 8420
11 3024 -21088
11 3025 -1379325
11 3026 -34959768
11 3027 80728578
11 3028 -1233165
11 3335 -5444
11 3336 13642
11 3337 180
11 3338 942125
11 3339 367985
11 3340 511597
12 1 177489080
12 2 -29309275
12 3 3504199
12 4 2676940745
12 5 7938448292
12 6 -69266629546
12 7 197916458
12 8 -42050904
12 9 19944577
12 10 3377723425
12 11 46041243056
12 13 -370587890
12 14 70936922
12 15 -23449412
12 16 7397738610
12 17 20209833348
12 18 -55774913359
12 19 3097
12 20 -7836
12 21 -150
12 22 -379578
12 23 -166259
12 24 845984
12 3023 -4828557
12 3024 450461
12 3025 918
12 3026 -2864067
12 3027 -1195922
12 3028 130195097
12 3335 7811
12 3336 -19367
12 3337 -132
12 3338 -2412079
12 3339 -979243
12 3340 500395
13 7 -249311771
13 8 -79097673
13 9 -10801340
13 10 5687209925
13 11 -17875184871
13 12 -370587890
13 14 356545403
13 15 106231295
13 16 -7568721860
13 17 23332650903
13 18 1024721131
13 19 -872528235
13 20 -277447729
13 21 -95429954
13 22 -13255931785
13 23 41207835775
13 24 1395309021
14 7 -79097673
14 8 -61927031
14 9 -1982237
14 10 4432485100
14 11 -5663760512
14 12 70936922
14 13 356545403
14 15 33972329
14 16 -5869352594
14 17 7448502043
14 18 -193873053
14 19 -277447729
14 20 -218626859
14 21 -31990092
14 22 -10301837694
14 23 13112262556
14 24 -264809975
15 7 -10801340
15 8 -1982237
15 9 -147393634
15 10 600112152
15 11 -1526417578
15 12 -23449412
15 13 106231295
15 14 33972329
15 16 -1679181955
15 17 4209899452
15 18 120219816
15 19 -95429954
15 20 -31990092
15 21 -236707760
15 22 -2279294108
15 23 5736317030
15 24 143669229
16 7 -5687209925
16 8 -4432485100
16 9 -600112152
16 10 212165154634
16 11 -273225339450
16 12 7397738610
16 13 -7568721860
16 14 -5869352594
16 15 -1679181955
16 17 -1385953944210
16 18 8458475197
16 19 13255931785
16 20 10301837694
16 21 2279294108
16 22 324170244481
16 23 -421083549997
16 24 17880860593
17 7 17875184871
17 8 5663760512
17 9 1526417578
17 10 -273225339450
17 11 856869706678
17 12 20209833348
17 13 23332650903
17 14 7448502043
17 15 4209899452
17 16 -1385953944210
17 18 114702871792
17 19 -41207835775
17 20 -13112262556
17 21 -5736317030
17 22 -421083549997
17 23 1301462095400
17 24 50002304967
18 7 370587890
18 8 -70936922
18 9 23449412
18 10 7397738610
18 11 20209833348
18 12 -55774913359
18 13 1024721131
18 14 -193873053
18 15 120219816
18 16 8458475197
18 17 114702871792
18 19 -1395309021
18 20 264809975
18 21 -143669229
18 22 17880860593
18 23 50002304967
18 24 -81494256044
19 7 20672
19 8 5032
19 9 165135
19 10 -4808
19 11 -1959
19 12 3097
19 13 -872528235
19 14 -277447729
19 15 -95429954
19 16 13255931785
19 17 -41207835775
19 18 -1395309021
19 20 336376898
19 21 108774082
19 22 8671128894
19 23 -27194061712
19 24 -748147679
19 25 -175766642
19 26 -56899963
19 27 -13203723
19 28 -4584798232
19 29 14013776764
19 30 641577060
19 37 208851
19 38 84725
19 39 -80562
19 40 -767
19 41 -459
19 42 4177
19 3017 -3494864
19 3018 -1371302
19 3019 -18794
19 3020 -249
19 3021 -787
19 3022 -3546545
19 3323 -949395
19 3324 -396185
19 3325 712643
19 3326 -8212
19 3327 -3498
19 3328 5587
19 3335 -935414
19 3336 -351476
19 3337 -918825
19 3338 6059
19 3339 2279
19 3340 7029
20 7 10522
20 8 2462
20 9 84167
20 10 12165
20 11 4958
20 12 -7836
20 13 -277447729
20 14 -218626859
20 15 -31990092
20 16 10301837694
20 17 -13112262556
20 18 264809975
20 19 336376898
20 21 32831952
20 22 6752464679
20 23 -8620469190
20 24 121804151
20 25 -56899963
20 26 -44989619
20 27 -871307
20 28 -3549384686
20 29 4491786577
20 30 -142210037
20 37 73846
20 38 29158
20 39 -5260
20 40 1962
20 41 1173
20 42 -10680
20 3017 -1368836
20 3018 -575679
20 3019 14656
20 3020 627
20 3021 1984
20 3022 -4337809
20 3323 -393926
20 3324 -164051
20 3325 288382
20 3326 20604
20 3327 8789
20 3328 -14345
20 3335 -350811
20 3336 -131452
20 3337 -352497
20 3338 -15224
20 3339 -5725
20 3340 -17797
21 7 -120867
21 8 -28868
21 9 -984878
21 10 233
21 11 95
21 12 -150
21 13 -95429954
21 14 -31990092
21 15 -236707760
21 16 2279294108
21 17 -5736317030
21 18 -143669229
21 19 108774082
21 20 32831952
21 22 1155008579
21 23 -2939315426
21 24 -50659704
21 25 -13203723
21 26 -871307
21 27 -133307508
21 28 -1123520665
21 29 2795228714
21 30 93011654
21 37 205703
21 38 106712
21 39 -690652
21 40 74
21 41 44
21 42 -405
21 3017 -18739
21 3018 14678
21 3019 -874546
21 3020 -642406
21 3021 1772910
21 3022 -1734
21 3323 712143
21 3324 289846
21 3325 -206078
21 3326 576
21 3327 253
21 3328 -577
21 3335 -918644
21 3336 -352921
21 3337 -578869
21 3338 -349
21 3339 -132
21 3340 -334
22 7 3629
22 8 -9183
22 9 -176
22 10 952205
22 11 383690
22 12 -379578
22 13 -13255931785
22 14 -10301837694
22 15 -2279294108
22 16 324170244481
22 17 -421083549997
22 18 17880860593
22 19 8671128894
22 20 6752464679
22 21 1155008579
22 23 -1340348157406
22 24 11572656133
22 25 4584798232
22 26 3549384686
22 27 1123520665
22 28 190868953037
22 29 -251363652328
22 30 15211700495
22 37 -2286
22 38 5845
22 39 222
22 40 446532
22 41 157266
22 42 460247
22 3017 -346
22 3018 873
22 3019 764678
22 3020 -2069199
22 3021 -48896780
22 3022 46169
22 3323 -12055
22 3324 30448
22 3325 960
22 3326 1729607
22 3327 647218
22 3328 1150300
22 3335 15718
22 3336 -39656
22 3337 -821
22 3338 1950016
22 3339 811247
22 3340 -1879828
23 7 1388
23 8 -3512
23 9 -67
23 10 373385
23 11 150592
23 12 -166259
23 13 41207835775
23 14 13112262556
23 15 5736317030
23 16 -421083549997
23 17 1301462095400
23 18 50002304967
23 19 -27194061712
23 20 -8620469190
23 21 -2939315426
23 22 -1340348157406
23 24 145736359023
23 25 -14013776764
23 26 -4491786577
23 27 -2795228714
23 28 -251363652328
23 29 759674662211
23 30 39444950777
23 37 -1180
23 38 3017
23 39 114
23 40 224298
23 41 82287
23 42 136829
23 3017 1171
23 3018 -2951
23 3019 -1772987
23 3020 -39142609
23 3021 91550957
23 3022 -123834
23 3323 -4744
23 3324 11965
23 3325 367
23 3326 756491
23 3327 286689
23 3328 391993
23 3335 6066
23 3336 -15307
23 3337 -316
23 3338 722658
23 3339 301345
23 3340 -760893
24 7 2402
24 8 -6079
24 9 -116
24 10 157306
24 11 45931
24 12 845984
24 13 1395309021
24 14 -264809975
24 15 143669229
24 16 17880860593
24 17 50002304967
24 18 -81494256044
24 19 -748147679
24 20 121804151
24 21 -50659704
24 22 11572656133
24 23 145736359023
24 25 -641577060
24 26 142210037
24 27 -93011654
24 28 15211700495
24 29 39444950777
24 30 -44618173572
24 37 7525
24 38 -19239
24 39 -731
24 40 -1303473
24 41 -553052
24 42 1136323
24 3017 -5603374
24 3018 843623
24 3019 3297
24 3020 -41132
24 3021 -158490
24 3022 146284357
24 3323 2407
24 3324 -5582
24 3325 90
24 3326 -2437205
24 3327 -1031330
24 3328 1536349
24 3335 6756
24 3336 -16935
24 3337 -410
24 3338 2331579
24 3339 909318
24 3340 915991
25 19 -175766642
25 20 -56899963
25 21 -13203723
25 22 4584798232
25 23 -14013776764
25 24 -641577060
25 26 57176052392
25 27 40704134348
25 28 -471097888338
25 29 1425310123004
25 30 73766029069
25 31 -179196507190
25 32 -57119152428
25 33 -40690930625
25 34 -475682686571
25 35 1439323899768
25 36 74407606129
26 19 -56899963
26 20 -44989619
26 21 -871307
26 22 3549384686
26 23 -4491786577
26 24 142210037
26 25 57176052392
26 27 16085160146
26 28 -363896389228
26 29 458892273709
26 30 -17009069580
26 31 -57119152428
26 32 -45888624852
26 33 -16084288838
26 34 -367445773915
26 35 463384060287
26 36 -17151279618
27 19 -13203723
27 20 -871307
27 21 -133307508
27 22 1123520665
27 23 -2795228714
27 24 -93011654
27 25 40704134348
27 26 16085160146
27 28 -132409116979
27 29 326620564624
27 30 12205614629
27 31 -40690930625
27 32 -16084288838
27 33 -10988912363
27 34 -133532637644
27 35 329415793339
27 36 12298626283
28 19 -4584798232
28 20 -3549384686
28 21 -1123520665
28 22 190868953037
28 23 -251363652328
28 24 15211700495
28 25 -471097888338
28 26 -363896389228
28 27 -132409116979
28 29 -5633847833066
28 30 72200797831
28 31 475682686571
28 32 367445773915
28 33 133532637644
28 34 1946085600461
28 35 -2583202157436
28 36 175743470727
29 19 14013776764
29 20 4491786577
29 21 2795228714
29 22 -251363652328
29 23 759674662211
29 24 39444950777
29 25 1425310123004
29 26 458892273709
29 27 326620564624
29 28 -5633847833066
29 30 794856582804
29 31 -1439323899768
29 32 -463384060287
29 33 -329415793339
29 34 -2583202157436
29 35 7703175244560
29 36 450907285575
30 19 641577060
30 20 -142210037
30 21 93011654
30 22 15211700495
30 23 39444950777
30 24 -44618173572
30 25 73766029069
30 26 -17009069580
30 27 12205614629
30 28 72200797831
30 29 794856582804
30 31 -74407606129
30 32 17151279618
30 33 -12298626283
30 34 175743470727
30 35 450907285575
30 36 -434439903261
31 25 -179196507190
31 26 -57119152428
31 27 -40690930625
31 28 475682686571
31 29 -1439323899768
31 30 -74407606129
31 32 57924327520
31 33 41263513940
31 34 447847027728
31 35 -1355960257309
31 36 -69651253309
31 37 -2509218019
31 38 -805175091
31 39 -572583315
31 40 -27835658843
31 41 83363642459
31 42 4756352820
32 25 -57119152428
32 26 -45888624852
32 27 -16084288838
32 28 367445773915
32 29 -463384060287
32 30 17151279618
32 31 57924327520
32 33 16299112218
32 34 345989796810
32 35 -436422627437
32 36 16019337106
32 37 -805175091
32 38 -649779488
32 39 -214823379
32 40 -21455977105
32 41 26961432849
32 42 -1131942511
33 25 -40690930625
33 26 -16084288838
33 27 -10988912363
33 28 133532637644
33 29 -329415793339
33 30 -12298626283
33 31 41263513940
33 32 16299112218
33 34 124803806344
33 35 -308072428983
33 36 -11424400290
33 37 -572583315
33 38 -214823379
33 39 -472337260
33 40 -8728831300
33 41 21343364355
33 42 874225993
34 25 -475682686571
34 26 -367445773915
34 27 -133532637644
34 28 1946085600461
34 29 -2583202157436
34 30 175743470727
34 31 447847027728
34 32 345989796810
34 33 124803806344
34 35 -6384909967745
34 36 84190274536
34 37 27835658843
34 38 21455977105
34 39 8728831300
34 40 471329538758
34 41 -630545361025
34 42 46878966111
35 25 1439323899768
35 26 463384060287
35 27 329415793339
35 28 -2583202157436
35 29 7703175244560
35 30 450907285575
35 31 -1355960257309
35 32 -436422627437
35 33 -308072428983
35 34 -6384909967745
35 36 924386209408
35 37 -83363642459
35 38 -26961432849
35 39 -21343364355
35 40 -630545361025
35 41 1854940165880
35 42 119602198870
36 25 74407606129
36 26 -17151279618
36 27 12298626283
36 28 175743470727
36 29 450907285575
36 30 -434439903261
36 31 -69651253309
36 32 16019337106
36 33 -11424400290
36 34 84190274536
36 35 924386209408
36 37 -4756352820
36 38 1131942511
36 39 -874225993
36 40 46878966111
36 41 119602198870
36 42 -100191586560
37 19 208851
37 20 73846
37 21 205703
37 22 -2286
37 23 -1180
37 24 7525
37 31 -2509218019
37 32 -805175091
37 33 -572583315
37 34 27835658843
37 35 -83363642459
37 36 -4756352820
37 38 843035228
37 39 576773710
37 40 24565352467
37 41 -73812317541
37 42 -4118268352
37 43 -103736812
37 44 -35263952
37 45 -3863469
37 46 -3270306326
37 47 9551328162
37 48 629892058
37 49 730138
37 50 276306
37 51 37745
37 52 -25311
37 53 -10074
37 54 7100
37 3011 -4811053
37 3012 -1848683
37 3013 -42496
37 3014 -559
37 3015 -1792
37 3016 -4412678
37 3311 -1654247
37 3312 -656089
37 3313 485212
37 3314 -9775
37 3315 -5755
37 3316 33397
37 3323 -1227924
37 3324 -441562
37 3325 -1013090
37 3326 9081
37 3327 2849
37 3328 18676
38 19 84725
38 20 29158
38 21 106712
38 22 5845
38 23 3017
38 24 -19239
38 31 -805175091
38 32 -649779488
38 33 -214823379
38 34 21455977105
38 35 -26961432849
38 36 1131942511
38 37 843035228
38 39 211333519
38 40 18945038005
38 41 -23831782599
38 42 949513998
38 43 -35263952
38 44 -28092667
38 45 3476703
38 46 -2510938431
38 47 3129642193
38 48 -179945590
38 49 259878
38 50 99309
38 51 18382
38 52 66266
38 53 26375
38 54 -18589
38 3011 -1846226
38 3012 -807649
38 3013 33673
38 3014 1427
38 3015 4572
38 3016 -7161745
38 3311 -653222
38 3312 -262357
38 3313 217212
38 3314 24681
38 3315 14701
38 3316 -87251
38 3323 -441338
38 3324 -158807
38 3325 -362824
38 3326 -23152
38 3327 -7260
38 3328 -47728
39 19 -80562
39 20 -5260
39 21 -690652
39 22 222
39 23 114
39 24 -731
39 31 -572583315
39 32 -214823379
39 33 -472337260
39 34 8728831300
39 35 -21343364355
39 36 -874225993
39 37 576773710
39 38 211333519
39 40 7453238038
39 41 -18282359450
39 42 -733569868
39 43 -3863469
39 44 3476703
39 45 -110569513
39 46 -1274127997
39 47 3057669909
39 48 140664133
39 49 324666
39 50 127976
39 51 -68159
39 52 3794
39 53 1510
39 54 -1064
39 3011 -42404
39 3012 33709
39 3013 -1223169
39 3014 -1149363
39 3015 3335160
39 3016 -4013
39 3311 484379
39 3312 219752
39 3313 -503632
39 3314 1069
39 3315 703
39 3316 -4925
39 3323 -1013004
39 3324 -363021
39 3325 -885729
39 3326 -905
39 3327 -285
39 3328 -1821
40 19 -767
40 20 1962
40 21 74
40 22 446532
40 23 224298
40 24 -1303473
40 31 -27835658843
40 32 -21455977105
40 33 -8728831300
40 34 471329538758
40 35 -630545361025
40 36 46878966111
40 37 24565352467
40 38 18945038005
40 39 7453238038
40 41 -1688814207238
40 42 26364305066
40 43 3270306326
40 44 2510938431
40 45 1274127997
40 46 162002084652
40 47 -221193710047
40 48 20097937643
40 49 15473
40 50 -40511
40 51 -2319
40 52 -2803229
40 53 -1128105
40 54 1005570
40 3011 -969
40 3012 2473
40 3013 1464584
40 3014 -5421920
40 3015 -69684756
40 3016 77280
40 3311 -32867
40 3312 85748
40 3313 4796
40 3314 813010
40 3315 98259
40 3316 3874687
40 3323 19179
40 3324 -49005
40 3325 -1872
40 3326 974837
40 3327 490529
40 3328 -2847998
41 19 -459
41 20 1173
41 21 44
41 22 157266
41 23 82287
41 24 -553052
41 31 83363642459
41 32 26961432849
41 33 21343364355
41 34 -630545361025
41 35 1854940165880
41 36 119602198870
41 37 -73812317541
41 38 -23831782599
41 39 -18282359450
41 40 -1688814207238
41 42 268540065320
41 43 -9551328162
41 44 -3129642193
41 45 -3057669909
41 46 -221193710047
41 47 629377049703
41 48 46757415299
41 49 4257
41 50 -11145
41 51 -638
41 52 -762144
41 53 -308907
41 54 301569
41 3011 2540
41 3012 -6482
41 3013 -3335180
41 3014 -51320602
41 3015 125693059
41 3016 -198993
41 3311 -10473
41 3312 27254
41 3313 1497
41 3314 394303
41 3315 88785
41 3316 1149699
41 3323 7378
41 3324 -18856
41 3325 -719
41 3326 291366
41 3327 158948
41 3328 -1188536
42 19 4177
42 20 -10680
42 21 -405
42 22 460247
42 23 136829
42 24 1136323
42 31 4756352820
42 32 -1131942511
42 33 874225993
42 34 46878966111
42 35 119602198870
42 36 -100191586560
42 37 -4118268352
42 38 949513998
42 39 -733569868
42 40 26364305066
42 41 268540065320
42 43 -629892058
42 44 179945590
42 45 -140664133
42 46 20097937643
42 47 46757415299
42 48 -30183533785
42 49 28878
42 50 -75604
42 51 -4328
42 52 -5386093
42 53 -2139816
42 54 1440760
42 3011 -8194038
42 3012 2485646
42 3013 7452
42 3014 -89364
42 3015 -264311
42 3016 198165755
42 3311 -34483
42 3312 91304
42 3313 5613
42 3314 -1815695
42 3315 -1053999
42 3316 5890699
42 3323 3057
42 3324 -7742
42 3325 -322
42 3326 2333572
42 3327 840507
42 3328 1943911
43 37 -103736812
43 38 -35263952
43 39 -3863469
43 40 3270306326
43 41 -9551328162
43 42 -629892058
43 44 1156832728
43 45 1198174756
43 46 -32949713998
43 47 93435776485
43 48 6938495642
43 49 -3438599168
43 50 -1121568775
43 51 -1194311287
43 52 -36220020325
43 53 102987104647
43 54 7568387700
44 37 -35263952
44 38 -28092667
44 39 3476703
44 40 2510938431
44 41 -3129642193
44 42 179945590
44 43 1156832728
44 45 463494736
44 46 -25213958906
44 47 31130753793
44 48 -2329060220
44 49 -1121568775
44 50 -941816704
44 51 -466971439
44 52 -27724897338
44 53 34260395987
44 54 -2509005810
45 37 -3863469
45 38 3476703
45 39 -110569513
45 40 1274127997
45 41 -3057669909
45 42 -140664133
45 43 1198174756
45 44 463494736
45 46 -15504862319
45 47 36349006436
45 48 1818960204
45 49 -1194311287
45 50 -466971439
45 51 -835642383
45 52 -16778990317
45 53 39406676345
45 54 1959624338
46 37 -3270306326
46 38 -2510938431
46 39 -1274127997
46 40 162002084652
46 41 -221193710047
46 42 20097937643
46 43 -32949713998
46 44 -25213958906
46 45 -15504862319
46 47 -1924698276322
46 48 45470704042
46 49 36220020325
46 50 27724897338
46 51 16778990317
46 52 541352105307
46 53 -754884166226
46 54 78747393531
47 37 9551328162
47 38 3129642193
47 39 3057669909
47 40 -221193710047
47 41 629377049703
47 42 46757415299
47 43 93435776485
47 44 31130753793
47 45 36349006436
47 46 -1924698276322
47 48 346127384167
47 49 -102987104647
47 50 -34260395987
47 51 -39406676345
47 52 -754884166226
47 53 2072929256836
47 54 170629904744
48 37 629892058
48 38 -179945590
48 39 140664133
48 40 20097937643
48 41 46757415299
48 42 -30183533785
48 43 6938495642
48 44 -2329060220
48 45 1818960204
48 46 45470704042
48 47 346127384167
48 49 -7568387700
48 50 2509005810
48 51 -1959624338
48 52 78747393531
48 53 170629904744
48 54 -85669165729
49 37 730138
49 38 259878
49 39 324666
49 40 15473
49 41 4257
49 42 28878
49 43 -3438599168
49 44 -1121568775
49 45 -1194311287
49 46 36220020325
49 47 -102987104647
49 48 -7568387700
49 50 1180210172
49 51 1233904352
49 52 31768959541
49 53 -87223117723
49 54 -5901747971
49 55 -215330513
49 56 -56765254
49 57 -38605014
49 58 -4451001337
49 59 15764012079
49 60 1661334129
49 3311 -2656060
49 3312 -937088
49 3313 -1285458
49 3314 -23990
49 3315 -11611
49 3316 44465
49 3377 -3198200
49 3378 -1198932
49 3379 -27258
49 3380 -3311
49 3381 -2130
49 3382 -3530901
50 37 276306
50 38 99309
50 39 127976
50 40 -40511
50 41 -11145
50 42 -75604
50 43 -1121568775
50 44 -941816704
50 45 -466971439
50 46 27724897338
50 47 -34260395987
50 48 2509005810
50 49 1180210172
50 51 468175494
50 52 24442842729
50 53 -30336777369
50 54 2127504227
50 55 -56785578
50 56 -47536402
50 57 -1009139
50 58 -3282210795
50 59 3923552487
50 60 -380744177
50 3311 -937654
50 3312 -343571
50 3313 -311135
50 3314 63493
50 3315 30657
50 3316 -116400
50 3377 -1194470
50 3378 -478939
50 3379 -11756
50 3380 8780
50 3381 5649
50 3382 -3948262
51 37 37745
51 38 18382
51 39 -68159
51 40 -2319
51 41 -638
51 42 -4328
51 43 -1194311287
51 44 -466971439
51 45 -835642383
51 46 16778990317
51 47 -39406676345
51 48 -1959624338
51 49 1233904352
51 50 468175494
51 52 14468077864
51 53 -32828704142
51 54 -1432182172
51 55 -38317848
51 56 -900845
51 57 -156588390
51 58 -2310257544
51 59 6576348166
51 60 527448849
51 3311 -1285948
51 3312 -309927
51 3313 -3178681
51 3314 3523
51 3315 1713
51 3316 -6666
51 3377 -27012
51 3378 -11663
51 3379 17490
51 3380 -557818
51 3381 1620450
51 3382 -2337
52 37 -25311
52 38 66266
52 39 3794
52 40 -2803229
52 41 -762144
52 42 -5386093
52 43 -36220020325
52 44 -27724897338
52 45 -16778990317
52 46 541352105307
52 47 -754884166226
52 48 78747393531
52 49 31768959541
52 50 24442842729
52 51 14468077864
52 53 -1969646244863
52 54 44599093271
52 55 4451004358
52 56 3282202782
52 57 2310256977
52 58 166458899408
52 59 -246480801103
52 60 29472999719
52 3311 83320
52 3312 -218641
52 3313 -12436
52 3314 1773707
52 3315 1101750
52 3316 -7541091
52 3377 -1584
52 3378 4200
52 3379 664117
52 3380 -3203704
52 3381 -44798533
52 3382 294683
53 37 -10074
53 38 26375
53 39 1510
53 40 -1128105
53 41 -308907
53 42 -2139816
53 43 102987104647
53 44 34260395987
53 45 39406676345
53 46 -754884166226
53 47 2072929256836
53 48 170629904744
53 49 -87223117723
53 50 -30336777369
53 51 -32828704142
53 52 -1969646244863
53 54 431542017611
53 55 -15764010496
53 56 -3923556684
53 57 -6576348463
53 58 -246480911979
53 59 831421404469
53 60 94793898108
53 3311 33667
53 3312 -88362
53 3313 -5023
53 3314 812284
53 3315 474362
53 3316 -2941047
53 3377 -20
53 3378 53
53 3379 -1620226
53 3380 -35852562
53 3381 88673380
53 3382 -27074
54 37 7100
54 38 -18589
54 39 -1064
54 40 1005570
54 41 301569
54 42 1440760
54 43 7568387700
54 44 -2509005810
54 45 1959624338
54 46 78747393531
54 47 170629904744
54 48 -85669165729
54 49 -5901747971
54 50 2127504227
54 51 -1432182172
54 52 44599093271
54 53 431542017611
54 55 -1661340393
54 56 380760788
54 57 -527447673
54 58 29474566309
54 59 94794488885
54 60 -24405725886
54 3311 -34003
54 3312 89549
54 3313 5041
54 3314 -2581126
54 3315 -1033649
54 3316 1021322
54 3377 -5272433
54 3378 669834
54 3379 1530
54 3380 -457384
54 3381 -310687
54 3382 136157460
55 49 -215330513
55 50 -56785578
55 51 -38317848
55 52 4451004358
55 53 -15764010496
55 54 -1661340393
55 56 188693082
55 57 202884361
55 58 -3916686744
55 59 12655465880
55 60 1534987596
55 61 -507477564
55 62 -130987932
55 63 -164156651
55 64 -8367676850
55 65 28420337536
55 66 3196312903
55 3299 -2485397
55 3300 -954071
55 3301 462970
55 3302 17219
55 3303 3633
55 3304 38783
55 3311 -6664
55 3315 -852212
55 3316 -72508
55 3377 -63534
55 3378 34500
55 3379 -872830
55 3380 9755
55 3381 3453
55 3382 1555
56 49 -56765254
56 50 -47536402
56 51 -900845
56 52 3282202782
56 53 -3923556684
56 54 380760788
56 55 188693082
56 57 37738782
56 58 -2799800397
56 59 3295060512
56 60 -484666545
56 61 -131010763
56 62 -114742650
56 63 -36854205
56 64 -6083461713
56 65 7218593213
56 66 -865290509
56 3299 -949851
56 3300 -370531
56 3301 221797
56 3302 -46466
56 3303 -9814
56 3304 -104544
56 3312 -14497
56 3313 80577
56 3314 977199
56 3377 32786
56 3378 31973
56 3379 -286105
56 3380 -26785
56 3381 -9491
56 3382 -4234
57 49 -38605014
57 50 -1009139
57 51 -156588390
57 52 2310256977
57 53 -6576348463
57 54 -527447673
57 55 202884361
57 56 37738782
57 58 -2681865710
57 59 7178374735
57 60 621626232
57 61 -163869206
57 62 -36747161
57 63 -271546810
57 64 -4988690653
57 65 13754721443
57 66 1149083637
57 3299 463466
57 3300 221278
57 3301 -750591
57 3302 -3180
57 3303 -649
57 3304 -7404
57 3312 80577
57 3313 -1276756
57 3314 3587295
57 3377 -873607
57 3378 -284337
57 3379 -573561
57 3380 -1598
57 3381 -564
57 3382 -263
58 49 -4451001337
58 50 -3282210795
58 51 -2310257544
58 52 166458899408
58 53 -246480911979
58 54 29474566309
58 55 -3916686744
58 56 -2799800397
58 57 -2681865710
58 59 -1165069643664
58 60 21080981653
58 61 8367684492
58 62 6083441192
58 63 4988689023
58 64 227920971119
58 65 -350519613477
58 66 45141064806
58 3299 344
58 3300 -937
58 3301 -44
58 3302 341072
58 3303 113898
58 3304 123426
58 3312 -1420373
58 3313 3434863
58 3314 92953401
58 3377 3244
58 3378 -8687
58 3379 -587
58 3380 1288998
58 3381 481504
58 3382 20148
59 49 15764012079
59 50 3923552487
59 51 6576348166
59 52 -246480801103
59 53 831421404469
59 54 94794488885
59 55 12655465880
59 56 3295060512
59 57 7178374735
59 58 -1165069643664
59 60 388089560465
59 61 -28420334109
59 62 -7218602417
59 63 -13754722174
59 64 -350519745666
59 65 1122028248553
59 66 135401597359
59 3299 3723
59 3300 -10053
59 3301 -677
59 3302 -38668
59 3303 6327
59 3304 -321355
59 3311 852212
59 3315 72593235
59 3316 7863783
59 3377 213
59 3378 -528
59 3379 -49
59 3380 281267
59 3381 109880
59 3382 -55682
60 49 1661334129
60 50 -380744177
60 51 527448849
60 52 29472999719
60 53 94793898108
60 54 -24405725886
60 55 1534987596
60 56 -484666545
60 57 621626232
60 58 21080981653
60 59 388089560465
60 61 -3196320230
60 62 865310183
60 63 -1149082074
60 64 45142729085
60 65 135402217134
60 66 -23605232639
60 3299 -53230
60 3300 143695
60 3301 9709
60 3302 2504977
60 3303 559481
60 3304 5301044
60 3311 35854
60 3315 3176616
60 3316 -13932395
60 3377 15880
60 3378 -43156
60 3379 -2716
60 3380 3187921
60 3381 1110991
60 3382 952576
61 55 -507477564
61 56 -131010763
61 57 -163869206
61 58 8367684492
61 59 -28420334109
61 60 -3196320230
61 62 155974354
61 63 160361085
61 64 6240946380
61 65 -21551536257
61 66 -2390568538
61 67 -74690775
61 68 -23628724
61 69 4287415
61 70 -2126716589
61 71 6868808326
61 72 801215582
61 2945 -2789592
61 2946 -954362
61 2947 -555583
61 2948 -13253
61 2949 -5688
61 2950 -3239140
61 3293 -415117
61 3294 -202383
61 3295 633117
61 3296 -7157
61 3297 -1849
61 3298 -8268
61 3299 -675448
61 3300 -178121
61 3301 -856828
61 3302 -25759
61 3303 -8937
61 3304 -5493
62 55 -130987932
62 56 -114742650
62 57 -36747161
62 58 6083441192
62 59 -7218602417
62 60 865310183
62 61 155974354
62 63 27576287
62 64 4556566547
62 65 -5418738207
62 66 588055939
62 67 -23656355
62 68 -18641270
62 69 9316153
62 70 -1526933969
62 71 1799835387
62 72 -276797768
62 2945 -951336
62 2946 -346489
62 2947 -187606
62 2948 36828
62 2949 15807
62 2950 -3146236
62 3293 -198374
62 3294 -86353
62 3295 191914
62 3296 19770
62 3297 5066
62 3298 23286
62 3299 -180355
62 3300 -54031
62 3301 -149588
62 3302 70795
62 3303 24584
62 3304 14731
63 55 -164156651
63 56 -36854205
63 57 -271546810
63 58 4988689023
63 59 -13754722174
63 60 -1149082074
63 61 160361085
63 62 27576287
63 64 3505232224
63 65 -9815853235
63 66 -822208172
63 67 4576414
63 68 9417743
63 69 -92578514
63 70 -1482981826
63 71 3937631169
63 72 326881202
63 2945 -555378
63 2946 -187532
63 2947 -128048
63 2948 -406932
63 2949 1236739
63 2950 -2554
63 3293 632672
63 3294 194167
63 3295 352391
63 3296 1548
63 3297 372
63 3298 2090
63 3299 -858142
63 3300 -146460
63 3301 -2252580
63 3302 5232
63 3303 1811
63 3304 1174
64 55 -8367676850
64 56 -6083461713
64 57 -4988690653
64 58 227920971119
64 59 -350519745666
64 60 45142729085
64 61 6240946380
64 62 4556566547
64 63 3505232224
64 65 -1041806233343
64 66 22800583809
64 67 2126705814
64 68 1526964621
64 69 1482984757
64 70 114840627525
64 71 -185293864671
64 72 26097205516
64 2945 9363
64 2946 -26020
64 2947 477303
64 2948 -3063430
64 2949 -36913548
64 2950 -1171521
64 3293 962
64 3294 -3541
64 3295 -803
64 3296 2222293
64 3297 954796
64 3298 -1443491
64 3299 14329
64 3300 -39892
64 3301 -2828
64 3302 2768525
64 3303 915797
64 3304 1183965
65 55 28420337536
65 56 7218593213
65 57 13754721443
65 58 -350519613477
65 59 1122028248553
65 60 135402217134
65 61 -21551536257
65 62 -5418738207
65 63 -9815853235
65 64 -1041806233343
65 66 341978754272
65 67 -6868812775
65 68 -1799822733
65 69 -3937629960
65 70 -185293748140
65 71 556833794122
65 72 68706917441
65 2945 5087
65 2946 -14136
65 2947 -1236751
65 2948 -30029530
65 2949 78483355
65 2950 -690117
65 3293 -345
65 3294 613
65 3295 -155
65 3296 990269
65 3297 412575
65 3298 -515058
65 3299 6754
65 3300 -18750
65 3301 -1341
65 3302 1204117
65 3303 407699
65 3304 384550
66 55 3196312903
66 56 -865290509
66 57 1149083637
66 58 45141064806
66 59 135401597359
66 60 -23605232639
66 61 -2390568538
66 62 588055939
66 63 -822208172
66 64 22800583809
66 65 341978754272
66 67 -801208672
66 68 276778110
66 69 -326883081
66 70 26095986733
66 71 68706489013
66 72 -5786518170
66 2945 -4522088
66 2946 418790
66 2947 4772
66 2948 -2517428
66 2949 -1174469
66 2950 119882674
66 3293 8233
66 3294 -22439
66 3295 -1576
66 3296 -2430178
66 3297 -897655
66 3298 28925
66 3299 -21837
66 3300 60108
66 3301 4420
66 3302 -2715010
66 3303 -1034368
66 3304 656749
67 61 -74690775
67 62 -23656355
67 63 4576414
67 64 2126705814
67 65 -6868812775
67 66 -801208672
67 68 857279902
67 69 1905133934
67 70 -30696089946
67 71 95022398147
67 72 11115569275
67 73 -3276001589
67 74 -832099219
67 75 -1908572285
67 76 -32822792941
67 77 101891218374
67 78 11916718434
67 79 666880
67 80 191090
67 81 314039
67 82 -41854
67 83 -14166
67 84 -247
67 2939 -3102309
67 2940 -1041168
67 2941 -108720
67 2942 -14038
67 2943 -10395
67 2944 53953
67 3293 -2287956
67 3294 -674247
67 3295 -1343382
67 3296 -3334
67 3297 -5866
67 3298 49621
68 61 -23628724
68 62 -18641270
68 63 9417743
68 64 1526964621
68 65 -1799822733
68 66 276778110
68 67 857279902
68 69 600183172
68 70 -21912878079
68 71 25745132143
68 72 -4836203178
68 73 -832099219
68 74 -821224197
68 75 -609505991
68 76 -23439848689
68 77 27544933805
68 78 -5112806787
68 79 159480
68 80 48655
68 81 71165
68 82 123427
68 83 41775
68 84 728
68 2939 -1035754
68 2940 -369620
68 2941 108178
68 2942 41778
68 2943 30714
68 2944 -158284
68 3293 -675684
68 3294 -213215
68 3295 -274268
68 3296 9509
68 3297 16722
68 3298 -141437
69 61 4287415
69 62 9316153
69 63 -92578514
69 64 1482984757
69 65 -3937629960
69 66 -326883081
69 67 1905133934
69 68 600183172
69 70 -24358264056
69 71 62657973168
69 72 4950957802
69 73 -1908572285
69 74 -609505991
69 75 -1653979914
69 76 -25841248604
69 77 66595601203
69 78 5277859135
69 79 603783
69 80 169419
69 81 326161
69 82 13465
69 83 4557
69 84 79
69 2939 -109014
69 2940 110607
69 2941 -1377693
69 2942 4831
69 2943 3392
69 2944 -16676
69 3293 -1343832
69 3294 -273362
69 3295 -2077635
69 3296 897
69 3297 1582
69 3298 -13388
70 61 -2126716589
70 62 -1526933969
70 63 -1482981826
70 64 114840627525
70 65 -185293748140
70 66 26095986733
70 67 -30696089946
70 68 -21912878079
70 69 -24358264056
70 71 -1821746312111
70 72 59511825716
70 73 32822792941
70 74 23439848689
70 75 25841248604
70 76 451500191966
70 77 -758306366892
70 78 114355510886
70 79 17210
70 80 -50753
70 81 -5536
70 82 -2970154
70 83 -1023927
70 84 154813
70 2939 -43634
70 2940 128169
70 2941 13616
70 2942 -1236801
70 2943 -770366
70 2944 3319522
70 3293 40018
70 3294 -114055
70 3295 -10800
70 3296 508182
70 3297 837355
70 3298 -6933687
71 61 6868808326
71 62 1799835387
71 63 3937631169
71 64 -185293864671
71 65 556833794122
71 66 68706489013
71 67 95022398147
71 68 25745132143
71 69 62657973168
71 70 -1821746312111
71 72 547473021687
71 73 -101891218374
71 74 -27544933805
71 75 -66595601203
71 76 -758306366892
71 77 2167622306637
71 78 263647243277
71 79 1405
71 80 -4146
71 81 -452
71 82 -211207
71 83 -77658
71 84 51094
71 2939 -4435
71 2940 12982
71 2941 1345
71 2942 -143905
71 2943 -81419
71 2944 303547
71 3293 14930
71 3294 -42560
71 3295 -4027
71 3296 164524
71 3297 300366
71 3298 -2563443
72 61 801215582
72 62 -276797768
72 63 326881202
72 64 26097205516
72 65 68706917441
72 66 -5786518170
72 67 11115569275
72 68 -4836203178
72 69 4950957802
72 70 59511825716
72 71 547473021687
72 73 -11916718434
72 74 5112806787
72 75 -5277859135
72 76 114355510886
72 77 263647243277
72 78 -2797537697
72 79 40609
72 80 -119756
72 81 -13064
72 82 -7294908
72 83 -2475145
72 84 12402
72 2939 -97495
72 2940 286650
72 2941 30652
72 2942 -2352190
72 2943 -1616137
72 2944 7777683
72 3293 -9538
72 3294 27265
72 3295 2542
72 3296 124629
72 3297 -83757
72 3298 1386025
73 67 -3276001589
73 68 -832099219
73 69 -1908572285
73 70 32822792941
73 71 -101891218374
73 72 -11916718434
73 74 883226441
73 75 1976581127
73 76 28655928339
73 77 -86012509262
73 78 -9395734819
73 79 -231160542
73 80 -49927496
73 81 -68008841
73 82 -4166864601
73 83 15878709112
73 84 2506004961
73 2939 -3875403
73 2940 -1199725
73 2944 -6336066
74 67 -832099219
74 68 -821224197
74 69 -609505991
74 70 23439848689
74 71 -27544933805
74 72 5112806787
74 73 883226441
74 75 608858100
74 76 20601215548
74 77 -24672067259
74 78 4252342078
74 79 -49927496
74 80 -49140621
74 81 647890
74 82 -2838633140
74 83 2872866545
74 84 -851065205
74 2939 -1199725
74 2940 -758093
74 2944 -15997994
75 67 -1908572285
75 68 -609505991
75 69 -1653979914
75 70 25841248604
75 71 -66595601203
75 72 -5277859135
75 73 1976581127
75 74 608858100
75 76 22316094269
75 77 -55725803458
75 78 -3983861080
75 79 -68008841
75 80 647890
75 81 -190512512
75 82 -3521398430
75 83 10860770259
75 84 1293998055
75 2941 -248696
75 2942 -2388073
75 2943 9027485
76 67 -32822792941
76 68 -23439848689
76 69 -25841248604
76 70 451500191966
76 71 -758306366892
76 72 114355510886
76 73 28655928339
76 74 20601215548
76 75 22316094269
76 77 -1947873605490
76 78 59395165525
76 79 4166864601
76 80 2838633140
76 81 3521398430
76 82 138498012389
76 83 -254159535785
76 84 40995990346
76 2941 3755903
76 2942 -19209471
76 2943 -113671502
77 67 101891218374
77 68 27544933805
77 69 66595601203
77 70 -758306366892
77 71 2167622306637
77 72 263647243277
77 73 -86012509262
77 74 -24672067259
77 75 -55725803458
77 76 -1947873605490
77 78 677203880778
77 79 -15878709112
77 80 -2872866545
77 81 -10860770259
77 82 -254159535785
77 83 872916646173
77 84 140685445897
77 2941 -9027485
77 2942 -64020333
77 2943 213524314
78 67 11916718434
78 68 -5112806787
78 69 5277859135
78 70 114355510886
78 71 263647243277
78 72 -2797537697
78 73 -9395734819
78 74 4252342078
78 75 -3983861080
78 76 59395165525
78 77 677203880778
78 79 -2506004961
78 80 851065205
78 81 -1293998055
78 82 40995990346
78 83 140685445897
78 84 13134743565
78 2939 -14978653
78 2940 9399503
78 2944 313580783
79 67 666880
79 68 159480
79 69 603783
79 70 17210
79 71 1405
79 72 40609
79 73 -231160542
79 74 -49927496
79 75 -68008841
79 76 4166864601
79 77 -15878709112
79 78 -2506004961
79 80 394875023
79 81 1326742090
79 82 -15797525143
79 83 57421161999
79 84 8950616226
79 85 -1983629516
79 86 -343700076
79 87 -1257522720
79 88 -19964318929
79 89 73303992331
79 90 11456830395
79 97 -86700
79 98 -60789
79 99 273606
79 100 -3074
79 101 -1739
79 102 6178
79 2939 -2188758
79 2940 -560118
79 2941 -1370485
79 2942 -62791
79 2943 -4117333
79 2944 -606085
79 3281 -2627618
79 3282 -786023
79 3283 -717432
79 3284 -6147
79 3285 -6990
79 3286 44548
80 67 191090
80 68 48655
80 69 169419
80 70 -50753
80 71 -4146
80 72 -119756
80 73 -49927496
80 74 -49140621
80 75 647890
80 76 2838633140
80 77 -2872866545
80 78 851065205
80 79 394875023
80 81 270555854
80 82 -10564701635
80 83 10777773111
80 84 -3669844327
80 85 -343700076
80 86 -427591165
80 87 -271590704
80 88 -13410107696
80 89 13650554186
80 90 -4520778197
80 97 -94936
80 98 -46894
80 99 133948
80 100 9331
80 101 5279
80 102 -18752
80 2939 -560029
80 2940 -318262
80 2941 216076
80 2942 5139942
80 2943 73846
80 2944 -101331
80 3281 -783575
80 3282 -246404
80 3283 -132485
80 3284 18655
80 3285 21212
80 3286 -135174
81 67 314039
81 68 71165
81 69 326161
81 70 -5536
81 71 -452
81 72 -13064
81 73 -68008841
81 74 647890
81 75 -190512512
81 76 3521398430
81 77 -10860770259
81 78 -1293998055
81 79 1326742090
81 80 270555854
81 82 -14795309983
81 83 44151535664
81 84 5019752032
81 85 -1257522720
81 86 -271590704
81 87 -1280384130
81 88 -18309706999
81 89 55012296592
81 90 6313764743
81 97 563933
81 98 229598
81 99 -372324
81 100 1097
81 101 620
81 102 -2205
81 2939 -1371305
81 2940 218558
81 2941 -6315353
81 2942 8300942
81 2943 8056
81 2944 -11054
81 3281 -717195
81 3282 -132364
81 3283 -932429
81 3284 2134
81 3285 2384
81 3286 -15065
82 67 -41854
82 68 123427
82 69 13465
82 70 -2970154
82 71 -211207
82 72 -7294908
82 73 -4166864601
82 74 -2838633140
82 75 -3521398430
82 76 138498012389
82 77 -254159535785
82 78 40995990346
82 79 -15797525143
82 80 -10564701635
82 81 -14795309983
82 83 -1583139986653
82 84 35603217227
82 85 19964318929
82 86 13410107696
82 87 18309706999
82 88 300597929768
82 89 -577210033806
82 90 94988727963
82 97 -5029
82 98 15266
82 99 1795
82 100 646615
82 101 161010
82 102 442733
82 2939 105591
82 2940 -6874876
82 2941 6990198
82 2942 211352180
82 2943 3000412
82 2944 -5664010
82 3281 12108
82 3282 -36737
82 3283 -4043
82 3284 345312
82 3285 322851
82 3286 -1923637
83 67 -14166
83 68 41775
83 69 4557
83 70 -1023927
83 71 -77658
83 72 -2475145
83 73 15878709112
83 74 2872866545
83 75 10860770259
83 76 -254159535785
83 77 872916646173
83 78 140685445897
83 79 57421161999
83 80 10777773111
83 81 44151535664
83 82 -1583139986653
83 84 758869168174
83 85 -73303992331
83 86 -13650554186
83 87 -55012296592
83 88 -577210033806
83 89 1897226837850
83 90 298362423584
83 97 -2251
83 98 6832
83 99 803
83 100 343929
83 101 108190
83 102 42175
83 2939 4129730
83 2940 -110092
