%%MatrixMarket matrix coordinate integer general
%
817 817 6036
1 2 27987254
1 3 818261455
1 4 -271255784
1 5 -12567807
1 6 -112620931
1 163 -780896979
1 164 930882387
1 170 -33006
1 171 -19010
2 1 27987254
2 3 -16365229118
2 4 -12567807
2 5 -20528019
2 6 2252418631
2 163 -15400436
2 164 -18617647749
2 170 -19010
2 171 -10948
3 1 818261455
3 2 -16365229118
3 4 112620931
3 5 -2252418631
3 6 170390887769
3 163 -930882387
3 164 489873802336
4 1 -271255784
4 2 -12567807
4 3 112620931
4 5 25155285
4 6 0
4 7 -271255784
4 8 -12567807
4 9 -112620931
4 176 -33972
4 177 -19669
5 1 -12567807
5 2 -20528019
5 3 -2252418631
5 4 25155285
5 7 -12567807
5 8 -20528019
5 9 2252418631
5 176 -19669
5 177 -11388
6 1 -112620931
6 2 2252418631
6 3 170390887769
6 4 0
6 7 112620931
6 8 -2252418631
6 9 170390887769
7 4 -271255784
7 5 -12567807
7 6 112620931
7 8 25155991
7 9 0
7 10 -271255784
7 11 -12567807
7 12 -112620931
7 182 -34995
7 183 -20375
8 4 -12567807
8 5 -20528019
8 6 -2252418631
8 7 25155991
8 9 0
8 10 -12567807
8 11 -20528019
8 12 2252418631
8 182 -20375
8 183 -11863
9 4 -112620931
9 5 2252418631
9 6 170390887769
9 7 0
9 8 0
9 10 112620931
9 11 -2252418631
9 12 170390887769
10 7 -271255784
10 8 -12567807
10 9 112620931
10 11 25156748
10 12 0
10 13 -271255784
10 14 -12567807
10 15 -112620931
10 188 -36081
10 189 -21133
11 7 -12567807
11 8 -20528019
11 9 -2252418631
11 10 25156748
11 12 0
11 13 -12567807
11 14 -20528019
11 15 2252418631
11 188 -21133
11 189 -12378
12 7 -112620931
12 8 2252418631
12 9 170390887769
12 10 0
12 11 0
12 13 112620931
12 14 -2252418631
12 15 170390887769
13 10 -271255784
13 11 -12567807
13 12 112620931
13 14 25157563
13 15 0
13 16 -271255784
13 17 -12567807
13 18 -112620931
13 194 -37234
13 195 -21948
14 10 -12567807
14 11 -20528019
14 12 -2252418631
14 13 25157563
14 15 0
14 16 -12567807
14 17 -20528019
14 18 2252418631
14 194 -21948
14 195 -12937
15 10 -112620931
15 11 2252418631
15 12 170390887769
15 13 0
15 14 0
15 16 112620931
15 17 -2252418631
15 18 170390887769
16 13 -271255784
16 14 -12567807
16 15 112620931
16 17 25158442
16 18 0
16 19 -271255784
16 20 -12567807
16 21 -112620931
16 200 -38462
16 201 -22826
17 13 -12567807
17 14 -20528019
17 15 -2252418631
17 16 25158442
17 18 0
17 19 -12567807
17 20 -20528019
17 21 2252418631
17 200 -22826
17 201 -13547
18 13 -112620931
18 14 2252418631
18 15 170390887769
18 16 0
18 17 0
18 19 112620931
18 20 -2252418631
18 21 170390887769
19 16 -271255784
19 17 -12567807
19 18 112620931
19 20 25159392
19 21 0
19 22 -271255784
19 23 -12567807
19 24 -112620931
19 206 -39772
19 207 -23777
20 16 -12567807
20 17 -20528019
20 18 -2252418631
20 19 25159392
20 21 0
20 22 -12567807
20 23 -20528019
20 24 2252418631
20 206 -23777
20 207 -14214
21 16 -112620931
21 17 2252418631
21 18 170390887769
21 19 0
21 20 0
21 22 112620931
21 23 -2252418631
21 24 170390887769
22 19 -271255784
22 20 -12567807
22 21 112620931
22 23 25160681
22 24 0
22 25 -271255784
22 26 -12567807
22 27 -112620931
22 212 -41600
22 213 -25065
23 19 -12567807
23 20 -20528019
23 21 -2252418631
23 22 25160681
23 24 0
23 25 -12567807
23 26 -20528019
23 27 2252418631
23 212 -25065
23 213 -15102
24 19 -112620931
24 20 2252418631
24 21 170390887769
24 22 0
24 23 0
24 25 112620931
24 26 -2252418631
24 27 170390887769
25 22 -271255784
25 23 -12567807
25 24 112620931
25 26 25161814
25 27 0
25 28 -271255784
25 29 -12567807
25 30 -112620931
25 218 -43114
25 219 -26198
26 22 -12567807
26 23 -20528019
26 24 -2252418631
26 25 25161814
26 27 0
26 28 -12567807
26 29 -20528019
26 30 2252418631
26 218 -26198
26 219 -15919
27 22 -112620931
27 23 2252418631
27 24 170390887769
27 25 0
27 26 0
27 28 112620931
27 29 -2252418631
27 30 170390887769
28 25 -271255784
28 26 -12567807
28 27 112620931
28 29 25163051
28 30 0
28 31 -271255784
28 32 -12567807
28 33 -112620931
28 224 -44739
28 225 -27436
29 25 -12567807
29 26 -20528019
29 27 -2252418631
29 28 25163051
29 30 0
29 31 -12567807
29 32 -20528019
29 33 2252418631
29 224 -27436
29 225 -16825
30 25 -112620931
30 26 2252418631
30 27 170390887769
30 28 0
30 29 0
30 31 112620931
30 32 -2252418631
30 33 170390887769
31 28 -271255784
31 29 -12567807
31 30 112620931
31 32 25164408
31 33 0
31 34 -271255784
31 35 -12567807
31 36 -112620931
31 230 -46487
31 231 -28792
32 28 -12567807
32 29 -20528019
32 30 -2252418631
32 31 25164408
32 34 -12567807
32 35 -20528019
32 36 2252418631
32 230 -28792
32 231 -17832
33 28 -112620931
33 29 2252418631
33 30 170390887769
33 31 0
33 34 112620931
33 35 -2252418631
33 36 170390887769
34 31 -271255784
34 32 -12567807
34 33 112620931
34 35 25165900
34 36 0
34 37 -271255784
34 38 -12567807
34 39 -112620931
34 236 -48371
34 237 -30285
35 31 -12567807
35 32 -20528019
35 33 -2252418631
35 34 25165900
35 37 -12567807
35 38 -20528019
35 39 2252418631
35 236 -30285
35 237 -18961
36 31 -112620931
36 32 2252418631
36 33 170390887769
36 34 0
36 37 112620931
36 38 -2252418631
36 39 170390887769
37 34 -271255784
37 35 -12567807
37 36 112620931
37 38 25167550
37 39 0
37 40 -271255784
37 41 -12567807
37 42 -112620931
37 242 -50408
37 243 -31934
38 34 -12567807
38 35 -20528019
38 36 -2252418631
38 37 25167550
38 39 0
38 40 -12567807
38 41 -20528019
38 42 2252418631
38 242 -31934
38 243 -20231
39 34 -112620931
39 35 2252418631
39 36 170390887769
39 37 0
39 38 0
39 40 112620931
39 41 -2252418631
39 42 170390887769
40 37 -271255784
40 38 -12567807
40 39 112620931
40 41 25169382
40 42 0
40 43 -271255784
40 44 -12567807
40 45 -112620931
40 248 -52613
40 249 -33766
41 37 -12567807
41 38 -20528019
41 39 -2252418631
41 40 25169382
41 42 0
41 43 -12567807
41 44 -20528019
41 45 2252418631
41 248 -33766
41 249 -21671
42 37 -112620931
42 38 2252418631
42 39 170390887769
42 40 0
42 41 0
42 43 112620931
42 44 -2252418631
42 45 170390887769
43 40 -271255784
43 41 -12567807
43 42 112620931
43 44 25171428
43 45 0
43 46 -271255784
43 47 -12567807
43 48 -112620931
43 254 -55009
43 255 -35812
44 40 -12567807
44 41 -20528019
44 42 -2252418631
44 43 25171428
44 46 -12567807
44 47 -20528019
44 48 2252418631
44 254 -35812
44 255 -23314
45 40 -112620931
45 41 2252418631
45 42 170390887769
45 43 0
45 46 112620931
45 47 -2252418631
45 48 170390887769
46 43 -271255784
46 44 -12567807
46 45 112620931
46 47 25174116
46 48 0
46 49 -271255784
46 50 -12567807
46 51 -112620931
46 260 -58210
46 261 -38501
47 43 -12567807
47 44 -20528019
47 45 -2252418631
47 46 25174116
47 49 -12567807
47 50 -20528019
47 51 2252418631
47 260 -38501
47 261 -25465
48 43 -112620931
48 44 2252418631
48 45 170390887769
48 46 0
48 49 112620931
48 50 -2252418631
48 51 170390887769
49 46 -271255784
49 47 -12567807
49 48 112620931
49 50 25176738
49 51 0
49 52 -271255784
49 53 -12567807
49 54 -112620931
49 266 -61087
49 267 -41123
50 46 -12567807
50 47 -20528019
50 48 -2252418631
50 49 25176738
50 51 0
50 52 -12567807
50 53 -20528019
50 54 2252418631
50 266 -41123
50 267 -27683
51 46 -112620931
51 47 2252418631
51 48 170390887769
51 49 0
51 50 0
51 52 112620931
51 53 -2252418631
51 54 170390887769
52 49 -271255784
52 50 -12567807
52 51 112620931
52 53 25179721
52 54 0
52 55 -271255784
52 56 -12567807
52 57 -112620931
52 272 -64233
52 273 -44105
53 49 -12567807
53 50 -20528019
53 51 -2252418631
53 52 25179721
53 54 0
53 55 -12567807
53 56 -20528019
53 57 2252418631
53 272 -44105
53 273 -30284
54 49 -112620931
54 50 2252418631
54 51 170390887769
54 52 0
54 53 0
54 55 112620931
54 56 -2252418631
54 57 170390887769
55 52 -271255784
55 53 -12567807
55 54 112620931
55 56 25183139
55 57 0
55 58 -271255784
55 59 -12567807
55 60 -112620931
55 278 -67680
55 279 -47523
56 52 -12567807
56 53 -20528019
56 54 -2252418631
56 55 25183139
56 57 0
56 58 -12567807
56 59 -20528019
56 60 2252418631
56 278 -47523
56 279 -33369
57 52 -112620931
57 53 2252418631
57 54 170390887769
57 55 0
57 56 0
57 58 112620931
57 59 -2252418631
57 60 170390887769
58 55 -271255784
58 56 -12567807
58 57 112620931
58 59 25187089
58 60 0
58 61 -271255784
58 62 -12567807
58 63 -112620931
58 284 -71462
58 285 -51474
59 55 -12567807
59 56 -20528019
59 57 -2252418631
59 58 25187089
59 60 0
59 61 -12567807
59 62 -20528019
59 63 2252418631
59 284 -51474
59 285 -37076
60 55 -112620931
60 56 2252418631
60 57 170390887769
60 58 0
60 59 0
60 61 112620931
60 62 -2252418631
60 63 170390887769
61 58 -271255784
61 59 -12567807
61 60 112620931
61 62 25191695
61 63 0
61 64 -271255784
61 65 -12567807
61 66 -112620931
61 290 -75610
61 291 -56080
62 58 -12567807
62 59 -20528019
62 60 -2252418631
62 61 25191695
62 63 0
62 64 -12567807
62 65 -20528019
62 66 2252418631
62 290 -56080
62 291 -41594
63 58 -112620931
63 59 2252418631
63 60 170390887769
63 61 0
63 62 0
63 64 112620931
63 65 -2252418631
63 66 170390887769
64 61 -271255784
64 62 -12567807
64 63 112620931
64 65 25197118
64 66 0
64 67 -271255784
64 68 -12567807
64 69 -112620931
64 296 -80145
64 297 -61503
65 61 -12567807
65 62 -20528019
65 63 -2252418631
65 64 25197118
65 66 0
65 67 -12567807
65 68 -20528019
65 69 2252418631
65 296 -61503
65 297 -47196
66 61 -112620931
66 62 2252418631
66 63 170390887769
66 64 0
66 65 0
66 67 112620931
66 68 -2252418631
66 69 170390887769
67 64 -271255784
67 65 -12567807
67 66 112620931
67 68 25203569
67 69 0
67 70 -271255784
67 71 -12567807
67 72 -112620931
67 302 -85070
67 303 -67953
68 64 -12567807
68 65 -20528019
68 66 -2252418631
68 67 25203569
68 69 0
68 70 -12567807
68 71 -20528019
68 72 2252418631
68 302 -67953
68 303 -54280
69 64 -112620931
69 65 2252418631
69 66 170390887769
69 67 0
69 68 0
69 70 112620931
69 71 -2252418631
69 72 170390887769
70 67 -271255784
70 68 -12567807
70 69 112620931
70 71 25211322
70 72 0
70 73 -271255784
70 74 -12567807
70 75 -112620931
70 308 -90337
70 309 -75707
71 67 -12567807
71 68 -20528019
71 69 -2252418631
71 70 25211322
71 72 0
71 73 -12567807
71 74 -20528019
71 75 2252418631
71 308 -75707
71 309 -63445
72 67 -112620931
72 68 2252418631
72 69 170390887769
72 70 0
72 71 0
72 73 112620931
72 74 -2252418631
72 75 170390887769
73 70 -271255784
73 71 -12567807
73 72 112620931
73 74 25220730
73 75 0
73 76 -271255784
73 77 -12567807
73 78 -112620931
73 314 -95795
73 315 -85114
74 70 -12567807
74 71 -20528019
74 72 -2252418631
74 73 25220730
74 75 0
74 76 -12567807
74 77 -20528019
74 78 2252418631
74 314 -85114
74 315 -75625
75 70 -112620931
75 71 2252418631
75 72 170390887769
75 73 0
75 74 0
75 76 112620931
75 77 -2252418631
75 78 170390887769
76 73 -271255784
76 74 -12567807
76 75 112620931
76 77 25232215
76 78 0
76 79 -271255784
76 80 -12567807
76 81 -112620931
76 320 -101067
76 321 -96599
77 73 -12567807
77 74 -20528019
77 75 -2252418631
77 76 25232215
77 78 0
77 79 -12567807
77 80 -20528019
77 81 2252418631
77 320 -96599
77 321 -92329
78 73 -112620931
78 74 2252418631
78 75 170390887769
78 76 0
78 77 0
78 79 112620931
78 80 -2252418631
78 81 170390887769
79 76 -271255784
79 77 -12567807
79 78 112620931
79 80 19375527
79 81 84665819
79 326 -105304
79 327 -110569
79 491 -136238137
79 492 -6697149
79 493 -27955112
80 76 -12567807
80 77 -20528019
80 78 -2252418631
80 79 19375527
80 81 -1693316383
80 326 -110569
80 327 -116098
80 491 -6697149
80 492 -2630000
80 493 559102248
81 76 -112620931
81 77 2252418631
81 78 170390887769
81 79 84665819
81 80 -1693316383
81 491 27955112
81 492 -559102248
81 493 91026083294
82 83 -27987254
82 84 818261455
82 85 -271255784
82 86 12567807
82 87 -112620931
82 165 -780896979
82 166 930882387
82 332 -33006
82 333 19010
83 82 -27987254
83 84 16365229118
83 85 12567807
83 86 -20528019
83 87 -2252418631
83 165 15400436
83 166 18617647749
83 332 19010
83 333 -10948
84 82 818261455
84 83 16365229118
84 85 112620931
84 86 2252418631
84 87 170390887769
84 165 -930882387
84 166 489873802336
85 82 -271255784
85 83 12567807
85 84 112620931
85 86 -25155285
85 87 0
85 88 -271255784
85 89 12567807
85 90 -112620931
85 338 -33972
85 339 19669
86 82 12567807
86 83 -20528019
86 84 2252418631
86 85 -25155285
86 87 0
86 88 12567807
86 89 -20528019
86 90 -2252418631
86 338 19669
86 339 -11388
87 82 -112620931
87 83 -2252418631
87 84 170390887769
87 85 0
87 86 0
87 88 112620931
87 89 2252418631
87 90 170390887769
88 85 -271255784
88 86 12567807
88 87 112620931
88 89 -25155991
88 90 0
88 91 -271255784
88 92 12567807
88 93 -112620931
88 344 -34995
88 345 20375
89 85 12567807
89 86 -20528019
89 87 2252418631
89 88 -25155991
89 90 0
89 91 12567807
89 92 -20528019
89 93 -2252418631
89 344 20375
89 345 -11863
90 85 -112620931
90 86 -2252418631
90 87 170390887769
90 88 0
90 89 0
90 91 112620931
90 92 2252418631
90 93 170390887769
91 88 -271255784
91 89 12567807
91 90 112620931
91 92 -25156748
91 93 0
91 94 -271255784
91 95 12567807
91 96 -112620931
91 350 -36081
91 351 21133
92 88 12567807
92 89 -20528019
92 90 2252418631
92 91 -25156748
92 93 0
92 94 12567807
92 95 -20528019
92 96 -2252418631
92 350 21133
92 351 -12378
93 88 -112620931
93 89 -2252418631
93 90 170390887769
93 91 0
93 92 0
93 94 112620931
93 95 2252418631
93 96 170390887769
94 91 -271255784
94 92 12567807
94 93 112620931
94 95 -25157563
94 96 0
94 97 -271255784
94 98 12567807
94 99 -112620931
94 356 -37234
94 357 21948
95 91 12567807
95 92 -20528019
95 93 2252418631
95 94 -25157563
95 96 0
95 97 12567807
95 98 -20528019
95 99 -2252418631
95 356 21948
95 357 -12937
96 91 -112620931
96 92 -2252418631
96 93 170390887769
96 94 0
96 95 0
96 97 112620931
96 98 2252418631
96 99 170390887769
97 94 -271255784
97 95 12567807
97 96 112620931
97 98 -25158442
97 99 0
97 100 -271255784
97 101 12567807
97 102 -112620931
97 362 -38462
97 363 22826
98 94 12567807
98 95 -20528019
98 96 2252418631
98 97 -25158442
98 99 0
98 100 12567807
98 101 -20528019
98 102 -2252418631
98 362 22826
98 363 -13547
99 94 -112620931
99 95 -2252418631
99 96 170390887769
99 97 0
99 98 0
99 100 112620931
99 101 2252418631
99 102 170390887769
100 97 -271255784
100 98 12567807
100 99 112620931
100 101 -25159392
100 102 0
100 103 -271255784
100 104 12567807
100 105 -112620931
100 368 -39772
100 369 23777
101 97 12567807
101 98 -20528019
101 99 2252418631
101 100 -25159392
101 102 0
101 103 12567807
101 104 -20528019
101 105 -2252418631
101 368 23777
101 369 -14214
102 97 -112620931
102 98 -2252418631
102 99 170390887769
102 100 0
102 101 0
102 103 112620931
102 104 2252418631
102 105 170390887769
103 100 -271255784
103 101 12567807
103 102 112620931
103 104 -25160681
103 105 0
103 106 -271255784
103 107 12567807
103 108 -112620931
103 374 -41600
103 375 25065
104 100 12567807
104 101 -20528019
104 102 2252418631
104 103 -25160681
104 105 0
104 106 12567807
104 107 -20528019
104 108 -2252418631
104 374 25065
104 375 -15102
105 100 -112620931
105 101 -2252418631
105 102 170390887769
105 103 0
105 104 0
105 106 112620931
105 107 2252418631
105 108 170390887769
106 103 -271255784
106 104 12567807
106 105 112620931
106 107 -25161814
106 108 0
106 109 -271255784
106 110 12567807
106 111 -112620931
106 380 -43114
106 381 26198
107 103 12567807
107 104 -20528019
107 105 2252418631
107 106 -25161814
107 108 0
107 109 12567807
107 110 -20528019
107 111 -2252418631
107 380 26198
107 381 -15919
108 103 -112620931
108 104 -2252418631
108 105 170390887769
108 106 0
108 107 0
108 109 112620931
108 110 2252418631
108 111 170390887769
109 106 -271255784
109 107 12567807
109 108 112620931
109 110 -25163051
109 111 0
109 112 -271255784
109 113 12567807
109 114 -112620931
109 386 -44739
109 387 27436
110 106 12567807
110 107 -20528019
110 108 2252418631
110 109 -25163051
110 111 0
110 112 12567807
110 113 -20528019
110 114 -2252418631
110 386 27436
110 387 -16825
111 106 -112620931
111 107 -2252418631
111 108 170390887769
111 109 0
111 110 0
111 112 112620931
111 113 2252418631
111 114 170390887769
112 109 -271255784
112 110 12567807
112 111 112620931
112 113 -25164408
112 114 0
112 115 -271255784
112 116 12567807
112 117 -112620931
112 392 -46487
112 393 28792
113 109 12567807
113 110 -20528019
113 111 2252418631
113 112 -25164408
113 114 0
113 115 12567807
113 116 -20528019
113 117 -2252418631
113 392 28792
113 393 -17832
114 109 -112620931
114 110 -2252418631
114 111 170390887769
114 112 0
114 113 0
114 115 112620931
114 116 2252418631
114 117 170390887769
115 112 -271255784
115 113 12567807
115 114 112620931
115 116 -25165900
115 117 0
115 118 -271255784
115 119 12567807
115 120 -112620931
115 398 -48371
115 399 30285
116 112 12567807
116 113 -20528019
116 114 2252418631
116 115 -25165900
116 117 0
116 118 12567807
116 119 -20528019
116 120 -2252418631
116 398 30285
116 399 -18961
117 112 -112620931
117 113 -2252418631
117 114 170390887769
117 115 0
117 116 0
117 118 112620931
117 119 2252418631
117 120 170390887769
118 115 -271255784
118 116 12567807
118 117 112620931
118 119 -25167550
118 120 0
118 121 -271255784
118 122 12567807
118 123 -112620931
118 404 -50408
118 405 31934
119 115 12567807
119 116 -20528019
119 117 2252418631
119 118 -25167550
119 120 0
119 121 12567807
119 122 -20528019
119 123 -2252418631
119 404 31934
119 405 -20231
120 115 -112620931
120 116 -2252418631
120 117 170390887769
120 118 0
120 119 0
120 121 112620931
120 122 2252418631
120 123 170390887769
121 118 -271255784
121 119 12567807
121 120 112620931
121 122 -25169382
121 123 0
121 124 -271255784
121 125 12567807
121 126 -112620931
121 410 -52613
121 411 33766
122 118 12567807
122 119 -20528019
122 120 2252418631
122 121 -25169382
122 123 0
122 124 12567807
122 125 -20528019
122 126 -2252418631
122 410 33766
122 411 -21671
123 118 -112620931
123 119 -2252418631
123 120 170390887769
123 121 0
123 122 0
123 124 112620931
123 125 2252418631
123 126 170390887769
124 121 -271255784
124 122 12567807
124 123 112620931
124 125 -25171428
124 126 0
124 127 -271255784
124 128 12567807
124 129 -112620931
124 416 -55009
124 417 35812
125 121 12567807
125 122 -20528019
125 123 2252418631
125 124 -25171428
125 126 0
125 127 12567807
125 128 -20528019
125 129 -2252418631
125 416 35812
125 417 -23314
126 121 -112620931
126 122 -2252418631
126 123 170390887769
126 124 0
126 125 0
126 127 112620931
126 128 2252418631
126 129 170390887769
127 124 -271255784
127 125 12567807
127 126 112620931
127 128 -25174116
127 129 0
127 130 -271255784
127 131 12567807
127 132 -112620931
127 422 -58210
127 423 38501
128 124 12567807
128 125 -20528019
128 126 2252418631
128 127 -25174116
128 129 0
128 130 12567807
128 131 -20528019
128 132 -2252418631
128 422 38501
128 423 -25465
129 124 -112620931
129 125 -2252418631
129 126 170390887769
129 127 0
129 128 0
129 130 112620931
129 131 2252418631
129 132 170390887769
130 127 -271255784
130 128 12567807
130 129 112620931
130 131 -25176738
130 132 0
130 133 -271255784
130 134 12567807
130 135 -112620931
130 428 -61087
130 429 41123
131 127 12567807
131 128 -20528019
131 129 2252418631
131 130 -25176738
131 132 0
131 133 12567807
131 134 -20528019
131 135 -2252418631
131 428 41123
131 429 -27683
132 127 -112620931
132 128 -2252418631
132 129 170390887769
132 130 0
132 131 0
132 133 112620931
132 134 2252418631
132 135 170390887769
133 130 -271255784
133 131 12567807
133 132 112620931
133 134 -25179721
133 135 0
133 136 -271255784
133 137 12567807
133 138 -112620931
133 434 -64233
133 435 44105
134 130 12567807
134 131 -20528019
134 132 2252418631
134 133 -25179721
134 135 0
134 136 12567807
134 137 -20528019
134 138 -2252418631
134 434 44105
134 435 -30284
135 130 -112620931
135 131 -2252418631
135 132 170390887769
135 133 0
135 134 0
135 136 112620931
135 137 2252418631
135 138 170390887769
136 133 -271255784
136 134 12567807
136 135 112620931
136 137 -25183139
136 138 0
136 139 -271255784
136 140 12567807
136 141 -112620931
136 440 -67680
136 441 47523
137 133 12567807
137 134 -20528019
137 135 2252418631
137 136 -25183139
137 138 0
137 139 12567807
137 140 -20528019
137 141 -2252418631
137 440 47523
137 441 -33369
138 133 -112620931
138 134 -2252418631
138 135 170390887769
138 136 0
138 137 0
138 139 112620931
138 140 2252418631
138 141 170390887769
139 136 -271255784
139 137 12567807
139 138 112620931
139 140 -25187089
139 141 0
139 142 -271255784
139 143 12567807
139 144 -112620931
139 446 -71462
139 447 51474
140 136 12567807
140 137 -20528019
140 138 2252418631
140 139 -25187089
140 141 0
140 142 12567807
140 143 -20528019
140 144 -2252418631
140 446 51474
140 447 -37076
141 136 -112620931
141 137 -2252418631
141 138 170390887769
141 139 0
141 140 0
141 142 112620931
141 143 2252418631
141 144 170390887769
142 139 -271255784
142 140 12567807
142 141 112620931
142 143 -25191695
142 144 0
142 145 -271255784
142 146 12567807
142 147 -112620931
142 452 -75610
142 453 56080
143 139 12567807
143 140 -20528019
143 141 2252418631
143 142 -25191695
143 144 0
143 145 12567807
143 146 -20528019
143 147 -2252418631
143 452 56080
143 453 -41594
144 139 -112620931
144 140 -2252418631
144 141 170390887769
144 142 0
144 143 0
144 145 112620931
144 146 2252418631
144 147 170390887769
145 142 -271255784
145 143 12567807
145 144 112620931
145 146 -25197118
145 147 0
145 148 -271255784
145 149 12567807
145 150 -112620931
145 458 -80145
145 459 61503
146 142 12567807
146 143 -20528019
146 144 2252418631
146 145 -25197118
146 147 0
146 148 12567807
146 149 -20528019
146 150 -2252418631
146 458 61503
146 459 -47196
147 142 -112620931
147 143 -2252418631
147 144 170390887769
147 145 0
147 146 0
147 148 112620931
147 149 2252418631
147 150 170390887769
148 145 -271255784
148 146 12567807
148 147 112620931
148 149 -25203569
148 150 0
148 151 -271255784
148 152 12567807
148 153 -112620931
148 464 -85070
148 465 67953
149 145 12567807
149 146 -20528019
149 147 2252418631
149 148 -25203569
149 150 0
149 151 12567807
149 152 -20528019
149 153 -2252418631
149 464 67953
149 465 -54280
150 145 -112620931
150 146 -2252418631
150 147 170390887769
150 148 0
150 149 0
150 151 112620931
150 152 2252418631
150 153 170390887769
151 148 -271255784
151 149 12567807
151 150 112620931
151 152 -25211322
151 153 0
151 154 -271255784
151 155 12567807
151 156 -112620931
151 470 -90337
151 471 75707
152 148 12567807
152 149 -20528019
152 150 2252418631
152 151 -25211322
152 153 0
152 154 12567807
152 155 -20528019
152 156 -2252418631
152 470 75707
152 471 -63445
153 148 -112620931
153 149 -2252418631
153 150 170390887769
153 151 0
153 152 0
153 154 112620931
153 155 2252418631
153 156 170390887769
154 151 -271255784
154 152 12567807
154 153 112620931
154 155 -25220730
154 156 0
154 157 -271255784
154 158 12567807
154 159 -112620931
154 476 -95795
154 477 85114
155 151 12567807
155 152 -20528019
155 153 2252418631
155 154 -25220730
155 156 0
155 157 12567807
155 158 -20528019
155 159 -2252418631
155 476 85114
155 477 -75625
156 151 -112620931
156 152 -2252418631
156 153 170390887769
156 154 0
156 155 0
156 157 112620931
156 158 2252418631
156 159 170390887769
157 154 -271255784
157 155 12567807
157 156 112620931
157 158 -25232215
157 159 0
157 160 -271255784
157 161 12567807
157 162 -112620931
157 482 -101067
157 483 96599
158 154 12567807
158 155 -20528019
158 156 2252418631
158 157 -25232215
158 159 0
158 160 12567807
158 161 -20528019
158 162 -2252418631
158 482 96599
158 483 -92329
159 154 -112620931
159 155 -2252418631
159 156 170390887769
159 157 0
159 158 0
159 160 112620931
159 161 2252418631
159 162 170390887769
160 157 -271255784
160 158 12567807
160 159 112620931
160 161 -19375527
160 162 84665819
160 488 -105304
160 489 110569
160 725 -136238137
160 726 6697149
160 727 -27955112
161 157 12567807
161 158 -20528019
161 159 2252418631
161 160 -19375527
161 162 1693316383
161 488 110569
161 489 -116098
161 725 6697149
161 726 -2630000
161 727 -559102248
162 157 -112620931
162 158 -2252418631
162 159 170390887769
162 160 84665819
162 161 1693316383
162 725 27955112
162 726 559102248
162 727 91026083294
163 1 -780896979
163 2 -15400436
163 3 -930882387
163 164 -930882387
163 167 -32652
163 168 -18796
164 1 930882387
164 2 -18617647749
164 3 489873802336
164 163 -930882387
165 82 -780896979
165 83 15400436
165 84 -930882387
165 166 -930882387
165 329 -32652
165 330 18796
166 82 930882387
166 83 18617647749
166 84 489873802336
166 165 -930882387
167 163 -32652
167 168 5644
167 169 539639255329
167 170 -27413674170
167 172 539639255329
167 605 -32199
167 606 13152
168 163 -18796
168 167 5644
168 171 -1920649394
168 605 13152
168 606 -5372
169 167 539639255329
169 170 -539639255329
169 172 7081879991201
170 1 -33006
170 2 -19010
170 167 -27413674170
170 169 -539639255329
170 171 19010
170 173 -27413674170
170 175 539639255329
171 1 -19010
171 2 -10948
171 168 -1920649394
171 170 19010
171 174 -1920649394
172 167 539639255329
172 169 7081879991201
172 173 -539639255329
172 175 7081879991201
173 170 -27413674170
173 172 -539639255329
173 174 -13539
173 175 -299799586294
173 176 -8122570124
173 178 239839669035
173 602 -33011
173 603 13539
174 171 -1920649394
174 173 -13539
174 177 -1280432929
174 602 13539
174 603 -5552
175 170 539639255329
175 172 7081879991201
175 173 -299799586294
175 176 -239839669035
175 178 4721253327468
176 4 -33972
176 5 -19669
176 173 -8122570124
176 175 -239839669035
176 177 19669
176 178 1918717352284
176 179 -219309393366
176 181 2158557021319
177 4 -19669
177 5 -11388
177 174 -1280432929
177 176 19669
177 180 -3841298788
178 173 239839669035
178 175 4721253327468
178 176 1918717352284
178 179 -2158557021319
178 181 14163759982410
179 176 -219309393366
179 178 -2158557021319
179 180 -13949
179 181 -2023647207487
179 182 -3426709271
179 184 134909813832
179 599 -33864
179 600 13949
180 177 -3841298788
180 179 -13949
180 183 -960324697
180 599 13949
180 600 -5746
181 176 2158557021319
181 178 14163759982410
181 179 -2023647207487
181 182 -134909813832
181 184 3540939995600
182 7 -34995
182 8 -20375
182 179 -3426709271
182 181 -134909813832
182 183 5989
182 184 42471608058
182 185 -4505488116
182 187 177381421890
182 596 -34760
182 597 14386
183 7 -20375
183 8 -11863
183 180 -960324697
183 182 5989
183 186 -1036473791
183 596 14386
183 597 -5953
184 179 134909813832
184 181 3540939995600
184 182 42471608058
184 185 -177381421890
184 187 4655680364586
185 182 -4505488116
185 184 -177381421890
185 186 -14851
185 187 2660721328358
185 188 -288351239425
185 190 2838102750249
185 593 -35704
185 594 14851
186 183 -1036473791
186 185 -14851
186 189 -4145895167
186 593 14851
186 594 -6177
187 182 177381421890
187 184 4655680364586
187 185 2660721328358
187 188 -2838102750249
187 190 18622721458340
188 10 -36081
188 11 -21133
188 185 -288351239425
188 187 -2838102750249
188 189 21133
188 190 -2522758000221
188 191 -10679675534
188 193 315344750028
189 10 -21133
189 11 -12378
189 186 -4145895167
189 188 21133
189 192 -1381965055
190 185 2838102750249
190 187 18622721458340
190 188 -2522758000221
190 191 -315344750028
190 193 6207573819448
191 188 -10679675534
191 190 -315344750028
191 192 -15347
191 193 394180937535
191 194 -36043904928
191 196 709525687563
191 590 -36697
191 591 15347
192 189 -1381965055
192 191 -15347
192 195 -2072947583
192 590 15347
192 591 -6418
193 188 315344750028
193 190 6207573819448
193 191 394180937535
193 194 -709525687563
193 196 9311360729175
194 13 -37234
194 14 -21948
194 191 -36043904928
194 193 -709525687563
194 195 21948
194 196 0
194 197 -36043904928
194 199 709525687562
195 13 -21948
195 14 -12937
195 192 -2072947583
195 194 21948
195 198 -2072947583
196 191 709525687563
196 193 9311360729175
196 194 0
196 197 -709525687562
196 199 9311360729171
197 194 -36043904928
197 196 -709525687562
197 198 -15877
197 199 -394180937534
197 200 -10679675534
197 202 315344750028
197 587 -37746
197 588 15877
198 195 -2072947583
198 197 -15877
198 201 -1381965055
198 587 15877
198 588 -6678
199 194 709525687562
199 196 9311360729171
199 197 -394180937534
199 200 -315344750028
199 202 6207573819448
200 16 -38462
200 17 -22826
200 197 -10679675534
200 199 -315344750028
200 201 22826
200 202 2522758000221
200 203 -288351239425
200 205 2838102750249
201 16 -22826
201 17 -13547
201 198 -1381965055
201 200 22826
201 204 -4145895167
202 197 315344750028
202 199 6207573819448
202 200 2522758000221
202 203 -2838102750249
202 205 18622721458340
203 200 -288351239425
203 202 -2838102750249
203 204 -16768
203 205 -2660721328358
203 206 -4505488116
203 208 177381421890
203 584 -39615
203 585 16768
204 201 -4145895167
204 203 -16768
204 207 -1036473791
204 584 16768
204 585 -7097
205 200 2838102750249
205 202 18622721458340
205 203 -2660721328358
205 206 -177381421890
205 208 4655680364586
206 19 -39772
206 20 -23777
206 203 -4505488116
206 205 -177381421890
206 207 6386
206 208 0
206 209 -4505488116
206 211 177381421890
206 581 -40810
206 582 17390
207 19 -23777
207 20 -14214
207 204 -1036473791
207 206 6386
207 210 -1036473791
207 581 17390
207 582 -7410
208 203 177381421890
208 205 4655680364586
208 206 0
208 209 -177381421890
208 211 4655680364586
209 206 -4505488116
209 208 -177381421890
209 210 -18059
209 211 2660721328363
209 212 -288351239425
209 214 2838102750253
209 578 -42075
209 579 18059
210 207 -1036473791
210 209 -18059
210 213 -4145895167
210 578 18059
210 579 -7751
211 206 177381421890
211 208 4655680364586
211 209 2660721328363
211 212 -2838102750253
211 214 18622721458350
212 22 -41600
212 23 -25065
212 209 -288351239425
212 211 -2838102750253
212 213 25065
212 214 -2522758000225
212 215 -10679675534
212 217 315344750028
213 22 -25065
213 23 -15102
213 210 -4145895167
213 212 25065
213 216 -1381965055
214 209 2838102750253
214 211 18622721458350
214 212 -2522758000225
214 215 -315344750028
214 217 6207573819448
215 212 -10679675534
215 214 -315344750028
215 216 -18782
215 217 394180937534
215 218 -36043904928
215 220 709525687562
215 575 -43419
215 576 18782
216 213 -1381965055
216 215 -18782
216 219 -2072947583
216 575 18782
216 576 -8124
217 212 315344750028
217 214 6207573819448
217 215 394180937534
217 218 -709525687562
217 220 9311360729171
218 25 -43114
218 26 -26198
218 215 -36043904928
218 217 -709525687562
218 219 26198
218 220 309792905838
218 221 -51781384544
218 223 1019318593401
219 25 -26198
219 26 -15919
219 216 -2072947583
219 218 26198
219 222 -2276011837
220 215 709525687562
220 217 9311360729171
220 218 309792905838
220 221 -1019318593401
220 223 13376884427830
221 218 -51781384544
221 220 -1019318593401
221 222 -19564
221 223 -566288107445
221 224 -15342632457
221 226 453030485955
221 572 -44846
221 573 19564
222 219 -2276011837
222 221 -19564
222 225 -1517341224
222 572 19564
222 573 -8534
223 218 1019318593401
223 220 13376884427830
223 221 -566288107445
223 224 -453030485955
223 226 8917922951881
224 28 -44739
224 29 -27436
224 221 -15342632457
224 223 -453030485955
224 225 27436
224 226 3624243887648
224 227 -414251076358
224 229 4077274373603
225 28 -27436
225 29 -16825
225 222 -1517341224
225 224 27436
225 228 -4552023674
226 221 453030485955
226 223 8917922951881
226 224 3624243887648
226 227 -4077274373603
226 229 26753768855660
227 224 -414251076358
227 226 -4077274373603
227 228 -20412
227 229 -3822444725253
227 230 -6472673068
227 232 254829648350
227 569 -46367
227 570 20412
228 225 -4552023674
228 227 -20412
228 231 -1138005918
228 569 20412
228 570 -8986
229 224 4077274373603
229 226 26753768855660
229 227 -3822444725253
229 230 -254829648350
229 232 6688442213913
230 31 -46487
230 32 -28792
230 227 -6472673068
230 229 -254829648350
230 231 7456
230 232 0
230 233 -6472673068
230 235 254829648350
230 566 -47988
230 567 21335
231 31 -28792
231 32 -17832
231 228 -1138005918
231 230 7456
231 234 -1138005918
231 566 21335
231 567 -9485
232 227 254829648350
232 229 6688442213913
232 230 0
232 233 -254829648350
232 235 6688442213912
233 230 -6472673068
233 232 -254829648350
233 234 -22343
233 235 3822444725253
233 236 -414251076358
233 238 4077274373603
233 563 -49722
233 564 22343
234 231 -1138005918
234 233 -22343
234 237 -4552023674
234 563 22343
234 564 -10040
235 230 254829648350
235 232 6688442213912
235 233 3822444725253
235 236 -4077274373603
235 238 26753768855660
236 34 -48371
236 35 -30285
236 233 -414251076358
236 235 -4077274373603
236 237 30285
236 238 -3624243887648
236 239 -15342632457
236 241 453030485955
237 34 -30285
237 35 -18961
237 234 -4552023674
237 236 30285
237 240 -1517341224
238 233 4077274373603
238 235 26753768855660
238 236 -3624243887648
238 239 -453030485955
238 241 8917922951884
239 236 -15342632457
239 238 -453030485955
239 240 -23692
239 241 566288107444
239 242 -51781384544
239 244 1019318593400
239 560 -52113
239 561 23692
240 237 -1517341224
240 239 -23692
240 243 -2276011837
240 560 23692
240 561 -10771
241 236 453030485955
241 238 8917922951884
241 239 566288107444
241 242 -1019318593400
241 244 13376884427820
242 37 -50408
242 38 -31934
242 239 -51781384544
242 241 -1019318593400
242 243 31934
242 244 0
242 245 -51781384544
242 247 1019318593400
243 37 -31934
243 38 -20231
243 240 -2276011837
243 242 31934
243 246 -2276011837
244 239 1019318593400
244 241 13376884427820
244 242 0
244 245 -1019318593400
244 247 13376884427820
245 242 -51781384544
245 244 -1019318593400
245 246 -24920
245 247 -566288107444
245 248 -15342632457
245 250 453030485955
245 557 -54125
245 558 24920
246 243 -2276011837
246 245 -24920
246 249 -1517341224
246 557 24920
246 558 -11474
247 242 1019318593400
247 244 13376884427820
247 245 -566288107444
247 248 -453030485955
247 250 8917922951884
248 40 -52613
248 41 -33766
248 245 -15342632457
248 247 -453030485955
248 249 33766
248 250 3624243887648
248 251 -414251076358
248 253 4077274373603
249 40 -33766
249 41 -21671
249 246 -1517341224
249 248 33766
249 252 -4552023674
250 245 453030485955
250 247 8917922951884
250 248 3624243887648
250 251 -4077274373603
250 253 26753768855660
251 248 -414251076358
251 250 -4077274373603
251 252 -26277
251 253 -3822444725253
251 254 -6472673068
251 256 254829648350
251 554 -56289
251 555 26277
252 249 -4552023674
252 251 -26277
252 255 -1138005918
252 554 26277
252 555 -12266
253 248 4077274373603
253 250 26753768855660
253 251 -3822444725253
253 254 -254829648350
253 256 6688442213912
254 43 -55009
254 44 -35812
254 251 -6472673068
254 253 -254829648350
254 255 8030
254 256 112424844860
254 257 -9328264127
254 259 367254493210
254 551 -58619
254 552 27782
255 43 -35812
255 44 -23314
255 252 -1138005918
255 254 8030
255 258 -1235307539
255 551 27782
255 552 -13167
256 251 254829648350
256 253 6688442213912
256 254 112424844860
256 257 -367254493210
256 259 9639225543580
257 254 -9328264127
257 256 -367254493210
257 258 -29459
257 259 5508817398150
257 260 -597008904162
257 262 5876071891361
257 548 -61136
257 549 29459
258 255 -1235307539
258 257 -29459
258 261 -4941230159
258 548 29459
258 549 -14195
259 254 367254493210
259 256 9639225543580
259 257 5508817398150
259 260 -5876071891361
259 262 38556902174300
260 46 -58210
260 47 -38501
260 257 -597008904162
260 259 -5876071891361
260 261 38501
260 262 -5223175014542
260 263 -22111440894
260 265 652896876818
261 46 -38501
261 47 -25465
261 258 -4941230159
261 260 38501
261 264 -1647076719
262 257 5876071891361
262 259 38556902174300
262 260 -5223175014542
262 263 -652896876818
262 265 12852300724780
263 260 -22111440894
263 262 -652896876818
263 264 -31339
263 265 816121096022
263 266 -74626113020
263 268 1469017972841
263 545 -63860
263 546 31339
264 261 -1647076719
264 263 -31339
264 267 -2470615079
264 545 31339
264 546 -15379
265 260 652896876818
265 262 12852300724780
265 263 816121096022
265 266 -1469017972841
265 268 19278451087160
266 49 -61087
266 50 -41123
266 263 -74626113020
266 265 -1469017972841
266 267 41123
266 269 -74626113020
266 271 1469017972841
267 49 -41123
267 50 -27683
267 264 -2470615079
267 266 41123
267 270 -2470615079
268 263 1469017972841
268 265 19278451087160
268 269 -1469017972841
268 271 19278451087160
269 266 -74626113020
269 268 -1469017972841
269 270 -33457
269 271 -816121096022
269 272 -22111440894
269 274 652896876818
269 542 -66814
269 543 33457
270 267 -2470615079
270 269 -33457
270 273 -1647076719
270 542 33457
270 543 -16753
271 266 1469017972841
271 268 19278451087160
271 269 -816121096022
271 272 -652896876818
271 274 12852300724770
272 52 -64233
272 53 -44105
272 269 -22111440894
272 271 -652896876818
272 273 44105
272 274 5223175014551
272 275 -597008904163
272 277 5876071891369
273 52 -44105
273 53 -30284
273 270 -1647076719
273 272 44105
273 276 -4941230159
274 269 652896876818
274 271 12852300724770
274 272 5223175014551
274 275 -5876071891369
274 277 38556902174330
275 272 -597008904163
275 274 -5876071891369
275 276 -35858
275 277 -5508817398159
275 278 -9328264127
275 280 367254493210
275 539 -70024
275 540 35858
276 273 -4941230159
276 275 -35858
276 279 -1235307539
276 539 35858
276 540 -18362
277 272 5876071891369
277 274 38556902174330
277 275 -5508817398159
277 278 -367254493210
277 280 9639225543580
278 55 -67680
278 56 -47523
278 275 -9328264127
278 277 -367254493210
278 279 8528
278 280 0
278 281 -9328264127
278 283 367254493210
278 536 -74273
278 537 38995
279 55 -47523
279 56 -33369
279 276 -1235307539
279 278 8528
279 282 -1235307539
279 536 38995
279 537 -20473
280 275 367254493210
280 277 9639225543580
280 278 0
280 281 -367254493210
280 283 9639225543579
281 278 -9328264127
281 280 -367254493210
281 282 -42176
281 283 5508817398159
281 284 -597008904163
281 286 5876071891369
281 533 -78119
281 534 42176
282 279 -1235307539
282 281 -42176
282 285 -4941230159
282 533 42176
282 534 -22770
283 278 367254493210
283 280 9639225543579
283 281 5508817398159
283 284 -5876071891369
283 286 38556902174330
284 58 -71462
284 59 -51474
284 281 -597008904163
284 283 -5876071891369
284 285 51474
284 286 -5223175014551
284 287 -22111440894
284 289 652896876818
285 58 -51474
285 59 -37076
285 282 -4941230159
285 284 51474
285 288 -1647076719
286 281 5876071891369
286 283 38556902174330
286 284 -5223175014551
286 287 -652896876818
286 289 12852300724770
287 284 -22111440894
287 286 -652896876818
287 288 -45860
287 289 816121096022
287 290 -74626113020
287 292 1469017972841
287 530 -82311
287 531 45860
288 285 -1647076719
288 287 -45860
288 291 -2470615079
288 530 45860
288 531 -25551
289 284 652896876818
289 286 12852300724770
289 287 816121096022
289 290 -1469017972841
289 292 19278451087160
290 61 -75610
290 62 -56080
290 287 -74626113020
290 289 -1469017972841
290 291 56080
290 292 529645935787
290 293 -101532126558
290 295 1998663908629
291 61 -56080
291 62 -41594
291 288 -2470615079
291 290 56080
291 294 -2690601353
292 287 1469017972841
292 289 19278451087160
292 290 529645935787
292 293 -1998663908629
292 295 26229185152600
293 290 -101532126558
293 292 -1998663908629
293 294 -50162
293 295 -1110368838128
293 296 -30083593054
293 298 888295070501
293 527 -86876
293 528 50162
294 291 -2690601353
294 293 -50162
294 297 -1793734235
294 527 50162
294 528 -28964
295 290 1998663908629
295 292 26229185152600
295 293 -1110368838128
295 296 -888295070501
295 298 17486123435070
296 64 -80145
296 65 -61503
296 293 -30083593054
296 295 -888295070501
296 297 61503
296 298 7106360564009
296 299 -812257012466
296 301 7994655634510
297 64 -61503
297 65 -47196
297 294 -1793734235
297 296 61503
297 300 -5381202707
298 293 888295070501
298 295 17486123435070
298 296 7106360564009
298 299 -7994655634510
298 301 52458370305190
299 296 -812257012466
299 298 -7994655634510
299 300 -55231
299 301 -7494989657353
299 302 -12691515819
299 304 499665977157
299 524 -91829
299 525 55231
300 297 -5381202707
300 299 -55231
300 303 -1345300676
300 524 55231
300 525 -33219
301 296 7994655634510
301 298 52458370305190
301 299 -7494989657353
301 302 -499665977157
301 304 13114592576300
302 67 -85070
302 68 -67953
302 299 -12691515819
302 301 -499665977157
302 303 6696
302 304 0
302 305 -12691515819
302 307 499665977157
302 521 -97165
302 522 61257
303 67 -67953
303 68 -54280
303 300 -1345300676
303 302 6696
303 306 -1345300676
303 521 61257
303 522 -38619
304 299 499665977157
304 301 13114592576300
304 302 0
304 305 -499665977157
304 307 13114592576300
305 302 -12691515819
305 304 -499665977157
305 306 -68486
305 307 7494989657353
305 308 -812257012466
305 310 7994655634510
