%%MatrixMarket matrix coordinate integer general
%
485 485 2650
1 3 30695529658
1 4 -346518423
1 6 30695529658
2 5 -541504674
3 1 30695529658
3 4 -30695529658
3 6 1812728129435
4 1 -346518423
4 3 -30695529658
4 6 163248894067
4 7 -5473542625
4 9 193944423726
5 2 -541504674
5 8 -1177020578
6 1 30695529658
6 3 1812728129435
6 4 163248894067
6 7 -193944423726
6 9 4581364339987
7 4 -5473542625
7 6 -193944423726
7 9 3084357883
7 10 -5560590058
7 12 197028781609
8 5 -1177020578
8 11 -1191122262
9 4 193944423726
9 6 4581364339987
9 7 3084357883
9 10 -197028781609
9 12 4654223187633
10 7 -5560590058
10 9 -197028781609
10 12 3207732199
10 13 -5651119389
10 15 200236513808
11 8 -1191122262
11 14 -1204283834
12 7 197028781609
12 9 4654223187633
12 10 3207732199
12 13 -200236513808
12 15 4729996389185
13 10 -5651119389
13 12 -200236513808
13 15 3207732199
13 16 -5741648720
13 18 203444246007
14 11 -1204283834
14 17 -1218385518
15 10 200236513808
15 12 4729996389185
15 13 3207732199
15 16 -203444246007
15 18 4805769590737
16 13 -5741648720
16 15 -203444246007
16 18 3084357883
16 19 -5828696154
16 21 206528603891
17 14 -1218385518
17 20 -1231547090
18 13 203444246007
18 15 4805769590737
18 16 3084357883
18 19 -206528603891
18 21 4878628438383
19 16 -5828696154
19 18 -206528603891
19 21 3207732199
19 22 -5919225485
19 24 209736336090
20 17 -1231547090
20 23 -1245648774
21 16 206528603891
21 18 4878628438383
21 19 3207732199
21 22 -209736336090
21 24 4954401639935
22 19 -5919225485
22 21 -209736336090
22 24 3207732199
22 25 -6009754816
22 27 212944068289
23 20 -1245648774
23 26 -1258810346
24 19 209736336090
24 21 4954401639935
24 22 3207732199
24 25 -212944068289
24 27 5030174841487
25 22 -6009754816
25 24 -212944068289
25 27 3084357883
25 28 -6096802249
25 30 216028426173
26 23 -1258810346
26 29 -1272912031
27 22 212944068289
27 24 5030174841487
27 25 3084357883
27 28 -216028426173
27 30 5103033689133
28 25 -6096802249
28 27 -216028426173
28 30 3207732198
28 31 -6187331580
28 33 219236158372
29 26 -1272912031
29 32 -1286073603
30 25 216028426173
30 27 5103033689133
30 28 3207732198
30 31 -219236158372
30 33 5178806890683
31 28 -6187331580
31 30 -219236158372
31 33 3207732199
31 34 -6277860911
31 36 222443890571
32 29 -1286073603
32 35 -1300175287
33 28 219236158372
33 30 5178806890683
33 31 3207732199
33 34 -222443890571
33 36 5254580092237
34 31 -6277860911
34 33 -222443890571
34 36 3207732199
34 37 -6368390242
34 39 225651622770
35 32 -1300175287
35 38 -1313336859
36 31 222443890571
36 33 5254580092237
36 34 3207732199
36 37 -225651622770
36 39 5330353293789
37 34 -6368390242
37 36 -225651622770
37 39 3084357883
37 40 -6455437676
37 42 228735980654
38 35 -1313336859
38 41 -1327438543
39 34 225651622770
39 36 5330353293789
39 37 3084357883
39 40 -228735980654
39 42 5403212141435
40 37 -6455437676
40 39 -228735980654
40 42 3207732199
40 43 -6545967007
40 45 231943712853
41 38 -1327438543
41 44 -1340600115
42 37 228735980654
42 39 5403212141435
42 40 3207732199
42 43 -231943712853
42 45 5478985342987
43 40 -6545967007
43 42 -231943712853
43 45 3207732199
43 46 -6636496338
43 48 235151445052
44 41 -1340600115
44 47 -1354701799
45 40 231943712853
45 42 5478985342987
45 43 3207732199
45 46 -235151445052
45 48 5554758544539
46 43 -6636496338
46 45 -235151445052
46 48 3084357883
46 49 -6723543771
46 51 238235802935
47 44 -1354701799
47 50 -1367863371
48 43 235151445052
48 45 5554758544539
48 46 3084357883
48 49 -238235802935
48 51 5627617392185
49 46 -6723543771
49 48 -238235802935
49 51 3207732199
49 52 -6814073102
49 54 241443535134
50 47 -1367863371
50 53 -1381965055
51 46 238235802935
51 48 5627617392185
51 49 3207732199
51 52 -241443535134
51 54 5703390593737
52 49 -6814073102
52 51 -241443535134
52 54 3207732199
52 55 -6904602433
52 57 244651267333
53 50 -1381965055
53 56 -1395126627
54 49 241443535134
54 51 5703390593737
54 52 3207732199
54 55 -244651267333
54 57 5779163795289
55 52 -6904602433
55 54 -244651267333
55 57 3084357883
55 58 -6991649867
55 60 247735625217
56 53 -1395126627
56 59 -1408288199
57 52 244651267333
57 54 5779163795289
57 55 3084357883
57 58 -247735625217
57 60 5852022642932
58 55 -6991649867
58 57 -247735625217
58 60 3207732199
58 61 -7082179198
58 63 250943357416
59 56 -1408288199
59 62 -1422389884
60 55 247735625217
60 57 5852022642932
60 58 3207732199
60 61 -250943357416
60 63 5927795844487
61 58 -7082179198
61 60 -250943357416
61 63 3207732199
61 64 -7172708529
61 66 254151089615
62 59 -1422389884
62 65 -1435551456
63 58 250943357416
63 60 5927795844487
63 61 3207732199
63 64 -254151089615
63 66 6003569046039
64 61 -7172708529
64 63 -254151089615
64 66 3084357883
64 67 -7259755962
64 69 257235447499
65 62 -1435551456
65 68 -1449653140
66 61 254151089615
66 63 6003569046039
66 64 3084357883
66 67 -257235447499
66 69 6076427893685
67 64 -7259755962
67 66 -257235447499
67 69 3207732199
67 70 -7350285293
67 72 260443179698
68 65 -1449653140
68 71 -1462814712
69 64 257235447499
69 66 6076427893685
69 67 3207732199
69 70 -260443179698
69 72 6152201095237
70 67 -7350285293
70 69 -260443179698
70 72 3207732199
70 73 -7440814624
70 75 263650911897
71 68 -1462814712
71 74 -1476916396
72 67 260443179698
72 69 6152201095237
72 70 3207732199
72 73 -263650911897
72 75 6227974296789
73 70 -7440814624
73 72 -263650911897
73 75 3207732199
73 76 -7531343955
73 78 266858644096
74 71 -1476916396
74 77 -1490077968
75 70 263650911897
75 72 6227974296789
75 73 3207732199
75 76 -266858644096
75 78 6303747498341
76 73 -7531343955
76 75 -266858644096
76 78 3084357883
76 79 -7618391389
76 81 269943001980
77 74 -1490077968
77 80 -1504179652
78 73 266858644096
78 75 6303747498341
78 76 3084357883
78 79 -269943001980
78 81 6376606345987
79 76 -7618391389
79 78 -269943001980
79 81 3207732199
79 82 -7708920720
79 84 273150734179
80 77 -1504179652
80 83 -1517341224
81 76 269943001980
81 78 6376606345987
81 79 3207732199
81 82 -273150734179
81 84 6452379547539
82 79 -7708920720
82 81 -273150734179
82 84 3207732199
82 85 -7799450051
82 87 276358466378
83 80 -1517341224
83 86 -1531442908
84 79 273150734179
84 81 6452379547539
84 82 3207732199
84 85 -276358466378
84 87 6528152749090
85 82 -7799450051
85 84 -276358466378
85 87 3084357883
85 88 -7886497484
85 90 279442824261
86 83 -1531442908
86 89 -1544604480
87 82 276358466378
87 84 6528152749090
87 85 3084357883
87 88 -279442824261
87 90 6601011596734
88 85 -7886497484
88 87 -279442824261
88 90 3207732199
88 91 -7977026815
88 93 282650556460
89 86 -1544604480
89 92 -1558706165
90 85 279442824261
90 87 6601011596734
90 88 3207732199
90 91 -282650556460
90 93 6676784798289
91 88 -7977026815
91 90 -282650556460
91 93 3207732199
91 94 -8067556146
91 96 285858288660
92 89 -1558706165
92 95 -1571867737
93 88 282650556460
93 90 6676784798289
93 91 3207732199
93 94 -285858288660
93 96 6752557999843
94 91 -8067556146
94 93 -285858288660
94 96 3084357883
94 97 -8154603580
94 99 288942646543
95 92 -1571867737
95 98 -1585969421
96 91 285858288660
96 93 6752557999843
96 94 3084357883
96 97 -288942646543
96 99 6825416847487
97 94 -8154603580
97 96 -288942646543
97 99 3207732198
97 100 -8245132911
97 102 292150378742
98 95 -1585969421
98 101 -1599130993
99 94 288942646543
99 96 6825416847487
99 97 3207732198
99 100 -292150378742
99 102 6901190049037
100 97 -8245132911
100 99 -292150378742
100 102 3207732199
100 103 -8335662242
100 105 295358110941
101 98 -1599130993
101 104 -1613232677
102 97 292150378742
102 99 6901190049037
102 100 3207732199
102 103 -295358110941
102 105 6976963250591
103 100 -8335662242
103 102 -295358110941
103 105 134399044170
103 106 -14554442319
103 108 429757155112
104 101 -1613232677
104 107 -1951673099
105 100 295358110941
105 102 6976963250591
105 103 134399044170
105 106 -429757155112
105 108 8459786517920
106 103 -14554442319
106 105 -429757155112
106 108 -350104279994
106 109 -1156104587
106 111 79652875117
107 104 -1951673099
107 110 -842233164
108 103 429757155112
108 105 8459786517920
108 106 -350104279994
108 109 -79652875117
108 111 3658596626143
109 106 -1156104587
109 108 -79652875117
109 110 -16666550
109 111 2930134444
109 112 -1197123882
109 113 16666550
109 114 82583009562
109 115 -1240948213
110 107 -842233164
110 109 -16666550
110 111 780882213918
110 112 16666550
110 113 -1014617854
110 114 -7479661151
110 116 -22249324029
110 117 788361875069
111 106 79652875117
111 108 3658596626143
111 109 2930134444
111 110 780882213918
111 112 -82583009562
111 113 7479661151
111 114 3824299029588
111 116 -788361875069
111 117 18622721458340
112 109 -1197123882
112 110 16666550
112 111 -82583009562
112 113 -70871771
112 114 35325426461
112 118 -1991632106
112 119 54205220
112 120 117908436024
113 109 16666550
113 110 -1014617854
113 111 7479661151
113 112 -70871771
113 114 -3289309338
113 118 54205220
113 119 -1403095033
113 120 -10768970490
114 109 82583009562
114 110 -7479661151
114 111 3824299029588
114 112 35325426461
114 113 -3289309338
114 118 -117908436024
114 119 10768970490
114 120 4680787480144
115 109 -1240948213
115 121 -372284464
116 110 -22249324029
116 111 -788361875069
116 117 -717409306313
116 122 -600731748
116 123 70952568756
117 110 788361875069
117 111 18622721458340
117 116 -717409306313
117 122 -70952568756
117 123 5586816437503
118 112 -1991632106
118 113 54205220
118 114 -117908436024
118 119 -109384707
118 120 2061643040
118 124 -2026453612
118 125 55179486
118 126 119970079064
119 112 54205220
119 113 -1403095033
119 114 10768970490
119 118 -109384707
119 120 -188296731
119 124 55179486
119 125 -1427338377
119 126 -10957267221
120 112 117908436024
120 113 -10768970490
120 114 4680787480144
120 118 2061643040
120 119 -188296731
120 124 -119970079064
120 125 10957267221
120 126 4762631606471
121 115 -372284464
121 127 -372284464
122 116 -600731748
122 117 -70952568756
122 123 0
122 128 -600731748
122 129 70952568756
123 116 70952568756
123 117 5586816437503
123 122 0
123 128 -70952568756
123 129 5586816437503
124 118 -2026453612
124 119 55179486
124 120 -119970079064
124 125 -111282358
124 126 2061643040
124 130 -2061279765
124 131 56102872
124 132 122031722105
125 118 55179486
125 119 -1427338377
125 120 10957267221
125 124 -111282358
125 126 -188296731
125 130 56102872
125 131 -1452138803
125 132 -11145563952
126 118 119970079064
126 119 -10957267221
126 120 4762631606471
126 124 2061643040
126 125 -188296731
126 130 -122031722105
126 131 11145563952
126 132 4844475732798
127 121 -372284464
127 133 -372284464
128 122 -600731748
128 123 -70952568756
128 129 0
128 134 -600731748
128 135 70952568756
129 122 70952568756
129 123 5586816437503
129 128 0
129 134 -70952568756
129 135 5586816437503
130 124 -2061279765
130 125 56102872
130 126 -122031722105
130 131 -113180010
130 132 2061643040
130 136 -2096101271
130 137 57077138
130 138 124093365146
131 124 56102872
131 125 -1452138803
131 126 11145563952
131 130 -113180010
131 132 -188296731
131 136 57077138
131 137 -1476382147
131 138 -11333860683
132 124 122031722105
132 125 -11145563952
132 126 4844475732798
132 130 2061643040
132 131 -188296731
132 136 -124093365146
132 137 11333860683
132 138 4926319859124
133 127 -372284464
133 139 -372284464
134 128 -600731748
134 129 -70952568756
134 135 0
134 140 -600731748
134 141 70952568756
135 128 70952568756
135 129 5586816437503
135 134 0
135 140 -70952568756
135 141 5586816437503
136 130 -2096101271
136 131 57077138
136 132 -124093365146
136 137 -115077661
136 138 2061643040
136 142 -2130927424
136 143 58000523
136 144 126155008186
137 130 57077138
137 131 -1476382147
137 132 11333860683
137 136 -115077661
137 138 -188296731
137 142 58000523
137 143 -1501182573
137 144 -11522157414
138 130 124093365146
138 131 -11333860683
138 132 4926319859124
138 136 2061643040
138 137 -188296731
138 142 -126155008186
138 143 11522157414
138 144 5008163985452
139 133 -372284464
139 145 -1240948213
140 134 -600731748
140 135 -70952568756
140 141 717409306313
140 146 -22249324029
140 147 788361875069
141 134 70952568756
141 135 5586816437503
141 140 717409306313
141 146 -788361875069
141 147 18622721458340
142 136 -2130927424
142 137 58000523
142 138 -126155008186
142 143 -116975313
142 144 2061643040
142 148 -2165748929
142 149 58974789
142 150 128216651227
143 136 58000523
143 137 -1501182573
143 138 11522157414
143 142 -116975313
143 144 -188296731
143 148 58974789
143 149 -1525425917
143 150 -11710454145
144 136 126155008186
144 137 -11522157414
144 138 5008163985452
144 142 2061643040
144 143 -188296731
144 148 -128216651227
144 149 11710454145
144 150 5090008111778
145 139 -1240948213
145 146 16666550
145 147 2930134444
145 151 -1156104587
145 153 -79652875117
145 154 -1197123882
145 155 -16666550
145 156 82583009562
146 140 -22249324029
146 141 -788361875069
146 145 16666550
146 147 -780882213918
146 152 -842233164
146 154 -16666550
146 155 -1014617854
146 156 7479661151
147 140 788361875069
147 141 18622721458340
147 145 2930134444
147 146 -780882213918
147 151 79652875117
147 153 3658596626143
147 154 -82583009562
147 155 -7479661151
147 156 3824299029588
148 142 -2165748929
148 143 58974789
148 144 -128216651227
148 149 -118872965
148 150 2061643040
148 157 -2200575082
148 158 59898175
148 159 130278294267
149 142 58974789
149 143 -1525425917
149 144 11710454145
149 148 -118872965
149 150 -188296731
149 157 59898175
149 158 -1550226343
149 159 -11898750876
150 142 128216651227
150 143 -11710454145
150 144 5090008111778
150 148 2061643040
150 149 -188296731
150 157 -130278294267
150 158 11898750876
150 159 5171852238105
151 145 -1156104587
151 147 79652875117
151 153 -350104279994
151 160 -14554442319
151 162 -429757155112
152 146 -842233164
152 161 -1951673099
153 145 -79652875117
153 147 3658596626143
153 151 -350104279994
153 160 429757155112
153 162 8459786517920
154 145 -1197123882
154 146 -16666550
154 147 -82583009562
154 155 70871771
154 156 35325426461
154 163 -1991632106
154 164 -54205220
154 165 117908436024
155 145 -16666550
155 146 -1014617854
155 147 -7479661151
155 154 70871771
155 156 3289309338
155 163 -54205220
155 164 -1403095033
155 165 10768970490
156 145 82583009562
156 146 7479661151
156 147 3824299029588
156 154 35325426461
156 155 3289309338
156 163 -117908436024
156 164 -10768970490
156 165 4680787480144
157 148 -2200575082
157 149 59898175
157 150 -130278294267
157 158 -120770616
157 159 2061643040
157 166 -2235396588
157 167 60872441
157 168 132339937308
158 148 59898175
158 149 -1550226343
158 150 11898750876
158 157 -120770616
158 159 -188296731
158 166 60872441
158 167 -1574469687
158 168 -12087047607
159 148 130278294267
159 149 -11898750876
159 150 5171852238105
159 157 2061643040
159 158 -188296731
159 166 -132339937308
159 167 12087047607
159 168 5253696364432
160 151 -14554442319
160 153 429757155112
160 162 134399044170
160 169 -8335662242
160 171 -295358110941
161 152 -1951673099
161 170 -1613232677
162 151 -429757155112
162 153 8459786517920
162 160 134399044170
162 169 295358110941
162 171 6976963250591
163 154 -1991632106
163 155 -54205220
163 156 -117908436024
163 164 109384707
163 165 2061643040
163 172 -2026453612
163 173 -55179486
163 174 119970079064
164 154 -54205220
164 155 -1403095033
164 156 -10768970490
164 163 109384707
164 165 188296731
164 172 -55179486
164 173 -1427338377
164 174 10957267221
165 154 117908436024
165 155 10768970490
165 156 4680787480144
165 163 2061643040
165 164 188296731
165 172 -119970079064
165 173 -10957267221
165 174 4762631606471
166 157 -2235396588
166 158 60872441
166 159 -132339937308
166 167 -122600989
166 168 2017778295
166 175 -2269486110
166 176 61728548
166 177 134357715603
167 157 60872441
167 158 -1574469687
167 159 12087047607
167 166 -122600989
167 168 -184290417
167 175 61728548
167 176 -1599263968
167 177 -12271338025
168 157 132339937308
168 158 -12087047607
168 159 5253696364432
168 166 2017778295
168 167 -184290417
168 175 -134357715603
168 176 12271338025
168 177 5333799126369
169 160 -8335662242
169 162 295358110941
169 171 3207732199
169 178 -8245132911
169 180 -292150378742
170 161 -1613232677
170 179 -1599130993
171 160 -295358110941
171 162 6976963250591
171 169 3207732199
171 178 292150378742
171 180 6901190049037
172 163 -2026453612
172 164 -55179486
172 165 -119970079064
172 173 111282358
172 174 2061643040
172 181 -2061279765
172 182 -56102872
172 183 122031722105
173 163 -55179486
173 164 -1427338377
173 165 -10957267221
173 172 111282358
173 174 188296731
173 181 -56102872
173 182 -1452138803
173 183 11145563952
174 163 119970079064
174 164 10957267221
174 165 4762631606471
174 172 2061643040
174 173 188296731
174 181 -122031722105
174 182 -11145563952
174 183 4844475732798
175 166 -2269486110
175 167 61728548
175 168 -134357715603
175 176 -67859868
175 177 -34110580654
175 184 -1454460236
175 185 6131320
175 186 100247134949
176 166 61728548
176 167 -1599263968
176 168 12271338025
176 175 -67859868
176 177 3191811802
176 184 6131320
176 185 -1387319591
176 186 -9079526222
177 166 134357715603
177 167 -12271338025
177 168 5333799126369
177 175 -34110580654
177 176 3191811802
177 184 -100247134949
177 185 9079526222
177 186 4642298978150
178 169 -8245132911
178 171 292150378742
178 180 3207732198
178 187 -8154603580
178 189 -288942646543
179 170 -1599130993
179 188 -1585969421
180 169 -292150378742
180 171 6901190049037
180 178 3207732198
180 187 288942646543
180 189 6825416847487
181 172 -2061279765
181 173 -56102872
181 174 -122031722105
181 182 113180010
181 183 2061643040
181 190 -2096101271
181 191 -57077138
181 192 124093365146
182 172 -56102872
182 173 -1452138803
182 174 -11145563952
182 181 113180010
182 183 188296731
182 190 -57077138
182 191 -1476382147
182 192 11333860683
183 172 122031722105
183 173 11145563952
183 174 4844475732798
183 181 2061643040
183 182 188296731
183 190 -124093365146
183 191 -11333860683
183 192 4926319859124
184 175 -1454460236
184 176 6131320
184 177 -100247134949
184 185 -31405032
184 186 31773771716
184 193 -1914499431
184 194 25273712
184 195 132020906666
184 196 -1240948213
185 175 6131320
185 176 -1387319591
185 177 9079526222
185 184 -31405032
185 186 788614860675
185 193 25273712
185 194 -1538163551
185 195 -8826540617
185 197 -22249324029
185 198 788361875069
186 175 100247134949
186 176 -9079526222
186 177 4642298978150
186 184 31773771716
186 185 788614860675
186 193 -132020906666
186 194 8826540617
186 195 6091057530650
186 197 -788361875069
186 198 18622721458340
187 178 -8154603580
187 180 288942646543
187 189 3084357883
187 199 -8067556146
187 201 -285858288660
188 179 -1585969421
188 200 -1571867737
189 178 -288942646543
189 180 6825416847487
189 187 3084357883
189 199 285858288660
189 201 6752557999843
190 181 -2096101271
190 182 -57077138
190 183 -124093365146
190 191 115077661
190 192 2061643040
190 202 -2130927424
190 203 -58000523
190 204 126155008186
191 181 -57077138
191 182 -1476382147
191 183 -11333860683
191 190 115077661
191 192 188296731
191 202 -58000523
191 203 -1501182573
191 204 11522157414
192 181 124093365146
192 182 11333860683
192 183 4926319859124
192 190 2061643040
192 191 188296731
192 202 -126155008186
192 203 -11522157414
192 204 5008163985452
193 184 -1914499431
193 185 25273712
193 186 -132020906666
193 194 -230553992
193 195 81731998373
193 205 -3600800259
193 206 205280280
193 207 213752905039
194 184 25273712
194 185 -1538163551
194 186 8826540617
194 193 -230553992
194 195 -10696224709
194 205 205280280
194 206 -1371954876
194 207 -19522765326
195 184 132020906666
195 185 -8826540617
195 186 6091057530650
195 193 81731998373
195 194 -10696224709
195 205 -213752905039
195 206 19522765326
195 207 8485668672150
196 184 -1240948213
196 208 -1063669897
197 185 -22249324029
197 186 -788361875069
197 198 -209157232161
197 209 -14011236123
197 210 579204642908
198 185 788361875069
198 186 18622721458340
198 197 -209157232161
198 209 -579204642908
198 210 15962332678580
199 187 -8067556146
199 189 285858288660
199 201 3207732199
199 211 -7977026815
199 213 -282650556460
200 188 -1571867737
200 212 -1558706165
201 187 -285858288660
201 189 6752557999843
201 199 3207732199
201 211 282650556460
201 213 6676784798289
202 190 -2130927424
202 191 -58000523
202 192 -126155008186
202 203 116975313
202 204 2061643040
202 214 -2165748929
202 215 -58974789
202 216 128216651227
203 190 -58000523
203 191 -1501182573
203 192 -11522157414
203 202 116975313
203 204 188296731
203 214 -58974789
203 215 -1525425917
203 216 11710454145
204 190 126155008186
204 191 11522157414
204 192 5008163985452
204 202 2061643040
204 203 188296731
204 214 -128216651227
204 215 -11710454145
204 216 5090008111778
205 193 -3600800259
205 194 205280280
205 195 -213752905039
205 206 -467412136
205 207 39653729972
205 217 -4267077643
205 218 262131855
205 219 253406635011
206 193 205280280
206 194 -1371954876
206 195 19522765326
206 205 -467412136
206 207 -3621707337
206 217 262131855
206 218 -1420962207
206 219 -23144472664
207 193 213752905039
207 194 -19522765326
207 195 8485668672150
207 205 39653729972
207 206 -3621707337
207 217 -253406635011
207 218 23144472664
207 219 10059862080650
208 196 -1063669897
208 210 -269770731719600
208 220 -13704353171350
208 222 -269770731719600
208 223 -372284464
209 197 -14011236123
209 198 -579204642908
209 210 -508252074152
209 221 -114202943094
209 224 -600731748
209 225 70952568756
210 197 579204642908
210 198 15962332678580
210 208 -269770731719600
210 209 -508252074152
210 220 269770731719600
210 222 3540298316530000
210 224 -70952568756
210 225 5586816437503
211 199 -7977026815
211 201 282650556460
211 213 3207732199
211 226 -7886497484
211 228 -279442824261
212 200 -1558706165
212 227 -1544604480
213 199 -282650556460
213 201 6676784798289
213 211 3207732199
213 226 279442824261
213 228 6601011596734
214 202 -2165748929
214 203 -58974789
214 204 -128216651227
214 215 118872965
214 216 2061643040
214 229 -2200575082
214 230 -59898175
214 231 130278294267
215 202 -58974789
215 203 -1525425917
215 204 -11710454145
215 214 118872965
215 216 188296731
215 229 -59898175
215 230 -1550226343
215 231 11898750876
216 202 128216651227
216 203 11710454145
216 204 5090008111778
216 214 2061643040
216 215 188296731
216 229 -130278294267
216 230 -11898750876
216 231 5171852238105
217 205 -4267077643
217 206 262131855
217 207 -253406635011
217 218 -585557384
217 219 42417208941
217 232 -4979744225
217 233 323425528
217 234 295823843953
218 205 262131855
218 206 -1420962207
218 207 23144472664
218 217 -585557384
218 219 -3874105083
218 232 323425528
218 233 -1468128332
218 234 -27018577747
219 205 253406635011
219 206 -23144472664
219 207 10059862080650
219 217 42417208941
219 218 -3874105083
219 232 -295823843953
219 233 27018577747
219 234 11743761445720
220 208 -13704353171350
220 210 269770731719600
220 222 269770731719600
221 209 -114202943094
222 208 -269770731719600
222 210 3540298316530000
222 220 269770731719600
223 208 -372284464
223 225 -269770731719600
223 235 -13704353171350
223 237 -269770731719600
223 238 -372284464
224 209 -600731748
224 210 -70952568756
224 225 0
224 236 -114202943094
224 239 -600731748
224 240 70952568756
225 209 70952568756
225 210 5586816437503
225 223 -269770731719600
225 224 0
225 235 269770731719600
225 237 3540298316530000
225 239 -70952568756
225 240 5586816437503
226 211 -7886497484
226 213 279442824261
226 228 3084357883
226 241 -7799450051
226 243 -276358466378
227 212 -1544604480
227 242 -1531442908
228 211 -279442824261
228 213 6601011596734
228 226 3084357883
228 241 276358466378
228 243 6528152749090
229 214 -2200575082
229 215 -59898175
229 216 -130278294267
229 230 120770616
229 231 2061643040
229 244 -2235396588
229 245 -60872441
229 246 132339937308
230 214 -59898175
230 215 -1550226343
230 216 -11898750876
230 229 120770616
230 231 188296731
230 244 -60872441
230 245 -1574469687
230 246 12087047607
231 214 130278294267
231 215 11898750876
231 216 5171852238105
231 229 2061643040
231 230 188296731
231 244 -132339937308
231 245 -12087047607
231 246 5253696364432
232 217 -4979744225
232 218 323425528
232 219 -295823843953
232 233 -712486752
232 234 45049093674
232 247 -5736580818
232 248 389061224
232 249 340872937628
233 217 323425528
233 218 -1468128332
233 219 27018577747
233 232 -712486752
233 234 -4114483888
233 247 389061224
233 248 -1512320653
233 249 -31133061636
234 217 295823843953
234 218 -27018577747
234 219 11743761445720
234 232 45049093674
234 233 -4114483888
234 247 -340872937628
234 248 31133061636
234 249 13532142674180
235 223 -13704353171350
235 225 269770731719600
235 237 269770731719600
236 224 -114202943094
237 223 -269770731719600
237 225 3540298316530000
237 235 269770731719600
238 223 -372284464
238 250 -2233706784
239 224 -600731748
239 225 -70952568756
239 240 2483339906470
239 251 -129758057741
239 252 2554292475227
240 224 70952568756
240 225 5586816437503
240 239 2483339906470
240 251 -2554292475227
240 252 33520898625020
241 226 -7799450051
241 228 276358466378
241 243 3207732199
241 253 -7708920720
241 255 -273150734179
242 227 -1531442908
242 254 -1517341224
243 226 -276358466378
243 228 6528152749090
243 241 3207732199
243 253 273150734179
243 255 6452379547539
244 229 -2235396588
244 230 -60872441
244 231 -132339937308
244 245 122600989
244 246 2017778295
244 256 -2269486110
244 257 -61728548
244 258 134357715603
245 229 -60872441
245 230 -1574469687
245 231 -12087047607
245 244 122600989
245 246 184290417
245 256 -61728548
245 257 -1599263968
245 258 12271338025
246 229 132339937308
246 230 12087047607
246 231 5253696364432
246 244 2017778295
246 245 184290417
246 256 -134357715603
246 257 -12271338025
246 258 5333799126369
247 232 -5736580818
247 233 389061224
247 234 -340872937628
247 248 -847662009
247 249 47461654679
247 259 -6533913557
247 260 458600785
247 261 388334592307
248 232 389061224
248 233 -1512320653
248 234 31133061636
248 247 -847662009
248 249 -4334831127
248 259 458600785
248 260 -1554622610
248 261 -35467892764
249 232 340872937628
249 233 -31133061636
249 234 13532142674180
249 247 47461654679
249 248 -4334831127
249 259 -388334592307
249 260 35467892764
249 261 15416298944090
250 238 -2233706784
250 262 -2233706784
251 239 -129758057741
251 240 -2554292475227
251 263 -129758057741
251 264 2554292475227
252 239 2554292475227
252 240 33520898625020
252 263 -2554292475227
252 264 33520898625020
253 241 -7708920720
253 243 273150734179
253 255 3207732199
253 265 -7618391389
253 267 -269943001980
254 242 -1517341224
254 266 -1504179652
255 241 -273150734179
255 243 6452379547539
255 253 3207732199
255 265 269943001980
255 267 6376606345987
256 244 -2269486110
256 245 -61728548
256 246 -134357715603
256 257 67859868
256 258 -34110580654
256 268 -1454460236
256 269 -6131320
256 270 100247134949
257 244 -61728548
257 245 -1599263968
257 246 -12271338025
257 256 67859868
257 258 -3191811802
257 268 -6131320
257 269 -1387319591
257 270 9079526222
258 244 134357715603
258 245 12271338025
258 246 5333799126369
258 256 -34110580654
258 257 -3191811802
258 268 -100247134949
258 269 -9079526222
258 270 4642298978150
259 247 -6533913557
259 248 458600785
259 249 -388334592307
259 260 -990426763
259 261 49698756702
259 271 -7368791270
259 272 531825978
259 273 438033349009
260 247 458600785
260 248 -1554622610
260 249 35467892764
260 259 -990426763
260 261 -4539153112
260 271 531825978
260 272 -1594452541
260 273 -40007045876
261 247 388334592307
261 248 -35467892764
261 249 15416298944090
261 259 49698756702
261 260 -4539153112
261 271 -438033349009
261 272 40007045876
261 273 17389264797890
262 250 -2233706784
262 274 -372284464
263 251 -129758057741
263 252 -2554292475227
263 264 -2483339906470
263 275 -600731748
263 276 70952568756
264 251 2554292475227
264 252 33520898625020
264 263 -2483339906470
264 275 -70952568756
264 276 5586816437503
265 253 -7618391389
265 255 269943001980
265 267 3084357883
265 277 -7531343955
265 279 -266858644096
266 254 -1504179652
266 278 -1490077968
267 253 -269943001980
267 255 6376606345987
267 265 3084357883
267 277 266858644096
267 279 6303747498341
268 256 -1454460236
268 257 -6131320
268 258 -100247134949
268 269 31405032
268 270 31773771716
268 280 -1914499431
268 281 -25273712
268 282 132020906666
268 283 -1240948213
269 256 -6131320
269 257 -1387319591
269 258 -9079526222
269 268 31405032
269 270 -788614860675
269 280 -25273712
269 281 -1538163551
269 282 8826540617
269 284 -22249324029
269 285 -788361875069
270 256 100247134949
270 257 9079526222
270 258 4642298978150
270 268 31773771716
270 269 -788614860675
270 280 -132020906666
270 281 -8826540617
270 282 6091057530650
270 284 788361875069
270 285 18622721458340
271 259 -7368791270
271 260 531825978
271 261 -438033349009
271 272 -1140091825
271 273 51628805506
271 286 -8236057535
271 287 608265847
271 288 489662154515
272 259 531825978
272 260 -1594452541
272 261 40007045876
272 271 -1140091825
272 273 -4715430902
272 286 608265847
272 287 -1631767433
272 288 -44722476779
273 259 438033349009
273 260 -40007045876
273 261 17389264797890
273 271 51628805506
273 272 -4715430902
273 286 -489662154515
273 287 44722476779
273 288 19438850684840
274 262 -372284464
274 276 -269770731719600
274 289 -13704353171350
274 291 -269770731719600
274 292 -372284464
275 263 -600731748
275 264 -70952568756
275 276 0
275 290 -114202943094
275 293 -600731748
275 294 70952568756
276 263 70952568756
276 264 5586816437503
276 274 -269770731719600
276 275 0
276 289 269770731719600
276 291 3540298316530000
276 293 -70952568756
276 294 5586816437503
277 265 -7531343955
277 267 266858644096
277 279 3207732199
277 295 -7440814624
277 297 -263650911897
278 266 -1490077968
278 296 -1476916396
279 265 -266858644096
279 267 6303747498341
279 277 3207732199
279 295 263650911897
279 297 6227974296789
280 268 -1914499431
280 269 -25273712
280 270 -132020906666
280 281 230553992
280 282 81731998373
280 298 -3600800259
280 299 -205280280
280 300 213752905039
281 268 -25273712
281 269 -1538163551
281 270 -8826540617
281 280 230553992
281 282 10696224709
281 298 -205280280
281 299 -1371954876
281 300 19522765326
282 268 132020906666
282 269 8826540617
282 270 6091057530650
282 280 81731998373
282 281 10696224709
282 298 -213752905039
282 299 -19522765326
282 300 8485668672150
283 268 -1240948213
283 292 -1063669897
284 269 -22249324029
284 270 788361875069
284 285 209157232161
284 293 -14011236123
284 294 -579204642908
285 269 -788361875069
285 270 18622721458340
285 284 209157232161
285 293 579204642908
285 294 15962332678580
286 271 -8236057535
286 272 608265847
286 273 -489662154515
286 287 -1295866246
286 288 53383395327
286 301 -9132770474
286 302 687600399
286 303 543045549843
287 271 608265847
287 272 -1631767433
287 273 44722476779
287 286 -1295866246
287 288 -4875683439
287 301 687600399
287 302 -1667099788
287 303 -49598160219
288 271 489662154515
288 272 -44722476779
288 273 19438850684840
288 286 53383395327
288 287 -4875683439
288 301 -543045549843
288 302 49598160219
288 303 21558091147390
289 274 -13704353171350
289 276 269770731719600
289 291 269770731719600
290 275 -114202943094
291 274 -269770731719600
291 276 3540298316530000
291 289 269770731719600
292 274 -372284464
292 283 -1063669897
292 294 -269770731719600
292 304 -13704353171350
292 306 -269770731719600
293 275 -600731748
293 276 -70952568756
293 284 -14011236123
293 285 579204642908
293 294 508252074152
293 305 -114202943094
294 275 70952568756
294 276 5586816437503
294 284 -579204642908
294 285 15962332678580
294 292 -269770731719600
294 293 508252074152
294 304 269770731719600
294 306 3540298316530000
295 277 -7440814624
295 279 263650911897
295 297 3207732199
295 307 -7350285293
295 309 -260443179698
296 278 -1476916396
296 308 -1462814712
297 277 -263650911897
297 279 6227974296789
297 295 3207732199
297 307 260443179698
297 309 6152201095237
298 280 -3600800259
298 281 -205280280
298 282 -213752905039
298 299 467412136
298 300 39653729972
298 310 -4267077643
298 311 -262131855
298 312 253406635011
299 280 -205280280
299 281 -1371954876
299 282 -19522765326
299 298 467412136
299 300 3621707337
299 310 -262131855
299 311 -1420962207
299 312 23144472664
300 280 213752905039
300 281 19522765326
300 282 8485668672150
300 298 39653729972
300 299 3621707337
300 310 -253406635011
300 311 -23144472664
300 312 10059862080650
301 286 -9132770474
301 287 687600399
301 288 -543045549843
301 302 -1457128116
301 303 54874796676
301 313 -10054501002
301 314 769527717
301 315 597920346520
302 286 687600399
302 287 -1667099788
302 288 49598160219
302 301 -1457128116
302 303 -5011898096
302 313 769527717
302 314 -1699298573
302 315 -54610058315
303 286 543045549843
303 287 -49598160219
303 288 21558091147390
303 301 54874796676
303 302 -5011898096
303 313 -597920346520
303 314 54610058315
303 315 23736537999190
304 292 -13704353171350
304 294 269770731719600
304 306 269770731719600
305 293 -114202943094
306 292 -269770731719600
306 294 3540298316530000
306 304 269770731719600
307 295 -7350285293
307 297 260443179698
307 309 3207732199
307 316 -7259755962
307 318 -257235447499
308 296 -1462814712
308 317 -1449653140
309 295 -260443179698
309 297 6152201095237
309 307 3207732199
309 316 257235447499
309 318 6076427893685
310 298 -4267077643
310 299 -262131855
310 300 -253406635011
310 311 585557384
310 312 42417208941
310 319 -4979744225
310 320 -323425528
310 321 295823843953
311 298 -262131855
311 299 -1420962207
311 300 -23144472664
311 310 585557384
311 312 3874105083
311 319 -323425528
311 320 -1468128332
311 321 27018577747
312 298 253406635011
312 299 23144472664
312 300 10059862080650
312 310 42417208941
312 311 3874105083
312 319 -295823843953
312 320 -27018577747
312 321 11743761445720
313 301 -10054501002
313 302 769527717
313 303 -597920346520
313 314 -1622935529
313 315 56015280060
313 322 -10995365363
313 323 853407811
313 324 653935626580
314 301 769527717
314 302 -1699298573
314 303 54610058315
314 313 -1622935529
314 315 -5116062245
314 322 853407811
314 323 -1729428795
314 324 -59726120561
315 301 597920346520
315 302 -54610058315
315 303 23736537999190
315 313 56015280060
315 314 -5116062245
315 322 -653935626580
315 323 59726120561
315 324 25960260325140
316 307 -7259755962
316 309 257235447499
316 318 3084357883
316 325 -7172708529
316 327 -254151089615
317 308 -1449653140
317 326 -1435551456
318 307 -257235447499
318 309 6076427893685
318 316 3084357883
318 325 254151089615
318 327 6003569046039
319 310 -4979744225
319 311 -323425528
319 312 -295823843953
319 320 712486752
319 321 45049093674
319 328 -5736580818
319 329 -389061224
319 330 340872937628
320 310 -323425528
320 311 -1468128332
320 312 -27018577747
320 319 712486752
320 321 4114483888
320 328 -389061224
320 329 -1512320653
320 330 31133061636
321 310 295823843953
321 311 27018577747
321 312 11743761445720
321 319 45049093674
321 320 4114483888
321 328 -340872937628
321 329 -31133061636
321 330 13532142674180
322 313 -10995365363
322 314 853407811
322 315 -653935626580
322 323 -1792295698
322 324 56892574971
322 331 -11950939119
322 332 938887886
322 333 710828201552
323 313 853407811
323 314 -1729428795
323 315 59726120561
323 322 -1792295698
323 324 -5196188514
323 331 938887886
323 332 -1756896501
323 333 -64922309075
324 313 653935626580
324 314 -59726120561
324 315 25960260325140
324 322 56892574971
324 323 -5196188514
324 331 -710828201552
324 332 64922309075
324 333 28218809938890
325 316 -7172708529
325 318 254151089615
325 327 3207732199
325 334 -7082179198
325 336 -250943357416
326 317 -1435551456
326 335 -1422389884
327 316 -254151089615
327 318 6003569046039
327 325 3207732199
327 334 250943357416
327 336 5927795844487
328 319 -5736580818
328 320 -389061224
328 321 -340872937628
328 329 847662009
328 330 47461654679
328 337 -6533913557
328 338 -458600785
328 339 388334592307
329 319 -389061224
329 320 -1512320653
329 321 -31133061636
329 328 847662009
329 330 4334831127
329 337 -458600785
329 338 -1554622610
329 339 35467892764
330 319 340872937628
330 320 31133061636
330 321 13532142674180
330 328 47461654679
330 329 4334831127
330 337 -388334592307
330 338 -35467892764
330 339 15416298944090
331 322 -11950939119
331 323 938887886
331 324 -710828201552
331 332 -1964317597
331 333 57418951917
331 340 -12915329218
331 341 1025429710
331 342 768247153470
332 322 938887886
332 323 -1756896501
332 324 64922309075
332 331 -1964317597
332 333 -5244264275
332 340 1025429710
332 341 -1781652534
332 342 -70166573350
333 322 710828201552
333 323 -64922309075
333 324 28218809938890
333 331 57418951917
333 332 -5244264275
333 340 -768247153470
333 341 70166573350
333 342 30498255925310
334 325 -7082179198
334 327 250943357416
334 336 3207732199
334 343 -6991649867
334 345 -247735625217
335 326 -1422389884
335 344 -1408288199
336 325 -250943357416
336 327 5927795844487
336 334 3207732199
336 343 247735625217
336 345 5852022642932
337 328 -6533913557
337 329 -458600785
337 330 -388334592307
337 338 990426763
337 339 49698756702
337 346 -7368791270
337 347 -531825978
337 348 438033349009
338 328 -458600785
338 329 -1554622610
338 330 -35467892764
338 337 990426763
338 339 4539153112
338 346 -531825978
338 347 -1594452541
338 348 40007045876
339 328 388334592307
339 329 35467892764
339 330 15416298944090
339 337 49698756702
339 338 4539153112
339 346 -438033349009
339 347 -40007045876
339 348 17389264797890
340 331 -12915329218
340 332 1025429710
340 333 -768247153470
340 341 -2137924762
340 342 57594410900
340 349 -13882642608
340 350 1112495051
340 351 825841564370
341 331 1025429710
341 332 -1781652534
341 333 70166573350
341 340 -2137924762
341 342 -5260289528
341 349 1112495051
341 350 -1803647735
341 351 -75426862879
342 331 768247153470
342 332 -70166573350
342 333 30498255925310
342 340 57594410900
342 341 -5260289528
342 349 -825841564370
342 350 75426862879
342 351 32784667369290
343 334 -6991649867
343 336 247735625217
343 345 3084357883
343 352 -6904602433
343 354 -244651267333
344 335 -1408288199
344 353 -1395126627
345 334 -247735625217
345 336 5852022642932
345 343 3084357883
345 352 244651267333
345 354 5779163795289
346 337 -7368791270
346 338 -531825978
346 339 -438033349009
346 347 1140091825
346 348 51628805506
346 355 -8236057535
346 356 -608265847
346 357 489662154515
347 337 -531825978
347 338 -1594452541
347 339 -40007045876
347 346 1140091825
347 348 4715430902
347 355 -608265847
347 356 -1631767433
347 357 44722476779
348 337 438033349009
348 338 40007045876
348 339 17389264797890
348 346 51628805506
348 347 4715430902
348 355 -489662154515
348 356 -44722476779
348 357 19438850684840
349 340 -13882642608
349 341 1112495051
349 342 -825841564370
349 350 -2311989848
349 351 57418951918
349 358 -14846990884
349 359 1199494797
349 360 883260516288
350 340 1112495051
350 341 -1803647735
350 342 75426862879
350 349 -2311989848
350 351 -5244264275
350 358 1199494797
350 359 -1823390028
350 360 -80671127154
351 340 825841564370
351 341 -75426862879
351 342 32784667369290
351 349 57418951918
351 350 -5244264275
351 358 -883260516288
351 359 80671127154
351 360 35064113355720
352 343 -6904602433
352 345 244651267333
352 354 3207732199
352 361 -6814073102
352 363 -241443535134
353 344 -1395126627
353 362 -1381965055
354 343 -244651267333
354 345 5779163795289
354 352 3207732199
354 361 241443535134
354 363 5703390593737
355 346 -8236057535
355 347 -608265847
355 348 -489662154515
355 356 1295866246
355 357 53383395327
355 364 -9132770474
355 365 -687600399
355 366 543045549843
356 346 -608265847
356 347 -1631767433
356 348 -44722476779
356 355 1295866246
356 357 4875683439
356 364 -687600399
356 365 -1667099788
356 366 49598160219
357 346 489662154515
357 347 44722476779
357 348 19438850684840
357 355 53383395327
357 356 4875683439
357 364 -543045549843
357 365 -49598160219
357 366 21558091147390
358 349 -14846990884
358 350 1199494797
358 351 -883260516288
358 359 -2485487273
358 360 56892574971
358 367 -15802471699
358 368 1285992475
358 369 940153091260
359 349 1199494797
