%%MatrixMarket matrix coordinate integer general
%
3134 3134 42044
1 5 -3835539506578
1 6 38646942
1 7 -32123446453
1 11 -3835539506578
1 181 -20387916
1 439 -585559
1 444 38646942
2 4 186449837
2 6 2997390
2 8 -1561556
2 10 186449837
2 182 -24978
2 186 2997390
2 440 -17757575
3 4 -38646942
3 5 -3445680000000
3 9 -88832495
3 183 -28714000000
3 185 -3445680000000
3 441 -585559
3 442 -38646942
4 2 186449837
4 3 -38646942
4 8 -186449837
4 10 14841407035
4 184 -491700000
4 441 38646942
4 442 1700465454
5 1 -3835539506578
5 3 -3445680000000
5 7 3835539506578
5 11 305308944723600
5 183 3445680000000
5 185 275654400000000
5 443 -731454545
6 1 38646942
6 2 2997390
6 12 -544486432
6 182 -2997390
6 186 239791200
6 439 -38646942
6 444 1700465454
7 1 -32123446453
7 5 3835539506578
7 11 3835539506578
7 12 38646942
7 13 -56402500
7 445 -585559
7 450 38646942
8 2 -1561556
8 4 -186449837
8 10 -186449837
8 12 30149700
8 14 -251247
8 18 30149700
8 446 -17757575
9 3 -88832495
9 10 -38646942
9 11 -4140090000000
9 15 -34500750000
9 17 -4140090000000
9 447 -585559
9 448 -38646942
10 2 186449837
10 4 14841407035
10 8 -186449837
10 9 -38646942
10 16 -591828000
10 447 38646942
10 448 1700465454
11 1 -3835539506578
11 5 305308944723600
11 7 3835539506578
11 9 -4140090000000
11 15 4140090000000
11 17 331207200000000
11 449 -731454545
12 6 -544486432
12 7 38646942
12 8 30149700
12 14 -30149700
12 18 2411976000
12 445 -38646942
12 450 1700465454
13 7 -56402500
13 17 3420212606475
13 18 38646942
13 19 -27387807689
13 23 -3549459876543
13 181 -58372466356
13 185 6969672483018
13 187 -40775833
13 451 -585559
13 456 38646942
14 8 -251247
14 12 -30149700
14 16 19793327
14 18 -24154920
14 20 -199448
14 22 25848508
14 182 -50713
14 184 -6055180
14 188 -49956
14 192 5994780
14 452 -17757575
15 9 -34500750000
15 11 4140090000000
15 16 -38646942
15 17 -2760060000000
15 21 -52224537
15 183 -40980737
15 189 -57501250000
15 191 -6900150000000
15 453 -585559
15 454 -38646942
16 10 -591828000
16 14 19793327
16 15 -38646942
16 20 -25848508
16 22 2233311111
16 182 6055180
16 184 481992361
16 190 -994128000
16 453 38646942
16 454 1700465454
17 9 -4140090000000
17 11 331207200000000
17 13 3420212606475
17 15 -2760060000000
17 19 3549459876543
17 23 306673333333300
17 181 -6969672483018
17 185 554785929648200
17 189 6900150000000
17 191 552012000000000
17 455 -731454545
18 8 30149700
18 12 2411976000
18 13 38646942
18 14 -24154920
18 24 -547988888
18 186 -999123618
18 188 -5994780
18 192 479582400
18 451 -38646942
18 456 1700465454
19 13 -27387807689
19 17 3549459876543
19 21 -7000777770
19 23 2131877499198
19 24 38646942
19 25 -15406237676
19 27 7000777770
19 29 -1417582377345
19 193 -39799166
19 457 -585559
19 462 38646942
20 14 -199448
20 16 -25848508
20 22 80306098
20 24 -41509586
20 26 -1393105
20 28 106154606
20 30 -48480056
20 194 -58087
20 198 6970470
20 458 -17757575
21 15 -52224537
21 19 -7000777770
21 22 -38646942
21 23 -4872720174126
21 25 7000777770
21 27 -3274154016
21 29 647399825874
21 195 -46001000000
21 197 -5520120000000
21 459 -585559
21 460 -38646942
22 14 25848508
22 16 2233311111
22 20 80306098
22 21 -38646942
22 24 -4632313056
22 26 -106154606
22 28 5258723926
22 30 -2756047539
22 196 -792084000
22 459 38646942
22 460 1700465454
23 13 -3549459876543
23 17 306673333333300
23 19 2131877499198
23 21 -4872720174126
23 25 1417582377345
23 27 -647399825874
23 29 87032860729410
23 195 5520120000000
23 197 441609600000000
23 461 -731454545
24 18 -547988888
24 19 38646942
24 20 -41509586
24 22 -4632313056
24 26 48480056
24 28 -2756047539
24 30 482597556
24 194 -6970470
24 198 557637600
24 457 -38646942
24 462 1700465454
25 19 -15406237676
25 21 7000777770
25 23 1417582377345
25 27 7168811411
25 28 0
25 29 -981867670053
25 30 38646942
25 31 -13991717442
25 33 -14169589181
25 35 -2399450047399
25 463 -585559
25 465 0
25 466 0
25 468 38646942
26 20 -1393105
26 22 -106154606
26 24 48480056
26 28 -104067329
26 30 50596939
26 32 -24672
26 34 2087276
26 36 2116883
26 464 -17757575
27 19 7000777770
27 21 -3274154016
27 23 -647399825874
27 25 7168811411
27 28 -38646942
27 29 -3080884625718
27 30 0
27 31 -14169589181
27 33 -14390880595
27 35 -2433484799844
27 463 0
27 465 -585559
27 466 -38646942
27 468 0
28 20 106154606
28 22 5258723926
28 24 -2756047539
28 25 0
28 26 -104067329
28 27 -38646942
28 30 -4638346418
28 32 -2087276
28 34 -130568004
28 36 364210044
28 463 0
28 465 38646942
28 466 1700465454
28 468 0
29 19 -1417582377345
29 21 647399825874
29 23 87032860729410
29 25 -981867670053
29 27 -3080884625718
29 31 2399450047399
29 33 2433484799844
29 35 274524313224400
29 467 -731454545
30 20 -48480056
30 22 -2756047539
30 24 482597556
30 25 38646942
30 26 50596939
30 27 0
30 28 -4638346418
30 32 -2116883
30 34 364210044
30 36 -120308057
30 463 -38646942
30 465 0
30 466 0
30 468 1700465454
31 25 -13991717442
31 27 -14169589181
31 29 2399450047399
31 33 -225669120
31 34 0
31 35 4836788877078
31 36 38646942
31 37 -14755417597
31 39 -14630393303
31 41 -2477261366298
31 199 -29066549291
31 201 29025651606
31 203 4914600195977
31 469 -585559
31 471 0
31 472 0
31 474 38646942
32 26 -24672
32 28 -2087276
32 30 -2116883
32 34 -4202887
32 36 4293372
32 38 -25472
32 40 2154964
32 42 2139681
32 200 -50479
32 202 -4270574
32 204 4270574
32 470 -17757575
33 25 -14169589181
33 27 -14390880595
33 29 2433484799844
33 31 -225669120
33 34 -38646942
33 35 -4940807532882
33 36 0
33 37 -14630393303
33 39 -14547153133
33 41 -2459692136750
33 199 29025651606
33 201 -29066549291
33 203 -4914600195977
33 469 0
33 471 -585559
33 472 -38646942
33 474 0
34 26 2087276
34 28 -130568004
34 30 364210044
34 31 0
34 32 -4202887
34 33 -38646942
34 36 5593509
34 38 -2154964
34 40 -124159375
34 42 368132392
34 200 4270574
34 202 -258585640
34 204 -740306497
34 469 0
34 471 38646942
34 472 1700465454
34 474 0
35 25 -2399450047399
35 27 -2433484799844
35 29 274524313224400
35 31 4836788877078
35 33 -4940807532882
35 37 2477261366298
35 39 2459692136749
35 41 277460300717200
35 199 -4914600195977
35 201 4914600195977
35 203 554366902106200
35 473 -731454545
36 26 2116883
36 28 364210044
36 30 -120308057
36 31 38646942
36 32 4293372
36 33 0
36 34 5593509
36 38 -2139681
36 40 368132392
36 42 -129399760
36 200 -4270574
36 202 -740306497
36 204 -258585640
36 469 -38646942
36 471 0
36 472 0
36 474 1700465454
37 31 -14755417597
37 33 -14630393303
37 35 2477261366298
37 39 80613174
37 40 0
37 41 4940814136291
37 42 38646942
37 43 -14496320319
37 45 -14475871476
37 47 -2451047425983
37 205 -29066549291
37 207 29025651606
37 209 4914600195977
37 475 -585559
37 477 0
37 478 0
37 480 38646942
38 32 -25472
38 34 -2154964
38 36 -2139681
38 40 -4293378
38 42 4263054
38 44 -25202
38 46 2132161
38 48 2132161
38 206 -50479
38 208 -4270574
38 210 4270574
38 476 -17757575
39 31 -14630393303
39 33 -14547153133
39 35 2459692136749
39 37 80613174
39 40 -38646942
39 41 -4905955485211
39 42 0
39 43 -14475871476
39 45 -14496320319
39 47 -2451047425983
39 205 29025651606
39 207 -29066549291
39 209 -4914600195977
39 475 0
39 477 -585559
39 478 -38646942
39 480 0
40 32 2154964
40 34 -124159375
40 36 368132392
40 37 0
40 38 -4293378
40 39 -38646942
40 42 5549966
40 44 -2132161
40 46 -126330794
40 48 366838572
40 206 4270574
40 208 -258585640
40 210 -740306497
40 475 0
40 477 38646942
40 478 1700465454
40 480 0
41 31 -2477261366298
41 33 -2459692136750
41 35 277460300717200
41 37 4940814136291
41 39 -4905955485211
41 43 2451047425983
41 45 2451047425983
41 47 276478149650900
41 205 -4914600195977
41 207 4914600195977
41 209 554366902106200
41 479 -731454545
42 32 2139681
42 34 368132392
42 36 -129399760
42 37 38646942
42 38 4263054
42 39 0
42 40 5549966
42 44 -2132161
42 46 366838572
42 48 -126330794
42 206 -4270574
42 208 -740306497
42 210 -258585640
42 475 -38646942
42 477 0
42 478 0
42 480 1700465454
43 37 -14496320319
43 39 -14475871476
43 41 2451047425983
43 45 386608195
43 46 0
43 47 4837078738225
43 48 38646942
43 49 -14241776162
43 51 -14322260695
43 53 -2425110874634
43 211 -28054768671
43 213 28411523977
43 215 4811142186876
43 481 -585559
43 483 0
43 484 0
43 486 38646942
44 38 -25202
44 40 -2132161
44 42 -2132161
44 46 -4203236
44 48 4232374
44 50 -24936
44 52 2109599
44 54 2124560
44 212 -49416
44 214 -4180674
44 216 4239974
44 482 -17757575
45 37 -14475871476
45 39 -14496320319
45 41 2451047425983
45 43 386608195
45 46 -38646942
45 47 -4870648155019
45 48 0
45 49 -14322260695
45 51 -14444213470
45 53 -2442310242540
45 211 28411523977
45 213 -28855132983
45 215 -4879385338463
45 481 0
45 483 -585559
45 484 -38646942
45 486 0
46 38 2132161
46 40 -126330794
46 42 366838572
46 43 0
46 44 -4203236
46 45 -38646942
46 48 5466054
46 50 -2109599
46 52 -128466899
46 54 365530913
46 212 4180674
46 214 -267110901
46 216 -735001938
46 481 0
46 483 38646942
46 484 1700465454
46 486 0
47 37 -2451047425983
47 39 -2451047425983
47 41 276478149650900
47 43 4837078738225
47 45 -4870648155019
47 49 2425110874634
47 51 2442310242540
47 53 275499475105600
47 211 -4811142186876
47 213 4879385338463
47 215 550449260699900
47 485 -731454545
48 38 2132161
48 40 366838572
48 42 -126330794
48 43 38646942
48 44 4232374
48 45 0
48 46 5466054
48 50 -2124560
48 52 365530913
48 54 -123300320
48 212 -4239974
48 214 -735001938
48 216 -246405594
48 481 -38646942
48 483 0
48 484 0
48 486 1700465454
49 43 -14241776162
49 45 -14322260695
49 47 2425110874634
49 51 -227519433
49 52 0
49 53 4888663644628
49 54 38646942
49 55 -14496320319
49 57 -14475871476
49 59 -2451047425983
49 217 -29066549291
49 219 29025651606
49 221 4914600195977
49 487 -585559
49 489 0
49 490 0
49 492 38646942
50 44 -24936
50 46 -2109599
50 48 -2124560
50 52 -4248012
50 54 4278175
50 56 -25202
50 58 2132161
50 60 2132161
50 218 -50479
50 220 -4270574
50 222 4270574
50 488 -17757575
51 43 -14322260695
51 45 -14444213470
51 47 2442310242540
51 49 -227519433
51 52 -38646942
51 53 -4923337379421
51 54 0
51 55 -14475871476
51 57 -14496320319
51 59 -2451047425983
51 217 29025651606
51 219 -29066549291
51 221 -4914600195977
51 487 0
51 489 -585559
51 490 -38646942
51 492 0
52 44 2109599
52 46 -128466899
52 48 365530913
52 49 0
52 50 -4248012
52 51 -38646942
52 54 5593061
52 56 -2132161
52 58 -126330794
52 60 366838572
52 218 4270574
52 220 -258585640
52 222 -740306497
52 487 0
52 489 38646942
52 490 1700465454
52 492 0
53 43 -2425110874634
53 45 -2442310242540
53 47 275499475105600
53 49 4888663644628
53 51 -4923337379421
53 55 2451047425983
53 57 2451047425983
53 59 276478149650900
53 217 -4914600195977
53 219 4914600195977
53 221 554366902106200
53 491 -731454545
54 44 2124560
54 46 365530913
54 48 -123300320
54 49 38646942
54 50 4278175
54 51 0
54 52 5593061
54 56 -2132161
54 58 366838572
54 60 -126330794
54 218 -4270574
54 220 -740306497
54 222 -258585640
54 487 -38646942
54 489 0
54 490 0
54 492 1700465454
55 49 -14496320319
55 51 -14475871476
55 53 2451047425983
55 57 14475871476
55 58 0
55 59 2451047425983
55 60 38646942
55 61 -29655739
55 493 -585559
55 495 0
55 496 0
55 498 38646942
56 50 -25202
56 52 -2132161
56 54 -2132161
56 58 -2132161
56 60 4066830
56 62 -68421
56 66 6198991
56 494 -17757575
57 49 -14475871476
57 51 -14496320319
57 53 2451047425983
57 55 14475871476
57 58 -38646942
57 59 45468723295
57 60 0
57 63 -26551641310
57 65 -2405578702688
57 493 0
57 495 -585559
57 496 -38646942
57 498 0
58 50 2132161
58 52 -126330794
58 54 366838572
58 55 0
58 56 -2132161
58 57 -38646942
58 60 -6076905
58 64 -933075496
58 493 0
58 495 38646942
58 496 1700465454
58 498 0
59 49 -2451047425983
59 51 -2451047425983
59 53 276478149650900
59 55 2451047425983
59 57 45468723295
59 63 2405578702688
59 65 145296953642400
59 497 -731454545
60 50 2132161
60 52 366838572
60 54 -126330794
60 55 38646942
60 56 4066830
60 57 0
60 58 -6076905
60 62 -6198991
60 66 374419072
60 493 -38646942
60 495 0
60 496 0
60 498 1700465454
61 55 -29655739
61 63 -34236969980
61 65 18396921093340
61 66 38646942
61 67 -24245750
61 223 -96588078572
61 225 34236969980
61 227 18396921093340
61 499 -585559
61 504 38646942
62 56 -68421
62 60 -6198991
62 64 -4441912
62 66 -905674
62 68 -30984
62 72 3718170
62 224 -26252
62 226 -4441912
62 228 1575146
62 500 -17757575
63 57 -26551641310
63 59 2405578702688
63 61 -34236969980
63 64 -38646942
63 65 -9031762181475
63 69 -40946750000
63 71 -4913610000000
63 223 34236969980
63 225 -12180592724
63 227 -6523730884164
63 501 -585559
63 502 -38646942
64 58 -933075496
64 62 -4441912
64 63 -38646942
64 66 -181421048
64 70 -704472000
64 224 4441912
64 226 439369736
64 228 -351608455
64 501 38646942
64 502 1700465454
65 57 -2405578702688
65 59 145296953642400
65 61 18396921093340
65 63 -9031762181475
65 69 4913610000000
65 71 393088800000000
65 223 -18396921093340
65 225 6523730884163
65 227 2336121934695000
65 503 -731454545
66 56 6198991
66 60 374419072
66 61 38646942
66 62 -905674
66 64 -181421048
66 68 -3718170
66 72 297453600
66 224 -1575146
66 226 -351608455
66 228 -427482258
66 499 -38646942
66 504 1700465454
67 61 -24245750
67 69 34236969980
67 71 18396921093340
67 72 38646942
67 73 -29655739
67 223 -96588078572
67 225 -34236969980
67 227 18396921093340
67 505 -585559
67 510 38646942
68 62 -30984
68 66 -3718170
68 70 -4441912
68 72 905674
68 74 -68421
68 78 6198991
68 224 -26252
68 226 -4441912
68 228 -1575146
68 506 -17757575
69 63 -40946750000
69 65 4913610000000
69 67 34236969980
69 70 -38646942
69 71 9031762181475
69 75 -26551641310
69 77 -2405578702688
69 223 -34236969980
69 225 -12180592724
69 227 6523730884163
69 507 -585559
69 508 -38646942
70 64 -704472000
70 68 -4441912
70 69 -38646942
70 72 181421048
70 76 -933075496
70 224 4441912
70 226 439369736
70 228 351608455
70 507 38646942
70 508 1700465454
71 63 -4913610000000
71 65 393088800000000
71 67 18396921093340
71 69 9031762181475
71 75 2405578702688
71 77 145296953642400
71 223 -18396921093340
71 225 -6523730884164
71 227 2336121934695000
71 509 -731454545
72 62 3718170
72 66 297453600
72 67 38646942
72 68 905674
72 70 181421048
72 74 -6198991
72 78 374419072
72 224 1575146
72 226 351608455
72 228 -427482258
72 505 -38646942
72 510 1700465454
73 67 -29655739
73 75 -14475871476
73 76 0
73 77 2451047425983
73 78 38646942
73 79 -14496320319
73 81 14475871476
73 83 2451047425983
73 511 -585559
73 513 0
73 514 0
73 516 38646942
74 68 -68421
74 72 -6198991
74 76 -2132161
74 78 -4066830
74 80 -25202
74 82 -2132161
74 84 2132161
74 512 -17757575
75 69 -26551641310
75 71 2405578702688
75 73 -14475871476
75 76 -38646942
75 77 -45468723294
75 78 0
75 79 14475871476
75 81 -14496320319
75 83 -2451047425983
75 511 0
75 513 -585559
75 514 -38646942
75 516 0
76 70 -933075496
76 73 0
76 74 -2132161
76 75 -38646942
76 78 6076905
76 80 2132161
76 82 -126330794
76 84 -366838572
76 511 0
76 513 38646942
76 514 1700465454
76 516 0
77 69 -2405578702688
77 71 145296953642400
77 73 2451047425983
77 75 -45468723294
77 79 -2451047425983
77 81 2451047425983
77 83 276478149650900
77 515 -731454545
78 68 6198991
78 72 374419072
78 73 38646942
78 74 -4066830
78 75 0
78 76 6076905
78 80 -2132161
78 82 -366838572
78 84 -126330794
78 511 -38646942
78 513 0
78 514 0
78 516 1700465454
79 73 -14496320319
79 75 14475871476
79 77 -2451047425983
79 81 190565107
79 82 0
79 83 4882410972623
79 84 38646942
79 85 -14241776162
79 87 14322260695
79 89 2425110874634
79 229 -29029594965
79 231 -28988697280
79 233 4908347523972
79 517 -585559
79 519 0
79 520 0
79 522 38646942
80 74 -25202
80 76 2132161
80 78 -2132161
80 82 -4241760
80 84 -4271922
80 86 -24936
80 88 -2109599
80 90 2124560
80 230 -50405
80 232 -4264322
80 234 -4264322
80 518 -17757575
81 73 14475871476
81 75 -14496320319
81 77 2451047425983
81 79 190565107
81 82 -38646942
81 83 4917084707416
81 84 0
81 85 14322260695
81 87 -14444213470
81 89 -2442310242540
81 229 -28988697280
81 231 -29029594965
81 233 4908347523972
81 517 0
81 519 -585559
81 520 -38646942
81 522 0
82 74 -2132161
82 76 -126330794
82 78 -366838572
82 79 0
82 80 -4241760
82 81 -38646942
82 84 -5401691
82 86 2109599
82 88 -128466899
82 90 -365530913
82 230 4264322
82 232 -258041619
82 234 739057175
82 517 0
82 519 38646942
82 520 1700465454
82 522 0
83 73 2451047425983
83 75 -2451047425983
83 77 276478149650900
83 79 4882410972623
83 81 4917084707416
83 85 -2425110874634
83 87 2442310242540
83 89 275499475105600
83 229 -4908347523972
83 231 -4908347523972
83 233 553661600704000
83 521 -731454545
84 74 2132161
84 76 -366838572
84 78 -126330794
84 79 38646942
84 80 -4271922
84 81 0
84 82 -5401691
84 86 -2124560
84 88 -365530913
84 90 -123300320
84 230 4264322
84 232 739057175
84 234 -258041619
84 517 -38646942
84 519 0
84 520 0
84 522 1700465454
85 79 -14241776162
85 81 14322260695
85 83 -2425110874634
85 87 -117048412
85 88 0
85 89 4882344807951
85 90 38646942
85 91 -14496320319
85 93 14475871476
85 95 2451047425983
85 235 -28519857213
85 237 -28681083760
85 239 4856408256602
85 523 -585559
85 525 0
85 526 0
85 528 38646942
86 80 -24936
86 82 2109599
86 84 -2124560
86 88 -4241760
86 90 -4241520
86 92 -25202
86 94 -2132161
86 96 2132161
86 236 -49872
86 238 -4219198
86 240 -4249121
86 524 -17757575
87 79 14322260695
87 81 -14444213470
87 83 2442310242540
87 85 -117048412
87 88 -38646942
87 89 4882113684907
87 90 0
87 91 14475871476
87 93 -14496320319
87 95 -2451047425983
87 235 -28681083760
87 237 -28925248617
87 239 4890850868351
87 523 0
87 525 -585559
87 526 -38646942
87 528 0
88 80 -2109599
88 82 -128466899
88 84 -365530913
88 85 0
88 86 -4241760
88 87 -38646942
88 90 -5339189
88 92 2132161
88 94 -126330794
88 96 -366838572
88 236 4219198
88 238 -262332671
88 240 736422678
88 523 0
88 525 38646942
88 526 1700465454
88 528 0
89 79 2425110874634
89 81 -2442310242540
89 83 275499475105600
89 85 4882344807951
89 87 4882113684907
89 91 -2451047425983
89 93 2451047425983
89 95 276478149650900
89 235 -4856408256602
89 237 -4890850868351
89 239 551701754994700
89 527 -731454545
90 80 2124560
90 82 -365530913
90 84 -123300320
90 85 38646942
90 86 -4241520
90 87 0
90 88 -5339189
90 92 -2132161
90 94 -366838572
90 96 -126330794
90 236 4249121
90 238 736422678
90 240 -251923740
90 523 -38646942
90 525 0
90 526 0
90 528 1700465454
91 85 -14496320319
91 87 14475871476
91 89 -2451047425983
91 93 -730913610
91 94 0
91 95 4831235081151
91 96 38646942
91 97 -14755417597
91 99 14630393303
91 101 2477261366298
91 241 -28019101778
91 243 -28375351170
91 245 4805021140837
91 529 -585559
91 531 0
91 532 0
91 534 38646942
92 86 -25202
92 88 2132161
92 90 -2132161
92 94 -4197356
92 96 -4226246
92 98 -25472
92 100 -2154964
92 102 2139681
92 242 -49344
92 244 -4174553
92 246 -4233766
92 530 -17757575
93 85 14475871476
93 87 -14496320319
93 89 2451047425983
93 91 -730913610
93 94 -38646942
93 95 4864532758310
93 96 0
93 97 14630393303
93 99 -14547153133
93 101 -2459692136750
93 241 -28375351170
93 243 -28818447087
93 245 4873177469076
93 529 0
93 531 -585559
93 532 -38646942
93 534 0
94 86 -2132161
94 88 -126330794
94 90 -366838572
94 91 0
94 92 -4197356
94 93 -38646942
94 96 -5232960
94 98 2154964
94 100 -124159375
94 102 -368132392
94 242 4174553
94 244 -266553253
94 246 733761568
94 529 0
94 531 38646942
94 532 1700465454
94 534 0
95 85 2451047425983
95 87 -2451047425983
95 89 276478149650900
95 91 4831235081151
95 93 4864532758310
95 97 -2477261366298
95 99 2459692136749
95 101 277460300717200
95 241 -4805021140837
95 243 -4873177469076
95 245 549748943574300
95 533 -731454545
96 86 2132161
96 88 -366838572
96 90 -126330794
96 91 38646942
96 92 -4226246
96 93 0
96 94 -5232960
96 98 -2139681
96 100 -368132392
96 102 -129399760
96 242 4233766
96 244 733761568
96 246 -245882888
96 529 -38646942
96 531 0
96 532 0
96 534 1700465454
97 91 -14755417597
97 93 14630393303
97 95 -2477261366298
97 99 -56012245
97 100 0
97 101 4871725768534
97 102 38646942
97 103 -14393960078
97 105 14414316221
97 107 2440639610860
97 247 -29029594965
97 249 -28988697280
97 251 4908347523972
97 535 -585559
97 537 0
97 538 0
97 540 38646942
98 92 -25472
98 94 2154964
98 96 -2139681
98 100 -4232465
98 102 -4274873
98 104 -25095
98 106 -2123107
98 108 2129130
98 248 -50405
98 250 -4264322
98 252 -4264322
98 536 -17757575
99 91 14630393303
99 93 -14547153133
99 95 2459692136749
99 97 -56012245
99 100 -38646942
99 101 4920476249547
99 102 0
99 103 14414316221
99 105 -14475627756
99 107 -2447563411174
99 247 -28988697280
99 249 -29029594965
99 251 4908347523972
99 535 0
99 537 -585559
99 538 -38646942
99 540 0
100 92 -2154964
100 94 -124159375
100 96 -368132392
100 97 0
100 98 -4232465
100 99 -38646942
100 102 -5367234
100 104 2123107
100 106 -127189457
100 108 -366317134
100 248 4264322
100 250 -258041619
100 252 739057175
100 535 0
100 537 38646942
100 538 1700465454
100 540 0
101 91 2477261366298
101 93 -2459692136750
101 95 277460300717200
101 97 4871725768534
101 99 4920476249547
101 103 -2440639610860
101 105 2447563411174
101 107 276086260588500
101 247 -4908347523972
101 249 -4908347523972
101 251 553661600704000
101 539 -731454545
102 92 2139681
102 94 -368132392
102 96 -129399760
102 97 38646942
102 98 -4274873
102 99 0
102 100 -5367234
102 104 -2129130
102 106 -366317134
102 108 -125114001
102 248 4264322
102 250 739057175
102 252 -258041619
102 535 -38646942
102 537 0
102 538 0
102 540 1700465454
103 97 -14393960078
103 99 14414316221
103 101 -2440639610860
103 105 -7443917660
103 106 0
103 107 -1002853550868
103 108 38646942
103 109 -15773067883
103 111 -6970398560
103 113 1437786059992
103 541 -585559
103 543 0
103 544 0
103 546 38646942
104 98 -25095
104 100 2123107
104 102 -2129130
104 106 -105544436
104 108 -49943693
104 110 -1412959
104 112 -107667544
104 114 -47814562
104 542 -17757575
105 97 14414316221
105 99 -14475627756
105 101 2447563411174
105 103 -7443917660
105 106 -38646942
105 107 3086076275612
105 108 0
105 109 -6970398560
105 111 -3172827840
105 113 638512864437
105 541 0
105 543 -585559
105 544 -38646942
105 546 0
106 98 -2123107
106 100 -127189457
106 102 -366317134
106 103 0
106 104 -105544436
106 105 -38646942
106 108 4574792818
106 110 107667544
106 112 5341063552
106 114 2718214832
106 541 0
106 543 38646942
106 544 1700465454
106 546 0
107 97 2440639610860
107 99 -2447563411174
107 101 276086260588500
107 103 -1002853550868
107 105 3086076275612
107 109 -1437786059992
107 111 -638512864437
107 113 87444382069320
107 545 -731454545
108 98 2129130
108 100 -366317134
108 102 -125114001
108 103 38646942
108 104 -49943693
108 105 0
108 106 4574792818
108 110 47814562
108 112 2718214832
108 114 427404875
108 541 -38646942
108 543 0
108 544 0
108 546 1700465454
109 103 -15773067883
109 105 -6970398560
109 107 -1437786059992
109 111 6970398560
109 113 2144768834545
109 114 38646942
109 253 -39799166
109 265 -27771743368
109 269 3582554894538
109 547 -585559
109 552 38646942
110 104 -1412959
110 106 107667544
110 108 47814562
110 112 81578025
110 114 40844092
110 254 -58087
110 258 -6970470
110 266 -202244
110 268 -26089518
110 548 -17757575
111 103 -6970398560
111 105 -3172827840
111 107 -638512864437
111 109 6970398560
111 112 -38646942
111 113 4881607135562
111 255 -46001000000
111 257 5520120000000
111 267 -52467441
111 549 -585559
111 550 -38646942
112 104 -107667544
112 106 5341063552
112 108 2718214832
112 110 81578025
112 111 -38646942
112 114 4568724550
112 256 -792084000
112 266 26089518
112 268 2243698604
112 549 38646942
112 550 1700465454
113 103 1437786059992
113 105 638512864437
113 107 87444382069320
113 109 2144768834545
113 111 4881607135562
113 255 -5520120000000
113 257 441609600000000
113 265 -3582554894538
113 269 308099720930200
113 551 -731454545
114 104 -47814562
114 106 2718214832
114 108 427404875
114 109 38646942
114 110 40844092
114 112 4568724550
114 254 6970470
114 258 557637600
114 270 -550537674
114 547 -38646942
114 552 1700465454
115 117 -172210967
115 119 3814839832821
115 120 38646942
115 121 -32123446453
115 125 3835539506578
115 265 -57262849
115 267 172210967
115 269 -20699673757
115 553 -585559
115 558 38646942
116 118 -186299094
116 120 -30148569
116 122 -1561556
116 124 -186449837
116 266 -251238
116 268 150742
116 270 -30148569
116 554 -17757575
117 115 -172210967
117 118 -38646942
117 119 4139934751476
117 123 -88832495
117 265 172210967
117 267 -34498595207
117 269 4139934751476
117 555 -585559
117 556 -38646942
118 116 -186299094
118 117 -38646942
118 120 -21159826
118 122 186449837
118 124 14841407035
118 266 -150742
118 268 -591745510
118 270 -15018456
118 555 38646942
118 556 1700465454
119 115 3814839832821
119 117 4139934751476
119 121 -3835539506578
119 125 305308944723600
119 265 20699673757
119 267 -4139934751476
119 269 331203059987600
119 557 -731454545
120 115 38646942
120 116 -30148569
120 118 -21159826
120 126 -544486432
120 266 30148569
120 268 -15018456
120 270 2411870758
120 553 -38646942
120 558 1700465454
121 115 -32123446453
121 119 -3835539506578
121 125 -3835539506578
121 126 38646942
121 127 -20387916
121 559 -585559
121 564 38646942
122 116 -1561556
122 118 186449837
122 124 186449837
122 126 -2997390
122 128 -24978
122 132 -2997390
122 560 -17757575
123 117 -88832495
123 124 -38646942
123 125 3445680000000
123 129 -28714000000
123 131 3445680000000
123 561 -585559
123 562 -38646942
124 116 -186449837
124 118 14841407035
124 122 186449837
124 123 -38646942
124 130 -491700000
124 561 38646942
124 562 1700465454
125 115 3835539506578
125 119 305308944723600
125 121 -3835539506578
125 123 3445680000000
125 129 -3445680000000
125 131 275654400000000
125 563 -731454545
126 120 -544486432
126 121 38646942
126 122 -2997390
126 128 2997390
126 132 239791200
126 559 -38646942
126 564 1700465454
127 121 -20387916
127 131 -6900150000000
127 132 38646942
127 133 -20387916
127 265 -57501250000
127 269 -6900150000000
127 565 -585559
127 570 38646942
128 122 -24978
128 126 2997390
128 130 5994780
128 134 -24978
128 138 -2997390
128 266 -49956
128 268 5994780
128 566 -17757575
129 123 -28714000000
129 125 -3445680000000
129 130 -38646942
129 135 -28714000000
129 137 3445680000000
129 267 -40775833
129 567 -585559
129 568 -38646942
130 124 -491700000
130 128 5994780
130 129 -38646942
130 136 -491700000
130 266 -5994780
130 268 479582400
130 567 38646942
130 568 1700465454
131 123 3445680000000
131 125 275654400000000
131 127 -6900150000000
131 135 -3445680000000
131 137 275654400000000
131 265 6900150000000
131 269 552012000000000
131 569 -731454545
132 122 -2997390
132 126 239791200
132 127 38646942
132 134 2997390
132 138 239791200
132 270 -994128000
132 565 -38646942
132 570 1700465454
133 127 -20387916
133 137 -6900150000000
133 138 38646942
133 139 -20387916
133 259 -57501250000
133 263 -6900150000000
133 571 -585559
133 576 38646942
134 128 -24978
134 132 2997390
134 136 5994780
134 140 -24978
134 144 -2997390
134 260 -49956
134 262 5994780
134 572 -17757575
135 129 -28714000000
135 131 -3445680000000
135 136 -38646942
135 141 -28714000000
135 143 3445680000000
135 261 -40775833
135 573 -585559
135 574 -38646942
136 130 -491700000
136 134 5994780
136 135 -38646942
136 142 -491700000
136 260 -5994780
136 262 479582400
136 573 38646942
136 574 1700465454
137 129 3445680000000
137 131 275654400000000
137 133 -6900150000000
137 141 -3445680000000
137 143 275654400000000
137 259 6900150000000
137 263 552012000000000
137 575 -731454545
138 128 -2997390
138 132 239791200
138 133 38646942
138 140 2997390
138 144 239791200
138 264 -994128000
138 571 -38646942
138 576 1700465454
139 133 -20387916
139 143 -6900150000000
139 144 38646942
139 145 -20387916
139 271 -57501250000
139 275 -6900150000000
139 577 -585559
139 582 38646942
140 134 -24978
140 138 2997390
140 142 5994780
140 146 -24978
140 150 -2997390
140 272 -49956
140 274 5994780
140 578 -17757575
141 135 -28714000000
141 137 -3445680000000
141 142 -38646942
141 147 -28714000000
141 149 3445680000000
141 273 -40775833
141 579 -585559
141 580 -38646942
142 136 -491700000
142 140 5994780
142 141 -38646942
142 148 -491700000
142 272 -5994780
142 274 479582400
142 579 38646942
142 580 1700465454
143 135 3445680000000
143 137 275654400000000
143 139 -6900150000000
143 147 -3445680000000
143 149 275654400000000
143 271 6900150000000
143 275 552012000000000
143 581 -731454545
144 134 -2997390
144 138 239791200
144 139 38646942
144 146 2997390
144 150 239791200
144 276 -994128000
144 577 -38646942
144 582 1700465454
145 139 -20387916
145 149 -6900150000000
145 150 38646942
145 151 -20387916
145 277 -57501250000
145 281 -6900150000000
145 583 -585559
145 588 38646942
146 140 -24978
146 144 2997390
146 148 5994780
146 152 -24978
146 156 -2997390
146 278 -49956
146 280 5994780
146 584 -17757575
147 141 -28714000000
147 143 -3445680000000
147 148 -38646942
147 153 -28714000000
147 155 3445680000000
147 279 -40775833
147 585 -585559
147 586 -38646942
148 142 -491700000
148 146 5994780
148 147 -38646942
148 154 -491700000
148 278 -5994780
148 280 479582400
148 585 38646942
148 586 1700465454
149 141 3445680000000
149 143 275654400000000
149 145 -6900150000000
149 153 -3445680000000
149 155 275654400000000
149 277 6900150000000
149 281 552012000000000
149 587 -731454545
150 140 -2997390
150 144 239791200
150 145 38646942
150 152 2997390
150 156 239791200
150 282 -994128000
150 583 -38646942
150 588 1700465454
151 145 -20387916
151 155 -6900150000000
151 156 38646942
151 157 -20387916
151 283 -57501250000
151 287 -6900150000000
151 589 -585559
151 594 38646942
152 146 -24978
152 150 2997390
152 154 5994780
152 158 -24978
152 162 -2997390
152 284 -49956
152 286 5994780
152 590 -17757575
153 147 -28714000000
153 149 -3445680000000
153 154 -38646942
153 159 -28714000000
153 161 3445680000000
153 285 -40775833
153 591 -585559
153 592 -38646942
154 148 -491700000
154 152 5994780
154 153 -38646942
154 160 -491700000
154 284 -5994780
154 286 479582400
154 591 38646942
154 592 1700465454
155 147 3445680000000
155 149 275654400000000
155 151 -6900150000000
155 159 -3445680000000
155 161 275654400000000
155 283 6900150000000
155 287 552012000000000
155 593 -731454545
156 146 -2997390
156 150 239791200
156 151 38646942
156 158 2997390
156 162 239791200
156 288 -994128000
156 589 -38646942
156 594 1700465454
157 151 -20387916
157 161 -6900150000000
157 162 38646942
157 163 -20387916
157 289 -57501250000
157 293 -6900150000000
157 595 -585559
157 600 38646942
158 152 -24978
158 156 2997390
158 160 5994780
158 164 -24978
158 168 -2997390
158 290 -49956
158 292 5994780
158 596 -17757575
159 153 -28714000000
159 155 -3445680000000
159 160 -38646942
159 165 -28714000000
159 167 3445680000000
159 291 -40775833
159 597 -585559
159 598 -38646942
160 154 -491700000
160 158 5994780
160 159 -38646942
160 166 -491700000
160 290 -5994780
160 292 479582400
160 597 38646942
160 598 1700465454
161 153 3445680000000
161 155 275654400000000
161 157 -6900150000000
161 165 -3445680000000
161 167 275654400000000
161 289 6900150000000
161 293 552012000000000
161 599 -731454545
162 152 -2997390
162 156 239791200
162 157 38646942
162 164 2997390
162 168 239791200
162 294 -994128000
162 595 -38646942
162 600 1700465454
163 157 -20387916
163 167 -6900150000000
163 168 38646942
163 169 -20387916
163 295 -57501250000
163 299 -6900150000000
163 601 -585559
163 606 38646942
164 158 -24978
164 162 2997390
164 166 5994780
164 170 -24978
164 174 -2997390
164 296 -49956
164 298 5994780
164 602 -17757575
165 159 -28714000000
165 161 -3445680000000
165 166 -38646942
165 171 -28714000000
165 173 3445680000000
165 297 -40775833
165 603 -585559
165 604 -38646942
166 160 -491700000
166 164 5994780
166 165 -38646942
166 172 -491700000
166 296 -5994780
166 298 479582400
166 603 38646942
166 604 1700465454
167 159 3445680000000
167 161 275654400000000
167 163 -6900150000000
167 171 -3445680000000
167 173 275654400000000
167 295 6900150000000
167 299 552012000000000
167 605 -731454545
168 158 -2997390
168 162 239791200
168 163 38646942
168 170 2997390
168 174 239791200
168 300 -994128000
168 601 -38646942
168 606 1700465454
169 163 -20387916
169 173 -6900150000000
169 174 38646942
169 175 -20387916
169 301 -57501250000
169 305 -6900150000000
169 607 -585559
169 612 38646942
170 164 -24978
170 168 2997390
170 172 5994780
170 176 -24978
170 180 -2997390
170 302 -49956
170 304 5994780
170 608 -17757575
171 165 -28714000000
171 167 -3445680000000
171 172 -38646942
171 177 -28714000000
171 179 3445680000000
171 303 -40775833
171 609 -585559
171 610 -38646942
172 166 -491700000
172 170 5994780
172 171 -38646942
172 178 -491700000
172 302 -5994780
172 304 479582400
172 609 38646942
172 610 1700465454
173 165 3445680000000
173 167 275654400000000
173 169 -6900150000000
173 177 -3445680000000
173 179 275654400000000
173 301 6900150000000
173 305 552012000000000
173 611 -731454545
174 164 -2997390
174 168 239791200
174 169 38646942
174 176 2997390
174 180 239791200
174 306 -994128000
174 607 -38646942
174 612 1700465454
175 169 -20387916
175 179 -6969672483018
175 180 38646942
175 181 -20387916
175 187 -58372466356
175 191 -6969672483018
175 613 -585559
175 618 38646942
176 170 -24978
176 174 2997390
176 178 6055180
176 182 -24978
176 186 -2997390
176 188 -50713
176 190 6055180
176 614 -17757575
177 171 -28714000000
177 173 -3445680000000
177 178 -38646942
177 183 -28714000000
177 185 3445680000000
177 189 -40980737
177 615 -585559
177 616 -38646942
178 172 -491700000
178 176 6055180
178 177 -38646942
178 184 -491700000
178 188 -6055180
178 190 481992361
178 615 38646942
178 616 1700465454
179 171 3445680000000
179 173 275654400000000
179 175 -6969672483018
179 183 -3445680000000
179 185 275654400000000
179 187 6969672483018
179 191 554785929648200
179 617 -731454545
180 170 -2997390
180 174 239791200
180 175 38646942
180 182 2997390
180 186 239791200
180 192 -999123618
180 613 -38646942
180 618 1700465454
181 1 -20387916
181 13 -58372466356
181 17 -6969672483018
181 175 -20387916
181 185 -6969672483018
181 186 38646942
181 619 -585559
181 624 38646942
182 2 -24978
182 6 -2997390
182 14 -50713
182 16 6055180
182 176 -24978
182 180 2997390
182 184 6055180
182 620 -17757575
183 3 -28714000000
183 5 3445680000000
183 15 -40980737
183 177 -28714000000
183 179 -3445680000000
183 184 -38646942
183 621 -585559
183 622 -38646942
184 4 -491700000
184 14 -6055180
184 16 481992361
184 178 -491700000
184 182 6055180
184 183 -38646942
184 621 38646942
184 622 1700465454
185 3 -3445680000000
185 5 275654400000000
185 13 6969672483018
185 17 554785929648200
185 177 3445680000000
185 179 275654400000000
185 181 -6969672483018
185 623 -731454545
186 2 2997390
186 6 239791200
186 18 -999123618
186 176 -2997390
186 180 239791200
186 181 38646942
186 619 -38646942
186 624 1700465454
187 13 -40775833
187 175 -58372466356
187 179 6969672483018
187 189 287284410
187 191 1019406565851
187 192 38646942
187 193 -45646346148
187 197 -5915766460905
187 301 -42211745
187 303 -287284410
187 305 -34499456262
187 625 -585559
187 630 38646942
188 14 -49956
188 18 -5994780
188 176 -50713
188 178 -6055180
188 190 -885650
188 192 -224
188 194 -39657
188 196 5139557
188 302 -49954
188 304 29972
188 306 5994555
188 626 -17757575
189 15 -57501250000
189 17 6900150000000
189 177 -40980737
189 187 287284410
189 190 -38646942
189 191 258747539
189 195 -37755401
189 301 -287284410
189 303 -57497657348
189 305 -6899891252461
189 627 -585559
189 628 -38646942
190 16 -994128000
190 176 6055180
190 178 481992361
190 188 -885650
190 189 -38646942
190 192 -174809
190 194 -5139557
190 196 444057777
190 302 -29972
190 304 -994078732
190 306 7368275
190 627 38646942
190 628 1700465454
191 15 -6900150000000
191 17 552012000000000
191 175 -6969672483018
191 179 554785929648200
191 187 1019406565851
191 189 258747539
191 193 5915766460905
191 197 511122222222200
191 301 34499456262
191 303 6899891252461
191 305 552005099979400
191 629 -731454545
192 14 5994780
192 18 479582400
192 180 -999123618
192 187 38646942
192 188 -224
192 190 -174809
192 198 -920488888
192 302 -5994555
192 304 7368275
192 306 479539563
192 625 -38646942
192 630 1700465454
193 19 -39799166
193 187 -45646346148
193 191 5915766460905
193 195 6384461238
193 197 3435603699487
193 198 38646942
193 199 -31241012678
193 201 -6384461238
193 203 -2480162761418
193 307 -39555000
193 631 -585559
193 636 38646942
194 20 -58087
194 24 -6970470
194 188 -39657
194 190 -5139557
194 196 8942027
194 198 2320284
194 200 -184797
194 202 14081585
194 204 2882844
194 308 -53399
194 312 6407910
194 632 -17757575
195 21 -46001000000
195 23 5520120000000
195 189 -37755401
195 193 6384461238
195 196 -38646942
195 197 -1017569856668
195 199 -6384461238
195 201 -1362430146
195 203 -507749856668
195 309 -50249500000
195 311 -6029940000000
195 633 -585559
195 634 -38646942
196 22 -792084000
196 188 5139557
196 190 444057777
196 194 8942027
196 195 -38646942
196 198 -38820406
196 200 -14081585
196 202 647433886
196 204 478165866
196 310 -868968000
196 633 38646942
196 634 1700465454
197 21 -5520120000000
197 23 441609600000000
197 187 -5915766460905
197 191 511122222222200
197 193 3435603699487
197 195 -1017569856668
197 199 2480162761418
197 201 507749856668
197 203 131272866789400
197 309 6029940000000
197 311 482395200000000
197 635 -731454545
198 20 6970470
198 24 557637600
198 192 -920488888
198 193 38646942
198 194 2320284
198 196 -38820406
198 200 -2882844
198 202 478165866
198 204 -1590330235
198 308 -6407910
198 312 512632800
198 631 -38646942
198 636 1700465454
199 31 -29066549291
199 33 29025651606
199 35 -4914600195977
199 193 -31241012678
199 195 -6384461238
199 197 2480162761418
199 201 6656944846
199 202 0
199 203 -7395279711456
199 204 38646942
199 205 -29548450577
199 207 -29298135214
199 209 -4960842276897
199 637 -585559
199 639 0
199 640 0
199 642 38646942
200 32 -50479
200 34 4270574
200 36 -4270574
200 194 -184797
200 196 -14081585
200 198 -2882844
200 202 -5501081
200 204 -2874056
200 206 -50944
200 208 4309929
200 210 4279362
200 638 -17757575
201 31 29025651606
201 33 -29066549291
201 35 4914600195977
201 193 -6384461238
201 195 -1362430146
201 197 507749856668
201 199 6656944846
201 202 -38646942
201 203 496691054307
201 204 0
201 205 -29298135214
201 207 -29131389990
201 209 -4925658998338
201 637 0
201 639 -585559
201 640 -38646942
201 642 0
202 32 -4270574
202 34 -258585640
202 36 -740306497
202 194 14081585
202 196 647433886
202 198 478165866
202 199 0
202 200 -5501081
202 201 -38646942
202 204 -38690876
202 206 -4309929
202 208 -253679464
202 210 741663789
202 637 0
202 639 38646942
202 640 1700465454
202 642 0
203 31 4914600195977
203 33 -4914600195977
203 35 554366902106200
203 193 -2480162761418
203 195 -507749856668
203 197 131272866789400
203 199 -7395279711456
203 201 496691054307
203 205 4960842276897
203 207 4925658998338
203 209 555628408323900
203 641 -731454545
204 32 4270574
204 34 -740306497
204 36 -258585640
204 194 2882844
204 196 478165866
204 198 -1590330235
204 199 38646942
204 200 -2874056
204 201 0
204 202 -38690876
204 206 -4279362
204 208 741663789
204 210 -264237089
204 637 -38646942
204 639 0
204 640 0
204 642 1700465454
205 37 -29066549291
205 39 29025651606
205 41 -4914600195977
205 199 -29548450577
205 201 -29298135214
205 203 4960842276897
205 206 -312067
205 207 -14141862843
205 209 1826316352025
205 210 38627786
205 211 -24487462835
205 213 -24794851131
205 215 -4199037582948
205 433 -38948103407
205 435 39209197583
205 437 5979111854053
205 643 -590943
205 644 312067
205 645 0
205 646 0
205 647 0
205 648 38627786
206 38 -50479
206 40 4270574
206 42 -4270574
206 200 -50944
206 202 -4309929
206 204 -4279362
206 205 -312067
206 207 0
206 208 -771703
206 210 1913416
206 212 -52745
206 214 4462242
206 216 4525536
206 434 -68170
206 436 -5194591
206 438 5235493
206 643 312067
206 644 -17748967
206 645 0
206 646 0
206 647 0
206 648 702323
207 37 29025651606
207 39 -29066549291
207 41 4914600195977
207 199 -29298135214
207 201 -29131389990
207 203 4925658998338
207 205 -14141862843
207 206 0
207 208 -38627786
207 209 -444531382686
207 211 -24794851131
207 213 -25185943985
207 215 -4258598399727
