%%MatrixMarket matrix coordinate integer general
%
680 680 2928
1 2 -24150791781500
1 41 1968
1 81 -1180
1 121 11107
1 161 -21527
1 201 -3443
1 281 2161
1 401 -1968
1 441 -13268
1 521 -2654
1 561 -2161
1 601 0
2 1 -24150791781500
2 3 -9748851266175
2 42 1968
2 82 -1180
2 122 11107
2 162 -21527
2 202 -3443
2 282 2161
2 402 -1968
2 442 -13268
2 522 -2654
2 562 -2161
2 602 0
3 2 -9748851266175
3 4 -5493071661367
3 43 1968
3 83 -1180
3 123 11107
3 163 -21527
3 203 -3443
3 283 2161
3 403 -1968
3 443 -13268
3 523 -2654
3 563 -2161
3 603 0
4 3 -5493071661367
4 5 -3378267041941
4 44 1968
4 84 -1180
4 124 11107
4 164 -21527
4 204 -3443
4 284 2161
4 404 -1968
4 444 -13268
4 524 -2654
4 564 -2161
4 604 0
5 4 -3378267041941
5 6 -2149963819253
5 45 1968
5 85 -1180
5 125 11106
5 165 -21527
5 205 -3443
5 285 2161
5 405 -1968
5 445 -13268
5 525 -2654
5 565 -2161
5 605 0
6 5 -2149963819253
6 7 -1391414828605
6 46 1968
6 86 -1180
6 126 11106
6 166 -21527
6 206 -3443
6 286 2161
6 406 -1968
6 446 -13268
6 526 -2654
6 566 -2161
6 606 0
7 6 -1391414828605
7 8 -909035164466
7 47 1968
7 87 -1180
7 127 11106
7 167 -21527
7 207 -3443
7 287 2161
7 407 -1968
7 447 -13268
7 527 -2654
7 567 -2161
7 607 0
8 7 -909035164466
8 9 -597348891684
8 48 1968
8 88 -1180
8 128 11106
8 168 -21527
8 208 -3443
8 288 2161
8 408 -1968
8 448 -13268
8 528 -2654
8 568 -2161
8 608 0
9 8 -597348891684
9 10 -394031926047
9 49 1968
9 89 -1180
9 129 11106
9 169 -21527
9 209 -3443
9 289 2161
9 409 -1968
9 449 -13268
9 529 -2654
9 569 -2161
9 609 0
10 9 -394031926047
10 11 -260599605922
10 50 1968
10 90 -1180
10 130 11106
10 170 -21527
10 210 -3443
10 290 2161
10 410 -1968
10 450 -13268
10 530 -2654
10 570 -2161
10 610 0
11 10 -260599605922
11 12 -172674344369
11 51 1968
11 91 -1180
11 131 11106
11 171 -21526
11 211 -3443
11 291 2161
11 411 -1968
11 451 -13267
11 531 -2654
11 571 -2161
11 611 0
12 11 -172674344369
12 13 -114571450427
12 52 1968
12 92 -1180
12 132 11106
12 172 -21526
12 212 -3442
12 292 2161
12 412 -1968
12 452 -13267
12 532 -2654
12 572 -2161
12 612 0
13 12 -114571450427
13 14 -76097412804
13 53 1968
13 93 -1180
13 133 11105
13 173 -21525
13 213 -3442
13 293 2161
13 413 -1968
13 453 -13266
13 533 -2654
13 573 -2161
13 613 0
14 13 -76097412804
14 15 -50582694218
14 54 1968
14 94 -1180
14 134 11104
14 174 -21524
14 214 -3442
14 294 2160
14 414 -1968
14 454 -13265
14 534 -2654
14 574 -2160
14 614 0
15 14 -50582694218
15 16 -33643037905
15 55 1968
15 95 -1180
15 135 11103
15 175 -21522
15 215 -3442
15 295 2160
15 415 -1968
15 455 -13264
15 535 -2654
15 575 -2160
15 615 0
16 15 -33643037905
16 17 -22386804709
16 56 1968
16 96 -1180
16 136 11102
16 176 -21518
16 216 -3442
16 296 2160
16 416 -1968
16 456 -13262
16 536 -2654
16 576 -2160
16 616 0
17 16 -22386804709
17 18 -14902159455
17 57 1968
17 97 -1180
17 137 11099
17 177 -21514
17 217 -3441
17 297 2159
17 417 -1968
17 457 -13259
17 537 -2653
17 577 -2159
17 617 0
18 17 -14902159455
18 19 -9922775959
18 58 1967
18 98 -1180
18 138 11095
18 178 -21506
18 218 -3441
18 298 2158
18 418 -1967
18 458 -13254
18 538 -2653
18 578 -2158
18 618 0
19 18 -9922775959
19 20 -6608733517
19 59 1967
19 99 -1179
19 139 11089
19 179 -21495
19 219 -3439
19 299 2156
19 419 -1967
19 459 -13246
19 539 -2652
19 579 -2156
19 619 0
20 19 -6608733517
20 21 -4402346079
20 60 1967
20 100 -1179
20 140 11081
20 180 -21479
20 220 -3438
20 300 2154
20 420 -1967
20 460 -13235
20 540 -2650
20 580 -2154
20 620 0
21 20 -4402346079
21 22 -2933020456
21 61 1966
21 101 -1179
21 141 11068
21 181 -21454
21 221 -3435
21 301 2151
21 421 -1966
21 461 -13219
21 541 -2648
21 581 -2151
21 621 0
22 21 -2933020456
22 23 -1954332029
22 62 1965
22 102 -1178
22 142 11048
22 182 -21417
22 222 -3432
22 302 2145
22 422 -1965
22 462 -13194
22 542 -2645
22 582 -2145
22 622 0
23 22 -1954332029
23 24 -1302338519
23 63 1963
23 103 -1177
23 143 11018
23 183 -21362
23 223 -3426
23 303 2138
23 423 -1963
23 463 -13156
23 543 -2640
23 583 -2138
23 623 0
24 23 -1302338519
24 25 -867927877
24 64 1960
24 104 -1176
24 144 10973
24 184 -21278
24 224 -3418
24 304 2126
24 424 -1960
24 464 -13100
24 544 -2634
24 584 -2126
24 624 0
25 24 -867927877
25 26 -578457059
25 65 1956
25 105 -1174
25 145 10907
25 185 -21154
25 225 -3405
25 305 2108
25 425 -1956
25 465 -13016
25 545 -2623
25 585 -2108
25 625 0
26 25 -578457059
26 27 -385550372
26 66 1950
26 106 -1171
26 146 10808
26 186 -20968
26 226 -3387
26 306 2082
26 426 -1950
26 466 -12890
26 546 -2607
26 586 -2082
26 626 0
27 26 -385550372
27 28 -256985974
27 67 1942
27 107 -1167
27 147 10660
27 187 -20692
27 227 -3359
27 307 2044
27 427 -1942
27 467 -12704
27 547 -2584
27 587 -2044
27 627 0
28 27 -256985974
28 29 -171298119
28 68 1928
28 108 -1160
28 148 10442
28 188 -20284
28 228 -3317
28 308 1987
28 428 -1928
28 468 -12429
28 548 -2549
28 588 -1987
28 628 0
29 28 -171298119
29 30 -114184689
29 69 1909
29 109 -1151
29 149 10123
29 189 -19688
29 229 -3256
29 309 1905
29 429 -1909
29 469 -12028
29 549 -2498
29 589 -1905
29 629 0
30 29 -114184689
30 31 -76115485
30 70 1879
30 110 -1136
30 150 9660
30 190 -18826
30 230 -3166
30 310 1787
30 430 -1879
30 470 -11448
30 550 -2423
30 590 -1787
30 630 0
31 30 -76115485
31 32 -50739501
31 71 1836
31 111 -1115
31 151 9003
31 191 -17604
31 231 -3036
31 311 1624
31 431 -1836
31 471 -10628
31 551 -2315
31 591 -1624
31 631 0
32 31 -50739501
32 33 -33824074
32 72 1773
32 112 -1084
32 152 8096
32 192 -15919
32 232 -2850
32 312 1405
32 432 -1773
32 472 -9502
32 552 -2161
32 592 -1405
32 632 0
33 32 -33824074
33 34 -22548153
33 73 1682
33 113 -1038
33 153 6894
33 193 -13695
33 233 -2592
33 313 1130
33 433 -1682
33 473 -8024
33 553 -1947
33 593 -1130
33 633 0
34 33 -22548153
34 35 -15031433
34 74 1554
34 114 -972
34 154 5403
34 194 -10941
34 234 -2247
34 314 812
34 434 -1554
34 474 -6216
34 554 -1665
34 594 -812
34 634 0
35 34 -15031433
35 36 -10020592
35 75 1379
35 115 -879
35 155 3729
35 195 -7843
35 235 -1813
35 315 493
35 435 -1379
35 475 -4222
35 555 -1313
35 595 -493
35 635 0
36 35 -10020592
36 37 -6680196
36 76 1148
36 116 -752
36 156 2119
36 196 -4816
36 236 -1313
36 316 233
36 436 -1148
36 476 -2352
36 556 -917
36 596 -233
36 636 0
37 36 -6680196
37 38 -4453356
37 77 867
37 117 -589
37 157 903
37 197 -2400
37 237 -810
37 317 77
37 437 -867
37 477 -980
37 557 -532
37 597 -77
37 637 0
38 37 -4453356
38 39 -2968845
38 78 555
38 118 -394
38 158 258
38 198 -920
38 238 -395
38 318 16
38 438 -555
38 478 -274
38 558 -234
38 598 -16
38 638 0
39 38 -2968845
39 40 -14551915
39 79 253
39 119 -188
39 159 44
39 199 -249
39 239 -132
39 319 2
39 439 -253
39 479 -47
39 559 -67
39 599 -2
39 639 0
40 39 -14551915
40 240 0
40 320 0
40 440 0
40 480 0
40 560 0
40 600 0
40 640 0
41 1 1968
41 42 -48301583562990
41 81 -4100
41 161 7517
41 241 -7517
41 321 0
41 401 -4100
42 2 1968
42 41 -48301583562990
42 43 -19497702532350
42 82 -4100
42 162 7517
42 242 -7517
42 322 0
42 402 -4100
43 3 1968
43 42 -19497702532350
43 44 -10986143322740
43 83 -4100
43 163 7517
43 243 -7517
43 323 0
43 403 -4100
44 4 1968
44 43 -10986143322740
44 45 -6756534083882
44 84 -4100
44 164 7517
44 244 -7517
44 324 0
44 404 -4100
45 5 1968
45 44 -6756534083882
45 46 -4299927638505
45 85 -4100
45 165 7517
45 245 -7517
45 325 0
45 405 -4100
46 6 1968
46 45 -4299927638505
46 47 -2782829657210
46 86 -4100
46 166 7517
46 246 -7517
46 326 0
46 406 -4100
47 7 1968
47 46 -2782829657210
47 48 -1818070328932
47 87 -4100
47 167 7517
47 247 -7517
47 327 0
47 407 -4100
48 8 1968
48 47 -1818070328932
48 49 -1194697783368
48 88 -4100
48 168 7517
48 248 -7517
48 328 0
48 408 -4100
49 9 1968
49 48 -1194697783368
49 50 -788063852094
49 89 -4100
49 169 7517
49 249 -7517
49 329 0
49 409 -4100
50 10 1968
50 49 -788063852094
50 51 -521199211844
50 90 -4100
50 170 7517
50 250 -7517
50 330 0
50 410 -4100
51 11 1968
51 50 -521199211844
51 52 -345348688739
51 91 -4100
51 171 7517
51 251 -7517
51 331 0
51 411 -4100
52 12 1968
52 51 -345348688739
52 53 -229142900855
52 92 -4100
52 172 7517
52 252 -7517
52 332 0
52 412 -4100
53 13 1968
53 52 -229142900855
53 54 -152194825609
53 93 -4100
53 173 7516
53 253 -7516
53 333 0
53 413 -4100
54 14 1968
54 53 -152194825609
54 55 -101165388437
54 94 -4100
54 174 7516
54 254 -7516
54 334 0
54 414 -4100
55 15 1968
55 54 -101165388437
55 56 -67286075811
55 95 -4099
55 175 7516
55 255 -7516
55 335 0
55 415 -4099
56 16 1968
56 55 -67286075811
56 57 -44773609418
56 96 -4099
56 176 7515
56 256 -7515
56 336 0
56 416 -4099
57 17 1968
57 56 -44773609418
57 58 -29804318910
57 97 -4098
57 177 7514
57 257 -7514
57 337 0
57 417 -4098
58 18 1967
58 57 -29804318910
58 59 -19845551919
58 98 -4097
58 178 7512
58 258 -7512
58 338 0
58 418 -4097
59 19 1967
59 58 -19845551919
59 60 -13217467034
59 99 -4096
59 179 7510
59 259 -7510
59 339 0
59 419 -4096
60 20 1967
60 59 -13217467034
60 61 -8804692159
60 100 -4094
60 180 7506
60 260 -7506
60 340 0
60 420 -4094
61 21 1966
61 60 -8804692159
61 62 -5866040913
61 101 -4091
61 181 7501
61 261 -7501
61 341 0
61 421 -4091
62 22 1965
62 61 -5866040913
62 63 -3908664059
62 102 -4086
62 182 7492
62 262 -7492
62 342 0
62 422 -4086
63 23 1963
63 62 -3908664059
63 64 -2604677039
63 103 -4079
63 183 7480
63 263 -7480
63 343 0
63 423 -4079
64 24 1960
64 63 -2604677039
64 65 -1735855755
64 104 -4068
64 184 7461
64 264 -7461
64 344 0
64 424 -4068
65 25 1956
65 64 -1735855755
65 66 -1156914119
65 105 -4052
65 185 7433
65 265 -7433
65 345 0
65 425 -4052
66 26 1950
66 65 -1156914119
66 67 -771100744
66 106 -4028
66 186 7391
66 266 -7391
66 346 0
66 426 -4028
67 27 1942
67 66 -771100744
67 68 -513971949
67 107 -3992
67 187 7329
67 267 -7329
67 347 0
67 427 -3992
68 28 1928
68 67 -513971949
68 69 -342596238
68 108 -3938
68 188 7236
68 268 -7236
68 348 0
68 428 -3938
69 29 1909
69 68 -342596238
69 70 -228369379
69 109 -3859
69 189 7099
69 269 -7099
69 349 0
69 429 -3859
70 30 1879
70 69 -228369379
70 71 -152230970
70 110 -3743
70 190 6898
70 270 -6898
70 350 0
70 430 -3743
71 31 1836
71 70 -152230970
71 72 -101479003
71 111 -3576
71 191 6607
71 271 -6607
71 351 0
71 431 -3576
72 32 1773
72 71 -101479003
72 73 -67648149
72 112 -3337
72 192 6193
72 272 -6193
72 352 0
72 432 -3337
73 33 1682
73 72 -67648149
73 74 -45096307
73 113 -3008
73 193 5618
73 273 -5618
73 353 0
73 433 -3008
74 34 1554
74 73 -45096307
74 75 -30062867
74 114 -2572
74 194 4853
74 274 -4853
74 354 0
74 434 -2572
75 35 1379
75 74 -30062867
75 76 -20041184
75 115 -2029
75 195 3893
75 275 -3893
75 355 0
75 435 -2029
76 36 1148
76 75 -20041184
76 77 -13360393
76 116 -1417
76 196 2793
76 276 -2793
76 356 0
76 436 -1417
77 37 867
77 76 -13360393
77 78 -8906713
77 117 -822
77 197 1692
77 277 -1692
77 357 0
77 437 -822
78 38 555
78 77 -8906713
78 79 -5937691
78 118 -362
78 198 795
78 278 -795
78 358 0
78 438 -362
79 39 253
79 78 -5937691
79 80 0
79 119 -104
79 199 250
79 279 -250
79 359 0
79 439 -104
80 79 0
80 280 0
80 360 0
80 440 0
81 1 -1180
81 41 -4100
81 82 -37567898326770
81 121 10614
81 161 -6030
81 201 -6661
81 241 -10614
81 481 -10614
81 641 0
82 2 -1180
82 42 -4100
82 81 -37567898326770
82 83 -15164879747380
82 122 10614
82 162 -6030
82 202 -6661
82 242 -10614
82 482 -10614
82 642 0
83 3 -1180
83 43 -4100
83 82 -15164879747380
83 84 -8544778139905
83 123 10614
83 163 -6030
83 203 -6661
83 243 -10614
83 483 -10614
83 643 0
84 4 -1180
84 44 -4100
84 83 -8544778139905
84 85 -5255082065241
84 124 10614
84 164 -6030
84 204 -6661
84 244 -10614
84 484 -10614
84 644 0
85 5 -1180
85 45 -4100
85 84 -5255082065241
85 86 -3344388163282
85 125 10614
85 165 -6030
85 205 -6661
85 245 -10614
85 485 -10614
85 645 0
86 6 -1180
86 46 -4100
86 85 -3344388163282
86 87 -2164423066719
86 126 10614
86 166 -6030
86 206 -6661
86 246 -10614
86 486 -10614
86 646 0
87 7 -1180
87 47 -4100
87 86 -2164423066719
87 88 -1414054700281
87 127 10614
87 167 -6030
87 207 -6661
87 247 -10614
87 487 -10614
87 647 0
88 8 -1180
88 48 -4100
88 87 -1414054700281
88 89 -929209387064
88 128 10614
88 168 -6030
88 208 -6661
88 248 -10614
88 488 -10614
88 648 0
89 9 -1180
89 49 -4100
89 88 -929209387064
89 90 -612938551629
89 129 10614
89 169 -6030
89 209 -6661
89 249 -10614
89 489 -10614
89 649 0
90 10 -1180
90 50 -4100
90 89 -612938551629
90 91 -405377164768
90 130 10614
90 170 -6030
90 210 -6661
90 250 -10614
90 490 -10614
90 650 0
91 11 -1180
91 51 -4100
91 90 -405377164768
91 92 -268604535685
91 131 10614
91 171 -6029
91 211 -6660
91 251 -10614
91 491 -10614
91 651 0
92 12 -1180
92 52 -4100
92 91 -268604535685
92 93 -178222256221
92 132 10613
92 172 -6029
92 212 -6660
92 252 -10613
92 492 -10613
92 652 0
93 13 -1180
93 53 -4100
93 92 -178222256221
93 94 -118373753251
93 133 10613
93 173 -6029
93 213 -6660
93 253 -10613
93 493 -10613
93 653 0
94 14 -1180
94 54 -4100
94 93 -118373753251
94 95 -78684191006
94 134 10612
94 174 -6029
94 214 -6660
94 254 -10612
94 494 -10612
94 654 0
95 15 -1180
95 55 -4099
95 94 -78684191006
95 96 -52333614520
95 135 10611
95 175 -6029
95 215 -6659
95 255 -10611
95 495 -10611
95 655 0
96 16 -1180
96 56 -4099
96 95 -52333614520
96 97 -34823918436
96 136 10609
96 176 -6028
96 216 -6659
96 256 -10609
96 496 -10609
96 656 0
97 17 -1180
97 57 -4098
97 96 -34823918436
97 98 -23181136930
97 137 10607
97 177 -6027
97 217 -6658
97 257 -10607
97 497 -10607
97 657 0
98 18 -1180
98 58 -4097
98 97 -23181136930
98 99 -15435429270
98 138 10603
98 178 -6026
98 218 -6656
98 258 -10603
98 498 -10603
98 658 0
99 19 -1179
99 59 -4096
99 98 -15435429270
99 100 -10280252138
99 139 10597
99 179 -6024
99 219 -6654
99 259 -10597
99 499 -10597
99 659 0
100 20 -1179
100 60 -4094
100 99 -10280252138
100 101 -6848093901
100 140 10588
100 180 -6020
100 220 -6651
100 260 -10588
100 500 -10588
100 660 0
101 21 -1179
101 61 -4091
101 100 -6848093901
101 102 -4562476266
101 141 10575
101 181 -6016
101 221 -6646
101 261 -10575
101 501 -10575
101 661 0
102 22 -1178
102 62 -4086
102 101 -4562476266
102 103 -3040072046
102 142 10555
102 182 -6009
102 222 -6638
102 262 -10555
102 502 -10555
102 662 0
103 23 -1177
103 63 -4079
103 102 -3040072046
103 104 -2025859919
103 143 10525
103 183 -5998
103 223 -6627
103 263 -10525
103 503 -10525
103 663 0
104 24 -1176
104 64 -4068
104 103 -2025859919
104 105 -1350110031
104 144 10480
104 184 -5982
104 224 -6610
104 264 -10480
104 504 -10480
104 664 0
105 25 -1174
105 65 -4052
105 104 -1350110031
105 106 -899822093
105 145 10412
105 185 -5959
105 225 -6585
105 265 -10412
105 505 -10412
105 665 0
106 26 -1171
106 66 -4028
106 105 -899822093
106 107 -599745023
106 146 10312
106 186 -5923
106 226 -6547
106 266 -10312
106 506 -10312
106 666 0
107 27 -1167
107 67 -3992
107 106 -599745023
107 108 -399755960
107 147 10163
107 187 -5870
107 227 -6490
107 267 -10163
107 507 -10163
107 667 0
108 28 -1160
108 68 -3938
108 107 -399755960
108 109 -266463740
108 148 9943
108 188 -5791
108 228 -6406
108 268 -9943
108 508 -9943
108 668 0
109 29 -1151
109 69 -3859
109 108 -266463740
109 110 -177620628
109 149 9622
109 189 -5675
109 229 -6282
109 269 -9622
109 509 -9622
109 669 0
110 30 -1136
110 70 -3743
110 109 -177620628
110 111 -118401865
110 150 9158
110 190 -5505
110 230 -6100
110 270 -9158
110 510 -9158
110 670 0
111 31 -1115
111 71 -3576
111 110 -118401865
111 112 -78928113
111 151 8502
111 191 -5258
111 231 -5836
111 271 -8502
111 511 -8502
111 671 0
112 32 -1084
112 72 -3337
112 111 -78928113
112 113 -52615227
112 152 7601
112 192 -4908
112 232 -5460
112 272 -7601
112 512 -7601
112 672 0
113 33 -1038
113 73 -3008
113 112 -52615227
113 114 -35074905
113 153 6419
113 193 -4424
113 233 -4940
113 273 -6419
113 513 -6419
113 673 0
114 34 -972
114 74 -2572
114 113 -35074905
114 115 -23382230
114 154 4972
114 194 -3782
114 234 -4248
114 274 -4972
114 514 -4972
114 674 0
115 35 -879
115 75 -2029
115 114 -23382230
115 116 -15587587
115 155 3378
115 195 -2984
115 235 -3384
115 275 -3378
115 515 -3378
115 675 0
116 36 -752
116 76 -1417
116 115 -15587587
116 117 -10391417
116 156 1882
116 196 -2084
116 236 -2401
116 276 -1882
116 516 -1882
116 676 0
117 37 -589
117 77 -822
117 116 -10391417
117 118 -6927443
117 157 784
117 197 -1209
117 237 -1431
117 277 -784
117 517 -784
117 677 0
118 38 -394
118 78 -362
118 117 -6927443
118 119 -4618204
118 158 219
118 198 -532
118 238 -661
118 278 -219
118 518 -219
118 678 0
119 39 -188
119 79 -104
119 118 -4618204
119 120 -14551915
119 159 37
119 199 -154
119 239 -206
119 279 -37
119 519 -37
119 679 0
120 119 -14551915
120 240 0
120 280 0
120 520 0
120 680 0
121 1 11107
121 81 10614
121 122 -15027159330710
121 161 -6030
121 241 -630
121 281 -6372
121 361 0
121 441 -6030
121 481 -630
122 2 11107
122 82 10614
122 121 -15027159330710
122 123 -6065951898953
122 162 -6030
122 242 -630
122 282 -6372
122 362 0
122 442 -6030
122 482 -630
123 3 11107
123 83 10614
123 122 -6065951898953
123 124 -3417911255962
123 163 -6030
123 243 -630
123 283 -6372
123 363 0
123 443 -6030
123 483 -630
124 4 11107
124 84 10614
124 123 -3417911255962
124 125 -2102032826096
124 164 -6030
124 244 -630
124 284 -6372
124 364 0
124 444 -6030
124 484 -630
125 5 11106
125 85 10614
125 124 -2102032826096
125 126 -1337755265313
125 165 -6030
125 245 -630
125 285 -6372
125 365 0
125 445 -6030
125 485 -630
126 6 11106
126 86 10614
126 125 -1337755265313
126 127 -865769226687
126 166 -6030
126 246 -630
126 286 -6372
126 366 0
126 446 -6030
126 486 -630
127 7 11106
127 87 10614
127 126 -865769226687
127 128 -565621880112
127 167 -6030
127 247 -630
127 287 -6372
127 367 0
127 447 -6030
127 487 -630
128 8 11106
128 88 10614
128 127 -565621880112
128 129 -371683754825
128 168 -6030
128 248 -630
128 288 -6372
128 368 0
128 448 -6030
128 488 -630
129 9 11106
129 89 10614
129 128 -371683754825
129 130 -245175420651
129 169 -6030
129 249 -630
129 289 -6372
129 369 0
129 449 -6030
129 489 -630
130 10 11106
130 90 10614
130 129 -245175420651
130 131 -162150865907
130 170 -6030
130 250 -630
130 290 -6372
130 370 0
130 450 -6030
130 490 -630
131 11 11106
131 91 10614
131 130 -162150865907
131 132 -107441814274
131 171 -6029
131 251 -630
131 291 -6372
131 371 0
131 451 -6029
131 491 -630
132 12 11106
132 92 10613
132 131 -107441814274
132 133 -71288902488
132 172 -6029
132 252 -630
132 292 -6372
132 372 0
132 452 -6029
132 492 -630
133 13 11105
133 93 10613
133 132 -71288902488
133 134 -47349501300
133 173 -6029
133 253 -630
133 293 -6371
133 373 0
133 453 -6029
133 493 -630
134 14 11104
134 94 10612
134 133 -47349501300
134 135 -31473676402
134 174 -6029
134 254 -630
134 294 -6371
134 374 0
134 454 -6029
134 494 -630
135 15 11103
135 95 10611
135 134 -31473676402
135 136 -20933445808
135 175 -6029
135 255 -630
135 295 -6370
135 375 0
135 455 -6029
135 495 -630
136 16 11102
136 96 10609
136 135 -20933445808
136 137 -13929567374
136 176 -6028
136 256 -630
136 296 -6369
136 376 0
136 456 -6028
136 496 -630
137 17 11099
137 97 10607
137 136 -13929567374
137 138 -9272454772
137 177 -6027
137 257 -630
137 297 -6368
137 377 0
137 457 -6027
137 497 -630
138 18 11095
138 98 10603
138 137 -9272454772
138 139 -6174171708
138 178 -6026
138 258 -630
138 298 -6365
138 378 0
138 458 -6026
138 498 -630
139 19 11089
139 99 10597
139 138 -6174171708
139 140 -4112100855
139 179 -6024
139 259 -630
139 299 -6362
139 379 0
139 459 -6024
139 499 -630
140 20 11081
140 100 10588
140 139 -4112100855
140 141 -2739237560
140 180 -6020
140 260 -629
140 300 -6356
140 380 0
140 460 -6020
140 500 -629
141 21 11068
141 101 10575
141 140 -2739237560
141 142 -1824990506
141 181 -6016
141 261 -629
141 301 -6348
141 381 0
141 461 -6016
141 501 -629
142 22 11048
142 102 10555
142 141 -1824990506
142 143 -1216028818
142 182 -6009
142 262 -629
142 302 -6336
142 382 0
142 462 -6009
142 502 -629
143 23 11018
143 103 10525
143 142 -1216028818
143 144 -810343967
143 183 -5998
143 263 -628
143 303 -6318
143 383 0
143 463 -5998
143 503 -628
144 24 10973
144 104 10480
144 143 -810343967
144 145 -540044012
144 184 -5982
144 264 -627
144 304 -6291
144 384 0
144 464 -5982
144 504 -627
145 25 10907
145 105 10412
145 144 -540044012
145 146 -359928837
145 185 -5959
145 265 -625
145 305 -6251
145 385 0
145 465 -5959
145 505 -625
146 26 10808
146 106 10312
146 145 -359928837
146 147 -239898009
146 186 -5923
146 266 -623
146 306 -6191
146 386 0
146 466 -5923
146 506 -623
147 27 10660
147 107 10163
147 146 -239898009
147 148 -159902384
147 187 -5870
147 267 -619
147 307 -6101
147 387 0
147 467 -5870
147 507 -619
148 28 10442
148 108 9943
148 147 -159902384
148 149 -106585496
148 188 -5791
148 268 -614
148 308 -5969
148 388 0
148 468 -5791
148 508 -614
149 29 10123
149 109 9622
149 148 -106585496
149 150 -71048251
149 189 -5675
149 269 -606
149 309 -5776
149 389 0
149 469 -5675
149 509 -606
150 30 9660
150 110 9158
150 149 -71048251
150 151 -47360746
150 190 -5505
150 270 -594
150 310 -5498
150 390 0
150 470 -5505
150 510 -594
151 31 9003
151 111 8502
151 150 -47360746
151 152 -31571245
151 191 -5258
151 271 -576
151 311 -5104
151 391 0
151 471 -5258
151 511 -576
152 32 8096
152 112 7601
152 151 -31571245
152 153 -21046090
152 192 -4908
152 272 -551
152 312 -4563
152 392 0
152 472 -4908
152 512 -551
153 33 6894
153 113 6419
153 152 -21046090
153 154 -14029962
153 193 -4424
153 273 -515
153 313 -3854
153 393 0
153 473 -4424
153 513 -515
154 34 5403
154 114 4972
154 153 -14029962
154 155 -9352892
154 194 -3782
154 274 -465
154 314 -2985
154 394 0
154 474 -3782
154 514 -465
155 35 3729
155 115 3378
155 154 -9352892
155 156 -6235035
155 195 -2984
155 275 -399
155 315 -2027
155 395 0
155 475 -2984
155 515 -399
156 36 2119
156 116 1882
156 155 -6235035
156 157 -4156566
156 196 -2084
156 276 -316
156 316 -1129
156 396 0
156 476 -2084
156 516 -316
157 37 903
157 117 784
157 156 -4156566
157 158 -2770977
157 197 -1209
157 277 -222
157 317 -470
157 397 0
157 477 -1209
157 517 -222
158 38 258
158 118 219
158 157 -2770977
158 159 -1847281
158 198 -532
158 278 -128
158 318 -132
158 398 0
158 478 -532
158 518 -128
159 39 44
159 119 37
159 158 -1847281
159 160 0
159 199 -154
159 279 -52
159 319 -22
159 399 0
159 479 -154
159 519 -52
160 159 0
160 280 0
160 320 0
160 400 0
160 480 0
160 520 0
161 1 -21527
161 41 7517
161 81 -6030
161 121 -6030
161 162 -26834213090550
161 241 -11580
161 281 -3135
162 2 -21527
162 42 7517
162 82 -6030
162 122 -6030
162 161 -26834213090550
162 163 -10832056962420
162 242 -11580
162 282 -3135
163 3 -21527
163 43 7517
163 83 -6030
163 123 -6030
163 162 -10832056962420
163 164 -6103412957075
163 243 -11580
163 283 -3135
164 4 -21527
164 44 7517
164 84 -6030
164 124 -6030
164 163 -6103412957075
164 165 -3753630046601
164 244 -11580
164 284 -3135
165 5 -21527
165 45 7517
165 85 -6030
165 125 -6030
165 164 -3753630046601
165 166 -2388848688058
165 245 -11580
165 285 -3135
166 6 -21527
166 46 7517
166 86 -6030
166 126 -6030
166 165 -2388848688058
166 167 -1546016476228
166 246 -11580
166 286 -3135
167 7 -21527
167 47 7517
167 87 -6030
167 127 -6030
167 166 -1546016476228
167 168 -1010039071629
167 247 -11580
167 287 -3135
168 8 -21527
168 48 7517
168 88 -6030
168 128 -6030
168 167 -1010039071629
168 169 -663720990760
168 248 -11580
168 288 -3135
169 9 -21527
169 49 7517
169 89 -6030
169 129 -6030
169 168 -663720990760
169 170 -437813251163
169 249 -11580
169 289 -3135
170 10 -21527
170 50 7517
170 90 -6030
170 130 -6030
170 169 -437813251163
170 171 -289555117691
170 250 -11580
170 290 -3135
171 11 -21526
171 51 7517
171 91 -6029
171 131 -6029
171 170 -289555117691
171 172 -191860382632
171 251 -11580
171 291 -3135
172 12 -21526
172 52 7517
172 92 -6029
172 132 -6029
172 171 -191860382632
172 173 -127301611586
172 252 -11580
172 292 -3135
173 13 -21525
173 53 7516
173 93 -6029
173 133 -6029
173 172 -127301611586
173 174 -84552680893
173 253 -11579
173 293 -3135
174 14 -21524
174 54 7516
174 94 -6029
174 134 -6029
174 173 -84552680893
174 175 -56202993576
174 254 -11579
174 294 -3135
175 15 -21522
175 55 7516
175 95 -6029
175 135 -6029
175 174 -56202993576
175 176 -37381153228
175 255 -11579
175 295 -3135
176 16 -21518
176 56 7515
176 96 -6028
176 136 -6028
176 175 -37381153228
176 177 -24874227454
176 256 -11578
176 296 -3134
177 17 -21514
177 57 7514
177 97 -6027
177 137 -6027
177 176 -24874227454
177 178 -16557954950
177 257 -11577
177 297 -3134
178 18 -21506
178 58 7512
178 98 -6026
178 138 -6026
178 177 -16557954950
178 179 -11025306621
178 258 -11576
178 298 -3133
179 19 -21495
179 59 7510
179 99 -6024
179 139 -6024
179 178 -11025306621
179 180 -7343037241
179 259 -11574
179 299 -3132
180 20 -21479
180 60 7506
180 100 -6020
180 140 -6020
180 179 -7343037241
180 181 -4891495643
180 260 -11571
180 300 -3130
181 21 -21454
181 61 7501
181 101 -6016
181 141 -6016
181 180 -4891495643
181 182 -3258911618
181 261 -11566
181 301 -3128
182 22 -21417
182 62 7492
182 102 -6009
182 142 -6009
182 181 -3258911618
182 183 -2171480032
182 262 -11559
182 302 -3124
183 23 -21362
183 63 7480
183 103 -5998
183 143 -5998
183 182 -2171480032
183 184 -1447042799
183 263 -11549
183 303 -3119
184 24 -21278
184 64 7461
184 104 -5982
184 144 -5982
184 183 -1447042799
184 185 -964364308
184 264 -11534
184 304 -3111
185 25 -21154
185 65 7433
185 105 -5959
185 145 -5959
185 184 -964364308
185 186 -642730066
185 265 -11510
185 305 -3098
186 26 -20968
186 66 7391
186 106 -5923
186 146 -5923
186 185 -642730066
186 187 -428389302
186 266 -11476
186 306 -3080
187 27 -20692
187 67 7329
187 107 -5870
187 147 -5870
187 186 -428389302
187 188 -285539971
187 267 -11423
187 307 -3052
188 28 -20284
188 68 7236
188 108 -5791
188 148 -5791
188 187 -285539971
188 189 -190331243
188 268 -11346
188 308 -3011
189 29 -19688
189 69 7099
189 109 -5675
189 149 -5675
189 188 -190331243
189 190 -126871877
189 269 -11230
189 309 -2951
190 30 -18826
190 70 6898
190 110 -5505
190 150 -5505
190 189 -126871877
190 191 -84572761
190 270 -11058
190 310 -2862
191 31 -17604
191 71 6607
191 111 -5258
191 151 -5258
191 190 -84572761
191 192 -56377224
191 271 -10804
191 311 -2734
192 32 -15919
192 72 6193
192 112 -4908
192 152 -4908
192 191 -56377224
192 193 -37582305
192 272 -10433
192 312 -2552
193 33 -13695
193 73 5618
193 113 -4424
193 153 -4424
193 192 -37582305
193 194 -25053504
193 273 -9899
193 313 -2300
194 34 -10941
194 74 4853
194 114 -3782
194 154 -3782
194 193 -25053504
194 195 -16701593
194 274 -9145
194 314 -1966
195 35 -7843
195 75 3893
195 115 -2984
195 155 -2984
195 194 -16701593
195 196 -11133991
195 275 -8111
195 315 -1551
196 36 -4816
196 76 2793
196 116 -2084
196 156 -2084
196 195 -11133991
196 197 -7422440
196 276 -6758
196 316 -1083
197 37 -2400
197 77 1692
197 117 -1209
197 157 -1209
197 196 -7422440
197 198 -4948174
197 277 -5103
197 317 -628
198 38 -920
198 78 795
198 118 -532
198 158 -532
198 197 -4948174
198 199 -3298717
198 278 -3269
198 318 -276
199 39 -249
199 79 250
199 119 -154
199 159 -154
199 198 -3298717
199 200 -14551915
199 279 -1493
199 319 -80
200 199 -14551915
200 280 0
201 1 -3443
201 81 -6661
202 2 -3443
202 82 -6661
203 3 -3443
203 83 -6661
204 4 -3443
204 84 -6661
205 5 -3443
205 85 -6661
206 6 -3443
206 86 -6661
207 7 -3443
207 87 -6661
208 8 -3443
208 88 -6661
209 9 -3443
209 89 -6661
210 10 -3443
210 90 -6661
211 11 -3443
211 91 -6660
212 12 -3442
212 92 -6660
213 13 -3442
213 93 -6660
214 14 -3442
214 94 -6660
215 15 -3442
215 95 -6659
216 16 -3442
216 96 -6659
217 17 -3441
217 97 -6658
218 18 -3441
218 98 -6656
219 19 -3439
219 99 -6654
220 20 -3438
220 100 -6651
221 21 -3435
221 101 -6646
222 22 -3432
222 102 -6638
223 23 -3426
223 103 -6627
224 24 -3418
224 104 -6610
225 25 -3405
225 105 -6585
226 26 -3387
226 106 -6547
227 27 -3359
227 107 -6490
228 28 -3317
228 108 -6406
229 29 -3256
229 109 -6282
230 30 -3166
230 110 -6100
231 31 -3036
231 111 -5836
232 32 -2850
232 112 -5460
233 33 -2592
233 113 -4940
234 34 -2247
234 114 -4248
235 35 -1813
235 115 -3384
236 36 -1313
236 116 -2401
237 37 -810
237 117 -1431
238 38 -395
238 118 -661
239 39 -132
239 119 -206
240 40 0
240 120 0
241 41 -7517
241 81 -10614
241 121 -630
241 161 -11580
242 42 -7517
242 82 -10614
242 122 -630
242 162 -11580
243 43 -7517
243 83 -10614
243 123 -630
243 163 -11580
244 44 -7517
244 84 -10614
244 124 -630
244 164 -11580
245 45 -7517
245 85 -10614
245 125 -630
245 165 -11580
246 46 -7517
246 86 -10614
246 126 -630
246 166 -11580
247 47 -7517
247 87 -10614
247 127 -630
247 167 -11580
248 48 -7517
248 88 -10614
248 128 -630
248 168 -11580
249 49 -7517
249 89 -10614
249 129 -630
249 169 -11580
250 50 -7517
250 90 -10614
250 130 -630
250 170 -11580
251 51 -7517
251 91 -10614
251 131 -630
251 171 -11580
252 52 -7517
252 92 -10613
252 132 -630
252 172 -11580
253 53 -7516
253 93 -10613
253 133 -630
253 173 -11579
254 54 -7516
254 94 -10612
254 134 -630
254 174 -11579
255 55 -7516
255 95 -10611
255 135 -630
255 175 -11579
256 56 -7515
256 96 -10609
256 136 -630
256 176 -11578
257 57 -7514
257 97 -10607
257 137 -630
257 177 -11577
258 58 -7512
258 98 -10603
258 138 -630
258 178 -11576
259 59 -7510
259 99 -10597
259 139 -630
259 179 -11574
260 60 -7506
260 100 -10588
260 140 -629
260 180 -11571
261 61 -7501
261 101 -10575
261 141 -629
261 181 -11566
262 62 -7492
262 102 -10555
262 142 -629
262 182 -11559
263 63 -7480
263 103 -10525
263 143 -628
263 183 -11549
264 64 -7461
264 104 -10480
264 144 -627
264 184 -11534
265 65 -7433
265 105 -10412
265 145 -625
265 185 -11510
266 66 -7391
266 106 -10312
266 146 -623
266 186 -11476
267 67 -7329
267 107 -10163
267 147 -619
267 187 -11423
268 68 -7236
268 108 -9943
268 148 -614
268 188 -11346
269 69 -7099
269 109 -9622
269 149 -606
269 189 -11230
270 70 -6898
270 110 -9158
270 150 -594
270 190 -11058
271 71 -6607
271 111 -8502
271 151 -576
271 191 -10804
272 72 -6193
272 112 -7601
272 152 -551
272 192 -10433
273 73 -5618
273 113 -6419
273 153 -515
273 193 -9899
274 74 -4853
274 114 -4972
274 154 -465
274 194 -9145
275 75 -3893
275 115 -3378
275 155 -399
275 195 -8111
276 76 -2793
276 116 -1882
276 156 -316
276 196 -6758
277 77 -1692
277 117 -784
277 157 -222
277 197 -5103
278 78 -795
278 118 -219
278 158 -128
278 198 -3269
279 79 -250
279 119 -37
279 159 -52
279 199 -1493
280 80 0
280 120 0
280 160 0
280 200 0
281 1 2161
281 121 -6372
281 161 -3135
281 282 -11807053759840
281 561 -3135
282 2 2161
282 122 -6372
282 162 -3135
282 281 -11807053759840
282 283 -4766105063463
282 562 -3135
283 3 2161
283 123 -6372
283 163 -3135
283 282 -4766105063463
283 284 -2685501701113
283 563 -3135
284 4 2161
284 124 -6372
284 164 -3135
284 283 -2685501701113
284 285 -1651597220504
284 564 -3135
285 5 2161
285 125 -6372
285 165 -3135
285 284 -1651597220504
285 286 -1051093422746
285 565 -3135
286 6 2161
286 126 -6372
286 166 -3135
286 285 -1051093422746
286 287 -680247249540
286 566 -3135
287 7 2161
287 127 -6372
287 167 -3135
287 286 -680247249540
287 288 -444417191516
287 567 -3135
288 8 2161
288 128 -6372
288 168 -3135
288 287 -444417191516
288 289 -292037235934
288 568 -3135
289 9 2161
289 129 -6372
289 169 -3135
289 288 -292037235934
289 290 -192637830512
289 569 -3135
290 10 2161
290 130 -6372
290 170 -3135
290 289 -192637830512
290 291 -127404251784
290 570 -3135
291 11 2161
291 131 -6372
291 171 -3135
291 290 -127404251784
291 292 -84418568358
291 571 -3135
292 12 2161
292 132 -6372
292 172 -3135
292 291 -84418568358
292 293 -56012709098
292 572 -3135
293 13 2161
293 133 -6371
293 173 -3135
293 292 -56012709098
293 294 -37203179593
293 573 -3135
294 14 2160
294 134 -6371
294 174 -3135
294 293 -37203179593
294 295 -24729317173
294 574 -3135
295 15 2160
295 135 -6370
295 175 -3135
295 294 -24729317173
295 296 -16447707420
295 575 -3135
296 16 2160
296 136 -6369
296 176 -3134
296 295 -16447707420
296 297 -10944660080
296 576 -3134
297 17 2159
297 137 -6368
297 177 -3134
297 296 -10944660080
297 298 -7285500178
297 577 -3134
298 18 2158
298 138 -6365
298 178 -3133
298 297 -7285500178
298 299 -4851134913
298 578 -3133
299 19 2156
299 139 -6362
299 179 -3132
299 298 -4851134913
299 300 -3230936386
299 579 -3132
300 20 2154
300 140 -6356
300 180 -3130
300 299 -3230936386
300 301 -2152258083
300 580 -3130
301 21 2151
301 141 -6348
301 181 -3128
301 300 -2152258083
301 302 -1433921112
301 581 -3128
302 22 2145
302 142 -6336
302 182 -3124
302 301 -1433921112
302 303 -955451214
302 582 -3124
303 23 2138
303 143 -6318
303 183 -3119
303 302 -955451214
303 304 -636698831
303 583 -3119
304 24 2126
304 144 -6291
304 184 -3111
304 303 -636698831
304 305 -424320295
304 584 -3111
305 25 2108
305 145 -6251
305 185 -3098
305 304 -424320295
305 306 -282801229
305 585 -3098
306 26 2082
306 146 -6191
306 186 -3080
306 305 -282801229
306 307 -188491293
306 586 -3080
307 27 2044
307 147 -6101
307 187 -3052
307 306 -188491293
307 308 -125637587
307 587 -3052
308 28 1987
308 148 -5969
308 188 -3011
308 307 -125637587
308 309 -83745747
308 588 -3011
309 29 1905
309 149 -5776
309 189 -2951
309 308 -83745747
309 310 -55823626
309 589 -2951
310 30 1787
310 150 -5498
310 190 -2862
310 309 -55823626
310 311 -37212014
310 590 -2862
311 31 1624
311 151 -5104
311 191 -2734
311 310 -37212014
311 312 -24805978
311 591 -2734
312 32 1405
312 152 -4563
312 192 -2552
312 311 -24805978
312 313 -16536214
312 592 -2552
313 33 1130
313 153 -3854
313 193 -2300
313 312 -16536214
313 314 -11023541
313 593 -2300
314 34 812
314 154 -2985
314 194 -1966
314 313 -11023541
314 315 -7348700
314 594 -1966
315 35 493
315 155 -2027
315 195 -1551
315 314 -7348700
315 316 -4898956
315 595 -1551
316 36 233
316 156 -1129
316 196 -1083
316 315 -4898956
316 317 -3265873
316 596 -1083
317 37 77
317 157 -470
317 197 -628
317 316 -3265873
317 318 -2177196
317 597 -628
318 38 16
318 158 -132
318 198 -276
318 317 -2177196
318 319 -1451435
318 598 -276
319 39 2
319 159 -22
319 199 -80
319 318 -1451435
319 320 -967608
319 599 -80
320 40 0
320 160 0
320 319 -967608
320 600 0
321 41 0
322 42 0
323 43 0
324 44 0
325 45 0
326 46 0
327 47 0
328 48 0
329 49 0
330 50 0
331 51 0
332 52 0
333 53 0
334 54 0
335 55 0
336 56 0
337 57 0
338 58 0
339 59 0
340 60 0
341 61 0
342 62 0
343 63 0
344 64 0
345 65 0
346 66 0
347 67 0
348 68 0
349 69 0
350 70 0
351 71 0
352 72 0
353 73 0
354 74 0
355 75 0
356 76 0
357 77 0
358 78 0
359 79 0
360 80 0
361 121 0
362 122 0
363 123 0
364 124 0
365 125 0
366 126 0
367 127 0
368 128 0
369 129 0
370 130 0
371 131 0
372 132 0
373 133 0
374 134 0
375 135 0
376 136 0
377 137 0
378 138 0
379 139 0
380 140 0
381 141 0
382 142 0
383 143 0
384 144 0
385 145 0
386 146 0
387 147 0
388 148 0
389 149 0
390 150 0
391 151 0
392 152 0
393 153 0
394 154 0
395 155 0
396 156 0
397 157 0
398 158 0
399 159 0
400 160 0
401 1 -1968
401 41 -4100
402 2 -1968
402 42 -4100
403 3 -1968
403 43 -4100
404 4 -1968
404 44 -4100
405 5 -1968
405 45 -4100
406 6 -1968
406 46 -4100
407 7 -1968
407 47 -4100
408 8 -1968
408 48 -4100
409 9 -1968
409 49 -4100
410 10 -1968
410 50 -4100
411 11 -1968
411 51 -4100
412 12 -1968
412 52 -4100
413 13 -1968
413 53 -4100
414 14 -1968
414 54 -4100
415 15 -1968
415 55 -4099
416 16 -1968
416 56 -4099
417 17 -1968
417 57 -4098
418 18 -1967
418 58 -4097
419 19 -1967
419 59 -4096
420 20 -1967
420 60 -4094
421 21 -1966
421 61 -4091
422 22 -1965
422 62 -4086
423 23 -1963
423 63 -4079
424 24 -1960
424 64 -4068
425 25 -1956
425 65 -4052
426 26 -1950
426 66 -4028
427 27 -1942
427 67 -3992
428 28 -1928
428 68 -3938
429 29 -1909
429 69 -3859
430 30 -1879
430 70 -3743
431 31 -1836
431 71 -3576
432 32 -1773
432 72 -3337
433 33 -1682
433 73 -3008
434 34 -1554
434 74 -2572
435 35 -1379
435 75 -2029
436 36 -1148
436 76 -1417
437 37 -867
437 77 -822
438 38 -555
438 78 -362
439 39 -253
439 79 -104
440 40 0
440 80 0
441 1 -13268
441 121 -6030
442 2 -13268
442 122 -6030
443 3 -13268
443 123 -6030
444 4 -13268
444 124 -6030
445 5 -13268
445 125 -6030
446 6 -13268
446 126 -6030
447 7 -13268
447 127 -6030
448 8 -13268
448 128 -6030
449 9 -13268
449 129 -6030
450 10 -13268
450 130 -6030
451 11 -13267
451 131 -6029
452 12 -13267
452 132 -6029
453 13 -13266
453 133 -6029
454 14 -13265
454 134 -6029
455 15 -13264
455 135 -6029
456 16 -13262
456 136 -6028
457 17 -13259
457 137 -6027
458 18 -13254
458 138 -6026
459 19 -13246
459 139 -6024
460 20 -13235
460 140 -6020
461 21 -13219
461 141 -6016
462 22 -13194
462 142 -6009
463 23 -13156
463 143 -5998
464 24 -13100
464 144 -5982
465 25 -13016
465 145 -5959
466 26 -12890
466 146 -5923
467 27 -12704
467 147 -5870
468 28 -12429
468 148 -5791
469 29 -12028
469 149 -5675
470 30 -11448
470 150 -5505
471 31 -10628
471 151 -5258
472 32 -9502
472 152 -4908
473 33 -8024
473 153 -4424
474 34 -6216
474 154 -3782
475 35 -4222
475 155 -2984
476 36 -2352
476 156 -2084
477 37 -980
477 157 -1209
478 38 -274
478 158 -532
479 39 -47
479 159 -154
480 40 0
480 160 0
481 81 -10614
481 121 -630
482 82 -10614
482 122 -630
483 83 -10614
483 123 -630
484 84 -10614
484 124 -630
485 85 -10614
485 125 -630
486 86 -10614
486 126 -630
487 87 -10614
487 127 -630
488 88 -10614
488 128 -630
489 89 -10614
489 129 -630
490 90 -10614
490 130 -630
491 91 -10614
491 131 -630
492 92 -10613
492 132 -630
493 93 -10613
493 133 -630
494 94 -10612
494 134 -630
495 95 -10611
495 135 -630
496 96 -10609
496 136 -630
497 97 -10607
497 137 -630
498 98 -10603
498 138 -630
499 99 -10597
499 139 -630
500 100 -10588
500 140 -629
501 101 -10575
501 141 -629
502 102 -10555
502 142 -629
503 103 -10525
503 143 -628
504 104 -10480
504 144 -627
505 105 -10412
505 145 -625
506 106 -10312
506 146 -623
507 107 -10163
507 147 -619
508 108 -9943
508 148 -614
509 109 -9622
509 149 -606
510 110 -9158
510 150 -594
511 111 -8502
511 151 -576
512 112 -7601
512 152 -551
513 113 -6419
513 153 -515
514 114 -4972
514 154 -465
515 115 -3378
515 155 -399
516 116 -1882
516 156 -316
517 117 -784
517 157 -222
518 118 -219
518 158 -128
519 119 -37
519 159 -52
520 120 0
520 160 0
521 1 -2654
522 2 -2654
523 3 -2654
524 4 -2654
525 5 -2654
526 6 -2654
527 7 -2654
528 8 -2654
529 9 -2654
530 10 -2654
531 11 -2654
532 12 -2654
533 13 -2654
534 14 -2654
535 15 -2654
536 16 -2654
537 17 -2653
538 18 -2653
539 19 -2652
540 20 -2650
541 21 -2648
542 22 -2645
543 23 -2640
544 24 -2634
545 25 -2623
546 26 -2607
547 27 -2584
548 28 -2549
549 29 -2498
550 30 -2423
551 31 -2315
552 32 -2161
553 33 -1947
554 34 -1665
555 35 -1313
556 36 -917
557 37 -532
558 38 -234
559 39 -67
560 40 0
561 1 -2161
561 281 -3135
562 2 -2161
562 282 -3135
563 3 -2161
563 283 -3135
564 4 -2161
564 284 -3135
565 5 -2161
565 285 -3135
566 6 -2161
566 286 -3135
567 7 -2161
567 287 -3135
568 8 -2161
568 288 -3135
569 9 -2161
569 289 -3135
570 10 -2161
570 290 -3135
571 11 -2161
571 291 -3135
572 12 -2161
572 292 -3135
573 13 -2161
573 293 -3135
574 14 -2160
574 294 -3135
575 15 -2160
575 295 -3135
576 16 -2160
576 296 -3134
577 17 -2159
577 297 -3134
578 18 -2158
578 298 -3133
579 19 -2156
579 299 -3132
580 20 -2154
580 300 -3130
581 21 -2151
581 301 -3128
582 22 -2145
582 302 -3124
583 23 -2138
583 303 -3119
584 24 -2126
584 304 -3111
585 25 -2108
585 305 -3098
586 26 -2082
586 306 -3080
587 27 -2044
587 307 -3052
588 28 -1987
588 308 -3011
589 29 -1905
589 309 -2951
590 30 -1787
590 310 -2862
591 31 -1624
591 311 -2734
592 32 -1405
592 312 -2552
593 33 -1130
593 313 -2300
594 34 -812
594 314 -1966
595 35 -493
595 315 -1551
596 36 -233
596 316 -1083
597 37 -77
597 317 -628
598 38 -16
598 318 -276
599 39 -2
599 319 -80
600 40 0
600 320 0
601 1 0
602 2 0
603 3 0
604 4 0
605 5 0
606 6 0
607 7 0
608 8 0
609 9 0
610 10 0
611 11 0
612 12 0
613 13 0
614 14 0
615 15 0
616 16 0
617 17 0
618 18 0
619 19 0
620 20 0
621 21 0
622 22 0
623 23 0
624 24 0
625 25 0
626 26 0
627 27 0
628 28 0
629 29 0
630 30 0
631 31 0
632 32 0
633 33 0
634 34 0
635 35 0
636 36 0
637 37 0
638 38 0
639 39 0
640 40 0
641 81 0
642 82 0
643 83 0
644 84 0
645 85 0
646 86 0
647 87 0
648 88 0
649 89 0
650 90 0
651 91 0
652 92 0
653 93 0
654 94 0
655 95 0
656 96 0
657 97 0
658 98 0
659 99 0
660 100 0
661 101 0
662 102 0
663 103 0
664 104 0
665 105 0
666 106 0
667 107 0
668 108 0
669 109 0
670 110 0
671 111 0
672 112 0
673 113 0
674 114 0
675 115 0
676 116 0
677 117 0
678 118 0
679 119 0
680 120 0
