%%MatrixMarket matrix coordinate integer general
%
680 680 2928
1 2 -24150791781500
1 41 439507
1 81 -265118
1 121 2512181
1 161 -4778319
1 201 -742878
1 281 477385
1 401 -439507
1 441 -2989567
1 521 -568488
1 561 -477385
1 601 0
2 1 -24150791781500
2 3 -9748851266174
2 42 439507
2 82 -265118
2 122 2512172
2 162 -4778302
2 202 -742876
2 282 477383
2 402 -439507
2 442 -2989555
2 522 -568487
2 562 -477383
2 602 0
3 2 -9748851266174
3 4 -5493071661368
3 43 439506
3 83 -265117
3 123 2512148
3 163 -4778257
3 203 -742872
3 283 477376
3 403 -439506
3 443 -2989525
3 523 -568483
3 563 -477376
3 603 0
4 3 -5493071661368
4 5 -3378267041941
4 44 439503
4 84 -265116
4 124 2512099
4 164 -4778165
4 204 -742863
4 284 477362
4 404 -439503
4 444 -2989462
4 524 -568476
4 564 -477362
4 604 0
5 4 -3378267041941
5 6 -2149963819253
5 45 439497
5 85 -265113
5 125 2512009
5 165 -4777997
5 205 -742848
5 285 477337
5 405 -439497
5 445 -2989347
5 525 -568464
5 565 -477337
5 605 0
6 5 -2149963819253
6 7 -1391414828605
6 46 439488
6 86 -265109
6 126 2511854
6 166 -4777708
6 206 -742821
6 286 477294
6 406 -439488
6 446 -2989149
6 526 -568442
6 566 -477294
6 606 0
7 6 -1391414828605
7 8 -909035164466
7 47 439473
7 87 -265102
7 127 2511597
7 167 -4777229
7 207 -742777
7 287 477223
7 407 -439473
7 447 -2988821
7 527 -568406
7 567 -477223
7 607 0
8 7 -909035164466
8 9 -597348891684
8 48 439449
8 88 -265090
8 128 2511182
8 168 -4776454
8 208 -742706
8 288 477109
8 408 -439449
8 448 -2988291
8 528 -568347
8 568 -477109
8 608 0
9 8 -597348891684
9 10 -394031926047
9 49 439411
9 89 -265072
9 129 2510524
9 169 -4775225
9 209 -742593
9 289 476926
9 409 -439411
9 449 -2987450
9 529 -568254
9 569 -476926
9 609 0
10 9 -394031926047
10 11 -260599605922
10 50 439351
10 90 -265044
10 130 2509491
10 170 -4773299
10 210 -742415
10 290 476641
10 410 -439351
10 450 -2986133
10 530 -568108
10 570 -476641
10 610 0
11 10 -260599605922
11 12 -172674344369
11 51 439257
11 91 -264999
11 131 2507889
11 171 -4770308
11 211 -742140
11 291 476197
11 411 -439257
11 451 -2984087
11 531 -567882
11 571 -476197
11 611 0
12 11 -172674344369
12 13 -114571450427
12 52 439113
12 92 -264931
12 132 2505421
12 172 -4765702
12 212 -741716
12 292 475515
12 412 -439113
12 452 -2980936
12 532 -567533
12 572 -475515
12 612 0
13 12 -114571450427
13 14 -76097412804
13 53 438892
13 93 -264826
13 133 2501641
13 173 -4758648
13 213 -741065
13 293 474470
13 413 -438892
13 453 -2976112
13 533 -566999
13 573 -474470
13 613 0
14 13 -76097412804
14 15 -50582694218
14 54 438555
14 94 -264666
14 134 2495881
14 174 -4747901
14 214 -740074
14 294 472880
14 414 -438555
14 454 -2968761
14 534 -566185
14 574 -472880
14 614 0
15 14 -50582694218
15 16 -33643037905
15 55 438042
15 95 -264422
15 135 2487140
15 175 -4731598
15 215 -738568
15 295 470470
15 415 -438042
15 455 -2957611
15 535 -564947
15 575 -470470
15 615 0
16 15 -33643037905
16 17 -22386804709
16 56 437266
16 96 -264053
16 136 2473933
16 176 -4706972
16 216 -736288
16 296 466837
16 416 -437266
16 456 -2940771
16 536 -563075
16 576 -466837
16 616 0
17 16 -22386804709
17 18 -14902159455
17 57 436093
17 97 -263495
17 137 2454061
17 177 -4669938
17 217 -732849
17 297 461388
17 417 -436093
17 457 -2915449
17 537 -560251
17 577 -461388
17 617 0
18 17 -14902159455
18 19 -9922775959
18 58 434326
18 98 -262653
18 138 2424303
18 178 -4614529
18 218 -727680
18 298 453268
18 418 -434326
18 458 -2877572
18 538 -556007
18 578 -453268
18 618 0
19 18 -9922775959
19 20 -6608733517
19 59 431671
19 99 -261386
19 139 2380015
19 179 -4532165
19 219 -719942
19 299 441274
19 419 -431671
19 459 -2821289
19 539 -549657
19 579 -441274
19 619 0
20 19 -6608733517
20 21 -4402346079
20 60 427697
20 100 -259485
20 140 2314640
20 180 -4410805
20 220 -708421
20 300 423767
20 420 -427697
20 460 -2738407
20 540 -540209
20 580 -423767
20 620 0
21 20 -4402346079
21 22 -2933020456
21 61 421776
21 101 -256641
21 141 2219255
21 181 -4234202
21 221 -691388
21 301 398652
21 421 -421776
21 461 -2617908
21 541 -526253
21 581 -398652
21 621 0
22 21 -2933020456
22 23 -1954332029
22 62 413005
22 102 -252403
22 142 2082436
22 182 -3981828
22 222 -666462
22 302 363534
22 422 -413005
22 462 -2445971
22 542 -505860
22 582 -363534
22 622 0
23 22 -1954332029
23 24 -1302338519
23 63 400127
23 103 -246128
23 143 1891111
23 183 -3630698
23 223 -630528
23 303 316264
23 423 -400127
23 463 -2207376
23 543 -476529
23 583 -316264
23 623 0
24 23 -1302338519
24 25 -867927877
24 64 381460
24 104 -236913
24 144 1633676
24 184 -3161267
24 224 -579874
24 304 256194
24 424 -381460
24 464 -1889870
24 544 -435327
24 584 -256194
24 624 0
25 24 -867927877
25 26 -578457059
25 65 354910
25 105 -223556
25 145 1307173
25 185 -2570004
25 225 -510853
25 305 186238
25 425 -354910
25 465 -1493412
25 545 -379499
25 585 -186238
25 625 0
26 25 -578457059
26 27 -385550372
26 66 318222
26 106 -204581
26 146 929406
26 186 -1888768
26 226 -421579
26 306 114922
26 426 -318222
26 466 -1044329
26 546 -307937
26 586 -114922
26 626 0
27 26 -385550372
27 28 -256985974
27 67 269708
27 107 -178475
27 147 550936
27 187 -1200868
27 227 -315023
27 307 55558
27 427 -269708
27 467 -606494
27 547 -223790
27 587 -55558
27 627 0
28 27 -256985974
28 29 -171298119
28 68 209753
28 108 -144395
28 148 248326
28 188 -626395
28 228 -202698
28 308 19015
28 428 -209753
28 468 -267342
28 548 -137340
28 588 -19015
28 628 0
29 28 -171298119
29 30 -114184689
29 69 143032
29 109 -103633
29 149 76228
29 189 -254700
29 229 -104755
29 309 4180
29 429 -143032
29 469 -80408
29 549 -65356
29 589 -4180
29 629 0
30 29 -114184689
30 31 -76115485
30 70 79903
30 110 -61520
30 150 14514
30 190 -77381
30 230 -40071
30 310 553
30 430 -79903
30 470 -15067
30 550 -21688
30 590 -553
30 630 0
31 30 -76115485
31 32 -50739501
31 71 33298
31 111 -27307
31 151 1626
31 191 -16807
31 231 -10543
31 311 42
31 431 -33298
31 471 -1669
31 551 -4552
31 591 -42
31 631 0
32 31 -50739501
32 33 -33824074
32 72 9317
32 112 -8076
32 152 105
32 192 -2486
32 232 -1808
32 312 1
32 432 -9317
32 472 -107
32 552 -568
32 592 -1
32 632 0
33 32 -33824074
33 34 -22548153
33 73 1608
33 113 -1455
33 153 3
33 193 -240
33 233 -194
33 313 0
33 433 -1608
33 473 -3
33 553 -41
33 593 0
33 633 0
34 33 -22548153
34 35 -15031433
34 74 163
34 114 -152
34 154 0
34 194 -14
34 234 -12
34 314 0
34 434 -163
34 474 0
34 554 -1
34 594 0
34 634 0
35 34 -15031433
35 36 -10020592
35 75 9
35 115 -9
35 155 0
35 195 0
35 235 0
35 315 0
35 435 -9
35 475 0
35 555 0
35 595 0
35 635 0
36 35 -10020592
36 37 -6680196
36 76 0
36 116 0
36 156 0
36 196 0
36 236 0
36 316 0
36 436 0
36 476 0
36 556 0
36 596 0
36 636 0
37 36 -6680196
37 38 -4453356
37 77 0
37 117 0
37 157 0
37 197 0
37 237 0
37 317 0
37 437 0
37 477 0
37 557 0
37 597 0
37 637 0
38 37 -4453356
38 39 -2968845
38 78 0
38 118 0
38 158 0
38 198 0
38 238 0
38 318 0
38 438 0
38 478 0
38 558 0
38 598 0
38 638 0
39 38 -2968845
39 40 -1077179
39 79 0
39 119 0
39 159 0
39 199 0
39 239 0
39 319 0
39 439 0
39 479 0
39 559 0
39 599 0
39 639 0
40 39 -1077179
40 240 0
40 320 0
40 440 0
40 480 0
40 560 0
40 600 0
40 640 0
41 1 439507
41 42 -48301583562990
41 81 -878120
41 161 1742203
41 241 -1742203
41 321 0
41 401 -878120
42 2 439507
42 41 -48301583562990
42 43 -19497702532350
42 82 -878118
42 162 1742199
42 242 -1742199
42 322 0
42 402 -878118
43 3 439506
43 42 -19497702532350
43 44 -10986143322730
43 83 -878112
43 163 1742187
43 243 -1742187
43 323 0
43 403 -878112
44 4 439503
44 43 -10986143322730
44 45 -6756534083882
44 84 -878102
44 164 1742162
44 244 -1742162
44 324 0
44 404 -878102
45 5 439497
45 44 -6756534083882
45 46 -4299927638505
45 85 -878082
45 165 1742116
45 245 -1742116
45 325 0
45 405 -878082
46 6 439488
46 45 -4299927638505
46 47 -2782829657210
46 86 -878048
46 166 1742037
46 246 -1742037
46 326 0
46 406 -878048
47 7 439473
47 46 -2782829657210
47 48 -1818070328932
47 87 -877992
47 167 1741906
47 247 -1741906
47 327 0
47 407 -877992
48 8 439449
48 47 -1818070328932
48 49 -1194697783368
48 88 -877902
48 168 1741695
48 248 -1741695
48 328 0
48 408 -877902
49 9 439411
49 48 -1194697783368
49 50 -788063852094
49 89 -877758
49 169 1741360
49 249 -1741360
49 329 0
49 409 -877758
50 10 439351
50 49 -788063852094
50 51 -521199211844
50 90 -877533
50 170 1740835
50 250 -1740835
50 330 0
50 410 -877533
51 11 439257
51 50 -521199211844
51 52 -345348688739
51 91 -877184
51 171 1740020
51 251 -1740020
51 331 0
51 411 -877184
52 12 439113
52 51 -345348688739
52 53 -229142900855
52 92 -876645
52 172 1738764
52 252 -1738764
52 332 0
52 412 -876645
53 13 438892
53 52 -229142900855
53 54 -152194825609
53 93 -875820
53 173 1736840
53 253 -1736840
53 333 0
53 413 -875820
54 14 438555
54 53 -152194825609
54 55 -101165388437
54 94 -874562
54 174 1733908
54 254 -1733908
54 334 0
54 414 -874562
55 15 438042
55 54 -101165388437
55 56 -67286075811
55 95 -872650
55 175 1729455
55 255 -1729455
55 335 0
55 415 -872650
56 16 437266
56 55 -67286075811
56 57 -44773609418
56 96 -869758
56 176 1722722
56 256 -1722722
56 336 0
56 416 -869758
57 17 436093
57 56 -44773609418
57 58 -29804318910
57 97 -865396
57 177 1712580
57 257 -1712580
57 337 0
57 417 -865396
58 18 434326
58 57 -29804318910
58 59 -19845551919
58 98 -858841
58 178 1697369
58 258 -1697369
58 338 0
58 418 -858841
59 19 431671
59 58 -19845551919
59 60 -13217467034
59 99 -849033
59 179 1674678
59 259 -1674678
59 339 0
59 419 -849033
60 20 427697
60 59 -13217467034
60 61 -8804692159
60 100 -834438
60 180 1641065
60 260 -1641065
60 340 0
60 420 -834438
61 21 421776
61 60 -8804692159
61 62 -5866040913
61 101 -812881
61 181 1591755
61 261 -1591755
61 341 0
61 421 -812881
62 22 413005
62 61 -5866040913
62 63 -3908664059
62 102 -781382
62 182 1520416
62 262 -1520416
62 342 0
62 422 -781382
63 23 400127
63 62 -3908664059
63 64 -2604677039
63 103 -736076
63 183 1419283
63 263 -1419283
63 343 0
63 423 -736076
64 24 381460
64 63 -2604677039
64 65 -1735855755
64 104 -672434
64 184 1280129
64 264 -1280129
64 344 0
64 424 -672434
65 25 354910
65 64 -1735855755
65 66 -1156914119
65 105 -586200
65 185 1096921
65 265 -1096921
65 345 0
65 425 -586200
66 26 318222
66 65 -1156914119
66 67 -771100744
66 106 -475661
66 186 870889
66 266 -870889
66 346 0
66 426 -475661
67 27 269708
67 66 -771100744
67 68 -513971949
67 107 -345683
67 187 617439
67 267 -617439
67 347 0
67 427 -345683
68 28 209753
68 67 -513971949
68 69 -342596238
68 108 -212146
68 188 370392
68 268 -370392
68 348 0
68 428 -212146
69 29 143032
69 68 -342596238
69 70 -228369379
69 109 -100954
69 189 174183
69 269 -174183
69 349 0
69 429 -100954
70 30 79903
70 69 -228369379
70 71 -152230970
70 110 -33501
70 190 58280
70 270 -58280
70 350 0
70 430 -33501
71 31 33298
71 70 -152230970
71 72 -101479003
71 111 -7032
71 191 12610
71 271 -12610
71 351 0
71 431 -7032
72 32 9317
72 71 -101479003
72 73 -67648149
72 112 -878
72 192 1651
72 272 -1651
72 352 0
72 432 -878
73 33 1608
73 72 -67648149
73 74 -45096307
73 113 -63
73 193 127
73 273 -127
73 353 0
73 433 -63
74 34 163
74 73 -45096307
74 75 -30062867
74 114 -2
74 194 5
74 274 -5
74 354 0
74 434 -2
75 35 9
75 74 -30062867
75 76 -20041184
75 115 0
75 195 0
75 275 0
75 355 0
75 435 0
76 36 0
76 75 -20041184
76 77 -13360393
76 116 0
76 196 0
76 276 0
76 356 0
76 436 0
77 37 0
77 76 -13360393
77 78 -8906713
77 117 0
77 197 0
77 277 0
77 357 0
77 437 0
78 38 0
78 77 -8906713
78 79 -5937691
78 118 0
78 198 0
78 278 0
78 358 0
78 438 0
79 39 0
79 78 -5937691
79 80 -2154360
79 119 0
79 199 0
79 279 0
79 359 0
79 439 0
80 79 -2154360
80 280 0
80 360 0
80 440 0
81 1 -265118
81 41 -878120
81 82 -37567898326770
81 121 2391653
81 161 -1291353
81 201 -1430936
81 241 -2391653
81 481 -2391653
81 641 0
82 2 -265118
82 42 -878118
82 81 -37567898326770
82 83 -15164879747380
82 122 2391644
82 162 -1291350
82 202 -1430933
82 242 -2391644
82 482 -2391644
82 642 0
83 3 -265117
83 43 -878112
83 82 -15164879747380
83 84 -8544778139905
83 123 2391620
83 163 -1291342
83 203 -1430925
83 243 -2391620
83 483 -2391620
83 643 0
84 4 -265116
84 44 -878102
84 83 -8544778139905
84 85 -5255082065241
84 124 2391569
84 164 -1291326
84 204 -1430908
84 244 -2391569
84 484 -2391569
84 644 0
85 5 -265113
85 45 -878082
85 84 -5255082065241
85 86 -3344388163282
85 125 2391477
85 165 -1291297
85 205 -1430877
85 245 -2391477
85 485 -2391477
85 645 0
86 6 -265109
86 46 -878048
86 85 -3344388163282
86 87 -2164423066719
86 126 2391319
86 166 -1291248
86 206 -1430823
86 246 -2391319
86 486 -2391319
86 646 0
87 7 -265102
87 47 -877992
87 86 -2164423066719
87 88 -1414054700281
87 127 2391057
87 167 -1291165
87 207 -1430735
87 247 -2391057
87 487 -2391057
87 647 0
88 8 -265090
88 48 -877902
88 87 -1414054700281
88 89 -929209387064
88 128 2390633
88 168 -1291032
88 208 -1430591
88 248 -2390633
88 488 -2390633
88 648 0
89 9 -265072
89 49 -877758
89 88 -929209387064
89 90 -612938551629
89 129 2389960
89 169 -1290821
89 209 -1430364
89 249 -2389960
89 489 -2389960
89 649 0
90 10 -265044
90 50 -877533
90 89 -612938551629
90 91 -405377164768
90 130 2388906
90 170 -1290490
90 210 -1430008
90 250 -2388906
90 490 -2388906
90 650 0
91 11 -264999
91 51 -877184
91 90 -405377164768
91 92 -268604535685
91 131 2387270
91 171 -1289976
91 211 -1429454
91 251 -2387270
91 491 -2387270
91 651 0
92 12 -264931
92 52 -876645
92 91 -268604535685
92 93 -178222256221
92 132 2384749
92 172 -1289184
92 212 -1428602
92 252 -2384749
92 492 -2384749
92 652 0
93 13 -264826
93 53 -875820
93 92 -178222256221
93 94 -118373753251
93 133 2380889
93 173 -1287971
93 213 -1427295
93 253 -2380889
93 493 -2380889
93 653 0
94 14 -264666
94 54 -874562
94 93 -118373753251
94 95 -78684191006
94 134 2375009
94 174 -1286120
94 214 -1425303
94 254 -2375009
94 494 -2375009
94 654 0
95 15 -264422
95 55 -872650
95 94 -78684191006
95 96 -52333614520
95 135 2366089
95 175 -1283310
95 215 -1422278
95 255 -2366089
95 495 -2366089
95 655 0
96 16 -264053
96 56 -869758
96 95 -52333614520
96 97 -34823918436
96 136 2352617
96 176 -1279056
96 216 -1417698
96 256 -2352617
96 496 -2352617
96 656 0
97 17 -263495
97 57 -865396
97 96 -34823918436
97 98 -23181136930
97 137 2332359
97 177 -1272642
97 217 -1410791
97 257 -2332359
97 497 -2332359
97 657 0
98 18 -262653
98 58 -858841
98 97 -23181136930
98 99 -15435429270
98 138 2302058
98 178 -1263002
98 218 -1400411
98 258 -2302058
98 498 -2302058
98 658 0
99 19 -261386
99 59 -849033
99 98 -15435429270
99 100 -10280252138
99 139 2257031
99 179 -1248578
99 219 -1384876
99 259 -2257031
99 499 -2257031
99 659 0
100 20 -259485
100 60 -834438
100 99 -10280252138
100 101 -6848093901
100 140 2190725
100 180 -1227115
100 220 -1361754
100 260 -2190725
100 500 -2190725
100 660 0
101 21 -256641
101 61 -812881
101 100 -6848093901
101 102 -4562476266
101 141 2094326
101 181 -1195414
101 221 -1327590
101 261 -2094326
101 501 -2094326
101 661 0
102 22 -252403
102 62 -781382
102 101 -4562476266
102 103 -3040072046
102 142 1956776
102 182 -1149092
102 222 -1277639
102 262 -1956776
102 502 -1956776
102 662 0
103 23 -246128
103 63 -736076
103 102 -3040072046
103 104 -2025859919
103 143 1765900
103 183 -1082464
103 223 -1205727
103 263 -1765900
103 503 -1765900
103 663 0
104 24 -236913
104 64 -672434
104 103 -2025859919
104 105 -1350110031
104 144 1511896
104 184 -988873
104 224 -1104570
104 264 -1511896
104 504 -1511896
104 664 0
105 25 -223556
105 65 -586200
105 104 -1350110031
105 106 -899822093
105 145 1194729
105 185 -862058
105 225 -967195
105 265 -1194729
105 505 -1194729
105 665 0
106 26 -204581
106 66 -475661
106 105 -899822093
106 107 -599745023
106 146 835463
106 186 -699502
106 226 -790461
106 266 -835463
106 506 -835463
106 666 0
107 27 -178475
107 67 -345683
107 106 -599745023
107 108 -399755960
107 147 485195
107 187 -508358
107 227 -581382
107 267 -485195
107 507 -485195
107 667 0
108 28 -144395
108 68 -212146
108 107 -399755960
108 109 -266463740
108 148 213873
108 188 -311980
108 228 -364293
108 268 -213873
108 508 -213873
108 668 0
109 29 -103633
109 69 -100954
109 108 -266463740
109 110 -177620628
109 149 64327
109 189 -148462
109 229 -179997
109 269 -64327
109 509 -64327
109 669 0
110 30 -61520
110 70 -33501
110 109 -177620628
110 111 -118401865
110 150 12053
110 190 -49267
110 230 -63981
110 270 -12053
110 510 -12053
110 670 0
111 31 -27307
111 71 -7032
111 110 -118401865
111 112 -78928113
111 151 1335
111 191 -10341
111 231 -15136
111 271 -1335
111 511 -1335
111 671 0
112 32 -8076
112 72 -878
112 111 -78928113
112 113 -52615227
112 152 85
112 192 -1291
112 232 -2284
112 272 -85
112 512 -85
112 672 0
113 33 -1455
113 73 -63
113 112 -52615227
113 114 -35074905
113 153 3
113 193 -93
113 233 -216
113 273 -3
113 513 -3
113 673 0
114 34 -152
114 74 -2
114 113 -35074905
114 115 -23382230
114 154 0
114 194 -3
114 234 -12
114 274 0
114 514 0
114 674 0
115 35 -9
115 75 0
115 114 -23382230
115 116 -15587587
115 155 0
115 195 0
115 235 0
115 275 0
115 515 0
115 675 0
116 36 0
116 76 0
116 115 -15587587
116 117 -10391417
116 156 0
116 196 0
116 236 0
116 276 0
116 516 0
116 676 0
117 37 0
117 77 0
117 116 -10391417
117 118 -6927443
117 157 0
117 197 0
117 237 0
117 277 0
117 517 0
117 677 0
118 38 0
118 78 0
118 117 -6927443
118 119 -4618204
118 158 0
118 198 0
118 238 0
118 278 0
118 518 0
118 678 0
119 39 0
119 79 0
119 118 -4618204
119 120 -1675612
119 159 0
119 199 0
119 239 0
119 279 0
119 519 0
119 679 0
120 119 -1675612
120 240 0
120 280 0
120 520 0
120 680 0
121 1 2512181
121 81 2391653
121 122 -15027159330710
121 161 -1291353
121 241 -139511
121 281 -1435733
121 361 0
121 441 -1291353
121 481 -139511
122 2 2512172
122 82 2391644
122 121 -15027159330710
122 123 -6065951898953
122 162 -1291350
122 242 -139511
122 282 -1435727
122 362 0
122 442 -1291350
122 482 -139511
123 3 2512148
123 83 2391620
123 122 -6065951898953
123 124 -3417911255962
123 163 -1291342
123 243 -139510
123 283 -1435713
123 363 0
123 443 -1291342
123 483 -139510
124 4 2512099
124 84 2391569
124 123 -3417911255962
124 125 -2102032826096
124 164 -1291326
124 244 -139509
124 284 -1435683
124 364 0
124 444 -1291326
124 484 -139509
125 5 2512009
125 85 2391477
125 124 -2102032826096
125 126 -1337755265313
125 165 -1291297
125 245 -139507
125 285 -1435627
125 365 0
125 445 -1291297
125 485 -139507
126 6 2511854
126 86 2391319
126 125 -1337755265313
126 127 -865769226687
126 166 -1291248
126 246 -139503
126 286 -1435532
126 366 0
126 446 -1291248
126 486 -139503
127 7 2511597
127 87 2391057
127 126 -865769226687
127 128 -565621880112
127 167 -1291165
127 247 -139497
127 287 -1435375
127 367 0
127 447 -1291165
127 487 -139497
128 8 2511182
128 88 2390633
128 127 -565621880112
128 129 -371683754825
128 168 -1291032
128 248 -139487
128 288 -1435120
128 368 0
128 448 -1291032
128 488 -139487
129 9 2510524
129 89 2389960
129 128 -371683754825
129 130 -245175420651
129 169 -1290821
129 249 -139470
129 289 -1434717
129 369 0
129 449 -1290821
129 489 -139470
130 10 2509491
130 90 2388906
130 129 -245175420651
130 131 -162150865907
130 170 -1290490
130 250 -139445
130 290 -1434084
130 370 0
130 450 -1290490
130 490 -139445
131 11 2507889
131 91 2387270
131 130 -162150865907
131 132 -107441814274
131 171 -1289976
131 251 -139406
131 291 -1433101
131 371 0
131 451 -1289976
131 491 -139406
132 12 2505421
132 92 2384749
132 131 -107441814274
132 133 -71288902488
132 172 -1289184
132 252 -139345
132 292 -1431588
132 372 0
132 452 -1289184
132 492 -139345
133 13 2501641
133 93 2380889
133 132 -71288902488
133 134 -47349501300
133 173 -1287971
133 253 -139252
133 293 -1429271
133 373 0
133 453 -1287971
133 493 -139252
134 14 2495881
134 94 2375009
134 133 -47349501300
134 135 -31473676402
134 174 -1286120
134 254 -139111
134 294 -1425741
134 374 0
134 454 -1286120
134 494 -139111
135 15 2487140
135 95 2366089
135 134 -31473676402
135 136 -20933445808
135 175 -1283310
135 255 -138896
135 295 -1420386
135 375 0
135 455 -1283310
135 495 -138896
136 16 2473933
136 96 2352617
136 135 -20933445808
136 137 -13929567374
136 176 -1279056
136 256 -138570
136 296 -1412299
136 376 0
136 456 -1279056
136 496 -138570
137 17 2454061
137 97 2332359
137 136 -13929567374
137 138 -9272454772
137 177 -1272642
137 257 -138078
137 297 -1400138
137 377 0
137 457 -1272642
137 497 -138078
138 18 2424303
138 98 2302058
138 137 -9272454772
138 139 -6174171708
138 178 -1263002
138 258 -137338
138 298 -1381947
138 378 0
138 458 -1263002
138 498 -137338
139 19 2380015
139 99 2257031
139 138 -6174171708
139 140 -4112100855
139 179 -1248578
139 259 -136227
139 299 -1354917
139 379 0
139 459 -1248578
139 499 -136227
140 20 2314640
140 100 2190725
140 139 -4112100855
140 141 -2739237560
140 180 -1227115
140 260 -134569
140 300 -1315113
140 380 0
140 460 -1227115
140 500 -134569
141 21 2219255
141 101 2094326
141 140 -2739237560
141 142 -1824990506
141 181 -1195414
141 261 -132107
141 301 -1257243
141 381 0
141 461 -1195414
141 501 -132107
142 22 2082436
142 102 1956776
142 141 -1824990506
142 143 -1216028818
142 182 -1149092
142 262 -128481
142 302 -1174669
142 382 0
142 462 -1149092
142 502 -128481
143 23 1891111
143 103 1765900
143 142 -1216028818
143 144 -810343967
143 183 -1082464
143 263 -123199
143 303 -1060084
143 383 0
143 463 -1082464
143 503 -123199
144 24 1633676
144 104 1511896
144 143 -810343967
144 145 -540044012
144 184 -988873
144 264 -115637
144 304 -907601
144 384 0
144 464 -988873
144 504 -115637
145 25 1307173
145 105 1194729
145 144 -540044012
145 146 -359928837
145 185 -862058
145 265 -105082
145 305 -717202
145 385 0
145 465 -862058
145 505 -105082
146 26 929406
146 106 835463
146 145 -359928837
146 147 -239898009
146 186 -699502
146 266 -90913
146 306 -501530
146 386 0
146 466 -699502
146 506 -90913
147 27 550936
147 107 485195
147 146 -239898009
147 148 -159902384
147 187 -508358
147 267 -72986
147 307 -291263
147 387 0
147 467 -508358
147 507 -72986
148 28 248326
148 108 213873
148 147 -159902384
148 149 -106585496
148 188 -311980
148 268 -52286
148 308 -128388
148 388 0
148 468 -311980
148 508 -52286
149 29 76228
149 109 64327
149 148 -106585496
149 150 -71048251
149 189 -148462
149 269 -31519
149 309 -38615
149 389 0
149 469 -148462
149 509 -31519
150 30 14514
150 110 12053
150 149 -71048251
150 151 -47360746
150 190 -49267
150 270 -14706
150 310 -7235
150 390 0
150 470 -49267
150 510 -14706
151 31 1626
151 111 1335
151 150 -47360746
151 152 -31571245
151 191 -10341
151 271 -4792
151 311 -801
151 391 0
151 471 -10341
151 511 -4792
152 32 105
152 112 85
152 151 -31571245
152 153 -21046090
152 192 -1291
152 272 -992
152 312 -51
152 392 0
152 472 -1291
152 512 -992
153 33 3
153 113 3
153 152 -21046090
153 154 -14029962
153 193 -93
153 273 -122
153 313 -1
153 393 0
153 473 -93
153 513 -122
154 34 0
154 114 0
154 153 -14029962
154 155 -9352892
154 194 -3
154 274 -8
154 314 0
154 394 0
154 474 -3
154 514 -8
155 35 0
155 115 0
155 154 -9352892
155 156 -6235035
155 195 0
155 275 0
155 315 0
155 395 0
155 475 0
155 515 0
156 36 0
156 116 0
156 155 -6235035
156 157 -4156566
156 196 0
156 276 0
156 316 0
156 396 0
156 476 0
156 516 0
157 37 0
157 117 0
157 156 -4156566
157 158 -2770977
157 197 0
157 277 0
157 317 0
157 397 0
157 477 0
157 517 0
158 38 0
158 118 0
158 157 -2770977
158 159 -1847281
158 198 0
158 278 0
158 318 0
158 398 0
158 478 0
158 518 0
159 39 0
159 119 0
159 158 -1847281
159 160 -670244
159 199 0
159 279 0
159 319 0
159 399 0
159 479 0
159 519 0
160 159 -670244
160 280 0
160 320 0
160 400 0
160 480 0
160 520 0
161 1 -4778319
161 41 1742203
161 81 -1291353
161 121 -1291353
161 162 -26834213090550
161 241 -2585341
161 281 -671503
162 2 -4778302
162 42 1742199
162 82 -1291350
162 122 -1291350
162 161 -26834213090550
162 163 -10832056962420
162 242 -2585338
162 282 -671502
163 3 -4778257
163 43 1742187
163 83 -1291342
163 123 -1291342
163 162 -10832056962420
163 164 -6103412957075
163 243 -2585329
163 283 -671498
164 4 -4778165
164 44 1742162
164 84 -1291326
164 124 -1291326
164 163 -6103412957075
164 165 -3753630046601
164 244 -2585312
164 284 -671489
165 5 -4777997
165 45 1742116
165 85 -1291297
165 125 -1291297
165 164 -3753630046601
165 166 -2388848688058
165 245 -2585282
165 285 -671474
166 6 -4777708
166 46 1742037
166 86 -1291248
166 126 -1291248
166 165 -2388848688058
166 167 -1546016476228
166 246 -2585228
166 286 -671449
167 7 -4777229
167 47 1741906
167 87 -1291165
167 127 -1291165
167 166 -1546016476228
167 168 -1010039071629
167 247 -2585140
167 287 -671406
168 8 -4776454
168 48 1741695
168 88 -1291032
168 128 -1291032
168 167 -1010039071629
168 169 -663720990760
168 248 -2584998
168 288 -671337
169 9 -4775225
169 49 1741360
169 89 -1290821
169 129 -1290821
169 168 -663720990760
169 170 -437813251163
169 249 -2584772
169 289 -671227
170 10 -4773299
170 50 1740835
170 90 -1290490
170 130 -1290490
170 169 -437813251163
170 171 -289555117691
170 250 -2584417
170 290 -671055
171 11 -4770308
171 51 1740020
171 91 -1289976
171 131 -1289976
171 170 -289555117691
171 172 -191860382632
171 251 -2583867
171 291 -670787
172 12 -4765702
172 52 1738764
172 92 -1289184
172 132 -1289184
172 171 -191860382632
172 173 -127301611586
172 252 -2583019
172 292 -670375
173 13 -4758648
173 53 1736840
173 93 -1287971
173 133 -1287971
173 172 -127301611586
173 174 -84552680893
173 253 -2581720
173 293 -669744
174 14 -4747901
174 54 1733908
174 94 -1286120
174 134 -1286120
174 173 -84552680893
174 175 -56202993576
174 254 -2579737
174 294 -668782
175 15 -4731598
175 55 1729455
175 95 -1283310
175 135 -1283310
175 174 -56202993576
175 176 -37381153228
175 255 -2576723
175 295 -667321
176 16 -4706972
176 56 1722722
176 96 -1279056
176 136 -1279056
176 175 -37381153228
176 177 -24874227454
176 256 -2572156
176 296 -665109
177 17 -4669938
177 57 1712580
177 97 -1272642
177 137 -1272642
177 176 -24874227454
177 178 -16557954950
177 257 -2565256
177 297 -661773
178 18 -4614529
178 58 1697369
178 98 -1263002
178 138 -1263002
178 177 -16557954950
178 179 -11025306621
178 258 -2554860
178 298 -656761
179 19 -4532165
179 59 1674678
179 99 -1248578
179 139 -1248578
179 178 -11025306621
179 180 -7343037241
179 259 -2539245
179 299 -649260
180 20 -4410805
180 60 1641065
180 100 -1227115
180 140 -1227115
180 179 -7343037241
180 181 -4891495643
180 260 -2515869
180 300 -638099
181 21 -4234202
181 61 1591755
181 101 -1195414
181 141 -1195414
181 180 -4891495643
181 182 -3258911618
181 261 -2481036
181 301 -621615
182 22 -3981828
182 62 1520416
182 102 -1149092
182 142 -1149092
182 181 -3258911618
182 183 -2171480032
182 262 -2429444
182 302 -597527
183 23 -3630698
183 63 1419283
183 103 -1082464
183 143 -1082464
183 182 -2171480032
183 184 -1447042799
183 263 -2353693
183 303 -562881
184 24 -3161267
184 64 1280129
184 104 -988873
184 144 -988873
184 183 -1447042799
184 185 -964364308
184 264 -2243884
184 304 -514214
185 25 -2570004
185 65 1096921
185 105 -862058
185 145 -862058
185 184 -964364308
185 186 -642730066
185 265 -2087708
185 305 -448270
186 26 -1888768
186 66 870889
186 106 -699502
186 146 -699502
186 185 -642730066
186 187 -428389302
186 266 -1871898
186 306 -363741
187 27 -1200868
187 67 617439
187 107 -508358
187 147 -508358
187 186 -428389302
187 188 -285539971
187 267 -1586518
187 307 -264346
188 28 -626395
188 68 370392
188 108 -311980
188 148 -311980
188 187 -285539971
188 189 -190331243
188 268 -1233845
188 308 -162229
189 29 -254700
189 69 174183
189 109 -148462
189 149 -148462
189 188 -190331243
189 190 -126871877
189 269 -841366
189 309 -77200
190 30 -77381
190 70 58280
190 110 -49267
190 150 -49267
190 189 -126871877
190 191 -84572761
190 270 -470021
190 310 -25619
191 31 -16807
191 71 12610
191 111 -10341
191 151 -10341
191 190 -84572761
191 192 -56377224
191 271 -195872
191 311 -5377
192 32 -2486
192 72 1651
192 112 -1291
192 152 -1291
192 191 -56377224
192 193 -37582305
192 272 -54805
192 312 -671
193 33 -240
193 73 127
193 113 -93
193 153 -93
193 192 -37582305
193 194 -25053504
193 273 -9461
193 313 -48
194 34 -14
194 74 5
194 114 -3
194 154 -3
194 193 -25053504
194 195 -16701593
194 274 -962
194 314 -2
195 35 0
195 75 0
195 115 0
195 155 0
195 194 -16701593
195 196 -11133991
195 275 -56
195 315 0
196 36 0
196 76 0
196 116 0
196 156 0
196 195 -11133991
196 197 -7422440
196 276 -1
196 316 0
197 37 0
197 77 0
197 117 0
197 157 0
197 196 -7422440
197 198 -4948174
197 277 0
197 317 0
198 38 0
198 78 0
198 118 0
198 158 0
198 197 -4948174
198 199 -3298717
198 278 0
198 318 0
199 39 0
199 79 0
199 119 0
199 159 0
199 198 -3298717
199 200 -1196866
199 279 0
199 319 0
200 199 -1196866
200 280 0
201 1 -742878
201 81 -1430936
202 2 -742876
202 82 -1430933
203 3 -742872
203 83 -1430925
204 4 -742863
204 84 -1430908
205 5 -742848
205 85 -1430877
206 6 -742821
206 86 -1430823
207 7 -742777
207 87 -1430735
208 8 -742706
208 88 -1430591
209 9 -742593
209 89 -1430364
210 10 -742415
210 90 -1430008
211 11 -742140
211 91 -1429454
212 12 -741716
212 92 -1428602
213 13 -741065
213 93 -1427295
214 14 -740074
214 94 -1425303
215 15 -738568
215 95 -1422278
216 16 -736288
216 96 -1417698
217 17 -732849
217 97 -1410791
218 18 -727680
218 98 -1400411
219 19 -719942
219 99 -1384876
220 20 -708421
220 100 -1361754
221 21 -691388
221 101 -1327590
222 22 -666462
222 102 -1277639
223 23 -630528
223 103 -1205727
224 24 -579874
224 104 -1104570
225 25 -510853
225 105 -967195
226 26 -421579
226 106 -790461
227 27 -315023
227 107 -581382
228 28 -202698
228 108 -364293
229 29 -104755
229 109 -179997
230 30 -40071
230 110 -63981
231 31 -10543
231 111 -15136
232 32 -1808
232 112 -2284
233 33 -194
233 113 -216
234 34 -12
234 114 -12
235 35 0
235 115 0
236 36 0
236 116 0
237 37 0
237 117 0
238 38 0
238 118 0
239 39 0
239 119 0
240 40 0
240 120 0
241 41 -1742203
241 81 -2391653
241 121 -139511
241 161 -2585341
242 42 -1742199
242 82 -2391644
242 122 -139511
242 162 -2585338
243 43 -1742187
243 83 -2391620
243 123 -139510
243 163 -2585329
244 44 -1742162
244 84 -2391569
244 124 -139509
244 164 -2585312
245 45 -1742116
245 85 -2391477
245 125 -139507
245 165 -2585282
246 46 -1742037
246 86 -2391319
246 126 -139503
246 166 -2585228
247 47 -1741906
247 87 -2391057
247 127 -139497
247 167 -2585140
248 48 -1741695
248 88 -2390633
248 128 -139487
248 168 -2584998
249 49 -1741360
249 89 -2389960
249 129 -139470
249 169 -2584772
250 50 -1740835
250 90 -2388906
250 130 -139445
250 170 -2584417
251 51 -1740020
251 91 -2387270
251 131 -139406
251 171 -2583867
252 52 -1738764
252 92 -2384749
252 132 -139345
252 172 -2583019
253 53 -1736840
253 93 -2380889
253 133 -139252
253 173 -2581720
254 54 -1733908
254 94 -2375009
254 134 -139111
254 174 -2579737
255 55 -1729455
255 95 -2366089
255 135 -138896
255 175 -2576723
256 56 -1722722
256 96 -2352617
256 136 -138570
256 176 -2572156
257 57 -1712580
257 97 -2332359
257 137 -138078
257 177 -2565256
258 58 -1697369
258 98 -2302058
258 138 -137338
258 178 -2554860
259 59 -1674678
259 99 -2257031
259 139 -136227
259 179 -2539245
260 60 -1641065
260 100 -2190725
260 140 -134569
260 180 -2515869
261 61 -1591755
261 101 -2094326
261 141 -132107
261 181 -2481036
262 62 -1520416
262 102 -1956776
262 142 -128481
262 182 -2429444
263 63 -1419283
263 103 -1765900
263 143 -123199
263 183 -2353693
264 64 -1280129
264 104 -1511896
264 144 -115637
264 184 -2243884
265 65 -1096921
265 105 -1194729
265 145 -105082
265 185 -2087708
266 66 -870889
266 106 -835463
266 146 -90913
266 186 -1871898
267 67 -617439
267 107 -485195
267 147 -72986
267 187 -1586518
268 68 -370392
268 108 -213873
268 148 -52286
268 188 -1233845
269 69 -174183
269 109 -64327
269 149 -31519
269 189 -841366
270 70 -58280
270 110 -12053
270 150 -14706
270 190 -470021
271 71 -12610
271 111 -1335
271 151 -4792
271 191 -195872
272 72 -1651
272 112 -85
272 152 -992
272 192 -54805
273 73 -127
273 113 -3
273 153 -122
273 193 -9461
274 74 -5
274 114 0
274 154 -8
274 194 -962
275 75 0
275 115 0
275 155 0
275 195 -56
276 76 0
276 116 0
276 156 0
276 196 -1
277 77 0
277 117 0
277 157 0
277 197 0
278 78 0
278 118 0
278 158 0
278 198 0
279 79 0
279 119 0
279 159 0
279 199 0
280 80 0
280 120 0
280 160 0
280 200 0
281 1 477385
281 121 -1435733
281 161 -671503
281 282 -11807053759840
281 561 -671503
282 2 477383
282 122 -1435727
282 162 -671502
282 281 -11807053759840
282 283 -4766105063463
282 562 -671502
283 3 477376
283 123 -1435713
283 163 -671498
283 282 -4766105063463
283 284 -2685501701113
283 563 -671498
284 4 477362
284 124 -1435683
284 164 -671489
284 283 -2685501701113
284 285 -1651597220504
284 564 -671489
285 5 477337
285 125 -1435627
285 165 -671474
285 284 -1651597220504
285 286 -1051093422746
285 565 -671474
286 6 477294
286 126 -1435532
286 166 -671449
286 285 -1051093422746
286 287 -680247249540
286 566 -671449
287 7 477223
287 127 -1435375
287 167 -671406
287 286 -680247249540
287 288 -444417191516
287 567 -671406
288 8 477109
288 128 -1435120
288 168 -671337
288 287 -444417191516
288 289 -292037235934
288 568 -671337
289 9 476926
289 129 -1434717
289 169 -671227
289 288 -292037235934
289 290 -192637830512
289 569 -671227
290 10 476641
290 130 -1434084
290 170 -671055
290 289 -192637830512
290 291 -127404251784
290 570 -671055
291 11 476197
291 131 -1433101
291 171 -670787
291 290 -127404251784
291 292 -84418568358
291 571 -670787
292 12 475515
292 132 -1431588
292 172 -670375
292 291 -84418568358
292 293 -56012709098
292 572 -670375
293 13 474470
293 133 -1429271
293 173 -669744
293 292 -56012709098
293 294 -37203179593
293 573 -669744
294 14 472880
294 134 -1425741
294 174 -668782
294 293 -37203179593
294 295 -24729317173
294 574 -668782
295 15 470470
295 135 -1420386
295 175 -667321
295 294 -24729317173
295 296 -16447707420
295 575 -667321
296 16 466837
296 136 -1412299
296 176 -665109
296 295 -16447707420
296 297 -10944660080
296 576 -665109
297 17 461388
297 137 -1400138
297 177 -661773
297 296 -10944660080
297 298 -7285500178
297 577 -661773
298 18 453268
298 138 -1381947
298 178 -656761
298 297 -7285500178
298 299 -4851134913
298 578 -656761
299 19 441274
299 139 -1354917
299 179 -649260
299 298 -4851134913
299 300 -3230936386
299 579 -649260
300 20 423767
300 140 -1315113
300 180 -638099
300 299 -3230936386
300 301 -2152258083
300 580 -638099
301 21 398652
301 141 -1257243
301 181 -621615
301 300 -2152258083
301 302 -1433921112
301 581 -621615
302 22 363534
302 142 -1174669
302 182 -597527
302 301 -1433921112
302 303 -955451214
302 582 -597527
303 23 316264
303 143 -1060084
303 183 -562881
303 302 -955451214
303 304 -636698831
303 583 -562881
304 24 256194
304 144 -907601
304 184 -514214
304 303 -636698831
304 305 -424320295
304 584 -514214
305 25 186238
305 145 -717202
305 185 -448270
305 304 -424320295
305 306 -282801229
305 585 -448270
306 26 114922
306 146 -501530
306 186 -363741
306 305 -282801229
306 307 -188491293
306 586 -363741
307 27 55558
307 147 -291263
307 187 -264346
307 306 -188491293
307 308 -125637587
307 587 -264346
308 28 19015
308 148 -128388
308 188 -162229
308 307 -125637587
308 309 -83745747
308 588 -162229
309 29 4180
309 149 -38615
309 189 -77200
309 308 -83745747
309 310 -55823626
309 589 -77200
310 30 553
310 150 -7235
310 190 -25619
310 309 -55823626
310 311 -37212014
310 590 -25619
311 31 42
311 151 -801
311 191 -5377
311 310 -37212014
311 312 -24805978
311 591 -5377
312 32 1
312 152 -51
312 192 -671
312 311 -24805978
312 313 -16536214
312 592 -671
313 33 0
313 153 -1
313 193 -48
313 312 -16536214
313 314 -11023541
313 593 -48
314 34 0
314 154 0
314 194 -2
314 313 -11023541
314 315 -7348700
314 594 -2
315 35 0
315 155 0
315 195 0
315 314 -7348700
315 316 -4898956
315 595 0
316 36 0
316 156 0
316 196 0
316 315 -4898956
316 317 -3265873
316 596 0
317 37 0
317 157 0
317 197 0
317 316 -3265873
317 318 -2177196
317 597 0
318 38 0
318 158 0
318 198 0
318 317 -2177196
318 319 -1451435
318 598 0
319 39 0
319 159 0
319 199 0
319 318 -1451435
319 320 -967608
319 599 0
320 40 0
320 160 0
320 319 -967608
320 600 0
321 41 0
322 42 0
323 43 0
324 44 0
325 45 0
326 46 0
327 47 0
328 48 0
329 49 0
330 50 0
331 51 0
332 52 0
333 53 0
334 54 0
335 55 0
336 56 0
337 57 0
338 58 0
339 59 0
340 60 0
341 61 0
342 62 0
343 63 0
344 64 0
345 65 0
346 66 0
347 67 0
348 68 0
349 69 0
350 70 0
351 71 0
352 72 0
353 73 0
354 74 0
355 75 0
356 76 0
357 77 0
358 78 0
359 79 0
360 80 0
361 121 0
362 122 0
363 123 0
364 124 0
365 125 0
366 126 0
367 127 0
368 128 0
369 129 0
370 130 0
371 131 0
372 132 0
373 133 0
374 134 0
375 135 0
376 136 0
377 137 0
378 138 0
379 139 0
380 140 0
381 141 0
382 142 0
383 143 0
384 144 0
385 145 0
386 146 0
387 147 0
388 148 0
389 149 0
390 150 0
391 151 0
392 152 0
393 153 0
394 154 0
395 155 0
396 156 0
397 157 0
398 158 0
399 159 0
400 160 0
401 1 -439507
401 41 -878120
402 2 -439507
402 42 -878118
403 3 -439506
403 43 -878112
404 4 -439503
404 44 -878102
405 5 -439497
405 45 -878082
406 6 -439488
406 46 -878048
407 7 -439473
407 47 -877992
408 8 -439449
408 48 -877902
409 9 -439411
409 49 -877758
410 10 -439351
410 50 -877533
411 11 -439257
411 51 -877184
412 12 -439113
412 52 -876645
413 13 -438892
413 53 -875820
414 14 -438555
414 54 -874562
415 15 -438042
415 55 -872650
416 16 -437266
416 56 -869758
417 17 -436093
417 57 -865396
418 18 -434326
418 58 -858841
419 19 -431671
419 59 -849033
420 20 -427697
420 60 -834438
421 21 -421776
421 61 -812881
422 22 -413005
422 62 -781382
423 23 -400127
423 63 -736076
424 24 -381460
424 64 -672434
425 25 -354910
425 65 -586200
426 26 -318222
426 66 -475661
427 27 -269708
427 67 -345683
428 28 -209753
428 68 -212146
429 29 -143032
429 69 -100954
430 30 -79903
430 70 -33501
431 31 -33298
431 71 -7032
432 32 -9317
432 72 -878
433 33 -1608
433 73 -63
434 34 -163
434 74 -2
435 35 -9
435 75 0
436 36 0
436 76 0
437 37 0
437 77 0
438 38 0
438 78 0
439 39 0
439 79 0
440 40 0
440 80 0
441 1 -2989567
441 121 -1291353
442 2 -2989555
442 122 -1291350
443 3 -2989525
443 123 -1291342
444 4 -2989462
444 124 -1291326
445 5 -2989347
445 125 -1291297
446 6 -2989149
446 126 -1291248
447 7 -2988821
447 127 -1291165
448 8 -2988291
448 128 -1291032
449 9 -2987450
449 129 -1290821
450 10 -2986133
450 130 -1290490
451 11 -2984087
451 131 -1289976
452 12 -2980936
452 132 -1289184
453 13 -2976112
453 133 -1287971
454 14 -2968761
454 134 -1286120
455 15 -2957611
455 135 -1283310
456 16 -2940771
456 136 -1279056
457 17 -2915449
457 137 -1272642
458 18 -2877572
458 138 -1263002
459 19 -2821289
459 139 -1248578
460 20 -2738407
460 140 -1227115
461 21 -2617908
461 141 -1195414
462 22 -2445971
462 142 -1149092
463 23 -2207376
463 143 -1082464
464 24 -1889870
464 144 -988873
465 25 -1493412
465 145 -862058
466 26 -1044329
466 146 -699502
467 27 -606494
467 147 -508358
468 28 -267342
468 148 -311980
469 29 -80408
469 149 -148462
470 30 -15067
470 150 -49267
471 31 -1669
471 151 -10341
472 32 -107
472 152 -1291
473 33 -3
473 153 -93
474 34 0
474 154 -3
475 35 0
475 155 0
476 36 0
476 156 0
477 37 0
477 157 0
478 38 0
478 158 0
479 39 0
479 159 0
480 40 0
480 160 0
481 81 -2391653
481 121 -139511
482 82 -2391644
482 122 -139511
483 83 -2391620
483 123 -139510
484 84 -2391569
484 124 -139509
485 85 -2391477
485 125 -139507
486 86 -2391319
486 126 -139503
487 87 -2391057
487 127 -139497
488 88 -2390633
488 128 -139487
489 89 -2389960
489 129 -139470
490 90 -2388906
490 130 -139445
491 91 -2387270
491 131 -139406
492 92 -2384749
492 132 -139345
493 93 -2380889
493 133 -139252
494 94 -2375009
494 134 -139111
495 95 -2366089
495 135 -138896
496 96 -2352617
496 136 -138570
497 97 -2332359
497 137 -138078
498 98 -2302058
498 138 -137338
499 99 -2257031
499 139 -136227
500 100 -2190725
500 140 -134569
501 101 -2094326
501 141 -132107
502 102 -1956776
502 142 -128481
503 103 -1765900
503 143 -123199
504 104 -1511896
504 144 -115637
505 105 -1194729
505 145 -105082
506 106 -835463
506 146 -90913
507 107 -485195
507 147 -72986
508 108 -213873
508 148 -52286
509 109 -64327
509 149 -31519
510 110 -12053
510 150 -14706
511 111 -1335
511 151 -4792
512 112 -85
512 152 -992
513 113 -3
513 153 -122
514 114 0
514 154 -8
515 115 0
515 155 0
516 116 0
516 156 0
517 117 0
517 157 0
518 118 0
518 158 0
519 119 0
519 159 0
