%%MatrixMarket matrix coordinate integer general
%
765 765 30716
1 2 38365
1 3 13600
1 4 3854
1 5 3174
1 6 2500
1 7 9068
1 8 1856
1 9 17582
1 10 869
1 11 431034
1 12 554347
1 13 216312
1 14 88137
1 15 8137
1 16 8
1 17 4685
2 1 38365
2 3 6452
2 4 2173
2 5 1821
2 6 1461
2 7 1407
2 8 1107
2 9 564
2 10 541
2 11 89160
2 12 9004
2 13 155
2 14 208008
2 15 4344
2 16 5
2 17 4572
3 1 13600
3 2 6452
3 4 1209
3 5 1040
3 6 858
3 7 830
3 8 670
3 9 360
3 10 346
3 11 217
3 12 174
3 13 105
3 14 5760
3 15 186892
3 16 4
3 17 3682
4 1 3854
4 2 2173
4 3 1209
4 5 145
4 6 129
4 7 126
4 8 109
4 9 66
4 10 64
4 11 42
4 12 35
4 13 22567
4 14 7
4 15 6
4 16 1
4 17 746
5 1 3174
5 2 1821
5 3 1040
5 4 145
5 6 151
5 7 148
5 8 130
5 9 82
5 10 79
5 11 53
5 12 44
5 13 28
5 14 10
5 15 7
5 16 1
5 17 137
6 1 2500
6 2 1461
6 3 858
6 4 129
6 5 151
6 7 387
6 8 344
6 9 227
6 10 220
6 11 152
6 12 126
6 13 81
6 14 29
6 15 23
6 16 4
6 17 1387
7 1 9068
7 2 1407
7 3 830
7 4 126
7 5 148
7 6 387
7 8 372
7 9 248
7 10 241
7 11 166
7 12 138
7 13 89
7 14 32
7 15 25
7 16 24220
7 17 1606
8 1 1856
8 2 1107
8 3 670
8 4 109
8 5 130
8 6 344
8 7 372
8 9 132
8 10 128
8 11 91
8 12 76
8 13 50
8 14 18
8 15 14
8 16 2
8 17 515
9 1 17582
9 2 564
9 3 360
9 4 66
9 5 82
9 6 227
9 7 248
9 8 132
9 10 234
9 11 183
9 12 159
9 13 111
9 14 45
9 15 35
9 16 6
9 17 2797
10 1 869
10 2 541
10 3 346
10 4 64
10 5 79
10 6 220
10 7 241
10 8 128
10 9 234
10 11 77
10 12 67
10 13 47
10 14 19
10 15 15
10 16 2
10 17 443
11 1 431034
11 2 89160
11 3 217
11 4 42
11 5 53
11 6 152
11 7 166
11 8 91
11 9 183
11 10 77
11 12 7
11 13 5
11 14 2
11 15 2
11 16 80
11 17 68
12 1 554347
12 2 9004
12 3 174
12 4 35
12 5 44
12 6 126
12 7 138
12 8 76
12 9 159
12 10 67
12 11 7
12 13 5
12 14 2
12 15 1
12 16 0
12 17 135
13 1 216312
13 2 155
13 3 105
13 4 22567
13 5 28
13 6 81
13 7 89
13 8 50
13 9 111
13 10 47
13 11 5
13 12 5
13 14 1
13 15 0
13 16 0
13 17 24
14 1 88137
14 2 208008
14 3 5760
14 4 7
14 5 10
14 6 29
14 7 32
14 8 18
14 9 45
14 10 19
14 11 2
14 12 2
14 13 1
14 15 0
14 16 0
14 17 49
15 1 8137
15 2 4344
15 3 186892
15 4 6
15 5 7
15 6 23
15 7 25
15 8 14
15 9 35
15 10 15
15 11 2
15 12 1
15 13 0
15 14 0
15 16 0
15 17 180
16 1 8
16 2 5
16 3 4
16 4 1
16 5 1
16 6 4
16 7 24220
16 8 2
16 9 6
16 10 2
16 11 80
16 12 0
16 13 0
16 14 0
16 15 0
16 17 24
17 1 4685
17 2 4572
17 3 3682
17 4 746
17 5 137
17 6 1387
17 7 1606
17 8 515
17 9 2797
17 10 443
17 11 68
17 12 135
17 13 24
17 14 49
17 15 180
17 16 24
18 19 1486300
18 20 526915
18 21 149334
18 22 123012
18 23 96880
18 24 172288
18 25 71933
18 26 326536
18 27 33684
18 28 7995019
18 29 10288378
18 30 4002763
18 31 1633144
18 32 150398
18 33 327
18 34 86547
19 18 1486300
19 20 274245
19 21 92399
19 22 77411
19 23 62120
19 24 59817
19 25 47088
19 26 24008
19 27 23007
19 28 1812264
19 29 183013
19 30 6597
19 31 4222007
19 32 88872
19 33 252
19 34 92654
20 18 526915
20 19 274245
20 21 46879
20 22 40321
20 23 33275
20 24 32181
20 25 25978
20 26 13976
20 27 13430
20 28 8419
20 29 6757
20 30 4094
20 31 107170
20 32 3456028
20 33 169
20 34 68067
21 18 149334
21 19 92399
21 20 46879
21 22 6779
21 23 6031
21 24 5902
21 25 5089
21 26 3111
21 27 3008
21 28 2001
21 29 1642
21 30 502402
21 31 367
21 32 285
21 33 48
21 34 16609
22 18 123012
22 19 77411
22 20 40321
22 21 6779
22 23 6119
22 24 6003
22 25 5260
22 26 3322
22 27 3216
22 28 2170
22 29 1789
22 30 1140
22 31 409
22 32 318
22 33 54
22 34 2648
23 18 96880
23 19 62120
23 20 33275
23 21 6031
23 22 6119
23 24 16331
23 25 14527
23 26 9608
23 27 9323
23 28 6417
23 29 5329
23 30 3437
23 31 1255
23 32 980
23 33 170
23 34 27931
24 18 172288
24 19 59817
24 20 32181
24 21 5902
24 22 6003
24 23 16331
24 25 14509
24 26 9678
24 27 9395
24 28 6491
24 29 5398
24 30 3489
24 31 1278
24 32 999
24 33 449661
24 34 29821
25 18 71933
25 19 47088
25 20 25978
25 21 5089
25 22 5260
25 23 14527
25 24 14509
25 26 5443
25 27 5299
25 28 3761
25 29 3156
25 30 2073
25 31 775
25 32 608
25 33 108
25 34 10114
26 18 326536
26 19 24008
26 20 13976
26 21 3111
26 22 3322
26 23 9608
26 24 9678
26 25 5443
26 27 9123
26 28 7140
26 29 6220
26 30 4349
26 31 1758
26 32 1396
26 33 261
26 34 51910
27 18 33684
27 19 23007
27 20 13430
27 21 3008
27 22 3216
27 23 9323
27 24 9395
27 25 5299
27 26 9123
27 28 3122
27 29 2728
27 30 1917
27 31 780
27 32 620
27 33 116
27 34 8573
28 18 7995019
28 19 1812264
28 20 8419
28 21 2001
28 22 2170
28 23 6417
28 24 6491
28 25 3761
28 26 7140
28 27 3122
28 29 305
28 30 230
28 31 102
28 32 82
28 33 1528
28 34 1300
29 18 10288378
29 19 183013
29 20 6757
29 21 1642
29 22 1789
29 23 5329
29 24 5398
29 25 3156
29 26 6220
29 27 2728
29 28 305
29 30 204
29 31 95
29 32 77
29 33 15
29 34 2522
30 18 4002763
30 19 6597
30 20 4094
30 21 502402
30 22 1140
30 23 3437
30 24 3489
30 25 2073
30 26 4349
30 27 1917
30 28 230
30 29 204
30 31 41
30 32 34
30 33 7
30 34 472
31 18 1633144
31 19 4222007
31 20 107170
31 21 367
31 22 409
31 23 1255
31 24 1278
31 25 775
31 26 1758
31 27 780
31 28 102
31 29 95
31 30 41
31 32 19
31 33 5
31 34 969
32 18 150398
32 19 88872
32 20 3456028
32 21 285
32 22 318
32 23 980
32 24 999
32 25 608
32 26 1396
32 27 620
32 28 82
32 29 77
32 30 34
32 31 19
32 33 13
32 34 3343
33 18 327
33 19 252
33 20 169
33 21 48
33 22 54
33 23 170
33 24 449661
33 25 108
33 26 261
33 27 116
33 28 1528
33 29 15
33 30 7
33 31 5
33 32 13
33 34 466
34 18 86547
34 19 92654
34 20 68067
34 21 16609
34 22 2648
34 23 27931
34 24 29821
34 25 10114
34 26 51910
34 27 8573
34 28 1300
34 29 2522
34 30 472
34 31 969
34 32 3343
34 33 466
35 36 5213885
35 37 1848510
35 38 523925
35 39 431582
35 40 339904
35 41 430540
35 42 252382
35 43 801152
35 44 118187
35 45 19678898
35 46 25424382
35 47 9827637
35 48 4022866
35 49 367586
35 50 1148
35 51 211376
35 63 -28818
35 65 -2514
36 35 5213885
36 37 1016030
36 38 342345
36 39 286818
36 40 230166
36 41 221633
36 42 174471
36 43 88960
36 44 85249
36 45 4687373
36 46 473256
36 47 24449
36 48 10950644
36 49 231045
36 50 936
36 51 238999
37 35 1848510
37 36 1016030
37 38 166002
37 39 142783
37 40 117832
37 41 113960
37 42 91994
37 43 49495
37 44 47562
37 45 29818
37 46 23931
37 47 14500
37 48 265654
37 49 8533561
37 50 599
37 51 167803
38 35 523925
38 36 342345
38 37 166002
38 39 26595
38 40 23661
38 41 23154
38 42 19965
38 43 12207
38 44 11802
38 45 7852
38 46 6444
38 47 1373377
38 48 1442
38 49 1121
38 50 190
38 51 45366
39 35 431582
39 36 286818
39 37 142783
39 38 26595
39 40 21991
39 41 21574
39 42 18905
39 43 11939
39 44 11560
39 45 7800
39 46 6432
39 47 4097
39 48 1470
39 49 1146
39 50 197
39 51 6629
40 35 339904
40 36 230166
40 37 117832
40 38 23661
40 39 21991
40 41 59525
40 42 52949
40 43 35025
40 44 33985
40 45 23393
40 46 19428
40 47 12530
40 48 4575
40 49 3576
40 50 623
40 51 70901
41 35 430540
41 36 221633
41 37 113960
41 38 23154
41 39 21574
41 40 59525
41 42 51601
41 43 34423
41 44 33414
41 45 23088
41 46 19200
41 47 12411
41 48 4546
41 49 3555
41 50 1113654
41 51 73862
42 35 252382
42 36 174471
42 37 91994
42 38 19965
42 39 18905
42 40 52949
42 41 51601
42 43 19692
42 44 19170
42 45 13606
42 46 11419
42 47 7500
42 48 2806
42 49 2201
42 50 390
42 51 25482
43 35 801152
43 36 88960
43 37 49495
43 38 12207
43 39 11939
43 40 35025
43 41 34423
43 42 19692
43 44 32231
43 45 25226
43 46 21977
43 47 15364
43 48 6212
43 49 4934
43 50 924
43 51 127754
44 35 118187
44 36 85249
44 37 47562
44 38 11802
44 39 11560
44 40 33985
44 41 33414
44 42 19170
44 43 32231
44 45 11244
44 46 9826
44 47 6905
44 48 2809
44 49 2233
44 50 419
44 51 21508
45 35 19678898
45 36 4687373
45 37 29818
45 38 7852
45 39 7800
45 40 23393
45 41 23088
45 42 13606
45 43 25226
45 44 11244
45 46 1090
45 47 823
45 48 365
45 49 293
45 50 3821
45 51 3239
46 35 25424382
46 36 473256
46 37 23931
46 38 6444
46 39 6432
46 40 19428
46 41 19200
46 42 11419
46 43 21977
46 44 9826
46 45 1090
46 47 728
46 48 340
46 49 275
46 50 56
46 51 6248
46 63 471524
47 35 9827637
47 36 24449
47 37 14500
47 38 1373377
47 39 4097
47 40 12530
47 41 12411
47 42 7500
47 43 15364
47 44 6905
47 45 823
47 46 728
47 48 150
47 49 124
47 50 27
47 51 1178
48 35 4022866
48 36 10950644
48 37 265654
48 38 1442
48 39 1470
48 40 4575
48 41 4546
48 42 2806
48 43 6212
48 44 2809
48 45 365
48 46 340
48 47 150
48 49 72
48 50 21
48 51 2479
48 65 52251
49 35 367586
49 36 231045
49 37 8533561
49 38 1121
49 39 1146
49 40 3576
49 41 3555
49 42 2201
49 43 4934
49 44 2233
49 45 293
49 46 275
49 47 124
49 48 72
49 50 47
49 51 8273
50 35 1148
50 36 936
50 37 599
50 38 190
50 39 197
50 40 623
50 41 1113654
50 42 390
50 43 924
50 44 419
50 45 3821
50 46 56
50 47 27
50 48 21
50 49 47
50 51 1159
51 35 211376
51 36 238999
51 37 167803
51 38 45366
51 39 6629
51 40 70901
51 41 73862
51 42 25482
51 43 127754
51 44 21508
51 45 3239
51 46 6248
51 47 1178
51 48 2479
51 49 8273
51 50 1159
52 53 11087398
52 54 3931086
52 55 1114255
52 56 917874
52 57 722904
52 58 740381
52 59 536770
52 60 1356753
52 61 251370
52 62 33673080
52 63 43891620
52 64 16764727
52 65 6905858
52 66 620616
52 67 2442
52 68 356555
52 79 -60061
52 80 -240519
52 81 -20626
52 82 -22447
52 96 -79
52 97 -1098
52 98 -63
52 99 -121
53 52 11087398
53 54 2253386
53 55 759308
53 56 636156
53 57 510510
53 58 491585
53 59 386983
53 60 197322
53 61 189091
53 62 8267985
53 63 834403
53 64 54234
53 65 19507764
53 66 409217
53 67 2077
53 68 420474
53 70 36737
53 82 -36737
54 52 3931086
54 53 2253386
54 55 356870
54 56 306955
54 57 253318
54 58 244994
54 59 197774
54 60 106411
54 61 102255
54 62 64108
54 63 51452
54 64 31176
54 65 455132
54 66 14602204
54 67 1288
54 68 286144
54 88 46
54 100 -46
55 52 1114255
55 53 759308
55 54 356870
55 56 61188
55 57 54440
55 58 53272
55 59 45935
55 60 28087
55 61 27155
55 62 18069
55 63 14827
55 64 2508428
55 65 3319
55 66 2580
55 67 439
55 68 82796
56 52 917874
56 53 636156
56 54 306955
56 55 61188
56 57 47662
56 58 46758
56 59 40976
56 60 25878
56 61 25056
56 62 16906
56 63 13942
56 64 8881
56 65 3188
56 66 2484
56 67 427
56 68 11399
57 52 722904
57 53 510510
57 54 253318
57 55 54440
57 56 47662
57 58 129944
57 59 115592
57 60 76464
57 61 74194
57 62 51073
57 63 42416
57 64 27356
57 65 9990
57 66 7807
57 67 1360
57 68 122810
58 52 740381
58 53 491585
58 54 244994
58 55 53272
58 56 46758
58 57 129944
58 59 111473
58 60 74366
58 61 72187
58 62 49880
58 63 41480
58 64 26814
58 65 9823
58 66 7680
58 67 1908968
58 68 126603
59 52 536770
59 53 386983
59 54 197774
59 55 45935
59 56 40976
59 57 115592
59 58 111473
59 60 42833
59 61 41698
59 62 29595
59 63 24839
59 64 16314
59 65 6104
59 66 4790
59 67 850
59 68 43979
60 52 1356753
60 53 197322
60 54 106411
60 55 28087
60 56 25878
60 57 76464
60 58 74366
60 59 42833
60 61 69143
60 62 54116
60 63 47147
60 64 32962
60 65 13329
60 66 10585
60 67 1983
60 68 217512
61 52 251370
61 53 189091
61 54 102255
61 55 27155
61 56 25056
61 57 74194
61 58 72187
61 59 41698
61 60 69143
61 62 24408
61 63 21330
61 64 14989
61 65 6098
61 66 4847
61 67 911
61 68 37055
62 52 33673080
62 53 8267985
62 54 64108
62 55 18069
62 56 16906
62 57 51073
62 58 49880
62 59 29595
62 60 54116
62 61 24408
62 63 2369
62 64 1790
62 65 793
62 66 638
62 67 6613
62 68 5586
62 79 787832
62 96 2316
63 35 -28818
63 46 471524
63 52 43891620
63 53 834403
63 54 51452
63 55 14827
63 56 13942
63 57 42416
63 58 41480
63 59 24839
63 60 47147
63 61 21330
63 62 2369
63 64 1615
63 65 754
63 66 611
63 67 124
63 68 10987
63 80 1775269
63 86 -986704
63 97 32752
63 103 -4608889
63 114 4037884
63 120 -320486
63 131 282468
64 52 16764727
64 53 54234
64 54 31176
64 55 2508428
64 56 8881
64 57 27356
64 58 26814
64 59 16314
64 60 32962
64 61 14989
64 62 1790
64 63 1615
64 65 326
64 66 270
64 67 59
64 68 2032
64 81 294042
64 98 1803
65 35 -2514
65 48 52251
65 52 6905858
65 53 19507764
65 54 455132
65 55 3319
65 56 3188
65 57 9990
65 58 9823
65 59 6104
65 60 13329
65 61 6098
65 62 793
65 63 754
65 64 326
65 66 162
65 67 48
65 68 4394
65 70 -469521
65 82 675120
65 99 4160
65 103 -668668
65 116 576263
65 120 -173426
65 133 151484
66 52 620616
66 53 409217
66 54 14602204
66 55 2580
66 56 2484
66 57 7807
66 58 7680
66 59 4790
66 60 10585
66 61 4847
66 62 638
66 63 611
66 64 270
66 65 162
66 67 102
66 68 14174
66 88 -1872
66 100 1872
67 52 2442
67 53 2077
67 54 1288
67 55 439
67 56 427
67 57 1360
67 58 1908968
67 59 850
67 60 1983
67 61 911
67 62 6613
67 63 124
67 64 59
67 65 48
67 66 102
67 68 1995
68 52 356555
68 53 420474
68 54 286144
68 55 82796
68 56 11399
68 57 122810
68 58 126603
68 59 43979
68 60 217512
68 61 37055
68 62 5586
68 63 10987
68 64 2032
68 65 4394
68 66 14174
68 67 1995
69 70 18772584
69 71 6656207
69 72 1886778
69 73 1554256
69 74 1224120
69 75 1079195
69 76 908943
69 77 1951950
69 78 425671
69 79 49460584
69 80 65505088
69 81 24528764
69 82 10215238
69 83 890871
69 84 4136
69 85 511168
69 96 -328887
69 97 -1270801
69 98 -124401
69 99 -124064
69 113 -20075
69 114 -55659
69 115 -9434
69 116 -6291
70 53 36737
70 65 -469521
70 69 18772584
70 71 3934171
70 72 1325738
70 73 1110726
70 74 891356
70 75 858315
70 76 675685
70 77 344540
70 78 330168
70 79 12256226
70 80 1235886
70 81 94701
70 82 29516324
70 83 608530
70 84 3627
70 85 621598
70 87 213660
70 99 -213660
70 104 5180
70 116 -5180
70 121 3276281
70 133 -2886612
70 138 655517
70 150 -566634
71 69 6656207
71 70 3934171
71 72 610002
71 73 524686
71 74 433008
71 75 418780
71 76 338067
71 77 181901
71 78 174797
71 79 109590
71 80 87956
71 81 53296
71 82 661414
71 83 21272378
71 84 2202
71 85 414130
71 88 5775
71 100 -5775
71 105 4336
71 117 -4336
72 69 1886778
72 70 1325738
72 71 610002
72 73 110876
72 74 98649
72 75 96533
72 76 83239
72 77 50898
72 78 49209
72 79 32744
72 80 26870
72 81 3851623
72 82 6015
72 83 4677
72 84 796
72 85 127036
73 69 1554256
73 70 1110726
73 71 524686
73 72 110876
73 74 81900
73 75 80347
73 76 70412
73 77 44470
73 78 43058
73 79 29053
73 80 23960
73 81 15262
73 82 5479
73 83 4270
73 84 734
73 85 16589
74 69 1224120
74 70 891356
74 71 433008
74 72 98649
74 73 81900
74 75 224345
74 76 199569
74 77 132020
74 78 128101
74 79 88182
74 80 73237
74 81 47234
74 82 17250
74 83 13481
74 84 2350
74 85 179571
75 69 1079195
75 70 858315
75 71 418780
75 72 96533
75 73 80347
75 74 224345
75 76 191529
75 77 127777
75 78 124034
75 79 85706
75 80 71274
75 81 46074
75 82 16879
75 83 13198
75 84 2778539
75 85 184226
76 69 908943
76 70 675685
76 71 338067
76 72 83239
76 73 70412
76 74 199569
76 75 191529
76 77 73792
76 78 71838
76 79 50988
76 80 42795
76 81 28108
76 82 10518
76 83 8253
76 84 1465
76 85 64169
77 69 1951950
77 70 344540
77 71 181901
77 72 50898
77 73 44470
77 74 132020
77 75 127777
77 76 73792
77 78 118129
77 79 92459
77 80 80553
77 81 56319
77 82 22774
77 83 18087
77 84 3389
77 85 314806
78 69 425671
78 70 330168
78 71 174797
78 72 49209
78 73 43058
78 74 128101
78 75 124034
78 76 71838
78 77 118129
78 79 42012
78 80 36714
78 81 25801
78 82 10497
78 83 8344
78 84 1569
78 85 54030
79 52 -60061
79 62 787832
79 69 49460584
79 70 12256226
79 71 109590
79 72 32744
79 73 29053
79 74 88182
79 75 85706
79 76 50988
79 77 92459
79 78 42012
79 80 4184
79 81 3161
79 82 1401
79 83 1127
79 84 9921
79 85 8354
79 96 2193451
79 103 -375692
79 113 439421
79 120 -5864695
79 130 5200374
79 137 -2026260
79 147 1780417
80 52 -240519
80 63 1775269
80 69 65505088
80 70 1235886
80 71 87956
80 72 26870
80 73 23960
80 74 73237
80 75 71274
80 76 42795
80 77 80553
80 78 36714
80 79 4184
80 81 2862
80 82 1336
80 83 1083
80 84 220
80 85 16492
80 86 -45520
80 97 6194944
80 103 -7470813
80 114 961809
80 120 -3489839
80 131 2989290
80 137 -709659
80 148 592291
81 52 -20626
81 64 294042
81 69 24528764
81 70 94701
81 71 53296
81 72 3851623
81 73 15262
81 74 47234
81 75 46074
81 76 28108
81 77 56319
81 78 25801
81 79 3161
81 80 2862
81 82 582
81 83 482
81 84 106
81 85 3068
81 98 939939
81 115 209383
81 120 -2465922
81 132 2165449
81 137 -867099
81 149 770500
82 52 -22447
82 53 -36737
82 65 675120
82 69 10215238
82 70 29516324
82 71 661414
82 72 6015
82 73 5479
82 74 17250
82 75 16879
82 76 10518
82 77 22774
82 78 10497
82 79 1401
82 80 1336
82 81 582
82 83 293
82 84 86
82 85 6697
82 87 -1364263
82 99 2064526
82 103 -726617
82 104 -136094
82 116 262380
82 120 -772604
82 121 -3276281
82 133 3551500
82 137 -188103
82 138 -655517
82 150 722238
83 69 890871
83 70 608530
83 71 21272378
83 72 4677
83 73 4270
83 74 13481
83 75 13198
83 76 8253
83 77 18087
83 78 8344
83 79 1127
83 80 1083
83 81 482
83 82 293
83 84 177
83 85 20662
83 88 -107579
83 100 107579
83 105 -94790
83 117 94790
84 69 4136
84 70 3627
84 71 2202
84 72 796
84 73 734
84 74 2350
84 75 2778539
84 76 1465
84 77 3389
84 78 1569
84 79 9921
84 80 220
84 81 106
84 82 86
84 83 177
84 85 2914
85 69 511168
85 70 621598
85 71 414130
85 72 127036
85 73 16589
85 74 179571
85 75 184226
85 76 64169
85 77 314806
85 78 54030
85 79 8354
85 80 16492
85 81 3068
85 82 6697
85 83 20662
85 84 2914
86 63 -986704
86 80 -45520
86 87 27890492
86 88 9889551
86 89 2803431
86 90 2309376
86 91 1818861
86 92 1431742
86 93 1350568
86 94 2560471
86 95 632507
86 96 67202352
86 97 91057488
86 98 33159180
86 99 14031653
86 100 1167004
86 101 6147
86 102 668351
86 113 -2388320
86 114 -7413552
86 115 -926370
86 116 -787078
86 130 -186451
86 131 -392625
86 132 -77541
86 133 -48156
87 70 213660
87 82 -1364263
87 86 27890492
87 88 6010285
87 89 2025439
87 90 1696959
87 91 1361818
87 92 1311339
87 93 1032324
87 94 526407
87 95 504450
87 96 16530697
87 97 1664554
87 98 144697
87 99 41245168
87 100 822510
87 101 5543
87 102 835737
87 104 1685403
87 116 -1685403
87 121 65983
87 133 -65983
87 138 1969994
87 150 -1697000
87 155 749775
87 167 -611572
87 172 85472
87 184 -71132
88 54 46
88 66 -1872
88 71 5775
88 83 -107579
88 86 9889551
88 87 6010285
88 89 914739
88 90 786807
88 91 649334
88 92 627999
88 93 506967
88 94 272786
88 95 262133
88 96 164348
88 97 131906
88 98 79928
88 99 876051
88 100 28387258
88 101 3304
88 102 546514
88 105 90803
88 117 -90803
88 122 35168
88 134 -35168
88 156 1225875
88 168 -1086609
88 173 256607
88 185 -231040
89 86 2803431
89 87 2025439
89 88 914739
89 90 173500
89 91 154369
89 92 151058
89 93 130257
89 94 79650
89 95 77007
89 96 51242
89 97 42050
89 98 5308326
89 99 9413
89 100 7320
89 101 1246
89 102 174946
90 86 2309376
90 87 1696959
90 88 786807
90 89 173500
90 91 123317
90 92 120979
90 93 106021
90 94 66962
90 95 64835
90 96 43747
90 97 36079
90 98 22983
90 99 8251
90 100 6430
90 101 1105
90 102 21986
91 86 1818861
91 87 1361818
91 88 649334
91 89 154369
91 90 123317
91 92 338956
91 93 301528
91 94 199474
91 95 193553
91 96 133240
91 97 110659
91 98 71371
91 99 26066
91 100 20372
91 101 3551
91 102 238817
92 86 1431742
92 87 1311339
92 88 627999
92 89 151058
92 90 120979
92 91 338956
92 93 288755
92 94 192645
92 95 187003
92 96 129220
92 97 107461
92 98 69468
92 99 25451
92 100 19901
92 101 3689336
92 102 244480
93 86 1350568
93 87 1032324
93 88 506967
93 89 130257
93 90 106021
93 91 301528
93 92 288755
93 94 111331
93 95 108383
93 96 76928
93 97 64567
93 98 42409
93 99 15870
93 100 12452
93 101 2211
93 102 85218
94 86 2560471
94 87 526407
94 88 272786
94 89 79650
94 90 66962
94 91 199474
94 92 192645
94 93 111331
94 95 177209
94 96 138705
94 97 120844
94 98 84491
94 99 34167
94 100 27136
94 101 5084
94 102 415783
95 86 632507
95 87 504450
95 88 262133
95 89 77007
95 90 64835
95 91 193553
95 92 187003
95 93 108383
95 94 177209
95 96 63358
95 97 55369
95 98 38912
95 99 15832
95 100 12585
95 101 2367
95 102 71740
96 52 -79
96 62 2316
96 69 -328887
96 79 2193451
96 86 67202352
96 87 16530697
96 88 164348
96 89 51242
96 90 43747
96 91 133240
96 92 129220
96 93 76928
96 94 138705
96 95 63358
96 97 6468
96 98 4887
96 99 2166
96 100 1743
96 101 13539
96 102 11371
96 113 11221859
96 120 -6383340
96 130 2830044
96 137 -4924269
96 147 4349160
96 154 -1108875
96 164 955115
97 52 -1098
97 63 32752
97 69 -1270801
97 80 6194944
97 86 91057488
97 87 1664554
97 88 131906
97 89 42050
97 90 36079
97 91 110659
97 92 107461
97 93 64567
97 94 120844
97 95 55369
97 96 6468
97 98 4618
97 99 2156
97 100 1748
97 101 356
97 102 23419
97 103 -5839909
97 114 25833508
97 120 -8270936
97 131 4146079
97 137 -12201563
97 148 9553578
97 154 -18818060
97 165 14962336
97 171 -768655
97 182 624924
98 52 -63
98 64 1803
98 69 -124401
98 81 939939
98 86 33159180
98 87 144697
98 88 79928
98 89 5308326
98 90 22983
98 91 71371
98 92 69468
98 93 42409
98 94 84491
98 95 38912
98 96 4887
98 97 4618
98 99 901
98 100 745
98 101 164
98 102 4179
98 115 4834555
98 120 -2307117
98 132 1240396
98 137 -2939223
98 149 2588211
98 154 -820372
98 166 700721
99 52 -121
99 65 4160
99 69 -124064
99 70 -213660
99 82 2064526
99 86 14031653
99 87 41245168
99 88 876051
99 89 9413
99 90 8251
99 91 26066
99 92 25451
99 93 15870
99 94 34167
99 95 15832
99 96 2166
99 97 2156
99 98 901
99 100 465
99 101 137
99 102 9368
99 103 -431975
99 104 -7955592
99 116 11030241
99 120 -1448728
99 121 -1051665
99 133 1631127
99 137 -740190
99 138 -1969994
99 150 2282645
99 154 -2912023
99 155 -749775
99 167 2871337
99 171 -114616
99 172 -85472
99 184 163341
100 54 -46
100 66 1872
100 71 -5775
100 83 107579
100 86 1167004
100 87 822510
100 88 28387258
100 89 7320
100 90 6430
100 91 20372
100 92 19901
100 93 12452
100 94 27136
100 95 12585
100 96 1743
100 97 1748
100 98 745
100 99 465
100 101 270
100 102 27771
100 105 -1031636
100 117 1031636
100 122 -425320
100 134 425320
100 156 -1225875
100 168 1086609
100 173 -256607
100 185 231040
101 86 6147
101 87 5543
101 88 3304
101 89 1246
101 90 1105
101 91 3551
101 92 3689336
101 93 2211
101 94 5084
101 95 2367
101 96 13539
101 97 356
101 98 164
101 99 137
101 100 270
101 102 3880
102 86 668351
102 87 835737
102 88 546514
102 89 174946
102 90 21986
102 91 238817
102 92 244480
102 93 85218
102 94 415783
102 95 71740
102 96 11371
102 97 23419
102 98 4179
102 99 9368
102 100 27771
102 101 3880
103 63 -4608889
103 65 -668668
103 79 -375692
103 80 -7470813
103 82 -726617
103 97 -5839909
103 99 -431975
103 104 79249704
103 105 28111944
103 106 7972489
103 107 6567904
103 108 5173282
103 109 3293391
103 110 3841721
103 111 5741307
103 112 1799622
103 113 158867632
103 114 220241616
103 115 77807552
103 116 33613716
103 117 2606747
103 118 17515
103 119 1487641
103 130 -10099768
103 131 -25025024
103 132 -4079211
103 133 -2885499
103 147 -1050585
103 148 -1896208
103 149 -448076
103 150 -258910
104 70 5180
104 82 -136094
104 87 1685403
104 99 -7955592
104 103 79249704
104 105 17842640
104 106 6015551
104 107 5040291
104 108 4045180
104 109 3895290
104 110 3066745
104 111 1564172
104 112 1498948
104 113 38702500
104 114 3887089
104 115 430137
104 116 101927064
104 117 1936362
104 118 16495
104 119 1943824
104 121 7310255
104 133 -7310255
104 138 485317
104 150 -485317
104 155 13545065
104 167 -10709453
104 172 25464338
104 184 -20093098
104 189 6426129
104 201 -5104476
105 71 4336
105 83 -94790
105 88 90803
105 100 -1031636
105 103 28111944
105 104 17842640
105 106 2641304
105 107 2272051
105 108 1875223
105 109 1813635
105 110 1464226
105 111 788045
105 112 757280
105 113 474869
105 114 381159
105 115 231003
105 116 1998362
105 117 65454512
105 118 9559
105 119 1236189
105 122 466999
105 134 -466999
105 139 233579
105 151 -233579
105 156 3775944
105 168 -3329983
105 173 5591353
105 185 -4918197
105 190 1145259
105 202 -988491
106 103 7972489
106 104 6015551
106 105 2641304
106 107 540166
106 108 480658
106 109 470357
106 110 405626
106 111 248096
106 112 239868
106 113 159639
106 114 131012
106 115 12974048
106 116 29345
106 117 22821
106 118 3886
106 119 426851
107 103 6567904
107 104 5040291
107 105 2272051
107 106 540166
107 108 358417
107 109 351629
107 110 308187
107 111 194698
107 112 188517
107 113 127223
107 114 104930
107 115 66854
107 116 24012
107 117 18714
107 118 3220
107 119 50098
108 103 5173282
108 104 4045180
108 105 1875223
108 106 480658
108 107 358417
108 109 990715
108 110 881457
108 111 583280
108 112 565975
108 113 389679
108 114 323663
108 115 208787
108 116 76282
108 117 59622
108 118 10399
108 119 547335
109 103 3293391
109 104 3895290
109 105 1813635
109 106 470357
109 107 351629
109 108 990715
109 110 842793
109 111 562432
109 112 545968
109 113 377331
109 114 313819
109 115 202903
109 116 74364
109 117 58153
109 118 8450941
109 119 559452
110 103 3841721
110 104 3066745
110 105 1464226
110 106 405626
110 107 308187
110 108 881457
110 109 842793
110 111 324789
110 112 316195
110 113 224468
110 114 188415
110 115 123776
110 116 46335
110 117 36361
110 118 6460
110 119 194892
111 103 5741307
111 104 1564172
111 105 788045
111 106 248096
111 107 194698
111 108 583280
111 109 562432
111 110 324789
111 112 513291
111 113 401866
111 114 350149
111 115 244858
111 116 99056
111 117 78679
111 118 14751
111 119 944802
112 103 1799622
112 104 1498948
112 105 757280
112 106 239868
112 107 188517
112 108 565975
112 109 545968
112 110 316195
112 111 513291
112 113 184780
112 114 161495
112 115 113516
112 116 46202
112 117 36731
112 118 6913
112 119 164105
113 69 -20075
113 79 439421
113 86 -2388320
113 96 11221859
113 103 158867632
113 104 38702500
113 105 474869
113 106 159639
113 107 127223
113 108 389679
113 109 377331
113 110 224468
113 111 401866
113 112 184780
113 114 19834
113 115 14989
113 116 6647
113 117 5350
113 118 32761
113 119 27348
113 120 -6733704
113 130 34383360
113 137 -17232548
113 147 10307126
113 154 -7760821
113 164 6507804
113 171 -39040284
113 181 32029058
113 188 -8127930
113 198 6768539
114 63 4037884
114 69 -55659
114 80 961809
114 86 -7413552
114 97 25833508
114 103 220241616
114 104 3887089
114 105 381159
114 106 131012
114 107 104930
114 108 323663
114 109 313819
114 110 188415
114 111 350149
114 112 161495
114 113 19834
114 115 14515
114 116 6781
114 117 5497
114 118 1120
114 119 57713
114 120 -27157786
114 131 66131296
114 137 -20342560
114 148 12750385
114 154 -61742256
114 165 48815604
114 171 -61473988
114 182 47030348
114 188 -14438245
114 199 11115030
115 69 -9434
115 81 209383
115 86 -926370
115 98 4834555
115 103 77807552
115 104 430137
115 105 231003
115 106 12974048
115 107 66854
115 108 208787
115 109 202903
115 110 123776
115 111 244858
115 112 113516
115 113 14989
115 114 14515
115 116 2765
115 117 2289
115 118 504
115 119 10055
115 120 -1895550
115 132 14889132
115 137 -9058536
115 149 4697198
115 154 -2872654
115 166 2472083
115 171 -16392933
115 183 13201818
115 188 -8852604
115 200 7281844
116 65 576263
116 69 -6291
116 70 -5180
116 82 262380
116 86 -787078
116 87 -1685403
116 99 11030241
116 103 33613716
116 104 101927064
116 105 1998362
116 106 29345
116 107 24012
116 108 76282
116 109 74364
116 110 46335
116 111 99056
116 112 46202
116 113 6647
116 114 6781
116 115 2765
116 117 1471
116 118 434
116 119 23219
116 120 -3223011
116 121 -24135724
116 133 32394438
116 137 -1910772
116 138 -4613373
116 150 6555067
116 154 -7732119
116 155 -13545065
116 167 16691358
116 171 -9499648
116 172 -25464338
116 184 27153366
116 188 -3648903
116 189 -6426129
116 201 7853924
117 71 -4336
117 83 94790
117 88 -90803
117 100 1031636
117 103 2606747
117 104 1936362
117 105 65454512
117 106 22821
117 107 18714
117 108 59622
117 109 58153
117 110 36361
117 111 78679
117 112 36731
117 113 5350
117 114 5497
117 115 2289
117 116 1471
117 118 800
117 119 64442
117 122 -3065122
117 134 3065122
117 139 -2236874
117 151 2236874
117 156 -3775944
117 168 3329983
117 173 -5591353
117 185 4918197
117 190 -1145259
117 202 988491
118 103 17515
118 104 16495
118 105 9559
118 106 3886
118 107 3220
118 108 10399
118 109 8450941
118 110 6460
118 111 14751
118 112 6913
118 113 32761
118 114 1120
118 115 504
118 116 434
118 117 800
118 119 8947
119 103 1487641
119 104 1943824
119 105 1236189
119 106 426851
119 107 50098
119 108 547335
119 109 559452
119 110 194892
119 111 944802
119 112 164105
119 113 27348
119 114 57713
119 115 10055
119 116 23219
119 117 64442
119 118 8947
120 63 -320486
120 65 -173426
120 79 -5864695
120 80 -3489839
120 81 -2465922
120 82 -772604
120 96 -6383340
120 97 -8270936
120 98 -2307117
120 99 -1448728
120 113 -6733704
120 114 -27157786
120 115 -1895550
120 116 -3223011
120 121 163180720
120 122 57907536
120 123 16429641
120 124 13535963
120 125 10662596
120 126 5778490
120 127 7918906
120 128 9837933
120 129 3710460
120 130 293132352
120 131 403293248
120 132 142606512
120 133 61833748
120 134 4457367
120 135 36164
120 136 2530248
120 147 -30223984
120 148 -62855636
120 149 -12832938
120 150 -7654857
120 164 -4886416
120 165 -5617578
120 166 -2117648
120 167 -990028
120 168 -1173
121 70 3276281
121 82 -3276281
121 87 65983
121 99 -1051665
121 104 7310255
121 116 -24135724
121 120 163180720
121 122 38083080
121 123 12845198
121 124 10763396
121 125 8639050
121 126 8319052
121 127 6550110
121 128 3341614
121 129 3202318
121 130 68825008
121 131 6881914
121 132 919316
121 133 194789328
121 134 3455332
121 135 35292
121 136 3427639
121 138 22046370
121 150 -22046370
121 155 2336550
121 164 -16702
121 167 -2319848
121 172 53511516
121 184 -42603260
121 189 52313368
121 201 -40304744
121 206 12313984
121 218 -9559126
122 88 35168
122 100 -425320
122 105 466999
122 117 -3065122
122 120 57907536
122 121 38083080
122 123 5519476
122 124 4748172
122 125 3919189
122 126 3790522
122 127 3060514
122 128 1647549
122 129 1583253
122 130 992978
122 131 797086
122 132 483161
122 133 3477988
122 134 116519528
122 135 20014
122 136 2133878
122 139 1993690
122 151 -1993690
122 156 1061784
122 168 -1061784
122 173 12159081
122 185 -10771841
122 190 4156770
122 202 -3553050
122 207 929040
122 219 -786528
123 120 16429641
123 121 12845198
123 122 5519476
123 124 1197886
123 125 1066041
123 126 1043212
123 127 899733
123 128 550445
123 129 532196
123 130 354252
123 131 290749
123 132 23824720
123 133 65159
123 134 50678
123 135 8636
123 136 782264
124 120 13535963
124 121 10763396
124 122 4748172
124 123 1197886
124 125 752451
124 126 738216
124 127 647084
124 128 408899
124 129 395925
124 130 267240
124 131 220429
124 132 140465
124 133 50470
124 134 39338
124 135 6772
124 136 86947
125 120 10662596
125 121 8639050
125 122 3919189
125 123 1066041
125 124 752451
125 126 2088703
125 127 1858646
125 128 1230241
125 129 1193760
125 130 822056
125 131 682843
125 132 440561
125 133 161022
125 134 125866
125 135 21966
125 136 954117
126 120 5778490
126 121 8319052
126 122 3790522
126 123 1043212
126 124 738216
126 125 2088703
126 127 1779655
126 128 1187969
126 129 1153212
126 130 797148
126 131 663025
126 132 428759
126 133 157198
126 134 122941
126 135 14780704
126 136 976659
127 120 7918906
127 121 6550110
127 122 3060514
127 123 899733
127 124 647084
127 125 1858646
127 126 1779655
127 128 684007
127 129 665918
127 130 472822
127 131 396910
127 132 260789
127 133 97662
127 134 76645
127 135 13626
127 136 339287
128 120 9837933
128 121 3341614
128 122 1647549
128 123 550445
128 124 408899
128 125 1230241
128 126 1187969
128 127 684007
128 129 1078362
128 130 844490
128 131 735875
128 132 514688
128 133 208291
128 134 165457
128 135 31038
128 136 1641996
129 120 3710460
129 121 3202318
129 122 1583253
129 123 532196
129 124 395925
129 125 1193760
129 126 1153212
129 127 665918
129 128 1078362
129 130 389313
129 131 340283
129 132 239231
129 133 97406
129 134 77446
129 135 14585
129 136 285964
130 79 5200374
130 86 -186451
130 96 2830044
130 103 -10099768
130 113 34383360
130 120 293132352
130 121 68825008
130 122 992978
130 123 354252
130 124 267240
130 125 822056
130 126 797148
130 127 472822
130 128 844490
130 129 389313
130 131 44585
130 132 33702
130 133 14952
130 134 12036
130 135 61269
130 136 50846
130 137 -31299230
130 147 76443552
130 154 -17346080
130 155 -405047
130 164 31447114
130 171 -61734572
130 181 50902176
130 188 -74143152
130 198 60069192
130 205 -49663948
130 215 40308332
130 222 -1899656
130 232 1584054
131 63 282468
131 80 2989290
131 86 -392625
131 97 4146079
131 103 -25025024
131 114 66131296
131 120 403293248
131 121 6881914
131 122 797086
131 123 290749
131 124 220429
131 125 682843
131 126 663025
131 127 396910
131 128 735875
131 129 340283
131 130 44585
131 132 33649
131 133 15727
131 134 12750
131 135 2600
131 136 110614
131 137 -47591616
131 148 138254208
131 154 -99269648
131 165 28705558
131 171 -125253664
131 182 97814504
131 188 -57590224
131 199 44210536
131 205 -34303468
131 216 25518734
131 222 -3547338
131 233 2815854
132 81 2165449
132 86 -77541
132 98 1240396
132 103 -4079211
132 115 14889132
132 120 142606512
132 121 919316
132 122 483161
132 123 23824720
132 124 140465
132 125 440561
132 126 428759
132 127 260789
132 128 514688
132 129 239231
132 130 33702
132 131 33649
132 133 6227
132 134 5156
132 135 1137
132 136 18719
132 137 -12506945
132 149 34120912
132 154 -10845704
132 166 14599638
132 171 -20952612
132 183 16996190
132 188 -38424740
132 200 31011178
132 205 -25951332
132 217 20934960
132 222 -1731916
132 234 1435313
133 65 151484
133 70 -2886612
133 82 3551500
133 86 -48156
133 87 -65983
133 99 1631127
133 103 -2885499
133 104 -7310255
133 116 32394438
133 120 61833748
133 121 194789328
133 122 3477988
133 123 65159
133 124 50470
133 125 161022
133 126 157198
133 127 97662
133 128 208291
133 129 97406
133 130 14952
133 131 15727
133 132 6227
133 134 3409
133 135 1008
133 136 44496
133 137 -7387725
133 138 -54887256
133 150 72476320
133 154 -9244761
133 155 -14268990
133 167 19433130
133 171 -18255248
133 172 -53511516
133 184 56599140
133 188 -14101285
133 189 -52313368
133 201 50795508
133 205 -5068562
133 206 -12313984
133 218 13214893
133 222 -638953
133 235 483051
134 88 -35168
134 100 425320
134 105 -466999
134 117 3065122
134 120 4457367
134 121 3455332
134 122 116519528
134 123 50678
134 124 39338
134 125 125866
134 126 122941
134 127 76645
134 128 165457
134 129 77446
134 130 12036
134 131 12750
134 132 5156
134 133 3409
134 135 1727
134 136 114904
134 139 -9478286
134 151 9478286
134 156 -8292246
134 168 8317993
134 173 -12159081
134 185 10771841
134 190 -4156770
134 202 3553050
134 207 -929040
134 219 786528
135 120 36164
135 121 35292
135 122 20014
135 123 8636
135 124 6772
135 125 21966
135 126 14780704
135 127 13626
135 128 31038
135 129 14585
135 130 61269
135 131 2600
135 132 1137
135 133 1008
135 134 1727
135 136 15748
136 120 2530248
136 121 3427639
136 122 2133878
136 123 782264
136 124 86947
136 125 954117
136 126 976659
136 127 339287
136 128 1641996
136 129 285964
136 130 50846
136 131 110614
136 132 18719
136 133 44496
136 134 114904
136 135 15748
137 79 -2026260
137 80 -709659
137 81 -867099
137 82 -188103
137 96 -4924269
137 97 -12201563
137 98 -2939223
137 99 -740190
137 113 -17232548
137 114 -20342560
137 115 -9058536
137 116 -1910772
137 130 -31299230
137 131 -47591616
137 132 -12506945
137 133 -7387725
137 138 292376288
137 139 103803664
137 140 29466594
137 141 24278636
137 142 19126638
137 143 9127754
137 144 14206635
137 145 15205935
137 146 6658557
137 147 486084544
137 148 677382208
137 149 237753232
137 150 102857712
137 151 6891399
137 152 65009
137 153 3881238
137 164 -79590000
137 165 -161660816
137 166 -35223476
137 167 -19592846
137 168 -2788
137 181 -15444703
137 182 -13251371
137 183 -7075297
137 184 -2208576
137 185 -5710
138 70 655517
138 82 -655517
138 87 1969994
138 99 -1969994
138 104 485317
138 116 -4613373
138 121 22046370
138 133 -54887256
138 137 292376288
138 139 70283384
138 140 23718570
138 141 19876064
138 142 15954673
138 143 15363939
138 144 12098202
138 145 6173727
138 146 5916479
138 147 109986400
138 148 10919980
138 149 1699320
138 150 329811712
138 151 5524975
138 152 65316
138 153 5416668
138 155 59784360
138 164 -55795
138 167 -59728564
138 172 6067692
138 181 -95507
138 184 -5972185
138 189 100237416
138 201 -78795808
138 206 46698676
138 218 -35818940
138 223 21587244
138 235 -16324849
138 240 19226
138 252 -15302
139 105 233579
139 117 -2236874
139 122 1993690
139 134 -9478286
139 137 103803664
139 138 70283384
139 140 10018744
139 141 8619377
139 142 7115199
139 143 6881718
139 144 5556943
139 145 2992262
139 146 2875537
139 147 1803821
139 148 1448099
139 149 877955
139 150 5448508
139 151 189385136
139 152 36412
139 153 3316188
139 156 7974582
139 168 -7974582
139 173 2810930
139 185 -2810930
139 190 10365033
139 202 -9048570
139 207 9829902
139 219 -7873075
139 224 41377916
139 236 -33195566
139 241 3491592
139 253 -2847532
140 137 29466594
140 138 23718570
140 139 10018744
140 141 2281580
140 142 2030731
140 143 1987282
140 144 1714158
140 145 1049002
140 146 1014241
140 147 675255
140 148 554260
140 149 38967144
140 150 124293
140 151 96679
140 152 16486
140 153 1276276
141 137 24278636
141 138 19876064
141 139 8619377
141 140 2281580
141 142 1370954
141 143 1345051
141 144 1179159
141 145 745344
141 146 721708
141 147 487233
141 148 401923
141 149 256173
141 150 92084
141 151 71780
141 152 12367
141 153 135744
142 137 19126638
142 138 15954673
142 139 7115199
142 140 2030731
142 141 1370954
142 143 3819077
142 144 3399053
142 145 2250559
142 146 2183862
142 147 1504172
142 148 1249559
142 149 806362
142 150 294848
142 151 230497
142 152 40254
142 153 1495170
143 137 9127754
143 138 15363939
143 139 6881718
143 140 1987282
143 141 1345051
143 142 3819077
143 144 3263301
143 145 2179057
143 146 2115341
143 147 1462507
143 148 1216547
143 149 786865
143 150 288617
143 151 225743
143 152 23297598
143 153 1534639
144 137 14206635
144 138 12098202
144 139 5556943
144 140 1714158
144 141 1179159
144 142 3399053
144 143 3263301
144 145 1249908
144 146 1216877
144 147 864198
144 148 725518
144 149 476797
144 150 178631
144 151 140204
144 152 24943
144 153 531200
145 137 15205935
145 138 6173727
145 139 2992262
145 140 1049002
145 141 745344
145 142 2250559
145 143 2179057
145 144 1249908
145 146 1971698
145 147 1544555
145 148 1346038
145 149 941650
145 150 381246
145 151 302876
145 152 56856
145 153 2574304
146 137 6658557
146 138 5916479
146 139 2875537
146 140 1014241
146 141 721708
146 142 2183862
146 143 2115341
146 144 1216877
146 145 1971698
146 147 712051
146 148 622441
146 149 437691
146 150 178290
146 151 141770
146 152 26717
146 153 448362
147 79 1780417
147 96 4349160
147 103 -1050585
147 113 10307126
147 120 -30223984
147 130 76443552
147 137 486084544
147 138 109986400
147 139 1803821
147 140 675255
147 141 487233
147 142 1504172
147 143 1462507
147 144 864198
147 145 1544555
147 146 712051
147 148 87691
147 149 66303
147 150 29429
147 151 23691
147 152 103894
147 153 85732
147 154 -62039012
147 155 -809203
147 164 167491104
147 171 -62378388
147 172 -1469202
147 181 70254392
147 188 -134907040
147 198 111560312
147 205 -100319512
147 215 81786040
147 222 -44623504
147 232 35703744
147 239 -18891850
147 249 15413862
148 80 592291
148 97 9553578
148 103 -1896208
148 114 12750385
148 120 -62855636
148 131 138254208
148 137 677382208
148 138 10919980
148 139 1448099
148 140 554260
148 141 401923
148 142 1249559
148 143 1216547
148 144 725518
148 145 1346038
148 146 622441
148 147 87691
148 149 69367
148 150 32437
148 151 26300
148 152 5367
148 153 195403
148 154 -125710816
148 165 312813280
148 171 -232247504
148 182 52455880
148 188 -141599456
148 199 111635144
148 205 -59289676
148 216 44814564
148 222 -25288494
148 233 19362376
148 239 -11455544
148 250 8960445
149 81 770500
149 98 2588211
149 103 -448076
149 115 4697198
149 120 -12832938
149 132 34120912
149 137 237753232
149 138 1699320
149 139 877955
149 140 38967144
149 141 256173
149 142 806362
149 143 786865
149 144 476797
149 145 941650
149 146 437691
149 147 66303
149 148 69367
149 150 12264
149 151 10154
149 152 2242
149 153 31585
149 154 -30604900
149 166 75760936
149 171 -21691436
149 183 34106348
149 188 -62352020
149 200 51260688
149 205 -59210400
149 217 47879212
149 222 -26613408
149 234 21391018
149 239 -5136752
149 251 4215523
150 70 -566634
150 82 722238
150 87 -1697000
150 99 2282645
150 103 -258910
150 104 -485317
150 116 6555067
150 120 -7654857
150 121 -22046370
150 133 72476320
150 137 102857712
150 138 329811712
150 139 5448508
150 140 124293
150 141 92084
150 142 294848
150 143 288617
150 144 178631
150 145 381246
150 146 178290
150 147 29429
150 148 32437
150 149 12264
150 151 7007
