%%MatrixMarket matrix coordinate integer general
%
1224 1224 11644
1 2 -26424145
1 3 0
1 4 84016
1 33 0
1 34 84016
1 265 276
1 266 26255233
2 1 -26424145
2 3 -243
2 4 6691284
2 33 -243
2 34 6690513
2 265 -1421
2 266 2772471
3 1 0
3 2 -243
3 4 -871510
3 5 1
3 6 59035
3 35 1
3 36 59035
3 267 568
3 268 668673
4 1 84016
4 2 6691284
4 3 -871510
4 5 -213
4 6 5809234
4 35 -130
4 36 3537049
4 267 -973
4 268 -220265
5 3 1
5 4 -213
5 6 -389327
5 7 3
5 8 38144
5 37 3
5 38 38144
5 269 1120
5 270 253369
6 3 59035
6 4 5809234
6 5 -389327
6 7 -658
6 8 3160613
6 37 -277
6 38 1333371
6 269 -2353
6 270 -532257
7 5 3
7 6 -658
7 8 -685798
7 9 8
7 10 21628
7 39 8
7 40 21628
7 271 2669
7 272 603899
8 5 38144
8 6 3160613
8 7 -685798
8 9 -910
8 10 2353142
8 39 -311
8 40 804736
8 271 -1422
8 272 -321661
9 7 8
9 8 -910
9 10 -1327780
9 11 18
9 12 10989
9 41 18
9 42 10989
9 273 5675
9 274 1283826
10 7 21628
10 8 2353142
10 9 -1327780
10 11 -1235
10 12 1195781
10 41 -385
10 42 372907
10 273 -711
10 274 -160975
11 9 18
11 10 -1235
11 12 -1947195
11 13 27
11 14 6983
11 43 27
11 44 6983
11 275 8497
11 276 1922039
12 9 10989
12 10 1195781
12 11 -1947195
12 13 -124
12 14 276517
12 43 -36
12 44 80382
12 275 -18
12 276 -4241
13 11 27
13 12 -124
13 14 -1986118
13 15 27
13 16 6292
13 45 27
13 46 6292
13 277 8693
13 278 1966412
14 11 6983
14 12 276517
14 13 -1986118
14 15 -25
14 16 -5678
14 45 -7
14 46 -1796
14 277 -2
14 278 -536
15 13 27
15 14 -25
15 16 -1997116
15 17 27
15 18 6329
15 47 27
15 48 6329
15 279 8744
15 280 1978033
16 13 6292
16 14 -5678
16 15 -1997116
16 17 6329
16 47 6329
16 279 1978033
17 15 27
17 16 6329
17 18 -2004220
17 19 28
17 20 6352
17 49 28
17 50 6352
17 281 8775
17 282 1985054
18 15 6329
18 17 -2004220
18 19 6352
18 49 6352
18 281 1985054
19 17 28
19 18 6352
19 20 -2001349
19 51 28
19 52 6363
19 283 8791
19 284 1988502
20 17 6352
20 19 -2001349
20 51 6363
20 283 1988502
21 22 -5512714
21 23 9
21 24 2202
21 53 9
21 54 2202
21 229 4
21 230 1095
21 247 4
21 248 1095
21 285 24342
21 286 5506113
22 21 -5512714
22 23 2202
22 53 2202
22 229 1095
22 247 1095
22 285 5506113
23 21 9
23 22 2202
23 24 -5526895
23 25 9
23 26 2207
23 55 9
23 56 2207
23 229 4
23 230 1095
23 287 24399
23 288 5519177
24 21 2202
24 23 -5526895
24 25 2207
24 55 2207
24 229 1095
24 287 5519177
25 23 9
25 24 2207
25 26 -5540403
25 27 9
25 28 2213
25 57 9
25 58 2213
25 229 4
25 230 1095
25 289 24459
25 290 5532669
26 23 2207
26 25 -5540403
26 27 2213
26 57 2213
26 229 1095
26 289 5532669
27 25 9
27 26 2213
27 28 -5555518
27 29 9
27 30 2219
27 59 9
27 60 2219
27 231 4
27 232 1100
27 291 24526
27 292 5547761
28 25 2213
28 27 -5555518
28 29 2219
28 59 2219
28 231 1100
28 291 5547761
29 27 9
29 28 2219
29 30 -5565015
29 31 9
29 32 2222
29 61 9
29 62 2222
29 231 4
29 232 1100
29 293 24568
29 294 5557244
30 27 2219
30 29 -5565015
30 31 2222
30 61 2222
30 231 1100
30 293 5557244
31 29 9
31 30 2222
31 32 -5567269
31 63 9
31 64 2224
31 231 4
31 232 1100
31 295 24588
31 296 5561717
32 29 2222
32 31 -5567269
32 63 2224
32 231 1100
32 295 5561717
33 1 0
33 2 -243
33 34 -871565
33 35 1
33 36 58995
33 65 1
33 66 58995
33 297 568
33 298 668808
34 1 84016
34 2 6690513
34 33 -871565
34 35 -130
34 36 3537820
34 65 -213
34 66 5810375
34 297 -974
34 298 -220530
35 3 1
35 4 -130
35 33 1
35 34 -130
35 36 -411480
35 37 2
35 38 40939
35 67 2
35 68 40939
35 299 932
35 300 210909
36 3 59035
36 4 3537049
36 33 58995
36 34 3537820
36 35 -411480
36 37 -545
36 38 2626834
36 67 -545
36 68 2626851
36 299 -2728
36 300 -617177
37 5 3
37 6 -277
37 35 2
37 36 -545
37 38 -612391
37 39 6
37 40 25981
37 69 6
37 70 25981
37 301 2125
37 302 480801
38 5 38144
38 6 1333371
38 35 40939
38 36 2626834
38 37 -612391
38 39 -830
38 40 2159045
38 69 -611
38 70 1590204
38 301 -1713
38 302 -387674
39 7 8
39 8 -311
39 37 6
39 38 -830
39 40 -1081062
39 41 14
39 42 14685
39 71 14
39 72 14685
39 303 4437
39 304 1003674
40 7 21628
40 8 804736
40 37 25981
40 38 2159045
40 39 -1081062
40 41 -1259
40 42 1227623
40 71 -769
40 72 750248
40 303 -1037
40 304 -234714
41 9 18
41 10 -385
41 39 14
41 40 -1259
41 42 -1743284
41 43 24
41 44 8264
41 73 24
41 74 8264
41 305 7519
41 306 1700822
42 9 10989
42 10 372907
42 39 14685
42 40 1227623
42 41 -1743284
42 43 -1033
42 44 382160
42 73 -574
42 74 212305
42 305 -280
42 306 -63468
43 11 27
43 12 -36
43 41 24
43 42 -1033
43 44 -1979910
43 45 27
43 46 6246
43 75 27
43 76 6246
43 307 8629
43 308 1952012
44 11 6983
44 12 80382
44 41 8264
44 42 382160
44 43 -1979910
44 45 -32
44 46 -7378
44 75 -17
44 76 -4008
44 307 -3
44 308 -902
45 13 27
45 14 -7
45 43 27
45 44 -32
45 46 -1995853
45 47 27
45 48 6305
45 77 27
45 78 6305
45 309 8711
45 310 1970570
46 13 6292
46 14 -1796
46 43 6246
46 44 -7378
46 45 -1995853
46 47 6305
46 77 6305
46 309 1970570
47 15 27
47 16 6329
47 45 27
47 46 6305
47 48 -2006352
47 49 28
47 50 6338
47 79 28
47 80 6338
47 311 8757
47 312 1980907
48 15 6329
48 45 6305
48 47 -2006352
48 49 6338
48 79 6338
48 311 1980907
49 17 28
49 18 6352
49 47 28
49 48 6338
49 50 -2013229
49 51 28
49 52 6360
49 81 28
49 82 6360
49 313 8787
49 314 1987685
50 17 6352
50 47 6338
50 49 -2013229
50 51 6360
50 81 6360
50 313 1987685
51 19 28
51 20 6363
51 49 28
51 50 6360
51 52 -2010272
51 83 28
51 84 6371
51 315 8802
51 316 1991045
52 19 6363
52 49 6360
52 51 -2010272
52 83 6371
52 315 1991045
53 21 9
53 22 2202
53 54 -5526893
53 55 9
53 56 2207
53 85 9
53 86 2207
53 247 4
53 248 1095
53 317 24399
53 318 5519175
54 21 2202
54 53 -5526893
54 55 2207
54 85 2207
54 247 1095
54 317 5519175
55 23 9
55 24 2207
55 53 9
55 54 2207
55 56 -5547120
55 57 9
55 58 2215
55 87 9
55 88 2215
55 319 24484
55 320 5538269
56 23 2207
56 53 2207
56 55 -5547120
56 57 2215
56 87 2215
56 319 5538269
57 25 9
57 26 2213
57 55 9
57 56 2215
57 58 -5566191
57 59 9
57 60 2222
57 89 9
57 90 2222
57 321 24568
57 322 5557312
58 25 2213
58 55 2215
58 57 -5566191
58 59 2222
58 89 2222
58 321 5557312
59 27 9
59 28 2219
59 57 9
59 58 2222
59 60 -5584475
59 61 9
59 62 2230
59 91 9
59 92 2230
59 323 24649
59 324 5575567
60 27 2219
60 57 2222
60 59 -5584475
60 61 2230
60 91 2230
60 323 5575567
61 29 9
61 30 2222
61 59 9
61 60 2230
61 62 -5598109
61 63 9
61 64 2235
61 93 9
61 94 2235
61 325 24709
61 326 5589180
62 29 2222
62 59 2230
62 61 -5598109
62 63 2235
62 93 2235
62 325 5589180
63 31 9
63 32 2224
63 61 9
63 62 2235
63 64 -5602049
63 95 9
63 96 2238
63 327 24736
63 328 5595346
64 31 2224
64 61 2235
64 63 -5602049
64 95 2238
64 327 5595346
65 33 1
65 34 -213
65 66 -389575
65 67 3
65 68 38121
65 97 3
65 98 38121
65 329 1121
65 330 253701
66 33 58995
66 34 5810375
66 65 -389575
66 67 -277
66 68 1333178
66 97 -658
66 98 3159867
66 329 -2354
66 330 -532539
67 35 2
67 36 -545
67 65 3
67 66 -277
67 68 -612566
67 69 6
67 70 25973
67 99 6
67 100 25973
67 331 2126
67 332 481015
68 35 40939
68 36 2626851
68 65 38121
68 66 1333178
68 67 -612566
68 69 -611
68 70 1590191
68 99 -830
68 100 2158201
68 331 -1713
68 332 -387486
69 37 6
69 38 -611
69 67 6
69 68 -611
69 70 -990704
69 71 12
69 72 15980
69 101 12
69 102 15980
69 333 4006
69 334 906361
70 37 25981
70 38 1590204
70 67 25973
70 68 1590191
70 69 -990704
70 71 -1089
70 72 1064439
70 101 -1088
70 102 1064083
70 333 -1194
70 334 -270239
71 39 14
71 40 -769
71 69 12
71 70 -1089
71 72 -1590982
71 73 21
71 74 9039
71 103 21
71 104 9039
71 335 6816
71 336 1541946
72 39 14685
72 40 750248
72 69 15980
72 70 1064439
72 71 -1590982
72 73 -1022
72 74 379807
72 103 -855
72 104 317598
72 335 -411
72 336 -93070
73 41 24
73 42 -574
73 71 21
73 72 -1022
73 74 -1964731
73 75 27
73 76 6478
73 105 27
73 106 6478
73 337 8551
73 338 1934293
74 41 8264
74 42 212305
74 71 9039
74 72 379807
74 73 -1964731
74 75 -128
74 76 285692
74 105 -97
74 106 216320
74 337 -17
74 338 -3913
75 43 27
75 44 -17
75 73 27
75 74 -128
75 76 -1989457
75 77 27
75 78 6284
75 107 27
75 108 6284
75 339 8682
75 340 1964028
76 43 6246
76 44 -4008
76 73 6478
76 74 285692
76 75 -1989457
76 77 -29
76 78 -6605
76 107 -22
76 108 -4999
76 339 -1
76 340 -391
77 45 27
77 46 6305
77 75 27
77 76 -29
77 78 -2002145
77 79 27
77 80 6325
77 109 27
77 110 6325
77 341 8739
77 342 1976771
78 45 6305
78 75 6284
78 76 -6605
78 77 -2002145
78 79 6325
78 109 6325
78 341 1976771
79 47 28
79 48 6338
79 77 27
79 78 6325
79 80 -2011878
79 81 28
79 82 6356
79 111 28
79 112 6356
79 343 8781
79 344 1986369
80 47 6338
80 77 6325
80 79 -2011878
80 81 6356
80 111 6356
80 343 1986369
81 49 28
81 50 6360
81 79 28
81 80 6356
81 82 -2018427
81 83 28
81 84 6377
81 113 28
81 114 6377
81 345 8810
81 346 1992825
82 49 6360
82 79 6356
82 81 -2018427
82 83 6377
82 113 6377
82 345 1992825
83 51 28
83 52 6371
83 81 28
83 82 6377
83 84 -2015342
83 115 28
83 116 6387
83 347 8824
83 348 1996075
84 51 6371
84 81 6377
84 83 -2015342
84 115 6387
84 347 1996075
85 53 9
85 54 2207
85 86 -5540402
85 87 9
85 88 2213
85 117 9
85 118 2213
85 247 4
85 248 1095
85 349 24459
85 350 5532667
86 53 2207
86 85 -5540402
86 87 2213
86 117 2213
86 247 1095
86 349 5532667
87 55 9
87 56 2215
87 85 9
87 86 2213
87 88 -5566191
87 89 9
87 90 2222
87 119 9
87 120 2222
87 351 24568
87 352 5557311
88 55 2215
88 85 2213
88 87 -5566191
88 89 2222
88 119 2222
88 351 5557311
89 57 9
89 58 2222
89 87 9
89 88 2222
89 90 -5591562
89 91 9
89 92 2233
89 121 9
89 122 2233
89 353 24680
89 354 5582645
90 57 2222
90 87 2222
90 89 -5591562
90 91 2233
90 121 2233
90 353 5582645
91 59 9
91 60 2230
91 89 9
91 90 2233
91 92 -5616877
91 93 9
91 94 2243
91 123 9
91 124 2243
91 355 24792
91 356 5607922
92 59 2230
92 89 2233
92 91 -5616877
92 93 2243
92 123 2243
92 355 5607922
93 61 9
93 62 2235
93 91 9
93 92 2243
93 94 -5637436
93 95 9
93 96 2251
93 125 9
93 126 2251
93 357 24883
93 358 5628449
94 61 2235
94 91 2243
94 93 -5637436
94 95 2251
94 125 2251
94 357 5628449
95 63 9
95 64 2238
95 93 9
95 94 2251
95 96 -5641823
95 127 9
95 128 2254
95 359 24912
95 360 5635074
96 63 2238
96 93 2251
96 95 -5641823
96 127 2254
96 359 5635074
97 65 3
97 66 -658
97 98 -685949
97 99 8
97 100 21621
97 129 8
97 130 21621
97 361 2670
97 362 604087
98 65 38121
98 66 3159867
98 97 -685949
98 99 -311
98 100 804302
98 129 -910
98 130 2352666
98 361 -1418
98 362 -320808
99 67 6
99 68 -830
99 97 8
99 98 -311
99 100 -1081577
99 101 14
99 102 14678
99 131 14
99 132 14678
99 363 4439
99 364 1004219
100 67 25973
100 68 2158201
100 97 21621
100 98 804302
100 99 -1081577
100 101 -769
100 102 750351
100 131 -1259
100 132 1227338
100 363 -1037
100 364 -234685
101 69 12
101 70 -1088
101 99 14
101 100 -769
101 102 -1590753
101 103 21
101 104 9040
101 133 21
101 134 9040
101 365 6815
101 366 1541722
102 69 15980
102 70 1064083
102 99 14678
102 100 750351
102 101 -1590753
102 103 -855
102 104 317723
102 133 -1022
102 134 379772
102 365 -411
102 366 -93028
103 71 21
103 72 -855
103 101 21
103 102 -855
103 104 -1957410
103 105 27
103 106 6644
103 135 27
103 136 6644
103 367 8514
103 368 1925855
104 71 9039
104 72 317598
104 101 9040
104 102 317723
104 103 -1957410
104 105 -121
104 106 269349
104 135 -121
104 136 269302
104 367 -17
104 368 -3976
105 73 27
105 74 -97
105 103 27
105 104 -121
105 106 -1985543
105 107 27
105 108 6271
105 137 27
105 138 6271
105 369 8663
105 370 1959741
106 73 6478
106 74 216320
106 103 6644
106 104 269349
106 105 -1985543
106 107 -30
106 108 -6972
106 137 -28
106 138 -6377
106 369 -2
106 370 -497
107 75 27
107 76 -22
107 105 27
107 106 -30
107 108 -1998998
107 109 27
107 110 6315
107 139 27
107 140 6315
107 371 8725
107 372 1973679
108 75 6284
108 76 -4999
108 105 6271
108 106 -6972
108 107 -1998998
108 109 6315
108 139 6315
108 371 1973679
109 77 27
109 78 6325
109 107 27
109 108 6315
109 110 -2010547
109 111 28
109 112 6352
109 141 28
109 142 6352
109 373 8775
109 374 1985070
110 77 6325
110 107 6315
110 109 -2010547
110 111 6352
110 141 6352
110 373 1985070
111 79 28
111 80 6356
111 109 28
111 110 6352
111 112 -2019665
111 113 28
111 114 6381
111 143 28
111 144 6381
111 375 8815
111 376 1994063
112 79 6356
112 109 6352
112 111 -2019665
112 113 6381
112 143 6381
112 375 1994063
113 81 28
113 82 6377
113 111 28
113 112 6381
113 114 -2026008
113 115 28
113 116 6401
113 145 28
113 146 6401
113 377 8843
113 378 2000316
114 81 6377
114 111 6381
114 113 -2026008
114 115 6401
114 145 6401
114 377 2000316
115 83 28
115 84 6387
115 113 28
115 114 6401
115 116 -2022865
115 147 28
115 148 6411
115 379 8857
115 380 2003534
116 83 6387
116 113 6401
116 115 -2022865
116 147 6411
116 379 2003534
117 85 9
117 86 2213
117 118 -5555516
117 119 9
117 120 2219
117 149 9
117 150 2219
117 263 4
117 264 1100
117 381 24526
117 382 5547760
118 85 2213
118 117 -5555516
118 119 2219
118 149 2219
118 263 1100
118 381 5547760
119 87 9
119 88 2222
119 117 9
119 118 2219
119 120 -5584474
119 121 9
119 122 2230
119 151 9
119 152 2230
119 383 24649
119 384 5575567
120 87 2222
120 117 2219
120 119 -5584474
120 121 2230
120 151 2230
120 383 5575567
121 89 9
121 90 2233
121 119 9
121 120 2230
121 122 -5616876
121 123 9
121 124 2243
121 153 9
121 154 2243
121 385 24792
121 386 5607922
122 89 2233
122 119 2230
122 121 -5616876
122 123 2243
122 153 2243
122 385 5607922
123 91 9
123 92 2243
123 121 9
123 122 2243
123 124 -5653789
123 125 9
123 126 2257
123 155 9
123 156 2257
123 387 24955
123 388 5644782
124 91 2243
124 121 2243
124 123 -5653789
124 125 2257
124 155 2257
124 387 5644782
125 93 9
125 94 2251
125 123 9
125 124 2257
125 126 -5589167
125 127 9
125 128 2253
125 157 9
125 158 2369
125 389 24882
125 390 5579978
126 93 2251
126 123 2257
126 125 -5589167
126 127 0
126 128 912
126 157 -75
126 158 140007
126 389 -15
126 390 -3377
127 95 9
127 96 2254
127 125 9
127 126 0
127 128 -5591270
127 159 9
127 160 2304
127 391 24921
127 392 5584402
128 95 2254
128 125 2253
128 126 912
128 127 -5591270
128 159 -12
128 160 -2852
128 391 0
128 392 -153
129 97 8
129 98 -910
129 130 -1327887
129 131 18
129 132 10988
129 161 18
129 162 10988
129 393 5676
129 394 1283944
130 97 21621
130 98 2352666
130 129 -1327887
130 131 -384
130 132 372645
130 161 -1235
130 162 1195808
130 393 -711
130 394 -160913
131 99 14
131 100 -1259
131 129 18
131 130 -384
131 132 -1742959
131 133 24
131 134 8266
131 163 24
131 164 8266
131 395 7517
131 396 1700504
132 99 14678
132 100 1227338
132 129 10988
132 130 372645
132 131 -1742959
132 133 -574
132 134 212407
132 163 -1033
132 164 382227
132 395 -280
132 396 -63428
133 101 21
133 102 -1022
133 131 24
133 132 -574
133 134 -1964715
133 135 27
133 136 6479
133 165 27
133 166 6479
133 397 8551
133 398 1934274
134 101 9040
134 102 379772
134 131 8266
134 132 212407
134 133 -1964715
134 135 -97
134 136 216409
134 165 -128
134 166 285724
134 397 -17
134 398 -3911
135 103 27
135 104 -121
135 133 27
135 134 -97
135 136 -1985540
135 137 27
135 138 6271
135 167 27
135 168 6271
135 399 8663
135 400 1959737
136 103 6644
136 104 269302
136 133 6479
136 134 216409
136 135 -1985540
136 137 -28
136 138 -6378
136 167 -30
136 168 -6972
136 399 -2
136 400 -497
137 105 27
137 106 -28
137 135 27
137 136 -28
137 138 -1997829
137 139 27
137 140 6312
137 169 27
137 170 6312
137 401 8720
137 402 1972531
138 105 6271
138 106 -6377
138 135 6271
138 136 -6378
138 137 -1997829
138 139 6312
138 169 6312
138 401 1972531
139 107 27
139 108 6315
139 137 27
139 138 6312
139 140 -2009738
139 141 28
139 142 6349
139 171 28
139 172 6349
139 403 8772
139 404 1984279
140 107 6315
140 137 6312
140 139 -2009738
140 141 6349
140 171 6349
140 403 1984279
141 109 28
141 110 6352
141 139 28
141 140 6349
141 142 -2020457
141 143 28
141 144 6383
141 173 28
141 174 6383
141 405 8819
141 406 1994856
142 109 6352
142 139 6349
142 141 -2020457
142 143 6383
142 173 6383
142 405 1994856
143 111 28
143 112 6381
143 141 28
143 142 6383
143 144 -2029378
143 145 28
143 146 6411
143 175 28
143 176 6411
143 407 8858
143 408 2003659
144 111 6381
144 141 6383
144 143 -2029378
144 145 6411
144 175 6411
144 407 2003659
145 113 28
145 114 6401
145 143 28
145 144 6411
145 146 -2035873
145 147 28
145 148 6432
145 177 28
145 178 6432
145 409 8886
145 410 2010064
146 113 6401
146 143 6411
146 145 -2035873
146 147 6432
146 177 6432
146 409 2010064
147 115 28
147 116 6411
147 145 28
147 146 6432
147 148 -2032883
147 179 28
147 180 6443
147 411 8901
147 412 2013466
148 115 6411
148 145 6432
148 147 -2032883
148 179 6443
148 411 2013466
149 117 9
149 118 2219
149 150 -5565013
149 151 9
149 152 2222
149 181 9
149 182 2222
149 263 4
149 264 1100
149 413 24568
149 414 5557243
150 117 2219
150 149 -5565013
150 151 2222
150 181 2222
150 263 1100
150 413 5557243
151 119 9
151 120 2230
151 149 9
151 150 2222
151 152 -5598108
151 153 9
151 154 2235
151 183 9
151 184 2235
151 415 24709
151 416 5589179
152 119 2230
152 149 2222
152 151 -5598108
152 153 2235
152 183 2235
152 415 5589179
153 121 9
153 122 2243
153 151 9
153 152 2235
153 154 -5637434
153 155 9
153 156 2251
153 185 9
153 186 2251
153 417 24883
153 418 5628447
154 121 2243
154 151 2235
154 153 -5637434
154 155 2251
154 185 2251
154 417 5628447
155 123 9
155 124 2257
155 153 9
155 154 2251
155 156 -5589186
155 157 9
155 158 2369
155 187 9
155 188 2253
155 419 24882
155 420 5579997
156 123 2257
156 153 2251
156 155 -5589186
156 157 -75
156 158 140013
156 187 0
156 188 910
156 419 -15
156 420 -3374
157 125 9
157 126 -75
157 155 9
157 156 -75
157 158 -23634392
157 159 9
157 160 2423
157 189 9
157 190 2423
157 421 4602
157 422 23624962
158 125 2369
158 126 140007
158 155 2369
158 156 140013
158 157 -23634392
158 159 2467
158 160 53505
158 189 2468
158 190 53507
158 421 -4305
158 422 -850627
159 127 9
159 128 -12
159 157 9
159 158 2467
159 160 -5287251
159 191 9
159 192 2425
159 423 24274
159 424 5280063
160 127 2304
160 128 -2852
160 157 2423
160 158 53505
160 159 -5287251
160 191 -1
160 192 2290
160 423 -15
160 424 -3408
161 129 18
161 130 -1235
161 162 -1947184
161 163 27
161 164 6983
161 193 27
161 194 6983
161 425 8497
161 426 1922029
162 129 10988
162 130 1195808
162 161 -1947184
162 163 -36
162 164 80352
162 193 -124
162 194 276564
162 425 -18
162 426 -4240
163 131 24
163 132 -1033
163 161 27
163 162 -36
163 164 -1979895
163 165 27
163 166 6246
163 195 27
163 196 6246
163 427 8629
163 428 1951995
164 131 8266
164 132 382227
164 161 6983
164 162 80352
164 163 -1979895
164 165 -17
164 166 -4010
164 195 -32
164 196 -7381
164 427 -3
164 428 -901
165 133 27
165 134 -128
165 163 27
165 164 -17
165 166 -1989449
165 167 27
165 168 6284
165 197 27
165 198 6284
165 429 8682
165 430 1964020
166 133 6479
166 134 285724
166 163 6246
166 164 -4010
166 165 -1989449
166 167 -22
166 168 -5001
166 197 -29
166 198 -6606
166 429 -1
166 430 -391
167 135 27
167 136 -30
167 165 27
167 166 -22
167 168 -1998995
167 169 27
167 170 6315
167 199 27
167 200 6315
167 431 8725
167 432 1973676
168 135 6271
168 136 -6972
168 165 6284
168 166 -5001
168 167 -1998995
168 169 6315
168 199 6315
168 431 1973676
169 137 27
169 138 6312
169 167 27
169 168 6315
169 170 -2009737
169 171 28
169 172 6349
169 201 28
169 202 6349
169 433 8772
169 434 1984278
170 137 6312
170 167 6315
170 169 -2009737
170 171 6349
170 201 6349
170 433 1984278
171 139 28
171 140 6349
171 169 28
171 170 6349
171 172 -2020741
171 173 28
171 174 6384
171 203 28
171 204 6384
171 435 8820
171 436 1995141
172 139 6349
172 169 6349
172 171 -2020741
172 173 6384
172 203 6384
172 435 1995141
173 141 28
173 142 6383
173 171 28
173 172 6384
173 174 -2031329
173 175 28
173 176 6417
173 205 28
173 206 6417
173 437 8866
173 438 2005594
174 141 6383
174 171 6384
174 173 -2031329
174 175 6417
174 205 6417
174 437 2005594
175 143 28
175 144 6411
175 173 28
175 174 6417
175 176 -2040758
175 177 28
175 178 6447
175 207 28
175 208 6447
175 439 8907
175 440 2014902
176 143 6411
176 173 6417
176 175 -2040758
176 177 6447
176 207 6447
176 439 2014902
177 145 28
177 146 6432
177 175 28
177 176 6447
177 178 -2048077
177 179 28
177 180 6470
177 209 28
177 210 6470
177 441 8939
177 442 2022125
178 145 6432
178 175 6447
178 177 -2048077
178 179 6470
178 209 6470
178 441 2022125
179 147 28
179 148 6443
179 177 28
179 178 6470
179 180 -2045669
179 211 28
179 212 6483
179 443 8957
179 444 2026140
180 147 6443
180 177 6470
180 179 -2045669
180 211 6483
180 443 2026140
181 149 9
181 150 2222
181 182 -5567268
181 183 9
181 184 2224
181 263 4
181 264 1100
181 445 24588
181 446 5561715
182 149 2222
182 181 -5567268
182 183 2224
182 263 1100
182 445 5561715
183 151 9
183 152 2235
183 181 9
183 182 2224
183 184 -5602048
183 185 9
183 186 2238
183 447 24736
183 448 5595345
184 151 2235
184 181 2224
184 183 -5602048
184 185 2238
184 447 5595345
185 153 9
185 154 2251
185 183 9
185 184 2238
185 186 -5641820
185 187 9
185 188 2254
185 449 24912
185 450 5635072
186 153 2251
186 183 2238
186 185 -5641820
186 187 2254
186 449 5635072
187 155 9
187 156 0
187 185 9
187 186 2254
187 188 -5591293
187 189 9
187 190 2304
187 451 24921
187 452 5584425
188 155 2253
188 156 910
188 185 2254
188 187 -5591293
188 189 -12
188 190 -2852
188 451 0
188 452 -152
189 157 9
189 158 2468
189 187 9
189 188 -12
189 190 -5287245
189 191 9
189 192 2425
189 453 24274
189 454 5280057
190 157 2423
190 158 53507
190 187 2304
190 188 -2852
190 189 -5287245
190 191 -1
190 192 2291
190 453 -15
190 454 -3407
191 159 9
191 160 -1
191 189 9
191 190 -1
191 192 -4739599
191 455 21837
191 456 4734689
192 159 2425
192 160 2290
192 189 2425
192 190 2291
192 191 -4739599
192 455 -20
192 456 -4488
193 161 27
193 162 -124
193 194 -1986113
193 195 27
193 196 6292
193 213 27
193 214 6292
193 457 8693
193 458 1966407
194 161 6983
194 162 276564
194 193 -1986113
194 195 -7
194 196 -1797
194 213 -25
194 214 -5680
194 457 -2
194 458 -535
195 163 27
195 164 -32
195 193 27
195 194 -7
195 196 -1995848
195 197 27
195 198 6305
195 215 27
195 216 6305
195 459 8711
195 460 1970566
196 163 6246
196 164 -7381
196 193 6292
196 194 -1797
196 195 -1995848
196 197 6305
196 215 6305
196 459 1970566
197 165 27
197 166 -29
197 195 27
197 196 6305
197 198 -2002142
197 199 27
197 200 6325
197 217 27
197 218 6325
197 461 8739
197 462 1976768
198 165 6284
198 166 -6606
198 195 6305
198 197 -2002142
198 199 6325
198 217 6325
198 461 1976768
199 167 27
199 168 6315
199 197 27
199 198 6325
199 200 -2010546
199 201 28
199 202 6352
199 219 28
199 220 6352
199 463 8775
199 464 1985069
200 167 6315
200 197 6325
200 199 -2010546
200 201 6352
200 219 6352
200 463 1985069
201 169 28
201 170 6349
201 199 28
201 200 6352
201 202 -2020457
201 203 28
201 204 6383
201 221 28
201 222 6383
201 465 8819
201 466 1994856
202 169 6349
202 199 6352
202 201 -2020457
202 203 6383
202 221 6383
202 465 1994856
203 171 28
203 172 6384
203 201 28
203 202 6383
203 204 -2031329
203 205 28
203 206 6417
203 223 28
203 224 6417
203 467 8866
203 468 2005594
204 171 6384
204 201 6383
204 203 -2031329
204 205 6417
204 223 6417
204 467 2005594
205 173 28
205 174 6417
205 203 28
205 204 6417
205 206 -2042618
205 207 28
205 208 6453
205 225 28
205 226 6453
205 469 8915
205 470 2016744
206 173 6417
206 203 6417
206 205 -2042618
206 207 6453
206 225 6453
206 469 2016744
207 175 28
207 176 6447
207 205 28
207 206 6453
207 208 -2053578
207 209 28
207 210 6488
207 227 28
207 228 6488
207 471 8963
207 472 2027570
208 175 6447
208 205 6453
208 207 -2053578
208 209 6488
208 227 6488
208 471 2027570
209 177 28
209 178 6470
209 207 28
209 208 6488
209 210 -2062921
209 211 28
209 212 6517
209 229 28
209 230 6517
209 473 9004
209 474 2036796
210 177 6470
210 207 6488
210 209 -2062921
210 211 6517
210 229 6517
210 473 2036796
211 179 28
211 180 6483
211 209 28
211 210 6517
211 212 -2061940
211 231 28
211 232 6535
211 475 9028
211 476 2042273
212 179 6483
212 209 6517
212 211 -2061940
212 231 6535
212 475 2042273
213 193 27
213 194 -25
213 214 -1997114
213 215 27
213 216 6329
213 233 27
213 234 6329
213 477 8744
213 478 1978031
214 193 6292
214 194 -5680
214 213 -1997114
214 215 6329
214 233 6329
214 477 1978031
215 195 27
215 196 6305
215 213 27
215 214 6329
215 216 -2006351
215 217 28
215 218 6338
215 235 28
215 236 6338
215 479 8757
215 480 1980906
216 195 6305
216 213 6329
216 215 -2006351
216 217 6338
216 235 6338
216 479 1980906
217 197 27
217 198 6325
217 215 28
217 216 6338
217 218 -2011878
217 219 28
217 220 6356
217 237 28
217 238 6356
217 481 8781
217 482 1986369
218 197 6325
218 215 6338
218 217 -2011878
218 219 6356
218 237 6356
218 481 1986369
219 199 28
219 200 6352
219 217 28
219 218 6356
219 220 -2019665
219 221 28
219 222 6381
219 239 28
219 240 6381
219 483 8815
219 484 1994063
220 199 6352
220 217 6356
220 219 -2019665
220 221 6381
220 239 6381
220 483 1994063
221 201 28
221 202 6383
221 219 28
221 220 6381
221 222 -2029378
221 223 28
221 224 6411
221 241 28
221 242 6411
221 485 8858
221 486 2003659
222 201 6383
222 219 6381
222 221 -2029378
222 223 6411
222 241 6411
222 485 2003659
223 203 28
223 204 6417
223 221 28
223 222 6411
223 224 -2040758
223 225 28
223 226 6447
223 243 28
223 244 6447
223 487 8907
223 488 2014902
224 203 6417
224 221 6411
224 223 -2040758
224 225 6447
224 243 6447
224 487 2014902
225 205 28
225 206 6453
225 223 28
225 224 6447
225 226 -2053578
225 227 28
225 228 6488
225 245 28
225 246 6488
225 489 8963
225 490 2027570
226 205 6453
226 223 6447
226 225 -2053578
226 227 6488
226 245 6488
226 489 2027570
227 207 28
227 208 6488
227 225 28
227 226 6488
227 228 -2067437
227 229 28
227 230 6532
227 247 28
227 248 6532
227 491 9024
227 492 2041265
228 207 6488
228 225 6488
228 227 -2067437
228 229 6532
228 247 6532
228 491 2041265
229 21 4
229 22 1095
229 23 4
229 24 1095
229 25 4
229 26 1095
229 209 28
229 210 6517
229 227 28
229 228 6532
229 230 -2084333
229 231 29
229 232 6575
229 285 4
229 286 1095
229 287 4
229 288 1095
229 289 4
229 290 1095
229 493 9083
229 494 2054715
229 549 4
229 550 1095
229 551 4
229 552 1095
229 553 4
229 554 1095
230 21 1095
230 23 1095
230 25 1095
230 209 6517
230 227 6532
230 229 -2084333
230 231 6575
230 285 1095
230 287 1095
230 289 1095
230 493 2054715
230 549 1095
230 551 1095
230 553 1095
231 27 4
231 28 1100
231 29 4
231 30 1100
231 31 4
231 32 1100
231 211 28
231 212 6535
231 229 29
231 230 6575
231 232 -2086581
231 291 4
231 292 1100
231 293 4
231 294 1100
231 295 4
231 296 1100
231 495 9122
231 496 2063437
231 555 4
231 556 1100
231 557 4
231 558 1100
231 559 4
231 560 1100
232 27 1100
232 29 1100
232 31 1100
232 211 6535
232 229 6575
232 231 -2086581
232 291 1100
232 293 1100
232 295 1100
232 495 2063437
232 555 1100
232 557 1100
232 559 1100
233 213 27
233 214 6329
233 234 -2004220
233 235 28
233 236 6352
233 249 28
233 250 6352
233 497 8775
233 498 1985054
234 213 6329
234 233 -2004220
234 235 6352
234 249 6352
234 497 1985054
235 215 28
235 216 6338
235 233 28
235 234 6352
235 236 -2013230
235 237 28
235 238 6360
235 251 28
235 252 6360
235 499 8787
235 500 1987686
236 215 6338
236 233 6352
236 235 -2013230
236 237 6360
236 251 6360
236 499 1987686
237 217 28
237 218 6356
237 235 28
237 236 6360
237 238 -2018428
237 239 28
237 240 6377
237 253 28
237 254 6377
237 501 8810
237 502 1992826
238 217 6356
238 235 6360
238 237 -2018428
238 239 6377
238 253 6377
238 501 1992826
239 219 28
239 220 6381
239 237 28
239 238 6377
239 240 -2026009
239 241 28
239 242 6401
239 255 28
239 256 6401
239 503 8843
239 504 2000317
240 219 6381
240 237 6377
240 239 -2026009
240 241 6401
240 255 6401
240 503 2000317
241 221 28
241 222 6411
241 239 28
241 240 6401
241 242 -2035873
241 243 28
241 244 6432
241 257 28
241 258 6432
241 505 8886
241 506 2010065
242 221 6411
242 239 6401
242 241 -2035873
242 243 6432
242 257 6432
242 505 2010065
243 223 28
243 224 6447
243 241 28
243 242 6432
243 244 -2048078
243 245 28
243 246 6470
243 259 28
243 260 6470
243 507 8939
243 508 2022125
244 223 6447
244 241 6432
244 243 -2048078
244 245 6470
244 259 6470
244 507 2022125
245 225 28
245 226 6488
245 243 28
245 244 6470
245 246 -2062921
245 247 28
245 248 6517
245 261 28
245 262 6517
245 509 9004
245 510 2036796
246 225 6488
246 243 6470
246 245 -2062921
246 247 6517
246 261 6517
246 509 2036796
247 21 4
247 22 1095
247 53 4
247 54 1095
247 85 4
247 86 1095
247 227 28
247 228 6532
247 245 28
247 246 6517
247 248 -2084331
247 263 29
247 264 6575
247 285 4
247 286 1095
247 317 4
247 318 1095
247 349 4
247 350 1095
247 511 9083
247 512 2054714
247 549 4
247 550 1095
247 581 4
247 582 1095
247 613 4
247 614 1095
248 21 1095
248 53 1095
248 85 1095
248 227 6532
248 245 6517
248 247 -2084331
248 263 6575
248 285 1095
248 317 1095
248 349 1095
248 511 2054714
248 549 1095
248 581 1095
248 613 1095
249 233 28
249 234 6352
249 250 -2001350
249 251 28
249 252 6363
249 513 8791
249 514 1988503
250 233 6352
250 249 -2001350
250 251 6363
250 513 1988503
251 235 28
251 236 6360
251 249 28
251 250 6363
251 252 -2010274
251 253 28
251 254 6371
251 515 8802
251 516 1991047
252 235 6360
252 249 6363
252 251 -2010274
252 253 6371
252 515 1991047
253 237 28
253 238 6377
253 251 28
253 252 6371
253 254 -2015344
253 255 28
253 256 6387
253 517 8824
253 518 1996076
254 237 6377
254 251 6371
254 253 -2015344
254 255 6387
254 517 1996076
255 239 28
255 240 6401
255 253 28
255 254 6387
255 256 -2022867
255 257 28
255 258 6411
255 519 8857
255 520 2003536
256 239 6401
256 253 6387
256 255 -2022867
256 257 6411
256 519 2003536
257 241 28
257 242 6432
257 255 28
257 256 6411
257 258 -2032884
257 259 28
257 260 6443
257 521 8901
257 522 2013467
258 241 6432
258 255 6411
258 257 -2032884
258 259 6443
258 521 2013467
259 243 28
259 244 6470
259 257 28
259 258 6443
259 260 -2045669
259 261 28
259 262 6483
259 523 8957
259 524 2026141
260 243 6470
260 257 6443
260 259 -2045669
260 261 6483
260 523 2026141
261 245 28
261 246 6517
261 259 28
261 260 6483
261 262 -2061940
261 263 28
261 264 6535
261 525 9028
261 526 2042272
262 245 6517
262 259 6483
262 261 -2061940
262 263 6535
262 525 2042272
263 117 4
263 118 1100
263 149 4
263 150 1100
263 181 4
263 182 1100
263 247 29
263 248 6575
263 261 28
263 262 6535
263 264 -2086580
263 381 4
263 382 1100
263 413 4
263 414 1100
263 445 4
263 446 1100
263 527 9122
263 528 2063435
263 645 4
263 646 1100
263 677 4
263 678 1100
263 709 4
263 710 1100
264 117 1100
264 149 1100
264 181 1100
264 247 6575
264 261 6535
264 263 -2086580
264 381 1100
264 413 1100
264 445 1100
264 527 2063435
264 645 1100
264 677 1100
264 709 1100
265 1 276
265 2 -1421
265 266 -36484307
265 267 0
265 268 6512
265 297 0
265 298 6512
265 529 567
265 530 10214972
266 1 26255233
266 2 2772471
266 265 -36484307
266 267 -115
266 268 568253
266 297 -115
266 298 568196
266 529 -5384
266 530 601401
267 3 568
267 4 -973
267 265 0
267 266 -115
267 268 -2006073
267 269 3
267 270 1106
267 299 3
267 300 1106
267 531 5872
267 532 1328310
268 3 668673
268 4 -220265
268 265 6512
268 266 568253
268 267 -2006073
268 269 -185
268 270 71808
268 299 -112
268 300 43748
268 531 -516
268 532 -116757
269 5 1120
269 6 -2353
269 267 3
269 268 -185
269 270 -1679984
269 271 4
269 272 907
269 301 4
269 302 907
269 533 6293
269 534 1423489
270 5 253369
270 6 -532257
270 267 1106
270 268 71808
270 269 -1679984
270 271 -7
270 272 -1592
270 301 -2
270 302 -667
270 533 -19
270 534 -4402
271 7 2669
271 8 -1422
271 269 4
271 270 -7
271 272 -2045797
271 273 4
271 274 917
271 303 4
271 304 917
271 535 6361
271 536 1438956
272 7 603899
272 8 -321661
272 269 907
272 270 -1592
272 271 -2045797
272 273 917
272 303 917
272 535 1438956
273 9 5675
273 10 -711
273 271 4
273 272 917
273 274 -2741360
273 275 4
273 276 927
273 305 4
273 306 927
273 537 6430
273 538 1454563
274 9 1283826
274 10 -160975
274 271 917
274 273 -2741360
274 275 927
274 305 927
274 537 1454563
275 11 8497
275 12 -18
275 273 4
275 274 927
275 276 -3394156
275 277 4
275 278 936
275 307 4
275 308 936
275 539 6494
275 540 1469118
276 11 1922039
276 12 -4241
276 273 927
276 275 -3394156
276 277 936
276 307 936
276 539 1469118
277 13 8693
277 14 -2
277 275 4
277 276 936
277 278 -3449922
277 279 4
277 280 943
277 309 4
277 310 943
277 541 6545
277 542 1480487
278 13 1966412
278 14 -536
278 275 936
278 277 -3449922
278 279 943
278 309 943
278 541 1480487
279 15 8744
279 16 1978033
279 277 4
279 278 943
279 280 -3469767
279 281 4
279 282 949
279 311 4
279 312 949
279 543 6581
279 544 1488694
280 15 1978033
280 277 943
280 279 -3469767
280 281 949
280 311 949
280 543 1488694
281 17 8775
281 18 1985054
281 279 4
281 280 949
281 282 -3482085
281 283 4
281 284 952
281 313 4
281 314 952
281 545 6604
281 546 1493979
282 17 1985054
282 279 949
282 281 -3482085
282 283 952
282 313 952
282 545 1493979
283 19 8791
283 20 1988502
283 281 4
283 282 952
283 284 -3487181
283 315 4
283 316 954
283 547 6616
283 548 1496574
284 19 1988502
284 281 952
284 283 -3487181
284 315 954
284 547 1496574
285 21 24342
285 22 5506113
285 229 4
285 230 1095
285 247 4
285 248 1095
285 286 -11018190
285 287 9
285 288 2202
285 317 9
285 318 2202
285 549 24339
285 550 5505476
286 21 5506113
286 229 1095
286 247 1095
286 285 -11018190
286 287 2202
286 317 2202
286 549 5505476
287 23 24399
287 24 5519177
287 229 4
287 230 1095
287 285 9
287 286 2202
287 288 -11045434
287 289 9
287 290 2207
287 319 9
287 320 2207
287 551 24397
287 552 5518539
288 23 5519177
288 229 1095
288 285 2202
288 287 -11045434
288 289 2207
288 319 2207
288 551 5518539
289 25 24459
289 26 5532669
289 229 4
289 230 1095
289 287 9
289 288 2207
289 290 -11072433
289 291 9
289 292 2212
289 321 9
289 322 2212
289 553 24456
289 554 5532030
290 25 5532669
290 229 1095
290 287 2207
290 289 -11072433
290 291 2212
290 321 2212
290 553 5532030
291 27 24526
291 28 5547761
291 231 4
291 232 1100
291 289 9
291 290 2212
291 292 -11102639
291 293 9
291 294 2218
291 323 9
291 324 2218
291 555 24523
291 556 5547121
292 27 5547761
292 231 1100
292 289 2212
292 291 -11102639
292 293 2218
292 323 2218
292 555 5547121
293 29 24568
293 30 5557244
293 231 4
293 232 1100
293 291 9
293 292 2218
293 294 -11121617
293 295 9
293 296 2222
293 325 9
293 326 2222
293 557 24565
293 558 5556603
294 29 5557244
294 231 1100
294 291 2218
294 293 -11121617
294 295 2222
294 325 2222
294 557 5556603
295 31 24588
295 32 5561717
295 231 4
295 232 1100
295 293 9
295 294 2222
295 296 -11128344
295 327 9
295 328 2224
295 559 24585
295 560 5561075
296 31 5561717
296 231 1100
296 293 2222
296 295 -11128344
296 327 2224
296 559 5561075
297 33 568
297 34 -974
297 265 0
297 266 -115
297 298 -2006197
297 299 3
297 300 1106
297 329 3
297 330 1106
297 561 5872
297 562 1328299
298 33 668808
298 34 -220530
298 265 6512
298 266 568196
298 297 -2006197
298 299 -112
298 300 43756
298 329 -185
298 330 71821
298 561 -515
298 562 -116636
299 35 932
299 36 -2728
299 267 3
299 268 -112
299 297 3
299 298 -112
299 300 -1632315
299 301 3
299 302 903
299 331 3
299 332 903
299 563 6265
299 564 1417181
300 35 210909
300 36 -617177
300 267 1106
300 268 43748
300 297 1106
300 298 43756
300 299 -1632315
300 301 -5
300 302 -1315
300 331 -5
300 332 -1315
300 563 -19
300 564 -4384
301 37 2125
301 38 -1713
301 269 4
301 270 -2
301 299 3
301 300 -5
301 302 -1914675
301 303 4
301 304 911
301 333 4
301 334 911
301 565 6322
301 566 1430040
302 37 480801
302 38 -387674
302 269 907
302 270 -667
302 299 903
302 300 -1315
302 301 -1914675
302 303 911
302 333 911
302 565 1430040
303 39 4437
303 40 -1037
303 271 4
303 272 917
303 301 4
303 302 911
303 304 -2451794
303 305 4
303 306 920
303 335 4
303 336 920
303 567 6384
303 568 1444250
304 39 1003674
304 40 -234714
304 271 917
304 301 911
304 303 -2451794
304 305 920
304 335 920
304 567 1444250
305 41 7519
305 42 -280
305 273 4
305 274 927
305 303 4
305 304 920
305 306 -3163805
305 307 4
305 308 930
305 337 4
305 338 930
305 569 6450
305 570 1459076
306 41 1700822
306 42 -63468
306 273 927
306 303 920
306 305 -3163805
306 307 930
306 337 930
306 569 1459076
307 43 8629
307 44 -3
307 275 4
307 276 936
307 305 4
307 306 930
307 308 -3428367
307 309 4
307 310 938
307 339 4
307 340 938
307 571 6509
307 572 1472412
308 43 1952012
308 44 -902
308 275 936
308 305 930
308 307 -3428367
308 309 938
308 339 938
308 571 1472412
309 45 8711
309 46 1970570
309 277 4
309 278 943
309 307 4
309 308 938
309 310 -3457620
309 311 4
309 312 945
309 341 4
309 342 945
309 573 6556
309 574 1483078
310 45 1970570
310 277 943
310 307 938
310 309 -3457620
310 311 945
310 341 945
310 573 1483078
311 47 8757
311 48 1980907
311 279 4
311 280 949
311 309 4
311 310 945
311 312 -3475758
311 313 4
311 314 950
311 343 4
311 344 950
311 575 6591
311 576 1490858
312 47 1980907
312 279 949
312 309 945
312 311 -3475758
312 313 950
312 343 950
312 575 1490858
313 49 8787
313 50 1987685
313 281 4
313 282 952
313 311 4
313 312 950
313 314 -3487652
313 315 4
313 316 953
313 345 4
313 346 953
313 577 6613
313 578 1495959
314 49 1987685
314 281 952
314 311 950
314 313 -3487652
314 315 953
314 345 953
314 577 1495959
315 51 8802
315 52 1991045
315 283 4
315 284 954
315 313 4
315 314 953
315 316 -3492594
315 347 4
315 348 955
315 579 6624
315 580 1498488
316 51 1991045
316 283 954
316 313 953
316 315 -3492594
316 347 955
316 579 1498488
317 53 24399
317 54 5519175
317 247 4
317 248 1095
317 285 9
317 286 2202
317 318 -11045430
317 319 9
317 320 2207
317 349 9
317 350 2207
317 581 24397
317 582 5518537
318 53 5519175
318 247 1095
318 285 2202
318 317 -11045430
318 319 2207
318 349 2207
318 581 5518537
319 55 24484
319 56 5538269
319 287 9
319 288 2207
319 317 9
319 318 2207
319 320 -11084749
319 321 9
319 322 2215
319 351 9
319 352 2215
319 583 24481
319 584 5537630
320 55 5538269
320 287 2207
320 317 2207
320 319 -11084749
320 321 2215
320 351 2215
320 583 5537630
321 57 24568
321 58 5557312
321 289 9
321 290 2212
321 319 9
321 320 2215
321 322 -11122861
321 323 9
321 324 2222
321 353 9
321 354 2222
321 585 24565
321 586 5556670
322 57 5557312
322 289 2212
322 319 2215
322 321 -11122861
322 323 2222
322 353 2222
322 585 5556670
323 59 24649
323 60 5575567
323 291 9
323 292 2218
323 321 9
323 322 2222
323 324 -11159398
323 325 9
323 326 2229
323 355 9
323 356 2229
323 587 24646
323 588 5574924
324 59 5575567
324 291 2218
324 321 2222
324 323 -11159398
324 325 2229
324 355 2229
324 587 5574924
325 61 24709
325 62 5589180
325 293 9
325 294 2222
325 323 9
325 324 2229
325 326 -11186644
325 327 9
325 328 2235
325 357 9
325 358 2235
325 589 24706
325 590 5588535
326 61 5589180
326 293 2222
326 323 2229
326 325 -11186644
326 327 2235
326 357 2235
326 589 5588535
327 63 24736
327 64 5595346
327 295 9
327 296 2224
327 325 9
327 326 2235
327 328 -11196749
327 359 9
327 360 2237
327 591 24733
327 592 5594701
328 63 5595346
328 295 2224
328 325 2235
328 327 -11196749
328 359 2237
328 591 5594701
329 65 1121
329 66 -2354
329 297 3
329 298 -185
329 330 -1680318
329 331 4
329 332 907
329 361 4
329 362 907
329 593 6293
329 594 1423491
330 65 253701
330 66 -532539
330 297 1106
330 298 71821
330 329 -1680318
330 331 -2
330 332 -667
330 361 -7
330 362 -1592
330 593 -19
330 594 -4393
331 67 2126
331 68 -1713
331 299 3
331 300 -5
331 329 4
331 330 -2
331 332 -1914889
331 333 4
331 334 911
331 363 4
331 364 911
331 595 6322
331 596 1430040
332 67 481015
332 68 -387486
332 299 903
332 300 -1315
332 329 907
332 330 -667
332 331 -1914889
332 333 911
332 363 911
332 595 1430040
333 69 4006
333 70 -1194
333 301 4
333 302 911
333 331 4
333 332 911
333 334 -2350702
333 335 4
333 336 918
333 365 4
333 366 918
333 597 6368
333 598 1440482
334 69 906361
334 70 -270239
334 301 911
334 331 911
334 333 -2350702
334 335 918
334 365 918
334 597 1440482
335 71 6816
335 72 -411
335 303 4
335 304 920
335 333 4
335 334 918
335 336 -2999122
335 337 4
335 338 926
335 367 4
335 368 926
335 599 6424
335 600 1453285
336 71 1541946
336 72 -93070
336 303 920
336 333 918
336 335 -2999122
336 337 926
336 367 926
336 599 1453285
337 73 8551
337 74 -17
337 305 4
337 306 930
337 335 4
337 336 926
337 338 -3404683
337 339 4
337 340 934
337 369 4
337 370 934
337 601 6483
337 602 1466465
338 73 1934293
338 74 -3913
338 305 930
338 335 926
338 337 -3404683
338 339 934
338 369 934
338 601 1466465
339 75 8682
339 76 -1
339 307 4
339 308 938
339 337 4
339 338 934
339 340 -3446179
339 341 4
339 342 942
339 371 4
339 372 942
339 603 6535
339 604 1478195
340 75 1964028
