===== RESULTADO BRKGA L(2,1) =====
Arquivo: /Users/mateuspedrosa/Documents/TCC-II/BRKGA/data/Harwell-Boeing_cleaned/1138_bus_clean.mtx

----- Execução #1 -----
[INFO] Parou por estagnação.
Tempo de execução: 74770ms
Span (lambda): 18
best_order = [657, 566, 369, 244, 605, 1134, 683, 740, 503, 721, 699, 184, 409, 671, 628, 720, 316, 558, 151, 230, 765, 241, 918, 512, 457, 1135, 323, 44, 344, 74, 116, 210, 124, 658, 685, 841, 1051, 308, 367, 281, 192, 660, 794, 979, 564, 488, 432, 887, 1061, 77, 719, 987, 802, 833, 8, 838, 869, 1136, 978, 59, 900, 329, 67, 819, 958, 412, 999, 263, 386, 187, 876, 866, 181, 780, 919, 1038, 884, 749, 1031, 678, 400, 899, 91, 798, 817, 1030, 347, 158, 38, 429, 102, 297, 786, 406, 947, 325, 403, 824, 826, 717, 454, 970, 368, 920, 776, 1012, 715, 1124, 227, 1131, 767, 250, 586, 815, 1113, 929, 4, 411, 1068, 1059, 742, 305, 1013, 908, 533, 1107, 1020, 755, 575, 530, 741, 1122, 552, 480, 452, 399, 1132, 41, 961, 459, 634, 560, 135, 294, 1037, 232, 114, 166, 388, 1102, 934, 626, 202, 1090, 65, 761, 490, 725, 652, 178, 632, 910, 625, 242, 603, 545, 264, 896, 189, 757, 565, 374, 871, 941, 728, 805, 46, 1092, 313, 443, 835, 1008, 1019, 129, 781, 392, 1040, 101, 9, 366, 54, 829, 862, 314, 983, 1096, 988, 803, 968, 186, 528, 383, 641, 669, 571, 1065, 994, 937, 237, 1110, 1058, 915, 1017, 823, 112, 971, 706, 391, 486, 879, 732, 470, 25, 515, 407, 522, 413, 820, 784, 104, 83, 93, 261, 695, 12, 339, 542, 499, 382, 70, 100, 289, 37, 285, 1048, 585, 855, 1109, 27, 957, 171, 770, 286, 795, 1114, 118, 183, 753, 808, 1072, 981, 141, 95, 290, 94, 1074, 81, 904, 2, 341, 799, 689, 906, 449, 670, 251, 1042, 1052, 687, 951, 55, 155, 211, 885, 596, 946, 949, 921, 870, 282, 700, 92, 234, 311, 562, 892, 204, 126, 478, 993, 939, 148, 269, 751, 595, 1026, 989, 646, 401, 362, 420, 583, 977, 78, 1128, 551, 1081, 205, 1064, 584, 922, 856, 911, 614, 14, 1062, 319, 804, 554, 1121, 447, 1095, 599, 548, 438, 791, 523, 938, 581, 315, 517, 147, 82, 691, 128, 836, 931, 618, 161, 291, 544, 209, 16, 464, 75, 387, 640, 256, 785, 326, 1055, 193, 1119, 617, 60, 1094, 801, 863, 296, 1000, 555, 858, 111, 980, 90, 218, 153, 688, 710, 253, 156, 172, 98, 489, 302, 456, 40, 574, 125, 996, 665, 309, 194, 377, 498, 861, 465, 221, 1079, 1100, 960, 567, 307, 355, 338, 288, 901, 381, 673, 279, 874, 1014, 800, 864, 39, 508, 933, 191, 328, 1112, 510, 385, 615, 295, 637, 707, 353, 350, 106, 229, 18, 1050, 943, 35, 679, 976, 903, 97, 1115, 589, 651, 895, 811, 764, 337, 1130, 1083, 127, 7, 606, 1025, 521, 1120, 262, 436, 997, 818, 122, 364, 346, 349, 1133, 563, 138, 468, 3, 483, 169, 816, 1028, 853, 714, 49, 333, 442, 5, 270, 778, 372, 849, 380, 1076, 336, 444, 1071, 140, 539, 516, 616, 131, 96, 276, 206, 467, 23, 474, 300, 912, 1049, 267, 238, 62, 945, 942, 84, 418, 217, 352, 890, 275, 396, 384, 998, 212, 655, 145, 680, 293, 821, 844, 34, 729, 607, 723, 635, 252, 146, 332, 592, 854, 775, 578, 277, 650, 1021, 975, 1125, 471, 668, 986, 306, 445, 53, 390, 559, 220, 1002, 416, 180, 1103, 643, 20, 317, 709, 613, 472, 948, 674, 783, 537, 1044, 726, 1077, 119, 593, 597, 168, 580, 656, 195, 426, 756, 556, 644, 1099, 226, 123, 598, 304, 1069, 395, 345, 458, 85, 1093, 110, 514, 553, 47, 1029, 1043, 1129, 266, 696, 638, 440, 165, 198, 727, 190, 807, 423, 577, 547, 995, 500, 675, 200, 594, 365, 501, 79, 524, 417, 419, 491, 952, 963, 68, 404, 32, 139, 45, 1108, 360, 664, 51, 1053, 170, 1097, 967, 398, 24, 840, 69, 743, 342, 513, 914, 107, 15, 331, 394, 1007, 648, 737, 354, 174, 225, 272, 496, 540, 1, 847, 827, 873, 64, 236, 1126, 789, 203, 748, 105, 134, 89, 891, 731, 569, 52, 965, 872, 600, 246, 428, 235, 265, 224, 928, 893, 1088, 453, 201, 216, 50, 747, 684, 249, 724, 1089, 492, 63, 773, 538, 935, 113, 505, 373, 414, 214, 698, 702, 693, 759, 677, 525, 208, 243, 822, 487, 739, 408, 1086, 376, 814, 1117, 248, 860, 1018, 868, 1023, 334, 549, 1041, 909, 787, 546, 509, 953, 1034, 777, 813, 917, 132, 21, 633, 834, 790, 604, 108, 621, 185, 258, 448, 865, 830, 144, 1116, 179, 924, 460, 207, 636, 439, 425, 441, 718, 982, 43, 956, 10, 320, 476, 518, 1004, 247, 351, 160, 255, 572, 923, 446, 535, 663, 629, 889, 273, 1024, 624, 857, 701, 907, 950, 228, 930, 894, 602, 532, 28, 649, 1006, 11, 17, 26, 1073, 1078, 421, 744, 1015, 754, 713, 712, 484, 1127, 588, 1056, 301, 36, 196, 832, 159, 792, 888, 422, 379, 536, 162, 662, 550, 88, 268, 437, 631, 610, 681, 1045, 852, 152, 527, 623, 451, 312, 859, 590, 1067, 231, 654, 120, 831, 461, 66, 557, 299, 881, 763, 774, 173, 766, 57, 80, 692, 576, 473, 327, 1001, 330, 529, 143, 397, 507, 274, 573, 157, 582, 71, 959, 519, 177, 356, 842, 287, 916, 358, 245, 1032, 357, 371, 875, 810, 1104, 19, 176, 175, 142, 450, 913, 1137, 1003, 944, 433, 370, 87, 601, 750, 48, 520, 661, 1036, 137, 611, 738, 973, 1084, 851, 736, 343, 1066, 940, 254, 932, 682, 121, 927, 136, 541, 359, 435, 828, 883, 845, 772, 676, 526, 608, 647, 233, 769, 705, 587, 31, 481, 389, 430, 164, 630, 797, 659, 768, 622, 1085, 13, 568, 223, 850, 1087, 479, 926, 393, 348, 239, 361, 1046, 298, 1016, 877, 806, 340, 292, 697, 182, 962, 686, 534, 579, 33, 570, 109, 6, 974, 812, 427, 1011, 758, 321, 1098, 375, 324, 117, 431, 259, 809, 482, 149, 886, 561, 42, 504, 115, 762, 378, 843, 462, 150, 424, 1022, 839, 278, 694, 475, 1111, 867, 690, 1063, 925, 672, 825, 543, 990, 1054, 215, 609, 99, 495, 936, 280, 627, 497, 730, 991, 878, 463, 1091, 167, 734, 882, 1070, 56, 72, 703, 283, 1105, 86, 1035, 782, 954, 746, 163, 260, 955, 642, 222, 1075, 984, 213, 502, 846, 667, 363, 793, 848, 335, 531, 752, 154, 788, 405, 1009, 511, 29, 1118, 76, 103, 469, 704, 22, 410, 133, 735, 1101, 1106, 837, 477, 612, 1033, 1027, 284, 188, 303, 796, 271, 745, 322, 902, 506, 1057, 880, 415, 1005, 30, 130, 1080, 1039, 722, 199, 897, 639, 964, 257, 966, 645, 733, 61, 1123, 591, 711, 969, 708, 1082, 771, 992, 494, 985, 485, 455, 318, 219, 240, 666, 402, 466, 905, 310, 760, 779, 73, 434, 619, 58, 716, 1060, 653, 493, 898, 620, 972, 0, 1010, 1047, 197]
labeling = [8, 6, 4, 6, 2, 3, 10, 6, 0, 3, 9, 0, 2, 5, 1, 5, 3, 6, 4, 9, 3, 5, 6, 0, 1, 0, 8, 0, 1, 2, 6, 2, 0, 6, 8, 0, 7, 2, 0, 4, 2, 0, 6, 5, 0, 1, 0, 6, 8, 1, 3, 7, 5, 3, 0, 0, 0, 4, 0, 0, 3, 1, 2, 9, 8, 4, 9, 2, 5, 7, 0, 5, 1, 11, 1, 5, 10, 0, 2, 6, 4, 2, 6, 0, 1, 8, 12, 0, 5, 7, 4, 2, 7, 4, 4, 0, 1, 5, 3, 4, 4, 2, 0, 10, 1, 3, 0, 6, 7, 8, 4, 5, 3, 6, 0, 8, 0, 0, 3, 1, 3, 8, 6, 4, 0, 5, 1, 3, 3, 1, 11, 4, 7, 0, 4, 0, 5, 8, 1, 3, 3, 0, 3, 6, 3, 1, 3, 0, 0, 0, 1, 0, 2, 0, 1, 2, 2, 0, 2, 4, 4, 1, 11, 1, 9, 6, 0, 4, 6, 4, 1, 2, 5, 6, 4, 7, 1, 5, 2, 2, 1, 0, 10, 3, 0, 9, 3, 1, 7, 1, 5, 2, 0, 2, 3, 3, 7, 8, 5, 1, 8, 3, 0, 3, 4, 5, 3, 6, 7, 0, 0, 2, 6, 8, 2, 10, 3, 4, 0, 7, 8, 6, 3, 5, 3, 6, 4, 2, 5, 3, 0, 8, 1, 4, 5, 2, 6, 0, 3, 0, 18, 2, 0, 4, 0, 13, 1, 3, 2, 7, 1, 5, 6, 0, 6, 3, 1, 9, 4, 8, 2, 2, 2, 1, 0, 7, 4, 9, 5, 7, 10, 1, 6, 8, 12, 5, 1, 2, 16, 2, 1, 0, 2, 2, 3, 0, 1, 12, 5, 1, 3, 9, 15, 11, 1, 2, 0, 3, 14, 6, 3, 10, 4, 7, 4, 0, 0, 1, 0, 0, 5, 2, 1, 0, 0, 3, 0, 10, 5, 1, 10, 13, 16, 0, 14, 3, 4, 1, 1, 0, 0, 1, 4, 3, 3, 4, 7, 5, 0, 2, 6, 4, 7, 8, 1, 5, 3, 0, 9, 1, 1, 4, 7, 8, 7, 6, 4, 7, 0, 3, 5, 4, 3, 10, 1, 4, 2, 0, 0, 0, 3, 6, 6, 8, 3, 10, 8, 5, 11, 9, 6, 0, 4, 1, 9, 7, 0, 5, 1, 8, 2, 2, 1, 6, 9, 4, 2, 12, 1, 0, 0, 2, 0, 0, 7, 13, 0, 0, 2, 0, 7, 4, 1, 2, 3, 8, 5, 5, 0, 2, 0, 4, 4, 3, 9, 2, 0, 6, 1, 0, 4, 8, 0, 7, 1, 4, 6, 3, 4, 0, 1, 3, 5, 3, 0, 2, 8, 1, 2, 0, 3, 3, 1, 4, 0, 2, 0, 0, 4, 2, 5, 1, 3, 7, 0, 1, 4, 0, 3, 7, 5, 0, 2, 11, 7, 3, 2, 8, 3, 8, 1, 0, 2, 6, 8, 9, 0, 5, 0, 4, 3, 7, 4, 2, 3, 0, 0, 8, 3, 0, 6, 8, 9, 0, 12, 2, 13, 8, 2, 6, 4, 0, 0, 5, 7, 0, 5, 1, 7, 8, 10, 4, 1, 0, 0, 5, 11, 7, 0, 4, 3, 15, 3, 0, 5, 9, 4, 5, 1, 2, 4, 11, 1, 5, 3, 2, 3, 0, 1, 2, 8, 4, 1, 5, 1, 3, 7, 9, 0, 2, 3, 7, 4, 4, 2, 5, 0, 4, 6, 2, 3, 0, 1, 1, 1, 0, 8, 1, 5, 8, 8, 3, 7, 2, 5, 0, 0, 6, 0, 2, 2, 0, 3, 0, 4, 4, 2, 3, 0, 3, 5, 1, 6, 0, 3, 0, 1, 4, 10, 6, 4, 4, 3, 2, 2, 0, 2, 2, 1, 3, 6, 2, 6, 2, 4, 2, 0, 3, 0, 9, 1, 6, 0, 4, 0, 3, 3, 0, 4, 3, 0, 0, 4, 3, 2, 5, 0, 2, 8, 4, 2, 6, 0, 5, 3, 0, 1, 0, 0, 1, 1, 10, 9, 2, 0, 1, 1, 13, 4, 0, 3, 2, 12, 0, 5, 2, 10, 4, 1, 0, 3, 9, 2, 0, 2, 1, 4, 3, 5, 1, 7, 0, 1, 6, 4, 1, 4, 0, 7, 0, 1, 8, 1, 2, 5, 6, 2, 3, 10, 5, 5, 8, 2, 6, 1, 0, 6, 3, 12, 2, 1, 0, 13, 9, 11, 0, 2, 4, 1, 3, 6, 1, 4, 14, 7, 7, 5, 5, 1, 6, 0, 2, 0, 3, 1, 8, 2, 6, 2, 1, 3, 2, 4, 1, 0, 0, 4, 0, 4, 1, 7, 0, 3, 3, 3, 0, 2, 2, 4, 7, 0, 5, 9, 2, 2, 6, 3, 2, 6, 13, 0, 1, 9, 7, 2, 0, 0, 7, 5, 7, 0, 5, 6, 8, 1, 4, 10, 5, 0, 5, 0, 5, 0, 2, 1, 3, 1, 7, 2, 5, 0, 2, 6, 4, 1, 2, 5, 0, 5, 0, 5, 4, 0, 2, 0, 5, 0, 2, 5, 0, 8, 9, 2, 0, 3, 1, 0, 5, 0, 4, 0, 0, 4, 2, 1, 3, 4, 1, 6, 0, 2, 10, 0, 0, 2, 0, 0, 5, 0, 3, 0, 0, 2, 3, 0, 7, 0, 11, 5, 0, 3, 0, 3, 4, 1, 3, 2, 6, 2, 1, 4, 6, 4, 4, 2, 3, 8, 0, 1, 3, 0, 4, 0, 3, 7, 0, 2, 10, 2, 0, 1, 0, 7, 6, 0, 5, 3, 8, 0, 3, 0, 4, 6, 8, 0, 0, 10, 7, 0, 0, 1, 3, 6, 4, 2, 6, 12, 6, 0, 0, 2, 1, 7, 2, 0, 5, 14, 1, 1, 3, 1, 0, 0, 4, 0, 1, 2, 0, 3, 1, 3, 3, 3, 5, 6, 4, 4, 2, 0, 1, 3, 1, 6, 7, 7, 4, 1, 5, 0, 2, 0, 2, 6, 0, 5, 5, 0, 1, 1, 0, 3, 1, 3, 0, 6, 11, 2, 0, 3, 0, 5, 1, 3, 1, 2, 0, 4, 6, 0, 2, 2, 4, 1, 2, 4, 9, 1, 1, 2, 8, 1, 0, 2, 3, 0, 1, 1, 4, 7, 3, 0, 5, 8, 3, 4, 2, 0, 6, 5, 6, 0, 0, 0, 6, 3, 5, 7, 4, 0, 9, 2, 0, 0, 9, 4, 3, 11, 2, 5, 7, 3, 4, 0, 8, 5, 0, 2, 11, 3, 0, 0, 0, 2, 5, 1, 1, 0, 4, 0, 8, 2, 4, 0, 9, 1, 0, 6, 2, 1, 3, 4, 3, 2, 0, 5, 3, 0, 9, 1, 6, 2, 8, 4, 1, 4, 2, 0, 0, 2, 7, 2, 0, 0, 1, 9, 3, 6, 0, 0, 2, 0, 5, 0, 0, 3, 4, 3, 3, 7, 0, 6, 4, 0, 2, 0, 0, 1, 3, 3, 3, 2, 0, 1, 0, 0, 0, 0, 3]
convergência = [18, 18, 18, 18, 18, 18, 18, 18, 18, 18, 18, 18, 18, 18, 18, 18, 18, 18, 18, 18, 18, 18, 18, 18, 18, 18, 18, 18, 18, 18, 18, 18, 18, 18, 18, 18, 18, 18, 18, 18, 18, 18, 18, 18, 18, 18, 18, 18, 18, 18, 18, 18, 18, 18, 18, 18, 18, 18, 18, 18, 18, 18, 18, 18, 18, 18, 18, 18, 18, 18, 18, 18, 18, 18, 18, 18, 18, 18, 18, 18, 18, 18, 18, 18, 18, 18, 18, 18, 18, 18, 18, 18, 18, 18, 18, 18, 18, 18, 18, 18, 18, 18, 18, 18, 18, 18, 18, 18, 18, 18, 18, 18, 18, 18, 18, 18, 18, 18, 18, 18, 18, 18, 18, 18]

===== FIM =====
