===== RESULTADO BRKGA L(2,1) =====
Arquivo: /Users/mateuspedrosa/Documents/TCC-II/BRKGA/data/Harwell-Boeing_cleaned/494_bus_clean.mtx

----- Execução #1 -----
[INFO] Parou por estagnação.
Tempo de execução: 17059ms
Span (lambda): 10
best_order = [276, 398, 439, 71, 267, 260, 116, 211, 8, 192, 342, 378, 454, 445, 113, 135, 351, 80, 126, 30, 422, 239, 417, 156, 300, 286, 153, 140, 475, 296, 259, 170, 253, 291, 215, 406, 166, 130, 411, 159, 25, 242, 229, 169, 188, 196, 184, 4, 202, 73, 397, 430, 21, 487, 432, 350, 413, 377, 103, 346, 481, 268, 190, 344, 214, 327, 362, 38, 491, 319, 189, 402, 446, 392, 53, 284, 393, 488, 401, 321, 111, 416, 434, 6, 154, 298, 384, 367, 187, 387, 101, 307, 65, 466, 224, 336, 419, 353, 275, 213, 133, 325, 473, 467, 237, 207, 92, 175, 191, 231, 427, 334, 104, 105, 50, 96, 39, 152, 148, 338, 281, 183, 329, 7, 168, 69, 316, 370, 81, 489, 89, 455, 31, 36, 176, 355, 302, 55, 474, 37, 87, 410, 119, 312, 292, 249, 93, 52, 19, 486, 320, 458, 270, 297, 221, 48, 368, 131, 42, 309, 227, 414, 261, 326, 386, 206, 16, 339, 15, 44, 314, 225, 349, 160, 484, 198, 223, 381, 303, 56, 76, 234, 493, 134, 99, 27, 343, 83, 280, 90, 403, 132, 167, 483, 421, 278, 356, 144, 471, 335, 437, 218, 283, 412, 460, 311, 23, 13, 197, 407, 54, 186, 201, 469, 244, 106, 391, 264, 438, 209, 115, 219, 185, 171, 380, 14, 450, 165, 345, 143, 322, 40, 1, 308, 470, 129, 179, 472, 423, 482, 72, 363, 63, 26, 78, 313, 84, 34, 88, 45, 256, 43, 94, 277, 41, 0, 425, 68, 97, 18, 9, 5, 70, 85, 366, 180, 178, 109, 212, 194, 315, 400, 310, 282, 162, 374, 290, 461, 243, 444, 262, 230, 272, 424, 10, 173, 59, 382, 210, 399, 127, 254, 476, 405, 17, 341, 371, 477, 285, 125, 33, 158, 465, 62, 203, 354, 440, 330, 122, 3, 324, 217, 372, 337, 233, 279, 146, 49, 361, 294, 447, 240, 255, 150, 288, 360, 151, 100, 436, 331, 301, 299, 431, 177, 174, 365, 426, 200, 238, 204, 418, 468, 208, 86, 492, 452, 24, 457, 141, 358, 161, 333, 433, 305, 269, 415, 139, 193, 379, 98, 263, 332, 248, 376, 289, 409, 232, 205, 463, 385, 67, 480, 459, 228, 142, 226, 74, 91, 273, 102, 147, 95, 79, 137, 428, 323, 29, 443, 449, 364, 287, 306, 448, 241, 266, 394, 462, 222, 2, 58, 114, 164, 250, 149, 157, 396, 252, 328, 429, 389, 245, 359, 408, 420, 435, 271, 257, 121, 251, 181, 64, 304, 110, 32, 352, 258, 75, 57, 375, 60, 107, 220, 120, 236, 340, 124, 138, 108, 317, 274, 442, 293, 195, 46, 145, 123, 118, 66, 265, 163, 246, 112, 35, 441, 373, 404, 20, 128, 369, 82, 28, 395, 216, 478, 490, 51, 61, 357, 235, 348, 11, 479, 453, 247, 155, 136, 451, 182, 456, 47, 199, 22, 117, 172, 295, 388, 464, 390, 383, 318, 485, 77, 12, 347]
labeling = [6, 1, 4, 5, 0, 3, 0, 0, 0, 2, 4, 8, 1, 0, 1, 4, 2, 3, 7, 0, 7, 1, 5, 2, 4, 0, 3, 1, 0, 3, 0, 0, 4, 0, 0, 5, 0, 3, 0, 5, 5, 4, 0, 2, 5, 0, 10, 10, 4, 6, 1, 6, 0, 0, 4, 0, 0, 2, 5, 0, 4, 3, 6, 1, 5, 0, 3, 10, 0, 5, 8, 2, 1, 0, 1, 2, 0, 7, 3, 7, 0, 3, 3, 2, 4, 2, 3, 0, 4, 1, 6, 7, 0, 3, 4, 0, 3, 1, 4, 0, 3, 0, 0, 1, 4, 1, 0, 6, 7, 4, 6, 0, 4, 1, 5, 2, 0, 8, 6, 3, 2, 10, 5, 4, 1, 4, 0, 5, 2, 6, 4, 5, 2, 0, 0, 0, 7, 7, 1, 3, 2, 9, 6, 3, 0, 4, 4, 1, 2, 5, 6, 7, 4, 0, 2, 3, 0, 2, 5, 2, 1, 3, 2, 8, 5, 2, 0, 3, 0, 1, 0, 2, 5, 7, 2, 0, 2, 5, 3, 0, 2, 4, 9, 1, 0, 2, 2, 0, 0, 2, 3, 5, 0, 1, 0, 9, 0, 2, 0, 3, 4, 0, 2, 5, 8, 1, 0, 0, 2, 0, 5, 4, 6, 0, 3, 1, 6, 3, 5, 6, 9, 3, 5, 2, 1, 4, 1, 3, 2, 0, 6, 1, 6, 4, 3, 9, 5, 0, 2, 1, 0, 10, 0, 3, 1, 4, 4, 7, 2, 0, 4, 2, 2, 0, 3, 5, 5, 7, 3, 1, 0, 2, 6, 8, 1, 0, 2, 0, 2, 2, 3, 8, 0, 1, 7, 2, 0, 4, 1, 1, 6, 3, 1, 6, 3, 4, 0, 1, 8, 9, 0, 0, 1, 4, 1, 4, 0, 2, 1, 3, 1, 4, 0, 3, 0, 7, 6, 0, 2, 5, 7, 0, 0, 0, 4, 3, 2, 9, 10, 0, 3, 0, 6, 0, 3, 0, 2, 0, 3, 0, 2, 2, 1, 5, 0, 3, 2, 3, 0, 3, 4, 2, 0, 2, 2, 3, 1, 6, 7, 4, 0, 0, 10, 2, 1, 2, 3, 6, 5, 1, 1, 0, 0, 2, 2, 1, 4, 0, 4, 3, 2, 6, 7, 10, 5, 6, 7, 0, 0, 8, 6, 0, 2, 2, 0, 3, 1, 0, 2, 5, 8, 3, 0, 0, 4, 8, 0, 1, 0, 4, 5, 2, 0, 0, 4, 2, 0, 0, 4, 3, 2, 0, 1, 1, 4, 7, 3, 0, 2, 0, 8, 5, 0, 4, 2, 2, 7, 1, 8, 9, 2, 7, 0, 3, 2, 7, 5, 0, 2, 0, 0, 8, 4, 3, 5, 2, 3, 0, 8, 4, 0, 2, 1, 6, 0, 3, 10, 1, 1, 6, 2, 4, 7, 7, 2, 4, 1, 0, 8, 1, 4, 2, 4, 1, 2, 0, 7, 3, 6, 8, 5, 0, 3, 1, 0, 2, 1, 0, 2, 4, 0, 1, 2, 5]
convergência = [10, 10, 10, 10, 10, 10, 10, 10, 10, 10, 10, 10, 10, 10, 10, 10, 10, 10, 10, 10, 10, 10, 10, 10, 10, 10, 10, 10, 10, 10, 10, 10, 10, 10, 10, 10, 10, 10, 10, 10, 10, 10, 10, 10, 10, 10, 10, 10, 10, 10, 10, 10, 10, 10, 10, 10, 10, 10, 10, 10, 10, 10, 10, 10, 10, 10, 10, 10, 10, 10, 10, 10, 10, 10, 10, 10, 10, 10, 10, 10, 10, 10, 10, 10, 10, 10, 10, 10, 10, 10, 10, 10, 10, 10, 10, 10, 10, 10, 10, 10, 10, 10, 10, 10, 10, 10, 10, 10, 10, 10, 10, 10, 10, 10, 10, 10, 10, 10, 10, 10, 10, 10, 10, 10]

===== FIM =====
