===== RESULTADO BRKGA L(2,1) =====
Arquivo: /Users/mateuspedrosa/Documents/TCC-II/BRKGA/data/Harwell-Boeing_cleaned/662_bus_clean.mtx

----- Execução #1 -----
[INFO] Parou por estagnação.
Tempo de execução: 26315ms
Span (lambda): 11
best_order = [420, 37, 478, 104, 178, 555, 581, 81, 316, 274, 55, 491, 516, 68, 47, 110, 368, 325, 395, 9, 190, 207, 46, 189, 583, 484, 627, 503, 347, 36, 119, 584, 655, 585, 419, 428, 0, 35, 138, 118, 229, 27, 136, 602, 210, 649, 218, 264, 326, 248, 640, 397, 99, 276, 604, 565, 109, 367, 472, 234, 542, 435, 102, 522, 579, 34, 454, 582, 411, 416, 550, 4, 281, 492, 626, 620, 191, 307, 440, 523, 412, 361, 365, 15, 383, 630, 552, 587, 556, 32, 409, 515, 230, 319, 177, 545, 170, 285, 204, 656, 235, 314, 317, 498, 629, 6, 499, 131, 318, 477, 652, 407, 284, 217, 215, 30, 436, 524, 481, 295, 228, 658, 205, 255, 387, 645, 527, 116, 468, 644, 92, 250, 569, 476, 547, 23, 406, 596, 539, 532, 211, 79, 226, 351, 40, 463, 129, 433, 332, 646, 452, 181, 315, 475, 195, 87, 343, 480, 150, 402, 273, 384, 571, 88, 22, 249, 578, 193, 548, 427, 291, 580, 338, 415, 103, 196, 183, 615, 606, 244, 212, 575, 559, 146, 346, 518, 85, 359, 237, 277, 83, 339, 399, 90, 512, 262, 446, 31, 168, 39, 423, 287, 286, 461, 648, 526, 486, 14, 443, 313, 462, 576, 354, 659, 544, 398, 158, 5, 534, 474, 17, 651, 442, 391, 176, 304, 439, 570, 188, 121, 388, 134, 241, 619, 167, 96, 51, 530, 654, 473, 60, 231, 661, 377, 245, 614, 213, 456, 93, 396, 586, 551, 127, 263, 496, 563, 588, 324, 312, 448, 171, 302, 342, 101, 647, 379, 404, 95, 336, 76, 182, 401, 271, 100, 642, 329, 199, 598, 408, 501, 160, 638, 445, 613, 52, 594, 500, 251, 225, 417, 495, 628, 12, 611, 505, 608, 259, 227, 107, 328, 24, 309, 252, 184, 125, 470, 327, 489, 166, 253, 573, 232, 507, 541, 203, 261, 405, 128, 66, 42, 566, 450, 385, 113, 139, 155, 482, 525, 132, 77, 53, 657, 352, 394, 223, 220, 266, 8, 10, 635, 603, 422, 198, 239, 290, 180, 78, 206, 152, 143, 26, 341, 282, 376, 186, 340, 483, 246, 71, 382, 20, 561, 164, 514, 73, 111, 236, 175, 528, 621, 574, 431, 123, 333, 310, 280, 510, 187, 600, 497, 410, 521, 632, 506, 292, 432, 467, 617, 297, 636, 374, 194, 375, 238, 56, 554, 151, 364, 444, 350, 89, 520, 299, 660, 330, 616, 257, 7, 568, 323, 537, 256, 156, 202, 221, 185, 283, 429, 331, 380, 117, 272, 288, 360, 353, 625, 64, 371, 513, 344, 72, 108, 348, 519, 363, 577, 149, 453, 80, 465, 135, 144, 54, 593, 459, 595, 610, 112, 63, 557, 471, 174, 322, 349, 549, 653, 334, 458, 157, 605, 502, 487, 13, 222, 289, 601, 437, 451, 161, 197, 490, 148, 335, 301, 28, 591, 447, 120, 147, 142, 488, 592, 38, 298, 165, 247, 469, 21, 504, 74, 345, 369, 546, 49, 479, 11, 634, 192, 321, 540, 258, 637, 533, 44, 169, 362, 509, 370, 219, 300, 208, 260, 163, 59, 18, 531, 441, 535, 29, 67, 358, 265, 172, 355, 366, 82, 214, 140, 3, 43, 449, 209, 403, 597, 201, 48, 240, 424, 97, 86, 356, 243, 305, 466, 623, 650, 639, 425, 430, 1, 122, 607, 133, 268, 84, 106, 590, 508, 216, 153, 517, 311, 390, 464, 392, 19, 543, 33, 279, 200, 494, 75, 233, 179, 536, 373, 400, 612, 130, 426, 643, 414, 378, 267, 558, 154, 242, 455, 434, 57, 294, 293, 124, 418, 306, 337, 631, 529, 94, 609, 386, 599, 137, 269, 511, 460, 65, 457, 173, 115, 105, 538, 159, 622, 2, 162, 98, 91, 567, 296, 41, 224, 438, 372, 641, 393, 303, 381, 308, 141, 320, 69, 562, 270, 62, 624, 254, 50, 572, 421, 485, 275, 389, 278, 553, 589, 413, 564, 45, 145, 493, 114, 357, 58, 618, 126, 560, 16, 25, 61, 633, 70]
labeling = [1, 6, 7, 5, 0, 5, 0, 7, 0, 0, 0, 2, 0, 7, 5, 4, 6, 2, 2, 6, 0, 2, 2, 0, 4, 4, 5, 0, 6, 1, 4, 0, 2, 11, 0, 0, 0, 0, 0, 1, 1, 1, 8, 4, 2, 10, 1, 0, 3, 4, 7, 0, 3, 4, 8, 0, 6, 4, 7, 7, 0, 3, 7, 0, 3, 8, 2, 3, 0, 2, 9, 5, 2, 3, 6, 3, 2, 1, 1, 0, 3, 0, 5, 0, 3, 3, 0, 0, 0, 2, 2, 1, 4, 0, 2, 7, 6, 4, 0, 0, 1, 3, 0, 2, 2, 5, 3, 2, 3, 0, 0, 0, 5, 5, 7, 6, 3, 4, 2, 0, 5, 4, 6, 3, 9, 2, 0, 5, 0, 0, 8, 2, 1, 0, 6, 4, 2, 3, 0, 4, 2, 9, 5, 4, 0, 8, 2, 4, 5, 4, 3, 1, 1, 3, 7, 6, 5, 0, 2, 9, 3, 4, 8, 3, 1, 5, 3, 0, 0, 6, 0, 2, 6, 1, 7, 4, 0, 2, 0, 6, 0, 3, 4, 0, 1, 7, 2, 1, 3, 0, 1, 1, 1, 3, 5, 1, 2, 0, 5, 3, 6, 6, 4, 4, 1, 2, 3, 0, 4, 4, 1, 1, 1, 3, 7, 2, 6, 0, 2, 6, 3, 5, 0, 2, 2, 0, 0, 4, 1, 2, 4, 1, 5, 8, 0, 0, 5, 0, 6, 2, 8, 6, 5, 0, 5, 0, 2, 1, 0, 2, 0, 2, 5, 1, 6, 0, 0, 5, 1, 2, 1, 4, 0, 6, 2, 5, 4, 1, 8, 7, 6, 4, 5, 0, 0, 5, 2, 4, 5, 1, 6, 0, 7, 8, 1, 3, 4, 0, 6, 10, 7, 2, 4, 6, 2, 0, 0, 8, 8, 1, 0, 0, 4, 7, 7, 7, 3, 2, 9, 6, 8, 1, 0, 5, 1, 2, 0, 1, 2, 0, 6, 9, 6, 6, 3, 2, 0, 1, 4, 0, 5, 4, 0, 6, 8, 6, 6, 8, 0, 2, 3, 0, 3, 0, 9, 3, 1, 2, 3, 5, 5, 3, 5, 1, 1, 6, 7, 9, 10, 5, 5, 0, 9, 0, 6, 2, 6, 0, 0, 9, 2, 4, 8, 6, 1, 4, 5, 4, 5, 8, 0, 8, 6, 2, 2, 4, 11, 3, 3, 9, 7, 0, 8, 10, 7, 0, 5, 1, 2, 3, 7, 4, 0, 6, 5, 1, 3, 4, 5, 3, 1, 1, 2, 11, 7, 4, 0, 2, 6, 0, 0, 11, 4, 2, 9, 10, 4, 5, 0, 7, 4, 6, 2, 1, 8, 1, 3, 4, 6, 0, 1, 11, 4, 1, 5, 2, 0, 8, 0, 6, 5, 3, 2, 4, 0, 9, 5, 6, 2, 4, 3, 2, 2, 4, 5, 1, 6, 2, 4, 7, 6, 7, 1, 3, 0, 2, 4, 2, 0, 8, 0, 1, 5, 0, 0, 5, 2, 7, 8, 5, 6, 0, 0, 3, 6, 0, 4, 7, 1, 3, 4, 3, 5, 1, 6, 4, 2, 7, 9, 0, 5, 9, 4, 10, 1, 0, 0, 7, 3, 9, 5, 5, 0, 0, 0, 4, 4, 2, 6, 4, 0, 3, 2, 5, 1, 11, 5, 3, 7, 2, 3, 3, 0, 0, 3, 0, 3, 1, 3, 0, 0, 2, 1, 7, 7, 0, 1, 6, 6, 5, 6, 2, 7, 2, 10, 0, 6, 2, 6, 2, 3, 3, 5, 1, 8, 4, 0, 2, 2, 0, 4, 1, 0, 2, 3, 1, 3, 1, 2, 9, 0, 4, 9, 6, 4, 7, 1, 7, 0, 7, 5, 4, 0, 1, 0, 7, 2, 6, 2, 9, 3, 3, 7, 2, 3, 0, 6, 6, 11, 0, 0, 5, 10, 4, 0, 4, 0, 0, 5, 2, 1, 7, 7, 1, 5, 0, 2, 5, 2, 6, 0, 1, 2, 5, 2, 0, 4, 6, 0, 0, 2, 6, 2, 11, 3, 0, 1, 9, 4, 5, 10, 7]
convergência = [11, 11, 11, 11, 11, 11, 11, 11, 11, 11, 11, 11, 11, 11, 11, 11, 11, 11, 11, 11, 11, 11, 11, 11, 11, 11, 11, 11, 11, 11, 11, 11, 11, 11, 11, 11, 11, 11, 11, 11, 11, 11, 11, 11, 11, 11, 11, 11, 11, 11, 11, 11, 11, 11, 11, 11, 11, 11, 11, 11, 11, 11, 11, 11, 11, 11, 11, 11, 11, 11, 11, 11, 11, 11, 11, 11, 11, 11, 11, 11, 11, 11, 11, 11, 11, 11, 11, 11, 11, 11, 11, 11, 11, 11, 11, 11, 11, 11, 11, 11, 11, 11, 11, 11, 11, 11, 11, 11, 11, 11, 11, 11, 11, 11, 11, 11, 11, 11, 11, 11, 11, 11, 11, 11]

===== FIM =====
