===== RESULTADO BRKGA L(2,1) =====
Arquivo: /Users/mateuspedrosa/Documents/TCC-II/BRKGA/data/Harwell-Boeing_cleaned/685_bus_clean.mtx

----- Execução #1 -----
[INFO] Parou por estagnação.
Tempo de execução: 40320ms
Span (lambda): 14
best_order = [147, 179, 116, 574, 492, 364, 35, 32, 90, 499, 601, 351, 412, 347, 673, 310, 452, 45, 497, 297, 580, 123, 28, 669, 489, 303, 537, 288, 12, 204, 568, 265, 341, 639, 367, 567, 60, 61, 573, 419, 516, 16, 156, 587, 615, 63, 182, 503, 647, 511, 159, 72, 257, 135, 282, 343, 300, 658, 599, 662, 180, 381, 41, 465, 299, 42, 450, 114, 674, 407, 397, 5, 345, 377, 365, 336, 131, 629, 275, 388, 370, 231, 536, 439, 642, 472, 679, 239, 141, 624, 58, 38, 403, 476, 22, 241, 355, 269, 633, 512, 120, 373, 290, 584, 384, 248, 625, 55, 163, 374, 684, 510, 353, 301, 24, 392, 359, 225, 31, 164, 230, 529, 394, 200, 183, 84, 261, 18, 208, 604, 33, 608, 47, 238, 76, 68, 138, 646, 550, 671, 316, 334, 399, 579, 137, 649, 461, 408, 205, 85, 119, 175, 260, 481, 342, 677, 391, 393, 548, 514, 570, 498, 6, 538, 106, 563, 340, 170, 547, 420, 315, 650, 421, 17, 469, 346, 335, 453, 29, 143, 468, 74, 427, 434, 133, 155, 507, 564, 552, 195, 549, 337, 607, 152, 593, 585, 318, 409, 620, 307, 235, 75, 589, 50, 501, 10, 619, 39, 600, 631, 308, 62, 477, 86, 496, 443, 234, 378, 9, 196, 526, 154, 285, 616, 210, 216, 15, 82, 542, 515, 174, 124, 284, 411, 332, 528, 592, 368, 487, 80, 244, 661, 0, 252, 665, 612, 115, 212, 657, 505, 53, 360, 416, 66, 166, 491, 184, 652, 281, 500, 8, 27, 222, 328, 565, 126, 289, 572, 97, 382, 598, 266, 617, 478, 333, 460, 190, 305, 88, 268, 525, 664, 597, 666, 451, 100, 7, 575, 521, 358, 405, 232, 245, 273, 280, 682, 236, 509, 49, 426, 636, 226, 59, 440, 327, 25, 675, 431, 83, 582, 294, 555, 455, 178, 541, 571, 447, 105, 173, 648, 363, 369, 224, 136, 554, 362, 418, 271, 30, 71, 125, 352, 21, 171, 663, 348, 99, 13, 386, 139, 519, 611, 577, 422, 329, 482, 590, 621, 486, 122, 628, 228, 506, 112, 108, 432, 442, 437, 201, 3, 70, 479, 406, 372, 659, 11, 456, 36, 385, 605, 581, 660, 471, 643, 193, 594, 398, 79, 87, 217, 428, 326, 255, 242, 488, 553, 229, 610, 531, 144, 4, 371, 291, 546, 317, 129, 187, 181, 150, 113, 430, 676, 218, 52, 69, 493, 324, 140, 484, 46, 54, 185, 101, 622, 606, 207, 463, 527, 441, 474, 424, 533, 569, 314, 313, 302, 323, 396, 566, 73, 653, 211, 26, 262, 517, 249, 263, 425, 40, 595, 132, 189, 559, 602, 1, 423, 91, 104, 250, 402, 415, 67, 258, 558, 148, 264, 520, 127, 243, 530, 286, 632, 194, 151, 287, 380, 57, 246, 259, 34, 165, 445, 102, 586, 361, 444, 191, 19, 379, 635, 223, 254, 43, 277, 81, 203, 251, 462, 504, 292, 349, 551, 532, 672, 356, 160, 446, 176, 627, 48, 578, 618, 272, 668, 145, 591, 475, 146, 240, 149, 227, 508, 638, 410, 540, 237, 656, 20, 142, 169, 44, 457, 199, 413, 121, 560, 459, 278, 522, 274, 168, 94, 490, 667, 626, 311, 449, 256, 613, 134, 557, 485, 107, 644, 209, 78, 304, 162, 338, 64, 387, 296, 588, 543, 470, 37, 400, 109, 480, 357, 614, 128, 93, 89, 309, 95, 177, 283, 118, 466, 325, 233, 545, 186, 188, 220, 198, 320, 454, 576, 130, 376, 206, 98, 401, 535, 417, 561, 681, 458, 637, 395, 279, 448, 518, 322, 539, 651, 654, 167, 192, 502, 96, 513, 56, 603, 295, 383, 312, 534, 306, 158, 596, 65, 483, 213, 2, 464, 473, 247, 219, 172, 494, 435, 51, 630, 562, 321, 645, 221, 117, 495, 157, 389, 319, 375, 544, 634, 331, 293, 609, 436, 111, 655, 214, 414, 404, 253, 556, 390, 583, 77, 354, 110, 276, 366, 438, 641, 215, 344, 267, 103, 670, 92, 683, 433, 640, 524, 339, 197, 153, 678, 161, 23, 14, 350, 429, 467, 298, 330, 202, 680, 623, 523, 270]
labeling = [1, 3, 5, 6, 3, 0, 0, 4, 1, 4, 2, 8, 0, 6, 6, 0, 1, 5, 3, 4, 5, 2, 0, 5, 1, 1, 7, 6, 2, 5, 1, 0, 0, 5, 3, 0, 3, 7, 0, 2, 4, 0, 4, 4, 9, 0, 7, 0, 8, 2, 1, 2, 10, 1, 7, 3, 7, 4, 2, 5, 0, 0, 5, 2, 7, 8, 6, 0, 2, 7, 6, 3, 1, 5, 0, 2, 4, 11, 9, 7, 3, 1, 5, 5, 0, 1, 4, 6, 4, 5, 0, 6, 12, 3, 10, 8, 9, 3, 11, 6, 4, 2, 8, 2, 8, 4, 5, 12, 11, 12, 14, 7, 10, 7, 2, 6, 0, 12, 13, 3, 4, 3, 9, 0, 6, 4, 2, 5, 10, 4, 7, 2, 4, 2, 5, 0, 1, 1, 0, 8, 0, 0, 5, 3, 1, 3, 8, 0, 7, 5, 7, 6, 0, 1, 2, 0, 3, 8, 3, 0, 8, 2, 9, 0, 2, 3, 0, 9, 8, 2, 1, 6, 9, 1, 2, 2, 0, 7, 3, 0, 0, 3, 2, 4, 4, 6, 1, 7, 9, 5, 5, 5, 10, 5, 2, 2, 4, 7, 5, 4, 0, 5, 11, 1, 1, 2, 9, 5, 0, 3, 0, 7, 3, 2, 4, 0, 2, 5, 7, 8, 0, 0, 3, 5, 2, 1, 7, 5, 6, 10, 2, 0, 5, 13, 4, 3, 3, 10, 7, 4, 11, 3, 8, 7, 3, 2, 6, 4, 1, 3, 5, 11, 1, 7, 10, 8, 2, 0, 3, 4, 0, 6, 0, 8, 12, 0, 1, 13, 1, 2, 8, 2, 9, 0, 3, 0, 11, 7, 1, 6, 7, 4, 5, 10, 8, 6, 4, 10, 3, 9, 4, 0, 0, 2, 11, 14, 13, 1, 4, 1, 2, 1, 2, 0, 7, 5, 3, 3, 6, 12, 0, 10, 8, 0, 9, 2, 3, 5, 5, 11, 8, 1, 13, 6, 2, 8, 4, 2, 7, 10, 12, 8, 6, 9, 2, 4, 1, 8, 14, 7, 4, 1, 7, 0, 11, 2, 3, 0, 9, 7, 10, 0, 2, 6, 14, 1, 13, 8, 7, 2, 1, 0, 10, 8, 0, 0, 9, 0, 2, 4, 1, 6, 8, 3, 4, 10, 10, 1, 4, 1, 5, 1, 3, 7, 0, 0, 9, 11, 2, 8, 3, 8, 5, 1, 7, 6, 4, 0, 2, 1, 4, 5, 10, 3, 5, 3, 7, 0, 0, 1, 13, 2, 0, 8, 10, 6, 3, 7, 5, 0, 0, 2, 2, 0, 0, 3, 0, 6, 11, 9, 12, 0, 3, 4, 1, 5, 1, 3, 6, 2, 9, 4, 5, 4, 6, 11, 6, 2, 7, 6, 0, 6, 1, 4, 8, 4, 5, 7, 5, 7, 2, 1, 3, 4, 9, 1, 3, 3, 0, 3, 2, 5, 0, 7, 7, 0, 0, 5, 1, 6, 12, 2, 2, 8, 7, 8, 6, 4, 9, 0, 11, 6, 0, 1, 11, 10, 4, 1, 2, 0, 5, 0, 14, 0, 7, 5, 0, 3, 2, 7, 5, 3, 2, 8, 4, 6, 0, 3, 0, 8, 2, 4, 7, 5, 2, 2, 3, 2, 5, 1, 6, 2, 5, 0, 2, 13, 0, 1, 1, 10, 6, 4, 1, 9, 4, 9, 0, 2, 1, 3, 1, 14, 4, 10, 6, 4, 9, 0, 6, 8, 9, 4, 11, 5, 7, 5, 4, 2, 0, 9, 4, 2, 6, 1, 0, 7, 10, 6, 7, 2, 0, 9, 6, 9, 1, 3, 5, 0, 9, 2, 8, 7, 0, 2, 4, 6, 11, 6, 5, 2, 3, 0, 1, 8, 1, 0, 13, 3, 1, 7, 10, 7, 3, 8, 4, 0, 4, 5, 7, 3, 0, 5, 12, 10, 3, 2, 10, 2, 2, 0, 13, 1, 4, 0, 2, 8, 7, 6, 5, 1, 6, 1, 0, 5, 11, 11, 4, 1, 7, 2, 3, 8, 5, 5, 2, 7, 2, 5, 2, 4, 8, 2, 3, 0, 2, 3, 4, 2, 2, 0, 10, 0, 8, 0, 2, 5, 9, 1, 4, 0, 8, 3, 1, 5, 0]
convergência = [14, 14, 14, 14, 14, 14, 14, 14, 14, 14, 14, 14, 14, 14, 14, 14, 14, 14, 14, 14, 14, 14, 14, 14, 14, 14, 14, 14, 14, 14, 14, 14, 14, 14, 14, 14, 14, 14, 14, 14, 14, 14, 14, 14, 14, 14, 14, 14, 14, 14, 14, 14, 14, 14, 14, 14, 14, 14, 14, 14, 14, 14, 14, 14, 14, 14, 14, 14, 14, 14, 14, 14, 14, 14, 14, 14, 14, 14, 14, 14, 14, 14, 14, 14, 14, 14, 14, 14, 14, 14, 14, 14, 14, 14, 14, 14, 14, 14, 14, 14, 14, 14, 14, 14, 14, 14, 14, 14, 14, 14, 14, 14, 14, 14, 14, 14, 14, 14, 14, 14, 14, 14, 14, 14]

===== FIM =====
