===== RESULTADO BRKGA L(2,1) =====
Arquivo: /Users/mateuspedrosa/Documents/TCC-II/BRKGA/data/Harwell-Boeing_cleaned/arc130_clean.mtx

----- Execução #1 -----
[INFO] Parou por estagnação.
Tempo de execução: 58616ms
Span (lambda): 126
best_order = [17, 19, 45, 34, 28, 14, 55, 124, 112, 63, 22, 7, 13, 87, 115, 100, 102, 72, 108, 41, 110, 103, 16, 2, 119, 5, 76, 27, 127, 57, 122, 70, 69, 88, 79, 125, 31, 43, 24, 94, 35, 92, 74, 114, 68, 65, 62, 90, 51, 26, 86, 39, 105, 9, 89, 10, 33, 6, 40, 21, 42, 78, 0, 23, 118, 73, 71, 113, 64, 60, 82, 120, 75, 126, 1, 53, 20, 58, 44, 96, 84, 8, 104, 106, 85, 48, 121, 15, 61, 81, 52, 77, 29, 56, 117, 36, 18, 46, 91, 49, 107, 66, 101, 54, 109, 47, 128, 123, 59, 116, 32, 95, 30, 93, 97, 50, 129, 98, 11, 83, 25, 38, 111, 3, 67, 4, 80, 12, 99, 37]
labeling = [61, 73, 25, 120, 123, 27, 58, 12, 78, 53, 55, 115, 125, 14, 7, 84, 23, 0, 93, 2, 1, 1, 1, 1, 1, 117, 49, 29, 6, 89, 109, 37, 107, 57, 5, 40, 92, 124, 118, 51, 56, 20, 59, 38, 75, 4, 94, 102, 82, 96, 112, 48, 87, 72, 100, 8, 90, 31, 74, 105, 67, 85, 46, 11, 66, 45, 98, 122, 44, 33, 26, 64, 18, 63, 42, 70, 28, 88, 60, 35, 121, 86, 68, 116, 77, 81, 50, 13, 34, 54, 47, 95, 41, 110, 39, 108, 76, 111, 114, 126, 16, 99, 17, 22, 79, 52, 80, 97, 19, 101, 21, 119, 10, 65, 43, 15, 106, 91, 62, 24, 69, 83, 32, 104, 9, 36, 71, 30, 103, 113]
convergência = [126, 126, 126, 126, 126, 126, 126, 126, 126, 126, 126, 126, 126, 126, 126, 126, 126, 126, 126, 126, 126, 126, 126, 126, 126, 126, 126, 126, 126, 126, 126, 126, 126, 126, 126, 126, 126, 126, 126, 126, 126, 126, 126, 126, 126, 126, 126, 126, 126, 126, 126, 126, 126, 126, 126, 126, 126, 126, 126, 126, 126, 126, 126, 126, 126, 126, 126, 126, 126, 126, 126, 126, 126, 126, 126, 126, 126, 126, 126, 126, 126, 126, 126, 126, 126, 126, 126, 126, 126, 126, 126, 126, 126, 126, 126, 126, 126, 126, 126, 126, 126, 126, 126, 126, 126, 126, 126, 126, 126, 126, 126, 126, 126, 126, 126, 126, 126, 126, 126, 126, 126, 126, 126, 126]

===== FIM =====
