===== RESULTADO BRKGA L(2,1) =====
Arquivo: /Users/mateuspedrosa/Documents/TCC-II/BRKGA/data/Harwell-Boeing_cleaned/ash292_clean.mtx

----- Execução #1 -----
[INFO] Parou por estagnação.
Tempo de execução: 37100ms
Span (lambda): 17
best_order = [178, 3, 269, 61, 67, 287, 44, 156, 12, 50, 87, 191, 196, 208, 75, 193, 117, 202, 100, 112, 165, 268, 124, 150, 285, 243, 33, 72, 90, 39, 45, 119, 48, 140, 31, 260, 92, 23, 17, 0, 106, 137, 114, 128, 189, 222, 210, 161, 113, 235, 195, 107, 283, 223, 131, 116, 14, 88, 151, 274, 19, 20, 286, 194, 180, 262, 192, 244, 271, 259, 238, 163, 182, 153, 5, 130, 278, 190, 289, 175, 123, 74, 261, 258, 142, 99, 232, 118, 284, 263, 251, 94, 143, 7, 248, 22, 77, 121, 206, 49, 166, 37, 164, 187, 26, 41, 270, 13, 52, 157, 281, 154, 257, 64, 21, 135, 149, 147, 236, 80, 138, 62, 84, 158, 93, 179, 255, 290, 9, 15, 127, 58, 207, 276, 230, 219, 256, 56, 155, 254, 185, 85, 126, 242, 32, 60, 110, 169, 134, 10, 96, 66, 129, 54, 139, 201, 101, 6, 78, 240, 34, 70, 162, 95, 55, 249, 42, 38, 125, 69, 104, 186, 203, 120, 288, 265, 4, 43, 136, 205, 197, 252, 245, 25, 115, 279, 91, 229, 145, 141, 98, 233, 89, 152, 81, 277, 267, 199, 29, 35, 76, 216, 220, 291, 253, 184, 63, 111, 177, 79, 102, 27, 65, 272, 237, 264, 204, 167, 132, 227, 212, 148, 215, 18, 8, 275, 68, 82, 146, 176, 109, 171, 282, 181, 221, 144, 51, 174, 24, 250, 108, 57, 160, 231, 198, 16, 211, 86, 40, 213, 122, 246, 170, 83, 228, 172, 226, 159, 280, 36, 241, 73, 224, 266, 217, 247, 71, 28, 47, 53, 105, 200, 2, 168, 273, 234, 1, 209, 133, 225, 103, 30, 97, 239, 214, 218, 59, 188, 173, 46, 11, 183]
labeling = [2, 6, 4, 0, 9, 3, 7, 1, 12, 5, 10, 14, 0, 8, 6, 10, 17, 4, 15, 1, 7, 8, 4, 2, 16, 12, 8, 11, 9, 5, 13, 0, 8, 2, 10, 14, 4, 5, 12, 1, 12, 7, 9, 11, 1, 3, 17, 13, 0, 4, 1, 16, 5, 7, 9, 3, 6, 14, 3, 14, 5, 0, 6, 14, 3, 10, 7, 0, 14, 11, 8, 11, 3, 10, 4, 0, 13, 3, 8, 0, 1, 9, 2, 16, 7, 9, 12, 2, 1, 12, 2, 6, 4, 8, 7, 10, 5, 7, 6, 4, 0, 8, 10, 13, 13, 16, 1, 5, 0, 16, 9, 13, 0, 2, 6, 10, 4, 0, 6, 1, 11, 4, 11, 5, 2, 14, 6, 3, 3, 12, 10, 8, 15, 17, 11, 7, 12, 1, 8, 6, 2, 1, 7, 9, 12, 10, 15, 11, 8, 3, 0, 2, 13, 3, 5, 9, 0, 5, 7, 9, 17, 4, 8, 1, 5, 0, 2, 12, 2, 13, 5, 14, 4, 16, 6, 0, 11, 3, 0, 8, 6, 13, 3, 17, 14, 9, 11, 7, 16, 3, 9, 1, 7, 2, 5, 4, 0, 10, 12, 5, 13, 6, 0, 7, 10, 12, 4, 2, 0, 6, 2, 6, 11, 8, 17, 9, 1, 4, 15, 5, 9, 13, 1, 4, 14, 16, 11, 3, 10, 7, 4, 6, 2, 8, 8, 2, 6, 8, 0, 12, 5, 13, 1, 0, 5, 11, 13, 15, 9, 11, 6, 3, 3, 12, 9, 3, 7, 1, 5, 7, 4, 8, 0, 1, 14, 4, 16, 10, 2, 0, 8, 0, 12, 16, 6, 9, 3, 7, 1, 5, 14, 0, 9, 4, 7, 2, 5, 0, 8, 3, 1, 6]
convergência = [18, 18, 18, 18, 18, 18, 18, 18, 18, 18, 18, 18, 18, 18, 18, 18, 17, 17, 17, 17, 17, 17, 17, 17, 17, 17, 17, 17, 17, 17, 17, 17, 17, 17, 17, 17, 17, 17, 17, 17, 17, 17, 17, 17, 17, 17, 17, 17, 17, 17, 17, 17, 17, 17, 17, 17, 17, 17, 17, 17, 17, 17, 17, 17, 17, 17, 17, 17, 17, 17, 17, 17, 17, 17, 17, 17, 17, 17, 17, 17, 17, 17, 17, 17, 17, 17, 17, 17, 17, 17, 17, 17, 17, 17, 17, 17, 17, 17, 17, 17, 17, 17, 17, 17, 17, 17, 17, 17, 17, 17, 17, 17, 17, 17, 17, 17, 17, 17, 17, 17, 17, 17, 17, 17, 17, 17, 17, 17, 17, 17, 17, 17, 17, 17, 17, 17, 17, 17, 17, 17]

===== FIM =====
