===== RESULTADO BRKGA L(2,1) =====
Arquivo: /Users/mateuspedrosa/Documents/TCC-II/BRKGA/data/Harwell-Boeing_cleaned/ash85_clean.mtx

----- Execução #1 -----
[INFO] Parou por estagnação.
Tempo de execução: 2161ms
Span (lambda): 12
best_order = [5, 30, 68, 48, 22, 36, 65, 74, 39, 4, 83, 35, 10, 79, 28, 2, 27, 19, 43, 49, 18, 34, 71, 37, 56, 47, 23, 17, 13, 45, 72, 0, 78, 8, 16, 80, 54, 32, 20, 67, 81, 52, 62, 3, 70, 31, 59, 1, 53, 26, 55, 40, 21, 64, 9, 50, 44, 12, 84, 75, 61, 77, 57, 58, 15, 73, 33, 7, 69, 6, 66, 25, 29, 63, 11, 14, 60, 42, 76, 82, 41, 46, 51, 38, 24]
labeling = [2, 7, 0, 4, 2, 0, 6, 11, 5, 9, 1, 8, 4, 3, 12, 1, 10, 8, 0, 3, 7, 10, 0, 4, 2, 11, 9, 6, 4, 7, 0, 6, 1, 8, 5, 3, 1, 7, 12, 2, 8, 9, 11, 1, 8, 5, 9, 4, 2, 1, 8, 10, 5, 7, 2, 9, 2, 7, 10, 6, 12, 7, 3, 10, 0, 2, 9, 3, 0, 10, 6, 3, 5, 10, 0, 2, 4, 9, 3, 0, 4, 1, 6, 0, 8]
convergência = [13, 13, 13, 13, 13, 13, 13, 13, 12, 12, 12, 12, 12, 12, 12, 12, 12, 12, 12, 12, 12, 12, 12, 12, 12, 12, 12, 12, 12, 12, 12, 12, 12, 12, 12, 12, 12, 12, 12, 12, 12, 12, 12, 12, 12, 12, 12, 12, 12, 12, 12, 12, 12, 12, 12, 12, 12, 12, 12, 12, 12, 12, 12, 12, 12, 12, 12, 12, 12, 12, 12, 12, 12, 12, 12, 12, 12, 12, 12, 12, 12, 12, 12, 12, 12, 12, 12, 12, 12, 12, 12, 12, 12, 12, 12, 12, 12, 12, 12, 12, 12, 12, 12, 12, 12, 12, 12, 12, 12, 12, 12, 12, 12, 12, 12, 12, 12, 12, 12, 12, 12, 12, 12, 12, 12, 12, 12, 12, 12, 12, 12, 12]

===== FIM =====
