===== RESULTADO BRKGA L(2,1) =====
Arquivo: /Users/mateuspedrosa/Documents/TCC-II/BRKGA/data/Harwell-Boeing_cleaned/bcspwr04_clean.mtx

----- Execução #1 -----
[INFO] Parou por estagnação.
Tempo de execução: 28696ms
Span (lambda): 17
best_order = [10, 177, 200, 237, 152, 201, 116, 39, 145, 209, 191, 193, 229, 148, 64, 85, 205, 245, 199, 24, 232, 257, 27, 77, 135, 206, 61, 80, 156, 93, 172, 88, 192, 38, 115, 139, 96, 84, 157, 83, 171, 68, 51, 9, 241, 194, 127, 162, 67, 95, 155, 49, 114, 212, 3, 73, 225, 250, 187, 249, 29, 57, 168, 62, 228, 263, 71, 121, 76, 216, 190, 87, 256, 78, 41, 175, 74, 184, 65, 98, 132, 259, 222, 13, 208, 110, 69, 210, 46, 14, 105, 183, 170, 189, 56, 134, 112, 107, 234, 20, 207, 143, 40, 261, 147, 185, 23, 130, 109, 89, 124, 255, 268, 230, 92, 81, 119, 122, 32, 186, 142, 33, 52, 214, 211, 178, 243, 165, 79, 146, 12, 236, 70, 223, 254, 72, 154, 25, 218, 123, 219, 15, 203, 125, 128, 44, 235, 17, 36, 54, 108, 8, 160, 99, 53, 113, 151, 188, 22, 217, 111, 267, 164, 21, 270, 58, 231, 176, 11, 75, 129, 101, 137, 251, 50, 202, 102, 5, 247, 149, 266, 221, 82, 173, 260, 138, 48, 66, 133, 86, 28, 163, 227, 60, 265, 90, 37, 224, 144, 169, 220, 264, 253, 213, 150, 153, 4, 272, 166, 34, 258, 141, 226, 35, 204, 63, 117, 47, 273, 103, 1, 6, 31, 136, 240, 140, 30, 238, 45, 18, 244, 91, 233, 182, 215, 7, 248, 242, 239, 271, 118, 198, 158, 161, 0, 181, 59, 174, 252, 120, 26, 167, 43, 55, 126, 262, 2, 196, 179, 42, 16, 195, 100, 159, 19, 97, 197, 269, 180, 246, 94, 131, 104, 106]
labeling = [15, 14, 3, 1, 3, 8, 6, 17, 5, 0, 0, 12, 11, 8, 5, 9, 13, 11, 13, 14, 0, 1, 10, 1, 3, 3, 5, 0, 2, 5, 13, 10, 7, 0, 6, 12, 0, 13, 2, 0, 2, 0, 17, 16, 2, 14, 3, 16, 5, 0, 1, 0, 8, 3, 8, 17, 6, 3, 7, 15, 3, 3, 1, 6, 0, 3, 4, 1, 0, 1, 4, 5, 2, 2, 3, 0, 0, 0, 3, 9, 2, 9, 10, 0, 0, 2, 7, 2, 0, 3, 4, 11, 7, 0, 4, 2, 0, 8, 10, 4, 12, 0, 0, 8, 2, 4, 0, 2, 1, 9, 2, 3, 9, 6, 1, 1, 0, 3, 2, 0, 10, 0, 1, 5, 8, 5, 9, 1, 1, 3, 9, 13, 0, 5, 7, 0, 11, 2, 3, 0, 12, 13, 1, 3, 6, 1, 10, 8, 0, 6, 15, 3, 0, 12, 0, 5, 1, 0, 2, 15, 12, 8, 2, 11, 9, 1, 2, 15, 1, 9, 10, 0, 3, 2, 4, 3, 6, 0, 5, 10, 17, 13, 8, 11, 8, 1, 13, 4, 10, 6, 0, 0, 1, 2, 5, 7, 2, 13, 9, 2, 0, 0, 1, 4, 11, 1, 0, 3, 3, 0, 6, 0, 4, 13, 6, 13, 2, 6, 3, 4, 11, 6, 1, 4, 0, 2, 5, 9, 7, 2, 12, 3, 0, 7, 4, 11, 8, 0, 9, 14, 11, 3, 12, 5, 14, 0, 16, 7, 1, 6, 4, 7, 14, 5, 1, 4, 1, 2, 6, 4, 4, 6, 17, 7, 0, 2, 7, 0, 5, 12, 7, 7, 10, 2]
convergência = [19, 19, 18, 18, 18, 18, 18, 18, 18, 18, 18, 18, 18, 18, 18, 18, 18, 18, 18, 18, 18, 18, 18, 18, 17, 17, 17, 17, 17, 17, 17, 17, 17, 17, 17, 17, 17, 17, 17, 17, 17, 17, 17, 17, 17, 17, 17, 17, 17, 17, 17, 17, 17, 17, 17, 17, 17, 17, 17, 17, 17, 17, 17, 17, 17, 17, 17, 17, 17, 17, 17, 17, 17, 17, 17, 17, 17, 17, 17, 17, 17, 17, 17, 17, 17, 17, 17, 17, 17, 17, 17, 17, 17, 17, 17, 17, 17, 17, 17, 17, 17, 17, 17, 17, 17, 17, 17, 17, 17, 17, 17, 17, 17, 17, 17, 17, 17, 17, 17, 17, 17, 17, 17, 17, 17, 17, 17, 17, 17, 17, 17, 17, 17, 17, 17, 17, 17, 17, 17, 17, 17, 17, 17, 17, 17, 17, 17, 17]

===== FIM =====
