===== RESULTADO BRKGA L(2,1) =====
Arquivo: /Users/mateuspedrosa/Documents/TCC-II/BRKGA/data/Harwell-Boeing_cleaned/bcspwr05_clean.mtx

----- Execução #1 -----
[INFO] Parou por estagnação.
Tempo de execução: 28169ms
Span (lambda): 10
best_order = [144, 36, 265, 188, 176, 255, 323, 152, 2, 96, 307, 181, 418, 242, 274, 422, 428, 126, 349, 257, 379, 39, 91, 226, 205, 374, 357, 273, 348, 55, 219, 41, 441, 329, 129, 296, 75, 290, 314, 0, 98, 99, 131, 26, 412, 82, 286, 295, 249, 247, 195, 120, 354, 252, 79, 170, 161, 231, 427, 93, 236, 54, 238, 97, 310, 402, 293, 285, 368, 376, 214, 140, 19, 56, 113, 116, 42, 87, 158, 3, 389, 67, 16, 375, 118, 260, 90, 372, 338, 73, 276, 378, 175, 292, 7, 423, 28, 282, 352, 86, 162, 80, 34, 235, 218, 111, 63, 193, 24, 186, 404, 328, 60, 164, 108, 128, 122, 57, 425, 253, 171, 232, 415, 392, 386, 148, 315, 179, 208, 373, 437, 316, 143, 363, 114, 233, 336, 89, 334, 142, 110, 192, 289, 151, 123, 83, 266, 92, 237, 356, 4, 269, 339, 370, 155, 167, 361, 383, 212, 215, 241, 157, 145, 78, 169, 299, 38, 107, 133, 426, 216, 194, 312, 31, 189, 172, 401, 227, 40, 206, 150, 125, 239, 417, 159, 302, 138, 221, 440, 191, 243, 154, 223, 397, 347, 103, 342, 400, 411, 115, 6, 135, 319, 419, 25, 420, 355, 248, 95, 320, 414, 94, 211, 71, 77, 318, 65, 202, 380, 388, 12, 303, 62, 18, 294, 61, 431, 272, 163, 391, 117, 304, 109, 127, 141, 102, 9, 442, 68, 104, 343, 121, 322, 52, 413, 258, 332, 331, 184, 268, 29, 385, 33, 317, 396, 284, 220, 180, 20, 308, 344, 165, 58, 398, 287, 377, 340, 106, 353, 362, 281, 305, 72, 407, 59, 101, 5, 32, 259, 351, 251, 199, 222, 365, 22, 50, 85, 245, 1, 8, 277, 291, 434, 267, 364, 381, 160, 81, 429, 43, 406, 182, 49, 325, 358, 190, 70, 439, 21, 137, 197, 204, 326, 341, 207, 124, 327, 264, 168, 416, 288, 156, 250, 196, 187, 203, 173, 409, 48, 283, 333, 394, 139, 405, 230, 403, 209, 254, 30, 399, 311, 410, 198, 35, 132, 279, 297, 74, 134, 66, 280, 225, 387, 261, 330, 17, 408, 10, 177, 13, 438, 244, 210, 166, 433, 313, 217, 436, 44, 105, 346, 200, 270, 69, 213, 278, 14, 47, 64, 271, 382, 84, 424, 350, 432, 185, 345, 384, 130, 51, 421, 306, 183, 298, 300, 275, 335, 112, 369, 153, 100, 88, 371, 309, 224, 367, 430, 324, 301, 256, 201, 263, 360, 240, 395, 337, 45, 147, 229, 37, 76, 53, 366, 23, 119, 174, 246, 359, 149, 15, 136, 262, 228, 234, 321, 393, 390, 11, 435, 146, 46, 27, 178]
labeling = [0, 5, 0, 2, 3, 2, 0, 0, 6, 4, 7, 8, 6, 1, 2, 6, 1, 5, 1, 1, 5, 4, 2, 8, 1, 4, 2, 5, 0, 7, 9, 3, 6, 5, 4, 4, 0, 4, 2, 0, 4, 0, 2, 6, 8, 2, 4, 1, 0, 2, 5, 4, 4, 4, 1, 0, 3, 3, 5, 0, 1, 2, 1, 0, 1, 5, 5, 0, 5, 2, 8, 2, 5, 0, 2, 2, 10, 5, 4, 0, 1, 2, 0, 0, 2, 0, 1, 3, 8, 3, 3, 1, 3, 0, 4, 2, 0, 0, 0, 1, 5, 3, 0, 1, 2, 5, 2, 4, 0, 6, 1, 3, 7, 1, 5, 8, 1, 5, 2, 5, 1, 2, 4, 1, 7, 4, 0, 0, 2, 0, 2, 0, 5, 2, 3, 2, 7, 7, 1, 7, 1, 3, 5, 1, 0, 2, 6, 4, 0, 2, 2, 0, 0, 0, 4, 2, 5, 1, 0, 0, 7, 1, 3, 5, 3, 1, 0, 1, 6, 4, 0, 3, 1, 6, 8, 2, 0, 6, 10, 3, 0, 0, 6, 7, 5, 10, 3, 6, 0, 3, 7, 5, 1, 1, 1, 3, 5, 4, 10, 8, 8, 9, 0, 2, 2, 1, 0, 9, 0, 7, 10, 4, 2, 9, 0, 6, 2, 3, 5, 2, 7, 0, 7, 6, 2, 0, 2, 2, 7, 10, 3, 2, 1, 3, 9, 3, 0, 5, 1, 2, 3, 4, 0, 2, 3, 0, 8, 3, 4, 1, 0, 0, 1, 3, 10, 0, 7, 0, 4, 2, 0, 1, 3, 10, 3, 0, 5, 8, 6, 4, 8, 3, 2, 1, 0, 6, 1, 3, 4, 0, 6, 7, 4, 2, 0, 0, 0, 6, 9, 3, 0, 4, 1, 0, 2, 1, 0, 6, 6, 4, 0, 7, 0, 2, 4, 7, 10, 0, 7, 10, 0, 4, 1, 5, 2, 4, 1, 6, 5, 3, 3, 2, 2, 0, 7, 4, 4, 8, 4, 1, 7, 3, 1, 3, 0, 9, 5, 9, 3, 4, 5, 6, 1, 3, 5, 8, 3, 5, 3, 0, 9, 7, 2, 3, 0, 1, 0, 0, 5, 6, 0, 2, 7, 2, 5, 6, 3, 7, 1, 8, 4, 7, 3, 6, 0, 4, 2, 5, 4, 0, 4, 6, 3, 1, 0, 5, 2, 8, 1, 1, 6, 5, 3, 6, 3, 2, 5, 2, 6, 6, 8, 4, 1, 6, 1, 3, 1, 0, 5, 3, 4, 4, 0, 7, 6, 0, 9, 2, 0, 9, 2, 3, 0, 0, 1, 4, 0, 4, 0, 9, 7, 5, 1, 9, 8, 10, 1, 3, 5, 2, 2, 0, 4]
convergência = [11, 11, 11, 11, 11, 11, 11, 11, 11, 11, 11, 11, 11, 11, 11, 11, 11, 11, 11, 11, 11, 11, 11, 11, 11, 11, 11, 11, 11, 11, 11, 11, 11, 11, 11, 11, 11, 11, 11, 11, 11, 11, 11, 11, 11, 11, 11, 11, 11, 11, 11, 11, 11, 11, 11, 11, 11, 11, 11, 11, 11, 11, 11, 11, 11, 11, 11, 11, 11, 11, 11, 11, 11, 11, 11, 10, 10, 10, 10, 10, 10, 10, 10, 10, 10, 10, 10, 10, 10, 10, 10, 10, 10, 10, 10, 10, 10, 10, 10, 10, 10, 10, 10, 10, 10, 10, 10, 10, 10, 10, 10, 10, 10, 10, 10, 10, 10, 10, 10, 10, 10, 10, 10, 10, 10, 10, 10, 10, 10, 10, 10, 10, 10, 10, 10, 10, 10, 10, 10, 10, 10, 10, 10, 10, 10, 10, 10, 10, 10, 10, 10, 10, 10, 10, 10, 10, 10, 10, 10, 10, 10, 10, 10, 10, 10, 10, 10, 10, 10, 10, 10, 10, 10, 10, 10, 10, 10, 10, 10, 10, 10, 10, 10, 10, 10, 10, 10, 10, 10, 10, 10, 10, 10, 10, 10, 10, 10, 10, 10]

===== FIM =====
