===== RESULTADO BRKGA L(2,1) =====
Arquivo: /Users/mateuspedrosa/Documents/TCC-II/BRKGA/data/Harwell-Boeing_cleaned/bcspwr08_clean.mtx

----- Execução #1 -----
[INFO] Parou por estagnação.
Tempo de execução: 75455ms
Span (lambda): 14
best_order = [1086, 1562, 40, 977, 265, 1295, 855, 1066, 284, 1142, 406, 585, 1619, 8, 1122, 536, 169, 613, 1275, 411, 741, 160, 1197, 1050, 482, 273, 1447, 172, 1612, 759, 4, 781, 1499, 119, 788, 1042, 942, 24, 274, 1229, 954, 962, 457, 1185, 621, 863, 96, 1282, 116, 90, 3, 957, 697, 795, 393, 1453, 278, 620, 1227, 1334, 38, 690, 1228, 404, 473, 1144, 848, 930, 1021, 969, 145, 1501, 1114, 572, 878, 1410, 1540, 360, 719, 1372, 1498, 213, 1178, 19, 646, 1344, 912, 1277, 1036, 1179, 74, 150, 898, 1392, 1286, 205, 1251, 504, 990, 416, 1340, 423, 49, 1168, 492, 729, 301, 664, 124, 1274, 1349, 439, 963, 856, 1053, 716, 544, 1120, 1520, 923, 1104, 1568, 1319, 671, 1404, 1284, 1325, 822, 1443, 92, 1618, 1356, 636, 1007, 1285, 76, 866, 418, 1370, 282, 666, 1484, 652, 709, 846, 392, 1084, 924, 15, 1004, 60, 995, 554, 1126, 1173, 112, 1435, 1026, 1362, 114, 811, 255, 835, 1069, 807, 371, 1212, 707, 234, 141, 1572, 873, 725, 219, 1009, 693, 794, 830, 590, 922, 1010, 435, 849, 166, 98, 358, 658, 1311, 111, 261, 1046, 1079, 260, 1558, 1588, 933, 686, 1323, 403, 442, 1452, 1190, 679, 615, 1287, 628, 1346, 683, 1450, 1157, 777, 618, 1457, 831, 723, 177, 1270, 800, 6, 357, 1313, 891, 1593, 510, 68, 1426, 1546, 148, 1160, 722, 993, 1381, 83, 1398, 1610, 1521, 1366, 441, 512, 606, 1184, 1158, 224, 289, 776, 290, 717, 1208, 367, 1191, 1429, 1373, 370, 1428, 825, 122, 1408, 233, 812, 1544, 113, 178, 1353, 307, 125, 764, 1602, 1242, 815, 346, 712, 1412, 801, 280, 1020, 115, 895, 910, 771, 212, 263, 560, 101, 565, 1615, 1074, 286, 1121, 1008, 123, 375, 458, 1595, 262, 1348, 445, 979, 429, 264, 624, 803, 1567, 1605, 304, 966, 588, 1248, 225, 971, 988, 516, 531, 20, 763, 206, 436, 1524, 705, 85, 733, 1202, 564, 670, 703, 617, 298, 706, 537, 171, 1148, 1093, 33, 342, 287, 1416, 740, 1119, 750, 354, 1124, 300, 1478, 1101, 875, 355, 702, 1374, 1082, 271, 1174, 905, 669, 1033, 1188, 691, 695, 1509, 176, 63, 548, 288, 1146, 596, 1001, 1013, 488, 477, 514, 431, 1560, 965, 251, 528, 523, 1169, 808, 1256, 552, 1492, 1102, 1299, 861, 211, 936, 389, 1314, 1139, 1337, 1327, 555, 960, 1059, 207, 563, 779, 731, 321, 1241, 30, 484, 427, 1172, 424, 508, 598, 1451, 208, 294, 1031, 1183, 1196, 1505, 553, 501, 374, 201, 311, 698, 1076, 1224, 818, 1111, 754, 345, 365, 378, 129, 1522, 180, 858, 762, 1336, 752, 824, 768, 382, 767, 1205, 1409, 944, 525, 1273, 837, 128, 720, 97, 1223, 604, 1514, 41, 1494, 586, 241, 892, 1129, 266, 88, 303, 867, 386, 256, 216, 1552, 925, 1024, 214, 1481, 1480, 227, 66, 106, 1519, 917, 1462, 1077, 935, 902, 826, 26, 1063, 1430, 651, 351, 576, 1177, 467, 970, 542, 105, 1436, 1265, 1045, 1292, 420, 809, 526, 758, 530, 927, 928, 1345, 1235, 1002, 1194, 1321, 1198, 973, 916, 1094, 1312, 1211, 1380, 1131, 221, 402, 907, 1594, 1041, 829, 1583, 1193, 188, 668, 170, 134, 1071, 419, 582, 75, 896, 945, 637, 746, 120, 139, 978, 1439, 1591, 1058, 805, 920, 547, 1472, 1307, 1062, 471, 491, 506, 186, 682, 438, 1371, 1097, 215, 313, 1406, 659, 1486, 714, 1257, 297, 54, 1623, 1433, 390, 1354, 352, 103, 1446, 1308, 986, 1399, 798, 1585, 551, 1448, 747, 182, 1469, 955, 1107, 1017, 1018, 380, 539, 191, 379, 810, 696, 1391, 1301, 454, 275, 1438, 293, 1213, 250, 334, 27, 1497, 900, 1495, 1322, 1467, 834, 1515, 1259, 1317, 1320, 1315, 55, 1592, 1601, 757, 1405, 1143, 281, 247, 634, 1089, 748, 1603, 680, 732, 486, 228, 1176, 449, 353, 1221, 1056, 1027, 1163, 10, 455, 541, 981, 567, 1331, 883, 1580, 1576, 405, 1244, 1019, 603, 1613, 854, 744, 47, 254, 104, 756, 385, 257, 724, 1347, 1363, 478, 361, 45, 1608, 562, 99, 258, 79, 1106, 1128, 1189, 1138, 1542, 474, 786, 108, 269, 1483, 678, 1584, 444, 82, 881, 535, 23, 1375, 43, 447, 130, 1622, 558, 292, 840, 326, 86, 1504, 546, 107, 793, 245, 465, 914, 894, 343, 642, 1266, 784, 1014, 156, 1414, 583, 569, 1113, 1389, 89, 909, 154, 1052, 1125, 1164, 338, 533, 961, 773, 500, 1038, 860, 71, 1367, 183, 692, 718, 908, 985, 136, 425, 1293, 1032, 1068, 1318, 622, 1025, 1329, 1222, 578, 761, 408, 100, 323, 1108, 28, 1383, 306, 893, 1596, 57, 1485, 356, 1395, 193, 1023, 605, 1590, 1215, 422, 44, 941, 869, 381, 328, 1411, 336, 396, 650, 1571, 1055, 796, 728, 69, 73, 833, 1536, 1166, 1103, 1464, 755, 78, 13, 335, 131, 1578, 36, 885, 1461, 814, 315, 347, 322, 84, 1233, 587, 799, 223, 1388, 753, 1361, 1204, 939, 836, 1523, 330, 155, 410, 1297, 672, 1030, 627, 31, 527, 635, 364, 1379, 783, 140, 1238, 1376, 391, 443, 929, 359, 518, 688, 1463, 1294, 14, 475, 157, 911, 48, 1338, 601, 72, 476, 109, 1303, 1155, 1165, 612, 312, 975, 498, 520, 926, 39, 192, 1115, 1364, 1152, 327, 1482, 1597, 983, 1288, 1600, 1556, 1175, 684, 317, 1305, 874, 1230, 1570, 700, 949, 1351, 51, 1400, 1440, 236, 804, 174, 1359, 1127, 1147, 433, 1477, 1604, 29, 1253, 200, 738, 1541, 608, 790, 1566, 494, 1112, 1232, 388, 1181, 964, 34, 1537, 226, 22, 1057, 1512, 1225, 238, 58, 1047, 739, 230, 521, 1219, 1470, 1614, 383, 842, 742, 1534, 1234, 580, 1283, 1171, 632, 267, 1170, 1289, 277, 218, 999, 932, 645, 1529, 316, 1468, 1417, 487, 451, 308, 1459, 797, 524, 1015, 1271, 602, 584, 1298, 509, 1355, 1231, 870, 704, 197, 1432, 579, 296, 859, 1217, 623, 64, 689, 1005, 775, 1491, 398, 600, 137, 1582, 1040, 950, 1403, 844, 1186, 1187, 640, 549, 1044, 61, 852, 766, 1455, 1511, 721, 1335, 348, 1195, 1551, 414, 249, 1276, 918, 522, 1263, 305, 1489, 7, 685, 568, 974, 1240, 1207, 832, 577, 350, 1239, 1423, 163, 1092, 730, 1577, 181, 1028, 1384, 1088, 529, 823, 607, 1022, 1070, 1049, 947, 1569, 162, 1513, 194, 1012, 453, 121, 882, 366, 828, 459, 127, 1167, 302, 1161, 1192, 5, 1369, 899, 93, 259, 610, 1149, 1162, 1532, 1607, 734, 989, 17, 573, 880, 430, 202, 745, 235, 1206, 556, 770, 344, 998, 879, 485, 1141, 1350, 126, 349, 513, 1281, 204, 16, 220, 1137, 1090, 674, 1150, 726, 968, 1394, 1260, 138, 1324, 81, 1517, 1269, 56, 21, 1420, 1091, 1587, 309, 1535, 210, 161, 774, 1132, 1616, 1203, 446, 1226, 959, 609, 889, 483, 1397, 489, 133, 62, 331, 333, 1525, 1458, 1302, 448, 252, 593, 1465, 864, 787, 1135, 232, 376, 1310, 12, 1246, 876, 310, 839, 1385, 1368, 417, 1326, 1254, 1328, 743, 1134, 1016, 415, 1048, 324, 440, 890, 1620, 1309, 519, 110, 953, 167, 394, 1087, 479, 1054, 595, 1100, 1490, 780, 1527, 50, 248, 557, 897, 561, 1422, 1085, 1425, 481, 589, 217, 1000, 149, 943, 325, 591, 654, 817, 857, 625, 991, 851, 1475, 827, 1574, 1528, 677, 791, 70, 203, 616, 195, 694, 1507, 1500, 1247, 701, 409, 1365, 165, 581, 1118, 661, 185, 237, 470, 921, 987, 505, 175, 407, 820, 46, 1418, 888, 222, 9, 395, 460, 862, 1530, 1080, 1386, 1081, 996, 1549, 341, 1431, 1037, 362, 938, 865, 164, 1554, 189, 1390, 1538, 369, 778, 1123, 1064, 1493, 515, 399, 11, 517, 571, 708, 663, 77, 80, 1209, 1268, 1154, 948, 1216, 1151, 1586, 135, 329, 243, 437, 687, 951, 662, 1116, 1474, 1599, 1427, 656, 1449, 462, 676, 737, 432, 919, 1065, 1267, 1117, 1547, 0, 1075, 956, 871, 1589, 992, 102, 1262, 65, 428, 1300, 1290, 480, 1378, 847, 1526, 980, 1220, 1291, 1136, 673, 1561, 229, 466, 190, 401, 727, 242, 1401, 1621, 1250, 1609, 1419, 785, 772, 543, 1434, 118, 655, 152, 1011, 1073, 1061, 1476, 1342, 1258, 456, 760, 1506, 850, 570, 452, 151, 1180, 660, 158, 1581, 18, 1393, 657, 1332, 1261, 735, 597, 592, 667, 1377, 332, 1387, 1545, 886, 1039, 450, 665, 1255, 117, 1360, 168, 843, 599, 384, 495, 931, 1153, 631, 1003, 915, 25, 538, 1096, 982, 1454, 1611, 1460, 1555, 633, 279, 244, 421, 147, 1557, 1496, 629, 1306, 1304, 179, 270, 749, 540, 142, 1437, 699, 1214, 575, 1237, 1067, 1402, 461, 1156, 904, 146, 639, 184, 872, 1145, 736, 681, 507, 1518, 397, 813, 1553, 937, 502, 159, 173, 711, 53, 291, 412, 838, 1199, 1575, 1095, 1573, 1424, 497, 276, 1200, 545, 819, 1456, 231, 1296, 940, 285, 653, 958, 1043, 1407, 614, 87, 1352, 503, 1083, 511, 1382, 994, 1279, 1516, 647, 1531, 1006, 1249, 710, 715, 1243, 1051, 1357, 434, 1548, 91, 1488, 319, 906, 187, 1105, 532, 1252, 1606, 1343, 1280, 144, 253, 198, 490, 802, 295, 37, 641, 1415, 976, 1060, 1034, 1441, 1245, 340, 1210, 1110, 648, 196, 1471, 299, 95, 339, 1236, 1487, 997, 638, 2, 853, 42, 816, 594, 132, 789, 1201, 841, 1559, 464, 413, 1109, 868, 611, 1264, 1278, 32, 372, 314, 246, 468, 1072, 1543, 887, 1563, 946, 368, 1035, 1029, 283, 1473, 1182, 387, 901, 400, 1565, 643, 209, 1333, 626, 493, 272, 1508, 1339, 792, 630, 534, 649, 845, 1533, 559, 1466, 877, 644, 496, 952, 967, 1099, 426, 1510, 550, 1444, 765, 806, 1550, 984, 1130, 1564, 143, 619, 373, 1140, 972, 1341, 337, 1330, 1445, 1617, 1442, 472, 1133, 1272, 1358, 713, 153, 751, 574, 903, 913, 59, 94, 35, 52, 363, 1218, 782, 1413, 67, 499, 934, 566, 1316, 1396, 463, 240, 1, 1579, 1078, 884, 320, 239, 1098, 1479, 1159, 1598, 675, 268, 1503, 199, 769, 377, 821, 1502, 469, 318, 1539, 1421]
labeling = [7, 0, 6, 0, 2, 4, 1, 9, 0, 8, 2, 4, 5, 4, 3, 0, 4, 1, 7, 2, 1, 8, 3, 6, 0, 4, 4, 0, 3, 8, 2, 5, 7, 0, 1, 5, 3, 5, 3, 5, 0, 0, 1, 1, 6, 0, 10, 2, 3, 1, 5, 4, 2, 8, 0, 2, 5, 3, 2, 7, 0, 6, 8, 5, 4, 6, 2, 7, 2, 0, 1, 4, 6, 1, 0, 0, 0, 10, 6, 4, 8, 6, 2, 0, 2, 3, 7, 8, 3, 4, 1, 5, 2, 7, 2, 10, 0, 0, 0, 6, 5, 1, 7, 0, 2, 4, 1, 5, 3, 6, 7, 1, 0, 2, 4, 3, 0, 7, 0, 0, 2, 1, 4, 3, 1, 3, 1, 3, 2, 1, 3, 5, 7, 8, 5, 4, 2, 4, 5, 0, 5, 1, 10, 6, 7, 0, 4, 2, 0, 9, 0, 3, 2, 8, 0, 5, 0, 4, 7, 7, 0, 6, 1, 6, 8, 1, 0, 3, 4, 0, 5, 2, 1, 6, 7, 5, 3, 1, 5, 12, 3, 9, 7, 8, 8, 4, 6, 1, 0, 5, 7, 2, 5, 3, 2, 11, 13, 6, 5, 8, 9, 1, 4, 4, 1, 2, 1, 5, 3, 6, 7, 0, 2, 0, 3, 4, 0, 5, 7, 0, 6, 5, 6, 2, 0, 5, 8, 0, 1, 9, 7, 9, 0, 2, 1, 1, 0, 0, 0, 9, 8, 1, 6, 4, 7, 1, 6, 3, 1, 9, 0, 1, 2, 4, 0, 4, 2, 0, 3, 5, 0, 0, 1, 3, 1, 0, 5, 6, 8, 0, 0, 1, 4, 0, 3, 5, 7, 2, 0, 4, 0, 2, 0, 8, 0, 2, 0, 1, 5, 2, 4, 4, 1, 1, 0, 2, 7, 3, 0, 1, 2, 0, 7, 5, 0, 6, 5, 0, 2, 9, 0, 1, 0, 3, 6, 5, 3, 9, 8, 8, 2, 0, 5, 0, 8, 8, 4, 1, 0, 2, 7, 4, 2, 0, 1, 8, 6, 5, 0, 10, 5, 0, 2, 3, 5, 3, 1, 2, 4, 6, 7, 4, 0, 3, 0, 1, 3, 0, 0, 2, 0, 4, 0, 8, 6, 3, 6, 1, 4, 9, 0, 0, 3, 7, 1, 0, 8, 10, 1, 6, 5, 0, 2, 6, 0, 5, 2, 10, 7, 0, 4, 6, 3, 1, 8, 7, 4, 6, 4, 9, 0, 6, 5, 2, 0, 2, 0, 7, 3, 6, 6, 0, 5, 1, 5, 6, 1, 4, 2, 3, 4, 8, 1, 0, 2, 3, 11, 0, 2, 0, 3, 1, 7, 1, 9, 0, 3, 8, 2, 0, 3, 0, 0, 6, 0, 0, 2, 4, 8, 4, 8, 6, 8, 0, 1, 2, 3, 0, 2, 9, 8, 2, 2, 4, 4, 3, 8, 1, 0, 10, 6, 1, 6, 0, 5, 3, 4, 1, 1, 7, 3, 7, 0, 4, 0, 2, 1, 3, 4, 3, 10, 1, 0, 5, 7, 5, 10, 4, 1, 8, 5, 0, 13, 6, 0, 4, 1, 6, 0, 3, 0, 2, 1, 11, 1, 8, 1, 6, 0, 1, 0, 2, 5, 0, 3, 4, 1, 9, 3, 6, 5, 2, 8, 7, 0, 0, 0, 3, 4, 4, 12, 3, 4, 9, 0, 6, 1, 6, 0, 6, 11, 5, 4, 2, 0, 1, 3, 6, 2, 5, 1, 8, 4, 2, 3, 1, 6, 3, 4, 2, 10, 5, 0, 3, 6, 4, 2, 7, 1, 3, 0, 9, 0, 2, 3, 0, 2, 5, 0, 7, 0, 9, 6, 4, 1, 5, 3, 11, 4, 6, 2, 1, 5, 2, 3, 5, 1, 8, 7, 0, 3, 2, 3, 0, 6, 1, 10, 3, 0, 7, 2, 0, 6, 7, 3, 9, 14, 4, 2, 6, 11, 10, 7, 5, 2, 2, 0, 0, 8, 6, 1, 4, 0, 1, 2, 0, 1, 4, 13, 12, 4, 2, 0, 8, 1, 4, 4, 5, 1, 1, 4, 12, 11, 9, 0, 0, 0, 3, 4, 2, 4, 1, 0, 8, 3, 7, 5, 9, 10, 4, 1, 3, 3, 0, 6, 8, 4, 11, 8, 9, 0, 2, 4, 0, 5, 5, 1, 0, 3, 2, 1, 3, 0, 2, 0, 6, 1, 1, 3, 0, 13, 12, 3, 1, 0, 6, 1, 4, 4, 0, 4, 5, 2, 2, 8, 2, 11, 0, 9, 0, 9, 2, 4, 0, 12, 8, 11, 0, 7, 0, 7, 0, 9, 0, 3, 1, 0, 6, 1, 6, 0, 9, 3, 2, 4, 5, 2, 5, 3, 0, 4, 4, 0, 2, 2, 12, 7, 3, 1, 5, 3, 2, 5, 3, 6, 6, 1, 1, 5, 0, 4, 1, 10, 7, 4, 10, 6, 1, 0, 3, 4, 0, 12, 2, 0, 2, 1, 6, 4, 3, 2, 0, 7, 0, 3, 0, 8, 0, 3, 2, 4, 0, 4, 8, 5, 2, 4, 5, 2, 2, 10, 14, 0, 5, 1, 5, 3, 0, 2, 3, 3, 5, 10, 6, 3, 0, 2, 6, 1, 2, 6, 14, 1, 8, 5, 9, 1, 6, 0, 1, 4, 8, 2, 4, 5, 0, 0, 9, 0, 7, 5, 1, 7, 0, 1, 4, 0, 0, 9, 1, 10, 7, 0, 0, 2, 1, 7, 13, 0, 7, 2, 4, 8, 0, 3, 5, 6, 8, 11, 4, 0, 2, 4, 5, 1, 1, 0, 6, 0, 3, 0, 8, 3, 4, 6, 2, 7, 2, 1, 3, 1, 2, 0, 0, 3, 7, 2, 7, 3, 2, 5, 0, 2, 0, 0, 3, 5, 2, 1, 7, 2, 0, 7, 3, 7, 5, 3, 0, 5, 8, 2, 1, 0, 2, 6, 1, 8, 11, 2, 7, 4, 8, 7, 9, 0, 9, 2, 0, 9, 3, 6, 3, 1, 2, 0, 5, 1, 5, 3, 1, 3, 1, 3, 0, 8, 0, 13, 0, 8, 3, 12, 0, 3, 0, 5, 2, 0, 6, 4, 2, 1, 5, 0, 3, 10, 0, 2, 4, 0, 0, 11, 1, 6, 5, 0, 4, 9, 0, 2, 0, 0, 14, 7, 3, 0, 0, 0, 7, 0, 1, 1, 0, 5, 3, 1, 7, 3, 4, 7, 3, 5, 2, 3, 0, 3, 2, 1, 4, 0, 5, 6, 3, 0, 10, 7, 0, 1, 0, 1, 8, 0, 2, 3, 0, 4, 6, 2, 3, 6, 5, 8, 12, 0, 7, 13, 6, 1, 4, 2, 0, 3, 6, 11, 1, 4, 0, 4, 5, 8, 3, 5, 4, 2, 4, 2, 10, 0, 2, 6, 4, 5, 7, 1, 3, 7, 7, 9, 0, 11, 13, 7, 2, 5, 9, 2, 12, 0, 8, 5, 0, 13, 0, 10, 0, 4, 11, 0, 6, 8, 3, 1, 4, 2, 3, 1, 0, 0, 7, 6, 3, 2, 1, 8, 5, 5, 3, 6, 2, 2, 2, 3, 1, 0, 0, 2, 4, 0, 4, 0, 2, 3, 6, 4, 1, 5, 1, 7, 1, 0, 4, 0, 8, 4, 6, 4, 2, 4, 6, 1, 0, 5, 1, 3, 0, 0, 7, 5, 1, 2, 0, 9, 7, 1, 6, 1, 0, 5, 1, 5, 6, 0, 3, 0, 3, 1, 3, 0, 0, 3, 6, 10, 10, 3, 6, 1, 4, 3, 5, 0, 11, 9, 1, 2, 1, 11, 8, 0, 5, 12, 7, 9, 4, 4, 1, 0, 6, 4, 2, 0, 0, 5, 2, 2, 2, 3, 1, 8, 9, 5, 7, 7, 0, 3, 2, 2, 6, 0, 3, 0, 4, 8, 0, 10, 0, 0, 7, 1, 2, 8, 3, 0, 1, 4, 6, 4, 3, 3, 5, 2, 3, 3, 5, 8, 4, 2, 0, 6, 1, 8, 7, 8, 2, 0, 5, 2, 0, 0, 2, 4, 5, 8, 1, 1, 1, 1, 0, 3, 1, 8, 4, 5, 4, 1, 7, 6, 7, 11, 0, 2, 3, 9, 1, 3, 0, 2, 3, 5, 2, 6, 2, 3, 0, 1, 2, 5, 0, 1, 3, 5, 3, 1, 3, 1, 4, 0, 4, 3, 0, 4, 12, 0, 5, 6, 7, 1, 2, 0, 5, 2, 0, 4, 4, 13, 2, 0, 2, 0, 11, 5, 8, 0, 8, 0, 1, 4, 3, 0, 2, 10, 10, 0, 0, 0, 2, 3, 6, 6, 8, 9, 1, 5, 1, 6, 3, 1, 6, 7, 9, 2, 8, 11, 4, 0, 8, 10, 2, 5, 8, 0, 1, 1, 4, 6, 10, 0, 3, 5, 5, 3, 0, 1, 3, 1, 9, 1, 5, 4, 6, 0, 5, 6, 11, 7, 4, 4, 2, 0, 12, 0, 1, 2, 4, 1, 0, 3, 3, 2, 3, 4, 0, 0, 7, 12, 2, 8, 0, 5, 0, 2, 4, 3, 5, 1, 0, 4, 0, 1, 0, 4, 9, 3, 0, 1, 4, 3, 0, 11, 3, 5, 3, 0, 3, 0, 3, 2, 5, 4, 0, 0, 5, 2, 1, 7, 3, 1, 2, 1, 6, 8, 3, 5, 2, 1, 8, 0, 1, 6, 4, 0, 0, 4, 0, 6, 6, 4, 2, 2, 5, 4, 0, 5, 3, 1, 2, 0, 1, 1, 4, 4, 5, 0, 3, 5, 2, 3, 2, 5, 9, 7, 4, 2, 3, 1, 5, 7, 3, 0, 1, 8, 4, 0, 2, 1, 10, 0, 8, 1, 2, 10, 8, 1, 0, 0, 2, 8, 2, 4, 10, 0, 4, 3, 6, 0, 7, 9, 0, 5, 0, 0, 2, 0, 2, 1, 9, 6, 10, 2, 6, 4, 3, 0, 1, 6, 2, 1, 3, 5, 8, 0, 7, 4, 3, 4, 0, 2, 0, 5, 2, 0, 4, 4, 2, 0, 1, 3, 0, 2, 5, 0, 2, 2, 6, 0, 4, 3, 1, 7, 3, 2, 0, 0, 6, 4, 2]
convergência = [14, 14, 14, 14, 14, 14, 14, 14, 14, 14, 14, 14, 14, 14, 14, 14, 14, 14, 14, 14, 14, 14, 14, 14, 14, 14, 14, 14, 14, 14, 14, 14, 14, 14, 14, 14, 14, 14, 14, 14, 14, 14, 14, 14, 14, 14, 14, 14, 14, 14, 14, 14, 14, 14, 14, 14, 14, 14, 14, 14, 14, 14, 14, 14, 14, 14, 14, 14, 14, 14, 14, 14, 14, 14, 14, 14, 14, 14, 14, 14, 14, 14, 14, 14, 14, 14, 14, 14, 14, 14, 14, 14, 14, 14, 14, 14, 14, 14, 14, 14, 14, 14, 14, 14, 14, 14, 14, 14, 14, 14, 14, 14, 14, 14, 14, 14, 14, 14, 14, 14, 14, 14, 14, 14]

===== FIM =====
