===== RESULTADO BRKGA L(2,1) =====
Arquivo: /Users/mateuspedrosa/Documents/TCC-II/BRKGA/data/Harwell-Boeing_cleaned/bcspwr02_clean.mtx

----- Execução #1 -----
[INFO] Parou por estagnação.
Tempo de execução: 631ms
Span (lambda): 7
best_order = [36, 14, 48, 21, 20, 32, 24, 15, 9, 2, 17, 12, 26, 3, 10, 4, 44, 0, 40, 7, 16, 1, 33, 29, 45, 41, 27, 47, 43, 31, 34, 37, 39, 35, 28, 42, 38, 18, 25, 5, 8, 19, 46, 22, 30, 6, 23, 13, 11]
labeling = [1, 4, 2, 0, 2, 4, 5, 4, 4, 1, 2, 2, 5, 6, 0, 3, 1, 3, 6, 7, 2, 1, 7, 4, 2, 3, 0, 4, 2, 5, 0, 6, 1, 3, 1, 5, 0, 5, 3, 1, 3, 5, 0, 0, 4, 6, 2, 1, 0]
convergência = [7, 7, 7, 7, 7, 7, 7, 7, 7, 7, 7, 7, 7, 7, 7, 7, 7, 7, 7, 7, 7, 7, 7, 7, 7, 7, 7, 7, 7, 7, 7, 7, 7, 7, 7, 7, 7, 7, 7, 7, 7, 7, 7, 7, 7, 7, 7, 7, 7, 7, 7, 7, 7, 7, 7, 7, 7, 7, 7, 7, 7, 7, 7, 7, 7, 7, 7, 7, 7, 7, 7, 7, 7, 7, 7, 7, 7, 7, 7, 7, 7, 7, 7, 7, 7, 7, 7, 7, 7, 7, 7, 7, 7, 7, 7, 7, 7, 7, 7, 7, 7, 7, 7, 7, 7, 7, 7, 7, 7, 7, 7, 7, 7, 7, 7, 7, 7, 7, 7, 7, 7, 7, 7, 7]

===== FIM =====
