===== RESULTADO BRKGA L(2,1) =====
Arquivo: /Users/mateuspedrosa/Documents/TCC-II/BRKGA/data/Harwell-Boeing_cleaned/bcspwr06_clean.mtx

----- Execução #1 -----
[INFO] Parou por estagnação.
Tempo de execução: 63229ms
Span (lambda): 13
best_order = [912, 1241, 1270, 875, 460, 1136, 1411, 1108, 272, 580, 82, 507, 328, 1084, 195, 74, 500, 114, 511, 1080, 325, 735, 131, 1005, 1266, 1309, 602, 455, 1253, 49, 530, 520, 1015, 19, 365, 1386, 867, 579, 890, 1252, 785, 649, 790, 599, 1261, 450, 173, 415, 410, 922, 911, 1067, 737, 72, 398, 711, 1234, 985, 159, 1343, 234, 854, 54, 844, 1260, 1307, 698, 245, 1130, 1186, 863, 1426, 456, 432, 674, 593, 1446, 296, 107, 1180, 688, 273, 915, 526, 791, 1416, 1237, 1131, 916, 200, 1139, 1144, 845, 1062, 170, 522, 772, 1102, 495, 784, 1163, 1394, 1002, 1301, 623, 387, 208, 1035, 542, 521, 1347, 352, 693, 1064, 1342, 445, 197, 798, 1424, 36, 430, 443, 253, 1089, 948, 1355, 554, 850, 634, 457, 52, 666, 1, 431, 796, 889, 597, 1156, 335, 1004, 906, 1450, 829, 401, 543, 483, 973, 1381, 59, 440, 662, 252, 1193, 405, 429, 22, 1263, 423, 1172, 696, 1238, 565, 758, 378, 377, 1391, 310, 1390, 562, 34, 964, 933, 777, 548, 7, 887, 120, 442, 1170, 302, 218, 1196, 1127, 327, 1071, 321, 1216, 505, 1410, 1254, 85, 1018, 947, 1221, 825, 724, 1243, 43, 638, 1143, 787, 779, 219, 1262, 1189, 1396, 812, 485, 642, 130, 68, 633, 147, 860, 153, 169, 1124, 999, 109, 1066, 1324, 1027, 1349, 451, 583, 746, 697, 765, 76, 1055, 319, 591, 502, 729, 1194, 25, 589, 736, 409, 418, 487, 1057, 988, 221, 679, 420, 715, 375, 1090, 1418, 1118, 986, 424, 1152, 317, 990, 396, 976, 467, 330, 106, 1107, 555, 1140, 484, 652, 246, 205, 1292, 908, 357, 165, 81, 1019, 920, 1332, 339, 421, 96, 744, 806, 1157, 496, 439, 1437, 930, 539, 1069, 694, 202, 35, 53, 966, 859, 220, 438, 8, 799, 618, 1305, 657, 1046, 943, 1407, 461, 1281, 226, 281, 265, 318, 320, 1296, 1230, 89, 627, 309, 261, 379, 371, 368, 1021, 757, 1316, 349, 417, 1009, 174, 154, 1235, 1405, 1014, 625, 629, 257, 175, 970, 407, 1207, 1020, 862, 1195, 1188, 801, 271, 1308, 23, 503, 490, 216, 334, 747, 685, 293, 1244, 851, 1074, 738, 678, 551, 121, 789, 62, 4, 198, 14, 366, 127, 804, 434, 879, 761, 712, 592, 705, 1425, 258, 953, 1036, 187, 285, 527, 163, 348, 1326, 469, 683, 722, 518, 286, 822, 1231, 474, 553, 1168, 224, 1422, 17, 566, 519, 1192, 745, 1229, 90, 1284, 40, 1030, 479, 463, 1239, 689, 477, 835, 840, 924, 1227, 926, 934, 1447, 1321, 714, 229, 691, 560, 1283, 465, 1032, 975, 347, 1318, 211, 161, 610, 494, 897, 64, 87, 233, 298, 0, 740, 847, 2, 1223, 1174, 1083, 1010, 708, 1075, 1034, 1202, 336, 1251, 1008, 80, 425, 1028, 115, 647, 1289, 1211, 93, 1385, 139, 1376, 535, 677, 168, 243, 1247, 1173, 1429, 459, 315, 70, 386, 1297, 446, 841, 1300, 1116, 1382, 770, 184, 653, 436, 1387, 192, 1362, 151, 713, 839, 237, 55, 223, 160, 523, 143, 612, 501, 124, 1039, 1105, 828, 412, 364, 397, 50, 663, 1003, 359, 556, 338, 756, 1007, 194, 486, 919, 60, 277, 311, 212, 1045, 1304, 1052, 42, 620, 1428, 962, 45, 1155, 1356, 301, 534, 773, 225, 427, 1214, 98, 680, 842, 707, 287, 937, 1277, 967, 268, 857, 827, 1415, 605, 1138, 166, 582, 1346, 186, 1203, 909, 1205, 939, 1146, 1384, 1087, 454, 1115, 433, 103, 1441, 1233, 929, 482, 1452, 384, 1374, 837, 636, 1137, 846, 1420, 1288, 422, 1323, 820, 201, 331, 880, 105, 41, 1364, 6, 1023, 146, 557, 1047, 733, 447, 148, 150, 1129, 604, 961, 140, 468, 394, 453, 956, 941, 1177, 213, 497, 676, 342, 1054, 927, 603, 995, 528, 1096, 699, 1383, 574, 73, 568, 792, 671, 614, 136, 900, 996, 1132, 1435, 83, 1106, 921, 855, 803, 66, 1125, 882, 753, 1265, 18, 276, 710, 576, 561, 1402, 419, 899, 802, 763, 137, 914, 1198, 725, 1043, 809, 71, 1093, 392, 414, 686, 584, 670, 303, 247, 958, 1085, 734, 1302, 843, 141, 481, 1412, 824, 341, 709, 1104, 577, 435, 1361, 31, 563, 925, 703, 1122, 470, 954, 872, 957, 471, 570, 935, 372, 1293, 20, 1371, 391, 1258, 180, 263, 172, 997, 388, 94, 426, 110, 1259, 573, 692, 102, 101, 1000, 1013, 998, 1185, 190, 65, 684, 739, 1184, 314, 322, 214, 345, 818, 1113, 601, 974, 1392, 193, 628, 1209, 558, 1204, 210, 1350, 673, 1225, 116, 51, 350, 826, 1317, 1279, 1295, 1162, 275, 658, 569, 1022, 1280, 235, 476, 702, 807, 307, 164, 600, 1098, 1436, 324, 585, 834, 390, 1353, 29, 760, 608, 369, 1112, 700, 1215, 631, 504, 126, 1363, 48, 1044, 823, 11, 1282, 731, 1070, 661, 13, 1026, 774, 406, 241, 991, 1421, 587, 717, 664, 1197, 959, 1153, 1313, 619, 1264, 1255, 1142, 1401, 1340, 284, 645, 466, 1335, 177, 1094, 1370, 145, 56, 404, 402, 596, 607, 819, 832, 1443, 1298, 626, 1183, 923, 950, 1048, 249, 156, 1352, 1449, 1033, 977, 428, 58, 907, 88, 1294, 416, 37, 1248, 332, 158, 1269, 291, 940, 969, 811, 382, 1149, 870, 1379, 1086, 1409, 228, 1029, 762, 1267, 373, 162, 616, 1380, 1190, 27, 92, 524, 1393, 1135, 458, 171, 1049, 1158, 128, 1417, 989, 304, 144, 97, 659, 1201, 254, 529, 936, 1165, 687, 472, 888, 885, 267, 152, 346, 617, 993, 242, 1077, 902, 682, 385, 441, 1082, 1334, 690, 1240, 403, 129, 849, 323, 815, 1076, 1181, 176, 848, 1061, 1368, 641, 209, 963, 30, 640, 852, 1160, 78, 1432, 559, 719, 1445, 1348, 1439, 1354, 75, 590, 506, 1072, 449, 204, 660, 119, 448, 1210, 1451, 1377, 650, 726, 282, 894, 868, 1413, 133, 1271, 206, 741, 1051, 478, 47, 572, 256, 380, 413, 196, 1367, 367, 718, 751, 864, 681, 28, 578, 1175, 1053, 1161, 910, 1219, 1109, 12, 32, 279, 290, 1222, 1100, 393, 125, 259, 667, 786, 244, 1287, 1299, 1403, 356, 270, 706, 655, 895, 1400, 1310, 86, 1095, 1291, 971, 232, 898, 805, 886, 893, 821, 881, 1399, 635, 475, 1330, 79, 508, 1236, 861, 517, 944, 269, 932, 251, 207, 550, 5, 567, 63, 370, 1017, 1166, 1145, 547, 732, 743, 464, 69, 376, 1389, 1226, 333, 536, 983, 1406, 771, 901, 865, 831, 185, 1444, 499, 946, 1250, 1179, 138, 510, 904, 1328, 891, 1220, 1060, 1217, 951, 95, 750, 1040, 1148, 1101, 768, 817, 968, 1012, 492, 1169, 538, 1088, 869, 615, 748, 363, 57, 361, 250, 1213, 545, 858, 1178, 104, 836, 883, 795, 289, 856, 118, 1103, 871, 672, 408, 222, 181, 1360, 1208, 788, 648, 873, 400, 1344, 928, 24, 654, 1128, 1191, 354, 183, 295, 305, 778, 632, 878, 262, 1121, 1320, 360, 1249, 236, 509, 1319, 764, 1358, 1056, 39, 1268, 1150, 1351, 609, 329, 239, 1176, 26, 46, 531, 1097, 675, 1329, 1171, 1134, 776, 264, 646, 308, 669, 816, 179, 1224, 1119, 355, 808, 546, 767, 866, 111, 337, 1151, 1303, 9, 462, 1058, 1065, 800, 326, 1276, 344, 1182, 1164, 489, 1031, 945, 644, 381, 1345, 1001, 1078, 67, 297, 215, 982, 781, 117, 1395, 108, 227, 780, 1154, 813, 1453, 1079, 588, 1315, 903, 728, 532, 383, 1081, 1024, 1314, 1110, 905, 833, 1242, 294, 288, 987, 1041, 1187, 100, 1430, 1327, 1398, 149, 411, 533, 306, 491, 1141, 112, 1357, 1099, 61, 1006, 549, 668, 651, 960, 938, 892, 91, 155, 188, 15, 1378, 182, 581, 1373, 1290, 3, 1059, 1133, 1331, 1388, 814, 586, 884, 1285, 877, 1114, 343, 723, 874, 1433, 830, 637, 1091, 643, 1073, 1322, 16, 1167, 33, 1372, 972, 238, 266, 1117, 1120, 1404, 113, 793, 399, 278, 135, 1397, 1038, 437, 1245, 984, 493, 1359, 134, 1431, 488, 952, 1232, 537, 240, 157, 248, 749, 1273, 260, 217, 1438, 639, 1306, 1408, 1218, 552, 313, 1159, 853, 525, 280, 981, 949, 766, 1042, 571, 44, 340, 255, 1228, 283, 1274, 1423, 622, 473, 1339, 931, 1369, 132, 630, 575, 514, 782, 351, 199, 695, 1050, 810, 395, 769, 231, 191, 1123, 515, 980, 142, 1325, 1092, 480, 838, 611, 21, 292, 598, 755, 77, 1068, 1111, 979, 876, 775, 701, 1063, 362, 1440, 1448, 742, 541, 942, 444, 452, 992, 1427, 594, 1336, 1337, 716, 720, 1434, 727, 955, 189, 621, 965, 754, 498, 917, 1257, 1025, 353, 512, 1256, 1016, 1206, 316, 1286, 1147, 1365, 1037, 1311, 274, 913, 704, 1126, 896, 10, 1275, 730, 358, 1338, 1366, 38, 167, 752, 1414, 1272, 516, 1246, 299, 595, 1375, 721, 918, 1212, 544, 374, 1442, 1200, 994, 540, 300, 1419, 389, 203, 1011, 624, 978, 84, 606, 656, 1312, 1278, 1333, 1199, 759, 178, 123, 797, 665, 513, 794, 312, 564, 1341, 783, 99, 122, 613, 230]
labeling = [2, 0, 3, 6, 1, 4, 1, 0, 2, 6, 8, 0, 0, 5, 3, 7, 6, 1, 2, 0, 2, 3, 0, 2, 6, 0, 3, 1, 5, 2, 10, 0, 7, 4, 0, 0, 2, 2, 6, 0, 3, 2, 3, 1, 7, 2, 7, 5, 4, 0, 3, 4, 2, 1, 0, 0, 1, 7, 0, 0, 4, 8, 3, 2, 3, 0, 4, 1, 2, 4, 1, 4, 0, 4, 0, 4, 1, 0, 4, 7, 2, 1, 0, 5, 1, 4, 4, 2, 7, 0, 2, 7, 5, 0, 2, 8, 1, 6, 2, 8, 5, 5, 3, 0, 6, 7, 1, 0, 2, 0, 9, 0, 1, 7, 0, 1, 4, 9, 1, 0, 3, 0, 1, 6, 2, 2, 5, 0, 8, 3, 2, 0, 10, 3, 8, 5, 1, 3, 3, 0, 1, 5, 6, 4, 11, 9, 1, 0, 2, 8, 7, 4, 10, 1, 2, 6, 1, 4, 5, 0, 2, 3, 7, 2, 5, 0, 5, 9, 4, 2, 0, 4, 3, 2, 3, 0, 1, 0, 5, 4, 3, 8, 8, 0, 0, 7, 6, 0, 3, 7, 3, 4, 1, 6, 4, 0, 6, 2, 3, 2, 0, 4, 1, 4, 1, 0, 2, 6, 0, 7, 2, 2, 0, 0, 1, 5, 0, 9, 1, 2, 2, 0, 4, 3, 0, 3, 2, 8, 0, 2, 5, 3, 2, 1, 0, 2, 7, 2, 5, 5, 8, 4, 6, 1, 3, 1, 2, 0, 7, 3, 2, 4, 0, 0, 3, 10, 7, 1, 0, 2, 2, 0, 5, 6, 5, 0, 9, 4, 4, 6, 4, 0, 0, 0, 2, 5, 3, 4, 9, 0, 11, 2, 1, 3, 4, 0, 1, 3, 9, 6, 1, 3, 10, 6, 4, 7, 1, 7, 3, 10, 6, 4, 0, 1, 5, 7, 8, 4, 4, 1, 2, 2, 0, 6, 5, 2, 0, 2, 5, 0, 2, 2, 7, 8, 6, 0, 1, 0, 0, 5, 0, 3, 0, 2, 3, 0, 5, 1, 7, 4, 5, 0, 4, 0, 3, 0, 3, 6, 1, 3, 1, 7, 0, 11, 4, 7, 2, 0, 0, 0, 6, 2, 12, 9, 4, 0, 2, 0, 4, 6, 1, 3, 0, 2, 5, 0, 8, 0, 0, 2, 7, 10, 5, 0, 3, 5, 2, 0, 1, 6, 3, 3, 1, 6, 0, 5, 2, 4, 2, 3, 0, 0, 7, 9, 12, 1, 6, 7, 4, 3, 0, 11, 4, 0, 8, 0, 6, 6, 1, 2, 5, 0, 3, 3, 5, 6, 10, 7, 13, 4, 1, 3, 0, 5, 3, 6, 5, 4, 5, 1, 0, 1, 2, 0, 5, 2, 2, 2, 9, 7, 1, 1, 10, 4, 3, 0, 1, 3, 5, 6, 0, 0, 6, 0, 7, 1, 3, 0, 3, 0, 4, 2, 5, 3, 2, 8, 5, 4, 5, 2, 8, 6, 5, 2, 2, 1, 4, 0, 6, 8, 1, 6, 6, 7, 3, 0, 5, 3, 4, 9, 0, 2, 2, 0, 9, 0, 7, 0, 8, 10, 3, 0, 1, 9, 5, 7, 4, 9, 0, 3, 0, 1, 0, 2, 6, 12, 1, 2, 3, 1, 2, 8, 10, 11, 6, 4, 7, 2, 5, 0, 4, 3, 0, 0, 2, 2, 4, 0, 0, 10, 1, 2, 1, 0, 3, 4, 6, 5, 1, 4, 2, 7, 0, 1, 3, 3, 5, 0, 5, 7, 3, 11, 4, 4, 1, 8, 3, 4, 3, 2, 0, 8, 2, 0, 3, 3, 6, 1, 6, 0, 5, 1, 3, 0, 7, 12, 3, 0, 12, 3, 6, 0, 0, 4, 0, 4, 0, 2, 2, 0, 1, 9, 4, 2, 6, 3, 1, 5, 3, 1, 0, 6, 5, 0, 4, 1, 12, 2, 5, 1, 2, 7, 9, 0, 0, 0, 4, 8, 0, 2, 8, 5, 0, 1, 10, 2, 7, 5, 3, 1, 8, 5, 2, 4, 6, 4, 6, 2, 6, 2, 4, 1, 0, 0, 4, 3, 0, 5, 9, 3, 2, 0, 8, 5, 1, 7, 3, 7, 0, 3, 1, 0, 8, 4, 7, 6, 5, 3, 0, 4, 6, 2, 4, 0, 5, 0, 1, 1, 3, 2, 1, 3, 1, 1, 6, 0, 5, 4, 0, 0, 6, 0, 3, 4, 4, 1, 3, 10, 0, 3, 4, 5, 0, 10, 2, 9, 5, 13, 8, 0, 5, 5, 6, 2, 8, 0, 1, 4, 2, 11, 1, 4, 7, 6, 2, 2, 0, 4, 7, 10, 0, 0, 10, 1, 6, 3, 8, 3, 1, 11, 3, 3, 5, 3, 6, 2, 7, 13, 6, 0, 3, 0, 1, 0, 4, 6, 4, 1, 7, 0, 8, 0, 4, 7, 0, 2, 5, 0, 6, 2, 0, 5, 3, 9, 8, 10, 1, 0, 0, 2, 4, 4, 4, 5, 1, 3, 2, 5, 7, 0, 2, 5, 1, 3, 9, 0, 7, 0, 5, 9, 1, 0, 5, 3, 9, 1, 2, 0, 7, 0, 3, 5, 0, 4, 6, 1, 7, 5, 7, 3, 1, 6, 0, 7, 0, 2, 4, 2, 2, 5, 1, 4, 0, 8, 0, 1, 4, 1, 12, 3, 0, 2, 2, 0, 9, 11, 9, 0, 5, 1, 2, 5, 0, 1, 6, 0, 9, 9, 5, 0, 2, 7, 2, 4, 9, 0, 0, 1, 7, 1, 1, 9, 10, 6, 8, 8, 8, 5, 4, 0, 6, 0, 5, 4, 1, 1, 0, 0, 3, 2, 10, 3, 0, 3, 5, 0, 0, 12, 2, 2, 0, 8, 2, 7, 1, 0, 1, 5, 5, 0, 3, 3, 0, 0, 1, 1, 7, 4, 10, 0, 7, 4, 7, 5, 6, 8, 3, 1, 0, 3, 6, 9, 5, 0, 0, 11, 1, 4, 3, 3, 1, 3, 3, 8, 3, 10, 1, 6, 5, 2, 1, 8, 7, 0, 6, 0, 0, 0, 12, 6, 13, 11, 3, 1, 7, 0, 2, 5, 2, 6, 4, 8, 3, 6, 7, 1, 3, 0, 1, 1, 3, 4, 1, 6, 3, 0, 8, 0, 3, 1, 3, 11, 5, 0, 2, 0, 5, 7, 0, 0, 2, 0, 4, 5, 5, 4, 2, 3, 1, 6, 0, 9, 2, 0, 2, 2, 3, 5, 7, 0, 4, 0, 5, 6, 2, 0, 0, 4, 5, 7, 4, 4, 0, 8, 2, 0, 3, 3, 1, 6, 11, 0, 0, 6, 0, 4, 1, 2, 7, 1, 2, 1, 6, 3, 0, 4, 10, 6, 3, 7, 1, 9, 8, 0, 0, 5, 2, 4, 0, 0, 2, 9, 9, 3, 6, 0, 2, 7, 5, 0, 3, 5, 1, 4, 6, 3, 4, 1, 0, 7, 2, 10, 3, 8, 0, 2, 0, 10, 2, 8, 3, 7, 4, 0, 2, 2, 7, 1, 5, 4, 0, 0, 2, 5, 7, 6, 0, 0, 3, 0, 2, 9, 3, 0, 1, 5, 4, 6, 5, 3, 1, 5, 1, 3, 8, 0, 0, 2, 5, 10, 2, 9, 4, 0, 2, 6, 5, 0, 5, 5, 1, 9, 0, 4, 1, 7, 3, 1, 9, 1, 0, 1, 8, 6, 2, 0, 0, 3, 2, 0, 4, 0, 4, 0, 3, 0, 2, 5, 4, 6, 11, 8, 6, 5, 0, 4, 6, 3, 10, 3, 2, 3, 5, 0, 3, 4, 0, 2, 6, 6, 8, 2, 7, 0, 7, 0, 4, 3, 11, 1, 0, 2, 7, 1, 0, 4, 7, 0, 0, 3, 7, 0, 5, 1, 4, 0, 2, 5, 6, 6, 2, 4, 0, 1, 3, 3, 6, 8, 1, 4, 0, 0, 3, 2, 0, 5, 0, 4, 2, 0, 0, 4, 9, 7, 6, 8, 4, 0, 6, 3, 2, 2, 7, 1, 5, 7, 7, 6, 0, 3, 7, 6, 1, 2, 3, 2, 1, 0, 1, 5, 2, 0, 2, 6, 4, 1, 6, 2, 4, 0, 0, 6, 4, 5, 3, 9, 0, 1, 3, 6, 0, 2, 3, 4, 2, 9, 0, 3, 1, 8, 6, 0, 0, 6, 2, 4, 6, 2, 4, 3, 0, 4, 2, 0, 1, 5, 1, 0, 3, 0, 0, 4, 2, 2, 4, 0, 3, 8, 8, 10, 6, 6, 3, 1, 0, 7, 5, 7, 4, 6, 2, 1, 0, 6, 0, 11, 2, 6, 7, 3, 4, 0, 0, 5, 4, 1, 0, 2, 2, 1, 0, 0, 4, 2, 0, 6, 2, 8, 4, 1, 4, 1, 6, 9, 9, 1, 5, 0, 3, 0, 0, 0, 1, 7, 11, 5, 0, 3, 1, 12, 2, 5, 2, 4, 0, 3, 0, 2, 0, 2, 2, 5, 0, 2, 7, 0, 3, 1, 2, 4, 4, 4, 2, 0, 8, 0, 1, 2, 5, 0, 0, 3, 5, 7]
convergência = [13, 13, 13, 13, 13, 13, 13, 13, 13, 13, 13, 13, 13, 13, 13, 13, 13, 13, 13, 13, 13, 13, 13, 13, 13, 13, 13, 13, 13, 13, 13, 13, 13, 13, 13, 13, 13, 13, 13, 13, 13, 13, 13, 13, 13, 13, 13, 13, 13, 13, 13, 13, 13, 13, 13, 13, 13, 13, 13, 13, 13, 13, 13, 13, 13, 13, 13, 13, 13, 13, 13, 13, 13, 13, 13, 13, 13, 13, 13, 13, 13, 13, 13, 13, 13, 13, 13, 13, 13, 13, 13, 13, 13, 13, 13, 13, 13, 13, 13, 13, 13, 13, 13, 13, 13, 13, 13, 13, 13, 13, 13, 13, 13, 13, 13, 13, 13, 13, 13, 13, 13, 13, 13, 13]

===== FIM =====
