===== RESULTADO BRKGA L(2,1) =====
Arquivo: /Users/mateuspedrosa/Documents/TCC-II/BRKGA/data/Harwell-Boeing_cleaned/bcspwr07_clean.mtx

----- Execução #1 -----
[INFO] Parou por estagnação.
Tempo de execução: 71134ms
Span (lambda): 13
best_order = [983, 156, 821, 288, 253, 358, 959, 1173, 1254, 1137, 303, 1036, 1356, 819, 1381, 936, 1109, 223, 1203, 219, 1393, 535, 566, 149, 1064, 1227, 820, 1400, 217, 1232, 569, 1000, 203, 1001, 313, 573, 1018, 1467, 1610, 592, 939, 923, 1126, 1472, 1493, 509, 575, 1065, 187, 626, 228, 330, 230, 433, 346, 933, 29, 920, 607, 495, 62, 824, 823, 551, 75, 882, 876, 1134, 56, 1058, 1330, 345, 208, 1384, 1110, 263, 1034, 328, 293, 272, 590, 1552, 827, 341, 1121, 386, 1521, 751, 1012, 1580, 104, 870, 317, 572, 106, 105, 1503, 1591, 192, 497, 1585, 61, 440, 1147, 846, 1277, 342, 806, 30, 437, 302, 23, 344, 562, 665, 285, 246, 973, 982, 1409, 1529, 1397, 1578, 222, 553, 1601, 1093, 1106, 594, 1223, 519, 1505, 1547, 1113, 224, 1421, 183, 1518, 1015, 945, 300, 1476, 1262, 734, 1298, 414, 1567, 1243, 1452, 1200, 259, 366, 1418, 696, 361, 1535, 1430, 648, 880, 1125, 539, 949, 1040, 1391, 388, 467, 1545, 1376, 813, 1385, 1323, 1363, 874, 1237, 286, 316, 634, 1335, 633, 1275, 536, 763, 88, 738, 1269, 685, 570, 1490, 540, 277, 284, 1049, 1222, 584, 878, 730, 1025, 1255, 1205, 1392, 1564, 103, 428, 1100, 1506, 586, 1179, 1003, 396, 1483, 1341, 944, 1301, 1394, 927, 1347, 1206, 1253, 697, 625, 356, 706, 1526, 831, 52, 1139, 494, 1122, 786, 191, 980, 468, 1551, 1074, 312, 948, 283, 889, 910, 1221, 1570, 618, 301, 112, 1287, 446, 176, 655, 502, 264, 177, 668, 1208, 1586, 373, 976, 1196, 1051, 1413, 1163, 216, 357, 578, 937, 1009, 651, 686, 287, 169, 894, 141, 129, 167, 1410, 863, 1043, 207, 422, 1461, 1032, 595, 1466, 1414, 703, 1016, 135, 1436, 369, 403, 1402, 153, 491, 21, 384, 1508, 649, 94, 716, 861, 319, 1334, 561, 855, 1338, 309, 599, 472, 1133, 790, 587, 844, 48, 370, 598, 809, 930, 1079, 473, 19, 1114, 961, 1280, 232, 332, 166, 662, 178, 1251, 687, 800, 28, 567, 1168, 418, 1136, 1602, 430, 1444, 532, 1389, 1041, 1066, 682, 741, 613, 1204, 858, 376, 1209, 744, 667, 493, 55, 1434, 371, 442, 450, 240, 1524, 850, 215, 1608, 749, 1162, 1387, 434, 516, 571, 646, 11, 1603, 1538, 776, 950, 1577, 837, 1197, 1559, 291, 1443, 1449, 26, 1057, 195, 1282, 938, 644, 245, 692, 735, 265, 1595, 1367, 1030, 941, 722, 63, 663, 1507, 409, 791, 689, 352, 793, 905, 817, 343, 42, 1312, 145, 281, 482, 1212, 839, 164, 333, 822, 1258, 580, 387, 1116, 279, 90, 486, 220, 1378, 654, 723, 278, 777, 715, 628, 1589, 45, 498, 906, 432, 1440, 891, 1401, 460, 770, 775, 1270, 367, 743, 151, 1267, 619, 541, 1151, 483, 1053, 1276, 544, 1530, 992, 757, 385, 859, 487, 424, 429, 1313, 395, 1435, 993, 928, 115, 299, 1566, 641, 307, 563, 1346, 505, 453, 500, 1328, 700, 548, 1283, 1310, 1498, 736, 152, 471, 838, 197, 1553, 295, 248, 967, 71, 1399, 812, 1182, 1442, 671, 1244, 1291, 1083, 1184, 1358, 118, 1108, 972, 1111, 134, 451, 114, 900, 1426, 698, 1557, 1546, 747, 122, 934, 552, 443, 513, 1101, 401, 1447, 7, 1590, 1468, 1085, 0, 769, 1324, 77, 978, 459, 348, 792, 585, 1492, 39, 647, 1491, 756, 746, 18, 1554, 1072, 739, 1351, 320, 41, 709, 258, 419, 609, 1609, 808, 14, 986, 650, 1514, 128, 919, 273, 325, 555, 964, 241, 702, 1536, 364, 550, 1377, 635, 1598, 774, 172, 214, 247, 1181, 1284, 410, 1170, 1326, 1446, 645, 1017, 1600, 431, 985, 119, 545, 755, 1494, 399, 680, 1089, 990, 1569, 623, 322, 481, 1380, 857, 1265, 131, 842, 107, 201, 767, 452, 335, 1604, 200, 549, 636, 658, 881, 323, 331, 1386, 1562, 1607, 1263, 92, 965, 496, 425, 1561, 1260, 924, 1185, 971, 750, 726, 1340, 1278, 1095, 1234, 510, 76, 661, 1158, 130, 1333, 1405, 305, 1174, 37, 1528, 318, 534, 1129, 1104, 407, 123, 951, 1240, 922, 1207, 526, 604, 758, 1084, 1290, 1050, 454, 274, 171, 701, 1038, 1305, 796, 835, 669, 676, 441, 1581, 458, 987, 1098, 1425, 810, 198, 140, 1061, 1519, 1062, 955, 517, 60, 1029, 22, 1427, 1131, 724, 1320, 952, 1534, 1075, 1474, 503, 1370, 132, 492, 72, 436, 1605, 1473, 1517, 233, 310, 444, 1315, 1165, 148, 304, 963, 1211, 1124, 1035, 871, 476, 64, 93, 404, 784, 556, 12, 400, 576, 656, 1511, 771, 1210, 1090, 1556, 1415, 664, 1459, 766, 1150, 1225, 1239, 1102, 69, 1160, 1411, 1097, 1026, 83, 1257, 929, 1364, 579, 1359, 1317, 262, 1216, 99, 911, 375, 1522, 227, 852, 1412, 268, 614, 798, 1229, 1088, 461, 742, 8, 1455, 463, 1299, 1555, 202, 108, 627, 225, 1365, 1176, 530, 849, 1011, 100, 462, 921, 617, 20, 25, 1169, 991, 1390, 606, 1259, 1361, 1274, 489, 1045, 257, 1052, 1366, 772, 143, 73, 574, 1445, 926, 1082, 1388, 596, 1439, 1071, 116, 1236, 659, 608, 238, 44, 360, 211, 811, 1226, 946, 398, 1143, 778, 159, 1354, 254, 804, 1235, 1373, 1152, 1329, 1146, 1362, 1285, 865, 794, 413, 355, 251, 1198, 226, 296, 1132, 1489, 1582, 843, 713, 17, 583, 271, 292, 499, 449, 13, 718, 1249, 1273, 1189, 466, 1164, 1117, 1250, 54, 1485, 1155, 1080, 1073, 1144, 527, 1279, 1441, 1056, 65, 1008, 1424, 1123, 270, 577, 953, 1112, 49, 86, 160, 1382, 847, 611, 969, 256, 538, 693, 1576, 209, 745, 1023, 1325, 1331, 942, 1292, 1355, 372, 966, 1202, 235, 853, 101, 721, 783, 1344, 102, 995, 887, 979, 350, 1272, 337, 196, 1217, 981, 773, 1063, 488, 1540, 708, 788, 1199, 1180, 391, 818, 782, 1055, 957, 862, 999, 58, 423, 1159, 720, 918, 36, 146, 155, 1059, 1539, 1496, 252, 363, 154, 96, 675, 205, 353, 47, 351, 845, 557, 560, 218, 866, 1460, 1135, 998, 1306, 46, 968, 1153, 1374, 879, 1166, 1086, 435, 121, 740, 490, 836, 1458, 935, 79, 1022, 359, 1541, 297, 533, 807, 907, 1294, 506, 890, 1469, 631, 261, 190, 448, 1464, 1372, 1456, 250, 347, 1592, 484, 1193, 1099, 1042, 760, 956, 1175, 620, 1560, 5, 943, 68, 597, 109, 1523, 456, 1438, 290, 1504, 1549, 581, 1092, 98, 588, 181, 913, 1194, 67, 1531, 1302, 875, 1599, 873, 679, 612, 464, 717, 917, 1350, 765, 1611, 1094, 727, 470, 1428, 1379, 212, 1156, 501, 1078, 80, 280, 188, 954, 411, 1408, 657, 315, 1345, 1067, 909, 27, 601, 314, 725, 379, 1520, 642, 389, 653, 377, 970, 74, 1500, 507, 1068, 1044, 275, 1281, 1516, 714, 520, 1543, 1510, 417, 402, 877, 475, 1167, 1118, 311, 1398, 916, 416, 591, 600, 1573, 162, 237, 801, 1339, 168, 147, 1242, 582, 70, 447, 901, 1432, 1417, 81, 610, 1433, 329, 84, 1069, 762, 504, 113, 1396, 321, 51, 324, 10, 1542, 243, 856, 632, 518, 1527, 660, 558, 904, 940, 412, 1319, 158, 33, 439, 1039, 24, 1268, 1486, 1437, 255, 1450, 1028, 1149, 815, 895, 1515, 1583, 1, 988, 830, 547, 521, 522, 1271, 1033, 524, 1188, 6, 1264, 185, 1077, 1571, 1470, 1579, 485, 799, 1119, 695, 1054, 267, 193, 564, 213, 1311, 415, 1289, 175, 974, 752, 408, 1220, 931, 1247, 1060, 678, 1230, 110, 365, 1031, 1431, 1215, 1572, 289, 1195, 781, 688, 236, 4, 977, 883, 789, 912, 814, 1183, 1130, 234, 840, 327, 1322, 124, 1513, 298, 1422, 136, 1246, 480, 1588, 704, 761, 362, 438, 378, 958, 1499, 1371, 1295, 888, 1337, 1296, 1465, 294, 1481, 170, 867, 512, 336, 1502, 1407, 1606, 694, 932, 1190, 1487, 1509, 1395, 276, 673, 1584, 1096, 543, 1368, 40, 127, 1219, 1343, 1293, 780, 893, 1192, 479, 354, 1256, 886, 59, 1214, 1245, 860, 1081, 38, 712, 719, 542, 896, 1375, 892, 785, 340, 1501, 406, 511, 231, 1448, 326, 764, 1497, 334, 405, 161, 1288, 249, 1248, 120, 684, 732, 1327, 186, 179, 9, 593, 1007, 1224, 1047, 1046, 643, 1178, 1321, 1145, 710, 565, 925, 260, 1297, 165, 515, 420, 266, 1013, 427, 848, 1014, 602, 43, 975, 3, 1027, 1558, 1128, 603, 605, 85, 854, 1127, 1594, 638, 242, 832, 1563, 397, 514, 349, 1548, 652, 16, 199, 899, 640, 1369, 111, 1316, 1537, 66, 244, 683, 445, 1478, 306, 947, 117, 1266, 914, 691, 1314, 1201, 381, 1241, 426, 474, 1477, 31, 210, 795, 851, 1300, 53, 163, 1348, 1575, 374, 546, 753, 339, 1471, 768, 126, 394, 34, 829, 1360, 282, 508, 523, 681, 182, 672, 1005, 1252, 731, 50, 803, 469, 674, 1238, 1076, 622, 629, 869, 915, 180, 1596, 711, 531, 666, 1429, 139, 868, 897, 87, 1304, 737, 1383, 1318, 1070, 1336, 393, 1484, 1463, 144, 639, 677, 368, 1303, 1488, 733, 805, 1004, 1309, 455, 1475, 962, 754, 1568, 1482, 1187, 1462, 1525, 841, 1332, 729, 759, 960, 204, 465, 797, 1105, 1420, 380, 32, 525, 1454, 1228, 833, 997, 173, 1352, 1406, 57, 1087, 908, 1349, 884, 1597, 1186, 1037, 690, 902, 1218, 1544, 996, 1177, 1261, 392, 1006, 568, 1138, 554, 705, 382, 142, 1550, 1157, 91, 1308, 1172, 670, 137, 157, 1451, 630, 269, 138, 1307, 537, 728, 1574, 1020, 1565, 885, 621, 1587, 637, 1342, 1142, 1453, 1048, 834, 1021, 1457, 174, 1231, 229, 1512, 1107, 1495, 1002, 239, 816, 994, 189, 308, 1024, 383, 1533, 1403, 1161, 984, 872, 787, 206, 529, 82, 898, 194, 1120, 615, 864, 1019, 1532, 802, 828, 1353, 133, 390, 1115, 1141, 184, 1479, 2, 1357, 97, 1010, 616, 338, 589, 1140, 559, 15, 1154, 35, 457, 1191, 825, 78, 95, 699, 903, 477, 125, 1423, 1416, 989, 1286, 707, 421, 624, 1480, 1103, 528, 1419, 1171, 478, 826, 1213, 1148, 1233, 1091, 150, 89, 221, 1404, 748, 779, 1593]
labeling = [1, 0, 10, 3, 1, 0, 7, 0, 3, 5, 1, 0, 1, 4, 1, 5, 5, 5, 3, 4, 5, 3, 0, 1, 3, 0, 2, 5, 1, 0, 2, 7, 6, 4, 11, 1, 4, 0, 3, 8, 4, 1, 0, 6, 3, 2, 4, 0, 2, 2, 0, 4, 0, 8, 6, 4, 1, 10, 3, 6, 1, 0, 0, 3, 0, 2, 4, 1, 2, 1, 9, 7, 0, 5, 4, 0, 3, 2, 8, 3, 4, 1, 7, 2, 5, 1, 3, 9, 0, 5, 1, 6, 3, 1, 0, 11, 8, 3, 2, 3, 5, 7, 2, 2, 0, 2, 1, 3, 0, 5, 6, 6, 1, 5, 0, 5, 5, 4, 0, 6, 10, 3, 1, 3, 1, 10, 2, 3, 2, 0, 4, 2, 4, 7, 0, 0, 2, 8, 2, 4, 0, 3, 9, 3, 10, 0, 1, 4, 2, 0, 2, 3, 7, 1, 9, 4, 0, 7, 8, 0, 7, 9, 6, 7, 4, 6, 1, 2, 6, 0, 5, 4, 3, 4, 5, 6, 2, 0, 3, 7, 10, 4, 8, 0, 5, 2, 5, 0, 5, 3, 0, 2, 0, 6, 9, 1, 7, 1, 4, 8, 3, 5, 2, 0, 0, 6, 8, 2, 0, 2, 9, 6, 4, 1, 0, 2, 0, 2, 3, 0, 0, 0, 2, 0, 0, 2, 7, 4, 0, 9, 0, 5, 2, 4, 3, 2, 6, 0, 2, 3, 0, 2, 8, 5, 1, 1, 0, 5, 3, 7, 2, 3, 9, 0, 4, 4, 6, 1, 3, 0, 2, 7, 3, 0, 0, 2, 8, 2, 1, 3, 5, 4, 0, 3, 1, 3, 4, 2, 0, 0, 4, 0, 8, 6, 1, 4, 1, 4, 0, 8, 2, 5, 7, 0, 4, 0, 7, 2, 4, 2, 0, 2, 3, 0, 0, 6, 9, 0, 5, 1, 5, 7, 5, 2, 8, 3, 1, 0, 4, 2, 1, 5, 0, 2, 7, 2, 8, 6, 0, 5, 0, 3, 0, 0, 9, 2, 8, 3, 11, 3, 2, 0, 1, 0, 4, 2, 0, 10, 5, 5, 5, 8, 0, 1, 5, 3, 1, 3, 0, 4, 6, 2, 4, 2, 2, 7, 0, 4, 2, 2, 4, 3, 0, 3, 1, 4, 1, 4, 1, 7, 8, 0, 7, 0, 3, 4, 1, 3, 0, 6, 8, 3, 1, 9, 8, 1, 1, 3, 4, 5, 7, 0, 5, 0, 1, 6, 10, 0, 5, 1, 3, 4, 1, 2, 0, 8, 5, 0, 1, 3, 2, 9, 2, 1, 0, 4, 9, 7, 0, 3, 2, 5, 3, 0, 4, 8, 6, 1, 5, 4, 0, 5, 3, 1, 2, 7, 0, 5, 4, 3, 0, 3, 6, 0, 1, 7, 3, 9, 0, 2, 0, 3, 8, 6, 11, 8, 6, 2, 0, 1, 5, 5, 0, 0, 12, 1, 4, 13, 1, 0, 9, 2, 1, 2, 7, 9, 4, 6, 9, 8, 10, 2, 0, 0, 2, 0, 5, 1, 1, 3, 7, 4, 0, 6, 0, 3, 7, 1, 6, 1, 1, 4, 5, 4, 11, 7, 4, 2, 3, 2, 3, 7, 4, 6, 8, 4, 1, 3, 5, 0, 3, 4, 1, 5, 4, 0, 0, 9, 5, 0, 2, 3, 3, 7, 0, 1, 8, 5, 3, 3, 5, 0, 1, 0, 3, 2, 3, 6, 5, 9, 4, 0, 0, 1, 1, 6, 0, 2, 9, 0, 1, 3, 2, 0, 3, 0, 4, 9, 1, 7, 6, 1, 2, 6, 4, 4, 2, 3, 7, 1, 2, 3, 0, 5, 0, 0, 1, 3, 0, 0, 3, 5, 0, 4, 0, 11, 3, 2, 9, 6, 13, 10, 12, 4, 8, 8, 4, 1, 0, 7, 2, 4, 3, 1, 1, 4, 0, 11, 0, 3, 6, 11, 1, 0, 0, 3, 4, 1, 6, 1, 8, 0, 0, 2, 2, 4, 5, 9, 3, 5, 4, 4, 6, 8, 1, 0, 1, 3, 3, 6, 7, 1, 0, 5, 8, 1, 13, 1, 2, 5, 11, 6, 13, 11, 7, 3, 1, 7, 7, 0, 3, 0, 0, 3, 8, 1, 3, 0, 5, 1, 1, 7, 0, 3, 9, 5, 1, 0, 3, 3, 0, 1, 4, 1, 5, 4, 1, 6, 10, 8, 4, 6, 0, 0, 8, 3, 2, 1, 3, 3, 8, 0, 0, 4, 8, 0, 0, 1, 1, 4, 0, 3, 2, 9, 0, 2, 4, 6, 0, 4, 2, 0, 0, 0, 1, 7, 4, 2, 11, 1, 4, 2, 3, 5, 7, 4, 6, 1, 0, 10, 5, 7, 6, 0, 5, 3, 2, 0, 3, 2, 1, 0, 0, 3, 9, 1, 0, 4, 6, 8, 5, 1, 5, 3, 0, 3, 0, 9, 4, 2, 0, 0, 3, 2, 5, 4, 4, 4, 0, 10, 0, 1, 6, 1, 6, 10, 2, 2, 7, 0, 2, 2, 3, 2, 5, 8, 12, 3, 1, 0, 0, 0, 3, 0, 0, 12, 6, 0, 3, 1, 7, 0, 7, 2, 0, 2, 2, 0, 4, 2, 12, 8, 5, 7, 2, 3, 0, 4, 2, 0, 2, 12, 9, 0, 11, 0, 6, 7, 4, 5, 4, 1, 5, 4, 4, 5, 1, 4, 7, 11, 2, 2, 4, 6, 0, 3, 1, 0, 2, 4, 1, 5, 0, 8, 4, 6, 4, 9, 6, 2, 5, 3, 10, 5, 0, 1, 3, 7, 11, 0, 5, 4, 12, 2, 7, 0, 5, 1, 10, 6, 0, 7, 11, 4, 9, 5, 2, 1, 4, 0, 0, 3, 0, 0, 0, 7, 4, 1, 5, 3, 3, 0, 6, 0, 3, 1, 0, 4, 1, 0, 10, 0, 1, 3, 0, 2, 7, 0, 1, 1, 1, 7, 1, 8, 11, 5, 8, 1, 0, 0, 4, 2, 4, 9, 3, 0, 0, 1, 5, 3, 9, 4, 1, 0, 5, 7, 3, 6, 2, 7, 4, 8, 0, 0, 7, 6, 3, 0, 9, 0, 4, 4, 0, 2, 0, 4, 12, 1, 4, 5, 1, 0, 8, 1, 4, 0, 5, 0, 6, 2, 2, 0, 2, 6, 5, 1, 0, 0, 0, 3, 1, 9, 7, 1, 0, 0, 4, 0, 9, 0, 4, 10, 3, 2, 0, 6, 0, 10, 8, 10, 0, 2, 3, 1, 11, 6, 6, 11, 0, 1, 3, 2, 8, 2, 1, 3, 5, 5, 2, 4, 1, 8, 9, 5, 0, 0, 2, 7, 10, 8, 0, 2, 4, 2, 1, 10, 4, 12, 9, 0, 5, 7, 1, 4, 1, 0, 7, 13, 2, 3, 3, 10, 5, 2, 6, 7, 11, 2, 4, 4, 0, 4, 5, 7, 1, 1, 0, 6, 3, 0, 0, 3, 4, 0, 2, 3, 2, 0, 2, 6, 0, 0, 2, 1, 5, 1, 0, 7, 6, 4, 7, 1, 2, 1, 2, 5, 1, 0, 5, 2, 3, 1, 7, 3, 5, 0, 6, 0, 10, 3, 2, 0, 6, 6, 9, 0, 8, 1, 4, 7, 0, 6, 4, 0, 0, 3, 7, 5, 2, 5, 2, 11, 5, 0, 4, 8, 4, 9, 3, 1, 7, 5, 1, 4, 3, 0, 10, 8, 0, 2, 3, 7, 6, 7, 6, 3, 1, 0, 2, 4, 0, 5, 4, 0, 0, 0, 0, 4, 2, 3, 2, 5, 1, 3, 9, 3, 3, 5, 6, 1, 4, 2, 0, 1, 8, 3, 6, 0, 10, 0, 6, 4, 0, 10, 0, 6, 4, 0, 5, 2, 1, 2, 4, 0, 0, 3, 2, 3, 1, 6, 1, 0, 3, 1, 0, 2, 9, 0, 1, 2, 3, 1, 0, 0, 2, 2, 6, 0, 3, 2, 4, 7, 5, 4, 1, 0, 1, 0, 5, 8, 0, 1, 0, 2, 5, 8, 5, 3, 7, 4, 6, 1, 2, 1, 4, 5, 9, 6, 0, 0, 8, 0, 6, 11, 3, 0, 1, 8, 7, 1, 3, 8, 2, 4, 8, 3, 4, 0, 1, 8, 0, 3, 5, 2, 4, 0, 6, 0, 5, 5, 0, 1, 1, 5, 2, 0, 5, 7, 1, 5, 2, 2, 7, 1, 3, 2, 0, 2, 11, 10, 6, 5, 5, 2, 0, 2, 0, 4, 0, 2, 10, 1, 1, 0, 3, 4, 3, 1, 7, 6, 4, 5, 4, 1, 5, 9, 0, 4, 3, 7, 1, 0, 3, 0, 0, 2, 2, 5, 7, 5, 4, 0, 2, 0, 0, 7, 11, 1, 4, 3, 0, 2, 0, 7, 9, 6, 8, 4, 6, 0, 3, 3, 4, 1, 0, 9, 4, 5, 0, 7, 7, 0, 3, 5, 4, 2, 2, 1, 3, 2, 2, 10, 3, 5, 4, 6, 3, 10, 8, 3, 0, 10, 1, 6, 4, 0, 8, 1, 6, 1, 5, 9, 0, 0, 8, 5, 0, 4, 6, 0, 1, 0, 4, 3, 2, 9, 2, 0, 4, 2, 3, 6, 0, 4, 3, 4, 0, 5, 0, 2, 4, 4, 6, 0, 3, 1, 5, 3, 0, 6, 0, 1, 5, 1, 1, 0, 2, 7, 2, 5, 4, 5, 2, 0, 2, 0, 0, 2, 3, 3, 3, 1, 10, 1, 4, 8, 7, 6, 0, 1, 2, 0, 2, 4, 5, 6, 2, 4, 0, 0, 2, 4, 7, 0, 1, 0, 3, 4, 1, 6, 3, 7, 5, 3, 6, 0, 3, 0, 7, 0, 3, 4, 0, 2, 5, 7, 1, 3, 8, 2, 4, 3, 1, 4, 0, 4, 0, 0, 5, 3, 2, 0, 3, 6, 6, 0, 4, 3, 1, 6, 0, 1, 3, 7, 2, 0, 2, 0, 6, 4, 0, 0, 4, 5, 4, 1, 2, 5, 1, 6, 5, 0, 3, 0, 1, 5, 8, 0, 2, 4, 0, 3]
convergência = [13, 13, 13, 13, 13, 13, 13, 13, 13, 13, 13, 13, 13, 13, 13, 13, 13, 13, 13, 13, 13, 13, 13, 13, 13, 13, 13, 13, 13, 13, 13, 13, 13, 13, 13, 13, 13, 13, 13, 13, 13, 13, 13, 13, 13, 13, 13, 13, 13, 13, 13, 13, 13, 13, 13, 13, 13, 13, 13, 13, 13, 13, 13, 13, 13, 13, 13, 13, 13, 13, 13, 13, 13, 13, 13, 13, 13, 13, 13, 13, 13, 13, 13, 13, 13, 13, 13, 13, 13, 13, 13, 13, 13, 13, 13, 13, 13, 13, 13, 13, 13, 13, 13, 13, 13, 13, 13, 13, 13, 13, 13, 13, 13, 13, 13, 13, 13, 13, 13, 13, 13, 13, 13, 13]

===== FIM =====
