===== RESULTADO BRKGA L(2,1) =====
Arquivo: /Users/mateuspedrosa/Documents/TCC-II/BRKGA/data/Harwell-Boeing_cleaned/bcsstk12_clean.mtx

----- Execução #1 -----
[INFO] Time limit atingido: 15 minutos. Interrompido no meio de uma geração.
Tempo de execução: 900006ms
Span (lambda): 53
best_order = [1373, 1118, 1277, 719, 347, 668, 1244, 1089, 1001, 705, 443, 571, 1417, 730, 1340, 263, 775, 1126, 1429, 200, 558, 513, 1358, 833, 295, 488, 12, 274, 1211, 892, 536, 1207, 711, 255, 356, 799, 1012, 74, 855, 769, 1362, 455, 428, 622, 4, 1330, 1444, 398, 465, 1355, 890, 669, 1274, 914, 787, 110, 1413, 514, 479, 955, 484, 900, 341, 11, 508, 277, 1339, 589, 531, 435, 1325, 870, 1268, 1290, 1138, 1168, 1220, 343, 406, 1434, 542, 94, 1418, 1002, 299, 1301, 366, 865, 1200, 421, 223, 824, 973, 942, 146, 852, 1306, 684, 1078, 1334, 656, 1059, 1186, 888, 756, 805, 767, 734, 56, 450, 810, 884, 476, 429, 1045, 17, 196, 712, 26, 559, 166, 1247, 53, 773, 1416, 1280, 1414, 932, 62, 593, 238, 368, 1451, 1265, 811, 1031, 1395, 1324, 453, 782, 225, 1433, 392, 894, 919, 537, 276, 1094, 215, 237, 135, 809, 984, 837, 115, 1187, 654, 155, 270, 1032, 157, 475, 1087, 1197, 206, 727, 981, 620, 774, 1201, 152, 1423, 1457, 1440, 143, 563, 1027, 469, 1293, 1107, 1267, 1279, 1177, 339, 376, 187, 448, 262, 485, 1098, 167, 229, 971, 1308, 121, 736, 184, 1058, 681, 512, 160, 1393, 245, 1120, 785, 179, 612, 1110, 781, 883, 413, 32, 1333, 502, 1127, 658, 616, 387, 441, 918, 1070, 660, 211, 1180, 138, 1303, 1050, 873, 309, 216, 1384, 804, 490, 772, 96, 1, 95, 123, 461, 708, 1130, 1075, 149, 248, 268, 1111, 1077, 551, 557, 209, 990, 198, 25, 547, 1222, 325, 1169, 651, 1292, 898, 535, 968, 359, 820, 178, 1145, 1460, 691, 331, 1382, 23, 630, 1015, 150, 148, 615, 798, 51, 611, 1171, 1438, 959, 471, 548, 54, 1315, 1275, 174, 9, 1401, 771, 1034, 1199, 307, 1086, 98, 102, 30, 979, 509, 1047, 566, 1036, 1143, 1260, 842, 633, 687, 718, 253, 1237, 137, 716, 657, 362, 132, 938, 239, 1399, 790, 41, 989, 158, 1336, 1215, 1091, 1456, 1097, 690, 696, 1361, 1198, 1105, 1282, 838, 122, 841, 444, 706, 264, 585, 1029, 72, 715, 323, 572, 1226, 862, 924, 37, 168, 84, 921, 1327, 1148, 1206, 1039, 286, 1104, 916, 680, 464, 260, 717, 722, 1360, 598, 1341, 1305, 64, 994, 950, 369, 389, 1371, 1133, 1080, 539, 673, 606, 335, 738, 61, 71, 1235, 960, 1304, 93, 494, 575, 42, 780, 904, 340, 63, 576, 859, 1053, 120, 456, 97, 1079, 949, 44, 686, 388, 440, 1234, 182, 829, 976, 60, 1396, 1160, 552, 481, 1162, 416, 80, 750, 891, 672, 579, 1284, 1124, 46, 79, 707, 944, 21, 458, 14, 38, 1099, 1314, 319, 699, 835, 278, 901, 1152, 652, 126, 1321, 610, 848, 1258, 258, 412, 604, 393, 49, 288, 279, 568, 1033, 232, 808, 186, 695, 1210, 394, 952, 20, 791, 426, 33, 586, 439, 625, 1189, 289, 1184, 1283, 962, 415, 256, 1108, 6, 1380, 520, 864, 431, 1351, 613, 1458, 1196, 858, 678, 751, 1379, 410, 533, 582, 1038, 1276, 1318, 188, 629, 875, 1449, 703, 207, 546, 1322, 1345, 946, 420, 1369, 844, 139, 499, 55, 1082, 713, 1427, 1287, 853, 819, 849, 261, 530, 877, 83, 1286, 1231, 828, 459, 470, 1203, 760, 90, 300, 882, 382, 964, 739, 998, 1000, 165, 1193, 592, 1469, 1332, 627, 1329, 745, 645, 929, 22, 1188, 779, 7, 1106, 945, 1281, 100, 794, 231, 1121, 363, 698, 637, 644, 570, 1342, 534, 1421, 204, 141, 710, 529, 1144, 1175, 417, 1068, 817, 986, 1390, 372, 134, 284, 1353, 815, 142, 975, 923, 562, 370, 190, 361, 541, 145, 422, 839, 822, 1468, 720, 543, 661, 510, 564, 1085, 991, 1114, 869, 1236, 267, 1028, 1296, 643, 1430, 685, 813, 871, 1445, 1142, 741, 860, 486, 737, 1067, 682, 156, 1096, 1228, 1042, 863, 1266, 1432, 812, 953, 569, 763, 409, 709, 371, 1071, 886, 1452, 902, 492, 140, 1041, 125, 50, 1115, 1136, 749, 911, 948, 75, 358, 191, 619, 584, 653, 1394, 503, 1471, 511, 515, 639, 69, 76, 306, 197, 1182, 373, 913, 729, 725, 29, 275, 1010, 402, 505, 1261, 1248, 1066, 662, 390, 236, 136, 228, 101, 293, 265, 353, 674, 927, 175, 1255, 1003, 1378, 432, 127, 1387, 1102, 109, 1455, 1224, 91, 1153, 1021, 130, 328, 538, 205, 1149, 1139, 78, 1350, 105, 1411, 977, 254, 1271, 423, 189, 1233, 783, 917, 1088, 501, 928, 1419, 68, 1101, 982, 920, 462, 650, 1289, 846, 241, 1407, 281, 1246, 759, 930, 496, 82, 39, 1245, 1026, 802, 1167, 867, 1221, 638, 437, 1310, 540, 3, 1217, 1253, 583, 164, 1076, 1459, 302, 1214, 314, 1441, 365, 257, 518, 549, 1462, 43, 980, 1232, 1014, 632, 1044, 18, 244, 963, 1172, 905, 310, 1170, 391, 66, 222, 1230, 208, 1134, 1363, 163, 1448, 915, 104, 603, 573, 170, 1223, 1428, 621, 933, 577, 940, 936, 1154, 92, 1252, 133, 194, 581, 1052, 519, 766, 1297, 925, 1263, 1181, 411, 792, 282, 1352, 318, 992, 1132, 861, 468, 935, 1356, 118, 326, 770, 521, 550, 560, 903, 1259, 1072, 806, 1408, 1238, 797, 247, 269, 99, 628, 418, 836, 507, 116, 1084, 893, 106, 419, 59, 472, 1209, 587, 504, 1425, 330, 86, 1212, 636, 195, 1158, 1164, 451, 1116, 1364, 1054, 1131, 192, 670, 396, 1062, 758, 1388, 349, 31, 1420, 747, 937, 1023, 1435, 1183, 447, 493, 500, 677, 1374, 1313, 597, 482, 1251, 887, 784, 15, 951, 1240, 1128, 755, 251, 1386, 724, 965, 544, 553, 1092, 939, 1337, 1365, 961, 312, 374, 1316, 757, 497, 1155, 1410, 978, 608, 1377, 147, 857, 169, 1323, 555, 1385, 375, 27, 219, 395, 1391, 357, 478, 176, 466, 1051, 327, 1057, 1073, 1046, 1043, 1447, 854, 834, 972, 912, 250, 5, 1409, 969, 352, 183, 623, 1179, 1113, 999, 1093, 243, 988, 1375, 1090, 985, 1470, 301, 36, 1400, 602, 895, 970, 477, 851, 676, 726, 233, 271, 1065, 1295, 665, 460, 694, 1311, 297, 1129, 714, 601, 227, 1348, 889, 524, 70, 313, 77, 1431, 626, 1467, 1016, 35, 272, 47, 532, 1288, 397, 1219, 234, 1218, 320, 1119, 1095, 1302, 24, 1307, 203, 554, 1383, 1464, 1063, 285, 1123, 1024, 525, 689, 966, 1005, 348, 578, 793, 52, 600, 1403, 65, 212, 599, 303, 675, 764, 273, 210, 172, 113, 872, 1328, 700, 803, 1074, 1309, 144, 1291, 408, 344, 246, 1338, 748, 367, 1463, 337, 768, 1141, 1161, 407, 1298, 1368, 1009, 885, 1022, 1436, 1412, 193, 364, 832, 1229, 1239, 221, 124, 1174, 1216, 162, 899, 404, 1406, 1103, 1450, 1151, 609, 1357, 987, 1465, 1185, 298, 214, 565, 728, 1083, 317, 1163, 1398, 324, 467, 1137, 1354, 735, 1117, 1208, 213, 235, 151, 556, 114, 506, 1125, 342, 1343, 128, 807, 618, 993, 881, 34, 880, 1426, 1037, 941, 304, 1439, 1264, 746, 446, 580, 401, 473, 614, 1006, 818, 45, 345, 778, 1443, 10, 322, 693, 671, 517, 1190, 816, 315, 48, 180, 821, 230, 647, 596, 434, 336, 1178, 427, 294, 332, 1344, 442, 1367, 177, 1227, 908, 588, 0, 617, 400, 1272, 292, 1389, 202, 311, 346, 879, 642, 452, 403, 697, 1194, 161, 355, 634, 723, 659, 1157, 523, 1256, 119, 240, 378, 1030, 754, 129, 1135, 242, 1442, 922, 436, 217, 1025, 1372, 957, 574, 732, 13, 666, 1273, 907, 624, 956, 414, 333, 16, 1205, 931, 430, 185, 590, 788, 296, 753, 1122, 679, 249, 117, 826, 1317, 1250, 909, 743, 1017, 1069, 1004, 1019, 1140, 1191, 252, 1359, 1349, 1370, 498, 594, 1381, 1173, 847, 1242, 224, 789, 868, 173, 181, 866, 1269, 1461, 454, 1048, 457, 1376, 259, 845, 1081, 910, 445, 1192, 1392, 73, 640, 762, 85, 19, 107, 112, 1225, 522, 1347, 1061, 850, 954, 1397, 386, 1166, 329, 786, 489, 483, 796, 199, 380, 1454, 1109, 1147, 305, 777, 1278, 591, 801, 463, 641, 776, 218, 958, 545, 111, 338, 947, 425, 89, 87, 171, 487, 1035, 379, 438, 81, 1204, 567, 1270, 649, 1320, 1018, 1405, 1243, 1040, 827, 814, 897, 1300, 561, 843, 308, 334, 1008, 1241, 57, 491, 1020, 742, 733, 997, 983, 58, 153, 663, 88, 220, 383, 1466, 1056, 1437, 1049, 360, 906, 1007, 381, 856, 1202, 974, 159, 1472, 1422, 831, 646, 667, 721, 595, 154, 943, 280, 878, 1319, 321, 1331, 377, 449, 664, 354, 702, 8, 526, 1299, 995, 795, 800, 1326, 131, 996, 226, 40, 1100, 1424, 266, 1249, 399, 1366, 934, 1112, 1446, 744, 1150, 926, 731, 1415, 1404, 1156, 761, 1146, 740, 704, 1064, 516, 1055, 385, 1176, 1402, 683, 405, 1312, 655, 350, 825, 876, 2, 896, 635, 424, 67, 830, 1262, 474, 316, 840, 765, 1257, 605, 1213, 1254, 283, 1165, 1159, 28, 1285, 1013, 384, 1453, 1011, 480, 291, 631, 108, 290, 967, 1294, 823, 103, 607, 495, 433, 527, 692, 1060, 528, 752, 874, 1335, 287, 351, 1346, 701, 1195, 648, 688, 201]
labeling = [19, 9, 33, 24, 1, 27, 4, 0, 4, 10, 36, 3, 0, 14, 6, 29, 38, 2, 19, 35, 5, 9, 15, 7, 21, 4, 2, 18, 36, 16, 3, 5, 1, 17, 39, 28, 37, 6, 15, 26, 40, 4, 8, 28, 16, 33, 11, 0, 35, 18, 22, 11, 30, 7, 13, 22, 5, 28, 34, 2, 20, 16, 8, 18, 12, 33, 26, 48, 24, 22, 32, 13, 11, 43, 0, 23, 25, 34, 31, 14, 8, 45, 26, 20, 12, 42, 35, 46, 48, 44, 21, 30, 32, 14, 0, 10, 3, 5, 4, 31, 20, 24, 15, 44, 18, 26, 32, 41, 40, 17, 0, 47, 43, 35, 40, 4, 31, 45, 28, 42, 16, 3, 8, 6, 37, 20, 17, 27, 39, 47, 29, 53, 10, 33, 22, 0, 24, 2, 9, 19, 27, 23, 25, 7, 39, 17, 2, 19, 9, 2, 12, 34, 6, 36, 38, 1, 23, 6, 10, 19, 9, 4, 37, 29, 21, 9, 0, 7, 14, 25, 23, 51, 35, 49, 10, 12, 30, 41, 4, 2, 44, 51, 13, 36, 7, 49, 15, 5, 17, 31, 13, 29, 36, 41, 33, 28, 4, 15, 1, 29, 0, 42, 37, 22, 20, 25, 3, 16, 27, 8, 13, 11, 2, 39, 33, 2, 11, 44, 46, 32, 53, 38, 21, 5, 47, 7, 54, 33, 24, 0, 46, 21, 19, 31, 38, 42, 23, 3, 1, 11, 45, 21, 47, 38, 26, 8, 24, 20, 10, 14, 11, 3, 32, 13, 18, 0, 14, 22, 18, 30, 12, 7, 4, 0, 5, 24, 42, 19, 13, 28, 8, 16, 36, 27, 1, 18, 9, 3, 15, 17, 48, 26, 28, 52, 8, 40, 6, 54, 14, 16, 27, 52, 43, 18, 34, 0, 40, 16, 30, 2, 3, 5, 1, 6, 27, 35, 21, 15, 35, 10, 26, 40, 30, 34, 23, 43, 51, 41, 20, 6, 37, 50, 13, 12, 36, 2, 30, 34, 20, 49, 25, 9, 37, 46, 50, 5, 22, 12, 36, 6, 17, 2, 37, 4, 32, 12, 45, 0, 39, 2, 49, 54, 33, 24, 47, 44, 0, 32, 18, 5, 45, 15, 11, 13, 41, 29, 1, 32, 3, 10, 24, 28, 5, 15, 20, 23, 8, 44, 0, 28, 2, 42, 19, 39, 50, 47, 24, 7, 14, 9, 22, 27, 5, 16, 19, 29, 28, 35, 3, 53, 42, 38, 22, 48, 27, 54, 6, 35, 39, 26, 21, 30, 18, 7, 41, 20, 16, 9, 15, 4, 11, 5, 13, 18, 37, 35, 13, 26, 1, 3, 16, 0, 21, 36, 34, 3, 30, 28, 35, 20, 18, 11, 38, 1, 8, 43, 40, 31, 10, 6, 7, 14, 46, 9, 50, 2, 17, 52, 19, 23, 37, 12, 33, 43, 14, 2, 35, 38, 17, 3, 1, 8, 22, 32, 41, 9, 7, 31, 29, 4, 40, 10, 4, 38, 6, 11, 25, 43, 0, 41, 13, 45, 26, 32, 15, 48, 24, 36, 18, 17, 33, 26, 0, 21, 36, 24, 44, 34, 5, 15, 25, 29, 10, 0, 4, 31, 48, 40, 24, 12, 6, 3, 44, 42, 28, 33, 39, 43, 46, 24, 20, 0, 27, 1, 22, 14, 2, 9, 27, 16, 29, 23, 7, 21, 34, 50, 12, 2, 5, 28, 30, 3, 13, 38, 29, 40, 42, 11, 1, 3, 32, 45, 22, 8, 27, 36, 16, 46, 18, 21, 15, 1, 0, 26, 30, 10, 5, 26, 30, 8, 36, 28, 15, 17, 3, 12, 18, 32, 37, 5, 40, 47, 3, 1, 44, 53, 39, 14, 9, 37, 43, 41, 35, 22, 20, 50, 16, 52, 27, 35, 18, 14, 6, 20, 38, 13, 11, 41, 34, 23, 7, 20, 3, 4, 39, 2, 32, 16, 19, 10, 3, 42, 23, 1, 6, 0, 34, 21, 25, 30, 45, 49, 42, 24, 19, 17, 51, 32, 55, 49, 26, 6, 18, 24, 4, 47, 0, 12, 7, 31, 9, 23, 25, 47, 51, 30, 43, 49, 0, 5, 29, 37, 12, 9, 1, 19, 17, 14, 13, 39, 11, 6, 27, 54, 4, 22, 15, 0, 57, 36, 10, 8, 34, 40, 30, 13, 15, 36, 21, 17, 34, 49, 45, 19, 53, 2, 4, 15, 8, 24, 21, 2, 8, 13, 32, 19, 11, 7, 5, 0, 25, 47, 21, 42, 31, 5, 36, 11, 38, 21, 2, 51, 39, 47, 5, 37, 3, 27, 9, 12, 54, 26, 51, 47, 57, 4, 44, 33, 42, 21, 17, 19, 50, 41, 35, 31, 0, 22, 4, 25, 20, 33, 35, 24, 26, 43, 28, 6, 14, 1, 3, 17, 15, 9, 13, 1, 44, 46, 27, 24, 17, 14, 7, 30, 32, 10, 45, 1, 42, 43, 6, 18, 30, 32, 23, 53, 49, 8, 10, 0, 55, 45, 26, 38, 12, 8, 29, 30, 13, 1, 5, 10, 23, 22, 38, 18, 33, 20, 30, 16, 10, 5, 23, 49, 4, 39, 35, 37, 22, 19, 48, 43, 40, 0, 34, 20, 28, 8, 13, 22, 50, 15, 11, 38, 20, 34, 13, 40, 5, 3, 43, 36, 6, 16, 34, 2, 47, 32, 18, 15, 3, 27, 14, 21, 8, 3, 11, 27, 36, 25, 2, 13, 2, 7, 45, 12, 41, 16, 31, 33, 29, 26, 15, 9, 4, 38, 25, 31, 5, 36, 3, 17, 0, 24, 2, 26, 44, 41, 9, 36, 1, 18, 29, 33, 12, 31, 52, 43, 41, 46, 48, 23, 38, 25, 2, 32, 11, 27, 5, 3, 29, 13, 39, 22, 11, 33, 48, 26, 28, 17, 15, 28, 0, 17, 43, 30, 5, 7, 0, 32, 24, 38, 3, 46, 16, 26, 20, 49, 28, 14, 9, 35, 17, 19, 50, 4, 44, 42, 52, 7, 16, 37, 18, 31, 20, 35, 44, 57, 7, 36, 38, 5, 30, 0, 34, 9, 7, 0, 18, 6, 15, 6, 20, 37, 2, 35, 13, 26, 22, 2, 8, 21, 27, 42, 6, 53, 55, 51, 22, 39, 24, 0, 6, 30, 47, 10, 13, 56, 54, 40, 24, 46, 1, 12, 25, 10, 41, 47, 53, 51, 55, 16, 40, 24, 32, 42, 13, 4, 4, 11, 27, 3, 4, 16, 9, 47, 11, 44, 18, 10, 4, 25, 23, 39, 15, 1, 37, 10, 45, 48, 8, 36, 32, 16, 34, 41, 49, 26, 2, 3, 32, 22, 27, 43, 48, 39, 23, 21, 13, 49, 3, 22, 26, 29, 37, 8, 20, 10, 2, 2, 14, 35, 17, 36, 33, 19, 14, 7, 31, 0, 28, 0, 34, 41, 5, 43, 28, 19, 3, 13, 50, 25, 18, 38, 14, 12, 21, 5, 19, 44, 7, 9, 36, 29, 14, 16, 33, 45, 0, 36, 5, 17, 46, 34, 15, 41, 0, 6, 28, 30, 0, 25, 23, 12, 27, 42, 21, 38, 2, 29, 20, 3, 3, 17, 26, 12, 55, 46, 22, 30, 53, 35, 7, 23, 27, 33, 47, 40, 30, 54, 17, 38, 11, 42, 31, 52, 47, 24, 2, 8, 30, 12, 28, 48, 38, 19, 52, 4, 43, 24, 7, 3, 18, 27, 16, 15, 4, 6, 10, 8, 35, 16, 22, 1, 40, 44, 24, 9, 20, 15, 0, 11, 51, 16, 45, 37, 4, 2, 10, 24, 20, 0, 28, 50, 22, 6, 40, 18, 37, 35, 4, 26, 10, 32, 21, 50, 14, 33, 11, 31, 20, 9, 1, 13, 8, 2, 18, 13, 28, 34, 32, 36, 41, 49, 3, 31, 25, 6, 29, 52, 39, 36, 34, 32, 53, 26, 44, 48, 1, 33, 15, 20, 46, 29, 39, 7, 17, 3, 1, 25, 42, 2, 30, 38, 5, 14, 22, 1, 46, 12, 8, 27, 15, 21, 19, 47, 23, 8, 38, 30, 3, 42, 13, 9, 51, 27, 12, 22, 25, 36, 34, 5, 18, 9, 14, 12, 6, 20, 1, 17, 4, 35, 44, 15, 9, 7, 17, 43, 20, 50, 48, 18, 24, 33, 10, 4, 49, 17, 40, 25, 0, 45, 18, 11, 5, 49, 16, 37, 43, 2, 0, 8, 18, 30, 32, 13, 44, 21, 16, 2, 9, 7, 15, 16, 22, 4, 27, 37, 0, 30, 10, 2, 3, 23, 29, 33, 52, 40, 28, 26, 45, 16, 41, 0, 13, 35, 44, 31, 29, 22, 20, 34, 14, 41, 7, 39, 35, 28, 31, 46, 14, 40, 48, 6, 24, 3, 11, 37, 28, 2, 0, 1, 39, 27, 48, 46, 29, 21, 25, 31, 28, 19, 39, 4, 9, 41, 7, 0, 0, 17, 24, 11, 29, 1, 31, 17, 19, 14, 6, 0, 0, 21, 9, 5, 1, 3, 18, 36, 11, 13, 6, 17, 23, 21, 1, 12, 27, 14, 10, 9, 19, 7, 12, 35, 32, 14, 8, 4, 10, 17, 0, 35, 23, 33, 26, 30, 37, 20, 12, 2, 13, 1, 22]
convergência = [55, 55, 55, 54, 54, 54, 54, 54, 54, 54, 54, 54, 54, 54, 54, 54, 54, 54, 54, 54, 54, 54, 54, 54, 54, 54, 54, 54, 54, 54, 54, 54, 54, 54, 54, 54, 54, 54, 54, 54, 54, 54, 54, 54, 54, 54, 54, 54, 54, 54, 54, 54, 54, 54, 54, 54, 54, 54, 54, 54, 54, 54, 54, 54, 54, 54, 54, 54, 54, 54, 54, 53, 53, 53, 53, 53, 53, 53, 53, 53, 53, 53, 53, 53, 53, 53, 53, 53, 53, 53, 53, 53, 53, 53, 53, 53, 53, 53]

===== FIM =====
