===== RESULTADO BRKGA L(2,1) =====
Arquivo: /Users/mateuspedrosa/Documents/TCC-II/BRKGA/data/Harwell-Boeing_cleaned/bcsstm07_clean.mtx

----- Execução #1 -----
[INFO] Parou por estagnação.
Tempo de execução: 281853ms
Span (lambda): 40
best_order = [213, 389, 234, 193, 143, 123, 407, 402, 279, 3, 385, 320, 10, 273, 59, 98, 258, 214, 111, 399, 119, 133, 45, 101, 375, 83, 280, 349, 167, 302, 46, 1, 79, 262, 296, 53, 58, 361, 379, 395, 360, 356, 245, 5, 147, 180, 104, 141, 306, 198, 117, 331, 327, 197, 81, 25, 284, 194, 314, 188, 109, 374, 261, 129, 32, 54, 319, 204, 56, 355, 364, 136, 85, 145, 377, 121, 300, 36, 108, 161, 96, 230, 323, 97, 51, 55, 275, 240, 215, 419, 100, 72, 107, 370, 326, 351, 212, 400, 173, 176, 322, 337, 183, 358, 348, 365, 134, 153, 2, 124, 158, 52, 366, 82, 376, 293, 294, 88, 120, 86, 39, 89, 155, 344, 47, 415, 49, 26, 92, 166, 221, 146, 110, 102, 268, 16, 260, 142, 242, 75, 232, 305, 412, 50, 9, 318, 144, 227, 90, 21, 67, 226, 354, 184, 138, 112, 391, 61, 68, 347, 211, 220, 237, 199, 292, 403, 175, 115, 20, 195, 373, 357, 80, 63, 223, 24, 238, 156, 0, 6, 181, 217, 295, 174, 367, 91, 313, 288, 202, 208, 57, 192, 105, 414, 372, 187, 168, 127, 386, 267, 11, 31, 152, 248, 408, 74, 334, 241, 137, 378, 368, 335, 263, 71, 70, 66, 283, 387, 359, 131, 317, 286, 87, 69, 271, 177, 18, 416, 30, 410, 353, 328, 196, 342, 298, 106, 311, 316, 182, 233, 19, 246, 140, 154, 396, 330, 380, 272, 93, 163, 274, 34, 343, 229, 99, 249, 270, 289, 139, 209, 12, 157, 185, 200, 405, 65, 41, 203, 28, 179, 264, 312, 397, 43, 122, 340, 309, 219, 191, 189, 321, 243, 42, 381, 8, 417, 324, 409, 94, 33, 332, 392, 170, 333, 13, 251, 235, 255, 282, 165, 95, 346, 371, 287, 225, 304, 206, 40, 228, 128, 76, 231, 29, 384, 278, 269, 401, 44, 325, 259, 254, 339, 114, 60, 149, 307, 178, 132, 413, 164, 222, 210, 310, 15, 224, 418, 250, 207, 393, 37, 7, 113, 160, 303, 84, 4, 159, 201, 169, 329, 14, 362, 35, 253, 48, 205, 62, 190, 17, 352, 299, 265, 266, 247, 236, 406, 345, 125, 281, 73, 256, 216, 186, 308, 388, 252, 363, 244, 118, 301, 116, 239, 315, 78, 151, 277, 135, 64, 103, 390, 398, 285, 383, 297, 341, 126, 130, 350, 290, 77, 172, 150, 218, 162, 411, 382, 23, 291, 148, 38, 369, 394, 27, 404, 338, 171, 276, 22, 336, 257]
labeling = [3, 3, 1, 0, 32, 7, 24, 27, 30, 13, 1, 22, 28, 25, 33, 31, 4, 39, 19, 29, 11, 8, 38, 36, 17, 0, 5, 40, 6, 32, 12, 4, 2, 18, 15, 25, 7, 23, 28, 0, 0, 0, 12, 1, 25, 4, 2, 19, 34, 15, 21, 16, 20, 6, 8, 18, 10, 26, 7, 2, 35, 24, 37, 20, 23, 33, 28, 10, 14, 30, 26, 24, 9, 27, 22, 11, 20, 37, 35, 5, 13, 2, 0, 0, 31, 1, 6, 29, 9, 11, 23, 26, 17, 27, 36, 38, 14, 12, 3, 32, 15, 5, 21, 40, 9, 25, 31, 16, 12, 4, 18, 1, 7, 36, 34, 19, 38, 6, 29, 3, 14, 8, 17, 0, 0, 2, 18, 2, 16, 5, 39, 20, 32, 0, 13, 34, 7, 28, 25, 33, 30, 11, 19, 0, 23, 13, 17, 2, 39, 35, 37, 22, 27, 5, 11, 15, 21, 28, 13, 23, 27, 10, 31, 12, 25, 2, 0, 0, 3, 18, 6, 40, 24, 8, 12, 15, 10, 22, 37, 35, 1, 21, 26, 14, 10, 31, 38, 24, 3, 33, 32, 29, 20, 1, 8, 16, 24, 6, 4, 17, 26, 32, 7, 22, 1, 34, 30, 9, 0, 5, 14, 11, 6, 0, 2, 4, 33, 17, 38, 13, 16, 9, 29, 19, 23, 17, 18, 15, 27, 28, 6, 22, 11, 25, 0, 13, 34, 14, 19, 38, 9, 21, 12, 27, 13, 3, 20, 11, 18, 0, 0, 2, 12, 3, 9, 15, 25, 30, 1, 20, 7, 5, 3, 11, 22, 31, 36, 20, 12, 33, 14, 2, 26, 3, 4, 7, 24, 37, 31, 1, 2, 36, 29, 23, 5, 17, 15, 33, 10, 25, 39, 6, 0, 0, 8, 10, 2, 32, 14, 23, 6, 28, 0, 29, 21, 13, 4, 24, 34, 27, 30, 19, 25, 17, 9, 38, 28, 22, 16, 10, 0, 30, 9, 11, 32, 34, 13, 6, 12, 35, 26, 4, 28, 3, 0, 0, 21, 3, 5, 26, 16, 35, 18, 9, 12, 31, 8, 15, 10, 2, 37, 3, 32, 23, 5, 11, 1, 20, 14, 26, 8, 6, 33, 37, 3, 15, 17, 19, 24, 40, 8, 31, 21, 16, 2, 0, 0, 5, 2, 3, 2, 20, 7, 29, 24, 1, 4, 17, 19, 0, 33, 6, 22, 28, 21, 7, 13, 16, 35, 4, 12, 31, 2, 18, 39, 29, 7, 0, 22, 5, 27, 36, 13, 33, 18, 10, 25, 1, 1, 1]
convergência = [43, 43, 42, 42, 42, 42, 42, 42, 42, 41, 41, 41, 41, 41, 41, 41, 41, 41, 41, 41, 41, 41, 41, 41, 41, 41, 41, 41, 41, 41, 41, 41, 41, 41, 41, 41, 41, 41, 41, 41, 41, 41, 41, 41, 41, 41, 41, 41, 41, 41, 41, 41, 41, 41, 41, 41, 41, 40, 40, 40, 40, 40, 40, 40, 40, 40, 40, 40, 40, 40, 40, 40, 40, 40, 40, 40, 40, 40, 40, 40, 40, 40, 40, 40, 40, 40, 40, 40, 40, 40, 40, 40, 40, 40, 40, 40, 40, 40, 40, 40, 40, 40, 40, 40, 40, 40, 40, 40, 40, 40, 40, 40, 40, 40, 40, 40, 40, 40, 40, 40, 40, 40, 40, 40, 40, 40, 40, 40, 40, 40, 40, 40, 40, 40, 40, 40, 40, 40, 40, 40, 40, 40, 40, 40, 40, 40, 40, 40, 40, 40, 40, 40, 40, 40, 40, 40, 40, 40, 40, 40, 40, 40, 40, 40, 40, 40, 40, 40, 40, 40, 40, 40, 40, 40, 40, 40, 40, 40, 40, 40, 40]

===== FIM =====
