===== RESULTADO BRKGA L(2,1) =====
Arquivo: /Users/mateuspedrosa/Documents/TCC-II/BRKGA/data/Harwell-Boeing_cleaned/bcsstk05_clean.mtx

----- Execução #1 -----
[INFO] Parou por estagnação.
Tempo de execução: 78697ms
Span (lambda): 35
best_order = [3, 111, 20, 104, 92, 86, 103, 88, 45, 137, 39, 1, 16, 26, 121, 99, 84, 31, 71, 11, 7, 12, 0, 112, 21, 51, 110, 5, 116, 81, 117, 96, 24, 83, 54, 6, 65, 35, 106, 4, 15, 147, 138, 44, 151, 132, 9, 126, 115, 107, 109, 30, 14, 22, 131, 123, 144, 17, 41, 146, 100, 139, 90, 91, 134, 69, 34, 56, 61, 94, 98, 133, 23, 10, 129, 105, 46, 28, 19, 57, 75, 89, 70, 119, 47, 50, 40, 48, 108, 52, 33, 72, 42, 32, 18, 102, 67, 85, 113, 59, 82, 142, 118, 79, 124, 127, 8, 49, 150, 63, 27, 64, 37, 60, 2, 13, 76, 152, 36, 130, 66, 29, 122, 25, 73, 128, 38, 68, 140, 80, 78, 135, 87, 74, 149, 58, 55, 62, 143, 93, 136, 95, 125, 101, 97, 148, 53, 43, 114, 77, 141, 120, 145]
labeling = [10, 4, 25, 0, 13, 8, 12, 7, 19, 15, 17, 6, 8, 18, 0, 14, 1, 16, 23, 21, 2, 3, 13, 11, 9, 26, 3, 27, 19, 24, 12, 5, 15, 18, 9, 8, 24, 20, 22, 1, 22, 7, 15, 5, 11, 0, 10, 13, 14, 25, 16, 4, 10, 12, 0, 30, 2, 3, 32, 18, 21, 6, 31, 17, 8, 2, 7, 23, 29, 13, 15, 5, 16, 6, 26, 12, 27, 35, 30, 24, 0, 9, 27, 11, 3, 25, 1, 22, 8, 20, 14, 19, 4, 31, 21, 33, 14, 34, 18, 10, 17, 32, 25, 6, 2, 23, 10, 16, 24, 7, 5, 0, 12, 21, 35, 15, 13, 0, 26, 20, 35, 3, 30, 9, 19, 28, 7, 27, 29, 18, 28, 8, 6, 17, 14, 25, 32, 1, 2, 11, 31, 33, 22, 24, 10, 34, 12, 4, 23, 21, 13, 5, 15]
convergência = [38, 38, 38, 38, 38, 38, 37, 37, 37, 37, 37, 37, 37, 37, 37, 37, 37, 37, 37, 36, 36, 36, 36, 36, 36, 36, 36, 36, 36, 36, 36, 36, 36, 36, 36, 36, 36, 36, 36, 36, 36, 36, 36, 36, 36, 36, 36, 35, 35, 35, 35, 35, 35, 35, 35, 35, 35, 35, 35, 35, 35, 35, 35, 35, 35, 35, 35, 35, 35, 35, 35, 35, 35, 35, 35, 35, 35, 35, 35, 35, 35, 35, 35, 35, 35, 35, 35, 35, 35, 35, 35, 35, 35, 35, 35, 35, 35, 35, 35, 35, 35, 35, 35, 35, 35, 35, 35, 35, 35, 35, 35, 35, 35, 35, 35, 35, 35, 35, 35, 35, 35, 35, 35, 35, 35, 35, 35, 35, 35, 35, 35, 35, 35, 35, 35, 35, 35, 35, 35, 35, 35, 35, 35, 35, 35, 35, 35, 35, 35, 35, 35, 35, 35, 35, 35, 35, 35, 35, 35, 35, 35, 35, 35, 35, 35, 35, 35, 35, 35, 35, 35]

===== FIM =====
