===== RESULTADO BRKGA L(2,1) =====
Arquivo: /Users/mateuspedrosa/Documents/TCC-II/BRKGA/data/Harwell-Boeing_cleaned/bcsstk22_clean.mtx

----- Execução #1 -----
[INFO] Parou por estagnação.
Tempo de execução: 7242ms
Span (lambda): 11
best_order = [55, 2, 122, 70, 24, 48, 39, 109, 98, 97, 12, 113, 27, 75, 92, 64, 9, 89, 68, 88, 74, 136, 60, 11, 40, 114, 51, 77, 65, 90, 52, 72, 0, 43, 87, 104, 125, 1, 105, 111, 135, 76, 119, 108, 37, 79, 115, 47, 10, 81, 129, 14, 71, 36, 91, 100, 6, 130, 53, 67, 128, 66, 22, 86, 131, 95, 28, 123, 103, 15, 54, 34, 38, 85, 96, 112, 20, 32, 31, 63, 35, 134, 84, 107, 80, 58, 44, 137, 19, 13, 78, 16, 127, 94, 62, 132, 133, 21, 102, 29, 121, 50, 61, 83, 59, 82, 42, 99, 69, 45, 118, 116, 106, 3, 57, 8, 46, 26, 33, 41, 7, 56, 49, 126, 30, 124, 117, 18, 93, 73, 110, 17, 101, 25, 4, 120, 5, 23]
labeling = [2, 0, 0, 6, 8, 11, 1, 8, 7, 1, 5, 4, 0, 6, 2, 0, 8, 10, 4, 7, 3, 4, 2, 10, 0, 8, 5, 0, 1, 3, 3, 9, 7, 2, 0, 0, 4, 4, 6, 0, 3, 9, 2, 2, 6, 4, 11, 4, 0, 1, 9, 2, 3, 7, 4, 0, 11, 6, 2, 6, 0, 10, 8, 2, 1, 5, 11, 9, 3, 4, 0, 7, 2, 10, 2, 0, 6, 4, 4, 8, 1, 1, 5, 3, 3, 7, 0, 6, 4, 2, 2, 5, 1, 5, 8, 7, 0, 2, 0, 4, 4, 10, 2, 6, 1, 0, 11, 3, 3, 0, 5, 1, 8, 2, 0, 2, 7, 2, 10, 4, 5, 6, 0, 0, 11, 3, 4, 9, 5, 1, 2, 7, 3, 10, 4, 0, 1, 6]
convergência = [12, 12, 12, 12, 12, 12, 12, 12, 12, 12, 12, 12, 12, 12, 12, 12, 12, 12, 12, 12, 12, 12, 12, 12, 12, 12, 12, 12, 12, 12, 12, 12, 11, 11, 11, 11, 11, 11, 11, 11, 11, 11, 11, 11, 11, 11, 11, 11, 11, 11, 11, 11, 11, 11, 11, 11, 11, 11, 11, 11, 11, 11, 11, 11, 11, 11, 11, 11, 11, 11, 11, 11, 11, 11, 11, 11, 11, 11, 11, 11, 11, 11, 11, 11, 11, 11, 11, 11, 11, 11, 11, 11, 11, 11, 11, 11, 11, 11, 11, 11, 11, 11, 11, 11, 11, 11, 11, 11, 11, 11, 11, 11, 11, 11, 11, 11, 11, 11, 11, 11, 11, 11, 11, 11, 11, 11, 11, 11, 11, 11, 11, 11, 11, 11, 11, 11, 11, 11, 11, 11, 11, 11, 11, 11, 11, 11, 11, 11, 11, 11, 11, 11, 11, 11, 11, 11]

===== FIM =====
