===== RESULTADO BRKGA L(2,1) =====
Arquivo: /Users/mateuspedrosa/Documents/TCC-II/BRKGA/data/Harwell-Boeing_cleaned/bcsstm27_clean.mtx

----- Execução #1 -----
[INFO] Time limit atingido: 15 minutos. Interrompido no meio de uma geração.
Tempo de execução: 900021ms
Span (lambda): 92
best_order = [633, 376, 1079, 603, 1036, 289, 224, 378, 1015, 346, 861, 188, 860, 282, 502, 826, 315, 146, 783, 24, 646, 1106, 984, 343, 695, 274, 327, 561, 300, 1159, 109, 650, 397, 275, 875, 534, 28, 45, 776, 858, 382, 359, 852, 173, 605, 758, 1019, 724, 1115, 347, 947, 557, 57, 617, 250, 140, 810, 1017, 1171, 471, 1191, 1056, 1096, 886, 116, 369, 281, 641, 1007, 989, 591, 1016, 1018, 579, 22, 756, 955, 1203, 248, 813, 170, 222, 1062, 636, 1173, 635, 519, 228, 517, 1059, 29, 105, 410, 436, 312, 30, 814, 357, 196, 1124, 574, 1109, 509, 942, 628, 1127, 64, 415, 869, 1192, 700, 821, 694, 725, 227, 54, 709, 93, 323, 1076, 12, 1034, 693, 900, 577, 133, 5, 564, 1008, 1023, 111, 83, 333, 277, 824, 124, 384, 1060, 1050, 1006, 244, 685, 501, 235, 257, 1189, 818, 404, 295, 841, 403, 208, 1220, 543, 828, 1167, 1038, 952, 611, 71, 56, 127, 835, 158, 923, 3, 67, 648, 916, 702, 950, 447, 740, 829, 854, 1223, 996, 233, 1217, 352, 644, 7, 332, 428, 1149, 978, 464, 779, 365, 472, 899, 616, 1021, 1181, 94, 1201, 395, 279, 774, 390, 1000, 992, 364, 1165, 420, 4, 638, 961, 494, 243, 154, 518, 253, 1207, 927, 144, 1134, 1003, 1070, 418, 556, 891, 316, 152, 171, 823, 1091, 602, 1039, 653, 699, 877, 753, 935, 749, 720, 784, 819, 1081, 1174, 739, 1026, 704, 1138, 656, 349, 49, 682, 684, 689, 374, 1025, 234, 401, 306, 1130, 943, 172, 623, 429, 778, 11, 504, 177, 370, 457, 25, 55, 750, 575, 1148, 377, 460, 182, 1077, 907, 794, 48, 163, 433, 473, 97, 368, 294, 70, 1210, 110, 746, 836, 885, 771, 200, 1075, 752, 210, 1027, 305, 1198, 878, 1107, 392, 775, 618, 1147, 69, 512, 1094, 1206, 190, 186, 178, 437, 17, 68, 214, 934, 661, 399, 1216, 431, 147, 895, 772, 717, 451, 957, 730, 735, 601, 576, 552, 803, 676, 344, 706, 129, 811, 949, 971, 1002, 6, 1029, 435, 1097, 964, 567, 263, 84, 456, 497, 569, 1121, 176, 732, 1054, 1219, 542, 608, 1158, 1169, 1212, 1117, 1112, 715, 741, 337, 72, 743, 1120, 125, 933, 202, 264, 1140, 113, 553, 270, 1143, 649, 1221, 896, 805, 1088, 1194, 409, 1041, 166, 271, 373, 288, 815, 421, 615, 925, 713, 572, 882, 180, 211, 463, 1175, 18, 513, 43, 1108, 515, 856, 831, 419, 488, 136, 79, 508, 379, 832, 412, 770, 255, 728, 335, 729, 545, 686, 265, 88, 691, 590, 192, 422, 441, 73, 731, 870, 1084, 334, 117, 398, 485, 99, 148, 131, 225, 103, 932, 487, 284, 106, 217, 153, 1168, 342, 1052, 27, 310, 1154, 1073, 20, 550, 859, 1186, 788, 862, 164, 1172, 588, 559, 1129, 734, 673, 560, 160, 997, 1110, 242, 827, 787, 681, 944, 1049, 296, 928, 302, 231, 291, 278, 91, 890, 521, 320, 1086, 167, 432, 1033, 1162, 918, 230, 44, 619, 627, 1157, 765, 503, 901, 580, 483, 60, 531, 53, 121, 914, 683, 983, 993, 595, 287, 938, 1193, 1214, 687, 1004, 80, 622, 408, 624, 450, 701, 546, 10, 1089, 383, 304, 16, 967, 149, 849, 894, 1046, 883, 14, 678, 297, 609, 677, 843, 751, 452, 356, 245, 440, 1080, 307, 50, 723, 892, 500, 251, 951, 161, 1170, 905, 920, 272, 535, 174, 23, 953, 159, 150, 256, 674, 19, 226, 175, 621, 135, 98, 651, 361, 100, 722, 119, 41, 145, 86, 667, 495, 795, 578, 1035, 444, 988, 430, 389, 489, 189, 321, 664, 480, 959, 47, 1031, 1151, 820, 1176, 632, 185, 87, 134, 40, 872, 1001, 477, 442, 548, 906, 353, 1063, 301, 846, 204, 1028, 985, 216, 38, 363, 375, 75, 1044, 239, 607, 1048, 1152, 679, 995, 223, 1190, 1047, 522, 139, 780, 879, 540, 1111, 213, 642, 675, 549, 1014, 982, 484, 991, 1215, 1024, 994, 718, 754, 791, 1200, 1123, 744, 889, 808, 9, 587, 1137, 902, 273, 796, 283, 987, 1067, 221, 830, 520, 800, 1045, 966, 37, 381, 198, 505, 1142, 181, 1213, 292, 904, 102, 525, 350, 789, 229, 1222, 194, 643, 842, 954, 1133, 1069, 252, 853, 308, 614, 96, 840, 104, 276, 970, 468, 871, 197, 931, 785, 1020, 708, 232, 665, 1, 680, 329, 1053, 115, 260, 169, 293, 427, 1105, 360, 812, 1116, 707, 411, 941, 114, 1114, 138, 81, 1010, 1155, 625, 979, 339, 491, 631, 345, 385, 844, 434, 626, 0, 1090, 193, 341, 405, 736, 470, 909, 1153, 1178, 593, 672, 417, 1209, 240, 652, 469, 867, 1131, 637, 476, 424, 46, 285, 802, 755, 585, 85, 790, 407, 640, 742, 976, 402, 599, 1022, 184, 581, 838, 917, 313, 898, 912, 1083, 66, 570, 847, 143, 766, 74, 354, 1082, 123, 203, 314, 1166, 1064, 873, 268, 59, 592, 1009, 714, 929, 562, 262, 13, 908, 1037, 371, 598, 757, 594, 657, 35, 1087, 372, 465, 1104, 318, 449, 507, 89, 1061, 781, 986, 218, 478, 400, 1139, 658, 629, 63, 238, 973, 924, 95, 851, 767, 613, 769, 659, 990, 391, 806, 309, 330, 511, 604, 974, 666, 712, 205, 634, 142, 948, 303, 798, 727, 1146, 764, 1068, 630, 156, 1099, 537, 201, 980, 168, 526, 467, 479, 1197, 286, 498, 1092, 668, 76, 1032, 965, 881, 782, 897, 455, 763, 1103, 960, 331, 876, 1093, 807, 1071, 340, 267, 326, 1184, 461, 596, 762, 930, 972, 206, 386, 199, 132, 269, 761, 582, 759, 126, 516, 523, 946, 527, 247, 33, 120, 475, 21, 101, 539, 510, 322, 1204, 128, 219, 620, 837, 118, 1005, 855, 799, 1119, 529, 453, 612, 958, 36, 215, 317, 355, 112, 1199, 968, 738, 388, 566, 726, 1085, 817, 1118, 698, 406, 541, 710, 157, 745, 887, 506, 52, 554, 26, 414, 348, 850, 90, 280, 445, 610, 1058, 165, 493, 866, 1196, 977, 848, 1040, 1141, 705, 220, 747, 981, 1188, 130, 963, 324, 825, 162, 544, 913, 647, 183, 777, 380, 15, 773, 1055, 555, 387, 1072, 438, 721, 547, 42, 249, 61, 1102, 254, 937, 319, 266, 660, 655, 692, 600, 92, 82, 290, 797, 956, 884, 822, 670, 413, 108, 809, 459, 880, 426, 1042, 671, 1051, 448, 571, 1182, 107, 874, 325, 1195, 845, 975, 1145, 865, 998, 338, 551, 663, 58, 514, 528, 910, 1136, 893, 654, 439, 716, 1065, 597, 1066, 1179, 1011, 425, 328, 259, 639, 423, 1163, 1098, 443, 1160, 51, 697, 696, 926, 1183, 690, 462, 236, 1187, 919, 195, 261, 768, 532, 237, 903, 366, 78, 801, 945, 911, 939, 558, 187, 1128, 367, 583, 969, 584, 207, 258, 833, 888, 241, 179, 336, 864, 311, 1218, 362, 212, 1122, 839, 816, 1074, 1156, 669, 863, 922, 1095, 1126, 573, 1057, 1144, 1208, 474, 536, 1180, 1150, 940, 1012, 565, 482, 62, 662, 804, 733, 32, 530, 711, 936, 191, 39, 568, 137, 586, 868, 748, 358, 538, 524, 834, 351, 703, 446, 499, 77, 490, 563, 760, 496, 1043, 396, 34, 481, 1078, 393, 416, 1101, 151, 792, 606, 299, 1013, 786, 688, 1211, 589, 394, 466, 8, 1202, 645, 1164, 921, 1125, 737, 141, 454, 962, 1205, 857, 1161, 246, 1185, 31, 999, 458, 1113, 486, 533, 1100, 1177, 1030, 65, 209, 492, 2, 1132, 298, 793, 915, 719, 155, 122, 1135]
labeling = [15, 4, 37, 18, 22, 14, 28, 20, 55, 32, 6, 8, 2, 44, 17, 34, 13, 10, 12, 33, 30, 44, 7, 40, 0, 24, 46, 34, 3, 9, 11, 75, 62, 52, 73, 49, 60, 47, 42, 64, 40, 38, 57, 25, 36, 0, 50, 30, 11, 5, 23, 52, 50, 36, 2, 26, 17, 5, 70, 48, 38, 79, 81, 66, 13, 87, 56, 19, 29, 27, 21, 16, 31, 33, 54, 45, 70, 82, 80, 20, 28, 48, 61, 7, 15, 45, 41, 43, 29, 58, 77, 32, 85, 15, 20, 68, 61, 23, 51, 35, 53, 74, 59, 41, 63, 10, 43, 78, 76, 2, 24, 12, 72, 17, 35, 26, 4, 22, 56, 27, 34, 11, 60, 64, 4, 25, 73, 7, 75, 28, 83, 39, 71, 1, 55, 49, 37, 86, 65, 57, 6, 84, 69, 67, 14, 52, 0, 30, 38, 40, 42, 62, 9, 18, 0, 38, 31, 67, 9, 48, 36, 46, 69, 22, 42, 81, 30, 44, 62, 60, 8, 11, 18, 3, 47, 45, 32, 21, 27, 80, 34, 23, 5, 71, 54, 19, 16, 23, 3, 20, 16, 90, 33, 54, 51, 87, 12, 58, 56, 79, 24, 74, 26, 66, 50, 72, 77, 91, 15, 87, 25, 36, 82, 43, 29, 61, 10, 1, 56, 58, 63, 37, 6, 25, 1, 35, 45, 14, 10, 49, 43, 40, 61, 17, 19, 4, 85, 89, 70, 53, 64, 93, 38, 20, 13, 41, 84, 75, 7, 68, 4, 39, 48, 22, 73, 18, 31, 8, 53, 83, 63, 88, 65, 22, 27, 32, 81, 76, 68, 78, 30, 28, 44, 55, 2, 9, 59, 16, 31, 18, 80, 11, 0, 46, 26, 51, 54, 34, 24, 0, 42, 29, 33, 56, 20, 12, 24, 46, 58, 90, 5, 52, 39, 73, 48, 25, 23, 50, 57, 71, 37, 87, 14, 65, 67, 6, 21, 69, 56, 82, 29, 36, 61, 10, 38, 40, 36, 3, 77, 54, 64, 70, 17, 15, 43, 41, 86, 35, 82, 60, 75, 62, 45, 8, 33, 53, 4, 12, 77, 19, 42, 84, 1, 39, 58, 72, 27, 8, 25, 6, 23, 47, 79, 49, 21, 19, 74, 84, 30, 11, 26, 66, 68, 38, 22, 51, 0, 28, 2, 31, 79, 49, 10, 47, 16, 55, 63, 74, 66, 34, 7, 45, 12, 61, 65, 16, 87, 1, 37, 32, 53, 24, 63, 14, 9, 58, 72, 61, 44, 36, 5, 56, 40, 81, 69, 13, 87, 59, 18, 23, 3, 20, 25, 57, 41, 59, 56, 10, 3, 18, 41, 29, 39, 20, 43, 34, 7, 27, 78, 80, 46, 42, 54, 85, 48, 76, 90, 1, 83, 64, 29, 8, 32, 53, 72, 45, 15, 6, 77, 47, 5, 23, 54, 25, 13, 51, 83, 68, 49, 60, 57, 2, 4, 22, 88, 73, 62, 52, 67, 71, 50, 92, 79, 35, 39, 21, 94, 26, 19, 37, 55, 43, 66, 37, 9, 16, 45, 19, 35, 79, 31, 11, 0, 38, 15, 55, 77, 65, 33, 9, 75, 69, 17, 30, 86, 23, 58, 5, 11, 3, 47, 31, 33, 51, 63, 41, 49, 21, 48, 29, 50, 40, 70, 84, 6, 43, 74, 59, 90, 63, 53, 72, 28, 1, 80, 36, 42, 82, 45, 54, 25, 84, 14, 20, 78, 38, 7, 0, 60, 16, 27, 4, 12, 52, 8, 78, 46, 14, 81, 26, 34, 67, 32, 88, 10, 22, 24, 12, 48, 8, 39, 57, 61, 87, 89, 52, 91, 50, 29, 72, 18, 2, 43, 22, 56, 23, 58, 64, 41, 38, 60, 20, 18, 2, 49, 5, 92, 51, 30, 44, 73, 15, 71, 64, 55, 35, 19, 6, 26, 37, 66, 46, 41, 9, 13, 31, 34, 11, 4, 45, 47, 29, 27, 0, 56, 11, 9, 36, 16, 85, 68, 7, 40, 62, 13, 82, 1, 76, 17, 33, 3, 53, 60, 21, 79, 74, 23, 44, 58, 62, 68, 16, 70, 61, 3, 19, 32, 24, 70, 87, 81, 83, 34, 43, 54, 59, 31, 52, 50, 57, 65, 45, 25, 47, 27, 14, 38, 49, 88, 29, 86, 36, 72, 12, 8, 0, 81, 49, 44, 10, 1, 46, 6, 92, 15, 79, 21, 67, 63, 4, 75, 89, 73, 41, 71, 35, 84, 22, 61, 93, 18, 78, 55, 51, 2, 10, 43, 40, 31, 34, 26, 27, 23, 35, 29, 18, 42, 58, 53, 13, 8, 37, 69, 39, 56, 77, 30, 80, 91, 9, 11, 44, 32, 16, 53, 64, 7, 66, 5, 73, 75, 70, 68, 60, 23, 2, 32, 38, 47, 50, 25, 5, 16, 64, 0, 34, 3, 82, 28, 20, 48, 72, 74, 1, 24, 59, 85, 42, 36, 57, 62, 49, 83, 87, 20, 25, 33, 47, 45, 40, 11, 43, 19, 22, 90, 36, 66, 71, 45, 79, 10, 31, 61, 12, 14, 38, 89, 67, 17, 26, 46, 13, 81, 22, 15, 78, 4, 39, 10, 18, 51, 28, 30, 13, 75, 6, 8, 73, 56, 88, 52, 4, 49, 33, 58, 86, 41, 63, 77, 43, 75, 65, 8, 55, 19, 69, 32, 96, 6, 35, 2, 0, 37, 86, 73, 71, 66, 25, 30, 2, 15, 54, 18, 60, 84, 0, 70, 23, 27, 39, 82, 68, 29, 47, 80, 25, 11, 72, 93, 53, 40, 21, 49, 84, 45, 23, 27, 62, 58, 12, 9, 7, 20, 57, 22, 35, 37, 12, 48, 45, 50, 91, 62, 74, 31, 99, 16, 59, 34, 87, 51, 97, 95, 1, 67, 30, 76, 17, 36, 60, 64, 56, 33, 15, 7, 4, 66, 43, 14, 52, 86, 41, 9, 24, 28, 89, 79, 6, 71, 26, 19, 42, 14, 44, 65, 8, 83, 28, 78, 48, 69, 4, 85, 74, 13, 52, 50, 41, 71, 54, 30, 0, 34, 49, 58, 84, 47, 64, 21, 68, 77, 81, 39, 32, 3, 53, 73, 63, 46, 11, 75, 57, 25, 38, 61, 55, 21, 19, 80, 82, 6, 45, 10, 12, 23, 40, 2, 10, 17, 61, 25, 72, 87, 90, 56, 1, 13, 7, 15, 5, 66, 23, 70, 18, 59, 29, 27, 31, 51, 33, 84, 43, 68, 36, 3, 40, 0, 38, 4, 14, 44, 28, 78, 82, 33, 36, 31, 52, 50, 43, 20, 80, 41, 54, 35, 76, 9, 88, 74, 14, 16, 72, 12, 49, 64, 77, 79, 20, 56, 24, 8, 53, 63, 19, 66, 26, 8, 11, 84, 0, 48, 24, 62, 60, 39, 71, 45, 67, 37, 47, 58, 22, 69, 61, 28, 85, 2, 30, 81, 10, 91, 89, 44, 34, 4, 32, 2, 13, 30, 6, 42, 51, 21, 81, 57, 3, 55, 29, 73, 65, 34, 32, 83, 53, 5, 90, 87, 7, 75, 40, 25, 51, 93, 23, 17, 48, 46, 21, 19, 27, 9, 35, 25, 23, 75, 68, 40, 18, 16, 12, 79, 44, 46, 59, 36, 49, 77, 38, 27, 1, 70, 80, 35, 63, 72, 11, 56, 3, 31, 29, 42, 0, 33, 0, 5, 7, 11, 24, 2, 56, 66, 14, 50, 63, 48, 21, 17, 19, 61, 10, 33, 4, 8, 31, 6, 28, 26, 52, 20, 54, 41, 15, 67, 2, 43, 45, 22, 13, 58, 47, 18, 60, 26, 44, 37, 39, 16, 9, 32, 24, 5, 28, 30, 7]
convergência = [94, 94, 94, 94, 94, 94, 94, 94, 94, 94, 93, 93, 93, 93, 93, 93, 93, 93, 93, 93, 93, 93, 93, 93, 93, 93, 93, 93, 93, 92, 92, 92, 92, 92]

===== FIM =====
