===== RESULTADO BRKGA L(2,1) =====
Arquivo: /Users/mateuspedrosa/Documents/TCC-II/BRKGA/data/Harwell-Boeing_cleaned/bcsstk10_clean.mtx

----- Execução #1 -----
[INFO] Time limit atingido: 15 minutos. Interrompido no meio de uma geração.
Tempo de execução: 900004ms
Span (lambda): 47
best_order = [118, 348, 245, 565, 939, 41, 5, 713, 242, 120, 1000, 510, 912, 217, 907, 772, 895, 700, 1050, 928, 557, 842, 109, 287, 625, 86, 818, 848, 896, 916, 338, 908, 439, 29, 450, 1026, 856, 724, 446, 34, 1065, 809, 831, 924, 997, 185, 122, 1019, 36, 180, 991, 274, 756, 354, 0, 913, 771, 949, 472, 917, 11, 844, 701, 263, 70, 621, 1081, 449, 389, 810, 825, 492, 212, 64, 897, 529, 802, 289, 608, 198, 878, 302, 688, 14, 238, 981, 161, 877, 402, 91, 528, 1042, 560, 345, 805, 430, 99, 775, 588, 1052, 13, 737, 808, 883, 694, 746, 820, 638, 85, 843, 416, 429, 194, 1002, 237, 966, 666, 152, 941, 258, 958, 706, 23, 204, 151, 1073, 523, 710, 96, 892, 884, 871, 281, 542, 559, 626, 938, 859, 681, 962, 571, 867, 343, 32, 163, 661, 572, 894, 270, 748, 985, 349, 327, 779, 511, 1038, 614, 865, 918, 333, 675, 418, 147, 412, 365, 81, 470, 644, 87, 451, 508, 361, 660, 1066, 769, 370, 79, 579, 817, 665, 760, 830, 311, 387, 1069, 513, 22, 893, 331, 671, 650, 940, 593, 43, 622, 116, 705, 172, 419, 950, 788, 277, 187, 1051, 266, 514, 497, 369, 300, 484, 364, 10, 181, 643, 952, 584, 618, 500, 175, 223, 78, 631, 406, 35, 264, 422, 792, 639, 383, 384, 233, 1060, 964, 488, 385, 434, 401, 602, 637, 881, 56, 670, 816, 58, 778, 485, 930, 319, 259, 145, 925, 108, 26, 169, 468, 998, 239, 1011, 989, 914, 105, 718, 971, 735, 97, 733, 752, 992, 1062, 745, 965, 455, 209, 328, 1047, 587, 641, 544, 324, 95, 244, 437, 299, 543, 119, 715, 1013, 668, 367, 703, 658, 254, 504, 124, 296, 738, 685, 813, 595, 200, 395, 574, 396, 88, 283, 487, 305, 314, 812, 647, 888, 234, 1084, 1085, 807, 811, 337, 969, 729, 125, 860, 1074, 596, 762, 845, 682, 102, 114, 615, 562, 709, 427, 160, 725, 380, 503, 554, 630, 201, 168, 144, 301, 561, 131, 232, 1056, 501, 1015, 188, 755, 955, 901, 306, 394, 749, 362, 515, 690, 794, 902, 645, 461, 224, 505, 466, 1035, 1082, 7, 66, 121, 221, 282, 218, 68, 722, 606, 968, 548, 339, 457, 452, 857, 159, 646, 104, 290, 852, 359, 767, 127, 796, 692, 776, 919, 906, 236, 40, 727, 598, 850, 110, 744, 828, 471, 49, 539, 954, 1061, 1054, 864, 599, 742, 516, 932, 442, 911, 829, 698, 57, 702, 192, 403, 292, 758, 90, 649, 1055, 404, 1018, 392, 576, 534, 699, 567, 947, 689, 993, 381, 714, 927, 592, 524, 578, 1006, 400, 195, 98, 325, 106, 388, 885, 246, 613, 604, 861, 520, 1075, 219, 293, 360, 351, 747, 4, 265, 687, 206, 142, 847, 60, 869, 521, 568, 479, 803, 1040, 899, 280, 827, 347, 297, 51, 652, 1, 214, 726, 858, 413, 74, 623, 937, 610, 866, 448, 780, 607, 298, 887, 182, 474, 1008, 213, 103, 174, 222, 814, 761, 89, 900, 1004, 868, 358, 1017, 730, 959, 320, 164, 540, 279, 357, 464, 551, 659, 732, 405, 268, 312, 483, 59, 723, 291, 326, 550, 276, 975, 640, 220, 177, 248, 1058, 139, 996, 806, 123, 601, 552, 1037, 1078, 577, 330, 840, 995, 583, 570, 994, 495, 150, 823, 441, 438, 580, 870, 491, 986, 789, 183, 149, 872, 594, 241, 126, 636, 674, 663, 509, 936, 874, 382, 478, 804, 356, 824, 750, 408, 137, 341, 999, 443, 980, 851, 230, 673, 352, 589, 27, 518, 1045, 942, 787, 684, 934, 669, 143, 134, 20, 987, 957, 17, 736, 611, 757, 76, 336, 83, 935, 340, 522, 909, 854, 197, 862, 69, 65, 791, 573, 1034, 526, 55, 225, 82, 18, 3, 1030, 193, 153, 1036, 653, 315, 793, 712, 704, 815, 469, 581, 475, 176, 374, 156, 556, 346, 155, 1044, 695, 569, 978, 751, 773, 136, 288, 202, 432, 1076, 272, 398, 664, 784, 1077, 445, 53, 1041, 880, 203, 205, 372, 527, 945, 879, 982, 657, 456, 173, 44, 486, 648, 140, 261, 546, 974, 473, 294, 507, 1079, 94, 216, 616, 171, 905, 426, 628, 30, 45, 555, 371, 1048, 275, 988, 759, 785, 977, 739, 627, 1068, 9, 113, 605, 424, 672, 889, 260, 586, 538, 61, 75, 2, 335, 67, 948, 447, 960, 228, 624, 54, 1063, 138, 390, 765, 676, 972, 558, 790, 157, 480, 373, 6, 1043, 210, 21, 832, 531, 1053, 763, 303, 132, 1031, 19, 799, 654, 12, 191, 728, 849, 801, 797, 417, 493, 920, 855, 498, 227, 697, 262, 386, 770, 536, 545, 766, 512, 421, 393, 31, 1001, 317, 179, 436, 148, 951, 530, 667, 208, 321, 1059, 37, 496, 1025, 1020, 409, 564, 898, 1016, 73, 741, 956, 1023, 376, 696, 786, 798, 1005, 16, 477, 77, 839, 50, 961, 863, 229, 329, 257, 453, 490, 247, 984, 307, 720, 783, 38, 1028, 719, 915, 170, 846, 502, 853, 415, 1010, 821, 231, 926, 366, 184, 734, 397, 635, 943, 782, 135, 833, 591, 273, 563, 308, 716, 979, 189, 800, 304, 146, 458, 721, 753, 662, 967, 410, 731, 929, 482, 115, 199, 107, 549, 411, 903, 235, 707, 15, 1067, 158, 72, 990, 196, 679, 597, 620, 428, 1083, 249, 252, 774, 1007, 28, 931, 243, 1064, 1027, 130, 128, 101, 777, 84, 1072, 1070, 547, 970, 499, 342, 910, 822, 112, 1021, 444, 600, 39, 467, 42, 494, 619, 944, 310, 585, 435, 129, 891, 575, 1029, 141, 465, 251, 459, 399, 92, 983, 334, 680, 609, 460, 391, 1012, 838, 764, 255, 285, 781, 711, 226, 215, 525, 154, 677, 923, 886, 632, 33, 882, 708, 642, 318, 541, 633, 355, 489, 431, 612, 363, 476, 344, 24, 1022, 826, 167, 921, 517, 691, 1014, 353, 743, 278, 117, 634, 378, 313, 582, 1032, 267, 133, 462, 973, 111, 836, 322, 165, 8, 686, 873, 683, 440, 834, 946, 754, 71, 922, 463, 1057, 316, 904, 332, 740, 875, 350, 80, 655, 603, 837, 1039, 178, 166, 63, 375, 481, 207, 162, 693, 795, 617, 535, 717, 250, 284, 532, 47, 269, 323, 933, 368, 25, 1046, 407, 876, 240, 52, 454, 841, 1009, 425, 678, 890, 656, 309, 1071, 566, 414, 590, 433, 819, 629, 420, 953, 186, 62, 295, 768, 48, 1024, 1049, 100, 506, 423, 533, 553, 1033, 256, 271, 190, 1003, 1080, 377, 976, 286, 253, 963, 379, 519, 835, 93, 651, 46, 537, 211]
labeling = [1, 12, 14, 8, 10, 0, 11, 16, 19, 5, 11, 5, 9, 9, 7, 3, 4, 2, 5, 13, 24, 26, 3, 3, 15, 41, 6, 22, 23, 0, 27, 38, 8, 17, 2, 14, 3, 40, 13, 20, 18, 0, 26, 0, 11, 15, 34, 28, 27, 10, 29, 20, 37, 18, 21, 32, 15, 18, 7, 12, 25, 34, 47, 26, 4, 30, 23, 36, 6, 15, 6, 45, 32, 18, 8, 21, 12, 24, 6, 4, 35, 5, 23, 16, 25, 9, 2, 13, 9, 14, 28, 7, 42, 22, 19, 20, 11, 17, 10, 1, 48, 43, 9, 12, 3, 1, 4, 27, 8, 1, 11, 46, 26, 20, 11, 38, 16, 44, 0, 2, 0, 24, 4, 17, 5, 22, 31, 26, 24, 31, 41, 13, 39, 20, 14, 25, 18, 16, 24, 5, 31, 40, 21, 18, 13, 19, 36, 14, 27, 7, 29, 12, 10, 21, 33, 35, 33, 37, 29, 8, 5, 3, 44, 2, 4, 21, 28, 0, 10, 3, 33, 7, 1, 22, 16, 3, 27, 25, 35, 25, 6, 17, 23, 19, 23, 1, 42, 15, 6, 26, 46, 30, 7, 16, 0, 9, 24, 14, 1, 26, 9, 11, 18, 20, 6, 30, 20, 39, 28, 2, 32, 45, 8, 17, 15, 34, 26, 4, 11, 13, 20, 11, 18, 3, 9, 2, 27, 22, 18, 24, 15, 26, 0, 9, 14, 36, 13, 5, 4, 12, 41, 28, 2, 30, 8, 0, 16, 37, 20, 22, 40, 31, 29, 18, 5, 8, 33, 6, 5, 11, 29, 21, 31, 0, 7, 24, 10, 38, 21, 33, 7, 43, 33, 24, 1, 35, 25, 9, 32, 14, 19, 3, 13, 7, 25, 21, 36, 1, 20, 3, 6, 19, 16, 17, 23, 40, 14, 27, 19, 15, 12, 20, 1, 6, 27, 15, 22, 39, 17, 29, 42, 5, 11, 12, 4, 7, 23, 17, 26, 8, 9, 11, 37, 30, 13, 23, 30, 3, 9, 25, 32, 8, 46, 3, 22, 37, 29, 18, 0, 10, 31, 27, 44, 2, 21, 0, 14, 2, 0, 5, 44, 18, 25, 28, 2, 42, 34, 28, 18, 16, 26, 0, 21, 20, 7, 4, 41, 13, 26, 5, 6, 35, 33, 19, 14, 24, 16, 40, 19, 31, 1, 16, 20, 10, 12, 14, 38, 10, 14, 4, 36, 45, 24, 23, 11, 15, 17, 43, 17, 30, 22, 10, 1, 8, 12, 12, 8, 38, 7, 22, 22, 27, 7, 17, 24, 33, 5, 31, 6, 8, 49, 40, 12, 33, 21, 47, 29, 19, 28, 0, 3, 31, 25, 22, 3, 20, 14, 5, 2, 0, 41, 13, 11, 20, 27, 18, 2, 25, 15, 1, 0, 9, 23, 26, 31, 7, 27, 21, 16, 24, 35, 16, 37, 14, 7, 28, 0, 18, 4, 11, 8, 16, 4, 25, 18, 20, 36, 28, 23, 13, 32, 45, 34, 19, 10, 11, 30, 13, 2, 12, 33, 24, 2, 4, 9, 6, 9, 4, 14, 22, 10, 12, 31, 9, 6, 14, 42, 24, 3, 21, 1, 6, 39, 5, 8, 8, 15, 43, 17, 25, 17, 19, 26, 0, 6, 36, 29, 31, 2, 0, 29, 27, 35, 32, 12, 48, 33, 52, 26, 16, 18, 46, 3, 11, 1, 37, 35, 41, 15, 20, 12, 10, 21, 23, 3, 7, 5, 0, 18, 4, 2, 8, 4, 30, 28, 0, 50, 22, 19, 24, 30, 5, 7, 22, 13, 44, 16, 28, 18, 7, 14, 33, 49, 12, 9, 27, 24, 2, 1, 15, 36, 24, 14, 6, 10, 17, 19, 39, 3, 17, 42, 26, 13, 33, 5, 36, 9, 23, 0, 25, 20, 31, 47, 14, 4, 6, 22, 42, 8, 21, 27, 3, 11, 12, 25, 1, 6, 33, 23, 35, 21, 15, 48, 29, 31, 38, 29, 3, 2, 10, 25, 1, 40, 8, 6, 11, 18, 4, 4, 2, 9, 25, 23, 16, 27, 37, 40, 31, 9, 14, 10, 8, 46, 21, 26, 12, 5, 35, 12, 24, 16, 14, 27, 22, 20, 8, 32, 37, 13, 6, 5, 4, 7, 30, 20, 13, 34, 19, 3, 11, 22, 49, 26, 34, 5, 39, 43, 41, 15, 17, 0, 2, 23, 3, 7, 10, 6, 42, 22, 10, 1, 29, 21, 0, 18, 16, 36, 51, 7, 23, 45, 47, 24, 19, 1, 18, 30, 28, 28, 10, 34, 48, 36, 0, 30, 13, 21, 4, 5, 12, 38, 18, 11, 28, 16, 14, 6, 27, 4, 14, 33, 40, 12, 31, 33, 20, 1, 38, 12, 24, 7, 32, 16, 26, 32, 24, 40, 19, 31, 2, 32, 3, 0, 21, 25, 9, 22, 43, 11, 8, 25, 49, 46, 27, 22, 42, 44, 29, 3, 15, 26, 22, 9, 20, 5, 43, 0, 14, 13, 7, 26, 20, 5, 15, 19, 7, 28, 17, 6, 1, 4, 19, 15, 13, 17, 35, 13, 11, 0, 25, 5, 31, 39, 8, 18, 3, 33, 12, 3, 9, 14, 2, 31, 28, 33, 45, 38, 40, 30, 24, 30, 47, 1, 10, 4, 21, 37, 23, 2, 21, 18, 27, 16, 16, 14, 20, 1, 7, 17, 0, 16, 18, 21, 26, 5, 12, 24, 10, 18, 14, 32, 8, 34, 32, 12, 42, 44, 6, 7, 19, 29, 9, 40, 9, 11, 22, 32, 24, 13, 19, 36, 28, 7, 11, 7, 0, 3, 5, 23, 16, 26, 15, 17, 25, 34, 36, 4, 2, 3, 15, 38, 19, 0, 5, 13, 17, 3, 5, 9, 15, 14, 19, 33, 29, 3, 9, 39, 22, 1, 27, 13, 43, 20, 30, 21, 30, 28, 23, 8, 0, 14, 12, 25, 22, 24, 27, 41, 7, 17, 5, 2, 31, 6, 31, 12, 11, 35, 27, 6, 18, 32, 37, 1, 33, 4, 18, 10, 40, 14, 11, 35, 16, 33, 19, 17, 20, 29, 22, 14, 19, 21, 0, 29, 28, 25, 4, 17, 25, 22, 10, 42, 7, 15, 16, 20, 24, 21, 5, 2, 9, 0, 31, 8, 23, 5, 4, 2, 11, 8, 21, 36, 8, 39, 3, 30, 13, 33, 19, 7, 0, 30, 38, 44, 24, 32, 34, 3, 36, 26, 28, 26, 28, 39, 15, 7, 15, 23, 17, 1, 15, 16, 22, 2, 13, 5, 23, 41, 11, 11, 27, 1, 9, 6, 14, 4, 22, 16, 32, 1, 12, 10, 20, 12, 3, 10, 1, 6, 30, 9, 0, 7, 17, 18, 4, 2, 14, 27, 6, 24, 29, 8, 4, 18, 5, 8, 14]
convergência = [50, 50, 49, 49, 49, 49, 49, 49, 49, 48, 48, 48, 48, 48, 48, 48, 48, 48, 48, 48, 48, 48, 48, 48, 48, 48, 48, 48, 48, 48, 48, 48, 48, 48, 48, 48, 48, 48, 48, 48, 48, 48, 48, 48, 48, 48, 48, 48, 48, 48, 48, 48, 48, 48, 48, 48, 48, 48, 48, 48, 48, 48, 48, 48, 48, 48, 48, 48, 48, 48, 48, 48, 48, 48, 48, 48, 48, 48, 48, 48, 48, 48, 48, 48, 48, 48, 48, 48, 47, 47, 47, 47, 47, 47, 47, 47, 47, 47, 47, 47, 47, 47, 47, 47, 47, 47, 47, 47, 47, 47, 47, 47, 47, 47, 47, 47, 47, 47, 47, 47, 47, 47, 47, 47, 47, 47, 47, 47, 47, 47, 47, 47, 47, 47, 47, 47, 47, 47, 47, 47, 47, 47, 47, 47, 47, 47, 47, 47, 47, 47, 47, 47, 47, 47, 47, 47, 47, 47, 47, 47, 47, 47, 47, 47, 47, 47, 47, 47, 47, 47, 47, 47, 47, 47, 47]

===== FIM =====
