===== RESULTADO BRKGA L(2,1) =====
Arquivo: /Users/mateuspedrosa/Documents/TCC-II/BRKGA/data/Harwell-Boeing_cleaned/bcsstk23_clean.mtx

----- Execução #1 -----
[INFO] Time limit atingido: 15 minutos. Interrompido no meio de uma geração.
Tempo de execução: 900008ms
Span (lambda): 48
best_order = [2441, 2757, 1813, 2095, 482, 1678, 3027, 702, 2359, 995, 2786, 2233, 2661, 684, 633, 738, 2906, 2597, 2467, 2289, 452, 3050, 235, 185, 1873, 716, 2325, 1207, 467, 2224, 2756, 3022, 2630, 1247, 1565, 1407, 1715, 1705, 2142, 3095, 1290, 2520, 1241, 1655, 225, 1966, 1998, 771, 1230, 2589, 2363, 2875, 197, 1683, 946, 664, 2857, 145, 1114, 1235, 2034, 2656, 1548, 2126, 0, 1124, 3034, 252, 64, 66, 2085, 2465, 189, 2220, 2620, 1104, 704, 1187, 1059, 1113, 1779, 1802, 1150, 1091, 1109, 2232, 1101, 2158, 1609, 1424, 2509, 1218, 2366, 1337, 1973, 2672, 1549, 1087, 806, 1234, 1677, 30, 1212, 2388, 2357, 2994, 58, 2429, 1885, 722, 558, 2107, 209, 2615, 979, 480, 486, 1751, 2821, 1566, 160, 1872, 924, 1028, 2767, 1455, 2032, 2768, 2420, 255, 1962, 571, 2583, 1745, 2788, 1365, 2082, 1115, 172, 1696, 1866, 2816, 182, 1744, 93, 973, 810, 2198, 184, 1307, 2424, 683, 2809, 2234, 2575, 1940, 1005, 1662, 422, 3036, 195, 1160, 3111, 2815, 16, 1542, 1656, 2193, 261, 2431, 1827, 408, 1163, 1991, 2775, 2645, 2897, 1390, 1155, 2650, 2841, 1952, 949, 610, 2033, 596, 3040, 3104, 1258, 575, 873, 3093, 1040, 2540, 2211, 2733, 988, 275, 166, 25, 1248, 2437, 2853, 425, 1216, 1221, 2140, 1814, 168, 2270, 169, 948, 1151, 1503, 229, 3013, 2227, 847, 1076, 1585, 3133, 71, 2782, 1807, 994, 1125, 1340, 1481, 242, 144, 1724, 2189, 178, 1869, 1472, 356, 125, 2006, 899, 102, 2418, 2934, 1474, 971, 135, 2580, 2190, 378, 1521, 1766, 1911, 1643, 29, 1211, 2295, 1728, 458, 3076, 219, 1376, 1282, 1330, 1835, 760, 363, 1936, 2118, 2077, 1689, 919, 880, 781, 1687, 1887, 305, 2080, 2228, 1285, 739, 1119, 2261, 1032, 682, 2839, 1193, 2369, 578, 1287, 1933, 1665, 721, 911, 2389, 1725, 2143, 748, 476, 2700, 616, 401, 1772, 432, 2898, 2353, 1029, 1771, 2052, 2523, 446, 1965, 1339, 1734, 2023, 2392, 288, 1364, 2017, 1553, 520, 351, 2543, 2822, 1999, 2976, 1778, 3073, 2851, 1703, 2626, 1767, 2817, 992, 136, 2348, 2631, 2305, 3008, 2, 2820, 2301, 1590, 2163, 2651, 2404, 1356, 577, 2984, 2460, 2442, 2578, 1821, 62, 2200, 776, 134, 272, 2663, 1494, 2905, 862, 1157, 635, 120, 1262, 399, 3004, 2012, 2252, 1538, 2469, 536, 1881, 2655, 117, 2338, 285, 822, 1139, 1135, 1750, 429, 1850, 34, 348, 97, 2858, 1477, 419, 220, 2792, 1438, 384, 1444, 423, 916, 3121, 884, 2834, 1133, 1092, 2960, 882, 1765, 2501, 457, 1938, 1819, 192, 956, 2600, 2918, 936, 784, 1569, 937, 1179, 2038, 3097, 1326, 108, 2169, 2516, 679, 2912, 158, 2208, 334, 977, 759, 262, 1522, 2513, 2847, 433, 1122, 228, 1596, 2808, 2990, 243, 200, 2124, 1623, 785, 5, 2535, 477, 1107, 2705, 1025, 418, 2968, 355, 777, 2975, 699, 1236, 409, 1575, 284, 2345, 2856, 768, 2390, 176, 107, 2174, 2814, 2855, 700, 1166, 1461, 1334, 1945, 888, 2970, 1726, 3113, 1607, 2132, 978, 2894, 2350, 2455, 129, 2409, 1024, 3019, 2275, 2488, 2751, 1713, 1893, 1791, 297, 2714, 2507, 2844, 2692, 233, 1518, 79, 546, 1920, 1483, 2440, 1203, 906, 83, 430, 811, 1202, 511, 3058, 1995, 2932, 1509, 964, 1271, 1882, 2607, 3114, 2383, 2551, 2636, 723, 3044, 300, 1922, 1308, 1979, 1880, 3064, 869, 1116, 221, 513, 954, 1374, 1554, 961, 1792, 2562, 910, 406, 1127, 2871, 1799, 481, 1632, 254, 2423, 2015, 2103, 2587, 211, 1514, 27, 3017, 2413, 1761, 2863, 2576, 2508, 2334, 434, 496, 2194, 331, 2866, 1895, 985, 2433, 680, 2842, 2160, 3126, 2229, 903, 1723, 685, 2240, 2818, 2581, 2146, 2902, 2738, 2549, 3062, 744, 2128, 1691, 609, 2122, 1868, 1404, 2517, 1004, 1699, 1674, 2950, 2014, 2519, 461, 912, 6, 2838, 2498, 469, 774, 1251, 127, 280, 1058, 589, 2474, 2907, 1646, 917, 641, 2537, 2623, 1711, 3071, 817, 2730, 2094, 2737, 753, 2064, 1294, 309, 613, 2879, 2492, 1397, 584, 139, 1637, 1454, 2536, 891, 1408, 1128, 1523, 1783, 1878, 2930, 2464, 1631, 299, 639, 1288, 2051, 574, 663, 1706, 1429, 293, 1401, 1045, 1277, 2456, 2267, 1485, 1063, 1762, 507, 1740, 2588, 800, 617, 2046, 627, 1639, 1383, 560, 1084, 53, 1254, 2115, 1805, 28, 2810, 2089, 1174, 1649, 128, 2945, 2040, 289, 778, 2612, 3002, 239, 1574, 1110, 1034, 2935, 3065, 47, 972, 1096, 2011, 487, 362, 1299, 957, 2134, 657, 2067, 1563, 2358, 621, 1957, 1418, 2281, 2001, 793, 802, 2845, 2048, 2697, 1269, 2554, 1274, 918, 1156, 2411, 2402, 2152, 1804, 1411, 1098, 1909, 792, 2247, 1793, 2747, 380, 2958, 2629, 676, 2322, 3032, 103, 1255, 944, 2596, 2952, 2613, 2974, 834, 312, 94, 2055, 1810, 2797, 82, 2942, 352, 2874, 2453, 1741, 545, 1171, 84, 885, 1037, 968, 1577, 1526, 2890, 1597, 2980, 1265, 1219, 152, 2824, 2985, 196, 267, 2367, 1875, 394, 2303, 2678, 431, 706, 1528, 385, 905, 710, 2037, 1561, 1736, 2215, 1486, 369, 2176, 1112, 1764, 902, 316, 2274, 2638, 2238, 1857, 2987, 2041, 1948, 1070, 2590, 479, 2510, 2478, 1106, 1252, 2671, 349, 3106, 459, 70, 794, 2951, 1776, 2752, 1105, 2999, 1951, 1729, 981, 2276, 2098, 2213, 1414, 3048, 2872, 2157, 186, 3033, 548, 1375, 720, 310, 2368, 933, 2391, 1513, 1161, 2153, 727, 1303, 1650, 1659, 126, 287, 1177, 54, 2096, 381, 695, 405, 2293, 2601, 2260, 1825, 177, 1648, 1978, 1, 2500, 1311, 868, 445, 908, 187, 2579, 218, 608, 2826, 3025, 1082, 1719, 2243, 339, 1589, 2302, 1459, 424, 1347, 2065, 2924, 3079, 1743, 3128, 491, 2568, 20, 904, 118, 2066, 1840, 3115, 1787, 849, 2835, 1073, 1118, 2083, 974, 2707, 1449, 836, 1378, 1180, 498, 1829, 1626, 2621, 1702, 1912, 1405, 2415, 1482, 3116, 1657, 2168, 2741, 2204, 2548, 3020, 1501, 1153, 2036, 1592, 3084, 146, 370, 517, 1368, 1056, 1232, 860, 1899, 780, 2618, 1780, 1611, 414, 2941, 951, 1930, 1583, 307, 1854, 2432, 2312, 1242, 68, 2299, 340, 451, 1357, 872, 1064, 1586, 1974, 2110, 841, 835, 188, 976, 2333, 2901, 1567, 3035, 265, 1313, 2708, 656, 1556, 180, 303, 1781, 1756, 2878, 1961, 1867, 598, 2591, 1987, 1298, 1222, 551, 2889, 2765, 1934, 337, 3074, 1312, 2221, 1297, 552, 2084, 1558, 454, 754, 1833, 1789, 837, 1417, 449, 397, 642, 392, 2850, 585, 1635, 594, 1412, 1227, 1959, 471, 143, 1897, 2760, 236, 2002, 726, 1742, 214, 72, 588, 2759, 1615, 2461, 2712, 3015, 960, 2731, 947, 2223, 859, 246, 1280, 1433, 1913, 2525, 1173, 1090, 1228, 647, 2978, 2470, 1794, 294, 379, 1964, 162, 1302, 686, 1570, 90, 2332, 2800, 1587, 3101, 2811, 2848, 1593, 927, 1041, 475, 1201, 222, 2149, 165, 2514, 1499, 1748, 1603, 124, 1480, 532, 238, 1432, 2541, 59, 555, 3078, 2888, 1437, 1129, 564, 1355, 831, 646, 499, 2710, 2340, 984, 991, 2209, 2459, 1967, 790, 2399, 1947, 653, 281, 175, 1690, 1505, 2943, 2843, 1601, 1613, 2940, 2961, 18, 1001, 1760, 313, 634, 2269, 982, 1085, 2417, 2400, 1616, 597, 2387, 1335, 660, 2944, 1500, 2718, 3055, 2964, 1610, 1019, 1400, 2574, 2379, 2949, 1901, 1253, 2311, 1392, 2963, 3, 1753, 787, 987, 1958, 2428, 770, 1448, 2127, 1667, 75, 438, 1506, 1137, 1834, 606, 181, 1062, 1666, 2904, 900, 540, 1896, 3112, 407, 1144, 673, 2679, 462, 1647, 216, 1915, 210, 2385, 883, 2778, 2933, 1268, 1182, 2867, 52, 1502, 2111, 914, 1937, 1529, 2640, 150, 2925, 1039, 2717, 1464, 2685, 259, 1130, 2445, 1555, 2735, 1905, 2689, 1975, 1121, 1495, 1927, 569, 86, 3108, 895, 109, 1103, 123, 3031, 2250, 437, 775, 2772, 2673, 292, 1388, 1842, 2308, 346, 57, 1095, 1598, 816, 2197, 1435, 2882, 1310, 950, 371, 2594, 1782, 1540, 2266, 1443, 1382, 279, 508, 2144, 2268, 110, 529, 92, 73, 2356, 1322, 1266, 1645, 1399, 1213, 2443, 301, 3001, 3029, 1191, 2688, 952, 2019, 2977, 2832, 2922, 1169, 1488, 531, 1735, 2090, 2271, 2852, 3087, 674, 2314, 2175, 963, 2758, 2880, 1992, 1178, 843, 1275, 2770, 2022, 2937, 1372, 3072, 2496, 708, 277, 3005, 2512, 1971, 155, 2323, 1544, 2982, 2504, 2192, 618, 2324, 942, 2202, 1928, 2145, 1870, 2216, 788, 854, 2790, 2653, 2641, 450, 1676, 804, 1520, 387, 15, 212, 2939, 7, 525, 153, 2199, 990, 789, 1250, 2742, 2791, 410, 1757, 1903, 2799, 2279, 3057, 1018, 734, 314, 2625, 1440, 2787, 1451, 2802, 2793, 2076, 2183, 1900, 2025, 3006, 2101, 1960, 1969, 2244, 718, 386, 1890, 2403, 728, 830, 1075, 2825, 492, 2147, 1898, 46, 154, 367, 3000, 840, 2446, 1351, 570, 112, 2248, 1884, 3094, 2639, 2497, 501, 1752, 2527, 1918, 1147, 2996, 273, 1668, 2491, 658, 1100, 2702, 1769, 943, 907, 1594, 2598, 630, 237, 2785, 2360, 276, 1770, 116, 1981, 1463, 3117, 2547, 81, 1671, 1803, 737, 1524, 190, 750, 2486, 2231, 1332, 625, 306, 2533, 2330, 32, 157, 1426, 783, 3028, 1249, 519, 2823, 3053, 244, 488, 2920, 485, 2489, 1997, 2544, 1162, 2681, 2740, 2614, 2408, 2003, 2706, 833, 1054, 2088, 205, 1837, 2553, 2754, 959, 2955, 141, 2167, 1573, 2130, 2258, 274, 2381, 901, 2042, 2721, 877, 2694, 2165, 3003, 1801, 537, 931, 1089, 2916, 1942, 1708, 2339, 535, 2287, 898, 345, 866, 707, 357, 2657, 3091, 478, 2315, 2091, 1331, 1358, 717, 1560, 1731, 590, 1627, 1468, 2326, 818, 711, 2449, 796, 2241, 1345, 2062, 403, 226, 1510, 2789, 1042, 3030, 2664, 1605, 251, 2123, 579, 2696, 1675, 1300, 2336, 2347, 263, 2462, 1387, 96, 1644, 3090, 1855, 2061, 934, 878, 1196, 661, 2586, 2156, 1224, 1786, 2948, 1790, 1710, 2666, 1591, 2225, 2998, 2181, 975, 2362, 2079, 3125, 1353, 2278, 1007, 506, 3051, 2435, 2892, 24, 1504, 3049, 2628, 1939, 1817, 2725, 2595, 269, 3068, 1576, 1220, 2719, 1986, 2604, 2609, 42, 2669, 678, 2251, 1360, 743, 1283, 1009, 2813, 2565, 2102, 194, 2539, 815, 1423, 2556, 3061, 1044, 1891, 2421, 713, 2764, 2401, 622, 10, 1519, 2739, 206, 733, 38, 2099, 1828, 31, 2683, 1888, 1012, 1120, 714, 2272, 1578, 2060, 2720, 2377, 2106, 2397, 50, 298, 2280, 2680, 2475, 2883, 3069, 542, 366, 2131, 2686, 1557, 1083, 404, 315, 2959, 3026, 2794, 1261, 1944, 1498, 1564, 1552, 826, 782, 2502, 121, 2187, 1785, 2444, 1350, 396, 442, 321, 1946, 365, 1361, 2734, 970, 1931, 468, 1994, 2207, 2482, 326, 3120, 2690, 2235, 3011, 1924, 650, 147, 1886, 2921, 655, 1046, 470, 2805, 95, 1427, 1278, 1511, 138, 2331, 2997, 2722, 3098, 268, 455, 1970, 2873, 1436, 2319, 1923, 376, 1651, 703, 2217, 1831, 1953, 1795, 3085, 580, 1800, 1215, 2477, 2463, 645, 1595, 595, 2141, 1189, 382, 1078, 1026, 1720, 2010, 1629, 1531, 747, 98, 671, 2481, 2300, 9, 2139, 2013, 2774, 1846, 1259, 1371, 2172, 2329, 561, 2151, 528, 2035, 870, 2337, 1876, 2495, 807, 766, 689, 283, 805, 148, 526, 2109, 1319, 402, 1406, 2117, 2484, 865, 215, 2384, 3038, 1491, 1784, 2545, 2236, 1386, 2771, 2021, 2188, 3010, 2534, 2457, 764, 1768, 3066, 87, 698, 896, 879, 258, 897, 2667, 1349, 604, 388, 1977, 2407, 958, 361, 1077, 2559, 1015, 1309, 1798, 2148, 1175, 398, 2699, 2438, 1681, 1055, 709, 638, 1989, 232, 586, 1183, 1815, 88, 231, 1154, 333, 921, 412, 2114, 278, 1763, 2155, 224, 1072, 2283, 1079, 1050, 1333, 2973, 1132, 324, 2608, 945, 3099, 1490, 582, 170, 1323, 2981, 133, 2063, 670, 1325, 393, 2069, 662, 1820, 993, 2164, 1186, 3052, 2206, 74, 886, 2226, 2439, 2487, 2766, 1836, 2327, 547, 566, 1550, 67, 2349, 202, 1535, 824, 502, 1184, 563, 2557, 1327, 270, 2291, 1910, 1788, 1354, 1824, 2451, 1385, 2414, 2660, 2179, 821, 1006, 801, 497, 1373, 724, 1434, 33, 1030, 439, 2059, 2116, 1902, 772, 755, 1304, 1581, 2611, 1712, 1256, 1545, 1457, 2009, 2532, 940, 2075, 521, 2044, 1661, 1229, 559, 675, 37, 2120, 2849, 1260, 999, 2748, 889, 1176, 119, 2306, 347, 122, 1717, 1458, 1682, 2422, 2704, 204, 3054, 749, 1812, 1686, 2466, 2635, 2836, 2993, 325, 14, 591, 2056, 1094, 1932, 941, 2310, 2307, 1559, 2606, 2104, 2684, 2257, 756, 955, 2245, 1296, 2900, 1733, 338, 1231, 2716, 1652, 2371, 1341, 2659, 1862, 953, 2773, 2658, 1871, 1172, 677, 1693, 1293, 78, 581, 12, 271, 2830, 893, 358, 2304, 2593, 773, 2058, 1204, 1624, 2426, 505, 260, 2485, 1000, 667, 643, 1619, 2410, 1370, 887, 415, 2674, 2344, 3110, 2374, 1716, 1816, 719, 3100, 567, 101, 208, 140, 1917, 2376, 2896, 2780, 2646, 2622, 1844, 1336, 2648, 2893, 48, 494, 2616, 65, 350, 2662, 828, 227, 2138, 335, 1020, 1777, 2016, 3088, 420, 890, 504, 1346, 8, 483, 1264, 1512, 1036, 938, 1295, 411, 2511, 1069, 1774, 2454, 2372, 2007, 2753, 2675, 1391, 308, 2262, 2876, 106, 2946, 2979, 2745, 1929, 1359, 1008, 2953, 2129, 1146, 1853, 2321, 1823, 1097, 1016, 1465, 203, 1580, 1237, 1430, 179, 1126, 745, 2471, 3024, 1267, 1507, 240, 91, 1053, 1093, 861, 2881, 2346, 648, 1431, 735, 1324, 389, 825, 2343, 174, 2178, 1205, 2039, 1362, 354, 2962, 2572, 1194, 1539, 1858, 1860, 3122, 997, 1023, 2677, 601, 2728, 1796, 1209, 1843, 360, 1954, 1943, 3096, 2185, 3109, 687, 1199, 1328, 1292, 2561, 1167, 132, 1572, 1988, 1057, 576, 2450, 1956, 1533, 1625, 115, 2972, 466, 3045, 2563, 2927, 2180, 2895, 2868, 1420, 2031, 2577, 2203, 1367, 1460, 1377, 1348, 60, 161, 2406, 2726, 587, 2886, 2711, 1425, 1226, 368, 1534, 1318, 856, 2908, 173, 1664, 3042, 43, 2201, 2755, 2652, 1562, 2567, 1865, 1830, 1571, 3060, 2746, 989, 336, 1470, 829, 534, 1606, 1568, 3130, 2860, 631, 330, 1636, 4, 799, 930, 26, 2043, 2570, 241, 3123, 2373, 1329, 1225, 1588, 374, 1532, 562, 2919, 925, 2184, 1617, 2328, 691, 1879, 2585, 2967, 1493, 2709, 1021, 1640, 264, 2668, 1968, 474, 3089, 1579, 1141, 2352, 1980, 932, 538, 2170, 183, 761, 1200, 1628, 105, 317, 1660, 2928, 436, 1811, 1051, 56, 1192, 51, 2938, 533, 615, 2370, 929, 1546, 1469, 2885, 1338, 769, 1164, 2045, 2603, 1894, 2355, 1543, 2983, 1618, 1508, 1074, 1489, 2864, 1467, 1527, 1622, 624, 2218, 2743, 3086, 2365, 2173, 440, 11, 3039, 2210, 2318, 456, 3077, 320, 2005, 554, 543, 573, 2833, 1841, 1389, 489, 2277, 2364, 3016, 2081, 1704, 1446, 3043, 983, 2801, 245, 2624, 725, 791, 2294, 1108, 1134, 922, 2781, 524, 1393, 2877, 426, 881, 2427, 659, 2119, 1584, 49, 3129, 443, 672, 2911, 1462, 2870, 167, 2074, 2028, 592, 1908, 3009, 22, 2121, 2108, 2468, 736, 765, 2750, 2887, 2560, 318, 2592, 1270, 1233, 668, 2150, 2008, 1306, 2105, 3131, 632, 1013, 838, 809, 1863, 2494, 853, 1604, 666, 2947, 1010, 2992, 876, 1049, 823, 1730, 1017, 2049, 2571, 2779, 2086, 1022, 3014, 1739, 111, 1473, 1621, 1694, 1279, 2375, 2803, 503, 453, 23, 1758, 1530, 2265, 1670, 1914, 1759, 1747, 465, 2783, 1749, 553, 628, 557, 797, 256, 729, 2602, 193, 544, 568, 142, 1245, 742, 1525, 2254, 444, 1476, 1826, 3007, 104, 848, 2995, 1630, 1551, 1727, 2665, 3021, 2831, 892, 1845, 1415, 746, 583, 2447, 2854, 2125, 2644, 2072, 2986, 353, 2419, 2796, 3107, 2430, 373, 2558, 223, 2288, 1672, 2637, 1673, 2956, 2027, 808, 3063, 539, 1582, 1919, 1990, 2807, 752, 626, 1695, 2538, 2713, 2472, 1955, 1447, 1369, 3118, 814, 1877, 391, 435, 13, 693, 1428, 1168, 1680, 2436, 1517, 2490, 77, 827, 602, 1600, 311, 1052, 1633, 1071, 2047, 2100, 473, 2555, 741, 1697, 2670, 1925, 213, 556, 740, 1663, 191, 779, 614, 607, 1907, 2393, 1755, 199, 1048, 1976, 1410, 2000, 76, 1479, 1487, 2071, 1536, 939, 839, 3092, 2309, 1080, 1380, 2693, 2518, 692, 171, 1138, 1822, 2749, 1402, 257, 1993, 2448, 1832, 2969, 522, 2476, 2687, 980, 2599, 1344, 2073, 2729, 1198, 1808, 2396, 2582, 2776, 2988, 2957, 1102, 2296, 2246, 565, 1246, 295, 1142, 1537, 2230, 2292, 1060, 164, 35, 1864, 2633, 696, 1496, 1033, 2425, 159, 44, 1669, 417, 1403, 920, 844, 61, 851, 2552, 2784, 1002, 926, 1188, 629, 266, 2566, 1159, 2550, 1904, 786, 2166, 2837, 1343, 2057, 2936, 864, 2744, 2297, 2161, 2255, 100, 319, 1714, 690, 248, 2097, 1445, 463, 1419, 2285, 1809, 2434, 2649, 701, 416, 2053, 2313, 2154, 2530, 681, 1516, 2529, 2290, 2479, 572, 2736, 2380, 1684, 3023, 599, 620, 1492, 969, 2030, 1061, 1773, 1088, 730, 855, 3046, 1243, 1497, 322, 819, 2819, 1238, 2196, 1475, 2569, 1441, 1515, 1305, 1818, 644, 39, 1688, 858, 2676, 1240, 2361, 2159, 935, 2068, 894, 510, 2926, 1859, 1456, 2682, 207, 55, 2732, 1143, 472, 1452, 2954, 201, 3119, 131, 1737, 1484, 2253, 2222, 3041, 343, 19, 2777, 731, 1284, 1239, 2242, 137, 2078, 1185, 2382, 1851, 871, 2840, 149, 2991, 962, 448, 1352, 845, 328, 1273, 304, 2531, 2642, 2506, 500, 1653, 795, 2282, 1038, 1709, 2966, 1941, 2171, 2798, 249, 1066, 1396, 383, 1314, 915, 2617, 2971, 1244, 998, 1123, 996, 344, 359, 1599, 762, 1014, 665, 17, 694, 2458, 2829, 413, 2931, 2480, 428, 913, 619, 2989, 2212, 2691, 327, 441, 1366, 2162, 2505, 114, 1003, 1839, 1722, 652, 2917, 2634, 2395, 1926, 611, 2298, 1190, 2195, 1685, 80, 421, 296, 130, 3037, 2024, 2113, 3075, 2378, 2320, 1011, 2769, 1398, 867, 2029, 1197, 697, 1982, 2452, 763, 2316, 1031, 1257, 2812, 1321, 1547, 2914, 1152, 41, 163, 2913, 875, 341, 2859, 523, 640, 364, 1301, 612, 2526, 2610, 813, 2493, 342, 1342, 1679, 2846, 447, 2701, 2354, 3105, 286, 1721, 1210, 623, 1838, 490, 1422, 1701, 3080, 2112, 2723, 2259, 2724, 1206, 2205, 1394, 2703, 1413, 1996, 1949, 2869, 3124, 874, 688, 803, 1700, 151, 812, 377, 2499, 2020, 1608, 2903, 2004, 798, 2177, 2133, 1409, 2524, 1478, 1848, 1081, 2795, 1642, 99, 1471, 484, 3102, 2910, 85, 2698, 1654, 21, 2627, 332, 230, 1883, 2695, 2862, 1140, 3047, 751, 636, 1117, 1738, 2528, 156, 1847, 1316, 1983, 2341, 852, 2715, 757, 2503, 1272, 1263, 1195, 2286, 1698, 1692, 2070, 3127, 1972, 1291, 1620, 965, 2923, 3056, 2564, 3103, 1439, 2087, 2093, 2522, 2483, 2929, 2249, 966, 2182, 250, 1416, 1208, 3083, 1170, 1935, 1634, 1707, 2806, 1861, 63, 909, 2018, 2351, 2546, 1363, 637, 2386, 3132, 1984, 2884, 967, 2317, 3018, 1068, 390, 1379, 850, 36, 2827, 2654, 198, 2761, 1874, 493, 69, 2412, 234, 3070, 1027, 767, 1641, 395, 1906, 1317, 593, 550, 2394, 2191, 2416, 2643, 1320, 1289, 2342, 1450, 1612, 2398, 1754, 282, 89, 549, 400, 863, 1043, 842, 1746, 2899, 857, 2909, 1149, 1111, 651, 1602, 464, 1916, 2264, 1384, 2861, 1136, 820, 329, 2804, 758, 2256, 1099, 2405, 1217, 1286, 732, 2521, 1921, 715, 2915, 2237, 1145, 527, 1806, 516, 832, 512, 1466, 375, 3081, 2239, 2473, 2828, 1732, 2965, 1963, 2605, 3067, 1852, 1453, 1797, 541, 846, 530, 2891, 654, 2865, 1214, 2050, 1065, 1614, 600, 291, 1421, 290, 1950, 515, 2762, 1067, 518, 2186, 1849, 2515, 2137, 1718, 2573, 460, 1381, 1281, 2727, 3012, 1181, 1442, 495, 1889, 1775, 2219, 2763, 928, 705, 2335, 247, 514, 2632, 669, 1658, 2542, 1086, 2135, 217, 1223, 2273, 2026, 2136, 1892, 986, 253, 40, 2284, 2092, 372, 1395, 1985, 427, 323, 923, 1165, 1047, 1856, 113, 2584, 1638, 1148, 509, 1035, 3059, 302, 1315, 1158, 649, 603, 1541, 2263, 3082, 2647, 45, 712, 2214, 1131, 605, 2054, 2619, 1276]
labeling = [1, 5, 0, 7, 12, 3, 4, 9, 16, 11, 10, 13, 24, 19, 20, 17, 5, 31, 14, 10, 9, 22, 21, 28, 18, 2, 23, 8, 4, 5, 0, 13, 10, 17, 2, 30, 45, 24, 20, 32, 5, 43, 17, 1, 26, 22, 3, 8, 28, 27, 23, 30, 12, 11, 5, 0, 25, 13, 2, 9, 10, 12, 4, 29, 0, 24, 2, 16, 11, 21, 8, 4, 9, 14, 15, 12, 13, 27, 22, 6, 29, 18, 3, 10, 12, 3, 17, 15, 6, 42, 14, 23, 19, 1, 8, 9, 5, 4, 21, 41, 30, 12, 0, 8, 26, 17, 18, 6, 3, 13, 10, 22, 14, 31, 15, 16, 4, 1, 8, 6, 5, 9, 6, 12, 1, 0, 2, 7, 9, 5, 10, 24, 11, 12, 3, 1, 0, 13, 6, 6, 14, 8, 18, 3, 0, 1, 4, 16, 7, 10, 9, 24, 11, 14, 13, 17, 14, 2, 6, 23, 0, 19, 7, 8, 9, 4, 4, 15, 5, 1, 17, 20, 1, 13, 16, 9, 7, 5, 6, 4, 8, 12, 2, 14, 3, 0, 13, 11, 15, 2, 18, 26, 3, 23, 19, 4, 11, 1, 24, 6, 7, 37, 16, 21, 33, 26, 28, 41, 36, 0, 11, 10, 14, 34, 1, 20, 21, 15, 9, 5, 6, 7, 19, 35, 27, 1, 17, 32, 5, 2, 45, 23, 20, 8, 47, 0, 1, 13, 9, 11, 26, 28, 4, 7, 24, 33, 15, 44, 37, 39, 44, 19, 1, 26, 8, 2, 25, 24, 21, 10, 22, 4, 7, 15, 23, 3, 19, 11, 17, 20, 24, 29, 5, 18, 16, 0, 12, 7, 21, 11, 3, 2, 20, 21, 8, 6, 18, 15, 2, 13, 32, 30, 5, 11, 12, 28, 29, 0, 20, 9, 8, 16, 36, 14, 22, 6, 17, 12, 1, 8, 14, 19, 3, 2, 8, 14, 5, 21, 23, 31, 19, 17, 25, 39, 29, 12, 4, 36, 31, 42, 33, 3, 37, 6, 7, 20, 24, 14, 30, 9, 14, 41, 43, 21, 40, 19, 18, 29, 4, 10, 23, 1, 8, 32, 32, 5, 0, 17, 21, 35, 17, 14, 10, 3, 42, 22, 19, 16, 28, 9, 13, 12, 14, 6, 20, 30, 7, 28, 2, 11, 12, 1, 5, 26, 6, 8, 19, 15, 13, 25, 34, 22, 10, 27, 1, 36, 25, 12, 28, 4, 31, 0, 27, 20, 22, 1, 9, 18, 0, 7, 16, 25, 24, 37, 1, 8, 18, 10, 3, 5, 4, 16, 0, 7, 6, 2, 11, 13, 25, 3, 0, 7, 6, 3, 10, 22, 21, 15, 9, 13, 15, 17, 5, 16, 0, 1, 3, 19, 14, 6, 17, 15, 1, 24, 7, 22, 26, 7, 6, 13, 35, 11, 16, 19, 32, 29, 19, 1, 22, 3, 25, 15, 28, 27, 37, 21, 6, 7, 9, 11, 2, 9, 0, 29, 40, 19, 4, 3, 20, 32, 35, 16, 15, 36, 17, 43, 6, 21, 7, 6, 14, 18, 12, 34, 29, 20, 26, 5, 20, 39, 23, 7, 34, 1, 2, 37, 43, 4, 48, 25, 0, 33, 40, 38, 30, 20, 4, 49, 16, 0, 46, 22, 13, 36, 29, 18, 2, 24, 25, 32, 15, 30, 20, 28, 11, 9, 5, 21, 7, 37, 27, 16, 9, 22, 21, 10, 14, 24, 3, 14, 8, 2, 19, 12, 6, 20, 15, 17, 22, 4, 8, 0, 26, 23, 4, 1, 22, 3, 2, 11, 13, 19, 14, 15, 6, 9, 20, 5, 3, 7, 17, 22, 10, 21, 1, 4, 1, 12, 7, 12, 23, 6, 14, 30, 13, 25, 10, 11, 10, 0, 3, 2, 19, 4, 19, 21, 8, 7, 11, 26, 22, 9, 13, 20, 23, 18, 30, 10, 25, 35, 20, 16, 27, 0, 2, 5, 44, 42, 34, 12, 42, 9, 4, 35, 39, 31, 23, 18, 32, 50, 27, 43, 12, 24, 46, 26, 18, 13, 25, 37, 22, 28, 31, 15, 3, 42, 41, 36, 39, 50, 35, 30, 37, 16, 27, 32, 21, 34, 31, 6, 18, 40, 6, 2, 0, 11, 23, 35, 34, 27, 28, 29, 17, 33, 30, 14, 19, 36, 24, 6, 10, 31, 0, 8, 2, 34, 12, 18, 11, 27, 15, 20, 35, 17, 18, 35, 0, 13, 9, 30, 5, 3, 2, 10, 26, 32, 16, 0, 19, 24, 31, 34, 29, 22, 12, 27, 17, 5, 0, 3, 34, 31, 28, 20, 9, 29, 18, 23, 5, 25, 15, 30, 19, 1, 10, 18, 7, 8, 44, 0, 3, 5, 38, 35, 28, 22, 1, 40, 9, 7, 24, 2, 34, 11, 13, 23, 5, 12, 16, 38, 25, 3, 33, 26, 10, 10, 38, 14, 12, 17, 14, 21, 20, 13, 22, 42, 28, 37, 45, 21, 8, 30, 14, 43, 21, 25, 4, 23, 26, 32, 0, 3, 33, 36, 19, 9, 16, 7, 24, 34, 39, 15, 2, 31, 30, 28, 26, 39, 32, 1, 23, 5, 37, 24, 7, 17, 14, 19, 29, 29, 21, 9, 38, 15, 35, 36, 46, 4, 32, 11, 40, 32, 12, 13, 4, 27, 26, 26, 36, 21, 11, 25, 1, 34, 19, 0, 16, 29, 5, 5, 30, 14, 13, 2, 11, 38, 19, 4, 10, 2, 1, 7, 3, 12, 5, 8, 12, 10, 9, 28, 16, 11, 28, 30, 31, 18, 23, 25, 4, 3, 21, 23, 14, 10, 0, 12, 8, 0, 18, 20, 5, 4, 13, 44, 24, 42, 3, 14, 10, 5, 39, 33, 26, 48, 1, 22, 42, 12, 44, 38, 28, 9, 30, 0, 8, 40, 5, 1, 27, 35, 23, 32, 19, 18, 10, 30, 0, 12, 3, 0, 14, 8, 12, 21, 9, 31, 5, 16, 32, 28, 26, 2, 35, 23, 7, 47, 43, 14, 11, 39, 28, 8, 17, 5, 19, 26, 21, 10, 3, 1, 34, 12, 14, 31, 8, 4, 32, 14, 1, 25, 13, 7, 6, 16, 4, 1, 21, 5, 23, 18, 16, 10, 17, 26, 7, 0, 11, 13, 5, 15, 4, 20, 14, 16, 31, 18, 21, 24, 10, 9, 8, 20, 25, 12, 3, 2, 0, 29, 0, 5, 14, 27, 5, 11, 8, 25, 19, 8, 20, 20, 2, 17, 11, 6, 15, 2, 6, 24, 18, 22, 0, 16, 23, 8, 14, 9, 6, 14, 4, 0, 25, 18, 11, 6, 13, 37, 3, 40, 50, 21, 17, 41, 33, 14, 40, 2, 1, 32, 30, 36, 45, 46, 20, 29, 16, 25, 49, 3, 47, 21, 22, 1, 6, 14, 29, 8, 14, 34, 17, 45, 21, 4, 40, 25, 2, 20, 24, 14, 38, 7, 19, 44, 22, 5, 0, 9, 15, 24, 25, 12, 33, 29, 13, 36, 4, 7, 38, 16, 6, 19, 22, 40, 20, 9, 24, 2, 30, 10, 27, 3, 29, 23, 25, 28, 15, 32, 28, 13, 39, 29, 1, 5, 15, 8, 7, 3, 13, 7, 37, 24, 4, 16, 23, 1, 26, 39, 6, 28, 29, 14, 22, 10, 25, 15, 1, 18, 27, 12, 21, 4, 8, 42, 12, 27, 28, 39, 24, 1, 5, 24, 16, 13, 0, 2, 31, 41, 4, 37, 33, 15, 36, 20, 12, 10, 20, 30, 32, 0, 43, 33, 25, 6, 8, 27, 35, 29, 4, 43, 6, 18, 31, 11, 29, 49, 18, 35, 25, 22, 11, 24, 1, 32, 27, 38, 3, 4, 9, 33, 44, 46, 41, 3, 16, 35, 37, 31, 34, 1, 4, 14, 18, 6, 14, 20, 11, 17, 32, 48, 7, 23, 34, 9, 8, 44, 36, 0, 6, 18, 20, 15, 31, 11, 33, 26, 12, 22, 39, 13, 13, 31, 18, 47, 3, 23, 34, 6, 41, 8, 7, 44, 0, 35, 23, 12, 5, 17, 19, 7, 15, 3, 10, 9, 9, 4, 20, 26, 7, 2, 10, 33, 26, 17, 14, 19, 15, 25, 6, 19, 20, 0, 24, 23, 13, 15, 18, 16, 7, 26, 29, 32, 0, 21, 22, 13, 9, 20, 11, 1, 34, 5, 2, 27, 28, 24, 37, 9, 6, 16, 26, 33, 30, 26, 40, 28, 32, 22, 4, 0, 20, 35, 15, 31, 36, 46, 7, 3, 46, 23, 13, 14, 24, 10, 5, 16, 11, 7, 3, 12, 15, 44, 33, 46, 22, 6, 42, 26, 24, 2, 17, 27, 1, 29, 13, 19, 39, 49, 34, 11, 45, 17, 18, 15, 31, 42, 6, 21, 20, 0, 3, 30, 37, 9, 15, 40, 9, 33, 41, 6, 7, 36, 23, 38, 33, 10, 0, 24, 17, 22, 30, 4, 12, 20, 8, 11, 15, 8, 14, 10, 5, 6, 3, 29, 24, 13, 1, 28, 21, 23, 12, 8, 8, 7, 26, 9, 5, 0, 22, 17, 12, 1, 19, 4, 25, 4, 9, 19, 10, 15, 11, 24, 13, 14, 3, 18, 1, 22, 10, 3, 12, 21, 5, 0, 4, 5, 22, 1, 0, 17, 12, 19, 15, 12, 19, 20, 2, 3, 17, 24, 4, 8, 1, 10, 20, 2, 24, 18, 6, 29, 31, 7, 13, 23, 38, 19, 10, 48, 46, 43, 12, 8, 27, 6, 8, 15, 23, 44, 17, 42, 2, 11, 43, 27, 41, 39, 26, 32, 31, 40, 9, 37, 20, 53, 10, 30, 27, 35, 30, 43, 1, 3, 36, 39, 8, 13, 17, 28, 23, 34, 26, 37, 32, 20, 39, 18, 35, 1, 2, 15, 28, 11, 5, 31, 15, 21, 7, 3, 11, 12, 19, 27, 22, 18, 26, 9, 30, 6, 17, 19, 24, 14, 0, 23, 14, 21, 20, 22, 6, 11, 18, 32, 2, 17, 36, 5, 30, 20, 24, 2, 33, 0, 19, 13, 35, 13, 9, 16, 17, 33, 26, 31, 43, 38, 37, 9, 16, 35, 17, 21, 3, 23, 28, 14, 0, 24, 29, 18, 25, 13, 49, 9, 35, 48, 47, 7, 18, 22, 13, 19, 16, 15, 14, 10, 24, 42, 38, 1, 12, 21, 46, 16, 21, 23, 3, 27, 28, 5, 16, 15, 30, 43, 40, 10, 43, 41, 14, 22, 21, 5, 0, 47, 27, 26, 12, 2, 36, 38, 22, 10, 26, 8, 16, 12, 31, 0, 19, 15, 2, 29, 45, 13, 37, 33, 13, 7, 29, 2, 10, 30, 23, 35, 21, 14, 27, 9, 25, 0, 9, 24, 32, 16, 15, 37, 39, 11, 1, 4, 11, 42, 2, 3, 26, 8, 7, 21, 5, 18, 0, 33, 17, 31, 6, 8, 14, 10, 1, 0, 48, 30, 22, 40, 5, 2, 5, 0, 18, 14, 2, 8, 17, 18, 11, 0, 7, 11, 9, 10, 4, 7, 14, 5, 19, 8, 6, 34, 31, 25, 12, 28, 3, 0, 16, 17, 8, 7, 18, 23, 10, 15, 31, 20, 14, 1, 4, 3, 17, 32, 34, 36, 19, 11, 24, 25, 1, 16, 6, 8, 49, 6, 40, 33, 9, 30, 26, 0, 2, 22, 11, 19, 1, 5, 21, 8, 7, 29, 4, 13, 28, 2, 10, 15, 31, 21, 35, 9, 14, 7, 25, 12, 46, 44, 3, 36, 7, 34, 27, 38, 9, 48, 35, 1, 4, 24, 21, 22, 11, 3, 46, 5, 13, 43, 27, 34, 25, 32, 29, 30, 1, 8, 4, 2, 10, 18, 2, 0, 15, 7, 6, 28, 0, 0, 2, 0, 0, 2, 5, 1, 9, 3, 7, 12, 0, 18, 25, 6, 18, 4, 2, 2, 14, 11, 16, 11, 7, 15, 24, 7, 19, 14, 18, 0, 6, 2, 0, 5, 15, 7, 23, 9, 9, 11, 3, 18, 4, 6, 14, 16, 24, 9, 11, 13, 7, 2, 14, 0, 9, 18, 3, 6, 5, 13, 1, 21, 13, 16, 22, 3, 27, 14, 10, 36, 20, 5, 1, 26, 30, 32, 35, 13, 25, 22, 28, 18, 3, 45, 21, 9, 0, 24, 33, 19, 30, 14, 48, 5, 18, 21, 45, 28, 13, 10, 34, 23, 47, 49, 36, 51, 22, 14, 38, 33, 42, 4, 24, 41, 32, 11, 49, 29, 2, 7, 45, 9, 19, 31, 48, 38, 6, 36, 41, 27, 21, 12, 9, 23, 16, 0, 26, 10, 38, 14, 28, 20, 13, 5, 31, 16, 35, 25, 32, 36, 34, 22, 6, 8, 3, 28, 12, 9, 9, 31, 10, 13, 22, 29, 16, 33, 7, 27, 11, 25, 34, 4, 1, 32, 37, 8, 21, 24, 29, 28, 25, 23, 15, 11, 4, 15, 14, 12, 23, 25, 46, 31, 30, 38, 25, 29, 10, 1, 15, 26, 8, 37, 5, 16, 20, 4, 1, 40, 24, 11, 17, 25, 26, 42, 3, 0, 15, 32, 8, 26, 44, 19, 20, 6, 28, 37, 19, 1, 31, 23, 9, 17, 26, 22, 1, 3, 7, 15, 8, 40, 25, 42, 15, 24, 11, 33, 4, 18, 13, 29, 22, 12, 10, 44, 12, 46, 14, 34, 6, 26, 4, 21, 1, 5, 17, 19, 11, 15, 26, 7, 31, 24, 8, 3, 29, 22, 19, 14, 0, 35, 6, 41, 43, 10, 27, 18, 14, 6, 4, 1, 10, 32, 12, 30, 2, 20, 6, 34, 12, 11, 21, 7, 24, 4, 36, 34, 49, 20, 32, 7, 1, 16, 12, 3, 11, 24, 23, 15, 2, 21, 5, 26, 9, 13, 7, 29, 27, 24, 0, 5, 35, 2, 8, 7, 42, 10, 10, 12, 20, 37, 3, 15, 11, 4, 0, 17, 25, 6, 4, 9, 30, 16, 1, 0, 5, 19, 23, 39, 8, 32, 0, 17, 43, 14, 2, 20, 23, 4, 4, 36, 8, 17, 0, 31, 26, 35, 12, 19, 14, 33, 6, 3, 6, 10, 14, 8, 17, 7, 4, 13, 0, 19, 15, 37, 11, 8, 2, 33, 29, 26, 31, 16, 40, 22, 46, 38, 31, 24, 35, 2, 36, 27, 16, 12, 40, 1, 26, 45, 47, 16, 21, 5, 16, 13, 33, 0, 22, 29, 10, 34, 24, 7, 3, 37, 17, 19, 22, 30, 12, 21, 11, 23, 5, 16, 15, 0, 20, 30, 18, 27, 15, 5, 14, 1, 6, 31, 12, 17, 3, 12, 8, 26, 35, 18, 18, 5, 30, 22, 3, 10, 11, 42, 19, 8, 18, 35, 4, 6, 14, 0, 12, 33, 21, 3, 6, 29, 4, 10, 2, 7, 28, 30, 12, 34, 15, 2, 5, 0, 35, 9, 4, 18, 26, 3, 17, 20, 28, 14, 1, 2, 8, 13, 0, 29, 38, 32, 22, 25, 34, 12, 5, 23, 0, 9, 2, 40, 28, 24, 13, 2, 26, 15, 8, 5, 22, 17, 11, 19, 0, 2, 2, 2, 32, 13, 1, 39, 9, 11, 4, 0, 14, 3, 1, 7, 22, 12, 10, 5, 18, 25, 2, 0, 3, 16, 9, 10, 20, 30, 1, 22, 27, 25, 12, 5, 14, 0, 7, 18, 21, 10, 2, 7, 15, 20, 6, 2, 22, 1, 3, 6, 11, 25, 13, 34, 2, 4, 7, 21, 10, 30, 12, 0, 18, 32, 8, 24, 6, 20, 2, 9, 15, 2, 4, 28, 22, 17, 0, 11, 2, 13, 4, 0, 20, 26, 11, 24, 28, 9, 7, 1, 14, 21, 17, 6, 18, 36, 5, 12, 34, 8, 3, 43, 41, 4, 19, 11, 38, 13, 21, 33, 29, 35, 11, 18, 25, 7, 6, 12, 28, 21, 3, 15, 35, 1, 7, 23, 26, 13, 5, 4, 21, 2, 10, 18, 7, 24, 7, 9, 1, 20, 2, 3, 7, 15, 11, 13, 24, 2, 3, 4, 19, 16, 9, 22, 11, 1, 4, 15, 2, 10, 2, 8, 34, 4, 19, 19, 21, 7, 9, 3, 15, 10, 14, 29, 17, 23, 5, 1, 19, 28, 0, 8, 31, 26, 4, 40, 23, 9, 9, 20, 21, 17, 1, 14, 19, 2, 1, 27, 10, 31, 0, 5, 17, 8, 9, 12, 3, 33, 3, 10, 0, 5, 13, 22, 28, 18, 0, 20, 8, 13, 6, 10, 31, 33, 15, 5, 24, 32, 13, 30, 1, 6, 7, 16, 5, 0, 0, 0, 27, 25, 11, 0, 4, 0, 2, 11, 16, 6, 8, 18, 26, 2, 0, 8, 11, 19, 5, 21, 1, 4, 3, 7, 26, 17, 11, 14, 11, 23, 8, 2, 9, 28, 4, 20, 4, 22, 9, 1, 19, 8, 1, 25, 17, 32, 8, 3, 15, 7, 2, 29, 9, 27, 5, 31, 3, 35, 10, 6, 8, 14, 1, 12, 17, 33, 12, 4, 19, 23, 6, 21, 6, 8, 8, 1, 17, 5, 6, 3, 10, 17, 5, 12, 15, 27, 16, 23, 25, 13, 10, 29, 32, 10, 2, 19, 16, 21, 0, 0, 12, 7, 6, 39, 34, 42, 10, 14, 24, 0, 0, 37, 17, 22, 8, 26, 19, 2, 11, 34, 11, 30, 4, 27, 3, 24, 14, 16, 0, 14, 0, 20, 10, 12, 2, 15, 22, 28, 7, 9, 18, 6, 5, 16, 5, 13, 10, 10, 27, 24, 1, 2, 14, 5, 12, 9, 7, 3, 0, 4, 11, 35, 4, 2, 1, 20, 2, 18, 13, 38, 17, 36, 24, 33, 8, 30, 5, 11, 12, 27, 10, 4, 14, 2, 8, 15, 2, 13, 31, 6, 6, 25, 10, 4, 3, 1, 32, 7, 2, 0, 5, 26, 12, 33, 35, 9, 10, 37, 11, 14, 8, 30, 23, 7, 4, 1, 4, 0, 14, 21, 16, 12, 10, 26, 15, 22, 16, 25, 19, 29, 1, 12, 3, 16, 8, 11, 8, 28, 13, 6, 1, 8, 0, 9, 5, 11, 4, 3, 0, 7, 7, 24, 17, 10, 1, 13, 5, 22, 6, 15, 0, 20, 4, 12, 8, 29, 2, 6, 13, 10, 11, 31, 2, 15, 0, 5, 0, 4, 12, 18, 26, 20, 4, 11, 5, 13, 0, 1, 17, 10, 8, 8, 0, 4, 4, 15, 29, 9, 6, 26, 1, 13, 0, 6, 11, 3, 3, 18, 20, 16, 1, 9, 1, 7, 0, 8, 8, 1, 1, 14, 6, 18, 3, 20, 9, 11, 0, 2, 23, 7, 7, 33, 3, 17, 5, 15, 1, 27, 9, 25, 23, 9, 7, 16, 2, 21, 3, 19, 12, 30, 1, 28, 23, 20, 13, 5, 25, 10, 9, 8, 22, 4, 6, 12, 2, 18, 8, 7, 13, 0, 5, 5, 17, 8, 4, 11, 1, 3, 0, 23, 9, 0, 2, 19, 13, 17, 4, 7, 18, 20, 6, 21, 0, 16, 8, 11, 22, 13, 12, 17, 6, 23, 11, 2, 10, 26, 1, 12, 18, 21, 4, 14, 32, 7, 2, 3, 6, 31, 0, 28, 14, 11, 10, 33, 36, 32, 4, 15, 18, 7, 9, 3, 18, 16, 5, 3, 14, 0, 10, 6, 21, 24, 7, 13, 27, 29, 3, 10, 2, 12, 9, 16, 11, 3, 7, 5, 9, 15, 0, 19, 27, 30, 5, 0, 17, 26, 12, 8, 0, 4, 1, 2, 29, 31, 15, 4]
convergência = [50, 50, 50, 50, 50, 50, 50, 50, 50, 50, 50, 49, 49, 49, 49, 49, 49, 49, 49, 49, 49, 49, 49, 49, 49, 49, 49, 49, 49, 49, 49, 49, 49, 49, 49, 49, 49, 49, 49, 49, 49, 49, 49, 49, 49, 49, 49, 49, 49, 49, 49, 49, 49, 49, 49, 49, 49, 49, 49, 49, 49, 49, 49, 49, 49, 49, 49, 49, 49, 49, 49, 49, 49, 49, 49, 48, 48, 48, 48, 48, 48, 48, 48, 48, 48, 48, 48, 48, 48, 48, 48, 48, 48, 48, 48, 48, 48, 48, 48, 48]

===== FIM =====
