===== RESULTADO BRKGA L(2,1) =====
Arquivo: /Users/mateuspedrosa/Documents/TCC-II/BRKGA/data/Harwell-Boeing_cleaned/bcsstk09_clean.mtx

----- Execução #1 -----
[INFO] Parou por estagnação.
Tempo de execução: 475738ms
Span (lambda): 45
best_order = [82, 365, 396, 106, 948, 1007, 726, 203, 215, 817, 232, 278, 674, 584, 163, 495, 1079, 400, 38, 219, 279, 555, 271, 973, 471, 844, 372, 1041, 736, 428, 214, 706, 505, 881, 842, 293, 892, 99, 266, 210, 574, 734, 641, 823, 405, 609, 32, 739, 40, 145, 581, 1064, 395, 687, 765, 732, 803, 9, 295, 286, 204, 545, 1082, 137, 213, 704, 514, 638, 148, 14, 233, 449, 326, 1010, 160, 392, 850, 58, 486, 871, 308, 645, 27, 402, 206, 245, 462, 267, 307, 780, 164, 1, 367, 556, 789, 559, 408, 478, 828, 426, 193, 1000, 47, 379, 702, 105, 618, 1048, 900, 167, 961, 969, 463, 190, 425, 332, 720, 1028, 894, 243, 220, 992, 908, 768, 443, 1044, 502, 262, 386, 292, 714, 982, 612, 510, 301, 552, 323, 390, 897, 452, 234, 697, 849, 318, 1003, 194, 39, 873, 320, 572, 953, 632, 944, 793, 717, 915, 1005, 387, 936, 330, 682, 1052, 604, 938, 902, 237, 693, 1023, 619, 941, 673, 231, 102, 802, 257, 1043, 114, 893, 118, 690, 547, 1063, 868, 191, 435, 269, 1076, 836, 398, 72, 251, 927, 812, 653, 740, 10, 22, 127, 997, 637, 459, 97, 925, 280, 903, 681, 258, 370, 413, 33, 567, 860, 537, 544, 727, 321, 439, 18, 928, 639, 831, 384, 489, 1017, 492, 845, 1078, 783, 126, 230, 182, 525, 858, 421, 289, 872, 482, 218, 147, 804, 409, 246, 53, 723, 1071, 861, 401, 36, 571, 169, 1016, 671, 907, 217, 747, 752, 255, 606, 414, 916, 198, 399, 177, 451, 15, 636, 515, 516, 896, 715, 548, 453, 962, 703, 355, 470, 433, 748, 333, 189, 728, 364, 538, 986, 26, 819, 863, 966, 790, 904, 731, 309, 85, 121, 236, 436, 539, 755, 380, 229, 911, 1009, 1008, 657, 613, 685, 551, 950, 794, 446, 138, 586, 302, 188, 1057, 454, 558, 664, 311, 228, 776, 152, 655, 248, 625, 331, 620, 603, 536, 423, 582, 506, 283, 140, 1075, 474, 629, 940, 951, 576, 155, 758, 249, 530, 820, 265, 16, 63, 381, 699, 535, 285, 764, 929, 977, 129, 578, 995, 744, 252, 587, 340, 832, 709, 96, 434, 151, 947, 250, 480, 134, 411, 1059, 357, 277, 862, 339, 627, 853, 1070, 985, 769, 359, 579, 437, 949, 153, 513, 815, 328, 608, 86, 1027, 304, 424, 373, 498, 376, 541, 298, 716, 996, 958, 963, 621, 195, 183, 999, 345, 889, 110, 415, 885, 825, 500, 827, 68, 1081, 910, 939, 464, 73, 705, 69, 1062, 635, 561, 888, 818, 491, 679, 123, 1038, 518, 1051, 142, 263, 841, 750, 1004, 122, 834, 496, 601, 416, 616, 696, 930, 501, 767, 745, 477, 57, 509, 598, 226, 1039, 633, 313, 649, 60, 895, 710, 281, 742, 338, 120, 383, 222, 946, 184, 305, 617, 61, 978, 718, 864, 450, 956, 154, 457, 686, 508, 444, 898, 854, 394, 568, 670, 79, 347, 814, 282, 1001, 759, 1073, 967, 838, 642, 499, 867, 1021, 960, 200, 623, 826, 701, 964, 856, 543, 157, 773, 721, 926, 602, 1080, 886, 998, 531, 314, 870, 735, 959, 176, 455, 869, 141, 442, 676, 512, 284, 352, 8, 78, 202, 291, 1046, 109, 527, 29, 417, 1013, 186, 1072, 945, 66, 52, 756, 325, 90, 846, 419, 526, 770, 797, 529, 4, 224, 45, 566, 689, 131, 691, 327, 149, 1065, 596, 811, 680, 1014, 989, 658, 523, 805, 695, 19, 270, 588, 272, 81, 934, 630, 80, 349, 865, 458, 878, 143, 1058, 488, 20, 1047, 607, 146, 225, 923, 952, 180, 583, 983, 3, 92, 447, 777, 235, 487, 809, 11, 150, 322, 125, 589, 1032, 403, 483, 101, 816, 891, 738, 503, 799, 287, 205, 187, 906, 159, 358, 55, 614, 166, 753, 71, 981, 441, 678, 431, 521, 1026, 303, 591, 813, 461, 1037, 808, 822, 524, 876, 6, 800, 273, 334, 1019, 59, 593, 21, 197, 580, 743, 979, 476, 1066, 98, 54, 504, 615, 932, 573, 397, 675, 211, 972, 497, 771, 130, 23, 843, 546, 990, 798, 173, 659, 1067, 312, 724, 350, 651, 801, 107, 64, 366, 87, 851, 553, 116, 730, 404, 665, 12, 445, 56, 824, 791, 1060, 299, 890, 165, 1020, 879, 51, 62, 1029, 1077, 316, 448, 253, 468, 25, 261, 954, 774, 833, 37, 410, 644, 324, 887, 528, 830, 935, 363, 683, 35, 787, 1049, 30, 223, 369, 119, 918, 49, 564, 1056, 533, 348, 901, 88, 103, 5, 201, 840, 922, 161, 1024, 466, 666, 28, 42, 729, 746, 83, 650, 848, 914, 779, 317, 975, 136, 115, 377, 788, 924, 610, 337, 100, 883, 315, 874, 472, 290, 335, 626, 971, 654, 970, 175, 622, 375, 31, 968, 171, 70, 1011, 371, 837, 980, 792, 430, 420, 374, 465, 713, 880, 648, 1018, 84, 899, 74, 494, 733, 955, 672, 987, 921, 669, 984, 429, 708, 1053, 382, 660, 1036, 855, 361, 300, 67, 238, 522, 942, 1074, 991, 297, 585, 181, 662, 212, 268, 594, 976, 857, 294, 821, 554, 757, 0, 276, 829, 406, 663, 360, 485, 94, 351, 549, 242, 342, 577, 741, 221, 2, 511, 108, 216, 781, 112, 782, 611, 711, 111, 1050, 264, 884, 179, 244, 158, 600, 517, 590, 725, 117, 362, 113, 570, 698, 185, 493, 341, 336, 640, 877, 354, 104, 1031, 162, 77, 624, 34, 905, 412, 875, 866, 519, 391, 132, 557, 707, 988, 208, 562, 775, 473, 139, 965, 772, 124, 599, 128, 356, 882, 595, 207, 847, 993, 796, 17, 778, 643, 520, 646, 569, 957, 456, 943, 256, 460, 65, 389, 1040, 41, 346, 810, 920, 694, 467, 44, 288, 353, 13, 48, 540, 974, 275, 481, 656, 93, 484, 1012, 296, 652, 1025, 937, 247, 170, 1006, 1022, 917, 852, 754, 722, 172, 597, 50, 761, 91, 227, 241, 46, 174, 1015, 550, 634, 240, 807, 475, 1061, 806, 239, 795, 766, 209, 507, 532, 534, 760, 7, 1055, 700, 1042, 259, 385, 661, 343, 712, 565, 605, 763, 542, 75, 784, 628, 994, 737, 199, 909, 407, 1069, 762, 560, 135, 1068, 344, 178, 668, 785, 1035, 913, 647, 393, 196, 427, 912, 156, 329, 835, 133, 274, 89, 1054, 667, 368, 1034, 438, 592, 422, 688, 254, 490, 378, 192, 168, 144, 95, 563, 931, 719, 319, 479, 933, 1033, 260, 786, 76, 919, 631, 388, 751, 1030, 859, 432, 575, 677, 692, 839, 418, 1045, 684, 310, 1002, 306, 440, 749, 43, 24, 469]
labeling = [9, 2, 6, 18, 16, 15, 22, 30, 4, 0, 3, 13, 16, 26, 2, 7, 9, 23, 3, 12, 10, 24, 2, 16, 26, 5, 6, 4, 12, 10, 19, 2, 1, 5, 31, 27, 12, 22, 0, 6, 4, 32, 27, 7, 1, 16, 31, 5, 32, 18, 23, 17, 14, 2, 10, 5, 12, 7, 0, 1, 12, 14, 28, 10, 25, 31, 24, 34, 6, 20, 32, 29, 5, 14, 31, 27, 39, 21, 17, 8, 19, 22, 0, 31, 33, 9, 13, 25, 29, 38, 16, 36, 17, 35, 18, 9, 19, 10, 20, 2, 29, 8, 13, 22, 30, 11, 0, 19, 21, 7, 8, 24, 22, 15, 3, 20, 17, 29, 5, 23, 21, 8, 19, 17, 39, 27, 11, 1, 40, 18, 30, 25, 33, 42, 13, 36, 29, 1, 11, 35, 15, 18, 14, 28, 42, 3, 23, 11, 8, 7, 24, 14, 13, 21, 23, 15, 41, 25, 28, 24, 9, 26, 33, 3, 6, 29, 27, 1, 34, 4, 26, 26, 22, 13, 32, 18, 11, 15, 37, 36, 26, 33, 13, 4, 22, 38, 23, 28, 0, 16, 6, 10, 44, 4, 7, 26, 40, 30, 5, 37, 20, 32, 21, 1, 6, 0, 4, 40, 26, 37, 5, 31, 34, 7, 4, 1, 38, 18, 17, 5, 12, 35, 20, 31, 10, 25, 17, 18, 14, 9, 2, 10, 0, 4, 7, 28, 6, 9, 31, 45, 43, 41, 35, 8, 37, 2, 14, 39, 20, 22, 9, 12, 24, 31, 41, 13, 2, 10, 17, 39, 43, 30, 9, 19, 38, 18, 2, 10, 35, 16, 27, 0, 20, 32, 42, 11, 36, 23, 2, 7, 14, 22, 13, 9, 15, 16, 3, 8, 30, 12, 19, 23, 5, 1, 17, 3, 40, 34, 18, 30, 32, 5, 11, 29, 25, 27, 34, 1, 3, 18, 42, 19, 29, 27, 28, 34, 25, 8, 14, 23, 15, 3, 13, 12, 33, 29, 8, 30, 24, 41, 15, 21, 6, 19, 34, 26, 30, 28, 24, 16, 11, 1, 24, 27, 32, 18, 34, 13, 25, 15, 21, 36, 20, 38, 22, 12, 13, 16, 21, 7, 36, 10, 38, 4, 15, 0, 23, 5, 21, 32, 11, 6, 0, 16, 22, 36, 21, 24, 31, 1, 5, 22, 37, 26, 17, 40, 4, 13, 43, 38, 10, 39, 8, 41, 25, 3, 0, 20, 6, 11, 0, 7, 4, 22, 29, 2, 31, 43, 0, 10, 27, 14, 39, 4, 6, 19, 2, 24, 31, 26, 30, 8, 33, 17, 20, 9, 7, 35, 2, 40, 38, 30, 43, 9, 17, 7, 18, 20, 42, 10, 45, 11, 28, 2, 27, 35, 20, 29, 37, 5, 18, 7, 12, 9, 4, 14, 36, 20, 1, 9, 42, 26, 6, 8, 19, 33, 5, 41, 30, 23, 9, 1, 35, 40, 11, 27, 28, 22, 3, 45, 13, 41, 12, 28, 31, 19, 4, 27, 25, 12, 3, 23, 14, 39, 33, 0, 25, 30, 23, 21, 24, 19, 9, 31, 33, 1, 15, 40, 23, 21, 2, 13, 16, 17, 3, 12, 14, 34, 21, 38, 40, 24, 36, 25, 28, 7, 3, 22, 32, 18, 17, 25, 42, 34, 36, 0, 4, 1, 6, 10, 39, 11, 32, 21, 8, 0, 29, 6, 16, 34, 41, 19, 5, 32, 36, 3, 6, 44, 13, 4, 39, 17, 36, 43, 28, 42, 26, 0, 19, 32, 32, 7, 2, 30, 0, 43, 11, 31, 16, 20, 29, 4, 15, 21, 0, 37, 12, 19, 8, 20, 14, 21, 44, 23, 30, 33, 16, 43, 14, 35, 37, 17, 24, 15, 2, 44, 10, 26, 11, 1, 28, 42, 8, 16, 27, 29, 20, 22, 7, 10, 11, 14, 34, 24, 30, 3, 12, 9, 20, 8, 27, 22, 5, 23, 33, 18, 13, 9, 6, 10, 27, 2, 24, 33, 31, 5, 29, 11, 28, 13, 27, 18, 41, 2, 26, 9, 40, 5, 22, 28, 30, 12, 33, 35, 18, 25, 21, 43, 37, 40, 23, 15, 38, 12, 2, 31, 25, 41, 23, 16, 21, 8, 6, 9, 34, 4, 13, 1, 35, 21, 3, 25, 37, 7, 36, 8, 22, 1, 34, 18, 43, 26, 7, 9, 3, 15, 1, 38, 34, 6, 12, 36, 29, 32, 3, 7, 13, 8, 20, 45, 6, 14, 39, 13, 7, 3, 0, 9, 17, 36, 33, 19, 5, 28, 4, 13, 0, 35, 19, 2, 1, 31, 7, 24, 16, 19, 29, 12, 15, 39, 20, 44, 14, 30, 40, 16, 25, 35, 12, 21, 39, 42, 44, 20, 10, 4, 43, 8, 0, 14, 24, 27, 38, 21, 31, 34, 15, 24, 41, 19, 4, 32, 27, 11, 42, 8, 24, 20, 22, 7, 18, 27, 17, 11, 10, 29, 22, 15, 22, 14, 18, 26, 2, 0, 9, 23, 32, 42, 33, 28, 38, 27, 6, 32, 17, 19, 28, 0, 14, 11, 13, 16, 26, 2, 30, 17, 19, 18, 5, 11, 37, 12, 16, 35, 18, 43, 10, 37, 28, 44, 35, 15, 2, 30, 1, 16, 26, 38, 32, 9, 3, 23, 20, 8, 12, 20, 10, 28, 6, 35, 3, 11, 17, 13, 18, 21, 36, 22, 4, 26, 24, 2, 1, 5, 34, 36, 23, 37, 22, 31, 35, 1, 40, 32, 39, 22, 29, 28, 25, 23, 30, 33, 3, 1, 7, 26, 14, 9, 23, 39, 5, 33, 12, 14, 19, 37, 28, 13, 0, 16, 1, 2, 33, 29, 16, 4, 8, 30, 25, 37, 24, 34, 29, 5, 30, 8, 16, 7, 10, 12, 15, 40, 29, 41, 20, 27, 7, 42, 8, 15, 9, 4, 34, 36, 6, 31, 27, 20, 0, 21, 17, 19, 29, 11, 31, 36, 22, 41, 21, 20, 24, 7, 17, 22, 25, 34, 6, 11, 5, 1, 19, 18, 12, 0, 22, 27, 31, 2, 14, 23, 32, 20, 3, 19, 35, 13, 9, 32, 38, 17, 25, 28, 3, 33, 12, 11, 13, 2, 21, 18, 5, 26, 38, 8, 24, 13, 35, 2, 15, 10, 6, 34, 16, 25, 27, 38, 8, 10, 30, 29, 31, 15, 26, 4, 20, 9, 9, 5, 3, 15, 21, 20, 7, 10, 35, 33, 17, 11, 6, 1, 4, 0, 18, 2, 5, 21, 14, 19, 1, 22, 30, 16, 0, 23, 37, 35, 29, 10, 28, 16, 22, 32, 3, 1, 4, 7, 23, 9, 40, 32, 18, 5, 2, 13, 23, 12, 3, 18, 1, 0, 13, 8, 2]
convergência = [46, 46, 46, 46, 46, 46, 46, 46, 46, 46, 46, 46, 46, 46, 46, 46, 46, 46, 46, 45, 45, 45, 45, 45, 45, 45, 45, 45, 45, 45, 45, 45, 45, 45, 45, 45, 45, 45, 45, 45, 45, 45, 45, 45, 45, 45, 45, 45, 45, 45, 45, 45, 45, 45, 45, 45, 45, 45, 45, 45, 45, 45, 45, 45, 45, 45, 45, 45, 45, 45, 45, 45, 45, 45, 45, 45, 45, 45, 45, 45, 45, 45, 45, 45, 45, 45, 45, 45, 45, 45, 45, 45, 45, 45, 45, 45, 45, 45, 45, 45, 45, 45, 45, 45, 45, 45, 45, 45, 45, 45, 45, 45, 45, 45, 45, 45, 45, 45, 45, 45, 45, 45, 45, 45, 45, 45, 45, 45, 45, 45, 45, 45, 45, 45, 45, 45, 45, 45, 45, 45, 45, 45, 45]

===== FIM =====
