===== RESULTADO BRKGA L(2,1) =====
Arquivo: /Users/mateuspedrosa/Documents/TCC-II/BRKGA/data/Harwell-Boeing_cleaned/bcsstk02_clean.mtx

----- Execução #1 -----
[INFO] Parou por estagnação.
Tempo de execução: 59306ms
Span (lambda): 130
best_order = [34, 16, 43, 14, 15, 53, 61, 24, 47, 63, 26, 60, 55, 64, 54, 46, 59, 57, 30, 48, 40, 49, 65, 9, 29, 4, 41, 6, 51, 32, 22, 58, 28, 11, 3, 0, 12, 33, 50, 2, 36, 37, 35, 25, 5, 56, 62, 44, 45, 39, 42, 1, 31, 18, 23, 10, 21, 17, 19, 7, 13, 38, 27, 8, 20, 52]
labeling = [70, 102, 78, 68, 50, 88, 54, 118, 126, 46, 110, 66, 72, 120, 6, 8, 2, 114, 106, 116, 128, 112, 60, 108, 14, 86, 20, 124, 64, 48, 36, 104, 58, 74, 0, 84, 80, 82, 122, 98, 40, 52, 100, 4, 94, 96, 30, 16, 38, 42, 76, 56, 130, 10, 28, 24, 90, 34, 62, 32, 22, 12, 92, 18, 26, 44]
convergência = [130, 130, 130, 130, 130, 130, 130, 130, 130, 130, 130, 130, 130, 130, 130, 130, 130, 130, 130, 130, 130, 130, 130, 130, 130, 130, 130, 130, 130, 130, 130, 130, 130, 130, 130, 130, 130, 130, 130, 130, 130, 130, 130, 130, 130, 130, 130, 130, 130, 130, 130, 130, 130, 130, 130, 130, 130, 130, 130, 130, 130, 130, 130, 130, 130, 130, 130, 130, 130, 130, 130, 130, 130, 130, 130, 130, 130, 130, 130, 130, 130, 130, 130, 130, 130, 130, 130, 130, 130, 130, 130, 130, 130, 130, 130, 130, 130, 130, 130, 130, 130, 130, 130, 130, 130, 130, 130, 130, 130, 130, 130, 130, 130, 130, 130, 130, 130, 130, 130, 130, 130, 130, 130, 130]

===== FIM =====
