===== RESULTADO BRKGA L(2,1) =====
Arquivo: /Users/mateuspedrosa/Documents/TCC-II/BRKGA/data/Harwell-Boeing_cleaned/bcsstm20_clean.mtx

----- Execução #1 -----
[INFO] Parou por estagnação.
Tempo de execução: 5736ms
Span (lambda): 0
best_order = [99, 309, 166, 417, 283, 410, 398, 262, 173, 34, 126, 97, 16, 214, 204, 233, 179, 409, 394, 351, 75, 343, 443, 307, 171, 322, 332, 198, 457, 43, 390, 268, 82, 427, 205, 412, 159, 480, 14, 345, 312, 303, 255, 15, 313, 87, 69, 67, 296, 402, 146, 261, 53, 453, 61, 418, 241, 24, 79, 77, 154, 357, 47, 416, 484, 321, 92, 243, 306, 132, 291, 63, 26, 248, 311, 285, 150, 482, 60, 387, 375, 55, 152, 423, 180, 169, 465, 203, 330, 95, 247, 399, 224, 192, 360, 293, 64, 341, 172, 234, 54, 191, 46, 231, 227, 211, 414, 108, 175, 295, 196, 274, 305, 444, 407, 455, 469, 464, 183, 374, 260, 430, 59, 315, 432, 104, 452, 413, 415, 57, 230, 197, 392, 336, 324, 213, 30, 85, 101, 320, 460, 339, 222, 356, 238, 266, 76, 328, 437, 429, 94, 129, 259, 481, 280, 78, 450, 113, 133, 127, 323, 467, 347, 200, 189, 48, 80, 90, 216, 406, 371, 302, 272, 176, 284, 445, 396, 250, 397, 40, 167, 440, 49, 141, 290, 65, 340, 337, 236, 462, 202, 461, 329, 9, 217, 358, 245, 115, 190, 389, 367, 400, 158, 304, 422, 81, 29, 439, 483, 316, 4, 124, 391, 435, 235, 131, 411, 352, 139, 199, 142, 41, 6, 51, 110, 466, 479, 161, 207, 405, 325, 32, 363, 381, 378, 365, 342, 22, 237, 58, 71, 287, 269, 249, 425, 195, 288, 121, 470, 353, 294, 434, 242, 232, 346, 170, 28, 86, 11, 186, 354, 208, 362, 3, 0, 256, 436, 317, 246, 84, 12, 33, 157, 134, 50, 107, 136, 383, 88, 105, 182, 348, 117, 257, 267, 96, 239, 338, 218, 187, 135, 379, 106, 2, 73, 125, 36, 185, 408, 153, 37, 35, 282, 130, 419, 181, 388, 220, 278, 472, 373, 424, 289, 25, 123, 350, 5, 138, 56, 137, 62, 128, 431, 212, 433, 44, 91, 264, 45, 314, 100, 206, 355, 39, 326, 226, 456, 369, 83, 119, 327, 201, 333, 160, 42, 112, 476, 370, 145, 178, 438, 148, 1, 93, 244, 162, 366, 120, 308, 319, 168, 188, 458, 229, 102, 74, 194, 253, 463, 475, 372, 215, 252, 310, 301, 31, 335, 18, 334, 23, 428, 265, 331, 10, 174, 376, 223, 21, 277, 344, 144, 156, 114, 446, 386, 384, 66, 292, 441, 98, 219, 17, 68, 468, 111, 155, 281, 393, 165, 380, 318, 297, 240, 163, 473, 151, 404, 19, 221, 279, 271, 116, 459, 118, 364, 7, 143, 140, 209, 254, 361, 368, 449, 300, 385, 147, 442, 13, 177, 401, 89, 263, 184, 474, 251, 276, 471, 38, 193, 27, 403, 228, 275, 454, 382, 109, 225, 122, 359, 395, 377, 349, 299, 273, 258, 103, 8, 477, 448, 298, 420, 164, 70, 72, 270, 20, 286, 447, 52, 426, 210, 421, 451, 478, 149]
labeling = [0, 0, 0, 0, 0, 0, 0, 0, 0, 0, 0, 0, 0, 0, 0, 0, 0, 0, 0, 0, 0, 0, 0, 0, 0, 0, 0, 0, 0, 0, 0, 0, 0, 0, 0, 0, 0, 0, 0, 0, 0, 0, 0, 0, 0, 0, 0, 0, 0, 0, 0, 0, 0, 0, 0, 0, 0, 0, 0, 0, 0, 0, 0, 0, 0, 0, 0, 0, 0, 0, 0, 0, 0, 0, 0, 0, 0, 0, 0, 0, 0, 0, 0, 0, 0, 0, 0, 0, 0, 0, 0, 0, 0, 0, 0, 0, 0, 0, 0, 0, 0, 0, 0, 0, 0, 0, 0, 0, 0, 0, 0, 0, 0, 0, 0, 0, 0, 0, 0, 0, 0, 0, 0, 0, 0, 0, 0, 0, 0, 0, 0, 0, 0, 0, 0, 0, 0, 0, 0, 0, 0, 0, 0, 0, 0, 0, 0, 0, 0, 0, 0, 0, 0, 0, 0, 0, 0, 0, 0, 0, 0, 0, 0, 0, 0, 0, 0, 0, 0, 0, 0, 0, 0, 0, 0, 0, 0, 0, 0, 0, 0, 0, 0, 0, 0, 0, 0, 0, 0, 0, 0, 0, 0, 0, 0, 0, 0, 0, 0, 0, 0, 0, 0, 0, 0, 0, 0, 0, 0, 0, 0, 0, 0, 0, 0, 0, 0, 0, 0, 0, 0, 0, 0, 0, 0, 0, 0, 0, 0, 0, 0, 0, 0, 0, 0, 0, 0, 0, 0, 0, 0, 0, 0, 0, 0, 0, 0, 0, 0, 0, 0, 0, 0, 0, 0, 0, 0, 0, 0, 0, 0, 0, 0, 0, 0, 0, 0, 0, 0, 0, 0, 0, 0, 0, 0, 0, 0, 0, 0, 0, 0, 0, 0, 0, 0, 0, 0, 0, 0, 0, 0, 0, 0, 0, 0, 0, 0, 0, 0, 0, 0, 0, 0, 0, 0, 0, 0, 0, 0, 0, 0, 0, 0, 0, 0, 0, 0, 0, 0, 0, 0, 0, 0, 0, 0, 0, 0, 0, 0, 0, 0, 0, 0, 0, 0, 0, 0, 0, 0, 0, 0, 0, 0, 0, 0, 0, 0, 0, 0, 0, 0, 0, 0, 0, 0, 0, 0, 0, 0, 0, 0, 0, 0, 0, 0, 0, 0, 0, 0, 0, 0, 0, 0, 0, 0, 0, 0, 0, 0, 0, 0, 0, 0, 0, 0, 0, 0, 0, 0, 0, 0, 0, 0, 0, 0, 0, 0, 0, 0, 0, 0, 0, 0, 0, 0, 0, 0, 0, 0, 0, 0, 0, 0, 0, 0, 0, 0, 0, 0, 0, 0, 0, 0, 0, 0, 0, 0, 0, 0, 0, 0, 0, 0, 0, 0, 0, 0, 0, 0, 0, 0, 0, 0, 0, 0, 0, 0, 0, 0, 0, 0, 0, 0, 0, 0, 0, 0, 0, 0, 0, 0, 0, 0, 0, 0, 0, 0, 0, 0, 0, 0, 0, 0, 0, 0, 0, 0, 0, 0, 0, 0, 0, 0, 0, 0]
convergência = [0, 0, 0, 0, 0, 0, 0, 0, 0, 0, 0, 0, 0, 0, 0, 0, 0, 0, 0, 0, 0, 0, 0, 0, 0, 0, 0, 0, 0, 0, 0, 0, 0, 0, 0, 0, 0, 0, 0, 0, 0, 0, 0, 0, 0, 0, 0, 0, 0, 0, 0, 0, 0, 0, 0, 0, 0, 0, 0, 0, 0, 0, 0, 0, 0, 0, 0, 0, 0, 0, 0, 0, 0, 0, 0, 0, 0, 0, 0, 0, 0, 0, 0, 0, 0, 0, 0, 0, 0, 0, 0, 0, 0, 0, 0, 0, 0, 0, 0, 0, 0, 0, 0, 0, 0, 0, 0, 0, 0, 0, 0, 0, 0, 0, 0, 0, 0, 0, 0, 0, 0, 0, 0, 0]

===== FIM =====
