===== RESULTADO BRKGA L(2,1) =====
Arquivo: /Users/mateuspedrosa/Documents/TCC-II/BRKGA/data/Harwell-Boeing_cleaned/bcsstm05_clean.mtx

----- Execução #1 -----
[INFO] Parou por estagnação.
Tempo de execução: 1523ms
Span (lambda): 0
best_order = [99, 34, 126, 97, 16, 75, 43, 82, 14, 15, 87, 69, 67, 146, 53, 61, 24, 79, 77, 47, 92, 132, 63, 26, 150, 60, 55, 152, 95, 64, 54, 46, 108, 59, 104, 57, 30, 85, 101, 76, 94, 129, 78, 113, 133, 127, 48, 80, 90, 40, 49, 141, 65, 9, 115, 81, 29, 4, 124, 131, 139, 142, 41, 6, 51, 110, 32, 22, 58, 71, 121, 28, 86, 11, 3, 0, 84, 12, 33, 134, 50, 107, 136, 88, 105, 117, 96, 135, 106, 2, 73, 125, 36, 37, 35, 130, 25, 123, 5, 138, 56, 137, 62, 128, 44, 91, 45, 100, 39, 83, 119, 42, 112, 145, 148, 1, 93, 120, 102, 74, 31, 18, 23, 10, 21, 144, 114, 66, 98, 17, 68, 111, 151, 19, 116, 118, 7, 143, 140, 147, 13, 89, 38, 27, 109, 122, 103, 8, 70, 72, 20, 52, 149]
labeling = [0, 0, 0, 0, 0, 0, 0, 0, 0, 0, 0, 0, 0, 0, 0, 0, 0, 0, 0, 0, 0, 0, 0, 0, 0, 0, 0, 0, 0, 0, 0, 0, 0, 0, 0, 0, 0, 0, 0, 0, 0, 0, 0, 0, 0, 0, 0, 0, 0, 0, 0, 0, 0, 0, 0, 0, 0, 0, 0, 0, 0, 0, 0, 0, 0, 0, 0, 0, 0, 0, 0, 0, 0, 0, 0, 0, 0, 0, 0, 0, 0, 0, 0, 0, 0, 0, 0, 0, 0, 0, 0, 0, 0, 0, 0, 0, 0, 0, 0, 0, 0, 0, 0, 0, 0, 0, 0, 0, 0, 0, 0, 0, 0, 0, 0, 0, 0, 0, 0, 0, 0, 0, 0, 0, 0, 0, 0, 0, 0, 0, 0, 0, 0, 0, 0, 0, 0, 0, 0, 0, 0, 0, 0, 0, 0, 0, 0, 0, 0, 0, 0, 0, 0]
convergência = [0, 0, 0, 0, 0, 0, 0, 0, 0, 0, 0, 0, 0, 0, 0, 0, 0, 0, 0, 0, 0, 0, 0, 0, 0, 0, 0, 0, 0, 0, 0, 0, 0, 0, 0, 0, 0, 0, 0, 0, 0, 0, 0, 0, 0, 0, 0, 0, 0, 0, 0, 0, 0, 0, 0, 0, 0, 0, 0, 0, 0, 0, 0, 0, 0, 0, 0, 0, 0, 0, 0, 0, 0, 0, 0, 0, 0, 0, 0, 0, 0, 0, 0, 0, 0, 0, 0, 0, 0, 0, 0, 0, 0, 0, 0, 0, 0, 0, 0, 0, 0, 0, 0, 0, 0, 0, 0, 0, 0, 0, 0, 0, 0, 0, 0, 0, 0, 0, 0, 0, 0, 0, 0, 0]

===== FIM =====
