===== RESULTADO BRKGA L(2,1) =====
Arquivo: /Users/mateuspedrosa/Documents/TCC-II/BRKGA/data/Harwell-Boeing_cleaned/bcsstk13_clean.mtx

----- Execução #1 -----
[INFO] Time limit atingido: 15 minutos. Interrompido no meio de uma geração.
Tempo de execução: 900012ms
Span (lambda): 134
best_order = [1922, 1998, 1950, 891, 328, 1308, 165, 926, 2002, 1372, 1755, 1499, 11, 103, 823, 504, 814, 609, 425, 934, 392, 1190, 899, 429, 14, 925, 5, 904, 338, 1747, 1674, 229, 1017, 700, 916, 1724, 1476, 1676, 309, 654, 1915, 1391, 601, 205, 1972, 605, 1741, 595, 740, 1423, 499, 591, 86, 726, 1016, 920, 1101, 1055, 1983, 1487, 78, 1705, 1215, 1479, 1452, 1483, 1425, 1171, 1253, 638, 22, 1992, 1163, 375, 1480, 409, 1132, 1073, 673, 164, 322, 713, 1361, 915, 225, 1645, 1343, 524, 1322, 1906, 1786, 892, 228, 1279, 1710, 238, 1628, 475, 748, 457, 1410, 15, 806, 1130, 418, 1481, 1173, 1914, 641, 1209, 1937, 788, 566, 822, 279, 606, 1722, 1952, 1599, 141, 800, 928, 828, 113, 871, 1910, 948, 128, 1389, 691, 391, 1985, 439, 618, 1590, 903, 832, 1935, 1005, 1136, 954, 1321, 1396, 1816, 1469, 755, 897, 1122, 1851, 256, 1119, 728, 1309, 516, 115, 295, 1491, 1313, 1075, 1790, 1531, 759, 366, 148, 1080, 8, 1633, 893, 410, 1349, 1315, 1378, 918, 1284, 448, 464, 408, 548, 1856, 1946, 1324, 1696, 1581, 1161, 1427, 1909, 1211, 337, 600, 537, 660, 555, 390, 1223, 1057, 1286, 1977, 1204, 855, 462, 770, 557, 412, 1668, 1646, 231, 1460, 1875, 592, 1374, 1802, 241, 31, 95, 1688, 1864, 1462, 1457, 1943, 443, 677, 82, 196, 1117, 458, 1035, 387, 1108, 890, 435, 1412, 544, 1767, 843, 1630, 132, 277, 869, 1195, 1917, 779, 1606, 1380, 1078, 1019, 785, 285, 1340, 1601, 1765, 1274, 1299, 526, 1071, 1836, 851, 1582, 1358, 531, 436, 627, 771, 996, 1275, 1198, 1124, 389, 219, 1712, 756, 1360, 1100, 1432, 39, 369, 821, 864, 492, 101, 472, 941, 1764, 1497, 345, 1179, 333, 1121, 572, 1867, 762, 1803, 1296, 1849, 445, 1445, 302, 1242, 1636, 1375, 123, 1717, 1523, 629, 76, 381, 1008, 752, 564, 1863, 1640, 1416, 1021, 951, 1250, 1524, 1713, 1853, 267, 1043, 1099, 1120, 194, 209, 178, 293, 37, 974, 923, 1586, 100, 1890, 937, 296, 1346, 1641, 603, 1580, 1773, 1848, 1205, 1387, 1678, 72, 1000, 715, 1519, 384, 1902, 1587, 1072, 1936, 972, 1345, 682, 678, 1379, 149, 994, 1595, 1329, 791, 901, 1342, 175, 1533, 503, 1473, 1617, 94, 1415, 1829, 594, 1536, 474, 106, 703, 1860, 646, 36, 1404, 136, 794, 1287, 1669, 137, 510, 880, 1246, 984, 931, 879, 1884, 542, 950, 760, 1430, 1155, 1583, 1568, 782, 878, 1300, 960, 575, 1023, 724, 644, 1183, 343, 1800, 1996, 831, 1014, 1352, 1550, 46, 1898, 1106, 1356, 1141, 710, 787, 1148, 512, 1740, 193, 1916, 108, 1919, 599, 906, 58, 684, 385, 1672, 529, 179, 1172, 1002, 421, 1738, 1307, 721, 776, 932, 206, 577, 1407, 243, 430, 894, 1797, 202, 1134, 1604, 1750, 922, 517, 212, 649, 1833, 1133, 1382, 716, 245, 1128, 1827, 1240, 1047, 998, 1894, 33, 363, 813, 1877, 135, 1159, 463, 1123, 320, 1268, 1142, 468, 1260, 1585, 1257, 476, 1638, 1754, 737, 808, 360, 522, 838, 1368, 1429, 1512, 1496, 1714, 645, 1081, 1096, 867, 371, 833, 1883, 886, 292, 1969, 997, 1325, 364, 359, 1441, 1331, 977, 92, 1515, 159, 672, 959, 792, 546, 130, 749, 1093, 1146, 1135, 1164, 883, 538, 588, 625, 896, 521, 50, 109, 793, 1989, 93, 683, 254, 607, 889, 1823, 739, 1597, 687, 554, 615, 427, 453, 1144, 1139, 1605, 1783, 1632, 781, 1758, 1406, 1137, 936, 1435, 1328, 1116, 1766, 1323, 63, 1003, 268, 264, 1059, 1, 1185, 1684, 1635, 318, 1509, 1403, 1850, 393, 1886, 1383, 1088, 1940, 1542, 1882, 933, 1310, 732, 502, 1792, 632, 197, 187, 626, 1150, 839, 51, 731, 616, 1153, 414, 1650, 985, 1370, 284, 271, 1397, 1725, 1976, 266, 1532, 1145, 1619, 2, 1248, 1447, 1905, 1891, 1771, 1516, 81, 461, 1567, 1034, 1486, 619, 21, 1294, 1207, 1904, 127, 1663, 1525, 68, 400, 1451, 1680, 651, 1753, 1809, 1206, 743, 1514, 184, 585, 83, 1709, 317, 697, 1102, 978, 783, 378, 1177, 1502, 1269, 786, 1799, 323, 1489, 706, 911, 1561, 73, 656, 885, 27, 914, 281, 2001, 138, 1701, 162, 480, 631, 870, 455, 1239, 1960, 971, 1614, 1872, 1644, 1448, 764, 1608, 824, 1079, 992, 1609, 298, 1801, 1428, 42, 372, 1934, 853, 848, 1761, 1612, 527, 53, 270, 1247, 1603, 1932, 297, 1930, 1624, 1692, 272, 921, 1518, 174, 1442, 968, 1013, 1808, 1896, 1671, 1303, 1686, 1138, 1067, 403, 1125, 1245, 346, 1999, 1065, 1025, 676, 1453, 497, 1417, 1804, 1682, 467, 1277, 65, 170, 299, 1450, 1642, 1757, 1731, 304, 1413, 473, 573, 699, 26, 147, 1793, 1806, 250, 1538, 201, 1957, 1465, 1973, 1468, 1126, 1291, 784, 116, 1262, 379, 597, 348, 40, 567, 1868, 347, 613, 1140, 1333, 1107, 908, 1559, 301, 1064, 900, 1927, 273, 146, 1373, 695, 198, 9, 1736, 1037, 61, 1482, 665, 1691, 1420, 963, 49, 282, 1794, 43, 1118, 1513, 423, 98, 841, 1939, 1981, 222, 173, 652, 1182, 1066, 669, 945, 1001, 1032, 80, 754, 1966, 602, 1052, 1839, 470, 777, 558, 535, 236, 234, 1400, 1815, 514, 397, 882, 735, 454, 1949, 191, 686, 2000, 1042, 1613, 353, 1301, 358, 986, 169, 634, 121, 168, 1212, 850, 484, 1842, 1776, 670, 849, 306, 561, 192, 308, 865, 917, 55, 1620, 553, 1666, 528, 1859, 1252, 1749, 87, 1363, 1683, 707, 388, 1871, 1500, 1077, 1026, 1699, 1098, 1819, 1658, 180, 1520, 815, 118, 402, 1852, 1510, 576, 1778, 840, 253, 195, 235, 1169, 1265, 1876, 712, 283, 30, 248, 1306, 1746, 701, 1817, 1433, 1028, 1051, 1551, 1673, 1006, 559, 624, 1944, 1503, 1355, 775, 404, 1784, 1618, 1220, 1665, 213, 1805, 386, 217, 1760, 230, 70, 1903, 411, 1347, 158, 1511, 866, 167, 1785, 321, 1707, 444, 773, 1697, 142, 1085, 582, 1956, 1170, 1838, 405, 214, 131, 242, 662, 1975, 1926, 1282, 1908, 1589, 460, 7, 133, 659, 746, 708, 47, 1188, 991, 1341, 1807, 311, 1390, 568, 1168, 584, 1095, 993, 1348, 249, 702, 530, 1789, 1381, 1459, 1594, 1865, 494, 486, 124, 1759, 120, 0, 469, 1751, 1288, 1049, 663, 790, 844, 1572, 186, 1251, 1967, 1564, 88, 1202, 860, 357, 1841, 1506, 1254, 452, 1421, 349, 1191, 1226, 1543, 1592, 1263, 1866, 1200, 1925, 999, 1362, 420, 1774, 221, 1038, 1084, 938, 1231, 1693, 924, 482, 1625, 1234, 589, 257, 969, 1924, 639, 1878, 419, 1769, 1338, 1229, 294, 939, 1529, 351, 1040, 725, 259, 767, 895, 681, 621, 1993, 774, 1822, 1369, 1656, 1798, 802, 490, 604, 1210, 1336, 1899, 519, 1507, 1127, 1472, 1152, 1941, 1471, 935, 667, 1160, 1162, 314, 105, 1327, 1440, 562, 1961, 711, 1475, 1775, 1218, 1627, 1319, 45, 1913, 872, 1353, 1727, 67, 1845, 1814, 633, 825, 1466, 747, 545, 1203, 949, 157, 487, 96, 3, 696, 1228, 1020, 1283, 69, 640, 523, 560, 1988, 1723, 1530, 778, 705, 1544, 1718, 433, 1366, 1436, 208, 326, 1552, 967, 727, 62, 856, 1258, 694, 1703, 1748, 947, 642, 160, 97, 1271, 1548, 1224, 975, 827, 1923, 1897, 1874, 907, 1547, 450, 1334, 1197, 1770, 119, 1600, 1643, 1562, 846, 489, 1607, 260, 1357, 1637, 24, 1796, 817, 1907, 804, 336, 805, 861, 1401, 1951, 12, 1880, 1821, 1278, 847, 139, 943, 1933, 859, 1719, 757, 761, 1772, 614, 765, 1920, 122, 493, 583, 324, 1555, 204, 1392, 451, 89, 1527, 881, 1053, 143, 930, 1091, 1695, 1694, 1826, 674, 598, 552, 1272, 536, 1467, 276, 1570, 1166, 190, 1541, 736, 970, 818, 1657, 1350, 586, 766, 1912, 1522, 1576, 377, 479, 1295, 1698, 415, 77, 1046, 1575, 1454, 1929, 809, 75, 581, 1186, 41, 1729, 1233, 1730, 287, 1320, 1385, 905, 1335, 1395, 698, 1484, 1289, 734, 383, 1222, 1281, 114, 637, 1192, 1045, 1893, 374, 875, 20, 1041, 1588, 593, 380, 812, 1685, 758, 203, 797, 587, 218, 1965, 1870, 1438, 211, 1545, 1782, 1888, 1762, 252, 1659, 1844, 481, 144, 263, 1571, 1579, 1082, 417, 1371, 1174, 111, 898, 796, 829, 547, 979, 1165, 1090, 509, 153, 1364, 483, 1184, 811, 10, 1478, 961, 1386, 199, 189, 54, 261, 1602, 1869, 1647, 966, 382, 1664, 107, 1791, 1986, 17, 1219, 71, 1290, 1622, 1143, 1156, 1058, 982, 104, 578, 1928, 1216, 525, 305, 953, 1721, 1517, 471, 1505, 1086, 1236, 394, 753, 1629, 1076, 1667, 729, 574, 1147, 1980, 334, 1267, 59, 723, 1955, 1384, 534, 1449, 636, 668, 990, 28, 1089, 955, 1813, 1670, 1332, 1070, 316, 1649, 161, 1244, 258, 798, 1971, 1700, 1477, 1631, 207, 1557, 1194, 873, 319, 852, 1337, 1887, 200, 91, 1648, 151, 1743, 1777, 1180, 35, 580, 704, 768, 579, 1456, 533, 38, 1039, 1651, 246, 952, 1004, 807, 518, 440, 1862, 1494, 1832, 376, 1837, 32, 799, 1879, 413, 216, 857, 1063, 332, 1490, 1742, 356, 1708, 858, 664, 1854, 1311, 692, 1249, 1217, 1990, 240, 1675, 1488, 312, 570, 506, 1528, 220, 227, 1830, 112, 367, 635, 1214, 1947, 247, 145, 1549, 1437, 1351, 1554, 1175, 1317, 262, 176, 608, 1033, 1504, 315, 330, 1048, 110, 1942, 717, 1302, 622, 876, 29, 810, 1455, 183, 750, 1563, 803, 679, 556, 399, 1615, 1235, 540, 1474, 1154, 340, 751, 643, 1178, 590, 265, 1565, 1394, 1847, 1298, 477, 365, 1997, 215, 1825, 496, 1824, 156, 1104, 1418, 657, 1689, 1359, 1444, 171, 1266, 976, 1061, 1831, 772, 648, 1151, 1895, 550, 1264, 1558, 1881, 819, 1241, 913, 1702, 1737, 329, 66, 919, 361, 508, 280, 1044, 962, 1560, 1434, 830, 1112, 837, 511, 1422, 1111, 1103, 1232, 964, 1811, 331, 617, 988, 596, 129, 1409, 868, 485, 720, 74, 1662, 1979, 188, 685, 1812, 1958, 1176, 1677, 733, 1054, 307, 1984, 1577, 1377, 1304, 1970, 658, 269, 1009, 1083, 722, 957, 244, 226, 946, 1795, 237, 835, 1537, 1018, 85, 981, 1616, 288, 459, 1237, 210, 689, 745, 551, 816, 64, 224, 1446, 23, 354, 1149, 352, 549, 1846, 1911, 620, 1535, 611, 834, 507, 426, 1464, 1344, 1978, 1495, 232, 571, 1458, 166, 90, 362, 854, 1818, 181, 1584, 185, 1230, 1593, 368, 944, 1056, 1553, 1388, 569, 688, 1292, 1569, 1964, 1540, 1995, 1763, 1598, 1654, 335, 1402, 1626, 505, 424, 1036, 1901, 836, 1015, 1498, 1732, 500, 1781, 102, 126, 177, 789, 666, 1256, 1470, 447, 801, 956, 99, 1062, 1711, 1285, 1596, 34, 1105, 1208, 1199, 152, 355, 1485, 1201, 395, 610, 4, 1305, 1261, 431, 303, 714, 680, 1546, 434, 1461, 449, 125, 1443, 742, 730, 406, 313, 1840, 182, 154, 1193, 1623, 1787, 446, 671, 541, 1706, 1735, 1752, 1521, 1414, 1109, 1501, 1187, 884, 1273, 1297, 1963, 1167, 1918, 989, 1828, 1255, 491, 973, 1655, 1889, 888, 1653, 25, 1050, 1354, 942, 661, 780, 515, 1326, 172, 1131, 874, 1376, 842, 13, 709, 1652, 1591, 1931, 1493, 1087, 1634, 1539, 1843, 738, 690, 820, 1113, 16, 19, 1408, 289, 1022, 1810, 983, 1788, 1031, 341, 251, 1280, 910, 845, 498, 1578, 79, 1873, 693, 718, 769, 1534, 877, 1726, 912, 1024, 1398, 1744, 398, 255, 1314, 56, 286, 339, 501, 940, 1835, 290, 1259, 422, 1405, 655, 278, 233, 1991, 274, 513, 1610, 1994, 719, 1573, 532, 478, 1556, 826, 325, 441, 1690, 1611, 291, 140, 612, 1566, 1027, 52, 1938, 48, 1857, 344, 438, 370, 155, 1157, 239, 1982, 1720, 6, 300, 1030, 1012, 1745, 163, 18, 134, 416, 456, 565, 1855, 1716, 1270, 1293, 1968, 1526, 1276, 1679, 1060, 1011, 1316, 1330, 1029, 1621, 1221, 432, 1339, 795, 1399, 1010, 539, 1953, 1715, 1007, 1129, 1768, 863, 543, 1158, 1861, 495, 44, 373, 327, 407, 1312, 623, 396, 1987, 927, 1238, 1426, 57, 1393, 675, 1411, 1365, 401, 1419, 862, 1661, 350, 1858, 1974, 1954, 630, 1780, 428, 1439, 1092, 995, 902, 763, 1213, 1189, 466, 741, 465, 1687, 342, 1779, 442, 1069, 84, 1463, 1892, 1574, 1243, 1834, 1225, 1900, 1110, 1114, 1074, 1196, 1921, 150, 1660, 563, 488, 1734, 1097, 1945, 909, 1492, 647, 275, 223, 1639, 653, 987, 965, 980, 650, 1948, 117, 1181, 1728, 1681, 60, 1424, 1959, 1508, 1733, 1820, 437, 1068, 1227, 1318, 1094, 1962, 1431, 1367, 887, 1704, 1756, 958, 1115, 310, 744, 929, 520, 628, 1885, 1739]
labeling = [26, 7, 15, 29, 45, 4, 71, 22, 10, 12, 43, 2, 24, 60, 1, 6, 65, 28, 68, 58, 33, 11, 4, 34, 31, 2, 14, 9, 45, 51, 1, 5, 22, 1, 54, 5, 1, 11, 24, 1, 16, 35, 8, 6, 27, 8, 6, 20, 31, 10, 2, 4, 22, 17, 28, 16, 26, 43, 0, 55, 65, 30, 35, 9, 62, 20, 50, 42, 6, 46, 39, 41, 17, 37, 70, 59, 15, 53, 3, 78, 40, 25, 11, 34, 74, 72, 1, 21, 33, 48, 43, 35, 5, 16, 12, 0, 25, 15, 13, 2, 4, 2, 46, 0, 39, 4, 8, 44, 24, 28, 68, 61, 64, 7, 40, 9, 18, 45, 30, 38, 29, 29, 31, 6, 41, 51, 48, 20, 3, 4, 21, 36, 6, 16, 50, 1, 15, 16, 26, 37, 62, 7, 27, 40, 42, 48, 29, 21, 0, 13, 87, 56, 66, 50, 80, 83, 63, 40, 30, 17, 47, 52, 19, 49, 5, 0, 68, 32, 28, 20, 18, 16, 50, 24, 13, 14, 21, 3, 3, 11, 42, 31, 37, 15, 15, 47, 45, 18, 68, 52, 49, 38, 19, 14, 6, 27, 3, 29, 35, 51, 62, 33, 12, 46, 54, 4, 10, 60, 52, 20, 70, 56, 16, 37, 39, 65, 69, 28, 57, 17, 71, 42, 27, 55, 38, 6, 0, 49, 2, 0, 48, 11, 72, 69, 13, 36, 8, 25, 4, 75, 53, 9, 15, 3, 10, 16, 28, 50, 17, 41, 3, 52, 39, 20, 5, 59, 1, 34, 31, 31, 29, 42, 4, 39, 16, 48, 11, 8, 14, 57, 19, 18, 24, 15, 62, 64, 36, 4, 51, 2, 56, 23, 30, 39, 0, 13, 7, 48, 56, 62, 60, 57, 7, 22, 40, 7, 11, 30, 27, 33, 90, 37, 21, 79, 31, 63, 34, 35, 40, 1, 3, 30, 61, 73, 41, 63, 59, 31, 18, 57, 11, 33, 3, 24, 44, 71, 22, 77, 0, 67, 51, 54, 47, 10, 26, 58, 23, 2, 0, 50, 10, 44, 60, 13, 43, 6, 26, 28, 18, 34, 52, 9, 36, 21, 27, 40, 36, 38, 25, 15, 14, 30, 53, 12, 16, 23, 5, 41, 55, 4, 46, 0, 25, 58, 37, 0, 53, 47, 22, 27, 40, 8, 49, 38, 12, 17, 32, 6, 30, 10, 7, 3, 1, 15, 40, 45, 39, 20, 57, 49, 19, 32, 17, 17, 29, 32, 42, 49, 8, 1, 6, 35, 7, 55, 20, 50, 69, 53, 5, 45, 43, 9, 75, 34, 79, 0, 68, 23, 87, 2, 25, 81, 91, 50, 83, 13, 15, 94, 88, 7, 67, 86, 92, 11, 44, 19, 82, 60, 9, 55, 3, 45, 43, 21, 31, 25, 6, 3, 8, 48, 27, 17, 0, 17, 6, 63, 41, 22, 7, 35, 28, 51, 2, 19, 5, 2, 5, 55, 54, 35, 8, 41, 33, 43, 25, 45, 0, 35, 59, 27, 29, 51, 5, 37, 24, 31, 13, 21, 53, 2, 50, 52, 18, 11, 0, 17, 46, 48, 42, 38, 6, 9, 15, 57, 24, 50, 3, 13, 37, 23, 52, 14, 7, 19, 0, 33, 11, 20, 25, 9, 30, 9, 23, 47, 42, 23, 36, 4, 14, 56, 34, 8, 8, 58, 7, 22, 4, 30, 1, 44, 30, 32, 19, 20, 16, 10, 34, 12, 10, 26, 31, 21, 29, 58, 4, 56, 7, 15, 25, 45, 1, 40, 6, 15, 27, 10, 26, 12, 38, 39, 45, 28, 11, 33, 17, 20, 25, 2, 16, 25, 39, 3, 5, 17, 14, 6, 34, 18, 28, 12, 8, 2, 17, 9, 19, 4, 4, 19, 32, 0, 42, 14, 47, 0, 10, 13, 15, 52, 2, 24, 46, 37, 41, 64, 31, 21, 18, 3, 54, 7, 67, 28, 22, 48, 30, 60, 35, 35, 5, 33, 4, 1, 51, 56, 14, 19, 12, 70, 62, 17, 89, 26, 32, 82, 0, 59, 23, 31, 11, 23, 8, 80, 42, 44, 54, 29, 66, 47, 58, 36, 40, 85, 13, 0, 15, 67, 7, 11, 10, 63, 69, 49, 4, 20, 18, 72, 38, 27, 77, 74, 28, 6, 21, 52, 1, 13, 51, 30, 55, 35, 1, 43, 46, 22, 61, 53, 33, 41, 23, 25, 11, 23, 4, 2, 57, 9, 14, 37, 17, 68, 70, 26, 76, 65, 24, 48, 3, 54, 9, 51, 77, 23, 29, 73, 59, 39, 56, 16, 80, 32, 0, 89, 78, 34, 83, 63, 40, 50, 3, 20, 46, 66, 14, 41, 20, 8, 6, 26, 49, 10, 16, 4, 6, 39, 27, 29, 13, 11, 58, 72, 12, 19, 64, 18, 46, 42, 24, 37, 55, 0, 6, 26, 20, 28, 35, 10, 29, 18, 5, 59, 44, 14, 17, 8, 16, 55, 51, 31, 38, 49, 3, 53, 28, 34, 46, 43, 5, 37, 26, 2, 69, 58, 49, 24, 1, 38, 71, 39, 35, 56, 61, 12, 8, 1, 10, 37, 65, 23, 4, 6, 40, 18, 7, 12, 0, 54, 63, 35, 9, 10, 44, 16, 30, 1, 35, 46, 25, 31, 25, 38, 34, 13, 58, 21, 76, 10, 48, 71, 86, 75, 34, 66, 111, 62, 15, 42, 44, 29, 67, 23, 45, 16, 59, 93, 114, 74, 66, 71, 21, 5, 27, 64, 56, 32, 76, 48, 26, 82, 85, 29, 16, 0, 14, 22, 36, 54, 36, 9, 61, 3, 27, 14, 100, 12, 4, 82, 41, 80, 53, 125, 122, 6, 97, 89, 43, 2, 7, 57, 26, 110, 9, 62, 30, 20, 72, 6, 2, 116, 8, 108, 57, 13, 23, 58, 4, 87, 43, 39, 79, 81, 105, 1, 91, 78, 113, 25, 75, 59, 8, 64, 22, 33, 107, 103, 15, 17, 119, 96, 130, 20, 18, 32, 70, 49, 93, 128, 81, 76, 47, 66, 90, 23, 12, 61, 10, 35, 53, 3, 30, 9, 125, 43, 41, 2, 19, 24, 34, 87, 79, 34, 46, 7, 32, 39, 11, 54, 1, 23, 17, 56, 22, 44, 26, 32, 66, 10, 60, 114, 16, 112, 129, 127, 124, 42, 27, 85, 3, 1, 78, 13, 58, 14, 76, 19, 80, 51, 54, 101, 47, 113, 109, 120, 67, 102, 63, 12, 83, 41, 77, 104, 84, 99, 68, 35, 115, 97, 94, 33, 106, 75, 122, 73, 71, 82, 74, 5, 94, 8, 91, 52, 126, 108, 100, 50, 39, 35, 46, 23, 60, 10, 49, 11, 14, 5, 13, 5, 54, 44, 31, 60, 24, 39, 85, 118, 72, 46, 65, 104, 45, 105, 101, 71, 121, 38, 132, 67, 28, 117, 19, 8, 8, 2, 51, 111, 44, 84, 5, 55, 4, 79, 91, 73, 98, 123, 128, 136, 52, 28, 70, 21, 37, 29, 18, 50, 20, 62, 65, 26, 15, 3, 4, 84, 2, 7, 0, 25, 6, 43, 64, 40, 69, 36, 31, 29, 18, 37, 28, 98, 45, 117, 59, 111, 86, 61, 96, 21, 90, 121, 130, 49, 89, 25, 92, 7, 55, 93, 88, 118, 34, 65, 69, 11, 46, 19, 95, 100, 107, 37, 99, 18, 97, 122, 50, 24, 45, 33, 61, 106, 73, 126, 3, 28, 5, 42, 3, 17, 13, 11, 0, 68, 51, 51, 22, 2, 8, 20, 55, 47, 105, 11, 63, 19, 32, 99, 73, 5, 102, 108, 79, 95, 69, 127, 91, 17, 52, 106, 50, 139, 88, 83, 120, 74, 116, 77, 56, 87, 68, 94, 123, 58, 48, 109, 26, 137, 92, 63, 13, 40, 42, 98, 11, 62, 47, 1, 69, 89, 21, 15, 57, 59, 17, 6, 22, 31, 39, 30, 77, 72, 12, 20, 88, 70, 22, 34, 1, 13, 119, 66, 80, 4, 11, 79, 68, 78, 3, 103, 9, 34, 81, 90, 95, 53, 76, 113, 36, 34, 7, 93, 52, 27, 38, 72, 109, 48, 112, 116, 76, 47, 0, 12, 56, 114, 135, 23, 130, 16, 133, 103, 141, 20, 80, 3, 17, 57, 23, 51, 113, 70, 30, 31, 135, 53, 103, 60, 52, 68, 75, 38, 56, 86, 13, 47, 21, 15, 127, 42, 40, 78, 80, 5, 90, 112, 15, 17, 72, 15, 44, 96, 32, 121, 34, 13, 82, 71, 94, 31, 6, 77, 12, 86, 54, 100, 0, 66, 25, 33, 107, 82, 12, 38, 30, 75, 41, 49, 113, 81, 84, 36, 124, 14, 9, 1, 48, 58, 39, 4, 0, 24, 129, 131, 40, 70, 96, 2, 8, 3, 32, 23, 27, 20, 0, 35, 2, 25, 54, 2, 10, 33, 90, 135, 67, 28, 43, 3, 104, 7, 118, 18, 60, 45, 43, 139, 10, 58, 117, 36, 83, 71, 43, 124, 64, 46, 61, 126, 122, 21, 93, 35, 37, 115, 64, 57, 1, 62, 107, 115, 108, 12, 119, 62, 9, 133, 26, 137, 125, 66, 93, 104, 68, 8, 131, 91, 85, 35, 84, 81, 1, 105, 101, 2, 8, 10, 44, 6, 60, 111, 51, 4, 119, 59, 117, 14, 138, 112, 67, 84, 28, 27, 125, 2, 71, 128, 46, 55, 101, 50, 32, 64, 115, 41, 73, 79, 18, 24, 4, 17, 24, 112, 60, 30, 67, 121, 108, 10, 6, 1, 85, 83, 97, 74, 94, 19, 52, 33, 124, 104, 5, 114, 44, 134, 129, 106, 54, 82, 16, 32, 8, 32, 15, 87, 24, 39, 75, 99, 45, 17, 82, 68, 42, 13, 51, 27, 10, 33, 48, 72, 29, 5, 16, 37, 1, 23, 28, 63, 18, 16, 46, 54, 106, 87, 14, 4, 6, 19, 96, 31, 17, 21, 52, 40, 0, 80, 50, 75, 47, 24, 68, 33, 122, 3, 92, 20, 109, 39, 25, 34, 11, 81, 42, 44, 83, 74, 18, 12, 38, 71, 85, 6, 43, 35, 8, 69, 64, 84, 10, 60, 91, 62, 11, 34, 16, 63, 19, 14, 116, 29, 22, 50, 31, 138, 26, 28, 41, 54, 38, 5, 7, 79, 83, 66, 2, 75, 112, 65, 48, 94, 49, 97, 49, 99, 128, 89, 110, 37, 111, 79, 74, 90, 7, 27, 102, 39, 29, 45, 2, 78, 5, 82, 8, 108, 36, 135, 53, 67, 9, 20, 22, 70, 15, 93, 119, 70, 55, 89, 105, 103, 13, 30, 40, 16, 37, 19, 37, 32, 73, 4, 107, 57, 86, 36, 9, 108, 20, 23, 30, 130, 127, 24, 95, 101, 132, 61, 12, 58, 1, 35, 96, 52, 140, 73, 76, 32, 88, 120, 136, 114, 53, 92, 11, 24, 11, 6, 28, 26, 43, 81, 22, 3, 46, 39, 5, 7, 49, 20, 14, 1, 29, 14, 16, 18, 9, 1, 74, 104, 21, 18, 4, 15, 134, 85, 97, 47, 99, 25, 45, 56, 69, 106, 42, 102, 91, 59, 71, 33, 78, 82, 0, 121, 124, 87, 17, 110, 40, 63, 72, 123, 98, 37, 88, 48, 30, 46, 18, 23, 51, 76, 65, 86, 61, 32, 100, 84, 98, 60, 73, 59, 16, 77, 120, 69, 130, 63, 48, 13, 116, 113, 95, 41, 121, 20, 88, 86, 77, 38, 94, 63, 19, 81, 44, 41, 118, 54, 52, 20, 48, 40, 76, 116, 31, 11, 34, 7, 65, 29, 93, 109, 10, 79, 60, 36, 23, 95, 73, 13, 2, 57, 61, 5, 9, 1, 62, 26, 50, 126, 66, 22, 75, 43, 90, 113, 100, 17, 12, 21, 0, 33, 15, 59, 33, 67, 19, 32, 72, 64, 27, 103, 49, 92, 35, 70, 122, 105, 25, 80, 45, 42, 8, 68, 84, 20, 11, 30, 21, 51, 7, 4, 22, 16, 30, 39, 102, 132, 0, 2, 37, 4, 60, 55, 83, 96, 53, 107, 38, 66, 58, 14, 28, 9, 75, 41, 23, 54, 81, 17, 52, 87, 15, 74, 78, 50, 2, 27, 10, 136, 107, 83, 55, 47, 85, 99, 34, 71, 128, 67, 40, 70, 57, 62, 111, 31, 118, 109, 3, 49, 45, 53, 29, 21, 104, 94, 91, 56, 126, 7, 23, 12, 48, 26, 13, 26, 46, 122, 6, 64, 92, 115, 36, 89, 0, 43, 30, 25, 4]
convergência = [139, 139, 137, 137, 137, 137, 137, 137, 136, 135, 135, 135, 135, 135, 135, 134, 134, 134, 134, 134]

===== FIM =====
