===== RESULTADO BRKGA L(2,1) =====
Arquivo: /Users/mateuspedrosa/Documents/TCC-II/BRKGA/data/Harwell-Boeing_cleaned/bcsstm10_clean.mtx

----- Execução #1 -----
[INFO] Parou por estagnação.
Tempo de execução: 789736ms
Span (lambda): 48
best_order = [912, 725, 213, 89, 958, 212, 955, 982, 505, 332, 393, 992, 1067, 859, 843, 871, 892, 743, 695, 761, 103, 99, 333, 908, 511, 253, 802, 1044, 280, 44, 1031, 703, 53, 68, 693, 80, 953, 806, 512, 196, 312, 825, 147, 1025, 935, 239, 178, 926, 713, 936, 329, 184, 626, 883, 342, 42, 232, 1056, 822, 1058, 994, 318, 957, 457, 392, 436, 481, 906, 1024, 167, 1051, 282, 611, 655, 805, 589, 205, 459, 638, 1052, 358, 98, 576, 241, 340, 91, 709, 330, 86, 528, 995, 1023, 1011, 246, 124, 335, 1076, 1078, 519, 842, 604, 109, 62, 47, 702, 811, 417, 118, 431, 26, 293, 275, 667, 555, 768, 207, 821, 724, 378, 271, 717, 722, 31, 155, 307, 885, 13, 1048, 1074, 545, 12, 615, 454, 600, 844, 369, 933, 836, 583, 360, 659, 87, 115, 902, 592, 1083, 647, 58, 462, 882, 395, 1017, 808, 650, 343, 644, 772, 879, 215, 179, 759, 876, 357, 895, 368, 1042, 535, 22, 890, 237, 788, 322, 1006, 198, 585, 1057, 972, 875, 328, 1029, 264, 304, 152, 1045, 149, 552, 82, 132, 770, 852, 1059, 107, 1020, 603, 130, 292, 363, 978, 182, 421, 601, 1081, 134, 534, 544, 170, 751, 755, 144, 925, 20, 29, 787, 893, 1009, 731, 785, 443, 676, 1084, 372, 48, 763, 221, 920, 157, 240, 455, 996, 54, 496, 331, 140, 985, 43, 620, 789, 915, 865, 944, 38, 975, 346, 469, 748, 740, 651, 839, 148, 117, 70, 715, 1013, 949, 765, 988, 621, 317, 868, 238, 728, 798, 14, 347, 39, 301, 263, 411, 607, 831, 853, 1014, 554, 1022, 441, 303, 653, 464, 901, 211, 383, 708, 456, 116, 112, 181, 397, 746, 619, 642, 156, 433, 427, 961, 180, 104, 451, 504, 225, 692, 543, 337, 846, 976, 69, 984, 30, 114, 371, 402, 983, 764, 476, 510, 375, 311, 540, 1016, 872, 308, 485, 268, 579, 558, 296, 309, 916, 499, 163, 490, 697, 447, 483, 503, 1033, 513, 660, 224, 73, 260, 28, 924, 294, 220, 795, 542, 120, 229, 3, 66, 526, 847, 688, 922, 440, 570, 773, 981, 559, 752, 233, 1071, 164, 662, 348, 776, 177, 1050, 467, 40, 176, 350, 649, 930, 643, 903, 819, 50, 52, 977, 962, 524, 137, 55, 993, 143, 379, 948, 712, 907, 830, 516, 133, 74, 784, 658, 423, 678, 563, 631, 574, 486, 707, 919, 359, 245, 997, 59, 203, 794, 646, 151, 771, 1039, 174, 234, 1018, 1085, 428, 470, 113, 979, 94, 999, 820, 809, 354, 610, 419, 753, 361, 162, 254, 661, 100, 281, 569, 663, 173, 484, 327, 286, 826, 837, 210, 345, 185, 628, 1069, 624, 595, 226, 760, 932, 465, 407, 1064, 320, 135, 947, 2, 687, 823, 290, 664, 538, 274, 498, 845, 123, 227, 537, 862, 250, 119, 704, 520, 793, 897, 618, 15, 684, 138, 258, 959, 686, 629, 141, 442, 733, 57, 606, 672, 594, 323, 762, 507, 413, 248, 905, 522, 783, 909, 495, 877, 987, 565, 353, 597, 488, 355, 187, 690, 336, 105, 1049, 625, 418, 9, 445, 310, 729, 197, 374, 384, 287, 172, 35, 816, 93, 247, 408, 479, 719, 942, 689, 128, 706, 514, 767, 986, 938, 1027, 863, 92, 527, 195, 804, 718, 573, 230, 850, 489, 756, 829, 201, 161, 276, 295, 243, 758, 122, 108, 126, 867, 566, 27, 567, 97, 90, 349, 306, 1082, 578, 10, 315, 736, 1054, 381, 426, 101, 446, 898, 1021, 494, 677, 605, 786, 817, 682, 666, 966, 288, 696, 56, 387, 434, 911, 873, 88, 414, 633, 778, 5, 627, 630, 810, 701, 732, 681, 1003, 549, 1062, 297, 796, 951, 191, 272, 351, 438, 129, 189, 654, 400, 77, 468, 121, 582, 404, 175, 612, 72, 723, 394, 675, 874, 425, 279, 750, 1019, 1030, 910, 76, 500, 671, 851, 106, 370, 242, 24, 429, 231, 251, 894, 171, 970, 814, 51, 799, 19, 828, 166, 670, 139, 386, 969, 1061, 475, 536, 517, 1053, 564, 927, 385, 954, 45, 848, 637, 541, 561, 694, 314, 813, 716, 376, 458, 83, 1, 131, 971, 614, 1068, 1032, 738, 1079, 270, 721, 652, 739, 461, 990, 917, 835, 858, 65, 674, 1043, 478, 896, 410, 344, 523, 685, 32, 190, 918, 289, 356, 580, 952, 557, 267, 249, 581, 913, 218, 679, 807, 857, 547, 159, 432, 33, 206, 214, 964, 1026, 497, 283, 154, 568, 757, 556, 940, 424, 1035, 669, 623, 146, 575, 591, 422, 471, 367, 415, 420, 493, 1000, 742, 199, 889, 735, 782, 324, 577, 75, 553, 956, 815, 584, 699, 1073, 36, 1012, 888, 262, 1036, 60, 645, 640, 401, 887, 749, 801, 255, 326, 941, 1060, 244, 1008, 668, 854, 730, 827, 613, 991, 866, 779, 1002, 884, 252, 145, 886, 791, 1037, 319, 325, 463, 864, 943, 302, 291, 515, 127, 217, 403, 775, 1055, 632, 79, 223, 769, 228, 158, 472, 881, 256, 531, 698, 235, 61, 219, 321, 950, 622, 278, 474, 754, 1063, 4, 1041, 777, 1001, 153, 880, 508, 790, 590, 389, 364, 208, 635, 473, 435, 492, 64, 477, 352, 1015, 284, 160, 396, 21, 313, 365, 727, 711, 946, 900, 734, 726, 186, 550, 747, 25, 63, 192, 833, 142, 928, 700, 840, 11, 373, 1040, 691, 67, 562, 861, 744, 1077, 1066, 204, 202, 904, 602, 838, 501, 399, 587, 216, 965, 194, 362, 560, 430, 188, 390, 453, 518, 929, 444, 546, 0, 720, 136, 745, 572, 998, 1046, 398, 81, 487, 803, 265, 1070, 937, 780, 878, 41, 533, 945, 78, 714, 169, 482, 1034, 598, 539, 636, 222, 277, 766, 506, 960, 460, 1028, 339, 521, 641, 300, 525, 466, 1010, 102, 683, 416, 657, 931, 891, 150, 405, 741, 586, 183, 634, 551, 639, 532, 841, 934, 616, 316, 1080, 530, 23, 391, 737, 382, 334, 834, 49, 781, 648, 257, 989, 608, 680, 165, 448, 437, 16, 571, 1005, 617, 963, 1004, 273, 665, 299, 1065, 705, 439, 366, 305, 974, 406, 673, 921, 980, 71, 452, 939, 1072, 609, 111, 824, 37, 1007, 17, 34, 480, 899, 449, 812, 914, 261, 6, 450, 869, 125, 818, 409, 1047, 832, 588, 259, 46, 797, 596, 599, 968, 656, 377, 800, 774, 85, 388, 236, 593, 860, 84, 967, 95, 266, 341, 298, 710, 110, 285, 8, 380, 269, 923, 193, 509, 792, 855, 870, 18, 973, 548, 7, 502, 856, 529, 168, 412, 338, 1038, 1075, 849, 209, 491, 200, 96]
labeling = [3, 17, 10, 0, 19, 12, 10, 32, 25, 17, 17, 23, 3, 4, 7, 5, 9, 19, 14, 6, 7, 24, 5, 20, 18, 38, 1, 14, 12, 7, 9, 3, 30, 19, 24, 15, 21, 42, 9, 11, 13, 26, 0, 7, 1, 16, 29, 2, 4, 11, 11, 22, 16, 2, 9, 18, 27, 20, 5, 15, 33, 36, 6, 28, 22, 28, 11, 39, 4, 14, 5, 31, 24, 16, 18, 18, 10, 8, 19, 17, 0, 29, 13, 26, 30, 41, 4, 8, 13, 0, 25, 2, 23, 25, 17, 46, 48, 19, 6, 2, 14, 22, 41, 0, 12, 12, 20, 1, 8, 1, 46, 44, 19, 21, 6, 10, 17, 15, 10, 23, 21, 34, 32, 19, 8, 43, 30, 37, 21, 27, 9, 35, 7, 15, 9, 17, 29, 4, 4, 11, 5, 30, 42, 18, 14, 40, 38, 1, 16, 12, 45, 28, 12, 33, 29, 5, 18, 16, 31, 24, 40, 27, 13, 1, 4, 38, 24, 2, 28, 26, 11, 35, 16, 22, 20, 33, 26, 24, 3, 7, 22, 20, 14, 37, 5, 25, 42, 31, 35, 11, 36, 33, 44, 20, 7, 22, 0, 20, 0, 5, 48, 21, 43, 13, 24, 3, 37, 7, 10, 27, 29, 17, 0, 0, 21, 11, 46, 39, 15, 25, 15, 3, 48, 17, 3, 7, 9, 12, 15, 9, 18, 25, 1, 17, 19, 40, 45, 9, 8, 2, 13, 5, 34, 18, 23, 19, 8, 32, 9, 13, 26, 35, 37, 1, 6, 18, 40, 43, 1, 25, 11, 33, 27, 11, 4, 42, 47, 31, 14, 34, 36, 2, 28, 28, 5, 10, 30, 41, 26, 20, 1, 23, 6, 4, 11, 45, 16, 29, 21, 23, 15, 29, 3, 6, 16, 21, 7, 23, 32, 30, 44, 16, 38, 12, 10, 46, 33, 12, 7, 15, 27, 21, 3, 22, 0, 31, 34, 13, 0, 2, 12, 37, 1, 18, 26, 34, 32, 19, 8, 3, 4, 14, 0, 1, 21, 9, 25, 18, 29, 24, 7, 48, 5, 2, 13, 24, 11, 15, 4, 24, 5, 24, 30, 20, 15, 17, 28, 10, 5, 13, 6, 22, 39, 11, 17, 37, 45, 30, 6, 4, 28, 20, 1, 18, 9, 17, 26, 41, 1, 9, 40, 8, 38, 7, 22, 26, 20, 15, 32, 27, 41, 43, 2, 0, 19, 8, 35, 12, 30, 28, 23, 32, 10, 16, 14, 13, 38, 6, 11, 25, 11, 3, 42, 14, 18, 31, 36, 0, 16, 12, 33, 4, 29, 8, 25, 25, 21, 14, 10, 22, 40, 3, 19, 7, 12, 29, 0, 36, 4, 6, 7, 5, 17, 2, 28, 19, 23, 13, 31, 33, 48, 16, 44, 29, 3, 9, 11, 1, 18, 1, 34, 27, 5, 24, 4, 15, 17, 7, 15, 0, 15, 28, 34, 22, 20, 26, 10, 37, 24, 17, 46, 6, 39, 6, 13, 18, 22, 42, 15, 21, 13, 47, 38, 11, 9, 10, 2, 30, 12, 7, 3, 24, 40, 9, 5, 0, 43, 21, 26, 30, 12, 2, 4, 10, 19, 36, 20, 29, 25, 0, 24, 45, 26, 7, 5, 21, 6, 16, 1, 25, 38, 11, 13, 18, 3, 8, 30, 19, 16, 28, 14, 32, 16, 4, 2, 7, 41, 34, 27, 23, 31, 43, 9, 17, 3, 1, 14, 11, 6, 8, 36, 6, 34, 11, 22, 22, 26, 28, 24, 14, 1, 46, 44, 21, 12, 37, 3, 39, 15, 8, 25, 27, 19, 1, 13, 4, 35, 33, 13, 0, 17, 4, 2, 30, 20, 15, 48, 24, 9, 32, 5, 10, 42, 6, 0, 23, 17, 12, 31, 33, 15, 0, 21, 18, 10, 2, 13, 30, 4, 2, 8, 13, 32, 27, 15, 27, 0, 29, 3, 18, 31, 20, 33, 23, 29, 40, 45, 36, 2, 27, 38, 43, 8, 7, 4, 24, 10, 5, 19, 10, 6, 11, 21, 7, 25, 3, 44, 39, 11, 5, 16, 22, 18, 13, 16, 47, 25, 6, 25, 21, 34, 32, 19, 11, 9, 29, 1, 16, 12, 17, 42, 19, 17, 30, 14, 35, 26, 24, 9, 22, 28, 37, 12, 1, 28, 2, 30, 14, 32, 30, 44, 27, 4, 0, 6, 41, 13, 11, 8, 4, 47, 29, 15, 2, 34, 8, 31, 1, 24, 20, 45, 33, 5, 26, 3, 0, 42, 40, 10, 19, 38, 9, 24, 2, 15, 31, 22, 33, 13, 16, 3, 22, 20, 0, 32, 43, 13, 41, 6, 29, 23, 10, 16, 16, 31, 7, 21, 36, 21, 5, 17, 3, 19, 7, 12, 1, 26, 15, 3, 18, 9, 11, 7, 9, 35, 30, 18, 38, 22, 27, 46, 48, 34, 18, 13, 14, 27, 12, 1, 9, 41, 39, 43, 17, 14, 6, 13, 28, 1, 7, 40, 28, 0, 24, 11, 4, 2, 26, 4, 15, 32, 8, 44, 25, 20, 37, 25, 29, 30, 11, 9, 4, 2, 4, 27, 0, 11, 22, 14, 5, 14, 12, 33, 26, 30, 22, 10, 20, 28, 6, 35, 42, 6, 0, 2, 23, 19, 21, 23, 33, 31, 33, 16, 7, 15, 26, 35, 18, 9, 0, 38, 36, 5, 12, 23, 16, 31, 24, 8, 34, 45, 1, 3, 17, 19, 14, 12, 28, 26, 5, 40, 38, 10, 3, 18, 3, 24, 20, 21, 16, 7, 19, 2, 3, 18, 11, 34, 29, 15, 32, 39, 18, 9, 10, 21, 30, 7, 25, 1, 12, 34, 32, 0, 9, 20, 6, 8, 13, 13, 11, 15, 21, 17, 30, 5, 13, 4, 32, 25, 27, 22, 46, 27, 4, 29, 2, 5, 15, 14, 33, 21, 36, 19, 16, 6, 41, 39, 16, 9, 7, 35, 23, 25, 2, 23, 0, 37, 6, 0, 20, 41, 20, 24, 31, 17, 44, 31, 48, 35, 8, 23, 28, 10, 25, 23, 1, 12, 14, 4, 19, 14, 8, 2, 16, 14, 10, 30, 28, 10, 28, 34, 39, 3, 13, 3, 8, 17, 26, 19, 1, 38, 42, 40, 12, 21, 6, 4, 25, 21, 6, 33, 4, 16, 8, 12, 42, 21, 12, 18, 22, 15, 32, 19, 7, 5, 5, 36, 29, 26, 9, 21, 2, 33, 4, 16, 9, 15, 30, 17, 3, 24, 18, 1, 25, 0, 6, 27, 35, 2, 15, 23, 0, 9, 24, 20, 41, 7, 13, 0, 11, 27, 24, 18, 14, 6, 35, 12, 0, 5, 8, 10, 9, 30, 14, 4, 17, 3, 13, 11, 20, 8, 4, 16, 2, 6, 8]
convergência = [50, 50, 50, 50, 50, 49, 49, 49, 49, 49, 49, 49, 49, 49, 49, 49, 49, 49, 49, 49, 49, 49, 49, 49, 49, 49, 49, 49, 49, 49, 48, 48, 48, 48, 48, 48, 48, 48, 48, 48, 48, 48, 48, 48, 48, 48, 48, 48, 48, 48, 48, 48, 48, 48, 48, 48, 48, 48, 48, 48, 48, 48, 48, 48, 48, 48, 48, 48, 48, 48, 48, 48, 48, 48, 48, 48, 48, 48, 48, 48, 48, 48, 48, 48, 48, 48, 48, 48, 48, 48, 48, 48, 48, 48, 48, 48, 48, 48, 48, 48, 48, 48, 48, 48, 48, 48, 48, 48, 48, 48, 48, 48, 48, 48, 48, 48, 48, 48, 48, 48, 48, 48, 48, 48, 48, 48, 48, 48, 48, 48, 48, 48, 48, 48, 48, 48, 48, 48, 48, 48, 48, 48, 48, 48, 48, 48, 48, 48, 48, 48, 48, 48, 48, 48]

===== FIM =====
