===== RESULTADO BRKGA L(2,1) =====
Arquivo: /Users/mateuspedrosa/Documents/TCC-II/BRKGA/data/Harwell-Boeing_cleaned/bcsstk21_clean.mtx

----- Execução #1 -----
[INFO] Parou por estagnação.
Tempo de execução: 298610ms
Span (lambda): 20
best_order = [3449, 2746, 766, 562, 1655, 471, 773, 1676, 751, 2819, 1780, 1759, 3489, 3011, 3008, 545, 1994, 2383, 3067, 1650, 2938, 3479, 3349, 2718, 3455, 3584, 2025, 2353, 633, 2474, 1742, 3174, 1431, 1018, 97, 1633, 1138, 3256, 940, 2526, 2089, 714, 2086, 1852, 167, 2372, 437, 1948, 1468, 654, 1304, 1976, 317, 2925, 1264, 1752, 1362, 2941, 2482, 2665, 2172, 575, 3322, 682, 1412, 859, 1993, 1527, 3590, 1582, 2243, 3336, 3293, 3453, 813, 2469, 818, 2513, 49, 1169, 3046, 3554, 2093, 3117, 221, 3468, 285, 3136, 3237, 561, 2530, 2079, 1610, 31, 1406, 3380, 156, 166, 509, 377, 3279, 2534, 406, 2775, 121, 2515, 1544, 1013, 2536, 2705, 2531, 2595, 3241, 1723, 2568, 3032, 3450, 1630, 1297, 598, 410, 3406, 1520, 518, 1115, 2972, 1208, 253, 417, 2726, 2741, 732, 68, 2369, 2666, 3078, 2974, 3287, 2283, 2548, 546, 2912, 1795, 42, 2739, 145, 1233, 3051, 1659, 655, 1741, 1392, 1354, 3013, 521, 2414, 484, 3228, 2527, 2378, 2923, 1094, 1821, 2552, 1002, 3576, 1478, 819, 3205, 1648, 932, 1007, 1695, 2986, 2865, 2732, 3301, 1919, 926, 2640, 624, 1841, 576, 985, 3106, 2463, 876, 3041, 857, 1077, 325, 3390, 1721, 2748, 3397, 2338, 853, 1178, 1797, 1631, 1210, 396, 983, 969, 2902, 530, 1462, 3141, 1186, 2834, 1783, 1338, 2158, 2511, 378, 989, 2161, 1341, 1449, 1584, 342, 2789, 59, 996, 3362, 3413, 1657, 797, 109, 176, 2443, 1187, 2109, 685, 2242, 2804, 1026, 3232, 3206, 2680, 191, 3273, 72, 611, 1829, 87, 3330, 1785, 2485, 1192, 2481, 883, 2881, 2021, 3348, 1089, 3171, 944, 504, 1800, 2502, 3218, 2880, 234, 898, 3430, 458, 1661, 1191, 359, 2904, 2788, 2316, 3596, 448, 993, 2422, 1119, 1255, 2863, 1598, 954, 2968, 1474, 1289, 2740, 241, 3542, 3428, 808, 1124, 1744, 1285, 1950, 2953, 3215, 1903, 943, 289, 1884, 607, 3536, 922, 2208, 1872, 2604, 3173, 1045, 3395, 215, 2798, 754, 1308, 2434, 2853, 1005, 1899, 128, 2720, 2689, 2311, 445, 61, 1687, 2539, 1613, 2253, 351, 2567, 2064, 2599, 2107, 3031, 803, 1342, 2851, 1145, 423, 43, 179, 1700, 2419, 474, 304, 368, 763, 1062, 976, 335, 1091, 1922, 165, 2873, 2092, 1167, 424, 1856, 2879, 1311, 2106, 712, 104, 2547, 14, 2061, 894, 1108, 232, 804, 3295, 2239, 3457, 3229, 3599, 1983, 1987, 202, 1930, 955, 98, 850, 870, 3202, 1834, 219, 58, 3177, 674, 3062, 2065, 3268, 801, 1957, 1439, 2376, 886, 579, 1440, 1867, 3056, 327, 719, 967, 1855, 3476, 742, 2558, 3181, 788, 3311, 2305, 2201, 1333, 2335, 691, 3577, 966, 1461, 2084, 3313, 3039, 2763, 2836, 2170, 2269, 2240, 1664, 1606, 3030, 1833, 2573, 324, 2773, 2693, 126, 1615, 2395, 117, 1351, 982, 1292, 3043, 872, 2708, 3454, 1189, 1278, 2806, 124, 3049, 2823, 2187, 2136, 1003, 1683, 2587, 3118, 528, 1925, 3152, 3334, 201, 1820, 780, 1902, 1557, 1603, 2578, 2825, 3125, 3112, 3307, 1690, 114, 2715, 37, 55, 3535, 513, 331, 33, 3315, 395, 353, 1549, 1463, 2143, 416, 2085, 2332, 842, 82, 2234, 3243, 200, 3532, 1905, 346, 57, 2281, 968, 658, 2127, 3597, 2139, 3199, 1609, 320, 1963, 1051, 887, 1593, 2878, 1923, 821, 1575, 649, 2934, 1290, 267, 2303, 2784, 935, 2466, 1985, 814, 1537, 2105, 1828, 2262, 245, 2483, 373, 2339, 2067, 3512, 1404, 3591, 3332, 1139, 2951, 1945, 1569, 2694, 3302, 3034, 3388, 953, 2676, 3007, 660, 534, 1849, 695, 1913, 152, 1131, 867, 629, 1746, 2248, 2610, 878, 1740, 1653, 3109, 2190, 2670, 587, 3416, 848, 2142, 3556, 1086, 1640, 2141, 3200, 764, 1043, 2679, 3222, 2077, 2445, 3511, 217, 1454, 1337, 2277, 1447, 90, 238, 316, 934, 2613, 1853, 1277, 1221, 2905, 3376, 3009, 76, 2523, 1458, 30, 1818, 1275, 3219, 822, 615, 2521, 3149, 390, 2111, 979, 1790, 874, 1813, 956, 1126, 2605, 589, 1473, 1322, 895, 3267, 2681, 948, 2041, 3266, 3151, 2807, 1054, 1200, 3185, 3389, 2554, 1679, 3381, 2080, 163, 3435, 1217, 337, 1235, 2574, 1389, 913, 3044, 2653, 1632, 1252, 1888, 1550, 3448, 2764, 2777, 1486, 1477, 1782, 3310, 1806, 2388, 2004, 3594, 2917, 2131, 1067, 3070, 119, 2678, 884, 1765, 2824, 3497, 3470, 536, 1762, 420, 3050, 1768, 462, 2945, 1625, 1978, 1407, 392, 2616, 2134, 3308, 2099, 3103, 2150, 604, 810, 2812, 2226, 1320, 3145, 151, 640, 3066, 3005, 443, 1249, 580, 1401, 1546, 1408, 1188, 731, 3184, 1365, 2045, 363, 881, 3110, 2385, 3024, 1299, 553, 2235, 2637, 2844, 158, 2745, 1229, 1819, 3020, 123, 2001, 1001, 2869, 3439, 2667, 2280, 3438, 470, 875, 1708, 2404, 2525, 3128, 2429, 95, 693, 2703, 2781, 226, 376, 3255, 707, 1696, 1175, 415, 2440, 1495, 799, 460, 1770, 1750, 1258, 2386, 1804, 3158, 2390, 1366, 2215, 3040, 2069, 1568, 1356, 1434, 3281, 2998, 1147, 3369, 51, 2278, 3129, 48, 1488, 1777, 1890, 2418, 2095, 3462, 752, 3167, 2484, 1376, 3290, 1092, 3529, 2381, 2926, 3533, 1529, 1294, 96, 209, 1665, 1934, 1617, 2231, 3187, 2629, 1531, 2009, 2950, 3225, 3231, 3365, 3014, 1097, 2074, 2384, 3063, 251, 1482, 1441, 181, 2888, 1769, 391, 3478, 2417, 2202, 3085, 1600, 2546, 459, 2399, 3595, 860, 3096, 2634, 3036, 1388, 2645, 8, 2751, 2310, 2246, 369, 2363, 1590, 3418, 3419, 515, 1822, 1159, 1753, 2783, 1346, 592, 2203, 1355, 748, 2088, 1975, 1737, 2155, 533, 3297, 1372, 2196, 3160, 3176, 1962, 1794, 1917, 3498, 889, 1084, 1586, 73, 1149, 1918, 3247, 1711, 1595, 2251, 680, 89, 2818, 1154, 1307, 1717, 843, 510, 2435, 1385, 939, 301, 3138, 1332, 486, 540, 3190, 1114, 265, 2809, 2850, 1511, 1718, 1132, 2596, 757, 3071, 2360, 1444, 642, 648, 1133, 2133, 877, 1405, 1216, 1008, 1684, 307, 354, 555, 1363, 825, 506, 1956, 910, 355, 558, 3000, 1182, 444, 505, 735, 817, 2810, 3263, 3518, 1608, 1281, 374, 651, 3289, 652, 1427, 2684, 2343, 2555, 1378, 3517, 2163, 1556, 2830, 40, 170, 1123, 919, 3178, 2173, 34, 952, 227, 1395, 1479, 1645, 1481, 1476, 2692, 1193, 1989, 2342, 2180, 3347, 10, 1050, 1282, 411, 3325, 2147, 2140, 2287, 2075, 2608, 2827, 2892, 1530, 626, 1992, 2859, 805, 3299, 1514, 3300, 3216, 3507, 828, 597, 3328, 1751, 493, 2007, 2652, 2307, 930, 595, 2793, 864, 2963, 2012, 990, 1672, 2254, 1539, 2771, 2635, 2188, 3161, 137, 1314, 2572, 1030, 1336, 2893, 1415, 590, 936, 3077, 768, 481, 261, 3356, 3574, 581, 371, 698, 664, 2236, 1809, 1897, 2837, 3150, 807, 1732, 998, 634, 2887, 469, 3122, 2006, 3116, 352, 3582, 670, 1622, 3227, 3047, 2519, 1483, 432, 1207, 736, 1240, 1942, 1827, 826, 74, 2169, 162, 2274, 2847, 2156, 3120, 2020, 775, 1144, 2774, 1781, 3079, 2256, 2396, 2686, 2845, 593, 2576, 3387, 2617, 2858, 1525, 3251, 2132, 70, 465, 2392, 3407, 831, 733, 3352, 1295, 1489, 231, 591, 945, 897, 35, 1070, 3312, 868, 885, 1573, 3126, 1228, 1970, 1654, 1542, 93, 965, 169, 1714, 918, 747, 2785, 1300, 3026, 1671, 2814, 1176, 1212, 173, 1949, 431, 816, 2073, 2367, 708, 829, 567, 761, 490, 2258, 1599, 1396, 1247, 1793, 131, 1168, 1383, 3346, 1952, 2656, 3074, 385, 2977, 3048, 2979, 2995, 2529, 2115, 1135, 1873, 3107, 1522, 3364, 1862, 852, 667, 2706, 3035, 2349, 916, 1318, 2828, 1649, 786, 2618, 79, 3169, 236, 2331, 2351, 759, 2033, 904, 718, 1521, 178, 3025, 1061, 142, 741, 1604, 650, 237, 692, 143, 3189, 2866, 1749, 730, 1624, 2459, 2008, 4, 2452, 1023, 2294, 2978, 2441, 2921, 950, 2996, 2032, 2835, 3501, 3242, 21, 2027, 3366, 1607, 1083, 1931, 3320, 75, 199, 2537, 2585, 995, 1273, 1892, 409, 1548, 1838, 1029, 2607, 2743, 1352, 2267, 758, 1815, 1438, 3059, 184, 2319, 1524, 3097, 3264, 3464, 2753, 473, 600, 296, 1361, 2966, 1936, 3510, 2507, 2833, 1315, 3230, 1085, 402, 3175, 2110, 1215, 1719, 1869, 2167, 1146, 3296, 2361, 259, 71, 122, 3057, 684, 3552, 1194, 3382, 2982, 602, 3055, 115, 2557, 45, 2114, 970, 596, 525, 618, 2056, 3496, 1393, 193, 233, 1386, 1419, 609, 269, 2286, 3159, 3572, 2119, 2275, 2145, 1253, 772, 3061, 101, 3250, 1720, 3534, 472, 3276, 44, 1814, 1387, 1996, 1244, 1190, 1536, 778, 3094, 991, 2651, 3446, 2454, 570, 2624, 3019, 1698, 892, 2932, 2699, 1063, 2908, 3482, 1570, 1758, 1850, 1566, 2928, 1924, 498, 1567, 1644, 252, 3523, 1239, 476, 2540, 240, 218, 1693, 1505, 2795, 47, 1941, 239, 3458, 147, 16, 1160, 1558, 3305, 2470, 132, 1074, 782, 1637, 223, 2737, 583, 1101, 900, 2130, 135, 1323, 721, 2438, 1601, 1706, 1470, 161, 139, 2786, 2, 933, 2628, 1652, 3412, 2333, 2371, 280, 1921, 1165, 2221, 108, 1450, 1614, 1728, 873, 1682, 1446, 1634, 2433, 308, 784, 2066, 268, 1394, 2870, 189, 1064, 1052, 2137, 3072, 2734, 3398, 1047, 318, 3564, 1656, 419, 2284, 1357, 2206, 1771, 1694, 1886, 312, 3058, 657, 1863, 463, 3399, 1056, 790, 1111, 1638, 1612, 404, 384, 605, 1776, 1772, 440, 2028, 2047, 3516, 1496, 438, 2861, 3121, 771, 960, 1743, 1417, 1402, 1263, 26, 2669, 3081, 541, 1246, 2479, 150, 2091, 397, 1999, 3515, 27, 951, 980, 511, 2345, 340, 1157, 3012, 1642, 129, 1232, 1340, 3422, 994, 1306, 12, 1738, 3338, 3108, 3127, 3558, 2510, 2860, 2225, 60, 1312, 2461, 620, 1248, 2146, 1205, 2375, 1907, 2015, 2832, 2423, 557, 3486, 2559, 3179, 456, 482, 2901, 2813, 1414, 802, 1620, 1767, 556, 1425, 931, 1451, 2379, 1504, 2903, 3357, 1988, 389, 2462, 488, 2356, 815, 2210, 941, 2094, 2407, 2488, 3466, 266, 2713, 2301, 901, 1837, 1868, 2230, 3224, 1955, 1535, 2942, 688, 2162, 2413, 1344, 999, 2988, 662, 2078, 2446, 171, 713, 2716, 2930, 3119, 1456, 3384, 3506, 2704, 2965, 3433, 106, 2062, 1134, 1517, 94, 1591, 2973, 512, 1876, 3540, 971, 3235, 2822, 17, 1840, 750, 2444, 1951, 2563, 2569, 2081, 1724, 2631, 2792, 2648, 1959, 172, 798, 3198, 777, 2477, 1284, 2324, 154, 1915, 1259, 275, 1702, 442, 244, 1260, 542, 3213, 686, 2520, 3543, 393, 62, 2766, 862, 961, 3345, 997, 1808, 319, 2164, 2177, 3015, 1725, 3220, 2321, 703, 263, 2894, 434, 1222, 2478, 1137, 2329, 3417, 3339, 2154, 1629, 2918, 3361, 2276, 2717, 827, 613, 2543, 3163, 3323, 2425, 1032, 3342, 1343, 1618, 2820, 938, 1022, 548, 298, 2639, 2855, 3539, 2308, 2647, 1487, 3080, 1197, 2090, 3467, 630, 1745, 1418, 3485, 1171, 315, 2279, 3404, 2102, 1042, 2244, 2768, 2632, 3265, 2368, 2387, 2959, 3593, 457, 896, 1443, 3226, 863, 838, 753, 1715, 706, 449, 1579, 204, 2038, 182, 2767, 1594, 644, 1293, 19, 760, 3551, 631, 756, 2907, 3537, 3105, 1646, 249, 2260, 3208, 1033, 2424, 552, 3147, 2655, 357, 988, 1267, 2900, 962, 2627, 3524, 2772, 617, 1373, 1832, 728, 3354, 2159, 2472, 681, 1031, 653, 696, 3477, 408, 2891, 3587, 2245, 977, 645, 329, 2494, 24, 2975, 3068, 2205, 2843, 3209, 3504, 783, 2794, 3415, 2031, 2051, 364, 2848, 2657, 1580, 2831, 1214, 3410, 110, 1627, 2312, 946, 3280, 1860, 2096, 1974, 846, 701, 242, 2993, 3367, 2135, 2985, 1327, 153, 2341, 3086, 1436, 2054, 3262, 737, 2735, 2856, 2183, 1602, 2486, 1805, 2430, 428, 3473, 130, 2037, 610, 2322, 3434, 1348, 1110, 2755, 63, 1636, 2153, 3491, 636, 2940, 1302, 3282, 1102, 2036, 292, 6, 1789, 3444, 3567, 1039, 3221, 3155, 3436, 2029, 1851, 1265, 1784, 3427, 909, 2473, 1731, 2197, 765, 1929, 295, 3461, 3368, 3104, 2261, 3304, 2082, 1691, 1669, 2024, 501, 2450, 1565, 2288, 435, 3372, 1465, 2579, 3541, 523, 3343, 1066, 639, 2013, 2309, 2268, 3021, 3447, 69, 1358, 197, 1675, 683, 3488, 2575, 2841, 3589, 723, 274, 2625, 1025, 2336, 3269, 3006, 2456, 2113, 2358, 2750, 1088, 466, 1560, 3561, 2315, 914, 1420, 3563, 3570, 1982, 1878, 641, 1689, 0, 2412, 1209, 3065, 1494, 854, 2233, 762, 1807, 1184, 1796, 198, 1430, 283, 2659, 1973, 1515, 2055, 256, 1225, 1946, 3170, 2808, 569, 3490, 2915, 2059, 1384, 3092, 2042, 847, 2207, 2057, 3214, 2562, 1775, 2876, 3001, 3233, 1004, 207, 323, 103, 1103, 1611, 250, 3375, 1409, 2724, 25, 1360, 3073, 739, 2991, 1012, 2782, 1658, 1666, 3217, 2660, 2005, 1500, 791, 2885, 1958, 2947, 1972, 2265, 3401, 1090, 2282, 105, 3592, 3144, 1635, 1065, 1011, 3211, 2219, 225, 2034, 224, 477, 1910, 614, 849, 1071, 2944, 3186, 2528, 694, 3530, 500, 2839, 578, 2756, 3193, 2391, 3522, 1736, 3196, 2646, 1792, 5, 2700, 2589, 2128, 2776, 138, 3555, 529, 3087, 1545, 3528, 2582, 1107, 1122, 2398, 2420, 1391, 1830, 1639, 2112, 2799, 3494, 837, 2394, 973, 1564, 2931, 1199, 3355, 2421, 699, 1879, 1516, 3393, 1485, 3052, 2842, 1112, 2922, 603, 284, 789, 774, 1296, 303, 1335, 3588, 975, 1288, 1027, 1900, 1836, 1628, 2714, 544, 3123, 3260, 246, 1528, 637, 15, 3566, 279, 2590, 796, 1471, 2744, 175, 2633, 2325, 845, 2711, 2911, 527, 1563, 2217, 2218, 3017, 2805, 3286, 902, 1349, 2101, 927, 1596, 3309, 1984, 627, 1588, 272, 2512, 54, 2168, 2272, 689, 2489, 2524, 3245, 638, 1882, 1716, 1068, 2581, 3054, 102, 2291, 1006, 1021, 2673, 2910, 177, 661, 1010, 1498, 2971, 3329, 2857, 1663, 1555, 2174, 550, 2200, 2642, 1977, 429, 959, 1237, 1543, 401, 405, 1310, 2184, 1120, 441, 399, 489, 2803, 1688, 1734, 792, 1619, 1127, 2406, 907, 3331, 3327, 1532, 3180, 168, 1428, 841, 1328, 2252, 2186, 2896, 1301, 2981, 496, 899, 2533, 1756, 3270, 2401, 526, 3294, 2754, 2437, 1075, 2603, 635, 3292, 78, 3585, 157, 1705, 1397, 1227, 1254, 455, 1904, 839, 120, 1426, 2192, 1660, 2872, 1697, 2270, 1895, 2451, 3003, 1173, 3018, 1370, 3154, 2542, 77, 1685, 1823, 1798, 2561, 2232, 1763, 623, 2592, 3353, 1812, 2365, 2899, 1242, 1195, 2862, 865, 1709, 2118, 1130, 3253, 2864, 2126, 2936, 3197, 3010, 2476, 1774, 1317, 13, 2129, 539, 3469, 195, 2984, 1964, 3500, 992, 2214, 974, 222, 1020, 720, 2889, 1831, 192, 2070, 36, 2327, 722, 2330, 1552, 2296, 2664, 2292, 2550, 1933, 2801, 925, 647, 2428, 3557, 64, 724, 2123, 214, 2011, 1909, 3134, 1583, 2895, 584, 3391, 1509, 3261, 3140, 1203, 2121, 2541, 744, 1843, 559, 3318, 3474, 487, 806, 28, 1920, 812, 1185, 2560, 2408, 2710, 88, 2046, 3492, 3053, 3471, 3317, 1413, 2957, 2906, 422, 1939, 2620, 2487, 3093, 1623, 675, 2144, 987, 3545, 141, 229, 1324, 1368, 1766, 322, 439, 464, 3383, 1559, 3527, 2263, 746, 2003, 709, 1037, 196, 577, 3452, 3423, 568, 1105, 2030, 2464, 1844, 834, 2943, 1965, 2350, 793, 2211, 2071, 2149, 911, 823, 672, 383, 1501, 1540, 1353, 2400, 2019, 2701, 1377, 3157, 1722, 3207, 2522, 468, 388, 99, 1080, 937, 321, 2002, 725, 2104, 2623, 1810, 1981, 491, 3548, 1017, 1048, 92, 3573, 3277, 1894, 370, 212, 1266, 386, 3321, 2838, 915, 2697, 2867, 710, 1871, 2010, 1117, 81, 2969, 538, 480, 3386, 2758, 339, 3113, 2185, 1155, 2958, 1538, 573, 297, 1243, 3284, 2290, 1429, 1889, 1262, 1283, 1870, 912, 1803, 1647, 2619, 3248, 1491, 1452, 893, 1499, 2220, 632, 2815, 3493, 1457, 858, 9, 2442, 2890, 1761, 499, 554, 309, 1961, 1350, 1707, 3089, 2630, 2317, 2298, 1883, 1019, 2622, 781, 2289, 3499, 1518, 820, 524, 3414, 702, 208, 2318, 586, 844, 671, 3148, 1842, 700, 2747, 1816, 665, 85, 2722, 1626, 532, 2293, 2882, 2989, 1616, 888, 2712, 3038, 3083, 1497, 2683, 880, 3508, 1078, 1218, 174, 3114, 1204, 776, 50, 3550, 2241, 2100, 3569, 716, 2053, 1106, 1954, 3370, 1845, 1059, 1148, 190, 502, 112, 125, 2209, 2577, 2439, 270, 551, 3421, 2178, 187, 1824, 338, 350, 387, 1859, 1562, 203, 83, 1044, 347, 1014, 2877, 3314, 3350, 1502, 1887, 1057, 367, 361, 287, 2584, 194, 2654, 508, 2933, 2897, 180, 3431, 2661, 949, 2549, 3162, 2852, 3521, 625, 824, 978, 3409, 2427, 403, 3400, 2757, 924, 1422, 2176, 2198, 3580, 2300, 1847, 1230, 1906, 697, 2663, 704, 2983, 1183, 1943, 220, 1140, 2769, 1403, 1305, 3503, 643, 2492, 2883, 543, 2166, 599, 2583, 1379, 1364, 3472, 336, 2729, 1997, 348, 3111, 3546, 1940, 2320, 1953, 740, 3432, 2016, 743, 1534, 1399, 382, 1692, 264, 832, 2970, 3519, 1433, 1835, 2690, 2730, 2237, 2189, 2927, 1576, 1118, 2791, 2072, 1779, 1109, 2337, 1036, 3252, 1519, 127, 2800, 1325, 1585, 2650, 1041, 11, 2182, 1224, 290, 3403, 3538, 1330, 2672, 560, 1416, 2826, 418, 2098, 333, 2946, 1678, 1280, 2393, 3429, 2306, 111, 185, 380, 65, 3022, 574, 2948, 1250, 738, 2874, 134, 1980, 2731, 475, 3544, 255, 3069, 2468, 2416, 427, 787, 1141, 451, 1271, 2083, 2738, 2216, 2223, 2297, 2040, 1874, 3288, 666, 257, 856, 80, 400, 3411, 2598, 3495, 503, 2752, 1213, 426, 2593, 454, 2495, 254, 3236, 571, 3133, 2924, 3234, 1334, 3238, 164, 3045, 1865, 917, 281, 3004, 1072, 1459, 3023, 3166, 1410, 1786, 2733, 727, 2370, 2668, 3598, 2677, 1990, 1202, 1754, 3033, 3568, 213, 235, 1058, 1270, 2535, 1472, 2366, 2058, 1156, 2929, 1901, 366, 2022, 2374, 494, 2160, 1015, 2868, 2761, 2790, 436, 3363, 1381, 1885, 866, 446, 1877, 705, 334, 2840, 2103, 871, 1, 2362, 286, 291, 2328, 3402, 1198, 1046, 2018, 2448, 2039, 2506, 2802, 3344, 3560, 1087, 2122, 2611, 2544, 2580, 1760, 779, 3223, 3358, 3195, 2709, 1049, 1143, 3583, 1181, 745, 1298, 2643, 1547, 1506, 2323, 3373, 942, 2886, 1369, 2516, 3437, 2480, 1998, 314, 2594, 2496, 29, 2696, 140, 1677, 2257, 3075, 3291, 1226, 398, 3333, 2035, 3316, 1673, 1268, 628, 302, 601, 1172, 1651, 1460, 3484, 1928, 1421, 673, 2980, 1553, 2026, 1231, 2994, 2346, 1727, 2228, 430, 288, 2409, 2314, 3531, 537, 2778, 2725, 836, 1991, 3037, 2299, 1912, 483, 2326, 2453, 1788, 2821, 144, 3351, 1523, 2817, 1316, 1686, 3272, 216, 2736, 1380, 3203, 1272, 2621, 612, 1321, 186, 3183, 928, 2457, 2138, 2898, 3098, 349, 1095, 659, 2497, 2770, 1098, 1730, 3064, 769, 2707, 2389, 2043, 1935, 1513, 1201, 3028, 3194, 2295, 3099, 2364, 299, 1817, 1710, 811, 2571, 2955, 1773, 770, 306, 2213, 453, 2962, 958, 1113, 1668, 1116, 3257, 1151, 1755, 2117, 1490, 3090, 2723, 1150, 1701, 1096, 2334, 861, 3385, 1577, 91, 3102, 497, 277, 1670, 1345, 1177, 260, 2811, 206, 1038, 882, 1435, 2914, 905, 3091, 155, 1347, 1739, 1371, 2760, 794, 32, 3341, 669, 1234, 2063, 2614, 1799, 2373, 433, 2377, 2960, 3084, 2987, 1100, 136, 3451, 2564, 767, 2097, 606, 3212, 2597, 1875, 2514, 1445, 3192, 1826, 379, 1512, 947, 3254, 514, 2222, 2553, 1712, 2816, 507, 2691, 2402, 1000, 3465, 2517, 3553, 2125, 2602, 621, 785, 412, 381, 3575, 3246, 341, 2340, 2742, 1238, 2871, 835, 2382, 1180, 1995, 1453, 717, 1484, 328, 1533, 2017, 516, 2702, 2698, 646, 1313, 293, 1309, 479, 519, 2658, 1152, 3509, 2449, 903, 608, 1704, 3204, 1699, 755, 1811, 2193, 3456, 188, 690, 2954, 1893, 2475, 3016, 2354, 1219, 1747, 1681, 3374, 3278, 2458, 3520, 2939, 2249, 1589, 2347, 2787, 687, 2052, 855, 3502, 1375, 2204, 1587, 3239, 1510, 957, 1571, 749, 414, 116, 2600, 2674, 159, 2606, 1081, 1398, 3143, 2120, 830, 2313, 1908, 1053, 1597, 2264, 1251, 1287, 1179, 1455, 1464, 2913, 3298, 656, 2467, 1211, 2695, 3259, 1400, 1236, 271, 2990, 3442, 2493, 3244, 2304, 467, 3285, 3581, 1009, 294, 1641, 1475, 1926, 1561, 360, 3571, 2049, 1374, 986, 2956, 2250, 1971, 1359, 1825, 1257, 3283, 413, 450, 2638, 1034, 879, 258, 1541, 1605, 1423, 3513, 2685, 3191, 2687, 2432, 1035, 869, 1674, 278, 1554, 1861, 908, 1016, 2212, 1854, 906, 210, 1196, 2238, 3549, 972, 929, 3326, 2068, 332, 2302, 358, 1938, 3425, 2649, 2849, 795, 1839, 1898, 2636, 3274, 407, 3562, 3396, 2508, 3135, 1729, 1121, 2505, 38, 2779, 1339, 3547, 585, 1621, 2504, 22, 3335, 1437, 1390, 2380, 3100, 1581, 1093, 41, 2471, 146, 1367, 2964, 2591, 18, 495, 2601, 1329, 535, 2765, 677, 1223, 2152, 582, 923, 343, 800, 3481, 243, 1911, 1099, 2615, 2151, 2436, 362, 3303, 1382, 3340, 2500, 2920, 1166, 52, 1947, 3210, 2644, 963, 2937, 3426, 2780, 1667, 20, 1508, 3124, 2721, 563, 183, 3514, 2426, 1551, 1572, 2087, 2050, 2415, 565, 2609, 1848, 3526, 1424, 56, 1846, 1055, 3088, 2762, 1269, 3146, 594, 2919, 133, 1979, 1291, 616, 1411, 3441, 2967, 1778, 3377, 2588, 2671, 1748, 1331, 833, 1069, 1787, 531, 729, 344, 517, 1319, 1866, 1125, 1891, 1726, 1220, 2503, 356, 3394, 46, 3271, 3525, 1966, 2285, 2229, 3164, 566, 679, 1986, 2175, 3153, 3505, 3360, 1896, 3378, 310, 1261, 372, 2719, 2255, 3060, 375, 276, 273, 2875, 2565, 3029, 2411, 247, 2224, 3445, 2846, 1274, 1480, 1467, 1286, 2538, 2935, 2556, 2259, 425, 1757, 2165, 1241, 2490, 2191, 2076, 1158, 1469, 1735, 84, 1880, 313, 1493, 851, 1927, 2227, 2551, 3420, 2431, 2171, 2566, 1944, 3359, 1164, 2344, 300, 2997, 3424, 53, 3172, 452, 2194, 890, 1881, 2000, 981, 2626, 2124, 2403, 3240, 588, 148, 1442, 2797, 3337, 920, 3101, 2060, 2195, 1079, 964, 2499, 330, 3379, 1801, 3082, 1028, 3131, 1245, 2509, 3475, 2491, 2023, 547, 2976, 2952, 3586, 3463, 447, 2961, 1326, 2247, 326, 3405, 2829, 1163, 365, 2108, 2498, 1791, 2749, 549, 3027, 3139, 1703, 2148, 3443, 1713, 3408, 1142, 619, 2916, 86, 3483, 1578, 3130, 3565, 1507, 2570, 66, 2727, 1914, 2682, 2909, 2992, 1932, 3249, 663, 211, 809, 1592, 2357, 3275, 345, 2405, 2545, 726, 1526, 1643, 1162, 1969, 2854, 149, 2199, 39, 3002, 2352, 715, 2612, 461, 3306, 478, 2397, 1492, 3156, 1680, 1857, 1960, 282, 1303, 1503, 840, 1076, 2181, 3559, 3165, 1153, 1864, 2884, 1466, 1937, 2662, 2688, 3137, 2949, 1733, 1060, 2501, 1024, 305, 1968, 2455, 1073, 1161, 2044, 2048, 1432, 1174, 2359, 3459, 3319, 2157, 160, 668, 7, 3578, 2447, 678, 1802, 118, 1858, 1574, 1136, 1082, 2355, 67, 2116, 492, 2586, 734, 100, 3324, 205, 107, 1279, 2271, 3182, 3, 3168, 2675, 3201, 1104, 676, 311, 248, 2460, 2641, 3115, 520, 1128, 3142, 921, 2410, 984, 1764, 2273, 1967, 23, 3480, 3258, 1170, 113, 522, 3095, 262, 230, 3392, 3371, 485, 3460, 3076, 572, 2999, 2179, 2266, 3042, 622, 2348, 564, 1206, 1662, 1276, 2728, 3132, 2518, 1129, 2014, 1040, 228, 421, 3440, 891, 2532, 711, 3579, 2796, 1448, 1256, 1916, 2465, 2759, 3188, 394, 3487]
labeling = [5, 9, 8, 11, 6, 2, 3, 12, 3, 4, 4, 4, 0, 6, 1, 8, 7, 10, 12, 3, 14, 1, 9, 14, 2, 7, 6, 7, 5, 11, 0, 0, 12, 0, 3, 5, 6, 2, 7, 10, 1, 13, 2, 4, 5, 8, 16, 8, 4, 1, 12, 5, 9, 14, 0, 7, 14, 3, 1, 3, 2, 5, 4, 0, 8, 10, 10, 16, 0, 7, 2, 8, 1, 1, 6, 2, 5, 14, 9, 5, 10, 9, 3, 18, 4, 9, 12, 0, 0, 3, 6, 11, 8, 2, 5, 7, 3, 0, 2, 9, 3, 4, 10, 6, 0, 3, 7, 13, 1, 1, 9, 7, 11, 15, 3, 3, 13, 0, 6, 4, 8, 0, 5, 1, 2, 11, 1, 7, 0, 9, 9, 8, 7, 13, 6, 5, 12, 2, 9, 9, 4, 10, 3, 5, 15, 1, 13, 4, 7, 19, 3, 3, 2, 9, 9, 17, 1, 12, 4, 15, 14, 11, 5, 7, 16, 2, 0, 0, 9, 9, 7, 10, 6, 10, 7, 12, 1, 7, 3, 6, 4, 2, 9, 12, 5, 14, 6, 8, 18, 3, 11, 0, 11, 3, 15, 8, 8, 12, 5, 10, 3, 1, 1, 16, 10, 19, 16, 6, 13, 8, 16, 13, 11, 10, 8, 2, 12, 5, 6, 4, 14, 0, 8, 12, 10, 8, 4, 7, 17, 14, 15, 5, 1, 9, 0, 6, 6, 3, 3, 11, 0, 2, 7, 10, 4, 3, 10, 10, 18, 7, 11, 5, 4, 0, 15, 11, 5, 13, 16, 6, 17, 2, 19, 11, 6, 4, 8, 0, 0, 8, 14, 18, 11, 16, 5, 13, 8, 1, 18, 6, 3, 16, 16, 5, 12, 0, 13, 14, 13, 2, 15, 13, 10, 17, 1, 8, 4, 11, 8, 11, 18, 4, 17, 5, 2, 19, 15, 6, 6, 14, 19, 9, 9, 17, 12, 0, 0, 2, 7, 7, 5, 12, 7, 14, 0, 0, 19, 2, 9, 12, 13, 3, 15, 7, 11, 4, 5, 1, 13, 12, 6, 14, 1, 16, 16, 17, 2, 11, 3, 9, 12, 2, 5, 5, 6, 0, 14, 12, 8, 2, 7, 4, 15, 0, 8, 12, 14, 8, 1, 2, 13, 7, 8, 2, 4, 13, 3, 0, 1, 10, 14, 19, 12, 14, 10, 8, 10, 12, 6, 12, 5, 5, 4, 5, 19, 2, 3, 9, 14, 8, 9, 10, 6, 12, 7, 14, 1, 18, 0, 0, 3, 9, 18, 15, 15, 3, 6, 0, 16, 8, 2, 12, 13, 2, 0, 16, 11, 10, 9, 8, 15, 5, 4, 8, 2, 3, 11, 0, 10, 13, 8, 10, 4, 4, 2, 2, 10, 8, 1, 9, 15, 15, 17, 1, 5, 11, 10, 6, 0, 5, 3, 18, 6, 13, 11, 7, 9, 16, 13, 3, 4, 0, 7, 7, 4, 10, 10, 4, 13, 12, 9, 1, 3, 11, 0, 17, 3, 6, 6, 9, 5, 11, 17, 4, 16, 18, 11, 15, 7, 13, 9, 5, 8, 17, 4, 3, 1, 16, 3, 0, 0, 11, 7, 2, 11, 7, 17, 16, 2, 17, 13, 1, 13, 8, 16, 5, 10, 12, 2, 5, 5, 12, 12, 4, 4, 9, 8, 14, 14, 10, 7, 6, 10, 11, 4, 0, 1, 17, 1, 17, 12, 13, 8, 1, 14, 7, 3, 7, 6, 10, 16, 0, 0, 15, 14, 5, 18, 3, 7, 6, 7, 12, 20, 14, 2, 0, 0, 14, 10, 2, 0, 8, 4, 11, 13, 15, 14, 2, 1, 5, 6, 8, 3, 9, 15, 1, 8, 1, 1, 14, 0, 8, 1, 7, 2, 4, 16, 2, 15, 4, 8, 0, 9, 9, 12, 1, 17, 10, 5, 16, 7, 17, 2, 12, 2, 5, 4, 3, 10, 6, 12, 2, 15, 0, 6, 14, 5, 10, 12, 4, 3, 9, 3, 15, 9, 11, 14, 7, 6, 3, 7, 1, 4, 11, 1, 1, 18, 3, 0, 14, 5, 8, 5, 18, 2, 12, 15, 2, 12, 15, 8, 4, 11, 14, 4, 11, 14, 16, 17, 18, 6, 9, 2, 9, 4, 1, 12, 15, 11, 11, 13, 3, 9, 5, 14, 4, 5, 16, 7, 12, 16, 14, 12, 6, 18, 9, 5, 7, 3, 9, 10, 11, 0, 12, 0, 4, 12, 5, 4, 2, 6, 3, 13, 5, 14, 8, 18, 11, 10, 18, 6, 5, 1, 7, 19, 3, 3, 13, 16, 4, 13, 0, 0, 15, 11, 8, 9, 8, 4, 9, 8, 0, 6, 13, 1, 16, 13, 6, 10, 1, 12, 11, 15, 4, 2, 14, 0, 17, 9, 12, 17, 4, 6, 0, 7, 7, 15, 6, 8, 16, 3, 13, 2, 9, 10, 19, 6, 15, 0, 7, 6, 9, 1, 11, 13, 17, 11, 0, 7, 3, 17, 3, 5, 2, 0, 7, 10, 7, 1, 19, 6, 17, 13, 1, 3, 9, 10, 5, 0, 3, 6, 1, 0, 15, 4, 6, 2, 10, 8, 3, 16, 0, 8, 17, 10, 6, 14, 9, 6, 8, 10, 7, 3, 0, 5, 1, 12, 5, 8, 12, 1, 14, 8, 2, 11, 8, 12, 3, 0, 0, 2, 15, 5, 6, 7, 14, 16, 2, 9, 17, 4, 4, 3, 11, 7, 10, 1, 12, 5, 7, 15, 7, 10, 2, 8, 5, 2, 5, 14, 8, 19, 9, 10, 13, 2, 4, 12, 0, 3, 10, 8, 2, 14, 12, 5, 17, 16, 5, 16, 5, 1, 12, 13, 1, 8, 9, 4, 14, 5, 6, 19, 0, 0, 18, 12, 10, 2, 4, 9, 16, 3, 4, 4, 8, 5, 2, 8, 8, 8, 5, 0, 13, 13, 0, 2, 1, 10, 15, 5, 11, 7, 3, 5, 4, 1, 1, 3, 6, 9, 6, 7, 2, 9, 7, 11, 3, 4, 0, 6, 2, 4, 9, 16, 13, 14, 6, 0, 11, 13, 5, 7, 19, 3, 4, 20, 1, 18, 10, 12, 2, 6, 6, 14, 1, 0, 13, 3, 15, 9, 12, 17, 9, 0, 5, 11, 3, 6, 3, 8, 17, 13, 6, 4, 1, 15, 15, 16, 2, 0, 12, 11, 8, 7, 4, 11, 6, 0, 0, 18, 1, 3, 4, 9, 7, 14, 15, 9, 11, 15, 9, 16, 11, 7, 3, 10, 0, 12, 6, 11, 14, 7, 2, 6, 19, 1, 17, 5, 10, 15, 17, 3, 11, 3, 3, 9, 13, 12, 6, 11, 14, 5, 15, 14, 16, 9, 8, 1, 0, 0, 12, 12, 6, 5, 1, 3, 5, 1, 12, 10, 4, 8, 0, 6, 15, 1, 17, 16, 7, 15, 17, 9, 5, 13, 10, 18, 3, 15, 8, 2, 14, 8, 8, 6, 16, 4, 0, 12, 17, 16, 2, 10, 16, 6, 10, 0, 14, 1, 13, 16, 19, 15, 1, 7, 6, 0, 9, 19, 5, 2, 3, 13, 11, 17, 11, 4, 1, 2, 4, 8, 3, 10, 14, 16, 2, 2, 10, 0, 7, 12, 5, 7, 8, 5, 17, 18, 8, 9, 0, 3, 0, 13, 6, 13, 10, 18, 4, 0, 12, 0, 20, 15, 14, 8, 9, 11, 16, 2, 1, 2, 4, 8, 2, 4, 7, 7, 10, 12, 7, 10, 2, 2, 4, 13, 15, 7, 10, 11, 8, 0, 12, 2, 14, 9, 2, 11, 7, 6, 3, 12, 10, 18, 3, 9, 17, 1, 7, 0, 11, 7, 4, 11, 15, 4, 0, 14, 2, 14, 12, 18, 5, 2, 18, 8, 7, 8, 17, 9, 4, 2, 2, 11, 7, 3, 11, 7, 0, 14, 9, 5, 5, 5, 13, 9, 6, 0, 10, 8, 8, 13, 12, 7, 6, 13, 0, 16, 0, 4, 3, 1, 11, 12, 5, 1, 5, 7, 1, 17, 14, 9, 2, 2, 9, 2, 8, 5, 10, 12, 0, 12, 3, 7, 3, 10, 17, 1, 6, 9, 5, 0, 11, 14, 4, 6, 15, 5, 0, 10, 9, 3, 13, 4, 2, 3, 4, 4, 13, 17, 5, 14, 9, 12, 16, 5, 0, 16, 13, 8, 1, 0, 15, 10, 1, 5, 6, 6, 13, 7, 16, 12, 8, 9, 0, 9, 8, 1, 5, 3, 10, 11, 10, 13, 9, 0, 4, 15, 1, 0, 16, 9, 14, 3, 13, 6, 13, 12, 8, 1, 2, 8, 18, 14, 10, 18, 4, 10, 2, 4, 6, 2, 1, 13, 12, 0, 4, 9, 6, 6, 9, 8, 17, 15, 2, 11, 11, 4, 3, 3, 4, 4, 15, 14, 5, 0, 11, 8, 8, 1, 11, 10, 7, 11, 16, 13, 19, 17, 9, 15, 2, 8, 8, 12, 0, 8, 12, 3, 14, 1, 15, 0, 1, 0, 0, 7, 6, 0, 9, 6, 3, 18, 1, 9, 7, 8, 12, 6, 8, 11, 11, 3, 9, 17, 4, 3, 2, 12, 4, 20, 14, 0, 17, 7, 11, 14, 3, 5, 14, 1, 1, 2, 7, 10, 6, 5, 8, 12, 5, 8, 12, 3, 10, 5, 10, 16, 19, 6, 6, 7, 8, 11, 16, 11, 2, 15, 11, 3, 9, 15, 18, 19, 15, 17, 7, 18, 15, 4, 12, 12, 5, 2, 2, 0, 7, 7, 13, 12, 7, 18, 1, 10, 6, 6, 0, 5, 14, 16, 12, 9, 4, 14, 5, 13, 18, 0, 6, 2, 13, 1, 15, 4, 0, 5, 16, 11, 17, 14, 5, 7, 3, 9, 9, 5, 10, 11, 10, 7, 2, 1, 6, 3, 4, 2, 15, 14, 4, 14, 2, 16, 13, 19, 1, 12, 7, 1, 10, 0, 6, 6, 10, 15, 15, 2, 2, 19, 1, 13, 0, 16, 13, 4, 9, 1, 10, 14, 5, 8, 17, 6, 8, 7, 2, 0, 1, 2, 1, 1, 4, 14, 4, 7, 14, 4, 17, 3, 2, 5, 0, 13, 10, 13, 5, 1, 3, 3, 1, 8, 1, 10, 8, 9, 13, 3, 9, 5, 19, 14, 4, 9, 6, 1, 10, 1, 14, 7, 2, 6, 0, 11, 2, 12, 0, 10, 3, 20, 10, 4, 6, 3, 19, 2, 7, 11, 8, 6, 13, 12, 3, 0, 13, 13, 2, 10, 4, 8, 1, 5, 11, 8, 1, 13, 12, 0, 9, 2, 7, 11, 0, 6, 5, 5, 10, 3, 18, 4, 17, 11, 8, 8, 3, 9, 13, 8, 5, 12, 17, 11, 11, 12, 7, 0, 11, 3, 3, 0, 0, 10, 13, 17, 17, 9, 12, 13, 9, 5, 20, 12, 14, 11, 6, 9, 10, 2, 0, 0, 10, 2, 8, 5, 12, 17, 0, 4, 6, 0, 4, 14, 15, 8, 17, 6, 0, 16, 5, 2, 15, 20, 2, 13, 0, 4, 8, 5, 12, 11, 4, 8, 13, 8, 5, 17, 15, 0, 6, 4, 1, 9, 1, 5, 9, 11, 4, 1, 17, 12, 7, 6, 0, 10, 2, 7, 10, 0, 7, 5, 4, 1, 6, 3, 3, 10, 7, 12, 13, 7, 0, 8, 9, 14, 11, 0, 4, 5, 1, 2, 9, 3, 12, 16, 5, 7, 2, 5, 14, 10, 2, 1, 15, 7, 9, 3, 16, 5, 1, 10, 6, 16, 7, 15, 11, 6, 3, 7, 2, 0, 4, 3, 1, 3, 15, 17, 15, 11, 7, 5, 8, 15, 13, 9, 5, 7, 6, 9, 10, 2, 2, 12, 11, 1, 14, 10, 9, 18, 1, 10, 11, 1, 20, 7, 10, 0, 18, 7, 16, 9, 16, 12, 15, 15, 0, 6, 2, 3, 19, 1, 3, 11, 5, 8, 2, 3, 12, 4, 13, 14, 5, 16, 10, 6, 4, 2, 0, 8, 1, 0, 2, 6, 2, 1, 15, 15, 0, 2, 5, 14, 8, 4, 3, 8, 19, 4, 13, 13, 10, 6, 16, 10, 3, 11, 18, 0, 7, 0, 11, 8, 13, 15, 10, 4, 0, 12, 5, 20, 16, 2, 2, 14, 11, 18, 18, 13, 5, 5, 14, 6, 12, 5, 10, 1, 12, 3, 9, 0, 13, 11, 2, 12, 6, 12, 3, 9, 4, 14, 15, 4, 0, 0, 16, 4, 12, 0, 7, 15, 3, 8, 16, 3, 3, 3, 5, 2, 4, 17, 6, 5, 12, 9, 11, 10, 14, 14, 10, 1, 0, 14, 16, 7, 0, 12, 10, 9, 7, 10, 7, 3, 8, 7, 2, 8, 1, 5, 14, 11, 3, 6, 8, 8, 4, 9, 10, 17, 12, 13, 7, 17, 14, 11, 7, 3, 12, 11, 9, 19, 2, 1, 18, 1, 1, 7, 4, 17, 5, 6, 15, 15, 6, 2, 8, 13, 4, 9, 0, 6, 12, 9, 9, 4, 2, 0, 14, 0, 0, 10, 8, 2, 1, 2, 8, 8, 4, 13, 7, 16, 11, 6, 7, 5, 4, 1, 1, 15, 1, 1, 2, 8, 8, 7, 6, 17, 9, 13, 5, 13, 10, 14, 6, 15, 15, 11, 1, 10, 10, 6, 1, 8, 7, 0, 13, 2, 9, 16, 4, 4, 4, 5, 2, 13, 2, 6, 6, 1, 13, 2, 14, 9, 11, 3, 0, 5, 16, 0, 4, 15, 0, 4, 3, 5, 13, 13, 8, 2, 1, 1, 16, 0, 1, 9, 16, 11, 3, 15, 18, 0, 9, 13, 6, 13, 10, 10, 0, 3, 14, 3, 7, 12, 10, 14, 16, 7, 1, 7, 19, 8, 2, 5, 5, 16, 7, 4, 6, 3, 10, 6, 16, 11, 15, 12, 2, 15, 11, 9, 13, 14, 4, 17, 9, 3, 11, 5, 17, 11, 12, 10, 6, 11, 12, 4, 2, 8, 14, 17, 3, 2, 0, 0, 1, 0, 7, 6, 17, 5, 8, 16, 5, 13, 3, 3, 0, 8, 3, 9, 11, 10, 12, 3, 10, 15, 5, 0, 8, 7, 1, 11, 12, 12, 16, 0, 7, 7, 0, 3, 6, 0, 2, 10, 0, 3, 1, 2, 6, 8, 6, 12, 8, 7, 11, 6, 14, 4, 14, 9, 16, 13, 7, 19, 4, 11, 2, 16, 5, 5, 10, 5, 0, 1, 16, 18, 12, 0, 14, 15, 3, 11, 9, 8, 16, 5, 10, 17, 11, 10, 3, 14, 1, 3, 8, 0, 0, 1, 13, 0, 1, 3, 10, 5, 4, 7, 9, 13, 6, 20, 6, 12, 3, 0, 0, 18, 19, 4, 18, 10, 15, 7, 9, 13, 5, 13, 12, 15, 4, 9, 2, 5, 9, 0, 16, 12, 10, 1, 15, 2, 6, 16, 6, 10, 0, 8, 1, 4, 11, 4, 9, 6, 8, 10, 13, 9, 5, 2, 10, 1, 2, 10, 11, 13, 14, 1, 12, 5, 9, 11, 12, 7, 15, 11, 7, 4, 10, 14, 5, 0, 0, 10, 1, 1, 1, 7, 11, 12, 8, 8, 3, 1, 6, 18, 6, 2, 7, 15, 10, 9, 13, 0, 4, 13, 1, 13, 0, 12, 16, 5, 13, 3, 4, 7, 12, 7, 5, 10, 8, 15, 6, 15, 2, 8, 2, 2, 17, 1, 14, 14, 0, 6, 15, 9, 8, 0, 16, 11, 7, 7, 5, 13, 1, 2, 3, 4, 0, 10, 11, 4, 11, 18, 17, 14, 18, 1, 8, 13, 13, 17, 10, 18, 19, 0, 16, 13, 4, 11, 7, 15, 14, 3, 0, 5, 1, 12, 3, 12, 5, 14, 5, 8, 3, 6, 2, 4, 4, 0, 0, 9, 0, 0, 1, 3, 12, 2, 15, 3, 8, 17, 2, 6, 5, 11, 10, 9, 5, 4, 3, 0, 13, 13, 16, 2, 14, 7, 9, 17, 4, 5, 11, 10, 11, 6, 6, 15, 16, 16, 0, 0, 8, 9, 7, 4, 2, 3, 10, 6, 5, 1, 11, 12, 13, 12, 13, 11, 4, 5, 0, 18, 7, 14, 18, 11, 6, 7, 3, 3, 16, 14, 1, 17, 15, 15, 12, 1, 4, 19, 8, 0, 14, 3, 7, 8, 6, 3, 16, 5, 2, 5, 12, 10, 9, 2, 12, 7, 9, 13, 4, 9, 1, 9, 7, 1, 10, 3, 6, 15, 1, 11, 8, 2, 14, 8, 4, 12, 6, 10, 10, 5, 14, 10, 9, 6, 3, 13, 8, 1, 13, 14, 11, 9, 13, 6, 15, 11, 0, 0, 1, 4, 6, 3, 8, 12, 9, 14, 16, 1, 1, 8, 0, 1, 3, 15, 12, 6, 12, 3, 10, 17, 2, 14, 18, 0, 4, 5, 16, 17, 2, 18, 9, 8, 6, 20, 0, 9, 1, 2, 15, 2, 9, 16, 8, 13, 3, 10, 5, 8, 4, 0, 18, 4, 2, 12, 17, 5, 15, 0, 13, 16, 8, 7, 10, 2, 11, 6, 13, 15, 6, 14, 0, 4, 0, 18, 4, 11, 3, 0, 15, 0, 9, 2, 5, 8, 7, 11, 0, 4, 13, 5, 14, 12, 4, 11, 1, 0, 14, 4, 12, 7, 11, 2, 7, 0, 1, 4, 0, 12, 2, 12, 16, 15, 2, 10, 4, 4, 6, 5, 10, 2, 0, 14, 15, 7, 5, 9, 8, 5, 17, 4, 13, 11, 13, 13, 10, 2, 4, 6, 5, 11, 7, 10, 16, 8, 8, 7, 11, 19, 7, 5, 0, 10, 14, 11, 3, 3, 3, 0, 5, 6, 12, 7, 10, 6, 7, 0, 1, 1, 1, 10, 11, 11, 7, 9, 9, 2, 6, 16, 3, 5, 15, 4, 2, 7, 5, 12, 10, 6, 14, 4, 7, 9, 8, 11, 1, 17, 1, 6, 12, 13, 7, 8, 15, 12, 3, 1, 10, 10, 6, 0, 5, 1, 1, 14, 3, 10, 9, 13, 7, 3, 9, 5, 11, 5, 5, 9, 12, 8, 14, 9, 3, 11, 8, 1, 8, 2, 1, 13, 3, 6, 13, 12, 9, 3, 15, 0, 11, 16, 2, 11, 10, 17, 7, 9, 0, 15, 0, 9, 16, 1, 12, 12, 13, 3, 14, 4, 19, 14, 9, 0, 17, 12, 1, 8, 14, 11, 6, 15, 8, 4, 16, 5, 4, 18, 2, 15, 4, 16, 12, 12, 0, 13, 17, 11, 5, 17, 8, 6, 14, 3, 7, 0, 4, 0, 1, 1, 12, 13, 0, 10, 9, 14, 14, 2, 11, 19, 14, 2, 17, 8, 13, 13, 11, 9, 9, 10, 1, 3, 16, 6, 15, 4, 9, 16, 12, 7, 6, 6, 4, 0, 1, 1, 0, 1, 2, 6, 7, 10, 12, 3, 9, 4, 5, 14, 15, 6, 7, 7, 18, 9, 18, 0, 3, 1, 8, 2, 5, 2, 13, 14, 2, 8, 1, 19, 4, 5, 7, 0, 6, 3, 2, 7, 1, 11, 12, 8, 7, 4, 5, 9, 9, 18, 11, 1, 2, 13, 14, 7, 0, 10, 9, 3, 8, 3, 10, 6, 7, 0, 2, 0, 6, 2, 0, 17, 15, 10, 3, 8, 9, 14, 13, 3, 11, 11, 13, 4, 16, 1, 5, 18, 5, 20, 18, 15, 2, 16, 12, 0, 10, 5, 0, 5, 9, 4, 12, 0, 15, 8, 0, 2, 4, 8, 5, 6, 10, 13, 2, 10, 8, 4, 5, 15, 14, 17, 10, 11, 17, 2, 19, 0, 4, 13, 2, 19, 17, 11, 2, 16, 0, 0, 1, 3, 5, 4, 11, 12, 10, 14, 7, 6, 4, 10, 8, 10, 14, 18, 9, 15, 0, 18, 11, 11, 3, 20, 5, 0, 9, 8, 0, 3, 13, 16, 4, 16, 7, 0, 1, 5, 7, 18, 5, 9, 16, 17, 12, 12, 14, 7, 10, 4, 4, 4, 16, 3, 17, 1, 1, 1, 12, 9, 2, 9, 9, 17, 7, 13, 6, 7, 13, 2, 1, 8, 12, 4, 7, 6, 3, 11, 8, 1, 3, 3, 7, 1, 14, 8, 6, 12, 2, 8, 9, 12, 0, 8, 3, 10, 11, 7, 3, 12, 14, 4, 4, 2, 7, 14, 0, 0, 13, 14, 0, 10, 9, 9, 5, 7, 8, 6, 5, 3, 9, 12, 16, 15, 2, 19, 13, 4, 11, 17, 0, 0, 6, 2, 17, 13, 15, 12, 3, 8, 8, 6, 13, 2, 1, 15, 6, 10, 2, 14, 10, 3, 2, 4, 14, 12, 12, 13, 5, 1, 11, 6, 0, 1, 3, 10, 2, 11, 13, 8, 15, 8, 13, 0, 9, 12, 7, 14, 10, 6, 11, 4, 3, 4, 15, 3, 18, 0, 15, 12, 4, 1, 16, 11, 4, 15, 11, 9, 6, 3, 1, 13, 14, 7, 10, 5, 8, 5, 9, 4, 12, 9, 2, 1, 11, 2, 0, 1, 5, 6, 2, 9, 18, 6, 1, 16, 7, 3, 16, 12, 12, 1, 4, 7, 10, 2, 15, 11, 8, 5, 4, 0, 13, 18, 10, 16, 2, 9, 0, 8, 5, 14, 11, 15, 15, 4, 8, 1, 9, 11, 5, 9, 4, 7, 4, 17, 10, 5, 7, 0, 7, 8, 12, 8, 9, 15, 14, 10, 8, 3, 13, 1, 9, 4, 1, 7, 4, 9, 11, 0, 5, 17, 15, 12, 14, 7, 10, 5, 6, 2, 0, 1, 8, 13, 0, 0, 2, 5, 5, 10, 14, 16, 14, 2, 17, 8, 5, 3, 9, 0, 15, 6, 8, 12, 13, 7, 11, 0, 11, 1, 0, 6, 7, 4, 5, 11, 2, 3, 10, 8, 0, 0, 5, 9, 3, 10, 3, 5, 0, 0, 7, 12, 6, 1, 8, 8, 4, 3, 0, 8, 11, 5, 1, 0, 7, 13, 6, 1, 3, 2, 3, 9, 14, 6, 8, 6, 0, 15, 12, 2, 2, 11, 12, 3, 6, 0, 0, 0, 1, 5, 9, 4, 4, 2, 6, 8, 5, 7, 10, 6, 0, 10, 2, 2, 7, 0, 9, 4, 6, 6, 14, 11, 3, 14, 3, 4, 12, 8, 1, 9, 9, 8, 2, 3, 7, 4, 6, 3, 0, 16, 17, 7, 10, 7, 7, 0, 1, 11, 12, 5, 5, 2, 4, 6, 4, 3, 1, 4, 2, 9, 2]
convergência = [20, 20, 20, 20, 20, 20, 20, 20, 20, 20, 20, 20, 20, 20, 20, 20, 20, 20, 20, 20, 20, 20, 20, 20, 20, 20, 20, 20, 20, 20, 20, 20, 20, 20, 20, 20, 20, 20, 20, 20, 20, 20, 20, 20, 20, 20, 20, 20, 20, 20, 20, 20, 20, 20, 20, 20, 20, 20, 20, 20, 20, 20, 20, 20, 20, 20, 20, 20, 20, 20, 20, 20, 20, 20, 20, 20, 20, 20, 20, 20, 20, 20, 20, 20, 20, 20, 20, 20, 20, 20, 20, 20, 20, 20, 20, 20, 20, 20, 20, 20, 20, 20, 20, 20, 20, 20, 20, 20, 20, 20, 20, 20, 20, 20, 20, 20, 20, 20, 20, 20, 20, 20, 20, 20]

===== FIM =====
