===== RESULTADO BRKGA L(2,1) =====
Arquivo: /Users/mateuspedrosa/Documents/TCC-II/BRKGA/data/Harwell-Boeing_cleaned/bcsstk15_clean.mtx

----- Execução #1 -----
[INFO] Time limit atingido: 15 minutos. Interrompido no meio de uma geração.
Tempo de execução: 900019ms
Span (lambda): 80
best_order = [2372, 148, 3458, 141, 3391, 2631, 417, 2938, 1257, 2694, 3256, 3352, 1976, 466, 2472, 129, 2322, 1662, 1385, 3739, 261, 1833, 1417, 3126, 1665, 1775, 2961, 758, 880, 174, 3189, 3125, 1461, 3072, 2096, 2252, 2310, 3720, 2231, 1250, 374, 3667, 3139, 2094, 3713, 931, 2154, 755, 572, 1351, 3397, 2141, 2710, 3220, 1575, 3121, 3405, 3074, 2479, 2200, 3050, 3703, 3482, 3355, 239, 1504, 3659, 1732, 2622, 2718, 2114, 1644, 1115, 1349, 1591, 3759, 932, 849, 303, 1053, 1109, 2610, 2666, 1617, 3330, 1756, 850, 2379, 3900, 3185, 2116, 1306, 754, 3449, 2888, 37, 3625, 3110, 2956, 564, 169, 1064, 2602, 2849, 3017, 1521, 1487, 1834, 147, 657, 1480, 523, 366, 501, 2178, 2767, 3688, 1848, 2047, 178, 2115, 2604, 1654, 1484, 3718, 2551, 2914, 2269, 3758, 1692, 3384, 2778, 2809, 1582, 1685, 673, 2817, 348, 2638, 538, 552, 2097, 957, 2205, 1056, 1561, 225, 2992, 599, 3901, 647, 3203, 149, 2739, 2237, 5, 1180, 1927, 2207, 2567, 405, 2663, 3565, 3644, 2434, 1275, 2984, 2478, 2381, 2835, 3489, 240, 3931, 1292, 1362, 3056, 3506, 3783, 1725, 3086, 812, 2075, 1311, 320, 1608, 1139, 1728, 3942, 3812, 1870, 522, 619, 3144, 815, 1697, 2486, 265, 3569, 1652, 799, 1838, 3238, 2999, 2854, 2695, 2453, 90, 1218, 1212, 798, 3200, 1824, 1814, 966, 1086, 3321, 2563, 3379, 3117, 2397, 2656, 385, 2709, 1991, 530, 2652, 2725, 38, 3474, 347, 2477, 3923, 3767, 2220, 2736, 2784, 2552, 3719, 941, 59, 3206, 1467, 1752, 2740, 2583, 2558, 2139, 314, 1489, 1699, 1680, 1859, 557, 2990, 3786, 3853, 3311, 1233, 1909, 1705, 1520, 736, 3849, 2118, 3776, 1033, 1456, 3704, 2055, 2573, 1607, 3580, 3507, 1043, 1459, 1366, 3631, 1773, 940, 1255, 622, 2915, 3843, 1765, 2923, 2444, 3752, 1658, 1246, 2056, 1726, 3219, 2662, 565, 1191, 1731, 378, 1738, 1817, 3289, 284, 2940, 3175, 2186, 566, 3545, 1291, 2299, 3165, 1719, 2349, 3522, 1620, 1155, 53, 2703, 3207, 1127, 2595, 2685, 61, 2450, 3653, 1508, 3429, 3190, 2580, 3740, 1421, 2466, 3378, 958, 1251, 2469, 365, 75, 3744, 2265, 2794, 740, 3343, 2811, 3755, 2525, 3432, 379, 3407, 88, 1799, 2159, 2716, 3715, 451, 1229, 2579, 1507, 3132, 1969, 3867, 2707, 3679, 29, 2578, 221, 2864, 1024, 2428, 135, 77, 1403, 2792, 2012, 3714, 3361, 1978, 1509, 821, 837, 1869, 479, 1162, 1113, 3264, 83, 3443, 498, 1344, 540, 3945, 1845, 1247, 2777, 1217, 1483, 1711, 2109, 3394, 3894, 629, 2378, 543, 3396, 3167, 1794, 1796, 3259, 1667, 1210, 553, 1214, 643, 656, 3731, 1595, 1564, 3627, 2009, 3822, 2108, 341, 1373, 3478, 1748, 1966, 3566, 71, 346, 855, 3805, 637, 3096, 2192, 3591, 586, 1340, 2215, 795, 1077, 313, 3481, 84, 2512, 1277, 2439, 2073, 3774, 2206, 628, 1569, 1573, 814, 3628, 2797, 973, 1165, 3393, 1549, 1287, 1012, 1584, 922, 3781, 2524, 8, 3827, 526, 3709, 3079, 2309, 3461, 3234, 810, 1645, 1244, 2830, 165, 3247, 2607, 819, 510, 1228, 2418, 3403, 2110, 3102, 2285, 3434, 3275, 3334, 1640, 752, 1454, 2443, 475, 247, 3694, 3426, 1759, 2860, 3560, 2490, 317, 1992, 3323, 2877, 1955, 113, 2732, 2881, 3537, 2388, 2214, 1041, 3199, 41, 1173, 114, 2303, 424, 3095, 3049, 3241, 1150, 2679, 3013, 3800, 1750, 349, 283, 3599, 914, 3304, 1471, 3349, 1807, 1585, 2230, 2670, 790, 2926, 99, 2092, 1637, 1954, 268, 830, 191, 2509, 2653, 2155, 3181, 706, 3097, 2581, 1122, 3778, 2465, 3129, 2554, 743, 3518, 2485, 1956, 3512, 2395, 639, 906, 1882, 2708, 3261, 1389, 3280, 3266, 3572, 1343, 638, 3658, 1368, 300, 462, 2639, 76, 65, 2182, 3376, 3802, 3143, 774, 1670, 2540, 3060, 1315, 2441, 12, 2006, 3390, 3661, 2753, 2072, 1170, 3570, 1524, 3466, 693, 1704, 2582, 3796, 1803, 2480, 1994, 2632, 568, 436, 55, 3288, 87, 2921, 2350, 3747, 1334, 577, 3575, 2204, 3408, 684, 2894, 2627, 3918, 2994, 238, 1541, 3944, 2111, 2969, 644, 3484, 561, 1552, 3224, 3840, 1642, 1243, 2993, 1431, 1201, 489, 2517, 626, 1568, 1411, 1718, 531, 1379, 3263, 2085, 3345, 3442, 186, 3706, 427, 695, 296, 1308, 3057, 2951, 2805, 2556, 683, 2534, 1356, 1047, 290, 2027, 2618, 73, 3678, 1629, 3154, 738, 17, 161, 3030, 2311, 3112, 2905, 576, 945, 2957, 3811, 3366, 2222, 1316, 1770, 1897, 1, 3450, 1698, 3372, 1042, 3793, 333, 1686, 2770, 3225, 2816, 3505, 947, 960, 3864, 2171, 1114, 829, 139, 923, 3012, 1757, 3639, 1184, 2869, 2174, 1844, 1313, 3609, 3764, 181, 2640, 18, 2405, 2839, 1772, 3217, 1724, 972, 2086, 2682, 903, 615, 3101, 1245, 1576, 126, 2380, 1836, 229, 742, 516, 2387, 2324, 2284, 175, 521, 3093, 968, 323, 3244, 3886, 1000, 2352, 980, 917, 817, 208, 3253, 3326, 3761, 1100, 1054, 1673, 281, 2035, 1234, 879, 1408, 3472, 3302, 206, 3943, 1451, 2919, 1861, 1237, 2246, 3341, 2498, 3876, 2800, 788, 2899, 2762, 1783, 926, 2931, 1600, 3834, 3807, 3680, 452, 771, 2879, 2576, 611, 2334, 3656, 1548, 1149, 2125, 3221, 715, 293, 3697, 101, 1612, 2588, 1961, 519, 763, 2912, 3733, 3672, 328, 2932, 3283, 1333, 98, 1967, 3856, 846, 3227, 2018, 1268, 3754, 2357, 27, 3009, 827, 3192, 1146, 1891, 3467, 2904, 295, 627, 822, 1068, 2325, 556, 1682, 244, 3051, 731, 362, 1238, 1418, 3629, 582, 187, 2633, 2964, 2181, 2203, 3233, 3395, 1671, 2738, 527, 1415, 532, 887, 2119, 2822, 3169, 2286, 1973, 2506, 209, 180, 1825, 1398, 484, 2641, 3067, 1177, 1027, 2024, 3583, 2668, 3083, 3612, 1273, 3002, 1486, 64, 2751, 3194, 2892, 653, 1254, 2259, 1849, 1352, 338, 729, 3310, 3498, 2724, 1017, 3010, 2529, 1007, 826, 3173, 1469, 1627, 3447, 1789, 3061, 1676, 2011, 255, 3638, 692, 2698, 1371, 236, 2083, 3476, 2575, 2613, 1503, 1466, 2412, 1681, 3078, 1280, 198, 2913, 1517, 382, 3140, 2364, 3148, 1916, 528, 1677, 696, 2874, 66, 2393, 35, 266, 3938, 3607, 1782, 3282, 1931, 1535, 3163, 2263, 1225, 2071, 234, 1499, 919, 3928, 1085, 415, 3630, 3015, 2902, 1274, 2768, 1856, 1979, 3526, 350, 1008, 173, 2427, 1105, 2585, 3716, 2274, 1812, 2437, 380, 1172, 3215, 30, 781, 1896, 1107, 529, 170, 2979, 197, 700, 2358, 226, 3794, 2454, 3342, 326, 3053, 1839, 1014, 1123, 2586, 3460, 3503, 3068, 3297, 1010, 2417, 3665, 3690, 1690, 856, 1207, 3046, 2318, 709, 131, 3191, 3344, 3350, 2429, 2635, 920, 1409, 1163, 1999, 698, 1702, 800, 1090, 297, 3573, 1283, 2403, 1981, 2209, 3936, 2021, 981, 3858, 1055, 117, 1895, 1169, 502, 1202, 3841, 797, 213, 2090, 2706, 1432, 3306, 304, 3108, 3160, 275, 160, 23, 1962, 279, 3684, 2939, 1426, 558, 3279, 1566, 2526, 3229, 1598, 3174, 2146, 2812, 2470, 1829, 1357, 2766, 704, 3098, 2838, 737, 2422, 3848, 3322, 2819, 604, 1025, 1330, 43, 2693, 3116, 3260, 2022, 670, 2644, 2825, 1488, 2061, 421, 1722, 3183, 1380, 3111, 3541, 410, 368, 2449, 1655, 857, 270, 21, 1512, 868, 2199, 2935, 712, 1253, 1720, 1203, 2019, 3838, 3178, 3865, 840, 3673, 1609, 533, 1135, 3559, 2518, 1399, 1850, 2786, 1065, 1018, 3929, 713, 514, 3134, 716, 3300, 256, 2102, 1182, 3726, 2236, 1354, 1038, 1286, 291, 205, 4, 1567, 2152, 1912, 3118, 1120, 3066, 1791, 2988, 2344, 3555, 3209, 886, 3058, 3669, 2002, 1971, 894, 2840, 1688, 610, 2600, 1624, 950, 3338, 2391, 3516, 3301, 136, 893, 1413, 491, 876, 2036, 488, 1358, 2601, 358, 1446, 1136, 1932, 3236, 377, 1396, 2634, 1158, 2191, 3693, 1588, 3006, 3551, 1145, 2438, 2069, 3699, 3090, 818, 124, 1142, 3346, 3383, 2507, 1046, 243, 2193, 2704, 717, 878, 325, 2818, 156, 1754, 873, 2972, 3223, 504, 1907, 844, 1917, 1029, 913, 3065, 2468, 2416, 1837, 3370, 2965, 359, 3511, 344, 3077, 2952, 3686, 1264, 1293, 3542, 1235, 1894, 2451, 1067, 1392, 1282, 1196, 1223, 1828, 1526, 1189, 3850, 2164, 2411, 3159, 3578, 635, 3613, 103, 3564, 595, 3508, 2647, 2049, 267, 1013, 1714, 764, 650, 3651, 1269, 2916, 1570, 997, 3231, 104, 3230, 3455, 2599, 620, 1300, 2081, 3113, 1076, 2430, 3445, 2242, 2369, 3005, 2170, 2461, 623, 3295, 793, 1586, 3380, 1239, 2257, 1345, 3705, 220, 3428, 1205, 518, 152, 1082, 1813, 1193, 3626, 952, 2689, 454, 2020, 1647, 3536, 2547, 3045, 246, 2606, 2000, 2321, 3047, 2396, 2482, 2175, 802, 356, 631, 282, 3436, 249, 2562, 2858, 500, 686, 3548, 1597, 2179, 3771, 1209, 1422, 1079, 2436, 2946, 769, 3921, 1533, 3828, 383, 3937, 3502, 3911, 1346, 3368, 2895, 2060, 440, 2968, 2386, 2870, 483, 1400, 425, 1811, 331, 804, 3909, 2333, 1031, 1298, 3602, 2982, 3581, 2623, 2643, 3504, 199, 2057, 1623, 3488, 2648, 801, 2661, 1740, 1147, 1747, 2645, 1387, 1544, 3420, 1729, 1610, 3852, 446, 158, 1534, 2651, 153, 1940, 2016, 3893, 272, 1441, 130, 2413, 2408, 2642, 2346, 3277, 2488, 1289, 2394, 2360, 672, 1496, 2173, 719, 1309, 3446, 3712, 608, 2987, 2066, 1388, 339, 13, 2688, 1232, 1868, 1606, 1088, 2070, 3299, 486, 2296, 69, 340, 2785, 3414, 3924, 3161, 408, 3711, 1108, 1550, 3235, 144, 2211, 3859, 2307, 884, 2258, 2410, 36, 214, 1852, 1945, 3091, 992, 3385, 1002, 2406, 1491, 3820, 1986, 911, 1230, 890, 2456, 1763, 735, 541, 2749, 1889, 407, 194, 3671, 3637, 753, 404, 2455, 2630, 212, 3531, 1911, 2332, 1886, 3142, 434, 1118, 1746, 3605, 897, 401, 3265, 3576, 2289, 3500, 1465, 2920, 2105, 3287, 2677, 3309, 193, 2336, 2044, 885, 1930, 1131, 770, 1819, 3677, 3032, 1478, 732, 663, 1216, 3239, 2660, 1186, 248, 54, 3654, 2687, 1429, 1221, 1215, 606, 3618, 217, 3496, 50, 120, 1727, 2409, 3710, 1285, 2077, 979, 1571, 2232, 3043, 3381, 1084, 1036, 2597, 3940, 3150, 3701, 865, 1630, 3687, 1590, 1393, 3855, 216, 551, 2064, 1700, 1295, 3033, 2099, 2132, 1934, 634, 3738, 674, 3904, 56, 1780, 2748, 749, 559, 3725, 2233, 3497, 3527, 3307, 1500, 1695, 3398, 3491, 3707, 3650, 2492, 3872, 1734, 3011, 2302, 2033, 2089, 1928, 1633, 2944, 3623, 1616, 1745, 618, 1638, 2678, 2941, 492, 794, 2959, 3621, 2909, 345, 881, 305, 2162, 2216, 2516, 93, 1378, 2996, 2329, 934, 3076, 989, 2290, 3789, 659, 1329, 2594, 3842, 3878, 1424, 7, 1857, 1506, 3278, 1242, 3016, 2719, 2457, 3539, 2515, 285, 1884, 2304, 2421, 2484, 1938, 2876, 1455, 2799, 306, 3925, 3211, 3762, 591, 1639, 1021, 46, 3721, 1433, 2532, 2924, 925, 1001, 442, 1278, 3514, 2264, 3784, 3473, 264, 2201, 3243, 3198, 3562, 1006, 1865, 273, 1425, 3730, 806, 1881, 3682, 1735, 2756, 315, 230, 219, 2624, 288, 1841, 1929, 302, 3483, 1166, 1810, 384, 1864, 3632, 3509, 3727, 1744, 2620, 1262, 3932, 1080, 503, 524, 397, 2577, 2758, 1359, 14, 1171, 2043, 102, 292, 2852, 2844, 3773, 2727, 3634, 2493, 42, 15, 860, 72, 3736, 3182, 2750, 1559, 2764, 3018, 733, 578, 965, 3926, 2315, 3563, 2225, 2747, 3130, 2010, 640, 546, 2194, 105, 1074, 1197, 2166, 3271, 2571, 1942, 1093, 690, 2880, 848, 1800, 1878, 3048, 993, 1646, 3899, 70, 2120, 3059, 2893, 722, 3896, 1968, 168, 782, 746, 3430, 476, 370, 780, 2254, 253, 1723, 444, 937, 2890, 3216, 2720, 3810, 3821, 447, 1175, 3404, 3561, 3105, 2112, 1098, 587, 3905, 2530, 395, 2995, 228, 2628, 1947, 2542, 2845, 1730, 3574, 607, 2168, 1130, 2249, 664, 2820, 2796, 3055, 2244, 1717, 2101, 1117, 682, 2013, 3354, 1129, 3648, 162, 1322, 241, 1095, 110, 1743, 3861, 1863, 1919, 575, 1206, 2452, 1361, 2426, 3087, 3335, 459, 1988, 3409, 613, 3640, 3879, 342, 140, 858, 3920, 3844, 2821, 625, 2424, 718, 211, 1944, 697, 1883, 1933, 999, 3025, 1297, 155, 132, 918, 1536, 1755, 777, 2353, 1360, 2339, 978, 3664, 2508, 354, 1975, 1494, 778, 883, 298, 3815, 2327, 3418, 176, 316, 3891, 1241, 79, 3042, 1816, 2903, 2549, 324, 2084, 2248, 2856, 1998, 2691, 68, 1733, 3749, 127, 3598, 1546, 2757, 2448, 3214, 361, 3584, 1663, 1061, 811, 2519, 2867, 2928, 3439, 1578, 2279, 1908, 592, 3798, 3722, 1420, 991, 3133, 2187, 1553, 535, 921, 78, 3463, 2841, 388, 3832, 2793, 843, 2832, 2045, 542, 1832, 751, 720, 396, 3668, 10, 2023, 2827, 389, 224, 1798, 679, 832, 2808, 1376, 2025, 133, 2936, 1952, 1326, 2967, 1587, 723, 3359, 3115, 3081, 3313, 3519, 432, 3388, 3881, 2098, 276, 1554, 1939, 2229, 3622, 277, 689, 1547, 2185, 3890, 1957, 1948, 994, 3149, 1394, 2717, 242, 373, 3252, 1761, 545, 3412, 423, 593, 294, 825, 3094, 2281, 495, 3319, 847, 1710, 1691, 456, 2218, 3887, 2559, 3750, 472, 2659, 3151, 2665, 2213, 2026, 2298, 204, 3202, 645, 1199, 1045, 2169, 2241, 1402, 3847, 34, 299, 336, 3743, 3123, 964, 1102, 768, 943, 2846, 2983, 574, 1087, 3912, 1543, 1787, 3647, 3681, 2541, 2763, 1452, 2474, 702, 1071, 3696, 724, 3535, 2122, 163, 32, 1224, 1442, 392, 1921, 3375, 1867, 418, 536, 1959, 1501, 470, 2144, 2463, 3269, 3692, 882, 1537, 669, 1531, 2037, 3153, 933, 3732, 2837, 1993, 727, 3303, 112, 1555, 3660, 1009, 1659, 82, 2779, 3910, 3459, 3884, 3462, 2616, 3249, 280, 258, 3208, 2550, 2176, 2728, 636, 85, 2701, 310, 1786, 2930, 1260, 1674, 816, 2183, 3874, 861, 2885, 3284, 3180, 1515, 863, 3485, 116, 1972, 201, 776, 2910, 1472, 1970, 3540, 329, 1937, 1395, 1925, 3320, 996, 2320, 834, 3831, 1565, 3587, 1498, 594, 2415, 2953, 841, 1924, 2872, 3369, 597, 3103, 1179, 2337, 646, 579, 3291, 2314, 1599, 588, 3099, 1604, 651, 45, 2649, 1551, 182, 2765, 2522, 1261, 2775, 2335, 3440, 3008, 1877, 2370, 3549, 172, 3092, 2657, 1440, 2051, 337, 1518, 372, 357, 3837, 3052, 1185, 2637, 633, 1384, 3357, 2875, 1133, 1545, 2300, 1808, 1562, 2605, 3769, 2970, 2489, 2137, 2494, 1089, 2312, 2117, 1903, 1125, 1801, 11, 387, 3305, 1412, 2087, 210, 3729, 235, 262, 3176, 872, 2431, 3137, 2977, 3425, 2873, 1516, 1790, 381, 1893, 1181, 3415, 3170, 3062, 3325, 2032, 2319, 494, 3452, 150, 2943, 2291, 2741, 820, 2536, 959, 1522, 3490, 3347, 1835, 167, 2798, 971, 1523, 1643, 448, 2160, 1157, 1904, 2008, 3373, 286, 1226, 641, 714, 1892, 2991, 3624, 2052, 3717, 1900, 3435, 756, 3135, 562, 3882, 20, 1502, 3037, 2093, 2960, 3348, 2308, 796, 3662, 1416, 3814, 1303, 1684, 1101, 1631, 1622, 2546, 1097, 2053, 3001, 3766, 2198, 1460, 3895, 2156, 2692, 3331, 2004, 1438, 312, 2866, 74, 3791, 548, 2135, 711, 828, 115, 3868, 1713, 905, 2882, 3172, 2245, 2151, 654, 2345, 1347, 3479, 450, 1853, 422, 1141, 2177, 1785, 1111, 3546, 490, 3421, 3246, 3851, 3020, 2328, 245, 1963, 852, 961, 1276, 3464, 2459, 506, 2555, 2831, 416, 1795, 969, 1580, 550, 2483, 1687, 2672, 1477, 3877, 1788, 808, 1632, 3152, 3465, 2865, 2942, 2367, 725, 355, 963, 1997, 2062, 3871, 791, 439, 2458, 438, 3064, 3803, 2007, 3201, 97, 3935, 3728, 3533, 1019, 2487, 3521, 143, 2217, 1391, 458, 3916, 477, 2189, 1048, 1703, 1187, 600, 2980, 2402, 100, 703, 2755, 560, 1057, 2997, 63, 2675, 3698, 2491, 3119, 2815, 2425, 681, 505, 1296, 1066, 534, 2130, 1092, 2234, 2989, 1110, 1873, 990, 2570, 2219, 3804, 2348, 1319, 3136, 1847, 109, 196, 694, 734, 2702, 402, 1288, 2423, 939, 2528, 3826, 3751, 2690, 2196, 2165, 2813, 1044, 468, 1611, 260, 233, 1964, 2824, 1383, 3534, 1689, 3642, 3875, 364, 3616, 3254, 2955, 287, 1132, 3870, 0, 2543, 3155, 263, 1121, 403, 1058, 3723, 3411, 1104, 1144, 511, 3109, 223, 3468, 1885, 2238, 1715, 3818, 3683, 1482, 930, 3040, 3529, 2270, 426, 838, 24, 888, 2074, 899, 1696, 803, 1404, 2015, 231, 3255, 985, 1331, 2288, 3582, 2331, 1872, 3315, 3213, 2729, 1183, 585, 787, 1134, 1758, 307, 2100, 779, 549, 2251, 2973, 2261, 250, 121, 92, 1661, 2446, 3655, 668, 3777, 1005, 3437, 3813, 831, 3268, 1397, 1920, 1070, 2276, 3470, 2726, 3589, 2801, 1060, 580, 747, 2713, 1492, 1879, 928, 107, 1106, 1369, 1583, 2814, 1350, 1767, 363, 485, 936, 3024, 134, 2721, 988, 334, 915, 3922, 390, 3596, 2262, 2548, 1822, 2338, 441, 123, 3873, 1272, 179, 2368, 2537, 1236, 1818, 3593, 3448, 1989, 2283, 146, 680, 2985, 1353, 2596, 3499, 2136, 3635, 2886, 497, 1078, 2847, 2963, 1793, 1539, 2787, 3205, 2017, 1958, 1660, 1321, 3775, 2929, 2853, 3748, 1479, 1222, 2504, 909, 676, 2697, 3296, 335, 3768, 956, 3038, 3785, 2343, 617, 2650, 1709, 1448, 31, 1821, 2868, 1143, 3883, 1510, 1037, 3857, 2898, 705, 1213, 1032, 2745, 1871, 94, 3080, 2145, 2282, 3337, 2673, 728, 1449, 1310, 3360, 853, 2046, 995, 2569, 463, 1062, 2510, 1405, 1370, 3760, 3689, 1126, 1259, 137, 2780, 2316, 2390, 3606, 3898, 119, 870, 1614, 2807, 2317, 1271, 1910, 1678, 3022, 3222, 951, 916, 2922, 2557, 1556, 871, 3419, 3248, 431, 47, 2774, 157, 2626, 1453, 3780, 854, 3377, 775, 400, 3184, 3382, 678, 912, 3501, 3324, 2974, 164, 3866, 3293, 44, 1527, 3782, 3400, 730, 1128, 2039, 301, 3543, 1664, 3695, 784, 3454, 2592, 3734, 512, 1922, 1577, 1023, 1444, 1888, 1899, 2611, 3934, 3240, 3897, 95, 773, 1256, 419, 3276, 767, 1094, 792, 2842, 1876, 2267, 953, 2082, 2730, 589, 1302, 1227, 2590, 2080, 2511, 259, 478, 274, 3026, 2723, 2471, 460, 2239, 1427, 1528, 62, 652, 3029, 1401, 2496, 3927, 1204, 3469, 2078, 3196, 938, 2535, 2133, 1505, 2545, 3212, 398, 2917, 2161, 3171, 1771, 3007, 675, 2806, 974, 3558, 1437, 352, 3525, 1739, 3364, 1826, 3592, 3557, 1355, 3197, 1651, 1099, 1974, 3836, 3517, 1320, 1751, 1294, 2142, 3641, 3547, 413, 3156, 748, 1194, 987, 3553, 2654, 3422, 1200, 1875, 2927, 525, 2149, 2598, 1874, 571, 1390, 3457, 2362, 1447, 3063, 2435, 1560, 185, 3790, 2271, 2067, 393, 1348, 2500, 3336, 1124, 2712, 2294, 1263, 3251, 420, 2278, 630, 1843, 1950, 2330, 1694, 3595, 699, 3885, 2365, 1753, 332, 1563, 1190, 464, 2584, 1434, 3258, 1918, 2031, 2398, 982, 807, 2188, 1279, 371, 935, 869, 1514, 3735, 1628, 1602, 3614, 3399, 2857, 2791, 1579, 3741, 3646, 2533, 1679, 414, 3480, 1011, 2771, 3158, 89, 671, 1913, 2167, 9, 2221, 2636, 823, 1386, 3157, 648, 3427, 3633, 1984, 1842, 3538, 2058, 2520, 3267, 2124, 605, 177, 3787, 2737, 318, 1439, 3027, 3031, 741, 2619, 2976, 3817, 3691, 2150, 48, 2163, 3226, 2655, 474, 2153, 3475, 2891, 375, 2042, 3273, 2810, 1619, 2476, 166, 2505, 2158, 2664, 2292, 1314, 3645, 1445, 3000, 2340, 3700, 3757, 632, 3177, 3179, 1706, 1648, 465, 207, 2851, 1381, 3608, 473, 3515, 1862, 1618, 1195, 924, 1708, 661, 3034, 467, 1072, 1164, 6, 2759, 1481, 2625, 3363, 3444, 2906, 327, 222, 910, 1493, 609, 2131, 977, 428, 443, 2966, 3908, 1178, 1860, 583, 2859, 2123, 3620, 138, 1774, 1081, 2958, 3588, 2978, 655, 3023, 3880, 1020, 16, 3386, 946, 1140, 455, 1666, 3316, 2658, 1318, 3670, 232, 3737, 2359, 3839, 128, 3071, 708, 1435, 257, 3756, 1073, 3039, 2686, 1613, 1167, 1854, 3204, 3788, 1265, 584, 1589, 2531, 3604, 3131, 750, 3164, 1784, 601, 691, 3742, 1683, 1936, 537, 2981, 757, 1572, 875, 3441, 1059, 2731, 3808, 3332, 3523, 2184, 1198, 1153, 3846, 1635, 386, 3416, 3362, 3166, 2743, 2460, 2828, 1649, 2733, 3601, 688, 1168, 1290, 2091, 2374, 3406, 1364, 2371, 1231, 1797, 1923, 1039, 2140, 202, 835, 351, 1977, 309, 2947, 2272, 2030, 2684, 1777, 2445, 1367, 517, 1192, 2608, 2795, 3389, 1069, 1423, 3218, 499, 308, 2389, 3124, 1778, 1926, 513, 1736, 3477, 1603, 482, 2376, 2462, 1781, 624, 2499, 2442, 1768, 1960, 3374, 2789, 2589, 2375, 2063, 2568, 437, 508, 3298, 1914, 2933, 3351, 1594, 1028, 1621, 836, 1653, 81, 1634, 3138, 1530, 3753, 3127, 515, 3075, 1305, 1983, 2614, 896, 1953, 1985, 842, 862, 2383, 3333, 1049, 1015, 2404, 2226, 1325, 2447, 2287, 2243, 2138, 2564, 2326, 3168, 1951, 1248, 3021, 2887, 2975, 603, 1324, 1693, 2306, 145, 3371, 3492, 190, 1776, 833, 3643, 3617, 3917, 3237, 1022, 902, 2040, 3902, 3585, 1792, 1154, 2273, 3892, 2420, 1987, 760, 2079, 2029, 2513, 3510, 1851, 547, 1650, 1830, 1339, 3004, 1769, 2147, 3451, 2113, 1410, 433, 2826, 487, 2667, 3308, 453, 2783, 2305, 3367, 3603, 2172, 2050, 2028, 2603, 761, 3339, 598, 3486, 1035, 2889, 1152, 707, 435, 3765, 1219, 3028, 2683, 445, 1252, 762, 2871, 3568, 1103, 3495, 1476, 581, 2341, 2354, 269, 1721, 3830, 3611, 481, 2834, 1596, 3619, 2802, 3594, 2266, 1513, 2038, 1030, 1119, 3745, 1034, 3272, 3318, 3, 809, 2781, 3456, 469, 2566, 2005, 3889, 889, 3674, 3365, 2863, 1935, 1902, 411, 739, 614, 1996, 1051, 2714, 1112, 2054, 1915, 766, 1474, 1657, 864, 2897, 3835, 1377, 1741, 901, 2671, 3089, 3073, 3854, 570, 1003, 1258, 1443, 3210, 3054, 2833, 3615, 2088, 429, 2240, 3946, 1096, 3356, 1712, 1462, 3610, 1641, 118, 3930, 3401, 2407, 2134, 1220, 555, 1336, 569, 759, 2432, 866, 1766, 151, 877, 2621, 2850, 1615, 278, 1091, 1473, 1083, 786, 3402, 2950, 3675, 1982, 677, 159, 2361, 3294, 2127, 666, 3772, 111, 3530, 3746, 1161, 3014, 2527, 1669, 2674, 2157, 3823, 58, 49, 1901, 3845, 3392, 3862, 215, 1270, 3036, 2121, 1898, 3792, 2495, 1672, 3145, 3035, 665, 3860, 962, 1716, 3041, 1338, 3327, 3657, 904, 1468, 2068, 2773, 983, 2342, 3524, 2180, 2862, 908, 3552, 3915, 2918, 3579, 2617, 3285, 1495, 975, 2561, 1557, 2059, 2377, 1475, 1827, 192, 2235, 898, 2861, 2502, 3423, 2503, 1941, 394, 1762, 2907, 2107, 108, 1137, 3122, 3107, 142, 1335, 2776, 457, 289, 2250, 1372, 1249, 3571, 1831, 195, 567, 986, 3186, 998, 3084, 2742, 3417, 772, 3003, 2752, 891, 1159, 3292, 2769, 412, 3863, 319, 2539, 1430, 2843, 2260, 2514, 2351, 2823, 2202, 3242, 1463, 3919, 2223, 3146, 2385, 3913, 2433, 171, 3262, 3317, 3044, 1428, 3947, 2195, 2467, 1840, 493, 3187, 1525, 51, 616, 1592, 3120, 3649, 1866, 1858, 1943, 1363, 805, 2934, 3779, 2399, 26, 596, 2901, 2744, 2884, 3809, 254, 154, 2711, 3907, 1581, 471, 3528, 642, 2945, 3577, 3652, 2148, 3914, 602, 2761, 785, 2646, 367, 662, 2911, 2275, 2836, 2212, 3270, 1457, 949, 1312, 3245, 39, 2954, 1281, 3806, 590, 353, 2883, 2680, 955, 3513, 80, 1558, 2034, 789, 685, 1675, 954, 3685, 122, 52, 948, 509, 218, 2003, 2521, 554, 3869, 1668, 1990, 2297, 1820, 3888, 2103, 2419, 929, 612, 3114, 1779, 2382, 3106, 2593, 3085, 783, 1532, 1406, 1063, 3829, 2356, 2949, 1540, 2268, 701, 3833, 1760, 3329, 2497, 1995, 874, 544, 480, 33, 1328, 3019, 1855, 1949, 3069, 2538, 2256, 3597, 1156, 2696, 2734, 360, 2788, 3438, 1327, 86, 1148, 1636, 721, 3939, 2347, 2400, 2676, 2313, 1299, 3941, 496, 1980, 2301, 3100, 3228, 2925, 2804, 1151, 3520, 3128, 391, 813, 892, 2565, 3663, 1656, 369, 1341, 2104, 1605, 3141, 399, 1802, 91, 3666, 3933, 726, 2754, 1240, 3431, 710, 3410, 1342, 2629, 184, 1701, 1050, 3433, 744, 1470, 1016, 1317, 3328, 2986, 96, 1176, 2473, 3708, 2355, 3424, 1284, 2224, 3286, 28, 461, 3724, 900, 1764, 3676, 1497, 2544, 2277, 2228, 2574, 765, 1026, 2878, 1188, 60, 2855, 3797, 330, 1436, 859, 1809, 2126, 1737, 2210, 1626, 2401, 2900, 2065, 687, 19, 3600, 563, 2772, 3082, 1174, 409, 430, 2615, 1890, 3358, 1301, 573, 3274, 3903, 507, 321, 1965, 200, 2014, 3816, 839, 1211, 967, 3453, 2392, 2106, 2803, 2523, 406, 1946, 824, 1040, 667, 2760, 3795, 1160, 40, 2699, 1267, 520, 1323, 3906, 22, 2609, 3550, 125, 3104, 3353, 1407, 944, 2253, 3554, 2908, 1742, 1880, 1116, 3070, 1458, 1450, 3250, 3494, 3257, 2560, 2095, 203, 3387, 3195, 907, 2848, 2128, 3770, 2962, 3825, 2414, 188, 2048, 845, 1511, 251, 2669, 2948, 1004, 2587, 183, 2373, 867, 2464, 2782, 1490, 25, 3188, 3290, 311, 2227, 2076, 3147, 1337, 3314, 1601, 2295, 2197, 927, 2971, 2705, 1905, 976, 1806, 376, 1382, 3532, 3162, 621, 2440, 3702, 2829, 2746, 1464, 3088, 745, 2366, 67, 2790, 189, 2501, 1375, 271, 1804, 1625, 1332, 1593, 1307, 2715, 3801, 1906, 1519, 3487, 1574, 2937, 3556, 1266, 3340, 2255, 1529, 1542, 2384, 1823, 3799, 343, 3493, 3586, 1419, 1208, 942, 3281, 2363, 1707, 539, 2, 1365, 2190, 2553, 895, 658, 1815, 2481, 2208, 1887, 3471, 2722, 3590, 649, 660, 2143, 1304, 1138, 1538, 3819, 3636, 2247, 322, 2681, 3232, 3763, 3413, 2475, 2700, 2896, 2129, 1485, 449, 1052, 2323, 2998, 2735, 984, 2280, 2293, 1846, 57, 3824, 851, 2612, 1414, 2572, 1805, 2591, 2001, 1749, 3193, 1374, 1075, 2041, 3567, 970, 106, 227, 3544, 237, 252, 3312]
labeling = [56, 22, 78, 67, 29, 4, 60, 36, 12, 59, 48, 50, 15, 31, 38, 40, 63, 20, 10, 69, 51, 3, 73, 14, 52, 72, 24, 11, 67, 8, 25, 57, 45, 9, 42, 23, 35, 1, 7, 58, 75, 13, 41, 28, 60, 50, 39, 25, 47, 51, 34, 53, 72, 10, 33, 17, 36, 59, 70, 8, 77, 5, 62, 57, 21, 12, 19, 76, 43, 27, 41, 7, 43, 19, 55, 9, 14, 0, 46, 44, 68, 66, 30, 2, 11, 49, 71, 16, 6, 26, 4, 56, 33, 9, 58, 40, 63, 49, 15, 1, 31, 13, 29, 16, 21, 28, 71, 54, 65, 50, 35, 64, 43, 5, 9, 47, 41, 10, 62, 58, 28, 6, 67, 54, 18, 66, 17, 37, 61, 2, 31, 27, 40, 39, 53, 7, 22, 56, 60, 16, 34, 1, 69, 48, 33, 66, 55, 4, 0, 6, 53, 69, 26, 31, 75, 46, 30, 41, 18, 43, 28, 16, 44, 11, 52, 1, 64, 54, 37, 3, 26, 46, 49, 24, 0, 20, 40, 15, 2, 58, 21, 14, 23, 42, 74, 62, 18, 27, 76, 67, 65, 12, 71, 38, 35, 73, 59, 0, 17, 26, 72, 47, 60, 36, 40, 12, 11, 44, 9, 14, 51, 45, 37, 17, 33, 24, 32, 35, 70, 39, 22, 5, 65, 32, 47, 3, 27, 58, 42, 8, 37, 56, 62, 53, 25, 52, 23, 74, 18, 1, 0, 34, 38, 18, 2, 42, 23, 6, 30, 24, 10, 74, 64, 28, 53, 16, 7, 57, 38, 51, 45, 0, 20, 49, 19, 3, 12, 20, 7, 45, 15, 79, 26, 32, 49, 13, 31, 37, 73, 20, 45, 12, 24, 2, 4, 29, 43, 51, 36, 59, 14, 29, 38, 19, 44, 21, 11, 23, 42, 46, 10, 57, 25, 3, 15, 7, 29, 27, 68, 66, 49, 56, 55, 15, 7, 40, 47, 4, 65, 50, 5, 20, 71, 12, 42, 24, 13, 19, 10, 51, 69, 32, 64, 15, 56, 60, 48, 43, 6, 32, 34, 16, 39, 78, 11, 4, 9, 6, 7, 3, 29, 49, 56, 61, 45, 44, 31, 38, 28, 30, 52, 37, 25, 47, 50, 1, 3, 64, 25, 70, 42, 58, 30, 37, 2, 56, 9, 21, 11, 13, 23, 52, 19, 16, 18, 4, 58, 41, 31, 25, 52, 35, 34, 27, 7, 23, 36, 30, 61, 76, 56, 8, 48, 55, 33, 3, 67, 29, 2, 22, 29, 67, 69, 40, 64, 20, 50, 0, 45, 24, 57, 28, 54, 34, 12, 21, 48, 8, 55, 70, 37, 52, 33, 65, 27, 67, 5, 62, 42, 39, 15, 43, 3, 54, 26, 66, 22, 29, 17, 75, 47, 5, 13, 71, 30, 54, 22, 72, 44, 36, 56, 77, 8, 55, 59, 61, 0, 63, 46, 68, 40, 75, 38, 53, 67, 2, 27, 52, 58, 8, 75, 72, 66, 33, 18, 48, 34, 69, 28, 9, 50, 26, 20, 36, 46, 41, 76, 21, 0, 0, 0, 5, 22, 38, 18, 50, 45, 72, 60, 0, 12, 32, 57, 63, 28, 65, 17, 61, 30, 20, 74, 8, 5, 0, 27, 38, 14, 11, 22, 15, 7, 4, 18, 26, 54, 40, 47, 55, 1, 76, 14, 33, 39, 8, 73, 46, 43, 68, 7, 59, 51, 35, 9, 17, 63, 68, 23, 11, 19, 41, 53, 17, 26, 71, 5, 13, 15, 72, 20, 70, 66, 58, 0, 67, 48, 32, 22, 2, 42, 39, 54, 62, 1, 18, 55, 53, 10, 3, 12, 29, 38, 2, 26, 8, 47, 30, 71, 48, 16, 1, 44, 58, 59, 64, 7, 53, 37, 44, 34, 46, 29, 2, 69, 33, 67, 6, 12, 48, 41, 6, 31, 78, 9, 32, 60, 14, 11, 19, 5, 3, 53, 26, 63, 50, 39, 21, 43, 10, 15, 13, 36, 46, 72, 10, 14, 42, 48, 7, 66, 79, 30, 38, 61, 17, 44, 31, 9, 4, 78, 19, 78, 32, 74, 23, 35, 56, 57, 70, 48, 43, 19, 45, 25, 1, 31, 58, 50, 60, 50, 31, 46, 36, 24, 1, 6, 71, 19, 73, 63, 35, 32, 61, 10, 4, 40, 8, 6, 16, 13, 28, 11, 19, 39, 49, 16, 52, 6, 65, 64, 7, 74, 41, 9, 17, 42, 11, 14, 21, 34, 27, 11, 39, 3, 36, 38, 42, 77, 49, 61, 22, 63, 16, 39, 42, 44, 37, 4, 24, 14, 67, 7, 64, 17, 12, 38, 71, 33, 58, 61, 5, 53, 41, 21, 36, 4, 2, 34, 59, 1, 69, 51, 67, 62, 16, 24, 73, 60, 56, 45, 12, 3, 10, 63, 24, 9, 54, 33, 43, 21, 35, 40, 6, 36, 67, 55, 58, 70, 57, 20, 73, 13, 25, 55, 30, 31, 19, 28, 27, 8, 3, 29, 36, 34, 56, 35, 74, 38, 60, 43, 64, 14, 46, 4, 21, 10, 6, 49, 24, 33, 18, 51, 16, 25, 35, 75, 37, 27, 22, 30, 4, 0, 34, 23, 59, 16, 44, 63, 8, 39, 49, 0, 1, 32, 30, 20, 33, 12, 34, 31, 0, 2, 72, 40, 46, 50, 7, 15, 20, 13, 19, 8, 16, 33, 29, 61, 32, 66, 70, 21, 53, 48, 47, 41, 22, 52, 56, 14, 33, 10, 14, 0, 20, 49, 42, 35, 38, 20, 21, 21, 51, 5, 60, 65, 15, 27, 60, 62, 33, 69, 52, 73, 68, 54, 13, 49, 42, 8, 72, 66, 54, 59, 36, 57, 25, 4, 45, 18, 16, 28, 20, 24, 43, 12, 17, 24, 31, 17, 70, 39, 65, 47, 1, 3, 45, 33, 55, 53, 26, 63, 51, 8, 1, 80, 37, 73, 16, 60, 18, 71, 69, 25, 56, 32, 59, 76, 74, 52, 6, 11, 40, 20, 46, 71, 50, 40, 38, 8, 31, 19, 48, 81, 25, 13, 1, 53, 68, 78, 61, 36, 33, 4, 17, 59, 64, 77, 38, 73, 50, 47, 2, 51, 25, 29, 33, 37, 22, 39, 20, 55, 34, 3, 27, 28, 69, 70, 47, 24, 13, 2, 38, 12, 57, 0, 18, 14, 63, 68, 9, 24, 43, 62, 30, 66, 54, 3, 15, 41, 1, 10, 8, 17, 4, 59, 4, 69, 67, 34, 5, 32, 62, 78, 11, 15, 6, 51, 42, 31, 15, 48, 62, 74, 59, 72, 0, 19, 26, 2, 45, 52, 66, 56, 40, 48, 71, 6, 22, 7, 25, 14, 70, 54, 50, 34, 66, 39, 75, 26, 10, 44, 29, 31, 44, 23, 74, 5, 19, 2, 46, 28, 49, 18, 64, 53, 37, 57, 41, 20, 51, 7, 8, 6, 13, 10, 12, 55, 23, 60, 27, 38, 1, 52, 45, 8, 12, 23, 3, 69, 44, 40, 63, 31, 50, 11, 26, 59, 47, 57, 9, 50, 12, 7, 2, 33, 20, 43, 8, 24, 66, 81, 0, 64, 49, 28, 55, 53, 1, 23, 30, 65, 17, 13, 72, 66, 54, 57, 6, 74, 36, 26, 72, 77, 70, 16, 6, 42, 1, 5, 44, 52, 8, 9, 32, 21, 11, 77, 29, 76, 19, 65, 40, 3, 55, 11, 23, 9, 11, 28, 35, 67, 26, 56, 5, 59, 14, 60, 64, 27, 43, 63, 48, 52, 10, 18, 23, 54, 27, 7, 9, 43, 21, 0, 32, 1, 57, 8, 36, 30, 7, 4, 58, 64, 30, 44, 25, 27, 15, 24, 27, 8, 5, 37, 68, 32, 2, 9, 28, 37, 17, 19, 28, 72, 35, 40, 15, 13, 18, 4, 6, 62, 66, 2, 9, 11, 23, 22, 5, 56, 0, 64, 50, 40, 38, 36, 50, 27, 52, 38, 51, 10, 30, 68, 2, 55, 20, 21, 0, 47, 10, 15, 25, 19, 71, 27, 13, 75, 28, 23, 12, 49, 29, 57, 5, 8, 22, 49, 35, 45, 41, 34, 72, 27, 46, 54, 24, 81, 67, 2, 55, 18, 33, 60, 7, 73, 22, 52, 10, 12, 76, 63, 0, 56, 45, 29, 72, 65, 7, 30, 69, 57, 27, 23, 39, 75, 16, 14, 62, 55, 42, 61, 49, 10, 70, 58, 12, 15, 35, 37, 43, 62, 5, 49, 3, 26, 51, 32, 58, 21, 28, 34, 44, 41, 22, 5, 60, 54, 79, 7, 52, 19, 46, 56, 26, 71, 13, 62, 59, 34, 69, 32, 3, 4, 10, 73, 51, 42, 0, 60, 23, 26, 5, 58, 45, 29, 36, 41, 44, 8, 11, 16, 30, 35, 49, 43, 9, 54, 57, 46, 76, 21, 24, 58, 11, 4, 25, 47, 17, 42, 0, 17, 68, 20, 5, 26, 72, 29, 33, 16, 56, 66, 32, 47, 13, 7, 34, 60, 61, 71, 59, 38, 30, 47, 32, 38, 68, 58, 63, 24, 62, 45, 52, 79, 15, 37, 28, 9, 21, 5, 75, 23, 4, 16, 2, 19, 14, 75, 28, 25, 7, 67, 20, 54, 15, 1, 56, 50, 58, 65, 41, 37, 53, 2, 62, 26, 9, 3, 42, 11, 0, 22, 6, 76, 29, 53, 57, 36, 65, 20, 74, 41, 5, 18, 40, 47, 15, 2, 27, 39, 12, 10, 14, 57, 75, 21, 20, 40, 24, 27, 19, 43, 58, 3, 1, 47, 42, 2, 70, 24, 33, 55, 80, 67, 51, 74, 29, 25, 22, 17, 16, 47, 43, 44, 5, 78, 41, 28, 45, 35, 37, 18, 13, 31, 53, 6, 46, 39, 36, 51, 71, 73, 25, 29, 2, 15, 42, 4, 26, 23, 24, 16, 10, 26, 39, 55, 6, 81, 1, 11, 49, 23, 0, 4, 29, 2, 25, 11, 12, 29, 47, 17, 61, 31, 3, 69, 80, 44, 12, 43, 31, 25, 53, 20, 63, 53, 59, 43, 71, 29, 7, 3, 26, 34, 46, 16, 58, 48, 64, 34, 5, 46, 56, 7, 44, 37, 32, 21, 81, 77, 22, 58, 3, 19, 44, 48, 36, 65, 63, 79, 4, 35, 37, 9, 68, 14, 42, 0, 12, 39, 31, 61, 26, 62, 48, 7, 64, 4, 18, 66, 70, 10, 44, 58, 53, 0, 47, 54, 2, 66, 17, 48, 10, 11, 16, 18, 13, 32, 67, 15, 20, 46, 50, 5, 18, 11, 41, 35, 0, 9, 37, 25, 44, 21, 28, 4, 59, 48, 32, 46, 3, 11, 7, 30, 72, 17, 39, 18, 1, 39, 46, 42, 24, 44, 8, 70, 49, 21, 7, 72, 37, 19, 5, 28, 68, 30, 45, 23, 6, 9, 38, 4, 27, 15, 8, 1, 33, 39, 42, 67, 69, 12, 57, 23, 45, 51, 38, 29, 11, 35, 31, 14, 82, 18, 40, 9, 22, 17, 20, 3, 15, 49, 16, 64, 36, 61, 33, 48, 0, 38, 13, 35, 44, 21, 39, 23, 11, 58, 1, 15, 9, 8, 33, 6, 3, 17, 20, 61, 48, 38, 36, 31, 14, 45, 25, 67, 55, 11, 12, 13, 26, 23, 7, 16, 19, 20, 7, 28, 41, 23, 3, 11, 26, 18, 12, 8, 22, 4, 75, 21, 6, 52, 32, 67, 56, 49, 71, 5, 13, 61, 71, 17, 14, 67, 69, 35, 0, 3, 42, 14, 24, 4, 21, 16, 36, 55, 40, 12, 8, 43, 48, 1, 18, 22, 66, 30, 44, 51, 73, 19, 29, 23, 6, 63, 13, 55, 38, 33, 31, 71, 42, 26, 9, 1, 45, 56, 52, 64, 62, 60, 46, 36, 58, 76, 16, 14, 39, 41, 56, 36, 78, 59, 32, 60, 8, 18, 13, 15, 10, 16, 8, 69, 53, 49, 62, 64, 14, 38, 77, 79, 4, 33, 4, 49, 34, 14, 58, 60, 66, 13, 22, 57, 19, 23, 18, 25, 35, 21, 11, 52, 0, 38, 42, 19, 21, 20, 34, 33, 67, 47, 41, 3, 19, 15, 49, 9, 52, 41, 27, 62, 44, 50, 67, 50, 65, 38, 61, 16, 14, 14, 49, 55, 51, 60, 8, 26, 45, 13, 78, 0, 18, 35, 9, 42, 23, 39, 19, 51, 33, 1, 54, 11, 24, 70, 17, 75, 67, 59, 69, 32, 60, 39, 41, 70, 8, 14, 40, 11, 77, 73, 18, 43, 6, 30, 78, 26, 52, 46, 16, 6, 51, 41, 3, 15, 11, 1, 40, 73, 50, 33, 56, 13, 20, 29, 17, 26, 41, 24, 43, 34, 12, 68, 65, 64, 61, 52, 28, 41, 1, 4, 26, 27, 19, 58, 81, 52, 31, 17, 19, 47, 2, 73, 13, 60, 1, 34, 40, 63, 6, 8, 27, 51, 68, 22, 19, 43, 50, 37, 73, 35, 47, 57, 24, 33, 27, 16, 9, 54, 3, 69, 35, 59, 66, 57, 30, 55, 24, 46, 20, 25, 50, 30, 5, 16, 30, 7, 9, 2, 70, 0, 10, 48, 32, 20, 15, 19, 42, 25, 17, 55, 63, 12, 7, 14, 17, 37, 63, 4, 8, 6, 41, 0, 2, 10, 32, 13, 22, 52, 24, 75, 72, 77, 79, 29, 57, 18, 50, 70, 43, 47, 40, 65, 2, 63, 0, 8, 4, 3, 15, 1, 33, 37, 53, 51, 46, 14, 55, 1, 15, 35, 62, 25, 10, 41, 50, 28, 59, 20, 44, 30, 53, 34, 36, 23, 19, 64, 31, 10, 27, 39, 46, 1, 2, 11, 19, 9, 36, 10, 32, 4, 6, 66, 50, 61, 27, 12, 29, 40, 59, 54, 75, 48, 23, 0, 20, 71, 22, 18, 1, 10, 3, 77, 19, 74, 27, 68, 33, 15, 7, 30, 51, 42, 53, 3, 63, 7, 71, 45, 37, 44, 75, 59, 40, 7, 0, 12, 15, 28, 22, 8, 1, 39, 51, 68, 42, 26, 55, 18, 10, 3, 46, 20, 5, 66, 40, 1, 73, 30, 79, 70, 24, 30, 10, 54, 43, 18, 8, 13, 0, 34, 22, 64, 2, 48, 54, 20, 56, 17, 72, 46, 76, 11, 37, 68, 22, 45, 15, 6, 4, 21, 63, 36, 28, 19, 35, 52, 66, 57, 78, 33, 65, 42, 10, 47, 74, 27, 15, 29, 56, 71, 27, 47, 2, 4, 17, 49, 72, 46, 29, 58, 60, 15, 45, 43, 25, 2, 75, 16, 23, 66, 18, 52, 37, 62, 54, 34, 9, 21, 47, 38, 45, 55, 42, 65, 69, 71, 59, 24, 49, 15, 73, 52, 6, 13, 62, 17, 43, 57, 76, 31, 22, 23, 49, 29, 65, 33, 78, 15, 31, 42, 26, 30, 24, 38, 54, 0, 75, 56, 45, 32, 11, 10, 2, 12, 4, 66, 58, 77, 70, 28, 16, 8, 34, 25, 17, 41, 15, 33, 14, 31, 3, 49, 39, 55, 69, 44, 21, 67, 7, 30, 24, 23, 32, 28, 10, 25, 31, 74, 40, 29, 11, 13, 74, 62, 34, 21, 53, 33, 47, 40, 26, 3, 28, 22, 43, 47, 65, 4, 45, 26, 10, 18, 13, 39, 15, 60, 12, 7, 66, 35, 68, 42, 27, 9, 30, 21, 5, 19, 34, 17, 36, 45, 48, 57, 24, 60, 39, 7, 13, 3, 64, 21, 5, 14, 47, 0, 31, 38, 61, 2, 8, 6, 1, 16, 46, 24, 42, 19, 2, 1, 34, 12, 25, 3, 9, 14, 23, 27, 30, 53, 72, 17, 63, 15, 40, 68, 70, 50, 59, 20, 25, 41, 16, 52, 56, 5, 60, 43, 38, 34, 18, 25, 8, 62, 64, 46, 71, 13, 2, 5, 64, 48, 23, 38, 36, 32, 37, 20, 60, 50, 54, 57, 66, 8, 47, 35, 29, 72, 59, 39, 24, 55, 37, 44, 5, 11, 78, 17, 49, 11, 29, 5, 12, 6, 69, 27, 6, 62, 74, 48, 4, 30, 5, 28, 11, 37, 1, 71, 21, 14, 36, 11, 9, 4, 10, 15, 2, 31, 12, 25, 77, 18, 46, 16, 81, 55, 69, 32, 2, 29, 31, 43, 28, 21, 26, 0, 59, 5, 23, 7, 12, 58, 79, 3, 36, 80, 13, 63, 73, 44, 68, 9, 57, 30, 38, 1, 24, 38, 61, 53, 10, 40, 48, 37, 0, 13, 22, 26, 19, 64, 50, 4, 7, 19, 25, 35, 31, 28, 33, 74, 22, 30, 48, 57, 23, 5, 12, 61, 63, 3, 14, 67, 44, 36, 32, 8, 0, 56, 46, 0, 61, 21, 19, 15, 67, 36, 58, 61, 38, 29, 33, 35, 14, 48, 66, 17, 61, 44, 7, 41, 34, 18, 8, 29, 18, 24, 6, 1, 5, 62, 53, 20, 47, 74, 36, 46, 9, 26, 59, 22, 11, 13, 6, 0, 57, 37, 38, 39, 50, 7, 35, 2, 28, 37, 50, 71, 54, 23, 1, 51, 14, 31, 56, 49, 59, 11, 64, 10, 76, 9, 59, 20, 5, 11, 48, 58, 61, 62, 54, 67, 38, 26, 32, 31, 20, 0, 16, 49, 43, 6, 29, 23, 52, 70, 67, 11, 33, 25, 37, 27, 3, 25, 74, 17, 56, 75, 71, 45, 35, 55, 12, 4, 40, 43, 68, 50, 66, 4, 29, 24, 48, 71, 65, 76, 54, 7, 43, 5, 61, 32, 8, 45, 37, 16, 49, 57, 75, 71, 12, 27, 51, 26, 3, 58, 10, 22, 49, 47, 45, 19, 6, 31, 0, 39, 42, 12, 66, 53, 17, 58, 44, 55, 77, 9, 11, 24, 69, 63, 4, 72, 30, 27, 21, 29, 41, 57, 70, 12, 16, 45, 56, 76, 2, 68, 63, 34, 52, 9, 74, 38, 61, 28, 43, 14, 54, 55, 50, 9, 44, 10, 35, 50, 16, 25, 67, 20, 45, 22, 43, 35, 13, 33, 19, 32, 7, 40, 74, 49, 37, 52, 62, 3, 65, 24, 59, 20, 34, 5, 30, 58, 2, 54, 18, 60, 70, 1, 34, 16, 12, 55, 72, 75, 17, 32, 50, 20, 26, 6, 8, 28, 40, 68, 14, 35, 11, 52, 7, 39, 65, 11, 62, 33, 42, 46, 18, 20, 66, 60, 27, 43, 68, 1, 17, 10, 29, 53, 51, 13, 70, 30, 62, 63, 69, 57, 14, 27, 42, 73, 48, 0, 19, 54, 36, 44, 1, 63, 42, 11, 28, 46, 40, 23, 7, 40, 73, 27, 51, 26, 64, 52, 42, 60, 16, 21, 45, 32, 38, 7, 52, 55, 34, 29, 52, 6, 45, 2, 17, 13, 41, 37, 50, 24, 3, 61, 41, 23, 72, 10, 21, 28, 46, 44, 18, 8, 35, 4, 9, 63, 22, 14, 1, 27, 69, 36, 58, 2, 54, 49, 39, 45, 62, 67, 54, 13, 64, 31, 36, 0, 70, 59, 18, 48, 51, 20, 62, 29, 32, 73, 14, 10, 22, 31, 10, 0, 18, 33, 20, 67, 41, 2, 15, 23, 39, 9, 19, 42, 58, 47, 26, 22, 17, 18, 73, 31, 60, 2, 68, 4, 62, 21, 30, 24, 8, 51, 27, 60, 22, 61, 65, 8, 38, 69, 56, 26, 35, 49, 15, 45, 10, 12, 17, 25, 43, 51, 5, 3, 47, 75, 34, 68, 65, 23, 33, 2, 22, 14, 28, 74, 40, 25, 7, 27, 51, 71, 4, 67, 36, 64, 1, 1, 67, 59, 10, 36, 42, 7, 40, 26, 48, 50, 46, 65, 3, 22, 73, 32, 18, 4, 60, 71, 33, 24, 39, 10, 39, 48, 41, 6, 49, 55, 56, 57, 23, 11, 28, 54, 22, 65, 8, 69, 11, 63, 4, 46, 53, 47, 21, 25, 6, 41, 51, 23, 27, 42, 14, 36, 29, 51, 2, 62, 71, 77, 0, 9, 21, 16, 76, 23, 74, 56, 59, 31, 15, 5, 49, 39, 2, 64, 38, 4, 9, 45, 30, 69, 6, 58, 55, 41, 19, 36, 16, 43, 4, 1, 18, 57, 26, 16, 21, 63, 12, 37, 24, 34, 32, 74, 20, 8, 30, 25, 66, 3, 32, 49, 13, 69, 34, 14, 72, 40, 12, 53, 47, 75, 58, 34, 23, 53, 55, 0, 30, 48, 5, 25, 11, 19, 15, 2, 26, 8, 60, 50, 44, 65, 40, 17, 56, 45, 7, 42, 30, 21, 24, 0, 77, 6, 1, 0, 69, 73, 11, 3, 5, 76, 44, 57, 49, 59, 30, 51, 18, 63, 33, 24, 28, 15, 46, 9, 42, 19, 38, 53, 34, 17, 1, 77, 44, 74, 55, 51, 70, 56, 46, 29, 3, 21, 11, 27, 10, 9, 70, 29, 72, 0, 48, 61, 64, 6, 33, 52, 41, 16, 66, 36, 13, 20, 6, 19, 13, 28, 33, 39, 15, 18, 50, 0, 60, 41, 2, 38, 50, 70, 43, 49, 11, 59, 52, 47, 66, 19, 62, 33, 26, 31, 60, 19, 44, 56, 42, 16, 54, 8, 6, 17, 35, 57, 29, 5, 30, 53, 70, 39, 60, 20, 0, 37, 13, 11, 23, 10, 1, 31, 61, 59, 35, 68, 12, 38, 0, 61, 9, 17, 37, 71, 50, 24, 75, 19, 46, 67, 73, 37, 48, 33, 44, 58, 69, 72, 35, 13, 50, 26, 7, 34, 4, 5, 66, 15, 40, 31, 48, 74, 22, 44, 60, 17, 11, 61, 28, 34, 21, 50, 0, 8, 67, 47, 72, 52, 25, 66, 56, 0, 17, 25, 9, 43, 38, 47, 49, 14, 9, 53, 45, 55, 75, 3, 35, 4, 59, 22, 62, 6, 47, 40, 5, 1, 36, 12, 38, 64, 24, 31, 3, 48, 35, 60, 78, 74, 62, 33, 36, 14, 52, 34, 41, 29, 22, 10, 13, 6, 8, 31, 39, 65, 12, 4, 71, 25, 57, 26, 52, 11, 41, 72, 47, 7, 61, 68, 55, 21, 37, 71, 53, 68, 27, 24, 50, 51, 42, 21, 14, 58, 28, 38, 19, 12, 56, 76, 1, 39, 57, 8, 35, 51, 25, 67, 54, 69, 23, 74, 43, 55, 21, 11, 30, 23, 37, 26, 6, 13, 73, 61, 8, 12, 69, 14, 13, 39, 16, 31, 69, 24, 25, 10, 29, 54, 24, 28, 50, 66, 48, 62, 41, 14, 12, 51, 45, 68, 58, 43, 64, 34, 15, 72, 58, 28, 70, 64, 20, 41, 7, 60, 19, 67, 52, 20, 26, 43, 65, 29, 57, 24, 63, 56, 32, 42, 30, 39, 3, 27, 10, 13, 2, 10, 3, 38, 54, 40, 27, 71, 32, 24, 18, 37, 53, 43, 65, 1, 62, 57, 29, 42, 67, 36, 18, 68, 5, 16, 51, 18, 66, 12, 2, 46, 17, 40, 64, 33, 22, 63, 0, 31, 23, 45, 18, 13, 14, 37, 42, 58, 30, 19, 10, 20, 43, 38, 53, 22, 69, 27, 35, 4, 25, 23, 56, 45, 27, 13, 47, 43, 20, 50, 29, 59, 14, 70, 0, 2, 32, 16, 5, 0, 7, 0, 25, 16, 2, 10, 9, 17, 20, 2, 4, 0, 32, 44, 52, 68, 30, 18, 37, 49, 47, 36, 11, 45, 15, 5, 59, 26, 63, 32, 1, 7, 59, 61, 46, 4, 63, 67, 9, 57, 37, 44, 52, 4, 26, 22, 9, 65, 35, 3, 1, 59, 21, 27, 76, 18, 19, 38, 2, 53, 45, 77, 21, 68, 23, 11, 54, 8, 49, 16, 25, 55, 0, 48, 5, 36, 31, 6, 51, 64, 35, 59, 42, 69, 14, 20, 75, 12, 33, 40, 74, 15, 3, 17, 49, 49, 9, 71, 15, 61, 47, 39, 15, 5, 54, 48, 43, 74, 34, 52, 77, 28, 33, 6, 66, 79, 77, 51, 11, 33, 74, 65, 40, 38, 75, 18, 62, 57, 48, 24, 28, 10, 20, 34, 8, 41, 60, 65, 40, 22, 7, 24, 48, 27, 3, 55, 31, 13, 53, 25, 30, 70, 41, 63, 72, 6, 23, 61, 11, 50, 71, 55, 13, 33, 56, 47, 53, 11, 19, 8, 34, 52, 13, 46, 56, 44, 61, 4, 15, 73, 58, 41, 39, 66, 25, 8, 37, 39, 60, 54, 34, 1, 3, 63, 78, 26, 10, 75, 66, 64, 28, 45, 26, 43, 68, 72, 70, 50, 32, 12, 31, 42, 22, 46, 7, 29, 35, 38, 62, 19, 16, 69, 0, 36, 73, 58, 49, 21, 23, 17, 76, 30, 47, 5, 14, 9, 2, 67, 71]
convergência = [81, 81, 81, 81, 81, 81, 80, 80, 80, 80, 80, 80, 80, 80, 80, 80, 80, 80, 80, 80]

===== FIM =====
