===== RESULTADO BRKGA L(2,1) =====
Arquivo: /Users/mateuspedrosa/Documents/TCC-II/BRKGA/data/Harwell-Boeing_cleaned/bcsstk11_clean.mtx

----- Execução #1 -----
[INFO] Time limit atingido: 15 minutos. Interrompido no meio de uma geração.
Tempo de execução: 900010ms
Span (lambda): 53
best_order = [95, 1399, 724, 385, 744, 1409, 1037, 192, 498, 1283, 1106, 1170, 535, 1346, 1177, 852, 730, 793, 1072, 111, 1445, 572, 1271, 153, 1086, 1239, 1210, 643, 48, 1443, 1417, 459, 1374, 527, 496, 1040, 309, 6, 746, 1165, 839, 1018, 138, 40, 1241, 1250, 513, 875, 646, 384, 1389, 1168, 230, 530, 1304, 1238, 986, 885, 468, 1182, 1222, 702, 1414, 631, 275, 466, 1162, 742, 1341, 648, 112, 824, 851, 503, 658, 1101, 254, 484, 1472, 32, 949, 588, 809, 14, 1469, 1348, 182, 1270, 395, 70, 424, 326, 785, 1118, 200, 551, 526, 1097, 240, 1292, 448, 1224, 960, 220, 1027, 1042, 569, 712, 1159, 1235, 1370, 1061, 116, 834, 219, 509, 1090, 90, 53, 878, 930, 804, 103, 243, 698, 1215, 420, 469, 171, 1063, 1205, 506, 337, 895, 58, 1237, 726, 110, 1383, 1272, 339, 706, 270, 618, 227, 1323, 1362, 1219, 371, 874, 529, 33, 398, 4, 178, 1026, 687, 1274, 776, 677, 1161, 1338, 1078, 328, 1316, 162, 1242, 928, 922, 406, 314, 1404, 8, 1441, 159, 877, 1244, 1347, 1094, 901, 1013, 837, 560, 257, 119, 964, 763, 609, 522, 528, 38, 1453, 338, 620, 301, 130, 122, 490, 217, 974, 693, 209, 516, 838, 1113, 274, 805, 902, 1110, 82, 855, 605, 1462, 1138, 512, 1009, 1157, 79, 1100, 245, 400, 290, 1096, 972, 1465, 403, 958, 1444, 725, 1226, 781, 310, 731, 1142, 1098, 920, 775, 802, 421, 561, 127, 1460, 1223, 327, 1047, 170, 1184, 538, 587, 669, 1440, 1108, 996, 267, 856, 250, 1432, 1185, 914, 229, 1288, 916, 263, 1384, 238, 320, 1249, 1236, 376, 534, 634, 1104, 1008, 1340, 1345, 1320, 291, 659, 1176, 1082, 821, 944, 774, 1262, 715, 1102, 164, 237, 167, 810, 1011, 583, 1254, 700, 1255, 282, 1193, 661, 123, 887, 850, 1194, 559, 651, 1191, 752, 299, 988, 591, 207, 1379, 720, 1065, 151, 1186, 1286, 780, 697, 565, 1020, 388, 483, 1003, 101, 862, 987, 414, 89, 577, 733, 323, 137, 1301, 121, 247, 1246, 391, 409, 965, 109, 450, 408, 340, 226, 1035, 547, 900, 1083, 832, 1234, 1006, 411, 833, 1103, 1355, 269, 60, 316, 999, 1296, 394, 244, 185, 1031, 1192, 205, 435, 723, 1004, 822, 364, 223, 735, 770, 1426, 172, 455, 16, 993, 898, 370, 1438, 940, 452, 582, 955, 546, 975, 1015, 939, 262, 1334, 881, 69, 907, 434, 1124, 1412, 1310, 378, 956, 1361, 117, 676, 445, 474, 937, 29, 1074, 1424, 1349, 1206, 415, 278, 1204, 189, 453, 574, 2, 732, 1468, 1368, 1021, 55, 1248, 1068, 790, 7, 743, 154, 306, 315, 1280, 1167, 740, 46, 437, 72, 10, 1067, 771, 650, 873, 407, 1000, 1336, 758, 193, 367, 557, 441, 477, 473, 1268, 259, 1001, 228, 847, 297, 3, 1306, 331, 1466, 684, 303, 54, 1228, 381, 429, 183, 621, 368, 1203, 554, 25, 576, 336, 507, 382, 533, 662, 871, 239, 492, 831, 1450, 670, 532, 745, 42, 296, 923, 1461, 149, 827, 1377, 783, 236, 842, 912, 67, 88, 959, 813, 736, 1163, 784, 1230, 1253, 1263, 644, 1038, 750, 888, 681, 962, 1311, 674, 575, 1189, 890, 107, 375, 1396, 983, 671, 23, 1092, 63, 525, 1115, 903, 1120, 405, 487, 1400, 581, 934, 1308, 1119, 252, 1392, 486, 1154, 199, 1436, 767, 1275, 179, 1373, 635, 488, 860, 1277, 94, 1046, 948, 91, 555, 707, 798, 1312, 1266, 472, 1076, 1059, 601, 1218, 1069, 826, 389, 78, 144, 480, 1315, 857, 387, 423, 523, 1273, 194, 536, 872, 242, 120, 981, 349, 214, 1397, 34, 792, 491, 470, 499, 358, 361, 549, 663, 49, 1151, 1019, 1051, 794, 812, 133, 1390, 997, 1057, 614, 998, 932, 402, 443, 846, 757, 100, 1122, 152, 180, 184, 1357, 210, 517, 946, 1430, 615, 921, 1080, 146, 225, 613, 795, 969, 145, 524, 889, 1183, 1260, 1437, 148, 709, 386, 1081, 979, 1329, 990, 204, 853, 558, 1305, 446, 1174, 1448, 284, 13, 1187, 1022, 1290, 705, 1232, 562, 1371, 755, 61, 598, 319, 1199, 741, 457, 769, 688, 373, 1322, 1071, 818, 892, 1216, 952, 198, 1431, 196, 537, 268, 1326, 494, 647, 475, 57, 231, 773, 289, 1339, 68, 657, 1391, 1169, 1429, 589, 961, 501, 1084, 1319, 801, 342, 285, 1295, 886, 514, 603, 747, 412, 173, 859, 1423, 288, 202, 995, 1381, 76, 1457, 1109, 1382, 213, 305, 1207, 617, 325, 1240, 548, 553, 113, 908, 21, 66, 722, 12, 447, 1369, 500, 973, 476, 26, 563, 307, 442, 1470, 1149, 766, 645, 884, 140, 1375, 124, 869, 129, 15, 365, 463, 1099, 765, 713, 664, 1126, 1279, 1130, 556, 760, 1376, 39, 31, 265, 711, 206, 518, 47, 1410, 1352, 348, 428, 93, 510, 571, 1233, 625, 935, 410, 59, 1259, 36, 985, 638, 1276, 1294, 234, 913, 595, 966, 1343, 917, 253, 1407, 233, 673, 1393, 891, 1463, 485, 942, 139, 1213, 422, 1117, 1158, 399, 1229, 28, 1385, 1297, 350, 897, 1278, 963, 1434, 604, 1208, 1394, 481, 401, 977, 957, 1366, 1179, 1455, 652, 1456, 929, 1202, 1252, 256, 1146, 653, 86, 1121, 1452, 762, 1285, 1029, 318, 777, 544, 471, 1220, 1180, 175, 125, 1378, 1302, 1354, 866, 80, 478, 136, 971, 174, 128, 864, 1327, 380, 624, 1261, 1471, 642, 696, 1128, 44, 5, 978, 77, 465, 241, 1077, 786, 925, 738, 1314, 431, 910, 161, 1291, 251, 841, 1173, 1085, 936, 440, 181, 1054, 519, 141, 444, 35, 1427, 943, 1447, 845, 904, 317, 1053, 345, 1087, 1406, 50, 540, 1231, 416, 190, 835, 668, 426, 924, 1125, 1330, 994, 918, 1129, 1134, 449, 626, 383, 759, 311, 126, 286, 968, 353, 1209, 1358, 75, 322, 667, 176, 1467, 665, 218, 215, 115, 1017, 1062, 1332, 729, 573, 710, 460, 701, 680, 1197, 828, 1016, 1435, 462, 1459, 594, 926, 1211, 1418, 1351, 96, 1442, 454, 893, 433, 294, 1024, 427, 568, 982, 1073, 1372, 392, 158, 849, 1007, 1267, 458, 64, 796, 717, 1380, 656, 1012, 1150, 619, 131, 1331, 1328, 248, 235, 1217, 811, 840, 114, 641, 1070, 628, 579, 1395, 1411, 1116, 585, 134, 691, 1136, 0, 1028, 1387, 451, 118, 545, 169, 195, 699, 756, 1360, 915, 1043, 330, 991, 1172, 593, 329, 1166, 672, 629, 1317, 293, 1359, 359, 20, 1164, 704, 1195, 83, 356, 1264, 390, 147, 1153, 1105, 1107, 156, 1010, 212, 132, 1079, 1066, 830, 678, 1140, 714, 333, 829, 260, 430, 84, 803, 768, 1050, 685, 304, 600, 1141, 1420, 99, 404, 203, 1309, 352, 564, 279, 718, 1251, 65, 721, 37, 909, 539, 1190, 599, 819, 1321, 716, 1256, 1333, 502, 686, 753, 1307, 360, 302, 825, 372, 970, 436, 18, 749, 836, 679, 521, 1058, 1398, 947, 98, 508, 343, 1337, 941, 1324, 1293, 281, 728, 1, 967, 30, 341, 482, 222, 1014, 654, 1464, 1401, 85, 1048, 1034, 188, 788, 1095, 1143, 347, 541, 611, 867, 542, 608, 71, 27, 1356, 858, 1032, 808, 1425, 357, 438, 927, 751, 1221, 597, 1033, 764, 1091, 419, 779, 737, 789, 155, 1413, 377, 843, 74, 708, 1039, 1060, 1055, 806, 187, 168, 622, 1036, 264, 1023, 1363, 221, 570, 1257, 464, 675, 761, 980, 308, 584, 354, 1446, 504, 374, 592, 1281, 1114, 45, 201, 870, 324, 313, 799, 951, 425, 62, 1123, 157, 636, 292, 461, 1299, 550, 1284, 177, 321, 191, 277, 266, 249, 1367, 52, 232, 1135, 105, 1454, 950, 1056, 1225, 1227, 439, 1422, 543, 1243, 135, 552, 106, 616, 397, 695, 1247, 596, 1258, 1287, 602, 1214, 142, 1342, 817, 816, 1282, 896, 1152, 782, 1200, 876, 511, 300, 456, 1408, 911, 919, 1093, 283, 19, 1188, 660, 823, 623, 271, 11, 754, 945, 1127, 108, 1132, 56, 515, 989, 208, 165, 1145, 868, 778, 41, 748, 1403, 1421, 906, 216, 150, 692, 1064, 1075, 369, 1212, 627, 854, 1325, 1405, 1318, 607, 495, 393, 344, 1147, 683, 197, 396, 1137, 1133, 954, 497, 938, 1335, 630, 992, 682, 280, 1313, 1245, 362, 1089, 655, 143, 413, 1144, 1449, 379, 820, 1300, 879, 92, 51, 1171, 104, 9, 417, 1160, 734, 984, 649, 814, 690, 1365, 632, 22, 1155, 633, 1265, 363, 1201, 246, 332, 505, 905, 739, 719, 610, 931, 880, 1402, 520, 255, 1049, 97, 1433, 272, 606, 1112, 1419, 586, 334, 1052, 418, 43, 163, 815, 883, 861, 1344, 637, 366, 1088, 1196, 1198, 335, 612, 298, 1439, 567, 1002, 1111, 933, 276, 258, 355, 772, 800, 1415, 703, 578, 1044, 1005, 432, 1156, 1350, 351, 1148, 1289, 1131, 1181, 312, 1353, 479, 81, 186, 1451, 1298, 1269, 689, 273, 797, 1416, 791, 346, 566, 863, 807, 1303, 882, 531, 467, 295, 976, 1388, 17, 1030, 287, 1139, 493, 166, 694, 1041, 640, 211, 590, 102, 1386, 1178, 224, 160, 1428, 848, 894, 1364, 489, 899, 1458, 1025, 666, 1045, 73, 953, 261, 87, 844, 787, 727, 865, 24, 1175, 580, 639]
labeling = [22, 24, 9, 16, 6, 26, 1, 7, 1, 34, 14, 32, 21, 7, 1, 13, 4, 42, 23, 31, 2, 14, 20, 9, 30, 1, 5, 18, 15, 3, 27, 11, 0, 2, 16, 25, 22, 29, 8, 20, 4, 34, 9, 36, 23, 14, 1, 0, 2, 7, 18, 33, 28, 3, 18, 12, 41, 21, 4, 3, 10, 23, 36, 17, 30, 38, 26, 11, 19, 6, 0, 40, 17, 46, 43, 41, 22, 35, 13, 8, 24, 47, 6, 34, 38, 40, 19, 52, 14, 10, 6, 17, 47, 30, 11, 0, 21, 31, 4, 33, 15, 5, 46, 5, 43, 31, 39, 20, 29, 8, 0, 0, 2, 25, 33, 28, 5, 22, 35, 3, 24, 15, 8, 12, 29, 33, 39, 10, 26, 28, 4, 32, 44, 21, 42, 50, 30, 12, 3, 28, 26, 32, 41, 43, 13, 27, 25, 24, 16, 2, 42, 3, 19, 1, 14, 22, 34, 37, 27, 6, 24, 2, 7, 49, 9, 42, 44, 16, 39, 37, 13, 1, 20, 27, 36, 31, 42, 45, 7, 19, 23, 37, 2, 18, 25, 15, 53, 48, 46, 16, 36, 39, 1, 18, 22, 35, 29, 45, 9, 7, 0, 39, 23, 37, 16, 10, 18, 12, 45, 3, 15, 17, 4, 23, 19, 32, 46, 11, 26, 6, 4, 30, 23, 18, 54, 25, 14, 5, 17, 9, 0, 27, 47, 35, 33, 40, 6, 13, 9, 20, 4, 34, 24, 6, 14, 8, 33, 12, 31, 20, 4, 3, 15, 26, 0, 20, 8, 0, 47, 5, 35, 21, 2, 0, 40, 29, 43, 15, 21, 17, 8, 35, 48, 52, 12, 2, 46, 28, 21, 39, 44, 41, 11, 52, 22, 29, 38, 56, 31, 26, 0, 11, 44, 37, 27, 42, 21, 17, 38, 10, 25, 2, 1, 3, 24, 19, 7, 27, 33, 1, 13, 31, 50, 42, 10, 19, 16, 33, 31, 24, 7, 50, 26, 13, 32, 16, 2, 7, 5, 43, 41, 17, 51, 39, 47, 55, 7, 1, 5, 4, 9, 19, 25, 38, 46, 36, 53, 44, 27, 3, 29, 57, 43, 37, 45, 55, 40, 48, 19, 23, 46, 28, 54, 49, 15, 33, 53, 19, 24, 28, 16, 3, 10, 8, 14, 17, 6, 29, 0, 3, 0, 15, 21, 32, 2, 0, 28, 23, 6, 20, 41, 8, 39, 49, 11, 1, 53, 51, 4, 34, 8, 36, 30, 11, 44, 26, 6, 22, 12, 8, 35, 14, 21, 30, 11, 18, 36, 22, 24, 4, 1, 8, 15, 12, 2, 41, 35, 39, 23, 11, 24, 2, 42, 37, 13, 11, 40, 18, 45, 47, 34, 16, 32, 26, 35, 14, 24, 22, 6, 38, 13, 42, 18, 20, 39, 16, 51, 32, 41, 0, 37, 45, 39, 27, 42, 33, 4, 44, 0, 6, 1, 31, 20, 13, 18, 25, 27, 20, 33, 45, 4, 26, 4, 16, 5, 31, 25, 22, 27, 55, 3, 30, 10, 52, 12, 40, 2, 44, 0, 21, 29, 25, 45, 3, 47, 54, 1, 23, 43, 4, 25, 48, 10, 2, 17, 50, 9, 23, 29, 19, 26, 3, 7, 16, 25, 22, 6, 1, 10, 8, 3, 30, 7, 0, 14, 0, 29, 19, 7, 36, 15, 41, 43, 49, 33, 37, 8, 4, 19, 15, 48, 5, 50, 27, 10, 19, 31, 17, 28, 14, 6, 12, 30, 34, 38, 15, 46, 43, 36, 5, 21, 12, 0, 14, 3, 11, 19, 15, 28, 32, 51, 24, 17, 13, 3, 34, 44, 12, 4, 26, 54, 9, 45, 13, 35, 28, 47, 42, 17, 39, 36, 13, 32, 22, 33, 7, 56, 52, 44, 8, 49, 36, 51, 26, 22, 24, 41, 32, 0, 27, 8, 10, 1, 4, 20, 18, 22, 11, 5, 9, 40, 2, 42, 21, 4, 1, 38, 48, 20, 52, 50, 22, 30, 1, 16, 25, 3, 23, 0, 51, 11, 9, 26, 30, 46, 54, 40, 24, 2, 11, 47, 13, 20, 18, 29, 39, 48, 37, 35, 4, 13, 16, 17, 7, 1, 25, 6, 2, 27, 29, 0, 18, 46, 43, 14, 37, 40, 5, 21, 53, 43, 18, 41, 6, 57, 48, 34, 19, 4, 42, 17, 38, 0, 53, 45, 15, 3, 7, 43, 9, 11, 23, 0, 8, 32, 6, 39, 9, 34, 5, 17, 36, 25, 19, 0, 9, 7, 52, 42, 37, 1, 13, 19, 17, 49, 0, 21, 45, 35, 47, 18, 26, 7, 13, 0, 19, 4, 27, 44, 38, 18, 40, 16, 37, 43, 22, 21, 5, 2, 26, 24, 39, 15, 3, 35, 30, 20, 10, 12, 1, 2, 22, 46, 28, 14, 12, 5, 29, 48, 44, 15, 11, 46, 24, 26, 6, 32, 52, 42, 41, 15, 50, 22, 2, 24, 17, 33, 49, 21, 42, 47, 25, 13, 35, 7, 9, 31, 33, 29, 0, 1, 28, 3, 7, 41, 44, 37, 33, 13, 24, 40, 0, 16, 43, 2, 40, 26, 24, 32, 38, 34, 22, 18, 20, 8, 36, 40, 10, 12, 3, 39, 34, 20, 43, 53, 31, 12, 8, 51, 30, 10, 5, 2, 23, 45, 11, 15, 20, 27, 19, 3, 38, 17, 42, 17, 25, 11, 27, 31, 21, 19, 5, 3, 18, 6, 0, 36, 8, 4, 42, 45, 13, 49, 47, 30, 5, 28, 14, 16, 25, 23, 29, 27, 37, 48, 1, 45, 23, 10, 51, 8, 4, 6, 12, 35, 49, 47, 10, 28, 36, 32, 45, 22, 29, 7, 44, 15, 31, 36, 49, 10, 23, 5, 21, 33, 25, 40, 38, 1, 22, 1, 12, 7, 32, 19, 25, 4, 2, 4, 17, 13, 41, 31, 33, 1, 44, 19, 39, 16, 0, 42, 38, 26, 58, 51, 2, 20, 33, 13, 24, 1, 28, 26, 30, 8, 12, 27, 44, 35, 18, 42, 31, 6, 26, 4, 11, 23, 0, 15, 13, 19, 21, 29, 9, 47, 27, 3, 8, 6, 2, 22, 38, 45, 15, 36, 24, 3, 27, 29, 9, 21, 23, 53, 5, 18, 55, 8, 30, 16, 11, 41, 18, 38, 6, 47, 4, 32, 37, 0, 16, 9, 14, 24, 45, 36, 50, 3, 0, 2, 28, 30, 10, 33, 35, 31, 11, 42, 0, 15, 18, 0, 34, 5, 20, 51, 54, 18, 12, 43, 48, 41, 25, 50, 34, 32, 45, 46, 27, 22, 21, 44, 3, 36, 9, 50, 20, 45, 22, 11, 29, 41, 21, 2, 39, 12, 48, 17, 16, 5, 4, 20, 22, 8, 14, 17, 19, 2, 23, 48, 28, 4, 4, 16, 26, 7, 40, 10, 1, 6, 33, 4, 2, 14, 16, 10, 37, 0, 40, 17, 29, 15, 54, 52, 13, 48, 24, 43, 33, 7, 27, 25, 35, 19, 46, 15, 34, 26, 42, 29, 31, 1, 44, 37, 40, 21, 29, 25, 39, 9, 52, 12, 8, 1, 30, 44, 37, 19, 46, 53, 31, 36, 28, 44, 39, 26, 47, 49, 8, 23, 7, 12, 11, 5, 19, 39, 2, 26, 16, 4, 31, 0, 49, 40, 32, 30, 52, 13, 1, 50, 6, 10, 3, 3, 18, 7, 0, 3, 11, 32, 15, 27, 1, 5, 3, 13, 24, 41, 34, 50, 21, 15, 48, 11, 24, 20, 5, 18, 30, 32, 38, 1, 41, 57, 35, 55, 8, 28, 42, 21, 10, 36, 44, 6, 14, 8, 28, 11, 36, 16, 23, 4, 22, 0, 21, 9, 5, 17, 10, 6, 2, 29, 4, 7, 42, 9, 52, 13, 45, 22, 10, 3, 4, 27, 25, 6, 13, 45, 50, 52, 32, 23, 38, 12, 18, 41, 53, 20, 33, 2, 33, 8, 0, 12, 22, 14, 19, 35, 25, 37, 33, 17, 40, 49, 0, 47, 29, 15, 54, 2, 56, 26, 40, 0, 48, 34, 29, 15, 27, 45, 31, 35, 5, 7, 30, 1, 15, 11, 28, 3, 20, 0, 5, 18, 31, 38, 27, 16, 41, 47, 30, 8, 43, 11, 5, 26, 51, 24, 36, 44, 20, 33, 42, 22, 46, 5, 51, 17, 43, 8, 21, 10, 3, 42, 25, 28, 7, 1, 4, 2, 0, 23, 13, 9, 37, 19, 4, 41, 13, 21, 26, 24, 3, 2, 43, 51, 49, 34, 45, 21, 32, 4, 28, 39, 23, 3, 31, 34, 12, 14, 10, 38, 16, 28, 9, 11, 30, 55, 36, 53, 6, 12, 23, 14, 30, 32, 34, 11, 20, 15, 0, 4, 17, 45, 41, 3, 38, 28, 16, 36, 0, 26, 32, 18, 34, 4, 40, 37, 0, 5, 36, 24, 30, 23, 9, 1, 29, 3, 14, 15, 8, 1, 12, 10, 39, 23, 25, 15, 17, 1, 19, 11, 7, 33, 2, 9, 0, 32, 21, 19, 35, 4, 41, 15, 6, 17, 13, 19, 11, 41, 24, 9, 14, 6, 21, 28, 8, 12, 13, 10, 0, 16, 22, 1]
convergência = [55, 55, 55, 54, 54, 54, 54, 54, 54, 54, 54, 54, 54, 54, 54, 54, 54, 54, 54, 54, 54, 54, 54, 54, 54, 54, 54, 54, 54, 54, 54, 54, 54, 54, 54, 54, 54, 54, 54, 54, 54, 54, 54, 54, 54, 54, 54, 54, 54, 54, 54, 54, 54, 54, 54, 54, 54, 54, 54, 54, 54, 54, 54, 54, 54, 54, 54, 54, 54, 54, 54, 53, 53, 53, 53, 53, 53, 53, 53, 53, 53, 53, 53, 53, 53, 53, 53, 53, 53, 53, 53, 53, 53, 53, 53, 53, 53, 53]

===== FIM =====
