===== RESULTADO BRKGA L(2,1) =====
Arquivo: /Users/mateuspedrosa/Documents/TCC-II/BRKGA/data/Harwell-Boeing_cleaned/bcsstm11_clean.mtx

----- Execução #1 -----
[INFO] Parou por estagnação.
Tempo de execução: 16225ms
Span (lambda): 0
best_order = [821, 1070, 757, 1130, 540, 742, 1234, 99, 852, 1062, 524, 1001, 1063, 309, 166, 417, 990, 283, 1051, 1322, 410, 1470, 398, 262, 545, 1096, 1165, 173, 34, 697, 126, 1198, 97, 16, 214, 1014, 1282, 1044, 530, 1150, 204, 1294, 1407, 233, 722, 691, 682, 1381, 522, 1007, 179, 409, 394, 1117, 351, 1271, 571, 1373, 1321, 927, 75, 586, 800, 1210, 1086, 931, 1004, 1328, 343, 443, 740, 507, 837, 1420, 1213, 1288, 1066, 307, 1311, 171, 322, 332, 911, 198, 457, 655, 903, 587, 1415, 43, 588, 630, 1239, 390, 603, 823, 268, 82, 1327, 427, 708, 1107, 707, 205, 412, 1031, 942, 159, 968, 673, 480, 14, 1355, 787, 583, 345, 1356, 312, 702, 303, 745, 1065, 255, 1376, 703, 1238, 15, 528, 313, 555, 87, 69, 913, 614, 67, 551, 649, 995, 1307, 296, 1208, 402, 933, 705, 146, 1299, 1094, 261, 1388, 1421, 53, 1283, 784, 1144, 689, 1164, 1445, 1158, 510, 1231, 453, 1431, 637, 842, 1011, 789, 1140, 1075, 684, 61, 678, 1123, 962, 814, 418, 831, 535, 657, 909, 1232, 662, 636, 738, 793, 241, 24, 1406, 1223, 79, 1255, 906, 77, 1091, 1413, 154, 1038, 1128, 357, 47, 1029, 416, 484, 321, 1441, 92, 243, 1417, 306, 613, 561, 1422, 132, 1179, 291, 63, 780, 1286, 858, 940, 1082, 888, 1040, 26, 248, 311, 1374, 629, 866, 645, 285, 1217, 150, 937, 1243, 1069, 482, 1297, 714, 1161, 785, 60, 829, 387, 739, 580, 576, 375, 55, 710, 952, 152, 423, 1113, 180, 773, 1313, 1390, 1346, 653, 1241, 1216, 169, 465, 841, 600, 572, 908, 971, 856, 743, 203, 954, 330, 816, 95, 247, 399, 1027, 871, 224, 1230, 1073, 192, 360, 293, 696, 1418, 1467, 64, 341, 975, 1131, 1184, 715, 172, 1410, 1402, 1110, 1228, 516, 234, 824, 54, 534, 191, 1416, 46, 902, 815, 231, 988, 826, 227, 772, 929, 211, 950, 1378, 960, 414, 1142, 704, 701, 108, 175, 295, 1008, 941, 196, 556, 998, 992, 1152, 274, 305, 444, 407, 1055, 455, 1020, 1338, 469, 464, 183, 607, 374, 260, 430, 652, 631, 797, 1017, 59, 1225, 771, 315, 432, 791, 585, 758, 498, 104, 452, 798, 413, 415, 57, 508, 230, 197, 1036, 1425, 1053, 867, 1340, 392, 1260, 336, 1414, 733, 324, 1115, 213, 1177, 30, 1076, 706, 1037, 85, 1050, 1102, 754, 1153, 101, 320, 663, 1339, 1454, 495, 460, 339, 222, 1379, 490, 1192, 1146, 736, 356, 238, 1367, 1240, 1072, 533, 1135, 266, 521, 76, 862, 328, 606, 1444, 1197, 437, 1362, 1012, 429, 812, 94, 881, 129, 977, 953, 259, 1284, 481, 838, 280, 775, 1301, 1350, 1100, 1433, 78, 450, 113, 936, 133, 1424, 1170, 575, 750, 1277, 127, 323, 1351, 978, 786, 594, 467, 1330, 1459, 347, 1200, 500, 1056, 945, 200, 189, 1400, 919, 48, 965, 1423, 874, 1156, 1041, 80, 1392, 759, 1389, 90, 1466, 216, 1290, 681, 964, 991, 873, 406, 371, 601, 1138, 938, 1133, 1287, 1289, 932, 302, 504, 549, 907, 628, 947, 763, 611, 272, 863, 517, 1323, 917, 531, 615, 1205, 885, 667, 1387, 176, 955, 284, 901, 511, 445, 718, 1148, 1035, 620, 807, 1090, 396, 250, 1352, 397, 877, 810, 1233, 1112, 859, 1267, 40, 167, 440, 596, 49, 1249, 729, 732, 695, 1401, 1185, 141, 916, 609, 290, 65, 1193, 340, 1357, 756, 525, 501, 700, 848, 337, 1347, 236, 462, 731, 767, 803, 202, 598, 461, 1194, 329, 644, 1293, 486, 9, 217, 1171, 573, 1176, 796, 1141, 724, 358, 944, 1252, 245, 1312, 115, 1430, 1442, 1145, 618, 1080, 190, 389, 367, 670, 1199, 643, 665, 1333, 1335, 400, 898, 1237, 497, 817, 664, 693, 679, 680, 529, 493, 158, 304, 802, 1432, 422, 847, 557, 1015, 1348, 81, 29, 439, 899, 483, 1256, 840, 1061, 316, 1183, 1111, 4, 660, 124, 391, 435, 788, 235, 1235, 822, 1162, 781, 131, 411, 1270, 1045, 352, 139, 671, 632, 716, 876, 199, 1302, 1167, 142, 41, 6, 1109, 51, 582, 890, 1114, 552, 1472, 1383, 762, 509, 578, 875, 110, 892, 466, 479, 776, 161, 207, 405, 496, 325, 32, 713, 610, 1013, 363, 658, 381, 378, 1226, 761, 365, 1462, 963, 342, 1262, 1436, 22, 237, 58, 71, 656, 597, 1030, 1108, 844, 1280, 1048, 934, 1002, 605, 287, 835, 956, 966, 799, 1451, 857, 1052, 922, 269, 1172, 891, 1403, 820, 249, 1016, 1440, 425, 1026, 195, 869, 985, 1434, 777, 734, 288, 650, 895, 730, 121, 1273, 470, 1384, 1215, 564, 499, 973, 1147, 993, 749, 548, 353, 1064, 294, 1247, 608, 996, 849, 1377, 434, 921, 242, 698, 232, 346, 1106, 553, 1006, 1079, 753, 170, 28, 633, 1116, 957, 86, 694, 737, 1089, 502, 1039, 1456, 819, 1337, 717, 11, 593, 526, 1341, 872, 1428, 976, 692, 186, 354, 208, 677, 1409, 1457, 1385, 566, 1364, 520, 362, 3, 489, 1363, 0, 1279, 1206, 751, 494, 256, 1099, 1120, 924, 436, 1251, 1391, 317, 1331, 1059, 983, 711, 1195, 246, 1229, 915, 84, 1219, 893, 12, 790, 33, 157, 1246, 134, 50, 107, 1263, 136, 383, 88, 105, 536, 182, 348, 1354, 882, 1370, 651, 117, 1010, 1129, 257, 1245, 267, 96, 239, 338, 1173, 218, 1018, 543, 638, 187, 1166, 135, 379, 616, 979, 106, 491, 1000, 792, 1254, 864, 542, 2, 1127, 485, 73, 830, 685, 125, 604, 1455, 36, 744, 185, 408, 672, 1320, 1098, 1448, 153, 37, 1396, 35, 1085, 282, 130, 419, 560, 1395, 1021, 1306, 894, 181, 811, 532, 514, 961, 558, 1042, 1214, 897, 388, 220, 278, 1124, 1159, 1151, 472, 687, 373, 833, 622, 1134, 1269, 424, 669, 1078, 289, 1022, 801, 25, 1471, 123, 1412, 1386, 350, 5, 541, 1187, 138, 1046, 1204, 56, 137, 675, 62, 647, 1435, 920, 617, 1369, 128, 1296, 581, 431, 212, 1236, 1182, 433, 1334, 44, 91, 1196, 264, 45, 666, 1468, 538, 314, 592, 1411, 1281, 770, 518, 999, 1304, 100, 1465, 206, 602, 513, 355, 735, 39, 326, 1143, 646, 1419, 1349, 226, 1359, 456, 369, 726, 1074, 83, 119, 1258, 554, 1344, 853, 537, 327, 201, 584, 546, 333, 1175, 160, 42, 627, 112, 476, 370, 1315, 1087, 1380, 1439, 1342, 686, 145, 1443, 178, 1060, 943, 1149, 438, 1186, 1360, 1003, 805, 1447, 523, 855, 515, 1310, 668, 148, 839, 1058, 1, 93, 244, 946, 1034, 747, 1180, 621, 162, 982, 366, 120, 926, 308, 676, 319, 1043, 880, 948, 832, 1137, 967, 168, 188, 458, 229, 879, 846, 970, 102, 887, 994, 683, 851, 74, 194, 1365, 590, 512, 818, 639, 1275, 253, 463, 1426, 503, 475, 720, 1160, 1019, 1092, 1375, 372, 918, 1227, 1261, 215, 1095, 728, 626, 1399, 252, 1358, 1361, 1336, 1464, 1309, 809, 1272, 310, 886, 989, 634, 928, 1218, 712, 301, 31, 1081, 1318, 1371, 335, 18, 778, 1024, 334, 883, 23, 1345, 719, 1257, 428, 1105, 265, 1274, 1250, 331, 550, 1057, 10, 1139, 769, 1449, 1368, 1276, 174, 1303, 884, 376, 223, 1168, 21, 277, 344, 1154, 1278, 1209, 828, 981, 1244, 144, 156, 1212, 804, 1353, 900, 834, 623, 547, 114, 939, 446, 949, 1207, 386, 1190, 1119, 1211, 843, 1463, 783, 935, 384, 66, 1314, 292, 674, 1324, 1054, 1157, 925, 1103, 441, 98, 568, 1295, 219, 17, 987, 1450, 68, 468, 699, 782, 1469, 779, 1292, 111, 155, 640, 1025, 281, 393, 1121, 1047, 958, 165, 709, 661, 380, 827, 760, 1068, 654, 1203, 318, 1084, 1266, 648, 297, 506, 914, 240, 889, 1325, 163, 896, 1189, 1300, 690, 473, 151, 404, 19, 563, 221, 1382, 868, 986, 279, 813, 904, 271, 755, 725, 969, 519, 1005, 764, 116, 1452, 459, 118, 746, 364, 845, 1316, 1308, 1438, 1093, 577, 559, 1398, 1268, 1202, 850, 959, 625, 7, 143, 1163, 487, 723, 140, 209, 492, 808, 591, 1408, 870, 910, 923, 1461, 930, 254, 361, 368, 449, 1118, 300, 589, 579, 1446, 385, 1191, 1405, 1329, 1088, 836, 878, 1259, 1453, 905, 147, 854, 570, 980, 527, 984, 565, 774, 861, 567, 1169, 505, 442, 1181, 13, 721, 1188, 177, 401, 1101, 89, 263, 752, 825, 795, 184, 1437, 641, 860, 1458, 1305, 1224, 997, 972, 474, 251, 276, 1071, 1201, 471, 38, 1032, 1372, 1429, 193, 1178, 27, 765, 403, 1291, 228, 1136, 1023, 539, 1343, 275, 454, 382, 574, 109, 225, 1009, 806, 1264, 1253, 1155, 122, 1132, 359, 1366, 1393, 635, 395, 688, 377, 349, 1326, 299, 273, 258, 103, 1122, 544, 865, 8, 1033, 1242, 1067, 1394, 768, 748, 1317, 1097, 1083, 488, 477, 569, 448, 1049, 612, 741, 1248, 298, 951, 420, 1077, 164, 794, 624, 70, 72, 270, 20, 1265, 599, 659, 912, 562, 286, 1221, 1332, 1285, 1220, 642, 1460, 1174, 1104, 1397, 447, 727, 1126, 52, 426, 210, 421, 1404, 766, 451, 1222, 1319, 478, 1028, 1298, 595, 1125, 1427, 149, 619, 974]
labeling = [0, 0, 0, 0, 0, 0, 0, 0, 0, 0, 0, 0, 0, 0, 0, 0, 0, 0, 0, 0, 0, 0, 0, 0, 0, 0, 0, 0, 0, 0, 0, 0, 0, 0, 0, 0, 0, 0, 0, 0, 0, 0, 0, 0, 0, 0, 0, 0, 0, 0, 0, 0, 0, 0, 0, 0, 0, 0, 0, 0, 0, 0, 0, 0, 0, 0, 0, 0, 0, 0, 0, 0, 0, 0, 0, 0, 0, 0, 0, 0, 0, 0, 0, 0, 0, 0, 0, 0, 0, 0, 0, 0, 0, 0, 0, 0, 0, 0, 0, 0, 0, 0, 0, 0, 0, 0, 0, 0, 0, 0, 0, 0, 0, 0, 0, 0, 0, 0, 0, 0, 0, 0, 0, 0, 0, 0, 0, 0, 0, 0, 0, 0, 0, 0, 0, 0, 0, 0, 0, 0, 0, 0, 0, 0, 0, 0, 0, 0, 0, 0, 0, 0, 0, 0, 0, 0, 0, 0, 0, 0, 0, 0, 0, 0, 0, 0, 0, 0, 0, 0, 0, 0, 0, 0, 0, 0, 0, 0, 0, 0, 0, 0, 0, 0, 0, 0, 0, 0, 0, 0, 0, 0, 0, 0, 0, 0, 0, 0, 0, 0, 0, 0, 0, 0, 0, 0, 0, 0, 0, 0, 0, 0, 0, 0, 0, 0, 0, 0, 0, 0, 0, 0, 0, 0, 0, 0, 0, 0, 0, 0, 0, 0, 0, 0, 0, 0, 0, 0, 0, 0, 0, 0, 0, 0, 0, 0, 0, 0, 0, 0, 0, 0, 0, 0, 0, 0, 0, 0, 0, 0, 0, 0, 0, 0, 0, 0, 0, 0, 0, 0, 0, 0, 0, 0, 0, 0, 0, 0, 0, 0, 0, 0, 0, 0, 0, 0, 0, 0, 0, 0, 0, 0, 0, 0, 0, 0, 0, 0, 0, 0, 0, 0, 0, 0, 0, 0, 0, 0, 0, 0, 0, 0, 0, 0, 0, 0, 0, 0, 0, 0, 0, 0, 0, 0, 0, 0, 0, 0, 0, 0, 0, 0, 0, 0, 0, 0, 0, 0, 0, 0, 0, 0, 0, 0, 0, 0, 0, 0, 0, 0, 0, 0, 0, 0, 0, 0, 0, 0, 0, 0, 0, 0, 0, 0, 0, 0, 0, 0, 0, 0, 0, 0, 0, 0, 0, 0, 0, 0, 0, 0, 0, 0, 0, 0, 0, 0, 0, 0, 0, 0, 0, 0, 0, 0, 0, 0, 0, 0, 0, 0, 0, 0, 0, 0, 0, 0, 0, 0, 0, 0, 0, 0, 0, 0, 0, 0, 0, 0, 0, 0, 0, 0, 0, 0, 0, 0, 0, 0, 0, 0, 0, 0, 0, 0, 0, 0, 0, 0, 0, 0, 0, 0, 0, 0, 0, 0, 0, 0, 0, 0, 0, 0, 0, 0, 0, 0, 0, 0, 0, 0, 0, 0, 0, 0, 0, 0, 0, 0, 0, 0, 0, 0, 0, 0, 0, 0, 0, 0, 0, 0, 0, 0, 0, 0, 0, 0, 0, 0, 0, 0, 0, 0, 0, 0, 0, 0, 0, 0, 0, 0, 0, 0, 0, 0, 0, 0, 0, 0, 0, 0, 0, 0, 0, 0, 0, 0, 0, 0, 0, 0, 0, 0, 0, 0, 0, 0, 0, 0, 0, 0, 0, 0, 0, 0, 0, 0, 0, 0, 0, 0, 0, 0, 0, 0, 0, 0, 0, 0, 0, 0, 0, 0, 0, 0, 0, 0, 0, 0, 0, 0, 0, 0, 0, 0, 0, 0, 0, 0, 0, 0, 0, 0, 0, 0, 0, 0, 0, 0, 0, 0, 0, 0, 0, 0, 0, 0, 0, 0, 0, 0, 0, 0, 0, 0, 0, 0, 0, 0, 0, 0, 0, 0, 0, 0, 0, 0, 0, 0, 0, 0, 0, 0, 0, 0, 0, 0, 0, 0, 0, 0, 0, 0, 0, 0, 0, 0, 0, 0, 0, 0, 0, 0, 0, 0, 0, 0, 0, 0, 0, 0, 0, 0, 0, 0, 0, 0, 0, 0, 0, 0, 0, 0, 0, 0, 0, 0, 0, 0, 0, 0, 0, 0, 0, 0, 0, 0, 0, 0, 0, 0, 0, 0, 0, 0, 0, 0, 0, 0, 0, 0, 0, 0, 0, 0, 0, 0, 0, 0, 0, 0, 0, 0, 0, 0, 0, 0, 0, 0, 0, 0, 0, 0, 0, 0, 0, 0, 0, 0, 0, 0, 0, 0, 0, 0, 0, 0, 0, 0, 0, 0, 0, 0, 0, 0, 0, 0, 0, 0, 0, 0, 0, 0, 0, 0, 0, 0, 0, 0, 0, 0, 0, 0, 0, 0, 0, 0, 0, 0, 0, 0, 0, 0, 0, 0, 0, 0, 0, 0, 0, 0, 0, 0, 0, 0, 0, 0, 0, 0, 0, 0, 0, 0, 0, 0, 0, 0, 0, 0, 0, 0, 0, 0, 0, 0, 0, 0, 0, 0, 0, 0, 0, 0, 0, 0, 0, 0, 0, 0, 0, 0, 0, 0, 0, 0, 0, 0, 0, 0, 0, 0, 0, 0, 0, 0, 0, 0, 0, 0, 0, 0, 0, 0, 0, 0, 0, 0, 0, 0, 0, 0, 0, 0, 0, 0, 0, 0, 0, 0, 0, 0, 0, 0, 0, 0, 0, 0, 0, 0, 0, 0, 0, 0, 0, 0, 0, 0, 0, 0, 0, 0, 0, 0, 0, 0, 0, 0, 0, 0, 0, 0, 0, 0, 0, 0, 0, 0, 0, 0, 0, 0, 0, 0, 0, 0, 0, 0, 0, 0, 0, 0, 0, 0, 0, 0, 0, 0, 0, 0, 0, 0, 0, 0, 0, 0, 0, 0, 0, 0, 0, 0, 0, 0, 0, 0, 0, 0, 0, 0, 0, 0, 0, 0, 0, 0, 0, 0, 0, 0, 0, 0, 0, 0, 0, 0, 0, 0, 0, 0, 0, 0, 0, 0, 0, 0, 0, 0, 0, 0, 0, 0, 0, 0, 0, 0, 0, 0, 0, 0, 0, 0, 0, 0, 0, 0, 0, 0, 0, 0, 0, 0, 0, 0, 0, 0, 0, 0, 0, 0, 0, 0, 0, 0, 0, 0, 0, 0, 0, 0, 0, 0, 0, 0, 0, 0, 0, 0, 0, 0, 0, 0, 0, 0, 0, 0, 0, 0, 0, 0, 0, 0, 0, 0, 0, 0, 0, 0, 0, 0, 0, 0, 0, 0, 0, 0, 0, 0, 0, 0, 0, 0, 0, 0, 0, 0, 0, 0, 0, 0, 0, 0, 0, 0, 0, 0, 0, 0, 0, 0, 0, 0, 0, 0, 0, 0, 0, 0, 0, 0, 0, 0, 0, 0, 0, 0, 0, 0, 0, 0, 0, 0, 0, 0, 0, 0, 0, 0, 0, 0, 0, 0, 0, 0, 0, 0, 0, 0, 0, 0, 0, 0, 0, 0, 0, 0, 0, 0, 0, 0, 0, 0, 0, 0, 0, 0, 0, 0, 0, 0, 0, 0, 0, 0, 0, 0, 0, 0, 0, 0, 0, 0, 0, 0, 0, 0, 0, 0, 0, 0, 0, 0, 0, 0, 0, 0, 0, 0, 0, 0, 0, 0, 0, 0, 0, 0, 0, 0, 0, 0, 0, 0, 0, 0, 0, 0, 0, 0, 0, 0, 0, 0, 0, 0, 0, 0, 0, 0, 0, 0, 0, 0, 0, 0, 0, 0, 0, 0, 0, 0, 0, 0, 0, 0, 0, 0, 0, 0, 0, 0, 0, 0, 0, 0, 0, 0, 0, 0, 0, 0, 0, 0, 0, 0, 0, 0, 0, 0, 0, 0, 0, 0, 0, 0, 0, 0, 0, 0, 0, 0, 0, 0, 0, 0, 0, 0, 0, 0, 0, 0, 0, 0, 0, 0, 0, 0, 0, 0, 0, 0, 0, 0, 0, 0, 0, 0, 0, 0, 0, 0, 0, 0, 0, 0, 0, 0, 0, 0, 0, 0, 0, 0, 0, 0, 0, 0, 0, 0, 0, 0, 0, 0, 0, 0, 0, 0, 0, 0, 0, 0, 0, 0, 0, 0, 0, 0, 0, 0, 0, 0, 0, 0, 0, 0, 0, 0, 0, 0, 0, 0, 0, 0, 0, 0, 0, 0, 0, 0, 0, 0, 0, 0, 0, 0, 0, 0, 0, 0, 0, 0, 0, 0, 0, 0, 0, 0, 0, 0, 0, 0, 0, 0, 0, 0, 0, 0, 0, 0, 0, 0, 0, 0, 0, 0, 0, 0, 0, 0, 0, 0, 0, 0, 0, 0, 0, 0, 0, 0, 0, 0, 0, 0, 0, 0, 0, 0, 0, 0, 0, 0, 0, 0, 0, 0, 0, 0, 0, 0, 0, 0, 0, 0, 0, 0, 0, 0, 0, 0, 0, 0, 0, 0, 0, 0, 0, 0, 0, 0, 0, 0, 0, 0, 0, 0, 0, 0, 0, 0, 0, 0, 0, 0, 0, 0, 0, 0, 0, 0, 0, 0, 0, 0, 0, 0, 0, 0, 0, 0, 0, 0, 0, 0, 0, 0, 0, 0, 0, 0, 0, 0, 0, 0, 0, 0, 0, 0, 0, 0, 0, 0, 0, 0, 0, 0, 0, 0, 0, 0, 0, 0, 0, 0, 0, 0, 0, 0, 0, 0, 0, 0, 0, 0, 0, 0, 0]
convergência = [0, 0, 0, 0, 0, 0, 0, 0, 0, 0, 0, 0, 0, 0, 0, 0, 0, 0, 0, 0, 0, 0, 0, 0, 0, 0, 0, 0, 0, 0, 0, 0, 0, 0, 0, 0, 0, 0, 0, 0, 0, 0, 0, 0, 0, 0, 0, 0, 0, 0, 0, 0, 0, 0, 0, 0, 0, 0, 0, 0, 0, 0, 0, 0, 0, 0, 0, 0, 0, 0, 0, 0, 0, 0, 0, 0, 0, 0, 0, 0, 0, 0, 0, 0, 0, 0, 0, 0, 0, 0, 0, 0, 0, 0, 0, 0, 0, 0, 0, 0, 0, 0, 0, 0, 0, 0, 0, 0, 0, 0, 0, 0, 0, 0, 0, 0, 0, 0, 0, 0, 0, 0, 0, 0]

===== FIM =====
