===== RESULTADO BRKGA L(2,1) =====
Arquivo: /Users/mateuspedrosa/Documents/TCC-II/BRKGA/data/Harwell-Boeing_cleaned/bcsstm26_clean.mtx

----- Execução #1 -----
[INFO] Parou por estagnação.
Tempo de execução: 26470ms
Span (lambda): 0
best_order = [1633, 821, 1070, 757, 1130, 540, 1712, 742, 1234, 99, 852, 1062, 524, 1747, 1001, 1063, 309, 166, 417, 990, 283, 1817, 1051, 1322, 410, 1804, 1470, 398, 262, 545, 1096, 1165, 173, 34, 697, 126, 1198, 1574, 97, 16, 214, 1014, 1282, 1044, 530, 1733, 1150, 204, 1294, 1407, 233, 1898, 1807, 722, 691, 682, 1381, 522, 1495, 1007, 179, 1683, 1703, 409, 394, 1587, 1117, 351, 1271, 571, 1373, 1321, 1482, 927, 75, 586, 800, 1575, 1210, 1498, 1562, 1632, 1086, 931, 1004, 1678, 1876, 1328, 343, 1510, 443, 740, 507, 837, 1420, 1213, 1288, 1066, 307, 1617, 1311, 171, 322, 332, 911, 1480, 198, 457, 655, 1920, 1792, 903, 1556, 587, 1415, 43, 588, 630, 1239, 390, 603, 823, 268, 82, 1327, 427, 708, 1107, 707, 1649, 205, 412, 1031, 1910, 1566, 942, 159, 968, 673, 480, 14, 1783, 1533, 1778, 1355, 787, 583, 345, 1647, 1356, 312, 1739, 702, 1861, 303, 745, 1065, 255, 1883, 1376, 1764, 703, 1238, 15, 528, 313, 555, 1668, 87, 1735, 69, 913, 614, 67, 551, 649, 995, 1307, 296, 1208, 1594, 402, 933, 705, 146, 1299, 1094, 261, 1388, 1828, 1637, 1421, 53, 1283, 784, 1144, 689, 1164, 1445, 1158, 510, 1231, 1882, 1530, 453, 1607, 1431, 637, 842, 1746, 1011, 789, 1140, 1075, 1696, 1730, 684, 61, 678, 1123, 962, 1850, 1619, 1497, 814, 1894, 418, 1722, 831, 535, 657, 909, 1693, 1232, 662, 636, 738, 793, 241, 1885, 24, 1406, 1223, 79, 1255, 906, 77, 1091, 1413, 154, 1038, 1554, 1128, 357, 47, 1029, 1919, 416, 484, 321, 1589, 1441, 92, 243, 1417, 306, 1859, 613, 561, 1422, 132, 1179, 291, 63, 1542, 780, 1286, 858, 940, 1477, 1886, 1082, 888, 1040, 26, 1691, 1789, 248, 1877, 1599, 311, 1374, 629, 866, 645, 285, 1217, 150, 1526, 937, 1243, 1069, 1822, 482, 1297, 1651, 714, 1754, 1714, 1161, 785, 60, 829, 387, 739, 580, 576, 375, 55, 710, 952, 152, 423, 1694, 1113, 180, 1762, 773, 1669, 1727, 1313, 1390, 1346, 653, 1241, 1216, 1775, 169, 465, 1728, 841, 600, 572, 1842, 908, 971, 856, 1774, 743, 203, 954, 330, 1855, 1618, 816, 95, 247, 399, 1640, 1027, 871, 224, 1230, 1073, 192, 360, 1839, 1686, 293, 696, 1748, 1418, 1620, 1496, 1543, 1873, 1725, 1467, 64, 1593, 341, 975, 1652, 1511, 1605, 1131, 1184, 715, 172, 1410, 1402, 1843, 1110, 1228, 1715, 516, 1718, 234, 1758, 824, 54, 1864, 534, 191, 1416, 46, 902, 815, 1848, 231, 988, 826, 227, 772, 929, 211, 1723, 950, 1787, 1378, 960, 414, 1142, 704, 1677, 1502, 701, 108, 175, 295, 1008, 1879, 1803, 941, 196, 1499, 556, 998, 1567, 992, 1152, 1707, 274, 305, 444, 407, 1055, 455, 1020, 1650, 1338, 469, 464, 183, 1742, 607, 374, 1657, 260, 430, 652, 631, 797, 1017, 1684, 59, 1225, 771, 315, 432, 791, 585, 758, 498, 104, 452, 798, 413, 415, 57, 508, 230, 1888, 197, 1036, 1425, 1716, 1053, 867, 1576, 1340, 392, 1260, 336, 1414, 733, 324, 1115, 213, 1177, 30, 1076, 706, 1037, 85, 1050, 1102, 1785, 754, 1153, 1918, 101, 320, 1749, 663, 1339, 1454, 495, 460, 339, 1760, 222, 1634, 1379, 490, 1192, 1146, 736, 356, 238, 1367, 1799, 1240, 1072, 533, 1135, 1672, 266, 521, 76, 862, 328, 606, 1852, 1444, 1913, 1726, 1912, 1197, 437, 1362, 1012, 429, 812, 94, 881, 129, 977, 953, 1481, 259, 1284, 481, 838, 280, 1801, 775, 1710, 1301, 1350, 1100, 1433, 78, 450, 113, 936, 1545, 133, 1424, 1170, 575, 750, 1277, 127, 323, 1832, 1351, 978, 786, 594, 467, 1330, 1459, 1602, 347, 1630, 1708, 1200, 1704, 500, 1056, 945, 1539, 200, 189, 1755, 1400, 1830, 919, 1915, 48, 1835, 965, 1423, 874, 1156, 1041, 1518, 1572, 80, 1392, 759, 1389, 90, 1466, 216, 1290, 1777, 681, 1851, 1474, 1731, 964, 991, 1805, 873, 406, 1881, 371, 601, 1573, 1138, 938, 1133, 1287, 1289, 932, 302, 504, 549, 907, 628, 947, 763, 611, 272, 1685, 863, 1565, 1821, 517, 1323, 917, 531, 615, 1205, 885, 667, 1387, 176, 955, 1621, 284, 1865, 901, 511, 445, 1548, 1872, 718, 1148, 1035, 1557, 620, 807, 1753, 1489, 1711, 1090, 396, 250, 1352, 1914, 397, 877, 810, 1233, 1112, 1568, 859, 1267, 1492, 40, 167, 440, 596, 49, 1249, 729, 732, 695, 1401, 1185, 141, 916, 609, 290, 1786, 65, 1193, 340, 1357, 756, 525, 501, 1592, 700, 848, 337, 1347, 236, 462, 1488, 731, 767, 1673, 803, 202, 598, 1490, 461, 1194, 329, 644, 1293, 486, 1612, 9, 217, 1751, 1734, 1171, 573, 1176, 796, 1141, 724, 358, 1613, 944, 1252, 245, 1312, 115, 1430, 1442, 1145, 618, 1080, 190, 389, 367, 670, 1199, 643, 665, 1333, 1666, 1335, 400, 1856, 898, 1237, 497, 817, 664, 693, 1512, 679, 680, 529, 493, 158, 304, 802, 1432, 422, 847, 557, 1015, 1601, 1515, 1874, 1348, 81, 1553, 29, 439, 1641, 1706, 899, 1665, 1611, 483, 1256, 840, 1061, 1698, 316, 1183, 1111, 4, 660, 124, 391, 435, 788, 235, 1235, 822, 1162, 1732, 781, 1528, 131, 411, 1663, 1270, 1045, 1837, 352, 1679, 139, 671, 1776, 632, 716, 876, 199, 1569, 1302, 1167, 142, 41, 6, 1109, 51, 582, 890, 1114, 552, 1472, 1383, 762, 1853, 509, 578, 1500, 875, 110, 892, 466, 1643, 479, 1596, 776, 161, 207, 405, 1866, 1863, 496, 325, 32, 1661, 713, 610, 1013, 363, 658, 381, 1903, 378, 1226, 761, 365, 1462, 963, 342, 1262, 1436, 22, 1635, 237, 58, 71, 1772, 1655, 656, 597, 1030, 1108, 844, 1280, 1475, 1048, 934, 1002, 1849, 1769, 605, 287, 835, 956, 1862, 1544, 1729, 966, 799, 1451, 1829, 857, 1052, 922, 269, 1172, 891, 1403, 820, 1816, 249, 1016, 1440, 425, 1026, 195, 1846, 1534, 869, 985, 1434, 1736, 1503, 777, 734, 288, 650, 895, 1540, 1911, 730, 121, 1273, 470, 1384, 1215, 1806, 564, 499, 973, 1147, 1622, 993, 749, 548, 353, 1064, 294, 1247, 1902, 1831, 1563, 608, 1476, 996, 1705, 849, 1377, 1689, 434, 921, 242, 698, 232, 346, 1869, 1106, 553, 1642, 1006, 1079, 753, 170, 28, 633, 1116, 957, 1875, 86, 694, 737, 1089, 502, 1039, 1456, 819, 1337, 717, 1653, 1771, 11, 593, 526, 1486, 1341, 872, 1428, 976, 692, 186, 354, 208, 677, 1409, 1457, 1385, 566, 1364, 520, 362, 1781, 3, 1564, 489, 1800, 1363, 0, 1279, 1206, 1904, 751, 1507, 494, 256, 1099, 1120, 924, 436, 1664, 1251, 1827, 1522, 1391, 317, 1331, 1059, 1527, 1895, 983, 1808, 711, 1195, 1797, 1660, 246, 1697, 1229, 915, 84, 1768, 1219, 893, 12, 790, 33, 157, 1246, 134, 50, 107, 1263, 136, 383, 1921, 88, 105, 536, 182, 348, 1354, 882, 1916, 1370, 651, 117, 1010, 1129, 257, 1245, 1547, 267, 96, 1585, 239, 338, 1173, 1586, 218, 1018, 1509, 543, 638, 1614, 187, 1166, 135, 1570, 379, 616, 979, 106, 491, 1000, 1662, 792, 1254, 1836, 1878, 864, 542, 1740, 1513, 2, 1127, 485, 73, 830, 1818, 685, 125, 1891, 604, 1455, 1815, 1871, 1847, 36, 744, 185, 1676, 408, 672, 1320, 1098, 1448, 153, 1857, 1750, 37, 1907, 1396, 35, 1085, 282, 130, 419, 560, 1395, 1021, 1306, 894, 181, 811, 1770, 532, 514, 961, 1811, 558, 1042, 1214, 897, 1794, 1578, 388, 220, 1623, 278, 1124, 1159, 1151, 472, 687, 373, 833, 622, 1636, 1134, 1269, 424, 669, 1078, 289, 1022, 801, 25, 1560, 1471, 123, 1412, 1386, 350, 5, 541, 1187, 1520, 1608, 138, 1046, 1204, 56, 137, 675, 62, 647, 1606, 1435, 920, 1491, 617, 1369, 128, 1296, 581, 1791, 431, 1627, 212, 1236, 1182, 433, 1334, 1889, 1763, 44, 1484, 1505, 91, 1196, 264, 45, 666, 1468, 1654, 538, 314, 592, 1680, 1638, 1411, 1281, 770, 518, 999, 1304, 100, 1465, 206, 602, 513, 355, 735, 39, 326, 1917, 1143, 1610, 646, 1419, 1349, 226, 1561, 1359, 456, 369, 726, 1074, 83, 119, 1844, 1258, 554, 1344, 853, 537, 1667, 327, 1695, 201, 584, 546, 333, 1175, 160, 42, 1840, 627, 112, 476, 370, 1315, 1766, 1087, 1909, 1541, 1380, 1439, 1342, 686, 1752, 145, 1443, 178, 1905, 1810, 1060, 943, 1149, 438, 1186, 1360, 1003, 1893, 805, 1447, 1516, 523, 855, 515, 1310, 1478, 1597, 668, 148, 839, 1058, 1, 93, 244, 1535, 1896, 946, 1899, 1034, 747, 1180, 1582, 621, 162, 1571, 982, 366, 120, 926, 308, 676, 319, 1043, 880, 948, 832, 1699, 1137, 967, 168, 188, 458, 229, 879, 1624, 846, 970, 102, 887, 994, 683, 851, 1536, 74, 194, 1365, 590, 512, 1577, 1590, 1523, 1724, 1824, 818, 639, 1901, 1275, 1595, 253, 1796, 463, 1426, 503, 475, 720, 1160, 1019, 1092, 1375, 372, 918, 1227, 1261, 215, 1095, 728, 1773, 1743, 1658, 626, 1399, 252, 1358, 1784, 1361, 1688, 1336, 1580, 1464, 1309, 1579, 1701, 809, 1272, 1524, 310, 886, 1671, 989, 1780, 1514, 634, 928, 1218, 712, 301, 31, 1081, 1318, 1371, 335, 1629, 18, 778, 1024, 334, 1845, 883, 23, 1345, 719, 1257, 428, 1105, 1823, 265, 1274, 1250, 1759, 331, 1788, 1517, 550, 1057, 10, 1139, 769, 1449, 1368, 1276, 174, 1303, 884, 376, 1719, 223, 1506, 1168, 1646, 21, 277, 344, 1644, 1538, 1154, 1278, 1209, 1639, 1897, 1487, 828, 1687, 1550, 1648, 981, 1244, 1745, 144, 156, 1212, 1720, 804, 1353, 900, 1793, 834, 623, 547, 114, 939, 446, 949, 1207, 386, 1190, 1119, 1211, 1890, 843, 1463, 783, 1675, 1820, 1738, 935, 384, 66, 1591, 1314, 292, 674, 1324, 1054, 1814, 1900, 1737, 1157, 925, 1609, 1103, 1681, 441, 98, 568, 1479, 1295, 219, 17, 987, 1741, 1450, 1798, 1501, 1880, 68, 468, 1790, 1555, 1767, 699, 782, 1469, 779, 1834, 1779, 1713, 1292, 1628, 111, 1552, 155, 640, 1025, 1549, 281, 393, 1702, 1670, 1121, 1682, 1047, 958, 165, 709, 1581, 661, 380, 827, 760, 1068, 654, 1203, 318, 1084, 1266, 1833, 648, 297, 506, 1546, 1887, 914, 240, 1867, 889, 1325, 163, 896, 1189, 1300, 690, 473, 151, 404, 19, 1870, 1659, 563, 221, 1382, 868, 986, 1809, 279, 813, 1826, 1532, 1631, 904, 271, 755, 725, 969, 519, 1005, 764, 1521, 116, 1452, 1615, 459, 118, 746, 364, 845, 1316, 1756, 1308, 1717, 1438, 1093, 577, 559, 1761, 1398, 1268, 1908, 1202, 850, 959, 625, 1625, 1744, 7, 143, 1163, 487, 723, 140, 209, 492, 808, 591, 1473, 1408, 1584, 870, 1692, 910, 1493, 1700, 923, 1461, 930, 254, 361, 368, 449, 1795, 1118, 1537, 300, 589, 579, 1446, 1525, 385, 1838, 1191, 1405, 1329, 1088, 836, 878, 1598, 1259, 1453, 1860, 905, 1600, 147, 854, 1558, 570, 980, 527, 984, 565, 774, 1906, 1529, 861, 567, 1169, 505, 442, 1181, 13, 1674, 1721, 721, 1188, 177, 1616, 401, 1101, 89, 263, 1504, 1854, 752, 825, 795, 184, 1437, 641, 860, 1884, 1458, 1305, 1224, 997, 972, 474, 251, 276, 1071, 1201, 471, 1603, 38, 1032, 1372, 1429, 193, 1178, 27, 765, 403, 1709, 1858, 1291, 228, 1136, 1023, 539, 1343, 275, 454, 382, 574, 109, 225, 1009, 806, 1264, 1868, 1253, 1155, 1812, 122, 1132, 359, 1483, 1366, 1892, 1393, 1813, 1757, 635, 395, 688, 377, 349, 1656, 1645, 1559, 1326, 299, 273, 258, 103, 1122, 544, 865, 8, 1485, 1033, 1242, 1067, 1394, 768, 748, 1317, 1825, 1097, 1083, 488, 477, 1802, 569, 448, 1049, 1841, 612, 741, 1248, 298, 951, 1765, 420, 1077, 164, 794, 624, 70, 72, 270, 20, 1583, 1519, 1265, 1782, 599, 659, 1508, 912, 562, 286, 1221, 1332, 1531, 1690, 1285, 1220, 1494, 642, 1460, 1174, 1104, 1397, 447, 727, 1126, 52, 1819, 1626, 426, 210, 421, 1404, 1604, 766, 451, 1222, 1319, 478, 1028, 1298, 595, 1125, 1427, 1551, 1588, 149, 619, 974]
labeling = [0, 0, 0, 0, 0, 0, 0, 0, 0, 0, 0, 0, 0, 0, 0, 0, 0, 0, 0, 0, 0, 0, 0, 0, 0, 0, 0, 0, 0, 0, 0, 0, 0, 0, 0, 0, 0, 0, 0, 0, 0, 0, 0, 0, 0, 0, 0, 0, 0, 0, 0, 0, 0, 0, 0, 0, 0, 0, 0, 0, 0, 0, 0, 0, 0, 0, 0, 0, 0, 0, 0, 0, 0, 0, 0, 0, 0, 0, 0, 0, 0, 0, 0, 0, 0, 0, 0, 0, 0, 0, 0, 0, 0, 0, 0, 0, 0, 0, 0, 0, 0, 0, 0, 0, 0, 0, 0, 0, 0, 0, 0, 0, 0, 0, 0, 0, 0, 0, 0, 0, 0, 0, 0, 0, 0, 0, 0, 0, 0, 0, 0, 0, 0, 0, 0, 0, 0, 0, 0, 0, 0, 0, 0, 0, 0, 0, 0, 0, 0, 0, 0, 0, 0, 0, 0, 0, 0, 0, 0, 0, 0, 0, 0, 0, 0, 0, 0, 0, 0, 0, 0, 0, 0, 0, 0, 0, 0, 0, 0, 0, 0, 0, 0, 0, 0, 0, 0, 0, 0, 0, 0, 0, 0, 0, 0, 0, 0, 0, 0, 0, 0, 0, 0, 0, 0, 0, 0, 0, 0, 0, 0, 0, 0, 0, 0, 0, 0, 0, 0, 0, 0, 0, 0, 0, 0, 0, 0, 0, 0, 0, 0, 0, 0, 0, 0, 0, 0, 0, 0, 0, 0, 0, 0, 0, 0, 0, 0, 0, 0, 0, 0, 0, 0, 0, 0, 0, 0, 0, 0, 0, 0, 0, 0, 0, 0, 0, 0, 0, 0, 0, 0, 0, 0, 0, 0, 0, 0, 0, 0, 0, 0, 0, 0, 0, 0, 0, 0, 0, 0, 0, 0, 0, 0, 0, 0, 0, 0, 0, 0, 0, 0, 0, 0, 0, 0, 0, 0, 0, 0, 0, 0, 0, 0, 0, 0, 0, 0, 0, 0, 0, 0, 0, 0, 0, 0, 0, 0, 0, 0, 0, 0, 0, 0, 0, 0, 0, 0, 0, 0, 0, 0, 0, 0, 0, 0, 0, 0, 0, 0, 0, 0, 0, 0, 0, 0, 0, 0, 0, 0, 0, 0, 0, 0, 0, 0, 0, 0, 0, 0, 0, 0, 0, 0, 0, 0, 0, 0, 0, 0, 0, 0, 0, 0, 0, 0, 0, 0, 0, 0, 0, 0, 0, 0, 0, 0, 0, 0, 0, 0, 0, 0, 0, 0, 0, 0, 0, 0, 0, 0, 0, 0, 0, 0, 0, 0, 0, 0, 0, 0, 0, 0, 0, 0, 0, 0, 0, 0, 0, 0, 0, 0, 0, 0, 0, 0, 0, 0, 0, 0, 0, 0, 0, 0, 0, 0, 0, 0, 0, 0, 0, 0, 0, 0, 0, 0, 0, 0, 0, 0, 0, 0, 0, 0, 0, 0, 0, 0, 0, 0, 0, 0, 0, 0, 0, 0, 0, 0, 0, 0, 0, 0, 0, 0, 0, 0, 0, 0, 0, 0, 0, 0, 0, 0, 0, 0, 0, 0, 0, 0, 0, 0, 0, 0, 0, 0, 0, 0, 0, 0, 0, 0, 0, 0, 0, 0, 0, 0, 0, 0, 0, 0, 0, 0, 0, 0, 0, 0, 0, 0, 0, 0, 0, 0, 0, 0, 0, 0, 0, 0, 0, 0, 0, 0, 0, 0, 0, 0, 0, 0, 0, 0, 0, 0, 0, 0, 0, 0, 0, 0, 0, 0, 0, 0, 0, 0, 0, 0, 0, 0, 0, 0, 0, 0, 0, 0, 0, 0, 0, 0, 0, 0, 0, 0, 0, 0, 0, 0, 0, 0, 0, 0, 0, 0, 0, 0, 0, 0, 0, 0, 0, 0, 0, 0, 0, 0, 0, 0, 0, 0, 0, 0, 0, 0, 0, 0, 0, 0, 0, 0, 0, 0, 0, 0, 0, 0, 0, 0, 0, 0, 0, 0, 0, 0, 0, 0, 0, 0, 0, 0, 0, 0, 0, 0, 0, 0, 0, 0, 0, 0, 0, 0, 0, 0, 0, 0, 0, 0, 0, 0, 0, 0, 0, 0, 0, 0, 0, 0, 0, 0, 0, 0, 0, 0, 0, 0, 0, 0, 0, 0, 0, 0, 0, 0, 0, 0, 0, 0, 0, 0, 0, 0, 0, 0, 0, 0, 0, 0, 0, 0, 0, 0, 0, 0, 0, 0, 0, 0, 0, 0, 0, 0, 0, 0, 0, 0, 0, 0, 0, 0, 0, 0, 0, 0, 0, 0, 0, 0, 0, 0, 0, 0, 0, 0, 0, 0, 0, 0, 0, 0, 0, 0, 0, 0, 0, 0, 0, 0, 0, 0, 0, 0, 0, 0, 0, 0, 0, 0, 0, 0, 0, 0, 0, 0, 0, 0, 0, 0, 0, 0, 0, 0, 0, 0, 0, 0, 0, 0, 0, 0, 0, 0, 0, 0, 0, 0, 0, 0, 0, 0, 0, 0, 0, 0, 0, 0, 0, 0, 0, 0, 0, 0, 0, 0, 0, 0, 0, 0, 0, 0, 0, 0, 0, 0, 0, 0, 0, 0, 0, 0, 0, 0, 0, 0, 0, 0, 0, 0, 0, 0, 0, 0, 0, 0, 0, 0, 0, 0, 0, 0, 0, 0, 0, 0, 0, 0, 0, 0, 0, 0, 0, 0, 0, 0, 0, 0, 0, 0, 0, 0, 0, 0, 0, 0, 0, 0, 0, 0, 0, 0, 0, 0, 0, 0, 0, 0, 0, 0, 0, 0, 0, 0, 0, 0, 0, 0, 0, 0, 0, 0, 0, 0, 0, 0, 0, 0, 0, 0, 0, 0, 0, 0, 0, 0, 0, 0, 0, 0, 0, 0, 0, 0, 0, 0, 0, 0, 0, 0, 0, 0, 0, 0, 0, 0, 0, 0, 0, 0, 0, 0, 0, 0, 0, 0, 0, 0, 0, 0, 0, 0, 0, 0, 0, 0, 0, 0, 0, 0, 0, 0, 0, 0, 0, 0, 0, 0, 0, 0, 0, 0, 0, 0, 0, 0, 0, 0, 0, 0, 0, 0, 0, 0, 0, 0, 0, 0, 0, 0, 0, 0, 0, 0, 0, 0, 0, 0, 0, 0, 0, 0, 0, 0, 0, 0, 0, 0, 0, 0, 0, 0, 0, 0, 0, 0, 0, 0, 0, 0, 0, 0, 0, 0, 0, 0, 0, 0, 0, 0, 0, 0, 0, 0, 0, 0, 0, 0, 0, 0, 0, 0, 0, 0, 0, 0, 0, 0, 0, 0, 0, 0, 0, 0, 0, 0, 0, 0, 0, 0, 0, 0, 0, 0, 0, 0, 0, 0, 0, 0, 0, 0, 0, 0, 0, 0, 0, 0, 0, 0, 0, 0, 0, 0, 0, 0, 0, 0, 0, 0, 0, 0, 0, 0, 0, 0, 0, 0, 0, 0, 0, 0, 0, 0, 0, 0, 0, 0, 0, 0, 0, 0, 0, 0, 0, 0, 0, 0, 0, 0, 0, 0, 0, 0, 0, 0, 0, 0, 0, 0, 0, 0, 0, 0, 0, 0, 0, 0, 0, 0, 0, 0, 0, 0, 0, 0, 0, 0, 0, 0, 0, 0, 0, 0, 0, 0, 0, 0, 0, 0, 0, 0, 0, 0, 0, 0, 0, 0, 0, 0, 0, 0, 0, 0, 0, 0, 0, 0, 0, 0, 0, 0, 0, 0, 0, 0, 0, 0, 0, 0, 0, 0, 0, 0, 0, 0, 0, 0, 0, 0, 0, 0, 0, 0, 0, 0, 0, 0, 0, 0, 0, 0, 0, 0, 0, 0, 0, 0, 0, 0, 0, 0, 0, 0, 0, 0, 0, 0, 0, 0, 0, 0, 0, 0, 0, 0, 0, 0, 0, 0, 0, 0, 0, 0, 0, 0, 0, 0, 0, 0, 0, 0, 0, 0, 0, 0, 0, 0, 0, 0, 0, 0, 0, 0, 0, 0, 0, 0, 0, 0, 0, 0, 0, 0, 0, 0, 0, 0, 0, 0, 0, 0, 0, 0, 0, 0, 0, 0, 0, 0, 0, 0, 0, 0, 0, 0, 0, 0, 0, 0, 0, 0, 0, 0, 0, 0, 0, 0, 0, 0, 0, 0, 0, 0, 0, 0, 0, 0, 0, 0, 0, 0, 0, 0, 0, 0, 0, 0, 0, 0, 0, 0, 0, 0, 0, 0, 0, 0, 0, 0, 0, 0, 0, 0, 0, 0, 0, 0, 0, 0, 0, 0, 0, 0, 0, 0, 0, 0, 0, 0, 0, 0, 0, 0, 0, 0, 0, 0, 0, 0, 0, 0, 0, 0, 0, 0, 0, 0, 0, 0, 0, 0, 0, 0, 0, 0, 0, 0, 0, 0, 0, 0, 0, 0, 0, 0, 0, 0, 0, 0, 0, 0, 0, 0, 0, 0, 0, 0, 0, 0, 0, 0, 0, 0, 0, 0, 0, 0, 0, 0, 0, 0, 0, 0, 0, 0, 0, 0, 0, 0, 0, 0, 0, 0, 0, 0, 0, 0, 0, 0, 0, 0, 0, 0, 0, 0, 0, 0, 0, 0, 0, 0, 0, 0, 0, 0, 0, 0, 0, 0, 0, 0, 0, 0, 0, 0, 0, 0, 0, 0, 0, 0, 0, 0, 0, 0, 0, 0, 0, 0, 0, 0, 0, 0, 0, 0, 0, 0, 0, 0, 0, 0, 0, 0, 0, 0, 0, 0, 0, 0, 0, 0, 0, 0, 0, 0, 0, 0, 0, 0, 0, 0, 0, 0, 0, 0, 0, 0, 0, 0, 0, 0, 0, 0, 0, 0, 0, 0, 0, 0, 0, 0, 0, 0, 0, 0, 0, 0, 0, 0, 0, 0, 0, 0, 0, 0, 0, 0, 0, 0, 0, 0, 0, 0, 0, 0, 0, 0, 0, 0, 0, 0, 0, 0, 0, 0, 0, 0, 0, 0, 0, 0, 0, 0, 0, 0, 0, 0, 0, 0, 0, 0, 0, 0, 0, 0, 0, 0, 0, 0, 0, 0, 0, 0, 0, 0, 0, 0, 0, 0, 0, 0, 0, 0, 0, 0, 0, 0, 0, 0, 0, 0, 0, 0, 0, 0, 0, 0, 0, 0, 0, 0, 0, 0, 0, 0, 0, 0, 0, 0, 0, 0, 0, 0, 0, 0, 0, 0, 0, 0, 0, 0, 0, 0, 0, 0, 0, 0, 0, 0, 0, 0, 0, 0, 0, 0, 0, 0, 0, 0, 0, 0, 0, 0, 0, 0, 0, 0, 0, 0, 0, 0, 0, 0, 0, 0, 0, 0, 0, 0, 0, 0, 0, 0, 0, 0, 0, 0, 0, 0, 0, 0, 0, 0, 0, 0, 0, 0, 0, 0, 0, 0, 0, 0, 0, 0, 0, 0, 0, 0, 0, 0, 0, 0, 0, 0, 0, 0, 0, 0, 0, 0, 0, 0, 0, 0, 0, 0, 0, 0, 0, 0, 0, 0, 0, 0, 0, 0, 0, 0, 0, 0, 0, 0, 0, 0, 0, 0, 0, 0, 0, 0, 0, 0, 0, 0, 0, 0, 0, 0, 0, 0, 0, 0, 0, 0, 0, 0, 0, 0, 0, 0, 0, 0, 0, 0, 0, 0, 0, 0, 0, 0, 0, 0, 0, 0, 0, 0, 0, 0, 0, 0, 0, 0, 0, 0, 0, 0, 0, 0, 0, 0, 0, 0, 0, 0, 0, 0, 0, 0, 0, 0, 0, 0, 0, 0, 0, 0, 0, 0, 0, 0, 0, 0, 0, 0, 0, 0, 0, 0, 0, 0, 0, 0, 0, 0, 0, 0, 0, 0, 0, 0, 0, 0, 0, 0, 0, 0, 0, 0, 0, 0, 0, 0, 0, 0, 0, 0, 0, 0, 0, 0, 0, 0, 0, 0, 0, 0, 0, 0, 0, 0, 0, 0, 0, 0, 0, 0, 0, 0, 0, 0, 0, 0, 0, 0, 0, 0, 0, 0, 0, 0, 0, 0, 0, 0, 0, 0, 0, 0, 0, 0, 0, 0, 0, 0, 0, 0, 0, 0, 0, 0, 0, 0, 0, 0, 0, 0, 0, 0, 0, 0, 0, 0, 0, 0, 0, 0, 0, 0, 0, 0, 0, 0, 0]
convergência = [0, 0, 0, 0, 0, 0, 0, 0, 0, 0, 0, 0, 0, 0, 0, 0, 0, 0, 0, 0, 0, 0, 0, 0, 0, 0, 0, 0, 0, 0, 0, 0, 0, 0, 0, 0, 0, 0, 0, 0, 0, 0, 0, 0, 0, 0, 0, 0, 0, 0, 0, 0, 0, 0, 0, 0, 0, 0, 0, 0, 0, 0, 0, 0, 0, 0, 0, 0, 0, 0, 0, 0, 0, 0, 0, 0, 0, 0, 0, 0, 0, 0, 0, 0, 0, 0, 0, 0, 0, 0, 0, 0, 0, 0, 0, 0, 0, 0, 0, 0, 0, 0, 0, 0, 0, 0, 0, 0, 0, 0, 0, 0, 0, 0, 0, 0, 0, 0, 0, 0, 0, 0, 0, 0]

===== FIM =====
