===== RESULTADO BRKGA L(2,1) =====
Arquivo: /Users/mateuspedrosa/Documents/TCC-II/BRKGA/data/Harwell-Boeing_cleaned/bcsstm19_clean.mtx

----- Execução #1 -----
[INFO] Parou por estagnação.
Tempo de execução: 7534ms
Span (lambda): 0
best_order = [757, 540, 742, 99, 524, 309, 166, 417, 283, 410, 398, 262, 545, 173, 34, 697, 126, 97, 16, 214, 530, 204, 233, 722, 691, 682, 522, 179, 409, 394, 351, 571, 75, 586, 800, 343, 443, 740, 507, 307, 171, 322, 332, 198, 457, 655, 587, 43, 588, 630, 390, 603, 268, 82, 427, 708, 707, 205, 412, 159, 673, 480, 14, 787, 583, 345, 312, 702, 303, 745, 255, 703, 15, 528, 313, 555, 87, 69, 614, 67, 551, 649, 296, 402, 705, 146, 261, 53, 784, 689, 510, 453, 637, 789, 684, 61, 678, 814, 418, 535, 657, 662, 636, 738, 793, 241, 24, 79, 77, 154, 357, 47, 416, 484, 321, 92, 243, 306, 613, 561, 132, 291, 63, 780, 26, 248, 311, 629, 645, 285, 150, 482, 714, 785, 60, 387, 739, 580, 576, 375, 55, 710, 152, 423, 180, 773, 653, 169, 465, 600, 572, 743, 203, 330, 816, 95, 247, 399, 224, 192, 360, 293, 696, 64, 341, 715, 172, 516, 234, 54, 534, 191, 46, 815, 231, 227, 772, 211, 414, 704, 701, 108, 175, 295, 196, 556, 274, 305, 444, 407, 455, 469, 464, 183, 607, 374, 260, 430, 652, 631, 797, 59, 771, 315, 432, 791, 585, 758, 498, 104, 452, 798, 413, 415, 57, 508, 230, 197, 392, 336, 733, 324, 213, 30, 706, 85, 754, 101, 320, 663, 495, 460, 339, 222, 490, 736, 356, 238, 533, 266, 521, 76, 328, 606, 437, 429, 812, 94, 129, 259, 481, 280, 775, 78, 450, 113, 133, 575, 750, 127, 323, 786, 594, 467, 347, 500, 200, 189, 48, 80, 759, 90, 216, 681, 406, 371, 601, 302, 504, 549, 628, 763, 611, 272, 517, 531, 615, 667, 176, 284, 511, 445, 718, 620, 807, 396, 250, 397, 810, 40, 167, 440, 596, 49, 729, 732, 695, 141, 609, 290, 65, 340, 756, 525, 501, 700, 337, 236, 462, 731, 767, 803, 202, 598, 461, 329, 644, 486, 9, 217, 573, 796, 724, 358, 245, 115, 618, 190, 389, 367, 670, 643, 665, 400, 497, 664, 693, 679, 680, 529, 493, 158, 304, 802, 422, 557, 81, 29, 439, 483, 316, 4, 660, 124, 391, 435, 788, 235, 781, 131, 411, 352, 139, 671, 632, 716, 199, 142, 41, 6, 51, 582, 552, 762, 509, 578, 110, 466, 479, 776, 161, 207, 405, 496, 325, 32, 713, 610, 363, 658, 381, 378, 761, 365, 342, 22, 237, 58, 71, 656, 597, 605, 287, 799, 269, 249, 425, 195, 777, 734, 288, 650, 730, 121, 470, 564, 499, 749, 548, 353, 294, 608, 434, 242, 698, 232, 346, 553, 753, 170, 28, 633, 86, 694, 737, 502, 717, 11, 593, 526, 692, 186, 354, 208, 677, 566, 520, 362, 3, 489, 0, 751, 494, 256, 436, 317, 711, 246, 84, 12, 790, 33, 157, 134, 50, 107, 136, 383, 88, 105, 536, 182, 348, 651, 117, 257, 267, 96, 239, 338, 218, 543, 638, 187, 135, 379, 616, 106, 491, 792, 542, 2, 485, 73, 685, 125, 604, 36, 744, 185, 408, 672, 153, 37, 35, 282, 130, 419, 560, 181, 811, 532, 514, 558, 388, 220, 278, 472, 687, 373, 622, 424, 669, 289, 801, 25, 123, 350, 5, 541, 138, 56, 137, 675, 62, 647, 617, 128, 581, 431, 212, 433, 44, 91, 264, 45, 666, 538, 314, 592, 770, 518, 100, 206, 602, 513, 355, 735, 39, 326, 646, 226, 456, 369, 726, 83, 119, 554, 537, 327, 201, 584, 546, 333, 160, 42, 627, 112, 476, 370, 686, 145, 178, 438, 805, 523, 515, 668, 148, 1, 93, 244, 747, 621, 162, 366, 120, 308, 676, 319, 168, 188, 458, 229, 102, 683, 74, 194, 590, 512, 639, 253, 463, 503, 475, 720, 372, 215, 728, 626, 252, 809, 310, 634, 712, 301, 31, 335, 18, 778, 334, 23, 719, 428, 265, 331, 550, 10, 769, 174, 376, 223, 21, 277, 344, 144, 156, 804, 623, 547, 114, 446, 386, 783, 384, 66, 292, 674, 441, 98, 568, 219, 17, 68, 468, 699, 782, 779, 111, 155, 640, 281, 393, 165, 709, 661, 380, 760, 654, 318, 648, 297, 506, 240, 163, 690, 473, 151, 404, 19, 563, 221, 279, 813, 271, 755, 725, 519, 764, 116, 459, 118, 746, 364, 577, 559, 625, 7, 143, 487, 723, 140, 209, 492, 808, 591, 254, 361, 368, 449, 300, 589, 579, 385, 147, 570, 527, 565, 774, 567, 505, 442, 13, 721, 177, 401, 89, 263, 752, 795, 184, 641, 474, 251, 276, 471, 38, 193, 27, 765, 403, 228, 539, 275, 454, 382, 574, 109, 225, 806, 122, 359, 635, 395, 688, 377, 349, 299, 273, 258, 103, 544, 8, 768, 748, 488, 477, 569, 448, 612, 741, 298, 420, 164, 794, 624, 70, 72, 270, 20, 599, 659, 562, 286, 642, 447, 727, 52, 426, 210, 421, 766, 451, 478, 595, 149, 619]
labeling = [0, 0, 0, 0, 0, 0, 0, 0, 0, 0, 0, 0, 0, 0, 0, 0, 0, 0, 0, 0, 0, 0, 0, 0, 0, 0, 0, 0, 0, 0, 0, 0, 0, 0, 0, 0, 0, 0, 0, 0, 0, 0, 0, 0, 0, 0, 0, 0, 0, 0, 0, 0, 0, 0, 0, 0, 0, 0, 0, 0, 0, 0, 0, 0, 0, 0, 0, 0, 0, 0, 0, 0, 0, 0, 0, 0, 0, 0, 0, 0, 0, 0, 0, 0, 0, 0, 0, 0, 0, 0, 0, 0, 0, 0, 0, 0, 0, 0, 0, 0, 0, 0, 0, 0, 0, 0, 0, 0, 0, 0, 0, 0, 0, 0, 0, 0, 0, 0, 0, 0, 0, 0, 0, 0, 0, 0, 0, 0, 0, 0, 0, 0, 0, 0, 0, 0, 0, 0, 0, 0, 0, 0, 0, 0, 0, 0, 0, 0, 0, 0, 0, 0, 0, 0, 0, 0, 0, 0, 0, 0, 0, 0, 0, 0, 0, 0, 0, 0, 0, 0, 0, 0, 0, 0, 0, 0, 0, 0, 0, 0, 0, 0, 0, 0, 0, 0, 0, 0, 0, 0, 0, 0, 0, 0, 0, 0, 0, 0, 0, 0, 0, 0, 0, 0, 0, 0, 0, 0, 0, 0, 0, 0, 0, 0, 0, 0, 0, 0, 0, 0, 0, 0, 0, 0, 0, 0, 0, 0, 0, 0, 0, 0, 0, 0, 0, 0, 0, 0, 0, 0, 0, 0, 0, 0, 0, 0, 0, 0, 0, 0, 0, 0, 0, 0, 0, 0, 0, 0, 0, 0, 0, 0, 0, 0, 0, 0, 0, 0, 0, 0, 0, 0, 0, 0, 0, 0, 0, 0, 0, 0, 0, 0, 0, 0, 0, 0, 0, 0, 0, 0, 0, 0, 0, 0, 0, 0, 0, 0, 0, 0, 0, 0, 0, 0, 0, 0, 0, 0, 0, 0, 0, 0, 0, 0, 0, 0, 0, 0, 0, 0, 0, 0, 0, 0, 0, 0, 0, 0, 0, 0, 0, 0, 0, 0, 0, 0, 0, 0, 0, 0, 0, 0, 0, 0, 0, 0, 0, 0, 0, 0, 0, 0, 0, 0, 0, 0, 0, 0, 0, 0, 0, 0, 0, 0, 0, 0, 0, 0, 0, 0, 0, 0, 0, 0, 0, 0, 0, 0, 0, 0, 0, 0, 0, 0, 0, 0, 0, 0, 0, 0, 0, 0, 0, 0, 0, 0, 0, 0, 0, 0, 0, 0, 0, 0, 0, 0, 0, 0, 0, 0, 0, 0, 0, 0, 0, 0, 0, 0, 0, 0, 0, 0, 0, 0, 0, 0, 0, 0, 0, 0, 0, 0, 0, 0, 0, 0, 0, 0, 0, 0, 0, 0, 0, 0, 0, 0, 0, 0, 0, 0, 0, 0, 0, 0, 0, 0, 0, 0, 0, 0, 0, 0, 0, 0, 0, 0, 0, 0, 0, 0, 0, 0, 0, 0, 0, 0, 0, 0, 0, 0, 0, 0, 0, 0, 0, 0, 0, 0, 0, 0, 0, 0, 0, 0, 0, 0, 0, 0, 0, 0, 0, 0, 0, 0, 0, 0, 0, 0, 0, 0, 0, 0, 0, 0, 0, 0, 0, 0, 0, 0, 0, 0, 0, 0, 0, 0, 0, 0, 0, 0, 0, 0, 0, 0, 0, 0, 0, 0, 0, 0, 0, 0, 0, 0, 0, 0, 0, 0, 0, 0, 0, 0, 0, 0, 0, 0, 0, 0, 0, 0, 0, 0, 0, 0, 0, 0, 0, 0, 0, 0, 0, 0, 0, 0, 0, 0, 0, 0, 0, 0, 0, 0, 0, 0, 0, 0, 0, 0, 0, 0, 0, 0, 0, 0, 0, 0, 0, 0, 0, 0, 0, 0, 0, 0, 0, 0, 0, 0, 0, 0, 0, 0, 0, 0, 0, 0, 0, 0, 0, 0, 0, 0, 0, 0, 0, 0, 0, 0, 0, 0, 0, 0, 0, 0, 0, 0, 0, 0, 0, 0, 0, 0, 0, 0, 0, 0, 0, 0, 0, 0, 0, 0, 0, 0, 0, 0, 0, 0, 0, 0, 0, 0, 0, 0, 0, 0, 0, 0, 0, 0, 0, 0, 0, 0, 0, 0, 0, 0, 0, 0, 0, 0, 0, 0, 0, 0, 0, 0, 0, 0, 0, 0, 0, 0, 0, 0, 0, 0, 0, 0, 0, 0, 0, 0, 0, 0, 0, 0, 0, 0, 0, 0, 0, 0, 0, 0, 0, 0, 0, 0, 0, 0, 0, 0, 0, 0, 0, 0, 0, 0, 0, 0, 0, 0, 0, 0, 0, 0, 0, 0, 0, 0, 0, 0, 0, 0, 0, 0, 0, 0, 0, 0, 0, 0, 0, 0, 0, 0, 0, 0, 0, 0, 0, 0, 0, 0, 0, 0, 0, 0, 0, 0, 0, 0, 0, 0, 0, 0, 0, 0, 0, 0, 0, 0, 0, 0, 0, 0, 0, 0, 0, 0, 0, 0, 0, 0, 0, 0, 0, 0, 0, 0, 0, 0, 0, 0, 0, 0, 0, 0, 0, 0, 0, 0, 0, 0, 0]
convergência = [0, 0, 0, 0, 0, 0, 0, 0, 0, 0, 0, 0, 0, 0, 0, 0, 0, 0, 0, 0, 0, 0, 0, 0, 0, 0, 0, 0, 0, 0, 0, 0, 0, 0, 0, 0, 0, 0, 0, 0, 0, 0, 0, 0, 0, 0, 0, 0, 0, 0, 0, 0, 0, 0, 0, 0, 0, 0, 0, 0, 0, 0, 0, 0, 0, 0, 0, 0, 0, 0, 0, 0, 0, 0, 0, 0, 0, 0, 0, 0, 0, 0, 0, 0, 0, 0, 0, 0, 0, 0, 0, 0, 0, 0, 0, 0, 0, 0, 0, 0, 0, 0, 0, 0, 0, 0, 0, 0, 0, 0, 0, 0, 0, 0, 0, 0, 0, 0, 0, 0, 0, 0, 0, 0]

===== FIM =====
