===== RESULTADO BRKGA L(2,1) =====
Arquivo: /Users/mateuspedrosa/Documents/TCC-II/BRKGA/data/Harwell-Boeing_cleaned/bcsstm08_clean.mtx

----- Execução #1 -----
[INFO] Parou por estagnação.
Tempo de execução: 10677ms
Span (lambda): 0
best_order = [821, 1070, 757, 540, 742, 99, 852, 1062, 524, 1001, 1063, 309, 166, 417, 990, 283, 1051, 410, 398, 262, 545, 173, 34, 697, 126, 97, 16, 214, 1014, 1044, 530, 204, 233, 722, 691, 682, 522, 1007, 179, 409, 394, 351, 571, 927, 75, 586, 800, 931, 1004, 343, 443, 740, 507, 837, 1066, 307, 171, 322, 332, 911, 198, 457, 655, 903, 587, 43, 588, 630, 390, 603, 823, 268, 82, 427, 708, 707, 205, 412, 1031, 942, 159, 968, 673, 480, 14, 787, 583, 345, 312, 702, 303, 745, 1065, 255, 703, 15, 528, 313, 555, 87, 69, 913, 614, 67, 551, 649, 995, 296, 402, 933, 705, 146, 261, 53, 784, 689, 510, 453, 637, 842, 1011, 789, 684, 61, 678, 962, 814, 418, 831, 535, 657, 909, 662, 636, 738, 793, 241, 24, 79, 906, 77, 154, 1038, 357, 47, 1029, 416, 484, 321, 92, 243, 306, 613, 561, 132, 291, 63, 780, 858, 940, 888, 1040, 26, 248, 311, 629, 866, 645, 285, 150, 937, 1069, 482, 714, 785, 60, 829, 387, 739, 580, 576, 375, 55, 710, 952, 152, 423, 180, 773, 653, 169, 465, 841, 600, 572, 908, 971, 856, 743, 203, 954, 330, 816, 95, 247, 399, 1027, 871, 224, 1073, 192, 360, 293, 696, 64, 341, 975, 715, 172, 516, 234, 824, 54, 534, 191, 46, 902, 815, 231, 988, 826, 227, 772, 929, 211, 950, 960, 414, 704, 701, 108, 175, 295, 1008, 941, 196, 556, 998, 992, 274, 305, 444, 407, 1055, 455, 1020, 469, 464, 183, 607, 374, 260, 430, 652, 631, 797, 1017, 59, 771, 315, 432, 791, 585, 758, 498, 104, 452, 798, 413, 415, 57, 508, 230, 197, 1036, 1053, 867, 392, 336, 733, 324, 213, 30, 706, 1037, 85, 1050, 754, 101, 320, 663, 495, 460, 339, 222, 490, 736, 356, 238, 1072, 533, 266, 521, 76, 862, 328, 606, 437, 1012, 429, 812, 94, 881, 129, 977, 953, 259, 481, 838, 280, 775, 78, 450, 113, 936, 133, 575, 750, 127, 323, 978, 786, 594, 467, 347, 500, 1056, 945, 200, 189, 919, 48, 965, 874, 1041, 80, 759, 90, 216, 681, 964, 991, 873, 406, 371, 601, 938, 932, 302, 504, 549, 907, 628, 947, 763, 611, 272, 863, 517, 917, 531, 615, 885, 667, 176, 955, 284, 901, 511, 445, 718, 1035, 620, 807, 396, 250, 397, 877, 810, 859, 40, 167, 440, 596, 49, 729, 732, 695, 141, 916, 609, 290, 65, 340, 756, 525, 501, 700, 848, 337, 236, 462, 731, 767, 803, 202, 598, 461, 329, 644, 486, 9, 217, 573, 796, 724, 358, 944, 245, 115, 618, 190, 389, 367, 670, 643, 665, 400, 898, 497, 817, 664, 693, 679, 680, 529, 493, 158, 304, 802, 422, 847, 557, 1015, 81, 29, 439, 899, 483, 840, 1061, 316, 4, 660, 124, 391, 435, 788, 235, 822, 781, 131, 411, 1045, 352, 139, 671, 632, 716, 876, 199, 142, 41, 6, 51, 582, 890, 552, 762, 509, 578, 875, 110, 892, 466, 479, 776, 161, 207, 405, 496, 325, 32, 713, 610, 1013, 363, 658, 381, 378, 761, 365, 963, 342, 22, 237, 58, 71, 656, 597, 1030, 844, 1048, 934, 1002, 605, 287, 835, 956, 966, 799, 857, 1052, 922, 269, 891, 820, 249, 1016, 425, 1026, 195, 869, 985, 777, 734, 288, 650, 895, 730, 121, 470, 564, 499, 973, 993, 749, 548, 353, 1064, 294, 608, 996, 849, 434, 921, 242, 698, 232, 346, 553, 1006, 753, 170, 28, 633, 957, 86, 694, 737, 502, 1039, 819, 717, 11, 593, 526, 872, 976, 692, 186, 354, 208, 677, 566, 520, 362, 3, 489, 0, 751, 494, 256, 924, 436, 317, 1059, 983, 711, 246, 915, 84, 893, 12, 790, 33, 157, 134, 50, 107, 136, 383, 88, 105, 536, 182, 348, 882, 651, 117, 1010, 257, 267, 96, 239, 338, 218, 1018, 543, 638, 187, 135, 379, 616, 979, 106, 491, 1000, 792, 864, 542, 2, 485, 73, 830, 685, 125, 604, 36, 744, 185, 408, 672, 153, 37, 35, 282, 130, 419, 560, 1021, 894, 181, 811, 532, 514, 961, 558, 1042, 897, 388, 220, 278, 472, 687, 373, 833, 622, 424, 669, 289, 1022, 801, 25, 123, 350, 5, 541, 138, 1046, 56, 137, 675, 62, 647, 920, 617, 128, 581, 431, 212, 433, 44, 91, 264, 45, 666, 538, 314, 592, 770, 518, 999, 100, 206, 602, 513, 355, 735, 39, 326, 646, 226, 456, 369, 726, 83, 119, 554, 853, 537, 327, 201, 584, 546, 333, 160, 42, 627, 112, 476, 370, 686, 145, 178, 1060, 943, 438, 1003, 805, 523, 855, 515, 668, 148, 839, 1058, 1, 93, 244, 946, 1034, 747, 621, 162, 982, 366, 120, 926, 308, 676, 319, 1043, 880, 948, 832, 967, 168, 188, 458, 229, 879, 846, 970, 102, 887, 994, 683, 851, 74, 194, 590, 512, 818, 639, 253, 463, 503, 475, 720, 1019, 372, 918, 215, 728, 626, 252, 809, 310, 886, 989, 634, 928, 712, 301, 31, 335, 18, 778, 1024, 334, 883, 23, 719, 428, 265, 331, 550, 1057, 10, 769, 174, 884, 376, 223, 21, 277, 344, 828, 981, 144, 156, 804, 900, 834, 623, 547, 114, 939, 446, 949, 386, 843, 783, 935, 384, 66, 292, 674, 1054, 925, 441, 98, 568, 219, 17, 987, 68, 468, 699, 782, 779, 111, 155, 640, 1025, 281, 393, 1047, 958, 165, 709, 661, 380, 827, 760, 1068, 654, 318, 648, 297, 506, 914, 240, 889, 163, 896, 690, 473, 151, 404, 19, 563, 221, 868, 986, 279, 813, 904, 271, 755, 725, 969, 519, 1005, 764, 116, 459, 118, 746, 364, 845, 577, 559, 850, 959, 625, 7, 143, 487, 723, 140, 209, 492, 808, 591, 870, 910, 923, 930, 254, 361, 368, 449, 300, 589, 579, 385, 836, 878, 905, 147, 854, 570, 980, 527, 984, 565, 774, 861, 567, 505, 442, 13, 721, 177, 401, 89, 263, 752, 825, 795, 184, 641, 860, 997, 972, 474, 251, 276, 1071, 471, 38, 1032, 193, 27, 765, 403, 228, 1023, 539, 275, 454, 382, 574, 109, 225, 1009, 806, 122, 359, 635, 395, 688, 377, 349, 299, 273, 258, 103, 544, 865, 8, 1033, 1067, 768, 748, 488, 477, 569, 448, 1049, 612, 741, 298, 951, 420, 164, 794, 624, 70, 72, 270, 20, 599, 659, 912, 562, 286, 642, 447, 727, 52, 426, 210, 421, 766, 451, 478, 1028, 595, 149, 619, 974]
labeling = [0, 0, 0, 0, 0, 0, 0, 0, 0, 0, 0, 0, 0, 0, 0, 0, 0, 0, 0, 0, 0, 0, 0, 0, 0, 0, 0, 0, 0, 0, 0, 0, 0, 0, 0, 0, 0, 0, 0, 0, 0, 0, 0, 0, 0, 0, 0, 0, 0, 0, 0, 0, 0, 0, 0, 0, 0, 0, 0, 0, 0, 0, 0, 0, 0, 0, 0, 0, 0, 0, 0, 0, 0, 0, 0, 0, 0, 0, 0, 0, 0, 0, 0, 0, 0, 0, 0, 0, 0, 0, 0, 0, 0, 0, 0, 0, 0, 0, 0, 0, 0, 0, 0, 0, 0, 0, 0, 0, 0, 0, 0, 0, 0, 0, 0, 0, 0, 0, 0, 0, 0, 0, 0, 0, 0, 0, 0, 0, 0, 0, 0, 0, 0, 0, 0, 0, 0, 0, 0, 0, 0, 0, 0, 0, 0, 0, 0, 0, 0, 0, 0, 0, 0, 0, 0, 0, 0, 0, 0, 0, 0, 0, 0, 0, 0, 0, 0, 0, 0, 0, 0, 0, 0, 0, 0, 0, 0, 0, 0, 0, 0, 0, 0, 0, 0, 0, 0, 0, 0, 0, 0, 0, 0, 0, 0, 0, 0, 0, 0, 0, 0, 0, 0, 0, 0, 0, 0, 0, 0, 0, 0, 0, 0, 0, 0, 0, 0, 0, 0, 0, 0, 0, 0, 0, 0, 0, 0, 0, 0, 0, 0, 0, 0, 0, 0, 0, 0, 0, 0, 0, 0, 0, 0, 0, 0, 0, 0, 0, 0, 0, 0, 0, 0, 0, 0, 0, 0, 0, 0, 0, 0, 0, 0, 0, 0, 0, 0, 0, 0, 0, 0, 0, 0, 0, 0, 0, 0, 0, 0, 0, 0, 0, 0, 0, 0, 0, 0, 0, 0, 0, 0, 0, 0, 0, 0, 0, 0, 0, 0, 0, 0, 0, 0, 0, 0, 0, 0, 0, 0, 0, 0, 0, 0, 0, 0, 0, 0, 0, 0, 0, 0, 0, 0, 0, 0, 0, 0, 0, 0, 0, 0, 0, 0, 0, 0, 0, 0, 0, 0, 0, 0, 0, 0, 0, 0, 0, 0, 0, 0, 0, 0, 0, 0, 0, 0, 0, 0, 0, 0, 0, 0, 0, 0, 0, 0, 0, 0, 0, 0, 0, 0, 0, 0, 0, 0, 0, 0, 0, 0, 0, 0, 0, 0, 0, 0, 0, 0, 0, 0, 0, 0, 0, 0, 0, 0, 0, 0, 0, 0, 0, 0, 0, 0, 0, 0, 0, 0, 0, 0, 0, 0, 0, 0, 0, 0, 0, 0, 0, 0, 0, 0, 0, 0, 0, 0, 0, 0, 0, 0, 0, 0, 0, 0, 0, 0, 0, 0, 0, 0, 0, 0, 0, 0, 0, 0, 0, 0, 0, 0, 0, 0, 0, 0, 0, 0, 0, 0, 0, 0, 0, 0, 0, 0, 0, 0, 0, 0, 0, 0, 0, 0, 0, 0, 0, 0, 0, 0, 0, 0, 0, 0, 0, 0, 0, 0, 0, 0, 0, 0, 0, 0, 0, 0, 0, 0, 0, 0, 0, 0, 0, 0, 0, 0, 0, 0, 0, 0, 0, 0, 0, 0, 0, 0, 0, 0, 0, 0, 0, 0, 0, 0, 0, 0, 0, 0, 0, 0, 0, 0, 0, 0, 0, 0, 0, 0, 0, 0, 0, 0, 0, 0, 0, 0, 0, 0, 0, 0, 0, 0, 0, 0, 0, 0, 0, 0, 0, 0, 0, 0, 0, 0, 0, 0, 0, 0, 0, 0, 0, 0, 0, 0, 0, 0, 0, 0, 0, 0, 0, 0, 0, 0, 0, 0, 0, 0, 0, 0, 0, 0, 0, 0, 0, 0, 0, 0, 0, 0, 0, 0, 0, 0, 0, 0, 0, 0, 0, 0, 0, 0, 0, 0, 0, 0, 0, 0, 0, 0, 0, 0, 0, 0, 0, 0, 0, 0, 0, 0, 0, 0, 0, 0, 0, 0, 0, 0, 0, 0, 0, 0, 0, 0, 0, 0, 0, 0, 0, 0, 0, 0, 0, 0, 0, 0, 0, 0, 0, 0, 0, 0, 0, 0, 0, 0, 0, 0, 0, 0, 0, 0, 0, 0, 0, 0, 0, 0, 0, 0, 0, 0, 0, 0, 0, 0, 0, 0, 0, 0, 0, 0, 0, 0, 0, 0, 0, 0, 0, 0, 0, 0, 0, 0, 0, 0, 0, 0, 0, 0, 0, 0, 0, 0, 0, 0, 0, 0, 0, 0, 0, 0, 0, 0, 0, 0, 0, 0, 0, 0, 0, 0, 0, 0, 0, 0, 0, 0, 0, 0, 0, 0, 0, 0, 0, 0, 0, 0, 0, 0, 0, 0, 0, 0, 0, 0, 0, 0, 0, 0, 0, 0, 0, 0, 0, 0, 0, 0, 0, 0, 0, 0, 0, 0, 0, 0, 0, 0, 0, 0, 0, 0, 0, 0, 0, 0, 0, 0, 0, 0, 0, 0, 0, 0, 0, 0, 0, 0, 0, 0, 0, 0, 0, 0, 0, 0, 0, 0, 0, 0, 0, 0, 0, 0, 0, 0, 0, 0, 0, 0, 0, 0, 0, 0, 0, 0, 0, 0, 0, 0, 0, 0, 0, 0, 0, 0, 0, 0, 0, 0, 0, 0, 0, 0, 0, 0, 0, 0, 0, 0, 0, 0, 0, 0, 0, 0, 0, 0, 0, 0, 0, 0, 0, 0, 0, 0, 0, 0, 0, 0, 0, 0, 0, 0, 0, 0, 0, 0, 0, 0, 0, 0, 0, 0, 0, 0, 0, 0, 0, 0, 0, 0, 0, 0, 0, 0, 0, 0, 0, 0, 0, 0, 0, 0, 0, 0, 0, 0, 0, 0, 0, 0, 0, 0, 0, 0, 0, 0, 0, 0, 0, 0, 0, 0, 0, 0, 0, 0, 0, 0, 0, 0, 0, 0, 0, 0, 0, 0, 0, 0, 0, 0, 0, 0, 0, 0, 0, 0, 0, 0, 0, 0, 0, 0, 0, 0, 0, 0, 0, 0, 0, 0, 0, 0, 0, 0, 0, 0, 0, 0, 0, 0, 0, 0, 0, 0, 0, 0, 0, 0, 0, 0, 0, 0, 0, 0, 0, 0, 0, 0, 0, 0, 0, 0, 0, 0, 0, 0, 0, 0, 0, 0, 0, 0, 0, 0, 0, 0, 0, 0, 0, 0, 0, 0, 0, 0, 0, 0, 0, 0, 0, 0, 0, 0, 0, 0, 0, 0, 0, 0, 0, 0, 0, 0, 0, 0, 0, 0, 0, 0, 0, 0, 0, 0, 0, 0, 0, 0, 0, 0, 0, 0, 0, 0, 0, 0, 0, 0, 0, 0, 0, 0, 0, 0, 0, 0, 0, 0, 0, 0, 0, 0, 0, 0, 0, 0, 0]
convergência = [0, 0, 0, 0, 0, 0, 0, 0, 0, 0, 0, 0, 0, 0, 0, 0, 0, 0, 0, 0, 0, 0, 0, 0, 0, 0, 0, 0, 0, 0, 0, 0, 0, 0, 0, 0, 0, 0, 0, 0, 0, 0, 0, 0, 0, 0, 0, 0, 0, 0, 0, 0, 0, 0, 0, 0, 0, 0, 0, 0, 0, 0, 0, 0, 0, 0, 0, 0, 0, 0, 0, 0, 0, 0, 0, 0, 0, 0, 0, 0, 0, 0, 0, 0, 0, 0, 0, 0, 0, 0, 0, 0, 0, 0, 0, 0, 0, 0, 0, 0, 0, 0, 0, 0, 0, 0, 0, 0, 0, 0, 0, 0, 0, 0, 0, 0, 0, 0, 0, 0, 0, 0, 0, 0]

===== FIM =====
