===== RESULTADO BRKGA L(2,1) =====
Arquivo: /Users/mateuspedrosa/Documents/TCC-II/BRKGA/data/Harwell-Boeing_cleaned/bcsstm12_clean.mtx

----- Execução #1 -----
[INFO] Parou por estagnação.
Tempo de execução: 446369ms
Span (lambda): 36
best_order = [1393, 1471, 635, 1196, 523, 1114, 1262, 1085, 573, 46, 229, 133, 874, 1146, 806, 591, 656, 1339, 658, 30, 831, 781, 1156, 308, 1100, 1076, 927, 972, 173, 556, 774, 425, 178, 627, 899, 1346, 788, 65, 1298, 1053, 822, 815, 421, 995, 655, 449, 824, 467, 1378, 445, 1299, 1136, 243, 40, 908, 711, 1434, 914, 1285, 247, 1178, 807, 716, 1411, 37, 714, 950, 12, 142, 461, 533, 1396, 837, 14, 531, 119, 919, 251, 1291, 867, 324, 1168, 1061, 516, 1364, 984, 894, 520, 477, 1224, 1383, 77, 39, 20, 589, 35, 348, 135, 282, 1058, 343, 700, 1316, 1441, 473, 1207, 751, 1074, 263, 1088, 1067, 1451, 722, 725, 94, 1459, 1199, 679, 861, 1101, 548, 1319, 2, 1282, 530, 566, 1380, 327, 1388, 772, 146, 1281, 1132, 1416, 1205, 871, 877, 1404, 489, 602, 138, 1166, 732, 1027, 840, 1036, 218, 535, 657, 1167, 858, 1217, 1134, 719, 636, 1093, 792, 542, 821, 407, 1105, 141, 24, 212, 857, 793, 392, 401, 412, 414, 819, 1218, 53, 197, 1472, 906, 86, 118, 730, 977, 278, 1296, 360, 1133, 859, 895, 1422, 370, 830, 1123, 760, 1295, 1329, 151, 852, 992, 435, 1204, 157, 302, 205, 1310, 1229, 544, 492, 790, 526, 798, 329, 600, 618, 450, 1135, 362, 845, 943, 673, 986, 862, 1195, 1176, 1077, 1359, 998, 258, 375, 979, 733, 691, 411, 1121, 1344, 275, 391, 446, 944, 615, 1448, 488, 669, 1308, 545, 1227, 95, 569, 354, 794, 1087, 1040, 1221, 1426, 1110, 433, 1140, 761, 1297, 1231, 575, 239, 491, 1095, 19, 654, 651, 41, 341, 1442, 1270, 576, 947, 699, 227, 825, 1030, 883, 541, 1219, 638, 1302, 74, 390, 1052, 949, 323, 221, 1450, 980, 690, 494, 850, 812, 1097, 746, 1286, 528, 111, 1086, 1233, 201, 938, 1125, 364, 436, 574, 756, 1250, 1215, 1103, 1203, 214, 54, 1235, 1073, 954, 621, 770, 1444, 510, 1031, 511, 715, 518, 1259, 613, 1153, 485, 668, 1371, 1414, 482, 1037, 1065, 158, 956, 365, 316, 1042, 827, 1293, 782, 676, 117, 152, 916, 353, 25, 1287, 844, 283, 787, 1400, 620, 873, 688, 1003, 96, 115, 1212, 298, 685, 1356, 917, 557, 476, 802, 342, 304, 1326, 677, 891, 767, 331, 582, 126, 366, 553, 744, 1064, 702, 1145, 404, 1301, 9, 1023, 1228, 345, 1331, 1397, 42, 1162, 51, 234, 1200, 1226, 303, 1381, 884, 680, 397, 63, 413, 1449, 498, 1092, 820, 405, 713, 350, 45, 890, 1269, 160, 72, 192, 22, 1351, 607, 393, 707, 777, 723, 546, 267, 48, 863, 880, 145, 1047, 1280, 241, 753, 318, 319, 628, 1225, 443, 1102, 1163, 703, 841, 100, 539, 312, 198, 1463, 127, 973, 811, 457, 419, 249, 18, 1174, 256, 1328, 870, 479, 1363, 1191, 124, 29, 332, 1032, 570, 508, 1120, 10, 408, 81, 451, 260, 384, 550, 1011, 1118, 1159, 245, 396, 1443, 82, 929, 958, 1466, 1391, 934, 675, 909, 187, 529, 284, 617, 1314, 132, 903, 448, 1122, 586, 1026, 1248, 823, 1384, 1075, 826, 352, 804, 583, 484, 1090, 376, 1255, 182, 687, 721, 277, 220, 1189, 261, 1361, 931, 28, 983, 953, 996, 1428, 248, 1192, 786, 951, 64, 1392, 1141, 810, 768, 1024, 26, 552, 203, 868, 1155, 514, 290, 832, 515, 154, 1000, 1078, 595, 876, 455, 1352, 1016, 653, 23, 1433, 1401, 188, 268, 1091, 150, 1019, 386, 1274, 872, 1283, 1453, 624, 684, 226, 740, 71, 1158, 373, 1018, 647, 839, 1012, 1323, 540, 1171, 1268, 780, 320, 140, 1406, 605, 578, 962, 427, 683, 1343, 380, 211, 273, 1437, 1461, 139, 1013, 58, 60, 452, 1186, 179, 116, 900, 1238, 387, 8, 1303, 269, 662, 1254, 287, 430, 217, 1069, 1165, 162, 442, 164, 44, 202, 225, 194, 1330, 708, 1243, 447, 207, 1063, 231, 264, 1244, 252, 1275, 1089, 801, 843, 748, 359, 472, 1305, 930, 674, 458, 1277, 1366, 1424, 453, 585, 50, 1184, 1377, 735, 697, 49, 695, 1208, 1304, 743, 967, 200, 27, 429, 257, 1272, 640, 1462, 549, 1284, 166, 1187, 1379, 1320, 444, 1170, 69, 1345, 1252, 438, 1263, 383, 1468, 1313, 483, 957, 219, 1239, 663, 1394, 418, 643, 398, 568, 1375, 1431, 887, 288, 253, 1267, 1183, 1009, 834, 186, 1365, 1025, 340, 7, 559, 1278, 351, 933, 521, 849, 1115, 671, 686, 196, 720, 558, 1266, 417, 372, 300, 509, 665, 395, 99, 1386, 866, 1039, 281, 829, 402, 590, 757, 66, 1452, 57, 997, 506, 560, 1335, 113, 991, 388, 517, 739, 478, 941, 1057, 334, 912, 471, 1059, 731, 1382, 216, 593, 233, 305, 555, 466, 1206, 462, 235, 741, 262, 1154, 1001, 869, 999, 921, 1460, 836, 1415, 809, 1290, 936, 666, 1413, 948, 1129, 1213, 1389, 1046, 1249, 322, 1066, 649, 975, 1131, 664, 103, 176, 92, 271, 326, 1008, 1322, 1245, 796, 616, 1349, 1222, 939, 625, 311, 130, 1126, 893, 562, 379, 185, 357, 898, 814, 222, 91, 128, 504, 163, 808, 970, 512, 681, 1341, 1109, 678, 1112, 710, 180, 410, 1209, 129, 175, 1438, 1160, 886, 36, 599, 1405, 758, 864, 789, 1106, 502, 773, 1202, 80, 660, 177, 672, 1419, 1321, 601, 1060, 527, 507, 878, 246, 982, 399, 1068, 704, 367, 513, 1041, 1429, 989, 254, 434, 609, 626, 171, 161, 915, 1261, 368, 1104, 851, 1289, 755, 1080, 265, 879, 543, 645, 1139, 1376, 55, 469, 15, 155, 775, 347, 783, 497, 106, 935, 579, 168, 734, 1425, 1258, 385, 1279, 667, 1038, 749, 121, 493, 932, 1185, 846, 1369, 292, 981, 692, 563, 629, 1234, 465, 596, 1458, 486, 1230, 959, 371, 167, 1072, 1035, 1014, 1002, 763, 356, 1082, 382, 228, 1368, 108, 1, 1151, 416, 355, 301, 705, 911, 1242, 1398, 1188, 109, 349, 255, 104, 1257, 828, 394, 193, 335, 190, 974, 165, 968, 718, 137, 1447, 565, 752, 693, 1372, 1408, 76, 31, 1334, 144, 652, 1338, 310, 75, 330, 56, 276, 724, 169, 1119, 1395, 813, 333, 336, 838, 325, 1241, 1265, 856, 659, 47, 1410, 937, 1113, 306, 431, 728, 87, 604, 420, 717, 232, 754, 1128, 33, 969, 238, 4, 159, 614, 776, 646, 1214, 1210, 307, 799, 1276, 1306, 1194, 293, 183, 291, 174, 191, 964, 1264, 437, 270, 83, 1387, 1423, 475, 16, 1271, 1246, 594, 237, 1355, 1028, 1116, 184, 598, 1177, 79, 709, 93, 551, 922, 1084, 21, 297, 747, 888, 122, 571, 496, 1048, 1373, 1315, 244, 1253, 766, 1079, 415, 644, 230, 990, 976, 985, 762, 847, 1385, 224, 1421, 924, 1402, 143, 487, 940, 945, 1318, 1190, 738, 532, 309, 1390, 946, 1399, 1465, 236, 1292, 842, 1469, 1172, 800, 78, 610, 1211, 195, 480, 791, 1350, 648, 1043, 148, 90, 1294, 1098, 1236, 1251, 966, 630, 778, 210, 11, 107, 1336, 428, 1022, 294, 0, 136, 611, 1420, 1260, 112, 328, 1137, 538, 1332, 6, 1240, 439, 272, 612, 369, 377, 960, 736, 534, 1111, 1056, 855, 1342, 389, 1161, 670, 215, 280, 1010, 918, 289, 403, 1300, 84, 634, 432, 848, 905, 1029, 406, 797, 882, 835, 337, 682, 785, 381, 860, 1108, 561, 701, 1418, 1467, 17, 853, 1256, 170, 102, 172, 296, 818, 1370, 456, 313, 619, 1054, 1149, 764, 98, 1124, 62, 1436, 1417, 464, 1117, 285, 1340, 114, 463, 213, 577, 13, 67, 661, 1354, 536, 564, 726, 424, 474, 314, 374, 706, 1427, 904, 902, 1403, 1062, 1175, 1004, 580, 378, 1327, 120, 901, 1094, 1081, 123, 588, 547, 971, 913, 1325, 1015, 1273, 1317, 1432, 1223, 1347, 89, 603, 1070, 592, 1216, 742, 1445, 892, 727, 1164, 1182, 339, 554, 987, 400, 97, 361, 1107, 1049, 1201, 125, 1148, 896, 1367, 1034, 606, 88, 1006, 1005, 1232, 1309, 68, 854, 242, 43, 505, 745, 1007, 993, 978, 110, 567, 817, 581, 1374, 156, 500, 1197, 209, 454, 1051, 315, 503, 1138, 181, 208, 1470, 865, 816, 694, 881, 105, 942, 468, 928, 1180, 955, 1157, 1412, 784, 1348, 875, 5, 1337, 441, 189, 422, 274, 1435, 1358, 1144, 1150, 499, 317, 34, 481, 1439, 1247, 689, 1362, 1020, 344, 1446, 346, 1288, 1169, 204, 52, 1360, 779, 61, 299, 1045, 1333, 1198, 1017, 250, 1407, 1312, 587, 206, 524, 633, 833, 440, 1324, 771, 522, 597, 1409, 1096, 712, 897, 622, 295, 631, 729, 642, 1311, 639, 495, 632, 1456, 963, 101, 1193, 1021, 409, 460, 525, 803, 910, 1050, 266, 1454, 1142, 1430, 795, 759, 920, 1179, 750, 1044, 240, 1071, 926, 85, 363, 988, 1220, 952, 199, 1147, 650, 698, 641, 1357, 765, 965, 3, 1083, 608, 223, 423, 1173, 1130, 1237, 501, 459, 153, 1455, 994, 38, 1440, 32, 623, 470, 70, 73, 59, 134, 885, 923, 1464, 737, 321, 1307, 696, 1457, 805, 426, 1152, 961, 1055, 1181, 1033, 1143, 769, 490, 1099, 149, 925, 279, 519, 1127, 259, 537, 889, 637, 584, 131, 286, 907, 338, 572, 358, 1353, 147]
labeling = [10, 8, 0, 30, 20, 8, 13, 6, 0, 5, 11, 5, 0, 2, 3, 19, 22, 6, 8, 3, 0, 14, 6, 8, 2, 4, 6, 16, 13, 4, 0, 18, 11, 7, 14, 0, 12, 3, 8, 5, 1, 1, 9, 31, 6, 11, 0, 0, 12, 19, 8, 4, 24, 2, 1, 17, 12, 9, 2, 3, 15, 27, 17, 9, 13, 1, 17, 25, 12, 11, 29, 10, 0, 18, 3, 25, 23, 1, 28, 21, 9, 9, 11, 16, 27, 35, 2, 19, 32, 4, 29, 22, 10, 27, 7, 3, 2, 6, 2, 21, 16, 11, 22, 12, 6, 33, 19, 14, 7, 14, 1, 3, 29, 9, 31, 7, 7, 4, 1, 4, 32, 21, 14, 34, 9, 17, 5, 7, 13, 19, 17, 20, 15, 1, 18, 6, 25, 13, 8, 16, 7, 10, 4, 12, 25, 14, 0, 33, 24, 5, 18, 3, 5, 30, 8, 4, 25, 0, 0, 21, 5, 4, 10, 23, 5, 26, 16, 11, 24, 28, 16, 15, 30, 0, 27, 13, 11, 24, 2, 7, 22, 32, 0, 4, 30, 11, 18, 13, 5, 34, 21, 15, 12, 23, 9, 31, 20, 2, 9, 28, 3, 5, 11, 8, 20, 2, 7, 13, 27, 10, 18, 9, 2, 32, 6, 8, 20, 12, 1, 18, 0, 6, 8, 35, 8, 10, 6, 5, 16, 0, 15, 14, 26, 9, 10, 20, 14, 28, 24, 1, 36, 3, 17, 0, 29, 4, 17, 2, 6, 1, 16, 0, 13, 15, 10, 16, 7, 1, 4, 22, 3, 1, 11, 0, 15, 17, 13, 3, 9, 4, 25, 22, 12, 14, 32, 3, 19, 12, 1, 31, 23, 12, 3, 8, 2, 33, 35, 6, 15, 31, 3, 26, 8, 8, 14, 32, 11, 19, 4, 14, 7, 10, 2, 8, 6, 0, 24, 26, 0, 28, 19, 9, 11, 30, 16, 27, 5, 18, 7, 9, 10, 29, 17, 4, 1, 13, 8, 5, 27, 0, 19, 11, 10, 21, 6, 16, 23, 30, 2, 31, 16, 2, 2, 0, 19, 8, 33, 11, 1, 24, 8, 20, 15, 6, 4, 25, 17, 21, 32, 11, 7, 30, 5, 34, 9, 7, 13, 17, 13, 10, 0, 6, 12, 8, 5, 1, 5, 15, 15, 13, 0, 27, 20, 7, 12, 23, 5, 14, 21, 14, 6, 3, 1, 10, 22, 15, 12, 8, 13, 23, 28, 2, 16, 18, 9, 4, 26, 3, 15, 24, 15, 7, 2, 4, 5, 22, 8, 11, 9, 0, 14, 1, 5, 24, 14, 0, 32, 10, 13, 11, 9, 5, 29, 7, 10, 4, 9, 12, 18, 28, 16, 30, 16, 10, 19, 0, 3, 17, 14, 0, 2, 5, 4, 10, 20, 6, 12, 6, 12, 35, 33, 1, 20, 28, 11, 25, 18, 0, 19, 13, 3, 12, 8, 2, 18, 0, 3, 3, 21, 6, 4, 23, 3, 19, 16, 4, 13, 25, 2, 1, 32, 6, 5, 24, 8, 35, 27, 12, 9, 33, 18, 30, 24, 20, 22, 27, 10, 25, 8, 8, 0, 3, 14, 23, 10, 9, 4, 16, 7, 35, 3, 1, 33, 0, 12, 26, 6, 8, 8, 12, 1, 1, 13, 1, 27, 5, 11, 34, 23, 9, 10, 8, 0, 21, 3, 4, 11, 31, 1, 18, 13, 14, 15, 3, 16, 19, 1, 2, 16, 14, 5, 32, 21, 16, 34, 27, 3, 31, 14, 5, 9, 21, 4, 2, 7, 1, 2, 24, 5, 22, 29, 13, 10, 15, 4, 17, 14, 16, 30, 2, 5, 0, 12, 7, 26, 14, 13, 34, 28, 10, 7, 20, 3, 29, 23, 7, 35, 12, 21, 26, 28, 18, 30, 7, 12, 1, 19, 10, 5, 29, 8, 6, 18, 2, 12, 17, 11, 0, 7, 0, 19, 31, 7, 25, 3, 0, 4, 33, 2, 28, 7, 10, 32, 18, 15, 22, 24, 2, 30, 1, 19, 5, 17, 5, 9, 2, 0, 6, 0, 13, 20, 33, 4, 15, 17, 6, 11, 22, 0, 3, 25, 4, 13, 0, 0, 10, 8, 2, 13, 1, 4, 20, 23, 6, 15, 9, 8, 13, 6, 17, 8, 3, 11, 16, 27, 9, 36, 14, 20, 11, 4, 15, 8, 13, 11, 24, 31, 2, 9, 27, 9, 0, 11, 5, 2, 8, 2, 19, 16, 0, 17, 13, 4, 4, 22, 6, 32, 34, 10, 36, 6, 5, 4, 8, 13, 19, 29, 19, 27, 22, 7, 20, 32, 9, 10, 34, 5, 30, 16, 14, 32, 5, 4, 15, 25, 8, 11, 14, 3, 30, 7, 3, 25, 18, 13, 33, 23, 7, 12, 22, 3, 31, 6, 9, 1, 19, 12, 12, 28, 16, 14, 2, 2, 23, 33, 17, 16, 11, 0, 24, 9, 16, 5, 7, 3, 36, 23, 17, 1, 28, 10, 22, 13, 16, 19, 36, 0, 1, 18, 1, 21, 17, 5, 21, 15, 0, 29, 27, 11, 7, 9, 1, 3, 14, 1, 9, 16, 3, 26, 21, 0, 0, 10, 14, 18, 31, 12, 1, 26, 8, 3, 14, 14, 17, 12, 1, 25, 31, 12, 18, 11, 7, 9, 33, 13, 31, 24, 2, 6, 8, 4, 3, 10, 7, 13, 24, 5, 5, 17, 8, 4, 1, 4, 11, 0, 14, 18, 7, 5, 24, 13, 11, 29, 5, 4, 34, 20, 10, 22, 28, 5, 10, 19, 11, 0, 8, 9, 25, 10, 0, 5, 29, 14, 11, 27, 12, 0, 19, 0, 10, 33, 13, 18, 25, 1, 21, 7, 6, 30, 1, 17, 16, 26, 23, 5, 35, 18, 0, 14, 5, 8, 6, 9, 12, 4, 13, 7, 9, 1, 16, 22, 10, 8, 3, 7, 21, 24, 9, 17, 2, 3, 12, 35, 7, 5, 29, 4, 15, 9, 12, 28, 34, 8, 32, 18, 21, 12, 3, 12, 22, 20, 16, 2, 11, 10, 13, 19, 0, 21, 5, 1, 21, 18, 2, 0, 28, 6, 27, 29, 3, 26, 14, 4, 1, 34, 2, 6, 13, 5, 15, 4, 11, 23, 8, 17, 31, 26, 9, 20, 17, 16, 2, 11, 10, 23, 25, 3, 27, 8, 7, 29, 31, 14, 9, 17, 8, 6, 4, 2, 25, 7, 4, 11, 32, 11, 23, 2, 8, 20, 17, 0, 19, 10, 0, 31, 29, 12, 9, 18, 16, 33, 30, 8, 1, 28, 6, 14, 10, 2, 6, 22, 0, 30, 13, 5, 5, 19, 1, 10, 1, 17, 33, 24, 2, 0, 15, 0, 1, 14, 4, 23, 27, 6, 30, 25, 1, 8, 6, 5, 15, 7, 2, 12, 4, 14, 7, 21, 3, 16, 35, 1, 3, 11, 4, 19, 5, 15, 32, 25, 12, 3, 27, 14, 24, 0, 11, 26, 28, 9, 22, 7, 6, 13, 3, 10, 11, 21, 12, 22, 18, 1, 19, 2, 3, 0, 3, 3, 22, 27, 9, 1, 13, 4, 34, 24, 7, 0, 32, 17, 14, 23, 13, 27, 8, 9, 15, 0, 19, 17, 7, 1, 21, 12, 8, 31, 15, 3, 4, 2, 19, 20, 18, 13, 29, 16, 15, 5, 25, 1, 6, 4, 3, 28, 17, 8, 16, 14, 6, 18, 9, 11, 5, 11, 0, 20, 2, 0, 28, 30, 2, 10, 25, 11, 6, 4, 0, 22, 2, 6, 26, 28, 16, 10, 23, 10, 8, 29, 5, 6, 11, 21, 9, 23, 17, 0, 14, 7, 8, 12, 4, 20, 1, 0, 10, 15, 6, 4, 26, 4, 13, 15, 14, 21, 1, 8, 19, 29, 15, 13, 24, 3, 30, 20, 13, 16, 14, 18, 25, 19, 7, 13, 1, 0, 17, 26, 12, 21, 19, 9, 6, 0, 12, 11, 17, 6, 8, 23, 10, 16, 27, 5, 5, 3, 7, 18, 1, 1, 9, 32, 9, 21, 3, 14, 5, 28, 4, 7, 10, 2, 4, 15, 5, 3, 7, 1, 12, 14, 15, 1, 9, 1, 31, 29, 9, 3, 25, 3, 33, 30, 1, 12, 14, 12, 7, 35, 17, 11, 26, 4, 6, 15, 6, 23, 35, 11, 18, 31, 17, 22, 2, 15, 20, 29, 10, 6, 12, 0, 10, 17, 2, 16, 1, 2, 26, 20, 8, 5, 24, 11, 4, 21, 4, 27, 10, 0, 15, 7, 13, 20, 18, 18, 10, 24, 15, 31, 21, 8, 17, 0, 10, 2, 13, 2, 4, 8, 13, 12, 25, 0, 14, 27, 7, 8, 0, 12, 23, 3, 6, 2, 28, 0, 9, 27, 11, 6, 20, 4, 35, 27, 18, 29, 2, 15, 16, 12, 9, 4, 11, 2, 5, 26, 11, 2, 19, 3, 22, 8, 10, 10, 12, 0, 20, 25, 2, 2, 4, 7, 15, 22, 9, 11, 3, 1, 9, 7, 7, 24, 16, 2, 4, 2, 0, 15, 13, 13, 24, 22, 2, 10, 4, 6, 7, 14, 1, 23, 19, 3, 18, 1, 0, 21, 0, 0]
convergência = [37, 37, 37, 37, 37, 37, 37, 37, 37, 37, 36, 36, 36, 36, 36, 36, 36, 36, 36, 36, 36, 36, 36, 36, 36, 36, 36, 36, 36, 36, 36, 36, 36, 36, 36, 36, 36, 36, 36, 36, 36, 36, 36, 36, 36, 36, 36, 36, 36, 36, 36, 36, 36, 36, 36, 36, 36, 36, 36, 36, 36, 36, 36, 36, 36, 36, 36, 36, 36, 36, 36, 36, 36, 36, 36, 36, 36, 36, 36, 36, 36, 36, 36, 36, 36, 36, 36, 36, 36, 36, 36, 36, 36, 36, 36, 36, 36, 36, 36, 36, 36, 36, 36, 36, 36, 36, 36, 36, 36, 36, 36, 36, 36, 36, 36, 36, 36, 36, 36, 36, 36, 36, 36, 36, 36, 36, 36, 36, 36, 36, 36, 36, 36, 36]

===== FIM =====
