===== RESULTADO BRKGA L(2,1) =====
Arquivo: /Users/mateuspedrosa/Documents/TCC-II/BRKGA/data/Harwell-Boeing_cleaned/bcsstk24_clean.mtx

----- Execução #1 -----
[INFO] Time limit atingido: 15 minutos. Interrompido no meio de uma geração.
Tempo de execução: 900028ms
Span (lambda): 106
best_order = [2171, 2448, 1688, 968, 2862, 3102, 1839, 1194, 1060, 2410, 50, 1261, 257, 1083, 2258, 502, 423, 3131, 2081, 2449, 1377, 1807, 2786, 2716, 2411, 1345, 1605, 526, 1669, 227, 3186, 781, 1489, 1127, 3553, 1699, 722, 2639, 175, 3458, 1346, 2394, 1027, 1800, 357, 697, 2559, 1641, 3171, 2653, 2271, 2663, 113, 3545, 473, 2644, 2308, 965, 1629, 3352, 3284, 2822, 3296, 5, 1524, 709, 786, 3294, 650, 1371, 978, 1974, 846, 2566, 830, 2054, 1223, 1467, 184, 3024, 2278, 793, 1022, 2082, 2656, 198, 2605, 1819, 1088, 265, 2127, 3426, 2129, 74, 1226, 1207, 3216, 3258, 1380, 2596, 1727, 1969, 2657, 690, 104, 2781, 1184, 2729, 1706, 2818, 1406, 2510, 495, 3424, 2031, 3314, 2621, 2285, 2349, 839, 3474, 866, 2659, 1269, 3428, 2694, 1272, 2213, 1033, 1848, 2325, 66, 1340, 3353, 98, 193, 62, 2040, 1797, 948, 564, 1703, 2108, 1788, 164, 2029, 1647, 2910, 2739, 2226, 939, 2527, 2500, 2896, 742, 3056, 2482, 368, 466, 2162, 2817, 1762, 3154, 333, 1927, 3466, 2257, 3425, 734, 1075, 918, 775, 410, 3189, 2900, 3271, 322, 1421, 1343, 2281, 2053, 1577, 2208, 3004, 365, 318, 2392, 1696, 3, 2599, 1754, 1514, 1116, 764, 2775, 2797, 83, 3012, 1596, 2581, 1583, 3380, 163, 2787, 3143, 3551, 2880, 769, 2620, 324, 3185, 475, 659, 3272, 3221, 1728, 1243, 139, 1840, 2734, 2696, 2172, 1544, 1741, 3401, 2065, 2820, 127, 2125, 2629, 430, 800, 1148, 2701, 415, 3152, 1237, 1794, 656, 397, 87, 2879, 451, 3454, 3288, 1355, 2677, 3096, 1053, 2057, 3085, 1412, 2301, 1835, 226, 3188, 2380, 1594, 3005, 3446, 1481, 2259, 1277, 1147, 1901, 2462, 2263, 1068, 882, 853, 1930, 1333, 2791, 1177, 2800, 3270, 3126, 408, 849, 2593, 134, 2490, 2558, 206, 1604, 1907, 171, 3115, 1244, 1352, 3525, 2145, 118, 2321, 1701, 1899, 2806, 2875, 2163, 1628, 3289, 2080, 835, 2870, 364, 1808, 1423, 2844, 2039, 946, 877, 2486, 577, 385, 2279, 2552, 1099, 2762, 3212, 3542, 1912, 1861, 136, 1689, 749, 3362, 884, 751, 3318, 575, 1260, 1470, 634, 2654, 1252, 1131, 2287, 1567, 1182, 1923, 1866, 3438, 2874, 2121, 155, 2756, 3450, 3241, 1914, 1693, 3065, 2090, 220, 1397, 1572, 631, 3543, 1215, 2942, 2122, 2591, 1829, 3326, 2515, 1150, 508, 3503, 3255, 2250, 2823, 3220, 1026, 2695, 224, 2056, 957, 1778, 1879, 2248, 3440, 1940, 606, 956, 2980, 2543, 2168, 1036, 137, 3083, 2016, 1492, 1674, 1823, 929, 718, 973, 1312, 706, 2555, 125, 1659, 225, 1698, 1704, 893, 825, 2220, 2704, 2773, 2131, 2485, 1886, 2636, 2525, 2340, 2642, 3094, 1910, 1442, 2606, 2608, 2095, 3006, 3059, 411, 1787, 2753, 1821, 2516, 1101, 1511, 804, 1294, 2421, 1796, 3364, 1045, 3130, 3163, 2776, 24, 3170, 1672, 2513, 2005, 759, 584, 1845, 344, 2064, 2828, 1187, 688, 834, 555, 1087, 2530, 1198, 2672, 767, 1781, 221, 1339, 250, 493, 2721, 3465, 1266, 576, 2491, 3332, 1497, 1538, 166, 1050, 903, 2948, 1854, 537, 1432, 1626, 3029, 150, 2524, 2422, 3321, 2712, 726, 2526, 1733, 352, 1476, 2354, 2351, 2305, 2723, 2572, 2413, 1062, 3372, 3166, 491, 2538, 1552, 2795, 3155, 3265, 1503, 3279, 568, 540, 1029, 1136, 1162, 2801, 2008, 689, 349, 3047, 2498, 402, 515, 1784, 1590, 1416, 2116, 1122, 2564, 2650, 2521, 3035, 746, 2376, 3481, 2637, 2733, 2908, 1697, 361, 2202, 2118, 3179, 2899, 2750, 585, 2690, 2219, 1019, 2970, 2447, 2785, 1695, 3385, 1078, 3386, 3111, 2218, 2324, 41, 414, 2195, 2821, 2299, 3502, 2330, 1871, 3376, 1897, 771, 1571, 1387, 2496, 1798, 1124, 2529, 1314, 241, 1944, 1283, 2167, 3231, 2554, 2778, 2132, 407, 2177, 2842, 1290, 1620, 2327, 1005, 1398, 342, 693, 477, 1385, 657, 1917, 3054, 3074, 596, 3161, 1963, 3100, 1420, 1441, 2999, 286, 945, 340, 412, 915, 1911, 2109, 3506, 655, 2363, 1530, 192, 3358, 913, 2229, 2059, 1621, 901, 676, 1793, 2922, 2941, 727, 3383, 2079, 950, 1365, 1995, 1271, 2688, 2661, 601, 350, 3429, 1614, 1965, 886, 2816, 1882, 1843, 2437, 363, 2282, 3057, 1609, 2747, 2150, 405, 2938, 211, 1016, 1129, 3281, 1474, 177, 3129, 2549, 2830, 2533, 3019, 1891, 100, 703, 2757, 2836, 845, 2307, 3316, 2997, 651, 1098, 1813, 1321, 1702, 675, 1906, 544, 431, 2981, 837, 1232, 44, 1820, 2626, 428, 2730, 1801, 2565, 185, 2517, 1466, 2306, 2446, 2089, 592, 933, 1964, 1528, 1570, 1200, 1851, 1684, 2658, 1322, 3413, 1452, 1092, 3473, 836, 2540, 1505, 2631, 1014, 2188, 1959, 140, 2465, 917, 1094, 1399, 3495, 1786, 1598, 1972, 1554, 3229, 488, 312, 1746, 710, 1559, 358, 1410, 1846, 2681, 911, 2755, 1359, 1646, 1945, 239, 2187, 2506, 3199, 1335, 1867, 80, 1164, 1169, 2586, 489, 581, 52, 392, 1479, 500, 1652, 2096, 1161, 654, 3222, 1012, 1888, 2461, 644, 1082, 179, 3415, 2041, 2512, 1947, 426, 1443, 389, 2545, 2784, 2333, 2628, 1869, 3252, 2664, 905, 86, 15, 1933, 934, 1941, 692, 1635, 2343, 2135, 299, 3194, 273, 1042, 2431, 2693, 1263, 317, 1531, 1222, 1883, 587, 2316, 3557, 1546, 2347, 725, 3448, 686, 3485, 3071, 2532, 419, 2548, 2944, 621, 307, 622, 2815, 590, 382, 1904, 1368, 1084, 2469, 1475, 1852, 2034, 422, 2019, 332, 1085, 1066, 2576, 2200, 1, 3559, 258, 1660, 3187, 2274, 2833, 3097, 2758, 1938, 2382, 438, 3153, 2025, 1065, 3033, 1091, 1712, 65, 148, 1576, 2238, 2602, 1076, 823, 3174, 188, 2267, 3405, 2444, 3489, 715, 2985, 1073, 3046, 814, 1458, 1301, 524, 75, 3208, 838, 1081, 3079, 3134, 2151, 2436, 1460, 1063, 1209, 2583, 2100, 3538, 3478, 2433, 3269, 1028, 1916, 1664, 3467, 2489, 3200, 1227, 616, 512, 2692, 2191, 1755, 1344, 21, 583, 983, 2953, 2647, 101, 3468, 3472, 496, 1311, 2584, 2365, 822, 120, 2952, 1958, 995, 1407, 485, 687, 328, 1325, 2613, 3014, 2837, 359, 3084, 3477, 2857, 9, 2740, 1422, 281, 1913, 1765, 205, 1789, 2514, 2426, 574, 2346, 2520, 3357, 536, 3132, 2968, 2588, 420, 1783, 341, 3077, 2551, 479, 3356, 331, 2453, 1316, 2329, 338, 158, 1957, 2094, 642, 3555, 2266, 1106, 2138, 546, 626, 105, 1529, 610, 3300, 2197, 141, 636, 977, 1549, 1496, 2725, 1640, 1633, 629, 2058, 921, 172, 2912, 2855, 1007, 975, 2699, 699, 922, 2429, 2074, 1181, 455, 1678, 128, 1739, 938, 603, 2497, 1542, 1158, 1138, 1299, 2011, 668, 2249, 1770, 3528, 2877, 3513, 501, 3444, 1924, 2675, 2743, 1657, 1180, 2023, 894, 580, 3142, 3206, 3518, 1224, 1921, 381, 2849, 45, 2010, 355, 664, 2854, 3432, 1188, 2101, 843, 1507, 604, 111, 2703, 1306, 3118, 1288, 2963, 3337, 2779, 1873, 3049, 3013, 1734, 275, 2541, 2183, 283, 1721, 557, 2763, 2885, 1804, 3017, 1159, 1855, 2339, 2522, 2276, 1953, 1175, 682, 346, 902, 1593, 3267, 2665, 3051, 952, 2715, 1743, 135, 756, 3480, 1999, 427, 1233, 2251, 2519, 1255, 3343, 277, 780, 627, 2136, 2611, 720, 2977, 3190, 1758, 985, 1140, 2451, 3531, 56, 2303, 3335, 2539, 1313, 1319, 1713, 1838, 378, 1478, 2358, 961, 755, 2455, 3066, 2073, 2850, 2379, 1645, 2916, 1649, 3092, 1031, 3514, 2370, 940, 1541, 3195, 1565, 1894, 1214, 3382, 290, 1451, 3517, 1032, 980, 1946, 2903, 1811, 3055, 1445, 2557, 3122, 2616, 773, 2473, 494, 2846, 1732, 2275, 3501, 2412, 851, 1396, 1751, 1059, 119, 2265, 2732, 1832, 3162, 1151, 2189, 974, 2348, 2331, 1411, 3204, 453, 1553, 1806, 2294, 3402, 783, 3384, 2142, 219, 1436, 436, 1714, 1803, 3114, 2652, 3173, 195, 2893, 761, 2106, 3016, 1543, 1191, 3523, 1433, 356, 2871, 3123, 456, 2206, 3550, 310, 1086, 3378, 2196, 2711, 256, 874, 2069, 2824, 935, 3168, 3062, 2419, 3133, 1954, 719, 661, 1390, 1115, 1785, 3319, 897, 1687, 2091, 3276, 1490, 2978, 3240, 3140, 3509, 3408, 2888, 2464, 1250, 1858, 2749, 949, 640, 2009, 3293, 2231, 1463, 530, 505, 2698, 3214, 770, 326, 1872, 1501, 613, 2126, 3339, 348, 383, 932, 3498, 2062, 1080, 1745, 3377, 745, 3052, 88, 2623, 1708, 268, 2240, 264, 1948, 2601, 2951, 857, 3418, 288, 1197, 2782, 194, 878, 2523, 1454, 1202, 1822, 335, 330, 872, 2193, 2317, 1173, 2320, 3286, 533, 628, 1057, 2388, 1349, 3459, 2499, 3148, 1715, 1650, 1884, 2470, 1379, 2556, 3031, 2318, 729, 910, 1317, 2032, 3007, 1495, 3283, 947, 1112, 1978, 1757, 3484, 807, 1493, 3244, 1471, 1056, 611, 3532, 3311, 1642, 2360, 1105, 388, 1685, 1097, 3116, 2805, 2291, 2336, 731, 3391, 2838, 1221, 1369, 1426, 844, 906, 1722, 3278, 618, 3106, 3235, 1742, 1341, 311, 662, 1676, 2847, 1376, 2093, 2919, 2044, 3184, 695, 1582, 418, 3354, 1973, 2918, 2604, 398, 3034, 73, 151, 2414, 2319, 3546, 292, 387, 1810, 3515, 3119, 213, 1326, 1289, 3540, 1638, 2466, 2268, 3039, 2802, 578, 2246, 955, 791, 639, 210, 314, 2832, 3205, 315, 367, 888, 1318, 28, 282, 2511, 2242, 403, 1952, 2070, 1166, 2926, 79, 944, 2544, 2393, 1760, 2396, 597, 457, 103, 2445, 2381, 3137, 2424, 2033, 1977, 124, 3156, 2550, 114, 2434, 366, 658, 757, 3151, 1258, 3482, 2045, 532, 1137, 971, 2439, 187, 565, 1768, 1163, 2368, 235, 1009, 683, 2848, 1204, 2037, 808, 3144, 255, 267, 3287, 2861, 33, 2990, 1826, 2352, 520, 3526, 1071, 3165, 3257, 3303, 2774, 2006, 2772, 521, 2655, 76, 3422, 2906, 1522, 2209, 1740, 2841, 1842, 2853, 2273, 625, 435, 2891, 3028, 1195, 375, 443, 2507, 462, 3491, 1001, 1265, 2793, 1047, 2508, 1772, 369, 3109, 2061, 218, 1563, 1898, 240, 370, 463, 464, 260, 1017, 2627, 2946, 1967, 991, 1384, 517, 3299, 1875, 2518, 2731, 3264, 2598, 1890, 97, 927, 3535, 2322, 222, 2403, 2904, 3061, 2761, 2484, 2190, 132, 1558, 1990, 2402, 1494, 2751, 2225, 3433, 1400, 1484, 2182, 1939, 449, 951, 1251, 876, 1774, 2155, 2164, 3223, 1338, 2960, 2546, 1908, 161, 3439, 1885, 2375, 1456, 1480, 3027, 2399, 678, 144, 816, 38, 1054, 1753, 609, 3167, 617, 694, 1725, 190, 2233, 3536, 229, 2284, 2112, 2965, 560, 34, 782, 1157, 1024, 567, 1985, 2290, 2531, 2143, 3275, 3333, 890, 1752, 2502, 3040, 2245, 1257, 2018, 2210, 1079, 2338, 2443, 1225, 191, 3256, 1434, 2839, 1238, 2341, 3169, 2003, 2440, 20, 3388, 2651, 2998, 2471, 1310, 1152, 936, 558, 1284, 245, 1534, 2625, 3072, 272, 1936, 528, 1636, 670, 3088, 2342, 1300, 1249, 818, 516, 3341, 3350, 1170, 102, 2700, 3182, 401, 2777, 2055, 1868, 1723, 395, 360, 303, 1477, 3309, 614, 197, 1096, 1551, 811, 3053, 487, 1606, 2247, 912, 1228, 1539, 758, 1482, 2157, 168, 3313, 2590, 2478, 792, 3404, 1273, 490, 543, 1473, 2400, 914, 1673, 1617, 2185, 1201, 17, 60, 3497, 316, 3417, 3003, 2915, 2935, 2397, 1561, 2139, 2923, 413, 3499, 2840, 1711, 146, 3527, 1320, 208, 972, 3180, 869, 1213, 696, 1305, 3342, 1438, 3036, 797, 1805, 2905, 2609, 1989, 2022, 954, 513, 3365, 2571, 1615, 2745, 1532, 2804, 3219, 122, 960, 1395, 1971, 1034, 2310, 472, 1632, 2390, 460, 442, 2098, 2159, 394, 2674, 2684, 2702, 1010, 1483, 2765, 2921, 18, 183, 3087, 3025, 199, 1259, 1199, 1307, 285, 2859, 2547, 117, 469, 1682, 2901, 873, 2561, 3080, 1865, 3552, 674, 3520, 3558, 3164, 3522, 2917, 2618, 3519, 704, 1527, 1439, 2458, 1196, 2418, 2767, 3361, 2706, 159, 3157, 930, 1644, 3483, 529, 302, 2332, 2205, 1070, 3334, 1414, 3093, 1296, 2633, 71, 2068, 2705, 217, 1997, 1724, 928, 2311, 91, 36, 2858, 1830, 3414, 2887, 3172, 2759, 2270, 1942, 1841, 3037, 1419, 2961, 3512, 2957, 582, 1790, 1304, 1525, 744, 507, 1729, 445, 1293, 2083, 3461, 523, 883, 2384, 1048, 2156, 2253, 3178, 2492, 2619, 1117, 3329, 1130, 1631, 503, 2748, 3544, 681, 3149, 988, 115, 1008, 336, 1241, 82, 1653, 1381, 863, 1330, 492, 1513, 1367, 2383, 1603, 2292, 1533, 2474, 3395, 712, 1817, 2682, 2950, 2472, 3554, 1925, 790, 243, 22, 1212, 652, 2269, 329, 2483, 1354, 632, 1431, 539, 1327, 1863, 2794, 309, 1234, 130, 2222, 334, 1825, 2813, 3349, 2902, 69, 1903, 3011, 569, 772, 1146, 2967, 2603, 1342, 3104, 3359, 3443, 386, 437, 1039, 1428, 3307, 937, 739, 2012, 735, 47, 2027, 1992, 612, 446, 3355, 1824, 1347, 1812, 55, 1666, 1634, 99, 1980, 3298, 3238, 2038, 0, 3306, 2186, 1285, 2015, 84, 212, 967, 875, 3010, 671, 3368, 777, 1520, 1611, 2667, 1315, 296, 416, 1156, 2567, 1149, 2435, 1683, 1447, 1892, 3347, 2148, 319, 7, 32, 2582, 93, 1123, 2028, 3410, 1504, 384, 3451, 325, 2934, 2866, 848, 1795, 2254, 1575, 2417, 2087, 3330, 1639, 1717, 1328, 3210, 506, 3091, 3322, 1623, 3081, 1378, 12, 379, 452, 3259, 439, 3511, 1006, 2344, 176, 1295, 30, 2790, 1336, 3290, 1677, 2812, 1600, 648, 1064, 821, 1686, 1280, 480, 2945, 372, 3228, 298, 2872, 2423, 276, 3263, 2260, 2956, 1430, 3177, 1856, 3225, 701, 2668, 1190, 1256, 1364, 2134, 1450, 1515, 3441, 238, 417, 3023, 2971, 908, 2534, 1386, 891, 2662, 147, 1000, 3107, 1574, 589, 1058, 3397, 829, 162, 1409, 2124, 3323, 2722, 1979, 215, 711, 1248, 3032, 10, 2954, 3038, 2296, 1935, 3308, 2120, 1037, 2863, 3232, 1282, 2992, 1302, 3105, 776, 1773, 2312, 1756, 2679, 2099, 3292, 570, 2017, 2600, 2398, 1956, 868, 2141, 2727, 2153, 925, 3124, 2364, 3348, 1229, 1573, 2214, 1103, 2198, 1566, 1833, 3449, 794, 806, 2063, 2262, 497, 907, 1464, 3541, 1521, 2614, 483, 3297, 3328, 306, 1038, 3249, 1836, 2528, 970, 1218, 1915, 3226, 2071, 2211, 54, 2221, 295, 1769, 707, 964, 3213, 1618, 2973, 1816, 511, 895, 3193, 1174, 867, 2067, 1108, 2930, 1206, 1186, 3282, 1404, 2123, 1183, 1928, 752, 1777, 223, 1622, 2201, 2404, 2988, 2401, 1557, 1462, 3117, 865, 216, 2671, 181, 1731, 2719, 2372, 2103, 3435, 2355, 3421, 1100, 3218, 3521, 1457, 2911, 3412, 1435, 1291, 3099, 2807, 3416, 785, 1297, 1324, 2509, 2649, 2252, 1361, 301, 3539, 3082, 1015, 702, 1172, 1874, 274, 3030, 1983, 3534, 3121, 1548, 1671, 2212, 2216, 602, 2386, 1667, 2710, 498, 1950, 2459, 1472, 152, 679, 2130, 810, 458, 2646, 3464, 1276, 1498, 1599, 2666, 691, 294, 377, 3198, 1506, 3150, 3078, 461, 3211, 2796, 2736, 2931, 3324, 1373, 667, 3113, 889, 2535, 2199, 3064, 3420, 1382, 2234, 2042, 2834, 796, 1870, 2752, 1350, 1155, 1662, 429, 1993, 559, 1011, 1670, 1393, 1651, 2962, 169, 339, 1681, 3201, 1254, 373, 1499, 2283, 1132, 3409, 852, 2808, 2286, 3135, 230, 454, 2955, 2457, 2166, 1394, 813, 1389, 46, 1025, 647, 1828, 2864, 1510, 556, 1922, 1418, 1107, 1568, 2430, 600, 1766, 2943, 1984, 2876, 666, 733, 8, 2728, 1909, 2587, 858, 1578, 996, 2261, 3548, 1360, 2072, 2819, 1358, 2165, 81, 459, 3233, 2542, 1405, 1981, 1274, 1089, 53, 323, 1043, 1262, 1986, 1934, 672, 1900, 3139, 1831, 953, 2297, 504, 1160, 2140, 27, 2000, 2026, 2272, 2873, 2669, 754, 1518, 987, 156, 1716, 3490, 396, 1502, 2843, 1540, 1555, 1245, 1348, 2691, 2030, 2798, 108, 2046, 1859, 870, 548, 812, 2441, 214, 3086, 1661, 2789, 633, 1391, 85, 354, 14, 1564, 1153, 2909, 2239, 803, 1424, 3136, 984, 2021, 138, 2920, 1069, 279, 1051, 2158, 2391, 2104, 486, 1413, 2856, 1665, 49, 3176, 1744, 1569, 593, 3447, 236, 2309, 3345, 2302, 284, 1508, 1035, 1095, 11, 251, 3247, 1401, 351, 1847, 2175, 254, 1337, 1072, 563, 42, 598, 160, 253, 1366, 3427, 1041, 3340, 2563, 1759, 2969, 2224, 3496, 833, 2255, 474, 2315, 753, 39, 2084, 3370, 2050, 3500, 2160, 1610, 3215, 1519, 2293, 3327, 2726, 2194, 2133, 1331, 2676, 189, 1210, 2589, 1141, 2897, 1253, 1612, 1415, 1167, 2395, 3453, 3273, 244, 2678, 308, 293, 2769, 1694, 3487, 1700, 3505, 799, 1998, 3260, 2799, 1658, 738, 143, 2110, 2076, 271, 1690, 209, 1815, 3371, 1738, 2925, 3493, 768, 787, 3374, 25, 2575, 1440, 2111, 2326, 1960, 1775, 2428, 3560, 2560, 1680, 3537, 313, 1648, 3301, 2995, 196, 178, 2024, 432, 2161, 1446, 1601, 1231, 3245, 481, 3423, 3379, 607, 826, 242, 1388, 2976, 2277, 645, 3041, 798, 1834, 1353, 116, 499, 3103, 1356, 3381, 3001, 1120, 2827, 1943, 2371, 1216, 1491, 3436, 263, 3469, 750, 1242, 969, 815, 572, 594, 3475, 153, 2803, 998, 2760, 1119, 1818, 2144, 700, 2450, 2537, 376, 1126, 3089, 1270, 3394, 2940, 2835, 95, 2102, 425, 2479, 1453, 409, 3479, 885, 200, 588, 2860, 1791, 2204, 1193, 3160, 992, 994, 3192, 1579, 2972, 2463, 3351, 2280, 2049, 997, 278, 2964, 1955, 3068, 619, 3411, 2407, 291, 6, 390, 327, 2169, 2181, 2051, 1046, 380, 2585, 1278, 1844, 233, 1580, 832, 19, 859, 173, 2313, 123, 2236, 1764, 2215, 931, 2966, 280, 1383, 514, 809, 3510, 904, 663, 2996, 1375, 2595, 1142, 40, 732, 3312, 2592, 591, 1876, 708, 2488, 61, 1102, 2353, 2244, 561, 2227, 774, 2174, 2746, 247, 1329, 1217, 484, 2014, 1627, 3295, 2914, 478, 3060, 2687, 531, 1118, 1287, 3090, 77, 1763, 941, 3524, 1591, 1736, 2335, 1545, 3373, 2738, 862, 762, 2013, 3304, 2610, 2178, 2569, 802, 1392, 1002, 1135, 37, 1500, 1469, 1889, 1061, 1417, 2612, 3253, 48, 3000, 3367, 112, 1239, 1125, 421, 3251, 1275, 3305, 1168, 680, 1429, 3291, 2683, 2648, 1878, 2146, 2562, 1323, 3063, 3529, 447, 2425, 1133, 3076, 2454, 677, 259, 1597, 3242, 3098, 2004, 1970, 3254, 765, 1608, 2826, 2173, 1595, 3127, 2894, 2298, 747, 3387, 3246, 2640, 924, 3369, 2228, 1516, 234, 2362, 404, 3230, 2634, 2771, 3320, 553, 362, 3108, 1961, 1718, 1139, 2035, 269, 434, 1372, 3445, 3325, 717, 3556, 64, 1279, 1730, 2289, 545, 2974, 525, 2495, 2350, 2764, 2456, 1720, 2869, 789, 1602, 2105, 608, 635, 2645, 1589, 1468, 2933, 1145, 1246, 962, 23, 2780, 819, 1113, 246, 1996, 2993, 2597, 724, 1735, 820, 3022, 1929, 1292, 2504, 579, 1154, 2467, 2958, 1949, 1425, 3110, 2641, 1849, 3196, 3141, 898, 2907, 1165, 605, 1737, 1976, 1779, 400, 1427, 3048, 723, 2865, 2241, 1919, 2230, 2617, 698, 2685, 289, 643, 2814, 167, 444, 1988, 1710, 2713, 730, 2881, 842, 2949, 766, 145, 1663, 3009, 684, 1465, 1585, 287, 3492, 1962, 2792, 860, 3224, 94, 3209, 3463, 2416, 1114, 1488, 3261, 441, 142, 1536, 522, 943, 2405, 126, 2577, 2643, 2714, 2707, 3280, 2505, 2630, 1654, 2304, 827, 63, 542, 2237, 2959, 1802, 840, 232, 2203, 57, 131, 3239, 2406, 2256, 26, 1402, 3302, 2851, 1208, 989, 534, 1189, 620, 1607, 207, 3486, 110, 920, 2982, 1461, 3268, 3058, 784, 31, 1850, 2113, 1449, 1230, 2235, 231, 3227, 3266, 2744, 1104, 2020, 1121, 854, 1905, 2754, 740, 2207, 795, 881, 1128, 2337, 391, 653, 1185, 157, 374, 1880, 1799, 1526, 2720, 1517, 3344, 1403, 999, 2770, 2, 2932, 2947, 3250, 741, 2361, 1951, 509, 2635, 779, 58, 2783, 3331, 180, 149, 3069, 2192, 2359, 646, 3158, 850, 1814, 2984, 3419, 824, 297, 3067, 440, 538, 3128, 3138, 2852, 170, 2892, 2369, 2487, 1584, 1171, 566, 2085, 2638, 1556, 2115, 801, 3203, 202, 1932, 1587, 1144, 1902, 637, 2742, 3452, 393, 3274, 2986, 2878, 1018, 1523, 831, 1334, 2594, 2114, 3145, 1968, 3346, 743, 3243, 748, 2708, 1749, 541, 3389, 2975, 1655, 51, 3197, 337, 1937, 1067, 1853, 2088, 550, 433, 778, 510, 2385, 3403, 981, 535, 660, 916, 1013, 320, 2374, 856, 923, 1055, 1332, 2415, 2476, 321, 1991, 2366, 3462, 203, 2232, 979, 1236, 2501, 89, 2314, 465, 3277, 1837, 186, 1987, 615, 2408, 3159, 1630, 3430, 518, 1975, 1040, 2578, 121, 1357, 1143, 1782, 3547, 2809, 817, 2886, 2288, 2553, 1247, 861, 467, 1192, 1303, 1109, 855, 2570, 3236, 1093, 721, 154, 2697, 1074, 547, 1408, 2622, 1862, 2295, 3398, 649, 109, 424, 2047, 871, 406, 96, 343, 976, 1931, 3191, 2078, 760, 2568, 1705, 3476, 1857, 1240, 1881, 1134, 2217, 847, 993, 3026, 237, 2043, 2334, 1887, 1619, 2323, 29, 3488, 1351, 3234, 2735, 2264, 1512, 1205, 59, 630, 2845, 3125, 669, 3399, 78, 129, 2442, 2898, 182, 880, 3073, 737, 1550, 2883, 2660, 1767, 2086, 2092, 900, 3431, 2077, 2154, 249, 347, 1179, 2452, 2176, 2867, 2579, 1877, 3008, 3561, 2052, 90, 3457, 3021, 2345, 2149, 2670, 1588, 2929, 3175, 1309, 476, 1860, 1918, 713, 3112, 966, 174, 2889, 1044, 270, 2137, 1363, 573, 1637, 1726, 2389, 2243, 3363, 2475, 2357, 1374, 2180, 3146, 2300, 1692, 3360, 4, 1370, 1537, 2117, 3050, 2979, 3045, 2615, 1675, 3015, 2223, 1679, 1023, 1448, 1771, 3392, 2493, 107, 2066, 2536, 3338, 2503, 2991, 3442, 2936, 986, 1643, 982, 252, 16, 2741, 2409, 892, 3366, 2460, 685, 909, 2147, 2680, 1003, 3181, 2927, 2788, 1090, 3101, 896, 3456, 2989, 201, 1709, 716, 3470, 3494, 262, 1809, 990, 1286, 2810, 1613, 3434, 942, 705, 3460, 3310, 788, 1437, 2766, 2994, 2328, 2939, 305, 3285, 549, 1362, 2170, 623, 2367, 1077, 1994, 470, 2737, 165, 551, 1264, 2480, 2624, 1110, 1004, 624, 1719, 958, 1668, 353, 1560, 2574, 887, 399, 3508, 1020, 2868, 2573, 1827, 673, 879, 3183, 3042, 2928, 2580, 665, 2001, 1052, 571, 1707, 3375, 3516, 899, 1747, 1982, 3147, 1776, 228, 2002, 2420, 2373, 133, 2768, 959, 1267, 1219, 2895, 554, 2829, 2477, 1896, 3120, 3336, 3406, 1111, 586, 1864, 2119, 3044, 2924, 2494, 1581, 1691, 641, 68, 2107, 2831, 2075, 1761, 1178, 3390, 2152, 926, 2983, 204, 72, 1920, 35, 1625, 864, 1459, 2673, 828, 2378, 2987, 13, 3507, 3396, 3248, 3533, 1586, 3043, 2179, 1235, 3317, 2884, 1780, 1656, 841, 1211, 1203, 519, 728, 2709, 468, 3393, 2427, 1966, 2689, 963, 1049, 1021, 3437, 106, 714, 3020, 3207, 1748, 371, 3549, 92, 2811, 1485, 2882, 3095, 1893, 2007, 1486, 1030, 2438, 2036, 43, 3075, 1792, 2128, 1444, 2097, 1535, 2724, 1562, 266, 2890, 67, 304, 3504, 1895, 1509, 1547, 448, 3070, 471, 2913, 919, 805, 2686, 1926, 1624, 1455, 736, 3262, 1487, 3202, 3237, 638, 3455, 2060, 2607, 2184, 261, 2356, 2632, 599, 300, 2937, 450, 2825, 552, 3407, 1281, 3002, 248, 3217, 2468, 1750, 2377, 70, 482, 3018, 763, 1616, 345, 3400, 1298, 527, 2481, 2387, 595, 562, 1220, 3530, 3315, 2718, 2048, 2717, 1308, 1268, 3471, 1176, 2432, 1592]
labeling = [21, 16, 39, 4, 62, 0, 54, 23, 49, 9, 44, 52, 7, 38, 17, 1, 19, 5, 31, 56, 29, 12, 35, 63, 0, 21, 24, 15, 2, 37, 19, 30, 17, 5, 11, 40, 33, 58, 25, 45, 50, 8, 22, 41, 3, 14, 18, 16, 48, 39, 0, 66, 10, 36, 31, 26, 17, 34, 62, 71, 40, 54, 8, 64, 59, 12, 6, 68, 46, 36, 75, 30, 48, 21, 4, 16, 23, 38, 55, 26, 19, 43, 34, 9, 24, 28, 3, 0, 7, 31, 41, 10, 44, 20, 39, 35, 61, 32, 5, 37, 12, 14, 23, 18, 3, 16, 65, 63, 28, 49, 47, 9, 39, 0, 12, 45, 51, 21, 2, 4, 25, 60, 43, 55, 30, 16, 50, 3, 28, 71, 41, 52, 18, 21, 5, 12, 7, 10, 54, 1, 15, 26, 69, 59, 22, 67, 29, 31, 8, 75, 2, 10, 27, 38, 43, 0, 33, 53, 12, 25, 47, 14, 35, 5, 3, 58, 9, 51, 24, 31, 45, 7, 18, 38, 67, 0, 40, 16, 49, 21, 33, 29, 42, 26, 2, 8, 47, 17, 11, 35, 20, 22, 14, 4, 32, 28, 52, 37, 1, 26, 42, 55, 44, 46, 73, 24, 7, 68, 39, 62, 13, 3, 15, 5, 17, 38, 53, 45, 36, 29, 9, 14, 16, 20, 6, 12, 4, 1, 69, 32, 40, 58, 56, 28, 30, 10, 21, 37, 18, 4, 6, 2, 23, 13, 15, 35, 49, 47, 71, 63, 8, 20, 43, 39, 37, 11, 5, 0, 22, 52, 27, 65, 55, 41, 29, 7, 60, 33, 19, 57, 70, 49, 35, 14, 45, 18, 47, 28, 63, 55, 66, 16, 31, 20, 44, 38, 6, 26, 3, 22, 1, 14, 9, 53, 50, 48, 11, 60, 40, 7, 69, 37, 24, 18, 64, 55, 42, 12, 52, 35, 14, 17, 8, 50, 20, 26, 38, 11, 4, 28, 41, 54, 2, 44, 7, 39, 35, 52, 15, 31, 26, 17, 12, 1, 33, 23, 29, 38, 21, 36, 4, 19, 13, 60, 10, 71, 27, 40, 37, 6, 16, 48, 0, 54, 46, 30, 32, 3, 22, 26, 42, 18, 49, 20, 9, 2, 35, 31, 0, 37, 39, 61, 24, 41, 59, 22, 43, 32, 16, 18, 50, 14, 10, 26, 48, 7, 46, 36, 34, 9, 21, 39, 5, 51, 11, 25, 27, 1, 23, 54, 33, 42, 12, 38, 57, 20, 64, 16, 3, 24, 0, 9, 18, 35, 14, 5, 45, 49, 30, 17, 22, 47, 19, 1, 52, 43, 12, 25, 9, 32, 3, 7, 27, 45, 30, 23, 18, 39, 15, 41, 63, 61, 35, 4, 31, 11, 22, 28, 47, 8, 37, 0, 24, 2, 26, 17, 19, 21, 49, 54, 33, 25, 3, 5, 7, 31, 1, 47, 67, 23, 58, 70, 14, 2, 20, 6, 34, 11, 27, 17, 43, 60, 73, 48, 62, 21, 40, 29, 9, 15, 35, 6, 33, 4, 25, 2, 11, 42, 44, 51, 18, 23, 0, 14, 30, 7, 27, 12, 3, 25, 36, 19, 5, 9, 21, 16, 39, 34, 56, 58, 32, 24, 54, 41, 6, 52, 1, 62, 28, 31, 8, 44, 21, 17, 23, 60, 15, 3, 25, 41, 5, 47, 45, 34, 7, 43, 9, 67, 39, 69, 62, 6, 18, 4, 12, 0, 2, 15, 37, 55, 27, 60, 74, 24, 3, 29, 66, 33, 10, 16, 49, 69, 56, 62, 6, 2, 4, 0, 27, 60, 20, 17, 43, 29, 9, 12, 70, 14, 25, 22, 19, 40, 6, 50, 61, 77, 3, 37, 57, 44, 26, 5, 24, 7, 10, 41, 0, 17, 28, 15, 2, 34, 53, 30, 46, 66, 21, 9, 7, 25, 55, 1, 5, 60, 63, 43, 14, 36, 38, 3, 52, 0, 11, 20, 6, 48, 28, 50, 59, 32, 19, 39, 16, 34, 10, 23, 46, 42, 30, 61, 1, 12, 22, 26, 14, 9, 3, 7, 19, 0, 28, 11, 17, 24, 21, 75, 52, 38, 15, 64, 9, 27, 47, 49, 13, 3, 7, 59, 35, 45, 57, 40, 29, 31, 42, 71, 24, 26, 6, 15, 3, 34, 21, 17, 32, 27, 40, 1, 57, 25, 48, 42, 45, 18, 37, 75, 5, 11, 13, 2, 7, 9, 33, 56, 71, 23, 69, 50, 3, 29, 27, 52, 0, 31, 20, 9, 5, 7, 57, 11, 35, 13, 33, 26, 1, 17, 53, 44, 21, 6, 37, 41, 0, 50, 29, 15, 12, 48, 33, 2, 31, 4, 7, 19, 28, 16, 14, 23, 25, 9, 52, 20, 43, 66, 5, 45, 37, 11, 30, 7, 22, 13, 27, 17, 41, 3, 35, 33, 57, 55, 14, 0, 21, 19, 42, 34, 2, 40, 60, 8, 28, 23, 25, 4, 30, 48, 12, 10, 35, 14, 0, 43, 52, 41, 7, 54, 32, 21, 2, 34, 18, 11, 26, 24, 0, 29, 9, 42, 15, 36, 58, 50, 19, 17, 60, 3, 26, 33, 44, 22, 1, 40, 35, 24, 8, 6, 14, 12, 13, 1, 66, 72, 55, 23, 40, 22, 2, 68, 47, 8, 74, 26, 58, 7, 71, 81, 77, 29, 38, 64, 68, 79, 58, 37, 80, 53, 0, 44, 46, 30, 60, 62, 28, 36, 34, 57, 50, 8, 41, 68, 78, 73, 7, 47, 11, 66, 21, 90, 40, 71, 54, 62, 80, 9, 27, 64, 92, 45, 70, 95, 78, 19, 37, 16, 66, 24, 44, 56, 54, 93, 36, 21, 40, 18, 48, 11, 88, 14, 2, 101, 70, 16, 7, 91, 83, 57, 99, 43, 54, 10, 51, 69, 35, 19, 25, 33, 46, 56, 28, 3, 26, 54, 72, 61, 31, 13, 9, 37, 0, 32, 21, 49, 29, 70, 55, 45, 14, 12, 88, 93, 35, 31, 82, 95, 69, 4, 86, 60, 0, 76, 67, 50, 57, 14, 43, 32, 89, 35, 5, 75, 41, 73, 91, 33, 62, 39, 84, 59, 52, 76, 96, 45, 63, 82, 73, 5, 61, 78, 65, 86, 47, 41, 81, 93, 97, 12, 63, 31, 59, 39, 49, 67, 23, 90, 21, 74, 15, 44, 86, 17, 99, 105, 5, 95, 37, 43, 12, 3, 22, 14, 68, 22, 30, 1, 40, 48, 16, 60, 64, 51, 96, 72, 23, 67, 101, 18, 80, 42, 58, 103, 20, 74, 97, 6, 52, 84, 48, 46, 65, 38, 2, 79, 18, 30, 63, 28, 20, 81, 10, 55, 53, 47, 69, 29, 87, 8, 26, 97, 17, 49, 42, 31, 23, 1, 25, 27, 38, 15, 3, 71, 95, 29, 20, 89, 22, 75, 53, 37, 18, 4, 72, 6, 80, 65, 88, 42, 27, 76, 68, 92, 97, 102, 40, 82, 71, 30, 7, 45, 63, 53, 51, 67, 10, 42, 13, 56, 57, 0, 67, 21, 45, 5, 54, 85, 102, 74, 19, 36, 25, 87, 28, 44, 83, 98, 94, 89, 53, 8, 3, 62, 15, 40, 56, 78, 92, 71, 61, 54, 33, 36, 68, 25, 13, 44, 22, 77, 42, 72, 74, 24, 51, 83, 66, 40, 58, 37, 105, 12, 100, 94, 34, 19, 9, 60, 6, 85, 68, 13, 36, 80, 64, 40, 84, 77, 0, 48, 62, 43, 8, 58, 16, 56, 45, 100, 51, 94, 70, 1, 85, 25, 78, 104, 61, 57, 38, 9, 75, 84, 59, 100, 106, 33, 16, 0, 24, 36, 2, 18, 32, 52, 65, 49, 11, 22, 51, 89, 81, 4, 41, 79, 93, 49, 77, 7, 12, 70, 91, 100, 66, 46, 34, 39, 13, 81, 73, 32, 59, 37, 43, 50, 10, 0, 76, 27, 99, 29, 17, 102, 106, 7, 59, 19, 1, 49, 57, 90, 35, 4, 64, 92, 27, 103, 56, 0, 43, 48, 96, 76, 28, 30, 16, 70, 78, 44, 11, 55, 46, 73, 92, 32, 26, 24, 66, 96, 52, 50, 34, 60, 106, 98, 54, 28, 11, 36, 13, 67, 32, 47, 49, 29, 55, 15, 19, 87, 73, 26, 43, 64, 66, 81, 48, 70, 93, 4, 91, 12, 50, 57, 42, 8, 1, 40, 39, 11, 26, 1, 5, 43, 62, 37, 56, 86, 17, 65, 58, 9, 72, 84, 60, 27, 75, 68, 103, 88, 64, 22, 79, 57, 30, 41, 97, 6, 86, 48, 95, 84, 23, 2, 55, 31, 5, 46, 70, 80, 39, 21, 62, 9, 85, 75, 23, 81, 88, 71, 73, 32, 20, 8, 18, 15, 41, 84, 82, 89, 65, 67, 3, 25, 99, 61, 21, 38, 5, 75, 42, 83, 14, 88, 71, 57, 17, 2, 30, 6, 81, 91, 44, 93, 65, 89, 69, 63, 5, 41, 53, 71, 39, 99, 58, 60, 83, 10, 7, 23, 101, 35, 85, 62, 96, 89, 53, 31, 21, 87, 38, 99, 36, 51, 23, 73, 25, 64, 50, 36, 38, 61, 18, 6, 74, 67, 2, 40, 54, 44, 24, 31, 19, 42, 35, 29, 47, 14, 52, 55, 45, 99, 105, 107, 92, 4, 28, 82, 11, 38, 44, 36, 25, 15, 66, 72, 89, 34, 78, 18, 58, 16, 68, 28, 83, 104, 77, 12, 98, 47, 6, 54, 91, 93, 79, 86, 45, 63, 10, 95, 1, 31, 72, 29, 19, 27, 7, 23, 47, 59, 49, 103, 94, 101, 9, 51, 78, 37, 35, 40, 4, 86, 21, 105, 74, 33, 97, 46, 16, 25, 18, 79, 95, 31, 45, 20, 92, 56, 103, 27, 77, 33, 69, 3, 75, 80, 28, 24, 16, 65, 55, 44, 26, 5, 48, 63, 68, 76, 30, 10, 81, 76, 98, 87, 90, 85, 21, 59, 100, 33, 12, 80, 8, 78, 26, 70, 66, 76, 89, 61, 16, 1, 49, 94, 85, 21, 71, 63, 74, 100, 0, 56, 109, 54, 60, 93, 20, 22, 64, 50, 106, 102, 14, 87, 10, 1, 96, 52, 30, 26, 56, 19, 50, 66, 35, 60, 22, 0, 43, 97, 53, 33, 13, 4, 87, 36, 39, 69, 16, 55, 96, 98, 110, 32, 84, 11, 26, 80, 64, 92, 29, 82, 61, 72, 102, 0, 76, 70, 14, 54, 11, 90, 51, 68, 37, 98, 84, 73, 59, 64, 30, 52, 67, 50, 0, 9, 82, 93, 90, 14, 72, 22, 8, 20, 18, 1, 59, 11, 15, 5, 7, 65, 3, 92, 39, 95, 62, 46, 23, 28, 37, 41, 73, 64, 83, 97, 87, 34, 43, 53, 57, 51, 98, 3, 9, 59, 81, 68, 39, 17, 33, 88, 79, 90, 76, 31, 45, 8, 42, 37, 67, 40, 24, 85, 108, 81, 99, 32, 48, 46, 3, 17, 62, 41, 8, 74, 37, 88, 2, 78, 76, 28, 71, 90, 46, 65, 30, 102, 48, 61, 42, 77, 104, 67, 8, 89, 108, 15, 100, 38, 17, 45, 36, 22, 2, 43, 57, 85, 94, 32, 8, 66, 24, 6, 26, 88, 4, 35, 81, 48, 40, 57, 46, 2, 12, 96, 54, 42, 62, 25, 85, 78, 56, 51, 70, 4, 27, 6, 31, 11, 57, 55, 43, 86, 71, 13, 52, 77, 35, 67, 79, 2, 69, 93, 4, 0, 11, 55, 48, 18, 45, 15, 24, 65, 7, 77, 92, 27, 29, 96, 13, 35, 62, 103, 11, 69, 105, 2, 101, 55, 78, 53, 5, 21, 51, 27, 65, 12, 34, 29, 58, 44, 68, 92, 70, 6, 80, 83, 14, 25, 38, 54, 10, 85, 23, 81, 52, 21, 58, 99, 40, 111, 106, 19, 50, 6, 73, 4, 95, 59, 25, 93, 34, 10, 52, 71, 13, 30, 16, 41, 20, 69, 39, 28, 79, 86, 99, 44, 74, 18, 38, 60, 101, 7, 71, 83, 10, 92, 87, 29, 68, 65, 47, 73, 33, 45, 16, 31, 54, 81, 16, 18, 33, 20, 47, 88, 74, 90, 49, 26, 44, 84, 61, 32, 30, 6, 72, 86, 89, 10, 25, 21, 104, 50, 94, 5, 74, 52, 19, 44, 0, 99, 83, 46, 22, 60, 57, 71, 107, 66, 50, 9, 73, 93, 84, 36, 26, 86, 56, 61, 100, 18, 77, 39, 0, 22, 66, 94, 91, 47, 75, 13, 36, 96, 18, 43, 34, 31, 56, 72, 86, 62, 11, 64, 39, 27, 90, 80, 54, 35, 82, 33, 65, 61, 63, 7, 75, 1, 31, 47, 37, 67, 91, 49, 33, 14, 5, 23, 53, 93, 30, 36, 76, 90, 103, 80, 52, 55, 94, 9, 3, 39, 15, 13, 35, 22, 82, 37, 45, 66, 12, 8, 78, 72, 59, 42, 51, 70, 76, 36, 34, 101, 82, 98, 95, 19, 12, 1, 3, 54, 78, 91, 102, 59, 97, 23, 14, 37, 90, 41, 30, 16, 26, 109, 48, 63, 28, 33, 75, 68, 31, 82, 20, 104, 1, 15, 46, 59, 41, 64, 90, 88, 11, 98, 2, 102, 33, 7, 9, 63, 60, 5, 28, 1, 100, 3, 67, 16, 20, 69, 48, 22, 37, 51, 29, 46, 78, 68, 42, 44, 84, 15, 88, 98, 57, 94, 9, 24, 100, 70, 96, 43, 55, 51, 64, 40, 72, 82, 2, 12, 27, 62, 59, 21, 19, 84, 100, 0, 11, 78, 70, 66, 72, 20, 58, 88, 74, 44, 53, 27, 85, 57, 63, 25, 22, 38, 55, 29, 87, 48, 80, 15, 40, 31, 65, 73, 28, 63, 17, 85, 69, 57, 39, 81, 8, 49, 51, 67, 61, 4, 45, 77, 70, 87, 13, 11, 6, 65, 43, 96, 72, 38, 3, 78, 80, 17, 69, 24, 92, 27, 53, 85, 71, 83, 4, 37, 30, 79, 45, 95, 74, 49, 40, 52, 14, 24, 12, 32, 65, 55, 59, 73, 87, 6, 0, 8, 66, 76, 71, 13, 92, 40, 26, 20, 34, 60, 36, 3, 79, 38, 18, 32, 29, 85, 4, 15, 87, 8, 25, 77, 45, 6, 57, 17, 97, 89, 41, 34, 47, 68, 29, 86, 50, 54, 60, 18, 81, 8, 46, 32, 71, 11, 20, 17, 2, 75, 7, 61, 68, 83, 89, 77, 26, 44, 50, 52, 46, 10, 60, 92, 13, 6, 72, 24, 100, 32, 22, 42, 58, 27, 94, 79, 47, 83, 50, 36, 9, 52, 54, 19, 62, 76, 29, 21, 32, 0, 66, 10, 12, 55, 8, 14, 106, 97, 22, 89, 35, 87, 76, 19, 43, 26, 93, 99, 47, 81, 38, 70, 57, 90, 79, 50, 2, 105, 103, 4, 11, 30, 17, 64, 53, 89, 74, 99, 47, 95, 62, 81, 10, 54, 1, 83, 56, 67, 69, 63, 65, 75, 61, 42, 73, 91, 93, 80, 95, 99, 1, 3, 37, 26, 39, 76, 63, 12, 43, 32, 79, 10, 6, 40, 18, 62, 16, 73, 79, 30, 70, 21, 91, 24, 56, 66, 37, 19, 86, 58, 64, 74, 96, 62, 35, 54, 30, 20, 0, 2, 68, 38, 97, 34, 86, 40, 88, 66, 56, 64, 99, 15, 7, 74, 44, 2, 48, 81, 84, 23, 46, 51, 59, 42, 57, 94, 91, 103, 28, 68, 101, 108, 5, 60, 36, 21, 15, 84, 72, 31, 9, 23, 54, 88, 100, 61, 27, 35, 25, 44, 7, 91, 15, 97, 84, 86, 28, 51, 58, 72, 5, 49, 39, 23, 44, 16, 21, 35, 59, 50, 46, 27, 48, 52, 22, 14, 24, 7, 71, 31, 16, 44, 33, 28, 49, 56, 69, 61, 13, 38, 19, 36, 72, 11, 42, 17, 49, 51, 33, 27, 47, 39, 14, 82, 25, 16, 45, 43, 12, 4, 80, 57, 84, 76, 18, 28, 5, 59, 95, 82, 93, 49, 13, 103, 101, 69, 31, 90, 92, 96, 105, 4, 61, 33, 37, 71, 25, 63, 39, 65, 53, 17, 75, 13, 80, 73, 1, 77, 40, 7, 62, 34, 29, 52, 46, 3, 18, 74, 13, 48, 78, 39, 80, 33, 69, 93, 42, 82, 63, 65, 9, 3, 88, 31, 102, 60, 33, 55, 41, 13, 85, 37, 104, 57, 78, 89, 18, 29, 92, 0, 74, 81, 20, 84, 4, 64, 54, 35, 62, 51, 20, 46, 34, 0, 13, 38, 6, 8, 29, 10, 85, 22, 63, 1, 31, 41, 69, 55, 61, 71, 89, 67, 23, 100, 51, 36, 73, 11, 78, 65, 98, 17, 53, 55, 45, 85, 109, 76, 27, 107, 22, 67, 35, 30, 0, 19, 9, 83, 45, 32, 49, 11, 55, 41, 20, 58, 56, 70, 82, 93, 64, 43, 22, 85, 87, 37, 0, 101, 99, 59, 89, 16, 57, 19, 95, 36, 75, 67, 73, 1, 26, 53, 47, 17, 11, 96, 64, 100, 76, 6, 43, 98, 94, 45, 87, 61, 68, 32, 63, 36, 25, 53, 46, 15, 65, 21, 12, 19, 24, 37, 58, 35, 15, 26, 77, 50, 79, 52, 91, 74, 83, 81, 46, 19, 44, 9, 21, 48, 26, 34, 75, 3, 40, 60, 29, 24, 1, 6, 91, 70, 50, 12, 79, 42, 57, 15, 59, 2, 64, 72, 5, 23, 47, 68, 51, 38, 14, 61, 66, 76, 90, 95, 54, 50, 79, 28, 26, 8, 4, 71, 10, 24, 2, 12, 34, 97, 83, 77, 14, 91, 21, 103, 44, 28, 70, 79, 23, 30, 38, 51, 56, 49, 16, 66, 14, 80, 34, 40, 47, 22, 28, 70, 75, 50, 30, 27, 57, 25, 54, 42, 64, 39, 0, 59, 62, 70, 56, 87, 90, 72, 16, 37, 52, 68, 18, 14, 66, 31, 82, 10, 8, 77, 96, 86, 94, 21, 84, 44, 26, 88, 97, 31, 78, 29, 74, 92, 1, 63, 86, 17, 3, 46, 52, 33, 42, 44, 40, 73, 18, 62, 6, 60, 30, 94, 81, 46, 32, 48, 41, 39, 65, 58, 9, 54, 88, 68, 42, 84, 86, 82, 60, 62, 71, 69, 46, 27, 74, 77, 15, 73, 53, 13, 11, 51, 22, 47, 35, 74, 20, 61, 43, 33, 27, 25, 58, 63, 54, 46, 73, 80, 36, 41, 62, 16, 67, 39, 69, 48, 13, 60, 7, 53, 58, 56, 70, 80, 65, 25, 27, 82, 9, 15, 67, 84, 75, 20, 57, 87, 55, 69, 35, 64, 43, 76, 78, 72, 74, 3, 26, 7, 52, 50, 63, 36, 1, 8, 10, 24, 64, 47, 38, 20, 4, 15, 13, 75, 22, 18, 81, 3, 79, 59, 68, 47, 2, 37, 76, 34, 32, 10, 57, 30, 51, 18, 28, 11, 34, 43, 53, 31, 16, 49, 66, 77, 71, 59, 19, 3, 53, 28, 63, 30, 31, 44, 15, 29, 4, 17, 62, 10, 53, 32, 28, 55, 46, 5, 20, 75, 51, 72, 73, 10, 13, 65, 6, 71, 56, 12, 52, 9, 38, 44, 44, 13, 23, 5, 51, 29, 38, 58, 68, 49, 33, 42, 11, 74, 6, 25, 61, 52, 13, 83, 0, 60, 34, 51, 27, 34, 42, 31, 60, 8, 68, 55, 23, 4, 25, 50, 22, 32, 72, 48, 24, 26, 37, 71, 8, 64, 66, 13, 15, 1, 28, 36, 24, 59, 58, 38, 68, 52, 7, 65, 25, 5, 47, 62, 65, 73, 24, 43, 46, 34, 6, 13, 3, 9, 27, 32, 59, 62, 61, 15, 23, 10, 43, 29, 13, 33, 25, 35, 8, 2, 32, 30, 22, 68, 59, 53, 48, 20, 46, 69, 34, 71, 31, 13, 3, 24, 15, 9, 14, 45, 42, 25, 12, 16, 51, 60, 24, 17, 19, 26, 75, 61, 27, 34, 25, 72, 22, 64, 48, 60, 0, 50, 30, 58, 2, 75, 56, 41, 10, 6, 19, 34, 69, 43, 44, 65, 30, 23, 60, 13, 37, 42, 66, 1, 56, 69, 34, 59, 28, 4, 54, 81, 35, 60, 64, 55, 84, 45, 74, 63, 23, 61, 65, 9, 44, 36, 2, 53, 57, 68, 64, 48, 40, 18, 62, 32, 60, 20, 13, 7, 11, 33, 61, 53, 39, 63, 43, 17, 47, 17, 45, 22, 2, 66, 28, 32, 5, 7, 41, 67, 44, 24, 3, 57, 1, 49, 45, 38, 15, 50, 69, 29, 65, 70, 51, 49, 60, 30, 68, 23, 42, 28, 2, 77, 11, 34, 0, 24, 32, 9, 27, 43, 47, 61, 6, 53, 50, 42, 45, 64, 5, 28, 40, 20, 71, 14, 66, 26, 61, 36, 41, 23, 72, 59, 66, 48, 55, 45, 38, 63, 0, 2, 26, 47, 24, 22, 13, 39, 62, 37, 5, 56, 1, 27, 61, 31, 29, 53, 36, 38, 9, 46, 44, 63, 7, 21, 19, 53, 5, 55, 17, 15, 20, 11, 13, 51, 24, 45, 66, 5, 47, 70, 44, 31, 67, 38, 59, 61, 75, 4, 15, 73, 29, 12, 55, 57, 18, 36, 32, 39, 24, 3, 19, 8, 31, 10, 38, 72, 55, 44, 41, 59, 6, 10, 2, 58, 8, 17, 60, 67, 26, 30, 73, 39, 59, 66, 9, 23, 11, 47, 72, 46, 30, 58, 5, 53, 22, 51, 0, 48, 65, 55, 4, 77, 73, 67, 2, 23, 69, 25, 56, 36, 33, 5, 4, 17, 24, 40, 53, 67, 18, 8, 2, 41, 57, 26, 19, 58, 24, 12, 40, 49, 32, 13, 64, 39, 74, 23, 33, 31, 45, 35, 52, 15, 46, 39, 34, 41, 54, 32, 13, 7, 78, 58, 19, 61, 71, 18, 59, 47, 45, 14, 17, 25, 72, 19, 13, 30, 44, 54, 46, 28, 61, 6, 29, 38, 20, 58, 74, 27, 19, 65, 47, 26, 35, 49, 20, 48, 28, 46, 8, 10, 41, 1, 36, 70, 50, 77, 29, 4, 40, 0, 42, 16, 65, 8, 17, 15, 56, 74]
convergência = [107, 106, 106, 106, 106, 106, 106, 106, 106, 106, 106]

===== FIM =====
