===== RESULTADO BRKGA L(2,1) =====
Arquivo: /Users/mateuspedrosa/Documents/TCC-II/BRKGA/data/Harwell-Boeing_cleaned/bcsstk03_clean.mtx

----- Execução #1 -----
[INFO] Parou por estagnação.
Tempo de execução: 3683ms
Span (lambda): 10
best_order = [7, 101, 41, 72, 26, 42, 106, 93, 24, 77, 23, 25, 61, 98, 86, 21, 70, 12, 35, 103, 87, 0, 55, 11, 46, 51, 40, 47, 84, 14, 10, 105, 80, 39, 89, 2, 9, 83, 88, 109, 37, 50, 92, 91, 33, 68, 36, 34, 6, 60, 59, 73, 15, 44, 111, 13, 78, 18, 3, 107, 30, 1, 28, 66, 71, 19, 5, 75, 69, 53, 57, 43, 32, 64, 108, 20, 85, 22, 67, 8, 56, 97, 52, 82, 31, 95, 45, 99, 74, 54, 79, 96, 110, 62, 81, 16, 94, 76, 58, 65, 100, 90, 17, 102, 104, 48, 27, 29, 63, 38, 4, 49]
labeling = [2, 3, 0, 4, 6, 8, 6, 0, 8, 4, 2, 3, 1, 7, 0, 5, 9, 10, 9, 7, 3, 4, 5, 2, 0, 2, 0, 6, 4, 8, 6, 9, 7, 1, 3, 1, 5, 5, 7, 3, 0, 0, 2, 8, 6, 6, 4, 4, 9, 10, 1, 2, 7, 3, 7, 0, 5, 5, 9, 3, 1, 0, 2, 10, 6, 8, 4, 8, 2, 6, 1, 3, 0, 3, 9, 5, 10, 0, 5, 8, 4, 10, 8, 6, 2, 6, 2, 0, 5, 4, 9, 7, 1, 1, 7, 3, 8, 5, 3, 6, 10, 0, 9, 0, 7, 4, 2, 3, 5, 6, 8, 1]
convergência = [10, 10, 10, 10, 10, 10, 10, 10, 10, 10, 10, 10, 10, 10, 10, 10, 10, 10, 10, 10, 10, 10, 10, 10, 10, 10, 10, 10, 10, 10, 10, 10, 10, 10, 10, 10, 10, 10, 10, 10, 10, 10, 10, 10, 10, 10, 10, 10, 10, 10, 10, 10, 10, 10, 10, 10, 10, 10, 10, 10, 10, 10, 10, 10, 10, 10, 10, 10, 10, 10, 10, 10, 10, 10, 10, 10, 10, 10, 10, 10, 10, 10, 10, 10, 10, 10, 10, 10, 10, 10, 10, 10, 10, 10, 10, 10, 10, 10, 10, 10, 10, 10, 10, 10, 10, 10, 10, 10, 10, 10, 10, 10, 10, 10, 10, 10, 10, 10, 10, 10, 10, 10, 10, 10]

===== FIM =====
