===== RESULTADO BRKGA L(2,1) =====
Arquivo: /Users/mateuspedrosa/Documents/TCC-II/BRKGA/data/Harwell-Boeing_cleaned/bcsstm04_clean.mtx

----- Execução #1 -----
[INFO] Parou por estagnação.
Tempo de execução: 1202ms
Span (lambda): 0
best_order = [99, 34, 126, 97, 16, 75, 43, 82, 14, 15, 87, 69, 67, 53, 61, 24, 79, 77, 47, 92, 63, 26, 60, 55, 95, 64, 54, 46, 108, 59, 104, 57, 30, 85, 101, 76, 94, 129, 78, 113, 127, 48, 80, 90, 40, 49, 65, 9, 115, 81, 29, 4, 124, 131, 41, 6, 51, 110, 32, 22, 58, 71, 121, 28, 86, 11, 3, 0, 84, 12, 33, 50, 107, 88, 105, 117, 96, 106, 2, 73, 125, 36, 37, 35, 130, 25, 123, 5, 56, 62, 128, 44, 91, 45, 100, 39, 83, 119, 42, 112, 1, 93, 120, 102, 74, 31, 18, 23, 10, 21, 114, 66, 98, 17, 68, 111, 19, 116, 118, 7, 13, 89, 38, 27, 109, 122, 103, 8, 70, 72, 20, 52]
labeling = [0, 0, 0, 0, 0, 0, 0, 0, 0, 0, 0, 0, 0, 0, 0, 0, 0, 0, 0, 0, 0, 0, 0, 0, 0, 0, 0, 0, 0, 0, 0, 0, 0, 0, 0, 0, 0, 0, 0, 0, 0, 0, 0, 0, 0, 0, 0, 0, 0, 0, 0, 0, 0, 0, 0, 0, 0, 0, 0, 0, 0, 0, 0, 0, 0, 0, 0, 0, 0, 0, 0, 0, 0, 0, 0, 0, 0, 0, 0, 0, 0, 0, 0, 0, 0, 0, 0, 0, 0, 0, 0, 0, 0, 0, 0, 0, 0, 0, 0, 0, 0, 0, 0, 0, 0, 0, 0, 0, 0, 0, 0, 0, 0, 0, 0, 0, 0, 0, 0, 0, 0, 0, 0, 0, 0, 0, 0, 0, 0, 0, 0, 0]
convergência = [0, 0, 0, 0, 0, 0, 0, 0, 0, 0, 0, 0, 0, 0, 0, 0, 0, 0, 0, 0, 0, 0, 0, 0, 0, 0, 0, 0, 0, 0, 0, 0, 0, 0, 0, 0, 0, 0, 0, 0, 0, 0, 0, 0, 0, 0, 0, 0, 0, 0, 0, 0, 0, 0, 0, 0, 0, 0, 0, 0, 0, 0, 0, 0, 0, 0, 0, 0, 0, 0, 0, 0, 0, 0, 0, 0, 0, 0, 0, 0, 0, 0, 0, 0, 0, 0, 0, 0, 0, 0, 0, 0, 0, 0, 0, 0, 0, 0, 0, 0, 0, 0, 0, 0, 0, 0, 0, 0, 0, 0, 0, 0, 0, 0, 0, 0, 0, 0, 0, 0, 0, 0, 0, 0]

===== FIM =====
