===== RESULTADO BRKGA L(2,1) =====
Arquivo: /Users/mateuspedrosa/Documents/TCC-II/BRKGA/data/Harwell-Boeing_cleaned/bcsstk20_clean.mtx

----- Execução #1 -----
[INFO] Parou por estagnação.
Tempo de execução: 55718ms
Span (lambda): 16
best_order = [28, 237, 472, 428, 21, 236, 131, 331, 79, 295, 83, 451, 65, 200, 115, 317, 164, 311, 139, 329, 81, 384, 263, 407, 400, 57, 464, 474, 347, 202, 241, 42, 458, 313, 240, 189, 18, 113, 476, 193, 439, 228, 408, 219, 340, 404, 409, 449, 110, 214, 287, 73, 8, 3, 82, 256, 270, 198, 300, 413, 423, 62, 477, 94, 445, 251, 187, 361, 58, 290, 403, 459, 157, 51, 144, 276, 386, 194, 359, 11, 358, 414, 383, 126, 273, 457, 156, 235, 266, 171, 430, 465, 199, 369, 254, 387, 154, 360, 247, 41, 401, 191, 106, 165, 353, 286, 160, 159, 456, 99, 368, 364, 206, 36, 335, 68, 338, 366, 483, 123, 362, 293, 88, 341, 278, 253, 70, 109, 257, 323, 411, 448, 61, 55, 391, 155, 225, 434, 363, 97, 140, 1, 102, 147, 249, 12, 63, 108, 168, 469, 380, 213, 415, 333, 296, 29, 355, 234, 395, 26, 250, 212, 10, 388, 268, 184, 279, 132, 224, 244, 84, 258, 112, 173, 179, 377, 484, 378, 215, 226, 392, 389, 436, 405, 120, 217, 137, 348, 371, 450, 308, 167, 50, 66, 231, 277, 103, 260, 121, 40, 30, 438, 181, 220, 216, 440, 33, 462, 282, 52, 232, 98, 211, 420, 299, 269, 473, 337, 442, 89, 56, 177, 92, 444, 302, 460, 67, 170, 141, 433, 267, 374, 34, 481, 321, 151, 454, 163, 453, 118, 111, 19, 69, 315, 196, 425, 136, 424, 298, 349, 294, 183, 319, 243, 145, 381, 482, 127, 201, 271, 468, 325, 105, 463, 143, 426, 396, 479, 233, 169, 9, 100, 76, 385, 48, 20, 288, 208, 446, 284, 134, 354, 365, 301, 281, 197, 195, 64, 96, 150, 149, 402, 152, 412, 124, 398, 35, 186, 305, 443, 475, 314, 306, 297, 90, 382, 255, 129, 332, 14, 146, 345, 135, 192, 128, 422, 223, 166, 416, 24, 435, 138, 161, 265, 190, 466, 324, 148, 471, 43, 262, 419, 326, 375, 252, 23, 59, 104, 309, 172, 38, 330, 239, 230, 470, 125, 86, 275, 343, 142, 346, 393, 107, 130, 175, 95, 27, 158, 289, 336, 31, 53, 264, 283, 119, 46, 133, 441, 4, 372, 153, 39, 80, 318, 431, 221, 182, 5, 480, 72, 351, 292, 399, 312, 455, 178, 322, 406, 229, 259, 44, 45, 327, 272, 77, 418, 291, 209, 174, 478, 87, 467, 122, 410, 274, 2, 222, 316, 162, 176, 116, 7, 357, 248, 379, 242, 261, 350, 304, 285, 15, 25, 245, 180, 204, 91, 22, 461, 376, 356, 394, 207, 218, 188, 339, 114, 342, 238, 421, 93, 117, 320, 307, 37, 6, 32, 370, 205, 210, 397, 280, 185, 373, 328, 60, 74, 49, 352, 13, 203, 227, 54, 246, 417, 344, 101, 85, 447, 310, 17, 429, 303, 71, 16, 75, 437, 367, 334, 0, 78, 390, 452, 47, 427, 432]
labeling = [9, 0, 6, 2, 2, 4, 8, 4, 0, 5, 0, 3, 1, 2, 7, 9, 5, 11, 2, 0, 4, 0, 4, 8, 6, 2, 3, 9, 0, 1, 5, 3, 11, 0, 1, 7, 4, 4, 9, 6, 0, 2, 0, 2, 8, 10, 4, 12, 5, 6, 2, 0, 1, 7, 9, 3, 4, 1, 0, 6, 8, 2, 3, 5, 4, 0, 7, 0, 2, 4, 3, 9, 0, 1, 6, 8, 4, 3, 10, 0, 5, 2, 2, 0, 4, 4, 6, 10, 1, 1, 7, 3, 5, 11, 0, 9, 6, 2, 3, 0, 4, 8, 2, 0, 4, 10, 2, 12, 7, 5, 3, 11, 9, 1, 13, 0, 13, 16, 4, 14, 3, 2, 11, 2, 7, 12, 0, 4, 8, 9, 15, 0, 2, 10, 6, 11, 6, 3, 7, 0, 2, 1, 14, 8, 1, 9, 11, 5, 12, 10, 3, 3, 5, 13, 4, 6, 2, 0, 15, 0, 0, 10, 15, 8, 0, 4, 8, 6, 2, 2, 8, 3, 10, 5, 12, 10, 14, 6, 4, 4, 16, 7, 13, 7, 5, 16, 9, 0, 11, 2, 11, 4, 9, 0, 2, 1, 1, 3, 2, 2, 0, 9, 0, 14, 11, 15, 4, 4, 7, 12, 7, 5, 5, 5, 3, 7, 6, 1, 13, 0, 0, 2, 8, 9, 5, 3, 3, 10, 1, 13, 10, 3, 8, 10, 3, 0, 1, 0, 13, 11, 0, 0, 8, 8, 6, 15, 16, 0, 14, 2, 3, 2, 6, 2, 4, 12, 0, 2, 4, 11, 6, 6, 6, 0, 9, 5, 2, 9, 4, 7, 2, 8, 13, 3, 4, 8, 0, 3, 5, 1, 14, 11, 5, 13, 10, 15, 5, 0, 5, 1, 1, 7, 15, 2, 8, 0, 3, 8, 5, 3, 3, 9, 7, 9, 0, 0, 10, 4, 6, 10, 16, 0, 13, 1, 11, 2, 2, 0, 7, 4, 13, 8, 15, 5, 5, 0, 7, 11, 15, 1, 12, 0, 10, 3, 4, 1, 8, 6, 3, 16, 2, 4, 11, 1, 13, 10, 12, 0, 6, 8, 13, 9, 3, 4, 7, 5, 14, 10, 3, 0, 2, 0, 6, 3, 1, 9, 7, 15, 5, 0, 5, 8, 12, 15, 6, 11, 13, 9, 5, 3, 3, 2, 4, 0, 0, 6, 2, 1, 1, 7, 16, 9, 11, 10, 12, 4, 9, 5, 11, 13, 3, 7, 7, 0, 0, 4, 15, 1, 5, 0, 2, 0, 1, 0, 4, 2, 4, 13, 12, 10, 8, 4, 6, 2, 8, 2, 10, 16, 0, 2, 2, 11, 12, 6, 0, 12, 4, 14, 6, 0, 5, 9, 2, 3, 4, 1, 8, 12, 4, 2, 7, 0, 5, 7, 5, 10, 3, 2, 0, 4, 5, 1, 3, 7, 0, 6, 8, 8, 3, 1, 1, 2, 0, 4, 0, 6, 0, 2, 9, 7, 4, 3, 5, 0, 1]
convergência = [17, 17, 17, 17, 17, 17, 17, 17, 17, 17, 17, 17, 17, 17, 17, 17, 17, 17, 17, 17, 17, 17, 17, 17, 17, 17, 17, 17, 17, 17, 17, 17, 17, 17, 17, 17, 17, 17, 17, 17, 17, 17, 17, 17, 17, 17, 17, 17, 17, 17, 17, 17, 17, 17, 17, 17, 17, 17, 17, 17, 17, 17, 17, 17, 17, 17, 17, 17, 17, 17, 17, 17, 17, 17, 17, 17, 17, 17, 17, 17, 17, 17, 17, 17, 17, 17, 17, 17, 17, 17, 17, 17, 17, 17, 16, 16, 16, 16, 16, 16, 16, 16, 16, 16, 16, 16, 16, 16, 16, 16, 16, 16, 16, 16, 16, 16, 16, 16, 16, 16, 16, 16, 16, 16, 16, 16, 16, 16, 16, 16, 16, 16, 16, 16, 16, 16, 16, 16, 16, 16, 16, 16, 16, 16, 16, 16, 16, 16, 16, 16, 16, 16, 16, 16, 16, 16, 16, 16, 16, 16, 16, 16, 16, 16, 16, 16, 16, 16, 16, 16, 16, 16, 16, 16, 16, 16, 16, 16, 16, 16, 16, 16, 16, 16, 16, 16, 16, 16, 16, 16, 16, 16, 16, 16, 16, 16, 16, 16, 16, 16, 16, 16, 16, 16, 16, 16, 16, 16, 16, 16, 16, 16, 16, 16, 16, 16, 16, 16]

===== FIM =====
