===== RESULTADO BRKGA L(2,1) =====
Arquivo: /Users/mateuspedrosa/Documents/TCC-II/BRKGA/data/Harwell-Boeing_cleaned/bcsstk01_clean.mtx

----- Execução #1 -----
[INFO] Parou por estagnação.
Tempo de execução: 1982ms
Span (lambda): 15
best_order = [44, 24, 25, 46, 13, 21, 6, 17, 41, 10, 39, 22, 12, 29, 8, 11, 3, 4, 14, 23, 36, 45, 30, 40, 16, 34, 31, 1, 15, 7, 19, 9, 47, 37, 42, 27, 33, 38, 5, 18, 43, 0, 26, 20, 28, 35, 2, 32]
labeling = [14, 3, 15, 1, 5, 11, 1, 12, 6, 10, 3, 8, 7, 2, 9, 13, 11, 5, 4, 6, 12, 4, 2, 9, 0, 0, 11, 7, 7, 2, 4, 9, 2, 4, 12, 6, 10, 11, 5, 1, 8, 3, 15, 15, 0, 7, 0, 13]
convergência = [17, 17, 17, 17, 17, 16, 16, 16, 16, 16, 16, 16, 16, 16, 16, 16, 16, 16, 16, 16, 16, 16, 16, 16, 16, 16, 16, 16, 15, 15, 15, 15, 15, 15, 15, 15, 15, 15, 15, 15, 15, 15, 15, 15, 15, 15, 15, 15, 15, 15, 15, 15, 15, 15, 15, 15, 15, 15, 15, 15, 15, 15, 15, 15, 15, 15, 15, 15, 15, 15, 15, 15, 15, 15, 15, 15, 15, 15, 15, 15, 15, 15, 15, 15, 15, 15, 15, 15, 15, 15, 15, 15, 15, 15, 15, 15, 15, 15, 15, 15, 15, 15, 15, 15, 15, 15, 15, 15, 15, 15, 15, 15, 15, 15, 15, 15, 15, 15, 15, 15, 15, 15, 15, 15, 15, 15, 15, 15, 15, 15, 15, 15, 15, 15, 15, 15, 15, 15, 15, 15, 15, 15, 15, 15, 15, 15, 15, 15, 15, 15, 15, 15]

===== FIM =====
