===== RESULTADO BRKGA L(2,1) =====
Arquivo: /Users/mateuspedrosa/Documents/TCC-II/BRKGA/data/Harwell-Boeing_cleaned/bcsstk07_clean.mtx

----- Execução #1 -----
[INFO] Parou por estagnação.
Tempo de execução: 441303ms
Span (lambda): 42
best_order = [157, 379, 159, 331, 216, 319, 116, 102, 95, 173, 96, 36, 103, 108, 152, 148, 413, 72, 93, 191, 0, 323, 111, 361, 419, 51, 107, 278, 259, 49, 409, 363, 196, 333, 20, 321, 366, 417, 220, 285, 163, 295, 184, 311, 418, 239, 76, 294, 284, 414, 232, 370, 348, 356, 210, 110, 224, 181, 133, 34, 112, 129, 309, 382, 272, 98, 7, 315, 215, 402, 44, 229, 156, 304, 179, 317, 71, 60, 13, 211, 403, 105, 368, 246, 354, 296, 313, 74, 41, 217, 99, 141, 330, 283, 68, 324, 235, 230, 165, 56, 207, 29, 412, 374, 22, 392, 243, 233, 353, 37, 399, 150, 140, 339, 63, 77, 268, 271, 25, 244, 121, 256, 316, 144, 378, 226, 252, 200, 92, 334, 326, 400, 162, 384, 376, 355, 73, 383, 17, 16, 83, 388, 88, 387, 373, 135, 149, 128, 345, 168, 50, 223, 342, 153, 293, 134, 337, 299, 408, 26, 247, 15, 182, 222, 147, 305, 301, 341, 59, 310, 190, 406, 307, 138, 360, 253, 292, 131, 280, 395, 58, 362, 218, 249, 203, 87, 3, 202, 2, 78, 274, 30, 85, 137, 193, 394, 66, 187, 266, 155, 322, 136, 24, 260, 53, 328, 393, 64, 97, 372, 81, 251, 65, 261, 123, 130, 308, 314, 344, 55, 14, 115, 47, 117, 82, 415, 275, 228, 192, 204, 267, 9, 201, 124, 364, 19, 208, 290, 325, 276, 318, 263, 186, 352, 213, 262, 176, 189, 45, 61, 212, 113, 336, 194, 158, 240, 270, 104, 343, 69, 350, 359, 405, 416, 42, 40, 338, 79, 340, 369, 142, 389, 101, 269, 397, 214, 327, 281, 365, 21, 28, 161, 146, 106, 288, 286, 332, 391, 297, 70, 287, 114, 11, 46, 302, 75, 357, 167, 219, 248, 154, 411, 398, 335, 185, 8, 209, 264, 18, 174, 245, 381, 231, 390, 254, 380, 38, 80, 143, 277, 39, 120, 48, 67, 31, 329, 183, 94, 227, 349, 1, 170, 160, 198, 242, 205, 347, 221, 86, 119, 238, 225, 367, 62, 279, 386, 180, 90, 410, 312, 122, 4, 265, 125, 5, 145, 54, 258, 351, 385, 234, 273, 139, 306, 195, 91, 371, 171, 396, 178, 375, 197, 404, 346, 175, 303, 206, 169, 177, 126, 298, 10, 118, 32, 33, 291, 166, 151, 257, 52, 407, 241, 27, 12, 320, 57, 199, 100, 377, 43, 23, 282, 401, 300, 35, 127, 132, 289, 188, 237, 236, 84, 109, 89, 6, 250, 255, 172, 164, 358]
labeling = [0, 5, 0, 7, 11, 31, 33, 3, 13, 21, 5, 28, 38, 0, 19, 11, 9, 6, 26, 16, 1, 30, 0, 32, 15, 2, 8, 40, 11, 4, 13, 26, 38, 28, 2, 31, 0, 7, 18, 6, 1, 1, 6, 20, 4, 26, 9, 18, 29, 1, 16, 8, 36, 24, 34, 17, 12, 39, 20, 14, 3, 29, 37, 21, 25, 27, 23, 36, 19, 33, 35, 6, 1, 20, 17, 22, 5, 10, 12, 16, 24, 9, 3, 3, 19, 7, 11, 23, 5, 40, 32, 35, 14, 6, 30, 2, 4, 27, 10, 18, 41, 33, 0, 5, 31, 16, 34, 11, 7, 40, 13, 9, 15, 30, 37, 28, 3, 14, 29, 34, 19, 8, 39, 0, 0, 7, 8, 10, 6, 0, 12, 21, 38, 3, 17, 11, 22, 25, 19, 37, 13, 8, 26, 35, 15, 23, 28, 24, 4, 22, 20, 38, 1, 18, 23, 26, 12, 0, 32, 2, 27, 21, 6, 4, 41, 1, 7, 3, 4, 11, 6, 26, 31, 1, 20, 28, 24, 36, 29, 9, 32, 7, 18, 16, 2, 30, 12, 21, 40, 27, 17, 6, 3, 19, 25, 31, 5, 35, 29, 39, 10, 20, 15, 13, 17, 9, 37, 1, 0, 8, 4, 6, 16, 13, 22, 8, 0, 10, 19, 23, 3, 34, 17, 15, 5, 31, 14, 38, 1, 4, 11, 20, 0, 13, 24, 9, 36, 28, 12, 2, 16, 14, 33, 4, 3, 25, 0, 7, 23, 5, 10, 8, 4, 6, 14, 42, 12, 40, 18, 2, 26, 21, 32, 30, 37, 39, 24, 28, 16, 35, 33, 18, 7, 40, 22, 26, 15, 30, 5, 34, 18, 31, 37, 6, 8, 1, 21, 19, 13, 27, 11, 5, 5, 2, 3, 0, 5, 29, 36, 9, 41, 16, 31, 38, 4, 20, 34, 22, 27, 6, 13, 0, 36, 10, 25, 12, 19, 14, 29, 1, 41, 9, 24, 3, 17, 28, 20, 30, 4, 35, 15, 0, 33, 1, 2, 7, 3, 0, 11, 6, 19, 21, 14, 25, 23, 18, 40, 37, 1, 35, 33, 39, 30, 15, 8, 17, 3, 34, 16, 27, 21, 4, 23, 7, 26, 32, 11, 36, 13, 25, 6, 39, 22, 10, 18, 2, 2, 9, 0, 0, 0, 27, 2, 10, 8, 34, 32, 13, 11, 16, 29, 7, 5, 24, 22, 20, 41, 12, 26, 6, 9, 18, 0, 2, 31, 29, 19, 40, 15, 5, 38, 27, 8, 1, 3, 12, 20, 0, 0, 0]
convergência = [45, 45, 45, 45, 44, 44, 44, 44, 44, 44, 44, 44, 44, 44, 44, 44, 44, 44, 44, 44, 44, 44, 44, 43, 43, 43, 43, 43, 43, 43, 43, 43, 43, 43, 43, 43, 43, 43, 43, 43, 43, 43, 43, 43, 43, 43, 43, 43, 43, 43, 43, 43, 43, 43, 43, 43, 43, 43, 43, 43, 43, 43, 43, 43, 43, 43, 43, 43, 43, 43, 43, 43, 43, 43, 43, 43, 43, 43, 43, 43, 43, 43, 43, 43, 43, 43, 43, 43, 43, 43, 43, 43, 43, 43, 43, 43, 43, 43, 43, 43, 43, 43, 43, 43, 43, 43, 43, 43, 43, 43, 43, 43, 43, 43, 43, 43, 43, 43, 43, 43, 42, 42, 42, 42, 42, 42, 42, 42, 42, 42, 42, 42, 42, 42, 42, 42, 42, 42, 42, 42, 42, 42, 42, 42, 42, 42, 42, 42, 42, 42, 42, 42, 42, 42, 42, 42, 42, 42, 42, 42, 42, 42, 42, 42, 42, 42, 42, 42, 42, 42, 42, 42, 42, 42, 42, 42, 42, 42, 42, 42, 42, 42, 42, 42, 42, 42, 42, 42, 42, 42, 42, 42, 42, 42, 42, 42, 42, 42, 42, 42, 42, 42, 42, 42, 42, 42, 42, 42, 42, 42, 42, 42, 42, 42, 42, 42, 42, 42, 42, 42, 42, 42, 42, 42, 42, 42, 42, 42, 42, 42, 42, 42, 42, 42, 42, 42, 42, 42, 42, 42, 42, 42, 42, 42]

===== FIM =====
