===== RESULTADO BRKGA L(2,1) =====
Arquivo: /Users/mateuspedrosa/Documents/TCC-II/BRKGA/data/Harwell-Boeing_cleaned/bcsstk27_clean.mtx

----- Execução #1 -----
[INFO] Time limit atingido: 15 minutos. Interrompido no meio de uma geração.
Tempo de execução: 900021ms
Span (lambda): 92
best_order = [630, 724, 157, 629, 104, 667, 470, 839, 685, 501, 154, 993, 1180, 206, 1140, 1147, 545, 886, 786, 235, 807, 4, 913, 953, 499, 999, 675, 625, 26, 600, 1052, 676, 1122, 533, 514, 880, 500, 7, 1051, 312, 892, 377, 703, 472, 897, 50, 431, 1040, 945, 283, 546, 1165, 554, 990, 327, 232, 0, 471, 952, 931, 1069, 674, 1158, 1001, 465, 402, 267, 347, 436, 881, 1036, 708, 231, 187, 736, 272, 234, 1185, 746, 791, 218, 444, 1132, 125, 189, 89, 16, 65, 134, 974, 203, 1171, 486, 260, 1212, 1208, 309, 147, 1056, 439, 1027, 345, 853, 66, 666, 643, 646, 610, 1014, 403, 409, 192, 1125, 680, 841, 420, 518, 280, 716, 182, 599, 379, 987, 511, 1048, 870, 960, 668, 1169, 17, 816, 1096, 959, 761, 576, 917, 76, 419, 812, 1055, 1092, 845, 394, 233, 580, 424, 758, 539, 176, 727, 709, 805, 82, 1031, 296, 359, 1098, 1177, 57, 1028, 135, 325, 1063, 1204, 1223, 344, 961, 405, 91, 253, 785, 23, 992, 915, 1102, 458, 1197, 60, 1088, 798, 934, 573, 564, 461, 9, 262, 997, 374, 968, 59, 739, 932, 105, 555, 593, 954, 858, 1175, 331, 243, 58, 820, 864, 707, 1194, 935, 936, 1127, 1196, 148, 1080, 1067, 763, 603, 632, 770, 452, 735, 955, 495, 353, 441, 566, 287, 681, 1222, 653, 622, 792, 141, 730, 210, 478, 757, 636, 1216, 925, 301, 1211, 18, 1071, 776, 216, 433, 718, 1054, 32, 774, 568, 929, 1189, 1190, 383, 827, 843, 297, 117, 99, 333, 956, 742, 1000, 527, 1116, 303, 647, 928, 1174, 237, 1081, 122, 212, 161, 844, 378, 178, 699, 579, 866, 741, 1191, 275, 349, 77, 354, 947, 884, 1115, 840, 733, 140, 509, 68, 47, 722, 381, 631, 384, 356, 1076, 28, 814, 926, 276, 521, 535, 265, 304, 1022, 927, 976, 623, 483, 443, 425, 578, 155, 268, 671, 318, 214, 219, 447, 677, 450, 410, 244, 1131, 51, 712, 1210, 372, 1038, 989, 794, 1109, 513, 633, 537, 850, 504, 1217, 246, 422, 856, 199, 412, 448, 1057, 1044, 339, 520, 484, 896, 614, 136, 288, 650, 826, 1150, 869, 163, 749, 571, 34, 442, 162, 1085, 592, 704, 1157, 760, 128, 1024, 859, 464, 98, 849, 721, 905, 806, 1035, 407, 937, 660, 481, 12, 1110, 906, 887, 317, 1187, 505, 542, 25, 1199, 910, 144, 38, 365, 524, 506, 867, 832, 1058, 226, 583, 560, 1168, 101, 24, 525, 392, 115, 313, 281, 292, 788, 138, 174, 567, 1144, 616, 376, 2, 754, 211, 19, 1005, 1114, 493, 831, 417, 1149, 510, 1146, 455, 291, 131, 1162, 124, 1205, 71, 1066, 1126, 274, 1050, 628, 193, 1219, 748, 538, 916, 311, 825, 221, 944, 54, 1060, 613, 479, 6, 3, 902, 64, 512, 1159, 1163, 541, 682, 591, 673, 1202, 398, 20, 83, 876, 429, 29, 597, 713, 320, 1167, 883, 888, 963, 544, 1104, 857, 780, 815, 619, 195, 1046, 891, 160, 740, 100, 981, 1182, 911, 114, 1011, 556, 308, 414, 1161, 562, 922, 872, 1188, 449, 30, 1016, 540, 1017, 552, 823, 598, 1220, 328, 369, 315, 256, 186, 1138, 236, 175, 93, 1095, 852, 659, 696, 1221, 367, 224, 90, 397, 755, 777, 1065, 1198, 813, 1082, 200, 225, 357, 919, 188, 129, 41, 44, 1160, 389, 621, 180, 1123, 1215, 382, 577, 553, 558, 348, 177, 1117, 401, 45, 27, 282, 803, 759, 1135, 879, 1020, 435, 222, 217, 1170, 298, 1019, 1037, 1184, 863, 95, 96, 1153, 644, 1209, 637, 290, 79, 605, 469, 252, 166, 482, 393, 651, 239, 584, 977, 608, 912, 648, 980, 941, 585, 1078, 1186, 778, 1166, 310, 575, 1173, 900, 885, 399, 1108, 847, 1124, 1047, 635, 295, 335, 515, 948, 982, 1077, 649, 84, 121, 830, 907, 209, 971, 756, 1061, 561, 895, 846, 1049, 94, 664, 408, 1074, 172, 197, 738, 1033, 714, 851, 371, 582, 294, 299, 802, 1084, 263, 446, 745, 321, 618, 159, 995, 55, 972, 690, 332, 750, 626, 271, 753, 1008, 874, 230, 698, 249, 581, 107, 42, 1083, 204, 1136, 689, 574, 373, 654, 1007, 490, 1192, 1018, 967, 978, 946, 627, 543, 254, 196, 638, 965, 8, 1010, 269, 338, 1120, 198, 503, 838, 641, 1154, 151, 69, 13, 1195, 873, 169, 113, 529, 889, 1106, 350, 1093, 342, 710, 1201, 767, 590, 480, 87, 975, 1029, 894, 790, 168, 1087, 642, 1006, 416, 920, 1155, 316, 438, 547, 1043, 526, 868, 406, 1059, 173, 360, 48, 463, 391, 462, 819, 1097, 341, 1072, 695, 227, 346, 62, 810, 964, 607, 781, 924, 171, 1042, 167, 801, 821, 855, 1073, 985, 692, 639, 270, 694, 215, 606, 789, 1053, 1145, 686, 1152, 153, 1200, 950, 1103, 300, 11, 842, 33, 1193, 899, 921, 183, 1064, 1142, 617, 491, 519, 768, 418, 983, 640, 73, 489, 824, 940, 782, 551, 988, 634, 477, 720, 949, 783, 1100, 110, 656, 191, 893, 602, 865, 322, 1214, 257, 572, 242, 809, 804, 286, 184, 817, 522, 476, 289, 1176, 530, 691, 587, 734, 156, 516, 72, 395, 404, 70, 662, 747, 793, 432, 22, 996, 245, 278, 1112, 85, 923, 305, 507, 355, 145, 375, 1133, 15, 728, 368, 550, 1003, 53, 772, 201, 725, 255, 259, 729, 247, 1113, 508, 323, 158, 337, 966, 986, 731, 240, 133, 137, 1143, 1094, 363, 456, 1023, 324, 428, 683, 466, 329, 705, 1203, 181, 918, 451, 661, 970, 1013, 799, 340, 1206, 411, 773, 284, 973, 871, 570, 112, 1179, 833, 39, 170, 1089, 106, 684, 164, 1181, 56, 179, 1034, 797, 208, 415, 595, 81, 385, 109, 1151, 620, 1012, 485, 548, 933, 149, 532, 752, 624, 445, 615, 426, 467, 277, 1128, 40, 645, 1039, 658, 502, 396, 1156, 848, 1105, 898, 795, 1137, 457, 14, 251, 528, 430, 453, 1207, 601, 875, 697, 1178, 52, 49, 655, 202, 663, 103, 1021, 423, 258, 942, 364, 10, 1111, 984, 822, 569, 903, 63, 901, 930, 111, 861, 796, 427, 498, 380, 307, 285, 765, 205, 882, 669, 808, 771, 1099, 665, 890, 120, 559, 679, 604, 726, 586, 358, 737, 938, 1172, 213, 1091, 877, 207, 829, 46, 306, 319, 139, 473, 715, 474, 1148, 751, 837, 769, 67, 459, 652, 1009, 818, 764, 1164, 351, 1025, 701, 229, 5, 413, 612, 908, 152, 492, 719, 958, 523, 497, 914, 440, 787, 352, 557, 1075, 86, 266, 248, 1062, 836, 672, 127, 702, 800, 609, 1070, 565, 366, 21, 388, 223, 969, 779, 951, 92, 1134, 273, 1032, 1041, 531, 1118, 238, 1183, 123, 693, 194, 387, 657, 102, 678, 475, 279, 326, 517, 1119, 143, 1045, 119, 361, 31, 330, 190, 536, 594, 496, 421, 1213, 904, 1121, 717, 36, 1004, 834, 386, 1218, 468, 1101, 854, 687, 775, 108, 261, 784, 437, 723, 700, 711, 343, 994, 165, 1086, 957, 862, 228, 743, 75, 563, 74, 1130, 596, 766, 142, 1107, 43, 1090, 370, 88, 130, 939, 706, 126, 828, 35, 362, 132, 488, 998, 1141, 909, 860, 293, 1129, 150, 732, 611, 670, 220, 549, 762, 37, 534, 80, 146, 78, 1015, 1068, 494, 314, 454, 400, 1002, 334, 460, 589, 979, 962, 241, 97, 185, 250, 434, 302, 1079, 744, 1030, 1139, 264, 688, 991, 878, 61, 1, 811, 835, 943, 1026, 390, 336, 116, 118, 588, 487]
labeling = [5, 16, 9, 35, 0, 50, 11, 4, 29, 1, 47, 34, 9, 13, 11, 4, 2, 7, 21, 32, 38, 62, 46, 13, 30, 27, 2, 43, 24, 39, 41, 64, 22, 31, 16, 76, 60, 78, 20, 42, 49, 25, 36, 62, 27, 21, 46, 7, 32, 44, 0, 25, 57, 49, 34, 54, 59, 10, 19, 17, 15, 84, 56, 67, 37, 6, 8, 71, 18, 45, 58, 33, 53, 38, 74, 51, 3, 14, 82, 23, 57, 40, 5, 12, 30, 47, 61, 1, 65, 3, 44, 12, 63, 42, 52, 48, 50, 97, 26, 23, 40, 29, 79, 65, 1, 11, 61, 35, 77, 63, 47, 69, 55, 28, 19, 17, 43, 10, 72, 35, 18, 16, 9, 87, 32, 5, 91, 85, 30, 46, 89, 36, 95, 76, 7, 9, 21, 73, 31, 83, 16, 13, 81, 75, 25, 59, 85, 2, 8, 32, 67, 22, 50, 25, 2, 11, 27, 0, 74, 55, 39, 14, 20, 28, 80, 93, 49, 70, 64, 62, 78, 68, 51, 66, 33, 37, 6, 42, 18, 71, 39, 56, 4, 52, 54, 64, 27, 4, 22, 6, 48, 67, 17, 34, 88, 37, 58, 53, 60, 26, 41, 72, 84, 15, 57, 86, 1, 90, 82, 47, 10, 35, 20, 88, 24, 49, 12, 44, 0, 14, 58, 1, 30, 40, 8, 45, 24, 63, 91, 69, 56, 9, 5, 19, 13, 3, 43, 22, 94, 50, 75, 96, 65, 17, 30, 63, 32, 67, 92, 28, 80, 53, 26, 5, 41, 50, 27, 42, 52, 66, 16, 73, 21, 47, 80, 29, 77, 7, 33, 59, 61, 55, 11, 83, 40, 25, 27, 73, 69, 85, 8, 38, 48, 2, 60, 77, 56, 13, 23, 44, 32, 14, 10, 85, 39, 37, 2, 12, 35, 53, 68, 18, 93, 23, 31, 71, 81, 79, 44, 14, 51, 42, 0, 36, 89, 46, 58, 29, 20, 64, 31, 33, 52, 17, 26, 6, 30, 0, 20, 58, 63, 8, 28, 5, 90, 49, 95, 74, 60, 34, 76, 65, 62, 87, 10, 6, 67, 4, 39, 24, 54, 61, 72, 12, 15, 50, 17, 11, 45, 4, 33, 82, 86, 52, 78, 22, 80, 47, 72, 38, 84, 55, 25, 57, 16, 70, 30, 1, 21, 8, 78, 26, 48, 19, 28, 32, 86, 84, 82, 22, 88, 39, 15, 24, 1, 42, 59, 31, 27, 36, 91, 44, 3, 9, 68, 13, 64, 41, 53, 11, 33, 75, 35, 80, 45, 73, 63, 43, 66, 2, 0, 71, 13, 56, 5, 21, 50, 53, 48, 29, 66, 5, 46, 19, 74, 51, 7, 89, 56, 17, 83, 20, 39, 24, 15, 77, 58, 29, 37, 50, 31, 69, 18, 76, 83, 23, 52, 59, 10, 41, 55, 11, 25, 34, 23, 14, 43, 62, 87, 54, 0, 12, 10, 79, 81, 85, 67, 65, 22, 47, 61, 42, 55, 27, 34, 72, 6, 87, 48, 40, 4, 21, 46, 20, 39, 16, 30, 73, 69, 4, 8, 2, 57, 59, 28, 36, 40, 71, 75, 25, 44, 16, 49, 30, 3, 57, 74, 80, 9, 63, 11, 0, 36, 38, 13, 19, 32, 13, 44, 33, 37, 82, 77, 6, 88, 26, 86, 32, 46, 18, 53, 51, 38, 66, 20, 1, 7, 68, 78, 86, 76, 70, 41, 52, 5, 2, 23, 43, 26, 28, 15, 31, 15, 48, 1, 80, 21, 29, 23, 60, 41, 35, 72, 14, 64, 56, 10, 48, 27, 24, 12, 62, 58, 17, 45, 55, 82, 73, 91, 47, 31, 21, 10, 8, 35, 36, 55, 12, 17, 8, 5, 74, 39, 19, 76, 50, 69, 67, 54, 84, 3, 89, 87, 37, 30, 79, 33, 65, 60, 39, 77, 42, 19, 6, 53, 0, 25, 29, 13, 2, 0, 27, 22, 34, 65, 47, 25, 45, 57, 63, 71, 59, 61, 13, 43, 81, 15, 22, 46, 52, 28, 44, 85, 4, 49, 83, 68, 74, 70, 11, 9, 51, 34, 42, 18, 52, 11, 4, 16, 49, 82, 29, 77, 40, 10, 1, 6, 31, 86, 78, 17, 24, 38, 73, 75, 2, 62, 88, 93, 56, 36, 47, 31, 72, 40, 23, 7, 32, 26, 14, 54, 67, 69, 8, 36, 56, 79, 21, 12, 19, 58, 89, 33, 42, 48, 80, 14, 84, 26, 82, 60, 29, 20, 91, 0, 54, 65, 10, 25, 58, 16, 44, 76, 20, 38, 23, 0, 65, 51, 5, 41, 30, 28, 92, 94, 53, 3, 66, 39, 35, 55, 71, 68, 51, 32, 44, 46, 18, 8, 34, 27, 6, 70, 12, 49, 46, 68, 11, 13, 74, 9, 72, 60, 62, 18, 88, 25, 47, 49, 81, 43, 59, 64, 75, 90, 15, 1, 86, 37, 62, 57, 4, 22, 53, 24, 78, 83, 76, 2, 24, 48, 22, 7, 36, 56, 16, 32, 2, 58, 70, 54, 93, 12, 34, 29, 45, 7, 77, 84, 67, 19, 69, 80, 50, 73, 41, 33, 11, 88, 60, 43, 30, 20, 19, 52, 64, 44, 50, 39, 0, 27, 4, 41, 21, 23, 14, 63, 61, 79, 38, 31, 65, 52, 10, 87, 71, 28, 48, 17, 36, 91, 82, 85, 25, 9, 39, 14, 13, 17, 11, 9, 66, 33, 47, 37, 68, 30, 83, 89, 55, 6, 8, 81, 44, 26, 59, 1, 40, 46, 56, 78, 22, 4, 74, 62, 54, 2, 0, 68, 58, 42, 43, 15, 26, 51, 20, 22, 35, 60, 78, 24, 49, 57, 3, 85, 16, 42, 13, 76, 53, 64, 69, 51, 72, 66, 29, 35, 37, 33, 24, 70, 6, 12, 60, 8, 0, 4, 12, 39, 87, 54, 32, 74, 91, 28, 7, 45, 18, 38, 71, 67, 82, 11, 5, 25, 27, 31, 84, 79, 19, 17, 21, 87, 39, 47, 45, 49, 43, 14, 41, 36, 6, 25, 77, 2, 62, 10, 23, 58, 89, 50, 40, 52, 65, 80, 59, 73, 15, 61, 34, 9, 90, 23, 0, 63, 41, 56, 10, 58, 2, 28, 4, 65, 33, 43, 14, 27, 47, 30, 72, 60, 20, 68, 75, 13, 86, 42, 44, 55, 48, 46, 78, 29, 69, 36, 81, 88, 12, 20, 54, 83, 8, 60, 37, 51, 30, 6, 22, 4, 24, 0, 66, 63, 49, 11, 82, 17, 51, 8, 53, 38, 3, 1, 64, 26, 16, 5, 31, 33, 57, 39, 43, 74, 22, 66, 35, 32, 25, 47, 1, 45, 9, 37, 39, 26, 77, 15, 45, 35, 88, 6, 19, 40, 58, 56, 28, 85, 62, 24, 70, 87, 76, 14, 50, 68, 41, 11, 59, 18, 61, 55, 77, 4, 53, 13, 41, 20, 48, 18, 23, 30, 73, 52, 67, 32, 21, 12, 42, 79, 81, 60, 83, 2, 44, 54, 9, 37, 20, 72, 89, 80, 27, 7, 48, 75, 38, 46, 65, 15, 50, 2, 44, 16, 69, 27, 46, 36, 4, 75, 34, 25, 71, 65, 49, 57, 63, 74, 29, 5, 39, 47, 35, 31, 33, 69, 0, 52, 25, 23, 10, 40, 3, 56, 14, 10, 7, 24, 5, 12, 40, 0, 61, 31, 77, 38, 3, 21, 19, 43, 13, 15, 17, 51, 53, 6, 28, 9, 11, 45, 22, 59, 55, 41, 30, 1, 20, 61, 66, 8, 50, 16, 14, 6, 58, 42, 28, 12, 18, 32, 24, 26, 21, 4, 2]
convergência = [94, 94, 94, 94, 94, 94, 94, 94, 94, 94, 93, 93, 93, 93, 93, 93, 93, 93, 93, 93, 93, 93, 93, 93, 93, 93, 93, 93, 93, 92, 92, 92, 92, 92, 92, 92, 92]

===== FIM =====
