===== RESULTADO BRKGA L(2,1) =====
Arquivo: /Users/mateuspedrosa/Documents/TCC-II/BRKGA/data/Harwell-Boeing_cleaned/bcsstm13_clean.mtx

----- Execução #1 -----
[INFO] Time limit atingido: 15 minutos. Interrompido no meio de uma geração.
Tempo de execução: 900012ms
Span (lambda): 84
best_order = [1088, 871, 1506, 319, 572, 588, 1934, 1446, 380, 1630, 1670, 1784, 627, 1109, 32, 445, 190, 1315, 417, 573, 1879, 1940, 914, 898, 936, 0, 25, 1302, 497, 1594, 1688, 287, 1332, 981, 786, 201, 321, 1148, 1076, 1979, 482, 699, 1432, 1187, 167, 548, 308, 859, 1172, 1136, 1464, 428, 1621, 1283, 1362, 168, 257, 1579, 252, 789, 1028, 1042, 1810, 1259, 136, 1044, 1708, 414, 672, 76, 1216, 451, 1951, 1974, 194, 1834, 603, 1183, 1915, 1837, 105, 757, 1746, 1235, 751, 369, 70, 649, 1112, 772, 139, 525, 223, 344, 1059, 1353, 114, 1905, 1720, 798, 333, 918, 1705, 795, 569, 1704, 359, 728, 1488, 381, 1440, 1185, 500, 67, 1774, 1794, 678, 431, 5, 298, 1240, 881, 1176, 535, 1711, 631, 1344, 1292, 1189, 1465, 1632, 1006, 193, 828, 1413, 663, 145, 670, 929, 1587, 1589, 1387, 166, 1496, 4, 1987, 1898, 1034, 346, 1263, 1083, 938, 570, 1254, 1865, 744, 1617, 1381, 1815, 645, 1399, 446, 1025, 711, 955, 318, 1077, 395, 1578, 41, 973, 1867, 719, 691, 219, 452, 1217, 1549, 393, 830, 1765, 1180, 1322, 1211, 1386, 1590, 878, 593, 501, 1875, 655, 1706, 946, 609, 279, 1633, 191, 237, 485, 1338, 439, 1470, 1164, 1507, 2002, 1026, 1864, 1374, 62, 1275, 1186, 1524, 870, 351, 1798, 1924, 827, 372, 1817, 314, 97, 429, 1337, 978, 1472, 55, 373, 1375, 991, 903, 686, 710, 860, 34, 1262, 1597, 643, 1467, 42, 633, 632, 432, 1874, 1361, 162, 420, 1146, 1392, 787, 1672, 1284, 152, 80, 752, 602, 949, 75, 140, 1602, 1265, 1611, 1282, 1655, 1845, 1013, 1398, 534, 652, 1855, 1255, 1913, 1348, 768, 1230, 291, 941, 184, 1035, 442, 1600, 1453, 619, 702, 1548, 708, 794, 685, 1461, 825, 1052, 1777, 934, 265, 1574, 796, 1094, 120, 667, 426, 521, 1350, 972, 1369, 77, 379, 365, 112, 1949, 1002, 1451, 262, 1719, 398, 616, 1651, 807, 1456, 1835, 255, 498, 746, 40, 1894, 1128, 1715, 285, 873, 1294, 905, 1973, 1755, 1411, 12, 1795, 288, 487, 247, 923, 329, 804, 1053, 597, 378, 1982, 962, 915, 1326, 1717, 1045, 363, 1372, 770, 161, 735, 630, 1152, 666, 235, 1526, 224, 939, 164, 1827, 927, 477, 1718, 1223, 1695, 1741, 861, 397, 248, 281, 218, 30, 213, 568, 820, 885, 1859, 1751, 388, 1150, 1772, 1762, 1797, 698, 1080, 1766, 192, 765, 174, 422, 1089, 1379, 1000, 1433, 1429, 286, 1752, 475, 391, 1786, 1171, 1142, 626, 208, 727, 1740, 332, 26, 1450, 1966, 1908, 317, 210, 81, 584, 1947, 268, 256, 186, 385, 648, 447, 1895, 274, 1347, 254, 611, 1163, 1684, 1923, 1959, 143, 1231, 1744, 1933, 301, 1822, 1916, 911, 776, 1201, 1852, 1114, 1137, 988, 1995, 738, 1728, 1416, 1358, 96, 1836, 1712, 995, 434, 1125, 1167, 1422, 1592, 1160, 1469, 1572, 1634, 676, 1159, 763, 1360, 481, 1830, 517, 729, 1383, 87, 608, 1321, 1397, 154, 169, 784, 565, 1620, 1502, 448, 1365, 653, 325, 239, 60, 1272, 1354, 1945, 551, 309, 1086, 157, 181, 1117, 435, 92, 44, 1133, 759, 1609, 1660, 473, 808, 1003, 1635, 320, 688, 907, 1218, 1853, 531, 65, 1458, 1237, 1156, 486, 1388, 1409, 197, 1082, 467, 386, 151, 990, 82, 1061, 1576, 963, 99, 3, 748, 1256, 383, 716, 209, 707, 818, 1528, 1868, 1760, 14, 241, 519, 493, 544, 1812, 1876, 1657, 816, 1273, 1896, 1412, 1569, 892, 1336, 1957, 893, 1514, 361, 185, 272, 756, 1113, 1555, 1367, 967, 1300, 1491, 371, 466, 1382, 998, 668, 1070, 582, 1666, 658, 1444, 605, 1014, 1646, 1012, 410, 1654, 733, 558, 294, 1648, 1679, 993, 1901, 1556, 1481, 1158, 1236, 1232, 1204, 480, 1475, 852, 965, 1442, 119, 436, 887, 245, 250, 115, 589, 163, 1468, 791, 269, 909, 805, 1497, 353, 983, 942, 282, 72, 1773, 1610, 821, 1040, 834, 790, 1175, 22, 1055, 1120, 1561, 1838, 69, 1415, 849, 1943, 1571, 1188, 56, 1917, 1636, 1693, 1764, 783, 1423, 478, 1227, 872, 300, 1474, 238, 196, 1438, 1850, 1727, 1963, 1110, 1980, 374, 1155, 1900, 35, 832, 1396, 1873, 779, 715, 891, 863, 179, 1020, 113, 1819, 2001, 1225, 1153, 610, 924, 1713, 1911, 1038, 577, 590, 1969, 1965, 1939, 444, 1886, 1703, 976, 126, 73, 90, 1479, 1436, 39, 1455, 226, 1169, 1783, 1199, 1758, 323, 1989, 1559, 225, 761, 1512, 133, 1403, 1439, 657, 419, 664, 1329, 1221, 1692, 642, 1534, 470, 908, 867, 1421, 1603, 479, 172, 141, 1824, 104, 360, 1902, 1583, 865, 1390, 336, 599, 629, 677, 1623, 227, 1520, 1656, 246, 541, 792, 228, 1639, 1990, 1001, 543, 459, 1519, 1542, 1700, 1008, 1612, 559, 118, 1750, 829, 1445, 745, 1096, 1971, 1428, 1671, 1303, 553, 954, 1494, 1058, 554, 813, 774, 1890, 1976, 1066, 636, 370, 1420, 1105, 1306, 1734, 394, 1899, 1541, 1748, 1778, 793, 732, 1849, 183, 1776, 488, 382, 2, 1866, 1229, 1010, 919, 696, 868, 969, 1796, 1891, 1811, 438, 1504, 1821, 771, 1516, 173, 709, 736, 982, 20, 1928, 258, 1124, 1103, 1554, 1697, 596, 354, 78, 1808, 1613, 324, 170, 884, 437, 1385, 1722, 322, 882, 1132, 1248, 1425, 851, 1024, 1605, 1063, 1139, 594, 1251, 456, 785, 195, 1373, 1141, 178, 1642, 1286, 1147, 46, 474, 846, 31, 606, 1500, 1557, 253, 263, 1992, 1843, 1707, 17, 1996, 1498, 1243, 1195, 1009, 529, 894, 1962, 1659, 1668, 357, 1513, 1737, 249, 1680, 1154, 660, 1191, 1638, 1975, 1903, 739, 1260, 1443, 1184, 1675, 874, 1144, 1371, 21, 628, 1056, 1517, 841, 1345, 1953, 10, 749, 964, 1252, 460, 1165, 1215, 1410, 1970, 812, 1162, 1, 920, 992, 1297, 1782, 847, 1961, 985, 1829, 1119, 1687, 1401, 547, 165, 1208, 1271, 1523, 463, 128, 1016, 1036, 1927, 1904, 1527, 1747, 135, 156, 1558, 714, 1869, 1280, 515, 1521, 1457, 1888, 468, 1057, 1999, 441, 607, 758, 137, 826, 1047, 1305, 999, 1049, 956, 880, 1078, 339, 233, 524, 315, 819, 337, 720, 523, 316, 1537, 726, 1394, 1644, 940, 125, 418, 1492, 1595, 1126, 1351, 862, 503, 1318, 1988, 1278, 1562, 206, 1406, 690, 1851, 260, 996, 1031, 1495, 453, 1860, 1545, 704, 234, 1359, 51, 1247, 1881, 844, 1346, 1552, 1466, 1102, 1489, 1414, 1629, 581, 718, 1767, 1938, 1641, 347, 375, 1686, 1781, 1946, 211, 615, 159, 1508, 1051, 368, 109, 1800, 1093, 127, 1529, 1846, 1048, 1501, 1334, 815, 430, 928, 1482, 1530, 465, 1417, 1249, 1768, 207, 1596, 1769, 921, 27, 1023, 1840, 1978, 1667, 1818, 1005, 538, 1625, 694, 131, 1588, 526, 975, 229, 1246, 1029, 848, 1384, 1820, 1585, 520, 1991, 1862, 970, 546, 1435, 243, 1958, 1539, 396, 1434, 1203, 1599, 833, 399, 1626, 1892, 1104, 1380, 1214, 545, 600, 1050, 697, 634, 244, 839, 1833, 1788, 461, 134, 550, 532, 66, 961, 1316, 1179, 1844, 557, 1631, 7, 1647, 1250, 1170, 1775, 1131, 1914, 740, 1922, 979, 376, 1535, 960, 854, 1591, 1546, 1174, 251, 1330, 299, 1368, 1880, 312, 1452, 305, 177, 1998, 840, 1212, 1931, 650, 1168, 1118, 1531, 595, 692, 1441, 1087, 402, 1219, 542, 413, 1166, 403, 810, 1553, 518, 843, 1793, 1196, 306, 579, 1981, 1054, 1828, 916, 277, 36, 1402, 948, 1893, 176, 1544, 1839, 84, 639, 1689, 1276, 902, 492, 669, 1756, 803, 1515, 278, 906, 1581, 331, 313, 1640, 899, 302, 1645, 561, 273, 583, 1309, 1378, 400, 116, 58, 1312, 1449, 1533, 1098, 513, 1540, 1624, 864, 753, 327, 1956, 11, 555, 407, 1400, 387, 366, 875, 64, 1926, 1430, 160, 1095, 1419, 37, 1984, 1460, 505, 1889, 1952, 1801, 1665, 1084, 1299, 307, 1615, 401, 1757, 1323, 1071, 1424, 1290, 1721, 489, 1473, 1929, 1861, 1608, 1313, 1848, 189, 264, 1257, 1910, 1565, 1197, 180, 933, 1726, 1936, 1352, 1493, 355, 1301, 866, 574, 1181, 1771, 1968, 261, 1511, 1241, 922, 450, 539, 1140, 1151, 1575, 1274, 1787, 1887, 591, 1831, 780, 266, 342, 106, 124, 362, 509, 1364, 1509, 917, 1161, 1427, 533, 1742, 1143, 9, 1499, 1027, 703, 775, 199, 1483, 1447, 24, 1017, 762, 367, 1462, 1696, 1341, 782, 50, 356, 1983, 717, 944, 275, 1885, 443, 1107, 620, 171, 713, 913, 764, 684, 130, 721, 1921, 1046, 1310, 472, 1127, 57, 617, 457, 1622, 625, 1099, 1627, 484, 1753, 1955, 1157, 1209, 910, 1308, 662, 957, 1823, 1079, 1944, 1532, 63, 766, 271, 469, 108, 203, 930, 129, 93, 1790, 103, 1884, 564, 575, 958, 147, 683, 1619, 1343, 986, 522, 1266, 665, 1314, 912, 1068, 511, 773, 624, 182, 1930, 512, 107, 1518, 1870, 937, 889, 817, 640, 350, 586, 1841, 621, 1213, 1937, 326, 1857, 1339, 1872, 100, 507, 1994, 1972, 149, 214, 1130, 1228, 1661, 1030, 1295, 91, 1977, 1682, 1092, 345, 592, 731, 295, 1331, 1505, 1173, 1418, 741, 566, 836, 661, 1192, 1431, 476, 1739, 311, 1997, 144, 705, 869, 458, 1476, 1735, 88, 549, 423, 79, 204, 1100, 117, 433, 421, 1791, 1604, 824, 1736, 1081, 754, 659, 693, 799, 571, 38, 1363, 222, 1106, 1426, 348, 850, 1733, 679, 86, 945, 876, 556, 1897, 1577, 635, 61, 1207, 406, 802, 814, 904, 1563, 823, 587, 552, 778, 560, 1335, 1244, 1111, 1463, 230, 980, 349, 932, 682, 1803, 724, 671, 897, 1593, 797, 673, 514, 734, 221, 618, 19, 1138, 1948, 236, 1261, 1391, 1745, 856, 384, 1754, 101, 1854, 504, 1856, 1484, 1699, 440, 216, 977, 1177, 613, 1732, 800, 293, 427, 1122, 1267, 1069, 654, 1932, 1560, 1393, 94, 202, 83, 1691, 612, 1022, 43, 1882, 138, 1486, 1037, 1985, 1614, 680, 1802, 536, 188, 1582, 132, 68, 18, 220, 890, 110, 13, 1986, 1298, 1749, 340, 334, 831, 1324, 49, 1702, 966, 409, 405, 1238, 1222, 853, 6, 651, 987, 562, 53, 1863, 842, 730, 1065, 1205, 989, 52, 1033, 142, 303, 1832, 1041, 483, 1993, 1510, 205, 1395, 900, 675, 1281, 1637, 1454, 1116, 777, 85, 725, 283, 1121, 947, 604, 984, 1291, 462, 1404, 343, 412, 280, 297, 341, 1743, 1598, 737, 901, 1716, 1245, 1564, 877, 175, 1073, 1405, 1288, 1018, 1954, 1567, 1883, 1709, 959, 1178, 1311, 895, 1551, 289, 1226, 1763, 1389, 1019, 1759, 1662, 1258, 1550, 330, 1806, 1731, 1279, 767, 111, 1906, 953, 838, 1067, 1770, 769, 537, 1355, 54, 1074, 1858, 1935, 1264, 637, 1328, 809, 499, 695, 217, 1698, 931, 747, 338, 74, 689, 580, 1918, 925, 952, 1269, 1342, 328, 270, 29, 47, 540, 1522, 1202, 706, 416, 1616, 1664, 806, 1210, 1941, 1729, 1480, 1536, 527, 390, 1503, 883, 1650, 1669, 974, 1725, 1779, 896, 1658, 755, 1478, 1108, 510, 742, 1543, 454, 1004, 424, 392, 1538, 888, 276, 1200, 23, 1652, 1723, 464, 425, 585, 335, 1190, 1242, 1039, 1206, 722, 1878, 490, 242, 879, 1807, 2000, 1730, 723, 1194, 1842, 150, 455, 358, 1075, 1653, 1714, 1015, 1090, 496, 623, 1007, 743, 494, 567, 1525, 578, 822, 1780, 1912, 59, 1376, 1809, 1964, 153, 259, 232, 16, 377, 1129, 352, 1789, 1357, 712, 1490, 857, 28, 364, 1233, 1761, 48, 158, 1799, 95, 1628, 1319, 1268, 411, 267, 495, 1356, 146, 240, 644, 45, 950, 801, 1570, 1064, 1847, 1681, 1568, 681, 1487, 1448, 1408, 563, 404, 1285, 1377, 1101, 598, 1115, 1738, 1407, 1813, 926, 1606, 1370, 1097, 231, 1674, 1805, 997, 1293, 212, 33, 15, 1123, 1566, 1325, 1011, 835, 951, 760, 121, 1694, 389, 1673, 1032, 1919, 1239, 1586, 1277, 994, 148, 1366, 1967, 1825, 1135, 781, 646, 1920, 1907, 516, 449, 1437, 502, 1710, 292, 1459, 1960, 528, 1601, 638, 415, 1349, 1021, 837, 971, 215, 1198, 284, 1485, 601, 187, 8, 198, 1792, 1072, 1909, 1804, 102, 1327, 1643, 1724, 1289, 641, 1320, 968, 1091, 614, 1683, 1942, 471, 622, 1149, 1663, 1270, 1678, 506, 200, 811, 855, 1085, 508, 122, 1685, 1134, 1043, 700, 1224, 1317, 1220, 1925, 155, 1062, 296, 1182, 858, 1060, 1871, 1877, 310, 1690, 674, 1584, 943, 1296, 1340, 1333, 1580, 1826, 1607, 1471, 701, 1649, 98, 1234, 788, 123, 1618, 1287, 1785, 1676, 71, 886, 647, 304, 1253, 530, 845, 935, 1950, 89, 1477, 1307, 1814, 1193, 687, 1677, 656, 491, 1547, 290, 1573, 408, 1816, 576, 1145, 750, 1701, 1304]
labeling = [0, 0, 0, 0, 0, 0, 0, 0, 0, 0, 0, 0, 0, 0, 0, 0, 0, 0, 0, 0, 0, 0, 0, 0, 0, 0, 0, 0, 0, 0, 0, 0, 0, 0, 0, 0, 0, 0, 0, 0, 0, 0, 0, 0, 0, 0, 0, 0, 0, 0, 0, 0, 0, 0, 0, 0, 0, 0, 0, 0, 0, 0, 0, 0, 0, 0, 0, 0, 0, 0, 0, 0, 0, 0, 0, 0, 0, 0, 0, 0, 0, 0, 0, 0, 0, 0, 0, 0, 0, 0, 0, 0, 0, 0, 0, 0, 0, 0, 0, 0, 0, 0, 0, 0, 0, 0, 0, 0, 0, 0, 0, 0, 0, 0, 0, 0, 0, 0, 0, 0, 0, 0, 0, 0, 0, 0, 0, 0, 0, 0, 0, 0, 0, 0, 0, 0, 0, 0, 0, 0, 0, 0, 0, 0, 0, 0, 0, 0, 0, 0, 0, 0, 0, 0, 0, 0, 0, 0, 0, 0, 0, 0, 0, 0, 0, 0, 0, 0, 0, 0, 0, 0, 0, 0, 0, 0, 0, 0, 0, 0, 0, 0, 0, 0, 0, 0, 0, 0, 0, 0, 0, 0, 0, 0, 0, 0, 0, 0, 0, 0, 0, 0, 0, 0, 0, 2, 0, 0, 0, 0, 0, 0, 0, 0, 0, 0, 0, 2, 0, 0, 0, 0, 0, 0, 0, 0, 0, 0, 0, 0, 0, 0, 0, 0, 0, 0, 0, 0, 0, 0, 0, 0, 0, 0, 0, 0, 0, 0, 0, 0, 0, 0, 0, 0, 0, 0, 0, 0, 0, 0, 0, 0, 0, 0, 0, 0, 0, 0, 0, 0, 2, 0, 0, 0, 0, 0, 2, 2, 0, 0, 0, 0, 0, 0, 0, 0, 0, 0, 0, 0, 0, 0, 0, 0, 0, 2, 0, 0, 0, 0, 2, 0, 0, 0, 0, 0, 0, 2, 0, 0, 0, 0, 0, 0, 0, 0, 0, 0, 0, 0, 0, 0, 0, 0, 0, 0, 0, 0, 0, 0, 0, 0, 0, 0, 0, 0, 0, 0, 0, 0, 0, 0, 0, 0, 0, 0, 0, 0, 0, 0, 0, 0, 0, 0, 0, 0, 0, 0, 0, 0, 0, 0, 0, 0, 0, 0, 0, 0, 0, 0, 0, 0, 0, 0, 0, 0, 0, 0, 0, 0, 0, 0, 0, 0, 0, 0, 0, 0, 0, 0, 0, 0, 0, 0, 0, 0, 0, 0, 0, 0, 0, 0, 0, 0, 0, 0, 0, 0, 0, 0, 0, 0, 0, 0, 0, 0, 0, 0, 0, 0, 0, 0, 0, 0, 0, 0, 0, 0, 0, 0, 0, 0, 0, 0, 0, 0, 0, 0, 0, 0, 0, 0, 0, 0, 0, 0, 0, 0, 0, 0, 0, 0, 0, 0, 0, 0, 0, 0, 0, 0, 0, 0, 0, 0, 0, 2, 0, 0, 0, 0, 0, 2, 0, 0, 0, 0, 0, 0, 0, 0, 0, 0, 0, 0, 0, 0, 0, 0, 0, 0, 0, 0, 0, 0, 0, 0, 0, 0, 0, 0, 0, 0, 0, 0, 0, 0, 0, 0, 0, 0, 0, 0, 0, 2, 2, 0, 0, 0, 0, 0, 0, 0, 0, 0, 0, 0, 0, 0, 0, 0, 0, 0, 0, 0, 0, 0, 0, 0, 0, 0, 0, 0, 0, 0, 0, 0, 0, 0, 0, 0, 0, 0, 0, 0, 0, 2, 0, 0, 0, 0, 0, 2, 0, 0, 0, 0, 0, 2, 0, 0, 0, 0, 0, 0, 0, 0, 0, 0, 0, 0, 0, 0, 0, 0, 0, 0, 0, 0, 0, 0, 0, 0, 0, 0, 0, 0, 0, 0, 0, 0, 0, 0, 0, 0, 0, 0, 0, 0, 0, 0, 0, 0, 0, 0, 0, 0, 0, 0, 0, 0, 0, 0, 0, 0, 0, 0, 0, 0, 0, 0, 0, 0, 0, 0, 0, 0, 0, 0, 0, 0, 0, 0, 0, 0, 0, 0, 0, 0, 0, 0, 0, 0, 0, 0, 0, 0, 0, 0, 0, 0, 0, 0, 0, 0, 0, 0, 0, 0, 0, 0, 0, 0, 0, 2, 0, 0, 0, 0, 0, 0, 0, 0, 0, 0, 0, 0, 0, 0, 0, 0, 0, 2, 0, 0, 0, 0, 2, 0, 0, 0, 0, 0, 0, 0, 0, 0, 0, 0, 0, 0, 0, 0, 0, 0, 2, 2, 0, 0, 0, 0, 2, 0, 0, 0, 0, 0, 0, 0, 0, 0, 0, 0, 0, 0, 0, 0, 0, 0, 0, 0, 0, 0, 0, 0, 0, 0, 0, 0, 0, 0, 0, 0, 0, 0, 0, 0, 0, 0, 0, 0, 0, 0, 0, 0, 0, 0, 0, 0, 0, 0, 0, 0, 0, 0, 0, 0, 0, 0, 0, 0, 0, 0, 0, 0, 0, 0, 0, 0, 0, 0, 0, 0, 0, 0, 0, 0, 0, 0, 0, 0, 0, 0, 0, 0, 0, 0, 0, 0, 0, 0, 0, 0, 0, 0, 0, 0, 0, 0, 0, 0, 0, 0, 0, 0, 0, 0, 0, 0, 0, 0, 0, 0, 0, 0, 0, 0, 0, 0, 0, 0, 0, 0, 0, 0, 0, 0, 0, 0, 0, 6, 0, 0, 0, 0, 8, 47, 61, 75, 78, 3, 19, 22, 32, 0, 0, 0, 0, 40, 35, 69, 13, 0, 49, 25, 55, 62, 0, 0, 0, 0, 59, 7, 33, 48, 31, 28, 0, 0, 0, 0, 79, 42, 35, 36, 53, 21, 50, 0, 0, 0, 0, 28, 24, 15, 42, 17, 67, 27, 29, 26, 44, 0, 0, 0, 2, 20, 63, 64, 4, 51, 57, 60, 64, 18, 39, 77, 83, 21, 56, 0, 0, 0, 0, 69, 23, 92, 1, 73, 15, 26, 0, 0, 0, 59, 37, 0, 0, 0, 0, 12, 26, 48, 62, 32, 10, 10, 14, 1, 39, 0, 0, 0, 0, 4, 6, 18, 49, 3, 57, 29, 21, 27, 0, 0, 0, 0, 2, 9, 9, 11, 11, 0, 0, 0, 0, 0, 32, 36, 1, 0, 0, 0, 0, 0, 0, 0, 0, 0, 0, 35, 2, 0, 0, 0, 0, 61, 2, 38, 11, 46, 24, 37, 14, 17, 6, 1, 19, 17, 26, 13, 8, 0, 0, 0, 0, 4, 9, 0, 0, 0, 0, 58, 41, 75, 13, 0, 0, 0, 5, 82, 9, 60, 5, 46, 3, 22, 27, 48, 15, 53, 45, 19, 0, 11, 0, 0, 0, 21, 8, 6, 59, 4, 55, 0, 0, 0, 0, 0, 0, 0, 0, 40, 42, 30, 0, 0, 0, 0, 30, 66, 10, 53, 12, 7, 46, 0, 0, 0, 0, 20, 35, 44, 47, 13, 14, 23, 16, 17, 0, 0, 0, 0, 35, 17, 0, 0, 0, 41, 0, 0, 0, 0, 11, 45, 34, 89, 84, 43, 55, 54, 38, 76, 70, 40, 31, 28, 16, 0, 0, 0, 0, 0, 0, 0, 0, 0, 0, 12, 10, 37, 51, 12, 27, 0, 0, 0, 0, 43, 0, 78, 25, 25, 23, 33, 0, 0, 0, 0, 41, 3, 34, 72, 51, 30, 20, 0, 0, 0, 0, 50, 65, 32, 8, 76, 66, 44, 0, 0, 0, 0, 17, 71, 81, 0, 0, 0, 0, 6, 47, 12, 0, 0, 0, 0, 0, 5, 0, 0, 0, 0, 0, 0, 0, 0, 0, 0, 86, 81, 52, 71, 54, 18, 0, 0, 0, 0, 9, 16, 31, 56, 82, 36, 76, 0, 0, 0, 0, 38, 74, 18, 23, 7, 33, 79, 0, 0, 0, 0, 73, 81, 0, 26, 52, 5, 58, 28, 24, 8, 25, 43, 0, 0, 0, 0, 8, 0, 0, 0, 0, 0, 0, 0, 0, 0, 0, 0, 0, 0, 0, 0, 0, 0, 0, 0, 0, 0, 29, 33, 38, 0, 0, 0, 0, 1, 8, 21, 39, 86, 31, 83, 50, 3, 4, 19, 11, 0, 0, 0, 0, 56, 5, 47, 2, 0, 0, 0, 19, 63, 29, 57, 68, 34, 62, 61, 26, 1, 21, 67, 37, 0, 0, 0, 14, 18, 80, 88, 0, 0, 0, 52, 68, 74, 4, 0, 0, 0, 40, 21, 19, 0, 0, 0, 0, 67, 10, 48, 61, 37, 24, 91, 29, 56, 0, 0, 0, 0, 87, 87, 11, 59, 39, 22, 3, 78, 70, 0, 0, 0, 0, 15, 90, 49, 27, 15, 10, 19, 0, 0, 0, 28, 62, 14, 42, 41, 58, 48, 1, 6, 24, 68, 0, 0, 0, 0, 0, 0, 0, 0, 21, 12, 0, 0, 0, 0, 0, 0, 0, 0, 0, 0, 0, 0, 0, 0, 0, 0, 0, 0, 75, 37, 44, 0, 0, 0, 0, 46, 80, 73, 5, 35, 67, 77, 0, 33, 64, 63, 42, 0, 0, 0, 0, 60, 8, 50, 2, 0, 0, 0, 0, 65, 30, 4, 51, 26, 83, 46, 31, 0, 0, 0, 0, 27, 58, 82, 7, 13, 10, 15, 20, 36, 18, 53, 16, 69, 0, 0, 0, 0, 85, 1, 77, 32, 0, 0, 0, 0, 72, 85, 2, 53, 13, 29, 40, 0, 0, 0, 0, 34, 9, 66, 47, 23, 9, 12, 16, 0, 0, 0, 0, 64, 75, 17, 0, 0, 0, 0, 0, 44, 71, 14, 17, 42, 36, 0, 0, 0, 0, 0, 6, 11, 9, 15, 2, 53, 35, 0, 0, 0, 0, 48, 59, 7, 24, 23, 0, 0, 0, 0, 0, 5, 0, 0, 0, 0, 0, 0, 0, 0, 0, 0, 0, 0, 0, 0, 0, 0, 0, 0, 0, 0, 0, 0, 0, 0, 0, 0, 0, 0, 8, 2, 66, 0, 0, 0, 0, 39, 40, 6, 0, 0, 0, 0, 13, 35, 0, 0, 0, 0, 60, 48, 15, 79, 11, 34, 50, 32, 55, 81, 52, 6, 0, 0, 0, 0, 44, 24, 33, 0, 0, 0, 0, 0, 0, 0, 0, 37, 42, 30, 66, 0, 0, 0, 0, 9, 23, 25, 38, 45, 40, 29, 41, 35, 24, 50, 0, 0, 0, 49, 27, 65, 58, 2, 56, 0, 0, 0, 0, 23, 47, 34, 20, 0, 0, 0, 73, 54, 17, 29, 26, 41, 1, 0, 0, 0, 46, 21, 0, 0, 0, 18, 19, 57, 56, 65, 0, 0, 0, 0, 3, 27, 59, 70, 43, 32, 68, 22, 36, 0, 0, 0, 0, 0, 0, 0, 0, 5, 7, 16, 4, 48, 78, 6, 0, 0, 0, 14, 61, 12, 20, 17, 0, 44, 21, 0, 0, 0, 46, 26, 19, 74, 82, 0, 0, 0, 31, 54, 63, 33, 0, 0, 0, 0, 0, 0, 0, 0, 0, 0, 0, 0, 0, 0, 0, 0, 0, 0, 0, 0, 0, 0, 0, 0, 15, 59, 0, 0, 0, 39, 15, 55, 43, 57, 10, 0, 0, 0, 36, 13, 0, 0, 0, 34, 7, 28, 1, 51, 18, 47, 22, 76, 69, 38, 80, 51, 5, 16, 45, 10, 10, 64, 24, 62, 38, 36, 71, 7, 45, 67, 21, 53, 4, 0, 0, 0, 61, 1, 89, 9, 28, 14, 38, 0, 0, 0, 25, 12, 72, 12, 0, 0, 0, 20, 19, 49, 5, 0, 0, 0, 24, 11, 41, 28, 33, 0, 0, 0, 0, 67, 52, 0, 0, 0, 23, 6, 29, 8, 0, 0, 0, 4, 16, 14, 0, 0, 0, 2, 4, 0, 0, 0, 0, 0, 48, 19, 1, 7, 25, 40, 62, 3, 26, 0, 0, 0, 0, 0, 0, 0, 0, 0, 0, 0, 0, 35, 11, 3, 12, 54, 0, 27, 14, 8, 30, 37, 18, 6, 58, 29, 21, 81, 30, 0, 0, 0, 0, 0, 0, 0, 0, 73, 78, 32, 0, 0, 0, 0, 42, 17, 13, 46, 50, 16, 29, 0, 0, 65, 25, 0, 0, 0, 0, 16, 35, 0, 0, 0, 1, 5, 19, 0, 0, 0, 55, 28, 0, 0, 0, 8, 22, 6, 59, 14, 10, 0, 0, 0, 0, 56, 52, 11, 33, 32, 34, 3, 0, 0, 0, 0, 15, 2, 9, 49, 3, 0, 0, 0, 0, 0, 0, 0, 0, 40, 15, 31, 17, 13, 26, 27, 47, 19, 0, 0, 0]
convergência = [90, 90, 89, 89, 88, 88, 88, 88, 88, 88, 88, 88, 86, 86, 86, 86, 86, 86, 86, 86, 86, 86, 86, 86, 86, 86, 86, 86, 86, 85, 85, 85, 85, 85, 85, 85, 85, 85, 85, 85, 85, 85, 85, 85, 85, 85, 85, 85, 85, 85, 85, 85, 85, 85, 85, 85, 85, 85, 85, 85, 85, 85, 85, 85, 85, 85, 85, 85, 85, 85, 85, 84, 84, 84, 84, 84, 84, 84, 84, 84, 84, 84, 84, 84, 84, 84, 84, 84, 84, 84, 84, 84, 84, 84, 84, 84, 84, 84, 84, 84, 84, 84, 84, 84, 84, 84, 84, 84, 84, 84, 84, 84, 84, 84, 84]

===== FIM =====
