===== RESULTADO BRKGA L(2,1) =====
Arquivo: /Users/mateuspedrosa/Documents/TCC-II/BRKGA/data/Harwell-Boeing_cleaned/bcsstm23_clean.mtx

----- Execução #1 -----
[INFO] Parou por estagnação.
Tempo de execução: 53610ms
Span (lambda): 0
best_order = [2055, 1633, 821, 1070, 2349, 757, 2032, 1130, 540, 1712, 742, 1234, 99, 1974, 2802, 852, 1062, 2243, 2428, 2694, 1946, 2154, 2923, 524, 1747, 1923, 1947, 1001, 2222, 2653, 1063, 309, 166, 417, 990, 283, 1817, 1051, 2174, 1322, 2620, 2559, 1936, 410, 2291, 1804, 1470, 398, 262, 545, 2466, 2480, 1096, 2831, 1165, 173, 34, 697, 126, 2181, 1198, 1574, 97, 16, 214, 1014, 1282, 2796, 2913, 2406, 1044, 530, 1733, 1150, 2474, 204, 1294, 2981, 1407, 2915, 2014, 233, 2987, 1898, 2462, 2074, 1992, 2198, 1807, 722, 691, 2122, 2440, 682, 1381, 522, 2413, 1495, 1007, 2402, 179, 1683, 1703, 409, 394, 2155, 2954, 1587, 2431, 1117, 2020, 351, 1271, 571, 1373, 2876, 1321, 2964, 1482, 927, 3076, 75, 2013, 586, 800, 1575, 1210, 2226, 2900, 1498, 2932, 1562, 1930, 1632, 1086, 931, 2491, 2110, 1004, 1678, 1876, 2415, 1328, 343, 1510, 2142, 443, 740, 3116, 3128, 507, 2051, 837, 1420, 2215, 1213, 1288, 1066, 2288, 307, 1617, 2409, 1311, 171, 2529, 3086, 322, 2966, 332, 911, 1480, 198, 2631, 457, 655, 3007, 1920, 1792, 903, 1556, 3037, 587, 1415, 43, 1939, 588, 3122, 2426, 2594, 2027, 630, 1239, 390, 603, 2041, 823, 268, 82, 1327, 427, 708, 1107, 707, 1649, 205, 2884, 2211, 412, 1031, 1910, 1566, 2652, 942, 159, 968, 2863, 3032, 2350, 673, 3015, 480, 14, 2565, 2242, 1783, 2713, 2877, 1533, 1778, 1355, 787, 1971, 2699, 583, 3099, 3085, 2639, 345, 1647, 2253, 1356, 2458, 2733, 312, 2575, 1739, 2170, 702, 1861, 303, 745, 2948, 2990, 2049, 1065, 255, 1883, 1376, 1764, 2340, 703, 3027, 1238, 15, 3070, 528, 313, 2566, 555, 2313, 2756, 2449, 2604, 1926, 2616, 1668, 2757, 2789, 2974, 87, 1735, 2740, 69, 913, 2438, 2592, 614, 67, 551, 649, 995, 1307, 296, 2953, 2337, 1208, 1594, 2477, 402, 933, 705, 146, 1299, 1094, 261, 2371, 1388, 1828, 1637, 1421, 2130, 53, 2200, 1283, 784, 1144, 2590, 689, 1164, 1445, 1158, 2793, 510, 1231, 1882, 2816, 1530, 453, 2905, 1607, 1431, 637, 842, 1746, 1011, 789, 2853, 1140, 1075, 1696, 1730, 684, 61, 678, 1123, 962, 1850, 1619, 1497, 814, 2778, 1894, 2321, 2199, 1976, 2187, 3010, 2135, 2059, 2548, 418, 1722, 831, 535, 657, 909, 2910, 1693, 1232, 2737, 2959, 662, 636, 738, 793, 241, 1931, 1885, 2382, 24, 1406, 1223, 79, 1255, 906, 77, 1091, 2539, 2834, 1413, 2819, 2380, 2238, 2889, 154, 2751, 2304, 1960, 2780, 1954, 1038, 1554, 1128, 2965, 357, 47, 2712, 1029, 1973, 1919, 416, 2235, 484, 321, 1589, 2012, 1441, 92, 243, 1417, 306, 2264, 1859, 613, 561, 2914, 1422, 2755, 2081, 2968, 3060, 132, 1179, 2951, 2706, 291, 2786, 63, 1542, 780, 2943, 2573, 1286, 858, 940, 1477, 1886, 1082, 888, 1040, 2384, 2346, 26, 2067, 1691, 1789, 248, 2033, 1877, 2600, 1599, 311, 1374, 629, 866, 645, 3026, 1934, 285, 1217, 3034, 150, 3129, 2444, 1526, 2760, 937, 1243, 1966, 1069, 1822, 482, 1297, 2810, 1651, 714, 2928, 2714, 2506, 1754, 1714, 2597, 2771, 3048, 1161, 785, 2700, 2637, 60, 829, 387, 2008, 739, 580, 1942, 576, 375, 2745, 2470, 55, 3109, 1967, 710, 952, 152, 423, 1694, 1113, 2577, 3130, 180, 2073, 2839, 2341, 1762, 773, 3005, 1963, 2725, 1669, 1727, 1313, 1390, 1346, 653, 1241, 2007, 1216, 2918, 1775, 169, 465, 1728, 841, 1990, 600, 572, 1842, 908, 2138, 2273, 1979, 971, 856, 2728, 2542, 1774, 743, 2748, 203, 954, 2021, 3115, 2424, 330, 1855, 1618, 816, 95, 247, 2113, 2111, 2731, 1945, 399, 1640, 1027, 871, 224, 1230, 1073, 1922, 192, 2395, 2803, 360, 1839, 2396, 1686, 293, 2333, 696, 2521, 2530, 2498, 1748, 2417, 1418, 1620, 1496, 1543, 2869, 1873, 1725, 1467, 64, 1593, 341, 975, 1652, 3036, 2833, 1511, 2763, 1605, 1131, 1184, 2665, 715, 3081, 172, 3008, 1410, 2256, 1402, 1843, 3125, 1110, 2686, 2137, 1228, 1715, 2408, 2940, 516, 2744, 1718, 234, 1758, 824, 2657, 54, 1864, 534, 191, 1416, 46, 2775, 902, 815, 1848, 231, 988, 3100, 2418, 826, 227, 2512, 772, 929, 211, 2134, 1723, 2225, 950, 1787, 3033, 1378, 960, 2655, 414, 1142, 704, 1677, 1502, 2769, 2527, 701, 108, 175, 295, 1008, 2147, 1879, 1803, 2351, 1959, 2359, 941, 196, 1499, 556, 2844, 998, 1567, 992, 2100, 1152, 2091, 2118, 1707, 274, 2367, 305, 2718, 444, 407, 1055, 455, 2383, 2984, 2822, 2331, 2501, 1020, 1650, 2112, 1338, 469, 464, 183, 2960, 1742, 2766, 607, 2044, 3112, 374, 1657, 260, 430, 652, 631, 797, 1017, 2872, 2319, 1684, 59, 1225, 771, 2715, 315, 2315, 2095, 432, 791, 585, 2562, 758, 2911, 2416, 3083, 2158, 498, 2236, 3102, 104, 452, 798, 2003, 2353, 413, 2053, 3073, 415, 57, 508, 2457, 230, 2056, 1888, 197, 1036, 1425, 1716, 1053, 2925, 867, 2217, 1576, 2508, 2097, 1340, 392, 3050, 2649, 2347, 1260, 336, 1414, 2505, 3044, 733, 2568, 324, 1115, 2369, 2269, 213, 1177, 2388, 30, 1076, 706, 1037, 85, 1050, 1102, 1785, 2881, 2806, 2218, 754, 2973, 2026, 2011, 1153, 1918, 2837, 101, 320, 1749, 2476, 663, 1339, 2015, 1454, 495, 3110, 460, 339, 1760, 2362, 222, 2774, 1634, 3119, 1379, 2866, 490, 3095, 2329, 2244, 3043, 1192, 1146, 2237, 736, 2420, 356, 238, 2159, 1367, 1799, 1240, 1072, 2801, 533, 2274, 2772, 2975, 1135, 2847, 1672, 266, 521, 76, 862, 2268, 328, 2518, 606, 2891, 2596, 1852, 1444, 2994, 1913, 2519, 1726, 2326, 1912, 1197, 2747, 437, 1362, 2992, 1012, 2047, 2393, 2682, 429, 812, 2177, 94, 881, 129, 2850, 977, 953, 2683, 1481, 2768, 2360, 259, 1284, 2094, 481, 838, 280, 2947, 1801, 775, 1710, 1301, 2284, 2183, 2087, 1350, 1100, 1433, 78, 2436, 450, 113, 2809, 1958, 1982, 936, 1545, 133, 2374, 1424, 1170, 575, 3019, 750, 1277, 2647, 2933, 127, 323, 1832, 2838, 3038, 2005, 1351, 2231, 978, 786, 2645, 594, 467, 1969, 1330, 1459, 1602, 2794, 2741, 347, 1630, 1708, 3012, 1200, 2862, 2750, 1704, 500, 1056, 945, 1539, 2157, 200, 189, 2507, 2656, 1755, 2453, 2520, 1400, 1830, 919, 1915, 2563, 3014, 48, 1835, 965, 1423, 874, 1156, 3063, 1041, 1518, 2075, 1572, 2662, 80, 1392, 2927, 759, 1389, 2160, 90, 2139, 1466, 216, 1290, 1777, 681, 1851, 1474, 1731, 964, 991, 2586, 2254, 2997, 2355, 1805, 2119, 873, 2297, 406, 1881, 2813, 2825, 371, 601, 1573, 2777, 1138, 2232, 938, 1133, 1287, 2613, 3041, 2870, 1289, 2873, 2899, 2126, 932, 302, 2270, 504, 549, 907, 3126, 2815, 628, 947, 763, 2736, 2332, 611, 2957, 2696, 272, 2544, 2022, 1685, 2419, 863, 2202, 1565, 2765, 1821, 517, 3084, 1323, 1985, 917, 531, 2874, 615, 2092, 1205, 885, 2292, 667, 1387, 176, 955, 2587, 2946, 3114, 1621, 284, 1865, 901, 511, 445, 2852, 1548, 1872, 718, 1148, 1035, 2025, 1557, 2970, 620, 807, 2422, 2689, 1753, 2550, 2368, 1489, 1711, 1090, 396, 2109, 250, 1352, 1914, 2172, 2554, 2830, 397, 877, 810, 2781, 1233, 1112, 1568, 2434, 859, 1267, 1987, 1492, 40, 2372, 167, 3059, 440, 2370, 2385, 596, 2245, 49, 1249, 729, 732, 2972, 695, 2864, 1401, 2089, 2578, 2129, 2338, 2259, 2525, 1185, 141, 2808, 916, 609, 290, 1786, 65, 2907, 2783, 1193, 340, 1357, 756, 2375, 525, 2897, 501, 1592, 700, 848, 337, 2667, 1347, 236, 462, 1488, 2061, 1986, 731, 767, 1673, 803, 2493, 202, 2467, 598, 1490, 461, 3131, 2029, 1194, 329, 2488, 644, 2363, 2451, 2386, 1932, 3077, 1293, 486, 3075, 1612, 9, 217, 1751, 2205, 2773, 2248, 1734, 1171, 2854, 2677, 573, 3021, 1176, 2643, 796, 2066, 3051, 1141, 724, 358, 2817, 2121, 1613, 2060, 944, 2090, 1252, 245, 2039, 1312, 115, 1430, 1442, 1145, 2879, 618, 1080, 190, 389, 367, 670, 1199, 3098, 643, 665, 1333, 1666, 2588, 2849, 2901, 1335, 400, 1856, 898, 1237, 497, 2478, 817, 664, 693, 1512, 679, 680, 3055, 529, 2569, 2266, 493, 2414, 158, 304, 802, 3069, 2070, 1432, 2125, 422, 2437, 2638, 847, 2042, 557, 2589, 3067, 1015, 1601, 2460, 1515, 1874, 1965, 1348, 3000, 3058, 81, 2108, 1994, 1553, 2166, 29, 439, 1641, 2982, 2669, 1706, 899, 1665, 2009, 1611, 483, 1256, 840, 1061, 2307, 2664, 1698, 316, 2216, 2567, 2167, 2303, 2296, 1183, 2484, 1111, 4, 660, 124, 391, 435, 2580, 3078, 2325, 788, 235, 1235, 822, 1162, 2455, 1732, 2101, 2010, 781, 2348, 2827, 2152, 1528, 2909, 131, 411, 1663, 3013, 1270, 1045, 1837, 352, 1679, 139, 671, 1776, 632, 2738, 716, 876, 2800, 2753, 2690, 199, 2695, 2123, 1569, 1302, 1167, 2397, 142, 41, 6, 2896, 1109, 51, 2221, 582, 890, 1114, 552, 1472, 1383, 2929, 762, 1853, 3047, 509, 578, 1500, 875, 110, 2277, 2633, 2855, 2672, 2619, 892, 1929, 466, 2759, 2595, 2358, 1643, 479, 2978, 1596, 776, 2721, 2799, 161, 207, 405, 1866, 3072, 2276, 2570, 1863, 2617, 2615, 496, 325, 32, 1661, 713, 610, 1013, 363, 658, 381, 1937, 2840, 1903, 378, 1226, 3127, 761, 365, 1462, 963, 342, 1262, 2471, 1972, 1436, 2609, 22, 2524, 2752, 2016, 1635, 2427, 2239, 237, 2143, 2381, 2729, 2537, 2196, 58, 2692, 2735, 71, 1772, 1655, 656, 597, 2558, 1030, 2976, 2495, 2723, 1108, 2389, 844, 1280, 2098, 2908, 1475, 2018, 2860, 2991, 1048, 934, 1002, 2001, 1849, 1769, 3105, 605, 3046, 287, 2364, 2318, 835, 956, 1997, 1862, 1544, 2352, 2280, 1729, 2720, 966, 799, 1451, 1829, 857, 1052, 2441, 922, 2952, 269, 1172, 891, 2077, 1403, 820, 1816, 249, 2294, 2080, 2719, 1016, 1440, 425, 1026, 195, 1846, 1534, 2234, 869, 985, 2939, 3030, 3089, 1434, 1736, 1952, 1503, 777, 2394, 2930, 734, 2065, 2821, 288, 650, 895, 1540, 2627, 2705, 2330, 2564, 2517, 3016, 1911, 730, 121, 2327, 1999, 1273, 470, 1384, 1215, 1806, 564, 2309, 2986, 2660, 3049, 2317, 499, 2195, 973, 1147, 1622, 2547, 993, 2576, 749, 2608, 2670, 2962, 548, 353, 2767, 2482, 1064, 294, 1247, 1902, 1831, 1563, 608, 2785, 1476, 996, 1705, 849, 1377, 2263, 2378, 1689, 434, 921, 242, 698, 232, 2541, 2283, 2071, 346, 1869, 1106, 2591, 553, 1642, 1006, 1079, 753, 170, 28, 633, 1116, 957, 1875, 2002, 86, 694, 737, 1089, 502, 1039, 2557, 1456, 2399, 819, 1337, 2213, 717, 1653, 1771, 11, 593, 2260, 2227, 526, 2407, 1486, 2206, 2515, 2726, 1948, 1341, 2058, 872, 1428, 2584, 2290, 2324, 2473, 976, 692, 186, 2115, 354, 208, 677, 2037, 1925, 1409, 2762, 1457, 2145, 2186, 2636, 2141, 1385, 2188, 2779, 2646, 566, 2980, 2171, 2261, 1364, 520, 362, 1781, 3, 2103, 2710, 2996, 1564, 489, 1800, 2299, 1363, 0, 1279, 1206, 1904, 751, 3071, 1507, 2818, 494, 256, 1099, 1120, 1964, 2485, 2528, 1975, 924, 436, 1664, 1251, 1827, 1522, 1391, 317, 2661, 1331, 1059, 1527, 1895, 2479, 2612, 2481, 983, 1808, 2447, 711, 3045, 2989, 1195, 1797, 2149, 1660, 2312, 2926, 246, 1697, 1229, 915, 84, 1768, 3124, 1219, 2942, 893, 12, 2062, 790, 2403, 33, 157, 2162, 1246, 2182, 134, 2687, 50, 3106, 2335, 2030, 107, 2271, 2146, 3123, 1263, 136, 2083, 2365, 2691, 2209, 383, 1921, 88, 2890, 105, 2454, 536, 182, 2006, 2023, 348, 1354, 882, 3040, 2878, 1916, 2678, 1370, 2305, 2533, 651, 117, 2275, 1953, 1010, 2096, 1129, 2644, 257, 2448, 2230, 2191, 2286, 1245, 1547, 267, 96, 1585, 239, 2410, 338, 1173, 1586, 2703, 218, 1018, 1509, 543, 2924, 2461, 638, 1614, 187, 2156, 2709, 1166, 135, 1570, 379, 616, 979, 2628, 106, 491, 2823, 1000, 2716, 3056, 2761, 2076, 3117, 1662, 792, 1254, 1836, 1878, 864, 542, 2450, 3035, 1740, 1513, 2489, 2040, 2708, 2, 2764, 1127, 3011, 2204, 2531, 485, 73, 2004, 830, 1818, 685, 125, 1891, 604, 1455, 1815, 1871, 2963, 2730, 1944, 2404, 2697, 1847, 3065, 2102, 2894, 3107, 2621, 3018, 36, 2175, 2717, 744, 185, 2663, 1676, 2210, 408, 672, 1940, 1320, 1098, 1448, 2545, 153, 1857, 1750, 1988, 37, 1907, 2624, 2917, 1396, 35, 1085, 282, 130, 419, 560, 2475, 1395, 1021, 2310, 1306, 894, 181, 811, 1770, 532, 514, 2343, 961, 3009, 1811, 558, 2220, 2465, 2342, 1042, 1214, 897, 1794, 1578, 388, 220, 1623, 3001, 278, 1124, 2189, 2784, 2601, 2185, 2880, 2503, 1159, 1151, 472, 3023, 687, 373, 2252, 833, 622, 2203, 2285, 1636, 1134, 1269, 424, 669, 1078, 289, 1022, 801, 25, 1560, 1471, 1998, 123, 1412, 1950, 1938, 2128, 2207, 1386, 350, 5, 2743, 541, 2903, 2787, 2516, 1187, 1520, 2194, 1608, 2659, 138, 1046, 1204, 56, 137, 675, 62, 2666, 647, 1606, 2439, 1435, 920, 2832, 1491, 617, 2935, 2739, 1369, 128, 2937, 1993, 1296, 2634, 581, 1791, 2169, 2651, 2499, 2532, 431, 1627, 212, 1236, 2949, 2955, 1182, 3092, 2701, 2072, 433, 1334, 1889, 1763, 44, 1484, 1505, 91, 2116, 2063, 1196, 2241, 2511, 264, 2494, 45, 666, 2302, 1468, 1654, 538, 314, 592, 1680, 1638, 2680, 1411, 1281, 770, 518, 999, 3039, 1304, 100, 1465, 206, 602, 2105, 513, 3087, 2469, 355, 735, 39, 2300, 2442, 2540, 326, 1917, 1143, 2144, 1610, 646, 1419, 2605, 2707, 1349, 2249, 2046, 2281, 226, 1561, 1359, 2983, 2640, 456, 369, 2791, 2848, 3031, 726, 1074, 83, 119, 2078, 3097, 2679, 1844, 1258, 554, 3104, 1344, 853, 2795, 2490, 2895, 537, 1667, 327, 1695, 2258, 201, 584, 546, 333, 1175, 2999, 160, 3022, 42, 1840, 2865, 1978, 627, 2985, 112, 476, 370, 2560, 1315, 1766, 1087, 1909, 2826, 2842, 1541, 1380, 1439, 2496, 1342, 686, 1752, 2814, 145, 1443, 178, 1905, 2085, 1810, 1060, 2088, 943, 1149, 438, 1186, 1360, 2132, 2120, 1003, 1893, 805, 1447, 1983, 3111, 1516, 523, 855, 2316, 515, 1310, 1478, 2150, 2069, 1597, 668, 2262, 148, 1951, 2599, 839, 1058, 1, 2606, 93, 244, 2893, 1535, 1896, 946, 2582, 1899, 2446, 2861, 1034, 747, 1180, 1582, 1981, 1996, 621, 1977, 162, 2320, 1571, 2043, 2176, 982, 2136, 366, 2497, 2293, 120, 926, 308, 2017, 676, 319, 1043, 880, 948, 832, 2377, 1699, 1137, 2161, 1943, 967, 168, 188, 2845, 458, 229, 2629, 879, 1984, 1624, 2336, 2510, 846, 3052, 2797, 970, 102, 2888, 887, 3061, 994, 683, 851, 1536, 2648, 2702, 2398, 74, 194, 1365, 590, 2084, 2106, 512, 1577, 1590, 1523, 2486, 2912, 1724, 2579, 1824, 818, 639, 2251, 2688, 3057, 1901, 3132, 3068, 1275, 1595, 2459, 253, 1796, 463, 2057, 2392, 1426, 503, 475, 720, 1160, 2856, 2693, 1019, 2790, 2445, 2114, 1092, 1375, 2732, 372, 2509, 2201, 2555, 918, 1227, 3121, 2054, 2502, 1261, 2724, 215, 1095, 728, 1773, 2938, 1956, 2883, 1743, 1658, 2425, 2536, 626, 2635, 1399, 252, 1358, 1784, 1361, 1688, 1336, 2919, 1580, 2048, 1464, 1309, 2036, 1579, 1701, 809, 1272, 1524, 310, 886, 2829, 1671, 2776, 989, 1780, 1514, 2411, 634, 928, 1218, 2603, 2265, 712, 2433, 3054, 301, 31, 2988, 1081, 1318, 2632, 2412, 1371, 2698, 2361, 2246, 2379, 335, 1629, 18, 778, 1024, 3002, 334, 2034, 1845, 883, 23, 1962, 1345, 719, 1257, 428, 1105, 3064, 2598, 2885, 1823, 3066, 2668, 265, 1274, 2671, 2131, 1250, 1759, 331, 3096, 2163, 1788, 1517, 2902, 2868, 550, 1057, 1995, 2219, 10, 1139, 769, 1449, 2602, 2674, 2824, 1368, 1276, 174, 3091, 2483, 2642, 1303, 884, 376, 2611, 3101, 1719, 223, 1506, 1168, 1646, 21, 3080, 277, 2685, 344, 1644, 1538, 1154, 2971, 2492, 1278, 2875, 2282, 1209, 2214, 1639, 1897, 1487, 2585, 3094, 828, 1687, 2722, 2068, 1550, 2944, 1648, 2035, 981, 1244, 2301, 1745, 144, 2581, 156, 1212, 1720, 804, 3028, 2941, 2429, 1353, 900, 1793, 2390, 2000, 834, 623, 2998, 2626, 547, 114, 939, 446, 949, 1207, 386, 2391, 1190, 1119, 3004, 1211, 1890, 2140, 2858, 2623, 843, 1463, 2977, 783, 1675, 1820, 2820, 1738, 2549, 2079, 935, 2117, 2278, 384, 66, 1591, 2443, 2028, 2298, 1314, 292, 674, 1324, 1054, 1935, 2727, 1814, 3118, 2871, 1900, 1737, 2675, 2936, 1157, 925, 1609, 1103, 3006, 1681, 441, 98, 568, 2164, 1479, 2401, 1295, 219, 3133, 17, 2311, 3042, 2538, 987, 2099, 1741, 1450, 2742, 1798, 1501, 1880, 68, 2344, 3062, 3082, 468, 1790, 1555, 2064, 1767, 699, 782, 1927, 2165, 1469, 2257, 3090, 779, 1834, 1779, 1713, 1292, 2614, 1628, 2323, 2843, 111, 2630, 1552, 2148, 155, 640, 1025, 1549, 281, 2184, 393, 2969, 1702, 2082, 1670, 2500, 3003, 1121, 2934, 1682, 2024, 1047, 2553, 958, 165, 2788, 709, 1581, 661, 2916, 380, 2798, 827, 2523, 2561, 760, 1068, 2179, 654, 1203, 318, 1084, 2867, 1266, 3079, 2513, 1833, 648, 2607, 297, 506, 1546, 1887, 914, 240, 1867, 2841, 889, 1325, 163, 2792, 896, 1189, 1300, 690, 2805, 473, 2452, 2956, 151, 404, 2534, 19, 1870, 1659, 3113, 563, 2618, 221, 1382, 868, 986, 1809, 279, 813, 1826, 1991, 1532, 1631, 2958, 904, 2456, 271, 2354, 1955, 755, 2464, 725, 2546, 969, 519, 2328, 1005, 2993, 2770, 764, 1521, 2153, 116, 1452, 1615, 459, 118, 2782, 746, 364, 845, 2574, 1316, 2552, 1756, 1308, 1717, 1438, 1093, 1933, 577, 2400, 559, 1761, 1398, 1268, 1908, 2373, 1202, 850, 959, 2593, 625, 1625, 2197, 1744, 7, 143, 3074, 2339, 1163, 2423, 2272, 487, 723, 140, 209, 492, 2487, 2306, 808, 2233, 591, 1473, 1408, 1584, 870, 1692, 910, 1493, 1989, 1700, 923, 2287, 2961, 2811, 2522, 1461, 930, 254, 361, 368, 2019, 2758, 2746, 3029, 449, 1795, 2967, 1118, 1537, 300, 589, 579, 1446, 1525, 2124, 385, 2435, 1838, 2882, 2289, 2229, 2308, 1191, 2906, 1405, 1329, 1088, 2255, 2625, 3025, 836, 878, 1598, 2180, 2240, 1259, 1453, 3120, 1860, 2684, 2846, 905, 1600, 147, 854, 1558, 570, 2922, 980, 2133, 527, 984, 565, 774, 1906, 1529, 861, 567, 3088, 1169, 2279, 505, 2356, 442, 1181, 13, 1674, 2168, 2754, 1721, 721, 1924, 1188, 177, 2658, 1616, 401, 1101, 89, 263, 1504, 1854, 752, 2859, 2835, 825, 795, 2052, 2432, 184, 2921, 1437, 2345, 2898, 641, 3053, 860, 1884, 1458, 1305, 1224, 997, 2526, 2711, 972, 474, 251, 2208, 276, 1970, 1071, 2995, 1980, 1201, 2887, 471, 1949, 2583, 1603, 38, 2045, 1032, 1372, 1429, 2572, 193, 1941, 2376, 1178, 27, 765, 403, 1709, 2734, 1858, 1291, 2387, 228, 1136, 2093, 1023, 539, 1343, 275, 2857, 2430, 454, 2228, 382, 2463, 574, 2212, 109, 225, 3024, 2681, 1009, 2641, 2676, 806, 1264, 1868, 2504, 1253, 1155, 2190, 1812, 122, 1132, 3020, 359, 1483, 2514, 1366, 1892, 1393, 1813, 1757, 2945, 635, 2950, 395, 688, 377, 349, 1656, 1645, 1559, 1326, 299, 273, 2405, 2193, 258, 2224, 2904, 103, 2421, 1122, 544, 2267, 865, 1968, 3017, 8, 2807, 2650, 2828, 1485, 1961, 1033, 2223, 1242, 2610, 1067, 1394, 768, 2673, 748, 1317, 2472, 2920, 2107, 2247, 1825, 1097, 1083, 2192, 488, 477, 1802, 2086, 569, 3108, 448, 1049, 2886, 2851, 2892, 1841, 612, 741, 2979, 1248, 298, 2543, 2178, 951, 1765, 420, 2104, 2050, 2357, 1077, 164, 794, 624, 2571, 70, 72, 270, 3093, 20, 2468, 2038, 1583, 1519, 1265, 1782, 599, 2804, 659, 2295, 1508, 912, 562, 2314, 286, 2151, 1221, 1332, 1531, 2704, 1690, 1285, 1220, 2551, 1928, 1494, 642, 1460, 2031, 1174, 1104, 1397, 447, 2556, 2812, 727, 2173, 1126, 52, 1819, 1626, 426, 2127, 2931, 210, 421, 1404, 2322, 2334, 1604, 766, 451, 1222, 2535, 1319, 478, 2250, 1028, 2622, 1298, 2366, 2654, 3103, 595, 1125, 1427, 1957, 1551, 1588, 149, 619, 974, 2836, 2749]
labeling = [0, 0, 0, 0, 0, 0, 0, 0, 0, 0, 0, 0, 0, 0, 0, 0, 0, 0, 0, 0, 0, 0, 0, 0, 0, 0, 0, 0, 0, 0, 0, 0, 0, 0, 0, 0, 0, 0, 0, 0, 0, 0, 0, 0, 0, 0, 0, 0, 0, 0, 0, 0, 0, 0, 0, 0, 0, 0, 0, 0, 0, 0, 0, 0, 0, 0, 0, 0, 0, 0, 0, 0, 0, 0, 0, 0, 0, 0, 0, 0, 0, 0, 0, 0, 0, 0, 0, 0, 0, 0, 0, 0, 0, 0, 0, 0, 0, 0, 0, 0, 0, 0, 0, 0, 0, 0, 0, 0, 0, 0, 0, 0, 0, 0, 0, 0, 0, 0, 0, 0, 0, 0, 0, 0, 0, 0, 0, 0, 0, 0, 0, 0, 0, 0, 0, 0, 0, 0, 0, 0, 0, 0, 0, 0, 0, 0, 0, 0, 0, 0, 0, 0, 0, 0, 0, 0, 0, 0, 0, 0, 0, 0, 0, 0, 0, 0, 0, 0, 0, 0, 0, 0, 0, 0, 0, 0, 0, 0, 0, 0, 0, 0, 0, 0, 0, 0, 0, 0, 0, 0, 0, 0, 0, 0, 0, 0, 0, 0, 0, 0, 0, 0, 0, 0, 0, 0, 0, 0, 0, 0, 0, 0, 0, 0, 0, 0, 0, 0, 0, 0, 0, 0, 0, 0, 0, 0, 0, 0, 0, 0, 0, 0, 0, 0, 0, 0, 0, 0, 0, 0, 0, 0, 0, 0, 0, 0, 0, 0, 0, 0, 0, 0, 0, 0, 0, 0, 0, 0, 0, 0, 0, 0, 0, 0, 0, 0, 0, 0, 0, 0, 0, 0, 0, 0, 0, 0, 0, 0, 0, 0, 0, 0, 0, 0, 0, 0, 0, 0, 0, 0, 0, 0, 0, 0, 0, 0, 0, 0, 0, 0, 0, 0, 0, 0, 0, 0, 0, 0, 0, 0, 0, 0, 0, 0, 0, 0, 0, 0, 0, 0, 0, 0, 0, 0, 0, 0, 0, 0, 0, 0, 0, 0, 0, 0, 0, 0, 0, 0, 0, 0, 0, 0, 0, 0, 0, 0, 0, 0, 0, 0, 0, 0, 0, 0, 0, 0, 0, 0, 0, 0, 0, 0, 0, 0, 0, 0, 0, 0, 0, 0, 0, 0, 0, 0, 0, 0, 0, 0, 0, 0, 0, 0, 0, 0, 0, 0, 0, 0, 0, 0, 0, 0, 0, 0, 0, 0, 0, 0, 0, 0, 0, 0, 0, 0, 0, 0, 0, 0, 0, 0, 0, 0, 0, 0, 0, 0, 0, 0, 0, 0, 0, 0, 0, 0, 0, 0, 0, 0, 0, 0, 0, 0, 0, 0, 0, 0, 0, 0, 0, 0, 0, 0, 0, 0, 0, 0, 0, 0, 0, 0, 0, 0, 0, 0, 0, 0, 0, 0, 0, 0, 0, 0, 0, 0, 0, 0, 0, 0, 0, 0, 0, 0, 0, 0, 0, 0, 0, 0, 0, 0, 0, 0, 0, 0, 0, 0, 0, 0, 0, 0, 0, 0, 0, 0, 0, 0, 0, 0, 0, 0, 0, 0, 0, 0, 0, 0, 0, 0, 0, 0, 0, 0, 0, 0, 0, 0, 0, 0, 0, 0, 0, 0, 0, 0, 0, 0, 0, 0, 0, 0, 0, 0, 0, 0, 0, 0, 0, 0, 0, 0, 0, 0, 0, 0, 0, 0, 0, 0, 0, 0, 0, 0, 0, 0, 0, 0, 0, 0, 0, 0, 0, 0, 0, 0, 0, 0, 0, 0, 0, 0, 0, 0, 0, 0, 0, 0, 0, 0, 0, 0, 0, 0, 0, 0, 0, 0, 0, 0, 0, 0, 0, 0, 0, 0, 0, 0, 0, 0, 0, 0, 0, 0, 0, 0, 0, 0, 0, 0, 0, 0, 0, 0, 0, 0, 0, 0, 0, 0, 0, 0, 0, 0, 0, 0, 0, 0, 0, 0, 0, 0, 0, 0, 0, 0, 0, 0, 0, 0, 0, 0, 0, 0, 0, 0, 0, 0, 0, 0, 0, 0, 0, 0, 0, 0, 0, 0, 0, 0, 0, 0, 0, 0, 0, 0, 0, 0, 0, 0, 0, 0, 0, 0, 0, 0, 0, 0, 0, 0, 0, 0, 0, 0, 0, 0, 0, 0, 0, 0, 0, 0, 0, 0, 0, 0, 0, 0, 0, 0, 0, 0, 0, 0, 0, 0, 0, 0, 0, 0, 0, 0, 0, 0, 0, 0, 0, 0, 0, 0, 0, 0, 0, 0, 0, 0, 0, 0, 0, 0, 0, 0, 0, 0, 0, 0, 0, 0, 0, 0, 0, 0, 0, 0, 0, 0, 0, 0, 0, 0, 0, 0, 0, 0, 0, 0, 0, 0, 0, 0, 0, 0, 0, 0, 0, 0, 0, 0, 0, 0, 0, 0, 0, 0, 0, 0, 0, 0, 0, 0, 0, 0, 0, 0, 0, 0, 0, 0, 0, 0, 0, 0, 0, 0, 0, 0, 0, 0, 0, 0, 0, 0, 0, 0, 0, 0, 0, 0, 0, 0, 0, 0, 0, 0, 0, 0, 0, 0, 0, 0, 0, 0, 0, 0, 0, 0, 0, 0, 0, 0, 0, 0, 0, 0, 0, 0, 0, 0, 0, 0, 0, 0, 0, 0, 0, 0, 0, 0, 0, 0, 0, 0, 0, 0, 0, 0, 0, 0, 0, 0, 0, 0, 0, 0, 0, 0, 0, 0, 0, 0, 0, 0, 0, 0, 0, 0, 0, 0, 0, 0, 0, 0, 0, 0, 0, 0, 0, 0, 0, 0, 0, 0, 0, 0, 0, 0, 0, 0, 0, 0, 0, 0, 0, 0, 0, 0, 0, 0, 0, 0, 0, 0, 0, 0, 0, 0, 0, 0, 0, 0, 0, 0, 0, 0, 0, 0, 0, 0, 0, 0, 0, 0, 0, 0, 0, 0, 0, 0, 0, 0, 0, 0, 0, 0, 0, 0, 0, 0, 0, 0, 0, 0, 0, 0, 0, 0, 0, 0, 0, 0, 0, 0, 0, 0, 0, 0, 0, 0, 0, 0, 0, 0, 0, 0, 0, 0, 0, 0, 0, 0, 0, 0, 0, 0, 0, 0, 0, 0, 0, 0, 0, 0, 0, 0, 0, 0, 0, 0, 0, 0, 0, 0, 0, 0, 0, 0, 0, 0, 0, 0, 0, 0, 0, 0, 0, 0, 0, 0, 0, 0, 0, 0, 0, 0, 0, 0, 0, 0, 0, 0, 0, 0, 0, 0, 0, 0, 0, 0, 0, 0, 0, 0, 0, 0, 0, 0, 0, 0, 0, 0, 0, 0, 0, 0, 0, 0, 0, 0, 0, 0, 0, 0, 0, 0, 0, 0, 0, 0, 0, 0, 0, 0, 0, 0, 0, 0, 0, 0, 0, 0, 0, 0, 0, 0, 0, 0, 0, 0, 0, 0, 0, 0, 0, 0, 0, 0, 0, 0, 0, 0, 0, 0, 0, 0, 0, 0, 0, 0, 0, 0, 0, 0, 0, 0, 0, 0, 0, 0, 0, 0, 0, 0, 0, 0, 0, 0, 0, 0, 0, 0, 0, 0, 0, 0, 0, 0, 0, 0, 0, 0, 0, 0, 0, 0, 0, 0, 0, 0, 0, 0, 0, 0, 0, 0, 0, 0, 0, 0, 0, 0, 0, 0, 0, 0, 0, 0, 0, 0, 0, 0, 0, 0, 0, 0, 0, 0, 0, 0, 0, 0, 0, 0, 0, 0, 0, 0, 0, 0, 0, 0, 0, 0, 0, 0, 0, 0, 0, 0, 0, 0, 0, 0, 0, 0, 0, 0, 0, 0, 0, 0, 0, 0, 0, 0, 0, 0, 0, 0, 0, 0, 0, 0, 0, 0, 0, 0, 0, 0, 0, 0, 0, 0, 0, 0, 0, 0, 0, 0, 0, 0, 0, 0, 0, 0, 0, 0, 0, 0, 0, 0, 0, 0, 0, 0, 0, 0, 0, 0, 0, 0, 0, 0, 0, 0, 0, 0, 0, 0, 0, 0, 0, 0, 0, 0, 0, 0, 0, 0, 0, 0, 0, 0, 0, 0, 0, 0, 0, 0, 0, 0, 0, 0, 0, 0, 0, 0, 0, 0, 0, 0, 0, 0, 0, 0, 0, 0, 0, 0, 0, 0, 0, 0, 0, 0, 0, 0, 0, 0, 0, 0, 0, 0, 0, 0, 0, 0, 0, 0, 0, 0, 0, 0, 0, 0, 0, 0, 0, 0, 0, 0, 0, 0, 0, 0, 0, 0, 0, 0, 0, 0, 0, 0, 0, 0, 0, 0, 0, 0, 0, 0, 0, 0, 0, 0, 0, 0, 0, 0, 0, 0, 0, 0, 0, 0, 0, 0, 0, 0, 0, 0, 0, 0, 0, 0, 0, 0, 0, 0, 0, 0, 0, 0, 0, 0, 0, 0, 0, 0, 0, 0, 0, 0, 0, 0, 0, 0, 0, 0, 0, 0, 0, 0, 0, 0, 0, 0, 0, 0, 0, 0, 0, 0, 0, 0, 0, 0, 0, 0, 0, 0, 0, 0, 0, 0, 0, 0, 0, 0, 0, 0, 0, 0, 0, 0, 0, 0, 0, 0, 0, 0, 0, 0, 0, 0, 0, 0, 0, 0, 0, 0, 0, 0, 0, 0, 0, 0, 0, 0, 0, 0, 0, 0, 0, 0, 0, 0, 0, 0, 0, 0, 0, 0, 0, 0, 0, 0, 0, 0, 0, 0, 0, 0, 0, 0, 0, 0, 0, 0, 0, 0, 0, 0, 0, 0, 0, 0, 0, 0, 0, 0, 0, 0, 0, 0, 0, 0, 0, 0, 0, 0, 0, 0, 0, 0, 0, 0, 0, 0, 0, 0, 0, 0, 0, 0, 0, 0, 0, 0, 0, 0, 0, 0, 0, 0, 0, 0, 0, 0, 0, 0, 0, 0, 0, 0, 0, 0, 0, 0, 0, 0, 0, 0, 0, 0, 0, 0, 0, 0, 0, 0, 0, 0, 0, 0, 0, 0, 0, 0, 0, 0, 0, 0, 0, 0, 0, 0, 0, 0, 0, 0, 0, 0, 0, 0, 0, 0, 0, 0, 0, 0, 0, 0, 0, 0, 0, 0, 0, 0, 0, 0, 0, 0, 0, 0, 0, 0, 0, 0, 0, 0, 0, 0, 0, 0, 0, 0, 0, 0, 0, 0, 0, 0, 0, 0, 0, 0, 0, 0, 0, 0, 0, 0, 0, 0, 0, 0, 0, 0, 0, 0, 0, 0, 0, 0, 0, 0, 0, 0, 0, 0, 0, 0, 0, 0, 0, 0, 0, 0, 0, 0, 0, 0, 0, 0, 0, 0, 0, 0, 0, 0, 0, 0, 0, 0, 0, 0, 0, 0, 0, 0, 0, 0, 0, 0, 0, 0, 0, 0, 0, 0, 0, 0, 0, 0, 0, 0, 0, 0, 0, 0, 0, 0, 0, 0, 0, 0, 0, 0, 0, 0, 0, 0, 0, 0, 0, 0, 0, 0, 0, 0, 0, 0, 0, 0, 0, 0, 0, 0, 0, 0, 0, 0, 0, 0, 0, 0, 0, 0, 0, 0, 0, 0, 0, 0, 0, 0, 0, 0, 0, 0, 0, 0, 0, 0, 0, 0, 0, 0, 0, 0, 0, 0, 0, 0, 0, 0, 0, 0, 0, 0, 0, 0, 0, 0, 0, 0, 0, 0, 0, 0, 0, 0, 0, 0, 0, 0, 0, 0, 0, 0, 0, 0, 0, 0, 0, 0, 0, 0, 0, 0, 0, 0, 0, 0, 0, 0, 0, 0, 0, 0, 0, 0, 0, 0, 0, 0, 0, 0, 0, 0, 0, 0, 0, 0, 0, 0, 0, 0, 0, 0, 0, 0, 0, 0, 0, 0, 0, 0, 0, 0, 0, 0, 0, 0, 0, 0, 0, 0, 0, 0, 0, 0, 0, 0, 0, 0, 0, 0, 0, 0, 0, 0, 0, 0, 0, 0, 0, 0, 0, 0, 0, 0, 0, 0, 0, 0, 0, 0, 0, 0, 0, 0, 0, 0, 0, 0, 0, 0, 0, 0, 0, 0, 0, 0, 0, 0, 0, 0, 0, 0, 0, 0, 0, 0, 0, 0, 0, 0, 0, 0, 0, 0, 0, 0, 0, 0, 0, 0, 0, 0, 0, 0, 0, 0, 0, 0, 0, 0, 0, 0, 0, 0, 0, 0, 0, 0, 0, 0, 0, 0, 0, 0, 0, 0, 0, 0, 0, 0, 0, 0, 0, 0, 0, 0, 0, 0, 0, 0, 0, 0, 0, 0, 0, 0, 0, 0, 0, 0, 0, 0, 0, 0, 0, 0, 0, 0, 0, 0, 0, 0, 0, 0, 0, 0, 0, 0, 0, 0, 0, 0, 0, 0, 0, 0, 0, 0, 0, 0, 0, 0, 0, 0, 0, 0, 0, 0, 0, 0, 0, 0, 0, 0, 0, 0, 0, 0, 0, 0, 0, 0, 0, 0, 0, 0, 0, 0, 0, 0, 0, 0, 0, 0, 0, 0, 0, 0, 0, 0, 0, 0, 0, 0, 0, 0, 0, 0, 0, 0, 0, 0, 0, 0, 0, 0, 0, 0, 0, 0, 0, 0, 0, 0, 0, 0, 0, 0, 0, 0, 0, 0, 0, 0, 0, 0, 0, 0, 0, 0, 0, 0, 0, 0, 0, 0, 0, 0, 0, 0, 0, 0, 0, 0, 0, 0, 0, 0, 0, 0, 0, 0, 0, 0, 0, 0, 0, 0, 0, 0, 0, 0, 0, 0, 0, 0, 0, 0, 0, 0, 0, 0, 0, 0, 0, 0, 0, 0, 0, 0, 0, 0, 0, 0, 0, 0, 0, 0, 0, 0, 0, 0, 0, 0, 0, 0, 0, 0, 0, 0, 0, 0, 0, 0, 0, 0, 0, 0, 0, 0, 0, 0, 0, 0, 0, 0, 0, 0, 0, 0, 0, 0, 0, 0, 0, 0, 0, 0, 0, 0, 0, 0, 0, 0, 0, 0, 0, 0, 0, 0, 0, 0, 0, 0, 0, 0, 0, 0, 0, 0, 0, 0, 0, 0, 0, 0, 0, 0, 0, 0, 0, 0, 0, 0, 0, 0, 0, 0, 0, 0, 0, 0, 0, 0, 0, 0, 0, 0, 0, 0, 0, 0, 0, 0, 0, 0, 0, 0, 0, 0, 0, 0, 0, 0, 0, 0, 0, 0, 0, 0, 0, 0, 0, 0, 0, 0, 0, 0, 0, 0, 0, 0, 0, 0, 0, 0, 0, 0, 0, 0, 0, 0, 0, 0, 0, 0, 0, 0, 0, 0, 0, 0, 0, 0, 0, 0, 0, 0, 0, 0, 0, 0, 0, 0, 0, 0, 0, 0, 0, 0, 0, 0, 0, 0, 0, 0, 0, 0, 0, 0, 0, 0, 0, 0, 0, 0, 0, 0, 0, 0, 0, 0, 0, 0, 0, 0, 0, 0, 0, 0, 0, 0, 0, 0, 0, 0, 0, 0, 0, 0, 0, 0, 0, 0, 0, 0, 0, 0, 0, 0, 0, 0, 0, 0, 0, 0, 0, 0, 0, 0, 0, 0, 0, 0, 0, 0, 0, 0, 0, 0, 0, 0, 0, 0, 0, 0, 0, 0, 0, 0, 0, 0, 0, 0, 0, 0, 0, 0, 0, 0, 0, 0, 0, 0, 0, 0, 0, 0, 0, 0, 0, 0, 0, 0, 0, 0, 0, 0, 0, 0, 0, 0, 0, 0, 0, 0, 0, 0, 0, 0, 0, 0, 0, 0, 0, 0, 0, 0, 0, 0, 0, 0, 0, 0, 0, 0, 0, 0, 0, 0, 0, 0, 0, 0, 0, 0, 0, 0, 0, 0, 0, 0, 0, 0, 0, 0, 0, 0, 0, 0, 0, 0, 0, 0, 0, 0, 0, 0, 0, 0, 0, 0, 0, 0, 0, 0, 0, 0, 0, 0, 0, 0, 0, 0, 0, 0, 0, 0, 0, 0, 0, 0, 0, 0, 0, 0, 0, 0, 0, 0, 0, 0, 0, 0, 0, 0, 0, 0, 0, 0, 0, 0, 0, 0, 0, 0, 0, 0, 0, 0, 0, 0, 0, 0, 0, 0, 0, 0, 0, 0, 0, 0, 0, 0, 0, 0, 0, 0, 0, 0, 0, 0, 0, 0, 0, 0, 0, 0, 0, 0, 0, 0, 0, 0, 0, 0, 0, 0, 0, 0, 0, 0, 0, 0, 0, 0, 0, 0, 0, 0, 0, 0, 0, 0, 0, 0, 0, 0, 0, 0, 0, 0, 0, 0, 0, 0, 0, 0, 0, 0, 0, 0, 0, 0, 0, 0, 0, 0, 0, 0, 0, 0, 0, 0, 0, 0, 0, 0, 0, 0, 0, 0, 0, 0, 0, 0, 0, 0, 0, 0, 0, 0, 0, 0, 0, 0, 0, 0, 0, 0, 0, 0, 0, 0, 0, 0, 0, 0, 0, 0, 0, 0, 0, 0, 0, 0, 0, 0, 0, 0, 0, 0, 0, 0, 0, 0, 0, 0, 0, 0, 0, 0, 0, 0, 0, 0, 0, 0, 0, 0, 0, 0, 0, 0, 0, 0, 0, 0, 0, 0, 0, 0, 0, 0, 0, 0, 0, 0, 0, 0, 0, 0, 0, 0, 0, 0, 0, 0, 0, 0, 0, 0, 0, 0, 0, 0, 0, 0, 0, 0, 0, 0, 0, 0, 0, 0, 0, 0, 0, 0, 0, 0, 0, 0, 0, 0, 0, 0, 0, 0, 0, 0, 0, 0, 0, 0, 0, 0, 0, 0, 0, 0, 0, 0, 0, 0, 0, 0, 0, 0, 0, 0, 0, 0, 0, 0, 0, 0, 0, 0, 0, 0, 0, 0, 0, 0, 0, 0, 0, 0, 0, 0, 0, 0, 0, 0, 0, 0, 0, 0, 0, 0, 0, 0, 0, 0, 0, 0, 0, 0, 0, 0, 0, 0, 0, 0, 0, 0, 0, 0, 0, 0, 0, 0, 0, 0, 0, 0, 0, 0, 0, 0, 0, 0, 0, 0, 0, 0, 0, 0, 0, 0, 0, 0, 0, 0, 0, 0, 0, 0, 0, 0, 0, 0, 0, 0, 0, 0, 0, 0, 0, 0, 0, 0, 0, 0, 0, 0, 0, 0, 0, 0, 0, 0, 0, 0, 0, 0, 0, 0, 0, 0, 0, 0, 0, 0, 0, 0, 0, 0, 0, 0, 0, 0, 0, 0, 0, 0, 0, 0, 0, 0, 0, 0, 0, 0, 0, 0, 0, 0, 0, 0, 0, 0, 0, 0, 0, 0, 0, 0, 0, 0, 0, 0, 0, 0, 0, 0, 0, 0, 0, 0, 0, 0, 0, 0, 0, 0, 0, 0, 0, 0, 0, 0, 0, 0, 0, 0, 0, 0, 0, 0, 0, 0, 0, 0, 0, 0, 0, 0, 0, 0, 0, 0, 0, 0, 0, 0, 0, 0, 0, 0, 0, 0, 0, 0, 0, 0, 0, 0, 0, 0, 0, 0, 0, 0, 0, 0, 0, 0, 0, 0, 0, 0, 0, 0, 0, 0, 0, 0, 0, 0, 0, 0, 0, 0, 0, 0, 0, 0, 0, 0, 0, 0, 0, 0, 0, 0, 0, 0, 0, 0, 0, 0, 0, 0, 0, 0, 0, 0, 0, 0, 0, 0, 0, 0, 0, 0, 0, 0, 0, 0, 0, 0, 0, 0, 0, 0, 0, 0, 0, 0, 0, 0, 0, 0, 0, 0, 0, 0, 0, 0, 0, 0, 0, 0, 0, 0, 0, 0, 0, 0, 0, 0, 0, 0, 0, 0, 0, 0, 0, 0, 0, 0, 0, 0, 0, 0, 0, 0, 0, 0, 0, 0, 0, 0, 0, 0, 0, 0, 0, 0, 0, 0, 0, 0, 0, 0, 0, 0, 0, 0, 0, 0, 0, 0, 0, 0, 0, 0, 0, 0, 0, 0, 0, 0, 0, 0, 0, 0, 0, 0, 0, 0, 0, 0, 0, 0, 0, 0, 0, 0, 0, 0, 0, 0, 0, 0]
convergência = [0, 0, 0, 0, 0, 0, 0, 0, 0, 0, 0, 0, 0, 0, 0, 0, 0, 0, 0, 0, 0, 0, 0, 0, 0, 0, 0, 0, 0, 0, 0, 0, 0, 0, 0, 0, 0, 0, 0, 0, 0, 0, 0, 0, 0, 0, 0, 0, 0, 0, 0, 0, 0, 0, 0, 0, 0, 0, 0, 0, 0, 0, 0, 0, 0, 0, 0, 0, 0, 0, 0, 0, 0, 0, 0, 0, 0, 0, 0, 0, 0, 0, 0, 0, 0, 0, 0, 0, 0, 0, 0, 0, 0, 0, 0, 0, 0, 0, 0, 0, 0, 0, 0, 0, 0, 0, 0, 0, 0, 0, 0, 0, 0, 0, 0, 0, 0, 0, 0, 0, 0, 0, 0, 0]

===== FIM =====
