===== RESULTADO BRKGA L(2,1) =====
Arquivo: /Users/mateuspedrosa/Documents/TCC-II/BRKGA/data/Harwell-Boeing_cleaned/bcsstk04_clean.mtx

----- Execução #1 -----
[INFO] Parou por estagnação.
Tempo de execução: 176179ms
Span (lambda): 63
best_order = [79, 51, 128, 54, 17, 44, 60, 33, 86, 71, 58, 50, 99, 0, 29, 45, 102, 77, 25, 117, 11, 113, 131, 27, 72, 6, 90, 47, 52, 78, 69, 70, 93, 123, 107, 59, 83, 126, 85, 39, 116, 19, 46, 63, 74, 104, 16, 40, 24, 55, 68, 119, 28, 10, 22, 23, 3, 20, 95, 110, 101, 36, 67, 7, 94, 64, 32, 62, 66, 26, 73, 65, 82, 14, 129, 81, 76, 84, 96, 30, 9, 56, 108, 31, 105, 80, 1, 8, 75, 92, 98, 49, 21, 121, 91, 34, 53, 15, 41, 88, 13, 130, 122, 61, 114, 4, 57, 89, 100, 124, 35, 2, 97, 127, 38, 118, 87, 109, 115, 43, 42, 12, 37, 125, 5, 112, 120, 111, 48, 18, 106, 103]
labeling = [5, 21, 10, 13, 41, 36, 17, 23, 52, 44, 24, 14, 53, 45, 39, 55, 22, 0, 38, 15, 18, 34, 1, 3, 28, 8, 37, 16, 33, 11, 46, 50, 35, 7, 54, 60, 26, 63, 51, 20, 31, 57, 56, 61, 4, 12, 27, 19, 62, 47, 3, 1, 18, 49, 2, 30, 48, 58, 9, 25, 6, 59, 42, 29, 40, 43, 41, 36, 32, 10, 21, 5, 15, 39, 24, 52, 45, 13, 17, 0, 51, 44, 22, 20, 35, 22, 0, 54, 17, 46, 14, 55, 53, 23, 38, 34, 28, 37, 12, 4, 33, 4, 5, 36, 19, 21, 32, 10, 31, 57, 27, 63, 61, 8, 50, 60, 11, 7, 56, 26, 62, 16, 18, 3, 47, 19, 12, 2, 1, 9, 25, 1]
convergência = [67, 67, 67, 67, 66, 66, 66, 66, 66, 65, 65, 65, 65, 65, 65, 65, 65, 65, 65, 65, 65, 65, 65, 65, 65, 64, 64, 64, 64, 64, 64, 63, 63, 63, 63, 63, 63, 63, 63, 63, 63, 63, 63, 63, 63, 63, 63, 63, 63, 63, 63, 63, 63, 63, 63, 63, 63, 63, 63, 63, 63, 63, 63, 63, 63, 63, 63, 63, 63, 63, 63, 63, 63, 63, 63, 63, 63, 63, 63, 63, 63, 63, 63, 63, 63, 63, 63, 63, 63, 63, 63, 63, 63, 63, 63, 63, 63, 63, 63, 63, 63, 63, 63, 63, 63, 63, 63, 63, 63, 63, 63, 63, 63, 63, 63, 63, 63, 63, 63, 63, 63, 63, 63, 63, 63, 63, 63, 63, 63, 63, 63, 63, 63, 63, 63, 63, 63, 63, 63, 63, 63, 63, 63, 63, 63, 63, 63, 63, 63, 63, 63, 63, 63, 63, 63]

===== FIM =====
