===== RESULTADO BRKGA L(2,1) =====
Arquivo: /Users/mateuspedrosa/Documents/TCC-II/BRKGA/data/Harwell-Boeing_cleaned/bcsstk19_clean.mtx

----- Execução #1 -----
[INFO] Parou por estagnação.
Tempo de execução: 88913ms
Span (lambda): 20
best_order = [67, 246, 696, 716, 475, 417, 135, 296, 272, 432, 743, 473, 285, 239, 129, 58, 370, 427, 305, 136, 807, 633, 642, 493, 262, 84, 455, 425, 728, 691, 113, 99, 59, 692, 68, 551, 45, 343, 200, 785, 619, 752, 570, 624, 541, 226, 72, 36, 572, 256, 695, 775, 762, 491, 184, 300, 584, 234, 714, 731, 483, 359, 313, 634, 40, 315, 289, 345, 546, 729, 669, 134, 151, 104, 469, 11, 516, 738, 309, 259, 437, 566, 368, 510, 91, 312, 207, 668, 264, 208, 230, 638, 812, 713, 187, 288, 152, 482, 42, 86, 489, 467, 394, 385, 569, 66, 154, 789, 711, 222, 5, 227, 347, 682, 621, 671, 94, 70, 130, 102, 194, 757, 630, 141, 65, 737, 88, 771, 440, 470, 772, 276, 490, 434, 612, 509, 476, 454, 673, 444, 552, 122, 464, 2, 372, 523, 585, 274, 77, 396, 376, 351, 19, 697, 512, 155, 736, 389, 80, 160, 44, 358, 183, 724, 203, 457, 337, 182, 142, 14, 660, 280, 87, 575, 299, 298, 784, 809, 539, 581, 741, 399, 683, 209, 602, 316, 622, 474, 590, 607, 816, 76, 367, 108, 173, 586, 655, 801, 293, 304, 81, 379, 57, 384, 339, 588, 354, 806, 650, 281, 423, 735, 199, 365, 118, 777, 723, 153, 647, 430, 257, 446, 610, 114, 319, 253, 290, 685, 123, 529, 761, 6, 730, 109, 240, 250, 811, 221, 580, 617, 140, 161, 97, 329, 273, 214, 41, 13, 202, 791, 435, 788, 268, 217, 676, 606, 702, 344, 56, 694, 235, 338, 100, 582, 51, 60, 564, 16, 769, 591, 22, 89, 501, 318, 571, 7, 649, 25, 720, 592, 232, 787, 656, 792, 613, 776, 294, 78, 348, 361, 362, 563, 383, 627, 107, 191, 486, 92, 62, 326, 658, 295, 770, 381, 415, 678, 485, 111, 744, 644, 753, 332, 524, 137, 573, 629, 128, 409, 589, 138, 30, 699, 263, 684, 471, 718, 635, 90, 180, 705, 224, 220, 559, 598, 640, 544, 21, 645, 218, 477, 43, 746, 307, 201, 266, 374, 810, 311, 275, 521, 661, 739, 497, 96, 204, 186, 565, 461, 9, 748, 317, 662, 800, 689, 447, 742, 814, 579, 124, 604, 599, 540, 701, 502, 500, 355, 774, 120, 717, 700, 149, 69, 322, 103, 32, 380, 496, 74, 422, 195, 219, 666, 468, 398, 225, 391, 63, 406, 568, 17, 271, 537, 340, 363, 238, 163, 131, 567, 796, 522, 703, 686, 618, 520, 530, 284, 147, 674, 164, 395, 265, 596, 249, 416, 64, 693, 441, 46, 534, 213, 780, 517, 505, 258, 26, 420, 492, 721, 132, 82, 216, 707, 49, 223, 18, 768, 536, 314, 402, 726, 481, 531, 525, 443, 615, 679, 175, 215, 292, 166, 733, 146, 532, 429, 8, 110, 542, 168, 121, 538, 405, 115, 393, 53, 242, 112, 206, 448, 639, 75, 414, 410, 560, 105, 371, 549, 145, 528, 27, 601, 593, 804, 626, 28, 126, 23, 758, 608, 603, 557, 555, 252, 116, 37, 229, 767, 576, 236, 808, 34, 197, 519, 712, 210, 424, 431, 267, 12, 369, 10, 781, 637, 47, 245, 632, 533, 170, 185, 646, 39, 663, 378, 310, 179, 782, 436, 54, 562, 759, 460, 327, 727, 745, 445, 763, 526, 386, 747, 400, 751, 600, 4, 764, 31, 553, 675, 356, 243, 708, 554, 709, 157, 321, 779, 657, 654, 336, 587, 52, 578, 732, 38, 79, 193, 176, 611, 324, 597, 786, 548, 248, 328, 421, 439, 241, 518, 279, 411, 790, 794, 623, 815, 350, 636, 106, 388, 127, 704, 254, 73, 205, 458, 192, 346, 282, 212, 722, 196, 535, 177, 756, 408, 616, 725, 373, 237, 377, 631, 188, 614, 465, 392, 595, 803, 625, 387, 503, 357, 353, 609, 117, 144, 375, 749, 335, 15, 413, 456, 462, 754, 189, 71, 401, 508, 360, 506, 270, 688, 251, 667, 412, 641, 334, 653, 750, 690, 342, 390, 301, 480, 677, 511, 773, 190, 139, 545, 507, 652, 403, 449, 119, 798, 438, 407, 648, 495, 169, 397, 498, 291, 452, 594, 734, 478, 605, 198, 156, 341, 453, 760, 101, 286, 451, 306, 231, 558, 364, 514, 547, 330, 308, 133, 672, 472, 813, 515, 513, 50, 765, 778, 466, 574, 165, 20, 527, 24, 269, 659, 366, 719, 61, 556, 158, 488, 442, 287, 85, 283, 710, 802, 428, 178, 550, 233, 795, 805, 247, 48, 706, 418, 463, 167, 278, 504, 325, 670, 125, 715, 484, 331, 620, 333, 561, 349, 382, 297, 83, 499, 665, 479, 643, 3, 681, 211, 1, 323, 255, 150, 797, 143, 172, 148, 459, 487, 433, 680, 98, 651, 261, 698, 174, 628, 494, 352, 419, 95, 228, 0, 426, 159, 29, 302, 320, 55, 543, 93, 783, 404, 766, 244, 740, 171, 755, 583, 33, 664, 277, 793, 162, 687, 799, 450, 577, 260, 35, 181, 303]
labeling = [18, 8, 3, 16, 12, 1, 4, 6, 10, 8, 13, 0, 11, 5, 3, 18, 7, 9, 12, 1, 20, 8, 4, 16, 18, 6, 11, 13, 15, 9, 2, 7, 0, 18, 11, 10, 1, 6, 16, 14, 3, 9, 5, 11, 7, 1, 13, 17, 19, 15, 6, 2, 10, 4, 12, 14, 7, 5, 1, 3, 9, 17, 11, 13, 15, 7, 4, 0, 2, 11, 6, 19, 1, 17, 13, 15, 8, 4, 10, 12, 0, 5, 10, 12, 0, 14, 3, 8, 6, 11, 13, 2, 4, 19, 0, 16, 12, 8, 14, 1, 10, 18, 5, 13, 3, 15, 17, 8, 4, 6, 2, 9, 13, 0, 5, 11, 15, 17, 2, 8, 6, 13, 0, 3, 10, 18, 14, 16, 8, 1, 6, 11, 13, 15, 4, 0, 2, 8, 10, 16, 6, 1, 4, 19, 15, 13, 11, 8, 18, 0, 14, 2, 5, 11, 7, 9, 13, 4, 15, 18, 1, 6, 5, 0, 7, 2, 1, 11, 3, 6, 4, 15, 13, 2, 9, 5, 14, 7, 11, 8, 1, 19, 2, 3, 0, 10, 5, 2, 15, 12, 17, 9, 6, 15, 1, 0, 12, 10, 8, 2, 0, 5, 9, 4, 11, 17, 14, 0, 2, 6, 10, 13, 0, 5, 1, 7, 9, 3, 10, 11, 7, 5, 0, 10, 3, 4, 1, 8, 14, 12, 5, 9, 6, 13, 0, 4, 9, 10, 7, 0, 2, 12, 4, 9, 18, 7, 0, 20, 17, 4, 1, 19, 6, 8, 15, 14, 2, 6, 10, 4, 8, 12, 0, 2, 6, 9, 5, 10, 4, 14, 12, 8, 0, 6, 3, 7, 1, 20, 18, 9, 2, 4, 6, 13, 8, 0, 7, 10, 4, 2, 0, 12, 10, 4, 6, 8, 1, 14, 5, 3, 2, 16, 18, 10, 7, 1, 12, 9, 16, 2, 14, 4, 5, 3, 12, 0, 7, 10, 9, 2, 18, 13, 11, 9, 16, 19, 6, 4, 13, 1, 0, 17, 8, 3, 15, 13, 9, 2, 4, 5, 11, 19, 13, 1, 10, 4, 16, 5, 7, 9, 15, 0, 20, 4, 3, 7, 9, 10, 4, 1, 13, 2, 5, 0, 15, 7, 17, 6, 4, 9, 0, 11, 3, 16, 7, 10, 2, 4, 8, 0, 10, 5, 16, 2, 3, 1, 11, 9, 12, 0, 14, 7, 16, 10, 0, 3, 2, 16, 1, 4, 9, 13, 7, 12, 19, 0, 8, 11, 5, 1, 15, 3, 14, 2, 11, 5, 12, 0, 9, 6, 7, 4, 2, 1, 8, 0, 12, 3, 17, 10, 7, 11, 0, 17, 3, 4, 8, 1, 10, 14, 5, 3, 17, 8, 1, 7, 3, 4, 12, 14, 0, 18, 9, 16, 3, 0, 7, 5, 10, 1, 9, 7, 14, 16, 1, 11, 13, 3, 0, 4, 6, 10, 17, 1, 8, 0, 3, 2, 10, 12, 6, 8, 0, 1, 12, 3, 5, 20, 7, 2, 5, 3, 7, 1, 17, 9, 12, 4, 15, 18, 7, 2, 0, 5, 13, 8, 17, 10, 14, 3, 1, 16, 5, 12, 8, 18, 0, 13, 15, 6, 11, 9, 2, 0, 7, 14, 18, 20, 16, 1, 3, 8, 12, 14, 6, 16, 10, 0, 13, 5, 8, 1, 11, 18, 7, 15, 3, 17, 13, 9, 20, 0, 4, 10, 12, 6, 16, 2, 14, 5, 11, 19, 17, 8, 1, 10, 3, 15, 13, 6, 0, 9, 2, 11, 16, 4, 14, 18, 12, 0, 7, 5, 10, 16, 1, 3, 6, 14, 8, 11, 4, 2, 7, 13, 18, 16, 9, 1, 4, 6, 14, 10, 0, 12, 7, 17, 5, 2, 9, 15, 4, 11, 0, 7, 18, 14, 16, 9, 12, 3, 20, 6, 8, 14, 0, 17, 12, 10, 19, 6, 3, 13, 11, 0, 2, 8, 16, 14, 5, 12, 9, 17, 1, 19, 6, 11, 8, 3, 13, 5, 1, 20, 17, 14, 12, 2, 6, 10, 4, 16, 0, 7, 9, 13, 19, 17, 11, 14, 3, 1, 18, 5, 16, 2, 9, 12, 6, 15, 4, 11, 18, 13, 0, 2, 7, 5, 10, 19, 15, 8, 17, 2, 4, 13, 10, 6, 0, 8, 18, 12, 14, 5, 2, 7, 16, 0, 19, 9, 11, 14, 17, 6, 8, 4, 2, 15, 0, 13, 11, 18, 7, 14, 16, 5, 3, 10, 8, 9, 0, 0, 3, 2, 11, 7, 4, 5, 2, 1, 0, 8, 3, 4, 10, 0, 6, 13, 2, 14, 2, 4, 8, 5, 0, 0, 9, 5, 7, 2, 2, 4, 8, 0, 0, 6, 4, 10, 12, 2, 4, 2, 0, 0, 4, 2, 8, 0, 0, 6, 9, 4, 2, 5, 2, 7, 3, 0, 12, 9, 3, 1, 5, 1, 4, 8, 4, 0, 3, 2, 6, 10, 0, 1, 7, 6, 5, 9, 4, 0, 6, 2, 4, 2, 0, 8, 5, 3, 0]
convergência = [21, 21, 21, 21, 20, 20, 20, 20, 20, 20, 20, 20, 20, 20, 20, 20, 20, 20, 20, 20, 20, 20, 20, 20, 20, 20, 20, 20, 20, 20, 20, 20, 20, 20, 20, 20, 20, 20, 20, 20, 20, 20, 20, 20, 20, 20, 20, 20, 20, 20, 20, 20, 20, 20, 20, 20, 20, 20, 20, 20, 20, 20, 20, 20, 20, 20, 20, 20, 20, 20, 20, 20, 20, 20, 20, 20, 20, 20, 20, 20, 20, 20, 20, 20, 20, 20, 20, 20, 20, 20, 20, 20, 20, 20, 20, 20, 20, 20, 20, 20, 20, 20, 20, 20, 20, 20, 20, 20, 20, 20, 20, 20, 20, 20, 20, 20, 20, 20, 20, 20, 20, 20, 20, 20, 20, 20, 20, 20]

===== FIM =====
