===== RESULTADO BRKGA L(2,1) =====
Arquivo: /Users/mateuspedrosa/Documents/TCC-II/BRKGA/data/Harwell-Boeing_cleaned/bcsstk26_clean.mtx

----- Execução #1 -----
[INFO] Time limit atingido: 15 minutos. Interrompido no meio de uma geração.
Tempo de execução: 900005ms
Span (lambda): 43
best_order = [1891, 799, 595, 411, 1356, 1580, 1903, 1121, 1517, 962, 1324, 1178, 395, 241, 1234, 1823, 1808, 1728, 1662, 844, 1306, 739, 667, 1531, 1226, 622, 147, 41, 1448, 1474, 670, 518, 1760, 592, 1551, 819, 57, 1015, 1040, 407, 691, 1867, 444, 536, 402, 1547, 634, 1332, 306, 1830, 1508, 170, 75, 669, 594, 1540, 321, 416, 503, 758, 1022, 539, 1889, 1614, 657, 1834, 1333, 529, 1370, 83, 625, 495, 66, 717, 1411, 202, 1004, 1358, 639, 1705, 93, 1453, 1158, 1637, 545, 551, 225, 1072, 1438, 493, 379, 1130, 552, 1507, 217, 1029, 878, 1340, 772, 1558, 1488, 296, 1802, 1069, 92, 324, 82, 690, 1726, 212, 1862, 1729, 248, 1058, 1222, 562, 291, 526, 1047, 1023, 1630, 1921, 556, 727, 918, 341, 1660, 709, 1858, 1326, 784, 1407, 1685, 1586, 1251, 632, 1081, 1163, 1821, 357, 98, 1478, 1050, 738, 1860, 1031, 413, 1359, 1328, 729, 949, 390, 1079, 1555, 1610, 1884, 126, 1611, 937, 1866, 221, 1816, 548, 645, 232, 968, 260, 229, 214, 1083, 1727, 1875, 1907, 1656, 346, 600, 1792, 244, 455, 1128, 1322, 1837, 117, 1774, 13, 574, 1323, 1593, 440, 1389, 317, 114, 286, 56, 1583, 853, 687, 237, 1330, 17, 135, 825, 746, 1200, 1267, 1420, 1250, 1632, 199, 443, 124, 678, 648, 251, 338, 1503, 378, 445, 473, 863, 1149, 35, 948, 1682, 176, 1601, 1769, 467, 889, 28, 627, 640, 1115, 10, 40, 1143, 676, 208, 929, 1780, 273, 719, 1778, 873, 1657, 1038, 343, 541, 287, 1690, 144, 848, 156, 1273, 1012, 487, 1339, 546, 504, 1701, 781, 348, 498, 1908, 1111, 931, 454, 85, 755, 1505, 193, 1239, 1300, 1622, 1320, 1910, 1699, 822, 815, 1016, 1487, 1806, 1301, 1336, 852, 514, 703, 561, 167, 459, 44, 983, 84, 829, 1020, 542, 1521, 653, 1584, 609, 322, 912, 1028, 1877, 1269, 174, 1074, 996, 160, 741, 313, 1430, 1305, 336, 588, 1717, 608, 133, 1504, 97, 795, 940, 1608, 510, 1032, 1752, 994, 895, 1355, 1914, 1577, 1005, 959, 915, 1523, 1135, 164, 1573, 1066, 1379, 1051, 922, 460, 127, 62, 733, 1853, 1219, 1426, 3, 417, 1141, 694, 1817, 565, 951, 1068, 612, 274, 924, 1805, 1346, 843, 309, 960, 1053, 1331, 369, 1003, 1034, 1755, 578, 615, 1421, 1515, 558, 700, 1609, 1733, 1822, 1129, 979, 5, 230, 1872, 560, 14, 674, 38, 1462, 246, 1256, 1692, 1117, 1279, 1114, 323, 851, 55, 740, 1741, 1001, 564, 1743, 161, 354, 275, 1376, 58, 933, 1746, 961, 1095, 1917, 871, 1082, 680, 1096, 1793, 618, 384, 1303, 679, 1242, 928, 116, 501, 520, 752, 1698, 42, 1215, 1842, 483, 1176, 1286, 957, 54, 1399, 1838, 956, 1804, 847, 129, 100, 1892, 1214, 377, 909, 659, 1258, 79, 1740, 655, 1123, 883, 178, 272, 412, 216, 1180, 1194, 977, 747, 65, 1249, 942, 1168, 1452, 171, 1419, 807, 1329, 876, 1253, 1589, 1711, 359, 480, 1482, 1734, 258, 397, 1140, 234, 1102, 828, 989, 745, 1078, 1119, 763, 1712, 1499, 936, 276, 686, 1255, 436, 1345, 94, 1334, 652, 641, 1321, 777, 1091, 49, 1428, 297, 582, 1479, 1296, 1368, 958, 19, 932, 761, 1869, 1133, 36, 371, 1136, 1364, 1125, 651, 974, 1538, 138, 1542, 330, 722, 581, 1624, 802, 428, 1707, 1562, 1639, 1272, 902, 1385, 252, 1139, 1673, 6, 207, 535, 515, 1564, 450, 1338, 661, 1008, 1055, 1791, 26, 1691, 1045, 610, 1492, 824, 1635, 1160, 20, 1874, 861, 1841, 1394, 614, 973, 29, 964, 140, 182, 1567, 432, 1572, 403, 1002, 731, 633, 1254, 1170, 497, 470, 64, 1579, 1603, 1831, 45, 1259, 1086, 1046, 60, 1674, 103, 1895, 1490, 1205, 242, 1665, 189, 887, 1395, 1856, 494, 1514, 1085, 646, 1906, 1718, 285, 987, 37, 1036, 721, 1696, 168, 1599, 1161, 1571, 420, 1396, 1683, 30, 188, 1556, 1244, 305, 1722, 71, 52, 1154, 1233, 47, 675, 1899, 1257, 971, 358, 264, 464, 172, 137, 1628, 1041, 1202, 1033, 485, 1043, 192, 993, 1658, 771, 134, 183, 1765, 457, 1678, 1116, 985, 148, 201, 373, 854, 596, 141, 89, 1798, 1796, 1814, 1797, 1766, 1865, 1852, 531, 196, 716, 1052, 767, 1845, 1377, 238, 720, 502, 992, 80, 181, 119, 1815, 1500, 456, 576, 1103, 1502, 635, 693, 280, 1235, 424, 1646, 1794, 1384, 1870, 1378, 1313, 603, 1783, 409, 1617, 195, 448, 1854, 599, 433, 1620, 131, 927, 920, 857, 438, 1165, 995, 991, 1520, 1560, 1402, 701, 1706, 231, 530, 1587, 522, 1199, 1730, 1187, 770, 897, 1188, 748, 792, 896, 1784, 153, 1354, 1132, 1846, 880, 1287, 184, 751, 284, 479, 468, 213, 1844, 1427, 644, 279, 1441, 77, 311, 1561, 113, 110, 1494, 759, 774, 1826, 833, 1294, 838, 1679, 939, 1291, 1642, 382, 1467, 1231, 1348, 257, 575, 742, 1735, 811, 1362, 671, 969, 1588, 1361, 1417, 568, 1347, 425, 247, 22, 1221, 1687, 817, 1795, 1779, 205, 361, 1471, 1000, 1602, 907, 245, 782, 890, 732, 1295, 1541, 263, 1528, 43, 316, 1801, 128, 919, 1097, 1680, 1195, 1650, 1839, 1236, 1308, 362, 150, 1465, 1543, 1713, 1422, 96, 898, 1649, 11, 908, 423, 88, 1689, 339, 975, 488, 1146, 524, 1439, 1014, 310, 1786, 507, 1404, 1127, 1483, 830, 882, 1278, 130, 812, 794, 415, 849, 533, 1213, 446, 1030, 1087, 637, 149, 875, 972, 813, 209, 1725, 329, 779, 1443, 723, 571, 1893, 658, 893, 606, 186, 295, 884, 227, 585, 1472, 333, 1352, 1552, 1006, 553, 187, 1803, 1918, 1237, 1575, 219, 1629, 1203, 254, 1809, 1644, 1527, 1424, 735, 1753, 1343, 1044, 1363, 966, 1554, 226, 549, 259, 1152, 1744, 1342, 1511, 1048, 1636, 427, 1312, 543, 1210, 1134, 1415, 836, 1544, 1790, 106, 132, 105, 1652, 586, 318, 439, 1108, 388, 218, 1457, 1271, 1876, 1545, 858, 27, 39, 976, 1912, 1859, 821, 663, 1304, 292, 547, 107, 1261, 1392, 1098, 1412, 345, 1409, 1229, 513, 713, 1885, 1557, 1148, 1533, 331, 1198, 1243, 1832, 1738, 458, 1204, 1549, 1100, 532, 289, 834, 587, 1446, 63, 1731, 1486, 1782, 1539, 1468, 754, 1193, 1745, 1433, 290, 391, 112, 1534, 1569, 1651, 1919, 366, 559, 1767, 327, 99, 1568, 1245, 283, 1773, 757, 508, 1410, 945, 1759, 1297, 151, 917, 206, 1461, 760, 506, 1035, 1013, 396, 978, 804, 512, 422, 1179, 665, 1578, 1315, 656, 1042, 750, 1509, 1477, 484, 1172, 1625, 1380, 1788, 1391, 48, 1349, 223, 1442, 591, 1382, 534, 953, 307, 1485, 597, 1435, 1372, 604, 1282, 139, 769, 1785, 1056, 81, 108, 1057, 780, 1522, 452, 426, 1879, 734, 1873, 1026, 1667, 1626, 1855, 650, 442, 1559, 299, 1126, 1353, 1570, 1, 1825, 1088, 906, 1770, 1723, 466, 1401, 1071, 430, 1781, 749, 673, 414, 1905, 1595, 73, 1592, 1894, 1070, 1059, 814, 573, 267, 1702, 1207, 872, 682, 499, 1675, 1777, 1708, 376, 950, 351, 785, 1904, 988, 623, 901, 1915, 1663, 1106, 1270, 104, 619, 796, 228, 154, 631, 1898, 1739, 312, 589, 726, 809, 1911, 1456, 1024, 1828, 120, 478, 710, 1166, 1436, 1344, 1094, 1185, 744, 1225, 1021, 405, 253, 350, 695, 1890, 1447, 374, 1061, 837, 387, 1444, 1218, 233, 1183, 1365, 997, 683, 642, 1772, 1408, 1459, 831, 1460, 999, 1284, 1920, 1761, 629, 1516, 18, 1621, 877, 249, 1288, 1736, 1888, 941, 946, 868, 476, 437, 500, 1374, 540, 1162, 281, 465, 1631, 1293, 1011, 1843, 67, 1266, 1174, 255, 51, 461, 1585, 1498, 86, 590, 1319, 262, 1600, 1751, 762, 1167, 1413, 1416, 864, 965, 1366, 1164, 1868, 121, 570, 61, 90, 984, 725, 696, 1833, 347, 839, 511, 1466, 1109, 1197, 1463, 1681, 1758, 449, 826, 904, 355, 1341, 1851, 1546, 1473, 489, 869, 1902, 431, 1445, 220, 200, 1640, 256, 643, 1388, 1883, 1423, 718, 1703, 70, 1661, 1398, 1763, 1818, 955, 786, 408, 194, 1812, 1212, 304, 1653, 855, 1799, 1110, 1524, 783, 891, 1290, 145, 1697, 16, 1484, 1716, 32, 1238, 1897, 179, 773, 1489, 900, 142, 1124, 1455, 1327, 1360, 314, 1470, 1606, 572, 1375, 72, 1397, 1084, 1594, 447, 765, 1232, 1811, 766, 410, 59, 1724, 418, 768, 798, 1367, 1481, 1532, 1131, 692, 505, 169, 389, 1076, 1216, 1475, 905, 605, 1157, 1186, 1548, 159, 198, 624, 278, 681, 1643, 277, 392, 1574, 146, 76, 1800, 914, 1191, 1530, 1075, 180, 1248, 879, 899, 842, 1049, 451, 393, 925, 1280, 1604, 672, 579, 240, 1275, 190, 265, 157, 954, 197, 1246, 715, 911, 1403, 435, 1619, 1064, 155, 1151, 1230, 1010, 806, 33, 482, 1262, 31, 903, 1206, 1292, 1171, 1247, 486, 1425, 1112, 818, 1153, 302, 527, 1220, 1431, 1224, 1263, 1406, 471, 1177, 778, 944, 930, 1581, 115, 628, 24, 810, 1648, 935, 519, 163, 372, 1302, 862, 21, 1458, 1615, 1861, 776, 269, 1664, 1122, 1775, 1654, 1190, 125, 1469, 1496, 1476, 708, 981, 1536, 621, 563, 866, 840, 34, 1493, 1099, 1252, 1182, 1605, 1764, 1192, 380, 270, 162, 91, 827, 647, 368, 1060, 319, 1886, 491, 1371, 308, 841, 1537, 1019, 1211, 268, 1077, 1147, 1449, 74, 1393, 1039, 1018, 1268, 239, 477, 1714, 1757, 823, 1813, 636, 699, 850, 689, 963, 845, 1850, 1062, 1434, 1090, 1669, 916, 1418, 1137, 235, 550, 1400, 1265, 1598, 1878, 210, 177, 1150, 870, 472, 1666, 1260, 1429, 1283, 1591, 1694, 805, 697, 95, 1120, 68, 702, 353, 1209, 1156, 1311, 23, 398, 303, 394, 320, 0, 1900, 1390, 677, 1695, 1565, 525, 1454, 1241, 1217, 1613, 1080, 1750, 1432, 1633, 1037, 611, 337, 375, 1274, 1820, 1228, 109, 1677, 1369, 1762, 577, 787, 1027, 1189, 800, 938, 293, 894, 335, 1807, 496, 400, 469, 349, 602, 1223, 1065, 490, 315, 926, 204, 367, 1307, 688, 1688, 1314, 1747, 360, 69, 654, 685, 301, 1175, 986, 666, 1155, 1916, 4, 87, 613, 328, 808, 1566, 1240, 1510, 1437, 1491, 934, 1107, 441, 982, 1184, 509, 664, 1316, 923, 222, 481, 1896, 1169, 1298, 1073, 101, 835, 1836, 736, 8, 1281, 1638, 1742, 1440, 1173, 288, 1857, 332, 921, 1684, 756, 261, 1480, 344, 1732, 1277, 668, 555, 1880, 173, 1451, 236, 1756, 1710, 952, 1025, 1787, 1659, 266, 797, 1335, 1159, 1325, 580, 1863, 616, 1882, 453, 617, 706, 166, 46, 300, 788, 816, 569, 1506, 714, 1118, 1518, 1550, 598, 1138, 111, 1827, 1414, 1387, 298, 152, 1196, 282, 1647, 704, 421, 753, 859, 1264, 143, 1582, 386, 1350, 1835, 1054, 1913, 165, 1668, 1645, 385, 684, 1525, 712, 1063, 638, 404, 1670, 1768, 860, 892, 1093, 881, 243, 1627, 1576, 521, 352, 885, 1672, 1144, 557, 1089, 1671, 1450, 846, 1310, 910, 980, 1676, 1749, 1535, 1789, 517, 528, 122, 1720, 1373, 25, 803, 15, 406, 1289, 1819, 1495, 1142, 516, 1864, 1276, 429, 1113, 913, 649, 1596, 537, 943, 566, 1208, 158, 1590, 801, 1317, 620, 1771, 1497, 399, 820, 326, 1501, 9, 1464, 1737, 593, 790, 215, 554, 1848, 175, 462, 967, 1309, 419, 370, 1553, 1101, 1693, 136, 1655, 7, 271, 53, 1519, 728, 1351, 1318, 1017, 12, 1824, 492, 1009, 1840, 660, 1007, 1887, 856, 1181, 203, 334, 1383, 78, 342, 626, 705, 1909, 1871, 630, 1607, 1597, 523, 1901, 364, 123, 1299, 102, 1512, 1776, 1618, 1715, 793, 1285, 730, 791, 365, 474, 1881, 463, 1386, 1829, 947, 874, 544, 185, 832, 1067, 888, 1513, 1709, 2, 383, 1612, 1704, 1145, 743, 775, 724, 294, 998, 789, 607, 1201, 50, 1849, 538, 191, 1719, 990, 865, 363, 356, 584, 1623, 1529, 583, 1227, 1686, 381, 1634, 1810, 711, 764, 1105, 1721, 1405, 1847, 1357, 250, 601, 340, 567, 1748, 118, 1381, 737, 475, 1641, 707, 401, 1092, 211, 1700, 1754, 1104, 886, 1616, 698, 1526, 224, 1337, 1563, 662, 867, 970, 434, 325]
labeling = [12, 14, 27, 5, 18, 7, 4, 32, 30, 21, 2, 9, 31, 1, 8, 25, 23, 3, 21, 11, 13, 22, 17, 29, 17, 13, 7, 11, 4, 7, 15, 26, 24, 16, 28, 0, 6, 3, 0, 12, 3, 0, 10, 15, 5, 9, 20, 12, 19, 7, 26, 9, 5, 27, 8, 6, 2, 0, 6, 16, 3, 20, 6, 18, 10, 8, 0, 12, 16, 18, 14, 10, 16, 18, 24, 1, 22, 11, 27, 6, 14, 19, 2, 0, 1, 4, 15, 20, 10, 13, 22, 27, 4, 2, 14, 29, 21, 5, 2, 23, 8, 32, 1, 9, 24, 14, 19, 22, 18, 10, 12, 16, 16, 8, 8, 23, 14, 3, 36, 19, 12, 21, 28, 31, 0, 6, 2, 5, 13, 7, 15, 9, 19, 7, 17, 5, 30, 9, 7, 17, 3, 11, 21, 24, 0, 12, 4, 0, 4, 6, 19, 13, 30, 17, 15, 26, 7, 30, 35, 26, 9, 11, 28, 23, 10, 36, 34, 8, 11, 25, 0, 12, 16, 31, 3, 4, 2, 29, 5, 26, 28, 17, 13, 15, 19, 37, 15, 17, 13, 11, 27, 20, 0, 0, 7, 2, 5, 9, 24, 9, 22, 15, 0, 29, 26, 16, 23, 11, 4, 20, 26, 39, 4, 20, 2, 31, 5, 3, 7, 7, 12, 5, 15, 3, 35, 3, 1, 9, 21, 5, 7, 11, 3, 24, 4, 28, 30, 2, 7, 26, 6, 0, 17, 0, 0, 24, 12, 22, 5, 29, 34, 10, 16, 26, 20, 14, 25, 10, 8, 3, 1, 23, 24, 15, 13, 26, 26, 9, 23, 15, 16, 22, 9, 0, 0, 6, 0, 23, 10, 5, 7, 24, 30, 22, 18, 14, 2, 5, 32, 20, 10, 2, 13, 31, 34, 5, 1, 9, 22, 19, 3, 33, 30, 34, 22, 12, 5, 16, 28, 10, 21, 18, 23, 8, 25, 0, 20, 4, 0, 31, 25, 0, 5, 7, 2, 33, 26, 17, 23, 6, 3, 15, 26, 2, 31, 20, 7, 18, 11, 17, 37, 6, 35, 13, 34, 23, 10, 25, 12, 32, 10, 10, 15, 16, 3, 14, 31, 3, 14, 9, 28, 18, 20, 0, 32, 34, 22, 30, 29, 0, 33, 16, 24, 18, 22, 1, 12, 7, 0, 1, 14, 3, 6, 25, 2, 16, 28, 18, 18, 30, 2, 20, 22, 24, 26, 0, 16, 9, 32, 35, 37, 42, 1, 11, 21, 7, 29, 0, 24, 11, 31, 0, 13, 7, 21, 18, 0, 14, 27, 39, 16, 37, 22, 15, 9, 13, 24, 20, 1, 10, 12, 8, 3, 5, 19, 21, 0, 19, 4, 17, 8, 31, 20, 6, 3, 10, 19, 20, 17, 22, 14, 26, 26, 4, 5, 2, 20, 10, 20, 1, 12, 22, 24, 32, 16, 17, 22, 4, 18, 11, 9, 28, 30, 4, 35, 37, 20, 27, 14, 7, 2, 29, 17, 6, 12, 8, 19, 0, 15, 3, 24, 19, 29, 0, 15, 2, 34, 13, 3, 18, 22, 12, 16, 0, 6, 24, 18, 14, 14, 23, 5, 21, 25, 16, 7, 11, 41, 39, 2, 32, 9, 38, 14, 40, 19, 36, 7, 27, 39, 1, 8, 4, 19, 12, 21, 10, 0, 17, 38, 2, 13, 6, 5, 10, 33, 1, 3, 12, 8, 21, 28, 1, 3, 19, 22, 22, 1, 24, 6, 12, 11, 7, 5, 27, 13, 9, 28, 26, 10, 24, 15, 14, 8, 1, 0, 11, 4, 23, 6, 33, 38, 14, 12, 41, 40, 19, 21, 23, 8, 27, 4, 8, 0, 11, 2, 2, 9, 17, 27, 11, 6, 35, 16, 0, 9, 15, 7, 17, 6, 5, 12, 25, 8, 27, 15, 2, 21, 11, 8, 8, 38, 33, 2, 23, 25, 4, 41, 6, 31, 22, 43, 19, 3, 5, 1, 11, 27, 18, 33, 1, 2, 10, 16, 23, 8, 2, 5, 12, 0, 21, 11, 14, 9, 6, 13, 9, 10, 0, 2, 4, 16, 6, 33, 10, 30, 21, 28, 0, 36, 4, 0, 18, 29, 27, 11, 16, 7, 32, 3, 13, 14, 14, 25, 28, 4, 35, 12, 6, 34, 19, 5, 2, 25, 11, 5, 18, 21, 32, 26, 1, 7, 13, 21, 4, 38, 40, 36, 43, 29, 4, 21, 42, 37, 23, 35, 28, 13, 3, 24, 6, 15, 11, 1, 14, 27, 16, 14, 1, 31, 4, 33, 11, 5, 9, 17, 17, 23, 19, 1, 1, 8, 4, 13, 35, 19, 6, 0, 0, 5, 20, 0, 14, 9, 31, 18, 2, 30, 7, 2, 19, 23, 17, 25, 15, 30, 20, 17, 9, 20, 18, 16, 12, 3, 30, 18, 43, 29, 4, 27, 8, 20, 2, 10, 31, 4, 25, 29, 36, 6, 40, 33, 30, 3, 28, 6, 6, 17, 16, 26, 0, 18, 5, 5, 20, 10, 16, 11, 4, 19, 11, 14, 7, 0, 13, 4, 3, 28, 9, 18, 0, 26, 16, 1, 20, 15, 8, 28, 36, 12, 10, 21, 29, 36, 16, 23, 41, 14, 15, 11, 18, 20, 30, 32, 10, 0, 34, 43, 19, 5, 22, 18, 12, 7, 3, 7, 15, 21, 9, 13, 18, 15, 9, 13, 4, 11, 26, 26, 35, 18, 24, 16, 8, 23, 9, 38, 21, 15, 30, 3, 3, 13, 13, 16, 1, 11, 5, 30, 9, 28, 2, 17, 26, 33, 20, 31, 8, 14, 7, 20, 28, 25, 22, 11, 29, 23, 25, 21, 16, 20, 3, 29, 26, 4, 32, 14, 6, 27, 16, 3, 12, 24, 41, 10, 39, 13, 32, 37, 22, 17, 9, 26, 11, 23, 14, 38, 28, 21, 3, 22, 12, 3, 14, 10, 24, 28, 13, 24, 38, 3, 1, 15, 6, 26, 18, 22, 21, 6, 9, 9, 5, 4, 7, 0, 30, 17, 26, 21, 39, 1, 16, 45, 14, 20, 11, 2, 19, 7, 10, 10, 8, 36, 30, 33, 6, 26, 22, 27, 7, 12, 3, 29, 9, 2, 0, 6, 26, 4, 37, 46, 39, 30, 17, 28, 15, 2, 8, 23, 36, 1, 34, 25, 32, 4, 15, 12, 1, 6, 31, 24, 21, 7, 17, 0, 2, 11, 2, 7, 22, 2, 2, 11, 2, 5, 5, 7, 7, 10, 33, 8, 26, 1, 17, 19, 16, 17, 12, 5, 0, 22, 7, 2, 0, 7, 5, 26, 2, 18, 15, 1, 19, 32, 10, 34, 40, 27, 38, 8, 39, 10, 1, 19, 22, 1, 26, 3, 19, 14, 21, 19, 5, 35, 1, 15, 7, 13, 0, 0, 2, 2, 14, 25, 11, 44, 31, 20, 9, 5, 5, 8, 17, 13, 19, 8, 10, 41, 35, 12, 32, 24, 33, 35, 3, 37, 43, 11, 4, 20, 9, 42, 15, 36, 1, 34, 16, 32, 21, 28, 11, 8, 14, 3, 30, 33, 24, 35, 13, 25, 44, 39, 26, 20, 6, 45, 4, 31, 33, 13, 25, 15, 5, 27, 5, 14, 19, 10, 29, 27, 14, 0, 16, 4, 9, 11, 0, 16, 3, 8, 9, 2, 4, 1, 14, 6, 14, 21, 29, 9, 23, 0, 15, 6, 33, 26, 19, 31, 17, 19, 11, 12, 28, 25, 24, 27, 14, 8, 10, 2, 21, 16, 9, 4, 23, 9, 13, 17, 4, 30, 24, 42, 36, 24, 32, 28, 17, 8, 12, 29, 33, 27, 12, 31, 25, 2, 2, 15, 0, 0, 22, 18, 8, 16, 3, 11, 1, 0, 23, 25, 27, 34, 7, 40, 38, 13, 29, 18, 31, 40, 42, 38, 18, 10, 5, 41, 3, 29, 22, 11, 31, 10, 1, 28, 13, 21, 24, 29, 27, 17, 3, 23, 7, 16, 3, 8, 3, 3, 23, 30, 28, 12, 6, 20, 26, 13, 25, 18, 27, 5, 7, 8, 12, 4, 2, 12, 1, 10, 3, 4, 13, 16, 24, 6, 1, 23, 6, 14, 3, 0, 25, 12, 33, 28, 21, 18, 10, 33, 20, 36, 22, 36, 18, 6, 16, 4, 8, 0, 34, 2, 15, 7, 12, 9, 11, 1, 3, 14, 32, 6, 3, 14, 5, 2, 30, 16, 16, 22, 1, 1, 12, 6, 22, 22, 31, 20, 29, 27, 12, 0, 46, 2, 7, 16, 1, 14, 8, 8, 10, 18, 8, 6, 24, 4, 15, 12, 32, 14, 19, 0, 9, 10, 1, 15, 34, 17, 32, 6, 3, 20, 17, 10, 0, 14, 5, 12, 7, 7, 1, 10, 19, 18, 8, 3, 16, 11, 26, 15, 28, 21, 0, 26, 23, 20, 5, 17, 30, 38, 19, 31, 8, 35, 4, 1, 13, 17, 33, 25, 35, 15, 19, 17, 35, 9, 33, 39, 21, 36, 30, 32, 43, 4, 16, 31, 14, 24, 21, 1, 3, 13, 10, 0, 21, 34, 26, 2, 2, 6, 6, 4, 4, 24, 19, 21, 14, 4, 22, 28, 9, 23, 7, 16, 26, 30, 17, 19, 23, 0, 32, 35, 23, 4, 2, 42, 31, 13, 21, 33, 28, 24, 10, 0, 32, 15, 41, 9, 37, 11, 38, 18, 24, 14, 7, 20, 40, 22, 6, 10, 8, 45, 5, 3, 28, 41, 26, 42, 44, 18, 11, 29, 2, 28, 32, 9, 5, 16, 2, 22, 33, 40, 12, 7, 38, 29, 0, 23, 14, 16, 34, 30, 10, 6, 8, 2, 6, 5, 11, 13, 15, 25, 1, 9, 9, 11, 0, 0, 17, 26, 4, 15, 21, 2, 28, 12, 13, 7, 36, 9, 33, 39, 12, 27, 25, 29, 17, 16, 14, 31, 24, 38, 12, 23, 13, 0, 34, 37, 7, 6, 30, 1, 20, 22, 8, 36, 31, 20, 3, 27, 18, 35, 41, 32, 6, 25, 2, 18, 11, 31, 14, 24, 34, 5, 5, 0, 3, 18, 0, 3, 36, 45, 19, 43, 34, 13, 18, 3, 24, 10, 15, 27, 39, 19, 21, 4, 30, 6, 20, 25, 9, 8, 1, 26, 4, 19, 33, 11, 23, 10, 28, 8, 24, 17, 9, 7, 12, 10, 22, 13, 24, 3, 1, 5, 5, 1, 3, 1, 22, 9, 14, 11, 16, 25, 7, 27, 2, 29, 4, 10, 3, 29, 33, 15, 17, 13, 15, 2, 7, 21, 0, 31, 17, 26, 19, 5, 15, 9, 36, 30, 32, 16, 25, 13, 10, 37, 8, 20, 24, 31, 0, 12, 8, 20, 26, 29, 1, 3, 9, 11, 11, 9, 1, 5, 5, 24, 17, 9, 3, 28, 21, 2, 6, 0, 4, 14, 18, 23, 4, 6, 16, 19, 34, 15, 27, 7, 11, 35, 12, 18, 23, 14, 33, 27, 25, 21, 7, 2, 10, 39, 1, 37, 31, 29, 25, 0, 12, 26, 24, 14, 7, 5, 3, 24, 0, 12, 5, 6, 4, 2, 19, 28, 15, 5, 17, 3, 22, 20, 10, 8, 13, 10, 21, 17, 23, 22, 12, 3, 7, 18, 20, 13, 15, 9, 30, 33, 19, 1, 17, 11, 4, 5, 23, 1, 11, 40, 32, 29, 34, 14, 16, 0, 9, 25, 30, 35, 2, 7, 0, 37, 25, 19, 9, 26, 41, 3, 16, 23, 27, 4, 38, 36, 6, 12, 22, 39, 14, 10, 28, 15, 18, 0, 30, 24, 35, 30, 20, 17, 8, 21, 24, 13, 29, 5, 22, 7, 27, 4, 21, 31, 14, 6, 1, 25, 11, 19, 33, 9, 16, 8, 3, 10, 6, 17, 12, 17, 23, 20, 10, 2, 5, 28, 26, 23, 2, 15, 0, 4, 7, 14, 9, 18, 16, 8, 3, 12, 15, 7, 0, 11, 13, 4, 4, 1, 15, 1, 13, 5, 11, 0, 11, 13, 6, 6, 8, 8, 1]
convergência = [46, 46, 46, 45, 45, 45, 45, 45, 45, 45, 45, 45, 45, 45, 45, 44, 44, 44, 44, 44, 44, 44, 44, 44, 44, 44, 44, 44, 44, 44, 44, 44, 44, 44, 44, 44, 44, 44, 44, 44, 44, 44, 44, 44, 44, 44, 44, 44, 44, 44, 44, 44, 44, 44, 44, 44, 44, 44, 44, 44, 44, 44, 44, 44, 44, 44, 44, 44, 44, 44, 44, 44, 44, 44, 44, 44, 44, 44, 44, 44, 44, 44, 43, 43, 43, 43, 43, 43, 43, 43, 43, 43, 43, 43, 43, 43, 43, 43, 43, 43, 43, 43, 43, 43, 43, 43, 43, 43, 43, 43, 43, 43, 43, 43, 43, 43, 43, 43, 43, 43, 43, 43, 43, 43, 43, 43, 43, 43, 43, 43, 43, 43, 43, 43, 43, 43, 43, 43, 43]

===== FIM =====
