===== RESULTADO BRKGA L(2,1) =====
Arquivo: /Users/mateuspedrosa/Documents/TCC-II/BRKGA/data/Harwell-Boeing_cleaned/blckhole_clean.mtx

----- Execução #1 -----
[INFO] Parou por estagnação.
Tempo de execução: 240278ms
Span (lambda): 21
best_order = [271, 1336, 2087, 1375, 1914, 457, 1523, 588, 904, 1486, 366, 190, 284, 1399, 1356, 490, 1238, 715, 1331, 1257, 1061, 1161, 2034, 1270, 498, 270, 3, 1525, 445, 1031, 1568, 114, 612, 2051, 1945, 1454, 2040, 684, 1141, 1720, 843, 1079, 318, 886, 138, 1819, 1186, 1822, 1970, 1680, 2095, 1258, 1203, 986, 174, 47, 1353, 1645, 622, 550, 2021, 252, 150, 514, 2052, 1827, 425, 662, 1491, 2073, 934, 1948, 2098, 446, 526, 1197, 1039, 1581, 1517, 726, 1493, 1498, 1150, 1991, 917, 165, 1624, 1806, 1565, 1020, 310, 887, 61, 1931, 1925, 1528, 1899, 69, 911, 991, 1623, 709, 761, 1913, 1836, 900, 905, 1122, 2056, 1694, 1577, 1263, 946, 893, 1207, 125, 1562, 149, 1984, 1995, 1798, 968, 748, 1335, 463, 2083, 989, 1937, 422, 910, 1861, 1244, 1918, 22, 1625, 512, 745, 1223, 1256, 1342, 903, 1408, 1756, 1721, 1662, 2038, 77, 629, 172, 2126, 828, 1800, 532, 801, 1606, 668, 740, 1849, 581, 1131, 1960, 1631, 1428, 1747, 2076, 585, 2009, 862, 361, 1588, 559, 631, 256, 1045, 821, 766, 1174, 1169, 2101, 2127, 827, 1158, 1946, 1007, 80, 1618, 2074, 1437, 1195, 1854, 1117, 267, 2069, 1103, 485, 786, 1773, 2012, 1977, 866, 135, 1576, 440, 339, 1268, 331, 259, 1132, 37, 375, 1179, 180, 1125, 321, 689, 1634, 1893, 132, 1485, 184, 1961, 1322, 1786, 442, 889, 1167, 295, 1649, 681, 1672, 751, 72, 452, 1272, 501, 898, 596, 192, 1069, 1394, 1091, 1371, 1241, 202, 942, 1081, 1593, 64, 316, 309, 1027, 642, 78, 583, 963, 1049, 1971, 859, 598, 1679, 953, 1782, 387, 489, 1004, 219, 812, 1660, 8, 1651, 1515, 2082, 1775, 1526, 1251, 395, 1560, 1451, 211, 1218, 808, 289, 1927, 906, 1587, 1024, 306, 1986, 733, 1232, 475, 17, 1307, 465, 159, 1033, 1460, 1778, 523, 1704, 931, 1130, 434, 240, 1579, 54, 976, 621, 682, 873, 790, 1699, 1513, 205, 814, 118, 1844, 1393, 189, 1407, 508, 806, 705, 1126, 1350, 1853, 53, 1304, 945, 764, 1145, 933, 123, 600, 1727, 867, 1176, 456, 444, 1714, 707, 1396, 746, 1157, 763, 1344, 1430, 1306, 1929, 1433, 574, 1170, 369, 1481, 1994, 1884, 1767, 2089, 276, 239, 1866, 1600, 126, 57, 1281, 1743, 725, 97, 1003, 1962, 1015, 619, 1923, 10, 250, 578, 1140, 1148, 1985, 620, 686, 1164, 1909, 423, 1315, 1603, 722, 358, 449, 1763, 1724, 767, 519, 1943, 1629, 1334, 1340, 218, 1963, 1555, 1262, 168, 1102, 1308, 1456, 1626, 2107, 1182, 1610, 1341, 692, 1910, 1809, 406, 1185, 742, 1547, 1878, 210, 1156, 75, 1078, 569, 562, 1447, 860, 1139, 188, 1406, 5, 1926, 2015, 1113, 546, 876, 768, 1234, 847, 280, 729, 2067, 1951, 1391, 1151, 113, 1826, 2079, 939, 1190, 1521, 1942, 31, 137, 667, 1859, 1728, 357, 1285, 988, 1328, 499, 1021, 1040, 1596, 1915, 363, 909, 1074, 1168, 1464, 1473, 1583, 1080, 2060, 362, 381, 577, 308, 1318, 633, 182, 1608, 1016, 176, 1532, 1785, 811, 915, 2063, 770, 1359, 2081, 997, 1713, 204, 846, 1520, 597, 727, 1228, 286, 1217, 1146, 1082, 710, 949, 864, 724, 613, 471, 954, 1870, 1488, 1295, 809, 1830, 392, 1810, 818, 492, 736, 871, 1037, 13, 1077, 1732, 161, 116, 1940, 833, 1516, 1227, 756, 178, 484, 409, 67, 940, 328, 338, 229, 880, 826, 1808, 1254, 1492, 1289, 1762, 1457, 1906, 1790, 505, 2026, 1030, 63, 584, 582, 394, 1090, 1293, 1852, 58, 527, 0, 1215, 1222, 1598, 1310, 941, 536, 121, 2103, 1535, 1144, 1296, 2057, 737, 928, 878, 1889, 1903, 1578, 1438, 1719, 154, 104, 2045, 775, 432, 706, 996, 2123, 885, 1193, 1777, 1376, 2002, 285, 1848, 1458, 405, 701, 185, 1654, 1346, 593, 1644, 460, 4, 60, 1896, 1981, 1862, 1980, 103, 241, 2014, 1892, 891, 1324, 1556, 1267, 42, 1534, 2091, 44, 1070, 476, 1172, 2071, 1427, 1957, 1476, 1621, 1912, 268, 1246, 650, 1847, 89, 664, 2131, 391, 1094, 966, 401, 191, 1512, 1446, 1533, 169, 2011, 1366, 1954, 292, 2046, 21, 1702, 2117, 1194, 2128, 816, 823, 1154, 227, 850, 537, 547, 1542, 1084, 462, 1647, 1874, 230, 1566, 1495, 350, 755, 1508, 1949, 447, 1559, 1123, 1425, 1604, 1952, 958, 2112, 1890, 435, 2000, 1828, 753, 201, 2, 511, 1753, 2053, 1388, 875, 2037, 1548, 625, 266, 643, 576, 1839, 98, 1817, 365, 246, 1781, 1783, 525, 560, 1503, 852, 1471, 341, 673, 721, 1245, 1231, 1768, 1707, 1964, 1795, 14, 630, 448, 840, 70, 1325, 959, 1050, 534, 145, 510, 2041, 2122, 591, 300, 1409, 1455, 1831, 1784, 1134, 398, 379, 333, 2068, 1973, 1423, 952, 1888, 354, 791, 2077, 2119, 1201, 1877, 35, 518, 436, 979, 1142, 1005, 772, 99, 2088, 1300, 1363, 153, 486, 71, 1953, 1779, 636, 665, 1575, 1349, 930, 1184, 920, 656, 273, 998, 1667, 754, 1734, 2058, 122, 2016, 683, 29, 343, 663, 393, 817, 1284, 1059, 1011, 567, 1894, 1935, 1748, 1792, 1531, 335, 1036, 1397, 1688, 1919, 901, 231, 147, 1636, 1803, 1769, 2025, 1887, 1736, 417, 702, 2093, 506, 326, 1536, 1650, 1384, 1200, 59, 1362, 1917, 1053, 1835, 2125, 1715, 1538, 1159, 575, 965, 32, 603, 162, 1592, 1095, 163, 819, 1469, 1569, 143, 1787, 110, 551, 1965, 1110, 1669, 1570, 676, 964, 1545, 1646, 269, 373, 540, 438, 1718, 415, 757, 1639, 496, 1421, 502, 20, 570, 640, 2111, 2054, 1686, 545, 2085, 1165, 1119, 1136, 691, 157, 937, 28, 340, 55, 2129, 872, 288, 1602, 1414, 1993, 1086, 1746, 1771, 1138, 805, 193, 82, 1067, 290, 890, 704, 1938, 334, 264, 355, 1224, 1681, 260, 779, 1939, 2006, 795, 66, 1177, 1299, 33, 1834, 1019, 776, 788, 220, 96, 723, 504, 81, 1554, 329, 1107, 1327, 158, 140, 2124, 924, 429, 653, 1022, 1373, 1648, 687, 461, 1445, 1807, 714, 912, 441, 628, 1118, 155, 146, 1072, 2118, 1475, 1959, 1381, 1128, 2116, 1115, 913, 43, 1898, 1105, 897, 1682, 1684, 1002, 1191, 1018, 780, 1676, 899, 283, 1982, 839, 1339, 1832, 765, 2113, 2013, 1875, 644, 960, 1357, 634, 1591, 1345, 1260, 141, 1802, 617, 1627, 1552, 857, 83, 1175, 2066, 1063, 938, 1087, 1897, 1097, 796, 1689, 23, 24, 659, 1815, 1738, 374, 1697, 1599, 674, 1518, 186, 803, 749, 507, 990, 1755, 935, 337, 1812, 1557, 453, 608, 1089, 1330, 1001, 348, 1279, 84, 305, 1671, 1605, 2106, 299, 671, 1370, 7, 531, 483, 1276, 304, 1055, 1483, 62, 1237, 1947, 1266, 68, 342, 458, 1291, 364, 1466, 1856, 521, 943, 214, 868, 1297, 1829, 1796, 1956, 2096, 427, 215, 39, 108, 1992, 558, 1448, 2030, 1979, 380, 1928, 1243, 972, 797, 1805, 648, 1612, 783, 1301, 829, 1683, 1326, 1100, 1400, 222, 209, 1966, 170, 1944, 1173, 1465, 661, 224, 879, 1398, 1023, 1248, 1813, 743, 645, 884, 669, 1277, 542, 1337, 971, 1208, 1638, 1978, 1920, 660, 1106, 975, 1290, 1873, 346, 1273, 16, 609, 257, 717, 2044, 1120, 734, 1998, 1989, 1412, 883, 1153, 1181, 303, 1463, 798, 1358, 974, 2010, 854, 2075, 1323, 815, 1092, 330, 95, 1171, 1759, 464, 1793, 735, 133, 1316, 1614, 1601, 666, 1368, 212, 1883, 1402, 151, 238, 247, 690, 1789, 602, 336, 916, 1907, 1116, 568, 1609, 396, 853, 430, 1911, 1553, 88, 127, 855, 587, 895, 1028, 1311, 908, 712, 235, 982, 688, 606, 544, 106, 359, 1410, 1478, 529, 248, 1360, 181, 929, 1921, 1824, 1052, 470, 1561, 2004, 983, 1663, 281, 646, 1983, 1032, 962, 1864, 654, 2027, 870, 580, 1057, 1380, 679, 1751, 390, 1415, 424, 1658, 1881, 1347, 2019, 73, 1509, 1657, 1788, 616, 199, 2072, 332, 1691, 1637, 919, 1047, 1544, 1230, 605, 987, 1615, 428, 1640, 1064, 1450, 1754, 1213, 1622, 2070, 402, 1242, 2047, 258, 36, 573, 1467, 1008, 565, 1988, 2099, 419, 1440, 313, 38, 183, 399, 635, 925, 1999, 1584, 1014, 1109, 1417, 349, 586, 845, 1426, 1905, 1794, 1504, 65, 1348, 1155, 2084, 698, 488, 579, 225, 2028, 148, 1540, 822, 287, 1543, 1017, 1974, 194, 1772, 881, 1214, 179, 1706, 1804, 1967, 810, 747, 794, 1833, 652, 1378, 1607, 1530, 538, 1879, 167, 914, 413, 1221, 1930, 513, 2092, 627, 2039, 1678, 882, 2120, 2064, 1056, 1143, 2090, 131, 1620, 760, 936, 1690, 1216, 164, 2086, 2018, 1692, 6, 944, 1716, 697, 262, 1288, 431, 718, 277, 2035, 1739, 477, 1459, 1474, 144, 711, 1731, 360, 208, 969, 849, 1183, 1294, 1502, 85, 777, 1405, 1192, 1374, 2031, 759, 322, 555, 1655, 836, 1160, 2078, 100, 2001, 2042, 1722, 1902, 720, 233, 543, 599, 927, 804, 918, 397, 1511, 1490, 2102, 556, 1858, 156, 785, 1085, 253, 1700, 93, 1035, 741, 522, 291, 124, 1677, 1842, 894, 1432, 1505, 516, 368, 411, 848, 781, 1029, 658, 639, 1635, 1613, 1205, 1199, 1797, 255, 624, 1580, 407, 117, 2080, 1908, 115, 494, 1255, 694, 956, 367, 1745, 561, 675, 166, 874, 813, 1664, 27, 1958, 404, 1453, 451, 195, 226, 2020, 524, 1096, 641, 892, 479, 1065, 713, 112, 1869, 1196, 1163, 784, 1703, 1062, 1642, 610, 46, 1058, 1180, 1489, 466, 1252, 473, 1740, 2017, 1247, 1761, 1574, 604, 1461, 1780, 1725, 1818, 995, 344, 896, 378, 1564, 382, 611, 1441, 824, 1968, 1571, 1211, 171, 1010, 595, 999, 970, 1696, 1901, 1313, 421, 571, 834, 594, 1969, 1838, 649, 1038, 2003, 1239, 1043, 554, 1439, 2055, 1586, 468, 1332, 2022, 223, 1484, 837, 1066, 1572, 1124, 2029, 403, 1253, 1656, 1235, 1383, 2094, 1025, 1659, 1424, 981, 1395, 1114, 517, 1867, 678, 2104, 107, 1882, 491, 1791, 778, 980, 1093, 352, 902, 372, 275, 139, 973, 950, 618, 1589, 863, 1712, 708, 1675, 221, 1392, 234, 799, 1152, 50, 530, 922, 732, 1413, 294, 774, 1429, 478, 1527, 297, 319, 1472, 109, 177, 1507, 1811, 1774, 589, 993, 1401, 1494, 244, 408, 1212, 1550, 136, 869, 1573, 1506, 1189, 105, 1567, 41, 793, 389, 787, 371, 459, 921, 216, 1770, 198, 1501, 1041, 111, 160, 1220, 245, 412, 657, 1204, 1470, 800, 1632, 213, 94, 865, 951, 1404, 1264, 1303, 831, 1442, 1434, 1823, 985, 420, 2036, 835, 1369, 1723, 807, 11, 1046, 1210, 439, 1857, 2097, 2110, 1924, 1000, 1198, 744, 74, 272, 1385, 695, 1693, 120, 1312, 520, 119, 1820, 236, 2048, 383, 487, 685, 1355, 1529, 923, 1701, 2043, 1843, 91, 1668, 1872, 92, 552, 1416, 1616, 2115, 1422, 1630, 572, 957, 416, 19, 1611, 1886, 1048, 626, 497, 1499, 454, 716, 1054, 1744, 792, 1496, 1825, 977, 1758, 1757, 1259, 515, 1187, 1990, 388, 1206, 961, 1997, 1563, 30, 1282, 1269, 410, 592, 677, 1420, 385, 1760, 128, 1868, 370, 1514, 1075, 1083, 1816, 293, 1652, 955, 738, 384, 130, 1670, 1934, 1933, 1904, 1541, 203, 386, 1233, 509, 614, 553, 1444, 1510, 301, 2007, 1006, 541, 696, 15, 1477, 142, 90, 1845, 232, 1249, 1435, 1147, 56, 730, 2109, 79, 1850, 2061, 197, 1219, 1765, 1365, 1666, 750, 563, 49, 1364, 1178, 1665, 693, 2024, 632, 1976, 480, 467, 1367, 1895, 1539, 771, 548, 1329, 1922, 1411, 1537, 2032, 728, 1379, 1133, 1403, 1880, 758, 1846, 856, 858, 242, 1275, 327, 1387, 948, 1068, 1729, 314, 1351, 566, 820, 1863, 1519, 237, 719, 482, 802, 1619, 9, 699, 1418, 1377, 2100, 1524, 1730, 1333, 1653, 2049, 1188, 1841, 590, 1044, 249, 1468, 638, 1891, 1071, 1776, 1149, 672, 1865, 1705, 1698, 278, 1996, 623, 680, 1101, 469, 1687, 52, 2065, 1546, 549, 1013, 1236, 324, 296, 1372, 1741, 1088, 535, 1685, 1497, 842, 1436, 1837, 1076, 312, 1628, 345, 87, 825, 1860, 1098, 45, 1855, 2050, 978, 265, 1314, 1871, 1286, 418, 481, 315, 762, 1026, 152, 992, 1551, 655, 1695, 994, 325, 1799, 1480, 1673, 1950, 1900, 1283, 564, 1487, 1752, 377, 528, 18, 347, 1278, 1594, 1361, 1261, 134, 298, 967, 2008, 615, 1343, 206, 1042, 1821, 1319, 1240, 1851, 26, 1709, 1292, 1733, 932, 263, 539, 1225, 926, 838, 101, 1500, 1726, 1298, 877, 261, 1280, 1674, 279, 1112, 2130, 739, 1121, 832, 351, 1936, 731, 173, 1317, 773, 356, 493, 1320, 1590, 841, 175, 533, 1099, 1229, 1641, 251, 1250, 1840, 1352, 433, 1582, 1633, 1876, 2005, 2033, 1717, 1710, 2059, 254, 1916, 1338, 844, 102, 1129, 1643, 353, 187, 472, 2108, 984, 455, 86, 376, 861, 307, 1708, 703, 1166, 228, 282, 1735, 1585, 1137, 426, 40, 700, 1479, 274, 1073, 1597, 317, 495, 243, 302, 1302, 947, 830, 34, 311, 789, 1012, 1932, 323, 1226, 1321, 200, 1009, 607, 474, 503, 437, 907, 1111, 769, 651, 1287, 196, 1941, 2023, 1162, 1742, 1034, 782, 51, 76, 1382, 1104, 647, 500, 1661, 1975, 1449, 1, 1108, 752, 1617, 443, 2114, 414, 1127, 1419, 1814, 1271, 1431, 1135, 1209, 1305, 207, 1549, 2062, 637, 601, 1390, 1482, 1452, 1987, 1764, 450, 1750, 1737, 1202, 48, 1354, 1711, 1386, 25, 1265, 12, 400, 1972, 1595, 557, 1309, 851, 1558, 1885, 1051, 670, 1749, 1389, 888, 1766, 1522, 1274, 1955, 1443, 217, 129, 1060, 1801, 2105, 2121, 320, 1462]
labeling = [6, 15, 8, 0, 6, 3, 11, 9, 1, 13, 2, 5, 7, 4, 6, 9, 10, 2, 0, 8, 3, 0, 0, 4, 6, 16, 12, 10, 6, 8, 12, 1, 3, 5, 14, 4, 9, 2, 10, 7, 15, 9, 1, 8, 0, 13, 7, 0, 16, 13, 6, 12, 10, 5, 3, 7, 9, 3, 5, 11, 4, 0, 3, 7, 1, 11, 4, 6, 11, 1, 7, 9, 2, 5, 9, 4, 6, 0, 2, 10, 0, 8, 10, 3, 12, 8, 1, 11, 2, 9, 15, 13, 15, 3, 16, 12, 6, 0, 4, 6, 3, 5, 13, 7, 5, 9, 11, 13, 5, 14, 4, 13, 10, 2, 0, 7, 1, 11, 3, 14, 12, 4, 6, 1, 9, 0, 2, 8, 12, 16, 14, 10, 4, 6, 8, 1, 7, 2, 0, 12, 7, 3, 15, 5, 1, 4, 11, 5, 8, 2, 0, 10, 13, 5, 7, 10, 8, 2, 5, 1, 11, 3, 7, 9, 13, 0, 14, 11, 3, 6, 8, 10, 0, 12, 1, 4, 0, 9, 4, 6, 0, 12, 1, 10, 3, 7, 9, 15, 4, 2, 0, 4, 2, 5, 9, 11, 15, 13, 10, 2, 14, 6, 4, 15, 5, 0, 13, 10, 7, 9, 3, 4, 9, 14, 5, 7, 12, 12, 3, 0, 4, 4, 6, 11, 8, 10, 8, 2, 13, 1, 3, 0, 11, 5, 7, 4, 12, 14, 7, 2, 0, 3, 9, 15, 6, 9, 5, 10, 12, 16, 6, 13, 1, 3, 12, 8, 1, 8, 14, 4, 8, 11, 7, 10, 2, 4, 6, 3, 5, 7, 2, 0, 9, 5, 13, 9, 1, 8, 10, 15, 0, 9, 12, 6, 1, 3, 0, 7, 5, 1, 5, 12, 4, 6, 1, 3, 10, 7, 11, 4, 2, 0, 6, 11, 9, 7, 2, 10, 7, 5, 0, 16, 14, 6, 8, 12, 4, 14, 0, 13, 15, 0, 12, 14, 11, 3, 8, 12, 1, 5, 9, 2, 8, 3, 6, 4, 11, 9, 3, 1, 9, 6, 10, 3, 11, 14, 7, 12, 6, 10, 1, 9, 7, 1, 5, 8, 12, 4, 2, 5, 8, 0, 4, 2, 7, 3, 0, 7, 5, 2, 15, 13, 11, 6, 10, 0, 9, 12, 2, 6, 8, 5, 11, 5, 14, 12, 15, 0, 12, 10, 0, 3, 1, 5, 3, 1, 7, 9, 1, 10, 15, 6, 8, 2, 4, 1, 3, 9, 7, 4, 14, 8, 11, 7, 14, 4, 13, 3, 14, 7, 9, 8, 2, 5, 9, 0, 15, 6, 11, 3, 10, 12, 2, 14, 1, 7, 4, 15, 7, 12, 4, 9, 1, 11, 5, 0, 2, 6, 3, 3, 16, 9, 3, 10, 13, 11, 1, 0, 7, 4, 6, 8, 4, 0, 8, 5, 6, 13, 1, 14, 11, 1, 14, 6, 12, 3, 3, 9, 11, 3, 7, 15, 12, 2, 4, 1, 8, 10, 7, 4, 0, 5, 2, 0, 9, 15, 7, 13, 0, 4, 13, 2, 6, 12, 8, 4, 7, 5, 0, 3, 6, 4, 2, 8, 0, 16, 3, 10, 6, 1, 11, 8, 10, 1, 11, 7, 0, 5, 15, 11, 14, 7, 0, 14, 3, 13, 2, 4, 8, 0, 9, 13, 3, 12, 9, 5, 1, 4, 8, 10, 0, 9, 6, 12, 10, 2, 4, 16, 10, 1, 7, 13, 3, 9, 11, 1, 12, 7, 11, 1, 3, 6, 12, 10, 1, 8, 6, 4, 2, 11, 7, 0, 6, 3, 5, 2, 13, 5, 0, 9, 15, 6, 12, 3, 11, 9, 0, 5, 1, 10, 2, 13, 10, 8, 6, 9, 7, 4, 1, 8, 11, 6, 0, 5, 13, 15, 10, 8, 12, 5, 7, 4, 1, 11, 3, 1, 13, 10, 3, 0, 5, 3, 12, 0, 6, 9, 4, 16, 13, 11, 6, 5, 0, 2, 8, 10, 12, 15, 4, 12, 1, 13, 14, 2, 8, 10, 5, 9, 7, 9, 11, 5, 0, 7, 2, 4, 12, 7, 0, 3, 9, 4, 11, 6, 10, 5, 10, 14, 12, 7, 13, 1, 3, 8, 0, 11, 2, 4, 8, 1, 10, 8, 5, 15, 12, 14, 16, 12, 9, 11, 15, 3, 6, 2, 7, 1, 5, 3, 9, 1, 5, 13, 6, 12, 9, 0, 13, 9, 11, 13, 7, 1, 3, 11, 7, 4, 0, 5, 14, 3, 5, 14, 6, 2, 4, 10, 6, 0, 14, 16, 2, 11, 1, 6, 12, 2, 4, 9, 0, 8, 12, 1, 13, 4, 10, 8, 6, 9, 15, 10, 7, 0, 13, 5, 3, 6, 2, 3, 5, 7, 2, 12, 3, 14, 7, 3, 1, 9, 11, 2, 7, 11, 15, 4, 14, 12, 0, 9, 6, 15, 0, 4, 13, 8, 5, 3, 6, 4, 9, 13, 7, 0, 16, 7, 10, 3, 1, 11, 7, 9, 11, 2, 0, 7, 1, 8, 0, 3, 1, 5, 11, 3, 9, 4, 13, 15, 8, 5, 3, 6, 15, 9, 13, 4, 10, 12, 5, 10, 12, 8, 3, 13, 10, 1, 2, 7, 4, 0, 14, 12, 0, 15, 3, 10, 8, 3, 11, 5, 7, 2, 6, 12, 0, 8, 1, 9, 0, 4, 7, 14, 2, 4, 6, 3, 11, 1, 3, 17, 7, 9, 0, 10, 7, 5, 9, 6, 1, 3, 12, 5, 8, 1, 14, 2, 13, 11, 5, 8, 6, 10, 2, 6, 16, 4, 0, 3, 5, 12, 10, 2, 4, 0, 9, 3, 12, 6, 10, 1, 13, 6, 4, 14, 12, 7, 5, 11, 7, 14, 8, 12, 7, 2, 14, 2, 0, 6, 9, 2, 8, 0, 2, 4, 0, 5, 9, 4, 0, 5, 10, 3, 11, 4, 6, 3, 5, 15, 11, 16, 3, 6, 8, 8, 3, 1, 7, 5, 0, 15, 1, 7, 12, 8, 6, 14, 12, 10, 1, 6, 11, 9, 15, 13, 2, 8, 5, 13, 0, 10, 3, 1, 7, 0, 3, 15, 13, 2, 7, 5, 0, 11, 14, 12, 10, 4, 2, 5, 9, 4, 11, 5, 13, 9, 15, 8, 10, 1, 3, 9, 7, 4, 2, 6, 9, 7, 0, 6, 14, 2, 7, 11, 5, 0, 6, 3, 12, 8, 6, 1, 13, 0, 8, 12, 14, 10, 8, 3, 12, 9, 14, 3, 8, 10, 8, 3, 13, 5, 8, 1, 5, 7, 10, 0, 11, 8, 10, 6, 1, 3, 11, 1, 0, 12, 7, 10, 3, 12, 14, 0, 4, 2, 5, 1, 3, 12, 4, 9, 6, 8, 14, 9, 4, 1, 7, 10, 2, 6, 9, 7, 12, 14, 5, 7, 2, 0, 13, 2, 11, 6, 9, 4, 8, 13, 11, 0, 10, 8, 11, 1, 10, 8, 5, 13, 0, 2, 12, 1, 3, 7, 4, 13, 2, 0, 3, 12, 6, 16, 4, 14, 10, 7, 5, 0, 2, 9, 7, 4, 6, 9, 4, 13, 1, 8, 13, 2, 9, 11, 6, 3, 1, 8, 13, 0, 15, 11, 5, 0, 15, 3, 8, 0, 5, 12, 3, 10, 2, 7, 3, 6, 13, 1, 10, 7, 2, 14, 1, 8, 1, 17, 19, 7, 5, 3, 16, 9, 11, 6, 10, 0, 11, 9, 7, 5, 14, 1, 12, 10, 4, 0, 2, 12, 10, 0, 12, 5, 11, 4, 7, 5, 0, 13, 11, 8, 6, 3, 1, 13, 10, 5, 3, 14, 7, 2, 0, 13, 3, 10, 15, 2, 0, 10, 13, 5, 9, 7, 1, 8, 6, 9, 4, 10, 11, 1, 4, 8, 5, 7, 4, 0, 2, 12, 4, 13, 2, 0, 11, 6, 9, 6, 0, 11, 1, 14, 6, 8, 10, 14, 6, 10, 7, 3, 15, 2, 10, 13, 6, 3, 9, 12, 5, 3, 11, 8, 12, 5, 8, 5, 1, 4, 10, 5, 0, 2, 7, 9, 0, 15, 2, 0, 3, 9, 2, 7, 13, 11, 14, 1, 6, 13, 4, 9, 6, 13, 0, 9, 6, 8, 10, 4, 2, 7, 1, 1, 11, 18, 4, 2, 0, 12, 20, 10, 3, 4, 2, 16, 1, 7, 2, 6, 9, 3, 0, 12, 9, 0, 14, 11, 2, 7, 9, 2, 7, 12, 6, 3, 9, 13, 1, 11, 8, 10, 6, 2, 8, 4, 9, 0, 5, 13, 3, 10, 8, 5, 15, 10, 4, 2, 14, 1, 4, 12, 10, 6, 13, 3, 1, 5, 0, 2, 7, 0, 6, 9, 0, 5, 9, 7, 5, 3, 1, 8, 11, 11, 6, 9, 4, 8, 12, 3, 13, 15, 11, 1, 9, 7, 12, 0, 8, 3, 1, 10, 2, 15, 11, 1, 8, 13, 15, 0, 4, 10, 5, 13, 6, 16, 13, 9, 7, 3, 5, 10, 6, 2, 8, 11, 0, 4, 1, 3, 5, 10, 0, 7, 4, 9, 5, 9, 7, 10, 6, 0, 8, 4, 9, 1, 11, 7, 1, 13, 8, 19, 17, 2, 21, 5, 17, 3, 1, 14, 2, 11, 4, 0, 10, 1, 13, 5, 11, 8, 2, 14, 17, 8, 6, 4, 10, 5, 10, 8, 6, 9, 15, 8, 4, 0, 7, 1, 5, 0, 6, 15, 3, 1, 16, 0, 13, 1, 3, 12, 2, 14, 12, 10, 3, 9, 7, 3, 1, 12, 5, 14, 6, 11, 5, 0, 10, 7, 16, 5, 8, 6, 2, 11, 5, 10, 8, 0, 4, 7, 14, 4, 1, 9, 2, 14, 12, 0, 4, 9, 0, 6, 2, 9, 1, 12, 8, 6, 4, 0, 7, 5, 8, 1, 12, 4, 11, 13, 10, 2, 0, 12, 15, 11, 9, 3, 10, 14, 2, 13, 3, 6, 4, 9, 5, 1, 4, 6, 0, 4, 7, 9, 0, 17, 7, 11, 8, 10, 12, 8, 2, 13, 11, 13, 15, 2, 0, 3, 7, 1, 21, 6, 20, 2, 11, 5, 0, 11, 4, 8, 5, 3, 10, 16, 3, 12, 5, 1, 4, 0, 6, 1, 8, 1, 7, 13, 2, 10, 12, 1, 6, 4, 1, 15, 2, 9, 11, 13, 2, 4, 10, 4, 9, 5, 0, 14, 16, 13, 2, 8, 6, 4, 0, 3, 7, 10, 8, 13, 6, 12, 3, 6, 11, 7, 10, 12, 0, 9, 11, 8, 14, 0, 12, 8, 0, 10, 1, 13, 9, 4, 15, 7, 14, 16, 13, 6, 2, 5, 4, 15, 7, 5, 0, 2, 8, 5, 1, 10, 2, 0, 4, 8, 13, 9, 3, 8, 6, 10, 0, 16, 3, 8, 5, 9, 13, 2, 6, 10, 4, 1, 3, 7, 12, 6, 11, 3, 6, 8, 0, 2, 14, 5, 9, 1, 4, 2, 17, 8, 20, 7, 9, 11, 17, 6, 8, 0, 15, 1, 13, 5, 2, 10, 12, 6, 3, 7, 9, 0, 1, 11, 13, 2, 4, 10, 4, 6, 15, 7, 12, 8, 2, 12, 1, 17, 10, 8, 11, 6, 0, 8, 5, 3, 6, 11, 5, 9, 13, 3, 11, 9, 12, 0, 16, 21, 0, 18, 16, 19, 7, 2, 10, 14, 8, 1, 8, 10, 3, 6, 0, 14, 9, 4, 13, 12, 1, 11, 2, 7, 10, 7, 5, 0, 9, 4, 6, 4, 2, 10, 3, 12, 10, 3, 14, 0, 6, 8, 5, 14, 1, 5, 12, 10, 3, 14, 0, 7, 3, 6, 19, 8, 6, 16, 7, 12, 15, 11, 0, 20, 12, 10, 8, 4, 6, 11, 7, 0, 3, 9, 5, 10, 8, 1, 14, 3, 12, 6, 13, 11, 2, 6, 9, 2, 4, 9, 5, 0, 0, 4, 13, 8, 1, 7, 12, 8, 12, 2, 10, 0, 5, 3, 10, 1, 5, 1, 20, 6, 12, 7, 11, 0, 16, 18, 11, 13, 7, 5, 12, 0, 3, 10, 2, 6, 15, 4, 7, 9, 4, 17, 9, 1, 13, 11, 0, 2, 3, 5, 8, 3, 5, 12, 6, 6, 0, 2, 10, 1, 9, 15, 11, 1, 4, 9, 6, 4, 7, 2, 0, 4, 5, 21, 17, 15, 19, 0, 14, 10, 6, 1, 12, 9, 5, 11, 2, 7, 1, 6, 4, 10, 7, 14, 12, 1, 8, 3, 0, 8, 5, 3, 6, 1, 12, 10, 13, 0, 10, 15, 10, 4, 2, 6, 9, 12, 7, 9, 2, 14, 0, 11, 14, 5, 1, 3, 0, 5, 9, 18, 7, 4, 2, 8, 14, 18, 20, 0, 2, 5, 3, 10, 0, 5, 10, 0, 4, 11, 21, 7, 17, 20, 13, 3, 7, 1, 6, 9, 14, 0, 4, 15, 1, 9, 10, 2, 19, 9, 0, 3, 16, 4, 6, 0, 7, 4, 17, 12, 18, 8, 12, 0, 3, 11, 1, 6, 2, 0, 10, 2, 5, 12, 3, 5, 0, 0, 0, 12, 6, 11, 0, 18, 10, 0, 0, 0, 10, 21, 3, 6, 8, 14, 0, 0, 0, 13, 19, 1]
convergência = [21, 21, 21, 21, 21, 21, 21, 21, 21, 21, 21, 21, 21, 21, 21, 21, 21, 21, 21, 21, 21, 21, 21, 21, 21, 21, 21, 21, 21, 21, 21, 21, 21, 21, 21, 21, 21, 21, 21, 21, 21, 21, 21, 21, 21, 21, 21, 21, 21, 21, 21, 21, 21, 21, 21, 21, 21, 21, 21, 21, 21, 21, 21, 21, 21, 21, 21, 21, 21, 21, 21, 21, 21, 21, 21, 21, 21, 21, 21, 21, 21, 21, 21, 21, 21, 21, 21, 21, 21, 21, 21, 21, 21, 21, 21, 21, 21, 21, 21, 21, 21, 21, 21, 21, 21, 21, 21, 21, 21, 21, 21, 21, 21, 21, 21, 21, 21, 21, 21, 21, 21, 21, 21, 21]

===== FIM =====
