===== RESULTADO BRKGA L(2,1) =====
Arquivo: /Users/mateuspedrosa/Documents/TCC-II/BRKGA/data/Harwell-Boeing_cleaned/bp_0_clean.mtx

----- Execução #1 -----
[INFO] Parou por estagnação.
Tempo de execução: 315773ms
Span (lambda): 266
best_order = [325, 593, 58, 372, 560, 703, 254, 141, 385, 24, 382, 352, 305, 777, 122, 670, 116, 778, 738, 555, 647, 389, 730, 550, 383, 783, 634, 246, 358, 764, 585, 214, 174, 377, 226, 708, 805, 113, 600, 678, 130, 134, 20, 124, 209, 663, 794, 414, 716, 428, 521, 719, 151, 51, 760, 743, 488, 438, 243, 820, 756, 638, 343, 3, 790, 502, 317, 486, 29, 702, 763, 300, 436, 819, 492, 46, 196, 784, 744, 362, 690, 773, 595, 366, 364, 69, 673, 294, 165, 811, 694, 608, 333, 565, 306, 737, 139, 213, 277, 476, 315, 147, 308, 233, 457, 697, 57, 746, 749, 302, 411, 800, 272, 245, 350, 750, 812, 223, 579, 388, 526, 490, 227, 280, 629, 166, 81, 150, 310, 796, 128, 712, 590, 44, 635, 346, 313, 41, 443, 297, 27, 293, 249, 512, 386, 710, 274, 70, 672, 759, 79, 339, 200, 530, 692, 152, 265, 194, 187, 7, 571, 208, 390, 268, 679, 335, 244, 142, 219, 630, 522, 685, 774, 108, 772, 684, 754, 375, 52, 127, 695, 767, 491, 524, 739, 724, 276, 705, 359, 259, 221, 709, 177, 766, 707, 618, 789, 700, 771, 510, 717, 397, 780, 682, 704, 39, 539, 775, 419, 515, 137, 422, 224, 625, 633, 589, 462, 588, 106, 278, 534, 644, 205, 474, 13, 237, 718, 121, 583, 415, 745, 56, 399, 178, 563, 417, 732, 394, 815, 787, 427, 62, 202, 699, 429, 156, 723, 816, 623, 356, 206, 63, 452, 368, 485, 212, 736, 808, 199, 806, 110, 253, 757, 68, 404, 105, 8, 761, 449, 345, 425, 365, 129, 713, 86, 779, 686, 50, 507, 107, 619, 689, 138, 556, 668, 546, 597, 109, 624, 123, 93, 241, 270, 591, 768, 495, 804, 84, 252, 455, 541, 441, 418, 611, 1, 75, 271, 769, 494, 511, 416, 225, 16, 207, 545, 324, 601, 655, 37, 435, 376, 721, 256, 367, 336, 706, 247, 519, 257, 363, 430, 547, 279, 283, 4, 612, 795, 401, 43, 528, 354, 426, 671, 284, 662, 405, 316, 173, 770, 803, 532, 201, 175, 691, 513, 33, 153, 669, 234, 575, 649, 807, 118, 572, 567, 489, 290, 654, 423, 440, 434, 172, 574, 250, 217, 656, 117, 464, 184, 503, 797, 557, 659, 537, 535, 5, 77, 406, 370, 162, 393, 351, 755, 615, 222, 66, 183, 71, 505, 239, 23, 54, 182, 433, 421, 665, 466, 696, 298, 269, 353, 617, 369, 627, 12, 810, 793, 781, 260, 413, 304, 728, 606, 21, 323, 711, 564, 639, 531, 14, 497, 155, 103, 373, 478, 470, 598, 167, 660, 82, 35, 613, 552, 101, 802, 235, 379, 599, 748, 792, 520, 228, 10, 714, 509, 275, 263, 96, 480, 203, 577, 559, 751, 334, 518, 666, 149, 681, 437, 355, 640, 447, 500, 348, 762, 776, 664, 657, 255, 30, 676, 329, 542, 799, 809, 752, 210, 549, 371, 439, 299, 72, 189, 576, 642, 322, 321, 133, 747, 361, 262, 303, 125, 516, 314, 395, 169, 569, 195, 504, 412, 2, 40, 342, 450, 742, 61, 715, 472, 734, 380, 675, 114, 285, 49, 32, 264, 6, 677, 198, 97, 292, 641, 48, 523, 229, 782, 65, 112, 42, 400, 473, 319, 463, 786, 517, 651, 631, 160, 594, 374, 637, 231, 482, 17, 471, 609, 158, 34, 753, 140, 312, 197, 581, 45, 102, 453, 273, 731, 135, 91, 180, 791, 646, 230, 104, 683, 266, 25, 396, 420, 191, 381, 446, 785, 607, 192, 765, 347, 95, 73, 554, 94, 596, 693, 338, 349, 163, 76, 650, 90, 817, 626, 98, 645, 171, 87, 341, 484, 680, 398, 621, 204, 28, 344, 232, 729, 561, 327, 326, 475, 614, 143, 407, 307, 578, 164, 544, 190, 15, 378, 648, 402, 652, 288, 628, 248, 261, 456, 801, 687, 136, 218, 328, 238, 508, 525, 553, 311, 720, 131, 85, 487, 88, 570, 758, 498, 64, 240, 220, 444, 667, 551, 566, 622, 733, 562, 602, 309, 605, 179, 620, 31, 469, 357, 157, 616, 330, 80, 674, 267, 461, 144, 726, 506, 286, 120, 722, 331, 582, 467, 291, 558, 538, 38, 448, 115, 318, 55, 111, 661, 432, 580, 636, 818, 451, 53, 392, 92, 211, 154, 527, 146, 384, 584, 813, 251, 658, 301, 632, 287, 442, 387, 168, 161, 409, 568, 481, 698, 289, 26, 186, 170, 479, 99, 740, 67, 496, 193, 18, 126, 454, 459, 181, 741, 188, 216, 360, 458, 499, 798, 477, 529, 340, 460, 185, 543, 483, 337, 603, 242, 296, 74, 36, 688, 586, 548, 573, 148, 592, 610, 465, 19, 533, 424, 536, 410, 60, 431, 320, 11, 100, 788, 604, 391, 258, 9, 332, 403, 514, 735, 643, 78, 540, 587, 83, 295, 408, 236, 493, 176, 89, 727, 59, 281, 653, 821, 701, 501, 445, 119, 22, 132, 282, 215, 725, 468, 159, 145, 47, 814, 0]
labeling = [266, 2, 2, 0, 0, 0, 2, 2, 5, 5, 0, 17, 0, 0, 0, 0, 0, 1, 0, 2, 0, 0, 4, 1, 4, 5, 18, 1, 3, 2, 16, 9, 5, 13, 6, 3, 2, 2, 1, 1, 11, 1, 19, 12, 0, 21, 4, 18, 18, 21, 2, 0, 7, 0, 0, 4, 3, 6, 0, 0, 15, 0, 0, 2, 4, 11, 10, 7, 6, 3, 5, 0, 4, 15, 10, 0, 14, 0, 13, 1, 22, 5, 3, 19, 2, 22, 0, 0, 6, 18, 23, 22, 2, 9, 9, 5, 8, 1, 4, 9, 16, 13, 14, 6, 7, 5, 4, 6, 2, 7, 0, 15, 10, 1, 9, 13, 0, 7, 10, 15, 12, 0, 1, 14, 0, 20, 23, 10, 9, 5, 1, 18, 22, 12, 2, 13, 14, 1, 3, 6, 6, 0, 2, 0, 15, 1, 0, 0, 16, 11, 1, 0, 3, 7, 6, 7, 5, 16, 2, 20, 16, 22, 12, 14, 7, 0, 0, 1, 17, 8, 1, 0, 5, 0, 0, 0, 11, 2, 4, 13, 0, 0, 0, 0, 3, 5, 3, 0, 0, 9, 10, 6, 18, 21, 0, 8, 0, 5, 1, 0, 8, 2, 2, 3, 0, 2, 9, 4, 2, 5, 5, 0, 6, 5, 0, 11, 6, 6, 0, 2, 19, 0, 0, 7, 10, 1, 0, 1, 1, 2, 13, 12, 12, 2, 0, 13, 21, 6, 13, 4, 10, 4, 9, 0, 1, 0, 1, 5, 20, 4, 13, 24, 11, 6, 0, 13, 15, 12, 7, 6, 3, 8, 9, 7, 11, 5, 20, 21, 7, 9, 8, 4, 5, 11, 3, 6, 2, 0, 4, 2, 0, 13, 10, 3, 2, 6, 1, 2, 0, 0, 0, 3, 4, 0, 5, 1, 12, 3, 9, 8, 1, 10, 6, 3, 7, 0, 33, 204, 35, 220, 2, 0, 183, 47, 170, 34, 112, 25, 231, 176, 257, 168, 167, 141, 99, 0, 202, 201, 210, 163, 225, 227, 259, 31, 155, 53, 102, 246, 193, 49, 244, 197, 172, 23, 199, 83, 46, 189, 159, 194, 37, 132, 6, 136, 109, 158, 79, 223, 11, 61, 241, 1, 5, 5, 7, 9, 6, 16, 12, 18, 17, 8, 0, 7, 14, 57, 101, 4, 15, 10, 3, 10, 4, 9, 235, 3, 4, 2, 39, 3, 8, 12, 17, 11, 8, 6, 3, 8, 7, 1, 175, 107, 12, 12, 82, 111, 131, 5, 24, 239, 256, 0, 3, 7, 2, 2, 1, 4, 95, 68, 187, 13, 6, 122, 254, 84, 110, 1, 2, 3, 8, 10, 16, 5, 124, 0, 2, 4, 0, 6, 123, 94, 238, 3, 18, 26, 18, 8, 25, 12, 14, 7, 5, 16, 22, 11, 23, 5, 11, 22, 9, 8, 0, 4, 2, 2, 7, 19, 9, 15, 16, 7, 8, 6, 9, 12, 3, 28, 9, 25, 17, 15, 11, 29, 21, 10, 2, 20, 1, 14, 7, 1, 3, 25, 7, 5, 26, 15, 24, 27, 19, 264, 24, 126, 9, 134, 226, 0, 211, 152, 64, 97, 48, 115, 260, 69, 169, 177, 156, 103, 150, 18, 55, 174, 59, 212, 40, 234, 108, 243, 50, 144, 114, 253, 74, 130, 255, 129, 230, 66, 261, 93, 164, 245, 206, 98, 88, 104, 249, 165, 8, 215, 148, 213, 190, 7, 87, 128, 229, 154, 2, 200, 218, 77, 143, 32, 216, 120, 240, 171, 214, 52, 119, 250, 125, 116, 166, 153, 205, 38, 232, 184, 228, 76, 236, 12, 248, 262, 73, 72, 44, 91, 251, 1, 180, 28, 191, 89, 145, 149, 14, 100, 219, 247, 258, 221, 140, 188, 30, 182, 252, 96, 105, 147, 203, 133, 224, 137, 62, 86, 222, 198, 217, 78, 90, 70, 196, 138, 209, 41, 54, 179, 237, 71, 10, 45, 233, 181, 22, 5, 12, 15, 13, 20, 8, 14, 186, 5, 207, 117, 195, 178, 208, 263, 121, 4, 5, 162, 19, 8, 146, 16, 7, 15, 161, 135, 157, 23, 14, 8, 0, 9, 5, 8, 22, 9, 16, 18, 2, 3, 9, 11, 8, 17, 7, 2, 3, 16, 13, 7, 0, 6, 51, 192, 29, 1, 15, 36, 17, 8, 6, 14, 3, 0, 9, 0, 3, 2, 0, 4, 3, 142, 43, 85, 151, 173, 17, 65, 75, 20, 15, 13, 21, 5, 60, 7, 1, 3, 12, 2, 3, 18, 10, 19, 14, 20, 1, 3, 1, 1, 24, 25, 16, 2, 7, 11, 8, 17, 14, 9, 6, 15, 11, 20, 10, 1, 21, 81, 10, 2, 1, 8, 160, 26, 0, 3, 5, 58, 0, 8, 7, 63, 56, 0, 1, 67, 2, 1, 0, 11, 10, 17, 18, 1, 2, 5, 16, 3, 23, 4, 2, 185, 12, 3, 16, 106, 42, 127, 242, 10, 3, 6, 1, 113, 92, 13, 80, 118, 9, 0, 139, 1, 4, 11, 19, 12, 3, 5, 12, 27, 19, 6]
convergência = [266, 266, 266, 266, 266, 266, 266, 266, 266, 266, 266, 266, 266, 266, 266, 266, 266, 266, 266, 266, 266, 266, 266, 266, 266, 266, 266, 266, 266, 266, 266, 266, 266, 266, 266, 266, 266, 266, 266, 266, 266, 266, 266, 266, 266, 266, 266, 266, 266, 266, 266, 266, 266, 266, 266, 266, 266, 266, 266, 266, 266, 266, 266, 266, 266, 266, 266, 266, 266, 266, 266, 266, 266, 266, 266, 266, 266, 266, 266, 266, 266, 266, 266, 266, 266, 266, 266, 266, 266, 266, 266, 266, 266, 266, 266, 266, 266, 266, 266, 266, 266, 266, 266, 266, 266, 266, 266, 266, 266, 266, 266, 266, 266, 266, 266, 266, 266, 266, 266, 266, 266, 266, 266, 266]

===== FIM =====
