===== RESULTADO BRKGA L(2,1) =====
Arquivo: /Users/mateuspedrosa/Documents/TCC-II/BRKGA/data/Harwell-Boeing_cleaned/bp_1400_clean.mtx

----- Execução #1 -----
[INFO] Parou por estagnação.
Tempo de execução: 326298ms
Span (lambda): 311
best_order = [325, 593, 58, 372, 560, 703, 254, 141, 385, 24, 382, 352, 305, 777, 122, 670, 116, 778, 738, 555, 647, 389, 730, 550, 383, 783, 634, 246, 358, 764, 585, 214, 174, 377, 226, 708, 805, 113, 600, 678, 130, 134, 20, 124, 209, 663, 794, 414, 716, 428, 521, 719, 151, 51, 760, 743, 488, 438, 243, 820, 756, 638, 343, 3, 790, 502, 317, 486, 29, 702, 763, 300, 436, 819, 492, 46, 196, 784, 744, 362, 690, 773, 595, 366, 364, 69, 673, 294, 165, 811, 694, 608, 333, 565, 306, 737, 139, 213, 277, 476, 315, 147, 308, 233, 457, 697, 57, 746, 749, 302, 411, 800, 272, 245, 350, 750, 812, 223, 579, 388, 526, 490, 227, 280, 629, 166, 81, 150, 310, 796, 128, 712, 590, 44, 635, 346, 313, 41, 443, 297, 27, 293, 249, 512, 386, 710, 274, 70, 672, 759, 79, 339, 200, 530, 692, 152, 265, 194, 187, 7, 571, 208, 390, 268, 679, 335, 244, 142, 219, 630, 522, 685, 774, 108, 772, 684, 754, 375, 52, 127, 695, 767, 491, 524, 739, 724, 276, 705, 359, 259, 221, 709, 177, 766, 707, 618, 789, 700, 771, 510, 717, 397, 780, 682, 704, 39, 539, 775, 419, 515, 137, 422, 224, 625, 633, 589, 462, 588, 106, 278, 534, 644, 205, 474, 13, 237, 718, 121, 583, 415, 745, 56, 399, 178, 563, 417, 732, 394, 815, 787, 427, 62, 202, 699, 429, 156, 723, 816, 623, 356, 206, 63, 452, 368, 485, 212, 736, 808, 199, 806, 110, 253, 757, 68, 404, 105, 8, 761, 449, 345, 425, 365, 129, 713, 86, 779, 686, 50, 507, 107, 619, 689, 138, 556, 668, 546, 597, 109, 624, 123, 93, 241, 270, 591, 768, 495, 804, 84, 252, 455, 541, 441, 418, 611, 1, 75, 271, 769, 494, 511, 416, 225, 16, 207, 545, 324, 601, 655, 37, 435, 376, 721, 256, 367, 336, 706, 247, 519, 257, 363, 430, 547, 279, 283, 4, 612, 795, 401, 43, 528, 354, 426, 671, 284, 662, 405, 316, 173, 770, 803, 532, 201, 175, 691, 513, 33, 153, 669, 234, 575, 649, 807, 118, 572, 567, 489, 290, 654, 423, 440, 434, 172, 574, 250, 217, 656, 117, 464, 184, 503, 797, 557, 659, 537, 535, 5, 77, 406, 370, 162, 393, 351, 755, 615, 222, 66, 183, 71, 505, 239, 23, 54, 182, 433, 421, 665, 466, 696, 298, 269, 353, 617, 369, 627, 12, 810, 793, 781, 260, 413, 304, 728, 606, 21, 323, 711, 564, 639, 531, 14, 497, 155, 103, 373, 478, 470, 598, 167, 660, 82, 35, 613, 552, 101, 802, 235, 379, 599, 748, 792, 520, 228, 10, 714, 509, 275, 263, 96, 480, 203, 577, 559, 751, 334, 518, 666, 149, 681, 437, 355, 640, 447, 500, 348, 762, 776, 664, 657, 255, 30, 676, 329, 542, 799, 809, 752, 210, 549, 371, 439, 299, 72, 189, 576, 642, 322, 321, 133, 747, 361, 262, 303, 125, 516, 314, 395, 169, 569, 195, 504, 412, 2, 40, 342, 450, 742, 61, 715, 472, 734, 380, 675, 114, 285, 49, 32, 264, 6, 677, 198, 97, 292, 641, 48, 523, 229, 782, 65, 112, 42, 400, 473, 319, 463, 786, 517, 651, 631, 160, 594, 374, 637, 231, 482, 17, 471, 609, 158, 34, 753, 140, 312, 197, 581, 45, 102, 453, 273, 731, 135, 91, 180, 791, 646, 230, 104, 683, 266, 25, 396, 420, 191, 381, 446, 785, 607, 192, 765, 347, 95, 73, 554, 94, 596, 693, 338, 349, 163, 76, 650, 90, 817, 626, 98, 645, 171, 87, 341, 484, 680, 398, 621, 204, 28, 344, 232, 729, 561, 327, 326, 475, 614, 143, 407, 307, 578, 164, 544, 190, 15, 378, 648, 402, 652, 288, 628, 248, 261, 456, 801, 687, 136, 218, 328, 238, 508, 525, 553, 311, 720, 131, 85, 487, 88, 570, 758, 498, 64, 240, 220, 444, 667, 551, 566, 622, 733, 562, 602, 309, 605, 179, 620, 31, 469, 357, 157, 616, 330, 80, 674, 267, 461, 144, 726, 506, 286, 120, 722, 331, 582, 467, 291, 558, 538, 38, 448, 115, 318, 55, 111, 661, 432, 580, 636, 818, 451, 53, 392, 92, 211, 154, 527, 146, 384, 584, 813, 251, 658, 301, 632, 287, 442, 387, 168, 161, 409, 568, 481, 698, 289, 26, 186, 170, 479, 99, 740, 67, 496, 193, 18, 126, 454, 459, 181, 741, 188, 216, 360, 458, 499, 798, 477, 529, 340, 460, 185, 543, 483, 337, 603, 242, 296, 74, 36, 688, 586, 548, 573, 148, 592, 610, 465, 19, 533, 424, 536, 410, 60, 431, 320, 11, 100, 788, 604, 391, 258, 9, 332, 403, 514, 735, 643, 78, 540, 587, 83, 295, 408, 236, 493, 176, 89, 727, 59, 281, 653, 821, 701, 501, 445, 119, 22, 132, 282, 215, 725, 468, 159, 145, 47, 814, 0]
labeling = [311, 112, 201, 7, 19, 16, 0, 0, 1, 28, 12, 0, 11, 8, 167, 241, 115, 212, 279, 18, 15, 13, 22, 1, 3, 26, 4, 56, 234, 8, 17, 17, 14, 7, 4, 173, 288, 2, 1, 2, 1, 4, 19, 12, 0, 215, 8, 29, 7, 205, 101, 1, 4, 6, 4, 2, 2, 39, 0, 44, 45, 4, 89, 91, 253, 26, 10, 2, 5, 3, 9, 154, 0, 18, 21, 113, 2, 150, 23, 4, 24, 48, 9, 31, 5, 30, 100, 230, 7, 304, 229, 6, 269, 12, 6, 4, 24, 1, 24, 278, 31, 175, 15, 13, 16, 6, 4, 7, 1, 10, 1, 3, 4, 13, 12, 263, 0, 144, 1, 6, 7, 0, 2, 11, 3, 21, 25, 10, 4, 97, 2, 30, 6, 196, 2, 25, 23, 0, 4, 0, 17, 0, 65, 238, 6, 309, 271, 5, 19, 15, 9, 0, 0, 12, 36, 168, 16, 35, 10, 308, 28, 275, 20, 1, 34, 10, 47, 171, 24, 14, 38, 24, 142, 3, 0, 3, 303, 8, 0, 37, 5, 3, 6, 16, 2, 7, 1, 61, 0, 191, 32, 2, 33, 41, 2, 8, 0, 20, 2, 1, 6, 15, 4, 7, 3, 1, 15, 5, 62, 16, 189, 268, 92, 9, 5, 306, 282, 1, 22, 66, 26, 74, 7, 5, 13, 12, 2, 45, 5, 206, 32, 30, 16, 4, 6, 15, 2, 6, 247, 1, 40, 6, 24, 1, 3, 4, 3, 6, 11, 3, 12, 33, 107, 94, 0, 185, 2, 15, 298, 10, 16, 4, 15, 21, 23, 3, 19, 20, 63, 14, 10, 6, 3, 216, 7, 1, 1, 0, 7, 18, 46, 305, 38, 21, 16, 19, 12, 4, 5, 0, 0, 0, 5, 3, 0, 1, 27, 4, 14, 17, 7, 2, 2, 0, 22, 1, 35, 239, 37, 257, 49, 251, 214, 54, 199, 36, 131, 4, 9, 17, 296, 195, 194, 163, 117, 0, 7, 236, 246, 186, 259, 260, 299, 33, 180, 64, 13, 21, 225, 59, 285, 231, 202, 25, 235, 96, 53, 222, 184, 226, 40, 152, 5, 159, 128, 183, 90, 29, 11, 9, 12, 197, 6, 14, 30, 10, 6, 16, 15, 18, 151, 0, 0, 169, 211, 73, 120, 6, 27, 13, 15, 17, 4, 4, 12, 2, 5, 274, 42, 0, 1, 13, 28, 11, 0, 17, 11, 7, 232, 0, 207, 126, 22, 10, 17, 130, 1, 0, 39, 276, 8, 5, 18, 22, 2, 9, 8, 10, 110, 5, 220, 12, 7, 17, 14, 98, 129, 1, 1, 6, 123, 20, 265, 156, 141, 119, 2, 11, 2, 21, 140, 109, 273, 55, 34, 38, 22, 16, 33, 16, 23, 6, 13, 15, 280, 108, 245, 5, 7, 281, 26, 9, 2, 6, 145, 294, 158, 11, 2, 3, 11, 18, 204, 14, 86, 22, 5, 30, 170, 28, 2, 277, 1, 19, 29, 5, 27, 31, 7, 20, 44, 12, 2, 40, 13, 20, 29, 22, 8, 34, 13, 27, 26, 146, 8, 155, 33, 2, 248, 20, 5, 114, 57, 133, 300, 81, 198, 31, 181, 122, 176, 20, 68, 11, 8, 249, 43, 270, 127, 284, 60, 166, 19, 295, 85, 148, 37, 149, 262, 79, 301, 13, 187, 286, 36, 116, 104, 124, 290, 190, 0, 254, 0, 250, 223, 7, 102, 12, 5, 179, 0, 6, 0, 88, 165, 34, 255, 138, 4, 200, 252, 2, 137, 291, 143, 134, 192, 178, 240, 41, 266, 22, 261, 11, 272, 0, 289, 302, 84, 83, 52, 18, 292, 1, 210, 29, 224, 105, 16, 13, 14, 118, 5, 287, 297, 258, 162, 221, 32, 213, 293, 111, 18, 174, 237, 153, 30, 11, 76, 12, 29, 233, 256, 14, 17, 82, 228, 160, 244, 11, 67, 209, 37, 15, 10, 11, 16, 20, 24, 17, 10, 27, 193, 14, 10, 8, 218, 8, 242, 135, 227, 208, 243, 31, 139, 3, 21, 10, 6, 14, 172, 264, 9, 17, 27, 157, 25, 30, 103, 4, 2, 23, 0, 9, 33, 29, 24, 20, 5, 7, 27, 182, 0, 219, 11, 4, 3, 35, 3, 18, 1, 8, 1, 2, 31, 9, 6, 38, 21, 13, 11, 20, 5, 0, 13, 0, 121, 1, 0, 12, 3, 164, 51, 99, 177, 203, 19, 78, 87, 21, 28, 9, 32, 6, 72, 307, 10, 12, 25, 30, 4, 21, 12, 23, 29, 25, 15, 4, 1, 10, 28, 43, 19, 0, 2, 5, 0, 5, 16, 11, 2, 15, 188, 1, 71, 1, 23, 95, 15, 58, 2, 14, 26, 8, 2, 4, 75, 70, 8, 6, 11, 77, 69, 0, 2, 80, 4, 1, 6, 14, 10, 3, 23, 9, 3, 16, 15, 11, 19, 4, 2, 217, 0, 1, 18, 125, 50, 147, 283, 28, 2, 10, 18, 132, 106, 12, 93, 136, 14, 4, 161, 3, 6, 31, 31, 14, 13, 10, 267, 28, 22, 0]
convergência = [311, 311, 311, 311, 311, 311, 311, 311, 311, 311, 311, 311, 311, 311, 311, 311, 311, 311, 311, 311, 311, 311, 311, 311, 311, 311, 311, 311, 311, 311, 311, 311, 311, 311, 311, 311, 311, 311, 311, 311, 311, 311, 311, 311, 311, 311, 311, 311, 311, 311, 311, 311, 311, 311, 311, 311, 311, 311, 311, 311, 311, 311, 311, 311, 311, 311, 311, 311, 311, 311, 311, 311, 311, 311, 311, 311, 311, 311, 311, 311, 311, 311, 311, 311, 311, 311, 311, 311, 311, 311, 311, 311, 311, 311, 311, 311, 311, 311, 311, 311, 311, 311, 311, 311, 311, 311, 311, 311, 311, 311, 311, 311, 311, 311, 311, 311, 311, 311, 311, 311, 311, 311, 311, 311]

===== FIM =====
