===== RESULTADO BRKGA L(2,1) =====
Arquivo: /Users/mateuspedrosa/Documents/TCC-II/BRKGA/data/Harwell-Boeing_cleaned/bp_1200_clean.mtx

----- Execução #1 -----
[INFO] Parou por estagnação.
Tempo de execução: 319576ms
Span (lambda): 311
best_order = [325, 593, 58, 372, 560, 703, 254, 141, 385, 24, 382, 352, 305, 777, 122, 670, 116, 778, 738, 555, 647, 389, 730, 550, 383, 783, 634, 246, 358, 764, 585, 214, 174, 377, 226, 708, 805, 113, 600, 678, 130, 134, 20, 124, 209, 663, 794, 414, 716, 428, 521, 719, 151, 51, 760, 743, 488, 438, 243, 820, 756, 638, 343, 3, 790, 502, 317, 486, 29, 702, 763, 300, 436, 819, 492, 46, 196, 784, 744, 362, 690, 773, 595, 366, 364, 69, 673, 294, 165, 811, 694, 608, 333, 565, 306, 737, 139, 213, 277, 476, 315, 147, 308, 233, 457, 697, 57, 746, 749, 302, 411, 800, 272, 245, 350, 750, 812, 223, 579, 388, 526, 490, 227, 280, 629, 166, 81, 150, 310, 796, 128, 712, 590, 44, 635, 346, 313, 41, 443, 297, 27, 293, 249, 512, 386, 710, 274, 70, 672, 759, 79, 339, 200, 530, 692, 152, 265, 194, 187, 7, 571, 208, 390, 268, 679, 335, 244, 142, 219, 630, 522, 685, 774, 108, 772, 684, 754, 375, 52, 127, 695, 767, 491, 524, 739, 724, 276, 705, 359, 259, 221, 709, 177, 766, 707, 618, 789, 700, 771, 510, 717, 397, 780, 682, 704, 39, 539, 775, 419, 515, 137, 422, 224, 625, 633, 589, 462, 588, 106, 278, 534, 644, 205, 474, 13, 237, 718, 121, 583, 415, 745, 56, 399, 178, 563, 417, 732, 394, 815, 787, 427, 62, 202, 699, 429, 156, 723, 816, 623, 356, 206, 63, 452, 368, 485, 212, 736, 808, 199, 806, 110, 253, 757, 68, 404, 105, 8, 761, 449, 345, 425, 365, 129, 713, 86, 779, 686, 50, 507, 107, 619, 689, 138, 556, 668, 546, 597, 109, 624, 123, 93, 241, 270, 591, 768, 495, 804, 84, 252, 455, 541, 441, 418, 611, 1, 75, 271, 769, 494, 511, 416, 225, 16, 207, 545, 324, 601, 655, 37, 435, 376, 721, 256, 367, 336, 706, 247, 519, 257, 363, 430, 547, 279, 283, 4, 612, 795, 401, 43, 528, 354, 426, 671, 284, 662, 405, 316, 173, 770, 803, 532, 201, 175, 691, 513, 33, 153, 669, 234, 575, 649, 807, 118, 572, 567, 489, 290, 654, 423, 440, 434, 172, 574, 250, 217, 656, 117, 464, 184, 503, 797, 557, 659, 537, 535, 5, 77, 406, 370, 162, 393, 351, 755, 615, 222, 66, 183, 71, 505, 239, 23, 54, 182, 433, 421, 665, 466, 696, 298, 269, 353, 617, 369, 627, 12, 810, 793, 781, 260, 413, 304, 728, 606, 21, 323, 711, 564, 639, 531, 14, 497, 155, 103, 373, 478, 470, 598, 167, 660, 82, 35, 613, 552, 101, 802, 235, 379, 599, 748, 792, 520, 228, 10, 714, 509, 275, 263, 96, 480, 203, 577, 559, 751, 334, 518, 666, 149, 681, 437, 355, 640, 447, 500, 348, 762, 776, 664, 657, 255, 30, 676, 329, 542, 799, 809, 752, 210, 549, 371, 439, 299, 72, 189, 576, 642, 322, 321, 133, 747, 361, 262, 303, 125, 516, 314, 395, 169, 569, 195, 504, 412, 2, 40, 342, 450, 742, 61, 715, 472, 734, 380, 675, 114, 285, 49, 32, 264, 6, 677, 198, 97, 292, 641, 48, 523, 229, 782, 65, 112, 42, 400, 473, 319, 463, 786, 517, 651, 631, 160, 594, 374, 637, 231, 482, 17, 471, 609, 158, 34, 753, 140, 312, 197, 581, 45, 102, 453, 273, 731, 135, 91, 180, 791, 646, 230, 104, 683, 266, 25, 396, 420, 191, 381, 446, 785, 607, 192, 765, 347, 95, 73, 554, 94, 596, 693, 338, 349, 163, 76, 650, 90, 817, 626, 98, 645, 171, 87, 341, 484, 680, 398, 621, 204, 28, 344, 232, 729, 561, 327, 326, 475, 614, 143, 407, 307, 578, 164, 544, 190, 15, 378, 648, 402, 652, 288, 628, 248, 261, 456, 801, 687, 136, 218, 328, 238, 508, 525, 553, 311, 720, 131, 85, 487, 88, 570, 758, 498, 64, 240, 220, 444, 667, 551, 566, 622, 733, 562, 602, 309, 605, 179, 620, 31, 469, 357, 157, 616, 330, 80, 674, 267, 461, 144, 726, 506, 286, 120, 722, 331, 582, 467, 291, 558, 538, 38, 448, 115, 318, 55, 111, 661, 432, 580, 636, 818, 451, 53, 392, 92, 211, 154, 527, 146, 384, 584, 813, 251, 658, 301, 632, 287, 442, 387, 168, 161, 409, 568, 481, 698, 289, 26, 186, 170, 479, 99, 740, 67, 496, 193, 18, 126, 454, 459, 181, 741, 188, 216, 360, 458, 499, 798, 477, 529, 340, 460, 185, 543, 483, 337, 603, 242, 296, 74, 36, 688, 586, 548, 573, 148, 592, 610, 465, 19, 533, 424, 536, 410, 60, 431, 320, 11, 100, 788, 604, 391, 258, 9, 332, 403, 514, 735, 643, 78, 540, 587, 83, 295, 408, 236, 493, 176, 89, 727, 59, 281, 653, 821, 701, 501, 445, 119, 22, 132, 282, 215, 725, 468, 159, 145, 47, 814, 0]
labeling = [311, 113, 199, 7, 11, 16, 0, 0, 1, 32, 9, 5, 17, 9, 169, 241, 116, 212, 279, 18, 16, 14, 28, 1, 4, 26, 10, 59, 234, 8, 19, 18, 5, 10, 5, 172, 289, 2, 0, 2, 11, 5, 14, 13, 1, 215, 4, 25, 5, 204, 103, 1, 6, 6, 2, 6, 11, 41, 0, 40, 4, 201, 92, 94, 252, 26, 10, 9, 7, 3, 8, 156, 2, 23, 19, 114, 2, 3, 11, 4, 261, 7, 21, 31, 13, 27, 102, 230, 3, 305, 229, 9, 270, 9, 6, 2, 24, 3, 24, 278, 29, 174, 17, 16, 22, 7, 5, 10, 2, 9, 0, 4, 7, 14, 5, 265, 0, 147, 1, 9, 3, 0, 1, 15, 2, 19, 20, 10, 6, 99, 2, 15, 16, 194, 2, 14, 15, 0, 3, 0, 1, 0, 2, 238, 3, 33, 272, 5, 40, 11, 9, 0, 0, 136, 35, 6, 17, 25, 30, 309, 28, 276, 18, 2, 22, 4, 50, 171, 24, 27, 20, 30, 145, 1, 0, 3, 304, 8, 0, 37, 3, 0, 7, 5, 12, 8, 6, 64, 19, 190, 32, 2, 31, 39, 0, 12, 0, 16, 2, 1, 5, 11, 5, 8, 1, 1, 13, 12, 66, 17, 11, 269, 95, 6, 3, 307, 282, 1, 20, 69, 36, 77, 0, 43, 11, 16, 0, 48, 6, 205, 19, 29, 16, 1, 4, 7, 14, 10, 247, 2, 37, 7, 22, 0, 1, 4, 3, 6, 12, 1, 11, 34, 109, 10, 0, 185, 12, 15, 299, 5, 12, 13, 5, 14, 23, 4, 26, 29, 67, 14, 15, 15, 3, 27, 4, 1, 4, 0, 13, 17, 49, 306, 19, 20, 21, 10, 23, 5, 0, 5, 0, 0, 4, 2, 2, 4, 25, 4, 11, 13, 3, 7, 7, 0, 22, 1, 37, 239, 39, 256, 51, 250, 214, 57, 197, 38, 133, 27, 19, 18, 297, 193, 192, 165, 118, 0, 8, 236, 246, 186, 260, 262, 300, 35, 179, 68, 15, 8, 225, 62, 285, 231, 200, 1, 235, 98, 56, 221, 183, 226, 42, 154, 6, 161, 130, 182, 93, 259, 12, 9, 11, 195, 4, 124, 31, 11, 7, 8, 13, 17, 153, 0, 2, 170, 210, 76, 121, 3, 18, 10, 11, 12, 5, 5, 24, 3, 6, 275, 45, 3, 0, 10, 20, 16, 0, 7, 16, 8, 232, 0, 206, 128, 19, 6, 15, 132, 1, 6, 30, 33, 4, 8, 23, 22, 4, 1, 7, 6, 111, 3, 218, 12, 8, 16, 13, 100, 131, 1, 0, 1, 125, 21, 266, 158, 144, 120, 6, 11, 2, 6, 143, 110, 274, 58, 24, 38, 219, 26, 29, 14, 12, 11, 3, 8, 280, 5, 245, 6, 11, 281, 286, 6, 1, 18, 148, 295, 160, 9, 7, 31, 14, 15, 203, 13, 89, 8, 7, 32, 22, 25, 13, 277, 2, 6, 20, 9, 28, 18, 3, 17, 47, 8, 2, 37, 19, 18, 34, 16, 23, 38, 22, 29, 26, 149, 9, 157, 29, 9, 248, 27, 6, 115, 60, 135, 301, 84, 196, 28, 180, 123, 175, 21, 71, 14, 12, 29, 46, 271, 129, 284, 63, 168, 17, 296, 88, 151, 42, 152, 264, 82, 302, 7, 187, 287, 35, 117, 106, 126, 291, 189, 0, 253, 6, 249, 222, 8, 104, 18, 3, 178, 0, 13, 1, 91, 167, 36, 254, 141, 19, 198, 251, 65, 140, 292, 146, 137, 191, 177, 240, 44, 267, 28, 263, 0, 273, 0, 290, 303, 87, 86, 54, 1, 293, 1, 209, 30, 223, 107, 23, 17, 15, 119, 0, 288, 298, 257, 164, 220, 34, 213, 294, 112, 16, 173, 237, 155, 12, 12, 79, 10, 258, 233, 255, 12, 15, 85, 228, 162, 244, 9, 70, 208, 33, 8, 11, 55, 16, 211, 25, 19, 18, 24, 20, 23, 7, 6, 217, 9, 242, 138, 227, 207, 243, 31, 142, 13, 20, 184, 14, 4, 4, 33, 13, 18, 21, 159, 17, 36, 105, 2, 2, 20, 0, 10, 31, 25, 19, 21, 6, 3, 29, 181, 0, 4, 11, 5, 3, 34, 3, 16, 1, 9, 11, 224, 33, 7, 7, 40, 26, 10, 7, 21, 5, 0, 7, 0, 122, 7, 0, 12, 4, 166, 53, 101, 176, 202, 20, 81, 90, 22, 23, 5, 28, 1, 75, 308, 24, 34, 23, 30, 5, 8, 9, 17, 21, 43, 12, 2, 1, 11, 26, 42, 9, 0, 2, 5, 5, 3, 6, 10, 1, 19, 188, 3, 74, 18, 24, 97, 17, 61, 2, 13, 18, 8, 2, 12, 78, 73, 9, 10, 11, 80, 72, 0, 2, 83, 20, 1, 7, 11, 10, 1, 17, 10, 2, 15, 12, 0, 17, 3, 2, 216, 5, 1, 19, 127, 52, 150, 283, 25, 0, 18, 8, 134, 108, 13, 96, 139, 12, 5, 163, 32, 6, 22, 32, 14, 5, 13, 268, 29, 23, 1]
convergência = [311, 311, 311, 311, 311, 311, 311, 311, 311, 311, 311, 311, 311, 311, 311, 311, 311, 311, 311, 311, 311, 311, 311, 311, 311, 311, 311, 311, 311, 311, 311, 311, 311, 311, 311, 311, 311, 311, 311, 311, 311, 311, 311, 311, 311, 311, 311, 311, 311, 311, 311, 311, 311, 311, 311, 311, 311, 311, 311, 311, 311, 311, 311, 311, 311, 311, 311, 311, 311, 311, 311, 311, 311, 311, 311, 311, 311, 311, 311, 311, 311, 311, 311, 311, 311, 311, 311, 311, 311, 311, 311, 311, 311, 311, 311, 311, 311, 311, 311, 311, 311, 311, 311, 311, 311, 311, 311, 311, 311, 311, 311, 311, 311, 311, 311, 311, 311, 311, 311, 311, 311, 311, 311, 311]

===== FIM =====
