===== RESULTADO BRKGA L(2,1) =====
Arquivo: /Users/mateuspedrosa/Documents/TCC-II/BRKGA/data/Harwell-Boeing_cleaned/bp_1000_clean.mtx

----- Execução #1 -----
[INFO] Parou por estagnação.
Tempo de execução: 409044ms
Span (lambda): 308
best_order = [325, 593, 58, 372, 560, 703, 254, 141, 385, 24, 382, 352, 305, 777, 122, 670, 116, 778, 738, 555, 647, 389, 730, 550, 383, 783, 634, 246, 358, 764, 585, 214, 174, 377, 226, 708, 805, 113, 600, 678, 130, 134, 20, 124, 209, 663, 794, 414, 716, 428, 521, 719, 151, 51, 760, 743, 488, 438, 243, 820, 756, 638, 343, 3, 790, 502, 317, 486, 29, 702, 763, 300, 436, 819, 492, 46, 196, 784, 744, 362, 690, 773, 595, 366, 364, 69, 673, 294, 165, 811, 694, 608, 333, 565, 306, 737, 139, 213, 277, 476, 315, 147, 308, 233, 457, 697, 57, 746, 749, 302, 411, 800, 272, 245, 350, 750, 812, 223, 579, 388, 526, 490, 227, 280, 629, 166, 81, 150, 310, 796, 128, 712, 590, 44, 635, 346, 313, 41, 443, 297, 27, 293, 249, 512, 386, 710, 274, 70, 672, 759, 79, 339, 200, 530, 692, 152, 265, 194, 187, 7, 571, 208, 390, 268, 679, 335, 244, 142, 219, 630, 522, 685, 774, 108, 772, 684, 754, 375, 52, 127, 695, 767, 491, 524, 739, 724, 276, 705, 359, 259, 221, 709, 177, 766, 707, 618, 789, 700, 771, 510, 717, 397, 780, 682, 704, 39, 539, 775, 419, 515, 137, 422, 224, 625, 633, 589, 462, 588, 106, 278, 534, 644, 205, 474, 13, 237, 718, 121, 583, 415, 745, 56, 399, 178, 563, 417, 732, 394, 815, 787, 427, 62, 202, 699, 429, 156, 723, 816, 623, 356, 206, 63, 452, 368, 485, 212, 736, 808, 199, 806, 110, 253, 757, 68, 404, 105, 8, 761, 449, 345, 425, 365, 129, 713, 86, 779, 686, 50, 507, 107, 619, 689, 138, 556, 668, 546, 597, 109, 624, 123, 93, 241, 270, 591, 768, 495, 804, 84, 252, 455, 541, 441, 418, 611, 1, 75, 271, 769, 494, 511, 416, 225, 16, 207, 545, 324, 601, 655, 37, 435, 376, 721, 256, 367, 336, 706, 247, 519, 257, 363, 430, 547, 279, 283, 4, 612, 795, 401, 43, 528, 354, 426, 671, 284, 662, 405, 316, 173, 770, 803, 532, 201, 175, 691, 513, 33, 153, 669, 234, 575, 649, 807, 118, 572, 567, 489, 290, 654, 423, 440, 434, 172, 574, 250, 217, 656, 117, 464, 184, 503, 797, 557, 659, 537, 535, 5, 77, 406, 370, 162, 393, 351, 755, 615, 222, 66, 183, 71, 505, 239, 23, 54, 182, 433, 421, 665, 466, 696, 298, 269, 353, 617, 369, 627, 12, 810, 793, 781, 260, 413, 304, 728, 606, 21, 323, 711, 564, 639, 531, 14, 497, 155, 103, 373, 478, 470, 598, 167, 660, 82, 35, 613, 552, 101, 802, 235, 379, 599, 748, 792, 520, 228, 10, 714, 509, 275, 263, 96, 480, 203, 577, 559, 751, 334, 518, 666, 149, 681, 437, 355, 640, 447, 500, 348, 762, 776, 664, 657, 255, 30, 676, 329, 542, 799, 809, 752, 210, 549, 371, 439, 299, 72, 189, 576, 642, 322, 321, 133, 747, 361, 262, 303, 125, 516, 314, 395, 169, 569, 195, 504, 412, 2, 40, 342, 450, 742, 61, 715, 472, 734, 380, 675, 114, 285, 49, 32, 264, 6, 677, 198, 97, 292, 641, 48, 523, 229, 782, 65, 112, 42, 400, 473, 319, 463, 786, 517, 651, 631, 160, 594, 374, 637, 231, 482, 17, 471, 609, 158, 34, 753, 140, 312, 197, 581, 45, 102, 453, 273, 731, 135, 91, 180, 791, 646, 230, 104, 683, 266, 25, 396, 420, 191, 381, 446, 785, 607, 192, 765, 347, 95, 73, 554, 94, 596, 693, 338, 349, 163, 76, 650, 90, 817, 626, 98, 645, 171, 87, 341, 484, 680, 398, 621, 204, 28, 344, 232, 729, 561, 327, 326, 475, 614, 143, 407, 307, 578, 164, 544, 190, 15, 378, 648, 402, 652, 288, 628, 248, 261, 456, 801, 687, 136, 218, 328, 238, 508, 525, 553, 311, 720, 131, 85, 487, 88, 570, 758, 498, 64, 240, 220, 444, 667, 551, 566, 622, 733, 562, 602, 309, 605, 179, 620, 31, 469, 357, 157, 616, 330, 80, 674, 267, 461, 144, 726, 506, 286, 120, 722, 331, 582, 467, 291, 558, 538, 38, 448, 115, 318, 55, 111, 661, 432, 580, 636, 818, 451, 53, 392, 92, 211, 154, 527, 146, 384, 584, 813, 251, 658, 301, 632, 287, 442, 387, 168, 161, 409, 568, 481, 698, 289, 26, 186, 170, 479, 99, 740, 67, 496, 193, 18, 126, 454, 459, 181, 741, 188, 216, 360, 458, 499, 798, 477, 529, 340, 460, 185, 543, 483, 337, 603, 242, 296, 74, 36, 688, 586, 548, 573, 148, 592, 610, 465, 19, 533, 424, 536, 410, 60, 431, 320, 11, 100, 788, 604, 391, 258, 9, 332, 403, 514, 735, 643, 78, 540, 587, 83, 295, 408, 236, 493, 176, 89, 727, 59, 281, 653, 821, 701, 501, 445, 119, 22, 132, 282, 215, 725, 468, 159, 145, 47, 814, 0]
labeling = [308, 111, 5, 7, 2, 7, 0, 0, 0, 28, 12, 1, 17, 88, 166, 237, 114, 207, 276, 19, 17, 1, 5, 1, 4, 28, 17, 58, 230, 8, 16, 18, 9, 4, 6, 25, 286, 6, 0, 2, 11, 1, 16, 13, 1, 211, 3, 26, 20, 197, 2, 2, 4, 3, 5, 0, 11, 41, 0, 36, 14, 2, 92, 15, 247, 27, 10, 9, 1, 8, 9, 2, 4, 23, 19, 112, 2, 2, 22, 4, 256, 8, 14, 19, 0, 19, 0, 226, 7, 301, 225, 10, 267, 7, 7, 4, 8, 3, 18, 275, 31, 169, 25, 14, 17, 10, 4, 12, 2, 6, 7, 9, 6, 15, 10, 261, 0, 144, 1, 11, 3, 0, 1, 15, 2, 8, 9, 10, 7, 98, 1, 4, 14, 189, 1, 20, 11, 1, 3, 0, 32, 0, 8, 234, 3, 7, 2, 5, 41, 8, 9, 1, 0, 19, 22, 7, 14, 34, 1, 306, 30, 272, 24, 2, 20, 3, 50, 23, 28, 26, 12, 8, 142, 0, 0, 3, 300, 4, 1, 38, 6, 2, 6, 7, 15, 13, 1, 63, 14, 5, 31, 6, 33, 40, 0, 2, 0, 5, 0, 1, 6, 11, 0, 3, 3, 3, 11, 12, 65, 18, 7, 266, 94, 5, 2, 304, 279, 1, 20, 68, 28, 1, 7, 43, 12, 2, 0, 48, 14, 199, 21, 31, 15, 5, 7, 170, 15, 10, 242, 3, 35, 3, 23, 2, 1, 4, 3, 8, 33, 12, 21, 34, 107, 16, 0, 182, 12, 19, 295, 11, 17, 16, 6, 3, 22, 4, 22, 29, 66, 18, 11, 16, 4, 29, 11, 1, 1, 0, 13, 16, 49, 302, 37, 20, 17, 18, 26, 3, 1, 0, 0, 2, 5, 2, 0, 0, 32, 57, 11, 4, 3, 6, 9, 2, 12, 1, 37, 235, 39, 251, 0, 245, 210, 56, 192, 38, 131, 28, 262, 17, 293, 188, 187, 162, 116, 0, 3, 232, 241, 183, 255, 257, 296, 35, 176, 67, 15, 24, 221, 61, 282, 227, 194, 5, 231, 97, 55, 217, 180, 222, 42, 153, 6, 157, 128, 179, 93, 254, 12, 9, 14, 190, 5, 122, 32, 8, 7, 12, 13, 17, 152, 12, 2, 12, 205, 72, 119, 4, 27, 5, 17, 13, 5, 0, 12, 3, 5, 271, 45, 3, 2, 0, 28, 10, 0, 15, 23, 8, 228, 1, 200, 126, 10, 6, 16, 130, 151, 19, 14, 19, 11, 1, 4, 23, 3, 4, 5, 11, 109, 5, 214, 5, 4, 18, 13, 99, 129, 3, 0, 1, 123, 20, 263, 16, 141, 118, 0, 8, 1, 1, 140, 108, 270, 7, 29, 24, 215, 27, 30, 17, 22, 13, 12, 11, 277, 13, 31, 1, 33, 278, 283, 5, 1, 15, 145, 7, 13, 8, 5, 33, 14, 22, 196, 13, 11, 10, 6, 34, 16, 23, 7, 274, 9, 30, 18, 0, 29, 32, 3, 15, 47, 9, 7, 27, 19, 6, 34, 26, 20, 39, 21, 36, 27, 146, 9, 155, 15, 18, 243, 173, 79, 113, 59, 133, 297, 83, 191, 201, 177, 121, 171, 22, 70, 198, 12, 36, 46, 268, 127, 281, 62, 165, 20, 292, 87, 150, 12, 149, 260, 81, 298, 6, 184, 284, 31, 115, 103, 124, 288, 185, 0, 248, 5, 244, 218, 8, 101, 148, 259, 175, 0, 18, 0, 91, 164, 36, 249, 138, 273, 193, 246, 64, 137, 289, 143, 134, 186, 174, 236, 44, 264, 21, 258, 90, 269, 13, 287, 299, 86, 85, 53, 19, 290, 1, 204, 31, 219, 104, 17, 15, 16, 117, 1, 285, 294, 252, 161, 216, 34, 208, 291, 110, 19, 168, 233, 154, 5, 13, 77, 14, 253, 229, 250, 12, 105, 84, 224, 158, 240, 7, 69, 203, 37, 10, 11, 54, 16, 206, 26, 18, 6, 30, 20, 6, 9, 17, 213, 9, 238, 135, 223, 202, 239, 303, 139, 14, 21, 181, 7, 4, 167, 25, 14, 19, 23, 156, 16, 37, 102, 0, 2, 22, 7, 10, 24, 27, 23, 25, 5, 9, 30, 178, 1, 4, 11, 5, 3, 35, 4, 17, 1, 6, 4, 220, 33, 6, 3, 40, 23, 7, 13, 22, 6, 0, 9, 5, 120, 0, 0, 12, 4, 163, 52, 100, 172, 195, 21, 80, 89, 24, 25, 3, 29, 8, 75, 305, 11, 31, 25, 34, 6, 17, 12, 19, 29, 43, 13, 3, 2, 6, 28, 42, 12, 0, 5, 6, 1, 17, 18, 10, 2, 17, 0, 209, 73, 11, 25, 96, 15, 60, 3, 14, 24, 8, 1, 0, 76, 74, 13, 8, 9, 78, 71, 0, 1, 82, 17, 1, 7, 6, 10, 160, 10, 10, 2, 15, 14, 10, 22, 5, 2, 212, 0, 1, 20, 125, 51, 147, 280, 28, 3, 23, 9, 132, 106, 14, 95, 136, 15, 3, 159, 3, 6, 13, 37, 14, 13, 2, 265, 30, 23, 1]
convergência = [308, 308, 308, 308, 308, 308, 308, 308, 308, 308, 308, 308, 308, 308, 308, 308, 308, 308, 308, 308, 308, 308, 308, 308, 308, 308, 308, 308, 308, 308, 308, 308, 308, 308, 308, 308, 308, 308, 308, 308, 308, 308, 308, 308, 308, 308, 308, 308, 308, 308, 308, 308, 308, 308, 308, 308, 308, 308, 308, 308, 308, 308, 308, 308, 308, 308, 308, 308, 308, 308, 308, 308, 308, 308, 308, 308, 308, 308, 308, 308, 308, 308, 308, 308, 308, 308, 308, 308, 308, 308, 308, 308, 308, 308, 308, 308, 308, 308, 308, 308, 308, 308, 308, 308, 308, 308, 308, 308, 308, 308, 308, 308, 308, 308, 308, 308, 308, 308, 308, 308, 308, 308, 308, 308]

===== FIM =====
