===== RESULTADO BRKGA L(2,1) =====
Arquivo: /Users/mateuspedrosa/Documents/TCC-II/BRKGA/data/Harwell-Boeing_cleaned/bp_1600_clean.mtx

----- Execução #1 -----
[INFO] Parou por estagnação.
Tempo de execução: 326256ms
Span (lambda): 304
best_order = [325, 593, 58, 372, 560, 703, 254, 141, 385, 24, 382, 352, 305, 777, 122, 670, 116, 778, 738, 555, 647, 389, 730, 550, 383, 783, 634, 246, 358, 764, 585, 214, 174, 377, 226, 708, 805, 113, 600, 678, 130, 134, 20, 124, 209, 663, 794, 414, 716, 428, 521, 719, 151, 51, 760, 743, 488, 438, 243, 820, 756, 638, 343, 3, 790, 502, 317, 486, 29, 702, 763, 300, 436, 819, 492, 46, 196, 784, 744, 362, 690, 773, 595, 366, 364, 69, 673, 294, 165, 811, 694, 608, 333, 565, 306, 737, 139, 213, 277, 476, 315, 147, 308, 233, 457, 697, 57, 746, 749, 302, 411, 800, 272, 245, 350, 750, 812, 223, 579, 388, 526, 490, 227, 280, 629, 166, 81, 150, 310, 796, 128, 712, 590, 44, 635, 346, 313, 41, 443, 297, 27, 293, 249, 512, 386, 710, 274, 70, 672, 759, 79, 339, 200, 530, 692, 152, 265, 194, 187, 7, 571, 208, 390, 268, 679, 335, 244, 142, 219, 630, 522, 685, 774, 108, 772, 684, 754, 375, 52, 127, 695, 767, 491, 524, 739, 724, 276, 705, 359, 259, 221, 709, 177, 766, 707, 618, 789, 700, 771, 510, 717, 397, 780, 682, 704, 39, 539, 775, 419, 515, 137, 422, 224, 625, 633, 589, 462, 588, 106, 278, 534, 644, 205, 474, 13, 237, 718, 121, 583, 415, 745, 56, 399, 178, 563, 417, 732, 394, 815, 787, 427, 62, 202, 699, 429, 156, 723, 816, 623, 356, 206, 63, 452, 368, 485, 212, 736, 808, 199, 806, 110, 253, 757, 68, 404, 105, 8, 761, 449, 345, 425, 365, 129, 713, 86, 779, 686, 50, 507, 107, 619, 689, 138, 556, 668, 546, 597, 109, 624, 123, 93, 241, 270, 591, 768, 495, 804, 84, 252, 455, 541, 441, 418, 611, 1, 75, 271, 769, 494, 511, 416, 225, 16, 207, 545, 324, 601, 655, 37, 435, 376, 721, 256, 367, 336, 706, 247, 519, 257, 363, 430, 547, 279, 283, 4, 612, 795, 401, 43, 528, 354, 426, 671, 284, 662, 405, 316, 173, 770, 803, 532, 201, 175, 691, 513, 33, 153, 669, 234, 575, 649, 807, 118, 572, 567, 489, 290, 654, 423, 440, 434, 172, 574, 250, 217, 656, 117, 464, 184, 503, 797, 557, 659, 537, 535, 5, 77, 406, 370, 162, 393, 351, 755, 615, 222, 66, 183, 71, 505, 239, 23, 54, 182, 433, 421, 665, 466, 696, 298, 269, 353, 617, 369, 627, 12, 810, 793, 781, 260, 413, 304, 728, 606, 21, 323, 711, 564, 639, 531, 14, 497, 155, 103, 373, 478, 470, 598, 167, 660, 82, 35, 613, 552, 101, 802, 235, 379, 599, 748, 792, 520, 228, 10, 714, 509, 275, 263, 96, 480, 203, 577, 559, 751, 334, 518, 666, 149, 681, 437, 355, 640, 447, 500, 348, 762, 776, 664, 657, 255, 30, 676, 329, 542, 799, 809, 752, 210, 549, 371, 439, 299, 72, 189, 576, 642, 322, 321, 133, 747, 361, 262, 303, 125, 516, 314, 395, 169, 569, 195, 504, 412, 2, 40, 342, 450, 742, 61, 715, 472, 734, 380, 675, 114, 285, 49, 32, 264, 6, 677, 198, 97, 292, 641, 48, 523, 229, 782, 65, 112, 42, 400, 473, 319, 463, 786, 517, 651, 631, 160, 594, 374, 637, 231, 482, 17, 471, 609, 158, 34, 753, 140, 312, 197, 581, 45, 102, 453, 273, 731, 135, 91, 180, 791, 646, 230, 104, 683, 266, 25, 396, 420, 191, 381, 446, 785, 607, 192, 765, 347, 95, 73, 554, 94, 596, 693, 338, 349, 163, 76, 650, 90, 817, 626, 98, 645, 171, 87, 341, 484, 680, 398, 621, 204, 28, 344, 232, 729, 561, 327, 326, 475, 614, 143, 407, 307, 578, 164, 544, 190, 15, 378, 648, 402, 652, 288, 628, 248, 261, 456, 801, 687, 136, 218, 328, 238, 508, 525, 553, 311, 720, 131, 85, 487, 88, 570, 758, 498, 64, 240, 220, 444, 667, 551, 566, 622, 733, 562, 602, 309, 605, 179, 620, 31, 469, 357, 157, 616, 330, 80, 674, 267, 461, 144, 726, 506, 286, 120, 722, 331, 582, 467, 291, 558, 538, 38, 448, 115, 318, 55, 111, 661, 432, 580, 636, 818, 451, 53, 392, 92, 211, 154, 527, 146, 384, 584, 813, 251, 658, 301, 632, 287, 442, 387, 168, 161, 409, 568, 481, 698, 289, 26, 186, 170, 479, 99, 740, 67, 496, 193, 18, 126, 454, 459, 181, 741, 188, 216, 360, 458, 499, 798, 477, 529, 340, 460, 185, 543, 483, 337, 603, 242, 296, 74, 36, 688, 586, 548, 573, 148, 592, 610, 465, 19, 533, 424, 536, 410, 60, 431, 320, 11, 100, 788, 604, 391, 258, 9, 332, 403, 514, 735, 643, 78, 540, 587, 83, 295, 408, 236, 493, 176, 89, 727, 59, 281, 653, 821, 701, 501, 445, 119, 22, 132, 282, 215, 725, 468, 159, 145, 47, 814, 0]
labeling = [304, 110, 199, 9, 122, 11, 2, 0, 1, 43, 9, 0, 13, 7, 163, 237, 113, 210, 274, 37, 15, 8, 22, 0, 3, 29, 8, 56, 230, 8, 23, 19, 4, 11, 5, 169, 282, 2, 0, 2, 1, 4, 18, 23, 0, 213, 7, 302, 9, 203, 99, 1, 1, 4, 4, 13, 2, 40, 0, 45, 42, 4, 88, 90, 247, 26, 11, 6, 5, 3, 8, 150, 0, 24, 17, 111, 8, 146, 25, 7, 254, 49, 19, 31, 10, 20, 98, 226, 11, 25, 225, 13, 264, 16, 8, 4, 21, 1, 33, 273, 33, 171, 16, 14, 22, 4, 9, 6, 1, 10, 4, 3, 6, 1, 11, 258, 0, 140, 2, 7, 9, 5, 2, 17, 0, 7, 18, 11, 6, 15, 2, 24, 22, 193, 2, 32, 15, 0, 2, 0, 9, 0, 65, 234, 1, 37, 266, 5, 26, 15, 7, 21, 6, 21, 34, 164, 11, 35, 1, 301, 28, 270, 24, 17, 27, 1, 48, 167, 14, 2, 32, 21, 138, 3, 0, 0, 297, 12, 0, 36, 5, 3, 6, 17, 2, 8, 1, 61, 0, 188, 25, 2, 31, 38, 0, 11, 0, 25, 2, 0, 7, 16, 4, 7, 1, 1, 15, 14, 62, 16, 186, 263, 91, 10, 5, 299, 277, 1, 20, 66, 35, 74, 6, 6, 4, 14, 2, 46, 6, 204, 30, 22, 5, 2, 11, 13, 2, 8, 243, 1, 34, 7, 26, 1, 3, 4, 3, 15, 11, 0, 17, 15, 105, 93, 0, 182, 18, 19, 292, 4, 17, 15, 5, 14, 23, 3, 23, 26, 63, 18, 16, 6, 3, 214, 7, 1, 1, 0, 13, 20, 47, 298, 39, 18, 11, 10, 17, 4, 0, 0, 0, 1, 5, 3, 0, 1, 29, 9, 12, 14, 7, 3, 2, 0, 22, 1, 36, 235, 38, 251, 50, 245, 212, 55, 197, 37, 3, 4, 21, 6, 290, 192, 191, 159, 115, 0, 5, 232, 242, 183, 253, 255, 293, 34, 175, 64, 16, 35, 221, 59, 280, 227, 200, 25, 231, 95, 54, 219, 180, 222, 41, 148, 5, 155, 126, 179, 89, 30, 12, 7, 13, 195, 4, 12, 30, 13, 9, 16, 15, 8, 147, 0, 0, 165, 209, 73, 12, 6, 29, 0, 18, 13, 4, 4, 32, 2, 5, 269, 43, 0, 1, 15, 24, 17, 0, 14, 22, 8, 228, 10, 205, 124, 10, 19, 16, 128, 1, 0, 40, 271, 5, 2, 21, 13, 7, 86, 8, 9, 108, 4, 217, 13, 3, 14, 12, 97, 127, 1, 1, 2, 120, 5, 260, 152, 137, 117, 2, 178, 2, 22, 136, 107, 268, 12, 36, 30, 218, 10, 31, 17, 21, 22, 12, 13, 275, 106, 241, 2, 0, 276, 23, 15, 6, 26, 141, 288, 154, 8, 3, 28, 23, 16, 202, 7, 85, 5, 10, 35, 166, 23, 2, 272, 1, 6, 28, 10, 27, 16, 6, 9, 45, 7, 5, 39, 21, 20, 35, 15, 31, 33, 27, 33, 26, 142, 14, 151, 32, 14, 244, 26, 6, 112, 57, 130, 294, 11, 196, 29, 176, 119, 172, 20, 68, 15, 13, 18, 44, 265, 125, 279, 60, 162, 12, 289, 84, 144, 37, 145, 257, 79, 295, 1, 184, 31, 30, 114, 102, 121, 284, 187, 9, 248, 8, 20, 220, 7, 100, 17, 3, 22, 0, 17, 0, 87, 161, 35, 249, 134, 13, 198, 246, 2, 133, 285, 139, 15, 189, 174, 236, 42, 261, 27, 256, 4, 267, 0, 283, 296, 83, 82, 53, 18, 286, 1, 208, 29, 27, 103, 19, 12, 14, 116, 6, 281, 291, 252, 158, 12, 33, 211, 287, 109, 19, 170, 233, 149, 30, 9, 76, 12, 28, 229, 250, 14, 16, 81, 224, 156, 240, 10, 67, 207, 38, 5, 11, 4, 22, 19, 24, 20, 9, 23, 190, 10, 8, 11, 216, 8, 238, 131, 223, 206, 239, 31, 135, 11, 17, 25, 17, 2, 168, 259, 7, 17, 19, 153, 20, 34, 101, 4, 2, 22, 0, 11, 16, 27, 23, 28, 5, 10, 30, 177, 0, 7, 9, 4, 3, 29, 24, 18, 1, 4, 1, 4, 32, 8, 2, 39, 21, 14, 9, 23, 5, 0, 12, 0, 118, 1, 0, 6, 3, 160, 52, 96, 173, 201, 19, 78, 8, 0, 28, 11, 34, 13, 72, 300, 24, 37, 25, 28, 4, 25, 14, 27, 22, 44, 13, 4, 1, 10, 30, 41, 8, 0, 2, 5, 0, 194, 15, 11, 2, 10, 185, 1, 71, 1, 23, 94, 21, 58, 2, 15, 14, 3, 2, 4, 75, 70, 11, 5, 11, 77, 69, 0, 2, 80, 181, 1, 6, 15, 9, 19, 24, 10, 3, 16, 17, 8, 16, 4, 2, 215, 0, 1, 18, 123, 51, 143, 278, 24, 4, 9, 6, 129, 104, 13, 92, 132, 12, 4, 157, 31, 6, 24, 33, 13, 12, 13, 262, 28, 22, 0]
convergência = [304, 304, 304, 304, 304, 304, 304, 304, 304, 304, 304, 304, 304, 304, 304, 304, 304, 304, 304, 304, 304, 304, 304, 304, 304, 304, 304, 304, 304, 304, 304, 304, 304, 304, 304, 304, 304, 304, 304, 304, 304, 304, 304, 304, 304, 304, 304, 304, 304, 304, 304, 304, 304, 304, 304, 304, 304, 304, 304, 304, 304, 304, 304, 304, 304, 304, 304, 304, 304, 304, 304, 304, 304, 304, 304, 304, 304, 304, 304, 304, 304, 304, 304, 304, 304, 304, 304, 304, 304, 304, 304, 304, 304, 304, 304, 304, 304, 304, 304, 304, 304, 304, 304, 304, 304, 304, 304, 304, 304, 304, 304, 304, 304, 304, 304, 304, 304, 304, 304, 304, 304, 304, 304, 304]

===== FIM =====
