===== RESULTADO BRKGA L(2,1) =====
Arquivo: /Users/mateuspedrosa/Documents/TCC-II/BRKGA/data/Harwell-Boeing_cleaned/bp_200_clean.mtx

----- Execução #1 -----
[INFO] Parou por estagnação.
Tempo de execução: 242461ms
Span (lambda): 283
best_order = [325, 593, 58, 372, 560, 703, 254, 141, 385, 24, 382, 352, 305, 777, 122, 670, 116, 778, 738, 555, 647, 389, 730, 550, 383, 783, 634, 246, 358, 764, 585, 214, 174, 377, 226, 708, 805, 113, 600, 678, 130, 134, 20, 124, 209, 663, 794, 414, 716, 428, 521, 719, 151, 51, 760, 743, 488, 438, 243, 820, 756, 638, 343, 3, 790, 502, 317, 486, 29, 702, 763, 300, 436, 819, 492, 46, 196, 784, 744, 362, 690, 773, 595, 366, 364, 69, 673, 294, 165, 811, 694, 608, 333, 565, 306, 737, 139, 213, 277, 476, 315, 147, 308, 233, 457, 697, 57, 746, 749, 302, 411, 800, 272, 245, 350, 750, 812, 223, 579, 388, 526, 490, 227, 280, 629, 166, 81, 150, 310, 796, 128, 712, 590, 44, 635, 346, 313, 41, 443, 297, 27, 293, 249, 512, 386, 710, 274, 70, 672, 759, 79, 339, 200, 530, 692, 152, 265, 194, 187, 7, 571, 208, 390, 268, 679, 335, 244, 142, 219, 630, 522, 685, 774, 108, 772, 684, 754, 375, 52, 127, 695, 767, 491, 524, 739, 724, 276, 705, 359, 259, 221, 709, 177, 766, 707, 618, 789, 700, 771, 510, 717, 397, 780, 682, 704, 39, 539, 775, 419, 515, 137, 422, 224, 625, 633, 589, 462, 588, 106, 278, 534, 644, 205, 474, 13, 237, 718, 121, 583, 415, 745, 56, 399, 178, 563, 417, 732, 394, 815, 787, 427, 62, 202, 699, 429, 156, 723, 816, 623, 356, 206, 63, 452, 368, 485, 212, 736, 808, 199, 806, 110, 253, 757, 68, 404, 105, 8, 761, 449, 345, 425, 365, 129, 713, 86, 779, 686, 50, 507, 107, 619, 689, 138, 556, 668, 546, 597, 109, 624, 123, 93, 241, 270, 591, 768, 495, 804, 84, 252, 455, 541, 441, 418, 611, 1, 75, 271, 769, 494, 511, 416, 225, 16, 207, 545, 324, 601, 655, 37, 435, 376, 721, 256, 367, 336, 706, 247, 519, 257, 363, 430, 547, 279, 283, 4, 612, 795, 401, 43, 528, 354, 426, 671, 284, 662, 405, 316, 173, 770, 803, 532, 201, 175, 691, 513, 33, 153, 669, 234, 575, 649, 807, 118, 572, 567, 489, 290, 654, 423, 440, 434, 172, 574, 250, 217, 656, 117, 464, 184, 503, 797, 557, 659, 537, 535, 5, 77, 406, 370, 162, 393, 351, 755, 615, 222, 66, 183, 71, 505, 239, 23, 54, 182, 433, 421, 665, 466, 696, 298, 269, 353, 617, 369, 627, 12, 810, 793, 781, 260, 413, 304, 728, 606, 21, 323, 711, 564, 639, 531, 14, 497, 155, 103, 373, 478, 470, 598, 167, 660, 82, 35, 613, 552, 101, 802, 235, 379, 599, 748, 792, 520, 228, 10, 714, 509, 275, 263, 96, 480, 203, 577, 559, 751, 334, 518, 666, 149, 681, 437, 355, 640, 447, 500, 348, 762, 776, 664, 657, 255, 30, 676, 329, 542, 799, 809, 752, 210, 549, 371, 439, 299, 72, 189, 576, 642, 322, 321, 133, 747, 361, 262, 303, 125, 516, 314, 395, 169, 569, 195, 504, 412, 2, 40, 342, 450, 742, 61, 715, 472, 734, 380, 675, 114, 285, 49, 32, 264, 6, 677, 198, 97, 292, 641, 48, 523, 229, 782, 65, 112, 42, 400, 473, 319, 463, 786, 517, 651, 631, 160, 594, 374, 637, 231, 482, 17, 471, 609, 158, 34, 753, 140, 312, 197, 581, 45, 102, 453, 273, 731, 135, 91, 180, 791, 646, 230, 104, 683, 266, 25, 396, 420, 191, 381, 446, 785, 607, 192, 765, 347, 95, 73, 554, 94, 596, 693, 338, 349, 163, 76, 650, 90, 817, 626, 98, 645, 171, 87, 341, 484, 680, 398, 621, 204, 28, 344, 232, 729, 561, 327, 326, 475, 614, 143, 407, 307, 578, 164, 544, 190, 15, 378, 648, 402, 652, 288, 628, 248, 261, 456, 801, 687, 136, 218, 328, 238, 508, 525, 553, 311, 720, 131, 85, 487, 88, 570, 758, 498, 64, 240, 220, 444, 667, 551, 566, 622, 733, 562, 602, 309, 605, 179, 620, 31, 469, 357, 157, 616, 330, 80, 674, 267, 461, 144, 726, 506, 286, 120, 722, 331, 582, 467, 291, 558, 538, 38, 448, 115, 318, 55, 111, 661, 432, 580, 636, 818, 451, 53, 392, 92, 211, 154, 527, 146, 384, 584, 813, 251, 658, 301, 632, 287, 442, 387, 168, 161, 409, 568, 481, 698, 289, 26, 186, 170, 479, 99, 740, 67, 496, 193, 18, 126, 454, 459, 181, 741, 188, 216, 360, 458, 499, 798, 477, 529, 340, 460, 185, 543, 483, 337, 603, 242, 296, 74, 36, 688, 586, 548, 573, 148, 592, 610, 465, 19, 533, 424, 536, 410, 60, 431, 320, 11, 100, 788, 604, 391, 258, 9, 332, 403, 514, 735, 643, 78, 540, 587, 83, 295, 408, 236, 493, 176, 89, 727, 59, 281, 653, 821, 701, 501, 445, 119, 22, 132, 282, 215, 725, 468, 159, 145, 47, 814, 0]
labeling = [283, 1, 2, 25, 0, 0, 0, 0, 2, 0, 3, 16, 9, 77, 0, 217, 100, 10, 7, 267, 15, 145, 21, 0, 4, 3, 28, 50, 6, 1, 18, 27, 5, 6, 6, 1, 0, 2, 2, 2, 11, 4, 20, 14, 0, 12, 5, 30, 19, 180, 9, 0, 4, 4, 5, 12, 3, 6, 0, 278, 5, 1, 81, 83, 10, 11, 9, 12, 2, 1, 10, 0, 2, 16, 13, 12, 6, 0, 12, 1, 237, 5, 3, 11, 6, 19, 1, 1, 1, 22, 206, 22, 24, 4, 4, 3, 5, 6, 5, 11, 22, 13, 17, 6, 15, 6, 9, 7, 3, 8, 0, 15, 9, 13, 8, 12, 0, 7, 5, 13, 10, 0, 1, 17, 8, 23, 24, 12, 7, 12, 0, 9, 13, 173, 3, 194, 16, 1, 4, 2, 0, 0, 3, 0, 14, 3, 12, 2, 22, 16, 5, 0, 3, 15, 247, 6, 1, 6, 8, 25, 186, 24, 16, 14, 7, 3, 43, 2, 19, 17, 8, 1, 7, 0, 0, 0, 15, 10, 0, 14, 4, 0, 0, 3, 9, 3, 7, 1, 8, 19, 9, 5, 23, 27, 0, 2, 0, 5, 2, 0, 6, 2, 6, 5, 0, 1, 8, 13, 1, 1, 0, 246, 5, 5, 0, 0, 12, 1, 0, 11, 25, 12, 0, 7, 12, 2, 1, 0, 4, 4, 20, 18, 8, 1, 0, 14, 4, 11, 17, 3, 20, 3, 6, 0, 2, 0, 1, 5, 22, 7, 13, 23, 11, 8, 2, 16, 3, 11, 15, 1, 8, 6, 17, 12, 21, 4, 22, 26, 6, 139, 13, 13, 8, 17, 2, 9, 1, 0, 4, 1, 0, 8, 3, 14, 15, 18, 239, 2, 0, 0, 0, 6, 5, 2, 5, 0, 16, 5, 10, 13, 1, 9, 6, 3, 11, 0, 35, 214, 37, 231, 7, 9, 191, 49, 175, 36, 116, 27, 244, 8, 271, 172, 171, 146, 102, 0, 212, 211, 221, 167, 236, 240, 273, 33, 160, 56, 105, 260, 202, 52, 258, 207, 177, 24, 209, 86, 48, 199, 163, 203, 39, 135, 6, 140, 113, 162, 82, 234, 10, 14, 11, 0, 5, 5, 10, 7, 1, 19, 15, 21, 20, 0, 0, 150, 188, 60, 104, 4, 24, 7, 3, 14, 4, 4, 249, 3, 2, 252, 41, 3, 7, 15, 26, 11, 0, 16, 4, 6, 7, 0, 182, 111, 18, 7, 8, 115, 134, 2, 18, 253, 270, 0, 14, 11, 2, 2, 5, 8, 8, 70, 197, 5, 6, 125, 10, 88, 114, 1, 1, 2, 9, 11, 23, 0, 127, 5, 0, 11, 0, 3, 126, 97, 251, 3, 23, 29, 14, 15, 13, 7, 18, 17, 3, 193, 18, 5, 22, 5, 13, 255, 19, 5, 0, 10, 2, 2, 9, 12, 9, 27, 18, 21, 179, 6, 11, 15, 3, 29, 11, 17, 16, 6, 11, 21, 20, 9, 2, 25, 1, 13, 8, 9, 1, 25, 15, 6, 24, 0, 20, 28, 19, 280, 26, 129, 5, 137, 238, 4, 222, 157, 66, 99, 51, 118, 274, 71, 174, 183, 161, 107, 155, 19, 58, 181, 62, 223, 42, 248, 112, 257, 53, 149, 5, 268, 76, 133, 269, 132, 243, 68, 276, 96, 168, 259, 216, 101, 91, 108, 263, 169, 8, 226, 4, 224, 200, 7, 90, 131, 242, 159, 1, 210, 229, 80, 148, 34, 227, 123, 254, 176, 225, 55, 122, 264, 128, 119, 170, 158, 215, 40, 245, 192, 241, 79, 250, 11, 262, 277, 75, 74, 46, 94, 265, 1, 187, 30, 201, 92, 151, 154, 14, 103, 230, 261, 272, 232, 144, 198, 32, 190, 266, 98, 109, 153, 213, 136, 235, 141, 65, 89, 233, 208, 228, 14, 93, 72, 205, 142, 220, 4, 57, 185, 26, 73, 9, 47, 15, 189, 23, 10, 11, 18, 16, 275, 6, 0, 196, 5, 218, 120, 204, 184, 219, 279, 124, 13, 5, 166, 19, 15, 152, 17, 14, 16, 165, 138, 14, 25, 13, 16, 0, 9, 1, 3, 23, 19, 17, 20, 5, 7, 18, 15, 0, 13, 10, 8, 2, 17, 23, 12, 2, 9, 54, 5, 31, 4, 15, 38, 13, 8, 5, 21, 3, 0, 9, 0, 106, 2, 2, 6, 1, 147, 45, 87, 156, 178, 18, 67, 78, 21, 22, 16, 27, 11, 63, 281, 10, 20, 14, 21, 6, 20, 12, 25, 16, 21, 8, 3, 2, 9, 23, 28, 18, 2, 3, 8, 7, 17, 15, 7, 2, 16, 11, 21, 8, 10, 22, 85, 20, 7, 2, 11, 164, 28, 0, 0, 3, 61, 0, 9, 6, 64, 59, 0, 3, 69, 9, 0, 2, 13, 9, 14, 20, 2, 3, 23, 18, 9, 27, 5, 4, 195, 7, 0, 17, 110, 44, 130, 256, 10, 3, 6, 5, 117, 95, 12, 84, 121, 6, 3, 143, 3, 4, 23, 7, 10, 12, 7, 13, 29, 20, 5]
convergência = [283, 283, 283, 283, 283, 283, 283, 283, 283, 283, 283, 283, 283, 283, 283, 283, 283, 283, 283, 283, 283, 283, 283, 283, 283, 283, 283, 283, 283, 283, 283, 283, 283, 283, 283, 283, 283, 283, 283, 283, 283, 283, 283, 283, 283, 283, 283, 283, 283, 283, 283, 283, 283, 283, 283, 283, 283, 283, 283, 283, 283, 283, 283, 283, 283, 283, 283, 283, 283, 283, 283, 283, 283, 283, 283, 283, 283, 283, 283, 283, 283, 283, 283, 283, 283, 283, 283, 283, 283, 283, 283, 283, 283, 283, 283, 283, 283, 283, 283, 283, 283, 283, 283, 283, 283, 283, 283, 283, 283, 283, 283, 283, 283, 283, 283, 283, 283, 283, 283, 283, 283, 283, 283, 283]

===== FIM =====
