===== RESULTADO BRKGA L(2,1) =====
Arquivo: /Users/mateuspedrosa/Documents/TCC-II/BRKGA/data/Harwell-Boeing_cleaned/bp_400_clean.mtx

----- Execução #1 -----
[INFO] Parou por estagnação.
Tempo de execução: 262536ms
Span (lambda): 295
best_order = [325, 593, 58, 372, 560, 703, 254, 141, 385, 24, 382, 352, 305, 777, 122, 670, 116, 778, 738, 555, 647, 389, 730, 550, 383, 783, 634, 246, 358, 764, 585, 214, 174, 377, 226, 708, 805, 113, 600, 678, 130, 134, 20, 124, 209, 663, 794, 414, 716, 428, 521, 719, 151, 51, 760, 743, 488, 438, 243, 820, 756, 638, 343, 3, 790, 502, 317, 486, 29, 702, 763, 300, 436, 819, 492, 46, 196, 784, 744, 362, 690, 773, 595, 366, 364, 69, 673, 294, 165, 811, 694, 608, 333, 565, 306, 737, 139, 213, 277, 476, 315, 147, 308, 233, 457, 697, 57, 746, 749, 302, 411, 800, 272, 245, 350, 750, 812, 223, 579, 388, 526, 490, 227, 280, 629, 166, 81, 150, 310, 796, 128, 712, 590, 44, 635, 346, 313, 41, 443, 297, 27, 293, 249, 512, 386, 710, 274, 70, 672, 759, 79, 339, 200, 530, 692, 152, 265, 194, 187, 7, 571, 208, 390, 268, 679, 335, 244, 142, 219, 630, 522, 685, 774, 108, 772, 684, 754, 375, 52, 127, 695, 767, 491, 524, 739, 724, 276, 705, 359, 259, 221, 709, 177, 766, 707, 618, 789, 700, 771, 510, 717, 397, 780, 682, 704, 39, 539, 775, 419, 515, 137, 422, 224, 625, 633, 589, 462, 588, 106, 278, 534, 644, 205, 474, 13, 237, 718, 121, 583, 415, 745, 56, 399, 178, 563, 417, 732, 394, 815, 787, 427, 62, 202, 699, 429, 156, 723, 816, 623, 356, 206, 63, 452, 368, 485, 212, 736, 808, 199, 806, 110, 253, 757, 68, 404, 105, 8, 761, 449, 345, 425, 365, 129, 713, 86, 779, 686, 50, 507, 107, 619, 689, 138, 556, 668, 546, 597, 109, 624, 123, 93, 241, 270, 591, 768, 495, 804, 84, 252, 455, 541, 441, 418, 611, 1, 75, 271, 769, 494, 511, 416, 225, 16, 207, 545, 324, 601, 655, 37, 435, 376, 721, 256, 367, 336, 706, 247, 519, 257, 363, 430, 547, 279, 283, 4, 612, 795, 401, 43, 528, 354, 426, 671, 284, 662, 405, 316, 173, 770, 803, 532, 201, 175, 691, 513, 33, 153, 669, 234, 575, 649, 807, 118, 572, 567, 489, 290, 654, 423, 440, 434, 172, 574, 250, 217, 656, 117, 464, 184, 503, 797, 557, 659, 537, 535, 5, 77, 406, 370, 162, 393, 351, 755, 615, 222, 66, 183, 71, 505, 239, 23, 54, 182, 433, 421, 665, 466, 696, 298, 269, 353, 617, 369, 627, 12, 810, 793, 781, 260, 413, 304, 728, 606, 21, 323, 711, 564, 639, 531, 14, 497, 155, 103, 373, 478, 470, 598, 167, 660, 82, 35, 613, 552, 101, 802, 235, 379, 599, 748, 792, 520, 228, 10, 714, 509, 275, 263, 96, 480, 203, 577, 559, 751, 334, 518, 666, 149, 681, 437, 355, 640, 447, 500, 348, 762, 776, 664, 657, 255, 30, 676, 329, 542, 799, 809, 752, 210, 549, 371, 439, 299, 72, 189, 576, 642, 322, 321, 133, 747, 361, 262, 303, 125, 516, 314, 395, 169, 569, 195, 504, 412, 2, 40, 342, 450, 742, 61, 715, 472, 734, 380, 675, 114, 285, 49, 32, 264, 6, 677, 198, 97, 292, 641, 48, 523, 229, 782, 65, 112, 42, 400, 473, 319, 463, 786, 517, 651, 631, 160, 594, 374, 637, 231, 482, 17, 471, 609, 158, 34, 753, 140, 312, 197, 581, 45, 102, 453, 273, 731, 135, 91, 180, 791, 646, 230, 104, 683, 266, 25, 396, 420, 191, 381, 446, 785, 607, 192, 765, 347, 95, 73, 554, 94, 596, 693, 338, 349, 163, 76, 650, 90, 817, 626, 98, 645, 171, 87, 341, 484, 680, 398, 621, 204, 28, 344, 232, 729, 561, 327, 326, 475, 614, 143, 407, 307, 578, 164, 544, 190, 15, 378, 648, 402, 652, 288, 628, 248, 261, 456, 801, 687, 136, 218, 328, 238, 508, 525, 553, 311, 720, 131, 85, 487, 88, 570, 758, 498, 64, 240, 220, 444, 667, 551, 566, 622, 733, 562, 602, 309, 605, 179, 620, 31, 469, 357, 157, 616, 330, 80, 674, 267, 461, 144, 726, 506, 286, 120, 722, 331, 582, 467, 291, 558, 538, 38, 448, 115, 318, 55, 111, 661, 432, 580, 636, 818, 451, 53, 392, 92, 211, 154, 527, 146, 384, 584, 813, 251, 658, 301, 632, 287, 442, 387, 168, 161, 409, 568, 481, 698, 289, 26, 186, 170, 479, 99, 740, 67, 496, 193, 18, 126, 454, 459, 181, 741, 188, 216, 360, 458, 499, 798, 477, 529, 340, 460, 185, 543, 483, 337, 603, 242, 296, 74, 36, 688, 586, 548, 573, 148, 592, 610, 465, 19, 533, 424, 536, 410, 60, 431, 320, 11, 100, 788, 604, 391, 258, 9, 332, 403, 514, 735, 643, 78, 540, 587, 83, 295, 408, 236, 493, 176, 89, 727, 59, 281, 653, 821, 701, 501, 445, 119, 22, 132, 282, 215, 725, 468, 159, 145, 47, 814, 0]
labeling = [295, 0, 2, 6, 0, 0, 0, 0, 2, 0, 0, 12, 6, 80, 1, 227, 102, 197, 5, 0, 15, 151, 14, 1, 4, 3, 9, 51, 2, 27, 10, 17, 7, 4, 5, 1, 0, 2, 2, 2, 5, 1, 21, 16, 0, 16, 10, 27, 20, 187, 1, 0, 4, 1, 5, 5, 3, 6, 0, 290, 7, 1, 84, 6, 8, 17, 10, 4, 1, 12, 11, 0, 6, 25, 19, 100, 213, 0, 9, 53, 249, 6, 4, 30, 13, 19, 4, 4, 6, 289, 216, 23, 27, 4, 3, 5, 5, 5, 217, 7, 24, 1, 22, 13, 14, 4, 1, 2, 0, 6, 3, 10, 7, 13, 6, 256, 0, 131, 2, 8, 11, 0, 1, 19, 7, 24, 25, 15, 14, 3, 0, 237, 9, 180, 3, 203, 14, 1, 3, 1, 199, 0, 0, 23, 15, 0, 2, 2, 29, 18, 5, 1, 4, 14, 17, 7, 12, 8, 17, 30, 193, 16, 17, 21, 6, 6, 44, 1, 26, 19, 19, 0, 129, 0, 0, 0, 288, 9, 0, 27, 4, 0, 0, 3, 13, 9, 1, 2, 6, 14, 8, 2, 24, 25, 0, 3, 0, 0, 0, 0, 5, 10, 3, 5, 5, 3, 6, 14, 57, 0, 1, 258, 86, 8, 1, 1, 267, 1, 1, 59, 23, 2, 6, 40, 10, 8, 0, 3, 2, 2, 20, 18, 9, 2, 0, 8, 6, 13, 233, 0, 15, 5, 20, 1, 3, 1, 0, 8, 17, 7, 16, 261, 12, 9, 2, 12, 7, 13, 15, 0, 12, 8, 19, 17, 23, 4, 22, 26, 7, 144, 11, 14, 9, 18, 2, 7, 3, 0, 11, 9, 1, 20, 29, 13, 14, 16, 251, 3, 0, 0, 1, 5, 2, 2, 0, 1, 15, 5, 10, 13, 5, 8, 6, 0, 12, 1, 35, 224, 37, 243, 7, 3, 200, 50, 182, 36, 117, 25, 10, 5, 281, 179, 178, 152, 104, 0, 15, 222, 232, 174, 248, 252, 283, 33, 167, 58, 106, 272, 211, 54, 270, 218, 184, 4, 220, 89, 49, 208, 170, 212, 39, 140, 5, 145, 114, 169, 85, 246, 10, 11, 8, 2, 9, 109, 12, 7, 6, 21, 17, 22, 139, 6, 0, 156, 195, 63, 105, 4, 20, 5, 6, 9, 4, 0, 13, 3, 5, 263, 42, 3, 2, 14, 25, 18, 0, 4, 2, 11, 8, 1, 189, 112, 9, 6, 9, 116, 138, 11, 29, 264, 280, 2, 11, 10, 1, 1, 4, 5, 5, 73, 206, 14, 7, 126, 18, 91, 115, 1, 1, 3, 8, 20, 15, 6, 128, 5, 0, 11, 1, 1, 127, 98, 262, 3, 16, 21, 13, 12, 11, 5, 10, 29, 13, 202, 18, 5, 22, 5, 0, 266, 4, 25, 0, 12, 132, 2, 8, 16, 23, 28, 8, 22, 186, 11, 10, 10, 3, 29, 7, 28, 18, 6, 11, 21, 20, 8, 26, 23, 1, 13, 7, 8, 3, 28, 17, 3, 29, 15, 20, 25, 19, 292, 24, 133, 6, 142, 250, 6, 234, 164, 69, 101, 52, 119, 284, 74, 181, 190, 168, 108, 162, 19, 61, 188, 65, 235, 43, 259, 113, 269, 55, 155, 16, 279, 79, 137, 20, 136, 255, 71, 286, 97, 175, 271, 226, 103, 93, 110, 275, 176, 8, 239, 4, 236, 209, 6, 92, 135, 254, 166, 0, 221, 19, 83, 154, 34, 240, 124, 265, 183, 238, 56, 123, 276, 130, 120, 177, 165, 225, 41, 257, 201, 253, 82, 260, 11, 274, 287, 78, 77, 47, 96, 277, 1, 194, 30, 210, 94, 157, 161, 14, 15, 242, 273, 282, 244, 150, 207, 32, 198, 278, 99, 12, 159, 223, 141, 247, 146, 68, 9, 245, 219, 241, 16, 95, 75, 215, 147, 230, 8, 60, 192, 27, 76, 9, 48, 5, 196, 23, 14, 18, 20, 16, 285, 8, 7, 205, 7, 228, 121, 214, 191, 229, 291, 125, 12, 10, 173, 21, 16, 158, 22, 6, 16, 172, 143, 15, 26, 13, 11, 0, 12, 0, 3, 18, 21, 19, 20, 4, 10, 17, 3, 0, 17, 7, 4, 9, 11, 29, 14, 2, 9, 1, 6, 31, 5, 5, 38, 19, 4, 8, 19, 3, 0, 10, 0, 107, 2, 2, 9, 1, 153, 46, 90, 163, 185, 18, 70, 81, 21, 24, 15, 26, 2, 66, 293, 23, 7, 15, 25, 5, 15, 12, 23, 16, 27, 11, 1, 2, 9, 20, 28, 19, 2, 3, 5, 0, 18, 17, 8, 3, 15, 13, 10, 5, 11, 22, 88, 17, 0, 2, 9, 171, 28, 1, 2, 2, 64, 0, 7, 15, 67, 62, 1, 2, 72, 14, 3, 2, 11, 10, 149, 21, 2, 4, 19, 6, 7, 25, 5, 4, 204, 0, 3, 17, 111, 45, 134, 268, 14, 3, 231, 160, 118, 1, 12, 87, 122, 2, 0, 148, 3, 5, 18, 24, 11, 10, 4, 13, 29, 20, 4]
convergência = [295, 295, 295, 295, 295, 295, 295, 295, 295, 295, 295, 295, 295, 295, 295, 295, 295, 295, 295, 295, 295, 295, 295, 295, 295, 295, 295, 295, 295, 295, 295, 295, 295, 295, 295, 295, 295, 295, 295, 295, 295, 295, 295, 295, 295, 295, 295, 295, 295, 295, 295, 295, 295, 295, 295, 295, 295, 295, 295, 295, 295, 295, 295, 295, 295, 295, 295, 295, 295, 295, 295, 295, 295, 295, 295, 295, 295, 295, 295, 295, 295, 295, 295, 295, 295, 295, 295, 295, 295, 295, 295, 295, 295, 295, 295, 295, 295, 295, 295, 295, 295, 295, 295, 295, 295, 295, 295, 295, 295, 295, 295, 295, 295, 295, 295, 295, 295, 295, 295, 295, 295, 295, 295, 295]

===== FIM =====
