===== RESULTADO BRKGA L(2,1) =====
Arquivo: /Users/mateuspedrosa/Documents/TCC-II/BRKGA/data/Harwell-Boeing_cleaned/bp_800_clean.mtx

----- Execução #1 -----
[INFO] Parou por estagnação.
Tempo de execução: 303933ms
Span (lambda): 304
best_order = [325, 593, 58, 372, 560, 703, 254, 141, 385, 24, 382, 352, 305, 777, 122, 670, 116, 778, 738, 555, 647, 389, 730, 550, 383, 783, 634, 246, 358, 764, 585, 214, 174, 377, 226, 708, 805, 113, 600, 678, 130, 134, 20, 124, 209, 663, 794, 414, 716, 428, 521, 719, 151, 51, 760, 743, 488, 438, 243, 820, 756, 638, 343, 3, 790, 502, 317, 486, 29, 702, 763, 300, 436, 819, 492, 46, 196, 784, 744, 362, 690, 773, 595, 366, 364, 69, 673, 294, 165, 811, 694, 608, 333, 565, 306, 737, 139, 213, 277, 476, 315, 147, 308, 233, 457, 697, 57, 746, 749, 302, 411, 800, 272, 245, 350, 750, 812, 223, 579, 388, 526, 490, 227, 280, 629, 166, 81, 150, 310, 796, 128, 712, 590, 44, 635, 346, 313, 41, 443, 297, 27, 293, 249, 512, 386, 710, 274, 70, 672, 759, 79, 339, 200, 530, 692, 152, 265, 194, 187, 7, 571, 208, 390, 268, 679, 335, 244, 142, 219, 630, 522, 685, 774, 108, 772, 684, 754, 375, 52, 127, 695, 767, 491, 524, 739, 724, 276, 705, 359, 259, 221, 709, 177, 766, 707, 618, 789, 700, 771, 510, 717, 397, 780, 682, 704, 39, 539, 775, 419, 515, 137, 422, 224, 625, 633, 589, 462, 588, 106, 278, 534, 644, 205, 474, 13, 237, 718, 121, 583, 415, 745, 56, 399, 178, 563, 417, 732, 394, 815, 787, 427, 62, 202, 699, 429, 156, 723, 816, 623, 356, 206, 63, 452, 368, 485, 212, 736, 808, 199, 806, 110, 253, 757, 68, 404, 105, 8, 761, 449, 345, 425, 365, 129, 713, 86, 779, 686, 50, 507, 107, 619, 689, 138, 556, 668, 546, 597, 109, 624, 123, 93, 241, 270, 591, 768, 495, 804, 84, 252, 455, 541, 441, 418, 611, 1, 75, 271, 769, 494, 511, 416, 225, 16, 207, 545, 324, 601, 655, 37, 435, 376, 721, 256, 367, 336, 706, 247, 519, 257, 363, 430, 547, 279, 283, 4, 612, 795, 401, 43, 528, 354, 426, 671, 284, 662, 405, 316, 173, 770, 803, 532, 201, 175, 691, 513, 33, 153, 669, 234, 575, 649, 807, 118, 572, 567, 489, 290, 654, 423, 440, 434, 172, 574, 250, 217, 656, 117, 464, 184, 503, 797, 557, 659, 537, 535, 5, 77, 406, 370, 162, 393, 351, 755, 615, 222, 66, 183, 71, 505, 239, 23, 54, 182, 433, 421, 665, 466, 696, 298, 269, 353, 617, 369, 627, 12, 810, 793, 781, 260, 413, 304, 728, 606, 21, 323, 711, 564, 639, 531, 14, 497, 155, 103, 373, 478, 470, 598, 167, 660, 82, 35, 613, 552, 101, 802, 235, 379, 599, 748, 792, 520, 228, 10, 714, 509, 275, 263, 96, 480, 203, 577, 559, 751, 334, 518, 666, 149, 681, 437, 355, 640, 447, 500, 348, 762, 776, 664, 657, 255, 30, 676, 329, 542, 799, 809, 752, 210, 549, 371, 439, 299, 72, 189, 576, 642, 322, 321, 133, 747, 361, 262, 303, 125, 516, 314, 395, 169, 569, 195, 504, 412, 2, 40, 342, 450, 742, 61, 715, 472, 734, 380, 675, 114, 285, 49, 32, 264, 6, 677, 198, 97, 292, 641, 48, 523, 229, 782, 65, 112, 42, 400, 473, 319, 463, 786, 517, 651, 631, 160, 594, 374, 637, 231, 482, 17, 471, 609, 158, 34, 753, 140, 312, 197, 581, 45, 102, 453, 273, 731, 135, 91, 180, 791, 646, 230, 104, 683, 266, 25, 396, 420, 191, 381, 446, 785, 607, 192, 765, 347, 95, 73, 554, 94, 596, 693, 338, 349, 163, 76, 650, 90, 817, 626, 98, 645, 171, 87, 341, 484, 680, 398, 621, 204, 28, 344, 232, 729, 561, 327, 326, 475, 614, 143, 407, 307, 578, 164, 544, 190, 15, 378, 648, 402, 652, 288, 628, 248, 261, 456, 801, 687, 136, 218, 328, 238, 508, 525, 553, 311, 720, 131, 85, 487, 88, 570, 758, 498, 64, 240, 220, 444, 667, 551, 566, 622, 733, 562, 602, 309, 605, 179, 620, 31, 469, 357, 157, 616, 330, 80, 674, 267, 461, 144, 726, 506, 286, 120, 722, 331, 582, 467, 291, 558, 538, 38, 448, 115, 318, 55, 111, 661, 432, 580, 636, 818, 451, 53, 392, 92, 211, 154, 527, 146, 384, 584, 813, 251, 658, 301, 632, 287, 442, 387, 168, 161, 409, 568, 481, 698, 289, 26, 186, 170, 479, 99, 740, 67, 496, 193, 18, 126, 454, 459, 181, 741, 188, 216, 360, 458, 499, 798, 477, 529, 340, 460, 185, 543, 483, 337, 603, 242, 296, 74, 36, 688, 586, 548, 573, 148, 592, 610, 465, 19, 533, 424, 536, 410, 60, 431, 320, 11, 100, 788, 604, 391, 258, 9, 332, 403, 514, 735, 643, 78, 540, 587, 83, 295, 408, 236, 493, 176, 89, 727, 59, 281, 653, 821, 701, 501, 445, 119, 22, 132, 282, 215, 725, 468, 159, 145, 47, 814, 0]
labeling = [304, 113, 2, 5, 2, 12, 0, 0, 0, 0, 7, 5, 18, 9, 168, 238, 116, 210, 276, 12, 18, 163, 15, 0, 3, 0, 24, 58, 230, 6, 16, 23, 18, 9, 5, 8, 285, 8, 0, 1, 2, 4, 20, 14, 2, 9, 10, 28, 17, 199, 4, 1, 6, 5, 5, 5, 8, 4, 0, 36, 9, 0, 92, 94, 248, 27, 10, 2, 4, 3, 13, 5, 3, 23, 22, 114, 2, 1, 20, 0, 258, 5, 20, 29, 13, 16, 0, 226, 5, 299, 26, 11, 24, 7, 6, 1, 22, 2, 19, 275, 34, 173, 18, 15, 21, 6, 9, 0, 4, 7, 0, 8, 0, 16, 9, 263, 0, 144, 1, 15, 7, 4, 1, 12, 9, 20, 19, 11, 10, 99, 2, 246, 4, 191, 2, 17, 11, 0, 3, 0, 213, 0, 2, 14, 4, 4, 5, 4, 41, 20, 8, 2, 5, 9, 22, 10, 6, 256, 10, 36, 25, 28, 23, 17, 17, 5, 50, 24, 31, 26, 14, 9, 142, 1, 0, 3, 298, 1, 0, 37, 14, 0, 6, 4, 13, 2, 6, 63, 10, 13, 237, 4, 30, 39, 0, 2, 0, 5, 0, 0, 5, 8, 0, 5, 1, 4, 10, 12, 65, 19, 3, 267, 95, 7, 2, 301, 278, 2, 20, 67, 36, 8, 6, 43, 12, 1, 0, 48, 4, 201, 20, 21, 7, 1, 3, 10, 3, 12, 21, 0, 32, 7, 19, 1, 2, 1, 0, 7, 14, 4, 8, 270, 108, 15, 0, 184, 12, 18, 6, 11, 12, 14, 16, 15, 24, 7, 29, 38, 6, 19, 11, 17, 3, 9, 11, 1, 3, 0, 7, 21, 49, 9, 39, 16, 19, 25, 8, 4, 1, 0, 0, 4, 1, 1, 0, 0, 33, 57, 10, 12, 4, 5, 5, 0, 11, 6, 38, 234, 40, 252, 11, 245, 214, 56, 194, 39, 131, 29, 264, 14, 292, 190, 189, 164, 118, 0, 15, 232, 242, 185, 257, 259, 294, 36, 180, 66, 13, 15, 222, 61, 281, 227, 196, 1, 231, 98, 55, 219, 183, 223, 42, 153, 5, 158, 128, 182, 93, 255, 13, 14, 10, 192, 4, 123, 33, 13, 6, 16, 15, 17, 152, 15, 0, 169, 208, 71, 120, 7, 27, 5, 6, 20, 4, 4, 12, 2, 5, 272, 45, 3, 8, 15, 24, 8, 0, 19, 15, 7, 228, 0, 203, 126, 26, 9, 16, 130, 151, 4, 38, 3, 2, 0, 7, 8, 1, 3, 5, 10, 111, 2, 217, 6, 9, 18, 22, 100, 129, 1, 1, 2, 16, 25, 265, 4, 141, 2, 0, 11, 2, 13, 140, 110, 271, 5, 23, 27, 17, 12, 21, 15, 21, 19, 13, 13, 31, 7, 20, 0, 32, 277, 282, 29, 1, 10, 145, 2, 157, 17, 1, 14, 17, 23, 198, 7, 11, 13, 5, 31, 12, 28, 7, 274, 8, 16, 25, 7, 30, 27, 6, 9, 47, 7, 2, 34, 11, 20, 32, 18, 29, 40, 26, 33, 28, 146, 6, 155, 19, 14, 243, 177, 79, 115, 59, 133, 295, 83, 193, 204, 181, 122, 174, 23, 69, 200, 75, 34, 46, 268, 127, 280, 62, 167, 20, 291, 88, 150, 26, 149, 262, 81, 296, 109, 186, 283, 236, 117, 104, 124, 287, 187, 11, 249, 8, 244, 220, 9, 102, 148, 261, 179, 0, 22, 2, 91, 166, 37, 250, 138, 273, 195, 247, 64, 137, 288, 143, 134, 188, 178, 235, 44, 266, 29, 260, 90, 269, 14, 286, 297, 87, 86, 53, 17, 289, 1, 207, 32, 221, 105, 170, 175, 17, 119, 3, 284, 293, 253, 162, 218, 35, 211, 290, 112, 17, 172, 233, 154, 26, 14, 78, 0, 254, 229, 251, 14, 106, 84, 225, 159, 241, 8, 68, 206, 24, 85, 12, 54, 18, 209, 27, 13, 11, 25, 21, 35, 6, 10, 216, 10, 239, 135, 224, 205, 240, 300, 139, 15, 21, 4, 22, 2, 171, 26, 8, 20, 13, 156, 21, 28, 103, 4, 7, 19, 3, 2, 24, 27, 23, 28, 0, 9, 31, 14, 0, 6, 12, 5, 1, 32, 2, 18, 1, 5, 10, 8, 34, 73, 12, 41, 23, 16, 8, 17, 2, 0, 10, 0, 121, 6, 0, 14, 3, 165, 52, 101, 176, 197, 22, 80, 89, 25, 28, 15, 30, 11, 76, 302, 21, 34, 22, 17, 4, 17, 8, 22, 19, 25, 14, 4, 1, 8, 31, 33, 10, 0, 2, 5, 0, 2, 15, 9, 1, 19, 13, 212, 72, 11, 26, 97, 20, 60, 4, 14, 23, 3, 1, 1, 0, 74, 10, 2, 9, 77, 70, 0, 1, 82, 13, 1, 8, 13, 10, 161, 202, 2, 3, 14, 12, 7, 13, 5, 3, 215, 4, 1, 21, 125, 51, 147, 279, 24, 1, 26, 7, 132, 107, 15, 96, 136, 5, 6, 160, 2, 4, 15, 24, 16, 5, 3, 20, 31, 24, 2]
convergência = [304, 304, 304, 304, 304, 304, 304, 304, 304, 304, 304, 304, 304, 304, 304, 304, 304, 304, 304, 304, 304, 304, 304, 304, 304, 304, 304, 304, 304, 304, 304, 304, 304, 304, 304, 304, 304, 304, 304, 304, 304, 304, 304, 304, 304, 304, 304, 304, 304, 304, 304, 304, 304, 304, 304, 304, 304, 304, 304, 304, 304, 304, 304, 304, 304, 304, 304, 304, 304, 304, 304, 304, 304, 304, 304, 304, 304, 304, 304, 304, 304, 304, 304, 304, 304, 304, 304, 304, 304, 304, 304, 304, 304, 304, 304, 304, 304, 304, 304, 304, 304, 304, 304, 304, 304, 304, 304, 304, 304, 304, 304, 304, 304, 304, 304, 304, 304, 304, 304, 304, 304, 304, 304, 304]

===== FIM =====
