===== RESULTADO BRKGA L(2,1) =====
Arquivo: /Users/mateuspedrosa/Documents/TCC-II/BRKGA/data/NR_DIMACS_cleaned/brock800-2_clean.mtx

----- Execução #1 -----
[INFO] Time limit atingido: 15 minutos. Esgotado durante a inicialização da população.
Tempo de execução: 900657ms
Span (lambda): 799
best_order = [770, 423, 588, 446, 184, 432, 797, 626, 420, 76, 463, 348, 161, 570, 145, 52, 120, 5, 123, 20, 447, 141, 68, 745, 735, 475, 799, 679, 763, 181, 262, 726, 164, 721, 508, 704, 667, 116, 197, 499, 136, 752, 32, 82, 501, 17, 440, 219, 457, 518, 417, 751, 275, 259, 486, 265, 620, 670, 170, 325, 748, 393, 584, 444, 471, 375, 737, 632, 566, 209, 51, 37, 54, 488, 302, 449, 35, 601, 99, 167, 253, 207, 627, 427, 361, 172, 359, 291, 83, 517, 206, 608, 34, 166, 729, 128, 730, 336, 772, 709, 63, 713, 58, 396, 472, 261, 723, 163, 408, 304, 510, 565, 81, 701, 331, 70, 13, 194, 599, 115, 630, 586, 642, 703, 662, 578, 330, 147, 232, 178, 543, 90, 580, 750, 690, 615, 247, 548, 554, 402, 268, 720, 459, 227, 368, 43, 766, 196, 251, 315, 693, 756, 180, 546, 249, 193, 100, 571, 399, 523, 292, 113, 314, 495, 757, 65, 605, 286, 214, 126, 243, 4, 46, 188, 135, 688, 776, 356, 124, 160, 248, 220, 254, 773, 438, 390, 715, 593, 410, 643, 360, 169, 324, 425, 49, 61, 742, 426, 739, 203, 677, 312, 538, 416, 349, 60, 507, 376, 386, 783, 792, 246, 295, 619, 622, 127, 476, 62, 710, 391, 118, 785, 561, 646, 388, 280, 73, 157, 294, 583, 712, 308, 509, 614, 204, 365, 466, 503, 550, 240, 215, 231, 640, 439, 346, 480, 213, 687, 759, 607, 464, 470, 779, 3, 91, 564, 775, 664, 317, 352, 134, 458, 290, 303, 684, 465, 525, 407, 746, 747, 467, 313, 512, 74, 329, 159, 380, 385, 250, 692, 78, 657, 179, 131, 477, 195, 755, 527, 740, 530, 117, 787, 19, 112, 129, 455, 579, 781, 496, 310, 743, 373, 187, 441, 700, 272, 299, 200, 734, 696, 556, 736, 673, 448, 210, 218, 21, 635, 362, 189, 252, 33, 666, 289, 140, 597, 101, 460, 741, 724, 628, 577, 401, 545, 27, 23, 271, 560, 171, 266, 377, 706, 24, 691, 469, 689, 104, 350, 537, 419, 789, 544, 89, 625, 609, 283, 415, 321, 333, 264, 498, 502, 611, 411, 760, 636, 146, 727, 22, 665, 514, 516, 192, 8, 323, 174, 653, 655, 387, 484, 702, 182, 613, 400, 88, 634, 71, 719, 606, 338, 165, 15, 340, 669, 767, 786, 641, 491, 645, 650, 575, 225, 267, 105, 305, 158, 769, 765, 269, 675, 106, 109, 383, 754, 103, 633, 64, 788, 581, 342, 10, 718, 282, 768, 183, 30, 654, 80, 191, 97, 647, 793, 443, 208, 311, 339, 559, 133, 648, 682, 343, 558, 511, 587, 774, 238, 144, 199, 138, 504, 114, 790, 758, 658, 94, 716, 521, 585, 41, 676, 534, 277, 223, 201, 591, 297, 48, 12, 276, 245, 198, 237, 697, 77, 379, 45, 257, 660, 222, 798, 154, 353, 422, 235, 341, 363, 621, 454, 520, 705, 224, 638, 468, 121, 672, 453, 366, 0, 96, 433, 2, 557, 481, 540, 694, 749, 372, 569, 320, 567, 95, 327, 431, 603, 381, 478, 576, 202, 92, 604, 782, 162, 263, 572, 212, 794, 284, 618, 524, 493, 57, 492, 296, 500, 168, 403, 69, 644, 744, 148, 485, 216, 728, 55, 526, 497, 66, 424, 59, 152, 549, 300, 31, 733, 753, 319, 738, 332, 371, 79, 242, 429, 175, 378, 594, 435, 414, 56, 547, 25, 125, 711, 623, 450, 9, 11, 483, 602, 761, 110, 241, 39, 539, 671, 307, 445, 143, 153, 678, 185, 316, 186, 98, 236, 494, 764, 528, 50, 150, 281, 681, 298, 205, 529, 649, 624, 505, 582, 473, 732, 631, 155, 656, 522, 345, 367, 285, 256, 6, 7, 278, 536, 698, 762, 506, 190, 553, 258, 513, 616, 270, 568, 130, 418, 288, 16, 18, 44, 1, 637, 395, 217, 731, 318, 778, 442, 434, 335, 406, 535, 451, 409, 301, 244, 14, 358, 72, 309, 430, 651, 111, 592, 84, 273, 562, 93, 137, 541, 722, 374, 334, 531, 177, 479, 771, 370, 598, 717, 714, 551, 796, 176, 725, 255, 456, 322, 139, 26, 389, 306, 461, 683, 28, 354, 600, 515, 40, 293, 686, 574, 398, 595, 384, 405, 364, 75, 784, 228, 382, 707, 326, 67, 590, 428, 53, 86, 47, 151, 437, 589, 369, 119, 102, 532, 279, 490, 777, 639, 489, 791, 287, 392, 87, 519, 552, 357, 795, 674, 699, 108, 156, 487, 452, 42, 274, 659, 596, 260, 573, 555, 412, 229, 351, 413, 230, 149, 612, 173, 328, 617, 695, 563, 652, 221, 107, 436, 474, 234, 85, 685, 482, 404, 780, 142, 344, 421, 610, 36, 347, 663, 337, 708, 668, 211, 239, 661, 394, 122, 355, 542, 226, 680, 38, 132, 233, 397, 29, 462, 629, 533]
labeling = [502, 624, 503, 261, 164, 24, 623, 606, 375, 580, 418, 582, 473, 107, 657, 395, 641, 50, 643, 296, 21, 320, 369, 326, 350, 575, 683, 344, 699, 791, 424, 544, 40, 327, 95, 69, 780, 74, 739, 572, 703, 464, 737, 151, 645, 481, 168, 719, 439, 201, 603, 73, 17, 705, 76, 549, 571, 531, 110, 536, 210, 179, 220, 106, 423, 162, 552, 696, 30, 543, 103, 384, 658, 213, 279, 709, 14, 479, 284, 564, 414, 118, 47, 91, 666, 771, 712, 738, 374, 347, 137, 263, 511, 667, 453, 514, 504, 432, 598, 71, 163, 335, 720, 398, 351, 380, 409, 747, 743, 417, 585, 662, 285, 157, 455, 113, 44, 293, 226, 718, 22, 495, 795, 26, 182, 576, 172, 207, 99, 298, 628, 288, 801, 442, 244, 175, 45, 670, 454, 681, 330, 28, 776, 589, 450, 20, 367, 132, 529, 741, 592, 721, 554, 591, 474, 590, 748, 233, 412, 276, 184, 18, 525, 98, 41, 394, 88, 79, 539, 199, 51, 328, 87, 753, 372, 559, 688, 676, 136, 256, 158, 11, 385, 429, 8, 583, 596, 306, 174, 325, 618, 405, 370, 146, 120, 260, 154, 25, 451, 452, 311, 471, 519, 204, 222, 609, 92, 82, 427, 56, 317, 783, 521, 248, 173, 229, 516, 632, 319, 54, 188, 770, 483, 472, 484, 408, 761, 147, 713, 757, 760, 246, 134, 793, 772, 486, 600, 477, 448, 790, 245, 586, 565, 160, 656, 475, 215, 129, 186, 161, 273, 156, 316, 58, 189, 691, 620, 482, 626, 13, 735, 105, 39, 523, 362, 27, 334, 400, 119, 407, 637, 346, 310, 659, 751, 59, 461, 470, 625, 728, 231, 605, 430, 357, 528, 616, 155, 729, 640, 331, 270, 89, 153, 704, 235, 217, 535, 449, 608, 303, 558, 655, 77, 272, 100, 410, 689, 566, 237, 660, 295, 438, 187, 277, 150, 126, 595, 238, 649, 538, 507, 360, 675, 377, 185, 64, 715, 515, 762, 278, 111, 115, 562, 356, 661, 653, 90, 784, 392, 440, 397, 488, 428, 446, 778, 621, 251, 782, 16, 208, 332, 749, 269, 465, 700, 797, 180, 744, 648, 85, 177, 81, 323, 490, 679, 241, 501, 610, 149, 727, 677, 557, 510, 292, 665, 72, 212, 337, 561, 480, 280, 518, 707, 419, 694, 264, 205, 381, 209, 663, 193, 224, 736, 67, 794, 647, 112, 798, 708, 148, 382, 341, 144, 541, 774, 685, 642, 262, 94, 636, 197, 365, 755, 758, 569, 358, 195, 49, 638, 299, 12, 779, 485, 2, 534, 181, 202, 86, 702, 567, 622, 517, 5, 476, 639, 555, 766, 723, 170, 249, 52, 308, 651, 435, 68, 574, 6, 19, 309, 78, 578, 652, 750, 491, 494, 300, 693, 38, 250, 131, 322, 695, 800, 1, 236, 268, 232, 254, 497, 349, 257, 70, 114, 604, 768, 34, 221, 289, 520, 678, 190, 506, 773, 548, 383, 546, 61, 733, 75, 732, 724, 396, 533, 532, 601, 169, 304, 550, 359, 46, 537, 48, 352, 234, 456, 612, 629, 211, 9, 239, 116, 445, 271, 633, 371, 698, 373, 93, 55, 740, 493, 460, 619, 167, 527, 258, 551, 291, 579, 581, 281, 674, 716, 803, 468, 650, 627, 353, 206, 587, 489, 671, 799, 133, 339, 342, 159, 573, 139, 556, 243, 684, 742, 631, 143, 754, 313, 478, 437, 403, 318, 228, 668, 767, 265, 109, 65, 512, 630, 505, 15, 165, 526, 745, 687, 406, 522, 340, 130, 283, 138, 426, 614, 227, 33, 462, 125, 420, 4, 725, 717, 467, 664, 196, 568, 692, 752, 333, 673, 122, 701, 80, 570, 509, 524, 166, 391, 255, 83, 355, 777, 364, 756, 387, 240, 141, 635, 763, 530, 218, 53, 492, 219, 563, 611, 354, 7, 84, 338, 785, 123, 617, 60, 411, 389, 321, 366, 646, 496, 730, 247, 401, 127, 192, 542, 402, 230, 434, 441, 597, 404, 654, 769, 378, 431, 379, 594, 286, 433, 714, 463, 792, 128, 781, 267, 363, 329, 42, 788, 390, 63, 588, 499, 314, 726, 386, 466, 200, 593, 35, 787, 607, 444, 697, 266, 764, 706, 242, 176, 343, 140, 307, 282, 142, 498, 765, 305, 469, 602, 731, 297, 117, 376, 124, 29, 487, 348, 710, 786, 104, 223, 577, 198, 108, 682, 194, 459, 669, 416, 388, 145, 31, 672, 96, 336, 690, 36, 368, 547, 97, 101, 644, 615, 540, 312, 23, 315, 62, 560, 183, 290, 324, 203, 301, 545, 32, 274, 275, 66, 508, 135, 57, 43, 553, 421, 287, 121, 171, 457, 253, 361, 584, 613, 37, 599, 415, 152, 399, 422, 413, 0, 680, 102, 191, 443, 252, 178, 722, 634, 259, 775, 302, 513, 214, 711, 225, 393, 294, 425, 345, 447, 734, 216, 436, 500, 746, 686, 10, 458, 3]
convergência = []

===== FIM =====
