===== RESULTADO BRKGA L(2,1) =====
Arquivo: /Users/mateuspedrosa/Documents/TCC-II/BRKGA/data/NR_DIMACS_cleaned/brock400-2_clean.mtx

----- Execução #1 -----
[INFO] Time limit atingido: 15 minutos. Interrompido no meio de uma geração.
Tempo de execução: 900011ms
Span (lambda): 399
best_order = [304, 108, 231, 223, 38, 147, 287, 312, 76, 146, 3, 350, 187, 161, 56, 136, 196, 79, 257, 392, 226, 225, 344, 47, 67, 125, 295, 6, 31, 306, 30, 191, 14, 222, 241, 92, 72, 282, 23, 274, 175, 142, 101, 266, 199, 284, 390, 220, 60, 236, 302, 82, 394, 207, 111, 212, 19, 242, 68, 57, 96, 325, 107, 128, 352, 387, 55, 37, 157, 69, 317, 204, 151, 273, 353, 396, 99, 192, 65, 308, 155, 316, 345, 351, 16, 384, 277, 117, 197, 324, 283, 139, 121, 247, 268, 206, 171, 89, 148, 372, 184, 346, 219, 262, 48, 288, 300, 279, 22, 186, 194, 371, 264, 272, 158, 342, 382, 160, 292, 395, 164, 50, 15, 145, 255, 118, 291, 265, 7, 10, 228, 343, 173, 368, 94, 293, 336, 331, 367, 17, 153, 297, 54, 27, 248, 358, 205, 301, 202, 95, 13, 397, 210, 75, 299, 285, 112, 102, 246, 185, 377, 133, 269, 86, 91, 357, 29, 393, 374, 361, 271, 360, 263, 122, 370, 256, 162, 1, 166, 35, 224, 183, 232, 323, 25, 0, 168, 61, 309, 362, 18, 44, 280, 179, 149, 130, 326, 195, 208, 62, 234, 354, 119, 172, 376, 389, 193, 51, 40, 83, 381, 203, 98, 178, 28, 39, 270, 305, 341, 169, 211, 298, 318, 245, 373, 386, 137, 85, 135, 114, 21, 239, 190, 78, 329, 63, 116, 43, 45, 237, 229, 338, 366, 235, 138, 276, 188, 335, 278, 383, 97, 310, 227, 53, 170, 314, 33, 100, 388, 355, 364, 238, 131, 80, 152, 4, 327, 365, 59, 218, 259, 198, 254, 252, 32, 163, 251, 217, 165, 144, 249, 333, 244, 214, 182, 200, 385, 134, 81, 337, 154, 189, 215, 9, 115, 347, 36, 143, 319, 258, 103, 213, 261, 127, 398, 87, 330, 378, 379, 64, 334, 349, 174, 233, 181, 281, 46, 260, 150, 286, 159, 240, 176, 12, 320, 177, 129, 52, 70, 322, 359, 34, 141, 311, 275, 42, 399, 391, 221, 73, 290, 313, 104, 66, 140, 369, 167, 11, 230, 356, 201, 267, 106, 294, 74, 8, 105, 84, 58, 120, 123, 375, 253, 340, 24, 315, 88, 332, 113, 289, 321, 243, 124, 41, 339, 363, 180, 109, 156, 380, 2, 348, 126, 93, 90, 307, 110, 296, 132, 49, 26, 328, 20, 77, 216, 5, 303, 209, 71, 250]
labeling = [183, 185, 392, 12, 275, 358, 32, 85, 367, 281, 138, 355, 329, 136, 40, 131, 98, 146, 167, 51, 402, 240, 111, 29, 360, 197, 398, 152, 208, 176, 36, 34, 284, 263, 338, 190, 304, 82, 5, 214, 217, 350, 343, 227, 171, 246, 303, 28, 118, 383, 99, 215, 335, 219, 151, 80, 17, 72, 369, 280, 60, 199, 207, 245, 318, 69, 351, 30, 70, 35, 317, 405, 47, 347, 348, 139, 1, 403, 242, 21, 272, 296, 64, 191, 364, 234, 161, 291, 366, 108, 374, 172, 45, 380, 134, 162, 74, 216, 222, 92, 265, 52, 163, 289, 309, 339, 365, 33, 2, 390, 370, 63, 97, 377, 238, 301, 247, 102, 137, 211, 371, 79, 175, 334, 384, 22, 394, 293, 76, 333, 203, 200, 396, 170, 285, 239, 18, 236, 255, 104, 331, 328, 50, 306, 248, 133, 10, 3, 81, 189, 295, 46, 273, 148, 298, 73, 368, 84, 89, 324, 115, 15, 177, 283, 120, 288, 188, 346, 193, 228, 259, 65, 202, 140, 299, 49, 327, 332, 195, 201, 385, 307, 276, 194, 112, 166, 93, 11, 232, 300, 225, 38, 59, 213, 121, 181, 19, 67, 279, 48, 294, 361, 160, 220, 86, 143, 105, 53, 205, 408, 132, 230, 31, 310, 292, 302, 404, 286, 262, 114, 58, 326, 42, 6, 192, 26, 25, 251, 124, 250, 357, 4, 173, 319, 179, 243, 62, 249, 270, 241, 325, 44, 68, 382, 287, 233, 165, 101, 154, 269, 409, 223, 274, 375, 221, 135, 187, 23, 308, 282, 323, 260, 116, 184, 87, 117, 54, 363, 106, 169, 224, 180, 125, 88, 39, 342, 256, 100, 253, 61, 157, 321, 16, 103, 41, 164, 320, 7, 109, 379, 311, 130, 128, 142, 356, 20, 393, 150, 231, 159, 119, 158, 24, 406, 0, 226, 27, 387, 94, 155, 229, 340, 8, 349, 261, 352, 37, 57, 206, 297, 330, 381, 336, 196, 55, 43, 149, 277, 400, 244, 313, 113, 362, 290, 315, 257, 144, 258, 252, 386, 322, 212, 77, 122, 9, 91, 75, 266, 354, 305, 14, 96, 78, 83, 209, 264, 359, 174, 156, 337, 182, 145, 147, 388, 268, 278, 254, 107, 141, 353, 186, 123, 110, 235, 153, 373, 204, 168, 314, 316, 344, 218, 126, 210, 95, 271, 237, 71, 267, 198, 56, 341, 13, 178, 66, 129, 90, 127, 312, 345]
convergência = [400]

===== FIM =====
