===== RESULTADO BRKGA L(2,1) =====
Arquivo: /Users/mateuspedrosa/Documents/TCC-II/BRKGA/data/NR_DIMACS_cleaned/brock800-1_clean.mtx

----- Execução #1 -----
[INFO] Time limit atingido: 15 minutos. Esgotado durante a inicialização da população.
Tempo de execução: 901006ms
Span (lambda): 799
best_order = [593, 488, 565, 231, 226, 303, 341, 258, 490, 727, 475, 584, 292, 672, 147, 458, 89, 398, 134, 319, 560, 406, 262, 149, 796, 94, 109, 158, 738, 674, 48, 340, 558, 489, 759, 510, 771, 649, 415, 444, 471, 746, 259, 521, 234, 421, 742, 427, 484, 163, 282, 761, 107, 533, 54, 575, 291, 198, 501, 799, 562, 736, 765, 564, 605, 344, 455, 722, 281, 76, 529, 222, 724, 181, 567, 637, 757, 591, 703, 486, 555, 410, 589, 683, 663, 208, 216, 723, 305, 409, 378, 770, 312, 571, 246, 769, 270, 439, 126, 209, 14, 634, 495, 494, 277, 223, 646, 20, 295, 113, 195, 454, 148, 767, 792, 290, 73, 470, 652, 596, 509, 160, 229, 629, 480, 582, 380, 35, 186, 227, 320, 252, 534, 88, 47, 152, 662, 459, 795, 436, 112, 30, 297, 786, 143, 783, 361, 375, 472, 716, 41, 493, 753, 136, 327, 256, 432, 463, 194, 298, 18, 215, 430, 451, 676, 549, 220, 545, 682, 402, 751, 585, 356, 308, 788, 758, 638, 26, 357, 386, 543, 734, 476, 68, 338, 717, 739, 556, 417, 373, 648, 21, 684, 696, 39, 355, 538, 411, 656, 316, 120, 159, 188, 729, 608, 92, 238, 713, 77, 46, 296, 580, 75, 600, 512, 425, 647, 289, 63, 151, 579, 145, 324, 735, 448, 11, 627, 283, 105, 354, 370, 699, 561, 420, 794, 203, 339, 667, 210, 132, 9, 749, 106, 668, 253, 336, 553, 299, 574, 720, 280, 752, 235, 745, 27, 697, 70, 586, 611, 333, 38, 164, 664, 685, 368, 369, 31, 330, 404, 101, 127, 157, 467, 248, 351, 182, 635, 141, 539, 604, 391, 530, 434, 625, 139, 413, 247, 587, 155, 487, 168, 190, 265, 217, 465, 766, 381, 51, 516, 99, 787, 594, 57, 108, 730, 679, 711, 407, 67, 81, 423, 95, 408, 396, 680, 514, 609, 517, 401, 508, 740, 618, 581, 161, 732, 645, 384, 279, 768, 588, 639, 87, 72, 491, 130, 651, 172, 450, 206, 532, 670, 542, 498, 725, 704, 352, 179, 64, 693, 214, 461, 366, 301, 677, 747, 213, 721, 315, 228, 559, 294, 519, 515, 3, 364, 103, 527, 49, 544, 350, 166, 287, 659, 225, 499, 568, 642, 343, 772, 185, 640, 528, 353, 387, 174, 658, 269, 86, 211, 678, 90, 100, 689, 205, 506, 93, 121, 321, 474, 708, 114, 563, 520, 456, 776, 626, 24, 669, 61, 700, 122, 144, 5, 389, 329, 578, 85, 623, 541, 435, 422, 633, 360, 502, 613, 272, 74, 690, 191, 429, 187, 192, 50, 138, 445, 447, 547, 654, 622, 133, 111, 441, 754, 691, 201, 620, 12, 115, 362, 116, 37, 374, 511, 496, 7, 328, 28, 80, 153, 428, 219, 346, 673, 33, 264, 552, 184, 91, 293, 572, 714, 655, 310, 657, 183, 125, 16, 371, 311, 240, 363, 239, 332, 497, 6, 202, 244, 756, 478, 34, 52, 309, 349, 32, 140, 554, 177, 393, 285, 666, 701, 453, 590, 25, 452, 189, 193, 288, 440, 365, 614, 372, 170, 59, 403, 323, 337, 557, 462, 394, 129, 733, 457, 518, 621, 200, 500, 150, 785, 710, 744, 595, 98, 314, 780, 180, 449, 513, 284, 793, 17, 551, 709, 250, 784, 607, 706, 653, 400, 523, 443, 505, 603, 249, 442, 616, 251, 566, 719, 313, 650, 570, 78, 276, 135, 237, 165, 750, 42, 791, 485, 681, 762, 522, 601, 117, 334, 405, 661, 36, 390, 695, 29, 178, 15, 53, 619, 692, 260, 307, 83, 241, 146, 705, 261, 482, 65, 82, 196, 266, 583, 592, 273, 399, 504, 322, 624, 275, 379, 4, 773, 43, 698, 154, 306, 123, 431, 242, 40, 274, 71, 169, 550, 119, 598, 687, 358, 104, 615, 383, 331, 774, 743, 204, 318, 254, 636, 162, 628, 540, 419, 347, 175, 171, 798, 255, 660, 763, 271, 19, 388, 778, 236, 675, 412, 643, 606, 128, 477, 777, 199, 96, 469, 10, 257, 531, 218, 433, 460, 22, 644, 212, 790, 503, 610, 665, 278, 263, 632, 599, 58, 1, 142, 728, 760, 268, 546, 414, 779, 385, 118, 569, 137, 300, 392, 577, 197, 348, 79, 382, 230, 764, 702, 376, 438, 325, 782, 775, 479, 317, 612, 483, 173, 377, 62, 233, 617, 718, 492, 131, 481, 245, 468, 473, 707, 176, 715, 286, 424, 267, 797, 464, 726, 466, 437, 84, 224, 507, 426, 167, 630, 748, 535, 55, 631, 694, 688, 359, 156, 576, 0, 102, 232, 755, 124, 66, 525, 69, 536, 737, 671, 526, 395, 741, 446, 110, 548, 602, 56, 789, 573, 207, 524, 60, 2, 641, 23, 537, 731, 781, 45, 686, 345, 418, 243, 221, 597, 367, 342, 416, 97, 397, 13, 44, 302, 712, 335, 304, 326, 8]
labeling = [736, 681, 777, 367, 613, 415, 453, 412, 802, 242, 664, 232, 450, 795, 103, 575, 472, 542, 153, 653, 112, 190, 671, 780, 408, 510, 175, 254, 461, 588, 146, 271, 476, 469, 498, 123, 587, 449, 263, 196, 599, 154, 564, 616, 797, 776, 214, 139, 23, 366, 434, 305, 489, 592, 58, 726, 770, 299, 682, 524, 775, 411, 715, 202, 319, 591, 761, 312, 168, 764, 252, 625, 335, 85, 429, 219, 61, 212, 537, 703, 458, 314, 603, 598, 741, 421, 392, 327, 137, 25, 394, 462, 194, 398, 11, 317, 641, 791, 507, 295, 396, 277, 755, 370, 632, 234, 244, 46, 307, 32, 751, 435, 144, 108, 384, 452, 454, 584, 691, 606, 204, 399, 413, 617, 756, 466, 96, 256, 662, 509, 334, 725, 237, 445, 13, 566, 155, 690, 436, 289, 495, 282, 679, 149, 414, 227, 567, 22, 116, 17, 534, 215, 140, 463, 611, 294, 754, 278, 33, 192, 128, 328, 642, 55, 265, 570, 369, 746, 298, 627, 522, 647, 339, 718, 388, 643, 706, 501, 590, 351, 543, 68, 281, 478, 473, 371, 125, 431, 199, 514, 300, 422, 410, 516, 160, 113, 604, 692, 51, 650, 531, 444, 470, 240, 622, 389, 343, 773, 79, 91, 231, 382, 674, 360, 338, 151, 88, 274, 661, 442, 169, 788, 72, 109, 743, 376, 5, 115, 352, 117, 698, 3, 757, 720, 36, 250, 657, 568, 205, 488, 485, 600, 621, 779, 494, 729, 97, 290, 269, 560, 544, 561, 127, 246, 637, 649, 159, 666, 8, 49, 573, 602, 21, 675, 471, 302, 593, 737, 687, 386, 100, 631, 420, 581, 623, 612, 549, 107, 677, 331, 255, 70, 54, 229, 540, 502, 735, 373, 518, 223, 120, 27, 18, 455, 354, 114, 216, 148, 163, 251, 695, 346, 799, 4, 800, 92, 618, 596, 176, 499, 464, 483, 94, 559, 539, 361, 197, 713, 640, 28, 135, 397, 609, 513, 228, 712, 787, 157, 459, 419, 273, 633, 490, 261, 569, 801, 247, 484, 188, 226, 19, 6, 785, 379, 69, 786, 467, 645, 701, 474, 359, 280, 350, 385, 236, 198, 173, 181, 630, 753, 416, 142, 447, 487, 368, 517, 349, 783, 268, 270, 235, 481, 500, 191, 451, 129, 709, 719, 93, 597, 134, 303, 702, 636, 321, 686, 183, 387, 654, 417, 586, 260, 697, 493, 526, 766, 286, 793, 26, 607, 556, 315, 172, 511, 275, 585, 7, 311, 308, 89, 86, 201, 658, 284, 688, 43, 789, 180, 781, 639, 209, 48, 425, 316, 708, 222, 745, 52, 465, 432, 136, 620, 158, 669, 287, 424, 143, 739, 711, 101, 520, 446, 553, 551, 45, 438, 765, 433, 230, 545, 341, 164, 512, 506, 106, 63, 400, 529, 24, 121, 646, 355, 486, 161, 738, 279, 717, 276, 731, 667, 122, 47, 150, 704, 401, 14, 187, 663, 496, 696, 132, 727, 595, 716, 53, 555, 82, 296, 2, 37, 10, 304, 694, 147, 98, 105, 457, 492, 348, 378, 532, 44, 428, 676, 577, 558, 380, 730, 306, 119, 39, 456, 221, 505, 320, 340, 297, 324, 519, 365, 404, 29, 580, 547, 774, 763, 762, 362, 383, 71, 285, 659, 345, 56, 102, 723, 744, 767, 200, 262, 626, 407, 336, 185, 372, 162, 684, 439, 758, 167, 629, 548, 468, 249, 497, 84, 182, 525, 35, 363, 30, 211, 64, 403, 67, 1, 557, 76, 375, 693, 562, 83, 475, 772, 253, 60, 749, 699, 418, 225, 217, 313, 133, 601, 16, 174, 258, 292, 332, 77, 508, 80, 605, 0, 288, 523, 126, 790, 608, 680, 218, 582, 760, 535, 283, 57, 656, 552, 208, 322, 670, 259, 700, 427, 503, 634, 530, 722, 323, 594, 440, 521, 443, 423, 610, 264, 406, 213, 644, 130, 748, 742, 678, 426, 104, 272, 624, 78, 171, 325, 381, 778, 377, 660, 672, 330, 110, 207, 186, 42, 565, 337, 124, 554, 441, 479, 203, 480, 390, 374, 651, 583, 141, 87, 266, 668, 504, 233, 243, 409, 347, 728, 20, 460, 31, 648, 165, 356, 391, 293, 318, 576, 170, 81, 193, 267, 769, 619, 752, 393, 430, 437, 579, 353, 750, 571, 195, 245, 615, 224, 405, 482, 707, 75, 344, 589, 515, 733, 402, 550, 538, 310, 798, 210, 477, 734, 152, 189, 724, 563, 248, 357, 66, 90, 74, 342, 732, 12, 683, 206, 309, 782, 329, 527, 178, 220, 65, 747, 15, 184, 326, 768, 50, 638, 533, 239, 38, 358, 740, 241, 572, 166, 257, 156, 448, 759, 491, 73, 179, 34, 685, 41, 578, 652, 705, 59, 291, 111, 333, 99, 95, 40, 364, 614, 628, 714, 395, 665, 655, 689, 541, 784, 710, 131, 528, 536, 145, 301, 177, 771, 673, 574, 118, 546, 238, 138, 9, 721, 635, 62]
convergência = []

===== FIM =====
