===== RESULTADO BRKGA L(2,1) =====
Arquivo: /Users/mateuspedrosa/Documents/TCC-II/BRKGA/data/NR_DIMACS_cleaned/brock200-1_clean.mtx

----- Execução #1 -----
[INFO] Time limit atingido: 15 minutos. Interrompido no meio de uma geração.
Tempo de execução: 900030ms
Span (lambda): 199
best_order = [143, 62, 74, 97, 182, 96, 95, 176, 18, 69, 170, 166, 0, 174, 59, 106, 14, 153, 121, 26, 139, 185, 81, 19, 54, 86, 7, 99, 78, 108, 94, 197, 142, 52, 35, 11, 46, 194, 76, 29, 152, 71, 125, 113, 189, 184, 171, 67, 193, 61, 128, 186, 134, 173, 150, 168, 63, 165, 91, 183, 172, 3, 149, 180, 23, 85, 136, 90, 198, 195, 175, 110, 114, 42, 66, 177, 126, 118, 2, 116, 119, 192, 32, 34, 9, 158, 111, 163, 44, 57, 93, 31, 131, 27, 109, 159, 73, 55, 48, 6, 79, 75, 151, 1, 146, 60, 45, 40, 187, 188, 138, 124, 117, 51, 154, 160, 41, 43, 120, 104, 178, 36, 50, 145, 39, 92, 130, 5, 191, 4, 157, 53, 12, 181, 127, 15, 8, 82, 13, 129, 133, 137, 112, 30, 70, 84, 103, 135, 80, 64, 190, 22, 144, 56, 101, 58, 68, 37, 105, 196, 25, 155, 167, 89, 47, 140, 83, 88, 115, 164, 122, 87, 72, 16, 179, 38, 107, 33, 24, 132, 148, 169, 49, 77, 102, 17, 10, 147, 162, 65, 28, 141, 20, 156, 123, 21, 98, 161, 100, 199]
labeling = [15, 109, 49, 73, 122, 133, 106, 11, 148, 94, 170, 35, 137, 112, 20, 146, 178, 197, 14, 30, 201, 205, 159, 58, 186, 169, 23, 79, 184, 50, 152, 99, 77, 185, 86, 44, 132, 167, 180, 129, 115, 96, 54, 93, 60, 113, 27, 173, 62, 192, 98, 123, 42, 142, 13, 91, 161, 97, 163, 1, 111, 43, 2, 45, 127, 118, 84, 52, 165, 7, 154, 47, 149, 104, 4, 108, 48, 194, 34, 107, 157, 28, 141, 176, 116, 72, 9, 164, 177, 147, 37, 56, 134, 81, 36, 12, 10, 6, 207, 32, 208, 143, 196, 155, 100, 166, 3, 162, 29, 66, 69, 83, 135, 53, 82, 179, 75, 121, 89, 90, 128, 22, 183, 203, 105, 51, 87, 145, 61, 150, 136, 101, 158, 131, 33, 151, 76, 125, 114, 24, 174, 199, 40, 0, 120, 88, 110, 191, 188, 74, 67, 103, 19, 21, 124, 156, 202, 140, 64, 102, 126, 189, 193, 95, 181, 68, 18, 171, 41, 190, 16, 59, 71, 65, 17, 39, 5, 85, 130, 160, 31, 144, 8, 70, 57, 26, 63, 117, 119, 55, 153, 138, 92, 25, 46, 80, 139, 38, 78, 210]
convergência = [201, 201, 201, 200, 200, 200, 200, 199, 199, 199, 199, 199, 199, 199, 199, 199, 199, 199, 199, 199]

===== FIM =====
