===== RESULTADO BRKGA L(2,1) =====
Arquivo: /Users/mateuspedrosa/Documents/TCC-II/BRKGA/data/NR_DIMACS_cleaned/brock800-4_clean.mtx

----- Execução #1 -----
[INFO] Time limit atingido: 15 minutos. Esgotado durante a inicialização da população.
Tempo de execução: 900982ms
Span (lambda): 799
best_order = [593, 488, 565, 231, 226, 303, 341, 258, 490, 727, 475, 584, 292, 672, 147, 458, 89, 398, 134, 319, 560, 406, 262, 149, 796, 94, 109, 158, 738, 674, 48, 340, 558, 489, 759, 510, 771, 649, 415, 444, 471, 746, 259, 521, 234, 421, 742, 427, 484, 163, 282, 761, 107, 533, 54, 575, 291, 198, 501, 799, 562, 736, 765, 564, 605, 344, 455, 722, 281, 76, 529, 222, 724, 181, 567, 637, 757, 591, 703, 486, 555, 410, 589, 683, 663, 208, 216, 723, 305, 409, 378, 770, 312, 571, 246, 769, 270, 439, 126, 209, 14, 634, 495, 494, 277, 223, 646, 20, 295, 113, 195, 454, 148, 767, 792, 290, 73, 470, 652, 596, 509, 160, 229, 629, 480, 582, 380, 35, 186, 227, 320, 252, 534, 88, 47, 152, 662, 459, 795, 436, 112, 30, 297, 786, 143, 783, 361, 375, 472, 716, 41, 493, 753, 136, 327, 256, 432, 463, 194, 298, 18, 215, 430, 451, 676, 549, 220, 545, 682, 402, 751, 585, 356, 308, 788, 758, 638, 26, 357, 386, 543, 734, 476, 68, 338, 717, 739, 556, 417, 373, 648, 21, 684, 696, 39, 355, 538, 411, 656, 316, 120, 159, 188, 729, 608, 92, 238, 713, 77, 46, 296, 580, 75, 600, 512, 425, 647, 289, 63, 151, 579, 145, 324, 735, 448, 11, 627, 283, 105, 354, 370, 699, 561, 420, 794, 203, 339, 667, 210, 132, 9, 749, 106, 668, 253, 336, 553, 299, 574, 720, 280, 752, 235, 745, 27, 697, 70, 586, 611, 333, 38, 164, 664, 685, 368, 369, 31, 330, 404, 101, 127, 157, 467, 248, 351, 182, 635, 141, 539, 604, 391, 530, 434, 625, 139, 413, 247, 587, 155, 487, 168, 190, 265, 217, 465, 766, 381, 51, 516, 99, 787, 594, 57, 108, 730, 679, 711, 407, 67, 81, 423, 95, 408, 396, 680, 514, 609, 517, 401, 508, 740, 618, 581, 161, 732, 645, 384, 279, 768, 588, 639, 87, 72, 491, 130, 651, 172, 450, 206, 532, 670, 542, 498, 725, 704, 352, 179, 64, 693, 214, 461, 366, 301, 677, 747, 213, 721, 315, 228, 559, 294, 519, 515, 3, 364, 103, 527, 49, 544, 350, 166, 287, 659, 225, 499, 568, 642, 343, 772, 185, 640, 528, 353, 387, 174, 658, 269, 86, 211, 678, 90, 100, 689, 205, 506, 93, 121, 321, 474, 708, 114, 563, 520, 456, 776, 626, 24, 669, 61, 700, 122, 144, 5, 389, 329, 578, 85, 623, 541, 435, 422, 633, 360, 502, 613, 272, 74, 690, 191, 429, 187, 192, 50, 138, 445, 447, 547, 654, 622, 133, 111, 441, 754, 691, 201, 620, 12, 115, 362, 116, 37, 374, 511, 496, 7, 328, 28, 80, 153, 428, 219, 346, 673, 33, 264, 552, 184, 91, 293, 572, 714, 655, 310, 657, 183, 125, 16, 371, 311, 240, 363, 239, 332, 497, 6, 202, 244, 756, 478, 34, 52, 309, 349, 32, 140, 554, 177, 393, 285, 666, 701, 453, 590, 25, 452, 189, 193, 288, 440, 365, 614, 372, 170, 59, 403, 323, 337, 557, 462, 394, 129, 733, 457, 518, 621, 200, 500, 150, 785, 710, 744, 595, 98, 314, 780, 180, 449, 513, 284, 793, 17, 551, 709, 250, 784, 607, 706, 653, 400, 523, 443, 505, 603, 249, 442, 616, 251, 566, 719, 313, 650, 570, 78, 276, 135, 237, 165, 750, 42, 791, 485, 681, 762, 522, 601, 117, 334, 405, 661, 36, 390, 695, 29, 178, 15, 53, 619, 692, 260, 307, 83, 241, 146, 705, 261, 482, 65, 82, 196, 266, 583, 592, 273, 399, 504, 322, 624, 275, 379, 4, 773, 43, 698, 154, 306, 123, 431, 242, 40, 274, 71, 169, 550, 119, 598, 687, 358, 104, 615, 383, 331, 774, 743, 204, 318, 254, 636, 162, 628, 540, 419, 347, 175, 171, 798, 255, 660, 763, 271, 19, 388, 778, 236, 675, 412, 643, 606, 128, 477, 777, 199, 96, 469, 10, 257, 531, 218, 433, 460, 22, 644, 212, 790, 503, 610, 665, 278, 263, 632, 599, 58, 1, 142, 728, 760, 268, 546, 414, 779, 385, 118, 569, 137, 300, 392, 577, 197, 348, 79, 382, 230, 764, 702, 376, 438, 325, 782, 775, 479, 317, 612, 483, 173, 377, 62, 233, 617, 718, 492, 131, 481, 245, 468, 473, 707, 176, 715, 286, 424, 267, 797, 464, 726, 466, 437, 84, 224, 507, 426, 167, 630, 748, 535, 55, 631, 694, 688, 359, 156, 576, 0, 102, 232, 755, 124, 66, 525, 69, 536, 737, 671, 526, 395, 741, 446, 110, 548, 602, 56, 789, 573, 207, 524, 60, 2, 641, 23, 537, 731, 781, 45, 686, 345, 418, 243, 221, 597, 367, 342, 416, 97, 397, 13, 44, 302, 712, 335, 304, 326, 8]
labeling = [748, 679, 778, 356, 612, 421, 478, 457, 803, 247, 662, 233, 441, 771, 105, 584, 485, 549, 167, 652, 114, 197, 670, 768, 407, 504, 182, 261, 460, 575, 145, 272, 498, 458, 474, 102, 579, 452, 232, 200, 620, 150, 572, 616, 798, 785, 199, 141, 37, 372, 436, 299, 495, 589, 56, 746, 763, 302, 677, 518, 776, 416, 719, 221, 353, 592, 759, 311, 187, 754, 248, 618, 338, 117, 429, 218, 71, 215, 550, 703, 461, 313, 594, 595, 734, 425, 383, 318, 120, 19, 389, 471, 189, 398, 11, 317, 664, 791, 541, 295, 394, 275, 740, 370, 633, 220, 249, 48, 300, 33, 769, 415, 122, 118, 391, 449, 450, 561, 693, 627, 208, 400, 417, 603, 738, 483, 90, 271, 659, 525, 335, 723, 241, 444, 22, 567, 156, 694, 432, 289, 499, 280, 683, 148, 419, 227, 586, 17, 121, 30, 531, 223, 142, 454, 615, 279, 755, 273, 32, 201, 130, 328, 626, 52, 265, 568, 374, 741, 292, 624, 515, 632, 333, 716, 380, 644, 729, 490, 587, 327, 543, 77, 266, 476, 445, 381, 137, 428, 175, 500, 293, 430, 434, 511, 163, 119, 600, 701, 59, 663, 517, 420, 491, 240, 640, 387, 325, 773, 91, 92, 245, 390, 673, 358, 354, 159, 84, 296, 657, 463, 170, 779, 73, 100, 715, 375, 5, 111, 363, 132, 705, 4, 752, 700, 49, 255, 656, 559, 206, 488, 466, 571, 611, 784, 480, 726, 101, 286, 269, 558, 510, 530, 104, 239, 621, 648, 151, 667, 9, 23, 591, 597, 28, 678, 467, 294, 602, 733, 684, 385, 103, 649, 426, 601, 622, 605, 557, 110, 669, 312, 256, 69, 46, 226, 547, 505, 722, 362, 513, 219, 123, 55, 14, 473, 345, 116, 217, 144, 165, 253, 695, 357, 797, 6, 801, 70, 613, 593, 176, 497, 479, 486, 97, 548, 528, 360, 207, 696, 630, 24, 135, 402, 610, 522, 229, 686, 793, 158, 459, 401, 262, 639, 470, 250, 581, 786, 251, 492, 162, 242, 15, 7, 792, 379, 67, 788, 464, 646, 702, 496, 366, 276, 352, 384, 216, 202, 174, 184, 631, 750, 411, 149, 451, 487, 364, 512, 351, 790, 268, 270, 236, 468, 516, 179, 453, 147, 708, 717, 74, 607, 115, 297, 698, 637, 331, 688, 186, 386, 628, 423, 583, 283, 697, 503, 526, 764, 319, 796, 21, 606, 542, 322, 155, 520, 274, 582, 18, 309, 316, 95, 82, 205, 647, 290, 689, 41, 794, 194, 782, 645, 222, 50, 399, 315, 731, 204, 739, 43, 456, 433, 168, 619, 160, 668, 287, 413, 140, 732, 710, 94, 506, 446, 560, 553, 42, 438, 767, 439, 231, 545, 340, 157, 472, 484, 109, 62, 410, 494, 13, 143, 665, 355, 519, 161, 735, 291, 713, 264, 728, 666, 125, 44, 133, 725, 404, 12, 191, 660, 482, 692, 134, 724, 599, 714, 27, 576, 87, 277, 1, 20, 8, 339, 720, 152, 108, 98, 455, 489, 341, 377, 529, 53, 418, 674, 608, 554, 397, 736, 324, 128, 36, 435, 211, 523, 305, 369, 301, 321, 508, 367, 408, 47, 565, 546, 775, 758, 762, 343, 371, 72, 285, 651, 342, 51, 139, 747, 761, 760, 203, 282, 643, 427, 346, 188, 349, 166, 687, 440, 770, 169, 625, 532, 469, 234, 501, 88, 185, 524, 39, 365, 26, 238, 63, 406, 58, 3, 555, 76, 373, 690, 566, 99, 475, 765, 254, 57, 742, 699, 424, 225, 177, 323, 136, 604, 2, 173, 244, 284, 334, 89, 502, 83, 598, 0, 304, 539, 113, 789, 609, 681, 195, 580, 772, 556, 260, 66, 658, 551, 212, 314, 675, 263, 709, 422, 514, 635, 562, 721, 326, 577, 448, 521, 437, 409, 596, 288, 412, 235, 636, 127, 743, 749, 680, 395, 107, 278, 634, 79, 172, 336, 382, 780, 378, 655, 671, 330, 112, 213, 196, 40, 563, 320, 126, 552, 442, 462, 193, 481, 388, 368, 642, 573, 129, 80, 258, 676, 507, 243, 237, 414, 344, 756, 16, 465, 35, 653, 164, 347, 392, 306, 310, 569, 153, 78, 183, 267, 787, 629, 753, 396, 431, 443, 590, 337, 751, 585, 198, 228, 617, 224, 405, 509, 707, 85, 350, 588, 544, 704, 403, 538, 535, 307, 799, 214, 477, 727, 131, 181, 718, 564, 252, 361, 68, 93, 75, 348, 737, 10, 682, 210, 298, 781, 329, 527, 190, 209, 60, 744, 34, 192, 308, 766, 29, 641, 537, 259, 45, 359, 745, 246, 570, 171, 257, 154, 447, 757, 493, 81, 180, 25, 685, 54, 578, 650, 706, 65, 281, 96, 332, 86, 64, 38, 376, 614, 623, 712, 393, 661, 654, 691, 534, 783, 711, 124, 540, 533, 146, 303, 178, 774, 672, 574, 106, 536, 230, 138, 31, 730, 638, 61]
convergência = []

===== FIM =====
