===== RESULTADO BRKGA L(2,1) =====
Arquivo: /Users/mateuspedrosa/Documents/TCC-II/BRKGA/data/NR_DIMACS_cleaned/brock800-3_clean.mtx

----- Execução #1 -----
[INFO] Time limit atingido: 15 minutos. Esgotado durante a inicialização da população.
Tempo de execução: 901374ms
Span (lambda): 799
best_order = [22, 541, 609, 248, 556, 103, 288, 355, 385, 590, 435, 734, 77, 654, 244, 765, 475, 294, 531, 204, 23, 784, 576, 168, 334, 289, 166, 454, 137, 85, 772, 64, 662, 568, 394, 1, 428, 523, 148, 97, 750, 136, 37, 58, 193, 720, 786, 271, 86, 359, 488, 267, 292, 6, 388, 17, 386, 205, 472, 651, 197, 458, 729, 146, 178, 315, 400, 623, 190, 107, 717, 722, 444, 208, 12, 730, 551, 520, 560, 425, 632, 265, 465, 681, 431, 367, 419, 7, 179, 72, 373, 780, 240, 260, 106, 653, 485, 438, 539, 514, 612, 491, 624, 96, 673, 170, 169, 496, 719, 343, 621, 243, 270, 529, 314, 287, 396, 630, 349, 67, 671, 279, 611, 93, 83, 775, 432, 581, 599, 222, 234, 320, 600, 449, 361, 527, 738, 32, 220, 76, 381, 477, 46, 549, 145, 163, 564, 770, 266, 164, 480, 176, 370, 351, 44, 354, 116, 508, 156, 282, 768, 705, 694, 135, 791, 701, 143, 601, 536, 757, 588, 533, 141, 264, 538, 575, 4, 607, 476, 749, 26, 194, 553, 128, 29, 300, 669, 328, 331, 256, 773, 322, 613, 142, 704, 466, 357, 445, 369, 473, 55, 298, 99, 203, 733, 329, 469, 460, 606, 479, 771, 111, 774, 552, 112, 347, 19, 753, 413, 42, 144, 304, 639, 754, 748, 102, 159, 25, 506, 245, 59, 262, 756, 584, 191, 433, 258, 580, 372, 21, 509, 219, 499, 700, 796, 84, 532, 276, 457, 390, 100, 416, 183, 638, 332, 790, 269, 417, 333, 207, 101, 593, 755, 50, 376, 296, 467, 293, 481, 655, 742, 675, 572, 795, 54, 62, 414, 110, 134, 558, 299, 41, 131, 693, 439, 726, 696, 686, 311, 393, 51, 307, 47, 115, 668, 53, 710, 498, 589, 188, 443, 637, 403, 762, 35, 641, 105, 319, 510, 409, 672, 490, 398, 290, 543, 255, 759, 200, 215, 180, 126, 468, 353, 521, 348, 559, 295, 225, 659, 629, 545, 233, 515, 317, 683, 788, 555, 698, 236, 574, 716, 586, 318, 451, 227, 221, 699, 218, 230, 70, 48, 306, 674, 424, 715, 548, 566, 547, 281, 455, 121, 201, 470, 259, 189, 618, 526, 88, 688, 685, 577, 0, 557, 20, 335, 57, 312, 739, 302, 752, 434, 229, 751, 263, 497, 323, 140, 358, 792, 251, 411, 31, 709, 636, 736, 161, 380, 763, 442, 615, 680, 602, 464, 441, 74, 594, 360, 631, 408, 138, 379, 702, 787, 119, 766, 482, 56, 139, 65, 368, 610, 356, 63, 660, 87, 447, 162, 324, 94, 211, 540, 184, 280, 646, 5, 544, 109, 325, 202, 217, 797, 627, 66, 326, 608, 658, 352, 657, 522, 155, 706, 38, 745, 453, 273, 104, 711, 73, 252, 682, 691, 378, 366, 732, 650, 737, 214, 494, 261, 471, 149, 430, 542, 238, 714, 640, 625, 157, 483, 616, 384, 633, 402, 505, 573, 365, 689, 421, 246, 501, 27, 661, 524, 8, 182, 321, 152, 703, 129, 643, 387, 452, 767, 344, 118, 383, 511, 150, 461, 582, 39, 563, 713, 605, 310, 90, 437, 61, 583, 758, 664, 122, 489, 459, 567, 405, 330, 286, 735, 341, 199, 725, 397, 595, 98, 407, 777, 406, 587, 345, 177, 687, 371, 52, 422, 278, 92, 9, 571, 635, 16, 645, 297, 49, 456, 187, 228, 171, 127, 684, 340, 241, 130, 78, 89, 154, 339, 769, 209, 196, 350, 794, 374, 309, 181, 301, 666, 579, 153, 412, 450, 242, 389, 570, 561, 14, 120, 235, 124, 597, 724, 677, 670, 592, 210, 268, 614, 11, 535, 305, 2, 718, 133, 440, 721, 712, 776, 415, 799, 231, 429, 728, 272, 642, 108, 404, 663, 113, 79, 427, 785, 746, 213, 513, 165, 226, 504, 448, 337, 692, 82, 764, 648, 679, 69, 516, 195, 3, 45, 741, 518, 598, 512, 503, 534, 695, 95, 284, 626, 565, 761, 436, 644, 285, 474, 652, 604, 313, 708, 603, 634, 250, 117, 147, 528, 420, 216, 462, 249, 160, 175, 375, 10, 18, 519, 382, 336, 667, 620, 783, 174, 707, 362, 743, 283, 622, 33, 167, 665, 697, 493, 676, 346, 619, 747, 789, 13, 151, 656, 125, 486, 537, 223, 342, 585, 303, 36, 308, 239, 173, 123, 484, 530, 114, 198, 395, 391, 591, 28, 158, 779, 793, 364, 731, 410, 492, 502, 277, 43, 744, 628, 418, 446, 316, 253, 60, 546, 760, 578, 81, 647, 30, 275, 507, 782, 399, 781, 212, 778, 338, 423, 254, 569, 723, 172, 247, 75, 327, 463, 24, 798, 740, 363, 237, 596, 34, 185, 274, 224, 71, 617, 40, 132, 500, 562, 206, 426, 232, 15, 257, 192, 80, 495, 186, 678, 550, 727, 690, 401, 517, 487, 91, 478, 649, 291, 525, 554, 68, 392, 377]
labeling = [351, 25, 604, 640, 174, 437, 55, 90, 502, 553, 678, 600, 80, 705, 583, 783, 556, 57, 675, 226, 370, 242, 0, 28, 748, 217, 163, 496, 726, 192, 738, 393, 143, 689, 771, 307, 712, 44, 458, 514, 778, 288, 201, 721, 135, 642, 144, 300, 327, 560, 270, 277, 547, 303, 275, 208, 396, 376, 43, 234, 742, 520, 283, 412, 34, 424, 451, 125, 793, 638, 345, 754, 95, 463, 411, 763, 147, 17, 564, 618, 784, 744, 623, 129, 250, 7, 49, 417, 369, 567, 508, 795, 512, 117, 430, 650, 94, 42, 534, 187, 251, 266, 219, 6, 444, 310, 92, 73, 614, 441, 263, 222, 205, 612, 698, 301, 158, 664, 509, 420, 585, 364, 525, 692, 580, 709, 319, 554, 190, 503, 543, 290, 766, 587, 265, 166, 41, 23, 389, 422, 390, 176, 202, 171, 221, 149, 65, 665, 37, 459, 491, 707, 501, 584, 569, 455, 160, 481, 706, 230, 674, 399, 427, 133, 153, 620, 29, 691, 13, 86, 109, 563, 762, 684, 679, 676, 146, 541, 67, 78, 324, 581, 487, 215, 434, 773, 788, 562, 304, 367, 71, 237, 786, 33, 188, 632, 557, 56, 704, 527, 322, 362, 445, 203, 26, 59, 781, 261, 79, 575, 591, 421, 753, 626, 448, 312, 668, 447, 353, 199, 145, 354, 128, 711, 772, 331, 629, 352, 552, 377, 349, 611, 770, 335, 126, 592, 333, 752, 477, 715, 96, 565, 572, 116, 20, 233, 483, 743, 3, 672, 662, 375, 465, 740, 714, 318, 197, 785, 241, 366, 98, 454, 231, 381, 172, 87, 150, 52, 593, 260, 118, 46, 610, 460, 775, 745, 244, 734, 551, 127, 435, 363, 162, 669, 653, 654, 531, 84, 8, 15, 316, 799, 54, 267, 24, 332, 272, 539, 210, 286, 194, 582, 382, 710, 207, 602, 337, 291, 713, 579, 517, 289, 378, 652, 108, 58, 739, 342, 350, 311, 136, 485, 191, 388, 429, 443, 452, 750, 198, 211, 532, 200, 256, 264, 21, 374, 681, 630, 757, 571, 545, 533, 702, 113, 507, 544, 699, 183, 328, 123, 559, 155, 442, 326, 156, 10, 415, 189, 391, 50, 406, 138, 677, 767, 719, 490, 462, 82, 426, 206, 152, 546, 195, 66, 570, 673, 249, 801, 466, 402, 401, 119, 660, 499, 484, 12, 51, 495, 53, 568, 240, 722, 768, 298, 38, 720, 121, 536, 317, 749, 69, 792, 488, 305, 619, 530, 537, 538, 416, 313, 730, 392, 586, 228, 269, 608, 253, 262, 737, 93, 667, 492, 549, 759, 329, 83, 774, 621, 40, 613, 473, 88, 124, 239, 385, 9, 644, 519, 103, 294, 605, 409, 398, 281, 70, 204, 723, 423, 633, 139, 574, 341, 474, 438, 32, 347, 548, 247, 61, 526, 216, 511, 670, 756, 407, 89, 193, 274, 306, 214, 365, 471, 60, 185, 646, 19, 184, 130, 790, 213, 154, 257, 404, 469, 717, 102, 663, 794, 48, 518, 315, 72, 732, 695, 467, 787, 110, 379, 279, 245, 779, 494, 725, 647, 631, 489, 232, 747, 141, 235, 299, 497, 637, 627, 105, 340, 635, 782, 643, 680, 76, 321, 453, 35, 500, 761, 339, 140, 666, 120, 718, 11, 252, 159, 649, 596, 170, 700, 178, 99, 432, 1, 475, 308, 439, 338, 716, 355, 359, 148, 777, 74, 225, 161, 800, 325, 5, 360, 284, 330, 64, 590, 764, 515, 151, 655, 361, 528, 31, 729, 588, 555, 280, 472, 346, 180, 30, 373, 735, 578, 243, 132, 513, 522, 238, 696, 348, 542, 175, 285, 14, 724, 597, 268, 413, 521, 769, 589, 645, 134, 137, 167, 400, 659, 657, 516, 218, 182, 433, 2, 428, 114, 104, 177, 599, 405, 482, 776, 368, 701, 682, 115, 687, 68, 107, 480, 639, 449, 731, 336, 106, 414, 85, 486, 661, 550, 384, 287, 255, 209, 479, 309, 617, 505, 656, 558, 425, 741, 634, 797, 470, 62, 641, 100, 18, 273, 694, 436, 440, 334, 408, 498, 36, 616, 506, 693, 566, 683, 254, 196, 595, 112, 293, 101, 357, 278, 697, 594, 780, 636, 394, 91, 464, 323, 561, 372, 297, 529, 371, 478, 791, 450, 601, 292, 165, 651, 271, 688, 344, 356, 246, 169, 418, 493, 179, 157, 457, 671, 658, 395, 302, 461, 607, 510, 476, 358, 343, 75, 606, 111, 45, 603, 77, 760, 576, 535, 296, 789, 615, 63, 81, 728, 468, 212, 16, 523, 397, 456, 142, 380, 765, 628, 276, 686, 736, 446, 624, 703, 229, 186, 39, 386, 383, 223, 227, 259, 236, 173, 524, 320, 733, 648, 295, 403, 625, 22, 410, 504, 164, 573, 122, 220, 4, 181, 224, 131, 609, 540, 755, 727, 97, 751, 746, 685, 27, 622, 47, 419, 314, 690, 258, 168, 387, 708, 577, 282, 248, 431, 758, 598]
convergência = []

===== FIM =====
