===== RESULTADO BRKGA L(2,1) =====
Arquivo: /Users/mateuspedrosa/Documents/TCC-II/BRKGA/data/NR_DIMACS_cleaned/brock400-1_clean.mtx

----- Execução #1 -----
[INFO] Time limit atingido: 15 minutos. Interrompido no meio de uma geração.
Tempo de execução: 900012ms
Span (lambda): 401
best_order = [206, 114, 319, 333, 115, 106, 341, 363, 291, 208, 260, 259, 322, 143, 338, 251, 151, 71, 107, 306, 350, 174, 139, 157, 146, 159, 46, 357, 16, 78, 152, 223, 173, 132, 293, 31, 65, 339, 67, 117, 344, 216, 95, 68, 36, 276, 98, 242, 158, 92, 202, 321, 22, 102, 44, 128, 160, 300, 64, 35, 269, 49, 310, 74, 311, 378, 109, 171, 164, 352, 221, 354, 88, 200, 24, 330, 81, 258, 345, 133, 280, 79, 279, 391, 55, 192, 15, 93, 381, 312, 394, 317, 307, 238, 245, 374, 61, 365, 26, 83, 390, 225, 367, 172, 235, 327, 126, 189, 273, 14, 214, 342, 32, 366, 101, 233, 165, 142, 40, 241, 125, 229, 395, 244, 224, 193, 323, 118, 1, 308, 122, 29, 231, 334, 84, 220, 313, 155, 72, 134, 257, 399, 110, 388, 215, 181, 141, 346, 353, 356, 183, 336, 227, 175, 383, 13, 371, 30, 301, 252, 100, 314, 82, 375, 8, 267, 287, 86, 254, 250, 197, 262, 213, 261, 131, 150, 343, 285, 138, 392, 156, 234, 119, 108, 3, 282, 376, 198, 328, 97, 384, 275, 80, 66, 309, 186, 182, 340, 105, 228, 167, 226, 377, 286, 178, 23, 85, 176, 41, 19, 17, 361, 124, 222, 0, 48, 184, 209, 349, 96, 364, 136, 295, 7, 393, 188, 298, 329, 130, 154, 246, 326, 94, 205, 386, 104, 127, 57, 103, 69, 281, 50, 316, 296, 337, 283, 38, 204, 382, 266, 230, 153, 4, 162, 28, 149, 212, 10, 294, 389, 217, 237, 303, 218, 47, 201, 113, 362, 129, 43, 207, 325, 372, 358, 148, 299, 63, 2, 398, 348, 60, 62, 37, 191, 305, 265, 177, 351, 264, 116, 161, 332, 140, 120, 272, 12, 387, 335, 292, 277, 169, 379, 185, 243, 360, 147, 91, 380, 255, 9, 89, 253, 240, 199, 196, 20, 39, 51, 42, 6, 121, 90, 137, 34, 99, 236, 58, 278, 297, 52, 239, 359, 318, 170, 263, 284, 56, 163, 320, 331, 373, 249, 289, 76, 168, 59, 247, 268, 87, 145, 180, 144, 75, 18, 194, 288, 369, 248, 385, 256, 302, 70, 219, 190, 290, 45, 355, 270, 27, 397, 5, 232, 112, 195, 187, 274, 77, 135, 179, 324, 53, 370, 347, 33, 11, 25, 203, 73, 54, 21, 210, 211, 396, 315, 271, 111, 166, 304, 123, 368]
labeling = [230, 135, 274, 192, 223, 377, 305, 235, 175, 301, 265, 391, 286, 114, 69, 93, 41, 185, 319, 219, 313, 392, 57, 220, 81, 393, 106, 369, 262, 140, 169, 53, 105, 373, 331, 68, 56, 276, 246, 330, 126, 226, 332, 281, 46, 342, 21, 275, 232, 70, 251, 323, 295, 389, 386, 85, 348, 207, 339, 357, 291, 104, 270, 279, 36, 34, 202, 32, 48, 250, 370, 24, 145, 397, 71, 351, 349, 385, 43, 88, 200, 84, 165, 107, 144, 222, 137, 361, 75, 303, 317, 242, 58, 82, 231, 13, 199, 195, 27, 336, 161, 108, 62, 249, 247, 208, 9, 26, 190, 50, 132, 394, 378, 278, 2, 7, 302, 10, 133, 188, 257, 334, 138, 379, 228, 128, 113, 189, 44, 259, 211, 182, 4, 86, 150, 367, 236, 321, 147, 33, 306, 127, 124, 20, 365, 363, 35, 272, 287, 263, 168, 25, 45, 244, 239, 148, 159, 1, 42, 37, 64, 215, 225, 350, 63, 122, 384, 212, 340, 312, 290, 74, 103, 49, 31, 164, 224, 296, 143, 387, 315, 158, 191, 162, 193, 316, 201, 381, 205, 115, 372, 292, 92, 129, 366, 380, 328, 179, 197, 326, 79, 277, 60, 395, 258, 233, 0, 254, 12, 234, 347, 390, 248, 172, 118, 125, 54, 266, 273, 360, 146, 77, 227, 47, 112, 89, 214, 134, 210, 80, 237, 142, 364, 116, 176, 111, 337, 269, 100, 343, 293, 91, 40, 318, 130, 101, 241, 359, 353, 356, 157, 23, 170, 324, 178, 322, 368, 152, 59, 16, 14, 180, 155, 329, 300, 294, 221, 139, 309, 19, 375, 401, 308, 117, 383, 198, 17, 297, 338, 78, 67, 181, 194, 256, 346, 184, 218, 177, 362, 358, 325, 8, 299, 51, 252, 238, 209, 341, 229, 264, 66, 171, 333, 271, 402, 261, 28, 99, 136, 204, 65, 55, 97, 123, 163, 344, 253, 87, 345, 3, 352, 52, 18, 131, 371, 268, 243, 61, 174, 217, 83, 354, 304, 5, 110, 310, 141, 255, 22, 38, 206, 6, 120, 183, 15, 73, 153, 382, 289, 213, 29, 298, 76, 160, 30, 374, 149, 39, 285, 327, 320, 187, 280, 11, 203, 94, 119, 109, 403, 311, 376, 167, 283, 335, 102, 173, 196, 216, 72, 314, 284, 95, 260, 166, 151, 355, 245, 288, 156, 267, 98, 90, 186, 240, 96, 121, 399, 307, 282, 154]
convergência = [401]

===== FIM =====
