===== RESULTADO BRKGA L(2,1) =====
Arquivo: /Users/mateuspedrosa/Documents/TCC-II/BRKGA/data/NR_DIMACS_cleaned/brock400-3_clean.mtx

----- Execução #1 -----
[INFO] Time limit atingido: 15 minutos. Interrompido no meio de uma geração.
Tempo de execução: 900212ms
Span (lambda): 400
best_order = [251, 387, 210, 271, 112, 395, 293, 125, 256, 341, 253, 143, 246, 46, 350, 374, 37, 252, 6, 333, 336, 396, 71, 310, 377, 62, 197, 200, 134, 269, 324, 133, 45, 56, 338, 298, 348, 311, 201, 224, 390, 161, 267, 122, 231, 233, 330, 87, 107, 254, 227, 5, 74, 114, 188, 327, 216, 109, 176, 392, 58, 239, 132, 126, 296, 278, 151, 363, 72, 34, 25, 263, 215, 343, 355, 214, 178, 42, 20, 258, 55, 175, 118, 12, 207, 292, 279, 135, 358, 162, 165, 205, 230, 144, 27, 21, 159, 152, 79, 103, 26, 284, 304, 139, 10, 331, 98, 16, 31, 273, 220, 117, 84, 299, 8, 102, 354, 92, 326, 95, 19, 240, 99, 398, 272, 41, 91, 388, 288, 328, 218, 337, 259, 167, 208, 166, 370, 262, 319, 17, 367, 30, 106, 110, 372, 33, 129, 228, 359, 28, 160, 381, 40, 342, 75, 321, 195, 120, 307, 347, 294, 116, 196, 339, 213, 322, 312, 113, 316, 198, 157, 96, 237, 226, 73, 295, 362, 86, 81, 394, 153, 243, 164, 364, 14, 57, 184, 77, 105, 361, 85, 217, 108, 185, 67, 389, 352, 44, 229, 248, 3, 18, 219, 274, 174, 69, 68, 297, 127, 138, 101, 190, 64, 264, 225, 50, 51, 119, 261, 257, 303, 280, 172, 236, 154, 242, 2, 47, 88, 23, 83, 309, 266, 202, 168, 181, 63, 1, 283, 286, 382, 60, 53, 182, 90, 146, 65, 290, 147, 211, 281, 221, 150, 234, 204, 131, 334, 289, 386, 32, 277, 183, 368, 128, 29, 314, 356, 235, 276, 111, 351, 212, 22, 76, 136, 285, 320, 130, 38, 245, 93, 49, 232, 287, 379, 140, 385, 349, 332, 360, 145, 270, 250, 371, 173, 124, 123, 345, 70, 375, 373, 222, 35, 308, 282, 0, 318, 302, 59, 163, 203, 97, 192, 100, 249, 156, 194, 187, 325, 391, 179, 193, 399, 206, 189, 393, 177, 191, 268, 369, 397, 238, 24, 329, 353, 291, 357, 209, 335, 365, 148, 305, 323, 61, 15, 9, 169, 344, 383, 301, 300, 48, 52, 265, 82, 306, 346, 376, 315, 378, 170, 141, 186, 142, 313, 223, 89, 11, 241, 54, 247, 13, 155, 80, 137, 104, 121, 180, 384, 115, 78, 43, 94, 7, 366, 39, 317, 36, 340, 149, 199, 275, 171, 158, 260, 255, 4, 66, 244, 380]
labeling = [294, 207, 223, 195, 406, 60, 12, 395, 103, 356, 114, 376, 94, 380, 191, 354, 115, 146, 212, 126, 88, 108, 282, 243, 338, 69, 76, 89, 156, 269, 147, 116, 234, 151, 71, 289, 399, 21, 291, 363, 158, 132, 47, 392, 210, 7, 5, 230, 360, 232, 226, 228, 362, 150, 378, 92, 43, 192, 70, 308, 255, 327, 34, 247, 188, 263, 408, 205, 169, 218, 252, 29, 81, 171, 51, 160, 283, 196, 377, 109, 382, 187, 364, 221, 111, 200, 185, 42, 241, 361, 259, 134, 57, 295, 394, 124, 178, 319, 93, 125, 321, 224, 101, 82, 381, 190, 131, 49, 203, 35, 123, 281, 8, 155, 62, 390, 172, 118, 84, 229, 166, 386, 22, 307, 299, 13, 37, 222, 215, 152, 290, 258, 73, 41, 36, 98, 285, 384, 159, 87, 240, 359, 353, 16, 106, 266, 261, 227, 349, 402, 254, 77, 78, 189, 237, 332, 312, 177, 379, 110, 138, 50, 100, 316, 133, 102, 144, 142, 242, 334, 372, 383, 233, 306, 179, 80, 68, 318, 86, 328, 388, 236, 257, 256, 194, 199, 374, 324, 63, 333, 211, 320, 279, 329, 323, 164, 174, 14, 175, 404, 17, 48, 209, 292, 238, 104, 296, 74, 91, 343, 4, 225, 248, 167, 85, 83, 66, 201, 137, 214, 117, 244, 284, 365, 33, 219, 181, 58, 153, 193, 97, 54, 277, 24, 264, 278, 235, 180, 322, 72, 119, 357, 239, 161, 410, 293, 3, 373, 186, 305, 304, 0, 23, 1, 31, 391, 15, 202, 90, 141, 405, 213, 145, 64, 204, 336, 246, 52, 337, 38, 302, 6, 130, 113, 216, 367, 280, 271, 67, 95, 231, 265, 313, 249, 112, 287, 251, 275, 107, 268, 217, 340, 96, 11, 170, 183, 75, 220, 44, 120, 351, 341, 317, 197, 105, 350, 346, 168, 301, 245, 30, 28, 165, 325, 274, 368, 176, 397, 315, 140, 288, 162, 129, 352, 39, 260, 99, 65, 135, 310, 56, 55, 300, 19, 267, 345, 25, 139, 40, 143, 400, 10, 157, 45, 355, 286, 366, 163, 46, 298, 18, 272, 208, 330, 122, 61, 276, 342, 53, 154, 262, 198, 184, 79, 182, 347, 375, 136, 273, 339, 121, 303, 149, 311, 20, 309, 344, 32, 370, 250, 412, 148, 253, 358, 348, 297, 270, 2, 127, 206, 26, 326, 59, 335, 173, 9, 27, 314, 128, 331]
convergência = [400]

===== FIM =====
