===== RESULTADO BRKGA L(2,1) =====
Arquivo: /Users/mateuspedrosa/Documents/TCC-II/BRKGA/data/NR_DIMACS_cleaned/c-fat500-2_clean.mtx

----- Execução #1 -----
[INFO] Time limit atingido: 15 minutos. Interrompido no meio de uma geração.
Tempo de execução: 900001ms
Span (lambda): 68
best_order = [159, 103, 105, 63, 170, 37, 88, 451, 370, 334, 24, 42, 332, 212, 156, 231, 333, 421, 97, 96, 4, 365, 119, 384, 447, 287, 472, 57, 252, 16, 391, 194, 335, 459, 420, 14, 185, 403, 131, 191, 419, 7, 257, 98, 26, 355, 265, 386, 325, 337, 218, 228, 456, 47, 163, 12, 330, 492, 118, 186, 301, 423, 323, 320, 357, 211, 232, 435, 153, 200, 5, 50, 134, 281, 497, 8, 233, 74, 366, 19, 467, 260, 398, 31, 166, 345, 283, 418, 275, 377, 299, 190, 94, 41, 71, 80, 114, 262, 84, 227, 126, 481, 28, 61, 144, 462, 353, 340, 161, 375, 466, 382, 225, 151, 130, 127, 100, 406, 128, 175, 77, 45, 341, 89, 261, 306, 315, 282, 450, 336, 29, 318, 478, 220, 237, 444, 36, 329, 273, 317, 197, 313, 346, 174, 354, 255, 400, 431, 246, 270, 483, 73, 429, 188, 23, 291, 305, 176, 381, 455, 469, 496, 195, 293, 351, 298, 43, 408, 55, 184, 463, 116, 426, 160, 33, 280, 210, 479, 415, 219, 401, 427, 122, 132, 64, 436, 223, 101, 310, 311, 204, 109, 396, 18, 39, 278, 376, 457, 165, 216, 141, 213, 338, 179, 499, 157, 321, 474, 113, 327, 449, 390, 446, 66, 149, 206, 54, 316, 189, 202, 79, 378, 15, 471, 44, 434, 181, 244, 85, 324, 222, 208, 108, 350, 138, 40, 433, 380, 198, 3, 171, 167, 48, 76, 205, 379, 452, 453, 148, 490, 303, 117, 9, 86, 112, 133, 388, 322, 373, 243, 247, 106, 178, 399, 154, 95, 473, 405, 344, 135, 438, 445, 107, 392, 367, 361, 13, 136, 360, 407, 254, 277, 302, 240, 374, 241, 11, 192, 272, 358, 326, 65, 288, 266, 121, 294, 30, 91, 413, 238, 173, 271, 38, 34, 443, 92, 60, 90, 32, 476, 409, 464, 169, 111, 468, 372, 328, 68, 488, 441, 264, 356, 187, 209, 164, 248, 484, 263, 253, 269, 410, 162, 364, 349, 62, 347, 78, 425, 480, 259, 352, 140, 123, 432, 56, 139, 168, 27, 10, 458, 102, 236, 224, 383, 394, 362, 465, 196, 180, 221, 437, 470, 268, 110, 404, 17, 498, 319, 182, 125, 300, 142, 440, 460, 369, 215, 25, 145, 177, 83, 309, 295, 267, 229, 307, 20, 87, 2, 284, 183, 494, 239, 482, 99, 290, 201, 52, 137, 146, 297, 46, 289, 368, 308, 412, 49, 69, 67, 393, 417, 234, 448, 487, 51, 296, 199, 331, 143, 256, 439, 486, 207, 82, 150, 493, 58, 461, 389, 477, 155, 276, 485, 72, 203, 124, 422, 258, 416, 285, 115, 339, 395, 387, 292, 0, 442, 230, 249, 314, 363, 35, 6, 214, 21, 475, 147, 250, 343, 242, 424, 371, 70, 397, 279, 495, 286, 489, 274, 312, 414, 226, 1, 304, 172, 217, 251, 193, 491, 152, 93, 430, 359, 428, 385, 53, 75, 22, 411, 454, 81, 342, 402, 59, 158, 245, 120, 129, 348, 235, 104]
labeling = [64, 73, 57, 31, 1, 7, 66, 8, 12, 34, 53, 36, 13, 37, 10, 42, 6, 53, 33, 8, 65, 70, 72, 11, 4, 51, 3, 44, 2, 5, 36, 11, 49, 28, 44, 65, 13, 1, 47, 26, 33, 9, 0, 21, 25, 9, 47, 10, 31, 63, 8, 60, 50, 73, 39, 34, 50, 4, 69, 75, 50, 12, 43, 2, 28, 36, 31, 59, 37, 55, 64, 13, 59, 26, 14, 71, 35, 10, 49, 31, 11, 75, 63, 55, 12, 32, 38, 54, 1, 16, 40, 38, 45, 70, 14, 44, 2, 0, 11, 67, 21, 31, 45, 0, 68, 1, 33, 35, 18, 26, 48, 51, 38, 32, 16, 56, 22, 37, 4, 2, 78, 46, 23, 50, 62, 51, 15, 17, 20, 73, 14, 11, 23, 32, 12, 46, 48, 62, 45, 56, 54, 33, 53, 58, 16, 53, 56, 63, 20, 30, 58, 15, 68, 10, 39, 42, 3, 30, 70, 0, 20, 15, 41, 6, 44, 23, 13, 33, 52, 44, 0, 28, 68, 43, 17, 21, 28, 55, 49, 39, 59, 35, 51, 55, 22, 8, 12, 40, 14, 32, 9, 6, 45, 66, 0, 19, 52, 20, 34, 58, 7, 61, 29, 65, 16, 36, 30, 58, 29, 48, 25, 17, 7, 25, 62, 56, 40, 74, 15, 30, 27, 57, 37, 24, 46, 19, 65, 9, 0, 52, 62, 0, 8, 12, 54, 73, 50, 16, 45, 56, 42, 44, 71, 37, 27, 70, 21, 35, 50, 67, 69, 72, 9, 55, 49, 26, 70, 9, 71, 52, 10, 25, 5, 41, 34, 10, 38, 48, 46, 39, 19, 40, 47, 20, 69, 9, 59, 41, 28, 66, 22, 3, 17, 10, 58, 64, 68, 6, 37, 59, 57, 21, 64, 20, 53, 58, 68, 64, 25, 17, 61, 7, 39, 26, 66, 25, 21, 54, 57, 50, 23, 25, 61, 22, 63, 11, 32, 18, 12, 52, 5, 27, 35, 8, 34, 5, 45, 26, 39, 22, 6, 62, 5, 3, 0, 8, 24, 13, 37, 73, 19, 23, 74, 62, 30, 14, 23, 42, 69, 41, 34, 21, 53, 18, 24, 5, 48, 6, 43, 68, 40, 38, 52, 69, 48, 3, 0, 41, 61, 55, 4, 66, 47, 35, 51, 19, 38, 22, 43, 47, 44, 29, 17, 48, 6, 60, 5, 61, 22, 60, 28, 4, 43, 57, 51, 61, 27, 62, 8, 36, 18, 25, 77, 4, 53, 40, 19, 43, 24, 42, 51, 76, 52, 41, 67, 36, 72, 66, 20, 6, 4, 1, 60, 9, 64, 43, 27, 29, 67, 12, 66, 17, 55, 36, 34, 7, 25, 54, 39, 60, 54, 48, 67, 39, 14, 42, 28, 4, 65, 27, 19, 2, 30, 27, 75, 30, 16, 35, 58, 2, 63, 68, 14, 20, 32, 49, 17, 7, 24, 16, 44, 31, 2, 41, 30, 67, 46, 57, 14, 24, 50, 13, 59, 19, 46, 60, 49, 56, 46, 71, 32, 74, 15, 57, 60, 65, 32, 18, 60, 41]
convergência = [72, 72, 72, 72, 72, 72, 72, 72, 72, 72, 72, 72, 72, 72, 72, 72, 71, 71, 71, 71, 71, 71, 71, 71, 71, 71, 71, 71, 71, 71, 71, 71, 71, 71, 70, 70, 70, 70, 70, 70, 70, 70, 69, 69, 69, 69, 69, 69, 69, 69, 69, 69, 69, 69, 69, 69, 69, 69, 69, 69, 69, 69, 69, 69, 69, 69, 69, 69, 69, 69, 69, 69, 69, 69, 69, 69, 69, 69, 69, 69, 69, 69, 69, 69, 69, 69, 69, 69, 69, 69, 69, 68, 68, 68, 68, 68, 68, 68, 68, 68, 68, 68, 68, 68, 68, 68, 68, 68, 68, 68, 68, 68, 68, 68, 68, 68, 68, 68, 68, 68, 68, 68, 68, 68, 68, 68, 68, 68, 68, 68, 68, 68, 68, 68, 68, 68, 68, 68, 68, 68, 68, 68, 68, 68]

===== FIM =====
