===== RESULTADO BRKGA L(2,1) =====
Arquivo: /Users/mateuspedrosa/Documents/TCC-II/BRKGA/data/NR_DIMACS_cleaned/c-fat500-10_clean.mtx

----- Execução #1 -----
[INFO] Time limit atingido: 15 minutos. Interrompido no meio de uma geração.
Tempo de execução: 900109ms
Span (lambda): 332
best_order = [107, 446, 354, 124, 438, 108, 308, 307, 143, 3, 374, 211, 430, 414, 234, 195, 449, 285, 349, 277, 373, 363, 410, 404, 297, 29, 192, 260, 347, 415, 148, 183, 480, 0, 207, 113, 336, 178, 237, 13, 448, 454, 292, 366, 228, 30, 428, 136, 328, 17, 466, 157, 227, 203, 259, 182, 479, 58, 147, 333, 111, 417, 420, 119, 220, 244, 291, 419, 348, 89, 298, 365, 142, 422, 114, 295, 309, 445, 243, 115, 434, 418, 396, 121, 247, 249, 190, 75, 229, 88, 166, 73, 312, 305, 196, 429, 278, 52, 53, 44, 426, 100, 379, 413, 416, 276, 145, 222, 156, 406, 294, 313, 99, 118, 488, 47, 356, 288, 223, 424, 240, 378, 452, 387, 377, 56, 317, 494, 10, 173, 139, 141, 194, 14, 41, 146, 290, 427, 239, 15, 435, 162, 252, 66, 314, 423, 371, 306, 154, 102, 319, 225, 372, 153, 98, 399, 151, 70, 256, 490, 467, 150, 268, 33, 300, 20, 155, 346, 226, 388, 432, 159, 201, 496, 398, 175, 299, 484, 382, 45, 205, 458, 258, 367, 241, 50, 266, 486, 459, 28, 469, 11, 129, 301, 456, 495, 51, 368, 95, 482, 481, 31, 112, 57, 93, 198, 380, 76, 186, 437, 67, 384, 310, 273, 79, 212, 345, 86, 385, 210, 9, 38, 265, 487, 213, 476, 477, 489, 400, 289, 122, 126, 221, 321, 120, 197, 64, 335, 330, 27, 275, 160, 193, 5, 463, 116, 117, 83, 334, 320, 337, 224, 375, 254, 184, 360, 238, 311, 464, 149, 74, 216, 327, 22, 478, 461, 96, 61, 1, 104, 340, 26, 59, 62, 232, 63, 130, 230, 462, 231, 251, 4, 425, 391, 144, 453, 491, 351, 392, 125, 264, 282, 284, 242, 483, 245, 171, 359, 409, 204, 257, 165, 411, 23, 84, 485, 439, 106, 364, 161, 355, 200, 280, 77, 271, 323, 447, 358, 352, 18, 350, 214, 43, 403, 324, 32, 286, 189, 248, 339, 169, 281, 55, 81, 179, 34, 65, 269, 91, 54, 94, 215, 82, 80, 217, 303, 24, 421, 140, 185, 325, 255, 174, 436, 135, 253, 390, 498, 441, 407, 85, 97, 250, 296, 474, 272, 316, 158, 475, 170, 8, 344, 465, 187, 331, 131, 383, 444, 450, 46, 471, 381, 329, 152, 401, 492, 235, 408, 338, 267, 440, 279, 60, 21, 457, 442, 105, 101, 177, 40, 137, 110, 49, 35, 68, 362, 219, 109, 499, 36, 72, 19, 342, 326, 394, 473, 180, 176, 134, 443, 353, 48, 389, 168, 37, 233, 395, 304, 370, 468, 218, 42, 39, 393, 128, 246, 472, 199, 332, 208, 202, 322, 470, 397, 209, 236, 172, 191, 6, 302, 376, 16, 287, 315, 138, 386, 87, 361, 497, 405, 318, 103, 164, 181, 206, 7, 167, 92, 451, 431, 412, 402, 455, 293, 188, 369, 132, 270, 127, 274, 2, 493, 163, 25, 460, 263, 433, 12, 341, 133, 261, 123, 343, 90, 283, 71, 69, 262, 78, 357]
labeling = [17, 202, 342, 11, 190, 166, 304, 337, 270, 162, 83, 143, 331, 32, 85, 87, 329, 30, 221, 281, 117, 271, 181, 224, 255, 344, 189, 163, 132, 22, 35, 132, 238, 121, 235, 272, 268, 290, 151, 296, 293, 80, 316, 224, 77, 119, 269, 64, 307, 297, 137, 145, 73, 75, 245, 243, 78, 149, 35, 181, 264, 187, 189, 208, 178, 246, 106, 153, 266, 340, 101, 351, 299, 54, 179, 69, 148, 218, 353, 146, 251, 244, 237, 175, 210, 252, 149, 333, 47, 40, 348, 232, 315, 136, 247, 127, 200, 261, 116, 88, 79, 273, 91, 335, 204, 289, 213, 0, 5, 275, 279, 33, 138, 14, 52, 64, 168, 170, 72, 39, 176, 42, 172, 345, 3, 197, 160, 345, 315, 142, 191, 247, 324, 336, 288, 260, 26, 295, 328, 96, 234, 99, 46, 4, 214, 58, 91, 47, 28, 179, 104, 98, 278, 101, 114, 122, 86, 40, 267, 107, 180, 225, 104, 333, 305, 207, 52, 339, 309, 233, 254, 203, 302, 97, 256, 112, 303, 291, 22, 230, 284, 312, 37, 15, 190, 257, 151, 243, 322, 220, 50, 324, 1, 182, 85, 15, 71, 164, 139, 317, 228, 128, 321, 43, 205, 121, 314, 19, 322, 325, 160, 13, 150, 154, 239, 249, 196, 248, 314, 274, 51, 162, 58, 74, 188, 95, 126, 41, 36, 63, 191, 210, 206, 311, 4, 260, 297, 30, 177, 83, 71, 135, 197, 62, 53, 202, 294, 43, 240, 44, 250, 183, 105, 250, 174, 258, 103, 223, 133, 45, 24, 338, 328, 347, 220, 164, 139, 262, 113, 225, 321, 232, 268, 154, 340, 165, 84, 16, 54, 286, 230, 242, 195, 350, 199, 12, 241, 331, 67, 170, 98, 55, 34, 319, 70, 41, 266, 8, 50, 129, 115, 134, 306, 253, 313, 56, 112, 9, 7, 56, 144, 165, 49, 63, 108, 299, 238, 95, 310, 93, 184, 174, 323, 219, 222, 231, 283, 198, 28, 275, 177, 245, 295, 42, 172, 155, 21, 186, 267, 228, 173, 334, 281, 349, 272, 156, 124, 26, 59, 14, 237, 216, 236, 305, 2, 217, 90, 342, 229, 222, 192, 332, 277, 17, 215, 44, 27, 116, 130, 338, 308, 110, 107, 18, 6, 163, 327, 76, 74, 81, 138, 259, 114, 274, 140, 158, 330, 94, 125, 277, 262, 212, 218, 318, 283, 288, 67, 300, 110, 96, 168, 280, 336, 226, 20, 308, 68, 264, 282, 211, 19, 208, 317, 82, 10, 13, 51, 37, 66, 57, 49, 227, 48, 89, 69, 209, 72, 100, 38, 65, 8, 341, 105, 346, 60, 102, 236, 142, 2, 226, 284, 259, 269, 286, 255, 61, 0, 234, 23, 6, 265, 310, 92, 195, 25, 343, 119, 287, 131, 141, 329, 185, 193, 157, 194, 263, 32, 120, 292, 130, 298, 276, 320, 301, 252, 241, 156, 158, 183, 31, 11, 144, 147, 201, 127, 213, 123, 153, 61, 166, 118, 193, 257, 326, 80, 125, 109, 334, 239, 279]
convergência = [338, 335, 334, 334, 333, 332]

===== FIM =====
