===== RESULTADO BRKGA L(2,1) =====
Arquivo: /Users/mateuspedrosa/Documents/TCC-II/BRKGA/data/NR_DIMACS_cleaned/c-fat500-5_clean.mtx

----- Execução #1 -----
[INFO] Time limit atingido: 15 minutos. Interrompido no meio de uma geração.
Tempo de execução: 900001ms
Span (lambda): 170
best_order = [404, 444, 278, 266, 1, 282, 409, 37, 32, 172, 328, 285, 41, 188, 485, 454, 295, 465, 49, 29, 162, 492, 325, 181, 222, 382, 223, 45, 286, 343, 52, 298, 281, 360, 345, 496, 439, 161, 46, 472, 389, 299, 357, 129, 123, 466, 70, 171, 393, 80, 109, 460, 455, 28, 12, 130, 47, 262, 405, 333, 292, 191, 399, 184, 428, 441, 356, 437, 106, 241, 258, 114, 287, 245, 211, 429, 178, 25, 175, 251, 160, 135, 182, 319, 200, 353, 303, 320, 376, 425, 221, 94, 113, 107, 61, 233, 488, 351, 440, 238, 476, 176, 340, 463, 110, 164, 446, 63, 147, 9, 168, 427, 294, 470, 163, 122, 390, 99, 104, 309, 267, 174, 93, 64, 103, 396, 82, 424, 273, 255, 413, 111, 5, 85, 259, 494, 195, 445, 180, 452, 249, 419, 362, 398, 457, 146, 348, 250, 186, 352, 213, 339, 274, 361, 368, 324, 210, 194, 329, 239, 244, 447, 313, 90, 436, 471, 330, 386, 373, 198, 459, 6, 264, 39, 363, 193, 414, 205, 487, 289, 88, 420, 415, 120, 475, 438, 347, 408, 42, 421, 150, 117, 256, 456, 407, 71, 395, 27, 119, 192, 442, 284, 98, 121, 383, 431, 252, 265, 44, 491, 35, 468, 226, 17, 484, 62, 153, 301, 127, 231, 40, 207, 302, 344, 68, 483, 26, 173, 381, 473, 78, 97, 261, 30, 378, 108, 105, 33, 314, 391, 144, 196, 228, 218, 201, 158, 16, 422, 384, 74, 326, 11, 263, 217, 305, 374, 152, 359, 10, 242, 65, 297, 300, 318, 418, 402, 75, 131, 497, 215, 51, 197, 236, 132, 495, 134, 338, 227, 95, 219, 332, 8, 56, 84, 87, 315, 316, 43, 464, 397, 283, 469, 229, 403, 312, 337, 430, 0, 334, 165, 31, 183, 451, 342, 341, 15, 100, 401, 34, 214, 3, 77, 449, 277, 116, 234, 185, 83, 392, 450, 137, 2, 189, 336, 13, 406, 66, 204, 208, 327, 212, 253, 169, 20, 296, 230, 260, 167, 371, 499, 498, 156, 354, 216, 290, 367, 369, 154, 126, 7, 60, 331, 206, 190, 279, 377, 276, 177, 202, 293, 225, 14, 142, 482, 54, 128, 477, 412, 53, 38, 59, 170, 462, 490, 58, 400, 423, 145, 4, 291, 72, 23, 124, 55, 81, 187, 101, 125, 48, 237, 139, 317, 224, 394, 478, 24, 458, 486, 304, 69, 79, 91, 76, 275, 232, 50, 73, 203, 143, 365, 280, 149, 479, 118, 416, 179, 36, 489, 480, 474, 379, 112, 433, 308, 306, 272, 385, 288, 235, 248, 199, 311, 115, 102, 159, 140, 323, 271, 136, 96, 148, 481, 410, 166, 448, 220, 355, 269, 417, 493, 321, 246, 435, 375, 209, 310, 141, 380, 350, 86, 358, 155, 254, 307, 22, 322, 426, 411, 133, 349, 370, 387, 89, 453, 268, 157, 92, 335, 57, 257, 243, 372, 21, 461, 151, 346, 270, 247, 67, 443, 364, 366, 138, 240, 18, 434, 467, 19, 388, 432]
labeling = [104, 0, 114, 108, 132, 41, 55, 129, 104, 42, 100, 84, 25, 113, 126, 108, 86, 68, 179, 185, 117, 175, 171, 141, 145, 26, 80, 70, 23, 8, 89, 106, 2, 80, 105, 64, 145, 3, 135, 57, 81, 7, 66, 105, 75, 13, 17, 7, 139, 6, 140, 95, 13, 130, 133, 143, 106, 167, 134, 128, 121, 37, 72, 49, 46, 90, 116, 177, 74, 140, 19, 75, 139, 149, 95, 86, 141, 109, 87, 136, 16, 137, 33, 110, 91, 43, 167, 108, 65, 165, 62, 144, 170, 42, 35, 97, 166, 78, 59, 30, 93, 138, 150, 48, 46, 87, 22, 32, 88, 19, 45, 55, 154, 36, 23, 150, 113, 68, 148, 77, 67, 74, 28, 14, 133, 135, 120, 79, 117, 13, 17, 89, 86, 157, 100, 28, 160, 117, 171, 138, 152, 158, 128, 145, 84, 135, 44, 10, 154, 142, 66, 174, 99, 78, 111, 162, 119, 168, 91, 162, 28, 11, 8, 28, 34, 106, 152, 125, 44, 119, 130, 16, 2, 80, 51, 26, 41, 122, 25, 143, 45, 11, 31, 112, 24, 113, 49, 136, 6, 111, 124, 20, 73, 51, 55, 40, 80, 97, 51, 154, 30, 93, 126, 146, 115, 64, 122, 81, 113, 174, 53, 2, 115, 49, 116, 96, 127, 97, 91, 98, 154, 33, 1, 5, 141, 129, 66, 99, 82, 104, 123, 79, 147, 36, 109, 150, 92, 137, 40, 63, 178, 19, 85, 171, 54, 29, 161, 176, 156, 52, 47, 18, 73, 117, 153, 53, 71, 176, 21, 37, 119, 78, 23, 90, 63, 76, 1, 41, 166, 149, 174, 164, 156, 39, 48, 136, 126, 111, 1, 131, 151, 11, 3, 107, 48, 4, 15, 24, 160, 62, 127, 134, 20, 128, 33, 4, 122, 102, 9, 12, 90, 78, 83, 32, 143, 82, 148, 161, 147, 39, 165, 158, 110, 60, 89, 103, 96, 139, 93, 30, 34, 172, 165, 152, 52, 9, 88, 120, 0, 58, 64, 123, 94, 27, 103, 171, 111, 102, 97, 50, 32, 109, 114, 10, 83, 13, 169, 57, 46, 163, 151, 38, 58, 31, 125, 156, 22, 17, 169, 94, 2, 56, 45, 53, 175, 147, 176, 115, 60, 120, 167, 121, 163, 58, 92, 163, 32, 124, 82, 148, 160, 85, 11, 75, 88, 158, 57, 169, 166, 15, 37, 86, 115, 17, 140, 68, 44, 99, 61, 22, 133, 107, 92, 101, 0, 25, 118, 73, 69, 5, 157, 164, 125, 54, 67, 69, 150, 170, 87, 42, 60, 63, 84, 137, 50, 34, 159, 35, 29, 31, 101, 77, 180, 146, 181, 159, 56, 27, 61, 12, 40, 19, 72, 173, 0, 59, 47, 65, 168, 109, 112, 103, 47, 173, 7, 21, 71, 54, 142, 51, 21, 172, 132, 43, 99, 4, 15, 183, 70, 102, 35, 53, 15, 85, 155, 55, 39, 130, 142, 148, 152, 163, 131, 76, 72, 5, 146, 59, 38, 153, 132, 77, 10, 156, 57, 95, 9, 94, 118, 123]
convergência = [172, 172, 172, 172, 170, 170, 170, 170, 170, 170, 170, 170, 170, 170, 170, 170, 170, 170, 170, 170, 170, 170, 170, 170, 170, 170]

===== FIM =====
