===== RESULTADO BRKGA L(2,1) =====
Arquivo: /Users/mateuspedrosa/Documents/TCC-II/BRKGA/data/NR_DIMACS_cleaned/c-fat200-2_clean.mtx

----- Execução #1 -----
[INFO] Parou por estagnação.
Tempo de execução: 340964ms
Span (lambda): 55
best_order = [112, 114, 39, 91, 3, 199, 140, 68, 178, 5, 121, 10, 28, 179, 37, 76, 55, 92, 198, 9, 33, 20, 111, 162, 195, 44, 167, 81, 109, 197, 144, 193, 40, 95, 36, 25, 138, 79, 170, 123, 77, 117, 151, 38, 115, 54, 149, 98, 190, 43, 90, 157, 96, 154, 70, 194, 88, 13, 136, 53, 120, 122, 180, 181, 2, 159, 17, 1, 163, 99, 187, 84, 97, 129, 133, 107, 60, 8, 63, 16, 142, 93, 106, 128, 72, 78, 176, 146, 18, 196, 102, 168, 50, 124, 61, 110, 31, 131, 56, 87, 148, 108, 27, 47, 21, 75, 89, 49, 152, 14, 137, 153, 65, 4, 113, 184, 160, 32, 71, 135, 169, 86, 15, 175, 94, 48, 6, 66, 62, 141, 105, 46, 19, 161, 52, 155, 119, 45, 103, 58, 29, 59, 165, 173, 143, 41, 11, 67, 171, 127, 183, 186, 74, 82, 104, 0, 126, 118, 185, 166, 164, 147, 12, 51, 182, 116, 145, 7, 57, 130, 30, 73, 174, 35, 34, 156, 125, 192, 172, 26, 22, 191, 101, 158, 150, 134, 132, 139, 83, 69, 177, 100, 23, 24, 188, 42, 85, 80, 64, 189]
labeling = [48, 28, 19, 4, 32, 3, 39, 44, 30, 4, 0, 31, 40, 10, 26, 35, 19, 27, 34, 39, 11, 27, 52, 55, 51, 9, 46, 26, 2, 25, 42, 22, 30, 5, 49, 52, 18, 5, 17, 2, 10, 26, 53, 21, 6, 36, 18, 5, 19, 24, 20, 47, 44, 8, 20, 7, 37, 54, 38, 22, 29, 35, 40, 24, 49, 9, 27, 38, 2, 51, 11, 40, 32, 55, 44, 29, 6, 14, 31, 11, 52, 8, 41, 37, 15, 52, 32, 28, 13, 38, 22, 0, 9, 21, 36, 12, 5, 25, 19, 22, 47, 35, 17, 36, 41, 39, 23, 29, 36, 14, 35, 13, 0, 20, 1, 17, 42, 10, 43, 23, 13, 4, 14, 9, 31, 54, 50, 41, 23, 15, 50, 18, 49, 27, 48, 34, 16, 7, 1, 50, 0, 37, 21, 46, 16, 53, 33, 48, 24, 16, 47, 15, 32, 28, 14, 21, 46, 8, 43, 16, 33, 42, 12, 30, 46, 40, 45, 8, 33, 37, 13, 38, 45, 29, 44, 34, 18, 53, 1, 4, 24, 26, 51, 42, 34, 43, 41, 23, 50, 54, 12, 33, 48, 6, 12, 7, 25, 6, 10, 3]
convergência = [60, 60, 60, 60, 60, 60, 60, 60, 60, 60, 60, 60, 59, 59, 59, 59, 59, 59, 59, 59, 59, 59, 59, 59, 59, 58, 58, 57, 57, 57, 57, 57, 57, 57, 57, 57, 57, 57, 57, 57, 57, 57, 57, 56, 56, 56, 56, 56, 56, 56, 55, 55, 55, 55, 55, 55, 55, 55, 55, 55, 55, 55, 55, 55, 55, 55, 55, 55, 55, 55, 55, 55, 55, 55, 55, 55, 55, 55, 55, 55, 55, 55, 55, 55, 55, 55, 55, 55, 55, 55, 55, 55, 55, 55, 55, 55, 55, 55, 55, 55, 55, 55, 55, 55, 55, 55, 55, 55, 55, 55, 55, 55, 55, 55, 55, 55, 55, 55, 55, 55, 55, 55, 55, 55, 55, 55, 55, 55, 55, 55, 55, 55, 55, 55, 55, 55, 55, 55, 55, 55, 55, 55, 55, 55, 55, 55, 55, 55, 55, 55, 55, 55, 55, 55, 55, 55, 55, 55, 55, 55, 55, 55, 55, 55, 55, 55, 55, 55, 55, 55, 55, 55, 55, 55]

===== FIM =====
