===== RESULTADO BRKGA L(2,1) =====
Arquivo: /Users/mateuspedrosa/Documents/TCC-II/BRKGA/data/NR_DIMACS_cleaned/C1000-9_clean.mtx

----- Execução #1 -----
[INFO] Time limit atingido: 15 minutos. Esgotado durante a inicialização da população.
Tempo de execução: 905996ms
Span (lambda): 1053
best_order = [133, 558, 333, 292, 642, 388, 250, 176, 473, 607, 774, 765, 203, 620, 199, 9, 614, 482, 327, 860, 26, 89, 136, 56, 909, 764, 286, 318, 953, 792, 758, 678, 210, 660, 166, 370, 197, 55, 289, 103, 514, 537, 353, 845, 235, 447, 276, 884, 463, 441, 696, 407, 409, 328, 776, 475, 653, 985, 494, 145, 266, 438, 980, 377, 446, 64, 175, 37, 769, 616, 791, 944, 566, 865, 905, 681, 526, 170, 39, 369, 571, 453, 454, 437, 995, 184, 129, 988, 17, 969, 536, 270, 777, 648, 688, 888, 389, 647, 91, 249, 364, 62, 612, 531, 383, 846, 530, 251, 960, 71, 42, 587, 552, 790, 685, 181, 23, 387, 204, 502, 341, 374, 686, 733, 329, 831, 54, 633, 470, 322, 912, 876, 326, 257, 750, 186, 161, 324, 873, 63, 741, 428, 436, 268, 469, 863, 41, 6, 291, 312, 986, 825, 30, 886, 182, 785, 705, 540, 306, 915, 662, 34, 450, 672, 420, 398, 439, 619, 378, 802, 562, 625, 131, 397, 254, 212, 123, 261, 69, 925, 719, 595, 954, 900, 932, 922, 390, 452, 942, 850, 784, 135, 740, 355, 402, 916, 634, 298, 283, 515, 490, 867, 650, 415, 246, 829, 243, 933, 317, 637, 167, 432, 156, 599, 559, 373, 46, 808, 401, 33, 967, 290, 427, 67, 583, 296, 943, 421, 406, 819, 216, 465, 543, 683, 982, 497, 621, 654, 794, 346, 395, 979, 961, 572, 400, 586, 347, 861, 520, 414, 793, 416, 468, 22, 535, 862, 702, 718, 752, 680, 36, 349, 649, 891, 510, 521, 646, 806, 110, 323, 308, 385, 368, 704, 148, 690, 340, 897, 384, 849, 45, 508, 797, 225, 458, 299, 596, 115, 294, 643, 18, 201, 0, 882, 832, 274, 196, 848, 5, 87, 505, 519, 639, 27, 442, 61, 906, 43, 332, 325, 602, 996, 50, 8, 479, 506, 252, 104, 188, 597, 52, 545, 101, 534, 222, 938, 440, 623, 393, 529, 635, 628, 839, 613, 742, 796, 957, 2, 959, 580, 124, 721, 935, 97, 795, 7, 828, 485, 824, 109, 722, 72, 382, 585, 231, 993, 669, 775, 405, 738, 507, 893, 11, 24, 810, 474, 716, 234, 13, 117, 467, 430, 693, 992, 605, 493, 47, 941, 966, 434, 244, 241, 513, 126, 59, 193, 723, 548, 154, 617, 144, 872, 822, 128, 875, 555, 698, 228, 217, 783, 962, 208, 837, 300, 679, 754, 314, 233, 630, 302, 641, 720, 164, 836, 205, 264, 851, 258, 229, 457, 272, 689, 898, 726, 768, 858, 426, 238, 751, 130, 883, 451, 629, 114, 739, 934, 551, 240, 293, 350, 924, 524, 987, 483, 459, 310, 533, 137, 903, 627, 121, 70, 337, 901, 581, 344, 105, 974, 155, 111, 236, 673, 697, 180, 827, 275, 19, 638, 522, 936, 413, 495, 38, 538, 112, 965, 749, 805, 818, 841, 411, 952, 547, 578, 466, 609, 335, 756, 481, 917, 239, 141, 410, 120, 362, 804, 379, 671, 303, 577, 160, 94, 907, 371, 265, 727, 78, 737, 331, 843, 219, 226, 348, 288, 744, 366, 798, 556, 983, 464, 20, 152, 177, 908, 86, 504, 703, 655, 970, 610, 762, 214, 527, 927, 546, 767, 375, 53, 80, 708, 171, 178, 814, 590, 284, 21, 568, 636, 445, 230, 287, 301, 735, 380, 789, 624, 516, 947, 122, 588, 881, 359, 32, 74, 118, 593, 218, 202, 269, 159, 864, 271, 926, 187, 874, 826, 976, 443, 542, 691, 603, 755, 676, 456, 811, 606, 631, 604, 153, 256, 179, 455, 408, 360, 336, 255, 544, 404, 194, 728, 207, 644, 248, 594, 695, 500, 189, 885, 267, 892, 815, 25, 782, 714, 801, 259, 146, 151, 835, 422, 712, 745, 215, 675, 997, 951, 15, 396, 150, 902, 817, 929, 51, 418, 525, 315, 480, 948, 106, 823, 787, 730, 448, 330, 29, 517, 608, 14, 895, 191, 657, 102, 48, 914, 550, 692, 363, 365, 589, 978, 878, 140, 994, 855, 139, 509, 381, 345, 429, 185, 484, 263, 998, 746, 778, 773, 169, 700, 307, 877, 3, 412, 282, 134, 598, 972, 423, 591, 471, 921, 157, 838, 95, 149, 694, 295, 65, 699, 757, 975, 940, 949, 889, 920, 35, 247, 138, 279, 626, 684, 83, 394, 190, 339, 732, 682, 910, 582, 142, 640, 433, 311, 158, 760, 674, 579, 488, 242, 512, 958, 501, 132, 162, 168, 356, 567, 618, 392, 417, 198, 928, 799, 523, 305, 358, 127, 147, 747, 611, 107, 81, 351, 622, 736, 853, 859, 813, 477, 82, 399, 60, 503, 99, 321, 549, 143, 772, 816, 748, 419, 391, 990, 807, 931, 309, 852, 113, 890, 592, 707, 570, 486, 460, 476, 968, 461, 856, 989, 565, 918, 172, 44, 165, 278, 763, 731, 911, 554, 725, 812, 946, 367, 834, 444, 779, 58, 491, 478, 844, 971, 833, 16, 281, 285, 313, 224, 896, 273, 939, 195, 871, 541, 79, 710, 173, 709, 361, 100, 125, 786, 981, 277, 245, 717, 575, 213, 424, 528, 93, 800, 10, 842, 715, 759, 771, 753, 651, 85, 116, 57, 854, 840, 90, 667, 781, 88, 711, 788, 701, 539, 96, 687, 237, 600, 632, 563, 761, 984, 431, 1, 31, 92, 964, 334, 77, 656, 724, 372, 820, 462, 866, 973, 472, 487, 435, 192, 12, 220, 734, 894, 209, 352, 449, 661, 221, 899, 560, 670, 645, 803, 338, 174, 713, 743, 668, 770, 553, 870, 809, 729, 923, 950, 342, 260, 913, 316, 569, 658, 561, 977, 955, 991, 320, 354, 386, 425, 847, 664, 499, 119, 615, 666, 297, 868, 76, 108, 223, 280, 574, 66, 532, 28, 557, 706, 937, 857, 232, 498, 376, 319, 879, 999, 576, 183, 956, 73, 963, 68, 665, 40, 84, 821, 919, 652, 830, 200, 573, 98, 564, 492, 4, 904, 227, 49, 880, 780, 253, 75, 496, 489, 601, 584, 163, 343, 663, 930, 766, 869, 357, 677, 511, 206, 211, 262, 403, 887, 659, 304, 945, 518]
labeling = [360, 942, 398, 736, 889, 366, 202, 408, 375, 28, 487, 425, 956, 346, 714, 682, 808, 133, 358, 502, 595, 458, 137, 164, 248, 681, 34, 371, 827, 711, 209, 944, 526, 173, 220, 773, 317, 110, 539, 117, 1032, 200, 145, 244, 866, 171, 285, 276, 668, 1045, 336, 577, 383, 330, 135, 63, 13, 918, 878, 445, 837, 123, 151, 125, 106, 623, 774, 228, 1030, 241, 297, 42, 374, 1029, 633, 561, 1009, 917, 578, 895, 614, 772, 834, 710, 738, 819, 356, 368, 506, 36, 924, 146, 946, 722, 426, 760, 930, 404, 1038, 841, 742, 385, 718, 67, 219, 521, 705, 557, 1011, 412, 329, 527, 299, 831, 495, 353, 749, 393, 635, 1001, 551, 485, 481, 189, 400, 899, 443, 820, 369, 130, 477, 231, 803, 0, 748, 257, 38, 236, 696, 651, 725, 564, 785, 845, 306, 98, 528, 822, 335, 694, 322, 567, 594, 652, 447, 525, 81, 756, 789, 626, 572, 7, 805, 1055, 472, 868, 57, 281, 807, 666, 116, 616, 865, 897, 977, 108, 12, 344, 573, 508, 529, 162, 212, 1025, 46, 733, 87, 542, 294, 675, 365, 606, 902, 363, 665, 892, 31, 61, 800, 26, 1034, 242, 628, 22, 73, 456, 961, 655, 450, 962, 53, 1065, 237, 909, 609, 659, 298, 455, 639, 479, 794, 967, 386, 1013, 890, 141, 584, 1044, 107, 361, 473, 418, 980, 464, 334, 74, 489, 759, 284, 562, 497, 320, 795, 277, 441, 905, 275, 763, 446, 147, 10, 118, 379, 1051, 235, 662, 654, 139, 478, 685, 923, 239, 1010, 735, 476, 576, 100, 679, 194, 581, 120, 640, 482, 867, 266, 452, 78, 903, 540, 775, 804, 676, 747, 265, 620, 886, 43, 545, 588, 65, 256, 203, 4, 499, 355, 712, 252, 1007, 263, 349, 280, 524, 466, 568, 401, 818, 152, 598, 333, 844, 491, 787, 179, 888, 389, 672, 992, 272, 45, 991, 900, 719, 174, 331, 184, 99, 180, 32, 88, 143, 483, 563, 250, 1, 538, 556, 660, 515, 975, 744, 339, 168, 988, 1020, 215, 647, 301, 163, 586, 319, 501, 826, 964, 71, 798, 60, 809, 1063, 690, 460, 658, 746, 288, 674, 149, 723, 590, 874, 197, 119, 59, 574, 638, 19, 58, 613, 1021, 102, 225, 318, 553, 532, 414, 153, 25, 157, 945, 166, 8, 103, 159, 405, 680, 392, 777, 305, 695, 233, 39, 836, 286, 289, 260, 1067, 664, 382, 296, 84, 436, 86, 308, 550, 745, 399, 181, 273, 315, 753, 701, 847, 77, 295, 689, 686, 825, 1000, 490, 206, 190, 731, 431, 940, 283, 708, 439, 869, 192, 126, 3, 222, 388, 80, 183, 644, 776, 625, 104, 76, 632, 409, 208, 494, 249, 122, 124, 656, 650, 480, 347, 509, 559, 782, 950, 17, 282, 199, 554, 304, 268, 196, 97, 498, 575, 14, 367, 15, 790, 832, 882, 91, 615, 549, 27, 395, 530, 213, 857, 915, 653, 755, 269, 880, 1042, 348, 96, 537, 788, 187, 1019, 864, 673, 801, 167, 839, 555, 370, 377, 421, 340, 729, 109, 974, 797, 417, 56, 267, 522, 713, 636, 246, 313, 324, 533, 816, 505, 703, 48, 534, 911, 254, 156, 21, 879, 511, 223, 258, 136, 69, 541, 928, 218, 751, 434, 300, 587, 372, 397, 552, 432, 843, 610, 384, 158, 893, 870, 451, 314, 1015, 2, 240, 838, 850, 227, 778, 1040, 863, 95, 810, 622, 919, 855, 121, 52, 1036, 881, 645, 1023, 570, 547, 793, 5, 519, 670, 291, 1053, 416, 115, 101, 444, 678, 618, 752, 846, 637, 669, 83, 351, 381, 750, 185, 934, 1022, 373, 350, 270, 433, 471, 16, 204, 454, 605, 704, 37, 338, 30, 1003, 114, 419, 812, 224, 24, 193, 649, 390, 629, 229, 765, 513, 394, 438, 440, 520, 698, 111, 238, 332, 624, 217, 442, 352, 619, 468, 6, 357, 667, 973, 326, 144, 85, 321, 262, 916, 937, 92, 201, 601, 657, 716, 994, 1071, 55, 966, 68, 982, 875, 984, 1005, 926, 981, 177, 971, 566, 148, 467, 791, 510, 648, 939, 51, 463, 132, 9, 781, 302, 500, 64, 170, 932, 140, 328, 337, 585, 721, 290, 762, 671, 82, 403, 453, 764, 741, 910, 221, 599, 154, 216, 761, 853, 195, 643, 848, 829, 691, 979, 683, 792, 429, 907, 127, 165, 470, 402, 150, 428, 724, 872, 486, 391, 518, 621, 709, 734, 779, 172, 958, 504, 796, 580, 407, 496, 259, 188, 292, 933, 264, 693, 661, 824, 740, 544, 182, 492, 316, 914, 387, 646, 558, 766, 49, 715, 536, 936, 607, 786, 41, 20, 1059, 611, 488, 112, 978, 913, 784, 688, 18, 226, 90, 138, 739, 876, 1049, 925, 448, 457, 255, 214, 901, 707, 871, 627, 160, 79, 35, 312, 303, 406, 62, 345, 592, 806, 873, 630, 29, 823, 422, 546, 327, 851, 287, 985, 427, 462, 833, 589, 596, 608, 717, 699, 548, 113, 948, 953, 411, 692, 410, 207, 424, 531, 359, 274, 1016, 50, 362, 600, 811, 687, 474, 461, 758, 380, 922, 378, 769, 582, 884, 72, 155, 821, 364, 343, 253, 342, 732, 828, 920, 727, 516, 929, 465, 830, 11, 311, 234, 198, 469, 93, 952, 271, 898, 1061, 983, 894, 449, 186, 415, 161, 178, 743, 663, 817, 1047, 631, 54, 230, 44, 677, 211, 1069, 142, 770, 579, 323, 634, 423, 960, 569, 767, 341, 484, 969, 245, 517, 697, 33, 989, 105, 278, 571, 597, 40, 783, 726, 176, 990, 720, 66, 261, 560, 700, 935, 771, 754, 175, 986, 503, 75, 642, 583, 814, 617, 1057, 430, 247, 279, 210, 376, 535, 1017, 232, 604, 684, 435, 251, 293, 89, 1018, 413, 565, 514, 512, 840, 612, 325, 47, 243, 996, 1027, 396, 799, 354, 23, 309, 459, 854, 877, 543, 437, 191, 859, 134, 603, 815, 730, 954, 523, 768, 475, 780, 591, 307, 70, 852, 129, 593, 938, 94, 205, 507, 131, 861, 849, 998, 310, 420, 706, 128, 169, 493, 737, 813]
convergência = []

===== FIM =====
