===== RESULTADO BRKGA L(2,1) =====
Arquivo: /Users/mateuspedrosa/Documents/TCC-II/BRKGA/data/NR_DIMACS_cleaned/C125-9_clean.mtx

----- Execução #1 -----
[INFO] Time limit atingido: 15 minutos. Interrompido no meio de uma geração.
Tempo de execução: 900012ms
Span (lambda): 132
best_order = [47, 68, 51, 79, 108, 100, 32, 80, 44, 36, 77, 4, 9, 91, 95, 75, 118, 39, 92, 17, 0, 67, 66, 29, 111, 14, 64, 33, 57, 65, 99, 62, 23, 70, 31, 112, 119, 30, 90, 105, 24, 35, 2, 41, 7, 116, 85, 6, 76, 87, 59, 15, 109, 63, 88, 26, 123, 86, 72, 74, 104, 60, 120, 11, 42, 97, 115, 20, 27, 5, 71, 58, 113, 93, 83, 43, 98, 18, 54, 122, 10, 94, 117, 121, 69, 96, 48, 16, 124, 19, 114, 110, 34, 3, 37, 13, 49, 82, 61, 52, 40, 101, 84, 8, 28, 73, 89, 81, 53, 78, 21, 106, 102, 22, 38, 103, 46, 55, 25, 1, 45, 56, 107, 12, 50]
labeling = [34, 166, 47, 1, 21, 45, 73, 69, 139, 23, 116, 94, 170, 130, 44, 79, 76, 32, 112, 122, 57, 91, 155, 56, 66, 164, 31, 65, 141, 40, 64, 37, 12, 48, 123, 13, 17, 128, 157, 28, 136, 67, 59, 108, 15, 140, 161, 0, 87, 132, 172, 4, 107, 147, 114, 163, 168, 49, 100, 77, 90, 134, 54, 80, 46, 51, 38, 36, 2, 105, 58, 98, 29, 143, 43, 25, 53, 19, 149, 6, 14, 145, 24, 106, 84, 72, 86, 75, 83, 50, 61, 5, 30, 104, 22, 9, 117, 96, 110, 52, 10, 137, 153, 159, 88, 35, 151, 129, 8, 81, 126, 42, 60, 102, 124, 3, 71, 118, 26, 62, 92, 99, 97, 85, 120]
convergência = [159, 157, 157, 157, 157, 156, 156, 152, 152, 152, 152, 152, 152, 150, 150, 150, 148, 148, 147, 145, 145, 145, 143, 143, 142, 142, 142, 142, 142, 141, 141, 141, 140, 140, 140, 140, 139, 137, 137, 136, 136, 136, 136, 136, 136, 136, 136, 135, 135, 135, 135, 134, 134, 134, 134, 134, 133, 133, 133, 133, 132, 132, 132, 132, 132, 132, 132, 132, 132, 132, 132]

===== FIM =====
