===== RESULTADO BRKGA L(2,1) =====
Arquivo: /Users/mateuspedrosa/Documents/TCC-II/BRKGA/data/NR_DIMACS_cleaned/C2000-9_clean.mtx

----- Execução #1 -----
[INFO] Time limit atingido: 15 minutos. Esgotado durante a inicialização da população.
Tempo de execução: 956156ms
Span (lambda): 2059
best_order = [236, 1039, 652, 1378, 1047, 1031, 610, 1785, 215, 611, 1518, 228, 553, 152, 1662, 1438, 1724, 1277, 1004, 1179, 721, 154, 1113, 1625, 53, 1513, 1285, 14, 1691, 50, 1943, 1420, 1210, 1846, 62, 4, 1197, 479, 1745, 271, 184, 1584, 1913, 1728, 1471, 10, 94, 1656, 1266, 862, 926, 1959, 1491, 1013, 1406, 1909, 1813, 615, 1554, 797, 1284, 503, 331, 847, 1267, 190, 80, 1680, 114, 1592, 830, 861, 420, 1658, 959, 1250, 276, 191, 1211, 125, 111, 66, 873, 178, 604, 1198, 918, 1616, 779, 1630, 608, 46, 1613, 586, 28, 1337, 1866, 1323, 1487, 735, 1980, 1857, 1028, 1578, 937, 1665, 1173, 1904, 1078, 409, 1563, 117, 677, 1316, 940, 529, 319, 83, 1568, 1855, 850, 234, 1507, 646, 314, 15, 223, 1403, 1646, 1539, 1088, 569, 1405, 757, 882, 1446, 134, 85, 990, 1434, 1480, 1393, 414, 406, 1485, 1326, 713, 252, 8, 888, 984, 1702, 351, 353, 1609, 229, 441, 1150, 1115, 1049, 1933, 833, 1066, 1684, 1240, 531, 427, 1542, 891, 671, 82, 1596, 1948, 254, 290, 277, 726, 897, 699, 1489, 769, 1185, 1154, 1258, 11, 688, 874, 582, 639, 456, 1552, 778, 1753, 896, 1022, 1430, 745, 1551, 193, 159, 585, 1099, 1389, 180, 1951, 1263, 358, 136, 20, 1731, 1741, 151, 240, 1841, 784, 2, 67, 1773, 1422, 544, 851, 287, 1272, 1186, 1638, 1297, 989, 1061, 392, 480, 634, 1940, 77, 1068, 444, 387, 1328, 1215, 1945, 214, 400, 1877, 1271, 1025, 329, 1543, 1588, 143, 1571, 1958, 572, 485, 1868, 1353, 913, 1538, 980, 380, 410, 1274, 450, 425, 1842, 1814, 334, 1682, 1374, 1009, 1074, 1290, 711, 124, 1900, 1149, 1488, 352, 698, 402, 507, 1342, 1202, 439, 1932, 1937, 1510, 1624, 1791, 532, 703, 452, 1222, 772, 1611, 490, 65, 571, 1010, 774, 942, 1657, 1503, 393, 817, 631, 947, 876, 540, 1380, 429, 748, 1564, 538, 809, 562, 737, 1736, 733, 399, 1698, 1205, 1906, 1856, 424, 1831, 1693, 1517, 1783, 1440, 217, 1582, 1897, 183, 1300, 760, 1740, 1314, 1237, 1874, 1024, 1537, 281, 1449, 1139, 385, 1127, 122, 1987, 1826, 1123, 1531, 1695, 91, 1771, 1094, 1893, 720, 147, 374, 1770, 1719, 1012, 63, 812, 1232, 597, 102, 1015, 893, 635, 967, 54, 1276, 1476, 1970, 1209, 284, 200, 1486, 620, 336, 840, 1071, 149, 1170, 1504, 1870, 1152, 1126, 593, 313, 1082, 662, 1697, 599, 238, 1501, 294, 269, 921, 664, 535, 426, 1293, 1734, 1016, 1747, 1091, 880, 157, 730, 642, 1703, 1089, 770, 1437, 170, 100, 923, 468, 807, 1379, 1873, 750, 458, 446, 1530, 1445, 1532, 40, 45, 300, 1512, 1081, 1117, 780, 1679, 256, 627, 956, 146, 209, 762, 373, 1840, 514, 1744, 1650, 556, 1439, 1474, 298, 1822, 1721, 428, 705, 1053, 1187, 1194, 1175, 1975, 416, 1146, 1509, 132, 1647, 175, 219, 1001, 30, 950, 580, 51, 871, 1059, 174, 728, 1497, 1003, 1206, 1007, 1966, 1496, 1553, 1006, 1092, 161, 1431, 908, 961, 129, 860, 203, 1677, 875, 96, 1527, 1414, 1808, 800, 61, 970, 1938, 911, 939, 1949, 927, 600, 823, 816, 90, 740, 1443, 965, 24, 71, 1181, 1807, 1364, 130, 1620, 1931, 1183, 771, 983, 1231, 1365, 640, 1214, 405, 838, 971, 1911, 1887, 1174, 158, 433, 118, 1077, 1819, 591, 866, 1254, 796, 899, 946, 133, 1238, 1425, 115, 1086, 1116, 1587, 436, 1767, 188, 1836, 119, 1386, 212, 1433, 1637, 903, 948, 1447, 181, 1407, 1344, 669, 621, 1259, 1979, 1301, 1073, 126, 299, 1675, 1594, 273, 304, 1869, 719, 466, 550, 702, 761, 257, 1763, 1421, 1536, 1311, 1792, 1153, 846, 505, 991, 250, 889, 1860, 1249, 545, 348, 386, 1572, 1521, 1780, 79, 834, 1540, 1902, 723, 969, 199, 1934, 318, 513, 589, 57, 960, 123, 1278, 1087, 1545, 1666, 1626, 312, 1921, 504, 537, 881, 1622, 1442, 1352, 49, 1125, 1788, 1110, 573, 1242, 936, 1281, 1923, 421, 1482, 171, 1722, 1358, 520, 1464, 1735, 1361, 831, 1090, 1929, 93, 910, 201, 842, 919, 808, 1062, 1863, 375, 488, 601, 1043, 559, 243, 543, 1296, 1451, 1733, 1755, 1803, 917, 1946, 1283, 595, 103, 23, 1021, 527, 565, 1590, 1042, 1048, 1655, 1884, 1683, 1213, 924, 1982, 1853, 138, 1387, 1104, 1203, 822, 1845, 802, 987, 355, 1778, 18, 1394, 496, 578, 1109, 310, 467, 1612, 546, 679, 641, 820, 534, 1335, 1495, 1671, 1908, 1224, 1706, 773, 1865, 292, 1978, 1398, 311, 584, 27, 549, 1000, 1983, 1956, 1828, 777, 907, 1427, 1454, 977, 1133, 530, 449, 64, 1450, 658, 1502, 1990, 1643, 841, 670, 58, 819, 1095, 1085, 1711, 1106, 220, 498, 16, 714, 364, 1069, 746, 1269, 791, 1462, 1749, 1861, 680, 1664, 625, 648, 558, 805, 660, 291, 997, 1195, 267, 1667, 766, 510, 864, 1750, 1602, 1726, 37, 70, 494, 1026, 1526, 104, 856, 418, 1694, 767, 1360, 1729, 1320, 1760, 1164, 1345, 1292, 701, 471, 1029, 1597, 202, 782, 786, 221, 606, 162, 235, 173, 818, 1556, 1167, 1689, 1843, 649, 1141, 785, 397, 609, 1334, 88, 925, 1834, 1348, 1519, 116, 1251, 1604, 1692, 1289, 222, 568, 1212, 280, 744, 1752, 382, 1229, 1223, 192, 285, 962, 1191, 976, 112, 756, 1169, 1220, 489, 447, 1758, 1640, 521, 230, 1270, 1008, 1490, 1256, 1806, 208, 865, 758, 657, 1460, 1252, 749, 1952, 1279, 581, 825, 685, 75, 1261, 1549, 1718, 878, 700, 86, 1477, 763, 345, 1696, 798, 743, 1419, 1764, 1824, 1988, 1858, 368, 306, 326, 168, 813, 1781, 741, 1746, 1984, 1217, 1844, 25, 681, 1754, 1448, 1055, 1325, 644, 369, 1083, 1810, 121, 1052, 140, 1413, 1046, 105, 492, 1084, 145, 1928, 295, 453, 153, 1583, 592, 344, 1903, 472, 801, 1132, 218, 1812, 463, 1648, 391, 422, 1332, 270, 718, 474, 1045, 1800, 165, 1470, 357, 431, 1944, 1159, 1976, 1100, 1161, 1593, 1827, 623, 384, 687, 44, 1515, 1644, 1558, 617, 1280, 1687, 227, 1338, 706, 251, 524, 210, 1761, 148, 1811, 43, 1829, 478, 1455, 588, 1346, 668, 1058, 1508, 1916, 1756, 483, 934, 371, 1555, 5, 828, 710, 176, 512, 1456, 113, 1260, 752, 144, 1423, 398, 575, 1366, 1339, 1190, 455, 1669, 829, 1779, 1305, 68, 1416, 1359, 583, 264, 515, 81, 1165, 1065, 612, 539, 863, 1168, 811, 497, 1894, 709, 92, 42, 883, 1457, 747, 1410, 557, 1287, 495, 1247, 1566, 1875, 1415, 624, 1057, 904, 1189, 955, 598, 577, 12, 150, 388, 1838, 964, 1700, 186, 1458, 1162, 354, 253, 1996, 909, 1234, 1717, 1950, 1230, 370, 1072, 661, 725, 895, 1993, 1140, 1576, 978, 1319, 1219, 377, 690, 906, 852, 1381, 1331, 1441, 26, 401, 395, 1370, 1479, 686, 1112, 1182, 1130, 590, 189, 949, 39, 1546, 1362, 1688, 1886, 804, 1472, 1382, 1879, 274, 1955, 734, 1506, 41, 1681, 765, 1131, 1618, 325, 1318, 1569, 1023, 1623, 1654, 974, 1759, 448, 1435, 1848, 33, 266, 233, 196, 1303, 844, 1304, 1926, 1981, 755, 832, 413, 613, 1899, 922, 72, 673, 1525, 614, 638, 885, 265, 985, 1798, 855, 1200, 1371, 1201, 462, 367, 1, 1218, 359, 1171, 1963, 1965, 1317, 684, 626, 477, 1989, 645, 1801, 570, 872, 930, 383, 845, 1044, 659, 293, 1465, 1408, 484, 1864, 469, 1385, 356, 1291, 742, 327, 992, 1243, 475, 1432, 898, 1659, 1805, 261, 1574, 346, 1795, 1765, 1573, 788, 1299, 587, 1063, 1216, 502, 879, 993, 98, 296, 1494, 76, 163, 1636, 806, 247, 1354, 1128, 1483, 249, 1396, 1155, 279, 1516, 1930, 1600, 519, 1467, 1878, 715, 1686, 525, 1614, 1534, 206, 739, 1322, 552, 1789, 579, 440, 827, 622, 1818, 1105, 1892, 1772, 1599, 1730, 1051, 328, 526, 1333, 1294, 1995, 868, 1388, 404, 135, 1723, 968, 564, 1037, 1895, 892, 460, 1796, 438, 403, 260, 1973, 1849, 1672, 975, 349, 341, 1670, 1957, 1184, 1912, 1475, 1522, 1295, 1847, 982, 1356, 362, 394, 1145, 1999, 945, 618, 1002, 815, 884, 127, 1972, 1608, 916, 561, 1241, 1233, 379, 464, 643, 1815, 128, 1227, 759, 1920, 894, 1178, 1776, 1147, 347, 194, 1580, 953, 177, 305, 451, 493, 717, 1067, 637, 1823, 1097, 1308, 656, 693, 302, 1651, 333, 979, 1080, 1428, 1418, 1589, 995, 663, 1035, 1890, 900, 335, 366, 1453, 1402, 954, 1678, 654, 1417, 365, 1236, 1478, 29, 288, 1725, 1151, 482, 99, 848, 481, 1714, 1244, 1459, 1898, 647, 1967, 1922, 697, 541, 1547, 1426, 1469, 1673, 242, 1075, 1942, 1160, 603, 1737, 432, 1852, 31, 754, 1544, 1134, 1034, 555, 246, 1766, 1129, 89, 1876, 854, 315, 536, 1784, 1629, 1738, 1137, 689, 213, 301, 1390, 332, 84, 522, 1839, 628, 1947, 1605, 1804, 776, 1156, 1050, 973, 378, 204, 48, 131, 1163, 1674, 434, 1102, 1135, 1701, 792, 675, 793, 651, 101, 1591, 1881, 156, 787, 258, 268, 500, 958, 1715, 1313, 596, 166, 443, 34, 499, 323, 1011, 1429, 1172, 1910, 1859, 1565, 1961, 307, 1998, 1262, 1641, 1619, 768, 795, 1601, 1850, 1461, 1399, 1802, 1769, 207, 803, 998, 1463, 517, 751, 667, 1336, 1985, 1862, 360, 655, 1888, 1108, 1424, 390, 632, 1391, 1529, 1246, 563, 1716, 195, 1977, 255, 1645, 1631, 996, 1369, 858, 1038, 1705, 1768, 914, 224, 1158, 1891, 1560, 1020, 110, 1830, 32, 1548, 1652, 1585, 13, 1111, 1991, 1124, 1054, 435, 1473, 849, 1896, 1634, 430, 576, 695, 303, 523, 1312, 322, 1663, 672, 60, 814, 476, 605, 508, 1148, 915, 678, 665, 1914, 731, 1901, 1935, 931, 594, 988, 1192, 1492, 548, 683, 1918, 56, 1581, 781, 1177, 1825, 567, 1790, 886, 160, 6, 244, 1936, 141, 966, 74, 1309, 1954, 1484, 459, 738, 381, 1329, 108, 775, 1466, 542, 324, 1176, 197, 1395, 1627, 1775, 1523, 712, 1138, 1793, 602, 1400, 821, 1064, 790, 653, 317, 272, 1632, 412, 794, 1412, 337, 630, 1199, 1757, 389, 574, 1056, 164, 616, 106, 1751, 1114, 1924, 1273, 1727, 95, 1939, 1854, 1615, 732, 912, 836, 1919, 1833, 1541, 1586, 1286, 727, 69, 1649, 59, 902, 810, 707, 1994, 666, 289, 501, 1971, 155, 1748, 361, 869, 839, 1974, 1505, 78, 867, 1235, 1193, 1720, 1960, 1239, 1617, 1468, 225, 1225, 607, 411, 245, 1867, 1639, 1208, 87, 1986, 1835, 1712, 38, 1306, 951, 457, 1628, 17, 1157, 826, 516, 137, 708, 1964, 1327, 1905, 309, 1499, 901, 350, 316, 963, 1709, 465, 1941, 1375, 1119, 1832, 321, 1207, 1103, 1872, 1397, 419, 73, 262, 1255, 9, 172, 1816, 278, 417, 1347, 1188, 1373, 870, 1997, 1520, 1265, 1567, 928, 415, 1018, 1350, 120, 185, 1253, 1786, 566, 1017, 722, 486, 837, 1404, 1535, 1880, 1204, 547, 799, 1060, 789, 674, 55, 509, 938, 263, 1676, 205, 308, 1708, 972, 1797, 473, 1732, 676, 1882, 1096, 1228, 1621, 1598, 691, 835, 1782, 239, 1340, 1122, 1036, 1668, 1257, 1660, 650, 1368, 1699, 1992, 1343, 1633, 957, 237, 551, 1837, 560, 142, 619, 1384, 1498, 1014, 1401, 330, 1962, 363, 952, 887, 857, 1349, 692, 226, 1883, 1383, 1040, 1579, 1180, 1550, 1248, 1070, 283, 1794, 1411, 986, 487, 696, 753, 286, 19, 764, 1762, 1704, 1121, 423, 1264, 342, 1310, 920, 338, 1885, 1136, 1120, 724, 437, 182, 97, 1321, 1690, 1019, 1076, 167, 408, 232, 1907, 1367, 1533, 636, 1871, 1392, 282, 1514, 1107, 52, 1968, 1559, 1143, 461, 941, 1739, 1033, 407, 1357, 633, 36, 1298, 1118, 1607, 1341, 1372, 1144, 1561, 1809, 1817, 1953, 1376, 1927, 1635, 981, 1351, 231, 1041, 1481, 1917, 1196, 1595, 1005, 905, 1743, 1444, 1409, 491, 994, 1377, 35, 528, 1575, 1577, 216, 1969, 109, 736, 1925, 1098, 511, 320, 1275, 1606, 932, 259, 241, 1603, 1452, 396, 933, 843, 1226, 1524, 470, 859, 275, 629, 853, 1774, 21, 1710, 22, 783, 890, 877, 704, 1889, 1302, 1511, 1685, 340, 454, 1268, 694, 372, 716, 1642, 1777, 1079, 139, 1851, 1101, 999, 7, 1032, 1245, 944, 1307, 1653, 1528, 187, 1166, 3, 1821, 1915, 1030, 1142, 47, 376, 1330, 1707, 211, 1500, 824, 729, 1315, 1562, 1093, 506, 339, 1799, 1787, 445, 943, 1363, 442, 682, 1221, 533, 1820, 935, 107, 297, 1610, 1742, 518, 1027, 179, 198, 1282, 1324, 929, 343, 1288, 1436, 1557, 1493, 554, 0, 248, 1355, 169, 1661, 1570, 1713]
labeling = [2053, 1225, 263, 1969, 61, 1047, 1299, 1634, 198, 1531, 75, 60, 1062, 1584, 47, 50, 577, 1744, 775, 1757, 251, 1913, 1919, 675, 476, 974, 1149, 545, 103, 1417, 426, 1401, 1496, 1074, 1253, 1944, 1838, 860, 1741, 1167, 254, 1096, 956, 1025, 873, 332, 44, 2010, 1361, 642, 49, 550, 1909, 41, 439, 1804, 1618, 681, 821, 1703, 1591, 582, 59, 427, 807, 74, 117, 228, 1029, 1701, 822, 583, 1206, 1768, 1633, 663, 1269, 279, 1186, 430, 102, 960, 217, 164, 1463, 122, 802, 1734, 896, 1458, 539, 417, 1089, 565, 77, 1590, 574, 1903, 1267, 1423, 493, 1503, 433, 758, 868, 988, 1650, 1990, 1641, 1755, 1580, 78, 716, 634, 76, 623, 875, 154, 557, 404, 1713, 748, 409, 682, 216, 89, 649, 1352, 1366, 358, 573, 1218, 371, 617, 187, 1251, 184, 1740, 478, 1989, 983, 1632, 1837, 294, 1056, 607, 515, 199, 1036, 305, 1109, 257, 24, 993, 6, 1712, 1127, 485, 599, 84, 1484, 566, 888, 1271, 1677, 796, 1510, 1865, 967, 2057, 491, 709, 1770, 890, 512, 544, 1053, 1381, 121, 2043, 249, 641, 1901, 395, 36, 1788, 1001, 1747, 280, 1165, 56, 28, 911, 245, 1378, 1565, 1195, 1646, 1965, 679, 445, 725, 877, 406, 1487, 1809, 1296, 1338, 936, 262, 1034, 1911, 416, 1474, 288, 15, 1950, 175, 937, 546, 829, 886, 901, 172, 1170, 1726, 1742, 885, 21, 205, 914, 1852, 1910, 1088, 12, 755, 0, 1733, 190, 1602, 206, 1959, 1297, 743, 1630, 1728, 1454, 1277, 2055, 1281, 448, 1032, 196, 1108, 221, 1567, 436, 486, 1150, 1937, 1335, 1256, 1700, 1807, 1075, 1213, 1003, 852, 1506, 471, 1006, 42, 1662, 350, 1175, 1859, 114, 223, 1671, 1287, 780, 366, 1686, 1871, 443, 913, 1881, 250, 1363, 1453, 82, 848, 326, 1243, 309, 778, 1192, 2035, 456, 650, 398, 1407, 1394, 1449, 654, 1382, 824, 1523, 1811, 1516, 763, 793, 242, 461, 111, 1464, 1709, 1660, 616, 162, 1955, 1764, 1583, 1230, 1291, 810, 966, 923, 1312, 252, 1789, 52, 1477, 1359, 322, 1355, 246, 1666, 1895, 2022, 1979, 1339, 1872, 1987, 996, 955, 1258, 1376, 648, 1201, 1753, 202, 329, 99, 1117, 750, 1102, 1011, 155, 1227, 1438, 1714, 1284, 1849, 687, 1228, 1408, 1223, 965, 879, 761, 881, 1982, 434, 195, 735, 2012, 1110, 1485, 992, 308, 1486, 907, 1240, 838, 407, 549, 285, 1090, 1672, 1410, 973, 23, 359, 1216, 1153, 1828, 440, 1048, 381, 290, 1151, 260, 1333, 1322, 444, 68, 1888, 1570, 86, 310, 1643, 1286, 1200, 194, 1782, 538, 1772, 653, 1669, 108, 547, 726, 1887, 387, 316, 477, 70, 530, 368, 1588, 1013, 1445, 422, 1491, 1586, 518, 1899, 1008, 337, 1058, 207, 2030, 1512, 283, 2002, 505, 922, 1122, 678, 314, 1384, 347, 991, 1967, 1067, 181, 1610, 503, 1598, 1317, 1775, 1221, 1002, 1360, 1313, 658, 752, 40, 1248, 1890, 880, 798, 1817, 939, 1252, 1593, 1207, 904, 63, 275, 1425, 1421, 982, 1239, 269, 1696, 1877, 685, 920, 351, 1941, 887, 1353, 862, 1097, 746, 1085, 831, 1114, 1311, 1708, 1224, 96, 690, 666, 1777, 333, 1597, 1455, 855, 1953, 929, 567, 519, 1077, 1389, 1547, 2041, 1156, 711, 928, 1278, 1589, 962, 1289, 1314, 762, 1946, 160, 806, 192, 343, 1992, 689, 475, 1466, 692, 354, 918, 197, 1433, 1617, 745, 266, 672, 718, 1434, 1614, 695, 660, 1661, 1298, 22, 2051, 1272, 525, 1093, 845, 741, 1835, 1356, 364, 1561, 1328, 764, 1793, 1259, 903, 178, 1236, 274, 167, 698, 1673, 1061, 1351, 1052, 93, 1255, 230, 948, 235, 1046, 734, 232, 132, 995, 1040, 632, 1163, 386, 994, 459, 1611, 516, 1508, 330, 1035, 256, 592, 737, 1585, 1441, 118, 1595, 865, 1725, 126, 770, 11, 17, 1081, 951, 1212, 91, 1679, 834, 1315, 1839, 449, 585, 1304, 1023, 1103, 843, 1084, 402, 1232, 1966, 1623, 115, 1203, 1924, 277, 208, 1803, 1388, 1194, 186, 563, 779, 489, 1362, 981, 1233, 170, 1429, 792, 849, 1816, 1501, 4, 1658, 1413, 1550, 1377, 942, 742, 1242, 520, 1125, 465, 1270, 474, 1601, 1706, 1498, 1042, 643, 819, 188, 1507, 1208, 1667, 1497, 1819, 66, 1599, 777, 626, 976, 2032, 1616, 1231, 895, 1133, 987, 201, 1436, 1116, 1824, 1856, 1371, 1981, 1522, 1850, 1106, 331, 229, 535, 496, 581, 345, 1973, 532, 1030, 1688, 1579, 1087, 1051, 311, 1520, 177, 708, 1205, 1759, 1386, 1007, 656, 338, 35, 1769, 408, 1787, 1126, 225, 1699, 552, 2018, 487, 1605, 1687, 380, 1179, 140, 1840, 376, 1529, 1261, 418, 969, 1250, 959, 905, 241, 691, 1091, 370, 891, 501, 1549, 1057, 1879, 1446, 1146, 917, 182, 940, 1280, 397, 651, 502, 954, 1883, 1183, 853, 782, 1528, 231, 151, 551, 317, 640, 353, 1642, 1403, 624, 173, 62, 511, 1620, 667, 1972, 261, 894, 884, 1505, 1044, 1802, 1627, 835, 1495, 1499, 1539, 1399, 571, 92, 776, 1771, 344, 1000, 771, 1542, 1171, 847, 1275, 497, 636, 374, 1702, 1083, 429, 867, 1541, 1037, 569, 361, 680, 823, 313, 1654, 704, 594, 1405, 828, 1748, 1302, 1049, 1070, 104, 514, 857, 213, 524, 1465, 1691, 1727, 612, 1718, 451, 817, 727, 1958, 1197, 1152, 618, 98, 1309, 1321, 166, 141, 1142, 1968, 1462, 1041, 744, 1853, 1424, 1964, 362, 106, 83, 1005, 856, 938, 587, 1587, 1320, 1716, 1778, 414, 1178, 119, 10, 572, 365, 1945, 902, 1264, 315, 693, 183, 1082, 1336, 1176, 1628, 1851, 72, 670, 1952, 215, 1331, 377, 1365, 1128, 135, 227, 1237, 292, 1406, 1367, 1705, 635, 1105, 1874, 1054, 797, 568, 1119, 723, 428, 1689, 302, 1575, 1511, 1354, 531, 125, 729, 1893, 472, 1204, 495, 710, 541, 85, 590, 1717, 2017, 1238, 1609, 1957, 1801, 1033, 1572, 702, 8, 1806, 506, 158, 1920, 355, 1943, 1997, 1350, 392, 363, 637, 1031, 212, 1332, 1842, 1379, 1409, 985, 396, 1581, 1432, 105, 468, 570, 915, 1721, 1111, 598, 1574, 437, 1326, 677, 584, 543, 1813, 1393, 1137, 927, 816, 803, 1136, 1396, 306, 1765, 1345, 480, 169, 1131, 1657, 773, 1566, 271, 189, 668, 1118, 1265, 1902, 1373, 1500, 850, 1544, 1995, 795, 548, 1327, 488, 33, 1812, 382, 558, 932, 325, 299, 1514, 425, 88, 1845, 435, 483, 1795, 1784, 1906, 1502, 760, 239, 820, 220, 293, 864, 1546, 80, 882, 2006, 9, 1985, 1615, 1452, 1402, 1827, 1148, 1571, 2, 1735, 1830, 757, 739, 1164, 1009, 986, 7, 730, 171, 1483, 1244, 977, 460, 1395, 979, 1675, 947, 1043, 412, 1800, 273, 731, 1100, 1656, 1079, 101, 1380, 281, 622, 1869, 453, 1098, 462, 323, 1437, 1908, 529, 152, 1988, 1398, 482, 463, 958, 899, 827, 575, 684, 176, 137, 719, 400, 564, 2020, 384, 825, 1711, 1392, 1823, 210, 1019, 1993, 1493, 1766, 490, 1027, 671, 1914, 1553, 774, 258, 1457, 1157, 37, 1683, 211, 625, 297, 1923, 1760, 1897, 1836, 1825, 413, 1535, 446, 457, 360, 1279, 1334, 1161, 1129, 765, 804, 1450, 1475, 1723, 1472, 1651, 405, 1132, 892, 2008, 1918, 1594, 1347, 540, 1374, 1525, 328, 209, 1295, 438, 644, 179, 1285, 1481, 1746, 1490, 1015, 1439, 971, 1115, 1319, 874, 1018, 1794, 790, 921, 714, 455, 1229, 1517, 148, 615, 267, 1645, 1622, 1372, 18, 1864, 600, 1159, 608, 1247, 233, 270, 534, 1692, 1107, 854, 846, 1568, 1344, 492, 759, 1767, 20, 123, 1668, 1215, 1219, 335, 683, 1676, 383, 556, 1659, 1732, 441, 55, 116, 657, 766, 610, 248, 1262, 949, 1222, 1140, 919, 1978, 349, 844, 789, 1636, 1886, 1368, 1821, 909, 1123, 579, 431, 1196, 1076, 1690, 1415, 214, 619, 1663, 149, 1358, 700, 1235, 1020, 1731, 1559, 999, 1868, 593, 112, 832, 669, 1790, 494, 1518, 934, 1810, 165, 611, 1055, 935, 1526, 159, 1889, 1492, 81, 100, 1785, 833, 930, 291, 268, 1680, 312, 1857, 289, 31, 620, 946, 1026, 703, 2045, 756, 94, 45, 1606, 1095, 2023, 603, 226, 1160, 878, 479, 1318, 1343, 601, 224, 1832, 1257, 356, 647, 1977, 1124, 1199, 740, 1743, 1999, 1135, 1635, 1891, 664, 1504, 1276, 399, 1781, 156, 1112, 1185, 1138, 872, 1904, 1166, 138, 1596, 738, 109, 1750, 278, 1639, 1808, 1145, 1004, 1316, 772, 781, 1375, 134, 842, 1065, 1704, 1763, 286, 1640, 432, 876, 786, 1774, 898, 1854, 1786, 1878, 696, 300, 1268, 1933, 1346, 1882, 673, 1073, 614, 717, 1068, 2028, 604, 595, 1063, 1548, 1831, 1569, 1078, 1217, 1861, 1776, 324, 1758, 1932, 1942, 5, 499, 367, 1143, 989, 1860, 1841, 555, 631, 498, 1301, 247, 1476, 1557, 1796, 193, 732, 1558, 1283, 1509, 791, 1536, 1469, 1847, 1357, 174, 1797, 180, 1, 522, 941, 1939, 1092, 1875, 1664, 984, 578, 1101, 1072, 1329, 1174, 605, 53, 504, 265, 1059, 1555, 621, 1420, 799, 1400, 1515, 147, 533, 768, 633, 153, 1191, 2047, 319, 27, 527, 336, 1147, 464, 596, 1938, 458, 185, 639, 975, 403, 809, 747, 1961, 1348, 801, 1038, 912, 1014, 1113, 1418, 910, 1534, 837, 1545, 713, 1245, 1644, 1293, 1647, 1369, 794, 73, 1139, 1263, 369, 1198, 348, 952, 1274, 1155, 191, 1915, 707, 1209, 1513, 163, 447, 129, 234, 145, 840, 32, 1612, 2021, 925, 783, 562, 554, 1843, 1751, 2016, 469, 811, 357, 379, 1722, 1181, 168, 836, 542, 238, 1773, 509, 43, 1912, 1024, 1288, 303, 19, 646, 1761, 352, 1341, 1649, 1963, 1210, 866, 576, 2001, 1387, 507, 97, 342, 1560, 1158, 1798, 662, 401, 304, 143, 630, 1652, 58, 218, 1448, 686, 1080, 1435, 1556, 883, 1866, 243, 237, 452, 16, 1045, 720, 2049, 945, 1894, 1578, 1900, 1880, 3, 372, 1519, 1099, 1780, 54, 1187, 2061, 296, 597, 1012, 943, 1592, 1134, 1948, 146, 1862, 1220, 1473, 295, 964, 67, 1582, 1697, 508, 276, 1383, 706, 1385, 38, 697, 652, 1848, 219, 788, 1822, 1214, 1292, 1530, 638, 1625, 861, 1479, 1917, 1926, 1104, 204, 2037, 139, 282, 130, 830, 1685, 127, 1715, 609, 1494, 606, 1820, 694, 1189, 341, 39, 410, 1648, 1684, 1342, 128, 1461, 1488, 1678, 1440, 1430, 1273, 470, 161, 1600, 926, 1442, 1984, 815, 931, 1537, 107, 390, 997, 1682, 523, 1144, 1422, 1940, 1094, 466, 79, 301, 110, 1254, 1829, 2059, 26, 1564, 841, 46, 591, 736, 1629, 1069, 1241, 785, 1337, 1397, 1489, 559, 1737, 442, 1411, 513, 64, 980, 284, 665, 157, 1779, 1182, 1028, 1169, 553, 1805, 25, 900, 391, 869, 415, 957, 467, 334, 1814, 889, 1482, 200, 394, 1885, 1305, 500, 2014, 1444, 1754, 1970, 712, 1739, 1996, 1427, 1416, 1563, 1121, 950, 423, 1577, 528, 628, 1324, 29, 1419, 808, 1451, 71, 870, 1303, 253, 1745, 749, 481, 715, 378, 1443, 1470, 1922, 340, 255, 2039, 1936, 521, 65, 818, 450, 1604, 839, 858, 1681, 893, 120, 978, 751, 953, 1670, 924, 1086, 871, 933, 1655, 537, 961, 906, 1456, 627, 1573, 1540, 272, 419, 1310, 222, 1962, 1638, 1190, 1986, 701, 826, 674, 454, 1752, 393, 1468, 13, 1791, 2026, 473, 1300, 1626, 133, 510, 1653, 1873, 1260, 1172, 1815, 1071, 2024, 800, 1234, 1538, 753, 1428, 1162, 916, 602, 580, 1928, 968, 388, 851, 90, 320, 1364, 1527, 1930, 1306, 375, 2034, 2003, 34, 1390, 724, 1624, 411, 1021, 722, 812, 1478, 389, 1762, 1695, 897, 1738, 629, 1833, 1064, 1266, 517, 259, 318, 863, 972, 769, 57, 1154, 1193, 1180, 1532, 1991, 1282, 659, 1631, 30, 385, 144, 908, 1447, 589, 814, 1467, 733, 1246, 784, 136, 1730, 298, 424, 307, 1749, 1665, 420, 124, 1050, 1460, 236, 1294, 1173, 1729, 1414, 1391, 1858, 699, 1619, 1010, 526, 1552, 1975, 1404, 1576, 1308, 421, 1016, 1330, 1554, 203, 1426, 1202, 327, 1562, 676, 998, 150, 1543, 95, 1844, 787, 14, 1249, 613, 1226, 69, 1603, 2004, 1022, 1934, 1325, 1693, 1370, 688, 1431, 705, 1674, 1694, 1039, 1846, 990, 721, 1290, 561, 321, 48, 484, 1607, 1621, 339, 586, 1551, 264, 1756, 1168, 51, 859, 287, 754, 1323, 131, 588, 805, 240, 944, 1613, 1637, 1177, 728, 1340, 113, 87, 1724, 1521, 1471, 1188, 1608, 1184, 560, 1412, 1916, 1951, 346, 1710, 1120, 1211, 1720, 536, 1017, 1480, 655, 645, 142, 373, 767, 661, 970, 1307, 1736, 244, 963, 1141, 813, 1533, 1792, 1130, 1459, 1066, 1060, 1719, 1524, 1349]
convergência = []

===== FIM =====
