===== RESULTADO BRKGA L(2,1) =====
Arquivo: /Users/mateuspedrosa/Documents/TCC-II/BRKGA/data/NR_DIMACS_cleaned/C250-9_clean.mtx

----- Execução #1 -----
[INFO] Time limit atingido: 15 minutos. Interrompido no meio de uma geração.
Tempo de execução: 900002ms
Span (lambda): 286
best_order = [204, 90, 22, 73, 167, 91, 123, 247, 15, 198, 39, 161, 137, 71, 64, 96, 191, 14, 158, 92, 7, 88, 235, 147, 229, 81, 86, 59, 164, 55, 100, 116, 141, 110, 160, 236, 94, 150, 166, 196, 248, 33, 145, 9, 210, 72, 20, 52, 208, 165, 68, 40, 84, 192, 212, 120, 200, 228, 85, 154, 119, 133, 6, 243, 126, 219, 60, 177, 188, 1, 227, 178, 244, 80, 193, 179, 107, 63, 11, 203, 202, 10, 183, 121, 194, 104, 125, 216, 128, 170, 151, 46, 27, 249, 206, 112, 113, 246, 131, 149, 233, 222, 108, 225, 45, 118, 195, 230, 211, 54, 69, 209, 42, 43, 185, 132, 234, 239, 101, 237, 98, 176, 156, 35, 37, 77, 135, 172, 115, 175, 93, 231, 240, 186, 95, 4, 171, 17, 23, 47, 182, 30, 21, 31, 26, 53, 57, 139, 122, 50, 28, 18, 56, 214, 232, 142, 34, 169, 89, 58, 44, 66, 201, 70, 241, 8, 163, 24, 187, 213, 245, 146, 174, 12, 129, 48, 162, 25, 144, 62, 224, 29, 217, 74, 51, 189, 114, 199, 155, 140, 242, 117, 99, 238, 65, 138, 36, 197, 215, 184, 76, 0, 3, 220, 79, 190, 32, 61, 16, 83, 153, 221, 143, 13, 130, 2, 106, 111, 180, 41, 97, 87, 148, 127, 67, 157, 75, 226, 38, 205, 5, 173, 109, 78, 223, 168, 181, 207, 105, 49, 19, 82, 134, 218, 159, 136, 102, 152, 103, 124]
labeling = [267, 102, 220, 108, 190, 292, 66, 38, 37, 75, 33, 21, 232, 113, 32, 16, 274, 192, 64, 306, 81, 191, 4, 194, 223, 240, 197, 136, 155, 244, 198, 200, 42, 7, 211, 23, 261, 167, 291, 20, 83, 181, 35, 166, 217, 156, 25, 189, 236, 304, 80, 246, 70, 13, 160, 51, 206, 5, 86, 1, 107, 273, 242, 122, 27, 258, 161, 287, 72, 162, 56, 26, 79, 6, 117, 253, 265, 180, 239, 269, 3, 45, 131, 276, 85, 95, 47, 266, 39, 215, 2, 10, 36, 186, 65, 188, 28, 183, 96, 254, 53, 174, 193, 312, 130, 302, 247, 120, 125, 296, 59, 88, 142, 115, 171, 119, 55, 207, 9, 99, 89, 128, 204, 12, 314, 132, 105, 285, 92, 234, 281, 146, 170, 101, 228, 182, 123, 24, 260, 202, 250, 57, 210, 279, 231, 73, 157, 31, 283, 148, 67, 134, 310, 278, 97, 15, 178, 205, 34, 308, 61, 22, 238, 221, 49, 17, 69, 8, 121, 213, 100, 133, 184, 294, 230, 19, 176, 109, 114, 29, 111, 300, 196, 126, 263, 168, 159, 225, 110, 177, 271, 30, 48, 118, 50, 158, 71, 165, 18, 248, 91, 151, 68, 124, 0, 82, 140, 58, 62, 164, 77, 90, 87, 227, 208, 187, 60, 169, 94, 104, 145, 268, 152, 298, 135, 154, 289, 112, 93, 43, 40, 84, 175, 150, 147, 41, 63, 139, 256, 172, 143, 219, 252, 103, 116, 229, 144, 14, 52, 138]
convergência = [290, 290, 290, 286, 286, 286, 286]

===== FIM =====
