===== RESULTADO BRKGA L(2,1) =====
Arquivo: /Users/mateuspedrosa/Documents/TCC-II/BRKGA/data/NR_DIMACS_cleaned/C500-9_clean.mtx

----- Execução #1 -----
[INFO] Time limit atingido: 15 minutos. Esgotado durante a inicialização da população.
Tempo de execução: 900395ms
Span (lambda): 545
best_order = [337, 389, 332, 37, 162, 368, 52, 70, 24, 147, 79, 240, 438, 458, 4, 267, 347, 47, 191, 135, 355, 154, 309, 291, 395, 251, 390, 180, 177, 472, 352, 128, 182, 112, 185, 488, 383, 68, 443, 376, 39, 365, 178, 405, 467, 116, 215, 232, 209, 60, 385, 374, 91, 451, 167, 483, 250, 272, 315, 370, 97, 61, 259, 174, 98, 109, 469, 80, 463, 207, 305, 195, 153, 499, 21, 219, 457, 367, 456, 189, 474, 411, 255, 77, 421, 136, 78, 246, 171, 176, 346, 115, 72, 341, 155, 193, 313, 130, 256, 249, 208, 364, 173, 107, 82, 340, 304, 373, 64, 434, 93, 492, 350, 338, 186, 168, 34, 159, 25, 345, 86, 26, 324, 188, 19, 326, 152, 236, 248, 170, 406, 204, 254, 375, 310, 62, 329, 221, 247, 302, 48, 54, 264, 412, 349, 293, 113, 252, 12, 402, 224, 477, 468, 212, 462, 226, 239, 44, 274, 181, 198, 295, 214, 108, 480, 453, 140, 43, 131, 164, 426, 65, 28, 285, 8, 379, 245, 6, 275, 199, 393, 490, 348, 56, 362, 126, 270, 450, 465, 106, 157, 445, 175, 190, 330, 158, 90, 394, 455, 495, 17, 429, 40, 491, 416, 321, 361, 243, 439, 496, 487, 432, 269, 454, 357, 320, 400, 397, 166, 213, 145, 297, 360, 497, 242, 449, 280, 133, 105, 258, 122, 58, 201, 69, 387, 446, 163, 308, 31, 57, 149, 333, 317, 356, 328, 382, 211, 316, 422, 484, 273, 227, 161, 144, 192, 498, 417, 119, 51, 466, 404, 436, 363, 493, 169, 401, 46, 16, 5, 290, 372, 420, 118, 196, 481, 447, 197, 33, 323, 344, 233, 66, 265, 296, 437, 35, 433, 283, 298, 489, 228, 479, 430, 2, 29, 478, 141, 358, 476, 271, 229, 94, 45, 263, 74, 104, 459, 225, 300, 235, 286, 335, 464, 53, 100, 234, 294, 218, 244, 92, 55, 473, 444, 276, 95, 403, 76, 120, 409, 339, 151, 418, 231, 424, 150, 14, 354, 18, 132, 103, 160, 183, 440, 377, 278, 415, 148, 435, 279, 408, 284, 334, 266, 301, 102, 307, 257, 410, 1, 20, 111, 59, 288, 27, 81, 442, 414, 63, 407, 425, 146, 127, 210, 73, 9, 10, 23, 32, 423, 42, 398, 85, 441, 470, 292, 50, 230, 123, 461, 314, 431, 384, 88, 222, 114, 156, 187, 260, 369, 184, 134, 325, 7, 202, 13, 217, 494, 428, 262, 427, 99, 299, 142, 460, 124, 399, 38, 392, 71, 241, 172, 342, 343, 206, 165, 353, 311, 381, 331, 96, 312, 36, 327, 49, 194, 261, 485, 486, 378, 89, 475, 371, 391, 289, 306, 83, 205, 322, 139, 143, 268, 216, 223, 471, 277, 419, 253, 287, 396, 110, 318, 203, 359, 0, 482, 448, 452, 121, 237, 303, 388, 137, 11, 138, 386, 380, 281, 87, 238, 336, 15, 351, 41, 129, 84, 282, 67, 366, 117, 179, 75, 220, 30, 125, 3, 319, 413, 22, 101, 200]
labeling = [533, 421, 64, 548, 17, 335, 240, 463, 89, 442, 336, 543, 49, 465, 59, 388, 333, 266, 309, 96, 423, 61, 559, 28, 16, 94, 47, 176, 87, 122, 507, 224, 444, 264, 173, 355, 495, 6, 248, 63, 199, 457, 409, 227, 43, 250, 331, 24, 200, 497, 447, 319, 12, 378, 149, 387, 37, 293, 152, 407, 80, 33, 69, 431, 165, 205, 351, 553, 58, 239, 14, 53, 142, 440, 371, 496, 379, 127, 133, 19, 45, 427, 154, 514, 540, 299, 177, 549, 456, 504, 261, 86, 385, 167, 369, 393, 491, 75, 103, 350, 380, 195, 420, 374, 373, 79, 251, 159, 220, 105, 527, 425, 52, 204, 459, 140, 72, 419, 283, 317, 395, 474, 288, 376, 136, 555, 249, 438, 50, 472, 116, 228, 401, 246, 366, 30, 131, 541, 513, 57, 124, 187, 479, 340, 258, 273, 436, 18, 260, 252, 399, 397, 183, 117, 34, 146, 9, 253, 259, 175, 328, 312, 8, 291, 230, 489, 282, 90, 171, 329, 184, 137, 394, 157, 101, 226, 139, 46, 67, 478, 44, 217, 20, 338, 305, 54, 104, 461, 181, 123, 255, 26, 313, 148, 498, 115, 207, 345, 219, 235, 560, 289, 287, 529, 71, 516, 487, 111, 118, 78, 290, 304, 212, 284, 221, 74, 437, 467, 292, 85, 486, 194, 458, 254, 182, 285, 214, 310, 361, 367, 449, 381, 76, 349, 382, 356, 39, 539, 55, 120, 21, 402, 143, 237, 316, 238, 135, 196, 98, 153, 91, 40, 206, 295, 164, 102, 151, 201, 145, 99, 446, 500, 473, 197, 160, 353, 416, 27, 462, 269, 128, 332, 93, 308, 216, 41, 166, 126, 406, 408, 256, 547, 551, 357, 412, 234, 344, 523, 203, 510, 337, 38, 445, 202, 384, 193, 233, 185, 92, 477, 375, 418, 198, 358, 51, 113, 512, 348, 134, 36, 190, 210, 493, 150, 451, 95, 172, 296, 398, 468, 213, 268, 518, 322, 179, 354, 170, 452, 300, 192, 257, 5, 4, 294, 414, 377, 448, 0, 169, 279, 161, 144, 485, 400, 347, 132, 130, 29, 245, 189, 73, 503, 3, 383, 303, 32, 298, 278, 365, 531, 244, 215, 247, 325, 155, 65, 480, 121, 10, 229, 97, 506, 339, 163, 84, 188, 62, 405, 352, 236, 545, 488, 302, 56, 455, 82, 454, 83, 439, 2, 42, 508, 483, 242, 141, 31, 525, 241, 396, 413, 280, 231, 208, 390, 321, 68, 186, 433, 410, 222, 191, 1, 15, 557, 267, 362, 168, 271, 372, 521, 341, 129, 277, 392, 180, 434, 232, 475, 471, 22, 363, 453, 174, 301, 11, 360, 323, 262, 23, 270, 403, 110, 429, 60, 391, 114, 281, 343, 464, 275, 138, 88, 537, 225, 276, 263, 100, 119, 25, 77, 481, 330, 112, 109, 342, 162, 147, 70, 211, 107, 411, 519, 48, 389, 125, 499, 307, 209, 66, 13, 223, 81, 535, 7, 306, 502, 311, 274, 35, 359, 243, 218, 156, 327, 469, 265, 272, 286, 315, 108]
convergência = []

===== FIM =====
