===== RESULTADO BRKGA L(2,1) =====
Arquivo: /Users/mateuspedrosa/Documents/TCC-II/BRKGA/data/Harwell-Boeing_cleaned/can_1054_clean.mtx

----- Execução #1 -----
[INFO] Parou por estagnação.
Tempo de execução: 270260ms
Span (lambda): 38
best_order = [397, 252, 870, 574, 675, 624, 515, 851, 73, 81, 807, 337, 172, 737, 19, 426, 495, 276, 672, 89, 301, 109, 741, 298, 375, 874, 783, 5, 437, 758, 781, 179, 242, 876, 331, 680, 785, 417, 638, 549, 160, 932, 667, 673, 944, 192, 694, 440, 1051, 564, 44, 140, 83, 916, 653, 970, 588, 524, 608, 173, 263, 498, 966, 383, 428, 689, 879, 523, 507, 72, 987, 804, 510, 1036, 611, 273, 171, 927, 897, 224, 739, 1015, 32, 288, 800, 170, 407, 113, 359, 986, 661, 1025, 923, 178, 580, 622, 293, 526, 529, 260, 468, 314, 411, 223, 162, 126, 963, 654, 231, 241, 623, 1042, 798, 183, 690, 80, 625, 509, 311, 941, 666, 248, 513, 506, 511, 703, 1028, 188, 784, 309, 887, 585, 348, 884, 766, 58, 1040, 127, 806, 270, 68, 792, 176, 150, 269, 268, 326, 380, 29, 639, 602, 920, 894, 2, 6, 444, 55, 283, 906, 356, 536, 610, 956, 195, 777, 947, 597, 745, 708, 104, 686, 1052, 967, 168, 409, 965, 971, 859, 678, 461, 600, 1010, 715, 756, 724, 282, 992, 616, 494, 59, 425, 221, 181, 381, 848, 50, 31, 114, 598, 249, 980, 410, 433, 49, 360, 797, 809, 330, 867, 12, 544, 358, 308, 540, 988, 607, 313, 935, 281, 100, 834, 727, 305, 67, 349, 20, 166, 938, 704, 416, 1, 236, 733, 421, 388, 1022, 398, 786, 201, 968, 726, 852, 290, 565, 343, 683, 917, 696, 41, 46, 982, 1034, 976, 413, 518, 514, 712, 485, 333, 492, 1041, 467, 316, 997, 175, 900, 320, 747, 280, 1045, 225, 296, 99, 26, 1038, 373, 462, 531, 840, 821, 186, 483, 481, 464, 25, 389, 474, 203, 222, 594, 765, 844, 847, 1049, 361, 736, 422, 161, 75, 193, 447, 554, 165, 731, 219, 946, 1011, 238, 860, 579, 191, 339, 303, 827, 771, 922, 351, 327, 202, 159, 657, 685, 487, 118, 791, 723, 742, 86, 250, 272, 676, 148, 512, 60, 996, 706, 933, 466, 21, 570, 107, 648, 102, 707, 129, 1039, 950, 144, 23, 665, 889, 163, 504, 64, 264, 740, 45, 401, 1021, 994, 257, 647, 130, 688, 891, 866, 88, 476, 1037, 108, 1030, 451, 463, 367, 605, 232, 801, 279, 384, 57, 635, 394, 17, 750, 254, 403, 71, 77, 432, 18, 770, 452, 909, 208, 713, 543, 482, 366, 760, 117, 62, 517, 124, 634, 649, 85, 525, 520, 465, 227, 903, 346, 217, 0, 436, 395, 621, 488, 846, 1050, 237, 354, 209, 180, 617, 97, 924, 128, 558, 295, 405, 415, 115, 631, 479, 603, 1035, 235, 207, 767, 743, 505, 184, 317, 606, 902, 581, 210, 450, 92, 14, 660, 614, 658, 1046, 335, 644, 796, 645, 42, 981, 782, 378, 164, 641, 668, 659, 1004, 555, 795, 289, 934, 831, 559, 692, 287, 962, 427, 735, 312, 52, 812, 951, 547, 56, 748, 940, 156, 537, 858, 835, 687, 442, 43, 489, 587, 319, 420, 439, 752, 121, 912, 387, 571, 1032, 832, 691, 744, 315, 334, 292, 196, 651, 182, 95, 435, 1024, 306, 669, 905, 240, 38, 185, 898, 1016, 369, 119, 705, 921, 353, 749, 853, 472, 576, 618, 557, 131, 880, 552, 857, 722, 662, 989, 266, 925, 538, 527, 577, 819, 670, 460, 198, 328, 814, 137, 762, 700, 1033, 13, 695, 490, 158, 454, 1017, 823, 636, 82, 1018, 304, 541, 1053, 604, 959, 390, 412, 568, 664, 112, 586, 347, 228, 1008, 70, 275, 595, 802, 693, 307, 560, 10, 755, 243, 883, 496, 753, 96, 699, 206, 979, 174, 596, 952, 84, 626, 551, 87, 803, 469, 300, 888, 79, 154, 91, 788, 256, 948, 563, 716, 942, 534, 856, 843, 345, 291, 297, 284, 619, 954, 780, 299, 123, 640, 615, 590, 961, 205, 589, 918, 628, 769, 310, 212, 322, 572, 491, 652, 774, 650, 502, 754, 528, 911, 477, 134, 601, 470, 39, 901, 151, 775, 763, 1031, 431, 679, 325, 899, 663, 374, 396, 875, 839, 845, 63, 642, 323, 341, 500, 714, 116, 285, 721, 998, 1009, 561, 885, 817, 262, 794, 816, 824, 376, 35, 135, 646, 830, 473, 455, 837, 930, 643, 37, 65, 54, 855, 849, 419, 370, 729, 993, 220, 632, 259, 943, 868, 877, 591, 36, 915, 294, 286, 701, 34, 332, 229, 3, 926, 261, 429, 908, 406, 1020, 656, 501, 556, 30, 138, 448, 218, 245, 9, 69, 438, 424, 456, 342, 350, 408, 521, 1027, 697, 698, 820, 471, 145, 841, 136, 141, 931, 573, 530, 978, 850, 265, 532, 732, 682, 562, 838, 247, 459, 904, 497, 244, 928, 1048, 189, 620, 629, 772, 133, 985, 953, 363, 120, 836, 535, 718, 382, 22, 132, 24, 90, 385, 599, 1026, 434, 1001, 484, 61, 793, 881, 457, 338, 169, 302, 7, 882, 582, 808, 864, 98, 414, 106, 725, 336, 578, 508, 609, 94, 66, 449, 865, 811, 4, 8, 441, 818, 125, 1019, 719, 146, 872, 999, 16, 813, 710, 681, 983, 778, 592, 759, 550, 194, 896, 907, 329, 393, 475, 391, 93, 122, 958, 761, 886, 27, 825, 1000, 768, 805, 503, 74, 842, 226, 372, 101, 274, 155, 1002, 277, 914, 730, 893, 368, 255, 76, 677, 214, 1013, 871, 633, 964, 828, 919, 913, 143, 826, 234, 734, 51, 362, 402, 418, 400, 869, 637, 575, 655, 1006, 671, 110, 545, 569, 815, 340, 1003, 1029, 995, 478, 895, 377, 890, 990, 973, 949, 258, 267, 1014, 233, 430, 453, 1023, 197, 863, 567, 955, 548, 751, 829, 364, 423, 833, 486, 945, 251, 78, 977, 974, 399, 822, 738, 190, 15, 365, 253, 630, 324, 789, 957, 975, 1007, 215, 861, 790, 709, 344, 787, 702, 873, 862, 519, 480, 149, 40, 773, 271, 764, 960, 278, 717, 969, 213, 728, 318, 939, 1044, 167, 937, 854, 984, 216, 991, 583, 878, 199, 493, 352, 553, 684, 757, 321, 53, 152, 404, 746, 379, 200, 211, 230, 892, 593, 355, 357, 246, 48, 446, 139, 187, 542, 613, 103, 533, 157, 392, 47, 546, 153, 566, 1012, 627, 142, 929, 799, 371, 584, 674, 147, 177, 445, 776, 516, 972, 711, 11, 499, 539, 443, 239, 458, 936, 612, 779, 386, 1043, 204, 105, 720, 522, 1005, 1047, 28, 111, 33, 910, 810]
labeling = [9, 5, 3, 24, 29, 0, 6, 27, 25, 32, 23, 34, 10, 15, 13, 36, 32, 17, 19, 2, 6, 14, 26, 20, 28, 11, 15, 31, 33, 13, 27, 9, 5, 37, 25, 28, 23, 18, 22, 9, 16, 1, 8, 15, 2, 12, 7, 20, 33, 4, 11, 18, 10, 31, 6, 8, 14, 16, 1, 3, 7, 19, 5, 16, 18, 30, 26, 2, 0, 7, 21, 12, 3, 1, 27, 6, 21, 8, 34, 25, 7, 0, 22, 4, 23, 21, 11, 24, 7, 3, 30, 1, 16, 21, 10, 13, 25, 18, 4, 8, 5, 34, 2, 36, 3, 23, 16, 14, 17, 0, 33, 30, 19, 4, 6, 20, 21, 18, 12, 14, 29, 8, 6, 13, 16, 19, 3, 0, 7, 1, 2, 18, 26, 21, 19, 16, 22, 14, 17, 11, 2, 29, 33, 25, 10, 11, 15, 14, 5, 12, 1, 21, 29, 35, 20, 32, 23, 36, 25, 19, 0, 17, 6, 21, 26, 19, 13, 34, 10, 31, 8, 6, 1, 3, 24, 18, 11, 34, 7, 2, 20, 2, 6, 1, 12, 17, 8, 33, 4, 14, 16, 2, 0, 11, 31, 7, 5, 17, 12, 27, 22, 3, 15, 8, 38, 29, 28, 22, 11, 14, 20, 35, 27, 34, 31, 24, 38, 23, 30, 4, 28, 9, 16, 5, 4, 14, 29, 22, 25, 27, 35, 7, 18, 28, 26, 21, 12, 16, 13, 33, 23, 9, 4, 14, 30, 26, 29, 28, 10, 13, 8, 31, 0, 32, 19, 30, 23, 17, 22, 25, 1, 26, 10, 4, 14, 17, 24, 24, 5, 4, 3, 25, 10, 0, 28, 13, 1, 0, 21, 8, 12, 6, 9, 7, 12, 23, 30, 19, 4, 17, 10, 25, 21, 5, 30, 18, 15, 28, 0, 30, 26, 4, 33, 19, 22, 13, 21, 28, 15, 8, 24, 6, 19, 11, 1, 16, 3, 14, 25, 15, 9, 32, 13, 25, 27, 21, 6, 12, 24, 28, 8, 2, 26, 13, 7, 16, 23, 1, 15, 14, 34, 28, 32, 12, 35, 27, 11, 23, 2, 7, 31, 9, 32, 1, 25, 33, 6, 10, 12, 3, 8, 5, 17, 13, 34, 20, 7, 2, 23, 14, 18, 35, 5, 11, 27, 0, 25, 29, 15, 31, 2, 10, 18, 5, 12, 23, 33, 20, 17, 2, 22, 29, 20, 28, 13, 14, 16, 0, 3, 27, 25, 7, 23, 11, 30, 13, 24, 3, 29, 9, 12, 4, 24, 13, 36, 23, 8, 1, 32, 30, 25, 15, 5, 37, 33, 11, 0, 19, 7, 26, 35, 19, 21, 12, 31, 20, 18, 3, 23, 16, 1, 27, 8, 33, 5, 37, 34, 7, 25, 32, 21, 14, 19, 0, 17, 8, 29, 35, 37, 34, 22, 7, 2, 20, 16, 21, 19, 11, 6, 23, 29, 18, 11, 25, 17, 25, 10, 28, 35, 10, 8, 7, 8, 4, 20, 3, 31, 19, 23, 12, 27, 13, 17, 36, 9, 2, 4, 28, 5, 35, 27, 29, 23, 32, 22, 16, 11, 2, 31, 10, 9, 5, 16, 1, 15, 0, 26, 23, 8, 34, 17, 24, 36, 4, 2, 13, 6, 25, 26, 7, 26, 15, 27, 33, 21, 27, 10, 18, 21, 37, 14, 17, 31, 11, 6, 27, 33, 15, 30, 0, 28, 18, 22, 38, 16, 21, 30, 27, 25, 5, 19, 22, 17, 20, 0, 4, 37, 15, 13, 34, 1, 20, 27, 30, 0, 36, 24, 26, 33, 9, 3, 16, 31, 36, 38, 1, 23, 24, 2, 29, 26, 32, 31, 34, 17, 12, 24, 3, 10, 28, 4, 6, 2, 9, 29, 19, 0, 10, 1, 32, 9, 5, 28, 32, 15, 21, 4, 14, 18, 26, 33, 14, 4, 7, 1, 8, 23, 36, 30, 28, 2, 10, 15, 21, 8, 5, 14, 6, 1, 2, 28, 15, 29, 31, 10, 11, 16, 6, 3, 5, 19, 8, 17, 2, 0, 22, 25, 10, 14, 20, 15, 3, 17, 5, 19, 13, 9, 6, 17, 12, 22, 15, 3, 5, 25, 0, 6, 34, 4, 9, 1, 20, 16, 8, 21, 5, 6, 11, 14, 3, 4, 18, 16, 22, 2, 17, 10, 23, 26, 12, 5, 0, 25, 2, 5, 18, 9, 12, 12, 29, 22, 35, 8, 11, 23, 7, 20, 33, 28, 21, 32, 19, 16, 11, 9, 25, 13, 10, 31, 14, 28, 6, 26, 8, 29, 15, 12, 2, 5, 1, 9, 0, 10, 13, 16, 5, 27, 4, 14, 12, 2, 18, 6, 13, 10, 8, 1, 25, 0, 30, 2, 23, 10, 17, 29, 8, 1, 13, 12, 18, 14, 6, 22, 30, 24, 20, 34, 7, 23, 3, 21, 0, 15, 2, 6, 4, 0, 19, 4, 33, 21, 9, 1, 18, 22, 14, 11, 4, 9, 31, 7, 13, 17, 19, 5, 22, 8, 1, 21, 4, 6, 8, 11, 15, 4, 7, 18, 16, 12, 3, 26, 5, 24, 15, 19, 28, 21, 3, 27, 29, 17, 15, 20, 24, 8, 11, 22, 5, 12, 3, 13, 7, 15, 2, 11, 14, 9, 6, 10, 16, 18, 0, 2, 17, 20, 4, 21, 19, 15, 3, 6, 24, 30, 26, 22, 24, 1, 4, 15, 13, 0, 16, 29, 27, 1, 20, 2, 21, 19, 1, 0, 15, 18, 12, 4, 16, 21, 2, 12, 8, 19, 11, 22, 28, 3, 15, 20, 1, 6, 17, 5, 15, 11, 9, 18, 2, 0, 17, 14, 3, 20, 12, 7, 25, 15, 10, 0, 1, 7, 10, 5, 10, 8, 2, 9, 12, 8, 3, 21, 32, 17, 19, 2, 6, 14, 5, 31, 23, 2, 19, 15, 4, 8, 16, 3, 18, 12, 7, 17, 24, 10, 13, 16, 15, 11, 30, 0, 25, 22, 12, 28, 16, 10, 5, 23, 6, 3, 4, 9, 17, 0, 7, 11, 5, 14, 19, 9, 11, 8, 6, 2, 9, 6, 22, 21, 12, 6, 5, 3, 11, 13, 10, 5, 13, 10, 14, 8, 1, 14, 28, 22, 16, 19, 34, 9, 35, 33, 13, 22, 24, 11, 6, 32, 20, 30, 3, 5, 9, 12, 18, 14, 7, 2, 9, 5, 0, 10, 28, 1, 27, 3, 22, 20, 26, 0, 7, 1, 4, 9, 10, 3, 8, 0, 17, 26, 1, 6, 29, 0, 18, 24, 1, 8, 16]
convergência = [39, 39, 39, 39, 38, 38, 38, 38, 38, 38, 38, 38, 38, 38, 38, 38, 38, 38, 38, 38, 38, 38, 38, 38, 38, 38, 38, 38, 38, 38, 38, 38, 38, 38, 38, 38, 38, 38, 38, 38, 38, 38, 38, 38, 38, 38, 38, 38, 38, 38, 38, 38, 38, 38, 38, 38, 38, 38, 38, 38, 38, 38, 38, 38, 38, 38, 38, 38, 38, 38, 38, 38, 38, 38, 38, 38, 38, 38, 38, 38, 38, 38, 38, 38, 38, 38, 38, 38, 38, 38, 38, 38, 38, 38, 38, 38, 38, 38, 38, 38, 38, 38, 38, 38, 38, 38, 38, 38, 38, 38, 38, 38, 38, 38, 38, 38, 38, 38, 38, 38, 38, 38, 38, 38, 38, 38, 38, 38]

===== FIM =====
