===== RESULTADO BRKGA L(2,1) =====
Arquivo: /Users/mateuspedrosa/Documents/TCC-II/BRKGA/data/Harwell-Boeing_cleaned/can_24_clean.mtx

----- Execução #1 -----
[INFO] Parou por estagnação.
Tempo de execução: 628ms
Span (lambda): 10
best_order = [19, 18, 14, 7, 0, 13, 1, 6, 20, 16, 17, 8, 12, 4, 15, 11, 3, 21, 5, 23, 9, 22, 10, 2]
labeling = [5, 3, 7, 10, 6, 10, 3, 4, 5, 9, 6, 1, 8, 1, 0, 8, 1, 7, 2, 0, 4, 9, 2, 6]
convergência = [11, 11, 11, 11, 11, 11, 11, 10, 10, 10, 10, 10, 10, 10, 10, 10, 10, 10, 10, 10, 10, 10, 10, 10, 10, 10, 10, 10, 10, 10, 10, 10, 10, 10, 10, 10, 10, 10, 10, 10, 10, 10, 10, 10, 10, 10, 10, 10, 10, 10, 10, 10, 10, 10, 10, 10, 10, 10, 10, 10, 10, 10, 10, 10, 10, 10, 10, 10, 10, 10, 10, 10, 10, 10, 10, 10, 10, 10, 10, 10, 10, 10, 10, 10, 10, 10, 10, 10, 10, 10, 10, 10, 10, 10, 10, 10, 10, 10, 10, 10, 10, 10, 10, 10, 10, 10, 10, 10, 10, 10, 10, 10, 10, 10, 10, 10, 10, 10, 10, 10, 10, 10, 10, 10, 10, 10, 10, 10, 10, 10, 10]

===== FIM =====
