===== RESULTADO BRKGA L(2,1) =====
Arquivo: /Users/mateuspedrosa/Documents/TCC-II/BRKGA/data/Harwell-Boeing_cleaned/can_1072_clean.mtx

----- Execução #1 -----
[INFO] Parou por estagnação.
Tempo de execução: 310918ms
Span (lambda): 38
best_order = [577, 650, 968, 945, 53, 491, 316, 656, 645, 106, 989, 362, 196, 752, 522, 258, 611, 619, 293, 1069, 580, 740, 465, 209, 109, 486, 134, 272, 1019, 98, 335, 400, 919, 544, 1029, 200, 848, 924, 1028, 214, 623, 564, 290, 681, 869, 710, 1066, 900, 962, 545, 582, 364, 348, 824, 536, 203, 488, 615, 963, 126, 600, 707, 487, 369, 605, 74, 355, 227, 305, 800, 803, 17, 862, 722, 787, 250, 36, 125, 442, 853, 525, 907, 817, 898, 24, 444, 839, 939, 26, 877, 246, 268, 841, 433, 447, 878, 980, 274, 105, 884, 349, 422, 521, 790, 683, 940, 738, 377, 261, 871, 459, 887, 541, 743, 431, 228, 741, 9, 256, 997, 59, 421, 329, 138, 1068, 237, 94, 49, 827, 479, 103, 73, 57, 530, 289, 688, 175, 347, 124, 915, 439, 1002, 477, 144, 902, 319, 964, 441, 503, 39, 546, 788, 846, 757, 745, 266, 22, 1064, 397, 1006, 251, 1015, 307, 840, 382, 819, 672, 69, 1046, 145, 68, 516, 260, 573, 110, 561, 443, 583, 566, 886, 129, 242, 451, 162, 952, 30, 108, 917, 100, 548, 283, 55, 414, 897, 358, 133, 389, 646, 171, 484, 164, 497, 949, 647, 72, 649, 408, 986, 865, 415, 440, 885, 454, 262, 814, 500, 174, 595, 426, 850, 905, 692, 483, 569, 306, 11, 676, 405, 85, 618, 866, 901, 668, 1054, 67, 117, 327, 1043, 1047, 241, 534, 383, 50, 398, 1067, 860, 471, 276, 191, 142, 1061, 420, 96, 936, 635, 189, 1, 610, 947, 780, 636, 1053, 168, 612, 167, 25, 834, 992, 15, 1016, 876, 217, 904, 694, 424, 265, 1009, 760, 719, 972, 480, 1022, 742, 419, 193, 833, 831, 896, 149, 417, 99, 665, 287, 101, 699, 920, 212, 183, 693, 8, 836, 6, 597, 983, 916, 751, 935, 526, 532, 340, 1062, 1048, 153, 346, 380, 704, 758, 728, 356, 425, 324, 669, 845, 1055, 31, 286, 575, 804, 617, 1031, 245, 747, 170, 721, 625, 691, 748, 921, 571, 60, 54, 684, 906, 378, 331, 62, 312, 130, 1058, 779, 367, 976, 883, 12, 709, 333, 458, 535, 152, 631, 585, 999, 951, 399, 84, 781, 371, 48, 540, 328, 18, 621, 154, 409, 835, 943, 432, 801, 620, 659, 911, 445, 695, 984, 537, 1026, 264, 146, 410, 411, 682, 706, 43, 528, 19, 882, 628, 87, 334, 118, 854, 606, 396, 812, 766, 542, 20, 376, 467, 950, 861, 207, 889, 82, 912, 933, 837, 671, 821, 927, 651, 1008, 434, 934, 1004, 114, 555, 685, 918, 698, 32, 374, 300, 639, 229, 855, 591, 493, 543, 596, 959, 194, 764, 765, 576, 966, 308, 680, 452, 572, 330, 77, 438, 594, 974, 1000, 58, 61, 843, 197, 453, 969, 971, 538, 638, 973, 925, 390, 938, 655, 793, 485, 81, 140, 78, 954, 550, 295, 449, 178, 1042, 868, 391, 336, 127, 554, 844, 658, 586, 460, 457, 598, 365, 746, 609, 565, 1050, 1007, 429, 725, 1027, 113, 474, 616, 993, 515, 789, 1041, 213, 23, 423, 715, 761, 71, 818, 870, 754, 161, 893, 716, 558, 393, 222, 345, 21, 729, 736, 678, 1037, 705, 226, 858, 755, 956, 44, 156, 29, 661, 285, 928, 518, 630, 88, 581, 1063, 90, 70, 799, 281, 115, 1033, 296, 872, 318, 218, 317, 40, 733, 291, 310, 773, 987, 653, 708, 157, 978, 1030, 720, 805, 394, 5, 815, 1034, 1014, 730, 731, 667, 1035, 225, 267, 279, 923, 502, 238, 634, 492, 475, 794, 428, 975, 4, 180, 232, 211, 568, 908, 111, 1005, 995, 1045, 774, 652, 675, 806, 996, 863, 559, 514, 859, 643, 141, 749, 825, 132, 33, 888, 368, 321, 1018, 931, 648, 339, 184, 717, 188, 259, 187, 13, 342, 1057, 828, 341, 784, 45, 304, 163, 970, 92, 247, 1011, 52, 724, 557, 614, 830, 192, 314, 961, 179, 851, 448, 0, 735, 587, 322, 791, 35, 437, 547, 198, 895, 375, 782, 501, 56, 622, 864, 686, 1036, 627, 360, 891, 46, 820, 337, 663, 640, 809, 288, 499, 775, 626, 508, 953, 930, 455, 116, 122, 148, 960, 139, 511, 881, 216, 632, 28, 677, 169, 3, 112, 808, 158, 2, 270, 208, 599, 714, 504, 988, 476, 151, 42, 205, 772, 624, 562, 823, 165, 994, 563, 363, 570, 726, 1001, 785, 567, 489, 926, 1017, 315, 560, 263, 182, 284, 248, 955, 711, 104, 273, 796, 326, 813, 842, 298, 1032, 689, 202, 366, 662, 210, 990, 910, 874, 313, 47, 608, 1012, 201, 802, 531, 517, 829, 406, 66, 234, 463, 1013, 732, 361, 909, 666, 166, 822, 1056, 795, 1052, 357, 150, 325, 1040, 892, 642, 702, 942, 323, 172, 533, 303, 107, 385, 137, 768, 890, 1024, 482, 674, 143, 985, 894, 206, 1071, 1003, 1039, 468, 354, 481, 737, 899, 160, 121, 1049, 350, 359, 857, 236, 240, 664, 604, 734, 589, 810, 633, 195, 932, 159, 553, 838, 239, 275, 826, 301, 186, 461, 93, 249, 873, 763, 879, 224, 1020, 701, 941, 657, 63, 957, 402, 352, 523, 527, 913, 727, 687, 89, 867, 776, 244, 199, 384, 41, 155, 524, 929, 472, 80, 466, 798, 464, 255, 64, 173, 131, 436, 181, 338, 811, 370, 123, 967, 712, 450, 277, 981, 556, 10, 506, 601, 767, 243, 670, 120, 1059, 413, 496, 119, 510, 102, 395, 588, 637, 473, 592, 372, 353, 507, 404, 344, 1044, 320, 914, 641, 311, 147, 998, 79, 539, 135, 529, 269, 498, 254, 75, 513, 578, 991, 903, 852, 299, 76, 91, 271, 392, 1060, 1025, 470, 7, 786, 223, 551, 14, 302, 430, 233, 83, 403, 37, 51, 777, 723, 478, 95, 379, 958, 1065, 603, 176, 593, 1038, 797, 660, 590, 512, 856, 38, 351, 977, 703, 644, 332, 97, 220, 519, 292, 849, 381, 416, 756, 769, 495, 204, 584, 847, 654, 456, 700, 253, 388, 696, 1023, 86, 778, 579, 922, 282, 505, 713, 418, 177, 435, 946, 832, 574, 309, 185, 469, 880, 297, 1010, 221, 278, 257, 1070, 412, 770, 673, 792, 386, 629, 944, 34, 27, 875, 816, 552, 965, 235, 509, 219, 982, 128, 744, 718, 948, 979, 401, 697, 343, 294, 762, 1051, 230, 607, 231, 1021, 750, 783, 280, 759, 679, 427, 937, 753, 602, 407, 462, 215, 16, 446, 373, 520, 252, 739, 807, 190, 613, 490, 771, 387, 690, 549, 136, 494, 65]
labeling = [21, 8, 15, 26, 16, 18, 13, 36, 11, 3, 28, 9, 18, 22, 30, 12, 38, 2, 14, 13, 17, 23, 6, 21, 3, 18, 5, 31, 30, 16, 14, 20, 11, 27, 17, 21, 3, 34, 32, 8, 16, 30, 23, 5, 10, 11, 1, 28, 12, 2, 6, 27, 19, 0, 9, 7, 22, 4, 14, 5, 8, 20, 17, 21, 23, 25, 10, 6, 8, 1, 7, 20, 2, 6, 0, 26, 24, 16, 19, 25, 17, 5, 9, 29, 7, 4, 32, 10, 18, 31, 25, 27, 20, 30, 8, 28, 0, 34, 1, 12, 11, 14, 15, 9, 26, 7, 0, 2, 13, 2, 10, 22, 1, 4, 6, 25, 23, 8, 3, 5, 15, 14, 29, 24, 7, 4, 1, 22, 19, 13, 10, 23, 12, 5, 0, 22, 35, 19, 2, 18, 13, 14, 3, 25, 0, 4, 13, 3, 20, 10, 29, 23, 9, 11, 4, 27, 6, 9, 21, 17, 25, 7, 0, 20, 7, 27, 30, 5, 10, 26, 15, 9, 29, 31, 10, 5, 25, 36, 20, 22, 24, 34, 32, 10, 28, 35, 31, 19, 23, 10, 37, 9, 15, 10, 5, 25, 0, 18, 15, 14, 1, 29, 22, 2, 37, 16, 32, 12, 21, 0, 24, 17, 11, 6, 1, 36, 25, 4, 23, 37, 33, 35, 21, 22, 28, 11, 13, 1, 3, 8, 30, 23, 14, 18, 16, 27, 26, 3, 10, 15, 28, 7, 9, 14, 11, 4, 2, 6, 8, 3, 3, 5, 25, 22, 19, 13, 9, 20, 0, 18, 12, 4, 16, 26, 2, 17, 11, 15, 5, 28, 25, 32, 1, 20, 6, 22, 6, 18, 26, 11, 29, 16, 2, 4, 23, 9, 11, 8, 24, 4, 2, 7, 14, 0, 13, 1, 12, 31, 21, 26, 17, 32, 35, 30, 23, 4, 12, 7, 18, 33, 21, 30, 12, 25, 23, 27, 0, 26, 22, 2, 32, 18, 21, 27, 12, 20, 23, 7, 5, 3, 18, 11, 28, 13, 15, 2, 7, 21, 14, 19, 6, 22, 20, 31, 33, 14, 8, 0, 2, 3, 15, 36, 28, 32, 25, 1, 16, 20, 3, 27, 13, 24, 0, 15, 2, 6, 19, 9, 16, 1, 28, 3, 29, 38, 18, 9, 15, 4, 6, 17, 8, 30, 7, 5, 19, 11, 29, 38, 33, 8, 12, 14, 31, 16, 13, 29, 6, 3, 7, 4, 1, 33, 9, 1, 30, 5, 17, 36, 2, 14, 16, 18, 6, 26, 1, 3, 28, 5, 24, 9, 11, 6, 2, 23, 14, 16, 5, 38, 28, 20, 32, 6, 12, 3, 14, 37, 29, 26, 19, 7, 16, 9, 6, 15, 10, 16, 36, 7, 24, 21, 27, 6, 16, 15, 3, 13, 22, 18, 11, 4, 21, 33, 38, 24, 34, 0, 29, 19, 30, 37, 35, 7, 31, 12, 21, 26, 27, 4, 33, 2, 9, 30, 25, 11, 4, 14, 1, 0, 1, 29, 34, 0, 23, 15, 10, 23, 25, 8, 30, 28, 3, 22, 12, 5, 27, 36, 33, 34, 11, 38, 32, 25, 13, 35, 20, 23, 12, 31, 24, 33, 37, 11, 0, 32, 34, 8, 19, 20, 21, 33, 12, 26, 18, 28, 15, 17, 1, 18, 20, 31, 9, 3, 12, 16, 0, 2, 5, 18, 4, 33, 17, 1, 31, 29, 11, 15, 31, 24, 24, 21, 22, 13, 29, 24, 3, 22, 4, 28, 25, 10, 26, 10, 20, 6, 34, 12, 14, 0, 24, 27, 1, 20, 1, 4, 8, 7, 18, 9, 15, 31, 11, 17, 11, 34, 19, 5, 17, 14, 22, 5, 0, 35, 37, 31, 20, 2, 15, 32, 29, 21, 17, 1, 18, 36, 24, 4, 8, 14, 9, 0, 16, 13, 25, 2, 24, 11, 19, 17, 10, 25, 13, 4, 21, 8, 23, 12, 8, 32, 20, 4, 21, 30, 27, 23, 32, 0, 6, 8, 14, 10, 0, 16, 21, 5, 36, 3, 1, 34, 13, 10, 22, 6, 18, 19, 24, 3, 27, 21, 2, 13, 26, 8, 1, 29, 12, 23, 13, 22, 2, 36, 8, 0, 14, 1, 5, 16, 11, 12, 2, 18, 28, 3, 10, 7, 5, 9, 35, 17, 10, 0, 33, 29, 30, 3, 5, 14, 10, 4, 15, 8, 3, 13, 25, 29, 17, 9, 11, 14, 35, 15, 22, 17, 0, 5, 26, 18, 25, 10, 13, 4, 22, 25, 27, 17, 31, 15, 16, 24, 5, 31, 0, 8, 12, 6, 33, 7, 19, 8, 13, 22, 30, 10, 1, 25, 19, 15, 28, 5, 3, 29, 7, 10, 32, 11, 1, 6, 9, 19, 29, 34, 36, 24, 10, 9, 19, 23, 25, 33, 34, 6, 14, 18, 22, 29, 20, 23, 33, 2, 10, 16, 4, 21, 23, 15, 18, 20, 3, 22, 28, 19, 1, 16, 12, 2, 1, 21, 9, 23, 4, 17, 29, 31, 5, 25, 9, 0, 27, 2, 15, 1, 23, 4, 28, 26, 3, 17, 15, 4, 2, 20, 13, 7, 9, 3, 1, 8, 7, 12, 27, 0, 9, 1, 15, 11, 17, 14, 4, 31, 0, 8, 10, 13, 17, 5, 11, 14, 28, 6, 3, 1, 8, 11, 5, 20, 13, 7, 9, 21, 16, 0, 8, 2, 20, 26, 12, 18, 11, 3, 5, 26, 32, 17, 0, 7, 3, 7, 9, 5, 17, 15, 27, 23, 25, 16, 28, 24, 8, 2, 1, 22, 0, 9, 6, 16, 10, 8, 13, 1, 20, 23, 21, 15, 14, 19, 24, 7, 12, 4, 16, 0, 1, 13, 22, 11, 2, 4, 18, 8, 10, 15, 12, 14, 6, 3, 9, 13, 5, 20, 11, 1, 3, 24, 21, 12, 22, 0, 25, 1, 26, 11, 13, 2, 4, 19, 14, 12, 10, 29, 24, 7, 20, 18, 1, 3, 2, 30, 9, 17, 0, 13, 19, 14, 4, 10, 11, 8, 6, 33, 18, 20, 2, 7, 20, 3, 12, 26, 6, 11, 19, 0, 20, 22, 1, 4, 7, 5, 15, 2, 24, 13, 12, 14, 0, 15, 5, 9, 2, 10, 5, 6, 27, 14, 20, 22, 12, 4, 7, 22, 14, 0, 20, 32, 9, 25, 24, 14, 19, 9, 4, 2, 15, 11, 17, 13, 3, 8, 16, 2, 18, 17, 15, 13, 10, 1, 6, 18, 0, 2, 11, 21, 16, 34, 23, 3, 5, 8, 16, 6, 2, 12, 31, 10, 16, 21, 1, 18, 1, 8, 6, 0, 11, 9]
convergência = [39, 39, 39, 39, 39, 39, 39, 39, 39, 39, 39, 39, 39, 39, 39, 39, 39, 39, 39, 39, 38, 38, 38, 38, 38, 38, 38, 38, 38, 38, 38, 38, 38, 38, 38, 38, 38, 38, 38, 38, 38, 38, 38, 38, 38, 38, 38, 38, 38, 38, 38, 38, 38, 38, 38, 38, 38, 38, 38, 38, 38, 38, 38, 38, 38, 38, 38, 38, 38, 38, 38, 38, 38, 38, 38, 38, 38, 38, 38, 38, 38, 38, 38, 38, 38, 38, 38, 38, 38, 38, 38, 38, 38, 38, 38, 38, 38, 38, 38, 38, 38, 38, 38, 38, 38, 38, 38, 38, 38, 38, 38, 38, 38, 38, 38, 38, 38, 38, 38, 38, 38, 38, 38, 38, 38, 38, 38, 38, 38, 38, 38, 38, 38, 38, 38, 38, 38, 38, 38, 38, 38, 38, 38, 38]

===== FIM =====
