===== RESULTADO BRKGA L(2,1) =====
Arquivo: /Users/mateuspedrosa/Documents/TCC-II/BRKGA/data/Harwell-Boeing_cleaned/can_445_clean.mtx

----- Execução #1 -----
[INFO] Parou por estagnação.
Tempo de execução: 53440ms
Span (lambda): 19
best_order = [153, 327, 12, 367, 61, 227, 210, 257, 434, 286, 303, 424, 116, 221, 415, 124, 255, 410, 81, 16, 289, 201, 324, 320, 423, 14, 52, 122, 274, 299, 130, 143, 294, 382, 345, 214, 298, 396, 234, 22, 295, 248, 133, 332, 25, 90, 136, 347, 346, 187, 278, 191, 379, 27, 356, 40, 218, 203, 62, 152, 53, 328, 342, 273, 9, 353, 364, 316, 193, 117, 109, 101, 113, 224, 150, 235, 370, 41, 443, 172, 144, 57, 261, 392, 334, 178, 361, 89, 405, 266, 321, 170, 128, 177, 366, 98, 91, 251, 293, 317, 416, 245, 267, 377, 304, 6, 308, 39, 280, 433, 393, 270, 237, 114, 213, 344, 430, 48, 196, 378, 389, 72, 84, 50, 365, 28, 417, 138, 82, 173, 54, 4, 67, 239, 7, 216, 87, 119, 428, 199, 231, 209, 436, 380, 338, 357, 287, 381, 137, 107, 363, 106, 275, 34, 139, 75, 240, 348, 206, 154, 343, 111, 163, 95, 5, 340, 406, 141, 93, 312, 175, 79, 282, 333, 179, 120, 398, 426, 375, 247, 297, 151, 400, 232, 319, 350, 156, 17, 176, 197, 92, 305, 69, 43, 125, 88, 230, 30, 246, 242, 351, 349, 148, 322, 169, 29, 233, 205, 326, 391, 38, 244, 394, 165, 388, 127, 186, 288, 437, 220, 323, 142, 35, 110, 373, 85, 164, 23, 284, 238, 279, 31, 444, 315, 71, 336, 307, 383, 264, 313, 121, 200, 147, 408, 204, 359, 102, 407, 19, 325, 306, 404, 49, 253, 174, 256, 384, 318, 74, 228, 103, 262, 185, 80, 65, 195, 371, 369, 432, 3, 77, 431, 352, 180, 66, 372, 296, 32, 236, 184, 329, 330, 442, 0, 418, 21, 105, 190, 97, 51, 268, 194, 309, 360, 15, 112, 354, 441, 358, 189, 260, 188, 271, 63, 341, 439, 59, 395, 259, 283, 146, 11, 13, 42, 166, 24, 132, 225, 281, 387, 401, 100, 168, 265, 438, 292, 161, 47, 78, 118, 337, 419, 215, 412, 291, 126, 73, 20, 411, 374, 276, 182, 301, 76, 162, 250, 331, 158, 129, 83, 376, 99, 212, 56, 226, 272, 385, 368, 131, 10, 140, 183, 397, 8, 390, 310, 435, 104, 18, 311, 414, 46, 171, 290, 302, 192, 55, 409, 115, 269, 425, 211, 94, 149, 44, 440, 217, 335, 258, 355, 399, 123, 254, 26, 249, 135, 157, 202, 339, 263, 181, 68, 219, 413, 362, 70, 45, 300, 36, 223, 160, 198, 427, 134, 207, 86, 60, 386, 2, 402, 96, 285, 155, 159, 58, 314, 108, 208, 37, 64, 167, 403, 252, 420, 33, 222, 277, 243, 241, 229, 145, 1, 422, 421, 429]
labeling = [11, 19, 17, 13, 5, 9, 3, 8, 17, 3, 16, 14, 0, 15, 2, 14, 0, 7, 15, 0, 2, 14, 0, 13, 15, 0, 19, 2, 4, 10, 5, 8, 12, 18, 3, 8, 6, 17, 11, 7, 4, 6, 10, 7, 17, 13, 18, 16, 4, 10, 5, 11, 1, 4, 9, 16, 12, 8, 1, 12, 3, 0, 2, 9, 9, 5, 10, 8, 18, 11, 6, 10, 5, 11, 6, 8, 18, 13, 17, 6, 12, 0, 2, 15, 1, 4, 15, 1, 7, 0, 2, 4, 10, 5, 19, 4, 16, 14, 6, 17, 12, 7, 9, 12, 3, 15, 9, 7, 12, 2, 11, 1, 9, 3, 8, 19, 0, 5, 14, 6, 10, 13, 1, 3, 0, 8, 14, 7, 5, 11, 1, 13, 11, 3, 18, 16, 2, 8, 6, 10, 15, 5, 10, 0, 2, 17, 4, 9, 7, 15, 1, 7, 4, 0, 12, 19, 13, 1, 12, 15, 13, 6, 15, 0, 2, 4, 9, 11, 13, 9, 5, 16, 3, 7, 9, 4, 7, 5, 3, 8, 12, 16, 2, 6, 0, 5, 3, 1, 11, 7, 9, 4, 13, 2, 14, 10, 4, 2, 8, 1, 3, 0, 8, 1, 13, 11, 6, 10, 18, 3, 1, 18, 11, 5, 0, 6, 4, 14, 3, 18, 5, 0, 19, 10, 1, 8, 11, 0, 10, 17, 6, 2, 5, 7, 0, 2, 11, 1, 10, 7, 9, 16, 0, 17, 8, 0, 6, 9, 1, 16, 9, 7, 15, 12, 14, 3, 5, 2, 14, 11, 9, 4, 6, 14, 8, 12, 4, 6, 13, 15, 2, 13, 17, 2, 0, 3, 9, 4, 1, 9, 4, 7, 8, 13, 5, 11, 0, 6, 11, 1, 19, 17, 15, 6, 2, 4, 7, 10, 4, 2, 18, 13, 16, 0, 8, 11, 9, 8, 6, 9, 13, 15, 6, 13, 17, 12, 2, 7, 1, 10, 2, 5, 11, 3, 1, 14, 12, 0, 3, 5, 7, 14, 0, 10, 2, 15, 1, 11, 6, 13, 8, 9, 3, 8, 4, 1, 3, 0, 6, 10, 12, 14, 7, 5, 14, 17, 2, 9, 17, 15, 0, 4, 13, 11, 6, 8, 6, 0, 13, 10, 0, 9, 11, 4, 0, 7, 11, 3, 5, 2, 4, 6, 1, 8, 10, 17, 18, 15, 13, 4, 11, 7, 0, 2, 11, 16, 1, 9, 5, 14, 9, 3, 4, 16, 3, 1, 7, 12, 8, 13, 4, 10, 12, 15, 14, 2, 6, 8, 12, 15, 16, 19, 17, 3, 1, 14, 9, 13, 7, 10, 3, 0, 2, 4, 0, 17, 5, 8, 16, 11, 19, 15, 13, 3, 5]
convergência = [19, 19, 19, 19, 19, 19, 19, 19, 19, 19, 19, 19, 19, 19, 19, 19, 19, 19, 19, 19, 19, 19, 19, 19, 19, 19, 19, 19, 19, 19, 19, 19, 19, 19, 19, 19, 19, 19, 19, 19, 19, 19, 19, 19, 19, 19, 19, 19, 19, 19, 19, 19, 19, 19, 19, 19, 19, 19, 19, 19, 19, 19, 19, 19, 19, 19, 19, 19, 19, 19, 19, 19, 19, 19, 19, 19, 19, 19, 19, 19, 19, 19, 19, 19, 19, 19, 19, 19, 19, 19, 19, 19, 19, 19, 19, 19, 19, 19, 19, 19, 19, 19, 19, 19, 19, 19, 19, 19, 19, 19, 19, 19, 19, 19, 19, 19, 19, 19, 19, 19, 19, 19, 19, 19]

===== FIM =====
