===== RESULTADO BRKGA L(2,1) =====
Arquivo: /Users/mateuspedrosa/Documents/TCC-II/BRKGA/data/Harwell-Boeing_cleaned/can_229_clean.mtx

----- Execução #1 -----
[INFO] Parou por estagnação.
Tempo de execução: 21640ms
Span (lambda): 17
best_order = [70, 55, 10, 35, 193, 4, 113, 79, 53, 224, 136, 21, 20, 100, 15, 58, 16, 226, 42, 18, 97, 2, 155, 102, 127, 144, 222, 106, 219, 63, 93, 171, 201, 179, 98, 142, 52, 23, 86, 154, 221, 169, 56, 129, 184, 27, 9, 28, 137, 215, 128, 139, 85, 17, 14, 110, 104, 71, 111, 180, 46, 19, 67, 123, 49, 81, 175, 125, 194, 151, 88, 99, 72, 186, 150, 220, 76, 176, 198, 214, 31, 120, 190, 172, 45, 8, 51, 69, 13, 161, 80, 116, 30, 109, 37, 211, 130, 6, 115, 160, 212, 153, 101, 135, 94, 29, 189, 203, 216, 75, 188, 205, 89, 26, 74, 157, 148, 112, 170, 204, 133, 182, 90, 47, 208, 43, 62, 162, 11, 66, 7, 50, 134, 132, 124, 185, 5, 64, 24, 228, 206, 195, 105, 177, 143, 57, 207, 210, 0, 146, 114, 83, 48, 39, 166, 118, 168, 152, 60, 145, 192, 159, 200, 164, 131, 33, 41, 122, 199, 25, 187, 91, 196, 32, 82, 197, 141, 117, 213, 147, 156, 96, 12, 95, 92, 22, 140, 73, 84, 227, 44, 202, 209, 3, 181, 126, 217, 68, 38, 77, 59, 158, 163, 36, 121, 183, 223, 149, 191, 218, 167, 87, 174, 34, 65, 138, 108, 173, 103, 78, 119, 1, 178, 61, 54, 107, 165, 225, 40]
labeling = [1, 17, 2, 14, 0, 13, 9, 12, 7, 3, 0, 7, 13, 10, 8, 1, 3, 5, 2, 6, 3, 1, 14, 3, 7, 15, 11, 5, 7, 11, 6, 4, 14, 9, 12, 2, 17, 3, 14, 11, 16, 12, 0, 9, 13, 8, 6, 11, 4, 0, 13, 9, 3, 1, 8, 0, 2, 6, 4, 8, 6, 9, 5, 0, 4, 10, 7, 4, 15, 10, 0, 2, 5, 10, 12, 9, 4, 15, 5, 0, 10, 5, 16, 11, 15, 6, 4, 15, 10, 8, 11, 16, 12, 5, 9, 12, 7, 0, 3, 7, 1, 8, 2, 16, 8, 14, 1, 4, 17, 2, 9, 7, 13, 0, 14, 9, 7, 2, 0, 15, 4, 13, 11, 5, 10, 6, 12, 4, 6, 3, 9, 12, 8, 5, 14, 11, 2, 4, 17, 1, 13, 10, 6, 11, 1, 3, 1, 3, 5, 11, 0, 3, 6, 0, 4, 0, 5, 4, 7, 6, 3, 4, 0, 9, 0, 12, 0, 11, 2, 0, 4, 1, 0, 14, 7, 1, 4, 2, 7, 2, 2, 6, 8, 16, 0, 3, 9, 17, 13, 11, 7, 16, 10, 0, 3, 8, 15, 10, 6, 8, 5, 3, 14, 8, 10, 0, 14, 2, 7, 11, 15, 0, 2, 15, 4, 1, 6, 13, 16, 1, 5, 0, 3, 11, 0, 7, 1, 5, 12]
convergência = [18, 18, 18, 18, 18, 18, 18, 18, 17, 17, 17, 17, 17, 17, 17, 17, 17, 17, 17, 17, 17, 17, 17, 17, 17, 17, 17, 17, 17, 17, 17, 17, 17, 17, 17, 17, 17, 17, 17, 17, 17, 17, 17, 17, 17, 17, 17, 17, 17, 17, 17, 17, 17, 17, 17, 17, 17, 17, 17, 17, 17, 17, 17, 17, 17, 17, 17, 17, 17, 17, 17, 17, 17, 17, 17, 17, 17, 17, 17, 17, 17, 17, 17, 17, 17, 17, 17, 17, 17, 17, 17, 17, 17, 17, 17, 17, 17, 17, 17, 17, 17, 17, 17, 17, 17, 17, 17, 17, 17, 17, 17, 17, 17, 17, 17, 17, 17, 17, 17, 17, 17, 17, 17, 17, 17, 17, 17, 17, 17, 17, 17, 17]

===== FIM =====
