===== RESULTADO BRKGA L(2,1) =====
Arquivo: /Users/mateuspedrosa/Documents/TCC-II/BRKGA/data/Harwell-Boeing_cleaned/can_268_clean.mtx

----- Execução #1 -----
[INFO] Parou por estagnação.
Tempo de execução: 66896ms
Span (lambda): 37
best_order = [187, 189, 69, 124, 209, 252, 174, 77, 250, 17, 145, 83, 138, 149, 122, 197, 1, 126, 238, 3, 130, 179, 78, 59, 178, 50, 205, 44, 215, 5, 235, 213, 29, 225, 60, 192, 202, 68, 173, 115, 88, 25, 221, 151, 132, 185, 21, 41, 105, 267, 66, 109, 183, 63, 15, 256, 260, 103, 161, 142, 165, 171, 64, 181, 233, 240, 191, 234, 90, 56, 35, 43, 55, 208, 28, 168, 239, 257, 162, 222, 201, 206, 190, 259, 159, 164, 253, 244, 223, 243, 18, 216, 153, 112, 212, 86, 140, 37, 80, 144, 139, 4, 261, 177, 102, 22, 47, 150, 245, 214, 6, 188, 39, 241, 175, 116, 157, 73, 121, 266, 226, 30, 229, 72, 9, 108, 134, 242, 26, 95, 204, 207, 93, 2, 89, 129, 74, 146, 123, 0, 184, 158, 91, 75, 45, 34, 48, 127, 166, 8, 182, 262, 232, 237, 32, 96, 258, 199, 61, 71, 97, 136, 118, 148, 143, 114, 76, 38, 65, 263, 128, 49, 133, 170, 186, 53, 228, 195, 137, 13, 249, 194, 255, 231, 16, 160, 236, 230, 54, 198, 23, 169, 100, 220, 106, 193, 107, 154, 12, 7, 163, 200, 92, 62, 135, 51, 217, 156, 70, 119, 131, 265, 10, 84, 264, 218, 113, 248, 52, 20, 254, 219, 85, 251, 81, 98, 111, 227, 40, 147, 36, 196, 24, 57, 211, 110, 246, 152, 117, 180, 31, 58, 67, 11, 79, 104, 172, 155, 167, 33, 120, 42, 82, 99, 14, 101, 141, 125, 46, 19, 210, 176, 224, 94, 203, 87, 247, 27]
labeling = [13, 1, 23, 2, 20, 5, 17, 11, 14, 13, 12, 27, 19, 21, 34, 11, 27, 1, 15, 34, 18, 8, 7, 24, 33, 7, 22, 37, 13, 6, 9, 27, 24, 30, 22, 12, 31, 17, 26, 18, 25, 3, 30, 3, 2, 9, 22, 4, 10, 18, 0, 23, 29, 20, 17, 11, 8, 31, 28, 3, 6, 16, 27, 0, 9, 18, 5, 29, 1, 0, 25, 3, 20, 12, 23, 6, 26, 0, 4, 24, 8, 31, 19, 3, 17, 21, 15, 35, 5, 16, 9, 23, 22, 11, 36, 6, 4, 15, 22, 32, 1, 30, 8, 3, 35, 10, 26, 25, 16, 2, 34, 28, 12, 28, 25, 7, 8, 32, 13, 28, 33, 14, 4, 19, 1, 36, 0, 22, 28, 12, 4, 28, 9, 30, 21, 33, 27, 25, 3, 16, 4, 34, 10, 24, 18, 3, 24, 20, 23, 2, 8, 5, 10, 15, 26, 33, 27, 19, 26, 13, 19, 5, 10, 30, 14, 7, 17, 8, 11, 15, 18, 9, 28, 5, 0, 19, 36, 0, 5, 4, 7, 13, 25, 11, 8, 6, 15, 0, 12, 2, 11, 7, 1, 35, 29, 32, 13, 0, 34, 6, 11, 7, 1, 29, 22, 6, 15, 18, 14, 1, 35, 32, 17, 8, 19, 6, 0, 27, 29, 31, 21, 7, 15, 16, 37, 2, 20, 25, 14, 16, 8, 1, 9, 4, 6, 3, 14, 5, 1, 14, 12, 17, 22, 18, 16, 7, 32, 34, 29, 24, 2, 30, 0, 3, 27, 31, 5, 1, 25, 8, 6, 4, 13, 23, 28, 26, 15, 10]
convergência = [37, 37, 37, 37, 37, 37, 37, 37, 37, 37, 37, 37, 37, 37, 37, 37, 37, 37, 37, 37, 37, 37, 37, 37, 37, 37, 37, 37, 37, 37, 37, 37, 37, 37, 37, 37, 37, 37, 37, 37, 37, 37, 37, 37, 37, 37, 37, 37, 37, 37, 37, 37, 37, 37, 37, 37, 37, 37, 37, 37, 37, 37, 37, 37, 37, 37, 37, 37, 37, 37, 37, 37, 37, 37, 37, 37, 37, 37, 37, 37, 37, 37, 37, 37, 37, 37, 37, 37, 37, 37, 37, 37, 37, 37, 37, 37, 37, 37, 37, 37, 37, 37, 37, 37, 37, 37, 37, 37, 37, 37, 37, 37, 37, 37, 37, 37, 37, 37, 37, 37, 37, 37, 37, 37]

===== FIM =====
