===== RESULTADO BRKGA L(2,1) =====
Arquivo: /Users/mateuspedrosa/Documents/TCC-II/BRKGA/data/Harwell-Boeing_cleaned/can_61_clean.mtx

----- Execução #1 -----
[INFO] Parou por estagnação.
Tempo de execução: 3258ms
Span (lambda): 25
best_order = [42, 25, 12, 41, 49, 10, 29, 38, 20, 30, 55, 16, 46, 4, 17, 39, 26, 9, 0, 36, 2, 15, 7, 48, 21, 13, 23, 37, 32, 28, 11, 27, 35, 22, 1, 33, 40, 57, 19, 52, 58, 31, 47, 24, 50, 56, 51, 34, 60, 14, 5, 6, 43, 45, 18, 44, 59, 54, 3, 53, 8]
labeling = [3, 16, 6, 25, 7, 11, 23, 12, 24, 10, 3, 4, 1, 11, 22, 8, 3, 8, 18, 13, 2, 10, 3, 5, 21, 0, 4, 13, 5, 1, 1, 19, 12, 17, 20, 15, 9, 14, 4, 5, 18, 1, 0, 13, 19, 16, 6, 15, 4, 2, 14, 17, 7, 22, 20, 5, 7, 6, 13, 8, 9]
convergência = [25, 25, 25, 25, 25, 25, 25, 25, 25, 25, 25, 25, 25, 25, 25, 25, 25, 25, 25, 25, 25, 25, 25, 25, 25, 25, 25, 25, 25, 25, 25, 25, 25, 25, 25, 25, 25, 25, 25, 25, 25, 25, 25, 25, 25, 25, 25, 25, 25, 25, 25, 25, 25, 25, 25, 25, 25, 25, 25, 25, 25, 25, 25, 25, 25, 25, 25, 25, 25, 25, 25, 25, 25, 25, 25, 25, 25, 25, 25, 25, 25, 25, 25, 25, 25, 25, 25, 25, 25, 25, 25, 25, 25, 25, 25, 25, 25, 25, 25, 25, 25, 25, 25, 25, 25, 25, 25, 25, 25, 25, 25, 25, 25, 25, 25, 25, 25, 25, 25, 25, 25, 25, 25, 25]

===== FIM =====
