===== RESULTADO BRKGA L(2,1) =====
Arquivo: /Users/mateuspedrosa/Documents/TCC-II/BRKGA/data/Harwell-Boeing_cleaned/can_256_clean.mtx

----- Execução #1 -----
[INFO] Parou por estagnação.
Tempo de execução: 67426ms
Span (lambda): 83
best_order = [248, 140, 177, 173, 146, 201, 194, 179, 238, 157, 141, 57, 67, 142, 5, 44, 151, 37, 149, 36, 159, 197, 204, 18, 130, 137, 150, 119, 74, 65, 19, 113, 26, 128, 138, 247, 43, 108, 188, 96, 202, 155, 160, 195, 98, 14, 25, 251, 46, 154, 102, 71, 0, 116, 64, 23, 214, 186, 230, 199, 220, 162, 54, 115, 120, 78, 80, 206, 241, 48, 58, 228, 172, 191, 246, 32, 134, 87, 70, 174, 68, 127, 231, 148, 252, 101, 153, 61, 125, 239, 100, 235, 227, 6, 203, 234, 2, 187, 168, 85, 106, 20, 232, 118, 185, 56, 164, 121, 136, 89, 31, 126, 3, 249, 139, 34, 82, 196, 171, 77, 55, 236, 169, 237, 4, 215, 193, 161, 240, 27, 131, 242, 8, 109, 217, 50, 83, 158, 105, 75, 99, 35, 181, 49, 135, 1, 225, 223, 114, 253, 59, 255, 103, 152, 13, 190, 243, 132, 212, 176, 94, 254, 200, 95, 92, 123, 233, 24, 29, 47, 163, 40, 198, 122, 147, 166, 170, 10, 30, 208, 12, 79, 84, 21, 133, 62, 51, 73, 219, 7, 38, 110, 143, 9, 226, 42, 245, 90, 216, 72, 229, 165, 178, 91, 221, 93, 192, 52, 22, 189, 156, 244, 17, 104, 250, 28, 175, 117, 69, 60, 211, 184, 183, 222, 144, 97, 76, 111, 207, 41, 145, 81, 182, 210, 15, 124, 107, 112, 39, 33, 63, 11, 86, 45, 180, 209, 129, 213, 88, 167, 205, 66, 224, 218, 16, 53]
labeling = [0, 14, 6, 9, 25, 2, 21, 18, 12, 65, 19, 79, 16, 53, 17, 78, 83, 19, 8, 10, 35, 62, 22, 20, 6, 18, 12, 43, 7, 16, 13, 0, 20, 35, 2, 5, 3, 1, 21, 23, 11, 3, 33, 8, 4, 39, 11, 15, 4, 2, 1, 30, 31, 14, 8, 10, 37, 5, 24, 15, 73, 32, 63, 36, 17, 5, 20, 7, 28, 71, 27, 13, 45, 7, 9, 44, 15, 2, 23, 60, 19, 52, 41, 9, 11, 3, 80, 26, 81, 4, 10, 13, 56, 68, 55, 28, 14, 34, 16, 47, 33, 30, 14, 50, 24, 5, 1, 3, 1, 26, 64, 75, 24, 12, 48, 21, 10, 72, 36, 11, 22, 40, 59, 57, 22, 8, 13, 18, 7, 53, 9, 31, 37, 42, 4, 11, 28, 3, 8, 30, 0, 5, 1, 7, 74, 76, 3, 58, 29, 4, 6, 2, 51, 31, 19, 13, 69, 4, 45, 6, 15, 24, 18, 29, 38, 66, 61, 82, 34, 5, 16, 42, 25, 1, 13, 70, 54, 2, 67, 3, 44, 46, 77, 9, 18, 14, 4, 10, 2, 27, 14, 12, 22, 3, 1, 12, 25, 7, 40, 13, 41, 1, 9, 23, 7, 12, 1, 6, 3, 26, 20, 17, 11, 50, 14, 29, 51, 10, 19, 15, 15, 47, 49, 34, 48, 33, 43, 23, 16, 46, 11, 20, 26, 39, 24, 21, 32, 27, 0, 2, 9, 6, 7, 52, 3, 44, 17, 2, 0, 39, 1, 10, 19, 35, 38, 49]
convergência = [83, 83, 83, 83, 83, 83, 83, 83, 83, 83, 83, 83, 83, 83, 83, 83, 83, 83, 83, 83, 83, 83, 83, 83, 83, 83, 83, 83, 83, 83, 83, 83, 83, 83, 83, 83, 83, 83, 83, 83, 83, 83, 83, 83, 83, 83, 83, 83, 83, 83, 83, 83, 83, 83, 83, 83, 83, 83, 83, 83, 83, 83, 83, 83, 83, 83, 83, 83, 83, 83, 83, 83, 83, 83, 83, 83, 83, 83, 83, 83, 83, 83, 83, 83, 83, 83, 83, 83, 83, 83, 83, 83, 83, 83, 83, 83, 83, 83, 83, 83, 83, 83, 83, 83, 83, 83, 83, 83, 83, 83, 83, 83, 83, 83, 83, 83, 83, 83, 83, 83, 83, 83, 83, 83]

===== FIM =====
