===== RESULTADO BRKGA L(2,1) =====
Arquivo: /Users/mateuspedrosa/Documents/TCC-II/BRKGA/data/Harwell-Boeing_cleaned/can_96_clean.mtx

----- Execução #1 -----
[INFO] Parou por estagnação.
Tempo de execução: 3131ms
Span (lambda): 15
best_order = [76, 30, 58, 70, 78, 40, 87, 93, 73, 90, 55, 57, 74, 1, 44, 37, 86, 52, 56, 71, 51, 62, 59, 4, 19, 36, 34, 49, 42, 48, 50, 2, 72, 18, 13, 32, 22, 35, 11, 0, 94, 63, 41, 16, 14, 46, 17, 88, 67, 82, 69, 31, 15, 8, 84, 80, 28, 65, 25, 3, 7, 38, 95, 83, 79, 24, 26, 9, 66, 47, 10, 27, 23, 75, 39, 61, 92, 29, 53, 5, 81, 12, 33, 21, 6, 85, 89, 60, 64, 77, 43, 45, 68, 91, 54, 20]
labeling = [2, 0, 6, 12, 0, 4, 12, 3, 0, 9, 11, 0, 12, 3, 6, 4, 9, 11, 8, 2, 7, 14, 6, 10, 7, 5, 3, 7, 5, 8, 0, 12, 5, 13, 4, 10, 5, 1, 8, 13, 2, 12, 10, 13, 2, 15, 10, 14, 3, 1, 6, 0, 3, 11, 15, 4, 9, 6, 1, 4, 9, 6, 4, 7, 15, 9, 11, 8, 14, 9, 0, 7, 11, 3, 8, 11, 0, 12, 1, 11, 0, 5, 2, 4, 1, 12, 5, 2, 13, 0, 5, 2, 7, 3, 5, 8]
convergência = [16, 15, 15, 15, 15, 15, 15, 15, 15, 15, 15, 15, 15, 15, 15, 15, 15, 15, 15, 15, 15, 15, 15, 15, 15, 15, 15, 15, 15, 15, 15, 15, 15, 15, 15, 15, 15, 15, 15, 15, 15, 15, 15, 15, 15, 15, 15, 15, 15, 15, 15, 15, 15, 15, 15, 15, 15, 15, 15, 15, 15, 15, 15, 15, 15, 15, 15, 15, 15, 15, 15, 15, 15, 15, 15, 15, 15, 15, 15, 15, 15, 15, 15, 15, 15, 15, 15, 15, 15, 15, 15, 15, 15, 15, 15, 15, 15, 15, 15, 15, 15, 15, 15, 15, 15, 15, 15, 15, 15, 15, 15, 15, 15, 15, 15, 15, 15, 15, 15, 15, 15, 15, 15, 15, 15]

===== FIM =====
