===== RESULTADO BRKGA L(2,1) =====
Arquivo: /Users/mateuspedrosa/Documents/TCC-II/BRKGA/data/Harwell-Boeing_cleaned/can_73_clean.mtx

----- Execução #1 -----
[INFO] Parou por estagnação.
Tempo de execução: 1430ms
Span (lambda): 12
best_order = [37, 57, 5, 38, 25, 53, 13, 70, 18, 21, 20, 17, 27, 30, 1, 41, 42, 60, 66, 40, 28, 22, 2, 9, 55, 64, 4, 49, 50, 35, 6, 26, 69, 8, 24, 71, 54, 32, 45, 65, 29, 39, 58, 72, 68, 11, 52, 12, 15, 3, 33, 59, 19, 44, 43, 14, 46, 23, 0, 47, 48, 31, 67, 62, 36, 7, 63, 16, 51, 61, 34, 56, 10]
labeling = [11, 3, 5, 9, 7, 0, 2, 11, 6, 2, 12, 5, 9, 2, 6, 4, 9, 0, 1, 4, 0, 1, 3, 10, 4, 1, 8, 2, 6, 8, 0, 10, 1, 9, 11, 4, 7, 0, 2, 7, 3, 3, 4, 4, 5, 6, 2, 8, 12, 3, 5, 12, 8, 0, 3, 1, 12, 0, 10, 12, 5, 8, 11, 2, 0, 7, 2, 11, 5, 3, 1, 4, 9]
convergência = [13, 13, 12, 12, 12, 12, 12, 12, 12, 12, 12, 12, 12, 12, 12, 12, 12, 12, 12, 12, 12, 12, 12, 12, 12, 12, 12, 12, 12, 12, 12, 12, 12, 12, 12, 12, 12, 12, 12, 12, 12, 12, 12, 12, 12, 12, 12, 12, 12, 12, 12, 12, 12, 12, 12, 12, 12, 12, 12, 12, 12, 12, 12, 12, 12, 12, 12, 12, 12, 12, 12, 12, 12, 12, 12, 12, 12, 12, 12, 12, 12, 12, 12, 12, 12, 12, 12, 12, 12, 12, 12, 12, 12, 12, 12, 12, 12, 12, 12, 12, 12, 12, 12, 12, 12, 12, 12, 12, 12, 12, 12, 12, 12, 12, 12, 12, 12, 12, 12, 12, 12, 12, 12, 12, 12, 12]

===== FIM =====
