===== RESULTADO BRKGA L(2,1) =====
Arquivo: /Users/mateuspedrosa/Documents/TCC-II/BRKGA/data/Harwell-Boeing_cleaned/can_634_clean.mtx

----- Execução #1 -----
[INFO] Parou por estagnação.
Tempo de execução: 137698ms
Span (lambda): 31
best_order = [577, 195, 276, 476, 218, 144, 350, 20, 527, 142, 129, 602, 618, 595, 316, 63, 293, 27, 623, 486, 604, 512, 35, 403, 246, 545, 314, 107, 616, 560, 85, 38, 26, 557, 559, 208, 42, 72, 252, 223, 521, 89, 415, 7, 152, 448, 317, 194, 97, 438, 564, 544, 510, 122, 265, 362, 96, 130, 514, 462, 253, 59, 432, 44, 630, 593, 84, 23, 160, 493, 409, 221, 177, 566, 257, 586, 509, 95, 110, 205, 127, 424, 508, 323, 133, 121, 258, 500, 285, 621, 543, 242, 371, 568, 404, 120, 571, 54, 421, 552, 396, 162, 3, 461, 529, 562, 468, 161, 164, 188, 2, 291, 605, 326, 482, 417, 70, 466, 262, 384, 280, 434, 340, 364, 391, 459, 620, 590, 358, 30, 113, 39, 210, 442, 353, 585, 388, 397, 312, 55, 495, 539, 231, 390, 13, 22, 427, 201, 629, 499, 345, 470, 313, 136, 596, 357, 574, 75, 196, 31, 169, 81, 150, 547, 92, 408, 4, 328, 98, 481, 392, 74, 286, 456, 281, 234, 410, 489, 540, 279, 511, 168, 315, 156, 433, 554, 51, 302, 114, 148, 282, 45, 123, 631, 165, 296, 117, 1, 319, 575, 93, 475, 102, 186, 338, 614, 608, 569, 356, 556, 435, 393, 36, 349, 64, 99, 139, 215, 224, 309, 579, 321, 79, 189, 8, 307, 333, 303, 271, 18, 606, 184, 524, 11, 632, 261, 237, 558, 626, 576, 457, 369, 66, 378, 151, 550, 24, 425, 324, 292, 599, 479, 580, 182, 174, 587, 299, 287, 485, 49, 534, 214, 373, 73, 453, 464, 522, 200, 492, 627, 327, 601, 445, 363, 270, 226, 519, 304, 526, 21, 163, 548, 387, 331, 395, 449, 217, 351, 520, 383, 561, 29, 266, 455, 15, 58, 91, 343, 19, 235, 245, 366, 16, 301, 584, 589, 497, 112, 298, 325, 255, 374, 498, 525, 311, 494, 61, 274, 477, 506, 203, 436, 116, 532, 233, 401, 633, 308, 125, 598, 197, 518, 267, 490, 149, 90, 413, 447, 592, 228, 565, 295, 259, 439, 240, 264, 284, 609, 416, 379, 206, 450, 361, 501, 289, 126, 273, 10, 513, 222, 332, 530, 573, 406, 488, 69, 305, 428, 426, 103, 159, 359, 342, 452, 65, 153, 77, 41, 251, 181, 68, 140, 190, 239, 275, 458, 380, 209, 446, 407, 247, 376, 444, 207, 419, 137, 507, 192, 607, 549, 437, 597, 213, 83, 402, 483, 154, 5, 381, 528, 469, 254, 183, 515, 538, 17, 40, 80, 37, 451, 249, 430, 542, 278, 76, 504, 250, 553, 147, 88, 336, 463, 111, 567, 101, 523, 472, 260, 600, 134, 398, 603, 399, 306, 423, 474, 283, 440, 167, 12, 6, 256, 335, 229, 170, 131, 334, 347, 109, 460, 178, 346, 241, 624, 341, 337, 212, 118, 244, 78, 53, 202, 57, 108, 172, 124, 135, 394, 138, 34, 628, 582, 106, 503, 158, 236, 216, 505, 32, 48, 145, 473, 572, 171, 104, 175, 230, 211, 268, 355, 372, 62, 25, 132, 400, 368, 263, 225, 420, 146, 588, 537, 9, 431, 441, 581, 360, 411, 269, 220, 496, 465, 386, 191, 613, 516, 14, 367, 502, 555, 348, 33, 272, 610, 105, 87, 128, 310, 248, 484, 157, 141, 594, 277, 619, 546, 611, 329, 541, 60, 330, 535, 94, 173, 533, 50, 176, 199, 478, 243, 551, 46, 43, 320, 365, 414, 187, 71, 467, 166, 418, 583, 238, 290, 47, 480, 52, 288, 143, 318, 625, 412, 570, 119, 517, 294, 405, 385, 536, 389, 67, 377, 370, 297, 615, 28, 56, 591, 352, 612, 180, 617, 344, 491, 219, 198, 204, 227, 429, 155, 487, 339, 0, 322, 193, 86, 375, 185, 300, 354, 100, 422, 578, 563, 531, 115, 454, 382, 179, 443, 471, 622, 232, 82]
labeling = [27, 0, 7, 5, 10, 17, 20, 2, 11, 6, 12, 7, 9, 3, 17, 12, 9, 19, 14, 16, 0, 6, 12, 7, 13, 21, 3, 1, 23, 11, 1, 7, 11, 21, 23, 2, 11, 19, 1, 9, 19, 16, 5, 28, 4, 8, 19, 22, 13, 8, 15, 5, 21, 17, 3, 11, 23, 10, 2, 0, 24, 2, 16, 0, 3, 10, 1, 9, 7, 10, 6, 8, 0, 13, 8, 6, 17, 7, 14, 9, 21, 7, 25, 22, 4, 1, 16, 26, 17, 3, 1, 15, 9, 12, 20, 5, 0, 2, 11, 14, 28, 25, 3, 5, 24, 27, 18, 2, 24, 22, 2, 16, 8, 0, 2, 31, 12, 9, 24, 30, 11, 2, 4, 12, 8, 14, 10, 4, 25, 1, 4, 23, 25, 4, 16, 21, 12, 20, 26, 15, 17, 20, 1, 23, 0, 20, 22, 12, 8, 17, 6, 14, 3, 15, 20, 7, 1, 14, 10, 8, 2, 10, 4, 13, 10, 7, 24, 4, 0, 5, 7, 9, 5, 11, 4, 13, 15, 0, 5, 28, 26, 16, 11, 17, 10, 22, 3, 24, 4, 12, 18, 26, 15, 22, 5, 0, 8, 14, 30, 18, 13, 5, 14, 8, 26, 1, 17, 22, 3, 21, 8, 30, 18, 16, 14, 10, 25, 4, 0, 24, 26, 6, 15, 2, 9, 18, 10, 28, 3, 20, 23, 3, 14, 19, 6, 17, 27, 11, 20, 10, 8, 12, 4, 2, 23, 12, 2, 5, 13, 7, 21, 19, 0, 4, 17, 6, 12, 3, 1, 4, 15, 5, 1, 9, 2, 0, 2, 11, 19, 14, 12, 7, 21, 13, 6, 16, 0, 23, 17, 10, 4, 9, 5, 4, 14, 1, 7, 14, 17, 9, 21, 3, 8, 0, 15, 18, 0, 19, 16, 13, 30, 13, 4, 10, 5, 18, 20, 11, 15, 8, 14, 11, 6, 5, 2, 6, 1, 3, 15, 6, 25, 12, 22, 2, 11, 16, 2, 15, 6, 24, 28, 1, 11, 8, 10, 7, 5, 20, 6, 24, 0, 17, 9, 3, 22, 4, 13, 11, 19, 17, 1, 19, 29, 7, 31, 23, 14, 9, 5, 12, 14, 5, 3, 18, 4, 15, 8, 27, 24, 6, 28, 0, 23, 11, 1, 9, 11, 19, 9, 14, 16, 18, 25, 13, 5, 22, 20, 8, 3, 21, 7, 8, 12, 16, 25, 10, 2, 10, 20, 22, 27, 13, 21, 0, 5, 2, 11, 13, 3, 3, 7, 20, 25, 9, 22, 1, 9, 4, 23, 14, 16, 6, 24, 13, 2, 8, 11, 0, 8, 18, 10, 17, 0, 5, 1, 9, 12, 15, 1, 15, 22, 19, 7, 21, 13, 6, 8, 13, 0, 10, 2, 18, 16, 4, 18, 12, 6, 9, 14, 2, 15, 3, 1, 20, 11, 16, 5, 25, 3, 17, 3, 14, 20, 22, 19, 9, 0, 12, 21, 9, 13, 7, 4, 16, 18, 5, 0, 27, 20, 10, 14, 30, 15, 2, 15, 6, 19, 7, 17, 7, 5, 16, 25, 18, 16, 29, 18, 22, 11, 9, 6, 10, 1, 20, 7, 19, 17, 7, 19, 3, 15, 4, 14, 25, 9, 17, 10, 0, 18, 6, 1, 24, 8, 21, 12, 13, 22, 18, 15, 1, 6, 11, 24, 8, 3, 1, 27, 9, 13, 17, 12, 29, 8, 23, 12, 26, 13, 2, 12, 4, 2, 5, 8, 31, 5, 19, 6, 23, 9, 14, 29, 5, 26, 19, 8, 11, 15, 0, 31, 11, 6, 27, 21, 23, 8, 10, 7, 16, 27, 17, 10, 30, 18, 3, 28, 0, 3, 21, 6, 7, 22, 13, 2, 18, 1, 9, 15, 20, 14, 19, 25, 28, 26, 23, 13, 17, 1, 28, 0, 24, 7, 0, 10, 0, 23, 28, 14, 16, 2, 0, 3, 1, 4, 0]
convergência = [32, 32, 31, 31, 31, 31, 31, 31, 31, 31, 31, 31, 31, 31, 31, 31, 31, 31, 31, 31, 31, 31, 31, 31, 31, 31, 31, 31, 31, 31, 31, 31, 31, 31, 31, 31, 31, 31, 31, 31, 31, 31, 31, 31, 31, 31, 31, 31, 31, 31, 31, 31, 31, 31, 31, 31, 31, 31, 31, 31, 31, 31, 31, 31, 31, 31, 31, 31, 31, 31, 31, 31, 31, 31, 31, 31, 31, 31, 31, 31, 31, 31, 31, 31, 31, 31, 31, 31, 31, 31, 31, 31, 31, 31, 31, 31, 31, 31, 31, 31, 31, 31, 31, 31, 31, 31, 31, 31, 31, 31, 31, 31, 31, 31, 31, 31, 31, 31, 31, 31, 31, 31, 31, 31, 31, 31]

===== FIM =====
