===== RESULTADO BRKGA L(2,1) =====
Arquivo: /Users/mateuspedrosa/Documents/TCC-II/BRKGA/data/Harwell-Boeing_cleaned/can_161_clean.mtx

----- Execução #1 -----
[INFO] Parou por estagnação.
Tempo de execução: 15859ms
Span (lambda): 18
best_order = [16, 47, 14, 4, 38, 122, 126, 33, 32, 151, 106, 98, 18, 137, 108, 76, 37, 116, 26, 101, 157, 53, 135, 83, 61, 132, 67, 24, 147, 103, 51, 149, 66, 155, 19, 10, 21, 124, 145, 99, 136, 146, 60, 128, 57, 69, 113, 62, 148, 159, 68, 140, 133, 13, 102, 142, 58, 112, 80, 96, 2, 72, 54, 111, 43, 139, 12, 42, 35, 17, 71, 85, 70, 87, 158, 39, 129, 52, 117, 86, 15, 64, 90, 121, 125, 44, 152, 36, 119, 131, 110, 88, 11, 115, 77, 97, 41, 59, 25, 89, 6, 156, 92, 28, 104, 154, 48, 138, 0, 50, 34, 141, 150, 75, 143, 27, 74, 82, 93, 130, 63, 114, 81, 123, 78, 30, 79, 23, 95, 29, 134, 144, 120, 7, 55, 46, 153, 22, 109, 84, 91, 160, 8, 40, 45, 3, 65, 105, 118, 31, 73, 100, 49, 56, 20, 1, 9, 107, 5, 127, 94]
labeling = [13, 15, 9, 13, 0, 18, 13, 7, 12, 18, 3, 7, 5, 3, 1, 4, 0, 11, 1, 7, 16, 6, 15, 9, 0, 5, 1, 14, 12, 15, 10, 16, 5, 3, 14, 4, 10, 3, 1, 4, 14, 10, 8, 6, 9, 17, 6, 2, 7, 10, 6, 0, 8, 5, 7, 11, 6, 2, 4, 11, 2, 0, 4, 9, 7, 18, 6, 4, 10, 8, 5, 1, 4, 8, 16, 9, 0, 8, 6, 9, 2, 16, 14, 2, 16, 12, 14, 9, 11, 13, 6, 14, 4, 12, 16, 14, 8, 12, 0, 5, 9, 3, 6, 0, 15, 17, 2, 18, 1, 7, 5, 10, 6, 4, 15, 7, 1, 13, 18, 8, 12, 7, 0, 10, 3, 11, 0, 15, 1, 9, 13, 11, 4, 10, 16, 2, 5, 3, 13, 8, 6, 14, 4, 13, 16, 3, 5, 2, 8, 6, 14, 0, 10, 15, 11, 4, 12, 1, 9, 7, 18]
convergência = [18, 18, 18, 18, 18, 18, 18, 18, 18, 18, 18, 18, 18, 18, 18, 18, 18, 18, 18, 18, 18, 18, 18, 18, 18, 18, 18, 18, 18, 18, 18, 18, 18, 18, 18, 18, 18, 18, 18, 18, 18, 18, 18, 18, 18, 18, 18, 18, 18, 18, 18, 18, 18, 18, 18, 18, 18, 18, 18, 18, 18, 18, 18, 18, 18, 18, 18, 18, 18, 18, 18, 18, 18, 18, 18, 18, 18, 18, 18, 18, 18, 18, 18, 18, 18, 18, 18, 18, 18, 18, 18, 18, 18, 18, 18, 18, 18, 18, 18, 18, 18, 18, 18, 18, 18, 18, 18, 18, 18, 18, 18, 18, 18, 18, 18, 18, 18, 18, 18, 18, 18, 18, 18, 18]

===== FIM =====
