===== RESULTADO BRKGA L(2,1) =====
Arquivo: /Users/mateuspedrosa/Documents/TCC-II/BRKGA/data/Harwell-Boeing_cleaned/can_838_clean.mtx

----- Execução #1 -----
[INFO] Parou por estagnação.
Tempo de execução: 383108ms
Span (lambda): 37
best_order = [234, 231, 695, 507, 369, 294, 237, 281, 809, 400, 769, 146, 448, 835, 318, 696, 0, 565, 35, 575, 328, 104, 238, 97, 32, 628, 832, 16, 336, 806, 579, 17, 207, 511, 338, 777, 270, 251, 246, 444, 733, 201, 656, 490, 259, 604, 374, 560, 598, 370, 180, 546, 214, 558, 536, 623, 815, 796, 389, 476, 282, 113, 727, 15, 199, 682, 177, 85, 333, 718, 93, 630, 790, 61, 116, 331, 342, 216, 265, 638, 326, 269, 111, 495, 456, 10, 150, 309, 438, 819, 608, 429, 599, 274, 470, 763, 510, 443, 9, 304, 354, 530, 617, 410, 580, 152, 685, 224, 384, 622, 275, 547, 512, 141, 390, 30, 797, 285, 95, 518, 813, 578, 193, 19, 57, 525, 528, 277, 106, 240, 99, 681, 1, 179, 420, 523, 22, 552, 473, 461, 65, 702, 833, 588, 531, 770, 340, 435, 313, 383, 34, 327, 440, 788, 540, 505, 225, 365, 694, 551, 406, 747, 308, 56, 485, 583, 586, 704, 508, 373, 247, 690, 183, 468, 67, 749, 83, 335, 59, 157, 801, 413, 834, 48, 640, 457, 182, 534, 774, 425, 643, 829, 493, 541, 382, 792, 142, 290, 627, 465, 29, 584, 563, 243, 544, 43, 349, 803, 411, 134, 222, 824, 723, 395, 361, 753, 436, 459, 223, 717, 654, 585, 742, 419, 446, 601, 72, 124, 767, 252, 280, 210, 620, 556, 745, 96, 701, 734, 462, 122, 312, 812, 613, 483, 212, 330, 18, 253, 53, 655, 100, 500, 54, 567, 684, 37, 587, 697, 195, 600, 422, 559, 298, 513, 107, 162, 355, 302, 709, 20, 432, 687, 194, 129, 51, 679, 748, 76, 755, 396, 725, 268, 671, 12, 736, 686, 217, 458, 532, 612, 481, 235, 227, 562, 568, 463, 377, 244, 564, 499, 250, 807, 449, 158, 21, 479, 680, 619, 451, 145, 624, 477, 611, 647, 197, 708, 258, 63, 794, 467, 776, 31, 325, 672, 502, 426, 276, 581, 666, 408, 634, 720, 793, 6, 428, 353, 653, 489, 761, 779, 388, 799, 73, 590, 539, 554, 140, 173, 759, 46, 641, 159, 492, 706, 445, 442, 393, 40, 109, 220, 603, 635, 209, 450, 414, 255, 766, 171, 241, 808, 178, 170, 484, 545, 323, 626, 175, 360, 811, 278, 781, 394, 785, 47, 831, 738, 597, 412, 789, 77, 482, 487, 800, 310, 522, 713, 591, 42, 89, 728, 364, 387, 820, 669, 469, 25, 314, 78, 62, 561, 724, 675, 509, 127, 825, 496, 751, 133, 272, 144, 652, 548, 816, 363, 172, 283, 239, 821, 254, 764, 103, 434, 167, 130, 691, 347, 471, 405, 337, 576, 154, 629, 261, 71, 602, 149, 519, 114, 488, 166, 55, 823, 527, 165, 678, 730, 296, 447, 810, 371, 186, 616, 494, 359, 504, 795, 535, 424, 156, 712, 189, 348, 407, 50, 206, 94, 674, 637, 352, 439, 399, 366, 506, 804, 818, 398, 692, 341, 596, 229, 315, 200, 741, 662, 300, 455, 26, 814, 664, 88, 44, 184, 358, 454, 710, 332, 82, 233, 773, 828, 376, 452, 743, 475, 521, 625, 421, 569, 762, 372, 817, 58, 837, 273, 257, 174, 430, 386, 80, 297, 610, 176, 437, 657, 729, 169, 204, 334, 707, 778, 404, 101, 203, 70, 553, 549, 375, 49, 714, 768, 441, 164, 316, 498, 2, 486, 665, 758, 303, 418, 700, 208, 38, 464, 416, 644, 64, 284, 121, 191, 266, 211, 433, 14, 606, 357, 491, 324, 192, 636, 592, 256, 688, 782, 249, 138, 605, 571, 293, 474, 112, 292, 226, 155, 91, 501, 301, 143, 775, 478, 615, 649, 215, 760, 52, 232, 397, 8, 570, 711, 188, 715, 289, 242, 351, 279, 132, 645, 187, 403, 750, 320, 322, 218, 41, 135, 651, 594, 115, 392, 787, 836, 23, 105, 306, 756, 783, 417, 66, 271, 28, 168, 673, 533, 683, 822, 639, 595, 650, 4, 345, 621, 661, 190, 663, 722, 339, 13, 128, 466, 716, 740, 526, 566, 153, 295, 196, 75, 660, 263, 264, 362, 633, 350, 299, 719, 343, 520, 346, 33, 98, 772, 329, 148, 786, 163, 287, 147, 86, 288, 516, 221, 423, 826, 92, 39, 60, 137, 24, 537, 726, 784, 108, 139, 805, 181, 555, 267, 746, 367, 529, 658, 721, 160, 198, 305, 642, 538, 245, 609, 732, 677, 68, 311, 731, 577, 401, 676, 69, 737, 497, 802, 631, 503, 228, 260, 45, 321, 427, 317, 391, 705, 5, 517, 120, 698, 136, 614, 402, 798, 79, 607, 185, 472, 703, 213, 123, 27, 557, 765, 754, 431, 219, 11, 632, 81, 202, 524, 151, 699, 646, 574, 480, 453, 543, 648, 7, 381, 460, 291, 659, 3, 119, 593, 689, 307, 572, 415, 780, 752, 514, 667, 90, 550, 262, 205, 84, 735, 230, 286, 87, 693, 618, 739, 589, 830, 117, 378, 356, 248, 668, 102, 582, 319, 542, 118, 131, 771, 125, 74, 368, 126, 670, 161, 409, 385, 744, 344, 379, 236, 757, 827, 110, 515, 380, 36, 573, 791]
labeling = [1, 14, 30, 35, 29, 33, 12, 35, 22, 2, 0, 34, 9, 32, 21, 9, 5, 7, 20, 12, 16, 19, 3, 28, 30, 19, 24, 31, 29, 11, 7, 23, 3, 34, 15, 3, 36, 14, 26, 32, 14, 29, 22, 10, 23, 34, 20, 27, 15, 24, 20, 11, 31, 16, 18, 27, 9, 4, 24, 8, 34, 3, 24, 19, 27, 8, 32, 7, 31, 29, 22, 19, 11, 25, 36, 30, 13, 21, 25, 36, 27, 37, 28, 11, 36, 4, 26, 34, 15, 12, 23, 21, 33, 2, 9, 0, 3, 1, 25, 5, 9, 26, 28, 12, 2, 29, 7, 11, 25, 9, 31, 3, 19, 2, 22, 32, 11, 3, 36, 33, 28, 10, 5, 13, 7, 24, 31, 0, 22, 9, 15, 27, 13, 11, 6, 27, 32, 26, 16, 6, 3, 5, 2, 4, 18, 13, 0, 19, 10, 14, 4, 25, 13, 35, 24, 31, 26, 4, 17, 21, 11, 2, 13, 8, 21, 18, 21, 17, 28, 20, 11, 12, 17, 8, 22, 26, 28, 2, 17, 10, 1, 32, 9, 0, 27, 34, 1, 30, 17, 23, 7, 25, 9, 7, 13, 6, 26, 16, 0, 3, 16, 8, 36, 28, 23, 30, 2, 5, 19, 23, 8, 22, 5, 34, 2, 22, 0, 10, 26, 33, 15, 0, 9, 4, 5, 6, 30, 11, 22, 13, 33, 1, 9, 6, 0, 13, 21, 0, 1, 26, 6, 16, 24, 11, 15, 35, 3, 4, 32, 20, 8, 2, 5, 13, 14, 12, 17, 4, 3, 0, 10, 14, 8, 28, 33, 6, 30, 31, 10, 2, 1, 18, 19, 13, 2, 6, 21, 1, 16, 31, 6, 0, 2, 6, 11, 5, 29, 24, 13, 25, 9, 37, 34, 32, 0, 33, 27, 17, 11, 31, 26, 29, 9, 15, 7, 20, 18, 13, 2, 4, 14, 35, 9, 5, 15, 21, 23, 11, 0, 7, 29, 34, 31, 18, 7, 5, 4, 9, 0, 33, 7, 1, 14, 6, 12, 7, 1, 10, 2, 0, 3, 20, 1, 23, 32, 17, 18, 8, 14, 10, 20, 16, 19, 15, 1, 3, 10, 13, 8, 20, 16, 6, 17, 13, 2, 5, 10, 18, 20, 0, 1, 4, 7, 6, 0, 12, 7, 5, 10, 32, 5, 21, 7, 2, 3, 30, 6, 4, 6, 1, 4, 26, 21, 12, 13, 2, 5, 16, 0, 6, 0, 13, 15, 34, 27, 18, 6, 26, 23, 37, 4, 9, 12, 8, 17, 37, 24, 27, 31, 19, 16, 25, 22, 32, 25, 10, 16, 33, 15, 4, 27, 35, 15, 33, 29, 12, 18, 29, 10, 28, 7, 29, 20, 5, 1, 18, 14, 25, 1, 18, 25, 21, 17, 35, 26, 24, 8, 13, 20, 12, 35, 6, 12, 16, 30, 12, 32, 17, 10, 22, 1, 9, 32, 5, 27, 29, 4, 22, 28, 17, 37, 14, 23, 15, 22, 8, 30, 21, 23, 16, 3, 17, 9, 6, 17, 7, 16, 34, 13, 11, 6, 8, 11, 29, 23, 5, 17, 0, 10, 19, 3, 1, 5, 12, 24, 29, 14, 36, 8, 22, 31, 23, 13, 4, 34, 3, 24, 14, 5, 18, 2, 6, 15, 21, 7, 18, 0, 6, 27, 1, 6, 10, 28, 30, 11, 10, 1, 3, 19, 14, 36, 6, 4, 12, 8, 24, 17, 33, 4, 11, 0, 9, 11, 13, 20, 0, 24, 8, 11, 20, 17, 25, 32, 36, 12, 2, 22, 26, 10, 3, 6, 9, 37, 2, 8, 5, 8, 17, 1, 36, 18, 22, 7, 2, 21, 13, 23, 21, 0, 5, 8, 13, 9, 16, 2, 14, 26, 23, 1, 32, 26, 7, 19, 4, 34, 31, 13, 1, 23, 9, 3, 26, 7, 2, 16, 28, 21, 12, 0, 11, 4, 28, 30, 10, 7, 6, 0, 14, 0, 13, 4, 21, 30, 5, 2, 23, 27, 11, 25, 0, 10, 8, 11, 20, 6, 4, 3, 24, 31, 35, 2, 13, 5, 6, 21, 4, 2, 33, 20, 23, 37, 17, 3, 18, 3, 15, 27, 4, 13, 9, 17, 0, 5, 26, 13, 3, 14, 0, 12, 28, 6, 19, 12, 28, 1, 0, 2, 9, 22, 33, 28, 7, 6, 29, 7, 35, 20, 12, 15, 9, 16, 8, 10, 14, 21, 32, 31, 9, 6, 32, 24, 19, 5, 10, 14, 1, 31, 2, 18, 26, 2, 18, 34, 2, 13, 33, 3, 25, 7, 23, 18, 13, 10, 15, 24, 12, 32, 8, 10, 2, 26, 16, 31, 0, 23, 15, 20, 27, 19, 11, 20, 9, 21, 4, 13, 20, 14, 10, 18, 0, 0, 25, 11, 20, 3, 0, 14, 1, 19, 5, 1, 7, 4, 18, 10, 2, 15, 4, 3, 7, 0, 22, 1, 3, 8, 5, 1, 5, 0, 8, 16, 1, 4, 1, 5, 7, 3, 6, 10, 0, 21, 1, 8, 2, 9, 1, 8, 17, 20, 1, 14, 17, 24, 7, 5, 14, 20, 15, 13, 7, 16, 12, 3, 1, 5, 0, 18, 15]
convergência = [39, 38, 38, 38, 38, 38, 38, 38, 38, 38, 38, 38, 38, 38, 38, 38, 38, 38, 38, 38, 38, 38, 38, 38, 38, 38, 38, 38, 38, 38, 38, 38, 38, 38, 38, 38, 38, 38, 38, 38, 38, 38, 38, 38, 38, 38, 38, 38, 38, 38, 38, 38, 38, 38, 38, 38, 38, 38, 38, 38, 38, 38, 38, 38, 38, 38, 38, 38, 38, 38, 38, 38, 38, 38, 38, 38, 38, 38, 38, 38, 38, 38, 38, 38, 38, 38, 38, 38, 38, 38, 38, 38, 38, 38, 38, 38, 38, 38, 38, 38, 37, 37, 37, 37, 37, 37, 37, 37, 37, 37, 37, 37, 37, 37, 37, 37, 37, 37, 37, 37, 37, 37, 37, 37, 37, 37, 37, 37, 37, 37, 37, 37, 37, 37, 37, 37, 37, 37, 37, 37, 37, 37, 37, 37, 37, 37, 37, 37, 37, 37, 37, 37, 37, 37, 37, 37, 37, 37, 37, 37, 37, 37, 37, 37, 37, 37, 37, 37, 37, 37, 37, 37, 37, 37, 37, 37, 37, 37, 37, 37, 37, 37, 37, 37, 37, 37, 37, 37, 37, 37, 37, 37, 37, 37, 37, 37, 37, 37, 37, 37, 37, 37, 37, 37, 37, 37, 37, 37, 37, 37, 37, 37, 37, 37, 37, 37, 37, 37, 37, 37, 37, 37, 37, 37]

===== FIM =====
