===== RESULTADO BRKGA L(2,1) =====
Arquivo: /Users/mateuspedrosa/Documents/TCC-II/BRKGA/data/Harwell-Boeing_cleaned/can_187_clean.mtx

----- Execução #1 -----
[INFO] Parou por estagnação.
Tempo de execução: 15747ms
Span (lambda): 16
best_order = [13, 141, 181, 97, 20, 39, 119, 46, 129, 64, 116, 182, 36, 66, 109, 159, 125, 58, 81, 86, 79, 15, 28, 177, 18, 6, 176, 117, 164, 112, 171, 71, 21, 163, 105, 133, 70, 103, 17, 106, 93, 102, 69, 91, 95, 131, 98, 154, 162, 152, 168, 167, 165, 63, 74, 68, 175, 37, 146, 150, 82, 59, 114, 107, 147, 118, 96, 157, 34, 80, 132, 140, 3, 156, 124, 19, 186, 51, 52, 42, 67, 184, 173, 144, 92, 22, 161, 5, 158, 50, 128, 155, 61, 148, 153, 72, 35, 183, 88, 1, 12, 84, 104, 100, 8, 139, 142, 32, 45, 120, 2, 23, 89, 0, 4, 40, 166, 121, 85, 56, 130, 7, 10, 134, 145, 172, 122, 170, 126, 185, 169, 174, 27, 9, 123, 83, 143, 180, 78, 54, 77, 16, 94, 24, 178, 108, 87, 62, 138, 76, 137, 73, 127, 55, 179, 160, 30, 60, 57, 135, 65, 31, 33, 29, 149, 99, 136, 111, 101, 14, 47, 110, 115, 25, 41, 53, 48, 38, 11, 43, 26, 49, 44, 113, 151, 90, 75]
labeling = [10, 6, 9, 5, 12, 4, 2, 11, 4, 8, 2, 7, 3, 0, 9, 5, 7, 3, 1, 4, 0, 2, 4, 0, 5, 10, 13, 7, 1, 15, 6, 14, 8, 16, 1, 7, 0, 10, 14, 0, 6, 15, 0, 9, 11, 6, 2, 12, 15, 11, 9, 6, 8, 14, 7, 11, 8, 15, 0, 5, 12, 4, 9, 1, 3, 12, 4, 11, 3, 8, 5, 3, 9, 13, 5, 16, 1, 8, 10, 4, 8, 0, 2, 13, 10, 12, 3, 13, 6, 2, 9, 3, 10, 2, 13, 5, 7, 0, 6, 15, 13, 16, 1, 7, 11, 1, 3, 7, 13, 3, 14, 1, 6, 14, 4, 15, 0, 5, 9, 1, 10, 12, 14, 16, 8, 0, 11, 15, 10, 2, 8, 1, 9, 4, 10, 14, 16, 8, 14, 11, 9, 0, 5, 9, 3, 10, 7, 9, 11, 14, 7, 15, 5, 7, 4, 11, 6, 4, 9, 1, 3, 11, 6, 2, 0, 4, 6, 0, 2, 4, 12, 2, 7, 0, 12, 5, 3, 1, 4, 12, 3, 0, 2, 9, 1, 13, 2]
convergência = [17, 17, 17, 16, 16, 16, 16, 16, 16, 16, 16, 16, 16, 16, 16, 16, 16, 16, 16, 16, 16, 16, 16, 16, 16, 16, 16, 16, 16, 16, 16, 16, 16, 16, 16, 16, 16, 16, 16, 16, 16, 16, 16, 16, 16, 16, 16, 16, 16, 16, 16, 16, 16, 16, 16, 16, 16, 16, 16, 16, 16, 16, 16, 16, 16, 16, 16, 16, 16, 16, 16, 16, 16, 16, 16, 16, 16, 16, 16, 16, 16, 16, 16, 16, 16, 16, 16, 16, 16, 16, 16, 16, 16, 16, 16, 16, 16, 16, 16, 16, 16, 16, 16, 16, 16, 16, 16, 16, 16, 16, 16, 16, 16, 16, 16, 16, 16, 16, 16, 16, 16, 16, 16, 16, 16, 16, 16]

===== FIM =====
