===== RESULTADO BRKGA L(2,1) =====
Arquivo: /Users/mateuspedrosa/Documents/TCC-II/BRKGA/data/Harwell-Boeing_cleaned/can_62_clean.mtx

----- Execução #1 -----
[INFO] Parou por estagnação.
Tempo de execução: 787ms
Span (lambda): 7
best_order = [32, 29, 57, 56, 28, 8, 43, 11, 9, 52, 41, 23, 21, 6, 17, 49, 54, 40, 39, 45, 3, 1, 15, 31, 47, 7, 60, 2, 58, 13, 48, 44, 34, 4, 37, 53, 22, 18, 42, 51, 27, 24, 38, 0, 12, 16, 30, 50, 61, 25, 55, 19, 46, 5, 20, 33, 10, 14, 36, 59, 26, 35]
labeling = [4, 3, 0, 2, 5, 7, 1, 3, 0, 1, 4, 0, 3, 5, 7, 3, 7, 2, 4, 6, 5, 1, 5, 1, 3, 5, 7, 2, 2, 0, 6, 4, 0, 3, 5, 7, 5, 4, 6, 0, 2, 1, 0, 0, 3, 1, 4, 4, 1, 0, 6, 0, 0, 4, 1, 3, 2, 0, 2, 0, 3, 0]
convergência = [7, 7, 7, 7, 7, 7, 7, 7, 7, 7, 7, 7, 7, 7, 7, 7, 7, 7, 7, 7, 7, 7, 7, 7, 7, 7, 7, 7, 7, 7, 7, 7, 7, 7, 7, 7, 7, 7, 7, 7, 7, 7, 7, 7, 7, 7, 7, 7, 7, 7, 7, 7, 7, 7, 7, 7, 7, 7, 7, 7, 7, 7, 7, 7, 7, 7, 7, 7, 7, 7, 7, 7, 7, 7, 7, 7, 7, 7, 7, 7, 7, 7, 7, 7, 7, 7, 7, 7, 7, 7, 7, 7, 7, 7, 7, 7, 7, 7, 7, 7, 7, 7, 7, 7, 7, 7, 7, 7, 7, 7, 7, 7, 7, 7, 7, 7, 7, 7, 7, 7, 7, 7, 7, 7]

===== FIM =====
