===== RESULTADO BRKGA L(2,1) =====
Arquivo: /Users/mateuspedrosa/Documents/TCC-II/BRKGA/data/Harwell-Boeing_cleaned/cegb2919_clean.mtx

----- Execução #1 -----
[INFO] Time limit atingido: 15 minutos. Interrompido no meio de uma geração.
Tempo de execução: 900115ms
Span (lambda): 289
best_order = [2831, 581, 2214, 1959, 1322, 892, 749, 605, 2254, 2225, 1450, 2066, 24, 568, 2030, 270, 1799, 751, 1213, 1446, 2876, 763, 1179, 1091, 1102, 2238, 1424, 1947, 1222, 2150, 411, 157, 2024, 2570, 330, 922, 2671, 2163, 634, 1647, 1844, 1357, 1123, 2455, 328, 397, 1031, 2796, 753, 2311, 85, 1851, 1680, 2261, 2557, 952, 2128, 2242, 1157, 1175, 677, 2427, 114, 1428, 571, 2669, 2619, 1847, 2762, 2692, 2330, 2629, 2428, 1727, 620, 1432, 2280, 2156, 2236, 2357, 1192, 353, 2883, 2583, 1587, 194, 650, 1423, 1563, 1494, 4, 1508, 1459, 1051, 630, 33, 16, 2738, 2046, 2564, 1545, 1431, 351, 66, 875, 56, 515, 1001, 1248, 783, 2872, 979, 144, 533, 985, 1418, 1842, 911, 90, 115, 862, 2679, 2515, 857, 2144, 313, 644, 1408, 54, 2551, 610, 1144, 1766, 147, 808, 1037, 1518, 1043, 1196, 1773, 1404, 2143, 2424, 1319, 550, 2613, 2602, 1064, 1221, 1059, 1576, 1852, 746, 2347, 516, 1276, 2231, 1540, 1950, 2198, 1436, 1018, 1117, 1715, 1706, 1150, 1486, 1509, 1280, 100, 1561, 1522, 2642, 1251, 1691, 1019, 1491, 2902, 1231, 1726, 109, 1756, 681, 2526, 828, 838, 1171, 2295, 803, 2088, 968, 2397, 1290, 1645, 1122, 1967, 2650, 1295, 1765, 331, 1108, 436, 2185, 1554, 456, 2810, 2133, 2408, 1898, 582, 1780, 1806, 2039, 1106, 2165, 2555, 2612, 2588, 1717, 2224, 1724, 1871, 2853, 2052, 2477, 281, 633, 1237, 403, 2377, 193, 2298, 1580, 1264, 614, 1846, 444, 2218, 1268, 220, 2482, 257, 832, 424, 1208, 598, 2645, 1672, 1378, 1896, 2131, 819, 509, 2276, 1698, 2469, 1178, 105, 60, 1241, 1356, 111, 2316, 41, 2699, 1343, 1629, 989, 1588, 431, 1454, 858, 1293, 776, 699, 518, 1800, 1958, 1859, 1302, 667, 636, 1246, 1809, 2444, 1502, 2644, 108, 1696, 237, 1318, 191, 1985, 805, 1233, 876, 2710, 1652, 1762, 642, 2101, 2759, 2776, 410, 1325, 1940, 1954, 2442, 1311, 2232, 1216, 1777, 1751, 1760, 2812, 1956, 1046, 1478, 2191, 2791, 2255, 964, 1396, 884, 2701, 1692, 2456, 2723, 149, 78, 1705, 247, 2253, 1555, 2825, 2061, 2463, 377, 2252, 119, 2194, 2763, 2234, 1637, 1434, 1346, 1867, 2851, 2350, 21, 2472, 1770, 2720, 1165, 517, 2479, 2195, 2434, 671, 2343, 789, 2487, 1397, 1703, 770, 1895, 0, 393, 2287, 567, 279, 1200, 887, 2550, 2300, 1056, 2381, 1753, 908, 1897, 956, 2522, 685, 226, 986, 767, 229, 480, 2189, 809, 1054, 2362, 1455, 2478, 241, 271, 912, 173, 1224, 1131, 1236, 455, 1393, 435, 1987, 2886, 1673, 427, 795, 740, 788, 1256, 2726, 541, 2083, 2278, 2677, 1893, 338, 1320, 1820, 688, 1422, 1875, 413, 996, 1382, 2827, 1656, 583, 2680, 972, 1181, 712, 1600, 1013, 526, 2048, 250, 236, 44, 2865, 2118, 2519, 2785, 855, 2161, 2142, 2203, 1398, 2179, 51, 2660, 1748, 2777, 2737, 2108, 1665, 1617, 2307, 2436, 2312, 1710, 903, 2816, 2910, 442, 2070, 680, 98, 2051, 2790, 1287, 840, 863, 2770, 576, 2490, 2340, 2349, 83, 2390, 1560, 1613, 1658, 1643, 1500, 1918, 1350, 586, 2430, 402, 2769, 1310, 760, 1328, 974, 2767, 2540, 1970, 222, 2507, 1887, 214, 129, 487, 535, 2373, 1132, 1839, 1589, 1996, 1504, 546, 1646, 2648, 22, 597, 2508, 1783, 249, 1713, 889, 2404, 2514, 406, 2146, 1916, 673, 617, 1978, 2132, 2087, 2552, 153, 2636, 2719, 174, 1962, 1174, 2325, 1892, 1914, 1772, 606, 369, 1697, 77, 1635, 1699, 655, 441, 2818, 2358, 960, 618, 954, 2685, 2714, 136, 2899, 551, 1195, 2622, 2800, 1833, 1218, 2901, 1313, 702, 1095, 2281, 1227, 2741, 2533, 1952, 450, 657, 700, 2627, 2817, 1469, 1624, 2523, 2018, 1831, 1392, 2183, 885, 283, 941, 1417, 2423, 2837, 1146, 1164, 390, 75, 1810, 434, 276, 275, 1719, 1025, 2222, 1609, 2706, 2333, 566, 420, 1204, 1590, 947, 373, 2122, 2576, 1599, 1338, 2654, 205, 374, 1304, 290, 679, 973, 2702, 768, 2240, 2432, 1349, 975, 1082, 409, 1232, 2587, 395, 1746, 860, 1708, 775, 2546, 2286, 2321, 2049, 676, 864, 2178, 2309, 1044, 1072, 376, 868, 646, 961, 2354, 382, 278, 2666, 1003, 1813, 1250, 1543, 2578, 1854, 980, 821, 177, 1928, 269, 539, 2693, 2744, 1644, 1087, 1775, 1484, 1786, 1158, 1620, 577, 1542, 2335, 1008, 2755, 274, 1240, 905, 2782, 1283, 1253, 154, 2246, 145, 74, 1510, 2631, 2135, 2073, 1075, 2802, 1, 1125, 1110, 2775, 2284, 372, 929, 1763, 1992, 1354, 2545, 663, 2310, 6, 1479, 1611, 2864, 2632, 384, 1081, 1514, 332, 2756, 1476, 1963, 2075, 95, 2573, 2799, 204, 1402, 2633, 2591, 2249, 2063, 647, 2786, 65, 1467, 352, 2313, 2243, 1905, 2277, 2510, 991, 432, 2652, 2421, 573, 2119, 1915, 512, 2675, 710, 1058, 375, 1964, 542, 2020, 2918, 1316, 658, 23, 2363, 502, 159, 1584, 1407, 2500, 364, 2245, 2673, 2293, 280, 1592, 849, 2747, 585, 1388, 1372, 727, 1621, 1707, 2257, 1309, 2056, 1180, 1267, 762, 957, 723, 496, 1168, 2750, 1438, 307, 1154, 82, 2497, 790, 2858, 164, 741, 2909, 780, 615, 1067, 358, 1285, 63, 2670, 1578, 1305, 1603, 2417, 2628, 366, 2643, 121, 348, 138, 2038, 2273, 2174, 2171, 1676, 1752, 1205, 1979, 992, 1352, 2351, 511, 1642, 2090, 1271, 350, 931, 309, 2166, 2212, 1000, 1850, 1525, 1483, 1135, 2854, 1973, 200, 316, 2639, 830, 2625, 2559, 1101, 2099, 1631, 976, 856, 433, 1228, 67, 1982, 102, 1758, 458, 561, 160, 1104, 2184, 1966, 231, 2192, 607, 130, 1754, 1709, 165, 664, 2917, 2107, 1147, 1593, 2076, 584, 2322, 2582, 303, 1946, 1641, 2684, 920, 1949, 1281, 1926, 32, 2784, 670, 2055, 2081, 1894, 438, 419, 843, 1764, 1119, 2536, 1993, 1934, 1700, 2323, 1457, 1014, 1272, 918, 1362, 1581, 2196, 2711, 2395, 2531, 2727, 686, 1743, 2863, 553, 2512, 2813, 1496, 2451, 2283, 738, 2752, 1614, 942, 2170, 2366, 531, 2125, 1369, 2422, 2292, 814, 1757, 1140, 1795, 1640, 802, 521, 1604, 322, 476, 2121, 2160, 1529, 1565, 2528, 613, 2498, 2787, 1520, 2465, 1020, 190, 874, 1161, 2115, 2282, 263, 405, 2611, 637, 2415, 2226, 2043, 569, 1077, 2905, 1547, 1701, 201, 2342, 1674, 2145, 488, 765, 2239, 1792, 2846, 1572, 2004, 1323, 2199, 295, 1722, 1466, 2687, 2690, 2153, 2352, 2458, 734, 1737, 13, 982, 1026, 2186, 2696, 743, 370, 12, 1386, 2274, 2152, 94, 1172, 2793, 2836, 984, 387, 2251, 659, 2102, 2572, 2549, 2387, 240, 839, 291, 1027, 1389, 1811, 428, 928, 2379, 2489, 537, 1608, 2400, 675, 1176, 150, 122, 2459, 558, 748, 1659, 1084, 1278, 475, 1099, 1460, 919, 2213, 2058, 2712, 2808, 1367, 1526, 2871, 2665, 2389, 445, 1716, 1112, 452, 1734, 2040, 1651, 2596, 2216, 1686, 854, 806, 2678, 1185, 1888, 2071, 1194, 1021, 2815, 1444, 1834, 2230, 729, 182, 2229, 818, 2606, 1693, 1498, 1481, 2638, 866, 1511, 1636, 459, 578, 1981, 534, 1053, 1377, 639, 1626, 1141, 1186, 14, 907, 1731, 1193, 2674, 1329, 2603, 482, 1873, 1539, 342, 1669, 2369, 1097, 1988, 1353, 2563, 2481, 2005, 1347, 545, 2803, 632, 2884, 758, 1274, 2085, 1942, 293, 2892, 2275, 1832, 2641, 1744, 233, 2406, 345, 786, 2604, 118, 556, 228, 2589, 1327, 133, 2393, 1736, 1527, 1575, 1169, 327, 2839, 2429, 2120, 690, 781, 1804, 506, 268, 2201, 1585, 1980, 1029, 1805, 2842, 959, 1677, 1472, 1364, 2716, 7, 2079, 1012, 1358, 1212, 151, 523, 234, 490, 260, 47, 1730, 2416, 2326, 242, 562, 1630, 1869, 1781, 1957, 2215, 1321, 823, 2100, 1907, 691, 2399, 1960, 2529, 893, 2271, 2873, 2453, 822, 580, 1976, 836, 2220, 1856, 508, 1197, 1864, 503, 179, 519, 927, 1865, 398, 407, 127, 2900, 612, 812, 1515, 491, 2411, 1558, 232, 148, 337, 722, 2047, 816, 2475, 2843, 1723, 910, 2136, 1619, 2228, 570, 143, 168, 354, 527, 2392, 1071, 1912, 1405, 1297, 264, 2109, 468, 2794, 834, 1039, 1879, 2595, 172, 895, 1475, 1747, 1296, 733, 225, 2259, 2729, 1721, 1163, 181, 1768, 1602, 267, 1720, 1857, 1535, 1890, 1076, 574, 1989, 595, 500, 2112, 1247, 1605, 1088, 1571, 1173, 189, 1815, 2492, 747, 698, 2695, 61, 486, 1735, 669, 1234, 1199, 1797, 1530, 30, 785, 2364, 2502, 890, 1994, 2097, 841, 2580, 1120, 924, 801, 1340, 861, 897, 528, 2473, 2610, 2826, 1073, 1421, 2840, 1845, 782, 2725, 774, 1862, 1610, 1223, 826, 1977, 953, 888, 2258, 1461, 1524, 1307, 2022, 2420, 520, 255, 368, 2586, 2265, 674, 137, 2111, 640, 469, 2788, 1380, 2410, 603, 1010, 693, 787, 2209, 1860, 1791, 1858, 2074, 1812, 846, 1935, 940, 824, 314, 1211, 2773, 2106, 829, 966, 2494, 756, 654, 258, 1011, 572, 906, 1006, 2244, 1828, 2765, 623, 2594, 2771, 1883, 1351, 2565, 1277, 107, 2068, 2707, 394, 2149, 1060, 1482, 449, 1718, 2567, 1370, 1279, 1111, 1048, 755, 2745, 1826, 2823, 1116, 31, 2221, 791, 1038, 2341, 769, 1373, 2516, 238, 668, 2668, 2896, 1203, 2077, 493, 2749, 305, 1401, 730, 1595, 256, 2908, 2620, 324, 2398, 2338, 1801, 383, 2181, 847, 2433, 2833, 2889, 1853, 1215, 599, 1493, 76, 1788, 2256, 1035, 2042, 656, 715, 1124, 2175, 87, 166, 1374, 113, 2575, 134, 1255, 835, 851, 1028, 1638, 1324, 79, 2297, 498, 1249, 611, 609, 252, 1040, 213, 2581, 1275, 43, 635, 2217, 36, 497, 766, 2110, 1927, 1177, 45, 1632, 1317, 1682, 1776, 10, 2158, 529, 2346, 1689, 2036, 1207, 2916, 485, 1092, 1702, 2911, 1465, 1538, 2824, 1138, 1430, 183, 343, 2065, 1070, 1931, 2895, 1458, 672, 306, 661, 2618, 1497, 873, 2407, 1922, 1447, 2331, 2306, 530, 2091, 2501, 473, 69, 1291, 2359, 1344, 2761, 737, 262, 1870, 208, 2778, 2329, 1733, 504, 951, 362, 2317, 2157, 865, 310, 52, 2327, 2834, 1690, 2856, 792, 593, 2013, 399, 923, 1220, 2530, 2401, 1941, 2503, 1694, 761, 2795, 1881, 1261, 37, 600, 524, 161, 2614, 2448, 1866, 2114, 299, 19, 125, 2584, 140, 522, 604, 1767, 1142, 2661, 492, 833, 2835, 1022, 1625, 2499, 2383, 465, 997, 2015, 967, 2821, 2804, 2078, 1107, 253, 777, 443, 1425, 1597, 695, 2339, 1066, 1668, 1336, 1201, 1314, 1936, 73, 2034, 930, 2637, 2806, 2035, 1063, 386, 1288, 1449, 2538, 1606, 1042, 1394, 815, 811, 1137, 842, 898, 1849, 1889, 2439, 1415, 2159, 538, 1007, 336, 2686, 1532, 86, 18, 103, 1782, 294, 1400, 881, 1769, 2597, 1263, 1919, 532, 1623, 1331, 1513, 15, 798, 1136, 1448, 1118, 2548, 320, 2491, 711, 1944, 1016, 2828, 206, 1057, 2743, 2894, 1348, 379, 1437, 472, 146, 81, 139, 594, 2419, 2717, 2264, 2375, 1384, 1548, 461, 2760, 1094, 178, 2731, 1670, 212, 651, 1284, 1725, 1899, 1932, 2849, 1093, 2897, 2440, 540, 55, 124, 708, 564, 112, 1492, 217, 1913, 2290, 2332, 624, 2772, 725, 2467, 2768, 1045, 2059, 1553, 425, 1143, 1728, 1714, 946, 116, 2700, 1939, 1983, 1341, 937, 764, 416, 1778, 1145, 1528, 1745, 301, 962, 198, 2289, 1209, 1100, 745, 1902, 2010, 2571, 706, 2172, 2319, 2534, 563, 1308, 245, 1151, 560, 17, 1270, 365, 304, 2117, 308, 2180, 1156, 2647, 1622, 2096, 2302, 360, 2394, 799, 3, 735, 2123, 1948, 2547, 2138, 251, 993, 1301, 1878, 286, 171, 1149, 2913, 2219, 1245, 163, 914, 1755, 8, 643, 915, 2130, 2832, 2154, 1633, 628, 2609, 2754, 1920, 1679, 152, 544, 184, 1838, 2173, 2269, 2691, 950, 736, 1924, 1103, 2537, 1549, 771, 2164, 1183, 683, 2103, 554, 2664, 2733, 944, 1441, 210, 641, 1191, 2903, 1167, 1955, 794, 2656, 2345, 2235, 1568, 2822, 58, 987, 2462, 1551, 325, 608, 1361, 326, 2141, 844, 2569, 2875, 169, 827, 1794, 123, 2890, 1814, 2819, 1445, 707, 1739, 277, 2167, 319, 2511, 356, 1133, 2450, 2140, 1667, 1315, 1300, 209, 448, 2033, 2187, 2792, 2372, 2713, 192, 49, 2371, 1488, 970, 2615, 909, 2495, 2155, 142, 224, 2094, 2592, 1262, 2898, 2438, 2904, 1938, 1286, 1909, 2811, 141, 2267, 543, 983, 296, 1855, 2820, 2263, 754, 347, 2470, 117, 2067, 2137, 2011, 2732, 665, 1910, 1848, 1929, 414, 1359, 2657, 2237, 1793, 1546, 2757, 2513, 990, 221, 135, 1148, 2272, 601, 899, 660, 2027, 1153, 2294, 1998, 2370, 2464, 2554, 2353, 1874, 2718, 1473, 2493, 2866, 1376, 1009, 421, 2751, 1375, 720, 1273, 440, 1550, 1653, 2324, 27, 559, 2441, 797, 1843, 2431, 2574, 218, 662, 2724, 1607, 2126, 1591, 1835, 408, 1230, 2484, 2797, 2382, 2086, 772, 2682, 329, 2689, 457, 2781, 2162, 505, 1411, 259, 2553, 1065, 1921, 704, 1818, 1332, 2480, 1439, 68, 2774, 1531, 2721, 2623, 1379, 341, 2893, 1684, 2841, 2874, 1537, 2007, 451, 340, 1360, 1155, 2129, 1365, 1675, 1184, 1808, 2703, 1292, 1541, 1109, 2069, 2045, 1260, 2412, 2368, 1841, 391, 1126, 92, 1685, 91, 2599, 2361, 2662, 2031, 796, 243, 2182, 2305, 1463, 1559, 1470, 2736, 2176, 1244, 349, 429, 2766, 886, 2193, 1968, 1971, 1334, 870, 42, 1695, 703, 2233, 1074, 1468, 1499, 1413, 203, 1024, 2169, 2054, 2914, 311, 926, 1567, 2560, 1886, 239, 2360, 1953, 1429, 2598, 666, 869, 645, 1485, 248, 2912, 2211, 692, 2012, 2337, 2116, 1884, 1312, 934, 1738, 925, 2355, 2877, 2426, 1306, 2698, 2566, 1774, 422, 653, 1399, 246, 1130, 1650, 800, 2532, 1523, 1335, 46, 901, 96, 273, 1863, 1198, 1015, 1090, 48, 1562, 2541, 88, 2867, 1160, 1078, 1816, 2562, 2134, 1634, 1371, 872, 2485, 467, 333, 2009, 2017, 684, 565, 2113, 2032, 963, 939, 2779, 266, 489, 1991, 188, 1712, 1453, 1366, 1210, 355, 1877, 825, 1096, 2676, 2683, 1943, 479, 176, 649, 1229, 2859, 2730, 1226, 2210, 2474, 917, 1017, 1930, 2443, 2026, 845, 2601, 2336, 288, 587, 1904, 2659, 180, 2634, 1409, 2658, 1381, 265, 2014, 1729, 59, 837, 158, 170, 2801, 2881, 2697, 2506, 494, 1822, 2062, 1080, 2649, 999, 2089, 2626, 1681, 2845, 2418, 401, 1945, 2403, 89, 1807, 2356, 317, 2544, 1516, 412, 638, 2148, 981, 1062, 784, 2454, 2320, 1779, 1986, 1975, 230, 900, 357, 2488, 894, 1639, 555, 998, 1648, 1517, 955, 1214, 1521, 2783, 1837, 235, 1900, 26, 867, 1206, 2704, 2758, 70, 2308, 2807, 2057, 25, 1995, 1711, 392, 652, 969, 1830, 1036, 1615, 2577, 977, 1495, 2386, 804, 2147, 1487, 2064, 1704, 1252, 1990, 1105, 2525, 1259, 813, 1188, 1911, 1166, 525, 2334, 2445, 1790, 1490, 2367, 2764, 1612, 2019, 2735, 244, 2016, 2, 2722, 2250, 1664, 1999, 2092, 687, 2617, 2414, 430, 1596, 1544, 2539, 2177, 1162, 2517, 1882, 1385, 80, 1583, 1219, 757, 2742, 1569, 1925, 590, 810, 1266, 2486, 2880, 921, 871, 272, 1823, 462, 2206, 718, 404, 2303, 378, 536, 1368, 284, 2468, 878, 2651, 689, 2447, 721, 1420, 219, 2593, 2887, 104, 1573, 807, 2008, 2640, 1829, 1687, 882, 1235, 717, 2262, 591, 697, 323, 817, 1055, 728, 64, 773, 2291, 988, 1202, 1908, 478, 298, 1456, 2127, 215, 701, 2535, 2247, 2789, 2000, 2734, 300, 1435, 211, 2385, 1601, 2748, 1534, 629, 335, 1556, 2139, 1997, 1004, 35, 1243, 381, 2860, 2296, 227, 2279, 1170, 1885, 361, 1891, 1802, 1023, 2044, 1570, 1139, 439, 1836, 2376, 1564, 50, 965, 426, 415, 2002, 40, 2878, 616, 1598, 2168, 2705, 1972, 5, 34, 631, 2624, 57, 1269, 2208, 2266, 453, 2207, 2829, 1901, 2681, 97, 447, 2437, 388, 904, 2205, 853, 948, 346, 622, 1507, 2600, 197, 1121, 2446, 916, 2190, 466, 682, 2556, 359, 1817, 2483, 1443, 621, 2270, 1426, 949, 11, 1662, 2844, 2380, 1824, 2204, 778, 1085, 2374, 20, 2558, 932, 1049, 1464, 1440, 820, 1683, 2318, 1217, 2202, 1452, 2847, 507, 2838, 2568, 2906, 1225, 2855, 2288, 1242, 2402, 1433, 334, 1501, 380, 2505, 1503, 297, 2852, 1796, 2315, 2907, 2543, 891, 2037, 2527, 995, 744, 1732, 2028, 2413, 367, 2299, 1427, 1002, 1512, 575, 1395, 2882, 943, 261, 1789, 28, 1657, 1114, 2728, 2509, 2260, 162, 552, 902, 2694, 2029, 1868, 714, 1951, 501, 2409, 2223, 1403, 418, 2188, 2460, 2461, 1391, 110, 2857, 199, 1771, 1803, 2466, 1552, 716, 1030, 592, 2630, 1083, 2200, 2080, 1128, 2082, 463, 495, 2667, 724, 470, 2830, 71, 2869, 2672, 2709, 750, 2605, 1387, 318, 1577, 514, 99, 1923, 1345, 1649, 2608, 958, 2879, 1480, 1586, 385, 2041, 477, 2579, 1471, 460, 1872, 195, 292, 1298, 339, 742, 2241, 1618, 752, 510, 1880, 285, 1654, 1159, 2870, 2653, 187, 1761, 1671, 579, 2885, 2646, 2314, 1451, 619, 1628, 437, 1355, 2476, 2425, 1257, 1033, 2248, 1876, 1412, 302, 1239, 2285, 2405, 363, 2365, 156, 709, 779, 1383, 739, 648, 1068, 2301, 2520, 549, 1519, 126, 1034, 1041, 1086, 2396, 1661, 2025, 2344, 1326, 1740, 321, 696, 417, 1289, 602, 1579, 454, 2378, 1303, 93, 2850, 1294, 186, 1129, 2457, 2104, 2098, 1390, 185, 2814, 2542, 994, 2753, 1462, 29, 1840, 1969, 2504, 1089, 167, 481, 53, 216, 282, 1416, 1265, 2095, 852, 625, 1741, 196, 2060, 2621, 1342, 400, 155, 254, 1984, 2384, 1787, 2862, 2388, 202, 1477, 39, 1115, 312, 935, 1061, 831, 1489, 2021, 1506, 2888, 2915, 2740, 131, 1759, 1784, 2197, 726, 1533, 2391, 62, 848, 2001, 1566, 2328, 678, 1442, 589, 106, 1655, 2663, 1182, 1582, 1005, 2105, 877, 287, 38, 2805, 1798, 2093, 1337, 2496, 2084, 2655, 759, 2746, 2524, 344, 880, 2124, 1750, 2616, 9, 1505, 1134, 2688, 446, 1660, 2006, 1616, 289, 557, 1861, 2268, 1406, 1974, 793, 945, 971, 396, 1906, 84, 1079, 2518, 132, 978, 2861, 1663, 732, 474, 1052, 1127, 1330, 1282, 1419, 464, 626, 936, 1903, 207, 1536, 499, 1339, 2449, 1414, 128, 1827, 2050, 175, 1785, 2151, 2635, 2023, 1627, 1821, 1474, 483, 1933, 1678, 694, 2848, 2521, 1238, 1098, 1152, 2780, 1187, 1258, 596, 1333, 223, 2003, 913, 471, 850, 2868, 1254, 2891, 2809, 2585, 1032, 2798, 423, 627, 1189, 1557, 731, 513, 547, 315, 1190, 2435, 1825, 1069, 713, 1742, 1363, 2708, 896, 2607, 588, 938, 1937, 1113, 1749, 1050, 101, 1961, 2561, 1688, 719, 120, 879, 2227, 484, 1299, 2072, 1574, 859, 2348, 2590, 1594, 933, 1917, 1410, 389, 1965, 2715, 2304, 1819, 883, 2053, 2471, 1666, 2452, 548, 1047, 371, 2739, 72, 705]
labeling = [17, 39, 138, 94, 7, 143, 43, 62, 99, 70, 32, 64, 0, 0, 0, 0, 0, 0, 0, 0, 0, 13, 25, 27, 0, 116, 111, 86, 134, 152, 0, 0, 0, 0, 0, 0, 49, 59, 165, 162, 132, 3, 91, 47, 22, 19, 36, 10, 0, 0, 0, 0, 0, 0, 0, 0, 0, 55, 34, 53, 11, 76, 175, 51, 141, 48, 4, 56, 136, 67, 87, 90, 0, 0, 0, 0, 0, 0, 0, 0, 0, 80, 29, 21, 167, 2, 85, 78, 115, 127, 0, 0, 0, 0, 0, 0, 172, 202, 37, 205, 14, 211, 73, 144, 193, 8, 123, 61, 0, 0, 0, 0, 0, 0, 0, 0, 0, 111, 59, 19, 169, 53, 63, 126, 108, 69, 0, 0, 0, 0, 0, 0, 264, 107, 146, 156, 55, 134, 83, 167, 154, 164, 162, 113, 3, 71, 120, 6, 99, 17, 66, 94, 137, 34, 40, 187, 207, 1, 185, 42, 52, 57, 0, 0, 0, 0, 0, 0, 68, 107, 145, 102, 72, 20, 30, 203, 120, 33, 89, 66, 122, 74, 54, 57, 104, 178, 176, 159, 113, 52, 45, 14, 109, 9, 5, 157, 180, 140, 82, 150, 35, 37, 154, 96, 46, 41, 118, 209, 112, 151, 149, 197, 133, 81, 26, 158, 160, 124, 129, 156, 15, 110, 24, 170, 105, 121, 23, 232, 104, 31, 199, 96, 114, 101, 86, 191, 35, 16, 91, 165, 60, 0, 65, 153, 163, 139, 223, 33, 214, 62, 50, 159, 170, 182, 269, 150, 152, 27, 140, 189, 110, 249, 132, 98, 119, 195, 148, 95, 92, 61, 1, 28, 174, 164, 64, 36, 32, 90, 34, 18, 50, 12, 187, 23, 137, 169, 98, 194, 130, 196, 38, 80, 166, 83, 87, 40, 100, 148, 126, 55, 128, 70, 171, 79, 142, 123, 125, 75, 147, 77, 131, 168, 190, 10, 88, 206, 58, 161, 185, 135, 97, 200, 84, 181, 128, 184, 187, 116, 8, 192, 6, 19, 70, 176, 238, 230, 137, 109, 38, 194, 157, 155, 93, 106, 204, 130, 244, 203, 84, 218, 87, 17, 92, 15, 145, 227, 201, 225, 80, 247, 178, 234, 135, 261, 44, 174, 71, 191, 117, 51, 89, 210, 66, 54, 56, 69, 44, 7, 179, 127, 183, 153, 21, 103, 31, 160, 108, 73, 155, 198, 17, 122, 134, 11, 85, 19, 119, 4, 13, 26, 115, 48, 47, 16, 177, 86, 49, 111, 162, 59, 25, 3, 172, 42, 152, 189, 138, 202, 193, 82, 33, 154, 158, 278, 29, 166, 228, 40, 100, 208, 211, 35, 73, 81, 57, 37, 21, 224, 83, 180, 160, 52, 45, 140, 32, 110, 284, 239, 196, 164, 67, 216, 124, 254, 270, 54, 12, 181, 95, 1, 256, 158, 222, 248, 265, 132, 175, 173, 99, 120, 182, 207, 145, 129, 205, 91, 41, 151, 149, 126, 24, 165, 63, 178, 201, 110, 101, 34, 45, 124, 81, 93, 114, 106, 140, 43, 6, 37, 29, 96, 9, 197, 74, 109, 136, 170, 102, 186, 107, 20, 199, 76, 68, 214, 195, 5, 12, 27, 22, 94, 113, 78, 153, 105, 150, 206, 43, 115, 119, 134, 148, 88, 156, 13, 96, 38, 201, 90, 144, 63, 146, 11, 72, 188, 182, 98, 55, 291, 296, 269, 22, 65, 262, 94, 191, 213, 122, 286, 91, 175, 171, 51, 103, 169, 118, 152, 53, 30, 4, 84, 97, 8, 116, 58, 104, 161, 32, 42, 65, 163, 87, 0, 13, 26, 67, 60, 39, 137, 184, 167, 143, 148, 157, 112, 90, 70, 180, 36, 15, 72, 139, 168, 200, 123, 142, 2, 46, 69, 159, 127, 14, 125, 92, 80, 18, 62, 179, 44, 48, 188, 10, 219, 203, 121, 155, 227, 234, 236, 165, 192, 7, 194, 26, 9, 0, 131, 24, 77, 178, 85, 112, 157, 34, 163, 17, 212, 71, 73, 264, 221, 12, 161, 229, 215, 128, 62, 138, 37, 41, 53, 143, 141, 185, 57, 64, 126, 128, 17, 108, 82, 71, 21, 95, 41, 89, 75, 55, 6, 160, 43, 37, 11, 150, 122, 134, 23, 73, 141, 35, 146, 77, 79, 130, 91, 169, 103, 155, 105, 51, 19, 50, 183, 38, 176, 174, 210, 147, 162, 135, 198, 59, 133, 28, 205, 166, 86, 171, 164, 154, 185, 172, 181, 100, 61, 196, 137, 208, 56, 190, 88, 117, 216, 214, 106, 79, 149, 151, 83, 33, 187, 31, 64, 244, 86, 230, 158, 21, 113, 95, 1, 242, 3, 250, 8, 167, 130, 110, 160, 49, 232, 32, 132, 52, 1, 104, 54, 98, 27, 40, 96, 25, 120, 124, 138, 90, 45, 9, 102, 117, 132, 49, 66, 88, 3, 115, 85, 61, 92, 33, 15, 47, 94, 100, 153, 106, 31, 113, 110, 111, 114, 131, 80, 36, 7, 140, 14, 68, 156, 5, 29, 144, 93, 76, 101, 12, 78, 34, 136, 32, 23, 153, 47, 74, 70, 103, 129, 91, 122, 11, 107, 66, 194, 16, 119, 63, 72, 58, 87, 0, 42, 43, 98, 134, 78, 148, 184, 105, 115, 237, 51, 241, 126, 224, 215, 89, 30, 39, 9, 26, 150, 35, 124, 16, 50, 45, 135, 81, 207, 64, 179, 127, 167, 164, 109, 30, 5, 10, 202, 184, 246, 237, 146, 209, 251, 32, 58, 194, 35, 117, 40, 91, 138, 0, 62, 187, 105, 222, 140, 171, 192, 182, 155, 233, 38, 213, 60, 89, 52, 23, 120, 86, 7, 25, 159, 100, 151, 197, 176, 94, 102, 72, 232, 1, 156, 101, 186, 175, 83, 78, 57, 103, 27, 152, 188, 141, 154, 177, 115, 181, 172, 107, 53, 76, 211, 158, 261, 169, 61, 221, 227, 139, 87, 3, 71, 42, 190, 34, 88, 248, 136, 56, 66, 178, 110, 24, 116, 126, 149, 21, 201, 160, 265, 47, 69, 54, 63, 92, 204, 275, 12, 79, 199, 97, 174, 99, 14, 37, 157, 206, 28, 180, 75, 85, 198, 256, 243, 36, 163, 230, 80, 11, 8, 217, 68, 195, 241, 130, 132, 73, 205, 121, 128, 112, 48, 104, 225, 189, 203, 22, 26, 70, 93, 145, 210, 162, 43, 108, 111, 153, 131, 258, 9, 277, 247, 260, 168, 231, 18, 119, 95, 129, 263, 148, 20, 55, 137, 29, 238, 142, 235, 290, 6, 278, 113, 41, 215, 39, 150, 67, 13, 118, 236, 218, 166, 19, 212, 183, 96, 259, 271, 143, 147, 77, 161, 214, 84, 144, 106, 220, 273, 229, 90, 74, 262, 122, 253, 264, 82, 133, 266, 216, 2, 173, 193, 191, 59, 223, 134, 267, 114, 196, 98, 4, 200, 100, 237, 33, 152, 31, 201, 89, 138, 115, 283, 245, 268, 164, 0, 187, 102, 159, 255, 14, 7, 127, 87, 222, 280, 251, 265, 208, 28, 52, 195, 270, 48, 65, 184, 176, 241, 110, 128, 181, 170, 15, 177, 46, 86, 185, 76, 24, 72, 274, 209, 62, 217, 197, 8, 80, 254, 228, 112, 246, 151, 71, 51, 244, 206, 94, 141, 250, 30, 120, 157, 63, 11, 116, 172, 42, 3, 68, 53, 276, 202, 219, 126, 130, 282, 234, 286, 288, 204, 10, 132, 118, 66, 19, 123, 190, 136, 49, 156, 239, 140, 56, 92, 235, 174, 40, 192, 230, 162, 105, 2, 178, 167, 47, 257, 64, 216, 111, 17, 5, 109, 12, 146, 142, 69, 81, 232, 213, 27, 75, 44, 125, 233, 54, 35, 275, 210, 58, 1, 256, 249, 221, 199, 37, 154, 13, 149, 78, 25, 240, 85, 289, 169, 55, 267, 287, 242, 220, 180, 205, 186, 36, 272, 248, 91, 38, 252, 194, 79, 107, 211, 135, 171, 21, 163, 121, 166, 23, 103, 285, 83, 184, 93, 207, 59, 158, 259, 29, 139, 176, 24, 263, 22, 147, 144, 266, 284, 203, 196, 34, 261, 72, 95, 225, 150, 173, 84, 61, 45, 198, 68, 88, 129, 76, 164, 43, 9, 57, 141, 0, 97, 134, 39, 253, 108, 62, 82, 269, 99, 215, 278, 223, 227, 179, 271, 70, 273, 114, 188, 274, 41, 175, 264, 50, 122, 182, 73, 60, 160, 98, 106, 77, 268, 32, 6, 133, 209, 212, 200, 96, 291, 131, 218, 231, 113, 247, 101, 161, 229, 90, 165, 128, 170, 168, 104, 31, 166, 119, 210, 42, 235, 153, 214, 100, 243, 81, 87, 249, 232, 63, 40, 142, 222, 48, 52, 56, 193, 146, 124, 74, 228, 18, 110, 252, 79, 16, 201, 267, 172, 246, 187, 262, 145, 237, 51, 15, 255, 204, 117, 23, 10, 4, 143, 224, 241, 7, 189, 132, 14, 8, 238, 46, 234, 20, 152, 30, 177, 219, 155, 251, 217, 89, 157, 3, 137, 148, 140, 1, 245, 236, 191, 26, 53, 221, 86, 120, 12, 67, 115, 250, 181, 208, 130, 91, 71, 182, 38, 180, 220, 109, 162, 254, 111, 69, 244, 33, 65, 213, 101, 121, 76, 54, 190, 22, 202, 159, 239, 200, 25, 149, 126, 5, 195, 80, 135, 99, 185, 44, 212, 28, 215, 36, 248, 233, 206, 9, 19, 64, 102, 226, 136, 66, 107, 194, 197, 13, 230, 83, 199, 24, 183, 118, 73, 94, 105, 151, 82, 116, 164, 144, 240, 192, 112, 242, 174, 123, 103, 17, 178, 58, 55, 186, 11, 161, 88, 138, 154, 163, 156, 216, 147, 16, 30, 204, 243, 95, 141, 34, 6, 165, 2, 184, 81, 227, 167, 152, 188, 196, 114, 84, 175, 245, 106, 4, 211, 59, 225, 10, 78, 229, 173, 45, 93, 198, 0, 18, 27, 47, 158, 60, 68, 252, 117, 160, 127, 201, 49, 21, 177, 98, 62, 79, 100, 133, 150, 85, 23, 113, 50, 179, 35, 75, 176, 231, 32, 218, 110, 43, 57, 139, 134, 41, 125, 97, 235, 223, 12, 108, 61, 122, 140, 169, 39, 96, 1, 120, 171, 77, 70, 67, 37, 81, 25, 60, 7, 213, 245, 184, 100, 30, 177, 233, 250, 44, 219, 51, 103, 271, 240, 208, 221, 139, 49, 281, 186, 117, 38, 129, 252, 23, 46, 95, 207, 91, 109, 259, 145, 10, 188, 138, 224, 155, 181, 118, 239, 277, 141, 143, 13, 41, 127, 179, 210, 39, 65, 29, 67, 93, 115, 175, 45, 236, 43, 22, 86, 70, 101, 57, 228, 226, 52, 185, 20, 123, 31, 165, 72, 155, 149, 117, 143, 34, 188, 24, 13, 190, 233, 138, 129, 259, 177, 125, 158, 139, 119, 224, 208, 260, 263, 279, 109, 137, 195, 76, 146, 58, 292, 283, 46, 97, 52, 99, 198, 28, 108, 89, 277, 48, 265, 44, 88, 105, 29, 7, 178, 153, 185, 49, 261, 64, 20, 226, 78, 173, 39, 189, 238, 31, 140, 176, 61, 279, 288, 80, 275, 170, 260, 243, 152, 114, 210, 193, 111, 258, 136, 281, 2, 5, 168, 251, 263, 123, 127, 13, 236, 206, 35, 70, 115, 156, 74, 201, 142, 228, 253, 214, 295, 53, 290, 234, 245, 247, 287, 147, 274, 145, 231, 218, 68, 104, 63, 97, 199, 241, 224, 184, 52, 266, 204, 14, 197, 6, 120, 27, 10, 195, 157, 75, 4, 16, 133, 66, 192, 119, 129, 143, 33, 137, 259, 132, 208, 117, 121, 155, 37, 249, 112, 153, 26, 252, 101, 194, 40, 256, 209, 164, 124, 254, 149, 225, 135, 207, 233, 201, 50, 99, 151, 102, 235, 58, 38, 82, 29, 25, 36, 18, 154, 213, 239, 162, 262, 211, 74, 261, 116, 227, 175, 185, 216, 122, 156, 59, 76, 56, 265, 48, 160, 168, 196, 139, 240, 172, 220, 80, 128, 60, 177, 187, 131, 146, 243, 85, 111, 142, 245, 180, 152, 31, 108, 93, 182, 133, 189, 72, 4, 138, 77, 13, 206, 45, 169, 20, 159, 35, 107, 28, 0, 87, 236, 16, 23, 47, 238, 70, 2, 191, 222, 49, 114, 214, 63, 234, 199, 97, 131, 36, 64, 105, 97, 89, 151, 203, 15, 183, 32, 87, 116, 190, 158, 58, 76, 124, 11, 9, 171, 172, 211, 222, 261, 230, 270, 53, 84, 235, 153, 194, 169, 125, 133, 166, 135, 209, 148, 56, 19, 1, 237, 78, 257, 142, 274, 5, 254, 197, 163, 231, 251, 0, 199, 215, 192, 174, 176, 168, 242, 18, 16, 111, 249, 144, 113, 241, 212, 9, 133, 56, 66, 75, 59, 26, 289, 221, 104, 82, 232, 116, 183, 268, 21, 217, 51, 235, 171, 1, 207, 162, 209, 60, 118, 293, 42, 160, 69, 102, 167, 172, 131, 248, 106, 255, 40, 282, 128, 197, 37, 18, 230, 91, 159, 237, 280, 200, 273, 179, 144, 271, 86, 126, 24, 45, 187, 257, 278, 150, 93, 47, 96, 154, 148, 134, 222, 165, 90, 217, 174, 42, 81, 109, 87, 69, 177, 276, 84, 202, 232, 9, 203, 181, 30, 57, 23, 219, 72, 125, 190, 171, 228, 178, 176, 46, 19, 15, 92, 54, 223, 198, 118, 5, 251, 96, 94, 166, 183, 11, 141, 103, 144, 88, 44, 186, 7, 161, 24, 69, 170, 205, 193, 83, 67, 136, 140, 62, 123, 188, 200, 55, 37, 150, 121, 173, 53, 65, 22, 91, 140, 227, 42, 218, 26, 80, 157, 35, 40, 66, 214, 17, 82, 208, 102, 206, 49, 204, 202, 115, 186, 178, 104, 113, 162, 76, 96, 0, 107, 99, 71, 6, 90, 14, 59, 8, 196, 19, 3, 72, 220, 100, 93, 89, 15, 24, 135, 37, 120, 13, 127, 5, 75, 45, 137, 9, 55, 98, 60, 47, 171, 184, 58, 167, 85, 32, 30, 1, 28, 106, 62, 68, 103, 181, 7, 144, 125, 114, 107, 165, 123, 169, 118, 151, 96, 129, 64, 78, 84, 21, 57, 27, 149, 11, 33, 70, 67, 53, 185, 51, 31, 176, 116, 111, 133, 43, 41, 131, 4, 147, 62, 14, 160, 18, 162, 92, 140, 157, 87, 74, 23, 99, 35, 40, 0, 25, 42, 153, 110, 16, 80, 101, 90, 136, 38, 49, 52, 132, 29, 59, 82, 155, 76, 2, 134, 152, 61, 189, 63, 187, 164, 122, 150, 50, 110, 83, 38, 225, 124, 129, 2, 236, 33, 11, 74, 77, 146, 56, 161, 173, 12, 48, 112, 159, 154, 44, 65, 105, 200, 69, 175, 148, 87, 143, 136, 132, 46, 183, 121, 168, 22, 207, 86, 179, 36, 117, 109, 190, 156, 138, 81, 213, 91, 39, 215, 97, 95, 94, 34, 186, 1, 79, 66, 54, 83, 158, 134, 26, 152, 58, 73, 10, 175, 71, 68, 142, 172, 150, 92, 108, 84, 203, 180, 120, 79, 90, 54, 14, 201, 170, 6, 8, 68, 28, 194, 30, 145, 17, 229, 41, 193, 141, 118, 126, 155, 27, 177, 24, 166, 195, 191, 115, 219, 130, 34, 221, 98, 182, 1, 29, 210, 74, 88, 198, 202, 106, 30, 135, 64, 188, 104, 163, 16, 128, 217, 33, 101, 149, 99, 205, 20, 28, 25, 139, 61, 5, 170, 133, 148, 153, 8, 50, 13, 11, 42, 40, 119, 76, 113, 192, 32, 59, 172, 71, 167, 114, 169, 225, 223, 216, 50, 3, 218, 67, 100, 73, 190, 32, 0, 163, 220, 243, 19, 208, 230, 38, 52, 214, 165, 15, 200, 81, 69, 103, 57, 147, 45, 111, 186, 59, 133, 124, 184, 7, 151, 212, 196, 157, 55, 47, 123, 116, 78, 35, 9, 43, 137, 131, 17, 181, 2, 185, 72, 144, 220, 145, 93, 7, 98, 127, 100, 174, 110, 0, 51, 37, 21, 67, 49, 3, 160, 19, 176, 96, 102, 23, 12, 152, 260, 136, 62, 21, 102, 269, 75, 175, 191, 138, 110, 65, 161, 205, 198, 239, 213, 16, 55, 97, 204, 87, 233, 206, 121, 107, 85, 18, 10, 105, 129, 227, 179, 91, 5, 117, 211, 46, 140, 188, 70, 163, 42, 68, 4, 183, 58, 60, 63, 142, 217, 31, 112, 83, 40, 171, 94, 13, 66, 26, 22, 188, 108, 34, 154, 11, 168, 53, 186, 44, 194, 29, 86, 140, 120, 14, 89, 130, 190, 114, 75, 50, 229, 130, 3, 82, 1, 235, 79, 100, 77, 170, 34, 95, 14, 41, 221, 195, 210, 84, 51, 157, 89, 193, 143, 90, 132, 8, 56, 178, 104, 92, 159, 156, 24, 113, 28, 49, 149, 174, 176, 54, 111, 190, 180, 16, 73, 80, 134, 39, 209, 99, 125, 119, 36, 30, 146, 166, 20, 139, 109, 32, 76, 173, 101, 148, 106, 136, 117, 170, 161, 138, 25, 6, 111, 103, 1, 95, 77, 46, 82, 192, 48, 172, 84, 65, 169, 86, 242, 154, 61, 64, 162, 212, 17, 138, 108, 6, 25, 215, 106, 197, 45, 148, 43, 32, 126, 128, 115, 147, 59, 19, 29, 118, 158, 196, 145, 52, 164, 69, 27, 67, 33, 44, 167, 31, 15, 50, 78, 96, 112, 2, 141, 200, 45, 35, 153, 43, 88, 120, 182, 122, 150, 83, 198, 10, 137, 23, 71, 174, 51, 31, 37, 33, 129, 131, 93, 127, 54, 86, 9, 41, 14, 102, 155, 157, 0, 110, 61, 91, 133, 98, 41, 206, 102, 113, 140, 105, 110, 202, 179, 72, 204, 208, 136, 78, 13, 58, 4, 20, 39, 81, 171, 38, 156, 165, 189, 184, 47, 26, 21, 124, 151, 194, 175, 177, 7, 5, 24, 68, 36, 0, 107, 160, 168, 135, 121, 163, 4, 42, 181, 12, 144, 186, 63, 89, 191, 49, 94, 85, 74, 55, 87, 75, 17, 53, 20, 7, 72, 98, 40, 105, 114, 57, 24, 15, 68, 103, 70, 100, 116, 66, 28, 22]
convergência = [290]

===== FIM =====
