===== RESULTADO BRKGA L(2,1) =====
Arquivo: /Users/mateuspedrosa/Documents/TCC-II/BRKGA/data/Harwell-Boeing_cleaned/cegb3024_clean.mtx

----- Execução #1 -----
[INFO] Time limit atingido: 15 minutos. Interrompido no meio de uma geração.
Tempo de execução: 900028ms
Span (lambda): 69
best_order = [1402, 2775, 287, 2603, 327, 298, 1599, 32, 1541, 2480, 398, 1175, 2692, 1820, 446, 853, 2452, 25, 1256, 153, 2486, 1204, 317, 2585, 2026, 924, 2291, 2602, 732, 2375, 1642, 822, 1756, 2757, 1429, 1588, 2610, 2871, 1958, 733, 2827, 2469, 466, 1548, 1097, 2283, 2716, 2910, 2611, 724, 635, 2425, 494, 1416, 477, 425, 122, 2378, 102, 609, 460, 1366, 2769, 690, 1653, 982, 2817, 797, 526, 1455, 326, 2427, 1335, 1542, 1322, 1080, 158, 1896, 2673, 656, 2415, 172, 606, 2970, 413, 1224, 1885, 833, 1991, 2550, 34, 691, 2, 997, 1514, 2377, 1347, 1559, 2432, 782, 920, 2149, 1307, 268, 2206, 1268, 1436, 2579, 1236, 1528, 1195, 501, 652, 1709, 1633, 1420, 1012, 110, 1946, 2512, 2571, 2825, 2844, 1503, 2594, 2629, 1783, 972, 2572, 2627, 543, 2248, 872, 1318, 667, 2185, 2497, 2102, 1147, 1445, 2819, 2084, 1018, 1940, 1718, 2495, 2192, 2447, 1128, 678, 286, 1094, 2092, 1847, 712, 2636, 243, 1144, 3014, 517, 1305, 137, 2430, 262, 1632, 2537, 1962, 1996, 1450, 1776, 1336, 1481, 644, 2093, 795, 2565, 2812, 1213, 2935, 2984, 2440, 488, 2755, 1954, 2133, 919, 2205, 592, 1751, 791, 2684, 749, 946, 1326, 336, 929, 1460, 1788, 1675, 2987, 2085, 622, 1888, 412, 351, 448, 857, 610, 1457, 570, 2403, 2089, 2901, 2454, 1489, 2386, 522, 2165, 2156, 651, 2115, 2376, 1108, 1033, 709, 3012, 2633, 1918, 1017, 698, 2899, 2005, 435, 1300, 2055, 1072, 484, 187, 2216, 1383, 1051, 933, 1264, 1141, 373, 1712, 1547, 2842, 1409, 1562, 917, 2749, 2866, 1247, 2784, 220, 1446, 1570, 481, 2461, 1646, 1122, 704, 1575, 617, 3002, 2183, 1203, 1638, 1249, 2241, 2070, 1606, 888, 2231, 1911, 1472, 1189, 265, 922, 2351, 614, 2498, 378, 1581, 1062, 1200, 434, 945, 2226, 641, 1368, 666, 1465, 111, 2809, 2458, 940, 829, 1722, 1652, 1087, 907, 852, 38, 673, 379, 1692, 1121, 2643, 1100, 2322, 1813, 1840, 770, 1516, 97, 1046, 2396, 1729, 150, 1667, 785, 531, 1448, 545, 478, 2884, 897, 2535, 2533, 2118, 1220, 1063, 714, 2122, 20, 1748, 843, 1987, 2967, 1746, 2426, 1019, 105, 806, 535, 2191, 2974, 1768, 2274, 1337, 631, 2446, 2301, 196, 46, 741, 2701, 1502, 1296, 1403, 846, 1183, 427, 2043, 1304, 3017, 385, 2173, 47, 2891, 1378, 815, 1365, 2993, 771, 2921, 1462, 2738, 115, 1863, 1207, 2346, 2792, 456, 1733, 2528, 2507, 1975, 5, 1447, 1834, 464, 1504, 710, 1924, 1814, 1454, 360, 2822, 1750, 2081, 2108, 1317, 2632, 1658, 1369, 2826, 1483, 2080, 902, 1210, 2719, 2428, 2286, 1871, 1026, 983, 2455, 2642, 1631, 205, 1390, 948, 2505, 2934, 538, 615, 2612, 1441, 2914, 2356, 1534, 132, 1551, 2668, 668, 2245, 1469, 1451, 142, 329, 1515, 1412, 765, 420, 388, 2363, 976, 1078, 2530, 2032, 1426, 2174, 1432, 437, 1485, 1143, 1906, 1107, 1301, 661, 176, 1310, 1418, 2225, 1994, 1185, 1159, 2966, 1313, 2483, 752, 423, 563, 1187, 1555, 2265, 350, 2795, 2968, 1095, 1404, 1178, 1052, 2462, 506, 1754, 2067, 1267, 756, 1525, 2078, 2623, 1928, 1242, 2576, 1970, 1936, 2764, 2595, 899, 1148, 1091, 380, 2548, 43, 1140, 337, 52, 2767, 1101, 2311, 2762, 2536, 1248, 1982, 495, 2048, 160, 455, 837, 2620, 2923, 404, 1433, 442, 780, 2976, 845, 1357, 2587, 1829, 299, 1010, 1857, 2869, 1262, 90, 921, 2368, 1961, 2408, 1685, 2370, 2709, 1869, 1602, 3000, 74, 744, 1028, 1043, 510, 297, 296, 112, 575, 809, 1630, 271, 679, 2730, 1956, 1577, 682, 247, 1136, 1475, 994, 2522, 170, 86, 2750, 2482, 1350, 597, 877, 2604, 1519, 2556, 2260, 2340, 1868, 2290, 2086, 808, 1689, 411, 1346, 642, 2851, 1827, 1843, 883, 1255, 653, 1338, 148, 1343, 1171, 1031, 1877, 1649, 1315, 1342, 1927, 469, 2995, 2120, 2735, 541, 3004, 1999, 345, 134, 1321, 1931, 855, 810, 1622, 681, 1410, 2532, 161, 1803, 875, 1799, 969, 1710, 759, 2024, 1029, 293, 281, 451, 1246, 1731, 2163, 953, 742, 42, 2374, 2680, 952, 655, 2808, 1376, 1250, 1664, 546, 769, 2341, 1558, 304, 1237, 1786, 2958, 1882, 2334, 1045, 183, 242, 1935, 1905, 577, 2948, 1299, 123, 2112, 702, 2922, 1382, 1526, 1560, 1232, 1538, 612, 2481, 973, 1775, 2630, 3, 465, 2674, 316, 1270, 1639, 1860, 1849, 29, 1439, 214, 2253, 1594, 2744, 1553, 1330, 2503, 1328, 2046, 2927, 761, 789, 2677, 2111, 1835, 2047, 2666, 1805, 1324, 2877, 2886, 963, 1791, 1732, 844, 2870, 331, 533, 2640, 828, 2352, 73, 1952, 1645, 1593, 2477, 431, 2981, 881, 2059, 2096, 2783, 1434, 998, 2609, 2667, 1595, 1654, 583, 2013, 2297, 2470, 1008, 2027, 2474, 2282, 2853, 1923, 736, 1755, 2718, 140, 1839, 1145, 1591, 2816, 2631, 2552, 1523, 540, 800, 2850, 527, 1373, 629, 381, 1495, 2148, 2574, 893, 1972, 1361, 2558, 2419, 2669, 2268, 2715, 249, 2675, 1395, 1478, 1060, 1561, 2279, 2570, 1671, 491, 1251, 390, 2134, 1190, 1993, 2402, 1161, 1453, 2227, 2712, 222, 107, 1573, 2753, 2977, 209, 1507, 2517, 2116, 1912, 1626, 2766, 1984, 1133, 2900, 1616, 863, 2058, 259, 1351, 2443, 226, 3018, 1444, 372, 536, 955, 2186, 1506, 1959, 117, 1177, 2789, 1656, 2634, 2510, 1274, 2534, 7, 1049, 1034, 1348, 202, 71, 1325, 916, 163, 683, 992, 45, 1083, 1680, 1797, 13, 1997, 83, 518, 2639, 2372, 2779, 270, 343, 645, 1780, 149, 867, 2196, 1131, 2584, 2781, 549, 1042, 2998, 339, 357, 1482, 688, 1721, 2971, 1473, 553, 2394, 341, 44, 2693, 2839, 1283, 1344, 216, 1662, 735, 3009, 1779, 119, 781, 1282, 2383, 497, 1272, 1790, 1375, 2020, 155, 2338, 23, 2233, 816, 874, 2773, 2940, 692, 2843, 2949, 2855, 2807, 885, 1533, 1743, 218, 230, 2894, 2828, 195, 572, 2599, 2815, 1261, 814, 2155, 1572, 370, 1610, 2401, 26, 722, 1054, 1758, 2105, 737, 1695, 2687, 1103, 880, 1217, 796, 1598, 2064, 1414, 993, 552, 513, 1471, 2969, 887, 626, 1740, 1464, 2478, 1939, 1846, 961, 79, 1316, 2223, 1055, 1960, 1810, 1020, 2273, 689, 2433, 2284, 1308, 2103, 1066, 356, 1765, 1806, 587, 30, 856, 1071, 1817, 1682, 1880, 685, 1216, 208, 1955, 2704, 2193, 1893, 2107, 2911, 2964, 2706, 1549, 1566, 913, 2389, 1424, 361, 2285, 2758, 1490, 2457, 1180, 747, 1714, 2484, 2035, 1908, 2204, 1293, 1651, 564, 282, 1922, 1623, 1657, 1892, 2641, 1488, 1643, 1858, 363, 1422, 1967, 823, 229, 1644, 76, 1006, 1567, 2466, 2124, 2079, 1576, 472, 275, 569, 2437, 1339, 555, 1127, 2211, 2209, 621, 2317, 260, 1386, 2238, 302, 156, 322, 2250, 999, 730, 366, 766, 2212, 524, 1123, 2188, 640, 2925, 984, 550, 1397, 934, 1508, 1938, 1477, 2588, 1917, 60, 1777, 1025, 1239, 906, 394, 1793, 1427, 59, 1125, 1708, 989, 1757, 2448, 1417, 2678, 2489, 234, 1661, 415, 2003, 2832, 2697, 2996, 686, 386, 2994, 3006, 2074, 1674, 2679, 2562, 794, 2798, 2600, 219, 909, 1973, 1944, 2649, 305, 2568, 2076, 996, 1629, 2099, 1942, 1511, 2653, 1660, 1069, 1258, 3015, 1245, 2835, 1392, 1763, 1154, 1160, 438, 2380, 2023, 1951, 2581, 1679, 1565, 634, 2445, 807, 1456, 2235, 649, 2754, 211, 476, 2557, 8, 400, 532, 1741, 2742, 2239, 1554, 2501, 2991, 590, 2166, 821, 2456, 1181, 1690, 1540, 2959, 2499, 2932, 1116, 2543, 1980, 1, 1499, 898, 671, 2655, 2393, 598, 1225, 2747, 602, 931, 2138, 1812, 1408, 2818, 2714, 2127, 402, 2659, 1093, 958, 2577, 2830, 2296, 384, 687, 2515, 2521, 937, 1284, 289, 676, 995, 520, 358, 177, 377, 1487, 504, 1949, 1950, 1634, 120, 2416, 1170, 2560, 323, 2471, 87, 376, 2431, 2256, 127, 755, 2890, 951, 1406, 2057, 131, 660, 2229, 1496, 2637, 2142, 1983, 2417, 2422, 1157, 819, 2691, 2947, 991, 2933, 1552, 2171, 113, 1611, 2128, 1009, 1015, 1964, 166, 1196, 2791, 1491, 2257, 849, 16, 2930, 2805, 236, 2342, 441, 2846, 980, 2106, 643, 990, 842, 551, 573, 2451, 223, 2551, 2190, 537, 2333, 2531, 1930, 1358, 2573, 1628, 578, 2794, 288, 392, 968, 2770, 2236, 554, 1040, 1851, 467, 2350, 1585, 1193, 2391, 861, 1186, 81, 2381, 1188, 1879, 1745, 2509, 1253, 2540, 2592, 2685, 2072, 2244, 1881, 1263, 593, 1443, 1698, 1802, 1111, 210, 2729, 28, 290, 1974, 1789, 2892, 2044, 725, 674, 2037, 603, 1539, 179, 1276, 492, 628, 2014, 2739, 2566, 2950, 2320, 1569, 2867, 1041, 1819, 925, 923, 1584, 1937, 419, 215, 2983, 2695, 1686, 2862, 792, 1142, 321, 2999, 2511, 1557, 1349, 928, 403, 2939, 116, 1749, 1739, 2708, 1470, 245, 1529, 519, 2946, 1120, 2545, 2385, 943, 1061, 1089, 1435, 1719, 1079, 1149, 1985, 1265, 1684, 1668, 2011, 264, 4, 2436, 103, 2626, 406, 2347, 1678, 2388, 964, 39, 212, 1152, 548, 106, 1058, 490, 165, 2243, 670, 2177, 2746, 340, 754, 696, 2121, 1724, 1979, 547, 3008, 611, 1387, 424, 2267, 1781, 1098, 1578, 729, 1568, 618, 904, 2270, 1563, 199, 1870, 2354, 418, 580, 1238, 344, 1327, 272, 190, 1968, 2017, 1669, 1421, 516, 459, 213, 2768, 2848, 1747, 915, 672, 261, 67, 1452, 2366, 619, 1703, 2335, 1953, 1215, 342, 2657, 699, 182, 1497, 2717, 89, 910, 1309, 2175, 826, 865, 717, 600, 2213, 320, 2943, 1340, 1014, 503, 1113, 1886, 1836, 333, 1772, 2040, 2494, 368, 1571, 2010, 2986, 2834, 254, 2202, 146, 1899, 2554, 100, 896, 2723, 135, 716, 1244, 2658, 1992, 498, 77, 811, 1854, 2271, 2873, 201, 1027, 2513, 841, 2665, 2272, 509, 1723, 408, 1864, 607, 203, 760, 374, 579, 858, 180, 873, 558, 2123, 2473, 1105, 1609, 1126, 61, 542, 1841, 1381, 762, 1206, 237, 233, 2915, 2859, 2061, 1532, 367, 1520, 352, 2952, 2888, 2538, 2180, 1767, 2787, 2903, 99, 2874, 335, 280, 2951, 1371, 2555, 2852, 383, 2926, 2016, 2038, 1590, 2137, 1694, 1874, 1413, 2300, 2523, 1716, 2159, 2404, 2506, 1252, 277, 1530, 1393, 529, 1853, 2330, 48, 515, 1677, 720, 1359, 1681, 2845, 19, 2662, 1068, 14, 1086, 2672, 956, 1023, 1038, 121, 711, 2429, 354, 658, 1277, 2593, 324, 169, 1824, 2407, 1604, 864, 2525, 2308, 2141, 2736, 2100, 2711, 1770, 2362, 1742, 616, 850, 2465, 604, 746, 2475, 1214, 1099, 734, 2410, 2524, 1894, 942, 2004, 1966, 1384, 2734, 949, 2785, 2384, 0, 410, 967, 2054, 1269, 1353, 2788, 1608, 768, 757, 1047, 1476, 1294, 561, 2008, 1825, 1400, 647, 1672, 1364, 2820, 2261, 2130, 1521, 98, 1075, 3001, 1493, 1319, 1003, 1164, 1760, 2114, 1212, 805, 2741, 1082, 371, 2776, 840, 2109, 1230, 528, 1024, 801, 2289, 1115, 715, 2083, 2162, 359, 2881, 2459, 1720, 1818, 461, 24, 2617, 1947, 2068, 889, 1753, 1197, 2232, 1761, 2167, 2502, 139, 184, 2479, 1341, 162, 2883, 512, 2876, 1004, 2281, 241, 2293, 309, 1235, 2472, 1013, 1691, 2650, 2259, 2450, 2001, 1676, 2645, 571, 1852, 1981, 1333, 680, 2463, 601, 479, 2131, 663, 185, 2800, 1287, 871, 334, 101, 586, 1766, 2113, 786, 1901, 1286, 85, 2228, 186, 2021, 2313, 2364, 1902, 1291, 2676, 1828, 2392, 2823, 330, 2660, 1234, 1479, 758, 1138, 2087, 1543, 157, 1932, 839, 1744, 1596, 407, 812, 1910, 2954, 830, 2119, 1449, 1707, 866, 1725, 125, 1641, 2500, 1039, 129, 1016, 1065, 338, 962, 2917, 1112, 36, 2218, 2097, 2050, 2052, 2411, 2938, 1240, 585, 2126, 2365, 813, 188, 310, 890, 291, 1117, 198, 521, 1030, 3005, 539, 859, 2929, 88, 804, 444, 2937, 2561, 2056, 1580, 2045, 1713, 2564, 701, 986, 2619, 1976, 2514, 3007, 1401, 2439, 1699, 2613, 2348, 1064, 1605, 294, 227, 2242, 581, 307, 2737, 1271, 164, 1053, 763, 2898, 167, 15, 1002, 452, 2793, 2728, 1862, 2549, 947, 475, 318, 2299, 1613, 777, 2075, 665, 2686, 191, 3021, 2207, 2601, 1715, 2382, 784, 2821, 2751, 181, 69, 1850, 1926, 145, 2379, 1323, 1168, 1151, 2066, 1035, 393, 1845, 2931, 2073, 311, 2960, 3010, 1241, 1380, 94, 650, 624, 2468, 2882, 200, 557, 560, 970, 232, 1279, 2060, 2022, 1084, 1205, 1998, 2252, 895, 450, 2733, 2840, 1655, 422, 1978, 1419, 905, 300, 3019, 2139, 1057, 502, 1700, 189, 1531, 49, 1943, 2369, 818, 136, 677, 1556, 1683, 1077, 2387, 954, 1139, 854, 1088, 82, 197, 2222, 932, 1527, 433, 847, 1535, 2006, 2012, 750, 2857, 2652, 56, 2315, 1844, 2406, 2221, 54, 453, 2878, 799, 1986, 582, 178, 1297, 2681, 1007, 2699, 2337, 2726, 2030, 2140, 314, 1537, 173, 2287, 2906, 1182, 375, 1428, 559, 1866, 124, 1752, 2694, 439, 2051, 1022, 17, 926, 2490, 935, 50, 2295, 253, 2077, 726, 2756, 594, 1873, 2360, 2908, 2184, 224, 2321, 1784, 2088, 2178, 2721, 2029, 2309, 2390, 1988, 1156, 1883, 2638, 1627, 2303, 836, 1884, 75, 2371, 1092, 2838, 2924, 2157, 2864, 141, 639, 2414, 482, 2319, 568, 409, 1887, 2547, 430, 1273, 250, 1354, 1226, 625, 1821, 2635, 1044, 239, 2772, 353, 1711, 1134, 1909, 1762, 1831, 776, 1345, 1442, 1155, 303, 2516, 2504, 657, 432, 1037, 884, 2412, 1717, 257, 1231, 869, 2039, 2962, 2441, 2418, 1005, 93, 633, 256, 2264, 1586, 1648, 2824, 1423, 1830, 204, 2028, 1356, 1430, 2025, 1289, 2164, 965, 2329, 2399, 1209, 1583, 1600, 2670, 2813, 244, 126, 114, 2724, 2091, 2713, 1618, 2493, 2980, 1619, 892, 1735, 1624, 193, 1518, 1989, 705, 664, 1233, 1726, 2802, 2988, 1146, 269, 428, 292, 429, 743, 1303, 637, 2841, 2400, 2944, 1194, 319, 2683, 171, 1192, 1474, 389, 284, 2018, 447, 1104, 2829, 507, 382, 63, 1737, 2492, 802, 2326, 1198, 283, 1794, 981, 1919, 2854, 2905, 574, 831, 1796, 2797, 2608, 1925, 2053, 1011, 246, 62, 2760, 1494, 2251, 1150, 2405, 2136, 1275, 1969, 1522, 1859, 2698, 1904, 486, 1218, 369, 783, 2151, 66, 1512, 2865, 2975, 878, 2090, 267, 764, 2831, 1704, 662, 118, 1227, 2546, 228, 778, 2909, 930, 620, 2688, 1798, 2359, 144, 2656, 1800, 240, 1804, 988, 273, 745, 2019, 879, 1621, 31, 35, 1500, 1773, 1727, 147, 1948, 2622, 848, 325, 2849, 443, 1889, 2985, 876, 2790, 1774, 1298, 2541, 1110, 1102, 2316, 364, 1405, 3003, 313, 1728, 1914, 474, 523, 221, 2197, 669, 92, 2343, 2945, 1736, 2179, 703, 445, 2598, 2648, 252, 566, 2578, 589, 2276, 274, 2325, 1415, 1990, 1636, 2464, 718, 2621, 2752, 1119, 279, 480, 1106, 740, 927, 487, 1957, 654, 2249, 1360, 1702, 1673, 894, 1257, 387, 40, 1666, 27, 2438, 775, 957, 1458, 349, 1174, 2144, 1461, 2539, 2811, 143, 2765, 684, 2575, 3011, 1815, 2036, 565, 838, 2799, 2745, 832, 2306, 596, 944, 2727, 1000, 2837, 1334, 436, 1466, 918, 2361, 2520, 2801, 2453, 1169, 2858, 499, 2690, 835, 2861, 1059, 207, 2904, 1833, 2125, 2563, 739, 255, 584, 1808, 51, 903, 1118, 258, 2147, 1913, 2336, 1848, 1167, 2527, 798, 1398, 2135, 1480, 365, 1977, 2663, 64, 397, 2833, 1809, 2395, 457, 960, 2254, 1837, 1163, 2654, 2941, 2782, 1431, 151, 2606, 1823, 1070, 911, 2339, 908, 623, 556, 2015, 974, 2919, 2062, 2292, 706, 2269, 1407, 471, 985, 787, 84, 152, 2266, 2763, 987, 2169, 1510, 2305, 2154, 1219, 977, 346, 1312, 2009, 1437, 2591, 1665, 2777, 1425, 454, 1545, 1855, 1399, 1513, 2104, 2972, 544, 728, 306, 2357, 2034, 2031, 1897, 1162, 2902, 773, 159, 2101, 2275, 312, 2277, 2255, 605, 767, 2725, 2409, 1592, 1838, 2230, 2344, 675, 2771, 2942, 2153, 1370, 2172, 914, 738, 175, 1081, 2189, 2880, 2860, 2689, 1785, 308, 2420, 1971, 708, 1637, 591, 1822, 1659, 2168, 2199, 2496, 2049, 278, 2442, 1687, 55, 1795, 599, 959, 2210, 6, 238, 938, 1166, 174, 576, 2702, 263, 1663, 2982, 11, 1865, 978, 613, 78, 2607, 2000, 1738, 2615, 2868, 2002, 1579, 2872, 2710, 2696, 1945, 1314, 53, 608, 2965, 1921, 2042, 2170, 1076, 2152, 1385, 251, 1329, 2467, 2324, 2803, 266, 2887, 1701, 1290, 2444, 1191, 2094, 2181, 530, 1995, 362, 2314, 2033, 1302, 154, 449, 2806, 2590, 1787, 109, 1090, 2312, 1582, 2559, 2132, 1782, 1895, 1792, 1907, 1647, 295, 489, 496, 1388, 2098, 396, 827, 2143, 2194, 1311, 534, 1173, 2720, 395, 2647, 485, 1498, 1223, 1153, 731, 1352, 2957, 505, 2345, 2786, 1688, 1295, 2671, 1693, 2682, 2780, 2263, 2298, 108, 1614, 2707, 1505, 2198, 1601, 1096, 2597, 2895, 886, 347, 1872, 2519, 2095, 463, 2065, 2544, 2323, 2246, 2644, 91, 2625, 1867, 2814, 2920, 2992, 2918, 2476, 562, 1705, 1221, 1769, 2200, 1934, 458, 2912, 33, 2907, 468, 248, 12, 1137, 1612, 276, 2961, 868, 391, 95, 2885, 2875, 1377, 882, 2331, 707, 2041, 788, 1067, 817, 2435, 1201, 790, 595, 2664, 1826, 2616, 231, 355, 2449, 2953, 1208, 470, 473, 285, 851, 1367, 2373, 2288, 2304, 1259, 1589, 567, 713, 774, 1056, 440, 514, 2182, 1607, 2485, 2176, 128, 1856, 2421, 2220, 1463, 1484, 793, 1734, 1260, 18, 753, 719, 588, 2614, 659, 1620, 1135, 632, 1771, 2979, 1916, 2487, 1021, 2879, 1965, 2955, 1222, 2201, 693, 646, 1032, 2804, 2488, 1363, 1929, 1229, 1816, 80, 2214, 2071, 70, 426, 1281, 1074, 2491, 638, 2247, 2703, 2582, 41, 1891, 500, 2796, 695, 1411, 1546, 2651, 870, 2526, 3013, 694, 2219, 1179, 2082, 2973, 2847, 721, 1564, 1331, 194, 901, 2778, 2605, 1320, 1807, 2774, 2863, 1202, 2553, 2897, 104, 723, 912, 2990, 1625, 1050, 834, 1890, 1524, 68, 941, 416, 820, 1811, 2129, 1374, 1172, 225, 401, 1597, 2262, 1640, 803, 2759, 950, 1903, 2913, 971, 1501, 2187, 2349, 751, 1801, 2327, 2332, 483, 2508, 1697, 1440, 1036, 1278, 1132, 1509, 1391, 235, 2258, 1832, 2618, 1165, 414, 1130, 2145, 2328, 979, 1001, 332, 2208, 2310, 1124, 1468, 1228, 206, 2413, 1898, 1603, 862, 2661, 493, 1933, 2294, 2307, 2743, 2916, 1878, 1438, 1285, 1875, 1280, 1617, 2700, 1243, 1517, 1544, 2367, 2989, 1696, 1536, 348, 2150, 2234, 1396, 2740, 1900, 1372, 1706, 1550, 2397, 399, 2569, 2956, 138, 525, 1362, 2237, 2810, 2583, 9, 21, 1492, 2069, 779, 1920, 2589, 130, 2856, 2217, 1355, 72, 1109, 511, 3020, 2110, 891, 3016, 1158, 2628, 2160, 1184, 2997, 2161, 1199, 2398, 1394, 2624, 860, 2280, 2355, 1073, 1129, 508, 328, 1486, 2893, 2518, 1459, 2731, 2434, 65, 727, 1114, 1915, 825, 1670, 2889, 1963, 58, 1211, 1292, 1861, 2705, 57, 1389, 1730, 2278, 417, 1941, 1332, 2896, 1288, 217, 636, 2358, 2007, 2596, 301, 630, 1842, 975, 405, 2529, 2586, 1379, 315, 966, 648, 1778, 772, 2732, 2963, 2240, 192, 2580, 2353, 2928, 2567, 697, 936, 900, 939, 2761, 168, 1266, 1574, 2748, 748, 824, 2195, 1176, 2117, 1615, 700, 2836, 96, 1635, 1764, 2722, 133, 2424, 2542, 1759, 2460, 2423, 2215, 2318, 1306, 2146, 2302, 37, 2158, 462, 2203, 22, 10, 1587, 421, 1467, 1048, 2063, 2646, 2936, 1085, 627, 2224, 1876, 3023, 3022, 2978, 1650, 1254]
labeling = [34, 19, 0, 5, 27, 3, 40, 13, 25, 48, 23, 7, 42, 15, 31, 38, 20, 35, 43, 29, 10, 64, 50, 16, 18, 1, 15, 24, 22, 7, 17, 26, 0, 57, 4, 38, 26, 59, 6, 22, 24, 47, 12, 9, 17, 1, 6, 8, 13, 15, 24, 30, 1, 32, 28, 43, 21, 48, 46, 3, 0, 11, 20, 18, 38, 50, 35, 23, 41, 27, 51, 5, 53, 2, 9, 45, 19, 33, 41, 11, 32, 24, 43, 15, 48, 35, 13, 21, 40, 29, 11, 56, 51, 49, 45, 54, 65, 8, 37, 30, 28, 39, 2, 33, 60, 4, 36, 21, 54, 46, 6, 8, 14, 30, 49, 12, 32, 23, 54, 25, 28, 39, 3, 16, 32, 27, 2, 0, 58, 29, 63, 18, 4, 50, 13, 40, 36, 3, 61, 43, 19, 31, 10, 47, 45, 26, 25, 40, 17, 22, 4, 36, 16, 0, 49, 11, 14, 18, 2, 33, 12, 14, 39, 16, 28, 21, 9, 17, 48, 25, 1, 5, 0, 44, 37, 29, 4, 7, 32, 11, 27, 30, 19, 4, 33, 39, 7, 1, 17, 41, 16, 24, 53, 47, 51, 2, 11, 45, 22, 9, 42, 31, 23, 37, 50, 6, 67, 56, 18, 10, 28, 26, 35, 38, 17, 32, 4, 64, 24, 28, 0, 48, 9, 27, 47, 62, 19, 41, 44, 13, 24, 58, 40, 18, 26, 63, 29, 41, 51, 19, 56, 43, 18, 7, 47, 34, 52, 15, 61, 20, 2, 59, 41, 32, 35, 58, 48, 46, 49, 18, 24, 29, 3, 51, 34, 5, 57, 52, 1, 46, 16, 10, 20, 30, 41, 7, 53, 25, 44, 38, 42, 21, 26, 50, 2, 19, 2, 0, 21, 19, 23, 35, 49, 12, 37, 51, 15, 5, 1, 13, 33, 52, 20, 37, 7, 30, 42, 32, 15, 5, 22, 36, 45, 39, 34, 44, 9, 3, 37, 42, 34, 27, 19, 22, 32, 40, 2, 0, 20, 7, 43, 1, 63, 36, 41, 13, 2, 5, 26, 10, 15, 12, 20, 8, 18, 6, 19, 21, 31, 15, 9, 2, 26, 28, 39, 52, 17, 13, 24, 42, 0, 6, 48, 11, 33, 40, 6, 24, 21, 31, 15, 43, 13, 8, 37, 45, 19, 17, 5, 7, 18, 20, 30, 14, 0, 0, 0, 0, 0, 0, 3, 18, 1, 9, 0, 0, 20, 12, 0, 57, 27, 55, 0, 0, 1, 28, 15, 19, 34, 40, 36, 11, 7, 5, 24, 13, 21, 26, 17, 3, 0, 0, 18, 9, 16, 2, 0, 0, 0, 0, 0, 0, 47, 38, 12, 7, 56, 18, 30, 47, 60, 33, 15, 53, 36, 54, 0, 50, 6, 60, 41, 14, 20, 43, 57, 17, 7, 23, 25, 5, 3, 42, 63, 31, 13, 21, 2, 27, 62, 14, 64, 51, 24, 40, 53, 46, 30, 4, 1, 39, 55, 10, 44, 59, 8, 52, 29, 50, 5, 34, 37, 15, 31, 64, 0, 12, 53, 22, 35, 48, 10, 1, 45, 38, 27, 55, 14, 50, 68, 40, 16, 57, 30, 24, 66, 42, 26, 5, 13, 17, 33, 39, 8, 31, 28, 55, 4, 21, 35, 17, 43, 6, 26, 11, 58, 9, 23, 35, 11, 45, 17, 6, 38, 4, 55, 8, 14, 39, 37, 22, 29, 31, 24, 18, 33, 27, 47, 42, 9, 44, 48, 43, 63, 16, 23, 35, 50, 52, 13, 6, 4, 17, 19, 28, 39, 8, 48, 9, 31, 38, 14, 23, 47, 6, 59, 41, 45, 25, 64, 53, 18, 29, 3, 33, 49, 61, 53, 17, 30, 58, 21, 24, 22, 29, 27, 47, 4, 35, 50, 1, 8, 33, 23, 60, 12, 16, 41, 10, 29, 32, 49, 25, 5, 55, 16, 50, 22, 66, 36, 22, 65, 16, 44, 41, 32, 2, 51, 49, 61, 40, 27, 14, 20, 34, 3, 23, 57, 35, 49, 25, 44, 8, 5, 18, 38, 20, 1, 10, 24, 59, 8, 4, 52, 33, 49, 37, 9, 6, 15, 55, 28, 26, 30, 10, 39, 61, 35, 48, 7, 9, 36, 22, 12, 17, 59, 32, 29, 34, 11, 25, 2, 4, 20, 59, 45, 36, 26, 67, 6, 33, 63, 21, 17, 39, 9, 46, 25, 44, 33, 3, 11, 43, 5, 60, 10, 44, 29, 21, 47, 52, 36, 63, 19, 65, 0, 31, 49, 60, 57, 41, 18, 37, 1, 3, 45, 24, 15, 27, 61, 57, 54, 10, 18, 34, 19, 50, 34, 17, 67, 5, 39, 53, 13, 59, 25, 21, 0, 28, 41, 15, 38, 20, 40, 46, 51, 15, 28, 60, 40, 13, 7, 12, 65, 58, 62, 56, 52, 48, 27, 39, 11, 19, 0, 34, 24, 9, 44, 56, 20, 7, 15, 4, 31, 54, 26, 6, 15, 3, 46, 40, 11, 36, 51, 62, 46, 42, 14, 28, 21, 19, 2, 35, 37, 43, 17, 8, 11, 53, 42, 6, 62, 29, 0, 24, 60, 39, 35, 37, 17, 5, 37, 46, 19, 1, 54, 51, 15, 9, 42, 28, 43, 27, 37, 13, 23, 16, 12, 50, 53, 24, 41, 66, 4, 0, 45, 19, 22, 2, 29, 40, 63, 25, 47, 11, 31, 27, 35, 0, 63, 51, 57, 47, 6, 34, 26, 8, 56, 19, 50, 54, 30, 10, 65, 21, 44, 28, 56, 18, 7, 23, 38, 65, 30, 16, 41, 32, 24, 11, 28, 15, 58, 51, 13, 24, 34, 45, 23, 2, 38, 25, 43, 55, 62, 16, 59, 32, 14, 9, 53, 6, 1, 7, 11, 38, 0, 35, 47, 51, 40, 5, 52, 31, 48, 9, 10, 43, 66, 26, 22, 57, 6, 60, 42, 36, 52, 3, 1, 31, 14, 44, 63, 33, 20, 16, 39, 24, 38, 48, 30, 55, 53, 23, 31, 22, 29, 45, 54, 25, 23, 5, 38, 61, 2, 13, 48, 55, 10, 17, 32, 59, 20, 43, 1, 9, 26, 47, 3, 49, 22, 19, 33, 31, 4, 6, 0, 18, 13, 3, 8, 23, 48, 55, 40, 21, 12, 47, 16, 41, 24, 33, 17, 49, 2, 45, 30, 26, 10, 5, 1, 7, 17, 42, 40, 33, 35, 24, 9, 19, 12, 14, 27, 2, 59, 4, 16, 37, 36, 28, 0, 0, 0, 18, 10, 6, 30, 8, 3, 20, 0, 0, 0, 0, 0, 0, 0, 0, 31, 22, 23, 34, 13, 21, 3, 5, 44, 37, 16, 42, 32, 18, 56, 20, 1, 64, 60, 36, 58, 48, 11, 29, 3, 54, 44, 26, 46, 67, 30, 8, 41, 26, 54, 15, 49, 17, 1, 10, 56, 1, 35, 42, 9, 15, 52, 4, 36, 34, 58, 14, 7, 61, 31, 29, 42, 25, 24, 17, 30, 42, 12, 10, 16, 6, 1, 21, 62, 27, 29, 14, 3, 37, 55, 10, 39, 8, 33, 60, 18, 63, 26, 37, 16, 3, 23, 7, 4, 20, 39, 2, 13, 22, 50, 44, 28, 46, 14, 17, 45, 28, 64, 4, 24, 15, 42, 40, 36, 63, 50, 12, 5, 34, 32, 18, 59, 57, 43, 0, 61, 21, 13, 58, 25, 27, 41, 7, 53, 11, 30, 16, 33, 4, 12, 53, 49, 35, 44, 2, 20, 39, 51, 56, 12, 39, 59, 6, 0, 19, 21, 8, 16, 0, 11, 48, 38, 3, 34, 14, 22, 20, 46, 54, 6, 44, 57, 51, 0, 29, 43, 49, 41, 38, 21, 35, 7, 24, 25, 23, 5, 22, 38, 27, 43, 45, 14, 62, 40, 31, 20, 8, 16, 10, 18, 25, 39, 33, 69, 7, 0, 51, 30, 47, 48, 22, 18, 35, 4, 28, 59, 9, 2, 27, 12, 32, 20, 43, 23, 50, 30, 32, 57, 46, 55, 38, 24, 22, 27, 32, 40, 33, 39, 30, 52, 38, 57, 25, 36, 54, 5, 46, 32, 15, 8, 12, 61, 48, 10, 6, 44, 1, 14, 33, 4, 29, 46, 14, 39, 6, 22, 11, 7, 37, 54, 19, 2, 41, 24, 28, 3, 34, 8, 51, 22, 49, 59, 40, 47, 1, 3, 9, 8, 28, 37, 47, 13, 11, 20, 43, 17, 2, 27, 32, 15, 25, 56, 36, 34, 60, 50, 13, 28, 31, 52, 18, 57, 43, 29, 10, 5, 36, 1, 12, 41, 23, 53, 17, 47, 19, 19, 47, 10, 61, 42, 40, 21, 4, 35, 55, 13, 23, 45, 52, 5, 50, 11, 26, 42, 9, 47, 20, 22, 40, 30, 37, 0, 7, 13, 43, 27, 33, 25, 5, 10, 45, 9, 29, 18, 31, 1, 23, 11, 35, 3, 21, 4, 6, 26, 44, 9, 28, 38, 1, 23, 47, 14, 16, 21, 36, 3, 41, 18, 0, 46, 15, 39, 30, 24, 5, 7, 11, 9, 27, 5, 17, 34, 23, 13, 2, 10, 8, 46, 55, 7, 49, 11, 58, 25, 6, 53, 65, 12, 2, 37, 28, 0, 26, 43, 19, 42, 29, 21, 45, 56, 3, 24, 13, 55, 1, 67, 34, 21, 4, 27, 36, 64, 45, 54, 15, 5, 31, 41, 26, 16, 27, 10, 5, 12, 50, 19, 17, 23, 66, 43, 29, 56, 58, 0, 11, 7, 68, 38, 13, 31, 33, 44, 26, 52, 17, 20, 35, 2, 29, 42, 51, 39, 10, 8, 45, 58, 48, 23, 33, 27, 0, 2, 30, 40, 20, 37, 9, 3, 22, 28, 14, 25, 20, 32, 16, 44, 34, 18, 7, 4, 24, 1, 39, 53, 31, 26, 28, 37, 34, 6, 41, 24, 14, 54, 7, 30, 12, 18, 33, 39, 8, 53, 46, 28, 26, 41, 57, 4, 55, 32, 16, 31, 3, 15, 17, 34, 48, 19, 2, 17, 50, 11, 57, 27, 43, 7, 52, 42, 14, 18, 20, 34, 23, 50, 61, 4, 39, 25, 28, 16, 11, 19, 27, 34, 51, 17, 40, 33, 29, 14, 12, 6, 4, 31, 45, 11, 50, 3, 19, 42, 32, 0, 25, 28, 20, 1, 43, 38, 18, 44, 16, 7, 0, 4, 31, 11, 18, 2, 15, 23, 21, 13, 25, 12, 47, 39, 9, 25, 30, 60, 15, 37, 52, 23, 5, 48, 44, 38, 32, 17, 41, 19, 25, 30, 10, 28, 33, 59, 12, 26, 46, 6, 57, 4, 2, 69, 64, 18, 34, 13, 60, 49, 35, 28, 62, 47, 30, 21, 3, 15, 42, 8, 32, 19, 39, 40, 53, 0, 11, 19, 17, 5, 12, 36, 46, 10, 14, 29, 3, 52, 19, 21, 11, 38, 8, 49, 45, 46, 37, 26, 30, 40, 0, 43, 24, 10, 38, 8, 36, 13, 6, 47, 39, 12, 17, 1, 19, 16, 62, 22, 32, 25, 9, 55, 18, 44, 42, 7, 50, 23, 51, 19, 28, 48, 13, 3, 26, 60, 6, 22, 36, 31, 0, 44, 49, 10, 45, 6, 31, 21, 12, 59, 25, 42, 51, 47, 20, 45, 2, 30, 53, 13, 1, 33, 6, 19, 59, 45, 47, 11, 38, 26, 3, 5, 40, 42, 21, 16, 7, 0, 43, 48, 24, 2, 15, 56, 12, 27, 9, 44, 32, 58, 46, 1, 14, 28, 49, 53, 17, 5, 21, 52, 16, 44, 42, 2, 0, 14, 10, 40, 22, 37, 35, 32, 48, 47, 13, 2, 36, 11, 50, 30, 8, 24, 39, 33, 45, 17, 15, 26, 10, 41, 35, 27, 45, 47, 3, 32, 16, 14, 24, 9, 37, 40, 3, 12, 42, 5, 49, 46, 44, 19, 16, 6, 17, 1, 43, 52, 30, 28, 10, 30, 39, 28, 8, 1, 58, 18, 20, 35, 6, 16, 57, 32, 54, 62, 22, 0, 42, 50, 43, 18, 4, 8, 55, 50, 14, 1, 43, 27, 13, 20, 60, 44, 5, 9, 33, 20, 16, 3, 62, 24, 37, 22, 58, 1, 28, 45, 25, 31, 27, 12, 36, 6, 14, 17, 34, 2, 23, 28, 15, 4, 54, 33, 60, 29, 16, 27, 45, 8, 55, 3, 22, 35, 9, 41, 48, 40, 35, 23, 37, 9, 29, 18, 33, 14, 2, 47, 49, 53, 0, 29, 20, 10, 58, 4, 25, 24, 8, 54, 30, 56, 27, 21, 5, 41, 61, 38, 52, 20, 14, 34, 8, 11, 37, 32, 27, 45, 47, 12, 33, 28, 10, 8, 31, 1, 17, 37, 35, 32, 46, 14, 55, 51, 22, 49, 34, 36, 39, 20, 60, 35, 7, 25, 40, 4, 10, 16, 58, 28, 37, 29, 45, 36, 2, 31, 23, 11, 6, 42, 34, 47, 57, 19, 51, 12, 5, 37, 65, 0, 48, 25, 39, 24, 39, 13, 34, 3, 21, 9, 5, 49, 19, 2, 7, 11, 29, 23, 0, 22, 9, 3, 5, 29, 41, 12, 21, 42, 18, 16, 31, 1, 14, 38, 17, 12, 10, 0, 15, 21, 8, 6, 19, 29, 1, 15, 61, 8, 21, 13, 26, 10, 28, 18, 51, 33, 20, 22, 43, 36, 38, 55, 4, 17, 53, 45, 26, 9, 31, 40, 33, 15, 23, 49, 59, 68, 47, 11, 0, 52, 29, 39, 34, 51, 18, 7, 41, 50, 2, 48, 55, 15, 2, 43, 4, 29, 38, 52, 7, 62, 18, 44, 3, 10, 26, 28, 22, 40, 51, 31, 56, 37, 7, 43, 1, 12, 64, 6, 45, 13, 4, 0, 7, 44, 54, 11, 50, 19, 17, 63, 65, 15, 46, 17, 4, 2, 19, 50, 0, 54, 23, 25, 29, 39, 60, 6, 56, 16, 44, 55, 24, 22, 9, 30, 6, 9, 15, 43, 29, 47, 4, 27, 19, 41, 24, 32, 59, 23, 25, 61, 7, 41, 5, 30, 12, 52, 62, 4, 42, 19, 46, 21, 0, 54, 56, 22, 26, 61, 33, 18, 38, 63, 47, 44, 8, 52, 24, 13, 50, 27, 32, 30, 20, 4, 46, 41, 61, 68, 15, 53, 35, 8, 2, 16, 21, 14, 45, 58, 40, 6, 0, 36, 27, 69, 46, 20, 14, 30, 15, 10, 8, 66, 48, 35, 25, 50, 58, 34, 44, 57, 11, 52, 20, 53, 37, 40, 2, 64, 31, 4, 7, 6, 45, 64, 58, 32, 35, 40, 20, 3, 8, 67, 38, 3, 8, 51, 28, 30, 60, 21, 25, 10, 36, 61, 66, 14, 42, 33, 47, 18, 3, 16, 69, 20, 39, 5, 22, 66, 38, 55, 59, 17, 8, 32, 34, 30, 67, 14, 53, 13, 43, 15, 27, 23, 0, 11, 5, 2, 37, 34, 39, 51, 28, 31, 26, 8, 45, 19, 17, 10, 6, 42, 21, 13, 18, 3, 45, 58, 31, 43, 21, 10, 1, 33, 48, 41, 35, 8, 53, 12, 39, 46, 60, 42, 0, 27, 29, 49, 5, 51, 59, 31, 63, 18, 3, 11, 5, 13, 38, 8, 27, 2, 16, 61, 57, 36, 17, 51, 40, 10, 48, 53, 3, 44, 24, 6, 1, 21, 60, 34, 28, 0, 52, 3, 9, 29, 19, 7, 43, 23, 5, 12, 40, 49, 37, 20, 54, 44, 1, 15, 28, 42, 34, 17, 38, 53, 13, 10, 22, 0, 6, 19, 16, 32, 65, 1, 14, 59, 23, 41, 63, 56, 54, 44, 9, 62, 7, 12, 35, 48, 36, 46, 24, 57, 4, 33, 0, 66, 41, 22, 31, 3, 33, 36, 9, 45, 2, 61, 58, 51, 7, 14, 32, 37, 16, 49, 47, 9, 62, 11, 28, 15, 7, 19, 5, 12, 0, 18, 50, 33, 52, 70, 24, 56, 35, 50, 47, 12, 44, 6, 29, 14, 55, 39, 41, 1, 20, 15, 54, 16, 45, 26, 52, 49, 2, 31, 62, 11, 64, 20, 6, 8, 35, 18, 58, 7, 26, 41, 4, 64, 22, 60, 67, 10, 0, 43, 11, 19, 25, 51, 46, 30, 36, 5, 9, 59, 57, 43, 30, 32, 50, 3, 1, 10, 64, 26, 52, 40, 13, 2, 4, 8, 43, 57, 55, 61, 45, 68, 47, 20, 59, 50, 18, 72, 63, 40, 1, 70, 3, 22, 27, 15, 10, 29, 49, 6, 37, 52, 31, 26, 33, 17, 13, 64, 38, 66, 56, 46, 24, 15, 17, 38, 20, 52, 26, 44, 3, 25, 22, 33, 53, 27, 36, 57, 30, 1, 17, 4, 6, 48, 62, 18, 3, 9, 14, 34, 4, 23, 25, 7, 46, 56, 51, 5, 37, 40, 19, 53, 59, 55, 28, 1, 13, 36, 31, 38, 16, 50, 40, 65, 5, 47, 58, 21, 69, 23, 45, 32, 12, 48, 34, 18, 39, 22, 16, 0, 24, 14, 3, 61, 45, 67, 42, 34, 57, 37, 42, 34, 29, 6, 60, 58, 36, 32, 14, 11, 22, 7, 17, 57, 43, 0, 53, 12, 28, 39, 35, 55, 4, 9, 48, 48, 16, 12, 5, 39, 0, 21, 59, 41, 63, 13, 54, 10, 45, 18, 12, 24, 2, 30, 33, 43, 20, 17, 0, 2, 47, 65, 18, 63, 13, 36, 11, 4, 22, 56, 29, 24, 11, 34, 9, 8, 37, 14, 2, 64, 44, 19, 25, 27, 46, 42, 52, 54, 17, 29, 10, 6, 2, 38, 20, 5, 26, 58, 23, 16, 0, 13, 3, 44, 46, 8, 20, 21, 1, 8, 1, 23, 38, 27, 40, 19, 52, 30, 9, 49, 46, 24, 16, 49, 51, 7, 18, 2, 41, 15, 50, 21, 36, 10, 5, 29, 14, 31, 20, 60, 35, 50, 28, 15, 7, 5, 49, 29, 43, 6, 27, 51, 10, 15, 1, 54, 25, 31, 60, 35, 14, 41, 62, 49, 33, 39, 3, 5, 57, 13, 53, 23, 43, 15, 4, 18, 35, 1, 31, 66, 63, 40, 4, 15, 2, 27, 22, 53, 38, 30, 55, 4, 44, 0, 25, 54, 56, 11, 33, 58, 31, 55, 42, 53, 6, 17, 8, 37, 26, 21, 2, 34, 8, 14, 23, 0, 11, 9, 3, 40, 32, 24, 17, 22, 44, 47, 30, 45, 47, 24, 21, 12, 17, 26, 28, 34, 50, 37, 43, 51, 48, 0, 2, 30, 55, 42, 59, 6, 28, 9, 7, 13, 24, 0, 21, 48, 57, 5, 43, 15, 20, 60, 35, 39, 18, 30, 16, 4, 33, 19, 6, 42, 52, 50, 28, 46, 7, 29, 10, 27, 58, 18, 32, 16, 36, 3, 39, 11, 23, 19, 25, 22, 14, 38, 44, 1, 31, 1, 31, 49, 8, 12, 40, 25, 17, 5, 2]
convergência = [70, 70, 70, 70, 70, 70, 70, 70, 70, 70, 70, 70, 70, 70, 70, 70, 70, 70, 70, 70, 70, 70, 70, 70, 69, 69, 69, 69, 69, 69, 69, 69, 69, 69]

===== FIM =====
