===== RESULTADO BRKGA L(2,1) =====
Arquivo: /Users/mateuspedrosa/Documents/TCC-II/BRKGA/data/Harwell-Boeing_cleaned/cegb2802_clean.mtx

----- Execução #1 -----
[INFO] Time limit atingido: 15 minutos. Interrompido no meio de uma geração.
Tempo de execução: 900156ms
Span (lambda): 220
best_order = [2339, 2553, 1921, 106, 1417, 674, 5, 695, 240, 1313, 1607, 2202, 2018, 2594, 2127, 907, 1766, 272, 2320, 1271, 1328, 803, 1922, 2123, 2670, 1443, 1472, 1024, 2598, 1187, 332, 1220, 2658, 2129, 1182, 321, 1654, 1770, 1059, 648, 592, 1788, 2193, 1041, 1171, 157, 1631, 1232, 1983, 505, 1611, 511, 1786, 60, 2689, 2029, 1428, 1795, 1772, 166, 1578, 945, 2631, 935, 2384, 2246, 734, 556, 911, 579, 1679, 993, 328, 626, 1405, 529, 1793, 2679, 1736, 2211, 724, 1952, 582, 1096, 1319, 1712, 150, 568, 591, 1207, 130, 2762, 843, 2032, 1698, 1117, 1909, 356, 503, 455, 1402, 2737, 1732, 114, 549, 387, 120, 2044, 2786, 776, 15, 1657, 1711, 2013, 487, 1529, 1750, 2695, 247, 254, 353, 1225, 1629, 1027, 766, 2388, 432, 476, 1866, 2796, 1175, 888, 7, 1604, 1962, 363, 809, 194, 1533, 1008, 1035, 18, 1762, 1697, 1511, 1775, 171, 2427, 894, 691, 2054, 658, 266, 748, 2364, 1530, 1916, 2103, 2504, 1785, 2139, 1901, 553, 1756, 308, 2356, 2773, 2447, 1040, 2700, 944, 1520, 1691, 1432, 910, 918, 2472, 2056, 277, 1699, 241, 463, 2424, 2108, 998, 2715, 1599, 929, 1009, 2294, 2651, 1779, 1488, 1457, 2130, 2432, 14, 1515, 857, 779, 2391, 213, 663, 2300, 1521, 635, 2214, 1046, 2624, 1226, 1364, 492, 863, 132, 181, 57, 2191, 2111, 1586, 611, 995, 219, 2518, 2623, 1018, 1470, 1260, 218, 1148, 1072, 461, 1988, 2101, 127, 1744, 1648, 396, 2160, 2626, 1560, 2420, 1661, 1219, 887, 927, 1172, 2284, 1006, 1210, 1286, 2026, 1277, 2286, 928, 270, 932, 526, 2201, 2081, 1645, 1297, 2558, 1478, 1896, 1309, 211, 2371, 2319, 977, 276, 1362, 1305, 2492, 2702, 348, 2515, 1647, 1830, 1241, 294, 2171, 2567, 1834, 500, 498, 2229, 1415, 1419, 509, 1033, 2460, 2372, 1781, 229, 1212, 2636, 287, 1641, 1222, 1783, 2273, 352, 578, 42, 2699, 2638, 1969, 69, 1213, 1893, 1887, 168, 1158, 2662, 2169, 610, 1247, 1884, 690, 1023, 2429, 1965, 410, 1559, 541, 961, 1727, 708, 1013, 200, 1224, 2402, 2682, 1272, 2396, 1982, 275, 2780, 1519, 2603, 1991, 840, 633, 2216, 1967, 1587, 184, 2189, 1019, 2718, 1098, 1614, 599, 1790, 978, 478, 1070, 2394, 2257, 2400, 915, 703, 162, 1365, 1503, 2295, 2493, 112, 435, 443, 769, 2304, 2660, 210, 2765, 453, 2265, 2556, 1164, 770, 458, 2159, 1590, 2760, 1073, 201, 2446, 354, 2215, 2148, 743, 1541, 1703, 1191, 1028, 2181, 752, 1265, 2011, 2475, 2023, 1771, 1393, 1609, 2481, 1390, 1630, 1491, 1540, 1346, 2655, 903, 2540, 470, 820, 642, 1593, 2531, 2382, 488, 172, 2450, 899, 1693, 1007, 1653, 585, 699, 684, 2392, 2293, 1892, 1282, 2242, 477, 338, 371, 2602, 1287, 2759, 560, 881, 2393, 405, 1020, 524, 757, 2151, 1349, 2696, 1911, 2730, 886, 385, 2610, 716, 2107, 988, 1231, 1656, 1929, 2490, 2755, 2184, 584, 1999, 728, 408, 1798, 693, 245, 1494, 1121, 996, 1341, 586, 2635, 1895, 641, 1549, 205, 2306, 1822, 1706, 989, 1101, 1221, 375, 792, 2262, 1857, 1262, 2533, 1242, 1500, 274, 2625, 1568, 538, 1408, 2046, 36, 634, 2465, 1435, 1371, 1662, 983, 26, 100, 1036, 0, 1842, 372, 1436, 1502, 999, 1497, 2419, 427, 2627, 1180, 735, 2440, 1077, 2065, 1135, 1218, 1147, 2668, 2383, 2122, 2243, 1632, 1944, 532, 1326, 2351, 2466, 196, 425, 2557, 239, 698, 686, 869, 349, 916, 2298, 2654, 768, 1257, 255, 715, 1940, 1861, 2250, 607, 263, 431, 1814, 1119, 1978, 1189, 1995, 2455, 1433, 574, 1198, 1275, 934, 1235, 548, 129, 1870, 2245, 2086, 1937, 2102, 99, 1747, 1288, 2387, 950, 823, 299, 2609, 2580, 1702, 1665, 1057, 1938, 1670, 481, 2519, 742, 34, 882, 269, 705, 906, 2711, 2194, 902, 22, 2529, 2183, 1100, 625, 2173, 979, 1618, 1817, 17, 1136, 2652, 1961, 2584, 1594, 1627, 1043, 1300, 2551, 1363, 1683, 1106, 434, 1989, 2571, 2352, 1763, 124, 632, 2732, 829, 1193, 116, 629, 2548, 2573, 1314, 1971, 923, 844, 2577, 733, 1563, 2268, 1913, 2098, 657, 1074, 113, 1545, 1619, 897, 379, 1932, 448, 2058, 1838, 2749, 2710, 2012, 2389, 722, 1797, 2024, 1764, 2449, 2110, 1985, 161, 732, 202, 1014, 243, 1447, 1368, 651, 126, 619, 2801, 1299, 1382, 2590, 2616, 1853, 853, 2348, 1029, 246, 259, 2622, 786, 1261, 1190, 207, 319, 2085, 1968, 2116, 2714, 2158, 738, 1624, 2725, 105, 1049, 1746, 2448, 1677, 142, 775, 242, 2437, 1205, 813, 2155, 1089, 75, 2226, 1479, 2168, 1327, 1723, 1805, 9, 1360, 1984, 1620, 1397, 1958, 286, 1784, 2361, 2084, 376, 2369, 333, 1186, 2146, 2082, 680, 1686, 624, 1177, 601, 788, 1386, 955, 137, 954, 1639, 1536, 2208, 2037, 2154, 1398, 2076, 1513, 1227, 1625, 938, 46, 359, 933, 1110, 2438, 554, 1493, 1907, 485, 875, 1418, 394, 1034, 2021, 1208, 1115, 2330, 2581, 2600, 834, 926, 1335, 1139, 1547, 2005, 1452, 2659, 165, 2462, 1078, 606, 806, 1021, 1575, 2697, 1739, 1845, 2114, 2793, 2676, 1039, 2079, 421, 2322, 2707, 537, 2275, 755, 900, 125, 1354, 1606, 452, 2431, 1543, 2523, 539, 1456, 2434, 2274, 2051, 2426, 1997, 187, 2767, 908, 2657, 1894, 1918, 65, 543, 2251, 1840, 2280, 1743, 148, 351, 1118, 2190, 2555, 1713, 2643, 2596, 1410, 1792, 1381, 2761, 1524, 2063, 2412, 2083, 627, 2788, 1550, 1413, 1215, 1778, 1251, 2353, 302, 878, 1570, 2641, 504, 167, 596, 1589, 848, 2554, 215, 2075, 1233, 2522, 236, 1184, 373, 1168, 192, 987, 1950, 2192, 1990, 417, 2595, 413, 173, 2131, 2093, 849, 930, 2310, 1284, 2254, 2119, 1379, 931, 620, 311, 565, 649, 450, 307, 2748, 2333, 2538, 415, 63, 2217, 2661, 1092, 1209, 2307, 224, 1178, 2779, 609, 1759, 1409, 1414, 2720, 2461, 1708, 48, 670, 232, 2640, 564, 62, 1085, 1501, 677, 2503, 1291, 484, 2045, 2764, 572, 2649, 1923, 1126, 2014, 2703, 1873, 378, 2692, 1315, 1917, 1623, 665, 496, 1955, 1093, 2647, 2060, 1741, 959, 2017, 2022, 520, 1782, 1143, 1740, 1482, 2281, 953, 2232, 2586, 1687, 1748, 1195, 2775, 234, 1525, 1108, 176, 1358, 2182, 773, 1554, 617, 109, 1383, 1429, 1535, 1826, 465, 997, 1267, 876, 1716, 1580, 860, 1855, 1011, 540, 819, 964, 1333, 824, 118, 2694, 1274, 542, 1701, 2552, 2030, 53, 865, 525, 2644, 751, 2340, 1437, 1601, 1292, 571, 2142, 1808, 741, 67, 32, 2363, 1592, 104, 1864, 668, 2507, 2336, 2425, 1296, 1107, 139, 1721, 2305, 679, 264, 469, 2247, 846, 2782, 2794, 521, 2344, 570, 594, 1710, 2729, 1773, 1889, 800, 2001, 2681, 416, 2178, 1879, 956, 25, 1301, 1694, 1170, 973, 1801, 2096, 446, 804, 1996, 710, 2137, 2175, 1877, 1671, 2224, 2411, 2727, 2617, 2723, 1312, 1016, 101, 2525, 1229, 2227, 1129, 697, 1385, 483, 805, 2457, 2712, 170, 1471, 1598, 2170, 464, 1646, 622, 1902, 1518, 2210, 1476, 317, 1948, 2441, 1475, 2738, 1724, 1910, 2456, 1156, 2325, 2671, 2667, 827, 760, 457, 177, 27, 2770, 1236, 295, 1987, 2663, 383, 1963, 209, 2157, 2445, 2378, 1979, 1551, 791, 37, 2783, 656, 1406, 2474, 815, 736, 808, 872, 972, 178, 1343, 836, 444, 765, 39, 2203, 1768, 1, 573, 2633, 936, 1538, 1664, 2315, 412, 108, 1290, 1238, 801, 2728, 1886, 1854, 158, 2418, 1897, 2693, 856, 512, 2496, 2345, 822, 103, 322, 689, 2270, 58, 2027, 2069, 398, 2669, 1935, 563, 1843, 440, 1352, 2235, 2379, 1930, 1122, 816, 1356, 1045, 2781, 1837, 2041, 473, 377, 1572, 2033, 2535, 883, 1090, 72, 1344, 1613, 451, 393, 1872, 1622, 2395, 50, 2314, 1581, 683, 447, 1970, 1871, 2677, 1239, 313, 1544, 144, 1858, 2034, 1334, 223, 2778, 1099, 2070, 2561, 206, 119, 1102, 424, 68, 1841, 291, 1246, 1203, 1400, 2231, 2464, 1696, 1461, 2639, 2047, 2597, 1416, 968, 474, 1504, 1068, 2197, 1453, 662, 147, 2218, 1914, 518, 2589, 2374, 1486, 1152, 1022, 1031, 1915, 436, 59, 29, 16, 2592, 603, 2653, 1273, 2599, 395, 2686, 1731, 2049, 1844, 1939, 833, 1516, 1174, 212, 1659, 2349, 2510, 1374, 2328, 2145, 1899, 2630, 293, 419, 1051, 1132, 937, 2587, 1676, 225, 2316, 1466, 777, 982, 310, 472, 1425, 643, 1751, 682, 445, 342, 1769, 1295, 2583, 31, 2329, 268, 2726, 2200, 1720, 1366, 1279, 2509, 2258, 1384, 802, 2196, 608, 331, 1285, 423, 1253, 2607, 2744, 2097, 73, 593, 155, 1498, 1155, 1091, 1454, 1127, 2468, 2685, 2335, 1145, 615, 133, 1311, 621, 717, 2161, 1252, 164, 1032, 479, 1151, 182, 1201, 2317, 516, 2299, 877, 721, 1813, 2186, 1811, 2528, 1044, 2637, 381, 1878, 1361, 2494, 2743, 2500, 1317, 1621, 1628, 343, 41, 203, 971, 1537, 1320, 1966, 64, 1600, 1329, 320, 1331, 292, 497, 707, 1633, 1053, 2574, 2508, 1806, 898, 66, 1160, 2249, 1682, 1658, 289, 2410, 2052, 1765, 1617, 685, 2787, 2334, 2077, 2505, 1757, 297, 1325, 1026, 1823, 612, 1585, 1508, 2404, 174, 1324, 581, 305, 1245, 522, 1553, 2236, 850, 2403, 1424, 2543, 2489, 774, 24, 1680, 1660, 517, 279, 1602, 346, 1010, 994, 1306, 2800, 613, 285, 1943, 1060, 314, 40, 2772, 117, 2074, 403, 1949, 713, 912, 1737, 1430, 1387, 1376, 260, 941, 2751, 188, 1640, 2706, 249, 89, 2134, 2713, 2544, 1807, 44, 514, 2179, 226, 1548, 1527, 2534, 386, 361, 2180, 1000, 845, 1332, 1377, 1726, 1144, 1302, 1582, 323, 2430, 216, 711, 2035, 1953, 644, 891, 1067, 1526, 917, 138, 1460, 2741, 47, 1890, 273, 1597, 1836, 772, 727, 992, 1571, 785, 1462, 1058, 1908, 13, 2731, 986, 913, 976, 1496, 2690, 251, 1307, 2527, 604, 746, 1638, 1169, 2321, 519, 1076, 2312, 2373, 1388, 122, 2399, 847, 965, 2366, 1951, 2452, 1994, 2259, 230, 401, 2089, 2266, 296, 1920, 2156, 1849, 2010, 280, 12, 2276, 1240, 49, 1882, 1322, 2162, 2080, 2495, 2688, 1199, 2263, 1688, 2327, 83, 1959, 759, 2233, 1495, 948, 842, 960, 1399, 753, 1919, 282, 2746, 2125, 1128, 2205, 85, 1738, 1012, 1066, 1055, 1113, 1906, 1992, 1695, 190, 2225, 1865, 2763, 837, 1179, 1993, 1531, 2470, 647, 283, 852, 1506, 1120, 700, 1729, 2539, 1153, 256, 1084, 2375, 2283, 98, 2453, 720, 636, 1800, 1137, 2144, 1850, 329, 2485, 528, 909, 1194, 1248, 623, 227, 1340, 861, 1206, 141, 1269, 832, 2754, 1610, 1936, 1674, 1608, 2569, 2009, 235, 2090, 2541, 984, 1183, 35, 828, 667, 271, 490, 2292, 38, 364, 2285, 1596, 892, 2255, 2385, 2331, 2480, 1977, 1714, 1140, 790, 2664, 1094, 2358, 2324, 2565, 362, 1863, 2240, 2444, 764, 1839, 577, 2078, 2572, 1804, 737, 949, 2206, 1293, 562, 576, 618, 1912, 2199, 1061, 1370, 23, 2473, 2118, 1079, 306, 2756, 2736, 90, 2212, 1444, 468, 2309, 154, 1351, 1728, 1087, 2784, 1874, 533, 1818, 1336, 2701, 1534, 2007, 1523, 2126, 1755, 2039, 1150, 2678, 2166, 1348, 867, 1173, 2004, 1528, 530, 94, 2143, 1181, 2219, 825, 438, 2721, 963, 588, 1981, 1423, 567, 382, 1973, 1998, 2608, 391, 1725, 1851, 460, 2687, 186, 151, 2717, 2484, 2031, 1316, 831, 6, 1898, 628, 1934, 1876, 2521, 191, 1847, 1188, 2606, 1355, 2124, 1112, 253, 1567, 1167, 131, 1986, 1266, 1048, 43, 508, 345, 1705, 30, 1109, 1166, 2313, 1717, 337, 1675, 1522, 1668, 605, 1829, 2008, 244, 2362, 969, 2564, 1330, 433, 1692, 1753, 730, 2739, 1441, 1820, 1339, 228, 54, 489, 1442, 702, 159, 598, 1111, 1412, 204, 156, 1875, 527, 1449, 1667, 2733, 1308, 2532, 185, 1859, 506, 55, 2042, 2174, 2791, 2530, 1489, 1819, 1480, 19, 561, 2776, 2406, 1745, 920, 940, 1318, 111, 1196, 896, 1663, 2297, 1577, 1777, 2417, 895, 2605, 2698, 758, 1635, 1669, 2020, 370, 2674, 2357, 1673, 411, 2287, 2798, 222, 1566, 2416, 2120, 507, 1565, 467, 1289, 873, 1636, 858, 231, 1434, 2579, 1573, 140, 2665, 557, 660, 2222, 2282, 2290, 1588, 974, 2408, 2439, 1933, 82, 1860, 1672, 189, 86, 2067, 1927, 2386, 1404, 1280, 1595, 550, 2019, 2766, 1407, 811, 2354, 2347, 1244, 2620, 2241, 1517, 2560, 238, 502, 1499, 136, 1483, 1852, 388, 2666, 2471, 750, 414, 919, 958, 2291, 2279, 771, 2458, 1730, 2278, 1831, 1552, 2618, 547, 534, 2513, 1025, 2673, 1474, 2398, 754, 1690, 2213, 580, 422, 2436, 2724, 2629, 2421, 1689, 1972, 943, 2248, 262, 1655, 821, 1367, 1463, 1612, 252, 1825, 1192, 143, 600, 208, 1157, 1867, 102, 4, 1776, 2615, 1761, 1161, 2575, 1718, 1546, 475, 980, 1214, 2684, 2176, 336, 1946, 2454, 587, 569, 501, 2370, 1278, 1303, 1512, 1255, 2346, 778, 671, 1217, 257, 1510, 326, 650, 681, 1651, 2188, 430, 2797, 429, 1228, 459, 2547, 149, 2747, 2264, 1796, 2785, 2302, 1373, 278, 1162, 1263, 1372, 2656, 672, 1391, 2163, 1649, 1928, 1005, 566, 2094, 1947, 1576, 2619, 723, 692, 1722, 962, 2260, 2053, 1047, 340, 1204, 1337, 694, 2591, 2497, 2252, 966, 494, 2683, 714, 1862, 316, 669, 1942, 2501, 288, 602, 640, 1905, 2048, 1760, 782, 358, 2239, 197, 146, 1394, 2152, 1583, 2360, 1960, 2209, 706, 1821, 2486, 838, 441, 2311, 2769, 2604, 2015, 1555, 2478, 1237, 835, 2377, 868, 1616, 645, 1924, 2234, 2323, 1216, 884, 812, 1774, 1130, 2237, 2112, 616, 1211, 71, 762, 169, 28, 2133, 784, 367, 2570, 2422, 1709, 807, 2277, 1154, 558, 1856, 2526, 2303, 531, 2100, 1403, 1605, 2488, 939, 1420, 952, 687, 1455, 2414, 123, 1810, 1146, 290, 2642, 515, 2006, 2238, 1323, 854, 2092, 2000, 153, 462, 1138, 2059, 2409, 2318, 1780, 2691, 2506, 1133, 654, 1485, 946, 1558, 1974, 797, 309, 2469, 914, 2121, 2512, 1752, 1767, 1411, 1200, 1069, 2367, 495, 217, 115, 2135, 1083, 646, 2757, 179, 1900, 1487, 1256, 638, 442, 80, 1259, 466, 2601, 1700, 1054, 2792, 2365, 688, 402, 491, 1469, 2025, 1964, 84, 2593, 1642, 885, 2099, 1350, 2588, 893, 796, 2774, 739, 2545, 2288, 2790, 360, 787, 1574, 1243, 2050, 2267, 2459, 1165, 2071, 552, 2709, 1357, 664, 409, 1715, 74, 2777, 1557, 339, 79, 2228, 2753, 2038, 2301, 981, 1591, 2296, 426, 1787, 1956, 1904, 2057, 2722, 1883, 904, 267, 1827, 2491, 1643, 1270, 2517, 859, 1445, 1338, 404, 1564, 2708, 1347, 1401, 2337, 1304, 1903, 2537, 1869, 661, 145, 384, 1809, 814, 535, 2742, 390, 2128, 2758, 237, 575, 2502, 1446, 2795, 1678, 2204, 2520, 1042, 97, 2719, 2648, 712, 2095, 221, 51, 341, 163, 1704, 1062, 1038, 70, 87, 2064, 2549, 1230, 1868, 767, 2612, 1975, 1459, 1396, 905, 1004, 2230, 1426, 2177, 350, 756, 1015, 513, 1789, 1123, 1176, 1832, 134, 889, 1539, 284, 1707, 2559, 397, 1250, 1644, 2220, 1439, 33, 2516, 1002, 2198, 2423, 312, 676, 281, 2244, 198, 233, 2680, 183, 2740, 1080, 559, 2483, 890, 1799, 449, 214, 630, 2207, 957, 653, 1395, 947, 510, 2433, 2650, 1542, 2705, 258, 2568, 355, 2542, 1465, 745, 1562, 879, 744, 1448, 2153, 1885, 2628, 1283, 862, 2308, 1945, 1803, 1342, 1626, 2750, 870, 374, 325, 471, 2563, 199, 1254, 368, 2136, 1634, 2138, 91, 583, 874, 2028, 652, 2482, 1142, 2576, 871, 544, 2401, 597, 1881, 298, 1095, 2413, 1063, 1467, 1438, 2566, 718, 1056, 1114, 864, 2223, 793, 1816, 1666, 1003, 1980, 2613, 56, 81, 152, 830, 2376, 523, 666, 493, 2109, 2621, 866, 2562, 799, 1071, 2187, 1105, 300, 1345, 729, 1353, 392, 1234, 369, 437, 315, 1812, 1794, 761, 1505, 2269, 2350, 780, 921, 2141, 731, 52, 2511, 250, 1684, 2675, 1481, 740, 1681, 2040, 330, 1490, 1791, 3, 1507, 2524, 1380, 2546, 555, 78, 696, 2253, 678, 2536, 2106, 2467, 1202, 2221, 366, 1584, 851, 1514, 783, 2487, 1579, 1846, 2150, 1477, 826, 21, 2407, 2066, 637, 951, 2582, 614, 1758, 128, 922, 2550, 855, 2061, 1637, 704, 2405, 1321, 551, 2632, 2105, 970, 1848, 8, 2442, 304, 2002, 418, 2326, 2091, 1802, 1159, 357, 121, 95, 1833, 220, 1281, 1389, 499, 880, 2147, 1103, 1891, 2611, 1431, 1030, 1509, 2745, 631, 1017, 1378, 195, 2088, 1925, 2113, 901, 1149, 1097, 545, 2342, 76, 1824, 2167, 655, 2172, 2498, 2261, 1375, 2062, 2380, 400, 2341, 1298, 1294, 77, 110, 1569, 2132, 1615, 1125, 798, 536, 1392, 1440, 1264, 1197, 2704, 2164, 747, 193, 1815, 2716, 439, 482, 781, 88, 595, 1742, 749, 135, 1276, 1484, 248, 1931, 1131, 45, 1954, 673, 303, 1957, 2734, 480, 2185, 701, 389, 2149, 818, 1754, 2087, 1652, 2645, 2165, 1369, 265, 1828, 1052, 2415, 675, 406, 1451, 1734, 709, 810, 967, 107, 175, 763, 2016, 2338, 975, 2271, 2634, 2614, 2115, 365, 924, 1082, 399, 795, 1685, 1050, 1735, 2443, 334, 2799, 725, 1249, 2068, 347, 327, 1104, 2735, 1464, 985, 2289, 1223, 92, 2195, 2072, 1427, 96, 659, 2752, 726, 1065, 1421, 2397, 589, 2435, 2585, 407, 1141, 2476, 1088, 1450, 1888, 639, 2463, 1603, 456, 1116, 1359, 1556, 1650, 1976, 93, 794, 335, 2381, 2359, 2117, 839, 1941, 428, 942, 1134, 2, 160, 2451, 1422, 925, 324, 1310, 789, 2055, 990, 2499, 1532, 2646, 2672, 61, 2272, 1268, 420, 1064, 486, 1163, 180, 1473, 1561, 1492, 2477, 1081, 2140, 10, 1037, 2343, 261, 991, 2390, 2514, 590, 2768, 454, 1086, 2003, 2043, 1075, 2104, 546, 2368, 2332, 2428, 817, 301, 2355, 2479, 1880, 719, 2578, 344, 1835, 1733, 1719, 2073, 2771, 2789, 1124, 1749, 1258, 20, 841, 380, 2036, 1458, 318, 1926, 2256, 1001, 11, 1185, 1468]
labeling = [25, 61, 182, 121, 114, 0, 96, 4, 145, 31, 147, 149, 83, 81, 9, 2, 64, 28, 7, 128, 189, 156, 43, 109, 86, 59, 20, 52, 117, 57, 98, 67, 50, 130, 41, 92, 37, 75, 119, 55, 88, 71, 16, 112, 94, 173, 34, 103, 45, 106, 69, 124, 168, 47, 137, 141, 180, 13, 79, 90, 1, 208, 58, 8, 62, 6, 77, 29, 60, 21, 161, 150, 82, 97, 157, 53, 175, 186, 170, 159, 144, 166, 129, 108, 154, 110, 134, 164, 191, 100, 122, 178, 196, 206, 132, 184, 203, 162, 114, 18, 4, 61, 89, 73, 59, 51, 0, 194, 78, 70, 189, 117, 27, 40, 9, 142, 36, 92, 64, 84, 11, 172, 105, 136, 32, 56, 48, 24, 182, 44, 7, 127, 17, 88, 163, 146, 115, 21, 96, 66, 113, 111, 54, 119, 80, 150, 133, 75, 58, 121, 3, 103, 139, 123, 98, 86, 109, 1, 68, 107, 148, 13, 29, 158, 90, 60, 5, 62, 22, 151, 65, 5, 18, 46, 70, 95, 51, 68, 73, 153, 185, 11, 84, 171, 27, 133, 116, 56, 101, 146, 126, 135, 54, 192, 3, 187, 39, 111, 163, 176, 30, 35, 49, 99, 139, 23, 87, 42, 148, 66, 33, 26, 93, 10, 169, 63, 102, 152, 19, 15, 200, 167, 143, 85, 72, 95, 120, 130, 140, 28, 125, 145, 74, 174, 67, 116, 65, 160, 147, 31, 2, 22, 57, 46, 138, 38, 50, 12, 171, 99, 165, 104, 141, 124, 14, 34, 101, 106, 135, 52, 94, 210, 131, 42, 76, 192, 20, 160, 76, 47, 4, 114, 0, 80, 32, 24, 8, 2, 149, 94, 118, 173, 124, 129, 168, 104, 52, 14, 158, 108, 165, 89, 96, 91, 17, 40, 121, 110, 188, 45, 190, 219, 60, 205, 198, 112, 131, 64, 12, 172, 103, 69, 170, 83, 117, 193, 155, 77, 222, 55, 115, 6, 81, 123, 213, 191, 151, 209, 8, 128, 197, 109, 4, 59, 202, 204, 149, 136, 36, 181, 153, 186, 107, 113, 220, 129, 87, 208, 25, 40, 177, 66, 27, 16, 30, 134, 9, 159, 89, 61, 156, 92, 121, 18, 118, 199, 196, 145, 180, 36, 31, 16, 25, 28, 34, 43, 54, 90, 70, 50, 215, 106, 120, 82, 162, 38, 113, 10, 156, 208, 147, 134, 194, 86, 58, 92, 20, 184, 88, 212, 203, 127, 169, 119, 182, 18, 210, 214, 41, 179, 29, 142, 78, 39, 144, 71, 75, 67, 201, 105, 216, 62, 161, 111, 100, 51, 183, 43, 211, 166, 164, 53, 11, 90, 37, 32, 73, 195, 133, 206, 98, 168, 175, 34, 84, 101, 79, 96, 44, 190, 68, 94, 64, 7, 58, 0, 56, 48, 13, 135, 126, 23, 162, 21, 82, 73, 151, 138, 111, 61, 7, 148, 93, 84, 97, 140, 17, 40, 32, 101, 206, 48, 170, 79, 66, 57, 218, 15, 35, 135, 132, 177, 0, 192, 143, 174, 77, 116, 24, 199, 22, 163, 139, 13, 59, 3, 137, 154, 150, 26, 189, 5, 80, 187, 125, 171, 114, 122, 102, 130, 85, 95, 120, 193, 38, 93, 17, 152, 138, 9, 146, 173, 49, 117, 159, 185, 196, 74, 47, 76, 89, 31, 91, 57, 192, 204, 212, 157, 42, 3, 143, 202, 61, 12, 15, 119, 1, 59, 170, 188, 36, 141, 104, 86, 63, 60, 136, 71, 4, 89, 69, 53, 51, 86, 55, 164, 126, 109, 27, 6, 129, 103, 8, 168, 42, 37, 46, 160, 134, 202, 209, 11, 1, 99, 92, 204, 75, 186, 147, 30, 158, 68, 165, 104, 128, 141, 72, 56, 107, 83, 28, 19, 118, 124, 191, 110, 172, 87, 144, 65, 81, 112, 97, 140, 70, 58, 7, 78, 148, 63, 181, 197, 60, 33, 40, 14, 136, 200, 176, 215, 167, 45, 22, 106, 108, 163, 165, 134, 0, 55, 160, 6, 66, 50, 25, 69, 16, 52, 11, 207, 155, 174, 71, 18, 142, 70, 105, 33, 14, 82, 10, 58, 132, 201, 0, 208, 166, 67, 194, 78, 25, 98, 90, 88, 39, 121, 52, 156, 178, 94, 16, 12, 149, 44, 153, 2, 188, 96, 50, 34, 131, 207, 133, 23, 195, 61, 169, 119, 20, 210, 84, 125, 182, 123, 162, 54, 41, 115, 190, 219, 132, 117, 51, 159, 10, 206, 213, 127, 43, 194, 151, 196, 32, 27, 5, 49, 103, 142, 67, 180, 198, 92, 30, 18, 185, 183, 116, 203, 2, 205, 75, 35, 8, 73, 82, 15, 178, 24, 153, 131, 98, 189, 155, 203, 112, 57, 7, 59, 21, 11, 15, 114, 100, 35, 76, 31, 5, 73, 137, 9, 157, 159, 145, 197, 173, 108, 28, 181, 64, 217, 106, 83, 48, 192, 214, 205, 179, 177, 202, 146, 77, 85, 89, 4, 93, 99, 80, 175, 17, 13, 211, 150, 171, 69, 184, 101, 111, 221, 209, 88, 31, 157, 109, 59, 90, 139, 193, 95, 135, 26, 187, 145, 124, 113, 76, 166, 105, 137, 164, 216, 16, 208, 133, 9, 37, 121, 89, 129, 39, 34, 46, 83, 74, 28, 79, 195, 100, 12, 149, 161, 86, 91, 183, 19, 103, 56, 105, 81, 95, 3, 185, 189, 71, 117, 187, 29, 46, 79, 37, 164, 199, 27, 58, 87, 152, 97, 33, 24, 12, 120, 161, 128, 140, 167, 16, 148, 143, 63, 118, 42, 74, 200, 60, 40, 182, 186, 45, 1, 66, 123, 14, 8, 126, 134, 170, 36, 55, 130, 3, 151, 147, 191, 199, 62, 204, 212, 78, 25, 27, 21, 82, 84, 29, 73, 57, 6, 107, 114, 71, 158, 144, 97, 197, 156, 19, 4, 168, 177, 68, 110, 33, 146, 141, 64, 53, 47, 91, 173, 152, 60, 125, 11, 162, 96, 54, 84, 109, 150, 64, 135, 178, 82, 75, 62, 156, 180, 104, 0, 25, 43, 158, 174, 106, 51, 138, 211, 94, 68, 7, 49, 218, 220, 132, 2, 115, 22, 47, 92, 18, 53, 121, 223, 188, 196, 163, 160, 26, 44, 13, 20, 124, 98, 136, 32, 65, 176, 102, 201, 23, 34, 46, 83, 104, 30, 0, 154, 122, 11, 38, 67, 180, 112, 116, 28, 75, 15, 50, 219, 150, 63, 17, 2, 140, 42, 118, 94, 22, 127, 103, 24, 142, 87, 138, 120, 135, 131, 165, 35, 125, 5, 111, 151, 56, 66, 93, 89, 28, 8, 101, 165, 30, 171, 15, 34, 45, 193, 122, 39, 78, 153, 190, 216, 207, 168, 142, 69, 214, 144, 184, 72, 108, 119, 86, 95, 149, 192, 9, 205, 35, 110, 61, 41, 113, 203, 210, 198, 59, 100, 90, 146, 77, 161, 159, 139, 194, 81, 215, 10, 85, 54, 141, 39, 96, 178, 222, 206, 25, 111, 129, 88, 133, 208, 109, 172, 217, 52, 56, 143, 162, 61, 145, 190, 184, 69, 123, 105, 48, 7, 5, 66, 37, 9, 86, 137, 157, 99, 80, 148, 26, 199, 126, 24, 52, 60, 13, 58, 20, 143, 80, 129, 105, 7, 17, 131, 117, 10, 186, 76, 88, 145, 48, 155, 3, 137, 84, 224, 74, 1, 157, 55, 68, 37, 173, 64, 147, 97, 166, 211, 57, 130, 183, 127, 197, 103, 164, 70, 124, 12, 79, 91, 21, 181, 29, 33, 175, 87, 169, 167, 45, 19, 6, 43, 31, 213, 24, 14, 16, 49, 134, 73, 187, 36, 8, 89, 200, 58, 71, 166, 78, 84, 112, 18, 26, 180, 126, 64, 3, 1, 114, 130, 128, 67, 107, 92, 192, 151, 174, 46, 219, 160, 14, 53, 44, 90, 96, 31, 148, 98, 217, 134, 162, 0, 28, 115, 100, 50, 196, 19, 177, 120, 170, 201, 40, 189, 82, 123, 23, 42, 59, 168, 112, 93, 102, 150, 214, 118, 99, 18, 209, 66, 62, 104, 140, 179, 185, 27, 135, 142, 163, 25, 221, 125, 106, 2, 60, 94, 152, 121, 165, 11, 129, 202, 144, 171, 53, 50, 38, 47, 4, 131, 154, 133, 138, 98, 101, 40, 119, 168, 182, 158, 115, 23, 189, 76, 28, 65, 15, 55, 34, 20, 177, 117, 82, 198, 63, 149, 63, 153, 56, 34, 15, 24, 6, 11, 4, 8, 75, 144, 32, 192, 87, 30, 151, 146, 67, 158, 81, 132, 212, 83, 156, 54, 52, 95, 122, 108, 71, 128, 137, 205, 39, 180, 216, 35, 182, 195, 193, 69, 73, 141, 114, 191, 13, 184, 161, 9, 110, 172, 49, 85, 77, 188, 159, 81, 88, 30, 116, 0, 75, 32, 186, 217, 219, 146, 70, 46, 194, 215, 5, 96, 136, 207, 17, 56, 164, 7, 10, 61, 196, 170, 204, 156, 160, 1, 35, 48, 52, 14, 72, 162, 211, 209, 54, 105, 108, 140, 37, 10, 94, 91, 23, 5, 44, 48, 215, 187, 78, 194, 223, 171, 14, 58, 3, 220, 116, 60, 97, 208, 20, 27, 126, 199, 65, 164, 218, 185, 105, 190, 16, 155, 201, 41, 222, 61, 45, 139, 135, 53, 109, 169, 47, 90, 51, 12, 103, 197, 145, 203, 123, 210, 176, 22, 174, 68, 181, 28, 107, 166, 100, 34, 26, 3, 153, 148, 79, 92, 134, 130, 151, 15, 24, 143, 220, 20, 132, 74, 65, 113, 89, 167, 42, 37, 87, 59, 69, 39, 71, 50, 126, 44, 67, 83, 139, 122, 46, 143, 217, 66, 26, 18, 0, 70, 68, 34, 174, 130, 124, 108, 24, 204, 40, 92, 55, 134, 163, 64, 167, 157, 7, 198, 80, 99, 102, 165, 206, 112, 29, 31, 160, 74, 13, 183, 89, 43, 57, 162, 149, 125, 95, 11, 117, 86, 121, 213, 9, 178, 72, 1, 147, 38, 127, 6, 138, 98, 36, 200, 171, 119, 55, 60, 63, 111, 91, 78, 48, 70, 187, 58, 115, 18, 40, 4, 46, 94, 173, 135, 137, 179, 128, 52, 124, 31, 97, 146, 157, 13, 80, 29, 2, 165, 185, 155, 183, 36, 2, 154, 17, 12, 71, 62, 87, 15, 42, 138, 94, 44, 177, 119, 100, 146, 48, 77, 152, 148, 132, 141, 103, 59, 114, 5, 81, 170, 69, 52, 189, 212, 67, 79, 110, 164, 153, 25, 106, 35, 93, 129, 101, 21, 8, 27, 180, 84, 50, 33, 192, 144, 47, 196, 76, 175, 90, 14, 12, 66, 133, 182, 82, 152, 163, 204, 104, 87, 168, 62, 92, 142, 108, 23, 140, 131, 158, 96, 10, 197, 191, 193, 7, 106, 110, 64, 69, 35, 75, 25, 0, 71, 43, 32, 73, 206, 16, 102, 168, 115, 187, 98, 23, 96, 113, 60, 105, 161, 14, 54, 58, 107, 0, 171, 83, 86, 4, 26, 10, 91, 173, 16, 159, 150, 70, 28, 179, 30, 73, 32, 65, 19, 7, 181, 3, 194, 37, 202, 63, 11, 205, 9, 166, 56, 41, 184, 122, 88, 207, 198, 136, 61, 116, 118, 85, 190, 177, 113, 203, 111, 49, 211, 201, 51, 126, 148, 146, 169, 26, 68, 209, 161, 80, 186, 213, 154, 5, 134, 150, 189, 19, 199, 86, 53, 37, 59, 28, 48, 3, 30, 57, 45, 176, 112, 181, 89, 100, 128, 151, 62, 51, 43, 145, 39, 68, 137, 149, 45, 163, 126, 71, 121, 12, 157, 178, 176, 49, 97, 104, 81, 139, 143, 134, 89, 112, 78, 215, 200, 124, 185, 29, 191, 102, 27, 210, 87, 114, 208, 40, 34, 75, 46, 24, 99, 130, 109, 147, 22, 95, 188, 183, 170, 127, 69, 120, 13, 97, 39, 138, 54, 105, 107, 17, 71, 58, 125, 123, 0, 2, 77, 172, 195, 217, 156, 168, 25, 94, 143, 35, 132, 128, 91, 114, 33, 27, 29, 11, 55, 42, 40, 31, 141, 137, 139, 74, 103, 56, 117, 2, 33, 79, 17, 77, 94, 15, 119, 153, 41, 8, 88, 172, 23, 110, 25, 47, 20, 106, 53, 155, 146, 165, 180, 196, 135, 31, 100, 193, 141, 36, 5, 64, 60, 150, 98, 21, 42, 84, 38, 129, 131, 122, 48, 93, 67, 148, 44, 160, 90, 204, 214, 144, 72, 174, 140, 151, 133, 117, 30, 57, 15, 79, 162, 192, 83, 1, 158, 153, 52, 88, 41, 59, 178, 28, 101, 184, 8, 68, 121, 10, 81, 96, 110, 208, 3, 66, 38, 135, 21, 64, 197, 12, 62, 23, 98, 124, 101, 164, 76, 13, 28, 0, 32, 10, 30, 51, 162, 85, 179, 181, 78, 168, 43, 175, 132, 189, 96, 103, 177, 211, 184, 115, 82, 70, 113, 136, 74, 125, 16, 68, 80, 66, 58, 9, 207, 190, 118, 134, 201, 169, 86, 159, 182, 92, 108, 55, 171, 167, 26, 50, 18, 216, 198, 194, 43, 20, 111, 61, 24, 164, 206, 65, 186, 37, 212, 119, 45, 149, 176, 47, 4, 147, 126, 142, 2, 181, 6, 19, 56, 203, 130, 85, 173, 104, 53, 134, 0, 152, 136, 70, 116, 112, 76, 51, 199, 14, 194, 157, 6, 63, 120, 57, 27, 61, 87, 49, 11, 4, 109, 111, 135, 185, 196, 123, 170, 59, 33, 94, 31, 192, 46, 128, 91, 154, 173, 89, 114, 116, 40, 83, 54, 44, 195, 112, 183, 156, 35, 71, 22, 77, 7, 52, 209, 107, 99, 187, 137, 105, 29, 1, 97, 180, 120, 132, 189, 63, 160, 95, 11, 135, 153, 14, 39, 32, 73, 102, 109, 185, 196, 145, 191, 93, 123, 49, 60, 179, 16, 183, 89, 58, 106, 157, 27, 54, 83, 114, 78, 67, 138, 21, 35, 188, 44, 9, 72, 129, 98, 20, 47, 133, 155, 69, 75, 205, 17, 81, 100, 138, 176, 28, 104, 131, 24, 102, 149, 56, 188, 92, 199, 202, 8, 64, 62, 119, 161, 152, 146, 67, 79, 140, 121, 10, 124, 19, 130, 172, 204, 148, 150, 127, 42, 13, 37, 178, 143, 48, 110, 15, 174, 158, 166, 34, 81, 45, 75, 182, 139, 69, 155, 115, 141, 87, 84, 100, 108, 171, 25, 3, 113, 55, 162, 129, 80, 193, 104, 91, 96, 53, 118, 207, 64, 40, 33, 28, 62, 149, 0, 66, 202, 200, 205, 74, 82, 118, 115, 43, 61, 122, 26, 34, 51, 95, 190, 6, 113, 106, 186, 125, 45, 108, 53, 3, 144, 88, 163, 193, 58, 134, 0, 21, 86, 76, 90, 169, 154, 65, 70, 179, 181, 36, 46, 2, 96, 126, 50, 5, 52, 206, 12, 38, 41, 30, 73, 27, 201, 142, 117, 32, 184, 23, 103, 101, 192, 125, 190, 136, 170, 98, 78, 61, 186, 168, 197, 133, 131, 85, 43, 17, 144, 164, 176, 8, 72, 59, 6, 195, 19, 88, 50, 10, 121, 57, 152, 94, 36, 46, 124, 31, 76, 172, 181, 102, 55, 16, 8, 35, 33, 25, 93, 60, 62, 82, 27, 41, 39, 71, 96, 14, 47, 37, 128, 52, 23, 31, 139, 74, 111, 68, 101, 1, 66, 50, 18, 121, 130, 89, 133, 64, 22, 132, 127, 97, 94, 103, 165, 135, 84, 29, 151, 11, 20, 77, 91, 63, 120, 171, 175, 80, 123, 145, 42, 7, 82, 137, 54, 93, 89, 87, 173, 147, 128, 187, 13, 167, 156, 9, 39, 159, 114, 60, 47, 153, 68, 132, 107, 71, 37, 122, 28, 119, 35, 105, 83, 178, 138, 62, 109, 26, 111, 149, 95, 70, 116, 146, 100, 40, 126, 151, 33, 65, 0, 56, 54, 21, 24, 4, 130, 92, 67, 140, 134, 90, 52, 99, 7, 81, 47, 71, 16, 58, 27, 44, 63, 97, 29, 110, 60, 12, 38, 106, 41, 14, 108, 0, 0, 0, 57, 21, 87, 59, 92, 0, 0, 0, 0, 2, 61, 34, 0, 0, 0, 0, 0, 0, 0, 0, 0, 5, 107, 98, 102, 110, 78, 0, 0, 0, 85, 69, 104, 0, 0, 0, 26, 10, 28, 105, 76, 67, 0, 0, 0, 109, 24, 12, 0, 0, 0, 0, 0, 0, 0, 0, 0, 116, 49, 90, 44, 100, 4, 0, 0, 0, 19, 86, 40, 0, 0, 0, 21, 15, 51, 72, 99, 102, 0, 0, 0, 0, 48, 129, 0, 0, 0, 0, 0, 0, 0, 0, 0, 18, 110, 104, 69, 66, 75, 0, 0, 0, 112, 27, 56, 0, 0, 0, 22, 81, 14, 3, 64, 12, 0, 0, 0, 55, 30, 118, 0, 0, 0, 0, 0, 0, 0, 0, 0, 16, 127, 34, 74, 97, 49, 0, 0, 0, 44, 53, 41, 0, 0, 0, 79, 113, 120, 77, 1, 45, 0, 0, 0, 86, 51, 48, 0, 0, 0, 0, 0, 0, 0, 0, 0, 73, 18, 75, 82, 104, 15, 0, 0, 0, 57, 42, 11, 0, 0, 0, 69, 36, 101, 49, 2, 80, 0, 0, 0, 39, 22, 5, 0, 0, 0, 0, 0, 0, 0, 0, 0, 84, 55, 74, 20, 25, 87, 0, 0, 0, 94, 46, 9]
convergência = [220, 220]

===== FIM =====
