===== RESULTADO BRKGA L(2,1) =====
Arquivo: /Users/mateuspedrosa/Documents/TCC-II/BRKGA/data/Harwell-Boeing_cleaned/cegb3306_clean.mtx

----- Execução #1 -----
[INFO] Time limit atingido: 15 minutos. Interrompido no meio de uma geração.
Tempo de execução: 900029ms
Span (lambda): 71
best_order = [2617, 2635, 492, 796, 2327, 3129, 2483, 485, 1857, 284, 951, 834, 2208, 1584, 1943, 933, 2285, 832, 662, 441, 188, 594, 473, 1786, 1232, 1198, 3266, 2870, 2751, 2961, 3305, 704, 2298, 2259, 2680, 3204, 1472, 3021, 2228, 1619, 2698, 2581, 2860, 3101, 1467, 2881, 1530, 3218, 392, 909, 3041, 716, 1686, 1183, 3056, 1063, 2940, 888, 1407, 742, 2515, 257, 251, 1700, 1013, 1488, 2052, 408, 542, 2026, 514, 786, 17, 1840, 2775, 523, 1233, 318, 131, 1147, 2444, 3208, 693, 289, 419, 1566, 337, 2489, 1156, 2028, 2127, 335, 153, 5, 2736, 1031, 2115, 711, 56, 1171, 2155, 148, 490, 1466, 147, 2442, 2935, 178, 2950, 2434, 1363, 461, 589, 3002, 2445, 1454, 1077, 2885, 2289, 3237, 1870, 1037, 1589, 425, 1869, 928, 1505, 1315, 1423, 2413, 112, 1025, 1255, 2435, 1325, 678, 2786, 2431, 1664, 22, 73, 2022, 522, 2864, 2777, 1238, 494, 1197, 2136, 3185, 2160, 757, 1866, 3196, 1216, 2588, 277, 2957, 3164, 1808, 2808, 1660, 3260, 861, 1417, 1916, 2804, 124, 1347, 2033, 239, 1265, 2561, 2764, 3255, 998, 3106, 2014, 2400, 365, 2341, 2981, 3250, 62, 246, 24, 1805, 1468, 2618, 2055, 2641, 1039, 114, 1348, 1692, 1444, 1400, 2747, 1405, 2615, 1269, 842, 1028, 3085, 3051, 1558, 1332, 1431, 1312, 531, 2149, 708, 1534, 3203, 3198, 1595, 1267, 2501, 2556, 2633, 980, 2043, 432, 2312, 1919, 152, 1017, 1335, 2102, 2826, 501, 2570, 67, 3161, 2105, 2715, 2597, 1724, 1362, 905, 2799, 1973, 273, 70, 2878, 1322, 2388, 1357, 875, 1652, 94, 1187, 2518, 1831, 1251, 2409, 1743, 535, 3262, 2355, 2272, 1820, 2980, 127, 1533, 1993, 302, 1275, 2669, 2649, 140, 2162, 1040, 1525, 453, 2240, 2321, 791, 1023, 2411, 2927, 80, 295, 2845, 1280, 1785, 2324, 252, 1594, 586, 579, 2421, 2586, 500, 3068, 226, 609, 2938, 917, 2284, 2030, 2430, 2953, 1675, 83, 1433, 117, 150, 984, 1999, 1555, 1967, 2389, 3273, 2778, 2308, 2386, 748, 2908, 1824, 123, 1744, 903, 621, 631, 2998, 1864, 1666, 2372, 3105, 46, 2679, 2278, 2572, 997, 2264, 99, 1563, 2560, 3209, 1079, 722, 934, 1531, 2705, 706, 1684, 891, 2700, 1123, 1638, 2688, 3286, 1777, 2463, 1139, 2185, 1453, 935, 656, 193, 754, 2320, 389, 2904, 2825, 2920, 2245, 698, 2929, 2441, 2578, 1633, 3060, 700, 624, 692, 129, 3077, 3300, 1144, 1763, 2761, 600, 2035, 710, 2580, 3111, 2169, 979, 384, 2045, 1728, 1577, 2853, 1034, 236, 1947, 3137, 1309, 2460, 2133, 843, 512, 2403, 2779, 3176, 1110, 1998, 764, 2752, 3216, 2182, 3037, 2384, 2093, 1988, 331, 646, 145, 2919, 2451, 3027, 1873, 860, 2583, 2053, 1544, 3011, 125, 2890, 146, 1889, 1688, 1890, 1223, 2416, 2408, 2809, 3165, 411, 451, 2256, 1462, 1539, 1296, 299, 3100, 2685, 55, 1411, 486, 509, 1862, 143, 783, 1907, 1005, 613, 577, 2314, 1838, 1529, 1812, 2397, 1094, 2121, 58, 2596, 937, 2016, 2926, 2344, 71, 2332, 2498, 355, 737, 2505, 2422, 993, 1074, 2954, 1706, 1352, 227, 2913, 889, 3169, 2675, 2189, 2754, 2151, 2798, 1975, 391, 1099, 1876, 2363, 3276, 3122, 1081, 606, 1108, 2708, 2984, 2607, 1661, 1853, 397, 3040, 349, 3303, 1528, 751, 1782, 1775, 1626, 571, 1424, 1936, 1340, 215, 219, 2088, 2744, 1850, 999, 913, 1004, 2656, 3304, 214, 2963, 2874, 1946, 690, 221, 2032, 2691, 2807, 930, 2317, 824, 460, 212, 551, 3163, 2488, 2120, 1459, 3189, 849, 713, 3302, 553, 142, 2020, 2114, 1571, 159, 1560, 923, 1620, 2184, 3289, 2737, 2966, 3199, 2173, 1480, 2964, 2425, 2639, 137, 755, 2921, 1314, 2199, 943, 550, 379, 2776, 1657, 962, 467, 2979, 2573, 2137, 1977, 3044, 418, 1554, 2818, 1484, 2652, 1989, 1052, 1214, 741, 1547, 1284, 2674, 2075, 1997, 2695, 2725, 101, 479, 107, 2250, 2767, 2996, 2525, 583, 537, 673, 1095, 69, 2161, 1765, 271, 2305, 445, 976, 502, 3064, 2551, 248, 375, 1549, 815, 206, 3136, 2145, 1511, 1258, 3049, 2624, 628, 2931, 816, 1030, 1567, 3202, 1696, 2533, 32, 2277, 360, 1843, 1493, 59, 1764, 1256, 988, 2995, 992, 574, 2095, 1124, 2479, 524, 499, 2545, 363, 2200, 1410, 1278, 886, 1915, 2621, 1855, 2360, 450, 538, 2873, 1478, 3149, 1585, 2412, 458, 539, 1760, 2258, 1771, 3287, 2544, 1833, 2670, 1609, 3201, 2462, 2959, 994, 2134, 3205, 959, 1681, 1213, 2605, 2830, 21, 552, 1073, 483, 899, 2851, 2976, 736, 1358, 517, 144, 3257, 655, 1570, 3265, 1483, 3087, 115, 3140, 1848, 2257, 2270, 2478, 2947, 1719, 2318, 3066, 2224, 136, 605, 545, 168, 1575, 1834, 1204, 1169, 3151, 3233, 1, 2563, 2443, 3248, 1338, 1361, 1841, 2944, 1006, 2936, 1075, 2249, 341, 1430, 3215, 194, 3014, 2235, 1257, 828, 1859, 2269, 1951, 2042, 1582, 2956, 2122, 3084, 1236, 2394, 848, 292, 1611, 639, 657, 1390, 2559, 3042, 189, 464, 1420, 898, 2060, 2558, 2576, 1159, 1962, 1374, 2534, 1129, 191, 362, 2917, 1932, 88, 2378, 245, 941, 2711, 3123, 1693, 1243, 794, 2724, 1757, 3008, 720, 2762, 2467, 1729, 2497, 1495, 2668, 2828, 3102, 961, 1591, 1246, 973, 2640, 1731, 1770, 566, 1695, 1903, 68, 320, 3172, 3130, 1351, 386, 2781, 3292, 110, 2107, 2056, 627, 856, 1635, 2073, 643, 2610, 859, 779, 1091, 990, 45, 826, 2627, 2092, 841, 1281, 1972, 1888, 3058, 3297, 1415, 1070, 1470, 1282, 367, 163, 1955, 3070, 1968, 2564, 1291, 3296, 950, 2504, 1904, 837, 895, 1942, 1498, 725, 1794, 2591, 1521, 2883, 436, 2078, 543, 1354, 2112, 793, 548, 728, 1503, 2519, 1663, 421, 1910, 3016, 1905, 364, 1240, 2634, 1369, 1912, 2896, 255, 1621, 1173, 322, 575, 1044, 2046, 1266, 207, 171, 76, 2541, 2788, 2164, 3026, 620, 2148, 487, 2887, 280, 1991, 2703, 1913, 2801, 2646, 165, 47, 526, 2569, 358, 2770, 2141, 1397, 1202, 3267, 3047, 880, 3160, 858, 1921, 801, 2362, 1839, 3082, 944, 2069, 1490, 3214, 98, 2265, 2765, 10, 3039, 942, 2146, 2819, 3125, 2232, 2849, 185, 1049, 1231, 103, 77, 908, 3112, 1701, 2660, 1618, 682, 2379, 293, 2140, 1172, 896, 2125, 426, 1176, 2025, 1111, 2941, 423, 3074, 2869, 1160, 854, 2034, 530, 1810, 2876, 518, 1601, 1058, 2178, 457, 3166, 1097, 1569, 2453, 658, 1896, 1559, 1845, 2110, 2419, 1089, 2194, 3171, 3114, 1816, 2196, 822, 1826, 2943, 1205, 821, 2209, 1881, 1428, 2364, 558, 309, 1878, 1732, 1326, 2841, 1432, 870, 2628, 1588, 2142, 162, 2684, 3193, 1902, 555, 3009, 926, 2276, 202, 2710, 442, 2594, 2428, 2432, 3220, 2790, 852, 3228, 254, 2210, 2948, 1827, 1068, 2367, 2023, 2584, 2274, 2405, 2490, 1036, 733, 851, 1538, 1720, 23, 2174, 975, 1193, 611, 2816, 1009, 986, 1011, 1054, 462, 1133, 2424, 1545, 3222, 2727, 1339, 1175, 2855, 1311, 2177, 199, 1792, 3013, 1956, 323, 2375, 1249, 2306, 2989, 788, 2096, 2614, 1739, 727, 2562, 1788, 2402, 2994, 771, 1356, 516, 2906, 3284, 534, 1436, 338, 1722, 53, 2294, 2242, 2186, 1561, 396, 1799, 2535, 176, 527, 1404, 1632, 1931, 1195, 1524, 440, 1668, 1024, 1899, 2080, 2554, 1102, 2997, 2603, 2059, 2248, 340, 1069, 2469, 1759, 3131, 1755, 3183, 2222, 1868, 3181, 359, 3062, 321, 1710, 2734, 1815, 417, 1507, 1318, 612, 2987, 3263, 1768, 1130, 2661, 2019, 2939, 2086, 2390, 3124, 334, 1540, 2392, 3028, 1137, 1687, 1957, 276, 1131, 2440, 2910, 924, 3146, 2834, 1756, 642, 1906, 677, 2631, 3269, 1426, 2784, 1909, 121, 2718, 3054, 2666, 2044, 1051, 3275, 1408, 897, 730, 1457, 773, 691, 2058, 3096, 1918, 967, 660, 877, 1679, 2872, 2263, 1527, 2865, 881, 1248, 1276, 763, 765, 2532, 2824, 2702, 234, 2336, 161, 1310, 902, 443, 128, 996, 2334, 449, 855, 2833, 1914, 158, 1442, 866, 133, 717, 2820, 2739, 370, 2004, 1254, 218, 3034, 2040, 982, 2296, 316, 444, 2884, 242, 1616, 556, 1733, 864, 1798, 714, 2902, 2116, 1117, 390, 35, 2832, 472, 2124, 78, 2682, 2100, 2458, 61, 3120, 1450, 2942, 1617, 549, 14, 2279, 617, 2347, 587, 503, 532, 2600, 683, 3033, 3023, 2003, 2221, 2857, 1401, 850, 810, 2846, 2074, 1884, 2343, 1553, 2395, 2195, 2858, 2863, 1806, 138, 947, 1852, 812, 767, 1966, 1163, 51, 740, 3148, 814, 591, 2587, 3231, 650, 2740, 2745, 2653, 1035, 1178, 2350, 1685, 1518, 1145, 3261, 2087, 3180, 929, 198, 2454, 484, 2566, 1107, 695, 2619, 54, 2665, 2651, 1380, 671, 1053, 2057, 305, 1796, 1435, 746, 3086, 109, 258, 573, 2297, 3270, 1908, 1406, 3225, 1285, 1613, 2450, 1783, 1342, 731, 958, 1283, 1532, 2491, 173, 3227, 718, 630, 2496, 1439, 1262, 474, 2011, 3005, 2712, 865, 204, 2686, 2616, 1678, 2713, 1148, 400, 314, 940, 1767, 893, 2992, 799, 50, 1392, 250, 2427, 2802, 482, 3145, 1680, 3, 1274, 1705, 1440, 1328, 1608, 2474, 602, 2757, 1883, 1228, 2687, 1662, 1636, 2763, 3184, 2494, 160, 2252, 1445, 468, 2844, 2716, 818, 1489, 2671, 104, 3010, 2507, 3224, 1056, 1295, 644, 2952, 2128, 1479, 466, 2047, 2084, 2190, 1846, 1461, 1548, 1487, 1610, 1940, 1830, 2774, 1750, 1704, 1353, 2742, 2741, 217, 1452, 1607, 1449, 2068, 1922, 1416, 3232, 1268, 2575, 2455, 357, 263, 2735, 3103, 2683, 9, 2063, 1801, 1067, 2197, 311, 1819, 769, 63, 1790, 768, 2267, 1120, 174, 1208, 369, 1184, 2346, 956, 723, 1800, 983, 2726, 985, 952, 2511, 2037, 489, 1230, 775, 528, 1762, 1168, 2748, 3078, 2694, 2538, 471, 2226, 562, 1867, 2593, 2038, 1860, 2612, 2843, 2041, 819, 1879, 787, 38, 3153, 1441, 3177, 2253, 699, 2760, 1937, 1520, 1499, 1730, 1443, 1637, 568, 2630, 448, 2916, 1865, 1875, 3213, 2548, 356, 329, 954, 287, 459, 1019, 1791, 1402, 3279, 1464, 2085, 437, 2286, 387, 1723, 195, 572, 2315, 186, 2738, 2891, 1414, 2719, 1600, 182, 2577, 590, 381, 637, 504, 1892, 2329, 1624, 134, 2637, 2106, 1100, 438, 744, 3157, 1219, 670, 1382, 2899, 2234, 1192, 1324, 1650, 1429, 2072, 28, 102, 2889, 2546, 156, 2831, 2732, 2099, 1007, 2867, 565, 2048, 1127, 1474, 2165, 804, 2971, 1970, 401, 772, 3281, 354, 1305, 2522, 2176, 3003, 546, 1150, 1422, 2974, 2138, 1012, 1690, 2500, 887, 72, 3268, 2396, 422, 2166, 811, 1950, 2623, 1630, 634, 2733, 2650, 1614, 2543, 2611, 2531, 2923, 1953, 853, 2568, 948, 2759, 2502, 344, 977, 2983, 1050, 2585, 1481, 3278, 3245, 3210, 795, 649, 2620, 709, 2215, 93, 2152, 1959, 2601, 738, 2354, 1882, 1836, 376, 3274, 2154, 2018, 846, 1084, 2381, 2304, 1628, 619, 2553, 374, 1105, 2472, 2475, 511, 1658, 1072, 1043, 669, 2237, 265, 90, 1287, 1643, 519, 2193, 2254, 476, 661, 2480, 1822, 2328, 2509, 1253, 2524, 1992, 2398, 1568, 2231, 0, 179, 1473, 2982, 2536, 1360, 2159, 1149, 1634, 1542, 1014, 282, 327, 2353, 1920, 1247, 2310, 578, 1960, 3291, 946, 1321, 2701, 3069, 2466, 294, 1235, 1093, 1753, 957, 1974, 701, 2811, 2283, 1858, 638, 319, 1378, 2054, 1508, 95, 2437, 2380, 2803, 366, 40, 1372, 60, 2528, 2293, 3143, 674, 1793, 1419, 836, 197, 919, 2198, 372, 2181, 871, 2484, 261, 1849, 1319, 1086, 85, 749, 1395, 2848, 694, 1572, 491, 1272, 1654, 2608, 3167, 1355, 1229, 2098, 238, 1552, 2707, 241, 1065, 2393, 3121, 229, 1045, 3254, 170, 1885, 2340, 807, 2468, 1421, 833, 2567, 1437, 1536, 1076, 3236, 201, 232, 209, 3095, 915, 780, 2104, 2385, 1579, 2077, 1465, 2842, 155, 3018, 1377, 2951, 1741, 2756, 2167, 890, 752, 122, 970, 869, 1697, 2709, 427, 2965, 48, 253, 1142, 1451, 1886, 2672, 25, 3059, 585, 1856, 520, 1313, 2696, 1300, 665, 782, 1694, 2787, 2552, 1365, 2338, 2638, 640, 2599, 1082, 2487, 2925, 1393, 739, 3134, 3190, 911, 1761, 2238, 1211, 2429, 614, 455, 3235, 1002, 1598, 3159, 3234, 1587, 1308, 981, 2150, 964, 452, 2815, 1446, 2991, 2550, 190, 244, 2423, 597, 766, 622, 1399, 1151, 439, 584, 3246, 2898, 1642, 761, 2012, 760, 688, 747, 3293, 1829, 1894, 1835, 2418, 2477, 3259, 648, 758, 1749, 1874, 900, 74, 823, 1029, 2907, 2029, 1935, 3192, 380, 1604, 3128, 916, 1509, 405, 540, 1425, 3073, 2144, 1491, 235, 330, 2914, 1979, 75, 1583, 231, 2139, 675, 3138, 1154, 166, 654, 210, 1341, 1388, 3230, 1103, 44, 965, 2547, 3081, 2643, 1721, 1114, 874, 1323, 2516, 434, 1736, 169, 2690, 1261, 2191, 906, 1738, 1702, 1413, 181, 1945, 636, 1667, 2309, 1779, 2922, 1795, 267, 2108, 1330, 2203, 2794, 2433, 3004, 1802, 2097, 2796, 1141, 353, 863, 2523, 3050, 1288, 604, 2359, 475, 3272, 2288, 2062, 2806, 2349, 1297, 3001, 2909, 2924, 2299, 216, 2295, 547, 1224, 3252, 2720, 1649, 2999, 1718, 3098, 3094, 3158, 1001, 2370, 243, 1996, 2158, 1515, 1185, 2187, 1647, 1778, 953, 2179, 3206, 395, 1982, 477, 872, 2457, 26, 308, 398, 679, 16, 1190, 1682, 2374, 2644, 561, 743, 288, 149, 1823, 1672, 1995, 686, 1727, 2051, 2657, 1241, 2261, 1226, 2123, 1041, 1143, 15, 884, 2153, 702, 1458, 2192, 2239, 403, 2280, 2901, 1603, 2886, 106, 1772, 343, 1008, 1170, 831, 536, 1699, 797, 2699, 1891, 3299, 315, 2090, 3091, 2287, 1726, 847, 1486, 2391, 3031, 1670, 2135, 300, 388, 3053, 2673, 615, 3141, 3108, 1376, 2243, 2366, 3256, 1653, 2592, 2658, 2091, 1307, 580, 2937, 3080, 685, 735, 1220, 2793, 1289, 2241, 2704, 2417, 406, 424, 1596, 1350, 2101, 3088, 3200, 830, 1645, 368, 2333, 689, 2900, 2729, 2410, 177, 1329, 1708, 2557, 734, 2008, 27, 3285, 1061, 132, 724, 312, 13, 1157, 1181, 1225, 1659, 1615, 135, 1119, 1844, 525, 2156, 1725, 2622, 2481, 1059, 1774, 1389, 402, 2903, 974, 3154, 342, 2728, 2810, 1047, 2260, 2823, 2447, 481, 2975, 2854, 2246, 167, 2126, 470, 2549, 567, 2244, 651, 2464, 2527, 1373, 2300, 921, 892, 3020, 1384, 645, 817, 1557, 667, 687, 495, 3229, 30, 1118, 2958, 3223, 2352, 3155, 3099, 291, 2678, 1003, 1640, 955, 2292, 2797, 918, 1180, 1020, 3211, 34, 1513, 2323, 3239, 413, 557, 65, 1394, 1901, 3197, 2911, 2723, 96, 2861, 111, 1944, 3126, 3301, 2094, 1194, 513, 1165, 2212, 576, 3025, 2082, 385, 196, 2452, 223, 792, 1713, 272, 1752, 1078, 2426, 1242, 286, 2420, 2609, 2361, 1317, 2897, 1735, 2415, 2836, 894, 371, 910, 3298, 2613, 247, 719, 19, 2840, 1911, 1781, 1042, 1368, 2768, 971, 2113, 1964, 307, 3152, 1758, 2266, 2880, 2201, 1522, 2821, 989, 1887, 2083, 2721, 1651, 1385, 2206, 623, 3017, 3109, 2219, 1578, 108, 2676, 3071, 936, 505, 3219, 416, 1336, 3277, 1492, 1166, 463, 1825, 3029, 2648, 1573, 66, 2218, 336, 560, 2766, 1301, 1623, 641, 2677, 3030, 431, 506, 759, 1135, 2973, 2892, 1136, 1543, 6, 2109, 1386, 840, 2211, 808, 978, 857, 2131, 2506, 2342, 3217, 1463, 1126, 1646, 873, 1383, 264, 1872, 762, 82, 1803, 2862, 867, 430, 1698, 1162, 885, 1101, 2949, 672, 352, 130, 488, 1501, 2002, 1748, 1434, 802, 2868, 3119, 1986, 3046, 879, 1161, 1917, 3258, 1396, 1523, 29, 960, 1655, 1320, 1062, 569, 1747, 3174, 1535, 2582, 1286, 2485, 361, 407, 2382, 1927, 3133, 1475, 1926, 2877, 1766, 2772, 478, 1925, 399, 139, 3048, 753, 2689, 31, 1863, 809, 1057, 394, 3264, 1517, 2103, 2275, 2335, 404, 1299, 599, 2968, 2595, 7, 333, 2822, 966, 2654, 203, 3179, 1994, 1502, 2520, 1895, 1460, 2655, 2667, 1188, 582, 2542, 3144, 969, 3065, 616, 1027, 116, 1203, 81, 2783, 1541, 1780, 1769, 2602, 2693, 3043, 2448, 1807, 3175, 2461, 629, 2493, 3097, 2001, 2970, 732, 249, 498, 2529, 939, 1880, 2358, 3092, 1000, 1381, 3036, 1851, 2071, 2642, 1644, 1716, 1933, 200, 1948, 2492, 2928, 813, 945, 2888, 544, 3093, 1746, 827, 1033, 57, 2847, 3294, 922, 382, 1712, 2387, 635, 2773, 876, 1303, 2513, 2163, 1294, 1098, 1018, 1088, 2345, 2812, 1032, 89, 2835, 3249, 2743, 2171, 2368, 2758, 1963, 912, 1797, 2365, 1022, 3253, 521, 184, 696, 274, 1703, 805, 2859, 1106, 2303, 64, 781, 2227, 1370, 770, 1264, 2879, 151, 1140, 3118, 1455, 2473, 465, 1592, 3083, 1941, 3170, 1599, 2722, 36, 377, 1026, 2753, 1090, 2875, 415, 1985, 2180, 1055, 2311, 1375, 1174, 2730, 1506, 2233, 1409, 2512, 1085, 2351, 2039, 927, 3075, 1337, 2574, 480, 1279, 2791, 1391, 707, 290, 541, 1717, 3072, 2706, 2373, 120, 1379, 2214, 1273, 2330, 2838, 1861, 1221, 1038, 1893, 1482, 777, 1984, 2805, 2404, 1206, 2439, 1125, 1605, 1676, 904, 3067, 1519, 220, 666, 2130, 647, 383, 2348, 3240, 2268, 835, 2009, 3035, 2839, 20, 1293, 157, 1447, 1153, 1316, 1217, 2449, 2537, 774, 868, 1207, 1784, 2301, 2663, 2175, 1842, 570, 1625, 2714, 1990, 1677, 2157, 1734, 664, 705, 1359, 269, 283, 301, 1551, 410, 1622, 1371, 3150, 3032, 1349, 2934, 2977, 581, 1952, 328, 303, 931, 2406, 914, 1969, 1494, 1832, 1477, 2170, 1345, 3110, 1092, 2664, 2050, 1182, 1333, 820, 668, 1773, 224, 2217, 317, 230, 2319, 1877, 2967, 2893, 2207, 1673, 1260, 729, 2438, 454, 1987, 1252, 3182, 949, 37, 610, 469, 1010, 2371, 324, 2521, 785, 2579, 296, 141, 420, 756, 721, 2459, 1928, 1015, 2216, 2837, 1949, 2307, 3022, 1934, 1671, 784, 2061, 1691, 2993, 3271, 1046, 1631, 559, 862, 1080, 1209, 745, 154, 1191, 86, 663, 2769, 2013, 2205, 2514, 1971, 803, 2436, 2290, 2331, 2183, 3188, 1550, 414, 1787, 2486, 2785, 3156, 3057, 1980, 1537, 2024, 2465, 2117, 256, 2, 825, 1683, 2313, 2795, 1327, 1958, 2510, 2647, 1227, 496, 592, 659, 878, 1740, 2036, 1900, 2168, 1837, 1586, 2530, 1981, 3187, 2119, 712, 1179, 588, 2376, 1152, 1364, 1818, 278, 259, 1776, 275, 2986, 715, 1648, 3132, 2401, 92, 208, 1387, 2356, 607, 41, 2006, 1811, 1847, 1064, 228, 2337, 1177, 2273, 1546, 433, 304, 2912, 2852, 2659, 3142, 798, 1809, 2985, 100, 2508, 1367, 920, 1580, 1496, 2625, 1270, 43, 1189, 1898, 2771, 1427, 3000, 2357, 113, 1976, 2255, 1709, 2749, 11, 1164, 1983, 564, 3207, 2251, 3295, 2988, 2316, 1104, 790, 52, 2692, 598, 680, 126, 3115, 1854, 932, 348, 1476, 42, 2281, 2499, 1087, 2089, 632, 1629, 237, 1789, 3195, 497, 2282, 3015, 339, 963, 2945, 3241, 3247, 1500, 2606, 2010, 1514, 2111, 3243, 726, 2339, 1158, 105, 2571, 510, 4, 1742, 2565, 2717, 2322, 1331, 1597, 991, 533, 776, 1656, 2882, 1412, 2446, 2066, 907, 1828, 2918, 844, 778, 2539, 507, 2629, 1669, 806, 789, 676, 1817, 995, 2399, 1237, 1516, 595, 2271, 901, 2850, 345, 1113, 1398, 3221, 1128, 2792, 393, 435, 211, 1961, 3117, 2456, 515, 554, 18, 2750, 1751, 2070, 2755, 1639, 2969, 1239, 2262, 180, 2067, 2326, 49, 1346, 1121, 306, 8, 325, 1021, 1714, 298, 2697, 1871, 1343, 1574, 3038, 529, 1564, 2632, 2064, 205, 2866, 1497, 1689, 3212, 2871, 172, 1593, 2325, 1526, 2894, 268, 2503, 1954, 2590, 2377, 1813, 2247, 625, 2000, 750, 91, 2005, 1116, 1562, 1965, 1138, 2220, 1978, 2972, 800, 626, 1210, 213, 2021, 3076, 2856, 883, 2746, 2626, 2731, 281, 2517, 1737, 39, 925, 2482, 2143, 2800, 2915, 1109, 2236, 2118, 3244, 493, 3104, 1134, 1096, 87, 3162, 2291, 2681, 1222, 2955, 3191, 270, 3173, 1939, 1155, 3251, 603, 1576, 1306, 1612, 2223, 297, 2827, 1200, 2789, 1199, 2076, 652, 1298, 3079, 1674, 3116, 3063, 596, 1745, 1924, 2081, 2895, 3283, 987, 84, 2407, 12, 1071, 2204, 3055, 968, 2188, 266, 3139, 681, 2555, 1602, 1290, 2229, 2946, 3024, 2172, 703, 3186, 2007, 2978, 279, 2414, 1403, 175, 618, 1814, 3194, 2930, 3127, 2782, 1504, 1167, 2017, 593, 1245, 2780, 2598, 2662, 1048, 347, 633, 1250, 1929, 1565, 2031, 79, 3045, 1938, 3178, 1641, 225, 1930, 684, 1212, 2049, 829, 2015, 1122, 187, 1304, 2065, 3012, 3006, 183, 260, 1581, 1512, 3007, 1201, 2645, 3147, 2129, 608, 1132, 1186, 3113, 508, 1469, 1448, 1366, 351, 1418, 1510, 310, 1115, 1196, 3238, 373, 838, 412, 3061, 3280, 3090, 1897, 2369, 446, 1344, 3019, 1083, 2470, 233, 1234, 1112, 2905, 262, 1485, 882, 350, 3282, 1215, 601, 1438, 1804, 2302, 2817, 3290, 1066, 2202, 313, 3288, 2476, 3107, 1271, 563, 1556, 1244, 2813, 326, 1821, 447, 2383, 119, 456, 839, 2960, 1146, 3089, 1711, 346, 378, 845, 2962, 1016, 97, 428, 697, 1590, 2932, 938, 1060, 2636, 2540, 2027, 1754, 332, 3168, 653, 1277, 3135, 1707, 2147, 192, 2990, 2604, 1923, 1665, 1456, 1259, 2230, 1715, 2814, 285, 1263, 3052, 2589, 2471, 1334, 1471, 3226, 2526, 3242, 33, 429, 164, 972, 240, 1302, 2079, 222, 1606, 409, 2495, 2225, 2829, 1292, 118, 2213, 2933, 1627, 2132, 1218]
labeling = [13, 4, 22, 9, 24, 2, 15, 17, 26, 11, 6, 19, 28, 20, 7, 18, 16, 0, 29, 20, 22, 4, 0, 10, 2, 14, 16, 18, 12, 26, 24, 31, 5, 38, 28, 8, 23, 25, 13, 37, 15, 27, 34, 32, 20, 2, 0, 7, 17, 31, 11, 8, 29, 4, 19, 5, 0, 27, 7, 14, 23, 17, 2, 21, 31, 25, 29, 4, 13, 11, 6, 9, 14, 0, 17, 19, 7, 9, 12, 25, 2, 23, 21, 5, 31, 11, 24, 27, 3, 22, 21, 36, 31, 10, 2, 23, 29, 44, 8, 4, 34, 6, 27, 14, 19, 42, 40, 0, 27, 19, 16, 25, 0, 31, 3, 13, 36, 5, 45, 43, 29, 21, 23, 7, 2, 9, 32, 2, 11, 4, 30, 0, 23, 16, 21, 25, 14, 9, 18, 50, 1, 58, 12, 7, 14, 10, 12, 4, 2, 18, 8, 20, 6, 0, 22, 16, 22, 26, 17, 2, 19, 7, 15, 10, 30, 13, 24, 28, 6, 29, 23, 12, 31, 17, 19, 33, 14, 27, 2, 21, 33, 23, 21, 36, 31, 7, 20, 35, 1, 8, 26, 10, 31, 0, 4, 12, 29, 14, 13, 8, 28, 20, 6, 22, 17, 38, 2, 4, 36, 25, 0, 0, 0, 0, 0, 0, 32, 23, 14, 10, 34, 12, 40, 17, 33, 38, 6, 8, 31, 9, 29, 20, 11, 33, 13, 25, 7, 35, 16, 5, 38, 4, 2, 22, 17, 0, 4, 27, 10, 31, 25, 2, 6, 16, 14, 12, 21, 0, 22, 62, 70, 43, 73, 36, 51, 41, 68, 45, 66, 54, 67, 12, 30, 3, 48, 63, 15, 3, 25, 29, 7, 27, 23, 56, 0, 71, 47, 20, 17, 1, 21, 19, 5, 13, 10, 2, 26, 32, 30, 8, 13, 16, 0, 19, 21, 4, 65, 55, 49, 16, 72, 37, 53, 74, 35, 50, 29, 61, 0, 27, 12, 25, 14, 17, 21, 28, 30, 15, 17, 13, 26, 3, 36, 34, 6, 1, 19, 0, 9, 24, 11, 5, 12, 9, 7, 19, 36, 29, 27, 1, 33, 31, 24, 22, 38, 10, 33, 30, 22, 24, 11, 59, 15, 13, 18, 5, 28, 6, 46, 20, 8, 52, 18, 28, 16, 5, 14, 24, 57, 0, 7, 2, 9, 21, 3, 22, 8, 12, 20, 1, 12, 4, 0, 32, 30, 20, 10, 6, 24, 27, 14, 22, 47, 43, 55, 37, 45, 53, 0, 57, 38, 5, 41, 36, 0, 0, 0, 0, 0, 0, 56, 17, 29, 19, 44, 3, 0, 0, 0, 0, 0, 0, 4, 40, 32, 42, 16, 28, 22, 24, 12, 0, 6, 14, 23, 6, 46, 48, 27, 21, 12, 5, 26, 3, 30, 24, 49, 20, 15, 22, 7, 1, 19, 28, 16, 32, 21, 10, 17, 29, 26, 19, 10, 2, 16, 24, 18, 26, 31, 0, 27, 19, 17, 8, 10, 2, 13, 15, 29, 23, 4, 25, 0, 33, 6, 14, 22, 24, 23, 13, 2, 0, 11, 15, 17, 19, 21, 32, 34, 8, 29, 16, 4, 22, 0, 31, 14, 8, 12, 18, 20, 26, 3, 1, 19, 49, 27, 30, 35, 53, 28, 6, 32, 51, 29, 8, 42, 17, 20, 22, 18, 27, 0, 10, 25, 8, 36, 38, 21, 31, 12, 4, 6, 3, 32, 14, 16, 22, 4, 24, 19, 12, 10, 28, 26, 14, 2, 16, 7, 22, 59, 10, 39, 33, 18, 26, 54, 11, 37, 9, 48, 60, 24, 12, 22, 17, 6, 15, 19, 2, 13, 6, 17, 29, 0, 35, 45, 21, 25, 23, 4, 31, 11, 24, 15, 9, 4, 27, 31, 0, 15, 10, 12, 2, 20, 22, 25, 18, 70, 44, 20, 8, 47, 57, 7, 58, 69, 16, 14, 38, 3, 0, 17, 34, 5, 15, 20, 13, 15, 0, 18, 27, 9, 4, 11, 25, 2, 30, 10, 8, 6, 22, 31, 38, 22, 7, 2, 9, 13, 31, 15, 17, 0, 29, 25, 19, 66, 49, 68, 41, 35, 26, 45, 6, 27, 43, 67, 10, 2, 23, 47, 53, 8, 17, 34, 24, 22, 28, 15, 26, 5, 12, 3, 1, 20, 18, 51, 72, 9, 25, 11, 34, 36, 63, 0, 46, 7, 44, 4, 17, 9, 2, 33, 11, 21, 35, 4, 8, 23, 32, 4, 29, 2, 17, 25, 8, 37, 15, 10, 27, 20, 22, 32, 11, 30, 13, 9, 4, 13, 21, 11, 6, 0, 23, 15, 29, 13, 26, 6, 22, 27, 6, 18, 20, 4, 9, 32, 1, 25, 27, 23, 21, 29, 8, 3, 11, 19, 16, 12, 9, 30, 5, 14, 7, 24, 10, 31, 18, 33, 6, 13, 22, 15, 4, 28, 26, 0, 12, 8, 16, 14, 2, 16, 4, 2, 12, 0, 14, 27, 10, 32, 6, 19, 23, 7, 29, 31, 9, 18, 20, 13, 24, 15, 30, 17, 0, 6, 28, 19, 21, 32, 8, 11, 20, 2, 33, 4, 26, 6, 26, 20, 18, 2, 16, 0, 24, 12, 10, 36, 38, 22, 14, 4, 9, 30, 32, 31, 33, 4, 2, 25, 18, 21, 29, 15, 23, 13, 35, 14, 11, 9, 0, 20, 16, 14, 16, 10, 29, 33, 20, 12, 18, 24, 27, 22, 8, 31, 3, 37, 25, 1, 5, 28, 26, 19, 21, 6, 14, 0, 4, 16, 2, 24, 9, 17, 8, 10, 12, 3, 1, 37, 56, 21, 11, 39, 9, 28, 48, 12, 3, 30, 26, 34, 10, 47, 25, 27, 2, 19, 11, 27, 15, 21, 8, 17, 49, 13, 35, 1, 23, 6, 24, 29, 0, 2, 4, 22, 0, 31, 24, 17, 5, 12, 3, 7, 28, 20, 15, 13, 31, 2, 0, 6, 21, 15, 24, 11, 17, 9, 4, 57, 24, 15, 69, 44, 46, 43, 20, 54, 45, 29, 38, 59, 6, 21, 8, 0, 17, 29, 7, 0, 27, 20, 23, 5, 25, 18, 47, 11, 37, 17, 31, 12, 9, 14, 33, 14, 2, 0, 8, 28, 23, 20, 25, 10, 5, 12, 17, 52, 28, 64, 31, 42, 4, 27, 58, 70, 7, 53, 22, 24, 39, 29, 8, 13, 6, 35, 31, 7, 24, 13, 0, 38, 33, 11, 21, 16, 5, 37, 3, 9, 27, 29, 22, 7, 18, 24, 22, 30, 9, 20, 13, 5, 15, 11, 27, 32, 63, 23, 54, 73, 51, 34, 3, 43, 25, 68, 17, 16, 18, 11, 27, 24, 4, 4, 8, 15, 0, 23, 2, 46, 6, 33, 52, 10, 42, 27, 34, 29, 19, 31, 13, 28, 20, 9, 11, 30, 13, 26, 3, 17, 24, 5, 22, 61, 39, 58, 31, 14, 70, 13, 18, 67, 54, 30, 65, 0, 0, 0, 0, 0, 0, 62, 1, 7, 45, 40, 19, 0, 0, 0, 0, 0, 0, 57, 36, 38, 9, 55, 3, 30, 24, 22, 26, 5, 19, 56, 0, 8, 20, 10, 24, 25, 14, 10, 27, 0, 12, 47, 2, 4, 23, 21, 6, 22, 18, 20, 29, 16, 8, 28, 2, 13, 11, 32, 17, 14, 65, 22, 53, 33, 31, 34, 0, 17, 20, 63, 2, 29, 52, 27, 35, 13, 10, 14, 11, 35, 2, 0, 22, 54, 62, 6, 28, 4, 9, 20, 29, 5, 31, 33, 17, 16, 8, 6, 30, 2, 14, 32, 11, 19, 22, 28, 4, 38, 49, 40, 59, 21, 30, 23, 11, 1, 3, 62, 26, 10, 44, 0, 47, 12, 24, 23, 4, 29, 25, 8, 12, 17, 14, 58, 2, 27, 19, 21, 0, 10, 16, 6, 38, 26, 16, 2, 28, 20, 0, 11, 7, 23, 5, 30, 33, 31, 61, 29, 8, 22, 63, 11, 51, 7, 17, 19, 27, 10, 12, 42, 14, 18, 38, 20, 0, 22, 11, 9, 2, 5, 35, 53, 50, 13, 40, 41, 17, 32, 7, 25, 15, 20, 7, 16, 9, 3, 18, 12, 0, 31, 26, 14, 24, 46, 34, 6, 36, 30, 3, 7, 35, 12, 22, 18, 44, 1, 33, 50, 5, 13, 28, 8, 14, 4, 20, 18, 34, 48, 32, 45, 0, 2, 29, 0, 0, 0, 0, 0, 0, 16, 1, 6, 26, 22, 11, 7, 5, 63, 41, 71, 67, 42, 10, 45, 51, 26, 39, 8, 46, 29, 27, 23, 49, 4, 33, 9, 24, 20, 22, 44, 52, 14, 30, 0, 48, 6, 18, 26, 11, 28, 2, 33, 25, 3, 19, 21, 35, 10, 5, 17, 1, 13, 27, 7, 4, 27, 23, 15, 9, 13, 0, 34, 18, 11, 20, 40, 2, 13, 50, 34, 66, 24, 38, 22, 3, 28, 6, 42, 16, 4, 37, 60, 32, 13, 21, 8, 23, 2, 15, 44, 51, 59, 17, 5, 41, 19, 6, 0, 25, 30, 11, 21, 10, 27, 12, 6, 25, 14, 23, 2, 0, 4, 35, 19, 75, 1, 46, 36, 61, 64, 62, 20, 33, 18, 43, 28, 2, 0, 38, 26, 4, 0, 16, 13, 18, 20, 5, 27, 7, 30, 34, 9, 25, 33, 24, 31, 10, 36, 3, 18, 6, 9, 16, 25, 2, 40, 30, 36, 28, 38, 32, 29, 65, 37, 21, 48, 56, 22, 3, 69, 24, 17, 10, 0, 7, 15, 4, 2, 39, 22, 32, 15, 6, 20, 27, 30, 38, 9, 18, 40, 12, 33, 16, 52, 50, 42, 28, 11, 5, 41, 31, 1, 13, 7, 15, 33, 3, 28, 36, 0, 7, 21, 15, 9, 4, 14, 19, 24, 6, 26, 4, 17, 10, 22, 29, 8, 12, 0, 10, 34, 24, 13, 4, 38, 11, 16, 36, 2, 0, 21, 26, 19, 24, 17, 9, 68, 47, 43, 57, 70, 25, 24, 9, 26, 13, 62, 15, 29, 31, 16, 23, 14, 0, 5, 9, 32, 14, 11, 24, 3, 41, 30, 37, 28, 35, 18, 0, 27, 7, 20, 22, 2, 14, 12, 17, 8, 4, 28, 21, 23, 19, 30, 10, 34, 54, 5, 52, 42, 56, 49, 18, 35, 40, 3, 13, 24, 22, 0, 61, 6, 39, 6, 34, 18, 31, 16, 29, 51, 4, 43, 45, 26, 23, 10, 3, 13, 24, 0, 8, 0, 15, 5, 27, 17, 25, 2, 9, 23, 11, 7, 19, 57, 48, 1, 25, 44, 59, 21, 19, 10, 62, 28, 38, 13, 49, 34, 32, 36, 63, 25, 29, 21, 3, 12, 19, 6, 27, 0, 35, 33, 31, 1, 5, 17, 7, 9, 15, 20, 18, 9, 25, 15, 5, 22, 13, 28, 0, 2, 34, 60, 58, 42, 40, 26, 64, 31, 28, 35, 19, 24, 13, 33, 7, 3, 30, 27, 1, 19, 16, 55, 36, 32, 61, 23, 15, 37, 51, 41, 8, 42, 1, 35, 25, 40, 38, 4, 17, 19, 2, 0, 37, 27, 43, 29, 31, 24, 34, 6, 25, 15, 30, 12, 8, 9, 7, 15, 17, 19, 0, 13, 29, 3, 34, 5, 31, 3, 29, 31, 12, 10, 27, 24, 14, 1, 33, 20, 22, 10, 56, 26, 30, 71, 48, 28, 4, 62, 9, 17, 49, 31, 58, 8, 18, 1, 16, 28, 7, 26, 14, 17, 30, 11, 32, 5, 57, 20, 2, 34, 4, 24, 0, 22, 12, 15, 24, 8, 22, 6, 17, 4, 13, 11, 2, 0, 34, 59, 12, 50, 41, 15, 67, 21, 29, 61, 19, 42, 27, 11, 14, 20, 22, 4, 0, 0, 21, 2, 28, 19, 25, 5, 36, 34, 10, 30, 23, 14, 6, 8, 12, 17, 4, 23, 15, 3, 29, 11, 13, 21, 9, 5, 25, 19, 7, 44, 26, 35, 74, 71, 60, 46, 37, 48, 59, 69, 25, 0, 0, 0, 0, 0, 0, 70, 68, 28, 49, 17, 2, 0, 0, 0, 0, 0, 0, 27, 9, 33, 29, 42, 13, 15, 17, 31, 19, 21, 35, 4, 34, 32, 47, 11, 0, 10, 17, 12, 22, 5, 0, 15, 3, 41, 8, 50, 30, 32, 34, 19, 37, 29, 27, 23, 28, 3, 5, 25, 7, 39, 7, 60, 50, 45, 18, 16, 13, 48, 46, 36, 25, 24, 42, 40, 49, 27, 30, 28, 12, 14, 21, 5, 33, 17, 41, 26, 23, 19, 31, 3, 10, 24, 7, 1, 30, 3, 28, 9, 31, 16, 5, 13, 11, 25, 19, 21, 23, 32, 37, 20, 9, 28, 15, 21, 33, 39, 62, 55, 41, 1, 14, 26, 7, 18, 24, 13, 10, 2, 19, 17, 15, 56, 58, 42, 45, 25, 8, 29, 26, 22, 5, 7, 0, 17, 15, 5, 21, 7, 19, 24, 28, 11, 13, 1, 9, 16, 71, 52, 54, 23, 4, 49, 11, 24, 47, 37, 31, 26, 39, 0, 53, 32, 3, 11, 7, 13, 16, 9, 30, 22, 48, 5, 2, 25, 58, 66, 62, 17, 10, 21, 38, 18, 3, 27, 0, 20, 34, 65, 58, 73, 12, 21, 53, 1, 10, 27, 36, 22, 20, 17, 38, 25, 5, 7, 42, 7, 3, 22, 5, 19, 28, 24, 0, 37, 41, 30, 26, 1, 13, 10, 25, 15, 17, 10, 23, 33, 1, 31, 27, 36, 12, 14, 29, 19, 16, 11, 30, 32, 13, 3, 34, 7, 1, 21, 26, 36, 5, 39, 52, 54, 45, 23, 35, 19, 29, 40, 9, 16, 50, 68, 20, 66, 63, 33, 58, 0, 6, 8, 18, 16, 29, 46, 11, 59, 48, 41, 21, 23, 14, 10, 25, 4, 27, 2, 17, 0, 25, 28, 12, 7, 21, 15, 5, 23, 19, 47, 53, 8, 57, 32, 55, 56, 1, 34, 64, 27, 10, 0, 42, 26, 31, 33, 36, 5, 11, 9, 0, 30, 26, 43, 24, 3, 13, 35, 28, 54, 23, 20, 66, 6, 63, 21, 49, 9, 7, 2, 25, 23, 30, 33, 17, 5, 0, 10, 18, 12, 1, 34, 45, 27, 19, 4, 21, 9, 11, 0, 16, 24, 41, 46, 33, 19, 7, 14, 23, 2, 21, 17, 30, 1, 35, 7, 13, 28, 12, 14, 26, 10, 3, 66, 55, 11, 74, 72, 2, 46, 41, 58, 60, 17, 53, 8, 25, 3, 52, 15, 54, 18, 1, 24, 11, 6, 26, 16, 9, 48, 20, 14, 42, 22, 15, 8, 3, 29, 31, 24, 13, 7, 18, 9, 4, 1, 28, 21, 11, 26, 33, 47, 69, 12, 65, 50, 30, 46, 61, 18, 20, 41, 39, 22, 52, 2, 16, 0, 40, 3, 5, 13, 28, 17, 25, 11, 19, 21, 9, 23, 51, 1, 30, 15, 7, 22, 10, 27, 29, 15, 9, 23, 11, 4, 0, 35, 25, 2, 6, 45, 29, 56, 8, 14, 43, 23, 12, 46, 25, 15, 32, 13, 7, 17, 21, 3, 5, 70, 47, 68, 63, 33, 14, 6, 21, 4, 8, 57, 34, 45, 54, 23, 9, 41, 16, 14, 16, 27, 23, 4, 25, 7, 53, 10, 1, 40, 55, 18, 2, 21, 12, 31, 36, 11, 25, 6, 14, 34, 20, 9, 4, 16, 23, 27, 1, 13, 18, 27, 16, 3, 0, 5, 7, 24, 20, 9, 29, 37, 25, 13, 72, 43, 3, 39, 56, 12, 2, 46, 36, 50, 10, 48, 6, 44, 35, 16, 0, 10, 18, 2, 6, 33, 47, 8, 28, 14, 4, 31, 25, 22, 27, 29, 13, 10, 4, 6, 8, 18, 22, 13, 24, 36, 1, 20, 15, 18, 16, 40, 45, 38, 51, 43, 14, 39, 36, 31, 56, 0, 0, 0, 0, 0, 0, 32, 17, 27, 53, 34, 41, 0, 0, 0, 0, 0, 0, 50, 26, 15, 33, 3, 52, 6, 0, 23, 8, 10, 21, 8, 22, 1, 61, 54, 20, 14, 12, 6, 23, 2, 0, 55, 37, 25, 35, 46, 21, 36, 10, 34, 8, 18, 29, 4, 19, 14, 27, 12, 2, 38, 0, 5, 35, 44, 22, 53, 40, 17, 57, 61, 19, 18, 48, 30, 28, 50, 3, 9, 0, 27, 16, 21, 5, 7, 2, 47, 29, 39, 49, 11, 25, 23, 3, 19, 13, 6, 14, 18, 27, 4, 16, 20, 29, 9, 12, 31, 24, 67, 36, 34, 63, 27, 6, 20, 33, 40, 51, 18, 12, 22, 25, 11, 2, 0, 66, 15, 21, 10, 5, 17, 19, 3, 53, 24, 7, 64, 55, 35, 19, 41, 65, 1, 50, 2, 23, 13, 8, 32, 0, 61, 49, 18, 51, 31, 28, 29, 33, 56, 7, 40, 63, 6, 8, 23, 38, 45, 36, 7, 5, 21, 9, 27, 25, 46, 48, 35, 37, 0, 2, 1, 3, 23, 12, 14, 18, 20, 28, 9, 14, 36, 4, 22, 30, 33, 0, 6, 25, 0, 31, 25, 15, 29, 18, 23, 8, 10, 21, 5, 12, 62, 22, 60, 65, 30, 70, 44, 47, 34, 1, 17, 3, 0, 2, 43, 12, 41, 14, 8, 25, 0, 15, 2, 30, 13, 36, 42, 33, 28, 40, 48, 58, 11, 5, 71, 29, 21, 27, 4, 38, 32, 16, 1, 6, 25, 14, 30, 35, 33, 25, 17, 30, 7, 9, 14, 26, 28, 22, 4, 2, 0, 18, 8, 34, 6, 10, 12, 10, 6, 21, 19, 23, 30, 32, 24, 11, 20, 16, 12, 3, 10, 19, 17, 8, 75, 24, 71, 13, 59, 32, 53, 15, 17, 49, 1, 42, 26, 18, 2, 12, 34, 23, 22, 14, 0, 32, 16, 9, 5, 30, 11, 19, 3, 27, 20, 2, 24, 12, 18, 6, 20, 5, 25, 16, 0, 14, 32, 34, 36, 41, 7, 23, 44, 38, 58, 48, 31, 60, 6, 47, 11, 26, 4, 30, 12, 22, 33, 3, 18, 39, 42, 26, 73, 15, 11, 20, 43, 37, 45, 41, 16, 10, 27, 3, 34, 13, 36, 44, 32, 2, 11, 30, 5, 20, 0, 18, 25, 23, 14, 28, 37, 9, 17, 35, 7, 27, 22, 5, 9, 24, 18, 2, 31, 16, 36, 0, 39, 11, 3, 5, 0, 23, 15, 25, 20, 7, 36, 13, 9, 11, 24, 68, 74, 19, 9, 7, 44, 42, 13, 62, 60, 23, 0, 0, 0, 0, 0, 0, 29, 17, 4, 33, 1, 49, 0, 0, 0, 0, 0, 0, 61, 63, 8, 18, 40, 3, 33, 14, 5, 29, 10, 21, 48, 64, 52, 0, 55, 5, 25, 16, 9, 1, 13, 22, 54, 51, 58, 39, 20, 56, 27, 5, 30, 11, 7, 3, 7, 27, 0, 31, 19, 12, 62, 21, 46, 8, 79, 56, 26, 75, 4, 68, 10, 29, 7, 43, 20, 38, 13, 30, 8, 22, 0, 18, 12, 20, 35, 14, 5, 31, 37, 3, 28, 74, 52, 42, 9, 54, 10, 4, 16, 6, 24, 26, 76, 54, 64, 66, 52, 39, 25, 41, 29, 33, 14, 4, 17, 27, 43, 10, 8, 47, 17, 23, 25, 3, 7, 30, 20, 38, 44, 42, 36, 28, 37, 46, 15, 26, 35, 31, 34, 48, 32, 0, 18, 24, 36, 29, 26, 39, 8, 4, 23, 47, 2, 25, 38, 16, 20, 10, 6, 27, 8, 2, 36, 4, 33, 12, 14, 17, 27, 10, 15, 13, 5, 0, 26, 9, 1, 7, 17, 19, 38, 4, 21, 14, 12, 28, 15, 22, 0, 13, 25, 18, 16, 12, 22, 10, 20, 1, 77, 70, 65, 16, 40, 72, 21, 14, 46, 37, 2, 35, 5, 11, 31, 15, 13, 3, 2, 22, 50, 57, 6, 12, 43, 53, 59, 41, 28, 21, 0, 0, 0, 0, 0, 0, 24, 47, 36, 32, 58, 34, 0, 0, 0, 0, 0, 0, 39, 37, 35, 3, 55, 42, 20, 24, 31, 26, 28, 14, 38, 54, 14, 52, 5, 56, 24, 31, 18, 0, 28, 10, 49, 40, 4, 26, 7, 16, 51, 23, 0, 25, 33, 27, 12, 34, 22, 2, 14, 8, 0, 16, 12, 7, 18, 9, 63, 61, 30, 45, 9, 19, 38, 4, 36, 20, 6, 29, 25, 27, 5, 3, 23, 21, 11, 48, 17, 13, 15, 1]
convergência = [74, 74, 74, 74, 73, 72, 72, 72, 72, 72, 72, 72, 72, 72, 72, 71, 71, 71, 71, 71, 71, 71, 71, 71, 71, 71, 71, 71, 71, 71, 71, 71, 71, 71, 71, 71, 71, 71, 71, 71, 71]

===== FIM =====
