===== RESULTADO BRKGA L(2,1) =====
Arquivo: /Users/mateuspedrosa/Documents/TCC-II/BRKGA/data/Harwell-Boeing_cleaned/curtis54_clean.mtx

----- Execução #1 -----
[INFO] Parou por estagnação.
Tempo de execução: 1446ms
Span (lambda): 16
best_order = [40, 52, 29, 46, 41, 13, 44, 1, 18, 42, 35, 48, 45, 47, 25, 7, 51, 10, 14, 28, 20, 38, 31, 5, 37, 9, 4, 21, 3, 12, 27, 39, 16, 33, 19, 30, 15, 32, 8, 34, 36, 2, 53, 50, 24, 26, 17, 49, 22, 11, 0, 6, 23, 43]
labeling = [2, 0, 14, 9, 7, 5, 16, 0, 3, 1, 1, 6, 8, 0, 4, 12, 10, 5, 0, 9, 6, 3, 13, 15, 11, 1, 10, 8, 4, 0, 5, 2, 7, 11, 13, 3, 7, 1, 5, 4, 0, 2, 4, 10, 2, 6, 1, 5, 3, 11, 5, 2, 0, 9]
convergência = [16, 16, 16, 16, 16, 16, 16, 16, 16, 16, 16, 16, 16, 16, 16, 16, 16, 16, 16, 16, 16, 16, 16, 16, 16, 16, 16, 16, 16, 16, 16, 16, 16, 16, 16, 16, 16, 16, 16, 16, 16, 16, 16, 16, 16, 16, 16, 16, 16, 16, 16, 16, 16, 16, 16, 16, 16, 16, 16, 16, 16, 16, 16, 16, 16, 16, 16, 16, 16, 16, 16, 16, 16, 16, 16, 16, 16, 16, 16, 16, 16, 16, 16, 16, 16, 16, 16, 16, 16, 16, 16, 16, 16, 16, 16, 16, 16, 16, 16, 16, 16, 16, 16, 16, 16, 16, 16, 16, 16, 16, 16, 16, 16, 16, 16, 16, 16, 16, 16, 16, 16, 16, 16, 16]

===== FIM =====
