===== RESULTADO BRKGA L(2,1) =====
Arquivo: /Users/mateuspedrosa/Documents/TCC-II/BRKGA/data/Harwell-Boeing_cleaned/dwt_59_clean.mtx

----- Execução #1 -----
[INFO] Parou por estagnação.
Tempo de execução: 881ms
Span (lambda): 8
best_order = [34, 14, 22, 15, 53, 47, 26, 7, 30, 54, 46, 40, 57, 48, 41, 49, 9, 17, 4, 43, 32, 58, 36, 8, 28, 3, 0, 12, 33, 31, 2, 37, 35, 11, 25, 5, 45, 16, 1, 29, 56, 42, 6, 51, 18, 23, 10, 21, 13, 39, 24, 50, 44, 55, 38, 27, 19, 20, 52]
labeling = [1, 5, 0, 4, 2, 6, 7, 0, 4, 2, 6, 1, 5, 3, 1, 3, 5, 0, 2, 6, 7, 4, 2, 6, 8, 3, 0, 6, 1, 8, 2, 6, 1, 4, 0, 3, 0, 5, 8, 5, 2, 4, 3, 1, 7, 0, 2, 0, 5, 1, 8, 4, 7, 0, 1, 3, 3, 4, 7]
convergência = [9, 9, 8, 8, 8, 8, 8, 8, 8, 8, 8, 8, 8, 8, 8, 8, 8, 8, 8, 8, 8, 8, 8, 8, 8, 8, 8, 8, 8, 8, 8, 8, 8, 8, 8, 8, 8, 8, 8, 8, 8, 8, 8, 8, 8, 8, 8, 8, 8, 8, 8, 8, 8, 8, 8, 8, 8, 8, 8, 8, 8, 8, 8, 8, 8, 8, 8, 8, 8, 8, 8, 8, 8, 8, 8, 8, 8, 8, 8, 8, 8, 8, 8, 8, 8, 8, 8, 8, 8, 8, 8, 8, 8, 8, 8, 8, 8, 8, 8, 8, 8, 8, 8, 8, 8, 8, 8, 8, 8, 8, 8, 8, 8, 8, 8, 8, 8, 8, 8, 8, 8, 8, 8, 8, 8, 8]

===== FIM =====
