===== RESULTADO BRKGA L(2,1) =====
Arquivo: /Users/mateuspedrosa/Documents/TCC-II/BRKGA/data/Harwell-Boeing_cleaned/dwt_512_clean.mtx

----- Execução #1 -----
[INFO] Parou por estagnação.
Tempo de execução: 61312ms
Span (lambda): 21
best_order = [99, 382, 267, 175, 19, 349, 166, 417, 219, 398, 262, 480, 34, 214, 285, 204, 400, 374, 338, 62, 350, 351, 93, 451, 134, 43, 390, 91, 268, 82, 427, 270, 412, 14, 124, 312, 362, 357, 173, 255, 15, 195, 383, 313, 121, 87, 367, 67, 146, 53, 510, 453, 61, 418, 334, 24, 77, 123, 154, 224, 439, 381, 47, 484, 321, 92, 243, 318, 464, 495, 79, 291, 118, 205, 2, 311, 401, 233, 133, 482, 305, 488, 60, 375, 55, 423, 348, 358, 169, 465, 76, 203, 239, 95, 247, 182, 399, 192, 360, 293, 137, 64, 341, 266, 190, 343, 234, 4, 191, 46, 231, 90, 227, 410, 211, 6, 221, 333, 108, 295, 196, 498, 444, 407, 416, 469, 252, 430, 483, 59, 242, 315, 432, 21, 104, 413, 415, 289, 197, 392, 481, 69, 324, 213, 436, 101, 320, 460, 339, 222, 403, 41, 238, 328, 429, 94, 129, 259, 71, 280, 450, 153, 113, 424, 282, 127, 323, 155, 281, 347, 187, 500, 200, 189, 48, 80, 309, 49, 185, 385, 371, 302, 504, 457, 272, 147, 176, 441, 511, 445, 409, 286, 250, 397, 40, 167, 440, 141, 179, 244, 65, 5, 340, 501, 395, 462, 202, 329, 486, 217, 33, 455, 443, 58, 435, 126, 98, 419, 143, 152, 492, 158, 467, 422, 307, 81, 326, 241, 389, 131, 411, 139, 199, 290, 142, 177, 170, 51, 63, 306, 507, 260, 509, 466, 303, 479, 405, 496, 32, 363, 110, 378, 365, 342, 22, 237, 277, 9, 269, 249, 425, 288, 353, 294, 489, 17, 493, 434, 232, 346, 216, 396, 28, 86, 502, 11, 186, 354, 208, 115, 3, 72, 174, 120, 0, 494, 256, 499, 128, 29, 42, 16, 246, 283, 84, 12, 322, 157, 50, 107, 102, 88, 105, 117, 257, 235, 96, 172, 106, 491, 248, 212, 485, 26, 73, 345, 125, 319, 75, 402, 408, 37, 35, 130, 456, 181, 356, 404, 220, 379, 316, 261, 472, 373, 278, 336, 391, 85, 25, 431, 393, 274, 387, 332, 433, 470, 45, 263, 364, 100, 206, 314, 355, 39, 144, 226, 369, 83, 201, 160, 112, 476, 370, 145, 178, 30, 148, 1, 207, 119, 162, 366, 308, 168, 188, 458, 135, 414, 74, 194, 253, 463, 503, 57, 475, 132, 461, 159, 372, 215, 161, 229, 23, 310, 301, 31, 150, 477, 335, 18, 171, 428, 352, 265, 264, 331, 10, 376, 330, 223, 344, 156, 394, 446, 386, 406, 236, 198, 384, 66, 292, 56, 437, 68, 468, 97, 380, 111, 421, 44, 138, 136, 165, 297, 506, 183, 240, 163, 473, 151, 337, 279, 271, 116, 459, 78, 114, 452, 180, 7, 487, 471, 140, 209, 254, 361, 368, 449, 300, 230, 327, 20, 505, 442, 508, 89, 287, 438, 184, 225, 218, 317, 474, 251, 276, 38, 193, 27, 325, 228, 284, 54, 275, 454, 490, 109, 122, 359, 377, 299, 273, 258, 103, 388, 8, 448, 298, 13, 296, 36, 420, 164, 70, 245, 447, 304, 52, 426, 210, 497, 478, 149]
labeling = [0, 6, 1, 5, 2, 4, 1, 3, 5, 2, 14, 9, 11, 20, 4, 1, 7, 10, 8, 0, 17, 3, 15, 11, 1, 20, 7, 5, 16, 13, 9, 11, 6, 4, 0, 8, 2, 3, 19, 1, 12, 6, 18, 2, 21, 13, 8, 4, 12, 2, 18, 10, 21, 1, 19, 3, 17, 15, 12, 10, 8, 5, 0, 16, 9, 14, 20, 6, 0, 9, 17, 4, 14, 7, 16, 0, 4, 1, 16, 7, 11, 13, 3, 14, 19, 15, 6, 4, 12, 18, 4, 2, 7, 1, 11, 5, 10, 15, 8, 0, 2, 3, 10, 0, 8, 11, 13, 5, 9, 18, 5, 21, 17, 10, 21, 13, 18, 12, 6, 13, 7, 2, 14, 4, 0, 15, 1, 7, 9, 3, 14, 12, 5, 2, 0, 14, 1, 6, 16, 9, 17, 1, 4, 3, 5, 8, 0, 4, 10, 16, 3, 12, 8, 4, 2, 5, 15, 2, 6, 12, 1, 14, 7, 5, 15, 10, 0, 7, 10, 0, 2, 9, 1, 2, 4, 0, 3, 1, 4, 0, 3, 1, 1, 0, 3, 6, 0, 5, 8, 6, 2, 4, 0, 7, 2, 0, 3, 1, 3, 5, 0, 7, 4, 4, 1, 3, 5, 2, 0, 3, 5, 0, 5, 2, 0, 7, 2, 0, 2, 0, 4, 1, 3, 8, 0, 4, 6, 2, 0, 4, 9, 0, 2, 0, 1, 4, 4, 2, 3, 0, 3, 2, 0, 0, 0, 6, 2, 0, 4, 2, 0, 5, 1, 0, 2, 0, 2, 0, 2, 0, 2, 2, 0, 0, 0, 6, 4, 0, 2, 2, 0, 2, 0, 2, 0, 2, 0, 0, 2, 2, 0, 2, 0, 5, 3, 0, 2, 1, 4, 0, 2, 0, 2, 0, 2, 0, 2, 0, 2, 2, 0, 9, 6, 10, 5, 1, 8, 7, 17, 2, 10, 3, 0, 5, 16, 4, 13, 15, 9, 11, 10, 7, 1, 5, 3, 2, 8, 15, 0, 6, 10, 7, 12, 4, 0, 19, 14, 18, 2, 12, 14, 0, 9, 0, 15, 11, 5, 6, 2, 0, 4, 6, 16, 4, 6, 0, 13, 1, 3, 9, 5, 15, 8, 11, 9, 1, 18, 0, 20, 17, 2, 7, 4, 12, 1, 5, 14, 17, 10, 8, 17, 5, 0, 3, 19, 10, 16, 14, 16, 10, 2, 12, 2, 16, 13, 2, 14, 6, 1, 7, 0, 4, 15, 9, 12, 12, 18, 6, 3, 2, 4, 11, 1, 8, 13, 5, 6, 0, 2, 4, 14, 9, 7, 1, 3, 1, 7, 0, 10, 4, 2, 5, 0, 10, 8, 6, 3, 6, 10, 0, 8, 6, 16, 9, 0, 4, 1, 3, 5, 13, 4, 0, 11, 1, 12, 3, 3, 0, 11, 14, 8, 12, 7, 10, 0, 6, 11, 8, 20, 1, 12, 15, 9, 11, 4, 2, 0, 3, 5, 2, 0, 6, 3, 5, 0, 4, 3, 11, 2, 7, 4, 9, 5, 8, 10, 1, 9, 13, 2, 8, 4, 7, 11, 6, 0, 6, 9, 5, 2, 7, 0, 2]
convergência = [23, 23, 23, 23, 23, 23, 23, 23, 23, 23, 23, 22, 22, 22, 22, 22, 22, 22, 22, 22, 22, 22, 22, 22, 22, 22, 22, 22, 22, 21, 21, 21, 21, 21, 21, 21, 21, 21, 21, 21, 21, 21, 21, 21, 21, 21, 21, 21, 21, 21, 21, 21, 21, 21, 21, 21, 21, 21, 21, 21, 21, 21, 21, 21, 21, 21, 21, 21, 21, 21, 21, 21, 21, 21, 21, 21, 21, 21, 21, 21, 21, 21, 21, 21, 21, 21, 21, 21, 21, 21, 21, 21, 21, 21, 21, 21, 21, 21, 21, 21, 21, 21, 21, 21, 21, 21, 21, 21, 21, 21, 21, 21, 21, 21, 21, 21, 21, 21, 21, 21, 21, 21, 21, 21, 21, 21, 21, 21, 21, 21, 21, 21, 21, 21, 21, 21, 21, 21, 21, 21, 21, 21, 21, 21, 21, 21, 21, 21, 21, 21, 21, 21, 21]

===== FIM =====
