===== RESULTADO BRKGA L(2,1) =====
Arquivo: /Users/mateuspedrosa/Documents/TCC-II/BRKGA/data/Harwell-Boeing_cleaned/dwt_2680_clean.mtx

----- Execução #1 -----
[INFO] Parou por estagnação.
Tempo de execução: 404939ms
Span (lambda): 25
best_order = [1990, 1243, 199, 1016, 1162, 907, 1939, 898, 2643, 2246, 2184, 2634, 2639, 819, 2545, 1823, 1401, 481, 1262, 2352, 715, 2299, 2033, 66, 739, 2079, 2186, 1941, 989, 2046, 777, 1480, 419, 887, 219, 2377, 1824, 764, 584, 253, 2302, 412, 862, 1705, 174, 189, 1556, 250, 301, 111, 458, 142, 1121, 653, 1433, 1792, 1476, 1533, 2452, 707, 252, 1252, 875, 2417, 537, 1389, 1198, 1045, 974, 2395, 1728, 2349, 1093, 268, 467, 2403, 2266, 1871, 308, 2201, 1591, 648, 613, 1261, 1717, 744, 587, 2262, 1631, 976, 592, 1896, 223, 2202, 981, 2480, 1644, 1539, 826, 1351, 1501, 2637, 480, 2012, 1025, 655, 2261, 1716, 238, 167, 2561, 2489, 2613, 1442, 834, 1318, 729, 682, 1505, 465, 2071, 591, 1910, 1876, 1288, 1363, 1531, 2090, 1858, 963, 2437, 529, 1353, 417, 2209, 2530, 1503, 1959, 1780, 137, 1808, 698, 2656, 2479, 877, 1410, 1933, 1848, 1979, 1386, 532, 1561, 2272, 1195, 1847, 1504, 1369, 1806, 1814, 134, 1599, 2470, 51, 2134, 2041, 1898, 2205, 2285, 344, 801, 1837, 1100, 684, 2371, 1126, 2198, 1908, 878, 1432, 1774, 216, 1173, 2483, 474, 2151, 1156, 1902, 108, 2528, 303, 1911, 977, 2324, 1089, 833, 980, 1364, 1869, 1998, 1495, 1400, 582, 1969, 895, 1795, 1607, 2045, 1781, 1819, 517, 1106, 1904, 2577, 2144, 1139, 1843, 650, 1646, 1414, 734, 758, 1572, 1985, 2671, 194, 2594, 960, 748, 1349, 173, 2391, 705, 1628, 2580, 1436, 2013, 2059, 997, 2442, 1956, 1512, 2553, 861, 2332, 2174, 1271, 1169, 1600, 152, 1130, 604, 1742, 848, 1885, 2007, 1455, 1122, 2461, 2192, 1905, 334, 379, 1200, 893, 26, 1897, 57, 2074, 1134, 1816, 1086, 2196, 3, 1287, 1120, 1685, 139, 2171, 1375, 1151, 1222, 890, 599, 353, 2650, 1744, 797, 754, 60, 2538, 179, 1878, 1236, 1216, 1895, 237, 2003, 1932, 1749, 407, 1710, 99, 788, 125, 298, 228, 1311, 1063, 838, 716, 1264, 664, 566, 1566, 2290, 733, 1051, 2677, 2504, 1723, 1362, 851, 2508, 230, 1218, 1759, 309, 928, 2524, 1284, 2636, 2057, 1765, 770, 2526, 1732, 35, 58, 1461, 1109, 718, 388, 83, 691, 1467, 1304, 1294, 1447, 130, 1047, 1807, 1136, 845, 2585, 2612, 2396, 150, 1589, 1249, 520, 2384, 1849, 1767, 545, 359, 623, 1186, 2055, 61, 2179, 2193, 2507, 77, 1055, 1947, 1285, 1972, 2002, 2414, 85, 979, 1407, 1456, 2666, 975, 2248, 1835, 1487, 2503, 1371, 1471, 296, 2226, 992, 1451, 299, 972, 94, 159, 2353, 2021, 1145, 2412, 1119, 270, 697, 1029, 2195, 1352, 310, 1666, 2296, 1582, 1633, 629, 823, 986, 2312, 2065, 2358, 2564, 1062, 1536, 1143, 290, 247, 882, 2092, 2005, 1809, 2409, 1786, 2099, 669, 541, 429, 335, 144, 670, 1182, 782, 2407, 2592, 1995, 267, 2325, 2679, 2675, 2562, 614, 300, 1575, 1160, 357, 1515, 2068, 2540, 78, 2341, 1245, 1721, 1948, 1431, 637, 1567, 1263, 706, 810, 1418, 1680, 2287, 902, 2025, 2458, 1374, 984, 710, 433, 1612, 892, 1530, 2254, 2212, 756, 1443, 606, 1880, 1423, 2410, 25, 121, 2653, 2383, 2651, 1054, 49, 43, 2609, 598, 175, 1462, 1065, 1538, 608, 2317, 1077, 1560, 901, 688, 307, 2413, 162, 1272, 2571, 1214, 1107, 2112, 393, 2235, 1520, 2573, 2054, 1952, 1901, 1791, 781, 352, 2415, 440, 2081, 2145, 1926, 1618, 202, 2165, 1593, 133, 81, 2590, 114, 2078, 908, 2001, 2478, 2443, 1553, 762, 2105, 784, 1833, 2388, 1486, 1691, 2199, 453, 695, 341, 1314, 1493, 2357, 1299, 524, 2402, 325, 1768, 1453, 2066, 2053, 1323, 475, 689, 1652, 640, 627, 1838, 1207, 934, 1656, 336, 954, 502, 550, 2359, 1508, 1435, 1390, 858, 551, 117, 1038, 2051, 843, 881, 10, 415, 1360, 1799, 700, 2510, 526, 965, 1378, 2240, 1163, 883, 1133, 2487, 658, 891, 1140, 456, 542, 37, 1499, 460, 2036, 852, 1510, 2189, 1067, 1861, 1882, 2245, 813, 1579, 1347, 1472, 1251, 1915, 2103, 993, 1475, 128, 1291, 1875, 1267, 759, 2438, 1332, 234, 1348, 1516, 2484, 872, 2204, 260, 2022, 2602, 311, 178, 863, 198, 1986, 2425, 1620, 2608, 82, 95, 2208, 304, 765, 364, 1194, 693, 2596, 1298, 1692, 1859, 945, 329, 1099, 1930, 343, 961, 943, 342, 1879, 1125, 2669, 2163, 2558, 383, 2511, 1155, 1789, 2126, 2460, 1226, 366, 1033, 1877, 1884, 183, 1183, 477, 2293, 785, 158, 2457, 825, 1197, 1971, 703, 1221, 400, 1083, 1863, 2329, 1335, 1115, 0, 2257, 679, 2392, 2191, 2172, 2169, 2342, 263, 1422, 995, 2019, 2552, 1801, 1027, 2142, 879, 2268, 1275, 2034, 69, 1627, 1647, 23, 1764, 1356, 471, 258, 2372, 1967, 2640, 936, 2227, 2116, 1157, 172, 432, 1223, 2200, 255, 1546, 1279, 2555, 1945, 1940, 380, 628, 1188, 657, 75, 1793, 224, 988, 1676, 696, 113, 2228, 320, 1397, 1466, 1931, 2463, 1174, 1613, 1682, 660, 2219, 402, 873, 321, 2210, 1030, 285, 2579, 2641, 1491, 148, 1178, 93, 1840, 2549, 96, 1988, 1035, 443, 1295, 1978, 1273, 470, 2072, 1730, 2436, 53, 1571, 1525, 2137, 2381, 701, 1698, 2373, 473, 681, 2170, 870, 794, 340, 288, 910, 668, 662, 643, 1469, 2467, 56, 102, 1605, 2399, 1643, 1060, 203, 116, 2344, 2559, 735, 916, 367, 2284, 2237, 1655, 1865, 2512, 2018, 880, 1827, 2547, 2234, 800, 996, 2655, 632, 423, 1665, 722, 88, 2286, 2026, 2024, 714, 1080, 2454, 2238, 2136, 1944, 68, 2049, 2589, 956, 1437, 738, 1057, 2064, 515, 1301, 1309, 282, 2493, 165, 184, 191, 1817, 730, 1441, 2038, 2363, 449, 2040, 1445, 149, 403, 1105, 2291, 1075, 1678, 2498, 2098, 1061, 1395, 620, 1048, 1474, 1330, 1518, 2664, 672, 2536, 2445, 1452, 868, 283, 860, 894, 2672, 1919, 671, 725, 1735, 138, 1049, 2230, 793, 1117, 2000, 1845, 1555, 48, 2619, 157, 1232, 171, 926, 677, 536, 2168, 466, 915, 1439, 1733, 727, 912, 74, 1247, 2157, 1550, 2587, 721, 876, 1729, 2586, 1693, 11, 1611, 1928, 153, 67, 1668, 1703, 170, 556, 661, 554, 2075, 1408, 1147, 330, 2492, 2635, 1545, 1225, 2429, 1718, 155, 994, 499, 505, 2089, 1673, 1713, 1852, 776, 935, 2348, 1805, 2440, 1286, 302, 2173, 1818, 2251, 1103, 215, 2315, 2063, 1017, 281, 1, 33, 2469, 571, 824, 257, 2554, 405, 2280, 1544, 92, 1307, 483, 2061, 1268, 543, 2117, 1535, 265, 362, 418, 1549, 1914, 1338, 1514, 2615, 622, 2129, 1302, 2351, 2482, 2516, 328, 1257, 1893, 222, 1752, 778, 1734, 751, 1965, 1507, 2214, 1867, 218, 1260, 494, 2534, 2267, 948, 1856, 763, 1300, 1711, 2360, 2260, 2491, 101, 728, 2543, 1152, 2121, 1576, 549, 1014, 2422, 1368, 760, 574, 1166, 947, 1322, 2274, 1308, 2446, 1131, 2598, 2278, 1825, 1719, 1577, 2096, 1766, 2522, 1359, 1176, 2591, 709, 2476, 885, 381, 2449, 619, 768, 498, 338, 1532, 1266, 804, 1587, 2474, 2628, 2462, 2533, 888, 2629, 168, 1034, 2527, 512, 690, 2471, 1836, 210, 565, 249, 2279, 39, 2060, 192, 461, 1167, 846, 2448, 1559, 1950, 831, 645, 2517, 1464, 743, 2340, 1241, 220, 1327, 1953, 448, 422, 2187, 1053, 2506, 1313, 1199, 6, 621, 1250, 1617, 1255, 2331, 2364, 1460, 1044, 2426, 1193, 1707, 2152, 561, 2241, 962, 24, 1937, 2150, 1595, 1562, 1387, 958, 2366, 1529, 401, 7, 2419, 656, 2400, 699, 1592, 2379, 2032, 391, 211, 2107, 1088, 914, 557, 1202, 2525, 990, 2330, 2077, 2140, 2239, 1483, 2181, 1815, 1565, 2094, 925, 597, 1070, 1517, 1770, 62, 4, 1212, 2133, 2264, 1894, 2490, 969, 646, 2029, 1690, 540, 2023, 773, 1638, 2149, 2307, 1497, 957, 264, 594, 2083, 616, 1361, 2339, 386, 482, 1826, 392, 1548, 1007, 1534, 590, 1481, 431, 2139, 2610, 16, 434, 177, 1064, 1228, 90, 2118, 674, 1283, 397, 1478, 1457, 837, 314, 1290, 1991, 1265, 98, 1684, 1128, 2311, 534, 72, 1066, 1929, 145, 2304, 1616, 841, 1413, 991, 1415, 115, 1095, 1484, 399, 390, 531, 396, 225, 1376, 525, 931, 652, 394, 1404, 489, 687, 1629, 752, 737, 2231, 736, 818, 638, 1073, 2678, 227, 1150, 86, 941, 1701, 636, 1822, 2393, 1312, 360, 1583, 930, 2532, 1828, 193, 1812, 1874, 2056, 630, 1570, 1124, 1984, 2271, 272, 2132, 2646, 1955, 1725, 1446, 2113, 2178, 775, 1037, 973, 1448, 242, 384, 2313, 361, 251, 243, 1722, 1380, 2424, 2185, 1834, 1626, 1706, 552, 2595, 1211, 2106, 1096, 569, 1219, 577, 2382, 853, 2190, 1688, 371, 741, 70, 2550, 578, 231, 547, 1382, 1028, 1870, 985, 1172, 1276, 2093, 774, 503, 1832, 1005, 612, 1712, 1458, 896, 792, 675, 1949, 1001, 647, 2194, 2028, 1068, 430, 2468, 1341, 2048, 938, 244, 1540, 291, 446, 1542, 2408, 2621, 923, 2014, 1523, 1842, 1708, 241, 1641, 1489, 570, 2544, 1569, 323, 200, 256, 2367, 1354, 110, 1420, 2158, 906, 1888, 1381, 469, 1254, 424, 1921, 844, 1365, 1113, 519, 2316, 44, 2100, 1367, 998, 1907, 1527, 447, 1672, 1253, 45, 635, 1886, 1146, 1778, 2120, 1602, 1076, 839, 2431, 978, 1018, 2370, 1417, 1662, 964, 1585, 1085, 1424, 1630, 816, 2668, 1694, 2477, 1377, 2648, 1790, 495, 354, 1619, 2604, 2224, 271, 1704, 55, 40, 356, 1399, 2080, 286, 811, 899, 438, 949, 464, 1663, 2649, 319, 1983, 1450, 1444, 1760, 568, 1315, 573, 2430, 1802, 1671, 869, 127, 1755, 757, 807, 2584, 275, 2289, 2273, 259, 2345, 510, 79, 790, 1342, 2147, 389, 2035, 1239, 1557, 2674, 2647, 1974, 71, 1720, 1604, 2523, 436, 1078, 830, 324, 527, 1485, 1667, 2091, 2220, 940, 514, 2605, 2572, 1958, 420, 1496, 2378, 2277, 97, 2501, 1149, 2575, 31, 1584, 1543, 1689, 2362, 2275, 363, 1082, 1269, 1771, 1868, 273, 65, 1961, 1031, 1773, 1234, 694, 2256, 1036, 1938, 2176, 2626, 2203, 1966, 673, 2397, 889, 80, 1137, 2225, 2125, 1830, 2259, 2047, 103, 120, 1388, 911, 141, 2583, 2320, 2301, 1192, 1358, 1899, 1642, 1116, 905, 1724, 276, 1398, 2085, 1280, 1135, 1528, 1787, 209, 1270, 2520, 795, 1621, 1522, 1659, 1465, 740, 36, 1624, 1502, 1022, 1153, 2385, 213, 1954, 1891, 1235, 2563, 294, 488, 507, 1982, 1892, 1558, 1189, 1554, 2130, 50, 454, 2095, 2138, 427, 1526, 1317, 1383, 726, 1900, 1419, 808, 1240, 100, 2627, 2618, 501, 428, 1282, 904, 667, 1609, 585, 644, 1747, 723, 1727, 30, 1185, 523, 625, 2459, 1229, 871, 854, 2044, 1810, 2162, 2143, 2441, 921, 1699, 333, 413, 2004, 780, 2269, 106, 204, 918, 746, 1430, 1098, 2581, 2631, 1745, 2153, 1511, 154, 2146, 2435, 126, 1416, 1454, 1757, 1274, 2529, 1052, 1980, 368, 1024, 2086, 278, 1043, 1758, 970, 1248, 1040, 1289, 348, 1344, 1206, 601, 410, 1957, 2128, 1739, 618, 1428, 2258, 1346, 1994, 1639, 2611, 1081, 404, 1783, 530, 1853, 2052, 1013, 1175, 143, 500, 52, 1935, 19, 2109, 2087, 1977, 2599, 1614, 240, 327, 2119, 1740, 761, 445, 567, 1714, 1210, 2108, 2154, 406, 1011, 318, 1973, 564, 169, 2306, 1651, 2539, 2465, 2010, 769, 289, 395, 982, 508, 284, 437, 2207, 2223, 666, 506, 2434, 588, 1231, 2058, 1798, 2115, 349, 486, 1056, 626, 2037, 2368, 583, 2481, 313, 2630, 798, 2300, 1490, 316, 492, 2662, 452, 118, 2263, 1370, 1427, 805, 1039, 1319, 828, 345, 2236, 1325, 1104, 2601, 217, 2229, 745, 1964, 1695, 1645, 553, 815, 1573, 1596, 1521, 1777, 1660, 2295, 1608, 2350, 312, 1220, 2335, 803, 509, 1403, 2276, 28, 54, 346, 1580, 2297, 295, 1552, 1943, 692, 176, 1102, 2401, 1634, 1384, 1923, 544, 1237, 953, 971, 2444, 1913, 2519, 1670, 226, 2667, 9, 1006, 20, 1101, 2374, 112, 1997, 615, 2155, 1191, 903, 1091, 1468, 791, 2411, 1920, 2450, 1881, 2031, 2386, 2082, 1201, 1675, 266, 1946, 2323, 575, 1230, 180, 2, 2017, 1227, 2600, 528, 2318, 1003, 1333, 649, 221, 1087, 1492, 2560, 832, 952, 262, 1111, 719, 1756, 2475, 2574, 2406, 398, 1563, 1470, 1916, 518, 1021, 2347, 1071, 685, 884, 1883, 1084, 2232, 293, 2346, 562, 603, 186, 2657, 2361, 1996, 2455, 1385, 617, 1002, 1989, 2625, 136, 1373, 277, 2206, 1506, 1813, 859, 151, 2557, 1623, 1281, 836, 2310, 987, 1513, 857, 1138, 1181, 105, 317, 605, 1292, 1962, 1750, 2420, 2213, 732, 2416, 123, 2500, 1161, 1208, 1042, 135, 1118, 46, 2541, 1788, 1233, 1854, 1108, 1310, 920, 1391, 939, 1839, 1244, 1324, 442, 450, 2182, 185, 2244, 680, 548, 1114, 1934, 1851, 369, 929, 2043, 1123, 1753, 1008, 1094, 1238, 2328, 2243, 1411, 1463, 1000, 1924, 1336, 2369, 1658, 444, 1981, 478, 2242, 279, 1242, 955, 2097, 749, 951, 355, 742, 2042, 1635, 611, 1598, 927, 462, 91, 576, 2390, 1661, 1866, 1761, 1305, 146, 1820, 493, 717, 2167, 2515, 909, 2418, 1213, 783, 1669, 1578, 375, 484, 18, 21, 358, 378, 331, 322, 1421, 968, 2114, 109, 755, 595, 539, 1306, 1841, 1196, 42, 27, 1677, 2654, 2658, 2101, 1023, 865, 2292, 124, 2303, 1779, 2006, 1601, 1438, 2495, 426, 212, 1072, 47, 886, 559, 457, 132, 2102, 2030, 479, 2556, 766, 1326, 2298, 1041, 1459, 64, 2282, 1873, 917, 1406, 161, 924, 206, 2215, 596, 2607, 2514, 1782, 306, 2513, 1942, 1564, 663, 1010, 245, 1862, 1610, 22, 2660, 1092, 589, 806, 2497, 1999, 1337, 84, 579, 753, 580, 305, 772, 2661, 1679, 708, 2535, 1498, 476, 855, 1524, 586, 2326, 38, 2472, 2447, 867, 1541, 659, 1004, 2568, 946, 1653, 1394, 2009, 248, 1857, 1379, 1303, 1509, 2233, 835, 166, 414, 522, 2670, 731, 922, 1909, 365, 1697, 1405, 1804, 720, 1334, 201, 1171, 1640, 1686, 950, 634, 1426, 1922, 129, 2439, 1479, 190, 1020, 337, 704, 2453, 1864, 2404, 1184, 944, 535, 1654, 490, 463, 196, 2624, 1785, 2110, 1687, 1860, 1392, 942, 1409, 602, 2016, 1159, 711, 1970, 856, 2570, 2183, 2160, 686, 2104, 2122, 1259, 1345, 2567, 1158, 2337, 1581, 2336, 1586, 1736, 1936, 1590, 2380, 1887, 533, 205, 1179, 2603, 232, 2473, 2421, 2376, 107, 164, 2084, 15, 2578, 1776, 796, 2161, 2218, 1992, 600, 287, 1440, 1069, 820, 472, 373, 1568, 2423, 2314, 1731, 1784, 1551, 12, 2249, 229, 516, 1855, 786, 2309, 2188, 821, 468, 1844, 817, 2338, 1746, 771, 1132, 382, 1026, 2620, 2428, 967, 1594, 812, 13, 297, 1215, 1477, 1762, 1769, 847, 2319, 1588, 1796, 2676, 122, 182, 1960, 2039, 2123, 1046, 546, 59, 1975, 1681, 2135, 2211, 2164, 1741, 1425, 372, 631, 1794, 1674, 1872, 747, 1329, 2365, 1889, 2283, 1925, 76, 654, 239, 63, 842, 560, 1606, 1751, 538, 1203, 1217, 376, 2166, 1637, 439, 2606, 2518, 1297, 2156, 1127, 1494, 1702, 959, 1357, 292, 2050, 387, 1696, 2216, 1918, 2334, 1482, 802, 2597, 1293, 385, 261, 1079, 2270, 1993, 1355, 2321, 1650, 2253, 1343, 1204, 840, 1800, 1165, 2389, 999, 1903, 1488, 2255, 1256, 849, 2222, 332, 485, 441, 1797, 2531, 2015, 2576, 2308, 1951, 2663, 1331, 641, 966, 195, 2451, 2432, 1015, 2288, 750, 724, 581, 1321, 2217, 1968, 2247, 1976, 2521, 1112, 416, 1187, 2355, 2131, 874, 1366, 187, 2542, 2466, 491, 233, 1890, 1821, 2617, 1142, 421, 104, 1129, 2177, 2546, 2548, 2027, 1190, 1615, 1603, 1803, 1050, 347, 610, 269, 280, 1320, 197, 29, 2221, 2343, 1246, 235, 1850, 73, 1927, 2499, 2569, 1412, 14, 897, 665, 2537, 1537, 2076, 326, 1316, 374, 607, 1987, 2127, 254, 2327, 1372, 207, 1649, 2141, 1097, 2464, 350, 411, 850, 2354, 789, 2305, 1748, 1648, 1449, 435, 351, 2111, 814, 1473, 983, 2505, 1339, 315, 2632, 188, 712, 147, 2582, 799, 455, 1963, 866, 2398, 1168, 163, 2485, 1738, 822, 913, 1154, 2069, 377, 2623, 156, 2565, 1664, 829, 2659, 1396, 140, 1402, 1775, 2645, 487, 274, 89, 1846, 937, 2333, 1636, 1737, 702, 2252, 2067, 131, 2588, 1059, 2665, 1917, 1754, 1632, 2073, 2008, 2281, 572, 2509, 651, 1074, 2456, 2644, 2638, 2566, 1906, 2180, 2197, 2427, 1500, 1622, 2488, 1258, 2673, 1574, 2124, 1177, 1683, 827, 2020, 1811, 1296, 932, 639, 1709, 34, 208, 425, 459, 1209, 1205, 496, 1278, 1164, 339, 2294, 2250, 1340, 2551, 2486, 809, 1912, 2356, 2642, 513, 2088, 1726, 1009, 1700, 1012, 2375, 933, 2633, 214, 1829, 41, 1831, 555, 451, 119, 160, 2652, 1110, 919, 2011, 2496, 1090, 521, 642, 511, 1224, 409, 2494, 2265, 1743, 2159, 504, 678, 1058, 1144, 1519, 900, 497, 767, 2322, 563, 683, 2148, 8, 1657, 87, 1625, 2070, 1547, 32, 1715, 1328, 236, 370, 787, 2387, 1350, 1772, 2614, 1019, 779, 181, 2502, 1393, 1763, 1170, 1032, 1148, 2616, 624, 713, 676, 633, 17, 2175, 609, 1180, 2062, 1429, 2405, 864, 2394, 408, 2433, 593, 2622, 246, 1141, 1434, 558, 1277, 2593, 5, 1597]
labeling = [3, 6, 20, 2, 10, 19, 7, 9, 25, 13, 2, 5, 13, 16, 22, 21, 2, 13, 7, 4, 16, 16, 9, 0, 6, 5, 3, 10, 8, 1, 12, 5, 22, 9, 22, 3, 8, 4, 10, 5, 10, 12, 9, 5, 11, 13, 6, 14, 4, 5, 14, 1, 15, 6, 14, 8, 4, 1, 3, 17, 0, 2, 10, 19, 16, 14, 1, 1, 11, 0, 10, 16, 12, 17, 4, 6, 17, 1, 3, 13, 18, 3, 6, 4, 13, 5, 14, 20, 9, 19, 8, 0, 11, 8, 0, 6, 12, 17, 9, 2, 17, 9, 7, 3, 14, 12, 3, 21, 0, 17, 7, 0, 11, 6, 4, 14, 12, 13, 6, 8, 10, 1, 4, 13, 2, 6, 17, 15, 8, 19, 1, 25, 19, 4, 2, 16, 15, 0, 8, 2, 19, 18, 0, 17, 4, 14, 19, 25, 10, 12, 10, 6, 4, 10, 6, 7, 18, 13, 11, 7, 22, 16, 4, 23, 21, 14, 19, 2, 9, 18, 7, 9, 6, 8, 3, 11, 22, 8, 3, 1, 5, 12, 13, 1, 10, 12, 15, 10, 14, 0, 19, 15, 1, 6, 0, 16, 14, 15, 3, 0, 15, 12, 2, 4, 12, 18, 15, 22, 14, 9, 6, 8, 16, 7, 12, 3, 1, 14, 5, 0, 10, 18, 9, 2, 8, 6, 16, 0, 4, 11, 3, 12, 19, 16, 7, 9, 14, 1, 0, 5, 2, 4, 8, 7, 12, 8, 14, 4, 15, 6, 3, 11, 2, 0, 10, 7, 13, 8, 5, 15, 4, 19, 16, 6, 11, 9, 11, 3, 0, 17, 1, 11, 9, 13, 23, 7, 15, 18, 16, 10, 17, 1, 3, 5, 2, 4, 11, 14, 0, 11, 4, 9, 18, 12, 9, 15, 2, 16, 3, 5, 5, 0, 6, 1, 7, 14, 18, 5, 0, 3, 5, 1, 15, 11, 8, 19, 13, 17, 14, 7, 3, 6, 21, 0, 10, 1, 23, 2, 8, 4, 8, 13, 6, 11, 0, 2, 6, 14, 9, 17, 3, 1, 10, 8, 1, 11, 13, 15, 11, 4, 12, 15, 4, 0, 7, 9, 2, 0, 9, 2, 10, 5, 2, 10, 7, 18, 6, 8, 13, 17, 16, 2, 10, 13, 4, 12, 15, 1, 14, 0, 5, 7, 19, 3, 10, 19, 6, 21, 1, 12, 9, 2, 5, 1, 11, 15, 13, 11, 17, 8, 0, 3, 4, 6, 14, 7, 9, 2, 20, 18, 7, 12, 2, 14, 18, 4, 16, 4, 8, 0, 12, 15, 9, 6, 15, 17, 6, 8, 12, 1, 13, 11, 3, 1, 10, 4, 16, 18, 14, 10, 5, 13, 16, 2, 18, 9, 7, 10, 8, 6, 1, 19, 0, 4, 12, 16, 5, 15, 2, 23, 8, 13, 7, 18, 11, 1, 11, 0, 20, 9, 9, 5, 15, 3, 1, 3, 18, 9, 14, 17, 4, 0, 12, 10, 17, 17, 10, 21, 14, 9, 13, 17, 7, 16, 6, 12, 21, 19, 4, 0, 12, 10, 1, 7, 10, 2, 15, 8, 14, 9, 12, 19, 8, 20, 14, 8, 20, 1, 14, 11, 2, 17, 19, 17, 3, 8, 4, 6, 13, 1, 19, 5, 0, 12, 10, 18, 7, 1, 23, 9, 7, 2, 5, 12, 18, 3, 13, 4, 16, 14, 2, 6, 8, 10, 0, 18, 6, 13, 8, 13, 15, 6, 13, 20, 9, 2, 0, 10, 1, 8, 5, 3, 5, 7, 4, 12, 16, 10, 12, 3, 9, 19, 2, 14, 0, 17, 11, 1, 13, 17, 7, 4, 2, 16, 5, 18, 20, 8, 6, 1, 11, 7, 9, 4, 0, 15, 4, 4, 2, 15, 12, 10, 13, 2, 0, 10, 6, 8, 3, 6, 8, 7, 3, 1, 14, 0, 11, 4, 0, 4, 16, 9, 0, 11, 15, 10, 8, 2, 12, 3, 6, 13, 3, 5, 14, 7, 10, 8, 2, 9, 0, 16, 11, 1, 14, 4, 6, 4, 2, 19, 5, 9, 7, 13, 0, 18, 11, 16, 6, 2, 4, 1, 8, 15, 12, 14, 21, 10, 17, 5, 19, 2, 0, 20, 0, 14, 20, 8, 3, 5, 11, 1, 13, 7, 15, 6, 10, 4, 1, 3, 8, 12, 16, 11, 20, 1, 6, 2, 15, 7, 5, 10, 18, 12, 5, 0, 3, 13, 0, 9, 16, 12, 6, 8, 11, 7, 3, 10, 14, 1, 4, 19, 13, 5, 3, 6, 12, 10, 6, 0, 11, 9, 15, 4, 0, 16, 14, 17, 1, 8, 19, 10, 5, 12, 3, 16, 2, 13, 0, 7, 10, 13, 7, 9, 1, 5, 17, 24, 7, 17, 3, 21, 19, 2, 0, 13, 8, 0, 11, 23, 13, 6, 4, 16, 7, 9, 17, 20, 2, 19, 12, 15, 6, 8, 2, 9, 13, 2, 16, 18, 4, 0, 15, 18, 7, 11, 14, 6, 11, 24, 0, 1, 8, 2, 21, 13, 2, 15, 10, 0, 16, 19, 23, 3, 9, 4, 0, 21, 8, 21, 16, 11, 17, 3, 1, 12, 18, 13, 5, 12, 16, 5, 3, 8, 15, 7, 9, 14, 1, 11, 19, 1, 4, 7, 9, 18, 3, 12, 4, 15, 1, 2, 0, 6, 22, 13, 16, 19, 8, 4, 1, 10, 3, 9, 17, 2, 10, 3, 5, 13, 15, 10, 8, 11, 21, 6, 18, 0, 14, 9, 1, 7, 2, 6, 11, 4, 8, 19, 1, 14, 18, 5, 3, 12, 16, 10, 8, 0, 4, 14, 2, 11, 6, 11, 4, 13, 0, 0, 2, 20, 15, 5, 9, 7, 17, 3, 1, 11, 0, 10, 8, 6, 18, 12, 4, 16, 6, 6, 8, 18, 9, 2, 10, 1, 20, 0, 7, 3, 5, 4, 12, 17, 13, 17, 7, 14, 8, 15, 13, 18, 0, 3, 11, 0, 17, 9, 21, 22, 9, 7, 10, 12, 7, 11, 1, 5, 2, 4, 1, 5, 2, 3, 15, 17, 6, 14, 8, 13, 8, 0, 9, 12, 0, 10, 4, 5, 11, 2, 4, 7, 21, 15, 13, 11, 22, 6, 4, 2, 16, 8, 15, 9, 13, 8, 0, 18, 0, 4, 7, 23, 17, 11, 9, 6, 12, 2, 20, 4, 13, 1, 10, 14, 24, 6, 10, 8, 15, 7, 4, 13, 5, 18, 16, 14, 10, 0, 15, 1, 7, 6, 17, 2, 12, 10, 4, 3, 13, 9, 16, 14, 0, 10, 5, 1, 6, 3, 5, 5, 11, 20, 15, 17, 20, 9, 17, 4, 10, 5, 14, 13, 1, 6, 16, 7, 19, 8, 3, 12, 9, 1, 22, 15, 17, 0, 20, 11, 8, 3, 12, 5, 0, 18, 6, 8, 15, 11, 2, 2, 10, 4, 24, 20, 17, 13, 18, 7, 16, 12, 14, 7, 0, 0, 5, 16, 3, 9, 2, 21, 12, 11, 4, 10, 19, 8, 6, 14, 0, 9, 17, 3, 9, 4, 12, 5, 18, 1, 10, 2, 13, 3, 8, 0, 7, 5, 14, 6, 1, 2, 12, 14, 7, 8, 0, 4, 18, 11, 6, 10, 13, 2, 19, 16, 1, 0, 7, 14, 3, 23, 5, 19, 22, 14, 2, 4, 21, 7, 2, 17, 5, 11, 17, 17, 15, 6, 3, 0, 13, 8, 0, 8, 1, 9, 7, 18, 22, 18, 13, 5, 11, 20, 16, 12, 11, 15, 3, 14, 2, 23, 5, 1, 8, 6, 0, 4, 18, 7, 1, 16, 12, 17, 19, 11, 2, 11, 9, 14, 2, 15, 21, 9, 3, 6, 20, 0, 18, 4, 12, 1, 12, 4, 11, 6, 1, 8, 7, 10, 15, 8, 24, 19, 3, 2, 0, 5, 3, 16, 14, 0, 4, 12, 14, 1, 6, 12, 7, 1, 6, 19, 17, 10, 15, 18, 3, 8, 0, 2, 13, 4, 2, 12, 10, 5, 9, 16, 6, 8, 17, 14, 7, 3, 14, 10, 12, 19, 4, 18, 20, 7, 10, 6, 13, 2, 9, 12, 5, 0, 15, 11, 0, 14, 19, 10, 7, 3, 16, 7, 17, 5, 19, 9, 5, 13, 1, 17, 13, 1, 15, 18, 4, 20, 22, 3, 12, 20, 2, 11, 9, 6, 8, 0, 10, 0, 4, 2, 11, 13, 6, 16, 13, 7, 5, 9, 1, 1, 3, 10, 20, 12, 7, 1, 14, 6, 24, 19, 1, 3, 9, 12, 8, 22, 12, 11, 0, 15, 18, 14, 0, 6, 13, 2, 7, 20, 11, 21, 16, 9, 22, 3, 15, 11, 3, 0, 24, 18, 13, 7, 14, 5, 7, 20, 0, 12, 17, 10, 2, 11, 5, 8, 0, 15, 13, 18, 1, 3, 5, 7, 20, 16, 10, 14, 10, 1, 3, 0, 21, 6, 4, 7, 20, 8, 13, 9, 2, 5, 11, 10, 12, 5, 13, 1, 15, 7, 10, 8, 17, 0, 3, 10, 14, 19, 12, 1, 4, 23, 2, 8, 6, 0, 20, 11, 22, 2, 8, 15, 5, 3, 0, 22, 6, 16, 0, 12, 22, 5, 7, 14, 9, 1, 17, 11, 16, 4, 6, 3, 5, 2, 12, 9, 21, 8, 20, 1, 15, 0, 5, 3, 17, 9, 7, 10, 6, 11, 1, 19, 12, 3, 5, 14, 9, 8, 0, 18, 16, 1, 17, 9, 16, 10, 14, 11, 3, 2, 8, 0, 13, 6, 4, 19, 5, 1, 12, 17, 15, 14, 9, 7, 3, 8, 13, 11, 9, 21, 10, 4, 15, 7, 1, 12, 4, 9, 0, 3, 5, 14, 7, 11, 6, 8, 16, 2, 10, 2, 4, 10, 13, 6, 8, 6, 16, 7, 18, 18, 4, 11, 13, 0, 17, 4, 21, 5, 19, 1, 11, 8, 19, 0, 13, 22, 17, 2, 6, 12, 3, 6, 10, 4, 20, 4, 1, 9, 16, 8, 1, 8, 13, 15, 7, 2, 5, 14, 2, 10, 18, 12, 10, 23, 12, 5, 0, 3, 8, 1, 20, 4, 14, 17, 4, 11, 5, 13, 17, 12, 6, 2, 0, 9, 2, 8, 16, 6, 4, 9, 4, 19, 16, 2, 0, 10, 18, 15, 12, 14, 5, 8, 13, 2, 0, 6, 3, 3, 11, 9, 4, 7, 16, 13, 1, 7, 1, 16, 5, 18, 9, 20, 9, 0, 16, 18, 8, 0, 7, 2, 4, 1, 11, 6, 17, 11, 6, 15, 17, 4, 5, 8, 13, 0, 10, 2, 10, 23, 2, 7, 12, 8, 15, 19, 4, 2, 9, 11, 12, 7, 10, 6, 15, 3, 16, 14, 1, 13, 8, 18, 0, 5, 9, 11, 5, 9, 20, 11, 15, 18, 3, 21, 0, 8, 11, 1, 21, 0, 19, 21, 4, 16, 18, 6, 17, 14, 16, 1, 13, 3, 22, 14, 8, 2, 10, 4, 6, 14, 10, 12, 17, 5, 1, 15, 5, 7, 3, 8, 0, 0, 10, 4, 13, 11, 2, 6, 9, 7, 10, 5, 1, 12, 16, 2, 13, 19, 17, 9, 18, 10, 8, 21, 7, 3, 0, 7, 3, 1, 14, 20, 11, 13, 5, 11, 6, 9, 6, 2, 7, 15, 8, 2, 0, 8, 12, 0, 10, 24, 19, 25, 15, 5, 14, 4, 13, 7, 14, 17, 7, 11, 8, 1, 21, 17, 10, 2, 0, 3, 15, 9, 0, 15, 7, 12, 1, 14, 3, 6, 19, 5, 16, 9, 17, 8, 11, 2, 14, 3, 11, 0, 19, 13, 11, 8, 1, 7, 2, 6, 1, 13, 6, 12, 9, 4, 10, 15, 2, 19, 21, 14, 16, 13, 3, 5, 0, 10, 2, 0, 18, 8, 3, 16, 6, 8, 20, 12, 1, 7, 1, 4, 17, 3, 7, 5, 10, 20, 12, 0, 14, 11, 15, 16, 18, 15, 9, 20, 2, 0, 3, 11, 7, 3, 17, 13, 21, 1, 14, 0, 10, 1, 19, 15, 8, 5, 16, 4, 6, 11, 4, 15, 2, 9, 12, 8, 2, 9, 11, 0, 17, 3, 5, 14, 12, 8, 14, 7, 19, 0, 7, 4, 7, 17, 3, 8, 19, 1, 11, 1, 15, 13, 6, 12, 9, 4, 12, 21, 2, 10, 0, 7, 24, 19, 7, 5, 8, 17, 3, 22, 11, 0, 3, 1, 15, 9, 20, 4, 18, 6, 10, 23, 4, 6, 14, 16, 9, 7, 2, 12, 22, 0, 3, 1, 5, 0, 9, 5, 10, 8, 19, 15, 12, 0, 7, 13, 4, 13, 6, 4, 10, 3, 18, 9, 11, 2, 0, 18, 13, 8, 22, 4, 15, 9, 7, 5, 16, 2, 17, 0, 5, 12, 21, 1, 14, 6, 10, 23, 2, 9, 20, 2, 9, 22, 4, 9, 15, 7, 5, 0, 13, 6, 17, 13, 12, 10, 14, 16, 3, 10, 0, 15, 0, 3, 6, 8, 12, 18, 8, 2, 9, 17, 15, 2, 21, 6, 14, 5, 14, 12, 20, 23, 4, 10, 19, 9, 1, 3, 8, 18, 12, 8, 17, 21, 13, 11, 5, 21, 14, 1, 13, 23, 9, 7, 0, 9, 7, 5, 9, 3, 1, 14, 4, 13, 3, 0, 12, 6, 3, 6, 11, 1, 10, 14, 16, 1, 14, 7, 9, 22, 19, 15, 11, 6, 0, 3, 15, 17, 10, 2, 9, 3, 5, 8, 1, 20, 7, 4, 12, 5, 20, 10, 13, 18, 0, 16, 1, 17, 17, 0, 15, 5, 8, 10, 13, 7, 6, 16, 2, 11, 14, 1, 3, 16, 10, 0, 5, 19, 9, 7, 10, 21, 3, 14, 7, 3, 21, 23, 12, 8, 8, 17, 20, 16, 0, 15, 1, 5, 4, 12, 5, 13, 18, 20, 7, 3, 10, 7, 9, 11, 6, 10, 13, 11, 17, 2, 0, 17, 3, 22, 19, 1, 22, 8, 5, 23, 8, 5, 17, 12, 6, 3, 1, 18, 11, 24, 2, 10, 0, 16, 20, 15, 4, 16, 13, 4, 18, 11, 7, 13, 10, 23, 20, 22, 13, 5, 12, 6, 24, 15, 1, 8, 14, 1, 24, 11, 3, 16, 23, 0, 7, 5, 0, 21, 9, 17, 15, 8, 16, 3, 7, 12, 2, 0, 10, 1, 4, 0, 2, 8, 6, 9, 21, 6, 0, 3, 13, 6, 12, 5, 7, 5, 1, 25, 22, 7, 12, 10, 20, 15, 13, 8, 11, 19, 3, 11, 16, 8, 4, 0, 7, 5, 0, 2, 10, 15, 18, 2, 0, 3, 5, 15, 11, 2, 6, 12, 7, 9, 6, 17, 8, 2, 4, 1, 13, 21, 11, 0, 10, 8, 18, 3, 9, 3, 5, 12, 16, 10, 6, 13, 15, 2, 6, 14, 16, 0, 4, 11, 9, 4, 3, 12, 8, 1, 13, 17, 9, 6, 10, 5, 3, 6, 1, 4, 2, 7, 9, 0, 12, 8, 11, 15, 4, 14, 11, 8, 10, 8, 17, 3, 9, 7, 5, 17, 12, 6, 4, 1, 3, 13, 1, 3, 0, 2, 10, 6, 8, 16, 11, 9, 13, 16, 0, 12, 5, 14, 19, 7, 2, 9, 3, 1, 10, 3, 16, 14, 19, 6, 13, 8, 0, 9, 12, 17, 4, 16, 11, 14, 2, 3, 0, 9, 7, 3, 6, 4, 10, 5, 13, 1, 10, 8, 0, 8, 20, 13, 19, 17, 4, 12, 15, 13, 12, 2, 0, 5, 9, 2, 0, 18, 6, 4, 6, 11, 3, 15, 6, 10, 16, 4, 9, 18, 8, 13, 1, 12, 3, 8, 2, 7, 1, 16, 10, 4, 7, 14, 5, 11, 3, 15, 4, 14, 20, 6, 11, 0, 17, 9, 18, 4, 9, 19, 6, 1, 11, 2, 15, 13, 4, 8, 13, 0, 0, 10, 2, 15, 10, 17, 10, 23, 16, 5, 18, 12, 8, 6, 12, 1, 20, 11, 3, 20, 24, 15, 8, 3, 7, 13, 23, 9, 1, 10, 5, 19, 0, 15, 6, 21, 7, 5, 15, 10, 4, 18, 11, 19, 16, 11, 0, 8, 16, 6, 3, 5, 10, 13, 25, 0, 16, 11, 9, 5, 24, 19, 21, 16, 3, 11, 14, 0, 20, 18, 2, 15, 1, 6, 9, 5, 15, 2, 16, 5, 18, 0, 7, 23, 13, 3, 15, 17, 1, 5, 24, 1, 17, 7, 3, 15, 5, 19, 12, 18, 8, 4, 4, 16, 0, 10, 9, 2, 14, 3, 5, 17, 12, 6, 11, 0, 10, 4]
convergência = [26, 26, 26, 26, 25, 25, 25, 25, 25, 25, 25, 25, 25, 25, 25, 25, 25, 25, 25, 25, 25, 25, 25, 25, 25, 25, 25, 25, 25, 25, 25, 25, 25, 25, 25, 25, 25, 25, 25, 25, 25, 25, 25, 25, 25, 25, 25, 25, 25, 25, 25, 25, 25, 25, 25, 25, 25, 25, 25, 25, 25, 25, 25, 25, 25, 25, 25, 25, 25, 25, 25, 25, 25, 25, 25, 25, 25, 25, 25, 25, 25, 25, 25, 25, 25, 25, 25, 25, 25, 25, 25, 25, 25, 25, 25, 25, 25, 25, 25, 25, 25, 25, 25, 25, 25, 25, 25, 25, 25, 25, 25, 25, 25, 25, 25, 25, 25, 25, 25, 25, 25, 25, 25, 25, 25, 25, 25, 25]

===== FIM =====
