===== RESULTADO BRKGA L(2,1) =====
Arquivo: /Users/mateuspedrosa/Documents/TCC-II/BRKGA/data/Harwell-Boeing_cleaned/dwt_162_clean.mtx

----- Execução #1 -----
[INFO] Parou por estagnação.
Tempo de execução: 12909ms
Span (lambda): 15
best_order = [155, 26, 42, 110, 61, 6, 74, 158, 21, 106, 154, 137, 59, 99, 123, 95, 89, 29, 153, 52, 27, 104, 157, 152, 135, 76, 141, 140, 63, 160, 142, 18, 34, 92, 17, 40, 105, 25, 45, 125, 67, 85, 71, 41, 23, 88, 101, 38, 80, 75, 116, 120, 9, 22, 111, 19, 15, 4, 0, 87, 134, 118, 82, 86, 28, 144, 68, 94, 96, 156, 107, 112, 147, 102, 139, 148, 32, 14, 16, 43, 78, 36, 54, 131, 138, 126, 133, 12, 8, 44, 143, 66, 93, 5, 79, 149, 62, 48, 50, 114, 151, 81, 98, 122, 24, 128, 77, 136, 113, 117, 129, 51, 39, 33, 31, 64, 10, 90, 3, 159, 145, 97, 58, 127, 1, 119, 73, 47, 13, 56, 161, 2, 35, 69, 150, 57, 103, 46, 146, 91, 108, 70, 121, 30, 65, 20, 60, 7, 124, 130, 100, 132, 11, 83, 37, 53, 55, 49, 109, 115, 72, 84]
labeling = [0, 4, 15, 1, 7, 13, 1, 12, 0, 3, 5, 9, 7, 13, 9, 5, 11, 6, 4, 8, 15, 1, 5, 3, 11, 2, 0, 3, 9, 2, 13, 10, 4, 8, 1, 14, 6, 12, 7, 14, 5, 7, 0, 2, 6, 4, 10, 8, 1, 4, 10, 12, 3, 9, 5, 2, 13, 15, 15, 1, 13, 0, 11, 3, 8, 10, 6, 4, 9, 14, 12, 3, 14, 12, 1, 7, 1, 7, 0, 3, 5, 13, 5, 13, 11, 0, 10, 8, 8, 3, 9, 2, 4, 12, 10, 1, 7, 6, 14, 1, 13, 5, 11, 8, 3, 5, 2, 8, 15, 10, 0, 7, 10, 12, 1, 12, 4, 11, 4, 14, 3, 2, 6, 1, 2, 0, 5, 13, 5, 8, 6, 9, 13, 4, 2, 0, 7, 0, 5, 10, 2, 0, 3, 6, 9, 13, 2, 6, 0, 4, 9, 11, 0, 6, 4, 0, 6, 2, 0, 3, 1, 4]
convergência = [15, 15, 15, 15, 15, 15, 15, 15, 15, 15, 15, 15, 15, 15, 15, 15, 15, 15, 15, 15, 15, 15, 15, 15, 15, 15, 15, 15, 15, 15, 15, 15, 15, 15, 15, 15, 15, 15, 15, 15, 15, 15, 15, 15, 15, 15, 15, 15, 15, 15, 15, 15, 15, 15, 15, 15, 15, 15, 15, 15, 15, 15, 15, 15, 15, 15, 15, 15, 15, 15, 15, 15, 15, 15, 15, 15, 15, 15, 15, 15, 15, 15, 15, 15, 15, 15, 15, 15, 15, 15, 15, 15, 15, 15, 15, 15, 15, 15, 15, 15, 15, 15, 15, 15, 15, 15, 15, 15, 15, 15, 15, 15, 15, 15, 15, 15, 15, 15, 15, 15, 15, 15, 15, 15]

===== FIM =====
