===== RESULTADO BRKGA L(2,1) =====
Arquivo: /Users/mateuspedrosa/Documents/TCC-II/BRKGA/data/Harwell-Boeing_cleaned/dwt_992_clean.mtx

----- Execução #1 -----
[INFO] Parou por estagnação.
Tempo de execução: 370068ms
Span (lambda): 37
best_order = [574, 536, 414, 835, 944, 787, 256, 763, 960, 42, 330, 867, 869, 566, 833, 284, 333, 529, 768, 235, 261, 476, 739, 979, 639, 342, 65, 166, 542, 372, 168, 435, 8, 123, 475, 541, 169, 879, 126, 240, 765, 415, 29, 752, 214, 478, 567, 682, 400, 614, 560, 990, 671, 211, 292, 449, 552, 653, 672, 434, 789, 502, 898, 819, 250, 731, 150, 402, 25, 648, 550, 625, 851, 808, 935, 597, 432, 139, 512, 73, 543, 160, 899, 518, 790, 439, 58, 526, 847, 701, 470, 359, 564, 687, 934, 252, 428, 523, 88, 641, 983, 575, 921, 430, 314, 579, 969, 483, 452, 915, 273, 761, 698, 668, 908, 438, 959, 637, 1, 304, 754, 356, 570, 842, 305, 595, 3, 828, 726, 72, 325, 852, 6, 118, 465, 404, 373, 431, 511, 119, 782, 613, 9, 600, 149, 199, 461, 223, 838, 407, 507, 530, 410, 558, 936, 727, 901, 906, 843, 244, 433, 980, 617, 615, 216, 246, 82, 952, 848, 104, 60, 296, 378, 950, 656, 205, 491, 341, 416, 975, 735, 972, 264, 200, 977, 708, 923, 100, 623, 203, 367, 107, 287, 41, 340, 164, 131, 43, 963, 861, 976, 733, 553, 279, 299, 825, 721, 466, 510, 239, 859, 609, 291, 991, 392, 326, 758, 388, 84, 395, 195, 678, 832, 942, 5, 245, 702, 251, 834, 127, 849, 360, 448, 18, 425, 288, 746, 55, 527, 670, 738, 703, 201, 174, 37, 146, 337, 940, 892, 472, 973, 85, 161, 807, 59, 26, 728, 525, 903, 830, 576, 276, 172, 619, 389, 954, 620, 868, 909, 406, 381, 4, 21, 779, 893, 56, 521, 710, 591, 757, 89, 565, 364, 590, 920, 318, 515, 538, 308, 729, 793, 57, 797, 232, 237, 883, 694, 39, 163, 193, 429, 15, 506, 773, 183, 321, 23, 115, 208, 130, 674, 307, 383, 10, 737, 345, 327, 63, 535, 875, 450, 196, 814, 376, 872, 516, 184, 33, 918, 230, 369, 14, 578, 723, 705, 417, 971, 539, 586, 624, 324, 981, 734, 125, 124, 11, 800, 642, 248, 930, 985, 243, 62, 443, 788, 258, 343, 464, 158, 660, 722, 978, 974, 912, 778, 409, 242, 858, 271, 777, 669, 498, 109, 339, 537, 845, 320, 358, 134, 473, 335, 551, 555, 156, 896, 689, 236, 459, 759, 419, 462, 711, 548, 418, 616, 451, 191, 926, 649, 700, 718, 821, 628, 44, 520, 958, 767, 630, 831, 231, 812, 924, 141, 884, 282, 914, 945, 559, 937, 948, 178, 844, 957, 289, 249, 458, 222, 750, 363, 644, 885, 111, 354, 177, 709, 745, 336, 309, 283, 949, 61, 939, 584, 916, 218, 444, 911, 704, 946, 12, 86, 120, 871, 2, 87, 92, 587, 492, 836, 110, 693, 424, 748, 361, 837, 20, 399, 154, 636, 347, 328, 771, 76, 681, 776, 263, 225, 640, 799, 103, 496, 571, 967, 78, 816, 606, 323, 505, 856, 257, 386, 194, 929, 563, 54, 691, 93, 588, 275, 247, 900, 233, 686, 862, 841, 654, 80, 170, 207, 780, 377, 798, 635, 167, 387, 824, 910, 53, 162, 696, 956, 970, 362, 826, 509, 420, 329, 501, 192, 255, 468, 796, 316, 313, 171, 117, 580, 96, 876, 155, 353, 987, 766, 655, 736, 221, 302, 917, 608, 493, 626, 568, 368, 585, 394, 865, 285, 540, 938, 863, 487, 357, 179, 319, 922, 853, 503, 206, 91, 94, 894, 829, 846, 95, 634, 479, 755, 716, 153, 629, 310, 198, 514, 742, 334, 785, 190, 904, 690, 533, 647, 762, 268, 764, 187, 594, 951, 142, 643, 673, 227, 112, 792, 545, 809, 352, 102, 813, 603, 517, 474, 484, 666, 582, 281, 152, 549, 823, 266, 469, 811, 40, 437, 850, 878, 888, 864, 83, 688, 147, 804, 27, 486, 441, 815, 866, 385, 650, 741, 982, 685, 453, 611, 380, 490, 45, 306, 68, 322, 121, 412, 744, 897, 480, 806, 481, 447, 589, 17, 955, 683, 137, 743, 855, 0, 224, 295, 880, 583, 760, 463, 228, 300, 436, 30, 122, 24, 47, 241, 932, 421, 165, 569, 720, 422, 554, 725, 810, 350, 724, 274, 391, 81, 455, 32, 413, 556, 919, 234, 593, 485, 522, 277, 375, 159, 226, 52, 581, 482, 301, 379, 791, 772, 621, 769, 51, 35, 652, 882, 427, 697, 398, 411, 128, 269, 546, 965, 113, 312, 732, 818, 13, 680, 499, 795, 751, 781, 393, 253, 599, 290, 504, 547, 175, 783, 67, 456, 684, 602, 338, 598, 70, 677, 344, 913, 658, 384, 544, 397, 136, 961, 928, 661, 854, 229, 215, 34, 572, 573, 180, 348, 366, 454, 297, 675, 370, 657, 457, 355, 638, 531, 905, 756, 262, 715, 210, 592, 265, 204, 74, 519, 562, 891, 50, 489, 717, 157, 610, 860, 528, 105, 471, 351, 186, 365, 966, 132, 770, 303, 881, 907, 817, 315, 927, 116, 886, 7, 749, 622, 774, 238, 138, 442, 396, 390, 665, 676, 805, 607, 953, 176, 664, 747, 374, 408, 69, 467, 822, 108, 254, 877, 989, 140, 19, 500, 135, 651, 212, 633, 943, 513, 964, 508, 173, 46, 331, 36, 219, 802, 986, 601, 627, 106, 941, 267, 663, 66, 446, 931, 101, 984, 889, 382, 988, 695, 534, 699, 902, 857, 612, 49, 707, 332, 197, 873, 440, 524, 840, 775, 317, 445, 426, 659, 217, 962, 371, 185, 77, 145, 870, 753, 71, 632, 99, 839, 561, 968, 79, 460, 294, 188, 31, 209, 272, 349, 784, 143, 577, 22, 151, 730, 890, 631, 874, 604, 98, 712, 794, 740, 220, 495, 401, 189, 133, 213, 48, 477, 786, 596, 820, 38, 75, 114, 667, 280, 270, 298, 646, 293, 16, 346, 497, 557, 286, 713, 714, 129, 260, 148, 278, 692, 405, 801, 403, 488, 90, 803, 311, 706, 662, 933, 182, 28, 887, 645, 97, 259, 423, 64, 144, 202, 605, 719, 827, 494, 532, 181, 925, 895, 947, 679, 618]
labeling = [8, 4, 13, 1, 4, 7, 5, 20, 2, 6, 11, 2, 15, 23, 14, 12, 22, 17, 7, 22, 14, 10, 28, 9, 27, 4, 13, 24, 32, 5, 21, 18, 14, 10, 26, 18, 35, 8, 30, 16, 25, 8, 1, 10, 16, 19, 24, 16, 16, 35, 33, 16, 29, 17, 22, 12, 14, 19, 6, 12, 8, 13, 10, 8, 18, 1, 30, 25, 27, 34, 32, 35, 9, 2, 31, 34, 5, 27, 15, 25, 8, 15, 7, 20, 11, 13, 15, 21, 7, 15, 36, 16, 1, 11, 20, 22, 12, 31, 29, 23, 9, 22, 24, 19, 12, 5, 32, 3, 29, 14, 16, 9, 14, 22, 33, 1, 14, 16, 4, 6, 14, 18, 22, 0, 12, 10, 2, 6, 10, 18, 11, 3, 27, 20, 11, 23, 21, 25, 13, 2, 31, 17, 22, 8, 15, 31, 7, 24, 34, 5, 2, 31, 19, 15, 9, 21, 15, 29, 11, 24, 2, 9, 19, 10, 1, 19, 0, 9, 1, 3, 12, 6, 8, 32, 9, 26, 20, 16, 14, 23, 16, 37, 32, 12, 14, 30, 26, 14, 30, 34, 18, 12, 7, 3, 18, 7, 9, 25, 21, 4, 6, 8, 23, 4, 28, 2, 21, 10, 1, 32, 29, 1, 17, 33, 0, 24, 1, 25, 15, 17, 32, 19, 17, 1, 17, 20, 27, 22, 20, 29, 15, 19, 13, 22, 27, 1, 14, 11, 33, 5, 3, 23, 18, 13, 3, 12, 7, 23, 16, 18, 3, 10, 7, 29, 23, 18, 0, 12, 15, 34, 26, 1, 31, 21, 1, 32, 25, 33, 22, 27, 25, 7, 17, 7, 24, 19, 9, 20, 34, 8, 35, 27, 17, 15, 2, 20, 33, 2, 9, 11, 27, 6, 2, 32, 29, 12, 4, 31, 36, 5, 26, 28, 15, 19, 0, 4, 16, 10, 8, 22, 18, 33, 28, 13, 3, 23, 14, 32, 3, 1, 8, 13, 22, 26, 17, 5, 9, 11, 16, 22, 0, 27, 30, 0, 20, 10, 15, 11, 30, 19, 15, 13, 0, 14, 25, 4, 31, 18, 24, 9, 23, 15, 20, 18, 21, 33, 8, 27, 18, 3, 1, 17, 21, 15, 1, 28, 21, 4, 10, 3, 31, 35, 4, 12, 33, 20, 8, 19, 0, 23, 19, 10, 33, 6, 25, 19, 13, 22, 14, 0, 28, 13, 5, 24, 2, 9, 27, 24, 22, 11, 0, 32, 5, 33, 3, 31, 9, 3, 27, 15, 4, 22, 15, 20, 0, 2, 3, 14, 18, 12, 24, 20, 16, 32, 20, 10, 34, 18, 1, 13, 4, 6, 7, 10, 6, 0, 26, 13, 6, 2, 25, 28, 31, 14, 23, 31, 26, 12, 12, 4, 13, 19, 3, 21, 27, 19, 21, 13, 19, 16, 33, 7, 15, 22, 14, 8, 11, 17, 12, 16, 1, 23, 9, 11, 22, 2, 0, 29, 1, 20, 16, 18, 20, 2, 9, 22, 18, 14, 28, 18, 15, 4, 14, 18, 16, 10, 6, 27, 11, 20, 24, 17, 1, 11, 29, 19, 9, 0, 27, 17, 2, 0, 2, 24, 15, 9, 12, 21, 3, 13, 23, 15, 26, 7, 30, 11, 7, 9, 19, 0, 5, 31, 37, 19, 26, 18, 0, 21, 17, 20, 22, 3, 1, 4, 6, 12, 21, 23, 2, 24, 6, 20, 5, 11, 29, 14, 25, 29, 6, 12, 3, 24, 28, 14, 0, 4, 1, 3, 23, 27, 4, 18, 21, 17, 0, 2, 5, 26, 10, 3, 18, 30, 26, 28, 17, 25, 13, 7, 9, 23, 7, 5, 19, 17, 13, 5, 35, 2, 33, 31, 10, 30, 28, 20, 33, 35, 18, 12, 6, 2, 25, 19, 32, 7, 0, 8, 3, 1, 34, 6, 8, 25, 30, 4, 8, 0, 16, 30, 12, 18, 13, 34, 27, 29, 11, 4, 19, 5, 27, 0, 12, 4, 13, 21, 15, 36, 26, 17, 5, 7, 23, 27, 24, 3, 20, 14, 6, 29, 26, 32, 8, 22, 28, 24, 22, 28, 17, 33, 1, 13, 7, 1, 0, 22, 5, 28, 30, 3, 7, 34, 16, 10, 0, 20, 25, 23, 16, 4, 24, 12, 25, 21, 35, 13, 10, 26, 20, 18, 2, 7, 10, 0, 6, 8, 15, 9, 34, 31, 4, 6, 8, 17, 31, 33, 35, 12, 22, 24, 15, 25, 26, 6, 16, 11, 24, 27, 2, 5, 9, 11, 29, 5, 26, 9, 13, 3, 14, 10, 8, 0, 32, 18, 25, 28, 26, 20, 8, 16, 18, 31, 16, 21, 5, 31, 4, 21, 5, 14, 10, 3, 30, 6, 23, 0, 24, 4, 12, 10, 2, 20, 29, 17, 23, 16, 27, 17, 19, 14, 12, 9, 11, 30, 0, 5, 23, 14, 32, 0, 12, 4, 0, 15, 24, 10, 34, 29, 18, 6, 13, 11, 6, 34, 18, 36, 14, 24, 26, 6, 1, 26, 20, 8, 10, 22, 8, 17, 17, 25, 28, 3, 34, 20, 30, 21, 19, 7, 11, 33, 4, 16, 5, 12, 5, 2, 9, 0, 23, 25, 7, 34, 32, 9, 2, 6, 12, 7, 18, 2, 0, 7, 24, 6, 10, 29, 31, 23, 6, 28, 13, 8, 26, 3, 13, 8, 12, 16, 26, 1, 16, 2, 35, 16, 10, 26, 35, 11, 17, 31, 16, 1, 6, 34, 28, 11, 19, 21, 25, 30, 22, 31, 33, 25, 5, 12, 14, 25, 8, 23, 2, 7, 17, 5, 23, 7, 18, 29, 6, 30, 3, 7, 18, 8, 17, 27, 20, 9, 15, 1, 11, 14, 12, 1, 26, 8, 11, 34, 16, 21, 19, 25, 16, 30, 28, 18, 4, 0, 5, 17, 24, 21, 5, 28, 10, 24, 0, 21, 23, 32, 5, 10, 8, 15, 7, 33, 6, 27, 25, 19, 17, 5, 2, 26, 29, 7, 14, 24, 29, 12, 26, 1, 8, 12, 9, 11, 13, 8, 10, 5, 15, 0, 4, 6, 20, 3, 16, 5, 20, 17, 23, 21, 3, 6]
convergência = [37, 37, 37, 37, 37, 37, 37, 37, 37, 37, 37, 37, 37, 37, 37, 37, 37, 37, 37, 37, 37, 37, 37, 37, 37, 37, 37, 37, 37, 37, 37, 37, 37, 37, 37, 37, 37, 37, 37, 37, 37, 37, 37, 37, 37, 37, 37, 37, 37, 37, 37, 37, 37, 37, 37, 37, 37, 37, 37, 37, 37, 37, 37, 37, 37, 37, 37, 37, 37, 37, 37, 37, 37, 37, 37, 37, 37, 37, 37, 37, 37, 37, 37, 37, 37, 37, 37, 37, 37, 37, 37, 37, 37, 37, 37, 37, 37, 37, 37, 37, 37, 37, 37, 37, 37, 37, 37, 37, 37, 37, 37, 37, 37, 37, 37, 37, 37, 37, 37, 37, 37, 37, 37, 37]

===== FIM =====
