===== RESULTADO BRKGA L(2,1) =====
Arquivo: /Users/mateuspedrosa/Documents/TCC-II/BRKGA/data/Harwell-Boeing_cleaned/dwt_758_clean.mtx

----- Execução #1 -----
[INFO] Parou por estagnação.
Tempo de execução: 65812ms
Span (lambda): 18
best_order = [596, 669, 85, 682, 105, 252, 332, 216, 184, 221, 477, 592, 524, 565, 673, 118, 178, 351, 88, 212, 646, 247, 735, 339, 338, 597, 156, 514, 699, 740, 162, 342, 603, 616, 648, 121, 292, 582, 512, 310, 151, 375, 269, 438, 606, 632, 259, 211, 707, 419, 595, 287, 273, 736, 92, 731, 676, 382, 622, 331, 253, 555, 753, 457, 233, 393, 140, 44, 405, 283, 230, 165, 67, 45, 80, 308, 626, 733, 500, 298, 358, 647, 290, 374, 54, 583, 657, 444, 588, 389, 708, 41, 503, 425, 692, 414, 343, 104, 187, 179, 671, 566, 200, 51, 74, 587, 55, 94, 706, 300, 502, 749, 234, 461, 60, 637, 709, 601, 198, 536, 272, 470, 185, 214, 210, 8, 380, 63, 325, 638, 227, 25, 569, 705, 614, 75, 560, 250, 78, 434, 475, 487, 279, 723, 480, 662, 467, 615, 484, 299, 150, 301, 133, 386, 545, 202, 745, 171, 635, 552, 395, 713, 155, 237, 56, 10, 556, 557, 84, 387, 376, 478, 684, 654, 3, 537, 747, 309, 303, 504, 327, 426, 523, 609, 40, 136, 755, 318, 18, 166, 265, 344, 677, 271, 624, 620, 154, 385, 578, 754, 674, 337, 403, 691, 39, 581, 685, 687, 334, 604, 531, 102, 29, 696, 176, 472, 718, 548, 110, 727, 383, 95, 146, 100, 365, 116, 228, 132, 653, 297, 675, 613, 267, 402, 452, 196, 499, 445, 304, 336, 579, 497, 12, 82, 34, 225, 627, 584, 361, 746, 450, 103, 612, 245, 181, 715, 188, 520, 170, 391, 160, 508, 734, 641, 219, 408, 368, 437, 559, 168, 554, 129, 356, 33, 340, 513, 248, 495, 586, 424, 439, 390, 659, 711, 528, 629, 122, 642, 355, 359, 748, 194, 506, 23, 539, 93, 585, 511, 479, 362, 570, 672, 7, 590, 678, 293, 639, 119, 232, 13, 207, 744, 458, 522, 255, 158, 656, 68, 64, 324, 725, 286, 134, 86, 91, 689, 335, 462, 43, 145, 138, 407, 456, 112, 37, 431, 349, 4, 742, 97, 347, 529, 126, 743, 320, 161, 148, 285, 507, 38, 143, 195, 667, 575, 139, 610, 710, 209, 401, 481, 469, 81, 702, 313, 589, 491, 519, 322, 19, 53, 628, 360, 427, 573, 191, 605, 377, 274, 527, 266, 52, 442, 430, 367, 411, 153, 633, 329, 490, 486, 608, 752, 364, 694, 205, 167, 239, 720, 268, 36, 260, 124, 399, 643, 369, 690, 757, 117, 703, 496, 394, 372, 89, 87, 281, 432, 429, 15, 722, 169, 741, 226, 370, 262, 750, 275, 236, 27, 652, 599, 679, 174, 388, 163, 263, 2, 464, 717, 378, 591, 296, 371, 101, 446, 284, 525, 9, 58, 172, 649, 69, 363, 739, 311, 482, 574, 109, 729, 668, 530, 128, 73, 142, 463, 315, 619, 203, 416, 413, 127, 483, 412, 59, 173, 314, 373, 680, 326, 152, 108, 541, 410, 242, 485, 217, 130, 294, 577, 71, 96, 208, 90, 492, 443, 663, 306, 114, 510, 526, 607, 730, 719, 600, 665, 352, 159, 21, 398, 193, 518, 420, 244, 737, 20, 447, 319, 302, 688, 264, 721, 61, 712, 6, 384, 50, 650, 115, 542, 235, 593, 241, 99, 345, 164, 70, 238, 147, 400, 594, 683, 254, 422, 406, 505, 572, 270, 404, 655, 551, 738, 515, 666, 440, 141, 258, 201, 474, 433, 756, 543, 451, 348, 415, 28, 700, 664, 79, 658, 276, 243, 218, 728, 305, 289, 661, 534, 562, 199, 24, 466, 224, 46, 670, 229, 563, 686, 47, 704, 354, 197, 251, 546, 553, 83, 644, 636, 288, 30, 625, 693, 561, 186, 330, 57, 540, 77, 435, 282, 261, 1, 533, 177, 397, 611, 535, 621, 144, 257, 180, 291, 341, 346, 317, 558, 465, 631, 421, 220, 651, 223, 14, 695, 381, 455, 441, 598, 35, 550, 396, 580, 213, 107, 564, 547, 295, 62, 724, 509, 32, 379, 640, 544, 436, 576, 538, 701, 72, 521, 280, 206, 222, 137, 645, 459, 149, 26, 634, 448, 135, 516, 471, 453, 312, 189, 123, 246, 316, 660, 42, 488, 392, 697, 568, 493, 517, 120, 468, 111, 98, 106, 66, 428, 732, 192, 125, 366, 22, 618, 476, 190, 567, 726, 423, 623, 204, 323, 473, 716, 183, 460, 256, 17, 549, 418, 350, 175, 357, 0, 113, 240, 5, 489, 49, 417, 353, 131, 48, 630, 182, 249, 231, 532, 16, 157, 215, 617, 321, 76, 571, 494, 501, 681, 333, 65, 11, 278, 498, 602, 307, 751, 698, 454, 31, 277, 449, 409, 328, 714]
labeling = [11, 8, 6, 1, 3, 12, 10, 5, 0, 8, 2, 9, 4, 6, 15, 0, 13, 9, 0, 4, 13, 5, 10, 0, 7, 2, 13, 10, 2, 5, 8, 11, 13, 5, 3, 15, 7, 4, 12, 7, 5, 1, 12, 4, 1, 3, 5, 1, 3, 13, 11, 4, 8, 5, 0, 3, 1, 12, 10, 13, 0, 7, 16, 2, 6, 14, 11, 2, 7, 2, 5, 3, 15, 10, 1, 3, 17, 13, 4, 11, 0, 4, 7, 12, 3, 0, 7, 10, 0, 9, 11, 2, 0, 9, 3, 8, 10, 7, 16, 13, 7, 11, 6, 8, 2, 0, 16, 14, 12, 10, 5, 16, 7, 18, 2, 14, 5, 11, 0, 4, 8, 0, 5, 12, 8, 11, 7, 12, 8, 6, 9, 15, 8, 6, 9, 15, 1, 14, 6, 9, 2, 14, 12, 6, 13, 8, 6, 13, 11, 14, 2, 0, 11, 9, 4, 2, 0, 14, 10, 12, 7, 9, 2, 7, 13, 0, 3, 9, 4, 12, 9, 3, 13, 15, 10, 12, 3, 10, 0, 4, 14, 5, 16, 11, 0, 2, 12, 1, 3, 13, 11, 8, 16, 11, 5, 8, 3, 15, 4, 10, 1, 15, 4, 6, 17, 4, 15, 6, 12, 10, 5, 3, 1, 15, 5, 17, 0, 11, 9, 6, 15, 1, 17, 6, 15, 7, 10, 1, 7, 17, 1, 14, 5, 2, 6, 9, 3, 1, 7, 4, 10, 7, 5, 10, 0, 2, 4, 0, 3, 13, 1, 10, 0, 2, 7, 3, 9, 12, 8, 1, 7, 13, 3, 8, 15, 7, 11, 6, 8, 3, 14, 8, 3, 1, 4, 11, 5, 13, 8, 1, 5, 12, 16, 4, 11, 9, 7, 0, 2, 10, 3, 8, 0, 3, 8, 1, 11, 2, 0, 5, 3, 1, 8, 0, 2, 4, 7, 13, 2, 5, 0, 3, 9, 0, 8, 5, 18, 16, 1, 13, 9, 4, 2, 0, 11, 6, 12, 5, 7, 14, 16, 2, 0, 18, 3, 9, 0, 6, 2, 0, 5, 12, 3, 5, 2, 6, 8, 2, 10, 6, 17, 0, 12, 15, 13, 4, 9, 16, 2, 10, 12, 8, 10, 15, 11, 6, 14, 11, 8, 10, 14, 8, 2, 8, 4, 2, 5, 3, 6, 10, 1, 14, 0, 4, 15, 3, 1, 5, 13, 4, 8, 2, 4, 1, 12, 3, 11, 6, 8, 5, 7, 6, 9, 7, 17, 2, 16, 10, 5, 0, 13, 9, 17, 15, 1, 4, 4, 10, 14, 0, 7, 15, 11, 18, 7, 2, 5, 7, 10, 11, 9, 1, 3, 14, 4, 12, 16, 3, 0, 6, 13, 16, 8, 10, 0, 6, 9, 11, 6, 10, 4, 12, 5, 13, 18, 14, 4, 1, 7, 14, 17, 1, 7, 12, 8, 10, 9, 3, 15, 10, 2, 15, 5, 11, 0, 4, 13, 0, 3, 8, 6, 9, 7, 11, 1, 14, 12, 1, 4, 11, 4, 10, 15, 8, 15, 8, 13, 5, 11, 6, 1, 16, 3, 1, 4, 12, 7, 9, 6, 15, 10, 5, 0, 2, 1, 13, 18, 14, 10, 7, 4, 16, 6, 1, 0, 9, 11, 8, 4, 3, 5, 2, 15, 12, 10, 13, 0, 0, 17, 4, 6, 4, 7, 9, 15, 2, 10, 14, 5, 18, 10, 6, 0, 11, 8, 1, 2, 4, 13, 6, 3, 12, 7, 10, 15, 0, 0, 3, 5, 2, 4, 8, 14, 9, 11, 7, 2, 12, 6, 1, 13, 4, 0, 3, 8, 4, 9, 7, 5, 10, 2, 11, 2, 13, 15, 0, 0, 4, 17, 6, 12, 6, 14, 1, 3, 10, 2, 11, 9, 5, 8, 8, 4, 7, 0, 2, 0, 17, 12, 10, 4, 9, 2, 15, 1, 6, 4, 6, 8, 3, 9, 14, 0, 10, 12, 0, 12, 2, 5, 7, 2, 6, 8, 11, 9, 4, 0, 3, 1, 13, 0, 14, 10, 7, 5, 2, 6, 2, 17, 9, 12, 12, 4, 13, 15, 4, 14, 8, 11, 0, 10, 0, 6, 2, 5, 7, 3, 4, 10, 12, 14, 18, 1, 13, 1, 8, 16, 4, 8, 5, 9, 6, 3, 13, 6, 15, 2, 4, 12, 0, 11, 17, 9, 11, 1, 7, 5, 2, 4, 0, 7, 4, 11, 3, 13, 8, 12, 10, 2, 12, 0, 9, 6, 1, 3, 6, 14, 5, 8, 1, 7, 3, 11, 4, 5, 0, 2, 7, 10, 6, 1, 13, 3, 11, 9, 0, 6, 4, 7, 2, 10, 12, 8, 0, 5, 3, 11, 7]
convergência = [19, 19, 18, 18, 18, 18, 18, 18, 18, 18, 18, 18, 18, 18, 18, 18, 18, 18, 18, 18, 18, 18, 18, 18, 18, 18, 18, 18, 18, 18, 18, 18, 18, 18, 18, 18, 18, 18, 18, 18, 18, 18, 18, 18, 18, 18, 18, 18, 18, 18, 18, 18, 18, 18, 18, 18, 18, 18, 18, 18, 18, 18, 18, 18, 18, 18, 18, 18, 18, 18, 18, 18, 18, 18, 18, 18, 18, 18, 18, 18, 18, 18, 18, 18, 18, 18, 18, 18, 18, 18, 18, 18, 18, 18, 18, 18, 18, 18, 18, 18, 18, 18, 18, 18, 18, 18, 18, 18, 18, 18, 18, 18, 18, 18, 18, 18, 18, 18, 18, 18, 18, 18, 18, 18, 18, 18]

===== FIM =====
