===== RESULTADO BRKGA L(2,1) =====
Arquivo: /Users/mateuspedrosa/Documents/TCC-II/BRKGA/data/Harwell-Boeing_cleaned/dwt_869_clean.mtx

----- Execução #1 -----
[INFO] Parou por estagnação.
Tempo de execução: 91333ms
Span (lambda): 20
best_order = [794, 610, 813, 408, 550, 146, 683, 101, 446, 633, 12, 809, 689, 407, 278, 557, 484, 715, 158, 206, 173, 281, 270, 239, 232, 54, 272, 741, 528, 404, 839, 374, 665, 697, 842, 168, 451, 75, 291, 324, 762, 26, 552, 198, 525, 605, 212, 803, 518, 181, 694, 591, 702, 453, 310, 491, 828, 256, 81, 520, 115, 431, 128, 772, 334, 667, 199, 13, 564, 264, 669, 402, 587, 836, 773, 589, 675, 260, 650, 447, 806, 595, 859, 761, 361, 356, 476, 161, 145, 0, 45, 754, 229, 51, 330, 352, 61, 657, 572, 760, 177, 527, 449, 46, 684, 50, 850, 718, 464, 848, 744, 416, 355, 613, 162, 487, 795, 275, 332, 579, 567, 847, 333, 208, 143, 817, 364, 395, 596, 242, 316, 480, 849, 371, 18, 519, 514, 293, 722, 185, 503, 521, 42, 537, 415, 442, 644, 176, 6, 573, 22, 716, 454, 116, 698, 225, 505, 144, 250, 401, 73, 25, 429, 341, 365, 811, 346, 736, 786, 421, 124, 740, 865, 789, 197, 85, 578, 329, 305, 218, 468, 29, 379, 534, 440, 4, 737, 717, 417, 526, 271, 551, 777, 664, 98, 406, 392, 257, 228, 10, 757, 297, 172, 273, 131, 495, 867, 837, 676, 775, 469, 426, 778, 636, 338, 205, 670, 812, 856, 2, 327, 435, 776, 369, 315, 742, 582, 623, 756, 547, 34, 798, 43, 659, 535, 343, 630, 160, 483, 821, 234, 609, 672, 584, 600, 74, 17, 750, 151, 466, 201, 833, 94, 153, 632, 498, 799, 616, 774, 255, 485, 405, 626, 238, 814, 661, 359, 444, 580, 296, 267, 96, 671, 188, 70, 614, 38, 542, 389, 703, 79, 165, 515, 622, 427, 391, 764, 259, 390, 56, 648, 82, 251, 381, 639, 743, 494, 106, 531, 759, 41, 294, 149, 249, 68, 290, 114, 322, 857, 731, 829, 860, 274, 335, 284, 280, 439, 216, 693, 653, 303, 853, 20, 320, 362, 818, 3, 443, 640, 701, 712, 314, 512, 680, 456, 538, 24, 822, 685, 420, 209, 852, 388, 387, 787, 471, 63, 755, 418, 585, 708, 119, 611, 810, 651, 834, 156, 23, 97, 645, 473, 211, 452, 5, 687, 781, 560, 60, 55, 438, 462, 571, 331, 95, 289, 730, 793, 394, 569, 625, 711, 478, 348, 634, 227, 581, 286, 779, 313, 120, 377, 110, 758, 854, 301, 807, 326, 154, 103, 148, 433, 215, 862, 804, 861, 553, 502, 1, 383, 724, 400, 35, 190, 436, 132, 566, 393, 200, 576, 384, 784, 263, 603, 122, 125, 372, 130, 99, 76, 612, 117, 27, 283, 292, 113, 230, 577, 474, 14, 752, 586, 410, 738, 767, 507, 32, 171, 235, 214, 78, 19, 844, 554, 304, 457, 641, 627, 363, 265, 673, 312, 166, 709, 159, 169, 204, 459, 428, 183, 318, 308, 7, 747, 790, 412, 858, 36, 138, 832, 102, 496, 732, 243, 213, 543, 194, 830, 539, 386, 660, 72, 366, 808, 189, 835, 588, 824, 791, 472, 728, 593, 522, 509, 307, 358, 846, 380, 16, 288, 465, 186, 768, 337, 193, 734, 21, 298, 624, 285, 441, 682, 511, 425, 493, 241, 785, 248, 558, 9, 467, 279, 52, 545, 196, 643, 224, 258, 370, 696, 637, 123, 841, 655, 142, 222, 504, 191, 815, 109, 652, 751, 357, 58, 170, 707, 323, 373, 490, 721, 277, 819, 574, 649, 77, 437, 163, 475, 763, 351, 403, 69, 349, 455, 617, 231, 488, 501, 353, 544, 628, 137, 556, 378, 71, 606, 368, 692, 705, 385, 174, 105, 66, 252, 746, 748, 477, 180, 788, 139, 207, 84, 770, 450, 48, 529, 769, 840, 226, 827, 868, 445, 745, 155, 112, 221, 336, 823, 704, 300, 321, 792, 561, 88, 217, 237, 396, 202, 816, 354, 601, 240, 516, 245, 83, 532, 187, 219, 638, 533, 44, 15, 8, 802, 157, 615, 481, 164, 668, 140, 141, 135, 797, 710, 470, 192, 92, 306, 723, 549, 727, 414, 662, 64, 851, 184, 492, 642, 309, 460, 28, 247, 583, 706, 530, 57, 647, 700, 726, 118, 91, 244, 152, 720, 311, 604, 133, 93, 620, 674, 86, 104, 295, 548, 599, 342, 771, 855, 182, 53, 328, 508, 398, 735, 597, 713, 536, 607, 820, 590, 360, 863, 691, 350, 376, 866, 203, 801, 686, 719, 575, 319, 678, 463, 679, 108, 805, 765, 220, 340, 195, 619, 167, 629, 150, 562, 49, 831, 646, 59, 608, 422, 179, 565, 107, 749, 325, 864, 618, 111, 299, 555, 656, 725, 134, 782, 654, 367, 399, 681, 563, 559, 39, 40, 424, 80, 175, 62, 499, 287, 825, 89, 90, 733, 621, 635, 592, 513, 598, 448, 540, 695, 129, 236, 524, 147, 541, 223, 65, 233, 845, 826, 317, 261, 11, 690, 210, 838, 523, 397, 47, 783, 30, 344, 136, 458, 347, 506, 631, 246, 121, 546, 729, 663, 339, 302, 126, 268, 461, 282, 602, 482, 419, 780, 266, 345, 739, 276, 753, 658, 178, 423, 254, 411, 489, 714, 375, 127, 500, 430, 67, 796, 253, 37, 699, 33, 31, 570, 479, 409, 100, 262, 434, 666, 413, 766, 486, 677, 800, 843, 517, 382, 87, 269, 510, 594, 568, 432, 688, 497]
labeling = [0, 2, 6, 8, 5, 10, 1, 6, 8, 11, 4, 15, 0, 2, 12, 15, 13, 4, 1, 9, 7, 13, 4, 9, 7, 2, 0, 5, 12, 3, 10, 18, 11, 17, 5, 8, 8, 16, 6, 15, 10, 1, 1, 3, 12, 0, 4, 12, 11, 14, 5, 2, 8, 6, 0, 9, 7, 13, 10, 17, 1, 2, 12, 1, 18, 20, 15, 11, 6, 10, 4, 16, 12, 0, 3, 0, 8, 14, 9, 5, 12, 2, 5, 7, 9, 4, 13, 13, 1, 11, 6, 8, 5, 3, 0, 2, 4, 6, 2, 3, 8, 0, 11, 1, 10, 5, 7, 18, 16, 13, 7, 10, 14, 9, 4, 0, 0, 5, 11, 6, 8, 1, 3, 12, 2, 10, 13, 11, 0, 2, 9, 5, 8, 6, 8, 15, 7, 5, 3, 6, 8, 14, 11, 1, 3, 4, 0, 17, 11, 9, 14, 1, 12, 3, 7, 13, 6, 7, 2, 13, 6, 2, 4, 7, 10, 5, 9, 2, 0, 5, 15, 10, 8, 0, 13, 17, 2, 0, 15, 12, 5, 1, 17, 3, 14, 5, 11, 15, 6, 13, 7, 1, 10, 9, 7, 19, 12, 7, 1, 3, 10, 4, 17, 3, 6, 5, 0, 10, 2, 9, 17, 8, 0, 14, 12, 8, 0, 12, 3, 16, 5, 15, 13, 20, 11, 2, 16, 10, 5, 1, 7, 13, 1, 7, 4, 6, 15, 19, 6, 1, 17, 9, 4, 11, 20, 18, 16, 8, 17, 9, 3, 8, 13, 12, 18, 6, 3, 5, 14, 3, 1, 5, 20, 12, 2, 11, 15, 5, 7, 17, 0, 4, 2, 10, 12, 6, 16, 14, 0, 15, 9, 0, 20, 13, 11, 16, 10, 5, 2, 10, 7, 2, 11, 4, 2, 19, 4, 0, 7, 19, 17, 13, 19, 12, 15, 6, 18, 14, 7, 0, 1, 12, 6, 3, 5, 10, 3, 9, 12, 20, 5, 9, 5, 10, 0, 11, 14, 8, 0, 7, 1, 8, 3, 1, 2, 7, 15, 4, 1, 6, 15, 5, 13, 6, 10, 7, 4, 18, 9, 12, 17, 10, 2, 11, 16, 2, 0, 5, 8, 6, 16, 2, 5, 8, 4, 0, 8, 4, 14, 3, 10, 0, 11, 13, 0, 20, 18, 13, 15, 1, 12, 10, 12, 7, 9, 15, 6, 3, 1, 7, 11, 9, 6, 2, 5, 3, 12, 17, 10, 16, 14, 5, 2, 11, 0, 10, 8, 2, 0, 18, 12, 10, 8, 17, 13, 6, 4, 7, 9, 15, 5, 3, 15, 11, 16, 13, 1, 0, 7, 1, 18, 0, 3, 2, 12, 4, 9, 12, 8, 6, 2, 10, 1, 3, 7, 11, 0, 3, 14, 4, 8, 0, 8, 1, 6, 2, 4, 13, 17, 11, 9, 0, 11, 16, 2, 15, 4, 7, 3, 5, 14, 6, 12, 8, 10, 12, 1, 14, 7, 10, 3, 9, 17, 5, 0, 6, 8, 0, 11, 1, 8, 0, 13, 1, 7, 2, 11, 15, 2, 5, 17, 13, 11, 2, 6, 4, 14, 9, 13, 7, 13, 9, 3, 15, 5, 9, 12, 8, 0, 3, 1, 4, 7, 11, 19, 1, 7, 3, 1, 15, 17, 5, 15, 11, 1, 5, 17, 4, 10, 13, 18, 20, 7, 12, 8, 6, 13, 2, 12, 15, 0, 5, 2, 0, 10, 18, 3, 0, 10, 12, 3, 5, 7, 10, 0, 8, 3, 1, 12, 6, 10, 4, 0, 2, 9, 11, 6, 8, 3, 0, 5, 8, 6, 16, 8, 11, 9, 4, 14, 1, 13, 1, 11, 14, 1, 3, 6, 16, 20, 4, 4, 7, 17, 10, 15, 0, 10, 18, 9, 2, 0, 5, 12, 2, 7, 13, 1, 7, 13, 11, 14, 18, 9, 4, 11, 5, 3, 3, 8, 16, 1, 20, 6, 0, 8, 10, 0, 6, 4, 7, 10, 12, 15, 13, 1, 2, 13, 11, 0, 14, 3, 9, 5, 3, 10, 8, 15, 5, 16, 6, 11, 7, 0, 12, 3, 1, 18, 2, 13, 1, 4, 2, 5, 7, 11, 4, 8, 17, 9, 14, 6, 10, 2, 0, 6, 10, 12, 5, 11, 0, 4, 12, 9, 3, 1, 15, 7, 2, 4, 0, 12, 3, 0, 2, 7, 5, 10, 8, 6, 10, 15, 7, 5, 10, 12, 0, 2, 4, 0, 17, 2, 13, 1, 14, 3, 17, 13, 11, 9, 11, 9, 6, 11, 16, 9, 15, 1, 3, 6, 16, 3, 0, 4, 7, 2, 6, 10, 8, 0, 14, 8, 12, 10, 17, 0, 13, 4, 2, 5, 4, 2, 6, 1, 15, 11, 16, 18, 11, 7, 15, 13, 16, 3, 5, 9, 6, 8, 0, 3, 7, 20, 0, 19, 17, 12, 14, 2, 10, 6, 3, 9, 11, 14, 7, 0, 4, 17, 12, 4, 6, 15, 18, 16, 3, 10, 13, 1, 7, 9, 0, 4, 2, 5, 1, 6, 16, 11, 3, 5, 14, 12, 7, 9, 17, 14, 18, 20, 8, 0, 9, 3, 18, 11, 3, 8, 12, 1, 6, 10, 1, 15, 13, 0, 15, 10, 19, 15, 4, 2, 8, 5, 17, 4, 2, 5, 13, 7, 9, 11, 3, 11, 9, 6, 8, 11, 0, 16, 1, 3]
convergência = [21, 21, 21, 21, 21, 21, 21, 20, 20, 20, 20, 20, 20, 20, 20, 20, 20, 20, 20, 20, 20, 20, 20, 20, 20, 20, 20, 20, 20, 20, 20, 20, 20, 20, 20, 20, 20, 20, 20, 20, 20, 20, 20, 20, 20, 20, 20, 20, 20, 20, 20, 20, 20, 20, 20, 20, 20, 20, 20, 20, 20, 20, 20, 20, 20, 20, 20, 20, 20, 20, 20, 20, 20, 20, 20, 20, 20, 20, 20, 20, 20, 20, 20, 20, 20, 20, 20, 20, 20, 20, 20, 20, 20, 20, 20, 20, 20, 20, 20, 20, 20, 20, 20, 20, 20, 20, 20, 20, 20, 20, 20, 20, 20, 20, 20, 20, 20, 20, 20, 20, 20, 20, 20, 20, 20, 20, 20, 20, 20, 20, 20]

===== FIM =====
