===== RESULTADO BRKGA L(2,1) =====
Arquivo: /Users/mateuspedrosa/Documents/TCC-II/BRKGA/data/Harwell-Boeing_cleaned/dwt_245_clean.mtx

----- Execução #1 -----
[INFO] Parou por estagnação.
Tempo de execução: 20888ms
Span (lambda): 16
best_order = [53, 158, 149, 217, 230, 90, 63, 37, 94, 160, 69, 179, 76, 30, 139, 152, 192, 66, 61, 109, 233, 102, 28, 84, 11, 81, 203, 154, 227, 210, 101, 80, 168, 199, 189, 73, 15, 52, 193, 14, 72, 135, 92, 100, 211, 136, 86, 204, 29, 240, 78, 170, 32, 33, 220, 137, 85, 218, 242, 1, 178, 244, 215, 13, 138, 10, 113, 232, 60, 133, 164, 55, 123, 207, 68, 222, 20, 39, 119, 27, 243, 191, 103, 111, 234, 201, 188, 125, 206, 161, 38, 97, 2, 214, 194, 115, 175, 116, 70, 172, 35, 64, 195, 132, 43, 167, 83, 34, 96, 128, 50, 174, 95, 130, 147, 148, 239, 16, 181, 225, 62, 18, 91, 190, 65, 108, 21, 74, 216, 47, 146, 19, 106, 177, 238, 98, 169, 231, 3, 140, 112, 202, 131, 58, 127, 12, 4, 49, 187, 114, 185, 129, 235, 42, 134, 118, 56, 24, 40, 162, 122, 46, 176, 48, 23, 223, 89, 171, 88, 213, 150, 212, 151, 99, 126, 107, 51, 36, 236, 219, 145, 221, 5, 79, 155, 173, 105, 241, 120, 186, 156, 110, 104, 182, 198, 77, 8, 196, 141, 229, 142, 59, 7, 54, 144, 87, 180, 209, 121, 0, 163, 41, 157, 166, 45, 224, 22, 26, 57, 44, 117, 226, 6, 165, 159, 183, 143, 228, 82, 124, 237, 200, 71, 17, 197, 9, 208, 75, 153, 93, 31, 184, 205, 67, 25]
labeling = [5, 0, 3, 1, 11, 13, 0, 15, 12, 1, 10, 4, 0, 7, 3, 1, 9, 16, 5, 8, 2, 6, 15, 11, 4, 3, 14, 9, 2, 6, 0, 16, 8, 3, 11, 7, 14, 0, 4, 3, 10, 13, 6, 1, 12, 16, 7, 1, 12, 9, 7, 9, 2, 0, 13, 4, 6, 14, 9, 12, 7, 2, 5, 1, 8, 10, 3, 14, 5, 0, 6, 10, 5, 3, 8, 15, 0, 11, 5, 16, 2, 3, 1, 9, 4, 6, 0, 15, 13, 7, 0, 3, 1, 11, 1, 14, 12, 10, 15, 13, 8, 7, 5, 6, 9, 2, 0, 3, 8, 2, 12, 1, 3, 0, 4, 2, 6, 9, 3, 0, 2, 9, 7, 1, 8, 0, 4, 2, 0, 2, 1, 3, 7, 0, 9, 1, 4, 9, 11, 3, 0, 3, 5, 1, 4, 3, 5, 8, 10, 0, 12, 5, 2, 4, 0, 2, 4, 15, 0, 16, 1, 0, 6, 8, 2, 0, 6, 4, 0, 2, 0, 4, 2, 5, 7, 3, 5, 1, 4, 0, 6, 4, 1, 3, 5, 0, 4, 1, 3, 1, 12, 8, 2, 6, 8, 4, 14, 16, 10, 3, 2, 4, 5, 0, 2, 13, 5, 3, 6, 7, 1, 3, 6, 4, 7, 1, 11, 0, 4, 3, 0, 11, 4, 9, 6, 1, 5, 0, 7, 13, 0, 5, 1, 2, 7, 9, 11, 13, 4, 2, 0, 8, 1, 6, 0]
convergência = [17, 17, 17, 17, 17, 16, 16, 16, 16, 16, 16, 16, 16, 16, 16, 16, 16, 16, 16, 16, 16, 16, 16, 16, 16, 16, 16, 16, 16, 16, 16, 16, 16, 16, 16, 16, 16, 16, 16, 16, 16, 16, 16, 16, 16, 16, 16, 16, 16, 16, 16, 16, 16, 16, 16, 16, 16, 16, 16, 16, 16, 16, 16, 16, 16, 16, 16, 16, 16, 16, 16, 16, 16, 16, 16, 16, 16, 16, 16, 16, 16, 16, 16, 16, 16, 16, 16, 16, 16, 16, 16, 16, 16, 16, 16, 16, 16, 16, 16, 16, 16, 16, 16, 16, 16, 16, 16, 16, 16, 16, 16, 16, 16, 16, 16, 16, 16, 16, 16, 16, 16, 16, 16, 16, 16, 16, 16, 16, 16]

===== FIM =====
