===== RESULTADO BRKGA L(2,1) =====
Arquivo: /Users/mateuspedrosa/Documents/TCC-II/BRKGA/data/Harwell-Boeing_cleaned/dwt_221_clean.mtx

----- Execução #1 -----
[INFO] Parou por estagnação.
Tempo de execução: 29036ms
Span (lambda): 15
best_order = [101, 205, 51, 78, 84, 214, 180, 69, 21, 12, 192, 90, 82, 151, 75, 137, 35, 48, 124, 76, 40, 59, 74, 122, 68, 1, 96, 210, 85, 34, 62, 147, 27, 198, 72, 36, 86, 119, 159, 174, 182, 163, 70, 196, 73, 178, 160, 47, 170, 102, 55, 152, 98, 132, 167, 155, 94, 120, 15, 3, 25, 183, 80, 53, 140, 63, 49, 45, 103, 211, 191, 97, 31, 161, 37, 11, 136, 128, 206, 64, 143, 104, 126, 197, 145, 92, 186, 169, 220, 28, 26, 113, 61, 203, 129, 194, 10, 4, 5, 114, 108, 218, 209, 201, 93, 202, 187, 2, 111, 23, 89, 164, 176, 83, 208, 138, 32, 158, 29, 46, 20, 54, 22, 42, 117, 217, 204, 195, 144, 199, 19, 99, 123, 219, 105, 95, 177, 30, 184, 154, 200, 212, 6, 65, 38, 134, 66, 17, 175, 166, 213, 77, 146, 14, 135, 87, 133, 165, 16, 162, 168, 110, 188, 121, 172, 156, 157, 148, 181, 52, 131, 9, 207, 24, 18, 50, 0, 190, 39, 141, 41, 109, 57, 189, 107, 91, 125, 58, 179, 127, 60, 112, 139, 118, 88, 13, 193, 142, 8, 153, 33, 173, 106, 71, 215, 67, 56, 171, 7, 115, 216, 149, 81, 43, 185, 44, 116, 150, 79, 100, 130]
labeling = [14, 1, 8, 5, 7, 5, 11, 15, 13, 11, 9, 7, 0, 14, 5, 4, 8, 2, 12, 12, 10, 0, 10, 10, 13, 1, 8, 3, 3, 7, 9, 4, 5, 6, 0, 2, 4, 0, 14, 13, 3, 14, 8, 13, 15, 2, 10, 5, 1, 7, 13, 0, 12, 6, 9, 4, 14, 8, 12, 2, 10, 3, 6, 8, 5, 7, 12, 1, 7, 0, 1, 14, 4, 9, 5, 2, 4, 10, 0, 15, 11, 13, 3, 6, 1, 3, 7, 12, 9, 5, 2, 13, 10, 8, 3, 11, 2, 9, 1, 12, 14, 0, 5, 8, 0, 6, 6, 12, 10, 3, 1, 5, 14, 0, 3, 6, 11, 9, 1, 5, 7, 12, 3, 10, 1, 13, 4, 11, 2, 5, 7, 15, 6, 13, 9, 12, 2, 0, 5, 11, 9, 1, 14, 4, 11, 6, 12, 2, 14, 9, 15, 1, 3, 12, 10, 3, 12, 12, 8, 0, 2, 6, 8, 0, 2, 4, 12, 3, 11, 9, 6, 2, 13, 0, 5, 9, 7, 1, 4, 13, 0, 10, 4, 1, 8, 10, 3, 1, 7, 10, 4, 2, 0, 14, 6, 8, 0, 3, 1, 11, 5, 1, 10, 8, 11, 0, 6, 11, 9, 7, 2, 4, 13, 15, 0, 5, 11, 6, 8, 10, 7]
convergência = [16, 16, 16, 16, 16, 16, 16, 16, 16, 16, 16, 16, 16, 16, 16, 16, 16, 16, 16, 16, 16, 16, 16, 16, 16, 16, 16, 16, 16, 16, 16, 16, 16, 16, 16, 16, 16, 16, 15, 15, 15, 15, 15, 15, 15, 15, 15, 15, 15, 15, 15, 15, 15, 15, 15, 15, 15, 15, 15, 15, 15, 15, 15, 15, 15, 15, 15, 15, 15, 15, 15, 15, 15, 15, 15, 15, 15, 15, 15, 15, 15, 15, 15, 15, 15, 15, 15, 15, 15, 15, 15, 15, 15, 15, 15, 15, 15, 15, 15, 15, 15, 15, 15, 15, 15, 15, 15, 15, 15, 15, 15, 15, 15, 15, 15, 15, 15, 15, 15, 15, 15, 15, 15, 15, 15, 15, 15, 15, 15, 15, 15, 15, 15, 15, 15, 15, 15, 15, 15, 15, 15, 15, 15, 15, 15, 15, 15, 15, 15, 15, 15, 15, 15, 15, 15, 15, 15, 15, 15, 15, 15, 15]

===== FIM =====
