===== RESULTADO BRKGA L(2,1) =====
Arquivo: /Users/mateuspedrosa/Documents/TCC-II/BRKGA/data/Harwell-Boeing_cleaned/dwt_607_clean.mtx

----- Execução #1 -----
[INFO] Parou por estagnação.
Tempo de execução: 119855ms
Span (lambda): 21
best_order = [151, 594, 200, 439, 246, 469, 352, 423, 507, 185, 143, 48, 343, 148, 217, 336, 263, 353, 394, 49, 435, 588, 301, 320, 334, 603, 556, 244, 43, 586, 488, 31, 402, 305, 421, 349, 595, 208, 81, 176, 373, 233, 490, 196, 598, 232, 104, 87, 211, 120, 496, 98, 181, 538, 578, 458, 566, 228, 583, 523, 30, 1, 111, 249, 133, 593, 375, 11, 525, 560, 29, 529, 491, 253, 149, 261, 131, 407, 535, 513, 454, 282, 526, 530, 453, 433, 204, 428, 390, 86, 3, 274, 240, 416, 505, 547, 393, 579, 197, 485, 275, 8, 24, 518, 499, 187, 65, 109, 348, 483, 173, 444, 340, 84, 75, 78, 25, 129, 193, 398, 34, 470, 218, 296, 293, 147, 356, 225, 237, 230, 114, 574, 386, 142, 103, 552, 410, 184, 160, 521, 140, 434, 397, 346, 516, 455, 212, 278, 100, 372, 540, 369, 18, 251, 597, 568, 219, 385, 522, 229, 541, 512, 584, 409, 519, 201, 61, 520, 248, 589, 384, 570, 227, 33, 153, 585, 441, 445, 83, 213, 220, 141, 571, 509, 239, 295, 170, 106, 231, 203, 527, 250, 299, 186, 382, 404, 467, 202, 145, 337, 427, 14, 503, 333, 155, 88, 315, 47, 432, 377, 69, 592, 254, 128, 408, 497, 191, 60, 575, 569, 442, 94, 381, 169, 302, 124, 2, 260, 199, 367, 504, 35, 96, 443, 582, 64, 112, 472, 105, 27, 304, 42, 10, 19, 39, 226, 463, 563, 22, 85, 168, 359, 292, 482, 316, 446, 271, 329, 498, 297, 495, 309, 567, 599, 172, 565, 107, 57, 159, 17, 93, 77, 456, 361, 378, 383, 279, 223, 194, 313, 420, 118, 255, 26, 475, 502, 179, 113, 354, 80, 40, 511, 425, 387, 379, 20, 258, 7, 276, 327, 281, 68, 210, 548, 82, 389, 332, 473, 139, 376, 116, 162, 285, 517, 418, 265, 339, 252, 514, 290, 551, 422, 330, 272, 6, 572, 89, 58, 175, 242, 546, 577, 323, 63, 542, 245, 528, 122, 97, 532, 289, 477, 545, 437, 134, 363, 564, 351, 345, 163, 596, 234, 37, 431, 15, 166, 559, 357, 555, 388, 183, 138, 277, 501, 91, 364, 601, 192, 370, 436, 494, 125, 493, 328, 286, 92, 66, 23, 262, 171, 71, 311, 198, 152, 510, 41, 400, 403, 189, 283, 489, 52, 268, 130, 358, 206, 214, 415, 165, 486, 256, 310, 150, 451, 76, 99, 543, 500, 457, 136, 447, 317, 154, 123, 471, 53, 46, 108, 487, 405, 287, 284, 557, 380, 492, 79, 190, 5, 314, 396, 167, 591, 156, 479, 195, 573, 506, 391, 553, 9, 459, 115, 580, 32, 144, 576, 544, 306, 259, 161, 28, 478, 484, 177, 464, 146, 448, 45, 406, 300, 95, 395, 90, 331, 205, 539, 462, 324, 590, 70, 474, 325, 341, 236, 424, 13, 326, 158, 465, 308, 67, 235, 468, 360, 449, 452, 558, 365, 605, 294, 215, 73, 508, 303, 347, 430, 312, 216, 110, 126, 342, 426, 0, 355, 350, 288, 121, 554, 16, 257, 537, 321, 241, 338, 411, 344, 222, 102, 460, 414, 401, 59, 550, 182, 438, 335, 429, 461, 561, 440, 238, 247, 476, 581, 392, 399, 132, 180, 12, 127, 374, 50, 368, 480, 531, 534, 298, 413, 273, 178, 119, 74, 117, 266, 135, 319, 221, 209, 602, 264, 466, 207, 267, 562, 56, 549, 322, 62, 536, 362, 524, 188, 269, 533, 291, 157, 280, 412, 54, 137, 604, 371, 4, 51, 55, 36, 587, 318, 515, 21, 419, 243, 307, 164, 270, 481, 600, 44, 366, 38, 174, 72, 224, 101, 606, 417, 450]
labeling = [1, 6, 8, 1, 16, 13, 11, 3, 1, 8, 0, 2, 12, 14, 3, 12, 18, 11, 3, 9, 7, 3, 1, 12, 5, 1, 14, 12, 15, 3, 1, 5, 3, 11, 9, 3, 20, 9, 17, 9, 5, 16, 10, 0, 19, 5, 13, 6, 0, 2, 16, 19, 7, 16, 17, 20, 16, 12, 15, 17, 7, 5, 14, 12, 7, 2, 8, 15, 7, 0, 15, 8, 18, 11, 13, 0, 11, 2, 4, 7, 14, 0, 4, 2, 0, 10, 3, 1, 4, 11, 13, 3, 9, 4, 2, 10, 3, 5, 2, 6, 3, 10, 8, 5, 2, 7, 3, 9, 12, 1, 9, 0, 5, 8, 6, 9, 15, 17, 14, 4, 0, 18, 15, 19, 13, 2, 7, 20, 10, 6, 16, 4, 20, 1, 16, 18, 1, 6, 10, 8, 3, 9, 6, 0, 18, 9, 14, 0, 2, 7, 10, 0, 18, 6, 17, 4, 14, 21, 18, 10, 1, 11, 6, 4, 12, 6, 10, 15, 12, 10, 1, 16, 8, 1, 19, 3, 1, 10, 20, 9, 18, 3, 12, 4, 3, 0, 12, 2, 19, 7, 12, 6, 17, 7, 10, 5, 1, 4, 13, 9, 0, 8, 14, 12, 6, 10, 3, 20, 0, 21, 13, 2, 8, 11, 16, 20, 10, 4, 10, 8, 5, 15, 14, 8, 21, 9, 14, 11, 2, 7, 6, 10, 2, 4, 9, 19, 16, 7, 20, 13, 6, 17, 13, 18, 0, 9, 1, 18, 5, 3, 8, 5, 14, 3, 13, 16, 7, 15, 5, 14, 1, 5, 15, 0, 21, 6, 21, 16, 9, 11, 16, 3, 10, 20, 5, 3, 3, 16, 8, 15, 19, 11, 5, 17, 19, 8, 2, 5, 17, 2, 11, 17, 10, 4, 19, 1, 7, 3, 18, 3, 3, 2, 12, 19, 12, 0, 11, 18, 6, 7, 15, 9, 16, 2, 11, 3, 7, 9, 16, 13, 0, 9, 11, 5, 18, 11, 13, 0, 12, 8, 10, 17, 11, 2, 2, 8, 1, 4, 13, 8, 0, 13, 15, 0, 8, 0, 6, 18, 3, 1, 16, 13, 1, 3, 0, 5, 1, 15, 9, 5, 15, 6, 0, 12, 15, 13, 0, 5, 17, 7, 10, 18, 6, 4, 9, 2, 10, 7, 9, 6, 4, 15, 10, 13, 7, 3, 1, 8, 14, 9, 2, 11, 17, 2, 0, 14, 12, 5, 3, 16, 11, 14, 1, 13, 4, 11, 0, 2, 12, 8, 4, 14, 17, 13, 10, 16, 4, 20, 10, 4, 8, 1, 9, 0, 5, 3, 8, 6, 2, 8, 13, 7, 5, 1, 6, 0, 5, 2, 6, 0, 12, 6, 1, 3, 0, 2, 5, 0, 2, 11, 13, 3, 5, 4, 2, 6, 8, 13, 3, 11, 1, 15, 5, 2, 8, 10, 15, 2, 6, 0, 2, 10, 6, 9, 4, 6, 13, 8, 16, 14, 12, 17, 6, 1, 10, 0, 11, 13, 0, 11, 1, 6, 9, 4, 13, 9, 0, 3, 6, 0, 12, 4, 9, 5, 8, 3, 11, 0, 11, 4, 10, 6, 4, 1, 9, 15, 4, 8, 2, 7, 9, 5, 7, 4, 18, 0, 2, 7, 11, 4, 1, 13, 9, 16, 14, 1, 15, 12, 1, 13, 2, 2, 7, 12, 15, 13, 11, 3, 7, 13, 11, 6, 3, 12, 14, 10, 2, 8, 16, 10, 5, 14, 6, 5, 11, 7, 2, 6, 3, 7, 4, 6, 9, 4, 0, 5, 9, 2, 0, 5, 14, 10, 5, 0, 3, 6, 1, 8, 0, 6, 14, 12, 1, 3, 0, 2, 8, 3, 0, 4, 12, 9, 11, 0, 14, 11, 0]
convergência = [22, 22, 22, 22, 22, 22, 22, 22, 22, 22, 22, 22, 22, 22, 22, 22, 22, 22, 22, 22, 22, 22, 22, 22, 22, 22, 22, 22, 22, 22, 22, 22, 22, 22, 22, 22, 22, 22, 22, 22, 22, 22, 22, 22, 22, 22, 22, 22, 22, 22, 22, 22, 22, 22, 22, 22, 22, 22, 22, 22, 22, 22, 22, 22, 22, 22, 22, 22, 22, 22, 22, 22, 22, 22, 22, 22, 22, 22, 22, 22, 22, 22, 22, 22, 22, 22, 22, 22, 22, 21, 21, 21, 21, 21, 21, 21, 21, 21, 21, 21, 21, 21, 21, 21, 21, 21, 21, 21, 21, 21, 21, 21, 21, 21, 21, 21, 21, 21, 21, 21, 21, 21, 21, 21, 21, 21, 21, 21, 21, 21, 21, 21, 21, 21, 21, 21, 21, 21, 21, 21, 21, 21, 21, 21, 21, 21, 21, 21, 21, 21, 21, 21, 21, 21, 21, 21, 21, 21, 21, 21, 21, 21, 21, 21, 21, 21, 21, 21, 21, 21, 21, 21, 21, 21, 21, 21, 21, 21, 21, 21, 21, 21, 21, 21, 21, 21, 21, 21, 21, 21, 21, 21, 21, 21, 21, 21, 21, 21, 21, 21, 21, 21, 21, 21, 21, 21, 21, 21, 21, 21, 21, 21, 21]

===== FIM =====
