===== RESULTADO BRKGA L(2,1) =====
Arquivo: /Users/mateuspedrosa/Documents/TCC-II/BRKGA/data/Harwell-Boeing_cleaned/dwt_72_clean.mtx

----- Execução #1 -----
[INFO] Parou por estagnação.
Tempo de execução: 795ms
Span (lambda): 6
best_order = [34, 16, 43, 14, 15, 69, 67, 53, 61, 24, 47, 63, 26, 60, 55, 64, 54, 46, 59, 57, 30, 48, 40, 49, 65, 9, 29, 4, 41, 6, 51, 32, 22, 58, 71, 28, 11, 3, 0, 12, 33, 50, 2, 36, 37, 35, 25, 5, 56, 62, 44, 45, 39, 42, 1, 31, 18, 23, 10, 21, 66, 17, 68, 19, 7, 13, 38, 27, 8, 70, 20, 52]
labeling = [0, 6, 4, 2, 0, 4, 1, 3, 5, 0, 3, 1, 2, 4, 1, 3, 0, 5, 3, 6, 0, 4, 1, 3, 0, 2, 1, 6, 4, 2, 0, 5, 2, 4, 0, 5, 1, 3, 0, 4, 6, 2, 3, 0, 2, 6, 4, 1, 5, 0, 3, 1, 5, 0, 3, 4, 2, 0, 6, 4, 2, 0, 4, 1, 3, 0, 5, 2, 5, 0, 1, 3]
convergência = [6, 6, 6, 6, 6, 6, 6, 6, 6, 6, 6, 6, 6, 6, 6, 6, 6, 6, 6, 6, 6, 6, 6, 6, 6, 6, 6, 6, 6, 6, 6, 6, 6, 6, 6, 6, 6, 6, 6, 6, 6, 6, 6, 6, 6, 6, 6, 6, 6, 6, 6, 6, 6, 6, 6, 6, 6, 6, 6, 6, 6, 6, 6, 6, 6, 6, 6, 6, 6, 6, 6, 6, 6, 6, 6, 6, 6, 6, 6, 6, 6, 6, 6, 6, 6, 6, 6, 6, 6, 6, 6, 6, 6, 6, 6, 6, 6, 6, 6, 6, 6, 6, 6, 6, 6, 6, 6, 6, 6, 6, 6, 6, 6, 6, 6, 6, 6, 6, 6, 6, 6, 6, 6, 6]

===== FIM =====
