===== RESULTADO BRKGA L(2,1) =====
Arquivo: /Users/mateuspedrosa/Documents/TCC-II/BRKGA/data/Harwell-Boeing_cleaned/dwt_918_clean.mtx

----- Execução #1 -----
[INFO] Parou por estagnação.
Tempo de execução: 99008ms
Span (lambda): 19
best_order = [291, 8, 750, 228, 447, 823, 446, 165, 257, 209, 436, 800, 481, 505, 272, 82, 341, 838, 621, 696, 29, 705, 534, 69, 198, 431, 878, 578, 634, 89, 77, 457, 595, 612, 562, 586, 649, 387, 812, 809, 412, 65, 745, 851, 36, 377, 417, 342, 11, 352, 636, 727, 440, 99, 722, 647, 507, 246, 513, 326, 21, 792, 896, 176, 497, 687, 254, 351, 439, 386, 632, 193, 843, 655, 670, 467, 145, 114, 339, 187, 552, 202, 133, 83, 806, 758, 529, 448, 548, 350, 136, 297, 425, 120, 60, 487, 630, 374, 92, 331, 241, 871, 462, 739, 643, 75, 802, 834, 518, 295, 887, 201, 688, 184, 28, 370, 624, 774, 119, 493, 312, 103, 880, 917, 116, 719, 494, 604, 908, 430, 67, 863, 872, 197, 401, 738, 889, 840, 654, 86, 736, 576, 286, 334, 70, 111, 6, 100, 794, 904, 906, 641, 680, 835, 268, 517, 815, 248, 475, 734, 275, 877, 26, 862, 587, 784, 155, 901, 20, 402, 186, 514, 702, 848, 666, 597, 613, 369, 602, 691, 298, 677, 707, 590, 822, 413, 683, 816, 135, 94, 854, 405, 42, 213, 500, 631, 287, 311, 172, 23, 317, 392, 242, 278, 274, 633, 180, 699, 642, 588, 665, 0, 206, 262, 915, 833, 161, 749, 237, 778, 525, 84, 336, 157, 115, 233, 407, 672, 305, 886, 73, 415, 842, 340, 207, 813, 429, 638, 39, 545, 498, 657, 434, 892, 741, 560, 124, 142, 712, 740, 134, 424, 229, 626, 521, 811, 159, 783, 864, 337, 689, 821, 605, 154, 537, 914, 222, 427, 579, 818, 905, 101, 606, 491, 236, 771, 577, 78, 803, 773, 550, 600, 117, 344, 591, 528, 530, 824, 107, 127, 49, 884, 759, 883, 290, 199, 269, 238, 366, 769, 243, 406, 48, 618, 44, 847, 857, 463, 283, 279, 786, 96, 629, 398, 137, 179, 347, 559, 516, 601, 662, 724, 105, 571, 7, 825, 43, 532, 245, 218, 476, 367, 627, 798, 270, 211, 482, 780, 4, 797, 194, 916, 510, 553, 861, 371, 365, 474, 443, 95, 255, 706, 192, 63, 728, 189, 388, 767, 309, 589, 261, 247, 167, 610, 820, 9, 125, 671, 512, 761, 772, 866, 171, 181, 17, 830, 225, 744, 338, 480, 458, 873, 526, 219, 234, 56, 538, 121, 320, 212, 860, 108, 585, 682, 644, 701, 593, 635, 754, 232, 166, 396, 870, 239, 313, 503, 285, 679, 888, 912, 755, 804, 208, 22, 76, 141, 569, 846, 799, 575, 690, 244, 828, 358, 795, 540, 713, 869, 10, 678, 557, 24, 13, 343, 885, 698, 903, 693, 324, 732, 509, 715, 565, 35, 837, 910, 891, 316, 162, 18, 384, 639, 5, 496, 574, 708, 354, 492, 426, 174, 549, 302, 508, 788, 850, 68, 845, 409, 907, 14, 231, 46, 3, 47, 19, 220, 768, 573, 205, 879, 625, 789, 221, 656, 420, 144, 714, 570, 182, 385, 893, 158, 289, 277, 301, 304, 230, 416, 118, 264, 450, 865, 303, 742, 90, 733, 64, 45, 726, 470, 511, 259, 489, 608, 743, 831, 853, 544, 280, 611, 393, 296, 288, 215, 394, 148, 52, 468, 400, 650, 421, 441, 34, 852, 488, 319, 899, 423, 353, 332, 224, 664, 214, 98, 123, 913, 53, 533, 796, 282, 195, 703, 785, 640, 456, 55, 479, 836, 433, 281, 435, 766, 839, 695, 817, 173, 697, 156, 620, 777, 546, 163, 674, 725, 59, 868, 716, 376, 37, 335, 363, 752, 616, 30, 122, 648, 519, 364, 79, 598, 382, 227, 318, 251, 50, 735, 235, 190, 594, 515, 472, 223, 454, 102, 383, 432, 599, 859, 524, 659, 721, 568, 663, 300, 669, 395, 453, 539, 827, 177, 216, 710, 895, 793, 637, 582, 25, 153, 380, 349, 748, 694, 389, 563, 763, 700, 15, 531, 762, 252, 667, 57, 543, 523, 263, 645, 459, 660, 310, 147, 104, 486, 266, 556, 668, 442, 673, 359, 361, 438, 782, 322, 653, 276, 293, 408, 787, 455, 858, 844, 527, 495, 619, 483, 379, 807, 378, 876, 210, 16, 81, 91, 849, 826, 506, 615, 260, 110, 504, 390, 756, 775, 720, 188, 138, 477, 109, 522, 333, 520, 900, 2, 250, 321, 12, 718, 449, 628, 808, 760, 541, 362, 151, 325, 661, 27, 810, 902, 368, 381, 348, 555, 32, 51, 566, 841, 484, 132, 692, 583, 404, 31, 265, 685, 54, 617, 419, 829, 603, 249, 572, 651, 801, 403, 418, 328, 355, 451, 294, 704, 204, 609, 791, 731, 580, 356, 561, 856, 592, 729, 437, 535, 200, 709, 547, 490, 465, 554, 267, 445, 874, 330, 258, 746, 253, 737, 152, 33, 501, 62, 40, 478, 112, 776, 765, 542, 751, 203, 168, 170, 61, 790, 855, 464, 770, 256, 596, 684, 711, 329, 284, 113, 781, 779, 414, 292, 357, 536, 867, 130, 411, 150, 314, 80, 614, 183, 814, 185, 149, 74, 72, 273, 399, 890, 87, 143, 327, 41, 88, 360, 58, 819, 881, 898, 128, 97, 473, 894, 217, 308, 686, 460, 85, 71, 675, 499, 139, 466, 461, 38, 764, 169, 717, 747, 681, 196, 558, 126, 909, 897, 444, 882, 581, 129, 375, 178, 373, 469, 391, 306, 422, 757, 622, 623, 502, 646, 345, 584, 551, 372, 346, 106, 140, 410, 428, 567, 160, 911, 175, 676, 1, 299, 805, 315, 131, 164, 271, 723, 93, 875, 397, 658, 485, 832, 307, 323, 240, 191, 652, 66, 226, 471, 564, 146, 452, 730, 753, 607]
labeling = [3, 15, 13, 2, 0, 0, 4, 6, 0, 7, 9, 3, 11, 9, 5, 11, 7, 3, 6, 8, 2, 0, 7, 5, 1, 10, 4, 12, 2, 0, 5, 14, 1, 16, 10, 8, 2, 13, 18, 5, 16, 14, 4, 7, 1, 12, 9, 11, 8, 6, 11, 15, 10, 12, 14, 13, 10, 14, 17, 9, 1, 17, 17, 8, 3, 0, 19, 5, 8, 0, 5, 11, 15, 7, 14, 3, 10, 2, 9, 4, 12, 9, 0, 4, 7, 13, 1, 16, 18, 2, 11, 16, 3, 19, 7, 11, 8, 18, 14, 0, 5, 9, 13, 0, 3, 8, 12, 4, 7, 10, 8, 1, 4, 15, 1, 6, 2, 5, 10, 2, 0, 6, 1, 9, 2, 4, 12, 3, 11, 13, 8, 17, 12, 3, 8, 4, 0, 7, 4, 14, 16, 8, 3, 11, 5, 0, 14, 6, 0, 9, 6, 2, 5, 1, 3, 0, 8, 4, 1, 5, 10, 3, 5, 10, 11, 0, 7, 10, 17, 19, 15, 11, 1, 12, 8, 14, 0, 7, 11, 6, 2, 10, 12, 9, 4, 13, 5, 0, 13, 8, 13, 6, 4, 2, 9, 13, 15, 6, 1, 3, 16, 2, 2, 16, 12, 0, 8, 10, 12, 0, 14, 3, 5, 2, 17, 15, 11, 18, 1, 9, 7, 13, 5, 13, 8, 6, 19, 16, 0, 3, 10, 2, 12, 3, 11, 14, 8, 5, 7, 14, 17, 1, 6, 10, 11, 9, 0, 10, 4, 16, 13, 4, 13, 18, 2, 8, 18, 0, 16, 6, 15, 11, 5, 14, 12, 12, 10, 17, 0, 7, 10, 6, 2, 14, 3, 1, 12, 8, 3, 9, 12, 17, 15, 5, 15, 6, 1, 3, 5, 2, 8, 0, 9, 6, 14, 2, 11, 0, 2, 11, 13, 10, 8, 14, 12, 6, 16, 18, 11, 4, 10, 6, 4, 7, 5, 18, 7, 4, 8, 13, 10, 16, 14, 1, 9, 14, 0, 19, 16, 18, 15, 1, 3, 12, 2, 11, 6, 7, 9, 5, 8, 0, 2, 11, 0, 17, 15, 1, 14, 6, 0, 3, 1, 10, 4, 13, 15, 17, 5, 11, 17, 8, 13, 7, 11, 7, 5, 2, 10, 4, 2, 6, 18, 16, 1, 13, 7, 0, 14, 3, 11, 14, 9, 12, 8, 5, 1, 0, 3, 13, 15, 8, 4, 2, 11, 12, 9, 5, 7, 7, 4, 1, 3, 15, 11, 2, 8, 6, 11, 10, 7, 16, 0, 4, 14, 1, 9, 2, 10, 11, 7, 12, 16, 14, 5, 3, 10, 8, 12, 6, 4, 2, 9, 11, 0, 1, 4, 16, 13, 7, 5, 9, 3, 7, 12, 10, 2, 0, 3, 8, 4, 2, 8, 11, 7, 12, 6, 1, 3, 9, 11, 14, 0, 3, 11, 5, 12, 1, 6, 10, 0, 14, 6, 13, 4, 0, 3, 5, 13, 8, 5, 0, 4, 15, 5, 2, 12, 1, 15, 13, 17, 9, 11, 3, 5, 13, 8, 1, 7, 17, 3, 16, 14, 8, 13, 0, 14, 3, 10, 7, 6, 12, 10, 0, 4, 8, 5, 0, 2, 10, 17, 5, 16, 13, 9, 2, 0, 3, 5, 2, 6, 12, 9, 6, 1, 19, 9, 4, 8, 16, 6, 14, 19, 13, 11, 0, 11, 17, 1, 8, 3, 18, 0, 3, 15, 12, 10, 6, 14, 1, 7, 14, 3, 11, 12, 10, 1, 18, 14, 4, 7, 2, 15, 9, 7, 5, 2, 4, 0, 2, 12, 16, 7, 10, 16, 4, 2, 5, 8, 10, 5, 7, 17, 6, 12, 0, 19, 4, 10, 13, 5, 7, 0, 11, 3, 5, 2, 16, 9, 14, 6, 12, 1, 4, 14, 9, 2, 13, 5, 8, 6, 0, 16, 18, 0, 13, 3, 9, 11, 5, 3, 6, 1, 8, 0, 11, 1, 12, 3, 9, 12, 4, 9, 4, 7, 14, 17, 2, 15, 0, 6, 15, 17, 13, 2, 0, 10, 5, 19, 12, 17, 14, 1, 12, 4, 8, 5, 15, 17, 13, 3, 10, 3, 7, 10, 1, 11, 7, 12, 4, 1, 15, 5, 0, 15, 13, 16, 2, 4, 9, 6, 1, 8, 2, 6, 3, 0, 10, 13, 8, 3, 5, 2, 10, 3, 0, 11, 6, 14, 19, 11, 18, 6, 11, 9, 7, 12, 15, 7, 0, 18, 16, 0, 13, 3, 9, 14, 1, 4, 19, 13, 16, 6, 8, 0, 10, 3, 9, 4, 2, 8, 4, 13, 6, 0, 1, 7, 19, 4, 2, 0, 11, 10, 13, 6, 7, 12, 15, 4, 5, 16, 10, 14, 12, 9, 15, 11, 1, 7, 9, 10, 5, 6, 7, 4, 18, 8, 9, 1, 16, 11, 12, 15, 2, 1, 4, 3, 7, 5, 2, 8, 4, 1, 0, 3, 11, 13, 1, 10, 9, 0, 13, 2, 3, 6, 15, 4, 9, 18, 2, 13, 4, 0, 8, 14, 2, 7, 13, 9, 15, 11, 7, 6, 0, 8, 9, 12, 11, 7, 15, 5, 6, 13, 4, 2, 4, 5, 1, 0, 8, 2, 16, 6, 1, 15, 9, 12, 3, 6, 14, 8, 1, 13, 9, 0, 6, 15, 1, 13, 12, 2, 9, 4, 3, 6, 12, 10, 17, 7, 5, 4, 3, 1, 6, 16, 15, 14, 3, 0, 8, 2, 18, 19, 1, 7, 9, 5, 4, 8, 6, 11, 3, 2, 10, 15, 4, 0, 16, 17, 11, 15, 1, 0, 9, 2, 5, 4, 11, 1, 6, 9, 10, 7, 8, 1, 6, 5, 0]
convergência = [19, 19, 19, 19, 19, 19, 19, 19, 19, 19, 19, 19, 19, 19, 19, 19, 19, 19, 19, 19, 19, 19, 19, 19, 19, 19, 19, 19, 19, 19, 19, 19, 19, 19, 19, 19, 19, 19, 19, 19, 19, 19, 19, 19, 19, 19, 19, 19, 19, 19, 19, 19, 19, 19, 19, 19, 19, 19, 19, 19, 19, 19, 19, 19, 19, 19, 19, 19, 19, 19, 19, 19, 19, 19, 19, 19, 19, 19, 19, 19, 19, 19, 19, 19, 19, 19, 19, 19, 19, 19, 19, 19, 19, 19, 19, 19, 19, 19, 19, 19, 19, 19, 19, 19, 19, 19, 19, 19, 19, 19, 19, 19, 19, 19, 19, 19, 19, 19, 19, 19, 19, 19, 19, 19]

===== FIM =====
