===== RESULTADO BRKGA L(2,1) =====
Arquivo: /Users/mateuspedrosa/Documents/TCC-II/BRKGA/data/Harwell-Boeing_cleaned/dwt_310_clean.mtx

----- Execução #1 -----
[INFO] Parou por estagnação.
Tempo de execução: 36222ms
Span (lambda): 16
best_order = [294, 284, 187, 133, 7, 221, 299, 41, 283, 194, 243, 239, 144, 302, 140, 59, 16, 271, 76, 177, 26, 110, 205, 167, 278, 50, 46, 166, 10, 18, 184, 126, 287, 91, 34, 277, 5, 111, 301, 253, 75, 306, 84, 70, 232, 107, 269, 129, 62, 130, 37, 213, 230, 222, 273, 281, 136, 219, 23, 17, 188, 152, 309, 66, 132, 160, 197, 190, 262, 79, 286, 116, 153, 231, 118, 31, 308, 236, 178, 204, 158, 73, 280, 228, 195, 303, 175, 125, 71, 261, 147, 69, 82, 163, 220, 251, 234, 201, 172, 97, 293, 90, 138, 214, 20, 208, 81, 206, 209, 131, 104, 22, 270, 88, 124, 289, 61, 96, 64, 142, 102, 49, 168, 92, 77, 48, 122, 254, 4, 276, 173, 146, 86, 117, 282, 95, 8, 38, 139, 58, 24, 149, 259, 250, 60, 114, 181, 99, 200, 47, 115, 161, 274, 174, 83, 297, 245, 186, 15, 216, 176, 101, 42, 103, 215, 292, 157, 207, 87, 290, 3, 183, 191, 0, 145, 113, 6, 35, 55, 307, 199, 266, 29, 2, 162, 226, 27, 192, 12, 63, 159, 258, 44, 223, 241, 68, 56, 265, 193, 211, 237, 32, 298, 156, 108, 1, 275, 85, 267, 304, 247, 171, 238, 94, 210, 72, 296, 109, 217, 248, 233, 128, 148, 36, 74, 121, 25, 165, 295, 127, 53, 57, 141, 9, 189, 67, 134, 78, 93, 21, 40, 45, 19, 196, 249, 11, 170, 135, 260, 185, 182, 151, 257, 225, 98, 43, 235, 80, 279, 14, 285, 106, 28, 268, 52, 264, 30, 65, 39, 246, 202, 143, 119, 154, 105, 305, 120, 242, 256, 155, 100, 150, 288, 255, 203, 137, 252, 198, 123, 229, 54, 291, 272, 179, 112, 169, 180, 89, 212, 263, 300, 244, 218, 224, 240, 227, 33, 51, 13, 164]
labeling = [1, 11, 9, 4, 5, 3, 7, 0, 2, 8, 1, 14, 2, 15, 11, 5, 0, 6, 4, 12, 0, 10, 6, 1, 3, 10, 2, 9, 15, 8, 13, 4, 8, 10, 5, 7, 11, 3, 5, 16, 11, 0, 5, 3, 1, 14, 0, 7, 2, 6, 3, 9, 10, 12, 16, 4, 10, 12, 8, 1, 7, 7, 2, 9, 6, 15, 5, 14, 10, 4, 0, 5, 11, 0, 13, 2, 0, 6, 2, 3, 13, 8, 3, 7, 4, 12, 8, 11, 7, 16, 6, 1, 9, 16, 14, 5, 3, 2, 10, 4, 15, 11, 6, 10, 1, 9, 12, 0, 8, 13, 0, 3, 15, 7, 4, 3, 1, 4, 0, 5, 14, 7, 5, 13, 10, 3, 2, 9, 7, 4, 6, 8, 1, 0, 11, 13, 5, 16, 10, 12, 0, 11, 5, 5, 1, 9, 2, 8, 3, 3, 12, 14, 1, 7, 13, 15, 10, 7, 5, 10, 4, 9, 2, 1, 15, 13, 2, 0, 6, 11, 11, 9, 6, 8, 12, 3, 1, 0, 4, 14, 16, 10, 7, 5, 2, 10, 7, 0, 4, 13, 2, 5, 13, 15, 2, 6, 9, 0, 16, 9, 11, 8, 16, 14, 3, 1, 6, 14, 1, 5, 10, 1, 12, 3, 10, 12, 7, 13, 4, 5, 8, 0, 4, 9, 15, 11, 11, 13, 6, 14, 1, 5, 2, 3, 1, 10, 3, 8, 10, 0, 5, 7, 15, 0, 16, 6, 3, 9, 11, 13, 5, 2, 13, 1, 4, 16, 3, 8, 10, 4, 11, 2, 0, 14, 6, 12, 7, 9, 15, 7, 9, 1, 15, 0, 5, 13, 11, 5, 3, 11, 8, 2, 6, 2, 0, 14, 6, 4, 14, 4, 9, 16, 12, 10, 0, 12, 11, 7, 5, 1, 15, 5, 2, 0, 2, 13, 3, 11, 9, 7]
convergência = [18, 17, 17, 17, 17, 17, 17, 17, 17, 17, 17, 17, 17, 17, 17, 17, 17, 17, 17, 17, 17, 17, 17, 17, 17, 17, 17, 17, 17, 17, 17, 17, 17, 17, 17, 17, 17, 17, 17, 17, 17, 17, 17, 17, 17, 16, 16, 16, 16, 16, 16, 16, 16, 16, 16, 16, 16, 16, 16, 16, 16, 16, 16, 16, 16, 16, 16, 16, 16, 16, 16, 16, 16, 16, 16, 16, 16, 16, 16, 16, 16, 16, 16, 16, 16, 16, 16, 16, 16, 16, 16, 16, 16, 16, 16, 16, 16, 16, 16, 16, 16, 16, 16, 16, 16, 16, 16, 16, 16, 16, 16, 16, 16, 16, 16, 16, 16, 16, 16, 16, 16, 16, 16, 16, 16, 16, 16, 16, 16, 16, 16, 16, 16, 16, 16, 16, 16, 16, 16, 16, 16, 16, 16, 16, 16, 16, 16, 16, 16, 16, 16, 16, 16, 16, 16, 16, 16, 16, 16, 16, 16, 16, 16, 16, 16, 16, 16, 16, 16]

===== FIM =====
