===== RESULTADO BRKGA L(2,1) =====
Arquivo: /Users/mateuspedrosa/Documents/TCC-II/BRKGA/data/irace_training/dwt_346_clean.mtx

----- Execução #1 -----
[INFO] Parou por estagnação.
Tempo de execução: 235197ms
Span (lambda): 26
best_order = [32, 326, 251, 172, 25, 271, 244, 220, 120, 122, 79, 2, 194, 66, 256, 287, 212, 12, 211, 53, 311, 333, 86, 46, 23, 34, 170, 261, 124, 60, 50, 57, 15, 59, 175, 16, 210, 245, 112, 54, 104, 181, 137, 339, 336, 37, 275, 227, 305, 143, 156, 5, 101, 61, 140, 188, 35, 85, 126, 320, 167, 266, 341, 325, 214, 228, 164, 139, 62, 149, 108, 44, 273, 260, 161, 330, 24, 203, 106, 319, 283, 42, 97, 71, 255, 36, 290, 4, 299, 39, 239, 304, 291, 118, 267, 238, 160, 125, 243, 102, 38, 21, 300, 248, 150, 286, 236, 344, 224, 340, 321, 6, 72, 298, 89, 301, 84, 63, 241, 132, 43, 217, 90, 159, 1, 257, 10, 64, 95, 80, 144, 202, 262, 147, 332, 158, 27, 174, 14, 109, 22, 103, 98, 335, 237, 309, 252, 204, 117, 75, 129, 123, 70, 316, 215, 88, 297, 173, 19, 78, 293, 334, 268, 3, 281, 45, 327, 343, 105, 229, 91, 121, 296, 231, 264, 295, 187, 302, 331, 31, 310, 183, 52, 171, 294, 11, 81, 130, 314, 200, 247, 168, 303, 131, 278, 8, 18, 157, 226, 152, 185, 208, 163, 107, 190, 233, 209, 154, 318, 83, 179, 26, 133, 74, 288, 328, 13, 17, 134, 28, 282, 269, 230, 195, 76, 65, 176, 193, 113, 166, 49, 93, 33, 205, 263, 225, 69, 153, 20, 306, 110, 136, 73, 111, 240, 186, 201, 222, 274, 142, 169, 259, 232, 323, 218, 216, 99, 322, 317, 254, 148, 55, 182, 9, 128, 253, 189, 94, 146, 96, 277, 138, 145, 198, 197, 284, 285, 308, 67, 87, 265, 116, 250, 180, 289, 199, 41, 0, 47, 115, 119, 342, 338, 196, 235, 242, 178, 127, 292, 234, 92, 345, 184, 141, 191, 165, 177, 276, 207, 82, 324, 337, 135, 307, 246, 213, 56, 221, 155, 7, 77, 30, 40, 312, 58, 280, 151, 272, 206, 219, 162, 270, 114, 329, 29, 279, 223, 100, 249, 313, 315, 48, 192, 51, 258, 68]
labeling = [5, 10, 0, 2, 3, 7, 14, 22, 15, 11, 16, 12, 2, 8, 5, 2, 1, 19, 14, 12, 15, 12, 17, 4, 9, 0, 21, 18, 20, 1, 5, 3, 0, 7, 1, 9, 7, 6, 11, 10, 24, 8, 3, 11, 2, 13, 0, 24, 16, 23, 5, 22, 22, 2, 8, 25, 19, 4, 26, 6, 1, 1, 7, 10, 12, 0, 3, 20, 9, 7, 18, 10, 7, 0, 14, 11, 2, 14, 20, 1, 12, 16, 15, 23, 14, 9, 0, 2, 11, 5, 2, 7, 3, 0, 19, 15, 16, 4, 7, 17, 5, 5, 13, 9, 3, 0, 9, 21, 11, 4, 1, 3, 0, 18, 22, 17, 2, 0, 0, 12, 0, 15, 1, 13, 2, 10, 6, 18, 24, 16, 19, 8, 0, 2, 4, 7, 5, 1, 3, 0, 6, 19, 7, 4, 11, 17, 23, 14, 2, 8, 12, 26, 15, 0, 6, 22, 2, 13, 0, 3, 10, 8, 0, 11, 7, 25, 21, 3, 17, 14, 1, 18, 0, 7, 9, 3, 10, 15, 10, 4, 11, 0, 14, 12, 6, 9, 5, 16, 8, 15, 19, 24, 7, 20, 5, 2, 24, 16, 0, 2, 16, 0, 6, 2, 4, 13, 21, 16, 19, 14, 6, 3, 1, 25, 10, 4, 21, 13, 22, 17, 3, 2, 0, 7, 11, 19, 12, 1, 4, 7, 20, 17, 11, 7, 5, 22, 10, 15, 9, 12, 14, 11, 24, 0, 2, 5, 26, 16, 8, 26, 20, 0, 12, 23, 18, 7, 4, 13, 3, 6, 2, 0, 10, 2, 9, 0, 0, 4, 10, 13, 15, 0, 6, 2, 19, 6, 23, 15, 9, 18, 16, 7, 9, 3, 20, 15, 9, 1, 18, 21, 1, 7, 25, 14, 16, 11, 0, 14, 9, 5, 3, 8, 6, 0, 5, 2, 11, 14, 13, 10, 8, 3, 16, 21, 17, 24, 0, 6, 4, 2, 0, 4, 2, 0, 0, 4, 0, 0, 4, 7, 2, 5, 2, 0, 4, 2, 0, 6, 6, 0, 13, 0, 3, 2, 2, 2]
convergência = [27, 27, 27, 27, 27, 27, 27, 27, 27, 27, 27, 27, 27, 27, 27, 27, 27, 27, 27, 27, 27, 26, 26, 26, 26, 26, 26, 26, 26, 26, 26, 26, 26, 26, 26, 26, 26, 26, 26, 26, 26, 26, 26, 26, 26, 26, 26, 26, 26, 26, 26, 26, 26, 26, 26, 26, 26, 26, 26, 26, 26, 26, 26, 26, 26, 26, 26, 26, 26, 26, 26, 26, 26, 26, 26, 26, 26, 26, 26, 26, 26, 26, 26, 26, 26, 26, 26, 26, 26, 26, 26, 26, 26, 26, 26, 26, 26, 26, 26, 26, 26, 26, 26, 26, 26, 26, 26, 26, 26, 26, 26, 26, 26, 26, 26, 26, 26, 26, 26, 26, 26, 26, 26, 26, 26, 26, 26, 26, 26, 26, 26, 26, 26, 26, 26, 26, 26, 26, 26, 26, 26, 26, 26, 26, 26, 26, 26, 26, 26, 26, 26, 26, 26, 26, 26, 26, 26, 26, 26, 26, 26, 26, 26, 26, 26, 26, 26, 26, 26, 26, 26, 26, 26, 26, 26, 26, 26, 26, 26, 26, 26, 26, 26, 26, 26, 26, 26, 26, 26, 26, 26, 26, 26, 26, 26, 26, 26, 26, 26, 26, 26, 26, 26, 26, 26, 26, 26, 26, 26, 26, 26, 26, 26, 26, 26, 26, 26, 26, 26, 26, 26, 26, 26, 26, 26, 26, 26, 26, 26, 26, 26, 26, 26, 26, 26, 26, 26, 26, 26, 26, 26, 26, 26, 26, 26, 26, 26, 26, 26, 26, 26, 26, 26, 26, 26, 26, 26, 26, 26, 26, 26, 26, 26, 26, 26, 26, 26, 26, 26, 26, 26, 26, 26, 26, 26, 26, 26, 26, 26, 26, 26, 26, 26, 26, 26, 26, 26, 26, 26, 26, 26, 26, 26, 26, 26, 26, 26, 26, 26, 26, 26, 26, 26, 26, 26, 26, 26, 26, 26, 26, 26, 26, 26, 26, 26, 26, 26, 26, 26, 26, 26, 26, 26, 26, 26, 26, 26, 26, 26, 26, 26, 26, 26, 26, 26, 26, 26, 26, 26, 26, 26, 26, 26, 26, 26, 26, 26, 26, 26, 26, 26, 26, 26, 26, 26, 26, 26, 26, 26, 26, 26, 26, 26, 26, 26, 26, 26, 26, 26, 26, 26, 26, 26, 26, 26, 26, 26, 26, 26, 26, 26, 26, 26, 26, 26, 26, 26, 26, 26, 26, 26, 26, 26, 26, 26, 26, 26, 26, 26, 26, 26, 26, 26, 26, 26, 26, 26, 26, 26, 26, 26, 26, 26, 26, 26, 26, 26, 26, 26, 26, 26, 26, 26, 26, 26, 26, 26, 26, 26, 26, 26, 26, 26, 26, 26, 26, 26, 26, 26, 26, 26, 26, 26, 26, 26, 26, 26, 26, 26, 26, 26, 26, 26, 26, 26, 26, 26, 26, 26, 26, 26, 26, 26, 26, 26, 26, 26, 26, 26, 26, 26, 26, 26, 26, 26, 26, 26, 26, 26, 26, 26, 26, 26, 26, 26, 26, 26, 26, 26, 26, 26, 26, 26, 26, 26, 26, 26, 26, 26, 26, 26, 26, 26, 26, 26, 26, 26, 26, 26, 26, 26, 26, 26, 26, 26, 26, 26, 26, 26, 26, 26, 26, 26, 26, 26, 26, 26, 26, 26, 26, 26, 26, 26, 26, 26, 26, 26, 26, 26, 26, 26, 26, 26, 26, 26, 26, 26, 26, 26, 26, 26, 26, 26, 26, 26, 26, 26, 26, 26, 26, 26, 26, 26, 26, 26, 26, 26, 26, 26, 26, 26, 26, 26, 26, 26, 26, 26, 26, 26, 26, 26, 26, 26, 26, 26, 26, 26, 26, 26, 26, 26, 26, 26, 26, 26, 26, 26, 26, 26, 26, 26, 26, 26, 26, 26, 26, 26, 26, 26, 26, 26, 26, 26, 26, 26, 26, 26, 26, 26, 26, 26, 26, 26, 26, 26, 26, 26, 26, 26, 26, 26, 26, 26, 26, 26, 26, 26, 26, 26, 26, 26, 26, 26, 26, 26, 26, 26, 26, 26, 26, 26, 26, 26, 26, 26, 26, 26, 26, 26, 26, 26, 26, 26, 26, 26, 26, 26, 26, 26, 26, 26, 26, 26, 26, 26, 26, 26, 26, 26, 26, 26, 26, 26, 26, 26, 26, 26, 26, 26, 26, 26, 26, 26, 26, 26, 26, 26, 26, 26, 26, 26, 26, 26, 26, 26, 26, 26, 26, 26, 26, 26, 26, 26, 26, 26, 26, 26, 26, 26, 26, 26, 26, 26, 26, 26, 26, 26, 26]

===== FIM =====
