===== RESULTADO BRKGA L(2,1) =====
Arquivo: /Users/mateuspedrosa/Documents/TCC-II/BRKGA/data/Harwell-Boeing_cleaned/dwt_87_clean.mtx

----- Execução #1 -----
[INFO] Parou por estagnação.
Tempo de execução: 2238ms
Span (lambda): 14
best_order = [78, 64, 86, 63, 27, 57, 51, 9, 70, 69, 16, 47, 85, 50, 19, 55, 20, 37, 58, 7, 66, 25, 74, 41, 6, 46, 39, 18, 35, 23, 15, 31, 28, 2, 26, 75, 38, 40, 30, 71, 77, 1, 61, 12, 42, 0, 34, 32, 4, 17, 60, 24, 79, 21, 81, 68, 10, 13, 72, 44, 56, 43, 67, 82, 84, 83, 80, 59, 11, 53, 49, 8, 54, 29, 65, 62, 3, 52, 76, 73, 33, 36, 22, 45, 5, 14, 48]
labeling = [8, 6, 4, 10, 7, 14, 1, 3, 11, 0, 8, 5, 2, 10, 11, 7, 4, 9, 6, 1, 0, 5, 9, 4, 7, 0, 5, 2, 3, 13, 2, 0, 1, 14, 9, 3, 6, 5, 5, 3, 7, 0, 5, 4, 7, 7, 2, 1, 9, 14, 2, 1, 10, 12, 13, 3, 11, 0, 0, 3, 2, 7, 4, 2, 0, 13, 5, 10, 8, 4, 2, 6, 12, 14, 1, 5, 13, 8, 0, 10, 12, 3, 7, 9, 3, 0, 1]
convergência = [15, 15, 15, 15, 14, 14, 14, 14, 14, 14, 14, 14, 14, 14, 14, 14, 14, 14, 14, 14, 14, 14, 14, 14, 14, 14, 14, 14, 14, 14, 14, 14, 14, 14, 14, 14, 14, 14, 14, 14, 14, 14, 14, 14, 14, 14, 14, 14, 14, 14, 14, 14, 14, 14, 14, 14, 14, 14, 14, 14, 14, 14, 14, 14, 14, 14, 14, 14, 14, 14, 14, 14, 14, 14, 14, 14, 14, 14, 14, 14, 14, 14, 14, 14, 14, 14, 14, 14, 14, 14, 14, 14, 14, 14, 14, 14, 14, 14, 14, 14, 14, 14, 14, 14, 14, 14, 14, 14, 14, 14, 14, 14, 14, 14, 14, 14, 14, 14, 14, 14, 14, 14, 14, 14, 14, 14, 14, 14]

===== FIM =====
