===== RESULTADO BRKGA L(2,1) =====
Arquivo: /Users/mateuspedrosa/Documents/TCC-II/BRKGA/data/Harwell-Boeing_cleaned/dwt_492_clean.mtx

----- Execução #1 -----
[INFO] Parou por estagnação.
Tempo de execução: 39215ms
Span (lambda): 16
best_order = [435, 310, 282, 268, 354, 101, 45, 267, 304, 266, 107, 396, 363, 394, 20, 429, 153, 469, 115, 22, 324, 260, 345, 73, 276, 75, 359, 380, 84, 381, 395, 399, 475, 4, 63, 335, 467, 281, 385, 123, 122, 326, 391, 106, 209, 284, 424, 108, 203, 151, 179, 487, 96, 309, 34, 379, 217, 172, 378, 141, 215, 180, 70, 24, 351, 316, 297, 53, 318, 38, 257, 99, 80, 37, 105, 137, 277, 12, 483, 44, 27, 387, 93, 3, 466, 51, 360, 362, 218, 358, 413, 444, 241, 440, 174, 481, 235, 447, 470, 340, 60, 348, 230, 261, 415, 246, 455, 176, 32, 113, 175, 25, 143, 321, 9, 18, 398, 146, 202, 323, 457, 114, 460, 126, 189, 227, 139, 474, 112, 193, 194, 68, 405, 221, 490, 271, 427, 177, 242, 471, 191, 275, 186, 292, 208, 185, 138, 87, 14, 425, 192, 160, 229, 445, 249, 226, 332, 349, 10, 365, 370, 409, 446, 314, 279, 419, 86, 328, 155, 8, 454, 253, 78, 39, 173, 449, 210, 67, 237, 452, 397, 15, 16, 140, 212, 152, 222, 71, 206, 478, 272, 255, 124, 233, 439, 248, 216, 317, 322, 149, 479, 337, 468, 331, 90, 120, 383, 157, 373, 223, 428, 302, 372, 6, 456, 313, 76, 198, 412, 450, 262, 29, 433, 269, 207, 448, 312, 156, 388, 480, 238, 263, 334, 159, 154, 164, 308, 377, 128, 352, 438, 95, 369, 411, 333, 459, 200, 162, 31, 285, 329, 89, 251, 315, 220, 436, 265, 258, 278, 371, 88, 110, 300, 239, 48, 188, 116, 117, 432, 2, 0, 111, 420, 367, 414, 65, 290, 259, 69, 28, 240, 462, 150, 325, 295, 270, 199, 390, 213, 130, 219, 458, 100, 299, 484, 453, 171, 190, 416, 389, 118, 187, 33, 305, 62, 361, 148, 41, 252, 132, 356, 463, 195, 81, 165, 355, 19, 64, 23, 72, 393, 341, 36, 129, 473, 357, 147, 344, 119, 283, 384, 461, 347, 131, 181, 289, 410, 245, 59, 83, 485, 204, 451, 417, 336, 167, 465, 49, 477, 376, 142, 306, 145, 5, 102, 161, 434, 11, 288, 298, 296, 402, 320, 280, 330, 231, 346, 403, 422, 135, 183, 366, 489, 61, 168, 408, 244, 442, 307, 91, 46, 133, 232, 486, 443, 7, 406, 386, 418, 97, 243, 301, 437, 21, 430, 464, 55, 254, 30, 273, 482, 350, 488, 205, 182, 303, 236, 225, 286, 426, 121, 166, 77, 368, 291, 82, 250, 136, 158, 353, 214, 50, 339, 40, 201, 196, 401, 476, 74, 163, 92, 134, 342, 35, 127, 382, 228, 125, 294, 79, 52, 374, 423, 17, 256, 407, 178, 1, 184, 144, 169, 404, 98, 491, 274, 364, 343, 170, 338, 431, 327, 264, 43, 392, 58, 104, 441, 66, 224, 57, 94, 287, 26, 197, 13, 54, 109, 56, 42, 211, 311, 421, 293, 400, 103, 47, 319, 85, 375, 247, 472, 234]
labeling = [7, 2, 4, 3, 0, 9, 6, 12, 4, 2, 5, 9, 1, 8, 4, 1, 3, 12, 1, 7, 2, 13, 1, 7, 2, 8, 16, 3, 7, 5, 14, 9, 5, 0, 0, 6, 1, 4, 2, 7, 11, 8, 16, 14, 5, 0, 11, 16, 9, 12, 10, 5, 14, 1, 16, 11, 15, 13, 10, 6, 6, 5, 11, 0, 10, 1, 16, 7, 3, 12, 0, 10, 15, 1, 13, 2, 5, 14, 8, 15, 6, 3, 13, 9, 1, 16, 8, 6, 12, 9, 5, 11, 10, 0, 11, 10, 4, 11, 15, 5, 14, 0, 8, 12, 16, 7, 2, 0, 3, 7, 2, 6, 5, 2, 4, 2, 5, 4, 3, 8, 4, 14, 3, 0, 4, 13, 2, 10, 8, 8, 3, 13, 3, 12, 14, 12, 4, 0, 6, 2, 4, 5, 11, 4, 16, 12, 1, 13, 11, 6, 10, 0, 2, 0, 9, 5, 8, 4, 6, 7, 3, 6, 6, 10, 5, 8, 10, 5, 7, 9, 12, 7, 0, 3, 1, 4, 2, 1, 13, 1, 3, 6, 8, 5, 1, 9, 7, 4, 2, 0, 3, 5, 11, 4, 6, 9, 7, 5, 5, 8, 3, 1, 2, 0, 11, 13, 1, 5, 4, 0, 3, 7, 7, 9, 14, 2, 6, 0, 0, 10, 4, 2, 5, 8, 14, 12, 5, 2, 10, 4, 0, 6, 2, 8, 14, 1, 6, 2, 8, 10, 4, 0, 5, 12, 15, 13, 0, 4, 7, 1, 6, 2, 5, 3, 14, 4, 8, 2, 11, 13, 0, 4, 9, 6, 7, 7, 0, 2, 0, 7, 5, 3, 6, 12, 1, 5, 3, 1, 8, 4, 10, 2, 0, 3, 0, 4, 1, 11, 9, 6, 1, 5, 2, 10, 8, 2, 13, 0, 11, 3, 0, 12, 1, 5, 2, 9, 5, 2, 7, 4, 0, 12, 1, 8, 6, 9, 2, 3, 0, 4, 11, 6, 2, 5, 1, 10, 3, 7, 0, 8, 12, 6, 0, 4, 1, 3, 9, 2, 7, 12, 5, 0, 0, 6, 8, 2, 4, 3, 1, 7, 10, 5, 1, 12, 0, 11, 8, 5, 3, 1, 4, 6, 2, 0, 13, 3, 8, 4, 10, 5, 1, 7, 5, 2, 11, 14, 9, 7, 5, 2, 0, 1, 14, 4, 6, 3, 12, 7, 9, 5, 3, 4, 12, 10, 1, 2, 0, 8, 6, 0, 7, 7, 5, 2, 4, 3, 10, 15, 11, 2, 6, 7, 5, 0, 3, 3, 9, 10, 12, 1, 3, 14, 5, 11, 0, 0, 8, 0, 4, 1, 3, 11, 0, 2, 6, 0, 9, 7, 5, 3, 7, 11, 2, 9, 1, 4, 6, 0, 3, 8, 0, 12, 3, 7, 2, 4, 9, 0, 5, 11, 6, 13, 3, 7, 15, 9, 2, 1, 5, 0, 4, 8, 10, 6, 4, 1, 3, 3, 1, 2, 7, 1, 3, 1, 3, 5, 7, 0, 4, 9, 1, 12]
convergência = [16, 16, 16, 16, 16, 16, 16, 16, 16, 16, 16, 16, 16, 16, 16, 16, 16, 16, 16, 16, 16, 16, 16, 16, 16, 16, 16, 16, 16, 16, 16, 16, 16, 16, 16, 16, 16, 16, 16, 16, 16, 16, 16, 16, 16, 16, 16, 16, 16, 16, 16, 16, 16, 16, 16, 16, 16, 16, 16, 16, 16, 16, 16, 16, 16, 16, 16, 16, 16, 16, 16, 16, 16, 16, 16, 16, 16, 16, 16, 16, 16, 16, 16, 16, 16, 16, 16, 16, 16, 16, 16, 16, 16, 16, 16, 16, 16, 16, 16, 16, 16, 16, 16, 16, 16, 16, 16, 16, 16, 16, 16, 16, 16, 16, 16, 16, 16, 16, 16, 16, 16, 16, 16, 16]

===== FIM =====
