===== RESULTADO BRKGA L(2,1) =====
Arquivo: /Users/mateuspedrosa/Documents/TCC-II/BRKGA/data/Harwell-Boeing_cleaned/dwt_592_clean.mtx

----- Execução #1 -----
[INFO] Parou por estagnação.
Tempo de execução: 62288ms
Span (lambda): 20
best_order = [233, 7, 577, 264, 338, 28, 555, 143, 56, 103, 303, 177, 18, 358, 453, 493, 180, 45, 301, 226, 365, 485, 403, 304, 162, 310, 14, 581, 104, 456, 89, 405, 425, 568, 224, 432, 462, 348, 422, 273, 259, 212, 217, 357, 128, 395, 339, 341, 140, 469, 445, 87, 267, 193, 373, 26, 248, 521, 361, 322, 579, 79, 408, 182, 441, 421, 525, 418, 240, 352, 229, 587, 375, 261, 524, 249, 2, 176, 188, 476, 220, 351, 381, 280, 67, 323, 52, 72, 130, 53, 389, 12, 58, 178, 353, 402, 284, 22, 90, 91, 24, 561, 428, 308, 242, 482, 435, 383, 288, 505, 540, 519, 588, 80, 31, 346, 223, 511, 61, 37, 534, 189, 431, 294, 69, 564, 327, 190, 204, 563, 567, 337, 500, 107, 550, 473, 454, 477, 321, 585, 340, 399, 343, 551, 47, 16, 589, 127, 167, 255, 490, 538, 481, 256, 325, 228, 33, 544, 222, 138, 350, 50, 192, 191, 203, 460, 535, 573, 117, 247, 394, 133, 211, 290, 129, 164, 533, 328, 436, 251, 591, 118, 520, 423, 298, 181, 13, 487, 158, 570, 199, 283, 307, 163, 527, 20, 464, 370, 458, 39, 451, 51, 502, 393, 513, 507, 71, 113, 139, 426, 64, 157, 169, 532, 221, 213, 92, 75, 318, 239, 237, 116, 36, 154, 38, 496, 99, 201, 59, 414, 342, 23, 546, 171, 584, 8, 409, 354, 101, 151, 86, 427, 9, 543, 571, 82, 311, 556, 156, 580, 334, 141, 562, 541, 160, 277, 245, 385, 198, 85, 362, 231, 150, 444, 299, 582, 35, 70, 114, 314, 98, 269, 433, 489, 289, 483, 110, 410, 142, 63, 166, 559, 168, 377, 326, 516, 413, 260, 388, 371, 5, 484, 472, 376, 275, 398, 572, 552, 498, 83, 386, 380, 526, 366, 119, 329, 179, 0, 76, 447, 46, 111, 135, 194, 208, 387, 147, 43, 384, 479, 522, 41, 374, 523, 330, 159, 246, 262, 102, 27, 356, 95, 392, 120, 292, 517, 49, 503, 320, 400, 461, 196, 420, 333, 499, 238, 254, 439, 367, 17, 122, 438, 515, 21, 417, 263, 313, 509, 186, 84, 463, 542, 170, 287, 1, 285, 518, 115, 545, 501, 355, 296, 42, 265, 467, 442, 123, 148, 504, 206, 510, 553, 312, 478, 219, 144, 124, 459, 347, 471, 491, 416, 379, 126, 173, 121, 65, 578, 468, 316, 512, 57, 494, 406, 225, 210, 88, 300, 574, 235, 470, 97, 455, 415, 404, 586, 396, 411, 319, 440, 137, 236, 55, 465, 536, 506, 161, 258, 78, 266, 215, 146, 32, 302, 391, 44, 272, 576, 514, 279, 309, 486, 241, 382, 149, 583, 183, 457, 268, 349, 547, 34, 336, 276, 94, 448, 152, 172, 62, 131, 331, 218, 590, 187, 93, 66, 495, 443, 397, 155, 378, 74, 560, 73, 68, 474, 252, 230, 557, 209, 548, 243, 54, 136, 345, 434, 430, 566, 480, 324, 419, 15, 372, 184, 125, 11, 132, 19, 554, 492, 48, 497, 359, 105, 369, 195, 569, 363, 281, 274, 407, 452, 295, 305, 153, 134, 165, 278, 214, 539, 207, 106, 449, 216, 100, 77, 529, 202, 335, 360, 244, 466, 271, 306, 344, 10, 108, 3, 508, 25, 200, 293, 96, 429, 112, 412, 446, 4, 174, 488, 528, 250, 401, 291, 530, 6, 364, 475, 549, 175, 575, 297, 257, 197, 270, 29, 40, 450, 227, 317, 537, 253, 205, 286, 565, 60, 531, 185, 282, 109, 315, 81, 437, 390, 30, 424, 145, 332, 368, 234, 558, 232]
labeling = [10, 12, 2, 9, 17, 11, 18, 0, 10, 5, 19, 15, 1, 6, 0, 13, 8, 12, 2, 18, 8, 10, 0, 7, 1, 18, 4, 14, 0, 8, 20, 2, 12, 7, 5, 8, 6, 4, 8, 0, 19, 13, 15, 8, 6, 2, 12, 0, 17, 10, 4, 9, 3, 5, 16, 14, 0, 13, 3, 5, 19, 3, 15, 12, 6, 16, 18, 6, 10, 4, 9, 3, 1, 10, 13, 6, 11, 16, 4, 1, 3, 13, 4, 7, 14, 3, 7, 2, 12, 1, 7, 9, 11, 17, 15, 9, 16, 11, 6, 0, 17, 10, 13, 1, 3, 14, 16, 6, 11, 13, 4, 3, 15, 1, 9, 12, 7, 5, 0, 9, 11, 16, 9, 11, 5, 14, 10, 4, 2, 6, 1, 12, 18, 0, 14, 8, 13, 7, 4, 8, 5, 9, 11, 0, 8, 15, 7, 0, 8, 10, 5, 3, 0, 10, 2, 12, 6, 2, 0, 4, 1, 8, 0, 6, 8, 16, 10, 3, 7, 2, 5, 3, 10, 1, 9, 11, 2, 0, 7, 13, 2, 4, 1, 3, 5, 18, 6, 15, 4, 6, 3, 9, 7, 3, 13, 7, 3, 12, 8, 2, 15, 1, 19, 9, 4, 20, 12, 17, 4, 16, 13, 9, 2, 10, 3, 5, 16, 0, 14, 11, 0, 4, 8, 3, 1, 13, 0, 15, 5, 1, 15, 9, 20, 0, 18, 5, 11, 4, 7, 11, 6, 14, 7, 15, 19, 2, 10, 3, 5, 7, 18, 1, 11, 18, 10, 4, 2, 15, 9, 0, 7, 5, 0, 3, 0, 12, 14, 2, 6, 4, 14, 16, 14, 2, 12, 14, 18, 4, 8, 17, 0, 10, 17, 10, 5, 9, 11, 8, 2, 10, 8, 17, 11, 16, 2, 14, 9, 16, 0, 13, 17, 2, 18, 1, 3, 11, 14, 6, 1, 12, 0, 4, 15, 13, 8, 15, 12, 17, 5, 13, 12, 7, 2, 4, 14, 6, 12, 3, 6, 4, 7, 10, 17, 1, 6, 3, 10, 8, 0, 4, 9, 5, 8, 0, 20, 17, 8, 14, 2, 17, 6, 3, 1, 7, 3, 11, 7, 4, 0, 15, 17, 0, 9, 15, 18, 0, 9, 12, 5, 13, 4, 8, 12, 1, 16, 6, 14, 12, 19, 13, 10, 4, 15, 5, 11, 9, 12, 14, 11, 5, 18, 14, 9, 1, 10, 6, 9, 11, 7, 5, 11, 13, 5, 2, 14, 0, 9, 11, 2, 5, 7, 11, 19, 3, 7, 15, 3, 7, 2, 18, 13, 3, 0, 7, 16, 0, 8, 10, 0, 16, 4, 8, 1, 3, 13, 1, 3, 8, 1, 7, 10, 4, 7, 3, 6, 0, 13, 9, 2, 0, 5, 1, 11, 0, 5, 9, 0, 8, 6, 15, 4, 10, 2, 6, 3, 7, 11, 2, 15, 5, 16, 13, 12, 3, 13, 15, 6, 2, 16, 9, 19, 7, 3, 11, 10, 1, 7, 5, 20, 10, 4, 14, 2, 0, 14, 9, 6, 20, 5, 17, 4, 12, 3, 15, 14, 0, 18, 7, 10, 6, 11, 1, 13, 8, 16, 19, 9, 11, 8, 2, 2, 0, 13, 9, 3, 1, 10, 6, 16, 1, 15, 6, 12, 10, 3, 5, 12, 18, 4, 17, 5, 2, 9, 14, 7, 11, 0, 16, 13, 17, 6, 8, 4, 10, 12, 1, 8, 15, 20, 11, 14, 0, 9, 2, 2, 20, 18, 4, 2, 13, 3, 7, 10, 3, 6, 11, 13, 0, 10, 2, 7, 0, 9, 1, 5, 5, 12, 3, 1, 6, 4, 8]
convergência = [21, 21, 21, 21, 21, 20, 20, 20, 20, 20, 20, 20, 20, 20, 20, 20, 20, 20, 20, 20, 20, 20, 20, 20, 20, 20, 20, 20, 20, 20, 20, 20, 20, 20, 20, 20, 20, 20, 20, 20, 20, 20, 20, 20, 20, 20, 20, 20, 20, 20, 20, 20, 20, 20, 20, 20, 20, 20, 20, 20, 20, 20, 20, 20, 20, 20, 20, 20, 20, 20, 20, 20, 20, 20, 20, 20, 20, 20, 20, 20, 20, 20, 20, 20, 20, 20, 20, 20, 20, 20, 20, 20, 20, 20, 20, 20, 20, 20, 20, 20, 20, 20, 20, 20, 20, 20, 20, 20, 20, 20, 20, 20, 20, 20, 20, 20, 20, 20, 20, 20, 20, 20, 20, 20, 20, 20, 20, 20, 20]

===== FIM =====
