===== RESULTADO BRKGA L(2,1) =====
Arquivo: /Users/mateuspedrosa/Documents/TCC-II/BRKGA/data/Harwell-Boeing_cleaned/dwt_307_clean.mtx

----- Execução #1 -----
[INFO] Parou por estagnação.
Tempo de execução: 49219ms
Span (lambda): 17
best_order = [170, 123, 306, 202, 99, 149, 120, 267, 110, 232, 298, 22, 26, 77, 224, 15, 296, 48, 8, 122, 53, 52, 226, 211, 87, 204, 229, 166, 251, 192, 214, 5, 198, 82, 62, 32, 24, 70, 246, 1, 51, 6, 57, 239, 119, 258, 121, 111, 225, 140, 160, 85, 280, 23, 301, 7, 220, 274, 262, 183, 138, 180, 290, 95, 90, 242, 295, 16, 188, 33, 41, 210, 128, 228, 84, 231, 254, 193, 66, 303, 171, 38, 61, 212, 35, 141, 259, 17, 153, 74, 106, 76, 168, 155, 9, 46, 97, 268, 177, 13, 44, 27, 159, 236, 299, 133, 109, 240, 112, 249, 250, 294, 221, 241, 260, 203, 238, 156, 71, 266, 269, 275, 157, 60, 126, 20, 206, 78, 148, 161, 11, 118, 272, 102, 49, 205, 184, 293, 139, 103, 185, 285, 191, 146, 163, 217, 165, 63, 181, 257, 144, 134, 135, 10, 145, 201, 158, 234, 176, 291, 253, 79, 108, 31, 189, 56, 43, 104, 80, 39, 4, 116, 284, 154, 47, 173, 40, 142, 235, 263, 54, 69, 187, 215, 117, 255, 276, 30, 18, 247, 277, 29, 68, 89, 0, 127, 265, 169, 93, 175, 283, 42, 208, 302, 256, 194, 186, 114, 58, 244, 2, 207, 151, 222, 230, 152, 196, 130, 172, 131, 28, 12, 243, 37, 91, 72, 167, 286, 278, 297, 218, 81, 281, 55, 233, 73, 223, 292, 150, 113, 219, 182, 237, 248, 289, 105, 178, 137, 199, 25, 3, 245, 96, 300, 125, 162, 287, 271, 129, 98, 282, 65, 227, 124, 200, 164, 197, 143, 288, 132, 252, 75, 45, 213, 270, 14, 209, 92, 64, 67, 261, 94, 50, 216, 107, 304, 279, 174, 190, 83, 19, 179, 115, 101, 273, 147, 59, 88, 264, 136, 86, 36, 305, 100, 21, 34, 195]
labeling = [11, 2, 13, 15, 9, 3, 5, 7, 0, 4, 8, 5, 14, 7, 13, 1, 8, 10, 14, 16, 6, 10, 0, 3, 2, 15, 0, 4, 6, 9, 12, 8, 2, 1, 12, 7, 16, 11, 6, 10, 12, 4, 5, 7, 2, 16, 3, 10, 0, 3, 11, 6, 4, 2, 5, 9, 0, 4, 8, 13, 2, 7, 0, 9, 3, 9, 1, 14, 12, 10, 0, 5, 13, 15, 5, 13, 6, 2, 9, 10, 6, 8, 0, 14, 8, 0, 15, 3, 13, 7, 1, 12, 10, 6, 14, 4, 12, 1, 8, 0, 16, 11, 3, 6, 8, 14, 2, 16, 1, 7, 0, 4, 7, 16, 13, 4, 9, 12, 8, 3, 1, 4, 2, 0, 3, 6, 8, 10, 3, 15, 13, 13, 11, 4, 9, 11, 17, 14, 2, 10, 5, 7, 9, 16, 5, 10, 3, 13, 6, 1, 10, 5, 11, 0, 14, 5, 7, 9, 11, 6, 2, 5, 15, 1, 16, 7, 0, 3, 6, 13, 0, 2, 13, 7, 17, 11, 9, 4, 12, 15, 4, 12, 17, 4, 9, 7, 10, 12, 3, 10, 15, 8, 1, 4, 8, 6, 11, 15, 0, 14, 16, 7, 0, 9, 1, 10, 8, 14, 12, 17, 4, 0, 5, 13, 2, 11, 14, 10, 15, 17, 1, 5, 8, 10, 1, 5, 2, 14, 7, 3, 16, 2, 0, 15, 8, 11, 7, 9, 6, 0, 5, 7, 3, 13, 10, 12, 2, 4, 13, 8, 10, 4, 17, 11, 5, 7, 9, 5, 2, 4, 1, 12, 3, 8, 16, 12, 9, 0, 4, 6, 15, 7, 11, 15, 6, 12, 8, 13, 15, 17, 1, 12, 14, 6, 8, 5, 10, 1, 14, 4, 2, 11, 14, 8, 0, 3, 1, 9, 0, 2, 16, 0, 6, 3, 8, 10, 0]
convergência = [18, 18, 18, 18, 18, 18, 18, 18, 18, 18, 18, 18, 18, 18, 18, 18, 18, 18, 18, 18, 18, 18, 18, 18, 18, 18, 18, 18, 18, 18, 18, 18, 18, 18, 18, 18, 18, 18, 18, 18, 18, 18, 18, 18, 18, 18, 18, 18, 18, 18, 18, 18, 18, 18, 18, 18, 18, 18, 18, 18, 18, 18, 18, 18, 18, 18, 18, 18, 18, 18, 18, 18, 18, 18, 18, 18, 17, 17, 17, 17, 17, 17, 17, 17, 17, 17, 17, 17, 17, 17, 17, 17, 17, 17, 17, 17, 17, 17, 17, 17, 17, 17, 17, 17, 17, 17, 17, 17, 17, 17, 17, 17, 17, 17, 17, 17, 17, 17, 17, 17, 17, 17, 17, 17, 17, 17, 17, 17, 17, 17, 17, 17, 17, 17, 17, 17, 17, 17, 17, 17, 17, 17, 17, 17, 17, 17, 17, 17, 17, 17, 17, 17, 17, 17, 17, 17, 17, 17, 17, 17, 17, 17, 17, 17, 17, 17, 17, 17, 17, 17, 17, 17, 17, 17, 17, 17, 17, 17, 17, 17, 17, 17, 17, 17, 17, 17, 17, 17, 17, 17, 17, 17, 17, 17, 17, 17, 17, 17, 17, 17]

===== FIM =====
