===== RESULTADO BRKGA L(2,1) =====
Arquivo: /Users/mateuspedrosa/Documents/TCC-II/BRKGA/data/Harwell-Boeing_cleaned/dwt_234_clean.mtx

----- Execução #1 -----
[INFO] Parou por estagnação.
Tempo de execução: 6910ms
Span (lambda): 10
best_order = [120, 165, 23, 44, 139, 146, 182, 170, 32, 55, 216, 68, 141, 10, 52, 148, 197, 58, 20, 228, 233, 192, 67, 62, 213, 154, 161, 132, 156, 53, 198, 39, 196, 89, 145, 28, 175, 222, 57, 46, 220, 16, 206, 223, 227, 187, 0, 116, 129, 91, 152, 124, 195, 14, 59, 72, 151, 79, 34, 160, 188, 100, 106, 135, 84, 49, 221, 180, 183, 113, 143, 125, 65, 225, 128, 117, 208, 169, 8, 230, 205, 9, 104, 150, 177, 178, 95, 142, 103, 158, 21, 31, 24, 164, 87, 15, 179, 90, 131, 86, 4, 147, 163, 38, 110, 217, 162, 29, 204, 74, 97, 134, 12, 108, 133, 43, 61, 136, 219, 210, 36, 200, 27, 127, 224, 166, 78, 81, 56, 126, 5, 174, 209, 186, 64, 176, 101, 99, 41, 54, 123, 83, 137, 45, 122, 202, 63, 75, 92, 214, 184, 35, 22, 13, 17, 155, 112, 173, 71, 19, 96, 2, 82, 51, 215, 18, 218, 30, 207, 193, 181, 102, 115, 194, 232, 107, 80, 98, 6, 171, 76, 185, 191, 47, 48, 231, 60, 25, 212, 73, 201, 105, 144, 226, 93, 69, 77, 168, 211, 111, 50, 118, 229, 42, 157, 66, 1, 94, 7, 153, 37, 88, 11, 167, 130, 190, 159, 26, 140, 138, 119, 85, 114, 199, 109, 3, 40, 121, 203, 149, 70, 189, 33, 172]
labeling = [0, 6, 5, 7, 3, 6, 0, 7, 1, 3, 0, 6, 2, 4, 0, 5, 2, 6, 8, 5, 1, 4, 8, 0, 6, 7, 0, 5, 3, 0, 5, 4, 0, 8, 5, 9, 4, 10, 3, 1, 2, 6, 10, 7, 0, 8, 2, 7, 9, 1, 3, 1, 1, 3, 3, 0, 5, 3, 2, 4, 6, 4, 4, 7, 5, 1, 8, 2, 0, 10, 8, 8, 1, 0, 3, 3, 7, 7, 2, 0, 6, 5, 9, 6, 2, 9, 4, 2, 9, 0, 4, 0, 8, 10, 7, 2, 6, 0, 3, 1, 1, 5, 8, 3, 3, 5, 0, 6, 2, 10, 5, 9, 7, 0, 3, 4, 0, 0, 0, 4, 0, 4, 3, 2, 2, 2, 1, 0, 4, 0, 4, 4, 0, 3, 0, 2, 2, 1, 2, 0, 4, 0, 3, 1, 5, 3, 0, 5, 1, 6, 2, 0, 1, 4, 0, 3, 1, 8, 0, 5, 2, 0, 3, 4, 2, 0, 3, 1, 5, 2, 0, 4, 2, 0, 2, 0, 4, 1, 3, 6, 1, 5, 0, 2, 4, 6, 3, 0, 4, 7, 5, 8, 2, 4, 6, 1, 3, 0, 0, 3, 3, 7, 2, 6, 5, 3, 1, 4, 2, 0, 2, 6, 8, 0, 6, 8, 0, 0, 2, 5, 1, 4, 3, 5, 7, 3, 8, 2, 1, 8, 0, 6, 4, 0]
convergência = [10, 10, 10, 10, 10, 10, 10, 10, 10, 10, 10, 10, 10, 10, 10, 10, 10, 10, 10, 10, 10, 10, 10, 10, 10, 10, 10, 10, 10, 10, 10, 10, 10, 10, 10, 10, 10, 10, 10, 10, 10, 10, 10, 10, 10, 10, 10, 10, 10, 10, 10, 10, 10, 10, 10, 10, 10, 10, 10, 10, 10, 10, 10, 10, 10, 10, 10, 10, 10, 10, 10, 10, 10, 10, 10, 10, 10, 10, 10, 10, 10, 10, 10, 10, 10, 10, 10, 10, 10, 10, 10, 10, 10, 10, 10, 10, 10, 10, 10, 10, 10, 10, 10, 10, 10, 10, 10, 10, 10, 10, 10, 10, 10, 10, 10, 10, 10, 10, 10, 10, 10, 10, 10, 10]

===== FIM =====
