===== RESULTADO BRKGA L(2,1) =====
Arquivo: /Users/mateuspedrosa/Documents/TCC-II/BRKGA/data/Harwell-Boeing_cleaned/dwt_503_clean.mtx

----- Execução #1 -----
[INFO] Parou por estagnação.
Tempo de execução: 283024ms
Span (lambda): 32
best_order = [30, 256, 296, 76, 232, 490, 8, 434, 337, 78, 167, 86, 185, 427, 104, 455, 180, 415, 254, 130, 343, 334, 351, 294, 129, 483, 65, 375, 274, 245, 100, 308, 460, 458, 121, 425, 217, 352, 446, 387, 367, 216, 33, 428, 407, 381, 98, 169, 409, 133, 370, 416, 401, 17, 396, 271, 55, 465, 211, 207, 362, 497, 285, 118, 322, 258, 72, 283, 278, 345, 261, 163, 289, 447, 246, 412, 113, 242, 492, 190, 385, 132, 365, 433, 164, 300, 200, 303, 291, 9, 116, 366, 282, 349, 141, 68, 336, 97, 44, 238, 83, 452, 496, 136, 320, 187, 257, 372, 448, 441, 252, 251, 201, 454, 268, 316, 74, 304, 461, 240, 91, 212, 29, 275, 233, 79, 469, 445, 398, 502, 313, 223, 457, 379, 338, 324, 155, 411, 323, 399, 46, 280, 102, 182, 485, 259, 420, 369, 161, 114, 301, 227, 499, 38, 243, 62, 41, 16, 28, 491, 394, 6, 135, 487, 449, 230, 138, 331, 327, 397, 42, 475, 47, 253, 177, 421, 360, 10, 440, 318, 476, 80, 172, 175, 60, 266, 431, 195, 472, 443, 439, 260, 14, 384, 377, 56, 183, 287, 348, 468, 359, 368, 417, 373, 342, 176, 225, 25, 354, 413, 45, 500, 204, 462, 329, 286, 493, 3, 418, 108, 247, 406, 234, 481, 148, 438, 115, 392, 219, 332, 214, 479, 317, 101, 226, 188, 356, 193, 435, 347, 288, 203, 202, 75, 51, 213, 298, 59, 170, 248, 484, 451, 186, 36, 229, 122, 297, 383, 442, 453, 335, 236, 319, 361, 53, 424, 11, 408, 191, 467, 470, 171, 495, 463, 430, 109, 489, 220, 5, 437, 310, 49, 150, 178, 273, 71, 371, 478, 157, 436, 146, 312, 410, 402, 137, 326, 159, 2, 255, 269, 69, 284, 67, 82, 105, 404, 393, 52, 154, 106, 66, 456, 153, 64, 459, 93, 84, 224, 15, 139, 405, 189, 378, 358, 339, 389, 194, 305, 374, 414, 158, 228, 119, 429, 486, 376, 127, 21, 40, 355, 173, 94, 388, 315, 156, 26, 99, 184, 498, 209, 198, 215, 20, 96, 151, 48, 112, 340, 325, 162, 85, 477, 88, 290, 466, 95, 482, 77, 123, 174, 265, 143, 128, 81, 432, 380, 400, 140, 145, 147, 152, 501, 262, 179, 239, 43, 314, 272, 364, 264, 299, 279, 63, 92, 471, 363, 419, 19, 222, 32, 35, 422, 31, 390, 270, 120, 218, 34, 309, 165, 192, 134, 249, 306, 87, 27, 302, 58, 90, 73, 263, 168, 12, 144, 110, 311, 70, 199, 276, 18, 426, 197, 50, 293, 111, 473, 237, 307, 321, 149, 166, 295, 350, 124, 181, 126, 328, 292, 54, 107, 4, 103, 341, 494, 117, 206, 24, 241, 210, 221, 403, 22, 267, 464, 196, 160, 480, 386, 444, 330, 142, 391, 277, 357, 57, 1, 231, 235, 395, 250, 125, 208, 205, 61, 344, 333, 450, 13, 474, 39, 488, 423, 346, 23, 37, 382, 89, 353, 0, 281, 131, 244, 7]
labeling = [12, 9, 3, 6, 13, 8, 5, 14, 1, 3, 0, 4, 5, 14, 0, 10, 4, 1, 11, 9, 7, 5, 16, 16, 7, 2, 12, 14, 7, 3, 0, 15, 13, 2, 19, 6, 9, 16, 5, 17, 10, 4, 6, 18, 1, 8, 2, 7, 12, 9, 24, 17, 4, 0, 15, 1, 8, 20, 6, 10, 8, 13, 4, 14, 3, 0, 10, 7, 3, 20, 10, 4, 0, 10, 4, 6, 0, 9, 1, 4, 6, 8, 6, 2, 7, 14, 2, 15, 7, 17, 10, 1, 19, 9, 11, 16, 12, 5, 3, 12, 0, 15, 4, 13, 0, 8, 10, 16, 9, 14, 28, 6, 2, 4, 7, 11, 6, 31, 0, 9, 12, 1, 13, 16, 29, 3, 18, 15, 17, 2, 0, 8, 4, 2, 8, 6, 0, 17, 8, 23, 25, 5, 31, 22, 24, 18, 9, 26, 13, 28, 10, 12, 27, 15, 11, 2, 14, 5, 12, 6, 21, 6, 9, 4, 2, 21, 14, 0, 13, 1, 6, 9, 8, 22, 24, 2, 14, 11, 0, 18, 1, 30, 13, 16, 24, 2, 11, 4, 12, 17, 1, 16, 27, 13, 10, 4, 29, 25, 14, 16, 7, 11, 22, 19, 9, 25, 29, 2, 30, 10, 25, 1, 7, 18, 16, 20, 2, 5, 26, 20, 18, 31, 29, 7, 23, 20, 14, 7, 4, 15, 9, 26, 0, 6, 12, 32, 12, 28, 5, 14, 12, 0, 10, 16, 31, 0, 3, 11, 20, 28, 32, 9, 7, 10, 3, 24, 0, 8, 4, 15, 18, 8, 26, 28, 23, 11, 3, 14, 5, 11, 23, 7, 13, 8, 0, 2, 12, 16, 3, 18, 5, 18, 8, 1, 15, 3, 0, 6, 9, 4, 11, 6, 27, 8, 1, 16, 0, 9, 12, 14, 5, 7, 12, 5, 4, 10, 17, 15, 2, 10, 8, 13, 5, 0, 8, 4, 6, 8, 16, 3, 1, 11, 3, 7, 1, 9, 5, 3, 14, 7, 13, 10, 13, 8, 0, 10, 4, 0, 7, 10, 4, 13, 3, 1, 14, 0, 16, 9, 6, 0, 10, 2, 5, 14, 6, 11, 8, 30, 9, 3, 1, 7, 4, 13, 3, 7, 0, 2, 9, 5, 2, 13, 4, 8, 5, 0, 11, 7, 22, 6, 10, 3, 13, 4, 1, 4, 12, 1, 6, 2, 1, 12, 0, 21, 14, 31, 8, 19, 13, 15, 27, 6, 21, 32, 25, 28, 21, 5, 22, 6, 19, 5, 0, 4, 26, 0, 6, 23, 18, 20, 9, 14, 5, 11, 14, 2, 16, 0, 4, 14, 10, 6, 23, 5, 3, 22, 26, 24, 19, 17, 15, 10, 23, 17, 32, 13, 1, 3, 11, 15, 27, 19, 10, 15, 11, 4, 22, 4, 2, 27, 1, 9, 19, 24, 29, 9, 21, 7, 17, 12, 24, 27, 21, 25, 32, 12, 18, 29, 20, 7, 30, 10, 20, 2, 12, 0, 8, 16, 29, 25, 1, 17, 8, 11, 30, 13, 6, 3, 26, 11, 17, 25, 13]
convergência = [35, 35, 35, 34, 34, 34, 34, 34, 34, 34, 34, 34, 34, 34, 34, 34, 34, 34, 34, 34, 34, 34, 34, 34, 34, 34, 34, 34, 34, 34, 34, 34, 34, 34, 34, 34, 34, 34, 34, 34, 34, 34, 34, 34, 34, 34, 34, 34, 34, 34, 34, 34, 34, 34, 34, 34, 34, 34, 34, 34, 34, 34, 34, 34, 34, 34, 33, 33, 33, 33, 33, 33, 33, 33, 33, 33, 33, 33, 33, 33, 33, 33, 33, 33, 33, 33, 33, 33, 33, 33, 33, 33, 33, 33, 33, 33, 33, 33, 33, 33, 33, 33, 33, 33, 33, 33, 33, 33, 33, 33, 33, 33, 33, 33, 33, 33, 33, 33, 33, 33, 33, 33, 33, 33, 33, 33, 33, 33, 33, 33, 33, 33, 33, 33, 33, 33, 33, 33, 33, 33, 33, 33, 33, 33, 33, 33, 33, 33, 33, 33, 33, 33, 33, 33, 33, 33, 33, 33, 33, 33, 33, 33, 33, 33, 33, 32, 32, 32, 32, 32, 32, 32, 32, 32, 32, 32, 32, 32, 32, 32, 32, 32, 32, 32, 32, 32, 32, 32, 32, 32, 32, 32, 32, 32, 32, 32, 32, 32, 32, 32, 32, 32, 32, 32, 32, 32, 32, 32, 32, 32, 32, 32, 32, 32, 32, 32, 32, 32, 32, 32, 32, 32, 32, 32, 32, 32, 32, 32, 32, 32, 32, 32, 32, 32, 32, 32, 32, 32, 32, 32, 32, 32, 32, 32, 32, 32, 32, 32, 32, 32, 32, 32, 32, 32, 32, 32, 32, 32, 32, 32, 32, 32, 32, 32, 32, 32, 32, 32, 32, 32, 32, 32, 32, 32, 32, 32, 32, 32, 32, 32, 32, 32, 32, 32, 32, 32, 32, 32, 32]

===== FIM =====
