===== RESULTADO BRKGA L(2,1) =====
Arquivo: /Users/mateuspedrosa/Documents/TCC-II/BRKGA/data/Harwell-Boeing_cleaned/dwt_361_clean.mtx

----- Execução #1 -----
[INFO] Parou por estagnação.
Tempo de execução: 32013ms
Span (lambda): 18
best_order = [89, 313, 171, 70, 236, 194, 13, 67, 106, 306, 78, 33, 267, 348, 135, 61, 180, 21, 119, 25, 256, 319, 156, 284, 255, 360, 82, 185, 227, 312, 191, 102, 277, 83, 356, 155, 108, 184, 3, 208, 309, 186, 181, 37, 261, 239, 51, 94, 30, 148, 52, 298, 183, 86, 74, 199, 344, 115, 154, 207, 23, 40, 138, 150, 124, 39, 242, 159, 354, 263, 188, 7, 80, 303, 272, 222, 59, 4, 273, 327, 90, 353, 302, 206, 72, 226, 177, 140, 279, 258, 346, 129, 230, 288, 192, 282, 203, 125, 325, 91, 318, 114, 278, 240, 75, 169, 320, 232, 20, 133, 17, 174, 314, 355, 202, 5, 213, 343, 268, 322, 358, 311, 152, 220, 27, 241, 54, 295, 293, 173, 128, 338, 335, 105, 359, 211, 19, 26, 200, 84, 66, 11, 160, 328, 31, 93, 69, 252, 308, 349, 223, 147, 134, 122, 260, 299, 63, 209, 18, 111, 218, 127, 195, 151, 101, 153, 249, 71, 76, 56, 221, 304, 85, 305, 118, 53, 136, 334, 244, 201, 144, 294, 229, 235, 233, 48, 73, 164, 126, 196, 68, 35, 121, 145, 99, 345, 117, 317, 276, 165, 42, 212, 79, 316, 46, 234, 95, 219, 216, 307, 62, 162, 259, 324, 296, 116, 231, 290, 264, 130, 32, 214, 198, 109, 254, 245, 58, 161, 357, 329, 248, 175, 10, 193, 77, 330, 149, 187, 275, 283, 182, 1, 292, 205, 167, 228, 38, 44, 289, 339, 352, 12, 172, 265, 14, 87, 269, 351, 166, 337, 104, 43, 224, 215, 237, 24, 103, 189, 271, 112, 190, 178, 143, 64, 270, 110, 280, 217, 65, 34, 168, 297, 22, 113, 131, 100, 120, 287, 350, 347, 49, 250, 336, 60, 36, 341, 342, 281, 170, 6, 97, 340, 107, 132, 123, 45, 243, 158, 274, 2, 16, 266, 92, 88, 157, 28, 210, 251, 98, 197, 142, 247, 179, 315, 291, 0, 15, 141, 29, 137, 96, 300, 8, 47, 204, 310, 225, 323, 285, 163, 253, 246, 146, 326, 333, 332, 262, 238, 139, 9, 81, 301, 176, 257, 331, 57, 55, 321, 41, 50, 286]
labeling = [9, 2, 7, 0, 2, 7, 15, 4, 8, 13, 1, 3, 7, 0, 5, 14, 9, 4, 13, 9, 6, 2, 11, 5, 9, 0, 10, 8, 12, 16, 1, 11, 3, 0, 14, 7, 16, 2, 6, 6, 4, 18, 3, 5, 14, 7, 10, 17, 4, 10, 18, 4, 2, 11, 7, 15, 8, 17, 12, 2, 15, 1, 13, 8, 1, 5, 9, 0, 10, 6, 0, 9, 5, 8, 3, 6, 11, 3, 1, 12, 3, 13, 2, 4, 7, 11, 0, 12, 18, 0, 5, 4, 15, 8, 5, 11, 18, 15, 17, 14, 16, 10, 2, 8, 11, 6, 0, 16, 1, 3, 13, 6, 9, 5, 7, 4, 12, 1, 9, 2, 14, 12, 10, 16, 4, 2, 13, 11, 9, 6, 3, 12, 17, 4, 7, 0, 8, 12, 0, 15, 1, 16, 14, 7, 5, 8, 1, 9, 2, 5, 3, 7, 5, 8, 3, 0, 1, 16, 14, 3, 6, 13, 11, 16, 9, 11, 13, 6, 9, 3, 10, 0, 12, 10, 8, 4, 6, 2, 4, 15, 2, 4, 13, 6, 4, 2, 5, 15, 0, 14, 8, 0, 7, 10, 0, 9, 11, 18, 14, 7, 3, 11, 5, 3, 16, 13, 5, 3, 1, 7, 16, 1, 12, 9, 13, 7, 12, 6, 9, 11, 8, 10, 3, 5, 8, 15, 4, 0, 15, 2, 0, 4, 2, 0, 8, 12, 0, 10, 18, 2, 6, 8, 5, 13, 10, 7, 12, 14, 4, 7, 14, 16, 9, 17, 10, 3, 1, 16, 5, 1, 6, 1, 17, 3, 12, 7, 13, 0, 7, 12, 14, 11, 3, 3, 12, 10, 8, 0, 4, 2, 5, 15, 2, 8, 0, 7, 15, 7, 5, 13, 11, 16, 14, 8, 11, 4, 6, 10, 2, 4, 9, 16, 3, 1, 7, 10, 0, 13, 9, 1, 12, 4, 2, 0, 7, 10, 3, 9, 5, 1, 4, 11, 1, 12, 0, 3, 13, 0, 4, 7, 10, 6, 16, 14, 9, 6, 12, 8, 2, 0, 4, 2, 11, 8, 4, 11, 2, 9, 0, 6, 14, 12, 9, 5, 3, 6, 2, 15, 5, 7, 0]
convergência = [18, 18, 18, 18, 18, 18, 18, 18, 18, 18, 18, 18, 18, 18, 18, 18, 18, 18, 18, 18, 18, 18, 18, 18, 18, 18, 18, 18, 18, 18, 18, 18, 18, 18, 18, 18, 18, 18, 18, 18, 18, 18, 18, 18, 18, 18, 18, 18, 18, 18, 18, 18, 18, 18, 18, 18, 18, 18, 18, 18, 18, 18, 18, 18, 18, 18, 18, 18, 18, 18, 18, 18, 18, 18, 18, 18, 18, 18, 18, 18, 18, 18, 18, 18, 18, 18, 18, 18, 18, 18, 18, 18, 18, 18, 18, 18, 18, 18, 18, 18, 18, 18, 18, 18, 18, 18, 18, 18, 18, 18, 18, 18, 18, 18, 18, 18, 18, 18, 18, 18, 18, 18, 18, 18]

===== FIM =====
