===== RESULTADO BRKGA L(2,1) =====
Arquivo: /Users/mateuspedrosa/Documents/TCC-II/BRKGA/data/Harwell-Boeing_cleaned/dwt_1242_clean.mtx

----- Execução #1 -----
[INFO] Parou por estagnação.
Tempo de execução: 159067ms
Span (lambda): 20
best_order = [1132, 24, 688, 917, 516, 134, 944, 828, 593, 1060, 276, 145, 1234, 482, 404, 282, 838, 748, 187, 923, 1125, 620, 416, 392, 798, 876, 102, 731, 71, 1057, 388, 256, 171, 1216, 585, 474, 1012, 606, 1080, 1072, 543, 53, 41, 455, 977, 732, 1035, 554, 935, 989, 1229, 467, 366, 750, 631, 818, 769, 780, 351, 1218, 481, 839, 887, 258, 363, 591, 1172, 885, 250, 252, 643, 1155, 345, 281, 357, 532, 1161, 833, 1138, 791, 1025, 1119, 126, 118, 347, 460, 986, 312, 1193, 652, 1153, 105, 242, 443, 1053, 1010, 290, 804, 165, 1236, 702, 1213, 60, 506, 244, 822, 110, 793, 1137, 946, 973, 3, 303, 29, 99, 1089, 502, 963, 1230, 14, 283, 304, 654, 125, 1127, 309, 812, 495, 528, 217, 153, 790, 824, 1024, 1038, 8, 452, 1126, 1169, 259, 168, 811, 469, 56, 707, 140, 1222, 501, 881, 1156, 905, 222, 486, 4, 1215, 275, 958, 1233, 539, 642, 826, 785, 975, 767, 1228, 395, 618, 327, 196, 902, 1066, 61, 848, 341, 910, 1232, 1064, 846, 628, 94, 399, 1203, 684, 550, 805, 526, 874, 757, 640, 371, 855, 1128, 1184, 1077, 240, 1140, 856, 967, 796, 859, 749, 1067, 67, 224, 1114, 235, 37, 953, 49, 344, 263, 161, 248, 245, 842, 714, 289, 954, 525, 441, 1000, 978, 782, 470, 124, 773, 115, 903, 69, 401, 966, 419, 871, 726, 965, 1181, 993, 1108, 405, 1087, 376, 596, 806, 787, 326, 293, 988, 362, 112, 190, 1147, 1082, 21, 23, 1015, 807, 86, 720, 337, 744, 1111, 95, 537, 223, 439, 584, 494, 746, 687, 549, 1084, 1020, 393, 575, 770, 979, 277, 446, 172, 348, 623, 210, 11, 484, 932, 211, 1104, 558, 758, 331, 420, 148, 764, 510, 298, 1004, 379, 777, 1092, 1058, 889, 311, 365, 663, 374, 622, 1093, 409, 43, 886, 108, 817, 880, 564, 1196, 1086, 1101, 9, 195, 834, 926, 243, 152, 844, 685, 1014, 497, 1150, 214, 611, 784, 1123, 1235, 650, 339, 862, 19, 1106, 57, 114, 644, 160, 617, 400, 139, 959, 84, 300, 821, 142, 1164, 693, 753, 509, 1102, 792, 438, 332, 725, 406, 471, 632, 699, 45, 58, 162, 427, 1177, 941, 565, 573, 774, 246, 718, 1030, 1186, 1069, 319, 1107, 267, 490, 391, 1081, 264, 232, 35, 286, 897, 237, 1029, 1037, 981, 1154, 544, 661, 111, 72, 657, 872, 808, 1083, 504, 488, 212, 901, 607, 608, 861, 229, 491, 414, 377, 627, 26, 1088, 893, 613, 985, 545, 704, 402, 163, 1168, 146, 397, 779, 66, 972, 904, 360, 92, 410, 800, 176, 1191, 641, 1045, 906, 305, 189, 522, 634, 518, 933, 1097, 238, 751, 475, 367, 352, 477, 945, 1144, 361, 542, 426, 789, 666, 18, 384, 302, 934, 1146, 138, 109, 279, 997, 868, 553, 890, 255, 1174, 1032, 437, 577, 1135, 772, 507, 853, 1036, 911, 710, 173, 1134, 1166, 1005, 478, 465, 1033, 1178, 706, 1110, 701, 1200, 372, 415, 919, 1151, 131, 22, 417, 974, 1145, 7, 32, 500, 81, 480, 562, 915, 559, 942, 737, 433, 83, 580, 541, 449, 310, 712, 909, 884, 961, 653, 295, 752, 771, 646, 230, 448, 42, 445, 999, 852, 364, 1, 794, 835, 927, 98, 132, 837, 16, 922, 385, 273, 561, 625, 816, 1183, 178, 907, 913, 201, 1085, 795, 215, 157, 316, 626, 1117, 918, 867, 637, 354, 916, 188, 1160, 1224, 421, 254, 358, 1070, 603, 278, 180, 476, 529, 865, 156, 5, 667, 382, 716, 548, 1074, 950, 370, 1055, 930, 36, 980, 1231, 709, 1041, 346, 403, 450, 531, 297, 649, 328, 1050, 854, 1112, 151, 964, 442, 831, 117, 1190, 141, 198, 489, 728, 82, 202, 1221, 1206, 1011, 1238, 167, 1219, 672, 998, 610, 1149, 1223, 995, 521, 825, 700, 313, 705, 226, 698, 150, 671, 1001, 1179, 33, 1003, 724, 695, 717, 119, 616, 1133, 261, 253, 943, 1079, 662, 697, 992, 52, 840, 1007, 1217, 523, 203, 939, 1188, 350, 563, 599, 1116, 31, 1043, 1204, 451, 96, 301, 755, 557, 508, 1141, 576, 40, 612, 1120, 956, 947, 676, 329, 651, 547, 843, 218, 1136, 369, 473, 15, 136, 683, 1175, 1209, 690, 266, 221, 122, 170, 54, 604, 192, 1031, 444, 1091, 1226, 285, 638, 766, 20, 76, 581, 457, 1071, 1241, 894, 691, 952, 213, 928, 1227, 849, 1039, 225, 630, 27, 891, 535, 209, 957, 30, 228, 413, 847, 727, 1065, 135, 797, 955, 866, 971, 857, 1165, 265, 595, 336, 262, 924, 761, 1118, 206, 432, 533, 104, 434, 1095, 820, 1199, 799, 1220, 440, 468, 503, 375, 1201, 1034, 708, 1022, 159, 647, 621, 47, 534, 598, 636, 1240, 1008, 984, 200, 205, 1002, 208, 1129, 1046, 739, 498, 1121, 143, 100, 1157, 674, 249, 169, 166, 743, 270, 520, 786, 659, 144, 493, 317, 324, 832, 810, 320, 199, 802, 387, 551, 679, 1142, 763, 185, 1075, 566, 78, 888, 62, 1076, 274, 579, 1113, 272, 629, 1018, 741, 781, 1026, 675, 589, 193, 601, 968, 1124, 458, 850, 801, 149, 609, 1205, 184, 147, 809, 914, 1078, 864, 1131, 219, 191, 107, 983, 803, 823, 1212, 722, 590, 68, 389, 137, 407, 85, 819, 227, 6, 485, 614, 929, 519, 1148, 287, 103, 333, 511, 742, 660, 383, 1182, 937, 1195, 567, 877, 423, 740, 1239, 340, 898, 492, 574, 88, 338, 236, 723, 991, 128, 182, 1042, 760, 155, 762, 600, 207, 461, 164, 527, 783, 512, 1021, 378, 177, 870, 349, 271, 515, 197, 1098, 422, 133, 1040, 552, 1028, 1059, 1159, 1194, 517, 669, 10, 308, 1176, 587, 431, 711, 1013, 745, 130, 869, 1056, 572, 664, 342, 247, 1109, 829, 873, 25, 845, 294, 13, 296, 678, 875, 1105, 655, 454, 1167, 73, 878, 841, 1061, 0, 719, 1192, 234, 174, 524, 353, 239, 765, 129, 694, 936, 1049, 624, 730, 586, 74, 496, 1094, 689, 987, 1017, 570, 883, 1211, 546, 154, 321, 721, 186, 633, 860, 925, 597, 116, 1180, 44, 343, 89, 64, 292, 268, 1173, 55, 359, 314, 70, 540, 106, 1006, 411, 1047, 673, 34, 75, 1100, 582, 288, 1009, 1027, 1023, 453, 398, 50, 996, 513, 668, 1170, 756, 59, 466, 948, 390, 39, 1152, 1202, 91, 1208, 736, 48, 665, 51, 713, 87, 93, 179, 330, 220, 1210, 65, 836, 592, 1073, 1062, 499, 768, 1207, 459, 120, 97, 291, 892, 639, 463, 858, 696, 46, 472, 38, 814, 487, 1096, 775, 462, 194, 863, 815, 1122, 334, 2, 735, 900, 183, 80, 969, 931, 994, 970, 1198, 1187, 425, 940, 435, 373, 571, 615, 204, 556, 79, 394, 1063, 386, 568, 368, 530, 1019, 216, 251, 990, 175, 920, 882, 412, 754, 335, 1048, 299, 1044, 1189, 938, 921, 479, 908, 682, 538, 583, 514, 1130, 233, 733, 1143, 895, 464, 1225, 1115, 734, 951, 648, 380, 28, 578, 692, 1185, 555, 424, 127, 594, 605, 17, 658, 960, 121, 381, 1052, 703, 778, 759, 776, 307, 101, 788, 602, 396, 322, 738, 231, 355, 1054, 635, 588, 113, 681, 851, 408, 436, 325, 1237, 1090, 323, 645, 269, 123, 1099, 656, 77, 976, 1103, 90, 158, 1068, 1197, 715, 686, 912, 677, 827, 747, 982, 569, 447, 680, 483, 257, 315, 899, 1162, 619, 280, 879, 241, 418, 670, 560, 962, 284, 813, 260, 505, 63, 1214, 536, 1139, 896, 12, 1051, 456, 1016, 306, 830, 949, 429, 428, 729, 318, 1171, 1163, 181, 356, 430, 1158]
labeling = [7, 2, 14, 0, 2, 12, 0, 4, 1, 6, 12, 4, 13, 11, 5, 10, 4, 17, 10, 7, 9, 3, 10, 1, 0, 6, 1, 9, 12, 3, 13, 8, 6, 13, 15, 8, 13, 5, 15, 13, 2, 0, 11, 5, 14, 8, 11, 5, 14, 3, 15, 4, 6, 1, 11, 15, 1, 3, 5, 2, 0, 3, 11, 18, 4, 14, 7, 1, 12, 6, 15, 2, 9, 11, 13, 0, 8, 18, 5, 17, 12, 7, 11, 9, 7, 14, 6, 16, 1, 9, 19, 4, 9, 17, 4, 7, 1, 16, 5, 2, 10, 16, 0, 9, 4, 0, 18, 13, 1, 4, 2, 8, 3, 17, 2, 0, 13, 11, 0, 12, 14, 18, 7, 14, 6, 4, 2, 14, 6, 10, 15, 3, 8, 15, 0, 12, 10, 14, 11, 5, 3, 8, 5, 3, 9, 0, 4, 12, 8, 13, 11, 8, 3, 1, 17, 12, 10, 5, 18, 6, 4, 1, 7, 9, 17, 1, 15, 7, 2, 6, 10, 1, 5, 0, 15, 19, 5, 9, 4, 19, 1, 13, 9, 16, 8, 13, 15, 0, 14, 12, 4, 17, 11, 13, 16, 7, 3, 18, 10, 12, 16, 7, 2, 6, 3, 11, 2, 14, 5, 2, 6, 8, 10, 16, 6, 8, 18, 0, 9, 14, 20, 16, 4, 6, 3, 14, 12, 15, 8, 5, 7, 18, 0, 17, 12, 3, 18, 1, 3, 14, 6, 17, 2, 11, 0, 5, 9, 17, 0, 12, 1, 15, 3, 13, 11, 5, 0, 8, 1, 4, 2, 0, 8, 4, 6, 13, 11, 2, 10, 12, 6, 13, 10, 6, 11, 2, 0, 3, 9, 7, 14, 2, 0, 3, 15, 9, 5, 12, 14, 3, 1, 18, 15, 5, 14, 8, 12, 7, 5, 12, 0, 5, 3, 1, 4, 7, 17, 8, 12, 0, 7, 2, 0, 9, 16, 20, 0, 10, 17, 6, 10, 14, 16, 18, 10, 17, 8, 6, 11, 13, 10, 4, 6, 10, 16, 18, 11, 6, 13, 7, 12, 3, 13, 15, 3, 0, 8, 1, 7, 15, 2, 0, 9, 16, 1, 14, 18, 1, 5, 14, 3, 8, 4, 2, 9, 5, 1, 9, 18, 13, 11, 5, 13, 19, 4, 12, 3, 7, 11, 3, 8, 11, 7, 0, 10, 12, 15, 11, 0, 14, 17, 6, 2, 7, 15, 3, 0, 11, 17, 1, 5, 0, 9, 6, 0, 2, 4, 13, 16, 1, 5, 13, 3, 12, 8, 11, 0, 10, 12, 6, 9, 14, 6, 15, 18, 14, 2, 4, 18, 9, 19, 8, 6, 3, 7, 17, 19, 10, 5, 3, 16, 4, 8, 2, 4, 12, 8, 20, 12, 5, 7, 13, 1, 16, 14, 0, 15, 9, 11, 15, 1, 7, 13, 9, 1, 13, 17, 0, 15, 1, 5, 10, 1, 9, 0, 3, 11, 6, 10, 17, 12, 2, 0, 18, 3, 11, 2, 17, 7, 15, 10, 5, 19, 13, 7, 3, 13, 6, 12, 14, 9, 4, 5, 14, 6, 20, 0, 8, 14, 12, 3, 17, 20, 15, 17, 6, 0, 13, 5, 0, 10, 8, 3, 5, 12, 4, 2, 13, 0, 3, 14, 10, 0, 2, 10, 8, 16, 3, 20, 1, 15, 10, 8, 0, 7, 9, 15, 11, 8, 4, 2, 5, 12, 4, 1, 7, 18, 11, 6, 2, 16, 11, 5, 12, 4, 6, 13, 15, 6, 7, 14, 17, 13, 5, 9, 4, 13, 9, 20, 13, 2, 16, 1, 17, 3, 1, 9, 2, 19, 9, 11, 2, 17, 0, 19, 7, 1, 17, 8, 14, 11, 8, 14, 7, 4, 6, 0, 4, 6, 14, 12, 3, 10, 5, 15, 19, 12, 0, 4, 18, 0, 11, 2, 3, 8, 8, 10, 7, 1, 16, 12, 0, 6, 10, 7, 16, 12, 3, 9, 6, 1, 5, 2, 0, 4, 18, 9, 14, 18, 8, 3, 14, 2, 9, 1, 14, 19, 4, 14, 6, 11, 2, 5, 1, 7, 12, 3, 1, 15, 13, 20, 6, 0, 15, 9, 16, 10, 19, 13, 11, 15, 4, 2, 16, 3, 6, 19, 5, 0, 19, 5, 11, 7, 0, 18, 14, 15, 9, 9, 1, 7, 10, 2, 18, 7, 12, 4, 4, 10, 6, 3, 14, 2, 17, 1, 14, 12, 15, 10, 17, 3, 18, 5, 10, 6, 7, 3, 0, 8, 19, 12, 1, 0, 9, 13, 19, 15, 7, 14, 9, 19, 14, 12, 4, 1, 12, 5, 17, 0, 4, 2, 11, 8, 6, 16, 11, 17, 4, 7, 14, 12, 8, 10, 3, 5, 15, 13, 9, 15, 0, 5, 11, 8, 5, 7, 16, 8, 4, 16, 7, 0, 13, 8, 15, 11, 2, 10, 2, 17, 11, 7, 3, 8, 2, 13, 17, 2, 10, 1, 11, 9, 14, 11, 16, 1, 6, 9, 4, 6, 7, 0, 4, 1, 16, 6, 18, 15, 6, 0, 4, 3, 5, 2, 6, 3, 9, 4, 17, 0, 13, 1, 1, 9, 2, 6, 10, 18, 13, 0, 2, 9, 14, 6, 13, 9, 16, 2, 6, 1, 3, 11, 16, 8, 3, 16, 5, 0, 7, 14, 0, 11, 1, 8, 2, 9, 5, 2, 6, 4, 13, 12, 0, 5, 13, 4, 10, 0, 9, 11, 19, 8, 1, 3, 14, 4, 3, 6, 1, 10, 1, 3, 12, 14, 5, 9, 18, 12, 6, 2, 7, 5, 0, 3, 5, 8, 0, 2, 14, 20, 8, 2, 11, 18, 7, 17, 13, 15, 0, 9, 0, 7, 7, 0, 0, 17, 8, 4, 10, 14, 16, 1, 12, 2, 9, 11, 2, 5, 13, 16, 4, 13, 7, 10, 15, 0, 12, 3, 16, 18, 10, 8, 19, 16, 5, 7, 14, 8, 10, 4, 1, 19, 11, 18, 2, 13, 9, 7, 5, 13, 11, 2, 6, 4, 0, 10, 1, 4, 0, 6, 2, 6, 3, 16, 14, 8, 5, 1, 14, 10, 0, 4, 9, 0, 2, 11, 6, 15, 2, 7, 0, 4, 6, 3, 8, 1, 5, 13, 7, 15, 11, 0, 8, 2, 13, 6, 4, 18, 9, 10, 15, 1, 12, 6, 8, 3, 0, 4, 10, 7, 2, 3, 12, 4, 9, 14, 0, 5, 7, 2, 12, 16, 10, 14, 8, 13, 2, 6, 11, 10, 15, 4, 5, 17, 0, 8, 11, 7, 2, 4, 1, 0, 5, 4, 7, 1, 0, 0, 1, 16, 8, 5, 10, 1, 13, 4, 6, 15, 2, 12, 17, 0, 9, 7, 10, 3, 15, 4, 1, 11, 0, 9, 6, 2, 1, 6, 3, 8, 4, 2, 10, 14, 4, 2, 14, 0, 12, 6, 8, 5, 10, 8, 3, 5, 7, 3, 17, 5, 7, 13, 2, 6, 3, 5, 0, 8, 1, 4, 3, 6, 11, 15, 18, 0, 8, 10, 7, 13, 3, 1, 17, 5, 12, 9, 15, 8, 4, 11, 1, 16, 13, 6, 9, 18, 3, 7, 1, 5, 10, 19, 8, 6, 0, 11, 9, 4, 7, 7, 1, 2, 4, 9, 8, 0, 0, 5, 10, 11, 7, 6, 2, 10, 3, 4, 2, 0, 16, 5, 10, 6, 16, 8, 6, 15, 0, 9, 7, 4, 11, 14, 6, 5, 8, 12, 1, 4, 10, 2, 14, 7, 3, 11, 1, 5, 0, 3, 5, 0, 12, 3, 11, 16, 9, 1, 13, 6, 18, 15, 10, 0, 2, 4, 8, 5, 2, 0, 6, 1, 7, 5, 3, 1, 10]
convergência = [21, 21, 21, 21, 21, 21, 21, 21, 21, 21, 21, 21, 21, 21, 21, 21, 21, 21, 21, 21, 21, 20, 20, 20, 20, 20, 20, 20, 20, 20, 20, 20, 20, 20, 20, 20, 20, 20, 20, 20, 20, 20, 20, 20, 20, 20, 20, 20, 20, 20, 20, 20, 20, 20, 20, 20, 20, 20, 20, 20, 20, 20, 20, 20, 20, 20, 20, 20, 20, 20, 20, 20, 20, 20, 20, 20, 20, 20, 20, 20, 20, 20, 20, 20, 20, 20, 20, 20, 20, 20, 20, 20, 20, 20, 20, 20, 20, 20, 20, 20, 20, 20, 20, 20, 20, 20, 20, 20, 20, 20, 20, 20, 20, 20, 20, 20, 20, 20, 20, 20, 20, 20, 20, 20, 20, 20, 20, 20, 20, 20, 20, 20, 20, 20, 20, 20, 20, 20, 20, 20, 20, 20, 20, 20, 20]

===== FIM =====
