===== RESULTADO BRKGA L(2,1) =====
Arquivo: /Users/mateuspedrosa/Documents/TCC-II/BRKGA/data/Harwell-Boeing_cleaned/dwt_1007_clean.mtx

----- Execução #1 -----
[INFO] Parou por estagnação.
Tempo de execução: 90807ms
Span (lambda): 19
best_order = [541, 241, 436, 285, 614, 414, 732, 701, 585, 455, 159, 766, 669, 53, 567, 747, 170, 843, 629, 734, 531, 624, 215, 773, 996, 967, 643, 872, 12, 93, 36, 191, 171, 403, 431, 951, 299, 576, 815, 416, 200, 854, 671, 319, 933, 767, 864, 555, 894, 809, 599, 937, 707, 264, 237, 84, 834, 964, 452, 709, 510, 18, 540, 125, 305, 753, 294, 244, 94, 830, 982, 343, 696, 904, 369, 636, 801, 169, 222, 813, 307, 219, 820, 2, 239, 631, 13, 430, 246, 610, 645, 87, 983, 329, 965, 543, 253, 308, 503, 932, 640, 425, 480, 184, 381, 160, 725, 383, 377, 794, 562, 250, 593, 514, 272, 314, 870, 353, 831, 5, 66, 58, 615, 855, 868, 879, 997, 698, 633, 42, 451, 718, 188, 754, 55, 495, 790, 110, 223, 220, 132, 720, 402, 152, 99, 819, 829, 60, 757, 744, 769, 603, 438, 257, 401, 588, 150, 638, 255, 472, 149, 344, 406, 9, 637, 918, 349, 956, 280, 810, 627, 926, 7, 342, 808, 230, 23, 1004, 397, 570, 529, 735, 317, 758, 546, 143, 331, 700, 497, 214, 524, 821, 229, 958, 34, 178, 907, 673, 771, 327, 101, 136, 632, 770, 910, 363, 777, 581, 890, 164, 360, 650, 22, 48, 727, 998, 303, 545, 208, 988, 261, 776, 566, 978, 419, 73, 194, 445, 675, 853, 111, 283, 848, 269, 49, 348, 122, 212, 183, 728, 999, 648, 395, 469, 68, 873, 949, 52, 304, 824, 321, 653, 459, 509, 82, 38, 654, 180, 57, 448, 144, 156, 605, 626, 583, 504, 177, 832, 816, 318, 364, 527, 292, 909, 980, 224, 471, 600, 711, 370, 102, 888, 833, 676, 957, 881, 659, 694, 923, 161, 289, 262, 218, 470, 165, 6, 71, 92, 324, 961, 465, 302, 282, 405, 293, 463, 641, 387, 301, 505, 489, 256, 779, 797, 204, 133, 942, 979, 838, 51, 764, 635, 190, 969, 903, 896, 668, 528, 683, 628, 72, 573, 787, 862, 399, 1006, 953, 464, 920, 765, 508, 836, 537, 326, 490, 390, 476, 658, 20, 921, 4, 59, 941, 41, 885, 26, 899, 413, 542, 424, 333, 621, 760, 861, 187, 462, 656, 258, 721, 375, 692, 805, 422, 108, 898, 651, 366, 940, 129, 539, 322, 608, 43, 739, 664, 266, 972, 296, 842, 380, 466, 426, 371, 65, 803, 85, 79, 378, 417, 968, 975, 474, 316, 726, 502, 382, 358, 875, 729, 225, 407, 268, 40, 519, 647, 724, 491, 117, 587, 259, 917, 895, 687, 228, 386, 563, 929, 120, 279, 444, 484, 35, 761, 574, 613, 835, 362, 911, 428, 481, 74, 554, 433, 948, 901, 31, 45, 271, 288, 826, 598, 934, 54, 597, 418, 549, 139, 869, 359, 561, 990, 752, 963, 27, 733, 168, 523, 373, 306, 443, 507, 672, 971, 691, 740, 309, 746, 447, 674, 357, 912, 582, 506, 334, 897, 192, 173, 793, 955, 211, 44, 15, 113, 30, 822, 604, 844, 778, 680, 267, 98, 742, 207, 547, 350, 104, 623, 887, 392, 586, 841, 976, 717, 617, 10, 684, 704, 662, 665, 799, 1002, 712, 286, 865, 913, 513, 487, 367, 75, 195, 699, 511, 859, 468, 485, 388, 193, 21, 107, 196, 710, 492, 77, 630, 533, 756, 275, 206, 105, 814, 365, 95, 697, 931, 276, 429, 580, 231, 796, 287, 553, 157, 962, 478, 839, 199, 121, 973, 578, 298, 521, 749, 900, 792, 517, 400, 310, 312, 442, 134, 277, 970, 248, 688, 116, 876, 840, 479, 461, 172, 252, 618, 131, 46, 167, 483, 748, 551, 783, 606, 755, 762, 667, 89, 946, 356, 274, 802, 179, 532, 336, 950, 197, 612, 17, 235, 847, 781, 486, 522, 565, 217, 807, 410, 328, 97, 103, 564, 251, 202, 457, 884, 825, 730, 916, 634, 703, 827, 1005, 592, 930, 987, 908, 320, 496, 88, 558, 115, 221, 142, 690, 986, 339, 818, 460, 619, 311, 427, 646, 83, 391, 775, 176, 245, 557, 138, 925, 162, 118, 181, 477, 992, 185, 347, 705, 352, 745, 335, 702, 985, 660, 966, 265, 723, 332, 70, 81, 372, 78, 713, 892, 719, 440, 243, 935, 473, 278, 602, 260, 284, 798, 96, 952, 772, 857, 61, 837, 128, 927, 782, 313, 681, 148, 806, 552, 560, 928, 708, 345, 590, 411, 346, 731, 242, 213, 408, 939, 812, 234, 789, 453, 86, 856, 823, 145, 273, 270, 947, 226, 227, 47, 525, 127, 741, 63, 536, 205, 467, 526, 518, 201, 432, 914, 379, 852, 198, 737, 989, 736, 905, 421, 454, 991, 114, 1003, 16, 569, 498, 19, 678, 135, 811, 263, 788, 863, 1, 437, 64, 146, 91, 281, 559, 851, 446, 601, 591, 415, 544, 25, 376, 804, 670, 163, 389, 715, 233, 119, 62, 716, 355, 189, 695, 663, 860, 568, 774, 685, 906, 535, 919, 141, 450, 689, 751, 341, 290, 871, 493, 530, 140, 520, 622, 186, 354, 0, 151, 216, 616, 995, 882, 954, 126, 56, 977, 100, 817, 158, 337, 577, 785, 924, 759, 878, 858, 247, 409, 404, 423, 500, 849, 494, 338, 575, 877, 323, 722, 420, 743, 39, 661, 800, 538, 644, 594, 154, 938, 11, 512, 750, 76, 254, 412, 482, 385, 993, 596, 28, 488, 893, 297, 249, 351, 943, 166, 24, 584, 611, 639, 109, 677, 1001, 33, 609, 3, 786, 515, 556, 501, 155, 922, 300, 883, 620, 456, 572, 112, 589, 679, 981, 182, 959, 203, 325, 441, 210, 891, 866, 657, 37, 50, 738, 768, 106, 784, 393, 147, 867, 449, 625, 850, 236, 209, 944, 655, 124, 960, 714, 396, 693, 315, 499, 475, 238, 846, 915, 550, 571, 874, 548, 828, 534, 763, 291, 1000, 886, 330, 80, 984, 340, 67, 945, 137, 458, 682, 880, 361, 435, 29, 649, 175, 579, 706, 902, 384, 686, 595, 974, 652, 14, 516, 936, 666, 394, 153, 434, 368, 130, 642, 232, 123, 69, 90, 607, 295, 398, 780, 994, 8, 240, 32, 174, 795, 439, 374, 791, 889, 845]
labeling = [11, 6, 1, 5, 3, 0, 4, 1, 13, 4, 7, 6, 0, 2, 13, 9, 11, 3, 0, 10, 2, 0, 3, 1, 11, 4, 4, 9, 12, 17, 11, 9, 16, 11, 6, 9, 1, 17, 4, 9, 5, 7, 1, 6, 8, 4, 12, 14, 5, 8, 16, 2, 2, 0, 7, 2, 15, 7, 2, 8, 3, 12, 15, 8, 12, 1, 3, 10, 4, 17, 13, 1, 9, 7, 10, 12, 14, 6, 11, 5, 18, 13, 5, 12, 0, 10, 14, 0, 10, 6, 18, 15, 6, 0, 2, 9, 15, 5, 11, 3, 15, 1, 3, 0, 3, 8, 16, 1, 8, 16, 4, 6, 16, 2, 13, 4, 2, 9, 11, 18, 5, 7, 3, 18, 16, 0, 5, 9, 7, 5, 12, 10, 4, 6, 10, 14, 1, 13, 11, 8, 15, 7, 14, 5, 7, 14, 16, 19, 13, 1, 4, 13, 2, 18, 16, 10, 1, 7, 13, 0, 3, 5, 9, 15, 3, 5, 17, 12, 1, 3, 0, 2, 12, 4, 15, 6, 11, 8, 6, 12, 0, 6, 3, 5, 2, 8, 12, 7, 2, 12, 7, 1, 10, 4, 9, 11, 13, 15, 18, 10, 0, 9, 3, 15, 10, 14, 4, 2, 0, 12, 10, 4, 1, 10, 4, 0, 16, 13, 6, 2, 7, 16, 4, 6, 8, 5, 14, 16, 7, 5, 2, 7, 17, 11, 5, 8, 18, 0, 14, 5, 18, 0, 17, 12, 3, 11, 4, 18, 12, 16, 0, 9, 5, 1, 10, 4, 9, 3, 1, 8, 14, 2, 7, 18, 1, 13, 9, 3, 8, 4, 14, 2, 3, 15, 13, 11, 6, 10, 12, 6, 4, 15, 10, 6, 15, 0, 5, 15, 11, 6, 10, 0, 6, 8, 0, 18, 4, 16, 9, 0, 19, 12, 8, 4, 7, 2, 13, 1, 3, 0, 4, 12, 10, 16, 2, 13, 1, 3, 5, 2, 14, 1, 11, 17, 10, 18, 8, 5, 7, 1, 15, 5, 14, 6, 8, 10, 7, 15, 17, 10, 18, 15, 3, 0, 4, 14, 16, 10, 6, 3, 8, 17, 12, 0, 17, 12, 0, 6, 3, 12, 6, 19, 13, 7, 9, 12, 1, 11, 18, 0, 4, 7, 15, 3, 14, 2, 8, 1, 9, 2, 10, 1, 11, 2, 15, 6, 9, 7, 10, 13, 1, 11, 5, 18, 11, 4, 15, 5, 16, 8, 15, 6, 4, 0, 3, 4, 2, 5, 16, 18, 9, 13, 16, 6, 0, 13, 3, 11, 13, 3, 12, 9, 7, 5, 6, 0, 8, 14, 0, 7, 3, 1, 10, 8, 17, 6, 0, 17, 1, 14, 2, 13, 1, 12, 10, 3, 17, 12, 5, 15, 12, 4, 2, 12, 9, 2, 15, 7, 11, 4, 10, 3, 1, 5, 7, 1, 9, 18, 2, 0, 9, 7, 5, 16, 4, 13, 5, 0, 6, 8, 0, 9, 13, 15, 11, 13, 16, 14, 17, 11, 15, 10, 14, 8, 10, 3, 9, 2, 12, 15, 3, 18, 8, 3, 6, 8, 10, 3, 13, 6, 1, 12, 2, 6, 1, 7, 18, 5, 1, 0, 6, 14, 17, 12, 4, 15, 7, 0, 8, 3, 7, 0, 11, 4, 16, 14, 11, 3, 12, 4, 2, 0, 7, 1, 17, 2, 4, 10, 17, 5, 15, 8, 13, 10, 8, 0, 15, 9, 7, 11, 15, 10, 3, 9, 14, 12, 6, 2, 13, 10, 2, 18, 15, 2, 6, 9, 1, 5, 3, 18, 13, 5, 11, 7, 16, 0, 11, 7, 0, 16, 5, 7, 12, 4, 13, 12, 17, 8, 6, 0, 8, 15, 1, 4, 8, 5, 9, 19, 8, 13, 3, 14, 8, 0, 0, 2, 15, 12, 14, 10, 17, 9, 12, 10, 1, 13, 4, 2, 6, 1, 11, 2, 5, 4, 13, 10, 1, 4, 2, 13, 0, 6, 17, 3, 11, 0, 14, 10, 4, 15, 7, 10, 16, 6, 8, 16, 9, 11, 7, 3, 11, 14, 8, 16, 7, 12, 8, 13, 9, 0, 3, 0, 11, 2, 12, 3, 5, 15, 9, 16, 5, 12, 18, 4, 1, 6, 2, 5, 11, 13, 15, 9, 7, 10, 1, 13, 0, 6, 1, 10, 2, 0, 13, 15, 10, 16, 18, 1, 8, 2, 6, 4, 13, 16, 14, 6, 8, 11, 3, 13, 4, 8, 19, 17, 5, 3, 8, 4, 6, 3, 8, 10, 0, 8, 1, 5, 11, 4, 15, 5, 9, 15, 11, 14, 6, 11, 9, 0, 14, 11, 17, 9, 1, 3, 5, 14, 12, 3, 0, 13, 1, 7, 12, 6, 2, 9, 0, 2, 16, 7, 2, 5, 15, 0, 6, 13, 7, 2, 9, 6, 17, 8, 10, 3, 19, 16, 18, 4, 12, 10, 5, 18, 13, 8, 3, 12, 4, 9, 15, 11, 16, 1, 11, 2, 15, 0, 13, 10, 8, 1, 7, 17, 15, 3, 11, 1, 6, 9, 12, 1, 3, 5, 8, 14, 4, 13, 5, 11, 17, 6, 3, 5, 11, 13, 1, 9, 7, 14, 4, 0, 6, 10, 7, 0, 10, 6, 17, 9, 3, 8, 2, 14, 12, 9, 0, 4, 6, 12, 16, 10, 8, 2, 4, 13, 2, 12, 15, 3, 0, 7, 1, 12, 0, 4, 16, 7, 14, 17, 15, 0, 3, 1, 5, 11, 8, 5, 18, 8, 5, 15, 4, 17, 7, 11, 1, 5, 2, 11, 7, 5, 11, 7, 13, 0, 0, 10, 13, 2, 10, 6, 2, 5, 3, 9, 12, 0, 13, 9, 2, 14, 4, 2, 10, 2, 15, 7, 0, 14, 16, 9, 15, 13, 6, 4, 8, 3, 17, 0, 16, 12, 8, 6, 5, 9, 17, 19, 12, 18, 11, 8, 10, 2, 14, 1, 15, 8, 3, 5, 0, 11, 11, 4, 10, 8, 0, 4, 14, 0, 7, 5, 9, 4, 6, 10, 15, 2, 4, 7, 2, 6, 3, 13, 2, 3, 9, 12, 3, 11, 0, 12, 1, 13, 8, 1, 0, 3, 0, 0, 1, 3, 6, 8, 0, 3, 0, 6, 6]
convergência = [20, 20, 20, 19, 19, 19, 19, 19, 19, 19, 19, 19, 19, 19, 19, 19, 19, 19, 19, 19, 19, 19, 19, 19, 19, 19, 19, 19, 19, 19, 19, 19, 19, 19, 19, 19, 19, 19, 19, 19, 19, 19, 19, 19, 19, 19, 19, 19, 19, 19, 19, 19, 19, 19, 19, 19, 19, 19, 19, 19, 19, 19, 19, 19, 19, 19, 19, 19, 19, 19, 19, 19, 19, 19, 19, 19, 19, 19, 19, 19, 19, 19, 19, 19, 19, 19, 19, 19, 19, 19, 19, 19, 19, 19, 19, 19, 19, 19, 19, 19, 19, 19, 19, 19, 19, 19, 19, 19, 19, 19, 19, 19, 19, 19, 19, 19, 19, 19, 19, 19, 19, 19, 19, 19, 19, 19, 19]

===== FIM =====
