===== RESULTADO BRKGA L(2,1) =====
Arquivo: /Users/mateuspedrosa/Documents/TCC-II/BRKGA/data/random/erdos_n975_p0.8.mtx

----- Execução #1 -----
[INFO] Time limit atingido: 15 minutos. Esgotado durante a inicialização da população.
Tempo de execução: 900824ms
Span (lambda): 982
best_order = [365, 370, 367, 901, 817, 364, 29, 624, 372, 804, 753, 544, 83, 621, 789, 847, 1, 336, 323, 395, 41, 572, 582, 437, 726, 626, 617, 507, 610, 402, 189, 474, 229, 44, 520, 741, 922, 76, 120, 194, 90, 743, 546, 143, 317, 117, 429, 207, 362, 27, 446, 966, 202, 95, 442, 479, 496, 177, 350, 904, 874, 292, 536, 345, 124, 211, 883, 925, 511, 531, 912, 415, 706, 718, 717, 703, 779, 902, 809, 566, 786, 87, 882, 805, 589, 553, 867, 392, 277, 893, 573, 133, 128, 853, 121, 447, 758, 547, 826, 237, 780, 396, 915, 960, 506, 539, 378, 243, 420, 689, 784, 781, 122, 873, 720, 93, 927, 680, 94, 815, 642, 914, 597, 381, 658, 962, 82, 523, 832, 170, 284, 314, 157, 510, 455, 287, 791, 163, 62, 137, 421, 110, 581, 684, 557, 905, 57, 289, 71, 629, 725, 926, 319, 125, 91, 478, 403, 104, 968, 398, 824, 410, 24, 561, 799, 55, 896, 939, 401, 942, 514, 769, 644, 627, 773, 154, 184, 605, 105, 663, 259, 937, 776, 0, 677, 103, 220, 794, 843, 356, 369, 261, 732, 344, 669, 4, 950, 186, 204, 107, 584, 696, 377, 400, 852, 656, 302, 264, 232, 552, 812, 493, 75, 840, 854, 492, 673, 282, 631, 252, 637, 72, 842, 559, 833, 407, 578, 897, 127, 860, 441, 714, 929, 301, 436, 884, 750, 971, 482, 272, 920, 467, 870, 592, 665, 736, 388, 199, 880, 311, 849, 556, 307, 740, 707, 486, 428, 322, 279, 89, 766, 930, 306, 88, 355, 802, 667, 889, 227, 699, 785, 210, 425, 411, 215, 655, 270, 276, 620, 38, 625, 79, 594, 2, 172, 515, 819, 74, 613, 488, 958, 651, 418, 53, 963, 953, 821, 241, 836, 862, 309, 97, 796, 916, 218, 509, 208, 801, 558, 913, 639, 756, 808, 217, 761, 955, 23, 318, 257, 672, 540, 195, 459, 327, 748, 413, 892, 394, 770, 206, 116, 567, 67, 56, 735, 838, 481, 671, 593, 147, 358, 919, 762, 634, 636, 490, 149, 462, 472, 603, 583, 640, 371, 63, 923, 489, 376, 68, 180, 660, 11, 965, 213, 742, 28, 361, 448, 453, 454, 153, 25, 37, 783, 512, 645, 619, 84, 721, 813, 618, 273, 932, 80, 846, 224, 340, 253, 315, 435, 12, 58, 108, 438, 303, 562, 844, 468, 26, 806, 414, 419, 233, 348, 193, 837, 890, 187, 246, 548, 542, 263, 7, 869, 574, 587, 349, 885, 504, 228, 686, 160, 662, 903, 595, 851, 829, 397, 495, 260, 408, 550, 755, 283, 304, 767, 888, 17, 368, 129, 334, 850, 483, 910, 949, 654, 393, 389, 50, 169, 777, 875, 723, 338, 775, 115, 274, 373, 693, 668, 9, 834, 409, 800, 173, 879, 933, 54, 390, 803, 98, 935, 604, 818, 503, 434, 201, 51, 36, 258, 221, 148, 351, 470, 823, 366, 449, 752, 830, 427, 964, 967, 321, 881, 664, 66, 387, 633, 541, 711, 288, 119, 491, 650, 359, 565, 347, 754, 533, 675, 106, 305, 877, 166, 405, 297, 519, 570, 178, 386, 339, 34, 352, 480, 78, 179, 341, 450, 730, 96, 15, 554, 532, 551, 132, 630, 422, 162, 231, 632, 291, 443, 744, 575, 961, 135, 473, 845, 404, 538, 175, 793, 608, 477, 697, 887, 379, 216, 60, 111, 611, 226, 797, 70, 416, 343, 487, 521, 712, 724, 943, 85, 238, 646, 113, 312, 109, 774, 734, 682, 899, 325, 529, 265, 212, 498, 648, 710, 688, 451, 337, 417, 969, 751, 118, 931, 947, 694, 219, 463, 294, 746, 152, 476, 549, 192, 745, 296, 250, 917, 354, 674, 764, 432, 820, 911, 5, 151, 19, 653, 908, 685, 440, 891, 527, 234, 535, 886, 778, 863, 131, 123, 203, 183, 973, 816, 940, 954, 957, 952, 568, 248, 31, 738, 827, 944, 46, 335, 678, 690, 278, 679, 526, 198, 380, 861, 383, 295, 894, 484, 716, 164, 670, 81, 948, 299, 768, 8, 945, 464, 835, 641, 810, 555, 6, 48, 537, 508, 140, 600, 176, 300, 757, 857, 298, 159, 247, 788, 357, 579, 209, 150, 864, 114, 709, 702, 445, 142, 772, 430, 878, 731, 200, 522, 563, 69, 505, 316, 156, 739, 638, 588, 141, 433, 616, 635, 310, 100, 524, 643, 412, 374, 330, 42, 590, 168, 431, 145, 59, 457, 956, 601, 249, 713, 174, 465, 691, 182, 907, 35, 692, 972, 326, 525, 928, 571, 765, 560, 320, 614, 938, 22, 155, 191, 602, 190, 77, 868, 308, 236, 499, 130, 293, 787, 271, 239, 40, 970, 700, 576, 855, 45, 900, 615, 384, 165, 705, 681, 99, 609, 485, 657, 591, 275, 21, 659, 502, 251, 747, 534, 683, 607, 866, 586, 921, 290, 101, 528, 898, 280, 652, 13, 399, 728, 222, 564, 256, 666, 266, 112, 647, 517, 406, 872, 701, 197, 698, 460, 822, 760, 16, 612, 360, 865, 43, 661, 328, 382, 500, 569, 126, 676, 599, 934, 909, 811, 727, 687, 138, 452, 444, 918, 39, 628, 941, 92, 951, 181, 596, 466, 242, 456, 513, 469, 18, 831, 240, 959, 859, 895, 759, 158, 807, 254, 281, 185, 134, 329, 501, 391, 223, 792, 461, 814, 144, 235, 719, 86, 497, 580, 749, 267, 518, 494, 871, 136, 331, 20, 974, 516, 286, 471, 458, 876, 737, 722, 424, 543, 828, 771, 545, 375, 946, 332, 61, 649, 695, 848, 313, 10, 255, 324, 715, 924, 33, 32, 342, 52, 214, 146, 64, 245, 795, 171, 47, 708, 704, 790, 161, 285, 733, 14, 936, 439, 426, 825, 167, 49, 423, 856, 188, 598, 262, 729, 839, 622, 585, 268, 269, 73, 906, 530, 333, 65, 30, 3, 196, 205, 577, 353, 363, 858, 475, 841, 606, 385, 798, 346, 244, 139, 225, 102, 763, 623, 782, 230]
labeling = [201, 22, 265, 960, 190, 636, 565, 384, 682, 474, 920, 317, 392, 819, 947, 550, 838, 454, 763, 638, 856, 801, 772, 332, 174, 389, 414, 60, 383, 10, 972, 631, 902, 926, 528, 752, 449, 391, 204, 812, 781, 28, 736, 842, 41, 785, 657, 936, 468, 917, 453, 462, 919, 308, 481, 180, 315, 164, 364, 737, 575, 874, 156, 371, 930, 943, 507, 302, 258, 719, 581, 153, 242, 969, 297, 229, 43, 776, 530, 291, 346, 679, 143, 4, 397, 489, 860, 99, 283, 280, 50, 170, 810, 136, 102, 65, 548, 296, 483, 793, 729, 813, 971, 203, 139, 196, 522, 217, 331, 591, 151, 577, 831, 571, 697, 431, 349, 54, 614, 515, 46, 109, 132, 653, 83, 133, 808, 206, 76, 426, 780, 652, 554, 53, 878, 538, 898, 126, 777, 985, 670, 721, 713, 29, 888, 742, 928, 267, 492, 365, 687, 617, 620, 305, 147, 718, 722, 142, 875, 703, 437, 942, 502, 154, 676, 791, 531, 923, 739, 463, 87, 933, 286, 479, 748, 570, 633, 73, 455, 540, 378, 786, 526, 635, 193, 883, 213, 404, 950, 18, 663, 774, 536, 419, 48, 339, 973, 835, 621, 210, 678, 476, 63, 629, 215, 975, 321, 58, 322, 710, 256, 82, 576, 381, 925, 290, 573, 325, 320, 589, 205, 490, 753, 845, 405, 987, 563, 212, 433, 15, 991, 558, 182, 417, 611, 882, 778, 117, 590, 735, 864, 307, 863, 124, 983, 932, 421, 705, 578, 747, 624, 779, 238, 362, 879, 866, 825, 335, 478, 167, 446, 175, 945, 425, 98, 586, 829, 894, 965, 967, 273, 665, 257, 402, 471, 799, 279, 94, 664, 278, 817, 881, 236, 401, 146, 944, 849, 150, 513, 157, 794, 545, 78, 743, 524, 646, 599, 533, 701, 615, 696, 245, 225, 336, 386, 529, 251, 272, 765, 314, 727, 266, 592, 918, 148, 374, 714, 47, 333, 168, 768, 503, 275, 26, 922, 598, 758, 338, 771, 868, 716, 900, 889, 935, 456, 662, 24, 608, 420, 500, 407, 542, 906, 585, 122, 81, 981, 525, 342, 430, 75, 460, 537, 939, 582, 243, 188, 706, 352, 521, 804, 385, 40, 941, 9, 0, 494, 3, 388, 173, 2, 368, 12, 458, 734, 914, 377, 216, 127, 549, 648, 112, 728, 650, 789, 980, 415, 498, 264, 461, 470, 887, 85, 441, 347, 8, 119, 444, 116, 695, 221, 185, 37, 161, 566, 408, 749, 244, 448, 443, 131, 288, 711, 343, 411, 49, 583, 555, 306, 416, 64, 158, 516, 955, 908, 247, 951, 486, 276, 56, 707, 740, 630, 709, 480, 379, 252, 23, 390, 929, 643, 218, 67, 562, 854, 704, 62, 111, 334, 466, 544, 606, 851, 358, 387, 104, 865, 744, 903, 341, 837, 834, 329, 597, 684, 723, 861, 259, 412, 841, 493, 895, 367, 564, 39, 978, 603, 572, 172, 69, 539, 355, 255, 394, 672, 784, 274, 567, 301, 375, 354, 517, 214, 159, 822, 445, 71, 876, 602, 755, 839, 885, 790, 488, 432, 720, 125, 34, 692, 281, 120, 38, 348, 867, 187, 293, 830, 818, 884, 535, 42, 496, 717, 137, 730, 760, 667, 645, 796, 600, 911, 45, 547, 514, 803, 601, 20, 690, 568, 114, 313, 510, 398, 910, 16, 880, 31, 115, 423, 622, 450, 551, 169, 80, 552, 688, 270, 144, 309, 202, 766, 176, 409, 699, 823, 523, 51, 351, 658, 846, 532, 764, 30, 107, 427, 541, 783, 977, 239, 708, 892, 108, 27, 369, 179, 963, 809, 429, 724, 103, 738, 798, 230, 359, 289, 438, 859, 100, 937, 806, 694, 685, 773, 327, 487, 194, 979, 775, 569, 795, 35, 491, 840, 299, 770, 787, 725, 32, 360, 269, 260, 17, 961, 870, 6, 271, 11, 135, 824, 166, 556, 208, 560, 508, 363, 726, 344, 240, 689, 326, 366, 680, 70, 732, 189, 395, 557, 816, 504, 858, 519, 304, 788, 605, 436, 222, 223, 797, 140, 792, 350, 844, 396, 198, 439, 262, 827, 287, 475, 209, 677, 357, 337, 234, 628, 527, 848, 171, 655, 666, 68, 673, 594, 805, 160, 641, 435, 828, 604, 106, 661, 741, 754, 473, 595, 913, 219, 506, 826, 192, 759, 833, 702, 93, 940, 733, 90, 224, 938, 693, 584, 512, 587, 675, 195, 886, 674, 92, 74, 890, 72, 399, 907, 406, 580, 165, 1, 853, 821, 957, 546, 715, 207, 946, 559, 353, 200, 905, 644, 683, 253, 25, 292, 52, 484, 609, 561, 746, 323, 893, 254, 612, 497, 13, 509, 452, 328, 698, 113, 843, 820, 330, 361, 964, 627, 731, 282, 413, 681, 186, 340, 904, 619, 191, 593, 469, 129, 465, 649, 95, 59, 130, 989, 393, 128, 235, 97, 782, 691, 19, 897, 152, 832, 553, 149, 934, 316, 579, 931, 178, 477, 319, 285, 434, 14, 101, 372, 877, 298, 89, 668, 852, 227, 400, 802, 91, 520, 7, 428, 295, 632, 284, 836, 495, 118, 953, 61, 660, 912, 442, 499, 869, 145, 226, 447, 686, 312, 382, 277, 959, 231, 927, 237, 177, 410, 534, 356, 21, 916, 268, 457, 440, 184, 55, 233, 767, 909, 700, 958, 862, 248, 669, 294, 651, 712, 800, 807, 105, 642, 418, 261, 896, 814, 134, 79, 467, 872, 518, 659, 472, 249, 505, 33, 84, 228, 424, 647, 511, 451, 263, 370, 623, 345, 57, 671, 873, 181, 246, 815, 596, 761, 5, 96, 376, 77, 162, 970, 750, 639, 757, 422, 634, 88, 324, 66, 121, 318, 626, 855, 311, 220, 811, 44, 373, 924, 86, 155, 138, 762, 250, 232, 616, 403, 464, 850, 485, 949, 199, 751, 183, 637, 847, 163, 588, 607, 640, 891, 618, 574, 459, 211, 857, 613, 310, 625, 300, 745, 656, 303, 871, 123, 543, 141, 197, 501, 380, 36, 482, 110, 610, 769, 241, 756, 654, 901]
convergência = []

===== FIM =====
