===== RESULTADO BRKGA L(2,1) =====
Arquivo: /Users/mateuspedrosa/Documents/TCC-II/BRKGA/data/random/erdos_n272_p0.6.mtx

----- Execução #1 -----
[INFO] Time limit atingido: 15 minutos. Interrompido no meio de uma geração.
Tempo de execução: 900048ms
Span (lambda): 271
best_order = [34, 24, 11, 29, 243, 256, 62, 215, 154, 207, 122, 158, 163, 174, 98, 70, 148, 94, 38, 156, 42, 4, 138, 26, 73, 80, 192, 2, 167, 79, 222, 233, 242, 48, 81, 204, 74, 20, 53, 117, 153, 106, 63, 33, 175, 110, 186, 75, 185, 50, 77, 108, 121, 255, 244, 15, 134, 19, 227, 101, 64, 193, 105, 37, 5, 161, 160, 263, 18, 219, 58, 1, 202, 92, 129, 208, 126, 191, 131, 169, 162, 146, 97, 176, 145, 78, 260, 266, 214, 113, 46, 111, 103, 141, 187, 226, 25, 91, 264, 210, 225, 258, 228, 240, 12, 178, 171, 32, 253, 36, 22, 249, 3, 254, 84, 68, 241, 216, 51, 35, 239, 172, 147, 86, 155, 151, 152, 209, 199, 57, 188, 135, 17, 213, 261, 114, 179, 90, 100, 21, 265, 44, 221, 212, 184, 16, 230, 194, 259, 128, 180, 69, 206, 45, 43, 67, 93, 83, 229, 236, 0, 71, 248, 142, 139, 82, 109, 183, 66, 13, 115, 232, 257, 31, 125, 168, 39, 237, 182, 76, 41, 60, 205, 99, 124, 52, 9, 268, 170, 198, 203, 252, 144, 27, 164, 200, 104, 8, 107, 23, 6, 223, 267, 136, 251, 269, 231, 189, 95, 30, 87, 234, 181, 89, 157, 130, 49, 56, 54, 166, 246, 190, 132, 195, 123, 196, 165, 271, 65, 118, 177, 14, 238, 173, 112, 133, 10, 140, 159, 96, 55, 211, 7, 220, 61, 201, 102, 149, 88, 218, 28, 116, 72, 143, 120, 245, 150, 224, 247, 127, 217, 59, 270, 40, 85, 235, 47, 250, 197, 119, 262, 137]
labeling = [162, 66, 28, 99, 23, 60, 206, 243, 204, 191, 229, 1, 97, 169, 234, 59, 148, 134, 73, 61, 40, 143, 116, 195, 2, 100, 25, 171, 253, 4, 213, 176, 106, 49, 0, 118, 114, 69, 14, 175, 264, 185, 21, 158, 139, 157, 93, 268, 35, 212, 51, 109, 190, 42, 220, 231, 217, 131, 75, 265, 187, 246, 8, 47, 65, 230, 168, 159, 113, 152, 16, 163, 252, 26, 38, 39, 178, 54, 88, 29, 27, 36, 154, 156, 102, 267, 125, 208, 249, 205, 133, 101, 77, 141, 19, 211, 239, 84, 9, 189, 142, 57, 248, 94, 202, 67, 45, 173, 32, 167, 41, 92, 233, 91, 135, 170, 244, 44, 232, 272, 255, 56, 12, 219, 180, 177, 82, 260, 151, 78, 218, 83, 226, 240, 46, 132, 188, 266, 17, 160, 241, 70, 165, 247, 200, 86, 68, 111, 18, 250, 259, 123, 127, 37, 5, 121, 20, 216, 13, 235, 71, 55, 74, 15, 201, 223, 214, 24, 179, 81, 186, 104, 124, 238, 7, 50, 79, 227, 110, 140, 153, 215, 183, 166, 147, 48, 52, 96, 130, 197, 224, 72, 22, 53, 149, 221, 228, 271, 194, 129, 182, 237, 76, 196, 34, 184, 155, 11, 80, 126, 105, 242, 137, 136, 87, 10, 115, 263, 251, 62, 245, 145, 30, 199, 258, 95, 98, 63, 108, 161, 144, 203, 172, 31, 210, 262, 150, 181, 236, 122, 89, 120, 33, 6, 58, 257, 222, 261, 164, 117, 269, 207, 198, 112, 119, 43, 3, 174, 107, 146, 85, 138, 273, 64, 103, 128, 90, 193, 192, 209, 256, 225]
convergência = [271, 271, 271, 271, 271, 271, 271, 271, 271, 271, 271]

===== FIM =====
