===== RESULTADO BRKGA L(2,1) =====
Arquivo: /Users/mateuspedrosa/Documents/TCC-II/BRKGA/data/random/erdos_n280_p0.2.mtx

----- Execução #1 -----
[INFO] Time limit atingido: 15 minutos. Interrompido no meio de uma geração.
Tempo de execução: 900003ms
Span (lambda): 279
best_order = [77, 187, 152, 164, 132, 275, 200, 46, 82, 29, 100, 154, 224, 24, 106, 131, 0, 135, 1, 61, 18, 267, 162, 25, 181, 216, 197, 47, 55, 276, 246, 214, 52, 221, 54, 142, 255, 126, 127, 108, 53, 32, 236, 254, 121, 4, 279, 38, 252, 114, 264, 233, 27, 208, 163, 227, 183, 248, 65, 9, 213, 237, 157, 19, 99, 71, 196, 273, 175, 93, 109, 231, 3, 195, 110, 149, 159, 91, 203, 190, 66, 39, 263, 56, 107, 13, 215, 113, 90, 43, 2, 166, 6, 204, 165, 87, 270, 225, 229, 211, 69, 192, 11, 101, 210, 115, 68, 137, 63, 277, 147, 194, 145, 12, 167, 243, 103, 160, 185, 122, 51, 37, 173, 174, 234, 23, 104, 201, 156, 98, 134, 67, 146, 186, 22, 86, 36, 119, 20, 81, 133, 238, 116, 50, 272, 33, 30, 205, 7, 124, 226, 191, 97, 256, 130, 240, 168, 169, 41, 28, 251, 49, 247, 58, 79, 274, 180, 105, 10, 232, 222, 219, 40, 14, 202, 179, 259, 118, 48, 60, 92, 96, 249, 239, 85, 220, 59, 242, 199, 253, 184, 178, 94, 74, 158, 143, 278, 182, 31, 129, 125, 209, 262, 265, 80, 17, 261, 244, 128, 170, 111, 150, 5, 218, 16, 151, 228, 102, 235, 34, 70, 139, 193, 144, 112, 76, 123, 21, 230, 35, 212, 42, 120, 176, 141, 64, 258, 161, 245, 198, 148, 26, 207, 223, 140, 172, 8, 268, 217, 57, 138, 75, 269, 117, 72, 206, 171, 257, 250, 95, 84, 155, 260, 73, 188, 266, 78, 153, 189, 271, 177, 136, 45, 15, 241, 62, 89, 44, 83, 88]
labeling = [16, 18, 89, 72, 46, 212, 94, 143, 246, 59, 168, 103, 113, 85, 172, 274, 210, 205, 20, 64, 138, 228, 135, 125, 13, 23, 240, 51, 157, 9, 146, 198, 41, 147, 219, 230, 136, 121, 48, 81, 173, 159, 231, 90, 277, 272, 7, 25, 178, 162, 144, 114, 32, 40, 34, 30, 84, 249, 163, 186, 180, 19, 275, 108, 235, 58, 79, 132, 107, 100, 220, 66, 255, 263, 192, 251, 224, 0, 266, 164, 203, 139, 8, 279, 260, 184, 134, 91, 278, 276, 88, 77, 179, 69, 193, 259, 182, 155, 131, 63, 10, 105, 218, 117, 127, 165, 15, 83, 39, 70, 74, 211, 225, 87, 47, 102, 142, 253, 177, 137, 233, 44, 120, 226, 149, 200, 37, 38, 208, 199, 154, 14, 4, 140, 133, 17, 271, 104, 250, 221, 243, 234, 35, 195, 223, 112, 128, 110, 238, 75, 213, 215, 1, 267, 11, 261, 126, 62, 194, 76, 118, 237, 22, 55, 3, 95, 92, 115, 156, 158, 209, 256, 245, 122, 123, 67, 232, 270, 191, 175, 167, 24, 197, 56, 190, 119, 130, 2, 264, 268, 80, 153, 101, 222, 111, 73, 65, 28, 241, 187, 6, 129, 174, 78, 96, 148, 254, 242, 53, 201, 106, 99, 229, 60, 31, 86, 26, 248, 214, 171, 185, 33, 169, 244, 12, 98, 151, 54, 216, 97, 227, 71, 170, 49, 124, 217, 42, 61, 141, 183, 152, 273, 188, 116, 207, 239, 29, 161, 57, 181, 258, 160, 50, 189, 43, 36, 150, 257, 236, 176, 262, 206, 202, 82, 52, 204, 265, 21, 247, 252, 93, 269, 145, 68, 166, 5, 27, 109, 196, 45]
convergência = [279, 279, 279, 279, 279, 279, 279, 279, 279, 279, 279, 279, 279, 279, 279, 279, 279, 279, 279, 279, 279, 279, 279, 279, 279, 279, 279, 279, 279, 279, 279, 279, 279, 279, 279, 279, 279, 279, 279, 279, 279, 279, 279, 279, 279, 279, 279, 279, 279, 279, 279, 279, 279, 279, 279, 279, 279, 279, 279, 279, 279, 279, 279, 279, 279, 279, 279, 279, 279, 279, 279, 279, 279, 279, 279, 279, 279, 279, 279, 279, 279, 279, 279, 279, 279, 279, 279, 279, 279, 279, 279, 279, 279, 279, 279, 279, 279, 279, 279]

===== FIM =====
