===== RESULTADO BRKGA L(2,1) =====
Arquivo: /Users/mateuspedrosa/Documents/TCC-II/BRKGA/data/random/erdos_n332_p0.4.mtx

----- Execução #1 -----
[INFO] Time limit atingido: 15 minutos. Interrompido no meio de uma geração.
Tempo de execução: 900048ms
Span (lambda): 331
best_order = [320, 104, 33, 94, 27, 72, 8, 327, 308, 39, 80, 99, 82, 59, 193, 177, 153, 222, 55, 323, 331, 275, 196, 214, 297, 311, 270, 34, 224, 37, 78, 106, 328, 137, 192, 302, 225, 129, 24, 248, 176, 322, 209, 265, 250, 101, 40, 204, 17, 77, 271, 325, 64, 169, 315, 73, 263, 163, 258, 86, 41, 272, 42, 280, 38, 303, 318, 181, 173, 190, 294, 50, 21, 231, 247, 12, 223, 67, 221, 229, 96, 66, 166, 199, 112, 110, 330, 197, 286, 186, 210, 92, 284, 304, 203, 230, 291, 30, 232, 63, 269, 65, 208, 49, 53, 114, 233, 171, 46, 175, 295, 95, 162, 154, 317, 25, 16, 252, 141, 200, 184, 170, 319, 132, 241, 306, 314, 312, 157, 9, 243, 301, 324, 79, 292, 249, 279, 83, 120, 68, 152, 260, 194, 213, 236, 281, 226, 161, 91, 238, 107, 296, 321, 262, 293, 228, 19, 251, 289, 87, 10, 191, 35, 20, 28, 220, 255, 103, 22, 235, 18, 31, 298, 195, 88, 277, 264, 52, 207, 138, 142, 150, 205, 143, 14, 201, 149, 273, 211, 76, 32, 136, 3, 172, 26, 43, 70, 48, 285, 118, 164, 84, 216, 288, 98, 299, 47, 185, 309, 61, 244, 51, 257, 283, 126, 85, 167, 182, 58, 188, 113, 290, 56, 329, 109, 148, 253, 139, 4, 300, 217, 242, 212, 93, 60, 267, 75, 115, 276, 124, 81, 74, 151, 111, 1, 130, 219, 158, 198, 179, 165, 245, 123, 144, 108, 54, 180, 145, 2, 326, 0, 116, 134, 168, 23, 183, 237, 36, 6, 187, 125, 254, 57, 13, 234, 29, 239, 189, 282, 313, 307, 206, 128, 89, 131, 310, 45, 159, 133, 246, 105, 215, 121, 7, 274, 240, 261, 100, 156, 102, 15, 174, 227, 316, 218, 127, 140, 11, 97, 278, 305, 146, 119, 69, 90, 259, 71, 155, 122, 178, 256, 266, 5, 44, 147, 202, 62, 268, 135, 160, 287, 117]
labeling = [257, 245, 250, 192, 230, 322, 267, 294, 7, 131, 161, 305, 68, 274, 184, 299, 118, 44, 172, 158, 160, 74, 168, 266, 36, 115, 194, 1, 164, 275, 98, 171, 188, 4, 28, 163, 268, 30, 63, 3, 47, 60, 64, 195, 318, 287, 111, 207, 198, 105, 70, 210, 179, 102, 258, 21, 219, 272, 220, 15, 233, 209, 328, 97, 52, 103, 83, 78, 125, 311, 196, 315, 8, 55, 243, 235, 191, 48, 29, 133, 11, 241, 14, 140, 204, 218, 56, 159, 173, 279, 313, 149, 92, 234, 6, 113, 81, 307, 205, 13, 298, 42, 300, 166, 2, 290, 31, 151, 252, 226, 85, 244, 82, 223, 100, 238, 259, 331, 200, 314, 142, 292, 319, 254, 239, 270, 216, 303, 283, 39, 246, 285, 124, 284, 261, 327, 190, 33, 181, 227, 308, 110, 176, 183, 256, 255, 312, 324, 228, 187, 182, 242, 135, 18, 112, 317, 297, 123, 247, 289, 330, 146, 114, 59, 202, 248, 84, 217, 264, 53, 122, 109, 193, 71, 302, 106, 40, 5, 321, 251, 260, 69, 213, 263, 119, 206, 91, 269, 221, 277, 66, 162, 34, 16, 137, 174, 17, 87, 249, 80, 121, 185, 326, 95, 49, 178, 281, 180, 104, 43, 88, 186, 231, 141, 19, 288, 203, 232, 306, 240, 165, 79, 20, 76, 26, 37, 147, 304, 157, 77, 90, 73, 99, 107, 273, 170, 143, 265, 148, 276, 295, 126, 222, 132, 211, 253, 291, 75, 41, 138, 46, 150, 120, 225, 271, 167, 320, 212, 61, 316, 144, 293, 154, 57, 177, 45, 323, 236, 325, 101, 27, 51, 62, 189, 296, 22, 237, 175, 309, 139, 58, 145, 278, 214, 93, 197, 89, 329, 199, 152, 215, 96, 136, 156, 72, 108, 153, 24, 169, 201, 229, 127, 35, 65, 94, 310, 128, 282, 10, 208, 286, 25, 130, 280, 129, 54, 301, 116, 67, 117, 0, 155, 38, 23, 134, 50, 262, 9, 32, 224, 86, 12]
convergência = [331, 331, 331, 331, 331, 331, 331, 331, 331, 331, 331, 331, 331]

===== FIM =====
