===== RESULTADO BRKGA L(2,1) =====
Arquivo: /Users/mateuspedrosa/Documents/TCC-II/BRKGA/data/random/erdos_n506_p0.2.mtx

----- Execução #1 -----
[INFO] Time limit atingido: 15 minutos. Interrompido no meio de uma geração.
Tempo de execução: 900026ms
Span (lambda): 505
best_order = [7, 340, 360, 261, 76, 387, 327, 117, 14, 71, 278, 334, 451, 137, 260, 99, 69, 372, 335, 415, 336, 464, 120, 163, 429, 263, 295, 472, 268, 414, 216, 51, 339, 419, 149, 276, 228, 83, 485, 358, 413, 127, 3, 249, 190, 313, 476, 412, 113, 136, 160, 455, 359, 154, 487, 122, 393, 250, 282, 92, 456, 357, 126, 390, 374, 165, 111, 129, 433, 355, 326, 265, 315, 396, 461, 25, 44, 274, 84, 114, 416, 473, 134, 78, 471, 153, 317, 217, 196, 82, 213, 167, 349, 40, 20, 156, 68, 2, 235, 101, 275, 304, 45, 308, 373, 72, 428, 453, 183, 98, 43, 463, 246, 324, 118, 488, 234, 251, 460, 11, 219, 177, 230, 299, 477, 474, 402, 23, 481, 232, 450, 294, 379, 9, 421, 291, 504, 221, 90, 254, 189, 30, 329, 284, 489, 224, 179, 435, 79, 432, 320, 300, 94, 346, 305, 70, 338, 226, 145, 496, 409, 215, 293, 236, 347, 431, 5, 6, 27, 273, 478, 256, 130, 59, 322, 388, 505, 288, 397, 168, 53, 371, 436, 233, 229, 343, 328, 494, 364, 287, 115, 362, 377, 279, 382, 203, 170, 188, 121, 18, 192, 454, 301, 206, 367, 185, 383, 132, 493, 105, 490, 28, 306, 406, 470, 444, 333, 91, 486, 386, 458, 223, 248, 243, 484, 146, 144, 418, 361, 405, 500, 24, 492, 475, 66, 310, 42, 67, 35, 50, 212, 181, 109, 81, 271, 380, 330, 262, 164, 174, 58, 384, 318, 39, 240, 312, 60, 220, 337, 85, 33, 178, 363, 424, 161, 351, 107, 46, 370, 125, 169, 277, 446, 259, 210, 12, 375, 468, 173, 503, 501, 176, 73, 381, 345, 186, 441, 49, 37, 344, 257, 283, 54, 180, 112, 195, 204, 15, 172, 497, 103, 266, 245, 237, 207, 482, 448, 270, 252, 247, 201, 199, 88, 184, 411, 356, 75, 209, 426, 13, 162, 425, 141, 281, 225, 290, 307, 22, 437, 16, 445, 80, 175, 61, 403, 483, 462, 389, 502, 457, 407, 391, 395, 239, 244, 408, 197, 319, 352, 198, 353, 323, 423, 104, 231, 465, 166, 29, 255, 241, 430, 63, 65, 87, 21, 438, 267, 280, 32, 348, 440, 0, 400, 52, 369, 17, 258, 452, 36, 447, 269, 31, 147, 119, 495, 1, 286, 171, 64, 242, 253, 74, 19, 57, 106, 479, 152, 89, 401, 332, 311, 285, 297, 394, 34, 55, 466, 321, 4, 151, 296, 398, 47, 93, 480, 417, 442, 292, 139, 498, 41, 56, 142, 96, 238, 378, 499, 97, 404, 211, 202, 392, 8, 158, 191, 155, 316, 116, 159, 157, 95, 422, 110, 124, 218, 102, 303, 298, 10, 200, 86, 194, 135, 439, 449, 376, 350, 214, 62, 205, 150, 148, 38, 314, 128, 289, 26, 182, 309, 143, 123, 341, 325, 133, 469, 100, 354, 131, 77, 140, 108, 342, 272, 138, 434, 264, 467, 368, 365, 222, 187, 427, 48, 410, 193, 399, 227, 459, 385, 302, 366, 420, 331, 443, 208, 491]
labeling = [371, 385, 97, 44, 409, 166, 168, 0, 432, 131, 448, 120, 276, 320, 8, 297, 330, 375, 200, 391, 93, 364, 327, 127, 232, 76, 466, 167, 212, 356, 142, 381, 369, 259, 404, 238, 378, 288, 462, 254, 91, 420, 235, 109, 78, 102, 268, 412, 493, 287, 239, 31, 372, 181, 292, 405, 421, 393, 250, 170, 256, 333, 458, 361, 388, 362, 234, 237, 96, 16, 155, 9, 106, 282, 392, 316, 5, 479, 85, 145, 331, 243, 89, 38, 77, 260, 450, 363, 312, 397, 140, 213, 59, 413, 152, 441, 422, 427, 110, 14, 475, 100, 445, 299, 355, 207, 394, 265, 477, 242, 437, 64, 294, 48, 79, 190, 438, 7, 114, 383, 22, 198, 55, 470, 443, 270, 62, 42, 464, 67, 173, 478, 208, 473, 84, 452, 50, 13, 483, 418, 480, 322, 423, 469, 226, 159, 224, 382, 461, 35, 460, 410, 396, 82, 54, 434, 95, 440, 433, 439, 49, 264, 321, 23, 248, 66, 354, 92, 179, 267, 197, 387, 298, 279, 249, 332, 281, 121, 261, 147, 293, 241, 467, 108, 313, 205, 285, 490, 196, 137, 45, 435, 199, 494, 451, 295, 88, 346, 349, 311, 449, 309, 431, 194, 296, 459, 201, 303, 504, 317, 274, 430, 240, 90, 457, 157, 29, 87, 444, 119, 257, 139, 488, 220, 146, 324, 158, 496, 37, 184, 122, 352, 129, 182, 116, 98, 163, 304, 424, 343, 253, 359, 389, 223, 344, 302, 111, 310, 222, 41, 58, 117, 307, 390, 135, 358, 172, 289, 376, 272, 15, 3, 247, 24, 485, 70, 301, 366, 28, 380, 308, 244, 482, 169, 75, 99, 34, 271, 10, 192, 368, 323, 57, 291, 143, 400, 386, 189, 177, 465, 325, 133, 416, 162, 132, 26, 407, 402, 446, 123, 151, 204, 499, 447, 101, 154, 211, 326, 103, 468, 236, 401, 255, 46, 463, 72, 436, 86, 252, 347, 150, 408, 174, 351, 113, 472, 71, 6, 186, 141, 246, 502, 399, 218, 11, 18, 20, 258, 156, 32, 1, 471, 481, 185, 290, 284, 153, 164, 367, 94, 455, 266, 348, 350, 476, 69, 315, 61, 39, 53, 2, 228, 191, 262, 188, 489, 500, 203, 487, 374, 269, 183, 17, 104, 65, 277, 453, 193, 425, 134, 245, 283, 195, 206, 251, 498, 221, 4, 175, 337, 63, 342, 428, 56, 403, 341, 73, 178, 411, 495, 373, 398, 126, 334, 429, 229, 214, 340, 345, 161, 492, 314, 47, 40, 30, 19, 81, 414, 227, 33, 501, 136, 442, 353, 263, 319, 318, 491, 105, 25, 360, 165, 149, 68, 484, 148, 180, 328, 365, 454, 370, 286, 417, 503, 217, 329, 273, 379, 306, 456, 130, 12, 377, 107, 202, 51, 60, 339, 215, 497, 118, 74, 336, 112, 21, 357, 406, 486, 275, 474, 216, 80, 27, 83, 125, 233, 43, 124, 171, 395, 415, 128, 305, 335, 225, 36, 219, 52, 115, 144, 209, 505, 231, 210, 187, 384, 160, 300, 419, 426, 230, 280, 338, 278, 138, 176]
convergência = [505, 505, 505, 505, 505, 505, 505, 505, 505, 505, 505, 505, 505, 505, 505, 505]

===== FIM =====
