===== RESULTADO BRKGA L(2,1) =====
Arquivo: /Users/mateuspedrosa/Documents/TCC-II/BRKGA/data/random/erdos_n574_p0.6.mtx

----- Execução #1 -----
[INFO] Time limit atingido: 15 minutos. Interrompido no meio de uma geração.
Tempo de execução: 900619ms
Span (lambda): 573
best_order = [534, 507, 273, 280, 326, 497, 359, 322, 396, 35, 338, 207, 342, 185, 37, 450, 430, 439, 480, 211, 167, 50, 484, 519, 243, 360, 289, 492, 568, 88, 329, 382, 72, 154, 518, 487, 270, 314, 189, 12, 340, 415, 152, 203, 92, 440, 557, 68, 116, 275, 262, 263, 471, 187, 447, 140, 274, 170, 532, 256, 433, 354, 523, 213, 511, 186, 134, 202, 383, 158, 445, 524, 23, 163, 411, 325, 505, 402, 563, 220, 526, 217, 199, 232, 0, 179, 247, 268, 194, 155, 500, 271, 422, 73, 71, 65, 39, 98, 428, 546, 327, 417, 371, 373, 364, 124, 509, 142, 254, 77, 181, 48, 475, 206, 85, 317, 409, 321, 176, 376, 408, 33, 361, 191, 452, 100, 352, 426, 407, 305, 127, 41, 277, 162, 252, 345, 432, 453, 311, 222, 467, 250, 144, 513, 512, 320, 287, 38, 516, 137, 265, 510, 143, 198, 331, 478, 200, 214, 61, 424, 105, 356, 51, 267, 49, 341, 545, 251, 567, 204, 59, 425, 550, 537, 330, 87, 180, 171, 56, 90, 332, 239, 290, 378, 286, 431, 9, 527, 115, 502, 528, 399, 564, 278, 168, 80, 572, 15, 561, 489, 121, 547, 10, 190, 548, 313, 365, 238, 369, 60, 520, 54, 346, 370, 32, 403, 476, 389, 153, 486, 449, 141, 205, 443, 151, 392, 549, 397, 177, 8, 429, 570, 562, 358, 223, 212, 234, 571, 75, 485, 40, 188, 103, 242, 308, 130, 427, 210, 192, 46, 306, 344, 556, 166, 225, 357, 368, 108, 149, 488, 236, 521, 111, 540, 224, 201, 469, 514, 299, 160, 28, 193, 387, 400, 539, 464, 324, 457, 226, 318, 494, 474, 5, 58, 384, 456, 29, 240, 95, 16, 62, 503, 381, 110, 446, 164, 335, 515, 215, 70, 44, 139, 216, 123, 388, 195, 508, 66, 309, 472, 244, 421, 394, 218, 26, 285, 477, 69, 113, 31, 343, 490, 349, 221, 228, 197, 441, 79, 67, 227, 350, 241, 418, 237, 506, 136, 348, 565, 3, 463, 303, 435, 288, 535, 93, 362, 391, 104, 272, 14, 283, 501, 297, 372, 312, 319, 531, 107, 458, 481, 496, 544, 555, 146, 118, 559, 292, 261, 339, 36, 461, 229, 91, 109, 129, 552, 377, 395, 442, 230, 172, 42, 174, 301, 248, 184, 374, 1, 74, 351, 493, 355, 438, 434, 245, 398, 260, 249, 380, 84, 302, 122, 284, 366, 131, 390, 233, 135, 460, 406, 310, 257, 47, 120, 17, 114, 538, 416, 551, 295, 83, 78, 175, 196, 279, 420, 444, 266, 259, 282, 375, 410, 466, 183, 517, 525, 448, 336, 316, 24, 125, 385, 405, 479, 126, 208, 560, 536, 347, 22, 419, 423, 264, 246, 499, 21, 106, 178, 404, 541, 293, 328, 558, 281, 156, 235, 569, 27, 19, 117, 150, 470, 468, 53, 412, 112, 30, 169, 315, 173, 473, 94, 491, 119, 159, 451, 393, 128, 291, 43, 522, 76, 102, 276, 334, 437, 386, 147, 363, 96, 20, 554, 465, 55, 63, 81, 64, 529, 553, 18, 52, 573, 401, 333, 255, 530, 25, 498, 89, 258, 82, 459, 566, 86, 133, 13, 138, 45, 455, 379, 482, 2, 219, 269, 97, 323, 6, 34, 436, 304, 542, 253, 298, 454, 161, 101, 413, 57, 99, 543, 157, 7, 4, 495, 296, 300, 182, 132, 148, 483, 367, 462, 414, 337, 209, 294, 145, 11, 533, 165, 353, 504, 231, 307]
labeling = [78, 390, 536, 337, 557, 285, 543, 556, 231, 170, 206, 569, 40, 530, 355, 200, 291, 415, 513, 465, 491, 451, 453, 60, 433, 520, 318, 470, 273, 288, 482, 321, 220, 127, 538, 8, 365, 16, 146, 101, 236, 137, 384, 495, 304, 529, 253, 399, 113, 159, 24, 165, 493, 477, 218, 508, 172, 549, 279, 175, 209, 160, 293, 501, 510, 94, 296, 330, 49, 317, 302, 92, 28, 90, 387, 241, 497, 108, 416, 329, 182, 505, 514, 424, 404, 117, 509, 181, 23, 523, 184, 376, 44, 349, 486, 292, 504, 541, 88, 550, 129, 531, 479, 244, 351, 155, 462, 361, 265, 378, 298, 266, 480, 324, 417, 180, 48, 469, 368, 488, 413, 204, 395, 309, 98, 435, 445, 123, 494, 369, 248, 408, 544, 528, 73, 411, 342, 152, 516, 306, 56, 226, 109, 130, 142, 564, 366, 500, 561, 247, 472, 229, 17, 219, 35, 95, 459, 554, 58, 483, 271, 533, 128, 69, 300, 566, 259, 15, 197, 481, 59, 183, 371, 485, 383, 414, 124, 232, 449, 87, 166, 112, 560, 434, 373, 6, 72, 55, 240, 41, 208, 116, 251, 272, 93, 303, 426, 327, 150, 67, 158, 254, 75, 45, 173, 225, 115, 14, 446, 555, 250, 19, 213, 65, 157, 299, 307, 76, 301, 537, 63, 315, 136, 237, 258, 261, 282, 332, 313, 367, 382, 574, 82, 410, 239, 467, 256, 340, 214, 164, 290, 336, 246, 27, 314, 393, 458, 89, 385, 381, 140, 171, 139, 540, 110, 517, 62, 405, 524, 429, 400, 348, 36, 51, 447, 154, 418, 167, 91, 539, 38, 99, 353, 2, 57, 50, 496, 125, 196, 428, 3, 454, 425, 357, 406, 320, 187, 149, 347, 30, 174, 489, 370, 457, 567, 421, 558, 356, 546, 269, 559, 386, 401, 331, 527, 135, 255, 575, 234, 308, 407, 132, 354, 198, 39, 484, 441, 118, 276, 360, 147, 122, 11, 542, 274, 71, 5, 84, 464, 34, 178, 153, 186, 503, 471, 287, 442, 562, 12, 372, 42, 162, 10, 305, 257, 141, 211, 452, 333, 326, 334, 392, 131, 573, 66, 389, 163, 263, 235, 9, 29, 114, 328, 502, 107, 212, 391, 553, 245, 201, 203, 105, 359, 106, 388, 430, 121, 377, 188, 532, 402, 297, 31, 77, 286, 443, 461, 275, 311, 207, 409, 339, 230, 492, 316, 379, 4, 227, 398, 194, 277, 507, 83, 222, 463, 437, 403, 134, 126, 120, 431, 79, 478, 548, 565, 43, 420, 104, 338, 455, 423, 310, 86, 456, 161, 176, 133, 249, 96, 192, 20, 189, 143, 64, 397, 345, 521, 498, 396, 22, 46, 323, 380, 228, 427, 74, 294, 54, 440, 217, 18, 490, 111, 145, 547, 525, 283, 280, 362, 526, 412, 374, 551, 343, 278, 506, 432, 138, 475, 267, 473, 53, 312, 474, 284, 100, 224, 322, 156, 439, 13, 364, 534, 563, 21, 243, 215, 37, 262, 202, 325, 476, 32, 394, 270, 535, 350, 7, 522, 460, 97, 358, 193, 295, 568, 81, 319, 1, 289, 103, 148, 70, 144, 119, 264, 281, 151, 436, 33, 26, 216, 260, 487, 68, 52, 438, 85, 191, 190, 511, 518, 346, 61, 571, 0, 344, 450, 179, 419, 268, 252, 444, 545, 552, 352, 169, 102, 205, 210, 223, 177, 422, 375, 512, 499, 341, 242, 47, 466, 363, 448, 195, 233, 80, 185, 335, 519, 168, 25, 468, 221, 238, 199, 515]
convergência = []

===== FIM =====
