===== RESULTADO BRKGA L(2,1) =====
Arquivo: /Users/mateuspedrosa/Documents/TCC-II/BRKGA/data/random/erdos_n569_p0.4.mtx

----- Execução #1 -----
[INFO] Time limit atingido: 15 minutos. Interrompido no meio de uma geração.
Tempo de execução: 900116ms
Span (lambda): 568
best_order = [422, 148, 531, 442, 359, 156, 106, 54, 368, 7, 105, 366, 254, 291, 469, 182, 69, 79, 214, 398, 153, 396, 125, 289, 181, 522, 70, 392, 66, 544, 318, 29, 500, 414, 176, 419, 558, 499, 26, 323, 160, 455, 349, 316, 417, 407, 78, 215, 57, 247, 63, 94, 334, 375, 508, 335, 566, 60, 404, 228, 251, 462, 217, 167, 269, 480, 397, 189, 192, 415, 293, 393, 378, 244, 131, 451, 400, 552, 210, 420, 297, 111, 284, 497, 190, 118, 550, 104, 450, 347, 1, 308, 432, 101, 354, 232, 319, 117, 12, 504, 515, 14, 243, 270, 546, 452, 183, 157, 174, 562, 476, 536, 507, 409, 382, 539, 207, 447, 344, 172, 162, 212, 529, 206, 245, 209, 40, 342, 164, 395, 493, 336, 130, 18, 140, 276, 234, 288, 547, 461, 505, 252, 470, 491, 483, 490, 340, 123, 25, 77, 92, 196, 205, 563, 271, 76, 408, 22, 283, 159, 229, 259, 339, 545, 134, 277, 314, 453, 231, 68, 16, 213, 403, 413, 379, 75, 103, 4, 331, 296, 241, 273, 219, 436, 467, 328, 309, 85, 376, 292, 163, 439, 33, 126, 263, 141, 358, 565, 45, 191, 481, 330, 67, 521, 466, 537, 298, 151, 386, 233, 526, 121, 144, 423, 287, 285, 52, 383, 341, 282, 329, 338, 389, 535, 326, 102, 511, 406, 388, 357, 431, 564, 253, 108, 154, 421, 311, 264, 449, 380, 482, 114, 235, 425, 175, 186, 337, 99, 195, 47, 567, 548, 333, 83, 223, 256, 203, 530, 514, 494, 556, 557, 350, 525, 401, 343, 9, 89, 208, 149, 81, 540, 61, 27, 128, 373, 523, 267, 286, 479, 261, 180, 48, 445, 110, 55, 199, 64, 107, 21, 519, 248, 239, 2, 528, 255, 446, 166, 460, 484, 381, 194, 363, 98, 28, 257, 456, 290, 302, 258, 411, 434, 568, 129, 553, 418, 304, 325, 100, 474, 120, 238, 96, 127, 38, 355, 11, 185, 32, 485, 487, 225, 352, 37, 112, 294, 39, 161, 226, 512, 20, 429, 119, 538, 473, 72, 371, 454, 139, 559, 15, 362, 193, 502, 345, 51, 327, 472, 543, 73, 402, 477, 143, 169, 202, 19, 227, 399, 496, 370, 506, 93, 3, 240, 561, 384, 177, 441, 74, 306, 49, 44, 168, 300, 503, 200, 50, 299, 364, 46, 42, 369, 136, 324, 90, 34, 218, 351, 58, 372, 137, 554, 332, 463, 458, 475, 230, 307, 53, 158, 250, 275, 265, 501, 346, 43, 549, 222, 356, 6, 532, 305, 524, 188, 135, 122, 542, 435, 71, 426, 115, 246, 171, 178, 23, 322, 448, 353, 424, 87, 488, 541, 444, 464, 272, 471, 17, 551, 5, 495, 113, 278, 84, 279, 360, 433, 410, 440, 365, 116, 560, 478, 133, 10, 313, 237, 281, 534, 204, 95, 97, 260, 509, 520, 390, 216, 443, 361, 91, 173, 220, 152, 438, 527, 465, 262, 387, 31, 428, 132, 385, 109, 224, 221, 457, 321, 124, 517, 62, 312, 412, 13, 266, 184, 145, 35, 317, 249, 310, 36, 146, 405, 427, 142, 510, 211, 430, 374, 170, 147, 30, 516, 416, 0, 198, 533, 280, 555, 391, 377, 489, 65, 468, 315, 82, 348, 486, 56, 242, 513, 197, 236, 24, 394, 274, 303, 459, 320, 498, 295, 138, 59, 179, 86, 165, 8, 88, 268, 150, 187, 437, 155, 80, 41, 301, 518, 201, 367, 492]
labeling = [524, 90, 294, 374, 177, 448, 420, 9, 551, 269, 459, 326, 96, 503, 101, 351, 169, 447, 131, 367, 341, 291, 160, 435, 544, 148, 39, 271, 304, 31, 521, 487, 328, 194, 391, 504, 510, 329, 325, 336, 115, 563, 394, 411, 384, 199, 392, 249, 285, 382, 387, 357, 217, 405, 7, 289, 539, 49, 396, 549, 54, 273, 500, 50, 282, 531, 26, 205, 170, 15, 27, 426, 346, 360, 380, 176, 156, 149, 42, 18, 562, 270, 535, 253, 454, 187, 554, 440, 556, 268, 397, 479, 150, 372, 51, 471, 324, 467, 305, 248, 319, 94, 227, 175, 88, 11, 3, 284, 233, 491, 287, 76, 335, 450, 242, 432, 460, 100, 86, 342, 321, 216, 424, 147, 498, 23, 190, 318, 274, 311, 134, 75, 489, 464, 161, 425, 395, 401, 552, 345, 133, 198, 515, 363, 206, 497, 511, 519, 1, 264, 558, 202, 482, 22, 234, 561, 6, 109, 407, 157, 41, 338, 123, 191, 130, 555, 297, 65, 383, 364, 507, 436, 113, 469, 108, 243, 36, 378, 429, 553, 283, 24, 13, 107, 502, 327, 245, 559, 423, 64, 84, 201, 66, 353, 302, 247, 151, 541, 520, 286, 386, 567, 365, 258, 470, 153, 129, 119, 266, 126, 81, 517, 125, 172, 20, 48, 477, 63, 399, 182, 481, 492, 417, 254, 493, 332, 337, 369, 59, 162, 408, 168, 97, 213, 137, 238, 542, 466, 322, 290, 375, 181, 533, 98, 73, 128, 434, 47, 288, 508, 412, 61, 141, 232, 12, 296, 256, 307, 309, 164, 472, 278, 485, 196, 239, 409, 505, 279, 557, 60, 104, 154, 444, 180, 537, 414, 135, 166, 452, 455, 526, 468, 222, 152, 83, 218, 281, 208, 136, 19, 306, 14, 189, 71, 334, 550, 179, 80, 209, 388, 371, 564, 293, 545, 316, 419, 376, 410, 91, 183, 509, 237, 495, 465, 163, 534, 35, 506, 29, 99, 547, 496, 431, 40, 385, 317, 226, 350, 185, 223, 203, 178, 403, 252, 52, 56, 132, 246, 214, 159, 144, 220, 122, 267, 121, 356, 415, 89, 536, 45, 263, 398, 333, 437, 95, 323, 418, 229, 193, 5, 456, 478, 352, 303, 390, 458, 10, 566, 8, 389, 366, 348, 400, 275, 518, 53, 188, 529, 72, 174, 236, 301, 116, 219, 373, 490, 211, 486, 228, 224, 476, 528, 28, 69, 543, 118, 21, 68, 17, 370, 74, 260, 361, 173, 58, 512, 225, 46, 158, 114, 453, 310, 501, 171, 34, 70, 523, 44, 315, 38, 78, 235, 0, 212, 438, 244, 430, 513, 488, 343, 516, 230, 92, 457, 312, 428, 184, 560, 483, 192, 446, 379, 4, 475, 439, 280, 298, 120, 433, 240, 85, 77, 105, 167, 347, 43, 308, 494, 404, 546, 299, 138, 62, 393, 443, 484, 197, 186, 532, 16, 143, 445, 354, 340, 320, 406, 106, 362, 461, 276, 67, 195, 241, 145, 300, 330, 538, 331, 442, 530, 146, 142, 568, 124, 261, 451, 359, 82, 548, 33, 32, 416, 355, 381, 93, 140, 368, 112, 55, 473, 514, 221, 339, 540, 255, 102, 522, 499, 565, 292, 474, 204, 25, 277, 421, 265, 215, 480, 295, 127, 259, 2, 422, 525, 463, 210, 111, 207, 344, 117, 272, 441, 427, 358, 30, 165, 103, 139, 251, 413, 87, 449, 79, 314, 402, 527, 262, 257, 37, 349, 462, 377, 110, 155, 231, 200, 57, 250, 313]
convergência = [568]

===== FIM =====
