===== RESULTADO BRKGA L(2,1) =====
Arquivo: /Users/mateuspedrosa/Documents/TCC-II/BRKGA/data/random/erdos_n414_p0.6.mtx

----- Execução #1 -----
[INFO] Time limit atingido: 15 minutos. Interrompido no meio de uma geração.
Tempo de execução: 900250ms
Span (lambda): 413
best_order = [27, 233, 403, 47, 154, 280, 185, 31, 129, 379, 108, 61, 294, 216, 165, 46, 29, 52, 223, 107, 40, 78, 161, 125, 345, 172, 66, 362, 22, 15, 338, 33, 387, 239, 198, 28, 264, 113, 408, 273, 148, 18, 92, 26, 365, 53, 71, 0, 304, 359, 199, 257, 328, 397, 401, 237, 266, 329, 85, 205, 225, 371, 367, 413, 134, 169, 141, 1, 207, 163, 278, 208, 95, 158, 393, 296, 246, 244, 238, 140, 309, 322, 63, 56, 247, 402, 240, 193, 115, 336, 112, 308, 398, 200, 170, 251, 178, 19, 317, 389, 194, 227, 293, 180, 58, 268, 145, 17, 349, 126, 155, 335, 87, 229, 262, 316, 102, 234, 286, 100, 152, 312, 346, 11, 385, 97, 175, 256, 39, 306, 143, 159, 41, 391, 130, 255, 176, 215, 303, 147, 211, 372, 204, 224, 182, 128, 324, 252, 119, 67, 272, 375, 384, 34, 226, 106, 38, 20, 166, 51, 358, 14, 330, 274, 111, 370, 121, 214, 142, 396, 118, 399, 5, 271, 318, 290, 340, 310, 236, 70, 279, 86, 190, 59, 295, 258, 230, 120, 80, 124, 245, 104, 177, 267, 249, 269, 388, 344, 35, 326, 228, 218, 9, 50, 196, 69, 282, 32, 132, 334, 265, 220, 382, 242, 139, 352, 210, 81, 327, 23, 331, 299, 241, 153, 16, 332, 281, 37, 368, 250, 354, 386, 275, 323, 90, 55, 374, 325, 94, 298, 380, 287, 353, 4, 146, 260, 348, 10, 43, 395, 351, 405, 117, 72, 283, 222, 137, 114, 167, 311, 378, 343, 149, 103, 320, 25, 289, 297, 138, 350, 285, 91, 151, 44, 307, 364, 314, 221, 253, 3, 201, 284, 133, 232, 206, 101, 347, 135, 84, 49, 127, 243, 157, 213, 411, 231, 77, 369, 212, 407, 189, 355, 406, 42, 179, 184, 93, 164, 342, 96, 7, 187, 64, 373, 288, 98, 79, 8, 410, 409, 82, 173, 356, 89, 73, 181, 83, 219, 360, 122, 160, 6, 21, 156, 392, 186, 45, 24, 390, 291, 62, 48, 2, 150, 162, 171, 54, 357, 183, 144, 65, 337, 259, 191, 313, 168, 263, 302, 361, 76, 74, 381, 315, 341, 105, 333, 217, 88, 131, 57, 192, 235, 300, 68, 321, 261, 174, 377, 394, 109, 99, 209, 277, 292, 404, 270, 339, 60, 12, 13, 301, 136, 319, 123, 30, 254, 36, 197, 195, 75, 110, 305, 376, 116, 366, 412, 383, 248, 363, 202, 203, 188, 276, 400]
labeling = [41, 61, 332, 268, 247, 174, 333, 312, 315, 198, 253, 127, 385, 390, 166, 34, 227, 103, 26, 99, 162, 334, 33, 222, 338, 262, 47, 0, 42, 17, 393, 9, 206, 24, 156, 201, 398, 229, 160, 133, 23, 137, 289, 223, 276, 336, 14, 3, 342, 293, 202, 161, 18, 49, 343, 228, 87, 371, 106, 184, 389, 10, 341, 84, 314, 351, 16, 151, 376, 208, 173, 35, 261, 302, 355, 401, 364, 299, 22, 320, 181, 209, 321, 327, 291, 62, 185, 111, 363, 325, 238, 264, 45, 309, 241, 78, 308, 120, 318, 379, 123, 277, 118, 266, 192, 352, 152, 21, 13, 384, 397, 167, 95, 30, 254, 73, 405, 259, 171, 132, 189, 155, 319, 396, 191, 27, 108, 294, 148, 8, 139, 369, 196, 285, 70, 290, 394, 240, 258, 216, 83, 65, 170, 136, 345, 109, 248, 142, 43, 260, 344, 275, 115, 219, 4, 110, 330, 292, 67, 117, 328, 25, 346, 74, 310, 12, 164, 263, 357, 39, 98, 348, 31, 317, 381, 129, 130, 195, 100, 307, 104, 326, 146, 347, 306, 7, 337, 287, 406, 283, 169, 354, 367, 93, 102, 375, 207, 400, 40, 37, 79, 284, 412, 408, 147, 53, 280, 72, 58, 370, 218, 144, 300, 298, 143, 141, 15, 368, 205, 329, 215, 270, 246, 20, 140, 64, 158, 101, 188, 113, 187, 297, 286, 2, 119, 373, 182, 55, 81, 32, 91, 225, 214, 296, 82, 193, 77, 89, 403, 197, 232, 86, 149, 282, 391, 134, 131, 51, 186, 350, 250, 380, 114, 359, 19, 213, 59, 190, 107, 199, 388, 175, 150, 46, 168, 237, 413, 377, 76, 183, 6, 217, 210, 236, 272, 274, 121, 243, 313, 256, 179, 340, 386, 97, 5, 178, 80, 271, 242, 221, 374, 392, 361, 128, 50, 402, 135, 278, 96, 69, 176, 265, 125, 356, 281, 366, 116, 90, 177, 395, 251, 378, 85, 234, 138, 230, 203, 220, 54, 60, 159, 224, 226, 360, 211, 112, 94, 353, 36, 382, 180, 358, 311, 269, 194, 29, 124, 288, 252, 105, 273, 255, 204, 245, 233, 305, 323, 349, 165, 52, 331, 362, 28, 410, 279, 48, 407, 63, 231, 301, 163, 66, 145, 316, 239, 153, 404, 372, 267, 11, 244, 365, 212, 399, 154, 126, 235, 38, 200, 92, 339, 122, 335, 75, 383, 249, 157, 56, 88, 172, 415, 57, 71, 1, 387, 257, 304, 303, 44, 324, 322, 295, 409, 68]
convergência = [413, 413]

===== FIM =====
