===== RESULTADO BRKGA L(2,1) =====
Arquivo: /Users/mateuspedrosa/Documents/TCC-II/BRKGA/data/random/erdos_n819_p0.6.mtx

----- Execução #1 -----
[INFO] Time limit atingido: 15 minutos. Esgotado durante a inicialização da população.
Tempo de execução: 900812ms
Span (lambda): 818
best_order = [773, 6, 351, 168, 791, 738, 707, 44, 520, 482, 749, 509, 39, 394, 653, 767, 731, 95, 727, 38, 719, 635, 609, 163, 416, 735, 572, 77, 167, 218, 304, 363, 481, 34, 765, 523, 312, 322, 185, 76, 801, 583, 102, 311, 216, 175, 243, 211, 649, 296, 588, 181, 507, 131, 744, 422, 305, 628, 323, 602, 186, 55, 199, 133, 150, 48, 331, 622, 807, 170, 132, 196, 272, 659, 137, 439, 217, 318, 539, 616, 171, 385, 546, 346, 366, 584, 702, 432, 786, 815, 728, 675, 61, 347, 468, 188, 531, 785, 704, 29, 12, 151, 401, 441, 313, 348, 617, 799, 360, 743, 352, 324, 201, 227, 812, 725, 556, 135, 381, 694, 104, 97, 454, 411, 246, 633, 220, 641, 293, 240, 632, 74, 814, 594, 370, 802, 156, 99, 505, 748, 204, 7, 108, 358, 460, 709, 160, 425, 657, 804, 203, 415, 688, 307, 479, 573, 630, 177, 652, 8, 224, 685, 730, 343, 140, 368, 190, 615, 494, 13, 153, 534, 341, 553, 197, 281, 521, 489, 550, 210, 516, 319, 265, 619, 24, 530, 461, 752, 247, 192, 264, 465, 400, 568, 656, 666, 579, 309, 684, 763, 226, 518, 463, 353, 290, 84, 447, 159, 205, 449, 234, 28, 89, 409, 236, 808, 123, 202, 421, 433, 718, 113, 189, 430, 292, 82, 764, 271, 747, 376, 629, 458, 586, 517, 382, 333, 42, 690, 277, 677, 194, 288, 268, 222, 580, 334, 443, 543, 623, 406, 208, 329, 125, 754, 519, 200, 252, 213, 408, 66, 642, 503, 703, 564, 215, 436, 591, 723, 286, 715, 397, 672, 576, 1, 310, 187, 761, 686, 85, 800, 359, 384, 781, 451, 524, 25, 19, 356, 233, 655, 349, 766, 50, 618, 775, 338, 228, 816, 559, 244, 162, 96, 431, 325, 396, 651, 219, 275, 717, 485, 355, 778, 669, 796, 209, 664, 72, 191, 476, 805, 330, 501, 157, 753, 578, 423, 10, 695, 648, 813, 198, 446, 745, 404, 100, 459, 143, 251, 456, 182, 611, 515, 708, 279, 561, 229, 22, 149, 152, 710, 614, 127, 52, 327, 112, 172, 280, 540, 491, 180, 128, 643, 542, 495, 297, 818, 357, 298, 94, 193, 625, 533, 231, 295, 691, 639, 328, 11, 388, 354, 369, 502, 407, 27, 726, 680, 173, 574, 106, 335, 705, 259, 184, 599, 179, 483, 448, 734, 471, 410, 787, 689, 693, 665, 303, 627, 3, 654, 575, 552, 47, 105, 254, 605, 755, 624, 732, 661, 69, 681, 141, 484, 361, 497, 212, 774, 284, 670, 450, 58, 646, 742, 772, 270, 777, 525, 83, 299, 601, 487, 18, 467, 326, 35, 587, 776, 469, 413, 362, 43, 798, 54, 554, 492, 57, 488, 452, 697, 225, 395, 317, 294, 620, 302, 336, 762, 250, 706, 701, 682, 232, 37, 195, 14, 88, 535, 434, 144, 679, 340, 793, 257, 375, 532, 26, 403, 239, 780, 258, 30, 120, 803, 65, 783, 273, 380, 590, 698, 255, 595, 402, 377, 121, 673, 551, 604, 274, 391, 300, 570, 663, 32, 98, 577, 114, 621, 508, 795, 147, 711, 345, 242, 437, 598, 86, 538, 426, 721, 724, 392, 266, 92, 650, 737, 342, 314, 412, 115, 87, 558, 372, 644, 496, 592, 138, 756, 638, 634, 81, 712, 166, 626, 768, 405, 544, 636, 545, 429, 278, 444, 610, 806, 73, 378, 33, 790, 676, 260, 165, 46, 662, 428, 91, 261, 612, 759, 603, 784, 183, 118, 522, 418, 671, 637, 640, 692, 103, 374, 462, 253, 235, 67, 36, 678, 569, 527, 475, 214, 70, 438, 101, 276, 282, 267, 740, 499, 582, 78, 287, 757, 549, 16, 291, 453, 699, 145, 174, 455, 321, 736, 116, 683, 31, 390, 136, 514, 155, 241, 739, 40, 600, 64, 788, 500, 207, 316, 560, 301, 581, 364, 750, 548, 769, 398, 792, 387, 62, 93, 154, 470, 109, 687, 529, 667, 393, 283, 379, 770, 424, 674, 417, 289, 760, 315, 810, 589, 511, 373, 779, 427, 139, 80, 442, 440, 332, 563, 142, 129, 758, 110, 75, 722, 660, 60, 506, 493, 122, 4, 63, 119, 49, 238, 262, 714, 130, 79, 613, 547, 164, 148, 555, 344, 71, 245, 435, 571, 565, 90, 794, 117, 477, 541, 464, 585, 607, 696, 486, 566, 729, 746, 399, 809, 383, 320, 206, 414, 420, 817, 512, 504, 457, 223, 221, 249, 56, 2, 308, 389, 668, 161, 716, 41, 811, 146, 237, 536, 17, 645, 771, 490, 306, 134, 169, 562, 466, 350, 0, 741, 498, 248, 339, 158, 658, 720, 68, 473, 567, 45, 528, 111, 513, 478, 631, 285, 51, 474, 20, 263, 419, 23, 733, 597, 337, 480, 608, 537, 782, 367, 124, 557, 510, 365, 789, 178, 606, 126, 59, 5, 386, 176, 526, 15, 53, 472, 230, 269, 596, 713, 445, 647, 107, 751, 9, 21, 371, 593, 256, 797, 700]
labeling = [747, 276, 737, 409, 690, 780, 1, 127, 161, 815, 330, 383, 88, 153, 467, 794, 614, 735, 441, 285, 781, 797, 350, 785, 188, 288, 488, 386, 213, 104, 493, 622, 514, 566, 33, 436, 598, 478, 22, 11, 636, 729, 239, 450, 10, 769, 574, 415, 69, 695, 296, 779, 342, 804, 453, 57, 738, 454, 429, 792, 681, 97, 650, 692, 637, 495, 261, 596, 768, 416, 604, 708, 310, 564, 134, 687, 36, 26, 594, 699, 674, 550, 228, 439, 211, 281, 528, 541, 481, 215, 685, 568, 537, 652, 371, 9, 304, 123, 515, 131, 335, 607, 45, 592, 120, 417, 382, 813, 139, 638, 686, 763, 356, 220, 507, 513, 625, 714, 582, 694, 494, 501, 688, 216, 796, 256, 799, 353, 365, 662, 679, 50, 72, 41, 745, 119, 629, 75, 546, 672, 168, 423, 682, 339, 477, 620, 746, 523, 706, 351, 67, 105, 352, 174, 642, 633, 138, 324, 764, 201, 150, 742, 305, 27, 704, 573, 552, 2, 4, 739, 71, 83, 358, 390, 621, 49, 751, 159, 798, 397, 355, 55, 341, 580, 395, 40, 59, 262, 99, 224, 171, 306, 191, 373, 242, 479, 70, 176, 332, 65, 258, 109, 214, 147, 142, 199, 726, 639, 253, 319, 183, 39, 427, 257, 581, 267, 48, 73, 29, 300, 128, 734, 247, 727, 163, 462, 204, 115, 299, 347, 807, 366, 476, 292, 205, 595, 219, 748, 677, 473, 130, 634, 524, 51, 287, 698, 117, 190, 759, 736, 470, 338, 248, 593, 414, 500, 818, 483, 492, 393, 571, 576, 691, 783, 192, 186, 535, 599, 245, 808, 435, 232, 74, 486, 506, 291, 609, 241, 555, 346, 360, 178, 611, 624, 428, 777, 266, 615, 243, 663, 210, 601, 226, 129, 466, 377, 52, 369, 368, 440, 509, 643, 463, 405, 32, 60, 756, 156, 733, 200, 277, 46, 37, 103, 527, 667, 641, 464, 78, 167, 717, 616, 38, 62, 113, 309, 442, 354, 362, 255, 314, 61, 678, 233, 244, 378, 468, 788, 289, 762, 444, 169, 529, 166, 693, 519, 86, 85, 106, 295, 760, 3, 112, 208, 385, 313, 290, 357, 144, 278, 110, 426, 446, 17, 644, 790, 80, 795, 170, 364, 136, 803, 542, 666, 591, 487, 234, 504, 565, 655, 497, 121, 238, 724, 280, 82, 801, 645, 376, 740, 627, 508, 532, 658, 15, 456, 311, 272, 648, 723, 194, 90, 502, 471, 329, 549, 237, 374, 259, 217, 401, 122, 536, 449, 728, 145, 28, 661, 583, 774, 713, 221, 58, 328, 657, 152, 511, 671, 557, 560, 218, 307, 89, 223, 469, 710, 268, 526, 606, 77, 676, 92, 675, 240, 561, 811, 333, 203, 396, 212, 430, 284, 459, 612, 125, 608, 340, 731, 236, 337, 146, 173, 575, 197, 707, 189, 755, 443, 94, 448, 654, 400, 806, 766, 776, 589, 308, 716, 770, 151, 789, 34, 12, 388, 425, 302, 720, 438, 458, 180, 754, 363, 457, 664, 172, 359, 544, 424, 757, 584, 635, 322, 380, 254, 725, 140, 683, 47, 520, 16, 778, 669, 732, 773, 631, 336, 184, 231, 206, 250, 5, 177, 579, 35, 286, 431, 802, 602, 771, 656, 185, 98, 475, 372, 165, 482, 749, 793, 530, 79, 361, 715, 349, 251, 551, 558, 84, 702, 647, 597, 182, 496, 413, 175, 455, 705, 118, 772, 543, 303, 630, 348, 758, 680, 265, 696, 703, 761, 181, 600, 510, 701, 31, 158, 391, 394, 274, 517, 326, 198, 249, 626, 613, 44, 87, 709, 227, 445, 54, 668, 480, 260, 534, 816, 135, 499, 809, 786, 521, 384, 603, 434, 63, 577, 503, 410, 800, 718, 791, 25, 563, 343, 570, 700, 345, 157, 81, 108, 298, 179, 452, 518, 66, 246, 408, 375, 554, 407, 43, 222, 155, 775, 132, 126, 545, 23, 553, 586, 538, 381, 588, 124, 263, 367, 540, 750, 432, 812, 327, 53, 539, 312, 160, 18, 411, 293, 196, 143, 765, 68, 673, 420, 562, 512, 321, 399, 193, 653, 741, 316, 418, 585, 273, 505, 660, 96, 569, 235, 587, 484, 389, 421, 460, 605, 195, 162, 279, 649, 154, 403, 229, 379, 590, 404, 101, 325, 719, 461, 498, 619, 821, 474, 76, 264, 102, 392, 472, 8, 344, 148, 334, 516, 547, 810, 697, 271, 743, 297, 207, 24, 767, 531, 689, 270, 533, 114, 387, 19, 95, 721, 164, 13, 406, 782, 398, 30, 623, 525, 7, 628, 610, 753, 422, 111, 56, 331, 722, 225, 141, 14, 646, 805, 187, 320, 252, 419, 548, 617, 684, 578, 665, 275, 465, 202, 230, 21, 282, 20, 556, 618, 651, 752, 433, 0, 412, 294, 447, 437, 315, 670, 490, 283, 787, 491, 572, 100, 91, 402, 632, 784, 567, 6, 640, 485, 712, 522, 317, 820, 451, 107, 269, 42, 137, 489, 149, 323, 559, 64, 209, 711, 659, 744, 116, 318, 133, 93, 301, 730, 370]
convergência = []

===== FIM =====
