===== RESULTADO BRKGA L(2,1) =====
Arquivo: /Users/mateuspedrosa/Documents/TCC-II/BRKGA/data/random/erdos_n533_p0.8.mtx

----- Execução #1 -----
[INFO] Time limit atingido: 15 minutos. Esgotado durante a inicialização da população.
Tempo de execução: 900899ms
Span (lambda): 538
best_order = [286, 395, 73, 490, 20, 432, 63, 517, 470, 338, 483, 356, 150, 203, 4, 228, 372, 152, 288, 92, 64, 417, 249, 367, 245, 200, 266, 438, 325, 197, 65, 19, 35, 242, 482, 33, 184, 50, 168, 27, 213, 82, 118, 352, 287, 297, 104, 210, 131, 67, 117, 481, 369, 174, 382, 510, 147, 198, 345, 258, 433, 413, 293, 373, 38, 204, 290, 193, 522, 453, 418, 456, 28, 124, 525, 216, 214, 206, 236, 53, 472, 363, 515, 519, 129, 387, 285, 30, 25, 270, 109, 22, 396, 80, 400, 271, 451, 411, 431, 221, 96, 425, 505, 496, 508, 488, 59, 48, 463, 452, 93, 217, 423, 111, 409, 130, 86, 391, 169, 54, 248, 230, 37, 94, 439, 504, 97, 404, 445, 261, 186, 208, 348, 441, 331, 291, 257, 527, 489, 172, 128, 328, 353, 476, 16, 473, 299, 244, 264, 255, 368, 160, 77, 240, 75, 529, 273, 347, 311, 84, 110, 155, 526, 346, 380, 430, 335, 306, 531, 426, 227, 237, 366, 265, 406, 530, 437, 499, 81, 434, 326, 3, 282, 167, 427, 381, 511, 115, 467, 334, 165, 459, 116, 415, 414, 333, 56, 471, 209, 354, 320, 448, 158, 68, 377, 401, 460, 447, 39, 466, 405, 310, 32, 5, 385, 85, 23, 393, 52, 235, 252, 154, 256, 246, 419, 392, 89, 343, 528, 523, 269, 121, 450, 29, 498, 357, 166, 26, 14, 136, 309, 127, 46, 170, 247, 180, 336, 514, 497, 8, 24, 137, 107, 239, 199, 95, 108, 524, 512, 215, 11, 146, 313, 18, 126, 260, 486, 40, 83, 183, 140, 314, 279, 420, 61, 322, 493, 518, 464, 220, 195, 98, 201, 153, 318, 295, 316, 503, 485, 303, 304, 133, 238, 66, 465, 141, 202, 379, 324, 57, 243, 254, 17, 21, 341, 106, 298, 31, 390, 477, 402, 478, 207, 360, 281, 344, 475, 283, 302, 189, 70, 276, 462, 120, 151, 501, 327, 250, 317, 51, 444, 1, 429, 374, 389, 241, 520, 144, 76, 234, 62, 280, 359, 219, 442, 114, 321, 358, 225, 468, 191, 72, 12, 495, 370, 339, 277, 10, 268, 2, 275, 349, 190, 397, 229, 194, 507, 196, 315, 386, 87, 272, 355, 296, 105, 454, 253, 262, 6, 44, 34, 232, 509, 192, 125, 455, 284, 300, 78, 119, 446, 176, 407, 134, 13, 494, 226, 71, 49, 365, 480, 223, 329, 458, 233, 222, 371, 340, 60, 156, 185, 398, 502, 36, 383, 132, 45, 259, 312, 101, 362, 364, 159, 43, 163, 332, 188, 479, 123, 145, 292, 319, 461, 178, 403, 416, 91, 301, 307, 330, 491, 181, 521, 422, 211, 351, 187, 399, 474, 506, 449, 100, 457, 305, 102, 74, 251, 41, 112, 42, 487, 138, 294, 513, 289, 263, 440, 435, 157, 135, 388, 179, 408, 384, 410, 267, 175, 421, 428, 173, 212, 224, 394, 171, 90, 122, 15, 412, 162, 55, 492, 139, 148, 0, 443, 231, 99, 7, 350, 500, 378, 142, 337, 143, 113, 103, 376, 79, 182, 177, 161, 218, 469, 274, 361, 532, 484, 278, 69, 375, 149, 308, 205, 436, 323, 47, 342, 9, 88, 164, 516, 58, 424]
labeling = [509, 343, 310, 55, 18, 228, 394, 461, 268, 512, 369, 278, 322, 347, 256, 503, 157, 294, 267, 25, 8, 287, 53, 232, 270, 101, 251, 50, 88, 248, 57, 323, 226, 46, 397, 42, 429, 131, 49, 219, 239, 467, 435, 438, 396, 411, 231, 539, 112, 414, 27, 338, 227, 95, 102, 479, 166, 259, 545, 80, 424, 290, 265, 7, 14, 40, 211, 65, 175, 484, 263, 386, 366, 4, 466, 165, 352, 132, 404, 522, 104, 196, 41, 284, 172, 230, 126, 381, 514, 202, 499, 421, 20, 37, 133, 233, 107, 137, 283, 468, 460, 433, 403, 521, 60, 382, 319, 216, 274, 105, 169, 109, 469, 498, 298, 201, 188, 67, 54, 406, 335, 245, 501, 395, 89, 379, 241, 148, 149, 92, 63, 64, 388, 275, 409, 482, 258, 272, 471, 481, 249, 306, 489, 519, 350, 442, 255, 72, 507, 535, 21, 337, 3, 303, 238, 174, 426, 480, 212, 320, 150, 526, 493, 439, 538, 203, 254, 197, 47, 129, 262, 497, 140, 487, 71, 490, 373, 470, 367, 483, 266, 425, 524, 286, 48, 370, 145, 417, 408, 327, 375, 365, 401, 83, 334, 299, 329, 38, 73, 213, 34, 301, 308, 22, 35, 506, 90, 300, 136, 204, 62, 454, 494, 52, 93, 277, 12, 96, 528, 360, 297, 114, 420, 413, 452, 363, 412, 185, 5, 376, 122, 427, 399, 415, 354, 200, 39, 187, 312, 261, 94, 346, 44, 315, 115, 32, 237, 264, 130, 28, 336, 459, 236, 391, 291, 163, 240, 144, 77, 432, 273, 143, 393, 445, 161, 190, 36, 475, 371, 244, 103, 108, 383, 167, 504, 372, 296, 368, 534, 288, 356, 316, 193, 331, 400, 68, 0, 58, 9, 447, 61, 138, 423, 43, 473, 305, 387, 1, 321, 152, 364, 437, 325, 311, 302, 464, 181, 450, 537, 260, 224, 170, 377, 280, 257, 378, 307, 314, 269, 444, 208, 362, 292, 449, 313, 33, 180, 341, 151, 418, 431, 124, 318, 209, 171, 179, 198, 517, 15, 349, 357, 317, 541, 229, 285, 75, 176, 168, 134, 374, 511, 456, 56, 153, 210, 385, 19, 252, 361, 358, 235, 532, 434, 87, 436, 384, 189, 30, 78, 23, 340, 422, 24, 81, 281, 472, 523, 214, 515, 271, 177, 160, 59, 392, 486, 186, 380, 99, 465, 345, 324, 128, 225, 234, 496, 2, 106, 359, 428, 458, 66, 215, 328, 405, 139, 222, 178, 407, 485, 125, 488, 111, 505, 79, 207, 205, 448, 26, 86, 206, 243, 457, 453, 123, 542, 116, 164, 182, 492, 253, 154, 113, 10, 74, 100, 478, 520, 194, 16, 98, 476, 142, 355, 502, 332, 141, 351, 217, 191, 390, 246, 110, 121, 84, 389, 402, 82, 462, 419, 195, 117, 446, 333, 120, 279, 223, 220, 158, 344, 530, 13, 184, 29, 159, 440, 304, 155, 326, 330, 441, 416, 69, 45, 17, 477, 309, 282, 463, 119, 146, 6, 451, 491, 293, 410, 342, 85, 247, 250, 156, 513, 339, 430, 289, 135, 76, 455, 353, 118, 398, 70, 199, 218, 474, 221, 51, 543, 11, 295, 97, 348, 443, 31, 173, 276, 91, 127, 147, 242, 162, 192, 183, 500]
convergência = []

===== FIM =====
