===== RESULTADO BRKGA L(2,1) =====
Arquivo: /Users/mateuspedrosa/Documents/TCC-II/BRKGA/data/random/erdos_n912_p0.4.mtx

----- Execução #1 -----
[INFO] Time limit atingido: 15 minutos. Esgotado durante a inicialização da população.
Tempo de execução: 900582ms
Span (lambda): 911
best_order = [839, 28, 139, 322, 104, 519, 279, 352, 478, 472, 201, 694, 270, 822, 876, 760, 598, 463, 41, 203, 359, 862, 442, 828, 652, 287, 764, 711, 893, 337, 385, 150, 438, 238, 308, 749, 398, 666, 157, 113, 95, 670, 107, 492, 586, 576, 54, 704, 551, 721, 400, 543, 9, 341, 96, 208, 329, 261, 275, 389, 860, 780, 161, 489, 87, 93, 138, 120, 549, 473, 773, 660, 588, 167, 252, 115, 475, 591, 554, 375, 327, 898, 180, 816, 354, 784, 106, 689, 334, 781, 232, 105, 127, 142, 825, 433, 81, 225, 191, 298, 556, 861, 493, 276, 44, 874, 343, 401, 58, 744, 353, 724, 756, 722, 626, 265, 505, 34, 759, 102, 523, 145, 533, 235, 474, 459, 141, 645, 902, 494, 264, 793, 409, 140, 428, 778, 823, 601, 615, 7, 387, 872, 736, 80, 417, 454, 423, 366, 578, 346, 488, 14, 891, 714, 293, 703, 312, 73, 136, 123, 638, 743, 540, 529, 132, 639, 854, 589, 786, 272, 190, 292, 295, 171, 572, 833, 604, 497, 349, 709, 376, 794, 734, 12, 259, 642, 178, 602, 579, 47, 184, 594, 280, 538, 240, 769, 731, 370, 726, 824, 19, 152, 641, 283, 657, 424, 198, 211, 383, 672, 269, 685, 644, 592, 416, 163, 698, 658, 755, 68, 369, 325, 863, 909, 146, 464, 693, 747, 411, 887, 23, 255, 880, 667, 160, 405, 27, 62, 86, 306, 59, 215, 367, 910, 752, 801, 609, 38, 550, 774, 456, 103, 79, 712, 151, 826, 92, 419, 434, 91, 853, 425, 674, 55, 680, 717, 6, 173, 575, 39, 732, 224, 458, 262, 316, 688, 869, 345, 888, 546, 363, 121, 217, 779, 527, 29, 867, 502, 836, 449, 846, 476, 612, 339, 809, 558, 246, 506, 664, 460, 373, 555, 202, 51, 288, 562, 371, 314, 884, 882, 566, 119, 521, 378, 797, 648, 85, 696, 112, 321, 705, 183, 808, 226, 798, 671, 873, 61, 289, 83, 193, 630, 510, 534, 451, 218, 403, 439, 410, 528, 814, 574, 317, 222, 681, 791, 532, 362, 552, 156, 307, 621, 508, 212, 170, 739, 257, 30, 126, 718, 701, 135, 897, 679, 818, 631, 53, 333, 335, 273, 767, 175, 194, 319, 258, 266, 462, 741, 430, 368, 683, 619, 864, 251, 542, 253, 471, 563, 673, 653, 239, 189, 122, 234, 90, 499, 907, 625, 57, 490, 108, 134, 455, 877, 407, 678, 78, 294, 32, 453, 377, 668, 446, 865, 571, 457, 498, 646, 418, 31, 99, 247, 365, 187, 520, 599, 640, 360, 60, 844, 713, 228, 154, 624, 565, 585, 155, 40, 766, 595, 655, 559, 188, 296, 750, 513, 484, 837, 815, 25, 695, 320, 596, 147, 623, 584, 805, 33, 792, 18, 158, 192, 249, 483, 665, 727, 568, 114, 832, 361, 172, 697, 730, 374, 651, 286, 82, 16, 692, 129, 706, 330, 788, 35, 195, 380, 429, 580, 606, 267, 896, 223, 436, 148, 785, 110, 813, 174, 633, 857, 573, 544, 466, 388, 905, 790, 3, 512, 834, 443, 539, 448, 84, 406, 274, 564, 1, 663, 77, 772, 65, 504, 144, 5, 871, 465, 305, 130, 637, 281, 605, 336, 13, 2, 803, 340, 603, 567, 94, 526, 699, 461, 164, 656, 636, 486, 516, 875, 838, 911, 840, 783, 802, 852, 511, 707, 870, 204, 611, 205, 597, 650, 75, 530, 535, 811, 181, 776, 63, 313, 165, 450, 632, 507, 445, 297, 301, 386, 682, 88, 725, 895, 525, 4, 24, 101, 271, 903, 420, 422, 396, 702, 111, 821, 302, 491, 402, 901, 894, 569, 214, 570, 397, 372, 97, 200, 221, 248, 613, 318, 787, 610, 230, 441, 608, 444, 643, 560, 250, 219, 177, 751, 829, 715, 168, 243, 536, 620, 393, 196, 845, 737, 548, 806, 495, 659, 501, 481, 66, 323, 432, 676, 331, 124, 48, 117, 182, 64, 447, 629, 303, 207, 581, 617, 775, 856, 242, 412, 384, 332, 71, 607, 52, 622, 118, 723, 691, 820, 858, 10, 351, 561, 355, 45, 209, 762, 379, 700, 618, 524, 684, 356, 515, 414, 186, 883, 795, 662, 467, 394, 413, 149, 496, 256, 49, 74, 855, 199, 452, 290, 278, 849, 268, 514, 892, 477, 231, 690, 326, 300, 590, 517, 440, 777, 100, 899, 627, 468, 746, 509, 159, 754, 241, 116, 11, 285, 850, 735, 500, 593, 677, 263, 881, 470, 277, 324, 810, 338, 358, 577, 710, 761, 900, 169, 634, 395, 210, 284, 26, 244, 72, 304, 868, 827, 765, 435, 391, 757, 76, 675, 197, 185, 841, 143, 859, 8, 342, 879, 553, 291, 830, 583, 42, 733, 469, 131, 817, 480, 254, 831, 399, 758, 220, 708, 166, 799, 70, 886, 299, 206, 728, 56, 582, 50, 770, 719, 661, 804, 125, 819, 547, 381, 309, 310, 229, 485, 153, 537, 628, 522, 36, 364, 133, 22, 404, 763, 807, 847, 745, 742, 43, 282, 431, 587, 67, 347, 390, 392, 15, 740, 616, 89, 227, 885, 812, 782, 344, 848, 557, 408, 479, 315, 382, 137, 348, 245, 437, 487, 669, 236, 128, 46, 328, 0, 350, 904, 647, 162, 426, 654, 17, 635, 716, 37, 890, 260, 503, 233, 908, 179, 176, 771, 720, 357, 729, 878, 614, 768, 687, 789, 866, 69, 796, 851, 753, 843, 531, 427, 21, 213, 800, 415, 842, 216, 835, 649, 109, 889, 482, 748, 541, 20, 686, 545, 600, 518, 311, 237, 421, 98, 738, 906]
labeling = [852, 516, 535, 506, 585, 523, 264, 140, 766, 45, 671, 724, 177, 533, 151, 826, 476, 862, 462, 201, 901, 890, 814, 226, 584, 449, 750, 235, 1, 276, 359, 420, 412, 457, 117, 485, 812, 867, 249, 268, 439, 21, 770, 819, 105, 674, 849, 190, 641, 695, 793, 305, 661, 367, 49, 265, 783, 400, 107, 239, 421, 328, 238, 570, 647, 517, 640, 824, 218, 881, 788, 657, 747, 155, 697, 561, 758, 519, 408, 254, 145, 95, 477, 330, 512, 315, 240, 61, 581, 830, 393, 259, 258, 65, 541, 42, 53, 605, 907, 422, 711, 586, 119, 252, 5, 86, 89, 41, 402, 893, 495, 594, 319, 37, 470, 76, 722, 644, 665, 311, 67, 284, 394, 162, 645, 800, 356, 93, 853, 480, 526, 774, 157, 813, 399, 362, 160, 845, 66, 3, 133, 128, 94, 763, 522, 122, 227, 454, 494, 690, 33, 255, 203, 808, 434, 431, 350, 34, 464, 720, 233, 64, 859, 216, 544, 566, 786, 74, 625, 744, 355, 167, 471, 269, 497, 373, 873, 615, 185, 871, 81, 567, 646, 320, 191, 761, 684, 425, 442, 388, 170, 98, 450, 327, 370, 487, 627, 760, 200, 698, 607, 11, 304, 15, 559, 558, 790, 648, 55, 675, 748, 206, 354, 892, 601, 241, 898, 283, 335, 620, 780, 609, 344, 491, 266, 97, 322, 833, 432, 805, 612, 707, 90, 864, 391, 124, 851, 908, 35, 384, 195, 723, 658, 624, 745, 848, 298, 424, 600, 461, 619, 385, 73, 389, 778, 224, 694, 357, 372, 184, 868, 57, 275, 734, 130, 116, 376, 484, 702, 211, 9, 578, 171, 369, 515, 58, 101, 731, 692, 6, 193, 531, 821, 202, 749, 725, 474, 26, 303, 329, 700, 769, 172, 153, 410, 174, 443, 575, 100, 785, 710, 576, 596, 650, 752, 528, 237, 347, 32, 799, 803, 906, 158, 568, 308, 843, 277, 338, 606, 374, 453, 321, 4, 637, 736, 221, 708, 82, 847, 56, 479, 643, 660, 366, 84, 368, 530, 30, 739, 293, 537, 48, 767, 108, 836, 282, 148, 825, 846, 173, 854, 672, 2, 111, 85, 673, 682, 874, 740, 17, 423, 463, 349, 278, 804, 417, 147, 242, 375, 220, 198, 307, 604, 300, 475, 80, 182, 401, 314, 678, 486, 801, 844, 210, 655, 31, 577, 142, 503, 59, 827, 757, 828, 630, 681, 746, 590, 603, 38, 781, 52, 103, 593, 337, 816, 236, 513, 404, 841, 131, 341, 230, 659, 691, 685, 894, 204, 146, 407, 257, 587, 910, 589, 144, 209, 261, 861, 884, 134, 482, 380, 823, 642, 96, 250, 754, 493, 837, 23, 339, 714, 613, 22, 509, 616, 574, 415, 649, 511, 290, 571, 334, 699, 413, 141, 403, 251, 411, 273, 126, 296, 543, 377, 19, 222, 527, 498, 689, 717, 775, 729, 382, 10, 70, 123, 75, 291, 705, 8, 842, 777, 638, 902, 466, 445, 807, 546, 839, 150, 63, 395, 591, 39, 104, 129, 635, 693, 180, 414, 396, 730, 633, 288, 860, 521, 113, 299, 573, 352, 719, 332, 554, 507, 446, 703, 683, 545, 709, 899, 7, 426, 312, 810, 120, 679, 583, 536, 286, 340, 165, 563, 888, 348, 121, 333, 564, 626, 809, 194, 510, 164, 897, 387, 54, 502, 904, 281, 802, 634, 68, 248, 51, 343, 764, 78, 302, 102, 840, 297, 441, 617, 669, 306, 386, 514, 436, 301, 539, 468, 599, 602, 418, 176, 501, 336, 271, 47, 741, 149, 189, 488, 652, 792, 773, 458, 437, 46, 822, 72, 168, 712, 77, 214, 732, 192, 440, 452, 556, 13, 427, 905, 137, 187, 534, 179, 524, 489, 662, 614, 244, 611, 560, 285, 608, 872, 138, 831, 653, 677, 381, 628, 351, 663, 456, 435, 397, 115, 715, 806, 651, 331, 365, 572, 499, 742, 863, 542, 529, 159, 166, 428, 205, 186, 618, 213, 127, 419, 858, 313, 891, 562, 472, 25, 392, 855, 438, 540, 207, 217, 636, 71, 794, 688, 518, 294, 459, 40, 234, 409, 850, 44, 326, 208, 390, 263, 759, 639, 727, 406, 358, 267, 346, 579, 379, 680, 212, 903, 879, 279, 88, 706, 666, 478, 229, 12, 451, 317, 473, 215, 538, 667, 361, 592, 156, 43, 318, 481, 555, 784, 181, 733, 28, 253, 430, 154, 623, 865, 262, 360, 796, 866, 50, 110, 664, 112, 580, 199, 467, 791, 875, 469, 197, 270, 772, 183, 728, 143, 631, 912, 353, 829, 378, 820, 161, 109, 818, 718, 228, 895, 36, 444, 622, 245, 885, 721, 219, 114, 756, 782, 118, 18, 743, 676, 817, 27, 751, 433, 371, 877, 188, 795, 870, 520, 69, 246, 654, 569, 713, 135, 274, 62, 91, 834, 551, 87, 492, 169, 610, 483, 878, 504, 345, 460, 132, 175, 686, 882, 316, 324, 787, 887, 247, 552, 532, 798, 455, 629, 815, 323, 295, 737, 565, 835, 496, 342, 448, 83, 776, 364, 797, 668, 595, 14, 136, 196, 92, 256, 755, 24, 621, 771, 779, 465, 178, 508, 889, 289, 447, 549, 0, 548, 762, 896, 886, 429, 632, 292, 811, 838, 701, 726, 883, 553, 260, 163, 696, 656, 500, 670, 765, 60, 99, 20, 223, 383, 416, 880, 287, 753, 280, 557, 525, 139, 325, 106, 547, 16, 405, 876, 768, 232, 735, 310, 687, 309, 832, 789, 231, 272, 900, 857, 152, 704, 29, 598, 582, 490, 363, 79, 716, 738, 597, 125, 588, 856, 505, 913, 398, 869, 225, 243, 550]
convergência = []

===== FIM =====
