===== RESULTADO BRKGA L(2,1) =====
Arquivo: /Users/mateuspedrosa/Documents/TCC-II/BRKGA/data/random/erdos_n352_p0.8.mtx

----- Execução #1 -----
[INFO] Time limit atingido: 15 minutos. Interrompido no meio de uma geração.
Tempo de execução: 900134ms
Span (lambda): 355
best_order = [181, 81, 142, 147, 189, 93, 190, 116, 292, 103, 148, 202, 203, 335, 108, 349, 75, 266, 344, 321, 208, 7, 55, 207, 236, 159, 118, 345, 175, 39, 287, 210, 312, 334, 166, 301, 178, 317, 101, 293, 15, 231, 196, 324, 274, 74, 21, 10, 282, 247, 33, 51, 70, 213, 146, 62, 31, 49, 59, 44, 294, 52, 193, 37, 32, 5, 239, 336, 224, 50, 169, 271, 106, 85, 98, 326, 131, 167, 117, 277, 217, 3, 26, 299, 157, 215, 182, 28, 140, 54, 107, 184, 77, 97, 250, 235, 225, 209, 65, 136, 337, 17, 241, 163, 61, 286, 145, 296, 43, 268, 249, 343, 226, 29, 80, 278, 174, 199, 96, 156, 112, 332, 273, 351, 110, 200, 168, 298, 9, 172, 218, 267, 281, 36, 102, 305, 319, 171, 211, 152, 60, 248, 338, 330, 149, 323, 16, 162, 257, 309, 313, 48, 297, 154, 153, 245, 105, 91, 0, 260, 19, 188, 94, 279, 214, 90, 187, 53, 256, 348, 18, 95, 4, 327, 34, 227, 46, 128, 121, 89, 285, 58, 222, 63, 265, 314, 14, 79, 99, 290, 251, 119, 129, 258, 66, 56, 302, 223, 86, 138, 328, 125, 23, 262, 57, 347, 320, 284, 30, 232, 289, 165, 123, 333, 158, 280, 263, 170, 40, 127, 42, 83, 25, 306, 295, 41, 114, 288, 47, 198, 173, 303, 179, 195, 261, 45, 104, 73, 291, 124, 27, 254, 143, 115, 82, 220, 130, 237, 233, 242, 126, 192, 350, 113, 183, 252, 229, 186, 318, 269, 134, 64, 311, 304, 194, 255, 109, 100, 270, 122, 331, 87, 246, 177, 180, 155, 137, 204, 342, 68, 160, 315, 307, 38, 133, 176, 212, 8, 240, 201, 20, 139, 322, 191, 84, 69, 264, 111, 310, 13, 11, 325, 238, 243, 300, 197, 1, 272, 316, 228, 283, 88, 216, 22, 78, 234, 35, 151, 161, 221, 72, 346, 339, 340, 275, 6, 219, 92, 67, 244, 259, 341, 253, 230, 135, 329, 120, 276, 206, 12, 144, 141, 71, 308, 164, 205, 24, 185, 76, 150, 2, 132]
labeling = [160, 258, 362, 103, 119, 81, 340, 31, 301, 40, 59, 312, 343, 208, 197, 50, 157, 80, 182, 173, 313, 58, 328, 211, 357, 240, 105, 245, 74, 135, 226, 1, 79, 65, 186, 297, 156, 77, 262, 30, 236, 235, 195, 129, 72, 251, 178, 239, 133, 7, 88, 67, 75, 174, 87, 33, 209, 198, 192, 73, 159, 122, 71, 194, 278, 85, 207, 344, 304, 319, 69, 326, 293, 250, 56, 25, 360, 112, 320, 199, 137, 2, 255, 217, 303, 16, 212, 290, 325, 190, 175, 171, 342, 10, 162, 184, 131, 114, 83, 201, 275, 52, 138, 17, 202, 169, 26, 110, 23, 286, 147, 308, 90, 268, 242, 233, 13, 97, 37, 121, 348, 176, 267, 230, 215, 216, 263, 238, 187, 205, 225, 95, 364, 309, 276, 310, 116, 300, 214, 315, 64, 355, 4, 227, 353, 125, 46, 6, 9, 150, 331, 285, 100, 113, 165, 298, 104, 107, 206, 22, 305, 291, 115, 120, 337, 221, 45, 66, 151, 89, 234, 158, 126, 246, 141, 39, 193, 294, 49, 237, 296, 0, 108, 270, 76, 359, 252, 177, 164, 8, 12, 277, 265, 28, 282, 249, 53, 314, 244, 143, 149, 289, 19, 21, 271, 324, 351, 32, 20, 94, 34, 140, 311, 48, 146, 60, 327, 101, 111, 295, 257, 332, 142, 185, 86, 109, 134, 188, 247, 272, 335, 11, 180, 259, 330, 62, 35, 241, 256, 82, 260, 118, 261, 321, 346, 167, 292, 63, 106, 130, 55, 183, 269, 287, 253, 284, 179, 123, 170, 318, 166, 204, 218, 200, 254, 196, 27, 136, 57, 243, 273, 91, 323, 44, 42, 338, 349, 99, 139, 172, 213, 154, 61, 223, 224, 68, 124, 41, 191, 228, 203, 189, 15, 54, 14, 229, 127, 163, 152, 78, 264, 47, 210, 248, 280, 153, 144, 307, 299, 161, 281, 219, 38, 155, 168, 306, 231, 51, 274, 148, 222, 29, 317, 102, 18, 283, 93, 96, 117, 347, 128, 288, 92, 232, 43, 3, 84, 70, 98, 334, 336, 329, 302, 132, 5, 36, 316, 220, 181, 24, 266, 145]
convergência = [355, 355]

===== FIM =====
