===== RESULTADO BRKGA L(2,1) =====
Arquivo: /Users/mateuspedrosa/Documents/TCC-II/BRKGA/data/random/erdos_n314_p0.6.mtx

----- Execução #1 -----
[INFO] Time limit atingido: 15 minutos. Interrompido no meio de uma geração.
Tempo de execução: 900003ms
Span (lambda): 313
best_order = [228, 294, 73, 105, 56, 85, 92, 193, 4, 31, 225, 91, 280, 303, 249, 139, 243, 22, 159, 179, 221, 162, 77, 51, 260, 111, 131, 238, 160, 109, 177, 129, 189, 232, 44, 207, 79, 115, 266, 27, 125, 289, 236, 80, 235, 120, 54, 300, 259, 132, 229, 265, 138, 166, 147, 90, 47, 133, 119, 199, 184, 215, 126, 293, 39, 100, 123, 270, 297, 45, 217, 210, 8, 273, 157, 40, 220, 65, 261, 283, 59, 295, 110, 98, 112, 10, 114, 23, 86, 20, 12, 87, 5, 223, 106, 202, 170, 94, 150, 182, 58, 148, 302, 156, 205, 9, 35, 103, 29, 304, 72, 241, 127, 15, 107, 36, 104, 140, 209, 279, 136, 19, 64, 195, 291, 102, 42, 21, 253, 142, 76, 99, 267, 287, 271, 55, 172, 307, 137, 75, 149, 213, 284, 63, 226, 134, 6, 187, 197, 46, 1, 251, 248, 245, 192, 190, 7, 237, 30, 62, 175, 113, 256, 128, 240, 176, 276, 84, 143, 71, 211, 231, 171, 52, 28, 34, 200, 282, 25, 255, 122, 141, 247, 208, 153, 108, 250, 264, 185, 233, 97, 285, 13, 145, 204, 305, 263, 95, 219, 117, 169, 274, 277, 144, 0, 227, 313, 66, 74, 50, 43, 201, 37, 292, 257, 194, 41, 68, 268, 67, 32, 181, 38, 183, 168, 155, 14, 130, 252, 188, 258, 222, 234, 173, 191, 262, 146, 48, 186, 244, 82, 53, 288, 308, 178, 165, 69, 24, 212, 167, 198, 78, 242, 164, 254, 83, 161, 216, 93, 239, 272, 309, 203, 89, 196, 310, 152, 2, 299, 96, 224, 26, 311, 298, 17, 88, 180, 286, 116, 121, 163, 11, 151, 124, 154, 218, 49, 306, 33, 275, 16, 269, 135, 281, 230, 278, 158, 60, 214, 57, 206, 81, 3, 246, 296, 174, 118, 290, 61, 70, 101, 312, 301, 18]
labeling = [205, 156, 263, 290, 8, 95, 149, 153, 75, 108, 87, 283, 89, 196, 232, 114, 295, 275, 315, 126, 93, 115, 16, 90, 251, 183, 269, 42, 179, 112, 163, 2, 222, 293, 167, 110, 116, 214, 226, 64, 76, 206, 130, 216, 38, 70, 154, 58, 221, 291, 215, 23, 159, 238, 48, 136, 7, 294, 94, 84, 302, 312, 164, 147, 123, 68, 211, 217, 210, 243, 309, 175, 101, 3, 213, 141, 133, 21, 245, 30, 45, 305, 244, 260, 171, 9, 91, 80, 273, 266, 56, 13, 10, 249, 92, 200, 270, 194, 83, 117, 67, 311, 128, 103, 118, 5, 78, 111, 189, 31, 86, 28, 71, 165, 88, 33, 278, 195, 308, 61, 47, 279, 184, 57, 280, 43, 52, 109, 151, 34, 231, 25, 46, 60, 142, 299, 119, 139, 54, 18, 120, 186, 132, 173, 204, 197, 241, 41, 105, 121, 102, 285, 267, 187, 287, 225, 96, 74, 296, 20, 19, 261, 24, 281, 259, 250, 55, 255, 230, 201, 100, 178, 137, 239, 304, 146, 170, 32, 233, 12, 277, 224, 104, 228, 59, 180, 242, 150, 219, 35, 162, 223, 144, 4, 220, 127, 265, 152, 240, 62, 174, 218, 99, 264, 199, 107, 303, 37, 182, 122, 73, 177, 253, 143, 298, 63, 258, 72, 289, 190, 79, 22, 237, 97, 271, 11, 148, 207, 0, 51, 300, 140, 36, 169, 229, 39, 44, 161, 29, 252, 168, 113, 257, 14, 236, 160, 307, 176, 155, 6, 191, 158, 234, 131, 247, 185, 166, 212, 235, 50, 26, 81, 227, 198, 193, 53, 40, 125, 203, 297, 69, 135, 254, 77, 192, 284, 157, 202, 286, 124, 15, 301, 181, 82, 145, 188, 276, 134, 246, 27, 310, 129, 208, 65, 1, 85, 288, 66, 274, 256, 49, 313, 98, 17, 106, 172, 282, 138, 248, 262, 268, 272, 306, 209]
convergência = [313, 313, 313, 313, 313, 313]

===== FIM =====
