===== RESULTADO BRKGA L(2,1) =====
Arquivo: /Users/mateuspedrosa/Documents/TCC-II/BRKGA/data/random/erdos_n201_p0.2.mtx

----- Execução #1 -----
[INFO] Parou por estagnação.
Tempo de execução: 437087ms
Span (lambda): 196
best_order = [17, 48, 197, 186, 123, 127, 200, 33, 107, 99, 19, 138, 164, 109, 191, 129, 38, 158, 10, 27, 105, 102, 54, 136, 84, 62, 133, 25, 148, 37, 104, 167, 52, 150, 12, 67, 171, 20, 98, 11, 184, 22, 125, 146, 156, 137, 194, 188, 63, 58, 8, 77, 173, 149, 34, 132, 174, 141, 115, 161, 70, 160, 187, 69, 134, 128, 103, 143, 59, 113, 81, 151, 97, 3, 73, 6, 55, 112, 44, 140, 94, 13, 43, 95, 36, 18, 72, 86, 71, 88, 159, 40, 130, 198, 31, 152, 162, 53, 118, 87, 16, 65, 181, 91, 169, 189, 192, 45, 117, 153, 15, 68, 172, 120, 179, 111, 89, 78, 175, 196, 60, 26, 90, 7, 157, 93, 29, 116, 195, 49, 139, 199, 1, 51, 35, 142, 178, 122, 76, 144, 28, 163, 75, 42, 166, 83, 190, 47, 14, 114, 5, 82, 185, 124, 79, 80, 24, 177, 0, 96, 30, 135, 145, 39, 131, 121, 183, 154, 23, 110, 85, 92, 64, 182, 9, 100, 165, 41, 46, 155, 4, 66, 106, 119, 126, 32, 74, 101, 50, 176, 180, 57, 21, 56, 193, 168, 2, 61, 147, 108, 170]
labeling = [156, 130, 191, 71, 179, 147, 73, 119, 50, 172, 18, 40, 30, 79, 148, 108, 98, 0, 84, 4, 39, 189, 42, 164, 154, 27, 120, 19, 136, 124, 159, 92, 180, 9, 54, 132, 82, 29, 16, 161, 89, 173, 138, 81, 76, 105, 175, 146, 1, 128, 186, 131, 32, 96, 22, 74, 190, 188, 49, 67, 117, 20, 25, 48, 168, 99, 176, 34, 110, 61, 58, 88, 86, 72, 184, 141, 137, 52, 115, 152, 153, 68, 145, 144, 24, 167, 83, 97, 85, 114, 122, 101, 169, 123, 78, 80, 157, 70, 38, 11, 174, 182, 21, 62, 31, 20, 178, 10, 196, 13, 166, 113, 75, 66, 149, 57, 126, 106, 95, 181, 109, 162, 134, 5, 151, 43, 183, 7, 64, 15, 90, 136, 55, 26, 63, 160, 23, 36, 6, 129, 77, 23, 133, 65, 139, 158, 44, 193, 28, 51, 35, 69, 93, 107, 165, 177, 45, 121, 17, 87, 60, 59, 94, 140, 12, 171, 142, 33, 194, 102, 195, 37, 112, 53, 56, 116, 185, 155, 135, 111, 187, 100, 170, 163, 41, 150, 3, 34, 46, 103, 143, 14, 104, 192, 47, 125, 118, 2, 91, 127, 8]
convergência = [196, 196, 196, 196, 196, 196, 196, 196, 196, 196, 196, 196, 196, 196, 196, 196, 196, 196, 196, 196, 196, 196, 196, 196, 196, 196, 196, 196, 196, 196, 196, 196, 196, 196, 196, 196, 196, 196, 196, 196, 196, 196, 196, 196, 196, 196, 196, 196, 196, 196, 196, 196, 196, 196, 196, 196, 196, 196, 196, 196, 196, 196, 196, 196, 196, 196, 196, 196, 196, 196, 196, 196, 196, 196, 196, 196, 196, 196, 196, 196, 196, 196, 196, 196, 196, 196, 196, 196, 196, 196, 196, 196, 196, 196, 196, 196, 196, 196, 196, 196, 196, 196, 196, 196, 196, 196, 196, 196, 196, 196, 196, 196, 196, 196, 196, 196, 196, 196, 196, 196, 196, 196, 196, 196]

===== FIM =====
