===== RESULTADO BRKGA L(2,1) =====
Arquivo: /Users/mateuspedrosa/Documents/TCC-II/BRKGA/data/random/erdos_n859_p0.6.mtx

----- Execução #1 -----
[INFO] Time limit atingido: 15 minutos. Esgotado durante a inicialização da população.
Tempo de execução: 901817ms
Span (lambda): 858
best_order = [415, 186, 81, 158, 641, 496, 681, 748, 778, 83, 828, 320, 68, 470, 177, 637, 265, 687, 51, 597, 153, 416, 389, 331, 561, 727, 267, 682, 559, 151, 82, 352, 847, 530, 103, 478, 364, 457, 242, 8, 787, 394, 821, 37, 64, 541, 339, 490, 114, 14, 529, 430, 451, 586, 335, 20, 77, 664, 479, 354, 752, 126, 660, 685, 399, 781, 168, 410, 779, 598, 94, 392, 155, 329, 358, 157, 590, 198, 851, 539, 48, 315, 571, 708, 793, 583, 500, 122, 317, 837, 601, 405, 818, 160, 230, 658, 858, 350, 184, 296, 824, 79, 148, 760, 3, 812, 182, 276, 256, 400, 572, 465, 766, 316, 2, 633, 363, 653, 499, 164, 831, 362, 32, 489, 227, 88, 563, 562, 87, 239, 736, 636, 47, 360, 385, 663, 707, 680, 789, 63, 245, 189, 102, 742, 460, 672, 486, 476, 825, 222, 73, 175, 615, 627, 713, 842, 754, 127, 425, 613, 469, 774, 439, 538, 556, 255, 659, 557, 52, 388, 29, 569, 379, 763, 744, 437, 747, 509, 376, 65, 549, 675, 309, 86, 346, 528, 536, 534, 657, 25, 56, 397, 419, 587, 521, 422, 693, 23, 44, 269, 142, 138, 275, 721, 724, 344, 649, 178, 715, 381, 351, 535, 750, 231, 838, 762, 448, 136, 691, 492, 327, 69, 596, 722, 310, 853, 332, 149, 504, 10, 241, 277, 289, 131, 505, 740, 4, 249, 412, 806, 435, 537, 697, 322, 201, 306, 495, 552, 418, 173, 638, 452, 655, 193, 105, 18, 240, 584, 826, 651, 172, 765, 414, 612, 328, 41, 220, 477, 292, 154, 669, 850, 783, 13, 493, 387, 809, 260, 576, 725, 342, 261, 662, 810, 726, 600, 494, 146, 443, 769, 167, 689, 686, 313, 345, 338, 447, 290, 455, 179, 204, 807, 503, 527, 257, 278, 692, 434, 524, 832, 60, 228, 704, 786, 444, 132, 197, 123, 700, 27, 440, 218, 6, 508, 446, 581, 836, 180, 796, 80, 428, 498, 712, 58, 359, 802, 109, 791, 380, 187, 683, 323, 648, 272, 304, 0, 593, 608, 16, 573, 1, 519, 273, 746, 107, 741, 202, 110, 101, 333, 211, 688, 618, 174, 325, 626, 238, 710, 361, 181, 629, 232, 84, 244, 43, 711, 125, 844, 263, 135, 91, 318, 620, 297, 614, 611, 623, 463, 286, 441, 699, 54, 270, 340, 817, 314, 152, 112, 108, 674, 120, 848, 514, 594, 652, 582, 137, 481, 252, 393, 92, 413, 161, 235, 728, 365, 450, 705, 233, 695, 121, 827, 622, 251, 656, 716, 271, 533, 751, 644, 804, 424, 282, 554, 773, 99, 835, 67, 301, 857, 156, 834, 467, 753, 113, 801, 49, 531, 772, 369, 219, 262, 293, 512, 449, 532, 458, 761, 749, 456, 171, 216, 134, 28, 480, 840, 15, 555, 226, 717, 487, 604, 577, 95, 206, 673, 283, 398, 22, 502, 718, 38, 595, 610, 40, 140, 247, 215, 459, 719, 745, 34, 347, 548, 284, 431, 213, 846, 666, 497, 466, 104, 89, 645, 771, 759, 21, 266, 607, 654, 542, 823, 631, 145, 550, 165, 307, 248, 777, 250, 795, 758, 814, 639, 420, 401, 575, 90, 349, 714, 71, 545, 147, 522, 259, 294, 46, 183, 780, 845, 45, 737, 511, 776, 543, 33, 854, 207, 432, 703, 483, 830, 150, 454, 55, 326, 515, 852, 798, 50, 111, 723, 679, 734, 214, 592, 93, 790, 491, 800, 378, 303, 799, 337, 738, 188, 570, 373, 764, 445, 815, 42, 671, 106, 485, 386, 402, 409, 144, 302, 690, 377, 442, 200, 299, 849, 246, 580, 621, 116, 36, 98, 564, 520, 196, 35, 209, 159, 312, 733, 243, 163, 634, 523, 471, 482, 547, 732, 602, 343, 589, 743, 767, 702, 574, 694, 384, 546, 805, 843, 78, 274, 355, 115, 194, 635, 782, 407, 513, 628, 517, 603, 254, 661, 288, 404, 212, 698, 285, 395, 526, 833, 298, 75, 808, 624, 822, 665, 176, 501, 797, 185, 506, 472, 97, 820, 217, 606, 558, 619, 841, 366, 730, 291, 475, 24, 143, 462, 588, 191, 280, 396, 208, 438, 488, 367, 677, 336, 829, 678, 229, 706, 221, 133, 12, 391, 643, 253, 356, 510, 540, 813, 609, 855, 642, 553, 568, 371, 268, 5, 768, 403, 236, 411, 199, 70, 370, 62, 775, 124, 729, 26, 567, 53, 237, 383, 96, 203, 755, 676, 426, 560, 258, 739, 225, 192, 321, 353, 406, 139, 7, 372, 162, 544, 518, 616, 170, 735, 696, 429, 701, 632, 566, 357, 295, 516, 31, 375, 368, 72, 507, 591, 788, 205, 76, 784, 210, 311, 421, 85, 551, 74, 757, 61, 803, 66, 300, 670, 308, 436, 17, 811, 839, 390, 57, 319, 59, 709, 646, 453, 30, 100, 474, 19, 223, 423, 668, 341, 792, 128, 605, 731, 224, 287, 816, 281, 169, 647, 348, 565, 640, 468, 720, 118, 856, 129, 417, 330, 264, 119, 334, 756, 630, 39, 141, 195, 382, 427, 578, 166, 667, 617, 464, 117, 433, 525, 234, 130, 599, 324, 819, 374, 279, 625, 11, 408, 650, 190, 585, 473, 579, 9, 794, 484, 305, 684, 461, 785, 770]
labeling = [346, 353, 119, 106, 235, 715, 327, 740, 41, 853, 220, 819, 700, 262, 52, 469, 350, 784, 258, 792, 47, 509, 482, 202, 675, 194, 712, 325, 463, 173, 793, 759, 131, 533, 493, 602, 603, 42, 485, 823, 487, 268, 581, 376, 201, 543, 538, 136, 80, 442, 560, 8, 171, 726, 392, 542, 174, 788, 335, 791, 312, 768, 723, 132, 45, 183, 777, 435, 18, 210, 721, 534, 765, 151, 774, 655, 769, 40, 634, 99, 333, 3, 32, 12, 354, 773, 180, 109, 128, 505, 519, 379, 413, 570, 71, 475, 714, 668, 600, 427, 790, 361, 144, 35, 480, 256, 586, 357, 401, 339, 359, 563, 394, 447, 49, 614, 594, 837, 809, 820, 405, 428, 90, 306, 720, 378, 64, 163, 796, 817, 836, 236, 319, 698, 446, 382, 221, 402, 199, 741, 478, 825, 203, 671, 585, 516, 285, 527, 101, 225, 557, 31, 399, 25, 270, 62, 443, 77, 5, 604, 96, 414, 744, 618, 125, 518, 833, 290, 70, 808, 748, 466, 265, 244, 362, 154, 661, 17, 211, 296, 332, 368, 108, 539, 102, 665, 2, 318, 571, 130, 840, 682, 732, 250, 638, 827, 609, 321, 81, 705, 595, 246, 358, 728, 303, 767, 470, 550, 686, 611, 770, 360, 641, 494, 567, 490, 457, 660, 326, 454, 269, 692, 143, 797, 805, 736, 471, 120, 314, 683, 86, 206, 364, 424, 832, 417, 719, 729, 356, 122, 239, 231, 39, 617, 374, 135, 597, 488, 521, 240, 524, 408, 410, 697, 643, 146, 112, 304, 724, 537, 280, 278, 456, 380, 816, 15, 508, 22, 701, 197, 393, 423, 340, 342, 636, 205, 110, 233, 309, 847, 684, 807, 434, 479, 496, 649, 389, 804, 644, 234, 301, 676, 271, 458, 523, 754, 78, 375, 654, 596, 778, 433, 590, 576, 348, 851, 248, 520, 781, 188, 228, 772, 613, 293, 397, 83, 118, 92, 384, 789, 16, 737, 247, 336, 843, 369, 559, 218, 252, 75, 818, 27, 227, 363, 821, 54, 691, 578, 297, 48, 395, 801, 283, 619, 204, 295, 182, 495, 798, 531, 97, 214, 24, 735, 61, 637, 704, 747, 74, 331, 124, 371, 129, 123, 36, 419, 664, 685, 763, 444, 703, 713, 742, 580, 845, 761, 176, 593, 574, 166, 343, 208, 829, 688, 631, 138, 579, 277, 168, 20, 786, 690, 73, 412, 43, 651, 677, 195, 481, 66, 105, 515, 577, 718, 647, 94, 739, 640, 850, 587, 60, 699, 241, 415, 266, 0, 13, 812, 251, 196, 530, 756, 200, 799, 432, 160, 733, 826, 313, 753, 53, 498, 551, 828, 298, 245, 783, 164, 681, 148, 315, 390, 592, 289, 311, 566, 328, 299, 215, 462, 421, 55, 255, 787, 556, 294, 464, 38, 451, 489, 147, 860, 680, 387, 835, 114, 483, 445, 813, 155, 4, 621, 669, 854, 795, 678, 150, 257, 34, 59, 465, 404, 622, 553, 856, 588, 149, 473, 687, 126, 50, 564, 224, 275, 276, 232, 9, 504, 329, 103, 91, 663, 474, 305, 229, 238, 667, 752, 320, 181, 706, 546, 460, 610, 398, 561, 757, 624, 746, 338, 607, 198, 536, 589, 302, 839, 653, 307, 172, 51, 28, 450, 453, 430, 190, 213, 185, 242, 167, 82, 708, 46, 510, 545, 738, 525, 606, 623, 497, 184, 503, 764, 249, 711, 436, 448, 169, 170, 672, 30, 734, 10, 133, 115, 605, 810, 755, 727, 695, 175, 575, 85, 111, 352, 627, 517, 272, 472, 831, 849, 599, 330, 400, 89, 259, 844, 57, 191, 673, 612, 79, 760, 568, 349, 396, 486, 226, 23, 72, 841, 288, 95, 625, 642, 467, 794, 662, 511, 351, 679, 476, 383, 267, 153, 386, 156, 743, 830, 367, 666, 381, 601, 411, 388, 652, 848, 370, 157, 635, 372, 824, 501, 749, 121, 620, 630, 117, 19, 253, 513, 811, 7, 710, 702, 431, 499, 758, 802, 347, 209, 852, 263, 409, 113, 512, 254, 416, 192, 98, 162, 65, 645, 284, 137, 58, 659, 502, 834, 800, 260, 779, 583, 141, 477, 403, 186, 731, 689, 694, 554, 139, 6, 26, 345, 858, 56, 291, 21, 365, 292, 591, 223, 310, 193, 629, 426, 751, 237, 648, 385, 323, 745, 628, 547, 316, 422, 696, 140, 87, 776, 366, 373, 334, 159, 532, 212, 418, 461, 484, 491, 815, 207, 189, 565, 187, 282, 286, 29, 406, 725, 674, 782, 608, 615, 552, 750, 134, 544, 569, 722, 230, 344, 145, 616, 178, 492, 355, 179, 1, 455, 216, 429, 63, 440, 161, 730, 822, 775, 528, 507, 104, 459, 219, 177, 582, 264, 116, 626, 716, 287, 859, 506, 452, 437, 165, 717, 548, 522, 11, 69, 541, 68, 639, 274, 771, 846, 317, 37, 766, 142, 562, 341, 803, 76, 842, 526, 322, 650, 535, 573, 572, 449, 337, 762, 425, 632, 243, 300, 656, 279, 281, 785, 107, 709, 529, 584, 806, 391, 84, 838, 670, 44, 657, 514, 88, 152, 261, 420, 14, 693, 555, 127, 308, 646, 438, 439, 324, 93, 217, 780, 468, 658, 158, 633, 377, 540, 500, 33, 407, 598, 273, 67, 558, 222, 549, 707, 814, 441, 100]
convergência = []

===== FIM =====
