===== RESULTADO BRKGA L(2,1) =====
Arquivo: /Users/mateuspedrosa/Documents/TCC-II/BRKGA/data/random/erdos_n945_p0.2.mtx

----- Execução #1 -----
[INFO] Time limit atingido: 15 minutos. Interrompido no meio de uma geração.
Tempo de execução: 900023ms
Span (lambda): 944
best_order = [270, 447, 413, 265, 798, 77, 357, 183, 479, 74, 193, 812, 81, 805, 722, 644, 688, 255, 445, 843, 499, 615, 13, 115, 821, 486, 233, 71, 104, 133, 702, 863, 471, 359, 552, 517, 635, 128, 99, 921, 112, 768, 140, 633, 785, 6, 564, 642, 54, 211, 672, 243, 836, 941, 816, 849, 662, 711, 129, 878, 92, 222, 799, 490, 9, 278, 96, 601, 895, 748, 885, 735, 114, 262, 858, 308, 366, 920, 175, 61, 518, 105, 520, 495, 856, 690, 872, 933, 319, 622, 692, 256, 694, 646, 379, 309, 654, 700, 304, 177, 259, 603, 428, 810, 198, 173, 778, 351, 23, 344, 438, 215, 318, 807, 758, 614, 355, 97, 354, 584, 541, 483, 195, 607, 52, 732, 204, 11, 305, 206, 630, 389, 311, 602, 627, 102, 221, 240, 829, 439, 512, 459, 546, 640, 250, 597, 475, 18, 332, 335, 146, 109, 723, 404, 685, 406, 729, 762, 398, 358, 631, 436, 741, 586, 670, 241, 691, 75, 655, 924, 156, 704, 724, 682, 532, 287, 503, 652, 73, 877, 93, 551, 108, 35, 122, 932, 906, 892, 299, 172, 619, 850, 882, 400, 650, 394, 331, 531, 797, 826, 253, 515, 831, 39, 598, 225, 237, 678, 594, 390, 583, 281, 745, 40, 786, 151, 530, 408, 257, 590, 49, 747, 567, 242, 126, 899, 405, 235, 868, 326, 246, 412, 321, 781, 609, 463, 148, 936, 192, 592, 4, 19, 866, 681, 223, 794, 511, 37, 38, 279, 556, 458, 78, 10, 190, 749, 808, 802, 69, 727, 196, 3, 550, 846, 508, 636, 874, 227, 116, 65, 289, 371, 268, 716, 835, 839, 234, 30, 498, 86, 269, 703, 890, 867, 36, 938, 926, 767, 167, 800, 854, 443, 327, 263, 260, 452, 641, 153, 480, 455, 170, 381, 664, 232, 5, 466, 522, 392, 660, 2, 930, 698, 403, 415, 365, 185, 845, 191, 345, 852, 142, 152, 340, 804, 230, 638, 869, 505, 611, 393, 917, 659, 342, 214, 718, 306, 864, 674, 423, 538, 125, 841, 208, 429, 903, 31, 809, 181, 437, 774, 870, 575, 534, 600, 544, 661, 944, 271, 766, 264, 687, 679, 165, 432, 159, 861, 731, 772, 106, 649, 184, 637, 815, 587, 369, 395, 658, 349, 320, 570, 66, 528, 460, 139, 562, 576, 803, 485, 188, 929, 130, 442, 293, 914, 1, 942, 364, 182, 894, 226, 813, 916, 526, 207, 377, 70, 591, 160, 295, 759, 239, 493, 138, 653, 875, 420, 168, 677, 288, 280, 465, 141, 328, 367, 448, 931, 178, 897, 763, 837, 902, 334, 323, 212, 496, 625, 248, 482, 258, 908, 726, 301, 593, 527, 818, 446, 45, 632, 472, 912, 197, 888, 848, 333, 925, 186, 298, 88, 529, 783, 752, 34, 793, 891, 537, 155, 676, 402, 478, 757, 605, 370, 127, 283, 853, 705, 28, 923, 671, 337, 91, 352, 224, 879, 516, 137, 943, 828, 905, 169, 791, 665, 467, 539, 756, 213, 296, 171, 507, 44, 817, 43, 624, 252, 378, 163, 469, 409, 620, 244, 131, 769, 361, 119, 728, 492, 414, 275, 205, 25, 121, 431, 913, 561, 368, 720, 739, 76, 27, 322, 773, 111, 859, 336, 589, 715, 940, 387, 500, 699, 290, 708, 820, 884, 491, 33, 497, 410, 251, 510, 249, 48, 417, 166, 441, 145, 663, 89, 391, 396, 456, 286, 819, 329, 338, 770, 457, 325, 282, 424, 883, 201, 572, 292, 738, 63, 180, 454, 134, 149, 780, 693, 261, 721, 397, 0, 743, 422, 736, 578, 579, 753, 433, 154, 189, 489, 356, 934, 761, 536, 343, 707, 824, 203, 310, 284, 136, 581, 919, 542, 382, 158, 362, 210, 684, 788, 64, 713, 450, 347, 314, 316, 689, 502, 50, 847, 595, 806, 425, 844, 353, 855, 865, 857, 20, 680, 312, 101, 915, 553, 348, 341, 41, 525, 779, 651, 506, 823, 860, 524, 612, 784, 247, 470, 755, 876, 904, 15, 29, 176, 164, 157, 701, 87, 277, 825, 80, 374, 695, 560, 573, 734, 294, 559, 801, 790, 68, 434, 200, 95, 376, 545, 557, 639, 832, 634, 228, 751, 411, 307, 765, 110, 814, 558, 267, 697, 100, 143, 360, 822, 72, 939, 60, 771, 540, 346, 911, 56, 144, 84, 566, 889, 375, 464, 907, 571, 94, 373, 245, 719, 120, 717, 32, 430, 656, 421, 315, 451, 811, 862, 440, 21, 737, 199, 216, 58, 523, 16, 554, 599, 569, 555, 426, 488, 901, 796, 477, 42, 588, 350, 14, 927, 898, 481, 57, 760, 266, 372, 399, 838, 444, 840, 461, 513, 842, 667, 82, 563, 330, 777, 709, 238, 881, 117, 274, 834, 519, 24, 135, 317, 648, 254, 22, 51, 789, 533, 385, 886, 623, 683, 725, 67, 132, 53, 83, 710, 474, 830, 666, 217, 696, 339, 462, 418, 150, 543, 194, 494, 487, 220, 313, 585, 231, 565, 730, 118, 504, 123, 647, 896, 706, 657, 712, 613, 276, 113, 229, 880, 90, 388, 922, 273, 645, 928, 202, 47, 324, 629, 764, 147, 514, 606, 750, 733, 675, 363, 574, 742, 673, 407, 85, 918, 893, 161, 873, 521, 547, 300, 776, 291, 608, 775, 610, 887, 596, 792, 621, 303, 909, 55, 935, 297, 549, 26, 62, 8, 219, 580, 384, 59, 12, 782, 285, 302, 754, 162, 427, 484, 937, 626, 509, 669, 740, 618, 617, 174, 416, 236, 568, 7, 827, 449, 668, 501, 577, 900, 582, 476, 209, 453, 473, 383, 272, 124, 535, 380, 910, 744, 79, 795, 746, 103, 218, 46, 107, 98, 871, 468, 833, 386, 435, 548, 628, 17, 686, 401, 604, 643, 714, 419, 787, 851, 616, 179, 187]
labeling = [587, 394, 309, 262, 240, 304, 45, 897, 873, 64, 253, 127, 880, 22, 750, 656, 737, 933, 147, 242, 634, 731, 783, 109, 777, 517, 874, 528, 476, 659, 277, 345, 721, 545, 461, 183, 285, 247, 248, 203, 213, 641, 747, 502, 500, 444, 923, 836, 551, 220, 624, 782, 123, 793, 48, 866, 708, 755, 735, 876, 701, 80, 875, 575, 616, 269, 380, 791, 676, 258, 405, 28, 700, 179, 9, 167, 526, 5, 252, 918, 666, 12, 766, 794, 707, 848, 279, 663, 457, 557, 828, 481, 61, 180, 717, 679, 67, 116, 925, 39, 696, 638, 135, 921, 27, 81, 368, 924, 182, 151, 692, 532, 38, 827, 72, 23, 268, 772, 815, 514, 720, 522, 184, 817, 913, 340, 226, 472, 37, 58, 390, 509, 792, 29, 578, 778, 605, 485, 412, 383, 43, 420, 320, 698, 710, 555, 150, 837, 236, 579, 804, 215, 322, 294, 594, 466, 169, 662, 612, 364, 408, 853, 885, 506, 658, 362, 553, 288, 416, 489, 300, 497, 190, 105, 895, 78, 660, 99, 427, 943, 576, 346, 397, 7, 370, 313, 451, 944, 388, 592, 254, 318, 238, 10, 806, 124, 260, 450, 104, 732, 678, 571, 834, 602, 126, 520, 129, 403, 342, 908, 608, 49, 433, 495, 334, 110, 734, 798, 922, 877, 809, 136, 60, 244, 482, 205, 399, 266, 687, 824, 324, 812, 303, 24, 272, 228, 898, 206, 771, 409, 137, 163, 221, 51, 510, 713, 230, 652, 437, 550, 145, 546, 499, 200, 780, 18, 91, 219, 438, 100, 292, 582, 73, 295, 358, 2, 756, 693, 275, 280, 0, 357, 912, 831, 774, 518, 825, 664, 65, 249, 419, 211, 569, 473, 606, 882, 560, 175, 418, 271, 540, 861, 573, 391, 670, 410, 496, 871, 456, 188, 859, 441, 883, 869, 98, 128, 335, 685, 75, 95, 604, 130, 636, 810, 619, 726, 621, 779, 112, 88, 377, 232, 529, 429, 835, 567, 229, 293, 422, 564, 769, 195, 148, 455, 431, 149, 534, 480, 566, 800, 321, 642, 333, 600, 108, 317, 704, 617, 639, 378, 748, 107, 479, 631, 118, 114, 596, 6, 157, 33, 697, 512, 613, 845, 396, 315, 76, 423, 521, 374, 471, 273, 757, 718, 667, 711, 680, 404, 504, 94, 915, 301, 611, 911, 879, 788, 927, 536, 829, 133, 208, 559, 307, 329, 197, 375, 561, 585, 159, 758, 194, 935, 468, 312, 155, 225, 156, 850, 217, 508, 549, 689, 231, 3, 515, 314, 896, 552, 803, 939, 414, 725, 586, 338, 568, 628, 743, 886, 102, 343, 723, 519, 363, 593, 677, 931, 162, 349, 111, 139, 729, 554, 392, 291, 760, 17, 447, 1, 424, 901, 620, 727, 297, 909, 577, 296, 562, 565, 251, 141, 382, 762, 802, 235, 714, 421, 305, 493, 928, 507, 653, 32, 448, 910, 796, 146, 907, 745, 467, 8, 299, 753, 436, 122, 887, 386, 26, 807, 744, 595, 62, 544, 516, 411, 808, 83, 434, 547, 278, 21, 538, 903, 623, 176, 816, 327, 646, 498, 263, 891, 548, 245, 140, 763, 841, 202, 484, 35, 79, 775, 82, 855, 306, 736, 650, 643, 401, 445, 381, 459, 216, 198, 174, 786, 352, 914, 597, 463, 339, 494, 705, 119, 610, 805, 354, 681, 142, 857, 929, 872, 261, 181, 34, 637, 738, 741, 250, 682, 695, 673, 669, 525, 384, 767, 46, 813, 709, 224, 900, 740, 379, 716, 572, 671, 846, 350, 385, 905, 589, 590, 878, 607, 906, 210, 120, 811, 164, 373, 749, 533, 218, 406, 239, 443, 209, 626, 864, 144, 204, 739, 353, 68, 132, 101, 936, 470, 839, 125, 858, 234, 863, 328, 651, 822, 117, 20, 942, 894, 893, 191, 505, 867, 89, 790, 503, 435, 889, 134, 932, 838, 131, 160, 446, 40, 686, 36, 265, 371, 325, 684, 143, 298, 47, 937, 15, 832, 92, 819, 781, 369, 196, 645, 178, 413, 96, 168, 724, 821, 376, 331, 308, 355, 57, 556, 302, 492, 799, 765, 902, 890, 165, 478, 50, 849, 337, 843, 465, 417, 207, 360, 635, 243, 173, 787, 614, 152, 934, 361, 16, 622, 84, 166, 90, 581, 93, 668, 801, 691, 311, 539, 97, 661, 30, 281, 172, 475, 820, 601, 541, 770, 795, 56, 823, 618, 938, 535, 270, 722, 332, 719, 527, 583, 14, 153, 171, 785, 440, 259, 513, 154, 814, 366, 121, 844, 672, 71, 588, 733, 574, 523, 892, 161, 847, 584, 917, 212, 920, 222, 69, 255, 842, 688, 458, 591, 884, 655, 491, 469, 115, 407, 754, 599, 158, 430, 840, 690, 359, 287, 42, 511, 563, 703, 367, 530, 351, 862, 856, 768, 106, 644, 580, 233, 881, 460, 649, 44, 214, 940, 615, 784, 674, 490, 865, 462, 246, 919, 746, 199, 4, 63, 289, 675, 257, 387, 323, 13, 627, 113, 256, 347, 103, 728, 11, 400, 694, 372, 54, 501, 442, 558, 542, 25, 699, 648, 603, 665, 193, 899, 486, 138, 797, 201, 683, 930, 776, 274, 52, 426, 759, 276, 761, 341, 764, 19, 629, 316, 264, 625, 454, 55, 189, 941, 319, 474, 290, 632, 85, 633, 74, 531, 647, 365, 730, 31, 336, 630, 241, 283, 227, 326, 348, 926, 86, 854, 267, 415, 654, 177, 59, 483, 826, 773, 192, 570, 543, 70, 789, 860, 452, 712, 282, 464, 187, 852, 398, 66, 818, 428, 752, 223, 904, 742, 432, 344, 657, 488, 186, 715, 439, 868, 916, 706, 449, 524, 393, 640, 402, 330, 851, 609, 77, 41, 830, 477, 170, 453, 286, 751, 833, 389, 310, 425, 185, 87, 598, 870, 237, 888, 284, 702, 537, 53, 395, 487, 356]
convergência = [944]

===== FIM =====
