===== RESULTADO BRKGA L(2,1) =====
Arquivo: /Users/mateuspedrosa/Documents/TCC-II/BRKGA/data/random/erdos_n422_p0.6.mtx

----- Execução #1 -----
[INFO] Time limit atingido: 15 minutos. Interrompido no meio de uma geração.
Tempo de execução: 900185ms
Span (lambda): 421
best_order = [143, 100, 246, 92, 252, 44, 272, 118, 21, 264, 326, 157, 155, 29, 349, 379, 411, 354, 45, 190, 244, 1, 358, 269, 160, 116, 401, 145, 241, 104, 415, 25, 20, 214, 106, 335, 233, 77, 270, 222, 172, 266, 248, 56, 307, 194, 330, 369, 254, 55, 40, 287, 87, 210, 283, 219, 390, 380, 417, 123, 205, 322, 151, 340, 365, 207, 303, 395, 62, 279, 398, 313, 301, 64, 85, 408, 101, 84, 198, 110, 302, 95, 341, 263, 36, 81, 308, 375, 94, 133, 348, 259, 372, 109, 48, 278, 127, 216, 405, 368, 114, 131, 218, 293, 121, 412, 382, 16, 297, 195, 310, 251, 149, 414, 406, 156, 13, 50, 314, 15, 105, 125, 397, 213, 220, 188, 165, 113, 24, 173, 201, 262, 12, 142, 41, 243, 35, 291, 373, 126, 271, 234, 136, 409, 392, 99, 383, 236, 88, 333, 345, 54, 52, 211, 371, 129, 300, 416, 102, 75, 176, 65, 267, 9, 144, 316, 120, 59, 215, 17, 361, 249, 185, 359, 152, 339, 276, 42, 80, 14, 421, 98, 162, 4, 161, 321, 196, 49, 66, 327, 318, 73, 27, 46, 332, 74, 346, 261, 294, 305, 311, 250, 137, 186, 260, 402, 319, 336, 325, 231, 51, 58, 170, 61, 317, 206, 376, 419, 304, 189, 82, 381, 370, 312, 386, 396, 124, 153, 355, 203, 282, 184, 150, 97, 204, 418, 128, 10, 420, 19, 169, 119, 175, 410, 60, 255, 230, 181, 79, 364, 391, 342, 273, 296, 154, 183, 93, 47, 344, 290, 338, 394, 180, 200, 367, 18, 22, 286, 167, 226, 199, 72, 8, 258, 240, 70, 253, 238, 135, 247, 171, 347, 108, 334, 362, 71, 53, 217, 78, 174, 265, 285, 192, 229, 197, 134, 6, 30, 38, 413, 76, 403, 404, 68, 227, 387, 103, 141, 5, 274, 320, 235, 69, 324, 32, 366, 33, 83, 202, 257, 374, 122, 228, 159, 209, 34, 284, 337, 225, 400, 139, 163, 292, 350, 23, 221, 96, 232, 208, 193, 140, 377, 67, 91, 385, 158, 237, 191, 356, 343, 182, 37, 57, 112, 289, 63, 89, 177, 384, 281, 268, 39, 399, 148, 353, 107, 328, 164, 147, 0, 393, 295, 86, 239, 31, 280, 179, 28, 331, 7, 43, 352, 363, 298, 245, 242, 288, 132, 138, 275, 357, 111, 407, 187, 309, 256, 166, 130, 26, 117, 223, 277, 168, 178, 360, 329, 146, 378, 389, 2, 306, 115, 323, 351, 224, 212, 388, 11, 90, 315, 3, 299]
labeling = [372, 24, 416, 425, 184, 312, 299, 381, 276, 169, 243, 415, 142, 119, 180, 116, 110, 172, 264, 246, 34, 9, 269, 336, 124, 29, 390, 190, 377, 16, 300, 374, 301, 307, 321, 120, 89, 354, 302, 363, 52, 126, 176, 382, 7, 19, 196, 254, 99, 191, 121, 215, 131, 289, 158, 50, 45, 355, 214, 163, 231, 195, 71, 357, 76, 152, 193, 343, 306, 317, 274, 284, 278, 194, 198, 166, 296, 31, 290, 229, 178, 74, 216, 320, 81, 72, 368, 54, 154, 359, 421, 344, 4, 261, 70, 78, 333, 236, 183, 153, 1, 80, 161, 303, 20, 125, 38, 364, 285, 90, 82, 378, 356, 136, 95, 397, 27, 402, 3, 248, 171, 108, 327, 58, 228, 127, 147, 92, 242, 162, 399, 104, 391, 83, 297, 260, 149, 205, 388, 332, 342, 305, 144, 0, 159, 25, 411, 373, 367, 112, 212, 67, 179, 230, 249, 11, 117, 14, 346, 313, 28, 165, 185, 334, 371, 134, 401, 273, 405, 247, 217, 282, 42, 138, 287, 250, 155, 358, 407, 376, 267, 237, 352, 259, 235, 175, 202, 384, 118, 224, 21, 350, 294, 339, 48, 103, 189, 295, 55, 277, 258, 122, 322, 226, 238, 62, 219, 37, 340, 319, 56, 135, 420, 130, 36, 167, 101, 291, 106, 57, 132, 328, 39, 403, 413, 323, 275, 308, 329, 293, 244, 210, 338, 35, 148, 315, 150, 348, 280, 345, 279, 30, 389, 114, 23, 387, 2, 281, 44, 157, 197, 87, 6, 266, 51, 239, 400, 324, 272, 96, 204, 201, 140, 88, 10, 292, 43, 168, 361, 26, 40, 141, 5, 255, 309, 392, 181, 395, 85, 73, 370, 360, 233, 41, 311, 268, 271, 53, 386, 351, 234, 129, 326, 100, 203, 375, 257, 107, 380, 408, 137, 77, 84, 69, 222, 200, 418, 46, 91, 398, 111, 192, 221, 60, 123, 423, 143, 208, 186, 209, 314, 187, 65, 417, 316, 213, 12, 188, 369, 409, 47, 379, 170, 139, 286, 33, 211, 331, 256, 174, 64, 86, 241, 349, 263, 156, 199, 283, 94, 8, 335, 406, 383, 366, 13, 232, 347, 394, 15, 177, 404, 173, 288, 385, 253, 66, 318, 262, 98, 49, 218, 160, 97, 145, 325, 93, 206, 341, 412, 18, 61, 223, 105, 146, 353, 337, 225, 310, 393, 414, 59, 252, 151, 362, 265, 68, 227, 128, 75, 365, 330, 22, 207, 304, 270, 102, 115, 396, 79, 133, 251, 17, 109, 298, 113, 32, 164, 63, 240, 220, 245, 182]
convergência = [421, 421]

===== FIM =====
