===== RESULTADO BRKGA L(2,1) =====
Arquivo: /Users/mateuspedrosa/Documents/TCC-II/BRKGA/data/random/erdos_n188_p0.2.mtx

----- Execução #1 -----
[INFO] Parou por estagnação.
Tempo de execução: 353291ms
Span (lambda): 181
best_order = [164, 148, 41, 34, 22, 169, 154, 146, 33, 18, 67, 131, 81, 14, 51, 36, 104, 152, 179, 175, 26, 134, 77, 42, 159, 40, 108, 185, 106, 11, 47, 89, 23, 140, 158, 38, 180, 68, 31, 79, 93, 88, 54, 56, 122, 76, 37, 39, 132, 16, 119, 84, 114, 157, 145, 61, 53, 105, 74, 91, 124, 30, 128, 173, 141, 155, 135, 69, 20, 21, 64, 149, 125, 86, 85, 110, 13, 24, 121, 153, 117, 46, 181, 63, 107, 15, 59, 35, 176, 133, 90, 103, 29, 120, 5, 2, 49, 94, 123, 172, 58, 177, 126, 150, 144, 113, 118, 60, 7, 160, 167, 3, 115, 166, 109, 32, 43, 184, 156, 138, 182, 12, 96, 48, 165, 55, 57, 162, 142, 137, 80, 178, 161, 170, 100, 62, 147, 139, 82, 136, 87, 127, 99, 52, 174, 0, 171, 70, 10, 8, 65, 92, 17, 4, 130, 97, 28, 187, 143, 83, 183, 111, 116, 73, 9, 151, 129, 66, 25, 98, 95, 27, 163, 78, 6, 19, 1, 168, 112, 101, 72, 44, 186, 71, 50, 45, 75, 102]
labeling = [140, 171, 91, 107, 150, 92, 167, 103, 144, 156, 143, 28, 116, 74, 13, 82, 47, 148, 9, 170, 65, 67, 4, 31, 76, 163, 19, 166, 147, 89, 60, 35, 108, 8, 3, 85, 15, 45, 34, 44, 26, 2, 24, 110, 176, 174, 79, 29, 117, 94, 178, 14, 134, 54, 40, 120, 41, 121, 97, 83, 104, 53, 131, 76, 68, 145, 162, 10, 36, 66, 142, 179, 175, 160, 56, 180, 43, 22, 169, 37, 125, 12, 135, 154, 49, 72, 71, 137, 38, 30, 88, 57, 146, 39, 93, 165, 118, 151, 164, 139, 130, 174, 181, 86, 16, 55, 25, 81, 23, 111, 73, 157, 173, 101, 50, 109, 159, 78, 102, 48, 90, 75, 42, 95, 58, 70, 98, 136, 62, 161, 149, 11, 46, 84, 20, 64, 132, 124, 113, 133, 32, 61, 123, 153, 100, 52, 7, 129, 1, 69, 99, 158, 11, 77, 6, 63, 114, 51, 33, 21, 105, 127, 122, 168, 0, 119, 12, 106, 172, 5, 128, 141, 96, 59, 138, 18, 87, 97, 126, 17, 1, 80, 115, 155, 112, 27, 177, 152]
convergência = [181, 181, 181, 181, 181, 181, 181, 181, 181, 181, 181, 181, 181, 181, 181, 181, 181, 181, 181, 181, 181, 181, 181, 181, 181, 181, 181, 181, 181, 181, 181, 181, 181, 181, 181, 181, 181, 181, 181, 181, 181, 181, 181, 181, 181, 181, 181, 181, 181, 181, 181, 181, 181, 181, 181, 181, 181, 181, 181, 181, 181, 181, 181, 181, 181, 181, 181, 181, 181, 181, 181, 181, 181, 181, 181, 181, 181, 181, 181, 181, 181, 181, 181, 181, 181, 181, 181, 181, 181, 181, 181, 181, 181, 181, 181, 181, 181, 181, 181, 181, 181, 181, 181, 181, 181, 181, 181, 181, 181, 181, 181, 181, 181, 181, 181, 181, 181, 181, 181, 181, 181, 181, 181, 181]

===== FIM =====
