===== RESULTADO BRKGA L(2,1) =====
Arquivo: /Users/mateuspedrosa/Documents/TCC-II/BRKGA/data/random/erdos_n439_p0.6.mtx

----- Execução #1 -----
[INFO] Time limit atingido: 15 minutos. Interrompido no meio de uma geração.
Tempo de execução: 900331ms
Span (lambda): 438
best_order = [418, 415, 216, 21, 369, 304, 141, 98, 67, 323, 240, 340, 85, 68, 222, 412, 417, 154, 330, 206, 400, 131, 421, 137, 76, 101, 1, 168, 121, 285, 394, 339, 397, 124, 155, 247, 325, 319, 212, 422, 245, 286, 214, 199, 192, 347, 302, 172, 163, 167, 161, 404, 147, 166, 175, 74, 313, 100, 2, 66, 123, 43, 376, 197, 241, 416, 42, 162, 53, 434, 219, 52, 344, 27, 188, 264, 254, 333, 49, 7, 413, 209, 364, 135, 346, 372, 109, 8, 138, 223, 41, 226, 56, 258, 345, 114, 78, 80, 169, 117, 371, 289, 60, 136, 251, 252, 261, 102, 26, 179, 140, 127, 39, 139, 211, 431, 331, 403, 23, 158, 234, 171, 276, 324, 0, 3, 152, 217, 189, 24, 437, 239, 70, 183, 387, 435, 282, 433, 104, 186, 249, 381, 31, 390, 6, 122, 360, 332, 187, 419, 348, 399, 316, 88, 301, 65, 58, 237, 414, 148, 410, 205, 388, 268, 424, 208, 203, 69, 409, 20, 307, 337, 438, 242, 134, 83, 201, 228, 86, 382, 48, 411, 145, 29, 256, 326, 89, 210, 299, 248, 278, 177, 178, 287, 191, 317, 298, 351, 221, 338, 130, 260, 383, 379, 250, 306, 45, 13, 95, 224, 274, 270, 50, 352, 156, 92, 292, 354, 281, 432, 165, 198, 350, 279, 174, 143, 180, 34, 32, 361, 215, 349, 25, 395, 426, 14, 176, 93, 327, 244, 71, 265, 38, 10, 296, 59, 429, 142, 392, 342, 230, 375, 305, 185, 322, 4, 202, 47, 115, 318, 160, 91, 87, 365, 408, 22, 358, 12, 341, 40, 294, 118, 271, 300, 297, 246, 357, 312, 321, 275, 428, 310, 425, 363, 116, 125, 113, 81, 128, 75, 320, 227, 380, 19, 120, 384, 159, 280, 182, 218, 290, 259, 329, 367, 283, 308, 378, 343, 193, 57, 105, 401, 288, 263, 267, 51, 108, 170, 112, 402, 144, 393, 377, 314, 355, 420, 35, 16, 149, 231, 272, 72, 194, 30, 220, 423, 107, 129, 315, 368, 334, 79, 359, 28, 181, 238, 389, 18, 164, 373, 257, 55, 173, 385, 303, 44, 374, 37, 427, 311, 46, 190, 309, 99, 36, 366, 430, 266, 5, 236, 73, 153, 225, 235, 94, 133, 391, 370, 284, 229, 277, 398, 207, 356, 184, 407, 157, 17, 33, 200, 328, 396, 204, 150, 63, 119, 295, 61, 126, 273, 362, 54, 62, 195, 436, 96, 106, 103, 386, 64, 82, 255, 146, 262, 11, 213, 132, 15, 291, 353, 111, 77, 336, 335, 97, 406, 269, 233, 84, 253, 232, 196, 110, 405, 151, 293, 9, 243, 90]
labeling = [128, 28, 53, 122, 259, 357, 148, 57, 84, 438, 246, 385, 269, 193, 239, 414, 317, 388, 350, 296, 173, 6, 266, 123, 134, 234, 111, 78, 346, 155, 336, 145, 228, 380, 227, 326, 355, 363, 245, 116, 265, 89, 70, 55, 361, 211, 360, 261, 187, 81, 208, 320, 75, 68, 394, 354, 76, 312, 159, 244, 99, 392, 406, 401, 398, 153, 64, 8, 17, 163, 129, 241, 330, 368, 58, 291, 26, 424, 97, 343, 95, 286, 413, 180, 430, 16, 184, 257, 156, 192, 441, 255, 218, 235, 379, 213, 402, 416, 5, 369, 62, 20, 108, 412, 139, 309, 410, 332, 311, 90, 429, 423, 315, 287, 92, 240, 284, 100, 273, 396, 298, 27, 150, 63, 34, 285, 374, 114, 289, 340, 188, 1, 418, 378, 178, 82, 105, 13, 86, 110, 112, 9, 249, 226, 323, 181, 409, 56, 160, 319, 399, 436, 118, 366, 21, 22, 216, 390, 125, 300, 264, 39, 61, 46, 352, 223, 49, 52, 29, 98, 313, 101, 50, 356, 224, 51, 237, 195, 179, 106, 206, 348, 288, 131, 382, 258, 142, 141, 80, 132, 353, 183, 45, 299, 334, 400, 433, 59, 225, 31, 391, 182, 260, 168, 397, 164, 11, 386, 169, 72, 194, 117, 36, 417, 44, 232, 4, 130, 302, 73, 337, 203, 15, 91, 202, 377, 93, 290, 165, 376, 254, 333, 431, 428, 126, 339, 375, 161, 341, 135, 12, 67, 176, 439, 233, 41, 277, 37, 190, 144, 207, 107, 109, 432, 66, 415, 189, 347, 94, 294, 198, 103, 407, 307, 79, 243, 373, 318, 166, 427, 212, 274, 324, 405, 210, 279, 127, 383, 172, 221, 297, 217, 113, 306, 372, 30, 43, 196, 316, 104, 301, 419, 220, 425, 272, 403, 248, 271, 199, 185, 275, 157, 48, 359, 7, 253, 209, 175, 303, 362, 281, 367, 267, 60, 327, 342, 154, 197, 262, 40, 293, 278, 242, 10, 115, 38, 191, 231, 393, 304, 23, 121, 124, 74, 335, 420, 422, 174, 205, 33, 14, 270, 252, 310, 77, 96, 87, 47, 152, 229, 214, 201, 215, 421, 222, 329, 387, 276, 268, 345, 149, 230, 404, 282, 85, 250, 371, 305, 328, 3, 381, 102, 88, 344, 351, 256, 65, 322, 308, 204, 295, 146, 186, 200, 292, 358, 411, 138, 151, 349, 133, 370, 251, 325, 32, 236, 395, 35, 384, 143, 25, 314, 321, 120, 54, 434, 426, 389, 263, 171, 162, 177, 19, 83, 158, 2, 69, 18, 0, 147, 331, 24, 42, 338, 167, 283, 238, 365, 280, 247, 364, 119, 219, 140, 71, 137, 408, 136, 170]
convergência = [438]

===== FIM =====
