===== RESULTADO BRKGA L(2,1) =====
Arquivo: /Users/mateuspedrosa/Documents/TCC-II/BRKGA/data/random/erdos_n350_p0.6.mtx

----- Execução #1 -----
[INFO] Time limit atingido: 15 minutos. Interrompido no meio de uma geração.
Tempo de execução: 900171ms
Span (lambda): 349
best_order = [288, 340, 37, 77, 80, 29, 61, 58, 136, 278, 227, 261, 290, 322, 331, 85, 303, 159, 87, 45, 266, 67, 271, 0, 125, 127, 320, 240, 245, 267, 254, 244, 238, 202, 48, 232, 199, 270, 221, 39, 342, 171, 292, 224, 337, 192, 92, 70, 256, 187, 201, 95, 164, 243, 114, 247, 213, 231, 117, 21, 345, 155, 223, 335, 51, 50, 71, 138, 319, 75, 300, 299, 134, 148, 126, 284, 341, 110, 280, 185, 219, 222, 273, 107, 76, 255, 26, 103, 242, 246, 324, 190, 162, 194, 96, 332, 276, 198, 175, 214, 184, 118, 133, 6, 301, 323, 283, 191, 98, 8, 204, 170, 40, 313, 151, 101, 24, 137, 108, 294, 130, 109, 333, 52, 68, 268, 3, 82, 338, 165, 163, 293, 178, 260, 73, 166, 308, 304, 289, 86, 44, 251, 157, 93, 112, 181, 215, 17, 81, 328, 339, 295, 318, 180, 78, 7, 156, 297, 183, 89, 129, 316, 42, 186, 63, 36, 306, 329, 207, 197, 262, 124, 263, 146, 211, 113, 33, 121, 100, 298, 343, 43, 210, 334, 291, 206, 161, 147, 259, 321, 154, 176, 212, 272, 160, 132, 196, 189, 169, 309, 265, 230, 195, 20, 140, 347, 257, 65, 158, 54, 252, 193, 330, 174, 264, 2, 167, 234, 311, 145, 326, 173, 116, 106, 59, 188, 9, 69, 153, 317, 25, 104, 11, 269, 327, 296, 15, 287, 250, 253, 281, 225, 131, 239, 302, 122, 209, 315, 282, 94, 28, 168, 249, 105, 285, 228, 10, 179, 307, 14, 35, 120, 312, 142, 237, 325, 72, 235, 344, 203, 13, 90, 172, 141, 22, 226, 111, 216, 53, 16, 49, 88, 305, 275, 205, 66, 241, 128, 46, 119, 150, 115, 348, 18, 349, 62, 236, 34, 27, 64, 218, 152, 135, 314, 38, 31, 79, 30, 57, 123, 19, 143, 1, 233, 91, 208, 144, 182, 279, 47, 83, 23, 102, 310, 99, 177, 220, 4, 217, 60, 41, 5, 229, 277, 336, 55, 32, 149, 258, 274, 346, 97, 84, 56, 286, 12, 200, 139, 248, 74]
labeling = [25, 307, 214, 129, 316, 335, 110, 157, 112, 230, 251, 227, 336, 274, 260, 237, 283, 138, 295, 302, 205, 65, 273, 321, 116, 218, 91, 301, 247, 8, 310, 305, 329, 177, 280, 263, 167, 3, 306, 40, 117, 325, 158, 184, 126, 22, 292, 322, 32, 285, 49, 47, 125, 281, 212, 332, 346, 312, 2, 226, 333, 10, 300, 153, 299, 209, 282, 17, 127, 232, 51, 68, 269, 137, 348, 74, 89, 5, 155, 308, 6, 145, 124, 314, 344, 18, 142, 19, 284, 162, 275, 317, 50, 146, 243, 57, 100, 340, 111, 326, 179, 103, 324, 93, 234, 256, 206, 88, 120, 114, 84, 277, 143, 173, 52, 296, 220, 43, 108, 294, 264, 175, 245, 313, 171, 26, 80, 27, 270, 164, 122, 248, 201, 99, 75, 303, 7, 105, 71, 349, 207, 249, 267, 315, 311, 216, 163, 192, 66, 341, 293, 101, 290, 229, 189, 69, 159, 141, 211, 20, 199, 191, 92, 133, 41, 131, 139, 221, 253, 204, 115, 44, 262, 222, 187, 104, 194, 328, 136, 261, 154, 148, 318, 160, 106, 58, 161, 55, 228, 203, 98, 109, 45, 215, 85, 196, 200, 170, 90, 36, 347, 54, 37, 272, 113, 286, 190, 168, 319, 250, 183, 176, 195, 63, 87, 150, 279, 331, 297, 77, 330, 30, 73, 70, 39, 246, 276, 14, 259, 337, 202, 64, 23, 309, 198, 268, 288, 266, 28, 239, 21, 291, 94, 59, 35, 31, 96, 61, 345, 254, 240, 144, 213, 242, 34, 60, 53, 210, 338, 178, 135, 9, 172, 174, 219, 185, 4, 33, 118, 235, 38, 24, 197, 86, 334, 289, 102, 327, 12, 320, 62, 244, 241, 79, 81, 258, 342, 238, 0, 140, 11, 188, 46, 134, 121, 152, 233, 156, 181, 78, 76, 95, 236, 15, 130, 287, 169, 257, 132, 193, 323, 223, 265, 119, 304, 252, 165, 225, 149, 56, 29, 180, 16, 107, 82, 255, 224, 231, 147, 166, 217, 13, 97, 123, 186, 72, 339, 48, 128, 151, 1, 83, 42, 182, 271, 67, 343, 208, 298, 278]
convergência = [349, 349, 349, 349]

===== FIM =====
