===== RESULTADO BRKGA L(2,1) =====
Arquivo: /Users/mateuspedrosa/Documents/TCC-II/BRKGA/data/random/erdos_n573_p0.6.mtx

----- Execução #1 -----
[INFO] Time limit atingido: 15 minutos. Interrompido no meio de uma geração.
Tempo de execução: 900246ms
Span (lambda): 572
best_order = [517, 379, 41, 211, 276, 258, 467, 302, 321, 442, 561, 88, 317, 423, 410, 489, 521, 382, 378, 323, 500, 291, 31, 555, 148, 463, 531, 136, 153, 306, 465, 307, 170, 318, 374, 339, 100, 241, 220, 439, 399, 195, 490, 72, 484, 401, 81, 541, 455, 282, 480, 173, 558, 120, 146, 510, 47, 314, 167, 535, 368, 28, 65, 205, 554, 450, 405, 337, 273, 137, 239, 353, 514, 1, 13, 33, 274, 179, 427, 284, 568, 175, 150, 238, 532, 435, 144, 559, 434, 265, 466, 85, 186, 86, 16, 164, 201, 3, 294, 104, 54, 52, 479, 362, 340, 46, 563, 117, 208, 428, 126, 285, 336, 55, 334, 491, 390, 486, 472, 520, 449, 544, 419, 8, 538, 159, 386, 141, 363, 124, 414, 286, 257, 197, 395, 2, 102, 485, 101, 305, 549, 431, 324, 316, 454, 244, 76, 4, 227, 319, 338, 37, 130, 501, 347, 42, 94, 504, 262, 562, 196, 509, 384, 154, 193, 355, 163, 267, 518, 404, 64, 217, 114, 474, 74, 279, 199, 224, 503, 515, 460, 63, 331, 522, 545, 23, 180, 32, 422, 421, 493, 132, 457, 402, 308, 506, 60, 380, 357, 240, 80, 301, 269, 525, 543, 192, 226, 34, 255, 494, 470, 325, 315, 539, 440, 256, 437, 91, 476, 502, 166, 475, 351, 185, 138, 82, 178, 499, 446, 344, 243, 222, 73, 22, 187, 204, 342, 75, 458, 70, 103, 79, 350, 253, 359, 364, 354, 98, 118, 436, 44, 572, 420, 403, 567, 335, 210, 459, 487, 216, 24, 174, 292, 367, 87, 462, 213, 328, 38, 53, 495, 492, 254, 550, 389, 313, 461, 57, 408, 471, 134, 96, 259, 97, 512, 261, 271, 566, 111, 569, 483, 230, 527, 366, 234, 433, 142, 50, 290, 36, 320, 296, 349, 18, 135, 139, 369, 481, 107, 49, 411, 417, 272, 333, 89, 300, 326, 430, 128, 58, 295, 125, 237, 21, 162, 415, 425, 11, 194, 160, 447, 443, 83, 370, 131, 385, 299, 228, 533, 516, 218, 182, 264, 133, 59, 221, 412, 106, 188, 95, 161, 388, 365, 451, 552, 413, 231, 209, 536, 304, 190, 203, 508, 452, 438, 263, 119, 223, 524, 289, 68, 30, 309, 247, 464, 158, 191, 557, 418, 445, 329, 151, 9, 298, 341, 288, 232, 346, 556, 312, 105, 35, 252, 360, 93, 6, 246, 229, 426, 352, 311, 172, 453, 122, 77, 571, 513, 29, 242, 61, 547, 92, 297, 40, 14, 393, 207, 155, 330, 371, 332, 429, 348, 157, 51, 373, 12, 570, 39, 177, 20, 392, 215, 343, 534, 488, 249, 183, 468, 233, 398, 511, 115, 112, 407, 181, 546, 456, 156, 391, 206, 397, 278, 356, 381, 498, 48, 214, 7, 473, 176, 441, 548, 251, 448, 376, 27, 168, 372, 523, 287, 537, 200, 143, 198, 303, 99, 266, 260, 394, 236, 189, 406, 116, 477, 358, 165, 293, 505, 281, 529, 248, 275, 145, 327, 67, 121, 235, 71, 409, 542, 361, 310, 110, 225, 169, 219, 551, 469, 564, 123, 375, 149, 25, 496, 565, 0, 424, 43, 345, 108, 482, 519, 277, 396, 250, 129, 69, 444, 268, 202, 17, 212, 19, 416, 78, 147, 152, 383, 283, 66, 432, 109, 127, 507, 528, 15, 400, 553, 62, 90, 245, 377, 5, 478, 530, 113, 184, 140, 540, 45, 280, 526, 560, 56, 171, 10, 497, 270, 387, 26, 84, 322]
labeling = [507, 67, 134, 103, 155, 555, 398, 462, 129, 386, 566, 315, 427, 73, 419, 548, 99, 534, 307, 531, 432, 330, 234, 173, 263, 521, 560, 455, 66, 410, 363, 23, 192, 78, 211, 394, 305, 140, 257, 430, 411, 2, 161, 505, 254, 563, 98, 57, 457, 295, 303, 415, 96, 270, 107, 106, 568, 273, 326, 351, 199, 412, 544, 183, 172, 68, 543, 494, 376, 515, 232, 499, 39, 237, 178, 229, 153, 407, 520, 225, 207, 50, 227, 334, 575, 95, 97, 265, 11, 316, 552, 217, 416, 390, 142, 354, 281, 282, 238, 479, 35, 141, 137, 247, 105, 388, 346, 312, 517, 538, 506, 289, 444, 553, 176, 442, 467, 102, 240, 372, 56, 502, 397, 516, 131, 328, 100, 547, 324, 530, 148, 338, 185, 349, 277, 286, 30, 74, 198, 309, 542, 115, 297, 478, 89, 498, 43, 537, 27, 519, 85, 379, 539, 21, 167, 369, 443, 426, 373, 113, 319, 332, 331, 171, 101, 489, 224, 62, 472, 509, 31, 564, 406, 52, 259, 76, 464, 429, 222, 65, 191, 448, 347, 433, 559, 215, 88, 239, 353, 486, 365, 380, 209, 159, 327, 44, 165, 133, 477, 170, 471, 84, 532, 357, 241, 41, 445, 421, 112, 360, 236, 3, 535, 266, 460, 435, 262, 174, 345, 488, 40, 339, 235, 344, 179, 508, 210, 146, 341, 401, 294, 355, 389, 439, 299, 497, 484, 321, 80, 75, 205, 28, 400, 233, 151, 551, 399, 378, 495, 440, 528, 463, 377, 249, 269, 206, 218, 132, 5, 283, 480, 287, 163, 370, 325, 93, 481, 162, 510, 193, 571, 288, 314, 63, 61, 496, 4, 524, 454, 154, 562, 475, 49, 541, 81, 116, 128, 473, 385, 374, 293, 19, 261, 491, 92, 317, 300, 417, 383, 329, 318, 208, 9, 459, 364, 136, 32, 36, 197, 371, 492, 404, 392, 278, 60, 214, 149, 12, 37, 144, 284, 6, 574, 20, 147, 202, 320, 500, 268, 384, 413, 186, 420, 311, 120, 255, 118, 72, 156, 38, 110, 387, 243, 436, 231, 522, 391, 160, 418, 302, 242, 219, 402, 71, 244, 169, 456, 203, 483, 250, 396, 490, 109, 130, 246, 350, 298, 264, 55, 306, 337, 423, 474, 428, 24, 518, 470, 554, 18, 1, 201, 458, 16, 540, 164, 340, 121, 573, 348, 276, 122, 450, 434, 408, 482, 135, 527, 452, 431, 42, 550, 48, 188, 248, 168, 59, 487, 446, 280, 501, 14, 313, 336, 352, 126, 308, 533, 304, 381, 127, 258, 194, 181, 13, 503, 323, 403, 79, 114, 425, 322, 145, 545, 301, 91, 82, 252, 220, 368, 33, 216, 466, 8, 335, 529, 382, 230, 333, 468, 117, 70, 356, 359, 395, 138, 47, 449, 175, 245, 260, 184, 275, 267, 26, 367, 34, 94, 7, 437, 513, 196, 279, 111, 453, 177, 226, 221, 485, 556, 90, 53, 310, 512, 292, 46, 139, 123, 253, 438, 15, 45, 104, 274, 195, 212, 272, 523, 569, 451, 228, 22, 158, 223, 180, 150, 493, 190, 546, 366, 157, 58, 441, 285, 405, 77, 182, 343, 0, 166, 526, 125, 17, 187, 476, 361, 200, 565, 296, 536, 469, 557, 29, 87, 342, 424, 64, 362, 465, 124, 213, 561, 51, 504, 204, 119, 189, 447, 414, 461, 143, 271, 511, 358, 549, 69, 25, 393, 375, 54, 86, 567, 10, 152, 108, 514, 525, 290, 251, 83, 291, 422, 409, 256]
convergência = []

===== FIM =====
