===== RESULTADO BRKGA L(2,1) =====
Arquivo: /Users/mateuspedrosa/Documents/TCC-II/BRKGA/data/random/erdos_n590_p0.2.mtx

----- Execução #1 -----
[INFO] Time limit atingido: 15 minutos. Interrompido no meio de uma geração.
Tempo de execução: 900052ms
Span (lambda): 589
best_order = [235, 219, 459, 379, 3, 316, 367, 120, 39, 32, 76, 579, 511, 201, 512, 310, 575, 35, 46, 55, 554, 514, 199, 203, 202, 90, 332, 480, 288, 408, 226, 555, 387, 344, 521, 145, 14, 484, 490, 108, 44, 403, 33, 24, 428, 13, 249, 339, 442, 347, 342, 107, 354, 100, 278, 458, 95, 189, 394, 106, 151, 585, 534, 421, 352, 77, 516, 329, 234, 227, 70, 255, 26, 559, 16, 287, 125, 539, 49, 209, 97, 72, 386, 434, 86, 529, 6, 263, 186, 23, 488, 190, 113, 587, 272, 557, 414, 303, 548, 401, 574, 437, 570, 398, 463, 41, 69, 228, 89, 248, 337, 243, 94, 98, 335, 324, 123, 262, 259, 441, 135, 527, 147, 268, 499, 42, 58, 552, 27, 204, 296, 502, 213, 163, 132, 349, 197, 500, 233, 320, 254, 153, 397, 133, 365, 64, 489, 99, 543, 472, 11, 520, 161, 2, 48, 487, 222, 399, 467, 589, 382, 8, 62, 536, 131, 355, 464, 429, 137, 122, 30, 470, 178, 144, 465, 545, 391, 238, 103, 418, 140, 148, 154, 358, 118, 402, 584, 61, 389, 175, 79, 155, 194, 142, 282, 130, 476, 419, 420, 416, 446, 265, 105, 582, 177, 569, 54, 436, 424, 523, 239, 351, 576, 164, 474, 25, 580, 362, 445, 279, 241, 152, 493, 124, 393, 381, 198, 256, 455, 208, 336, 247, 323, 93, 546, 440, 498, 225, 210, 311, 119, 563, 430, 232, 380, 313, 568, 513, 588, 110, 357, 19, 497, 274, 165, 312, 307, 1, 217, 40, 378, 7, 252, 84, 158, 104, 448, 167, 366, 305, 31, 542, 138, 478, 364, 581, 220, 283, 558, 116, 453, 173, 325, 224, 146, 174, 281, 293, 200, 196, 251, 315, 475, 377, 21, 443, 4, 302, 184, 370, 242, 176, 338, 273, 396, 423, 518, 269, 290, 15, 372, 223, 477, 469, 345, 261, 111, 66, 417, 280, 157, 246, 550, 333, 51, 495, 179, 231, 544, 454, 141, 486, 298, 525, 327, 385, 53, 331, 371, 425, 374, 317, 466, 532, 481, 508, 28, 236, 285, 571, 507, 340, 301, 413, 78, 526, 74, 409, 573, 136, 549, 375, 404, 406, 183, 431, 376, 10, 253, 71, 407, 5, 524, 129, 121, 169, 266, 277, 452, 583, 456, 318, 109, 276, 258, 68, 564, 166, 229, 160, 205, 218, 59, 540, 577, 221, 18, 171, 271, 47, 306, 412, 531, 289, 395, 170, 96, 321, 462, 410, 65, 360, 346, 460, 245, 75, 126, 114, 45, 134, 533, 565, 191, 73, 553, 237, 128, 314, 60, 20, 36, 468, 240, 361, 206, 517, 150, 22, 91, 156, 82, 168, 433, 52, 368, 439, 275, 143, 37, 519, 560, 215, 400, 322, 556, 341, 319, 537, 181, 87, 547, 492, 50, 515, 291, 127, 522, 388, 326, 566, 101, 572, 295, 216, 270, 92, 29, 528, 491, 83, 551, 80, 88, 193, 267, 505, 422, 264, 369, 567, 56, 115, 38, 294, 250, 509, 286, 444, 85, 461, 330, 195, 562, 363, 561, 435, 328, 260, 348, 211, 244, 356, 432, 447, 34, 426, 67, 383, 504, 182, 359, 43, 390, 506, 343, 350, 159, 304, 212, 451, 473, 149, 9, 81, 17, 63, 541, 449, 57, 180, 102, 415, 207, 482, 284, 292, 411, 297, 501, 12, 214, 483, 538, 510, 299, 309, 496, 384, 450, 185, 117, 300, 187, 405, 535, 427, 353, 257, 188, 471, 485, 162, 457, 578, 586, 479, 530, 438, 172, 373, 192, 392, 334, 308, 494, 112, 230, 139, 0, 503]
labeling = [588, 256, 153, 4, 296, 371, 87, 262, 161, 532, 367, 150, 549, 45, 36, 310, 77, 536, 397, 249, 431, 294, 437, 89, 44, 213, 73, 128, 346, 475, 171, 271, 7, 42, 514, 15, 426, 448, 491, 10, 259, 105, 126, 521, 39, 416, 17, 399, 154, 78, 461, 324, 444, 335, 206, 19, 490, 537, 125, 392, 428, 187, 163, 533, 146, 410, 317, 516, 386, 106, 70, 369, 81, 423, 356, 415, 9, 65, 354, 190, 482, 534, 441, 481, 265, 498, 84, 459, 483, 107, 27, 438, 473, 235, 111, 56, 403, 80, 113, 147, 53, 470, 540, 178, 263, 202, 60, 51, 40, 382, 250, 316, 585, 92, 418, 492, 279, 560, 184, 240, 8, 374, 168, 117, 224, 74, 417, 464, 427, 372, 195, 164, 134, 143, 419, 120, 359, 169, 272, 587, 180, 325, 193, 447, 173, 34, 285, 122, 182, 531, 435, 59, 221, 140, 181, 192, 439, 320, 261, 526, 389, 152, 571, 133, 214, 253, 387, 266, 443, 376, 408, 394, 579, 282, 281, 189, 300, 203, 172, 327, 539, 458, 519, 365, 298, 558, 88, 562, 568, 57, 91, 421, 578, 480, 191, 501, 288, 136, 223, 24, 289, 14, 21, 25, 129, 390, 433, 541, 230, 79, 231, 509, 528, 132, 550, 452, 474, 258, 391, 1, 277, 396, 156, 311, 284, 238, 30, 69, 108, 388, 586, 328, 244, 137, 68, 0, 347, 425, 177, 209, 432, 219, 301, 109, 511, 414, 321, 233, 110, 46, 494, 290, 264, 368, 141, 72, 225, 566, 384, 118, 507, 315, 116, 86, 487, 201, 375, 484, 123, 305, 476, 398, 93, 304, 254, 446, 383, 377, 54, 217, 319, 286, 194, 276, 544, 348, 495, 71, 26, 401, 309, 465, 545, 287, 493, 472, 130, 547, 332, 554, 561, 352, 297, 99, 527, 269, 400, 257, 583, 555, 18, 239, 255, 243, 429, 291, 6, 341, 381, 453, 139, 407, 455, 234, 115, 283, 468, 333, 505, 67, 500, 337, 23, 323, 580, 114, 232, 112, 302, 47, 351, 451, 50, 525, 33, 314, 411, 49, 508, 135, 524, 212, 64, 564, 52, 165, 512, 251, 183, 520, 412, 434, 218, 504, 274, 144, 268, 5, 445, 488, 299, 338, 307, 581, 340, 361, 366, 293, 260, 3, 246, 227, 160, 517, 557, 336, 82, 32, 467, 188, 522, 176, 582, 226, 58, 406, 306, 142, 103, 158, 454, 98, 185, 41, 362, 563, 363, 370, 28, 357, 409, 546, 402, 353, 97, 542, 199, 318, 179, 197, 198, 63, 486, 303, 207, 339, 515, 567, 43, 166, 242, 364, 510, 442, 83, 506, 208, 102, 577, 440, 236, 119, 48, 295, 497, 220, 200, 513, 267, 535, 559, 530, 378, 280, 331, 228, 380, 572, 55, 2, 413, 499, 405, 104, 167, 174, 342, 157, 430, 313, 170, 569, 149, 529, 215, 292, 196, 312, 273, 575, 29, 344, 543, 551, 37, 570, 330, 155, 90, 145, 38, 479, 462, 222, 584, 326, 556, 252, 237, 124, 138, 548, 131, 589, 518, 485, 523, 350, 345, 496, 553, 12, 16, 245, 22, 463, 66, 436, 308, 449, 151, 35, 466, 210, 373, 334, 355, 121, 477, 85, 576, 404, 343, 420, 62, 565, 162, 457, 552, 76, 393, 538, 270, 148, 329, 175, 229, 460, 96, 360, 322, 478, 127, 424, 20, 31, 456, 95, 278, 75, 450, 502, 503, 241, 385, 422, 469, 489, 247, 205, 101, 349, 471, 358, 100, 13, 211, 395, 573, 11, 216, 275, 204, 379, 186, 61, 574, 94, 248, 159]
convergência = [589, 589, 589, 589, 589, 589, 589, 589, 589]

===== FIM =====
