===== RESULTADO BRKGA L(2,1) =====
Arquivo: /Users/mateuspedrosa/Documents/TCC-II/BRKGA/data/random/erdos_n712_p0.4.mtx

----- Execução #1 -----
[INFO] Time limit atingido: 15 minutos. Interrompido no meio de uma geração.
Tempo de execução: 900560ms
Span (lambda): 711
best_order = [672, 590, 103, 374, 126, 665, 107, 414, 78, 163, 216, 310, 395, 16, 478, 122, 399, 224, 695, 556, 623, 520, 136, 59, 283, 496, 86, 588, 313, 607, 309, 401, 487, 435, 544, 257, 515, 697, 174, 688, 225, 646, 209, 372, 124, 375, 495, 284, 419, 287, 3, 570, 633, 446, 269, 453, 167, 165, 241, 131, 180, 212, 666, 658, 120, 382, 443, 21, 227, 707, 594, 334, 344, 468, 361, 323, 621, 183, 448, 410, 611, 616, 572, 237, 93, 437, 474, 213, 121, 526, 655, 7, 134, 533, 462, 459, 175, 270, 433, 536, 502, 393, 479, 380, 504, 652, 244, 223, 235, 678, 491, 173, 149, 426, 466, 654, 390, 549, 58, 130, 442, 597, 482, 236, 505, 353, 23, 199, 1, 587, 234, 90, 543, 484, 671, 517, 500, 295, 347, 41, 396, 221, 65, 458, 46, 335, 102, 568, 345, 219, 465, 170, 535, 181, 481, 294, 457, 328, 166, 574, 509, 139, 194, 449, 314, 47, 639, 14, 303, 154, 182, 606, 290, 77, 13, 70, 373, 37, 10, 250, 529, 123, 31, 638, 661, 578, 155, 589, 208, 371, 325, 490, 569, 691, 524, 513, 447, 669, 516, 53, 541, 185, 511, 74, 454, 81, 339, 254, 626, 210, 601, 693, 422, 113, 259, 8, 299, 19, 12, 275, 600, 363, 699, 145, 87, 667, 143, 243, 388, 97, 692, 653, 18, 15, 550, 304, 157, 651, 330, 193, 30, 98, 6, 603, 28, 296, 417, 29, 540, 248, 402, 52, 602, 622, 92, 324, 108, 475, 289, 415, 582, 55, 197, 485, 62, 255, 561, 432, 564, 156, 581, 660, 366, 497, 557, 191, 528, 9, 488, 298, 522, 338, 2, 316, 332, 698, 246, 355, 273, 424, 292, 428, 682, 634, 508, 406, 664, 610, 580, 617, 367, 521, 480, 322, 285, 628, 476, 571, 162, 327, 301, 559, 101, 245, 176, 133, 337, 503, 642, 420, 329, 412, 153, 558, 307, 545, 61, 160, 486, 118, 192, 128, 663, 599, 696, 220, 127, 24, 172, 538, 566, 632, 575, 679, 625, 394, 472, 408, 694, 274, 249, 265, 684, 321, 376, 252, 36, 148, 71, 242, 637, 260, 553, 95, 69, 85, 140, 147, 240, 171, 546, 421, 302, 703, 701, 708, 438, 272, 17, 360, 349, 565, 79, 279, 277, 416, 305, 96, 152, 413, 386, 385, 261, 411, 686, 206, 591, 356, 115, 527, 112, 336, 141, 392, 620, 598, 425, 300, 111, 711, 656, 389, 404, 151, 677, 451, 532, 455, 311, 306, 452, 657, 641, 636, 146, 381, 429, 291, 233, 562, 519, 659, 460, 230, 48, 312, 689, 563, 539, 608, 370, 43, 164, 592, 161, 82, 57, 267, 471, 649, 351, 184, 359, 439, 186, 514, 507, 685, 89, 440, 407, 144, 506, 264, 586, 409, 91, 690, 205, 39, 365, 105, 537, 436, 635, 647, 463, 352, 362, 631, 644, 104, 268, 595, 232, 51, 350, 614, 673, 467, 256, 331, 705, 378, 676, 132, 75, 604, 45, 137, 377, 577, 125, 106, 618, 619, 196, 67, 266, 379, 683, 203, 357, 116, 159, 150, 76, 397, 523, 40, 293, 33, 229, 630, 383, 624, 32, 585, 34, 498, 469, 615, 110, 72, 584, 135, 179, 276, 211, 510, 430, 400, 177, 464, 434, 333, 315, 674, 706, 280, 142, 492, 494, 168, 88, 253, 25, 354, 297, 423, 391, 403, 0, 35, 340, 605, 204, 612, 222, 99, 640, 94, 444, 189, 441, 579, 158, 214, 319, 348, 681, 129, 461, 11, 251, 555, 26, 576, 320, 358, 278, 247, 387, 547, 645, 629, 551, 215, 648, 364, 64, 668, 286, 583, 262, 271, 342, 702, 231, 27, 670, 239, 368, 258, 42, 531, 554, 704, 119, 643, 542, 318, 282, 207, 20, 308, 675, 525, 518, 200, 431, 288, 201, 427, 709, 60, 477, 73, 548, 450, 5, 662, 501, 567, 109, 384, 217, 343, 226, 198, 117, 418, 700, 178, 687, 483, 263, 66, 613, 470, 114, 493, 398, 596, 341, 188, 49, 326, 473, 228, 190, 489, 50, 68, 317, 4, 195, 84, 680, 609, 552, 534, 56, 650, 369, 22, 138, 346, 499, 38, 512, 573, 63, 405, 238, 281, 80, 593, 560, 187, 54, 456, 169, 530, 445, 44, 710, 83, 202, 627, 218, 100]
labeling = [562, 122, 280, 51, 674, 638, 243, 93, 215, 277, 180, 583, 219, 172, 165, 233, 14, 375, 232, 216, 625, 69, 686, 128, 338, 552, 587, 609, 244, 245, 242, 176, 526, 521, 528, 563, 357, 178, 687, 465, 519, 141, 614, 443, 706, 486, 144, 168, 437, 663, 673, 489, 254, 200, 702, 258, 682, 442, 118, 27, 635, 326, 264, 694, 602, 142, 656, 508, 675, 365, 175, 358, 532, 637, 202, 495, 516, 174, 7, 382, 696, 205, 446, 708, 679, 366, 26, 224, 557, 459, 129, 467, 253, 84, 571, 361, 390, 230, 239, 569, 711, 314, 147, 2, 483, 472, 504, 8, 257, 640, 533, 409, 403, 214, 660, 399, 510, 651, 333, 618, 64, 88, 9, 179, 47, 502, 5, 336, 324, 581, 119, 59, 498, 316, 94, 534, 23, 497, 685, 163, 363, 398, 550, 227, 461, 222, 426, 367, 355, 115, 514, 414, 385, 318, 162, 187, 268, 234, 577, 507, 330, 447, 310, 10, 445, 58, 156, 56, 555, 704, 151, 368, 337, 113, 41, 98, 315, 544, 655, 536, 60, 153, 171, 78, 450, 201, 455, 700, 666, 573, 669, 274, 320, 240, 160, 671, 505, 262, 648, 130, 630, 633, 709, 512, 566, 469, 395, 622, 189, 42, 210, 539, 62, 87, 578, 598, 11, 642, 710, 148, 334, 138, 568, 105, 18, 35, 649, 66, 670, 523, 435, 610, 487, 427, 132, 110, 120, 81, 695, 611, 369, 57, 359, 225, 108, 311, 288, 593, 250, 346, 182, 585, 356, 558, 207, 266, 493, 33, 612, 213, 362, 392, 604, 654, 464, 352, 509, 448, 479, 54, 92, 607, 379, 291, 348, 218, 537, 384, 591, 383, 548, 693, 620, 19, 48, 305, 603, 49, 628, 260, 170, 428, 285, 520, 157, 137, 246, 560, 278, 217, 408, 307, 373, 169, 236, 388, 418, 327, 624, 30, 12, 419, 432, 29, 166, 546, 284, 677, 623, 576, 588, 354, 304, 76, 255, 190, 667, 312, 159, 322, 238, 494, 282, 545, 73, 145, 404, 313, 283, 206, 565, 665, 608, 644, 70, 146, 688, 139, 579, 380, 482, 444, 473, 125, 559, 289, 397, 515, 589, 453, 378, 68, 480, 220, 600, 470, 270, 303, 613, 683, 441, 185, 45, 177, 3, 44, 353, 499, 490, 511, 102, 423, 65, 525, 647, 391, 389, 594, 229, 412, 116, 556, 406, 100, 347, 13, 140, 518, 662, 16, 538, 31, 252, 554, 400, 691, 296, 458, 349, 466, 82, 393, 323, 387, 4, 261, 386, 247, 653, 37, 321, 371, 208, 561, 290, 405, 109, 632, 292, 425, 542, 631, 267, 90, 543, 34, 474, 86, 377, 454, 460, 574, 121, 67, 572, 705, 53, 197, 80, 164, 641, 416, 420, 55, 204, 417, 699, 154, 143, 97, 433, 582, 96, 478, 541, 150, 114, 484, 74, 530, 659, 449, 343, 668, 85, 259, 308, 636, 15, 103, 301, 155, 124, 657, 127, 263, 332, 32, 279, 672, 191, 112, 551, 661, 553, 46, 21, 272, 529, 689, 136, 645, 101, 317, 104, 126, 463, 457, 294, 161, 540, 203, 690, 192, 452, 38, 198, 133, 629, 430, 25, 295, 281, 517, 196, 626, 89, 401, 276, 184, 703, 615, 415, 95, 680, 152, 99, 471, 339, 439, 248, 199, 621, 134, 36, 328, 370, 595, 639, 117, 235, 597, 678, 364, 616, 586, 22, 275, 325, 309, 698, 265, 429, 436, 269, 381, 340, 646, 149, 193, 50, 297, 83, 692, 158, 342, 584, 501, 186, 575, 299, 271, 256, 605, 535, 527, 462, 131, 28, 188, 1, 396, 434, 697, 72, 485, 664, 123, 402, 329, 221, 212, 249, 241, 500, 564, 173, 17, 440, 681, 300, 77, 567, 658, 491, 531, 79, 302, 503, 506, 407, 75, 251, 24, 522, 345, 209, 701, 306, 590, 524, 481, 341, 52, 287, 475, 424, 360, 181, 167, 570, 422, 319, 619, 477, 596, 40, 476, 592, 451, 684, 237, 106, 231, 107, 91, 411, 421, 61, 431, 273, 183, 643, 335, 298, 6, 63, 226, 599, 194, 606, 135, 0, 492, 547, 627, 488, 413, 111, 344, 676, 580, 293, 513, 351, 456, 394, 652, 43, 438, 468, 195, 228, 211, 350, 20, 331, 39, 286, 223, 650, 374, 601, 372, 617, 496, 549, 71, 376, 634, 707, 410]
convergência = []

===== FIM =====
