===== RESULTADO BRKGA L(2,1) =====
Arquivo: /Users/mateuspedrosa/Documents/TCC-II/BRKGA/data/random/erdos_n486_p0.8.mtx

----- Execução #1 -----
[INFO] Time limit atingido: 15 minutos. Interrompido no meio de uma geração.
Tempo de execução: 900305ms
Span (lambda): 490
best_order = [158, 194, 227, 229, 30, 257, 424, 264, 132, 442, 408, 328, 310, 134, 20, 366, 390, 164, 24, 187, 97, 113, 91, 57, 59, 426, 125, 88, 27, 419, 266, 441, 216, 331, 176, 208, 103, 104, 298, 39, 297, 14, 262, 33, 180, 415, 440, 28, 279, 37, 152, 336, 383, 96, 481, 283, 400, 391, 78, 86, 119, 173, 232, 475, 435, 355, 190, 353, 292, 312, 100, 48, 89, 269, 385, 275, 427, 47, 87, 369, 245, 40, 102, 5, 52, 284, 165, 300, 65, 479, 287, 82, 249, 209, 23, 458, 51, 77, 233, 407, 71, 469, 115, 193, 333, 147, 271, 444, 45, 79, 237, 274, 50, 236, 170, 212, 64, 443, 66, 21, 185, 352, 183, 368, 402, 330, 318, 299, 171, 456, 3, 301, 434, 18, 354, 26, 340, 34, 160, 108, 246, 293, 397, 482, 38, 155, 169, 289, 92, 252, 129, 156, 247, 195, 303, 184, 90, 273, 322, 179, 285, 278, 118, 263, 178, 392, 230, 19, 371, 181, 478, 135, 474, 372, 56, 32, 235, 319, 425, 55, 388, 157, 460, 124, 117, 80, 343, 260, 255, 143, 84, 468, 163, 123, 386, 70, 198, 267, 472, 205, 348, 313, 433, 329, 280, 291, 370, 446, 0, 376, 418, 361, 76, 401, 101, 389, 201, 451, 174, 133, 109, 432, 277, 122, 323, 347, 477, 288, 242, 172, 107, 145, 188, 399, 455, 304, 197, 228, 116, 259, 406, 131, 60, 218, 12, 454, 29, 321, 377, 387, 362, 394, 16, 448, 206, 114, 154, 305, 412, 177, 196, 417, 25, 358, 464, 240, 286, 95, 439, 166, 447, 238, 9, 243, 476, 93, 192, 341, 253, 405, 326, 106, 461, 256, 281, 254, 105, 58, 7, 10, 54, 378, 159, 294, 338, 244, 345, 150, 168, 465, 364, 485, 72, 393, 395, 325, 46, 467, 83, 68, 175, 148, 130, 473, 437, 380, 98, 365, 167, 258, 61, 339, 35, 307, 373, 200, 342, 13, 15, 239, 120, 31, 43, 396, 423, 335, 350, 62, 445, 248, 73, 241, 121, 344, 349, 428, 276, 334, 44, 463, 382, 332, 290, 324, 138, 162, 151, 6, 217, 268, 215, 42, 67, 449, 8, 231, 261, 111, 1, 272, 127, 49, 153, 202, 199, 422, 466, 398, 69, 41, 457, 357, 220, 136, 270, 221, 110, 126, 142, 414, 140, 346, 413, 381, 204, 375, 462, 17, 484, 94, 429, 141, 128, 483, 191, 337, 360, 359, 11, 436, 367, 225, 410, 74, 450, 409, 459, 421, 403, 296, 317, 431, 438, 351, 189, 250, 282, 213, 411, 81, 306, 22, 470, 137, 85, 384, 2, 99, 311, 210, 320, 295, 453, 363, 420, 203, 379, 207, 219, 308, 186, 211, 4, 36, 75, 314, 149, 404, 265, 316, 224, 182, 452, 356, 144, 226, 315, 471, 302, 480, 223, 63, 214, 112, 430, 146, 139, 251, 234, 416, 327, 161, 222, 53, 309, 374]
labeling = [196, 387, 425, 152, 445, 65, 375, 306, 382, 219, 237, 415, 257, 340, 22, 292, 250, 423, 156, 189, 23, 104, 446, 110, 27, 223, 17, 39, 62, 259, 6, 344, 199, 60, 160, 303, 403, 63, 166, 56, 103, 377, 378, 346, 336, 127, 313, 98, 93, 393, 135, 113, 107, 505, 308, 161, 197, 30, 304, 33, 229, 311, 269, 493, 44, 108, 53, 380, 286, 402, 146, 77, 252, 352, 428, 453, 163, 115, 78, 129, 202, 443, 51, 319, 59, 452, 57, 101, 5, 95, 179, 32, 171, 290, 422, 285, 38, 31, 329, 396, 87, 206, 105, 52, 54, 301, 276, 255, 162, 243, 411, 358, 433, 15, 275, 106, 262, 172, 111, 80, 284, 356, 153, 198, 121, 37, 388, 391, 408, 173, 305, 244, 14, 241, 21, 195, 407, 450, 373, 488, 416, 381, 412, 170, 484, 181, 497, 73, 190, 449, 316, 341, 66, 343, 277, 119, 85, 186, 0, 309, 90, 418, 328, 211, 26, 67, 263, 332, 267, 167, 102, 75, 253, 82, 227, 321, 13, 225, 185, 182, 28, 193, 480, 132, 159, 143, 471, 29, 221, 366, 34, 339, 296, 120, 2, 149, 261, 258, 212, 355, 337, 238, 395, 462, 421, 218, 274, 466, 50, 36, 454, 437, 139, 442, 495, 376, 46, 331, 264, 467, 405, 409, 503, 479, 459, 364, 485, 4, 260, 1, 187, 384, 84, 117, 492, 165, 137, 131, 291, 342, 282, 354, 208, 293, 273, 69, 130, 175, 350, 83, 439, 447, 168, 280, 302, 204, 300, 8, 288, 231, 136, 385, 58, 183, 12, 477, 43, 214, 334, 97, 353, 123, 389, 116, 133, 42, 363, 245, 124, 64, 224, 242, 440, 74, 11, 94, 215, 49, 251, 169, 370, 226, 91, 128, 194, 368, 386, 24, 9, 150, 96, 154, 489, 177, 233, 279, 444, 335, 469, 494, 19, 383, 79, 220, 473, 487, 478, 434, 148, 201, 456, 268, 180, 200, 372, 320, 278, 501, 7, 188, 109, 48, 369, 122, 365, 347, 68, 398, 312, 333, 134, 297, 338, 209, 357, 314, 417, 247, 176, 359, 348, 438, 140, 89, 158, 88, 441, 404, 281, 410, 360, 232, 271, 458, 294, 330, 25, 324, 145, 81, 144, 191, 151, 307, 472, 420, 230, 235, 310, 464, 327, 406, 345, 70, 390, 20, 210, 270, 205, 236, 3, 71, 184, 246, 254, 318, 317, 155, 401, 178, 76, 234, 147, 431, 475, 248, 213, 118, 18, 326, 426, 429, 192, 419, 414, 61, 499, 240, 174, 41, 460, 432, 397, 322, 10, 203, 35, 99, 361, 351, 457, 413, 217, 222, 138, 86, 424, 325, 436, 287, 47, 45, 16, 141, 125, 315, 228, 289, 272, 379, 392, 239, 482, 435, 266, 256, 114, 371, 112, 430, 207, 299, 374, 367, 283, 40, 399, 298, 142, 100, 448, 465, 216, 323, 126, 55, 295, 249, 157, 92, 491, 72, 164, 362, 349, 265]
convergência = []

===== FIM =====
