===== RESULTADO BRKGA L(2,1) =====
Arquivo: /Users/mateuspedrosa/Documents/TCC-II/BRKGA/data/random/erdos_n571_p0.2.mtx

----- Execução #1 -----
[INFO] Time limit atingido: 15 minutos. Interrompido no meio de uma geração.
Tempo de execução: 900079ms
Span (lambda): 570
best_order = [296, 72, 483, 180, 444, 175, 101, 252, 102, 533, 229, 317, 439, 196, 530, 555, 308, 59, 119, 401, 374, 337, 147, 222, 435, 44, 205, 220, 289, 160, 556, 125, 256, 46, 421, 60, 114, 142, 9, 485, 47, 161, 45, 341, 78, 84, 4, 3, 164, 558, 514, 540, 112, 389, 49, 562, 41, 233, 149, 539, 457, 217, 363, 551, 73, 343, 212, 557, 331, 531, 319, 293, 182, 305, 109, 292, 34, 89, 387, 306, 172, 349, 92, 409, 364, 316, 207, 406, 5, 58, 345, 99, 315, 422, 257, 568, 218, 274, 318, 70, 189, 278, 546, 507, 255, 320, 30, 552, 63, 484, 472, 167, 532, 268, 466, 71, 69, 414, 96, 310, 536, 365, 299, 276, 136, 404, 77, 565, 460, 473, 481, 521, 132, 560, 544, 213, 271, 158, 273, 1, 538, 500, 183, 159, 272, 352, 155, 511, 355, 115, 254, 219, 322, 380, 259, 221, 80, 57, 462, 128, 18, 330, 235, 501, 76, 327, 258, 427, 334, 384, 204, 166, 432, 54, 100, 426, 246, 493, 465, 368, 478, 21, 52, 260, 230, 106, 542, 361, 464, 62, 512, 416, 420, 79, 170, 303, 388, 367, 87, 428, 53, 461, 425, 479, 250, 226, 419, 154, 134, 448, 137, 163, 442, 321, 185, 553, 29, 338, 300, 17, 402, 385, 323, 499, 411, 130, 171, 241, 543, 282, 445, 446, 90, 10, 104, 395, 129, 301, 156, 169, 95, 491, 48, 266, 333, 97, 113, 56, 344, 244, 470, 24, 291, 146, 458, 122, 452, 264, 277, 82, 373, 55, 157, 247, 394, 570, 124, 407, 569, 390, 356, 342, 386, 225, 131, 523, 396, 210, 283, 399, 236, 372, 211, 263, 270, 554, 6, 397, 28, 417, 98, 486, 495, 201, 138, 492, 64, 284, 475, 179, 88, 326, 518, 391, 309, 307, 11, 68, 566, 144, 75, 434, 314, 339, 286, 325, 312, 140, 383, 139, 295, 203, 184, 165, 506, 8, 32, 267, 381, 231, 111, 174, 275, 26, 178, 469, 520, 304, 351, 528, 549, 509, 548, 375, 392, 378, 20, 83, 527, 354, 369, 261, 145, 494, 0, 564, 198, 195, 497, 324, 468, 431, 370, 366, 516, 525, 298, 228, 537, 249, 199, 209, 336, 287, 477, 42, 123, 85, 35, 357, 37, 371, 463, 150, 214, 433, 223, 489, 148, 168, 281, 403, 86, 430, 153, 197, 360, 302, 474, 408, 16, 265, 377, 94, 190, 81, 91, 279, 152, 67, 541, 103, 22, 177, 38, 471, 467, 487, 162, 127, 505, 513, 490, 547, 405, 108, 359, 418, 186, 110, 413, 143, 141, 43, 105, 288, 192, 476, 429, 529, 347, 193, 449, 515, 50, 376, 206, 362, 208, 36, 93, 120, 440, 239, 238, 133, 496, 118, 12, 39, 66, 488, 424, 353, 328, 224, 33, 135, 526, 74, 290, 269, 534, 248, 243, 280, 510, 398, 200, 65, 346, 517, 563, 443, 181, 61, 227, 232, 311, 15, 253, 19, 455, 535, 393, 450, 107, 121, 23, 215, 176, 438, 502, 412, 40, 423, 459, 382, 27, 456, 451, 251, 188, 31, 480, 285, 504, 437, 51, 2, 447, 436, 245, 116, 297, 117, 519, 410, 550, 240, 126, 415, 262, 242, 503, 194, 14, 545, 559, 13, 348, 508, 234, 202, 482, 340, 498, 441, 379, 173, 294, 561, 350, 358, 313, 453, 522, 335, 7, 237, 454, 332, 329, 191, 187, 400, 524, 25, 216, 567, 151]
labeling = [354, 139, 519, 47, 46, 88, 286, 558, 325, 40, 233, 307, 459, 538, 536, 489, 400, 220, 162, 491, 347, 178, 412, 499, 253, 566, 334, 508, 288, 215, 104, 513, 326, 467, 75, 377, 449, 380, 414, 458, 503, 55, 375, 432, 26, 42, 33, 41, 243, 54, 443, 518, 182, 198, 174, 261, 247, 157, 89, 17, 34, 485, 189, 106, 296, 479, 460, 408, 306, 116, 99, 115, 1, 64, 469, 312, 164, 123, 44, 193, 156, 404, 259, 345, 45, 378, 392, 199, 301, 78, 232, 407, 82, 450, 402, 241, 119, 246, 290, 91, 175, 8, 9, 411, 234, 434, 183, 496, 426, 74, 429, 330, 52, 245, 36, 149, 523, 526, 456, 18, 451, 497, 255, 376, 266, 32, 530, 416, 161, 238, 225, 274, 131, 455, 206, 466, 121, 210, 294, 320, 317, 430, 38, 433, 310, 352, 251, 21, 388, 58, 383, 570, 406, 394, 209, 146, 237, 262, 138, 142, 29, 37, 420, 211, 48, 323, 167, 111, 389, 240, 194, 226, 79, 549, 331, 3, 500, 413, 333, 300, 4, 484, 72, 143, 321, 214, 428, 565, 512, 100, 405, 563, 437, 441, 535, 357, 13, 396, 356, 369, 478, 293, 543, 319, 172, 25, 446, 86, 448, 371, 278, 282, 66, 134, 384, 498, 568, 61, 96, 151, 28, 155, 23, 386, 463, 273, 207, 486, 367, 10, 186, 329, 487, 57, 544, 160, 279, 559, 454, 453, 528, 227, 533, 475, 250, 521, 177, 263, 473, 370, 205, 511, 5, 490, 150, 105, 31, 94, 166, 153, 184, 351, 532, 283, 257, 401, 239, 327, 113, 471, 284, 136, 144, 137, 97, 332, 126, 258, 101, 409, 474, 390, 229, 280, 298, 516, 314, 373, 436, 27, 470, 249, 76, 69, 550, 322, 0, 524, 365, 124, 218, 235, 395, 196, 337, 73, 80, 305, 16, 302, 118, 488, 316, 555, 311, 93, 85, 12, 98, 67, 107, 212, 152, 219, 359, 315, 303, 165, 465, 562, 158, 70, 561, 244, 170, 556, 372, 22, 217, 313, 547, 43, 271, 65, 248, 90, 480, 440, 540, 81, 552, 338, 145, 464, 349, 148, 270, 379, 553, 425, 397, 185, 447, 62, 84, 122, 363, 197, 181, 350, 362, 381, 281, 260, 20, 344, 445, 403, 346, 548, 154, 328, 507, 318, 171, 222, 272, 77, 195, 53, 269, 304, 343, 495, 264, 236, 277, 287, 476, 276, 564, 19, 221, 391, 125, 424, 87, 267, 399, 83, 529, 224, 504, 431, 117, 531, 191, 289, 427, 204, 192, 35, 92, 505, 462, 200, 173, 168, 201, 435, 393, 361, 169, 385, 309, 24, 522, 514, 501, 11, 452, 546, 213, 483, 6, 230, 231, 520, 208, 442, 494, 510, 256, 554, 560, 492, 509, 60, 254, 506, 128, 202, 159, 382, 188, 176, 114, 417, 360, 335, 252, 415, 110, 129, 398, 297, 438, 374, 180, 203, 515, 130, 545, 2, 109, 39, 292, 419, 461, 387, 422, 242, 295, 179, 353, 291, 457, 358, 541, 223, 141, 163, 502, 534, 517, 418, 324, 103, 542, 341, 477, 147, 190, 421, 50, 444, 364, 481, 299, 527, 336, 132, 557, 275, 567, 366, 468, 348, 339, 439, 15, 71, 112, 7, 472, 493, 120, 368, 140, 59, 51, 410, 187, 228, 135, 537, 102, 423, 342, 340, 525, 63, 108, 216, 285, 14, 30, 68, 49, 539, 133, 551, 56, 482, 355, 127, 308, 569, 95, 268, 265]
convergência = [570, 570, 570, 570, 570, 570, 570, 570, 570, 570, 570]

===== FIM =====
