===== RESULTADO BRKGA L(2,1) =====
Arquivo: /Users/mateuspedrosa/Documents/TCC-II/BRKGA/data/random/erdos_n138_p0.4.mtx

----- Execução #1 -----
[INFO] Parou por estagnação.
Tempo de execução: 512509ms
Span (lambda): 137
best_order = [33, 7, 134, 122, 133, 118, 75, 67, 31, 46, 56, 114, 136, 69, 36, 27, 37, 20, 126, 81, 45, 30, 15, 35, 9, 111, 99, 54, 123, 84, 17, 65, 19, 29, 131, 98, 39, 137, 116, 60, 48, 44, 63, 80, 52, 4, 47, 71, 130, 95, 26, 8, 120, 121, 14, 64, 61, 53, 82, 113, 91, 124, 28, 40, 115, 135, 76, 129, 49, 87, 105, 102, 89, 66, 11, 12, 77, 18, 70, 78, 86, 41, 107, 72, 62, 103, 132, 6, 112, 2, 97, 13, 74, 38, 79, 50, 93, 51, 57, 94, 90, 32, 43, 96, 34, 25, 59, 58, 55, 100, 1, 68, 110, 108, 16, 5, 117, 104, 42, 21, 128, 3, 88, 85, 92, 24, 109, 125, 0, 127, 106, 83, 119, 101, 73, 23, 22, 10]
labeling = [130, 104, 91, 123, 47, 116, 88, 1, 51, 25, 137, 75, 76, 92, 55, 23, 114, 32, 78, 34, 20, 121, 136, 135, 122, 107, 46, 17, 63, 31, 16, 9, 101, 0, 105, 14, 7, 19, 94, 33, 65, 82, 120, 102, 42, 21, 10, 49, 40, 69, 93, 97, 45, 56, 30, 106, 11, 98, 110, 108, 37, 57, 85, 41, 54, 24, 73, 8, 113, 15, 80, 48, 81, 134, 83, 6, 68, 74, 77, 95, 43, 22, 59, 129, 27, 126, 79, 70, 124, 72, 100, 62, 117, 96, 99, 50, 103, 90, 36, 28, 112, 132, 71, 86, 119, 61, 125, 84, 109, 127, 111, 26, 89, 60, 13, 64, 39, 118, 5, 133, 53, 52, 3, 29, 58, 128, 18, 131, 115, 66, 44, 35, 87, 4, 2, 67, 12, 38]
convergência = [137, 137, 137, 137, 137, 137, 137, 137, 137, 137, 137, 137, 137, 137, 137, 137, 137, 137, 137, 137, 137, 137, 137, 137, 137, 137, 137, 137, 137, 137, 137, 137, 137, 137, 137, 137, 137, 137, 137, 137, 137, 137, 137, 137, 137, 137, 137, 137, 137, 137, 137, 137, 137, 137, 137, 137, 137, 137, 137, 137, 137, 137, 137, 137, 137, 137, 137, 137, 137, 137, 137, 137, 137, 137, 137, 137, 137, 137, 137, 137, 137, 137, 137, 137, 137, 137, 137, 137, 137, 137, 137, 137, 137, 137, 137, 137, 137, 137, 137, 137, 137, 137, 137, 137, 137, 137, 137, 137, 137, 137, 137, 137, 137, 137, 137, 137, 137, 137, 137, 137, 137, 137, 137, 137]

===== FIM =====
