===== RESULTADO BRKGA L(2,1) =====
Arquivo: /Users/mateuspedrosa/Documents/TCC-II/BRKGA/data/random/erdos_n481_p0.2.mtx

----- Execução #1 -----
[INFO] Time limit atingido: 15 minutos. Interrompido no meio de uma geração.
Tempo de execução: 900042ms
Span (lambda): 480
best_order = [161, 126, 230, 152, 175, 341, 403, 384, 205, 327, 83, 100, 439, 179, 316, 413, 473, 90, 114, 223, 155, 417, 200, 478, 451, 348, 75, 193, 304, 25, 461, 388, 8, 88, 176, 281, 419, 380, 376, 319, 352, 372, 236, 433, 289, 290, 147, 173, 450, 326, 43, 31, 425, 133, 463, 134, 271, 334, 298, 336, 149, 427, 6, 136, 297, 328, 50, 262, 383, 393, 469, 426, 321, 295, 440, 255, 397, 67, 357, 145, 63, 456, 101, 191, 353, 254, 452, 122, 98, 85, 308, 412, 270, 112, 268, 29, 402, 317, 365, 293, 252, 283, 124, 245, 143, 264, 41, 349, 3, 322, 430, 36, 148, 221, 203, 32, 381, 385, 171, 392, 96, 248, 199, 190, 284, 206, 196, 387, 26, 79, 189, 73, 174, 471, 259, 91, 117, 172, 197, 48, 306, 345, 448, 344, 368, 178, 246, 52, 213, 19, 395, 363, 453, 204, 104, 251, 261, 318, 432, 68, 390, 291, 335, 165, 444, 225, 27, 269, 443, 182, 47, 11, 30, 418, 130, 153, 105, 139, 70, 437, 150, 337, 46, 23, 5, 109, 188, 2, 28, 125, 407, 238, 201, 347, 57, 228, 378, 226, 305, 280, 59, 423, 92, 367, 167, 135, 253, 338, 389, 276, 307, 315, 0, 17, 399, 366, 370, 187, 272, 22, 391, 21, 354, 406, 375, 379, 431, 39, 71, 74, 303, 55, 401, 211, 434, 195, 224, 202, 94, 428, 184, 340, 95, 466, 194, 422, 217, 265, 89, 34, 332, 409, 86, 158, 177, 127, 467, 240, 446, 181, 435, 215, 457, 159, 123, 16, 119, 447, 237, 302, 323, 69, 131, 416, 132, 472, 180, 441, 260, 274, 183, 140, 107, 474, 247, 218, 266, 164, 479, 44, 154, 115, 244, 382, 355, 141, 311, 116, 470, 219, 33, 362, 278, 62, 288, 239, 77, 468, 53, 267, 480, 454, 249, 9, 12, 170, 198, 351, 300, 377, 309, 99, 301, 405, 258, 287, 408, 369, 102, 243, 373, 285, 374, 292, 220, 61, 93, 4, 120, 415, 257, 146, 465, 58, 235, 436, 414, 429, 458, 66, 330, 35, 138, 455, 256, 449, 97, 222, 460, 442, 331, 359, 279, 364, 13, 163, 121, 421, 80, 42, 386, 54, 40, 78, 294, 49, 282, 310, 10, 118, 250, 216, 162, 208, 233, 325, 76, 160, 18, 110, 227, 113, 103, 394, 464, 106, 45, 212, 210, 7, 209, 361, 37, 242, 186, 360, 371, 14, 81, 234, 144, 108, 231, 111, 60, 396, 263, 445, 151, 333, 142, 277, 87, 232, 286, 72, 462, 168, 128, 312, 84, 320, 411, 476, 356, 324, 275, 65, 314, 313, 343, 229, 438, 56, 241, 20, 475, 166, 342, 420, 64, 350, 398, 24, 329, 38, 129, 346, 404, 156, 15, 192, 185, 299, 157, 410, 82, 1, 214, 273, 400, 459, 51, 477, 358, 424, 296, 207, 339, 137, 169]
labeling = [212, 467, 187, 108, 338, 184, 62, 400, 32, 315, 378, 171, 312, 362, 408, 460, 263, 213, 388, 149, 445, 223, 220, 183, 454, 29, 128, 166, 188, 96, 172, 51, 115, 300, 249, 349, 109, 402, 455, 227, 372, 106, 371, 50, 288, 397, 181, 170, 137, 375, 65, 474, 147, 308, 368, 230, 443, 194, 343, 200, 414, 335, 303, 80, 450, 436, 350, 77, 160, 271, 178, 229, 426, 131, 231, 26, 386, 307, 373, 129, 369, 409, 465, 11, 430, 89, 252, 422, 33, 248, 20, 135, 203, 337, 239, 242, 121, 356, 88, 321, 12, 82, 327, 392, 154, 177, 395, 282, 411, 185, 389, 413, 93, 391, 14, 292, 294, 136, 379, 265, 333, 365, 84, 266, 102, 189, 1, 257, 427, 457, 173, 272, 275, 53, 56, 206, 63, 479, 352, 176, 281, 297, 420, 103, 407, 79, 342, 47, 112, 59, 182, 417, 3, 175, 290, 19, 458, 464, 254, 264, 387, 0, 383, 366, 287, 163, 446, 204, 425, 480, 314, 118, 138, 46, 132, 5, 34, 256, 146, 10, 276, 259, 169, 277, 240, 461, 404, 217, 186, 130, 119, 83, 462, 27, 244, 235, 125, 140, 316, 123, 23, 192, 237, 114, 152, 4, 126, 476, 380, 399, 398, 233, 396, 148, 468, 261, 382, 246, 285, 298, 336, 113, 357, 16, 236, 165, 196, 390, 195, 441, 2, 412, 424, 384, 410, 344, 42, 268, 191, 305, 253, 444, 403, 330, 291, 104, 145, 284, 122, 313, 381, 155, 100, 207, 86, 75, 355, 340, 323, 134, 280, 156, 67, 416, 105, 247, 286, 310, 94, 167, 92, 55, 218, 469, 279, 437, 209, 421, 302, 363, 199, 35, 376, 101, 124, 331, 423, 325, 304, 43, 45, 159, 334, 99, 374, 74, 477, 64, 58, 463, 318, 322, 269, 228, 28, 198, 139, 210, 91, 320, 377, 299, 429, 440, 438, 211, 15, 97, 157, 38, 432, 73, 110, 270, 435, 385, 49, 9, 66, 456, 351, 360, 250, 419, 57, 161, 60, 179, 205, 478, 241, 6, 448, 439, 143, 141, 453, 193, 24, 107, 452, 317, 40, 85, 219, 295, 434, 78, 471, 361, 406, 401, 301, 151, 364, 98, 216, 202, 144, 328, 215, 405, 41, 329, 332, 221, 39, 319, 197, 225, 37, 117, 293, 68, 8, 116, 370, 127, 31, 208, 162, 222, 120, 69, 393, 150, 415, 76, 451, 214, 470, 232, 95, 7, 459, 324, 224, 190, 326, 251, 466, 431, 90, 17, 346, 339, 273, 21, 174, 36, 449, 367, 245, 201, 475, 52, 71, 61, 238, 347, 111, 226, 158, 44, 234, 260, 345, 180, 442, 13, 72, 278, 359, 168, 164, 418, 258, 267, 142, 354, 48, 25, 87, 153, 311, 353, 81, 262, 348, 472, 358, 30, 428, 54, 394, 341, 243, 255, 306, 70, 296, 133, 274, 18, 283, 447, 433, 473, 22, 289, 309]
convergência = [480, 480, 480, 480, 480, 480, 480, 480, 480, 480, 480, 480, 480, 480, 480, 480, 480, 480]

===== FIM =====
