===== RESULTADO BRKGA L(2,1) =====
Arquivo: /Users/mateuspedrosa/Documents/TCC-II/BRKGA/data/random/erdos_n110_p0.6.mtx

----- Execução #1 -----
[INFO] Parou por estagnação.
Tempo de execução: 583603ms
Span (lambda): 109
best_order = [48, 40, 92, 53, 13, 103, 30, 50, 35, 101, 10, 52, 56, 49, 82, 86, 46, 37, 94, 75, 91, 41, 28, 12, 67, 51, 18, 68, 107, 9, 54, 87, 63, 23, 5, 76, 11, 38, 95, 39, 47, 62, 14, 80, 85, 109, 0, 89, 98, 26, 106, 77, 17, 31, 2, 108, 102, 70, 90, 33, 73, 3, 100, 88, 25, 83, 24, 66, 15, 69, 72, 65, 19, 32, 6, 16, 99, 84, 34, 58, 60, 96, 64, 1, 27, 45, 21, 44, 20, 105, 79, 43, 61, 55, 29, 8, 97, 7, 42, 78, 4, 22, 59, 36, 81, 93, 74, 71, 104, 57]
labeling = [38, 87, 53, 62, 103, 39, 78, 98, 96, 20, 12, 41, 14, 4, 34, 72, 68, 52, 33, 77, 90, 91, 81, 22, 69, 65, 40, 83, 29, 95, 8, 54, 61, 60, 84, 10, 107, 7, 43, 47, 1, 16, 99, 94, 79, 89, 23, 32, 0, 17, 9, 31, 13, 3, 37, 88, 15, 109, 66, 105, 86, 85, 26, 36, 75, 76, 70, 5, 35, 74, 57, 102, 71, 58, 108, 18, 28, 50, 101, 93, 46, 100, 19, 67, 82, 49, 21, 24, 64, 44, 59, 27, 2, 106, 25, 45, 73, 97, 51, 80, 63, 11, 56, 6, 104, 92, 48, 30, 55, 42]
convergência = [109, 109, 109, 109, 109, 109, 109, 109, 109, 109, 109, 109, 109, 109, 109, 109, 109, 109, 109, 109, 109, 109, 109, 109, 109, 109, 109, 109, 109, 109, 109, 109, 109, 109, 109, 109, 109, 109, 109, 109, 109, 109, 109, 109, 109, 109, 109, 109, 109, 109, 109, 109, 109, 109, 109, 109, 109, 109, 109, 109, 109, 109, 109, 109, 109, 109, 109, 109, 109, 109, 109, 109, 109, 109, 109, 109, 109, 109, 109, 109, 109, 109, 109, 109, 109, 109, 109, 109, 109, 109, 109, 109, 109, 109, 109, 109, 109, 109, 109, 109, 109, 109, 109, 109, 109, 109, 109, 109, 109, 109, 109, 109, 109, 109, 109, 109, 109, 109, 109, 109, 109, 109, 109, 109]

===== FIM =====
