===== RESULTADO BRKGA L(2,1) =====
Arquivo: /Users/mateuspedrosa/Documents/TCC-II/BRKGA/data/random/erdos_n911_p0.8.mtx

----- Execução #1 -----
[INFO] Time limit atingido: 15 minutos. Esgotado durante a inicialização da população.
Tempo de execução: 900198ms
Span (lambda): 917
best_order = [305, 319, 157, 527, 135, 535, 822, 348, 75, 288, 538, 62, 496, 871, 20, 732, 680, 38, 553, 770, 382, 205, 302, 113, 431, 899, 886, 530, 552, 605, 517, 392, 131, 199, 795, 875, 524, 67, 710, 108, 743, 242, 685, 635, 344, 460, 504, 772, 753, 513, 221, 779, 88, 303, 290, 429, 672, 514, 597, 720, 533, 231, 573, 12, 628, 714, 68, 328, 572, 734, 233, 781, 317, 608, 174, 13, 185, 706, 358, 859, 323, 85, 896, 420, 356, 124, 396, 486, 507, 155, 438, 355, 481, 868, 649, 252, 616, 34, 8, 690, 801, 666, 373, 831, 904, 809, 659, 688, 613, 140, 241, 48, 337, 455, 778, 82, 587, 390, 629, 598, 254, 692, 693, 679, 698, 555, 55, 27, 44, 298, 636, 526, 63, 127, 398, 825, 130, 112, 354, 139, 264, 898, 393, 761, 464, 728, 137, 457, 731, 471, 421, 747, 755, 798, 766, 677, 621, 106, 65, 569, 683, 642, 640, 776, 820, 793, 509, 724, 840, 417, 577, 235, 704, 903, 576, 5, 293, 451, 565, 534, 277, 568, 497, 123, 227, 784, 271, 737, 739, 210, 819, 585, 823, 878, 624, 662, 256, 454, 687, 142, 583, 232, 359, 64, 650, 843, 857, 306, 32, 600, 171, 756, 681, 881, 853, 152, 858, 895, 626, 877, 144, 295, 25, 388, 482, 10, 49, 335, 389, 543, 851, 508, 702, 105, 206, 850, 669, 466, 516, 269, 505, 257, 407, 201, 164, 476, 424, 312, 330, 208, 799, 220, 515, 318, 622, 159, 657, 147, 53, 209, 213, 272, 869, 412, 9, 452, 79, 791, 31, 399, 83, 894, 283, 575, 261, 537, 427, 406, 910, 332, 248, 141, 95, 540, 844, 101, 885, 478, 176, 768, 653, 386, 563, 96, 273, 726, 408, 91, 259, 370, 675, 324, 740, 362, 35, 748, 667, 804, 193, 817, 30, 544, 546, 824, 50, 722, 469, 863, 678, 684, 802, 674, 633, 217, 879, 751, 165, 285, 415, 874, 559, 39, 602, 154, 138, 353, 651, 320, 549, 780, 24, 554, 102, 487, 255, 448, 188, 194, 121, 733, 237, 488, 287, 708, 104, 195, 855, 493, 712, 907, 604, 322, 61, 813, 641, 480, 0, 467, 483, 805, 826, 153, 42, 78, 52, 357, 310, 468, 901, 166, 294, 222, 719, 128, 4, 558, 639, 519, 499, 132, 387, 59, 266, 725, 260, 586, 204, 789, 321, 86, 828, 738, 821, 381, 736, 665, 230, 567, 664, 40, 19, 57, 847, 375, 107, 200, 37, 498, 151, 892, 503, 595, 861, 492, 472, 909, 70, 525, 769, 607, 347, 136, 363, 591, 783, 325, 212, 870, 489, 397, 764, 797, 523, 638, 707, 6, 262, 465, 506, 652, 618, 655, 178, 245, 196, 197, 51, 835, 23, 401, 803, 742, 856, 109, 581, 671, 71, 682, 168, 609, 360, 190, 297, 562, 661, 763, 637, 173, 292, 876, 258, 883, 808, 539, 58, 161, 902, 198, 660, 491, 216, 202, 643, 697, 771, 160, 87, 800, 462, 276, 100, 842, 782, 436, 129, 240, 746, 818, 189, 548, 184, 146, 695, 207, 103, 414, 314, 267, 582, 428, 296, 422, 502, 696, 619, 372, 631, 404, 647, 854, 811, 579, 182, 405, 181, 612, 326, 807, 494, 425, 518, 711, 225, 433, 203, 440, 94, 477, 691, 882, 334, 601, 606, 110, 371, 391, 177, 286, 346, 610, 7, 774, 172, 627, 441, 223, 866, 333, 54, 810, 700, 765, 865, 411, 384, 729, 749, 887, 648, 167, 594, 234, 111, 561, 447, 191, 148, 767, 76, 578, 727, 512, 730, 365, 444, 634, 143, 46, 632, 215, 484, 834, 29, 274, 437, 17, 116, 345, 21, 536, 443, 289, 645, 77, 1, 762, 521, 735, 897, 426, 18, 351, 686, 891, 788, 785, 560, 250, 402, 654, 280, 542, 114, 16, 571, 41, 352, 56, 500, 617, 313, 120, 368, 439, 564, 366, 615, 453, 479, 229, 281, 342, 175, 226, 759, 158, 830, 247, 90, 837, 265, 409, 361, 89, 211, 596, 541, 644, 908, 423, 156, 816, 435, 219, 282, 291, 893, 589, 715, 446, 430, 418, 663, 773, 149, 806, 470, 315, 432, 26, 556, 566, 796, 744, 485, 445, 45, 906, 459, 550, 718, 862, 413, 580, 590, 73, 760, 646, 187, 701, 721, 557, 860, 717, 890, 394, 170, 490, 33, 845, 99, 888, 461, 574, 118, 419, 92, 658, 81, 510, 238, 246, 383, 377, 228, 186, 630, 278, 754, 463, 385, 3, 620, 792, 836, 60, 341, 369, 474, 340, 775, 758, 251, 458, 376, 349, 656, 28, 284, 670, 183, 752, 236, 676, 741, 475, 380, 192, 547, 150, 162, 2, 416, 125, 133, 812, 378, 80, 599, 307, 832, 699, 403, 551, 614, 304, 275, 119, 713, 815, 848, 889, 867, 364, 316, 126, 410, 115, 367, 163, 849, 98, 872, 668, 36, 511, 179, 841, 852, 224, 531, 253, 69, 839, 520, 43, 442, 117, 243, 74, 703, 750, 709, 72, 15, 456, 301, 263, 529, 434, 723, 584, 180, 900, 603, 336, 625, 790, 169, 592, 873, 545, 309, 827, 689, 239, 757, 134, 329, 93, 268, 829, 846, 244, 716, 884, 350, 270, 218, 611, 379, 588, 593, 449, 880, 814, 787, 838, 395, 14, 279, 47, 308, 331, 66, 214, 249, 338, 300, 528, 495, 833, 570, 864, 22, 705, 623, 794, 786, 673, 339, 745, 145, 532, 450, 299, 327, 343, 311, 97, 777, 84, 473, 11, 501, 694, 905, 400, 122, 522, 374]
labeling = [328, 618, 783, 751, 399, 196, 461, 571, 107, 278, 225, 920, 83, 95, 882, 754, 651, 606, 638, 339, 23, 625, 891, 473, 363, 236, 710, 145, 729, 619, 281, 284, 219, 733, 70, 321, 794, 418, 27, 343, 383, 557, 337, 818, 147, 718, 609, 843, 78, 238, 330, 471, 396, 272, 579, 143, 655, 428, 498, 412, 756, 390, 17, 153, 179, 183, 888, 52, 68, 821, 443, 462, 836, 683, 828, 9, 594, 629, 394, 245, 788, 707, 130, 286, 914, 33, 423, 501, 26, 643, 672, 275, 739, 847, 564, 298, 294, 916, 759, 700, 511, 299, 360, 529, 379, 247, 182, 434, 55, 479, 528, 589, 142, 22, 649, 807, 623, 827, 738, 801, 652, 373, 903, 204, 18, 784, 800, 155, 406, 517, 159, 43, 413, 775, 820, 8, 358, 170, 355, 161, 125, 296, 209, 607, 169, 906, 523, 259, 559, 702, 780, 436, 175, 335, 353, 104, 681, 4, 668, 233, 444, 472, 781, 782, 227, 344, 352, 592, 450, 851, 734, 226, 561, 452, 93, 662, 241, 514, 469, 796, 846, 478, 550, 772, 512, 72, 745, 728, 369, 521, 489, 596, 748, 250, 371, 308, 433, 468, 502, 44, 405, 262, 476, 560, 421, 1, 249, 527, 266, 263, 114, 669, 451, 274, 881, 613, 470, 331, 871, 688, 239, 69, 404, 576, 808, 556, 597, 188, 671, 660, 429, 31, 218, 47, 549, 193, 761, 370, 648, 858, 497, 127, 13, 822, 865, 387, 740, 670, 295, 861, 626, 757, 84, 804, 131, 273, 195, 258, 493, 290, 417, 291, 463, 837, 163, 676, 356, 533, 840, 197, 869, 206, 276, 311, 614, 799, 510, 202, 749, 850, 647, 656, 654, 289, 769, 345, 551, 366, 5, 627, 42, 689, 491, 118, 402, 234, 535, 424, 149, 909, 892, 812, 32, 51, 797, 0, 173, 768, 884, 829, 398, 915, 248, 620, 531, 706, 766, 82, 270, 2, 341, 326, 388, 74, 317, 378, 486, 911, 87, 862, 254, 886, 213, 509, 553, 223, 845, 129, 890, 904, 694, 758, 664, 913, 59, 608, 567, 445, 14, 765, 868, 640, 622, 333, 148, 100, 101, 368, 49, 220, 487, 628, 319, 447, 805, 580, 663, 809, 659, 741, 261, 520, 532, 113, 928, 410, 764, 743, 786, 867, 778, 427, 20, 742, 584, 746, 309, 415, 211, 240, 66, 555, 40, 122, 732, 854, 103, 426, 157, 269, 926, 397, 645, 793, 543, 544, 288, 260, 279, 678, 779, 547, 235, 677, 484, 297, 773, 194, 697, 735, 99, 174, 537, 686, 264, 554, 636, 292, 526, 64, 687, 34, 708, 558, 841, 637, 515, 621, 106, 630, 562, 570, 777, 563, 603, 716, 695, 595, 367, 875, 908, 198, 280, 665, 214, 90, 814, 172, 763, 692, 11, 675, 508, 723, 166, 465, 253, 231, 400, 332, 704, 136, 440, 852, 760, 776, 256, 566, 303, 635, 318, 108, 205, 392, 615, 604, 53, 300, 375, 401, 658, 454, 416, 382, 542, 883, 19, 116, 435, 411, 657, 870, 539, 438, 62, 257, 467, 61, 244, 146, 731, 815, 600, 67, 75, 268, 255, 41, 534, 407, 825, 633, 835, 457, 50, 442, 151, 6, 894, 839, 3, 816, 874, 35, 200, 10, 610, 229, 16, 482, 285, 682, 616, 242, 327, 855, 322, 744, 507, 359, 720, 795, 39, 29, 365, 141, 698, 721, 408, 349, 639, 593, 403, 306, 661, 177, 712, 431, 186, 105, 879, 653, 89, 81, 711, 271, 150, 92, 575, 548, 685, 481, 504, 216, 844, 144, 419, 132, 857, 591, 717, 449, 792, 873, 582, 389, 680, 77, 135, 785, 224, 458, 351, 848, 302, 7, 522, 354, 91, 485, 569, 859, 552, 123, 770, 565, 109, 641, 420, 541, 753, 180, 265, 872, 158, 849, 199, 574, 85, 133, 747, 538, 611, 277, 605, 60, 28, 488, 459, 409, 184, 314, 187, 492, 684, 612, 726, 545, 590, 24, 167, 357, 422, 307, 585, 466, 767, 94, 737, 119, 414, 474, 212, 699, 432, 362, 111, 325, 813, 237, 771, 464, 73, 902, 338, 315, 703, 178, 334, 139, 25, 228, 483, 185, 336, 58, 599, 201, 121, 856, 102, 524, 110, 137, 922, 525, 516, 503, 124, 791, 578, 679, 246, 830, 190, 887, 97, 437, 377, 834, 54, 518, 384, 789, 76, 693, 866, 715, 722, 324, 79, 730, 252, 842, 156, 395, 313, 572, 168, 586, 601, 160, 15, 364, 45, 602, 391, 208, 376, 162, 310, 774, 456, 56, 666, 895, 495, 126, 323, 588, 832, 342, 752, 65, 650, 138, 217, 860, 725, 667, 709, 134, 631, 460, 455, 568, 120, 598, 305, 385, 30, 505, 63, 701, 573, 762, 189, 918, 128, 71, 361, 57, 513, 439, 171, 587, 900, 831, 644, 381, 838, 282, 755, 191, 898, 46, 714, 446, 176, 112, 506, 80, 312, 475, 304, 350, 632, 530, 496, 98, 581, 540, 705, 372, 878, 750, 646, 316, 519, 207, 152, 425, 12, 210, 329, 37, 346, 824, 320, 864, 624, 115, 790, 896, 617, 448, 713, 674, 880, 823, 192, 817, 480, 222, 267, 736, 810, 393, 803, 802, 251, 243, 819, 232, 546, 380, 477, 140, 221, 86, 727, 430, 724, 283, 893, 583, 577, 798, 88, 215, 453, 21, 811, 853, 347, 48, 490, 181, 164, 340, 877, 230, 536, 494, 826, 301, 38, 499, 696, 787, 719, 642, 374, 691, 287, 203, 96, 634, 165, 36, 806, 348, 500, 154, 117, 924, 690, 386, 673, 441, 293]
convergência = []

===== FIM =====
