===== RESULTADO BRKGA L(2,1) =====
Arquivo: /Users/mateuspedrosa/Documents/TCC-II/BRKGA/data/random/erdos_n654_p0.6.mtx

----- Execução #1 -----
[INFO] Time limit atingido: 15 minutos. Esgotado durante a inicialização da população.
Tempo de execução: 901041ms
Span (lambda): 653
best_order = [490, 13, 460, 268, 371, 486, 107, 32, 217, 559, 620, 238, 558, 428, 120, 62, 147, 177, 172, 608, 520, 101, 547, 23, 70, 241, 381, 315, 499, 9, 604, 27, 459, 344, 46, 548, 453, 306, 333, 549, 345, 579, 414, 503, 2, 332, 249, 130, 366, 201, 193, 507, 257, 234, 388, 260, 553, 174, 571, 334, 438, 42, 287, 111, 383, 487, 514, 156, 93, 527, 89, 231, 594, 30, 557, 244, 387, 26, 331, 102, 380, 66, 645, 134, 626, 532, 21, 283, 440, 618, 305, 202, 349, 637, 597, 525, 448, 190, 376, 463, 95, 530, 318, 301, 55, 136, 631, 544, 321, 293, 565, 442, 122, 393, 542, 472, 113, 533, 454, 299, 137, 394, 211, 11, 363, 47, 252, 429, 534, 569, 374, 87, 254, 424, 212, 285, 255, 142, 524, 426, 496, 572, 560, 563, 623, 327, 300, 37, 133, 622, 12, 545, 302, 395, 446, 18, 192, 20, 362, 180, 614, 199, 466, 146, 373, 35, 262, 117, 83, 356, 219, 642, 31, 433, 326, 185, 264, 589, 462, 203, 434, 59, 588, 355, 92, 624, 143, 265, 416, 225, 270, 159, 580, 51, 251, 205, 570, 129, 303, 392, 551, 574, 432, 44, 316, 407, 210, 451, 628, 587, 163, 118, 372, 88, 41, 282, 58, 196, 649, 57, 272, 114, 161, 176, 477, 149, 405, 164, 94, 508, 592, 246, 420, 72, 311, 165, 19, 294, 399, 68, 179, 151, 492, 538, 455, 310, 369, 488, 291, 148, 444, 1, 290, 593, 539, 109, 361, 281, 166, 481, 456, 63, 523, 256, 38, 242, 295, 641, 596, 237, 230, 4, 632, 468, 650, 495, 475, 465, 314, 162, 598, 602, 415, 342, 91, 610, 307, 447, 564, 183, 153, 404, 319, 313, 590, 84, 329, 436, 279, 595, 139, 390, 607, 367, 247, 115, 123, 280, 504, 15, 351, 473, 182, 250, 644, 96, 541, 485, 204, 375, 625, 521, 258, 224, 266, 184, 583, 609, 85, 61, 150, 323, 275, 296, 357, 8, 132, 157, 208, 578, 353, 135, 121, 248, 292, 519, 338, 480, 43, 575, 188, 546, 377, 378, 100, 653, 67, 606, 209, 80, 34, 73, 126, 76, 173, 284, 470, 127, 28, 341, 0, 550, 397, 271, 556, 410, 317, 140, 75, 273, 110, 198, 562, 167, 116, 417, 382, 419, 236, 435, 86, 648, 322, 493, 220, 411, 144, 413, 335, 131, 491, 253, 186, 450, 216, 612, 379, 494, 391, 599, 638, 505, 402, 17, 226, 412, 484, 613, 169, 581, 627, 385, 53, 124, 646, 471, 82, 40, 554, 464, 396, 128, 573, 36, 360, 105, 324, 108, 445, 526, 309, 421, 457, 510, 325, 651, 125, 365, 552, 74, 509, 103, 502, 168, 222, 5, 340, 245, 584, 112, 600, 389, 14, 228, 441, 261, 207, 474, 443, 69, 482, 398, 489, 640, 617, 10, 312, 347, 65, 467, 512, 60, 633, 500, 528, 543, 537, 3, 328, 39, 90, 138, 431, 79, 223, 154, 33, 119, 605, 232, 213, 25, 636, 501, 518, 337, 52, 616, 368, 191, 141, 555, 629, 240, 195, 354, 469, 400, 437, 350, 615, 506, 586, 425, 277, 289, 517, 16, 158, 267, 603, 278, 274, 298, 511, 461, 561, 171, 652, 7, 155, 286, 364, 449, 585, 522, 346, 513, 630, 308, 582, 297, 577, 611, 516, 568, 233, 239, 98, 81, 330, 197, 643, 181, 430, 206, 288, 276, 56, 235, 106, 50, 439, 24, 566, 227, 497, 6, 175, 386, 591, 48, 427, 352, 71, 647, 49, 540, 343, 145, 304, 64, 452, 218, 601, 403, 22, 336, 78, 483, 359, 99, 194, 77, 619, 214, 406, 189, 634, 384, 187, 567, 458, 422, 635, 339, 418, 104, 576, 478, 621, 152, 263, 54, 531, 160, 348, 498, 358, 170, 269, 479, 320, 639, 408, 215, 536, 529, 409, 423, 515, 200, 229, 45, 370, 476, 535, 243, 259, 97, 401, 178, 29, 221]
labeling = [373, 253, 47, 485, 274, 458, 580, 541, 319, 35, 479, 118, 151, 2, 443, 309, 524, 413, 158, 232, 160, 85, 602, 25, 572, 500, 82, 36, 371, 657, 76, 161, 9, 492, 363, 169, 434, 145, 240, 470, 433, 212, 66, 350, 203, 645, 30, 122, 586, 591, 565, 187, 508, 419, 625, 110, 571, 210, 218, 185, 478, 328, 18, 265, 596, 482, 86, 358, 237, 473, 27, 583, 219, 365, 453, 364, 366, 607, 597, 496, 361, 562, 403, 168, 300, 330, 397, 131, 206, 72, 491, 273, 186, 71, 233, 98, 315, 653, 554, 604, 356, 17, 55, 452, 592, 439, 569, 3, 442, 259, 376, 68, 463, 107, 223, 293, 389, 157, 215, 487, 11, 342, 113, 307, 427, 450, 362, 359, 421, 200, 49, 400, 338, 149, 87, 345, 105, 109, 493, 289, 380, 513, 132, 188, 390, 593, 163, 15, 251, 225, 324, 245, 612, 295, 499, 543, 70, 332, 518, 196, 628, 224, 283, 213, 231, 241, 261, 387, 456, 411, 630, 538, 19, 368, 62, 582, 226, 13, 640, 234, 164, 561, 314, 294, 301, 177, 396, 613, 348, 605, 101, 511, 150, 52, 606, 498, 220, 564, 384, 166, 644, 41, 91, 178, 323, 198, 566, 469, 340, 360, 208, 111, 137, 503, 609, 636, 410, 10, 598, 171, 399, 654, 447, 497, 331, 191, 418, 578, 462, 638, 264, 73, 501, 560, 56, 573, 395, 272, 14, 542, 517, 29, 262, 621, 79, 459, 238, 310, 347, 32, 316, 199, 126, 406, 133, 141, 266, 54, 326, 651, 51, 467, 170, 616, 179, 190, 305, 530, 4, 632, 194, 375, 217, 382, 533, 321, 570, 526, 534, 306, 312, 255, 216, 90, 370, 139, 545, 57, 568, 527, 256, 252, 339, 74, 227, 268, 335, 547, 535, 123, 140, 108, 154, 189, 595, 94, 42, 292, 553, 438, 247, 221, 480, 278, 281, 33, 207, 378, 106, 298, 635, 100, 383, 334, 441, 449, 176, 138, 490, 302, 556, 83, 39, 37, 53, 404, 599, 506, 336, 619, 436, 369, 288, 579, 24, 26, 544, 468, 629, 80, 523, 311, 587, 343, 514, 184, 159, 337, 633, 601, 423, 249, 162, 127, 546, 432, 50, 308, 512, 248, 647, 6, 214, 165, 124, 325, 102, 354, 353, 412, 84, 31, 393, 59, 611, 425, 574, 81, 58, 465, 287, 407, 193, 103, 125, 156, 428, 374, 466, 243, 519, 655, 416, 600, 297, 230, 590, 209, 639, 634, 372, 401, 394, 402, 44, 282, 192, 391, 618, 381, 239, 446, 614, 626, 135, 525, 143, 585, 8, 129, 563, 495, 205, 174, 183, 386, 304, 521, 64, 575, 92, 464, 116, 471, 254, 440, 153, 291, 99, 548, 408, 195, 567, 40, 120, 244, 257, 448, 610, 28, 1, 529, 181, 104, 435, 279, 167, 484, 271, 516, 351, 431, 119, 313, 457, 276, 646, 228, 622, 624, 346, 263, 475, 603, 417, 322, 7, 61, 250, 476, 0, 405, 246, 398, 409, 277, 136, 576, 631, 34, 486, 507, 455, 46, 303, 415, 509, 48, 235, 454, 430, 537, 483, 551, 65, 643, 540, 528, 502, 349, 20, 329, 552, 267, 134, 97, 444, 69, 488, 642, 89, 627, 78, 121, 128, 649, 641, 472, 229, 258, 581, 320, 117, 489, 114, 152, 352, 23, 38, 43, 367, 202, 445, 60, 426, 515, 377, 77, 16, 12, 142, 536, 385, 146, 285, 115, 577, 615, 549, 130, 182, 63, 144, 437, 204, 344, 620, 557, 341, 45, 197, 422, 555, 317, 461, 550, 520, 201, 180, 173, 280, 584, 236, 242, 75, 296, 270, 96, 284, 414, 460, 588, 286, 532, 22, 494, 357, 299, 21, 333, 290, 559, 379, 420, 155, 522, 510, 477, 93, 608, 5, 623, 148, 147, 175, 327, 88, 424, 211, 504, 531, 112, 275, 481, 594, 617, 505, 95, 392, 637, 474, 260, 172, 558, 318, 67, 429, 589, 388, 222, 269, 451, 539, 355]
convergência = []

===== FIM =====
