===== RESULTADO BRKGA L(2,1) =====
Arquivo: /Users/mateuspedrosa/Documents/TCC-II/BRKGA/data/random/erdos_n461_p0.8.mtx

----- Execução #1 -----
[INFO] Time limit atingido: 15 minutos. Interrompido no meio de uma geração.
Tempo de execução: 900452ms
Span (lambda): 466
best_order = [412, 450, 246, 100, 187, 359, 178, 266, 152, 29, 238, 253, 164, 21, 303, 257, 453, 192, 27, 110, 314, 421, 441, 203, 279, 380, 20, 147, 318, 292, 327, 353, 404, 295, 181, 458, 263, 19, 115, 337, 191, 179, 209, 456, 57, 397, 138, 418, 372, 16, 10, 162, 304, 320, 37, 121, 218, 275, 423, 63, 287, 308, 434, 229, 416, 61, 369, 436, 299, 83, 393, 442, 106, 431, 216, 280, 213, 2, 429, 312, 411, 174, 315, 310, 13, 214, 332, 414, 231, 108, 439, 189, 225, 388, 341, 272, 390, 56, 352, 236, 420, 156, 175, 274, 273, 354, 15, 296, 5, 370, 237, 109, 387, 366, 422, 136, 116, 144, 240, 201, 265, 43, 142, 131, 270, 205, 4, 371, 66, 177, 232, 230, 94, 321, 82, 87, 77, 424, 326, 126, 122, 342, 3, 151, 207, 407, 64, 188, 381, 346, 384, 60, 255, 132, 208, 143, 283, 349, 67, 362, 220, 183, 33, 202, 262, 355, 75, 159, 99, 251, 248, 48, 391, 324, 306, 428, 247, 221, 12, 389, 155, 166, 104, 158, 98, 145, 445, 449, 356, 163, 50, 405, 291, 398, 38, 194, 118, 269, 86, 134, 141, 46, 62, 28, 130, 460, 403, 217, 297, 316, 185, 139, 103, 258, 375, 335, 32, 157, 254, 242, 350, 36, 325, 409, 317, 44, 374, 182, 267, 95, 96, 392, 8, 330, 199, 249, 180, 148, 386, 268, 364, 149, 140, 53, 363, 68, 425, 457, 293, 17, 170, 334, 402, 413, 277, 71, 211, 233, 443, 9, 54, 14, 212, 459, 301, 395, 284, 222, 452, 70, 30, 206, 11, 437, 45, 339, 417, 319, 76, 74, 227, 419, 307, 153, 190, 59, 396, 430, 58, 51, 65, 250, 184, 322, 102, 289, 357, 351, 377, 294, 454, 348, 169, 286, 378, 400, 427, 433, 197, 186, 40, 281, 406, 47, 24, 260, 167, 154, 69, 23, 300, 358, 49, 379, 97, 25, 455, 88, 81, 440, 331, 113, 176, 91, 128, 309, 333, 160, 228, 119, 298, 365, 146, 193, 290, 383, 345, 410, 264, 239, 73, 84, 35, 271, 42, 215, 219, 120, 173, 72, 323, 198, 252, 90, 1, 368, 259, 435, 112, 344, 78, 150, 114, 172, 85, 39, 234, 276, 340, 373, 235, 305, 107, 385, 438, 338, 161, 168, 426, 31, 127, 278, 444, 311, 408, 204, 343, 223, 256, 245, 129, 224, 105, 52, 133, 336, 447, 111, 93, 288, 165, 22, 328, 0, 243, 367, 117, 241, 101, 92, 329, 80, 448, 200, 382, 196, 123, 125, 432, 7, 6, 89, 285, 34, 313, 244, 415, 282, 171, 376, 261, 124, 347, 401, 446, 18, 210, 361, 394, 451, 55, 79, 195, 226, 360, 137, 399, 41, 135, 26, 302]
labeling = [431, 373, 91, 156, 142, 122, 393, 451, 227, 192, 66, 270, 195, 99, 271, 123, 64, 257, 461, 47, 35, 18, 429, 313, 289, 332, 476, 21, 200, 14, 282, 351, 198, 180, 446, 366, 236, 45, 169, 388, 285, 472, 368, 60, 219, 287, 217, 326, 187, 331, 207, 259, 425, 235, 190, 462, 115, 57, 298, 268, 166, 76, 218, 69, 153, 299, 131, 74, 253, 317, 280, 223, 375, 342, 290, 183, 288, 27, 315, 464, 371, 336, 120, 80, 364, 386, 215, 150, 307, 441, 379, 344, 416, 427, 96, 246, 248, 309, 201, 185, 1, 438, 303, 228, 175, 424, 34, 396, 109, 102, 24, 426, 381, 341, 383, 48, 130, 414, 210, 335, 372, 70, 145, 445, 459, 447, 125, 367, 345, 421, 173, 137, 168, 355, 184, 474, 104, 468, 59, 161, 256, 165, 108, 172, 94, 203, 293, 5, 252, 241, 333, 158, 12, 292, 328, 199, 119, 232, 155, 151, 347, 404, 55, 133, 15, 401, 194, 311, 397, 316, 260, 403, 384, 374, 88, 112, 343, 82, 10, 52, 247, 44, 229, 143, 277, 226, 320, 6, 98, 92, 294, 19, 9, 354, 213, 428, 444, 321, 353, 250, 440, 134, 171, 32, 413, 140, 284, 127, 170, 54, 453, 255, 273, 89, 101, 370, 85, 220, 71, 349, 178, 157, 278, 415, 423, 113, 430, 186, 348, 39, 146, 107, 144, 267, 390, 391, 53, 78, 16, 362, 132, 436, 234, 432, 399, 419, 4, 167, 179, 196, 301, 163, 304, 7, 216, 141, 417, 20, 114, 376, 283, 457, 110, 46, 361, 135, 3, 244, 251, 208, 138, 363, 41, 121, 84, 73, 365, 265, 389, 29, 87, 323, 433, 174, 276, 452, 318, 77, 360, 305, 356, 209, 37, 239, 310, 23, 124, 222, 350, 72, 330, 264, 340, 11, 68, 394, 191, 266, 13, 300, 58, 410, 95, 454, 26, 67, 224, 233, 31, 231, 62, 148, 295, 377, 189, 238, 147, 38, 327, 409, 221, 339, 103, 322, 262, 230, 422, 50, 402, 237, 392, 90, 154, 385, 369, 359, 162, 439, 314, 149, 212, 308, 117, 40, 106, 181, 129, 306, 325, 8, 466, 411, 176, 258, 202, 352, 128, 434, 357, 25, 116, 139, 63, 346, 242, 214, 448, 279, 297, 329, 33, 160, 442, 358, 164, 398, 254, 126, 43, 197, 100, 182, 225, 83, 443, 274, 281, 49, 211, 470, 302, 387, 243, 159, 42, 188, 324, 136, 412, 240, 337, 97, 0, 263, 105, 456, 36, 261, 61, 275, 118, 28, 86, 75, 152, 249, 406, 319, 193, 93, 296, 65, 449, 291, 79, 378, 81, 286, 400, 111, 338, 30, 51, 269, 408, 205, 435, 382, 380, 204, 2, 405, 177, 22, 312, 334, 56, 245, 17, 272, 206]
convergência = []

===== FIM =====
