===== RESULTADO BRKGA L(2,1) =====
Arquivo: /Users/mateuspedrosa/Documents/TCC-II/BRKGA/data/random/erdos_n303_p0.4.mtx

----- Execução #1 -----
[INFO] Time limit atingido: 15 minutos. Interrompido no meio de uma geração.
Tempo de execução: 900022ms
Span (lambda): 302
best_order = [26, 188, 31, 299, 183, 35, 55, 187, 225, 236, 268, 32, 153, 52, 155, 186, 228, 302, 116, 207, 132, 73, 75, 110, 40, 62, 59, 11, 296, 89, 78, 43, 232, 126, 282, 54, 271, 1, 72, 108, 297, 284, 242, 27, 12, 212, 238, 169, 173, 222, 246, 223, 237, 99, 227, 193, 191, 119, 158, 148, 275, 262, 194, 170, 294, 248, 273, 25, 256, 65, 199, 226, 103, 28, 247, 22, 111, 202, 118, 68, 142, 14, 106, 184, 180, 33, 291, 144, 206, 66, 80, 213, 290, 114, 162, 120, 181, 94, 131, 96, 109, 63, 217, 98, 245, 86, 168, 90, 107, 234, 130, 204, 135, 220, 23, 269, 138, 82, 156, 50, 287, 229, 69, 152, 37, 92, 164, 166, 134, 209, 295, 24, 102, 283, 127, 163, 208, 171, 151, 113, 76, 85, 179, 58, 177, 161, 277, 122, 91, 45, 230, 79, 39, 41, 196, 176, 235, 233, 13, 4, 136, 249, 36, 272, 146, 87, 286, 100, 2, 7, 293, 20, 64, 278, 16, 10, 270, 51, 300, 29, 257, 281, 19, 133, 224, 279, 195, 243, 129, 139, 38, 178, 49, 264, 154, 250, 150, 53, 218, 128, 301, 167, 241, 200, 244, 159, 95, 125, 115, 81, 203, 254, 124, 84, 289, 201, 175, 0, 276, 190, 253, 67, 210, 258, 211, 137, 61, 3, 97, 205, 77, 174, 44, 185, 6, 123, 149, 121, 280, 189, 255, 101, 83, 266, 117, 267, 251, 42, 157, 145, 48, 71, 182, 239, 252, 298, 5, 165, 17, 197, 160, 285, 112, 240, 216, 46, 192, 263, 221, 34, 292, 9, 143, 104, 215, 15, 140, 47, 288, 141, 60, 260, 147, 70, 88, 274, 57, 231, 30, 219, 93, 8, 265, 172, 105, 56, 198, 74, 21, 214, 18, 261, 259]
labeling = [218, 39, 171, 227, 159, 255, 237, 166, 289, 268, 176, 26, 43, 157, 82, 266, 168, 257, 301, 181, 174, 297, 76, 114, 127, 67, 0, 41, 77, 179, 290, 3, 14, 88, 272, 6, 163, 126, 192, 154, 25, 151, 248, 28, 233, 146, 267, 276, 252, 191, 119, 177, 16, 198, 31, 1, 295, 285, 145, 27, 278, 226, 15, 100, 173, 69, 91, 222, 72, 122, 283, 253, 40, 20, 298, 24, 141, 231, 32, 152, 93, 209, 115, 242, 214, 142, 106, 164, 284, 30, 107, 149, 128, 292, 96, 207, 99, 228, 102, 54, 169, 240, 133, 75, 273, 293, 83, 108, 42, 101, 22, 78, 263, 139, 94, 206, 21, 244, 74, 59, 90, 234, 148, 239, 212, 208, 34, 136, 200, 189, 109, 92, 17, 183, 130, 111, 161, 225, 118, 190, 277, 280, 80, 264, 89, 250, 165, 281, 56, 232, 193, 137, 124, 10, 186, 18, 117, 249, 60, 204, 260, 140, 86, 138, 123, 245, 129, 201, 105, 48, 63, 135, 291, 47, 230, 216, 153, 144, 194, 143, 87, 98, 254, 5, 85, 235, 8, 7, 2, 238, 219, 57, 269, 53, 58, 187, 155, 259, 296, 71, 195, 215, 79, 210, 112, 229, 84, 23, 131, 132, 221, 223, 38, 95, 299, 275, 262, 103, 199, 287, 113, 271, 49, 51, 184, 9, 73, 55, 19, 121, 150, 288, 33, 158, 110, 156, 11, 52, 45, 256, 265, 203, 46, 188, 205, 104, 50, 70, 66, 160, 197, 247, 258, 220, 211, 241, 68, 180, 224, 302, 282, 300, 62, 270, 196, 294, 243, 246, 12, 116, 170, 37, 162, 65, 286, 61, 217, 147, 175, 185, 236, 182, 35, 134, 44, 261, 167, 120, 279, 213, 97, 81, 274, 172, 64, 125, 29, 36, 251, 4, 178, 202, 13]
convergência = [302, 302, 302, 302, 302, 302, 302, 302, 302, 302, 302, 302, 302, 302, 302, 302, 302, 302, 302]

===== FIM =====
