===== RESULTADO BRKGA L(2,1) =====
Arquivo: /Users/mateuspedrosa/Documents/TCC-II/BRKGA/data/random/erdos_n564_p0.6.mtx

----- Execução #1 -----
[INFO] Time limit atingido: 15 minutos. Interrompido no meio de uma geração.
Tempo de execução: 900656ms
Span (lambda): 563
best_order = [88, 171, 69, 563, 480, 346, 168, 61, 182, 96, 209, 376, 200, 301, 67, 532, 202, 411, 2, 318, 544, 468, 193, 164, 23, 260, 177, 45, 116, 361, 104, 233, 324, 478, 167, 18, 421, 350, 442, 419, 12, 148, 498, 338, 264, 217, 31, 172, 400, 328, 440, 481, 154, 134, 29, 535, 305, 386, 242, 68, 556, 38, 198, 312, 54, 14, 378, 86, 121, 203, 185, 24, 415, 271, 274, 348, 25, 113, 268, 320, 552, 373, 396, 515, 521, 507, 379, 120, 289, 277, 37, 77, 424, 417, 238, 408, 239, 452, 101, 541, 103, 82, 303, 33, 125, 205, 129, 170, 409, 7, 530, 288, 223, 460, 329, 479, 246, 423, 404, 142, 381, 176, 250, 492, 196, 450, 491, 115, 407, 44, 71, 291, 453, 529, 162, 323, 555, 173, 369, 499, 195, 471, 385, 393, 215, 444, 343, 554, 145, 141, 228, 160, 322, 562, 302, 99, 519, 255, 363, 560, 132, 533, 151, 9, 39, 487, 241, 159, 311, 463, 500, 149, 6, 543, 508, 455, 75, 414, 137, 251, 496, 60, 230, 388, 221, 437, 122, 100, 446, 309, 211, 10, 488, 46, 146, 292, 65, 78, 261, 416, 140, 314, 27, 254, 212, 51, 161, 390, 389, 214, 89, 486, 272, 377, 490, 557, 495, 439, 509, 287, 454, 438, 482, 19, 497, 157, 430, 184, 175, 165, 139, 531, 434, 326, 197, 433, 551, 0, 4, 181, 147, 428, 136, 501, 546, 189, 538, 559, 123, 187, 80, 91, 545, 98, 325, 398, 262, 155, 503, 93, 236, 351, 447, 128, 166, 126, 485, 17, 281, 540, 220, 539, 436, 310, 427, 512, 451, 382, 199, 3, 340, 52, 394, 367, 441, 213, 42, 344, 21, 505, 297, 469, 425, 56, 549, 95, 63, 102, 188, 523, 138, 280, 420, 276, 282, 208, 124, 194, 315, 332, 50, 90, 206, 266, 158, 405, 218, 528, 226, 296, 475, 298, 406, 464, 493, 347, 32, 362, 355, 339, 413, 87, 359, 357, 349, 550, 259, 466, 525, 445, 331, 247, 365, 130, 245, 513, 192, 334, 352, 36, 252, 76, 561, 489, 150, 391, 210, 267, 418, 527, 402, 321, 448, 92, 258, 119, 133, 231, 484, 144, 72, 216, 248, 399, 459, 35, 458, 401, 553, 461, 222, 59, 112, 286, 111, 224, 333, 156, 279, 163, 235, 511, 392, 219, 358, 257, 243, 62, 510, 432, 397, 11, 83, 472, 94, 22, 502, 520, 360, 410, 516, 284, 117, 81, 306, 249, 371, 58, 118, 204, 179, 107, 368, 143, 341, 300, 308, 337, 178, 278, 457, 26, 16, 506, 30, 109, 299, 374, 335, 465, 73, 547, 256, 384, 186, 295, 534, 110, 183, 127, 537, 548, 494, 524, 319, 169, 41, 234, 558, 353, 504, 114, 422, 253, 191, 225, 345, 48, 55, 227, 53, 449, 476, 273, 474, 106, 294, 105, 336, 153, 263, 317, 467, 66, 85, 244, 229, 97, 131, 47, 283, 517, 383, 526, 174, 237, 443, 316, 70, 43, 477, 240, 34, 285, 456, 57, 354, 265, 412, 370, 435, 342, 135, 201, 232, 470, 49, 28, 426, 375, 207, 395, 431, 13, 313, 269, 473, 364, 429, 108, 542, 270, 536, 462, 403, 74, 40, 387, 84, 64, 15, 380, 330, 190, 307, 290, 293, 522, 152, 356, 514, 372, 1, 304, 275, 518, 20, 8, 79, 5, 483, 366, 180, 327]
labeling = [241, 557, 20, 271, 242, 559, 177, 114, 560, 168, 188, 404, 45, 514, 66, 541, 431, 269, 35, 225, 555, 292, 406, 25, 75, 68, 434, 197, 521, 57, 438, 51, 331, 101, 499, 371, 350, 70, 61, 169, 537, 454, 290, 502, 128, 23, 198, 488, 463, 512, 313, 210, 282, 461, 63, 465, 284, 509, 422, 385, 172, 10, 398, 299, 540, 204, 474, 13, 60, 1, 503, 131, 375, 437, 535, 185, 353, 96, 170, 562, 253, 414, 87, 405, 538, 486, 69, 337, 0, 213, 315, 254, 364, 265, 401, 279, 12, 471, 256, 161, 194, 102, 298, 106, 26, 481, 480, 426, 516, 433, 449, 373, 379, 76, 464, 132, 31, 409, 424, 368, 83, 71, 186, 251, 312, 95, 257, 451, 245, 98, 341, 491, 166, 370, 55, 517, 246, 187, 305, 224, 184, 154, 123, 425, 374, 152, 200, 233, 47, 138, 356, 167, 550, 482, 42, 264, 390, 227, 319, 159, 156, 193, 136, 386, 21, 222, 261, 38, 8, 457, 110, 2, 46, 139, 490, 231, 109, 29, 429, 421, 565, 236, 5, 444, 229, 73, 447, 252, 301, 248, 542, 468, 332, 19, 302, 142, 124, 235, 64, 285, 16, 497, 11, 56, 415, 103, 317, 522, 288, 14, 348, 196, 208, 273, 199, 149, 377, 37, 321, 393, 274, 180, 384, 117, 389, 470, 320, 473, 140, 489, 191, 372, 519, 28, 458, 391, 266, 500, 99, 89, 492, 165, 53, 397, 487, 349, 120, 347, 365, 418, 125, 189, 352, 459, 207, 163, 445, 396, 366, 334, 27, 174, 262, 469, 52, 494, 318, 359, 82, 526, 534, 79, 212, 477, 74, 539, 309, 94, 430, 383, 307, 263, 311, 493, 413, 506, 387, 219, 111, 92, 546, 105, 202, 549, 467, 448, 322, 295, 325, 439, 411, 17, 160, 108, 544, 58, 416, 547, 428, 190, 277, 173, 65, 523, 206, 293, 485, 483, 22, 455, 84, 361, 157, 122, 34, 258, 234, 566, 54, 107, 545, 345, 304, 381, 346, 441, 478, 427, 50, 336, 247, 419, 515, 151, 286, 472, 6, 324, 80, 328, 41, 268, 343, 456, 511, 335, 552, 338, 394, 308, 408, 32, 333, 150, 530, 330, 564, 289, 423, 126, 513, 420, 556, 85, 417, 518, 9, 203, 67, 91, 543, 113, 283, 496, 442, 146, 59, 529, 178, 211, 209, 357, 388, 147, 287, 524, 78, 395, 260, 378, 30, 376, 358, 536, 121, 310, 327, 133, 93, 112, 410, 18, 510, 316, 155, 77, 201, 97, 355, 33, 306, 40, 466, 119, 81, 296, 505, 278, 244, 531, 228, 525, 402, 237, 232, 507, 267, 192, 220, 218, 44, 275, 43, 501, 145, 344, 182, 270, 363, 475, 129, 281, 100, 134, 221, 183, 508, 432, 367, 362, 116, 382, 527, 175, 314, 443, 340, 484, 7, 291, 520, 144, 399, 528, 479, 323, 476, 504, 36, 118, 4, 49, 223, 551, 369, 259, 214, 171, 195, 339, 205, 130, 127, 329, 452, 217, 176, 226, 48, 141, 153, 243, 407, 255, 462, 294, 436, 90, 181, 215, 400, 392, 280, 351, 554, 72, 412, 495, 558, 162, 403, 88, 548, 303, 453, 342, 498, 360, 300, 135, 115, 230, 15, 148, 450, 39, 533, 440, 240, 276, 272, 104, 532, 179, 24, 249, 238, 435, 446, 297, 326, 239, 86, 380, 143, 137, 62, 216, 460, 250, 164, 354, 158, 3]
convergência = []

===== FIM =====
