===== RESULTADO BRKGA L(2,1) =====
Arquivo: /Users/mateuspedrosa/Documents/TCC-II/BRKGA/data/random/erdos_n772_p0.6.mtx

----- Execução #1 -----
[INFO] Time limit atingido: 15 minutos. Esgotado durante a inicialização da população.
Tempo de execução: 901206ms
Span (lambda): 771
best_order = [715, 449, 452, 35, 135, 41, 736, 767, 52, 324, 541, 427, 274, 260, 429, 336, 6, 62, 604, 481, 23, 505, 253, 645, 483, 574, 582, 655, 20, 519, 651, 185, 236, 689, 474, 411, 556, 270, 517, 527, 17, 602, 308, 384, 454, 392, 323, 306, 337, 252, 225, 476, 514, 64, 470, 542, 117, 106, 406, 394, 313, 123, 400, 277, 636, 489, 335, 168, 437, 212, 118, 286, 495, 176, 688, 418, 432, 393, 615, 485, 157, 373, 664, 346, 553, 486, 771, 766, 639, 188, 746, 682, 716, 75, 654, 339, 26, 666, 296, 496, 738, 34, 705, 205, 184, 446, 275, 441, 420, 79, 586, 524, 288, 254, 475, 374, 165, 747, 656, 126, 368, 422, 753, 473, 348, 77, 612, 457, 376, 150, 299, 595, 4, 479, 197, 644, 743, 491, 232, 198, 509, 70, 658, 576, 357, 668, 731, 549, 661, 257, 209, 231, 625, 426, 94, 764, 355, 609, 444, 140, 585, 499, 403, 297, 596, 265, 722, 367, 382, 256, 456, 177, 103, 401, 529, 58, 756, 88, 502, 536, 445, 539, 404, 90, 659, 261, 86, 704, 19, 251, 144, 471, 630, 713, 385, 617, 15, 558, 408, 375, 742, 142, 161, 397, 16, 235, 179, 59, 687, 155, 673, 638, 388, 107, 561, 414, 455, 714, 768, 108, 131, 424, 71, 740, 503, 272, 0, 283, 442, 259, 660, 468, 593, 637, 143, 190, 61, 289, 628, 124, 241, 601, 507, 694, 506, 487, 564, 164, 333, 605, 291, 597, 167, 371, 307, 174, 221, 359, 226, 464, 243, 544, 696, 410, 493, 238, 571, 413, 100, 331, 149, 193, 204, 724, 295, 572, 725, 127, 761, 304, 670, 1, 290, 311, 343, 511, 626, 500, 555, 436, 412, 104, 676, 675, 680, 480, 760, 195, 166, 583, 614, 227, 85, 537, 438, 439, 728, 619, 594, 273, 268, 462, 217, 316, 498, 363, 501, 417, 96, 234, 754, 350, 522, 699, 287, 613, 216, 32, 68, 757, 14, 677, 266, 223, 538, 356, 526, 138, 381, 378, 314, 258, 18, 520, 81, 80, 759, 672, 344, 744, 358, 203, 262, 109, 711, 365, 737, 119, 22, 132, 734, 570, 114, 280, 494, 218, 328, 477, 28, 112, 386, 366, 98, 30, 202, 37, 648, 321, 249, 38, 12, 472, 663, 679, 208, 419, 633, 684, 10, 319, 726, 642, 255, 758, 569, 213, 342, 607, 647, 5, 765, 580, 264, 102, 690, 74, 567, 697, 50, 701, 550, 116, 7, 395, 170, 552, 643, 440, 147, 95, 151, 269, 66, 396, 428, 600, 729, 105, 282, 425, 129, 192, 423, 402, 141, 146, 460, 707, 450, 207, 510, 69, 49, 739, 121, 31, 606, 42, 312, 9, 169, 623, 246, 73, 183, 302, 621, 175, 589, 389, 683, 685, 281, 608, 82, 178, 244, 770, 575, 512, 695, 352, 156, 240, 720, 360, 327, 134, 245, 294, 662, 461, 128, 667, 115, 199, 201, 247, 632, 769, 591, 93, 618, 92, 698, 458, 706, 534, 719, 727, 25, 51, 730, 548, 467, 640, 330, 53, 565, 214, 653, 191, 709, 749, 317, 560, 248, 463, 45, 649, 377, 111, 702, 372, 180, 263, 54, 416, 27, 718, 56, 557, 577, 703, 513, 298, 598, 276, 206, 39, 592, 590, 271, 233, 693, 700, 33, 310, 721, 380, 172, 540, 340, 181, 431, 554, 627, 48, 43, 325, 443, 91, 579, 250, 631, 120, 267, 215, 130, 370, 139, 154, 533, 349, 562, 230, 516, 407, 692, 78, 361, 543, 83, 691, 466, 546, 525, 11, 160, 755, 334, 686, 338, 72, 173, 641, 347, 508, 354, 678, 322, 434, 60, 326, 162, 224, 159, 497, 196, 478, 63, 200, 530, 97, 451, 751, 353, 293, 387, 409, 588, 465, 469, 732, 303, 563, 748, 125, 89, 65, 285, 741, 578, 433, 735, 110, 341, 490, 622, 239, 318, 320, 29, 750, 646, 362, 448, 521, 186, 484, 447, 237, 708, 122, 398, 24, 76, 610, 535, 492, 345, 581, 46, 405, 391, 504, 435, 669, 723, 220, 551, 351, 421, 523, 292, 369, 364, 36, 611, 710, 2, 228, 242, 84, 8, 652, 279, 284, 189, 624, 635, 163, 137, 763, 399, 222, 87, 745, 532, 584, 568, 332, 379, 634, 599, 99, 229, 305, 194, 547, 113, 674, 67, 430, 650, 301, 57, 573, 566, 210, 515, 620, 603, 136, 762, 383, 278, 545, 488, 44, 528, 390, 148, 717, 453, 671, 153, 101, 187, 171, 3, 152, 531, 219, 657, 482, 629, 145, 133, 40, 182, 329, 13, 587, 712, 158, 415, 47, 733, 559, 300, 665, 616, 752, 309, 211, 459, 55, 518, 315, 21, 681]
labeling = [221, 284, 650, 742, 137, 390, 10, 417, 688, 454, 391, 591, 380, 750, 333, 192, 207, 47, 347, 189, 31, 756, 361, 22, 666, 501, 98, 531, 372, 629, 368, 449, 331, 550, 106, 5, 683, 378, 377, 540, 757, 9, 440, 561, 733, 509, 672, 730, 547, 446, 407, 504, 8, 510, 530, 771, 529, 717, 169, 205, 598, 231, 6, 606, 56, 632, 424, 715, 319, 427, 122, 208, 588, 457, 410, 89, 652, 126, 581, 116, 351, 349, 466, 577, 686, 304, 186, 701, 171, 627, 179, 560, 488, 496, 154, 422, 317, 616, 374, 707, 275, 738, 406, 176, 296, 430, 41, 220, 212, 354, 635, 518, 362, 711, 366, 477, 413, 55, 73, 359, 566, 448, 662, 63, 237, 630, 114, 264, 483, 434, 570, 219, 363, 755, 480, 7, 712, 691, 334, 567, 162, 431, 204, 229, 184, 753, 435, 421, 739, 276, 128, 405, 736, 743, 574, 213, 473, 82, 763, 608, 583, 206, 607, 693, 248, 78, 303, 253, 71, 442, 403, 723, 544, 597, 258, 460, 64, 175, 467, 211, 526, 555, 759, 450, 111, 34, 654, 734, 91, 690, 238, 514, 425, 254, 709, 301, 611, 134, 141, 487, 612, 489, 376, 355, 278, 109, 543, 443, 387, 151, 724, 765, 66, 399, 503, 568, 330, 313, 346, 732, 675, 260, 700, 335, 600, 53, 263, 307, 685, 708, 582, 153, 140, 538, 324, 209, 35, 659, 271, 642, 474, 242, 681, 262, 463, 479, 456, 491, 515, 381, 565, 191, 51, 27, 120, 384, 174, 148, 345, 232, 19, 187, 344, 528, 388, 159, 329, 564, 316, 418, 42, 522, 228, 314, 17, 113, 520, 62, 705, 684, 367, 464, 432, 227, 687, 634, 75, 325, 112, 240, 277, 250, 682, 622, 481, 280, 99, 166, 539, 130, 760, 718, 458, 626, 279, 695, 46, 256, 43, 762, 542, 286, 453, 60, 343, 774, 315, 517, 644, 393, 645, 379, 603, 32, 1, 563, 605, 478, 370, 746, 505, 274, 704, 244, 590, 70, 18, 52, 595, 94, 549, 638, 398, 288, 352, 670, 86, 592, 119, 578, 321, 678, 472, 620, 601, 157, 339, 145, 348, 261, 468, 573, 649, 320, 663, 350, 364, 170, 123, 665, 572, 255, 497, 76, 117, 200, 133, 524, 342, 699, 551, 310, 172, 729, 24, 197, 371, 613, 218, 459, 737, 669, 50, 72, 61, 411, 423, 202, 664, 698, 65, 178, 438, 165, 177, 633, 59, 586, 201, 615, 269, 40, 294, 273, 222, 744, 527, 322, 79, 386, 103, 673, 125, 436, 216, 429, 152, 15, 426, 21, 714, 557, 74, 625, 596, 674, 292, 68, 309, 306, 420, 115, 230, 556, 160, 182, 85, 657, 651, 2, 441, 617, 4, 719, 28, 214, 173, 131, 499, 770, 439, 475, 302, 521, 257, 621, 587, 507, 233, 604, 57, 193, 382, 124, 38, 105, 54, 360, 610, 136, 298, 20, 749, 29, 656, 81, 83, 239, 731, 69, 639, 110, 655, 259, 369, 49, 102, 609, 318, 163, 291, 281, 181, 225, 667, 25, 246, 243, 599, 143, 444, 290, 471, 537, 39, 726, 584, 44, 772, 33, 338, 653, 326, 680, 118, 589, 340, 45, 735, 167, 614, 745, 671, 576, 502, 643, 183, 293, 337, 164, 554, 13, 58, 569, 265, 727, 575, 710, 508, 147, 415, 676, 419, 88, 558, 252, 37, 535, 199, 748, 519, 194, 580, 628, 247, 511, 722, 412, 703, 397, 357, 272, 282, 720, 16, 461, 138, 532, 636, 553, 401, 660, 12, 300, 697, 161, 101, 752, 624, 437, 536, 494, 545, 235, 295, 135, 155, 251, 541, 702, 409, 223, 48, 725, 23, 249, 451, 400, 465, 158, 668, 677, 129, 323, 305, 80, 766, 198, 490, 312, 721, 455, 641, 445, 692, 150, 287, 559, 241, 751, 190, 562, 493, 389, 706, 694, 67, 236, 217, 92, 486, 594, 396, 416, 132, 14, 640, 402, 373, 523, 716, 26, 689, 512, 97, 30, 121, 747, 142, 185, 234, 149, 482, 383, 84, 754, 100, 485, 146, 646, 283, 741, 336, 215, 713, 285, 297, 327, 602, 385, 299, 758, 95, 452, 375, 462, 593, 196, 77, 36, 408, 579, 571, 546, 245, 470, 267, 414, 498, 328, 548, 392, 525, 534, 188, 108, 500, 433, 661, 516, 679, 356, 761, 195, 224, 0, 96, 740, 533, 484, 476, 552, 168, 658, 266, 268, 394, 492, 311, 428, 506, 144, 623, 764, 365, 637, 11, 358, 104, 447, 226, 631, 203, 139, 341, 648, 93, 107, 619, 513, 647, 618, 768, 127, 308, 585, 180, 332, 395, 353, 289, 270, 728, 696, 156, 404, 90, 3, 210, 495, 469, 87]
convergência = []

===== FIM =====
