===== RESULTADO BRKGA L(2,1) =====
Arquivo: /Users/mateuspedrosa/Documents/TCC-II/BRKGA/data/random/erdos_n544_p0.2.mtx

----- Execução #1 -----
[INFO] Time limit atingido: 15 minutos. Interrompido no meio de uma geração.
Tempo de execução: 900028ms
Span (lambda): 543
best_order = [296, 94, 98, 256, 376, 271, 539, 131, 229, 278, 203, 456, 444, 406, 187, 284, 56, 9, 292, 382, 76, 366, 349, 403, 63, 331, 219, 290, 353, 113, 523, 44, 374, 8, 297, 360, 398, 178, 538, 57, 6, 32, 30, 262, 62, 321, 102, 54, 504, 225, 125, 156, 277, 519, 534, 500, 138, 301, 263, 38, 82, 531, 11, 78, 365, 200, 322, 273, 377, 381, 259, 326, 173, 532, 332, 258, 96, 169, 338, 303, 509, 488, 59, 470, 269, 496, 419, 107, 110, 315, 483, 446, 463, 5, 253, 255, 442, 520, 402, 529, 392, 199, 133, 171, 320, 40, 141, 242, 149, 454, 190, 205, 120, 275, 535, 254, 396, 472, 153, 441, 180, 202, 426, 216, 302, 347, 70, 104, 299, 215, 358, 207, 505, 543, 108, 250, 480, 490, 291, 370, 17, 128, 435, 224, 430, 185, 135, 380, 344, 486, 236, 515, 502, 33, 118, 261, 367, 512, 525, 184, 394, 68, 395, 466, 158, 507, 21, 455, 265, 175, 432, 510, 81, 484, 212, 415, 146, 19, 460, 420, 75, 226, 494, 206, 15, 310, 249, 164, 97, 105, 272, 399, 309, 3, 497, 436, 354, 518, 148, 198, 508, 319, 317, 14, 404, 356, 45, 122, 73, 204, 335, 306, 379, 429, 193, 92, 243, 448, 465, 235, 159, 238, 416, 334, 150, 425, 86, 136, 270, 418, 67, 71, 196, 132, 397, 421, 393, 312, 336, 191, 445, 461, 48, 172, 495, 189, 524, 390, 293, 123, 20, 35, 152, 493, 282, 93, 499, 201, 251, 218, 188, 313, 362, 227, 298, 7, 126, 337, 330, 24, 34, 69, 283, 427, 89, 220, 316, 447, 88, 195, 0, 285, 401, 2, 37, 350, 503, 343, 383, 65, 473, 209, 80, 517, 414, 491, 348, 130, 182, 485, 55, 232, 409, 359, 439, 276, 437, 106, 90, 267, 147, 245, 64, 60, 537, 36, 26, 252, 29, 166, 84, 266, 423, 230, 241, 474, 154, 1, 422, 39, 214, 469, 478, 453, 66, 449, 10, 468, 342, 231, 43, 428, 155, 233, 85, 137, 373, 341, 288, 61, 521, 211, 124, 457, 74, 361, 368, 542, 274, 295, 387, 41, 83, 479, 412, 541, 410, 327, 323, 142, 260, 443, 50, 217, 536, 42, 440, 434, 438, 481, 127, 28, 339, 279, 121, 307, 352, 268, 25, 289, 462, 424, 526, 305, 100, 482, 58, 23, 471, 452, 458, 213, 143, 208, 417, 140, 31, 400, 176, 162, 114, 329, 318, 411, 405, 514, 183, 369, 389, 115, 280, 144, 47, 540, 522, 145, 501, 16, 386, 533, 378, 355, 304, 112, 364, 324, 49, 498, 311, 163, 4, 117, 134, 248, 197, 407, 511, 413, 346, 516, 477, 237, 371, 22, 129, 433, 333, 228, 210, 264, 246, 464, 451, 27, 51, 221, 72, 431, 87, 450, 181, 160, 192, 513, 487, 239, 99, 167, 177, 52, 77, 459, 528, 103, 375, 247, 111, 53, 345, 294, 139, 300, 489, 363, 223, 314, 530, 351, 101, 222, 391, 116, 328, 467, 119, 357, 492, 165, 257, 168, 186, 194, 287, 91, 372, 244, 13, 325, 388, 161, 174, 281, 95, 170, 18, 157, 475, 234, 527, 240, 476, 408, 340, 79, 46, 109, 385, 179, 286, 506, 12, 308, 384, 151]
labeling = [280, 328, 283, 194, 440, 92, 40, 265, 34, 17, 335, 62, 539, 514, 203, 184, 426, 140, 525, 178, 250, 167, 452, 397, 269, 388, 316, 464, 381, 318, 42, 406, 41, 153, 270, 251, 315, 285, 59, 329, 105, 361, 373, 340, 29, 207, 534, 423, 242, 436, 374, 463, 479, 486, 48, 299, 16, 39, 396, 82, 313, 348, 44, 24, 312, 289, 334, 228, 161, 271, 126, 233, 466, 208, 353, 180, 20, 480, 63, 533, 292, 168, 61, 363, 319, 344, 226, 469, 277, 274, 307, 513, 213, 255, 1, 520, 76, 188, 2, 476, 394, 498, 46, 484, 127, 189, 308, 87, 134, 535, 88, 487, 433, 30, 410, 419, 501, 441, 154, 506, 112, 384, 206, 249, 352, 53, 266, 380, 141, 454, 298, 7, 230, 102, 442, 146, 227, 345, 57, 491, 405, 106, 370, 402, 422, 425, 175, 310, 198, 108, 225, 543, 252, 119, 326, 343, 47, 524, 163, 220, 472, 521, 409, 439, 187, 505, 320, 477, 509, 78, 523, 103, 244, 72, 522, 171, 408, 478, 37, 537, 118, 470, 297, 415, 160, 145, 510, 14, 259, 245, 111, 239, 474, 216, 511, 279, 234, 444, 199, 100, 66, 257, 121, 11, 210, 110, 183, 130, 403, 291, 458, 351, 174, 401, 330, 129, 123, 371, 260, 26, 276, 465, 500, 495, 143, 51, 181, 263, 457, 8, 323, 339, 301, 342, 528, 219, 150, 451, 221, 473, 529, 324, 107, 215, 516, 311, 460, 485, 443, 186, 135, 258, 317, 95, 114, 94, 3, 508, 75, 70, 372, 155, 43, 54, 459, 169, 321, 309, 386, 85, 229, 4, 190, 65, 358, 113, 305, 49, 9, 383, 421, 518, 254, 272, 15, 282, 538, 512, 349, 389, 27, 139, 18, 248, 489, 359, 0, 31, 264, 128, 490, 58, 124, 80, 432, 393, 211, 385, 541, 192, 185, 438, 238, 262, 494, 89, 278, 202, 414, 201, 104, 45, 67, 368, 435, 517, 71, 367, 502, 412, 268, 25, 74, 456, 223, 209, 237, 267, 79, 382, 532, 347, 338, 288, 149, 488, 448, 125, 296, 21, 286, 497, 387, 28, 195, 428, 205, 503, 131, 303, 35, 356, 261, 492, 434, 64, 22, 156, 355, 417, 138, 453, 515, 346, 33, 483, 5, 68, 430, 212, 147, 69, 19, 284, 542, 536, 429, 360, 519, 418, 247, 499, 98, 236, 159, 162, 116, 232, 36, 191, 407, 281, 99, 23, 204, 416, 13, 445, 531, 302, 366, 411, 364, 447, 294, 176, 222, 404, 231, 86, 179, 235, 327, 322, 391, 224, 122, 273, 341, 214, 144, 467, 172, 455, 377, 142, 196, 306, 378, 304, 375, 120, 96, 369, 12, 241, 93, 275, 217, 336, 468, 462, 399, 333, 109, 166, 10, 354, 400, 481, 177, 240, 390, 90, 461, 218, 164, 504, 337, 331, 84, 398, 117, 290, 325, 527, 530, 450, 332, 362, 136, 379, 395, 91, 170, 300, 148, 475, 81, 493, 137, 295, 507, 253, 182, 243, 83, 193, 437, 256, 52, 427, 151, 287, 50, 132, 540, 165, 200, 77, 173, 446, 157, 471, 413, 152, 449, 293, 197, 55, 97, 350, 424, 32, 246, 158, 392, 526, 482, 101, 496, 60, 73, 431, 56, 115, 376, 314, 38, 6, 420, 365, 357, 133]
convergência = [543, 543, 543, 543, 543, 543, 543, 543, 543, 543, 543, 543]

===== FIM =====
