===== RESULTADO BRKGA L(2,1) =====
Arquivo: /Users/mateuspedrosa/Documents/TCC-II/BRKGA/data/random/erdos_n611_p0.2.mtx

----- Execução #1 -----
[INFO] Time limit atingido: 15 minutos. Interrompido no meio de uma geração.
Tempo de execução: 900083ms
Span (lambda): 610
best_order = [548, 491, 184, 370, 68, 259, 204, 571, 606, 61, 367, 18, 351, 421, 441, 194, 438, 363, 165, 14, 168, 75, 166, 454, 227, 197, 240, 7, 591, 66, 482, 347, 563, 19, 408, 453, 557, 405, 374, 37, 218, 547, 564, 50, 210, 65, 375, 540, 133, 440, 303, 83, 311, 154, 186, 472, 9, 306, 219, 380, 169, 473, 556, 146, 478, 483, 246, 354, 402, 220, 236, 164, 264, 330, 338, 253, 21, 520, 521, 417, 45, 537, 157, 106, 366, 88, 381, 80, 574, 359, 231, 317, 114, 199, 178, 530, 289, 283, 470, 87, 235, 205, 560, 431, 213, 139, 180, 494, 391, 216, 579, 250, 298, 266, 400, 12, 79, 136, 425, 188, 101, 238, 341, 329, 151, 223, 324, 173, 226, 8, 601, 499, 71, 229, 38, 162, 269, 271, 401, 603, 526, 455, 67, 117, 555, 596, 449, 604, 340, 134, 308, 287, 436, 357, 150, 36, 5, 200, 422, 137, 339, 234, 51, 512, 312, 118, 35, 222, 518, 203, 580, 141, 335, 395, 465, 142, 410, 484, 589, 212, 582, 527, 93, 505, 331, 99, 452, 528, 467, 372, 344, 232, 399, 257, 439, 481, 62, 128, 132, 122, 64, 152, 295, 383, 490, 427, 566, 409, 52, 387, 285, 558, 497, 1, 97, 207, 313, 286, 167, 508, 343, 59, 291, 460, 595, 432, 464, 318, 263, 116, 47, 44, 127, 373, 592, 54, 198, 155, 17, 346, 578, 247, 41, 510, 600, 486, 33, 397, 108, 69, 267, 567, 265, 28, 423, 406, 129, 192, 342, 72, 541, 211, 70, 4, 334, 430, 504, 96, 529, 32, 384, 349, 195, 396, 55, 420, 233, 336, 172, 301, 542, 260, 445, 176, 448, 156, 610, 20, 40, 297, 121, 392, 254, 461, 46, 273, 393, 594, 107, 92, 488, 389, 561, 562, 6, 293, 599, 261, 279, 2, 517, 84, 288, 358, 515, 426, 320, 15, 161, 534, 174, 355, 588, 270, 276, 457, 456, 424, 183, 119, 100, 590, 94, 196, 82, 11, 434, 130, 299, 597, 16, 385, 29, 85, 112, 447, 544, 86, 337, 73, 348, 398, 202, 147, 243, 608, 224, 362, 415, 42, 471, 573, 272, 95, 49, 56, 443, 493, 179, 565, 345, 48, 242, 554, 378, 239, 252, 39, 163, 280, 225, 57, 507, 251, 160, 26, 552, 539, 170, 519, 390, 598, 171, 463, 77, 531, 201, 581, 104, 545, 237, 0, 268, 125, 513, 328, 290, 326, 191, 307, 428, 91, 309, 215, 296, 369, 103, 153, 394, 217, 10, 538, 278, 302, 13, 214, 105, 525, 284, 22, 551, 145, 187, 570, 175, 462, 365, 228, 294, 451, 208, 532, 466, 102, 325, 586, 124, 411, 377, 498, 332, 111, 485, 25, 433, 437, 413, 502, 382, 577, 412, 241, 584, 477, 585, 305, 34, 506, 63, 249, 386, 568, 292, 138, 182, 450, 258, 53, 575, 3, 371, 206, 110, 487, 418, 131, 113, 468, 315, 304, 24, 407, 126, 388, 245, 459, 23, 576, 333, 549, 316, 275, 474, 416, 559, 524, 89, 277, 248, 543, 350, 189, 356, 177, 480, 81, 353, 368, 120, 414, 319, 516, 553, 76, 360, 587, 500, 30, 300, 282, 442, 523, 323, 159, 511, 364, 514, 193, 444, 403, 27, 492, 135, 185, 123, 469, 489, 376, 98, 221, 74, 255, 501, 148, 58, 479, 90, 503, 78, 314, 143, 209, 583, 181, 310, 496, 533, 379, 190, 140, 352, 404, 281, 31, 569, 435, 607, 536, 609, 475, 361, 535, 256, 327, 429, 458, 43, 509, 144, 522, 109, 149, 476, 321, 605, 262, 593, 274, 602, 495, 572, 60, 244, 419, 115, 230, 322, 550, 158, 446, 546]
labeling = [404, 213, 310, 476, 262, 151, 304, 28, 128, 56, 419, 335, 115, 424, 19, 317, 339, 239, 9, 33, 287, 76, 429, 497, 490, 453, 385, 540, 249, 343, 526, 575, 269, 248, 466, 166, 156, 39, 131, 376, 288, 242, 359, 586, 233, 80, 294, 231, 371, 364, 43, 162, 209, 478, 236, 271, 365, 381, 554, 222, 603, 7, 195, 468, 200, 46, 29, 142, 4, 251, 263, 134, 259, 347, 550, 23, 523, 395, 558, 117, 88, 516, 334, 51, 311, 341, 348, 99, 86, 506, 555, 408, 299, 182, 332, 363, 267, 215, 548, 184, 329, 121, 443, 418, 398, 426, 83, 298, 250, 591, 482, 451, 344, 486, 92, 604, 229, 143, 165, 327, 519, 290, 199, 544, 446, 401, 492, 234, 197, 256, 336, 483, 198, 48, 149, 542, 116, 159, 473, 105, 569, 172, 175, 559, 588, 431, 62, 353, 553, 592, 155, 124, 201, 417, 53, 237, 285, 82, 608, 535, 384, 318, 133, 373, 71, 18, 24, 219, 21, 60, 388, 392, 278, 127, 320, 435, 284, 513, 94, 369, 107, 563, 474, 330, 3, 543, 54, 432, 119, 511, 568, 409, 257, 537, 15, 274, 333, 25, 238, 93, 157, 394, 352, 169, 6, 100, 481, 216, 440, 561, 44, 261, 180, 104, 425, 413, 109, 414, 40, 58, 69, 549, 167, 125, 356, 380, 129, 22, 438, 135, 605, 90, 191, 276, 161, 101, 70, 402, 123, 377, 26, 460, 372, 354, 599, 494, 67, 241, 508, 469, 111, 383, 379, 75, 293, 551, 583, 194, 477, 5, 279, 307, 598, 228, 72, 254, 113, 247, 399, 137, 324, 136, 362, 295, 593, 501, 322, 507, 422, 308, 378, 574, 528, 97, 428, 208, 217, 152, 312, 96, 405, 223, 471, 305, 437, 202, 415, 289, 112, 338, 529, 280, 423, 50, 489, 465, 57, 411, 150, 412, 564, 52, 163, 214, 560, 488, 500, 91, 227, 521, 315, 596, 606, 533, 126, 444, 407, 584, 403, 120, 73, 185, 447, 499, 264, 173, 277, 349, 74, 160, 148, 122, 258, 220, 190, 368, 232, 32, 350, 272, 510, 12, 570, 515, 64, 321, 512, 154, 313, 89, 524, 580, 357, 17, 534, 436, 84, 11, 518, 416, 2, 480, 189, 235, 38, 47, 546, 449, 375, 567, 59, 85, 457, 203, 270, 342, 470, 210, 493, 301, 391, 108, 291, 296, 420, 171, 273, 245, 351, 192, 114, 138, 68, 539, 572, 36, 255, 491, 34, 204, 177, 448, 461, 455, 520, 358, 502, 77, 485, 601, 275, 13, 158, 253, 328, 118, 316, 206, 410, 585, 266, 103, 225, 454, 337, 573, 153, 456, 16, 196, 49, 14, 531, 367, 538, 282, 609, 345, 283, 146, 475, 439, 186, 35, 20, 139, 326, 325, 582, 495, 221, 292, 434, 393, 226, 174, 442, 188, 487, 545, 98, 360, 55, 61, 503, 579, 594, 463, 65, 556, 514, 193, 30, 66, 178, 452, 246, 484, 300, 547, 205, 1, 541, 366, 106, 595, 565, 212, 450, 132, 527, 552, 458, 557, 265, 183, 467, 382, 218, 587, 243, 532, 164, 406, 536, 314, 517, 309, 168, 389, 78, 79, 590, 530, 505, 427, 141, 181, 187, 268, 95, 396, 441, 566, 319, 581, 577, 81, 421, 387, 45, 260, 281, 509, 346, 400, 610, 41, 0, 498, 607, 430, 386, 522, 374, 145, 63, 37, 211, 504, 102, 302, 303, 31, 42, 370, 207, 252, 472, 571, 433, 8, 602, 361, 87, 479, 496, 459, 240, 110, 170, 397, 179, 562, 462, 464, 445, 525, 323, 176, 331, 27, 230, 597, 297, 224, 144, 340, 390, 306, 244, 130, 600, 140, 147, 589, 10, 576, 355, 578, 286]
convergência = [610, 610, 610, 610, 610, 610, 610, 610]

===== FIM =====
