===== RESULTADO BRKGA L(2,1) =====
Arquivo: /Users/mateuspedrosa/Documents/TCC-II/BRKGA/data/random/erdos_n117_p0.4.mtx

----- Execução #1 -----
[INFO] Parou por estagnação.
Tempo de execução: 314953ms
Span (lambda): 116
best_order = [75, 49, 28, 109, 73, 88, 98, 34, 111, 78, 69, 21, 79, 62, 27, 7, 87, 9, 72, 57, 14, 77, 51, 96, 13, 59, 107, 0, 61, 40, 71, 26, 81, 102, 90, 86, 105, 4, 32, 94, 25, 46, 89, 113, 68, 38, 50, 16, 56, 106, 103, 2, 95, 11, 70, 82, 1, 91, 108, 3, 53, 35, 15, 54, 60, 8, 112, 22, 83, 12, 114, 23, 33, 5, 104, 48, 44, 55, 116, 30, 80, 92, 93, 99, 10, 74, 85, 19, 18, 76, 67, 101, 100, 31, 97, 43, 110, 58, 47, 84, 63, 6, 45, 37, 20, 66, 29, 17, 42, 41, 115, 65, 39, 24, 64, 36, 52]
labeling = [28, 55, 53, 60, 38, 76, 99, 17, 68, 11, 86, 49, 71, 25, 20, 65, 45, 107, 89, 85, 106, 14, 64, 73, 114, 42, 32, 16, 4, 101, 80, 95, 36, 74, 8, 63, 116, 103, 48, 112, 27, 109, 108, 92, 69, 104, 43, 98, 78, 2, 41, 22, 115, 62, 67, 75, 50, 13, 94, 26, 61, 30, 9, 102, 113, 111, 105, 91, 46, 12, 54, 31, 19, 1, 88, 0, 90, 21, 7, 15, 82, 33, 56, 70, 100, 83, 35, 18, 3, 39, 34, 57, 79, 84, 40, 52, 24, 96, 5, 81, 87, 93, 29, 51, 66, 37, 47, 23, 58, 6, 97, 10, 59, 44, 72, 110, 77]
convergência = [116, 116, 116, 116, 116, 116, 116, 116, 116, 116, 116, 116, 116, 116, 116, 116, 116, 116, 116, 116, 116, 116, 116, 116, 116, 116, 116, 116, 116, 116, 116, 116, 116, 116, 116, 116, 116, 116, 116, 116, 116, 116, 116, 116, 116, 116, 116, 116, 116, 116, 116, 116, 116, 116, 116, 116, 116, 116, 116, 116, 116, 116, 116, 116, 116, 116, 116, 116, 116, 116, 116, 116, 116, 116, 116, 116, 116, 116, 116, 116, 116, 116, 116, 116, 116, 116, 116, 116, 116, 116, 116, 116, 116, 116, 116, 116, 116, 116, 116, 116, 116, 116, 116, 116, 116, 116, 116, 116, 116, 116, 116, 116, 116, 116, 116, 116, 116, 116, 116, 116, 116, 116, 116, 116]

===== FIM =====
