===== RESULTADO BRKGA L(2,1) =====
Arquivo: /Users/mateuspedrosa/Documents/TCC-II/BRKGA/data/random/erdos_n980_p0.6.mtx

----- Execução #1 -----
[INFO] Time limit atingido: 15 minutos. Esgotado durante a inicialização da população.
Tempo de execução: 902198ms
Span (lambda): 979
best_order = [371, 37, 377, 157, 601, 33, 177, 87, 504, 274, 682, 810, 823, 122, 858, 84, 966, 30, 571, 25, 113, 630, 503, 537, 29, 0, 524, 262, 382, 389, 240, 153, 687, 859, 172, 176, 131, 576, 366, 847, 312, 49, 376, 10, 256, 260, 914, 396, 629, 219, 101, 145, 526, 570, 90, 32, 379, 380, 73, 684, 786, 394, 739, 591, 53, 961, 741, 408, 26, 456, 36, 438, 759, 188, 325, 726, 553, 227, 434, 691, 442, 343, 641, 599, 698, 819, 749, 198, 464, 954, 381, 791, 398, 735, 89, 622, 563, 48, 461, 412, 161, 924, 22, 425, 282, 973, 812, 235, 913, 769, 730, 236, 540, 4, 385, 948, 725, 779, 879, 568, 444, 223, 387, 483, 372, 57, 866, 61, 860, 486, 874, 732, 231, 634, 853, 147, 574, 836, 192, 248, 212, 850, 126, 292, 370, 960, 298, 878, 449, 169, 852, 358, 945, 560, 173, 133, 649, 405, 549, 736, 171, 696, 917, 446, 455, 155, 452, 583, 871, 625, 393, 82, 95, 938, 855, 352, 846, 369, 422, 912, 751, 862, 349, 98, 569, 970, 254, 681, 802, 210, 246, 400, 424, 226, 820, 355, 318, 154, 738, 336, 234, 430, 450, 104, 661, 251, 967, 567, 953, 700, 189, 330, 72, 838, 921, 356, 609, 162, 564, 468, 270, 142, 335, 179, 276, 925, 459, 314, 218, 884, 706, 782, 734, 530, 606, 59, 603, 301, 367, 520, 508, 364, 458, 844, 279, 809, 185, 952, 273, 546, 754, 689, 228, 211, 426, 955, 478, 473, 144, 536, 752, 143, 130, 21, 441, 561, 864, 842, 932, 500, 78, 794, 719, 466, 266, 34, 857, 445, 602, 333, 896, 320, 839, 259, 655, 772, 76, 552, 968, 833, 792, 748, 743, 716, 368, 873, 178, 164, 121, 937, 395, 433, 287, 18, 151, 50, 619, 533, 288, 830, 800, 230, 518, 657, 290, 476, 775, 840, 705, 149, 969, 680, 485, 326, 465, 112, 551, 403, 470, 180, 787, 928, 652, 658, 474, 764, 907, 391, 712, 854, 783, 920, 43, 201, 626, 299, 488, 632, 529, 709, 263, 124, 232, 170, 16, 758, 401, 390, 806, 869, 885, 886, 614, 306, 105, 585, 957, 97, 577, 803, 623, 491, 856, 935, 718, 447, 936, 946, 96, 931, 554, 727, 109, 406, 868, 702, 258, 831, 639, 365, 821, 640, 863, 755, 307, 150, 521, 653, 281, 115, 505, 512, 284, 5, 496, 669, 837, 71, 271, 965, 404, 14, 891, 110, 675, 666, 345, 898, 644, 363, 501, 308, 489, 972, 589, 745, 267, 353, 617, 296, 575, 44, 399, 817, 651, 310, 848, 493, 213, 28, 731, 460, 492, 202, 544, 645, 3, 615, 733, 357, 15, 317, 7, 620, 502, 469, 354, 933, 679, 77, 209, 102, 909, 926, 677, 123, 659, 695, 137, 951, 607, 597, 197, 311, 958, 753, 60, 448, 35, 672, 584, 573, 392, 195, 911, 482, 135, 789, 220, 186, 397, 942, 294, 714, 286, 825, 86, 708, 707, 813, 319, 127, 261, 704, 437, 594, 516, 593, 242, 420, 927, 977, 834, 638, 939, 887, 187, 264, 107, 647, 773, 339, 673, 975, 523, 637, 582, 710, 880, 45, 547, 106, 721, 807, 480, 146, 867, 111, 361, 249, 139, 950, 79, 801, 322, 674, 93, 409, 904, 532, 790, 467, 413, 770, 214, 788, 237, 720, 269, 250, 328, 165, 410, 915, 671, 827, 362, 494, 665, 346, 156, 454, 771, 542, 58, 979, 203, 650, 24, 628, 233, 497, 815, 865, 402, 315, 487, 713, 956, 275, 238, 272, 81, 722, 181, 119, 498, 663, 506, 694, 962, 612, 507, 495, 300, 895, 592, 253, 337, 457, 861, 598, 451, 215, 2, 728, 906, 252, 562, 199, 785, 604, 757, 174, 52, 255, 184, 978, 918, 784, 291, 766, 194, 100, 974, 767, 667, 781, 289, 70, 756, 68, 875, 443, 877, 654, 964, 103, 509, 427, 148, 870, 740, 472, 843, 55, 611, 118, 692, 204, 510, 646, 829, 514, 660, 471, 166, 285, 750, 826, 190, 429, 797, 724, 324, 182, 423, 158, 92, 8, 175, 217, 596, 923, 477, 302, 383, 919, 414, 636, 193, 67, 293, 388, 481, 776, 744, 323, 245, 439, 778, 579, 578, 535, 903, 633, 795, 550, 295, 20, 893, 239, 881, 701, 929, 94, 559, 897, 828, 378, 822, 693, 63, 39, 9, 832, 799, 85, 934, 163, 890, 940, 543, 216, 136, 805, 329, 648, 241, 528, 348, 411, 128, 804, 117, 793, 590, 511, 818, 129, 80, 344, 46, 56, 462, 522, 205, 359, 280, 375, 152, 66, 134, 265, 417, 814, 432, 513, 305, 711, 699, 595, 206, 12, 340, 374, 351, 686, 222, 581, 11, 548, 678, 963, 531, 534, 99, 360, 922, 159, 910, 798, 916, 435, 484, 717, 304, 765, 17, 83, 191, 428, 125, 944, 688, 556, 519, 685, 332, 849, 621, 386, 768, 558, 277, 943, 338, 207, 845, 54, 608, 976, 587, 883, 334, 723, 900, 742, 703, 283, 47, 140, 894, 321, 517, 208, 690, 780, 453, 555, 515, 947, 74, 1, 761, 278, 167, 108, 760, 683, 670, 618, 872, 557, 40, 525, 88, 229, 341, 490, 27, 902, 224, 342, 763, 889, 566, 138, 930, 527, 316, 565, 835, 600, 6, 19, 243, 373, 610, 141, 949, 331, 899, 51, 746, 635, 350, 114, 431, 676, 808, 64, 415, 303, 440, 200, 499, 613, 541, 69, 407, 811, 244, 41, 882, 747, 642, 737, 479, 183, 13, 631, 421, 247, 668, 824, 418, 888, 572, 643, 120, 384, 697, 31, 762, 419, 777, 436, 539, 463, 588, 905, 268, 416, 257, 656, 605, 132, 796, 538, 586, 475, 851, 908, 959, 297, 23, 116, 91, 580, 624, 221, 774, 715, 662, 841, 729, 168, 62, 901, 941, 65, 313, 876, 309, 196, 75, 664, 327, 42, 616, 545, 892, 816, 971, 225, 347, 38, 627, 160]
labeling = [27, 848, 616, 439, 114, 405, 861, 451, 670, 731, 40, 774, 767, 911, 413, 454, 352, 801, 287, 874, 713, 266, 107, 938, 583, 20, 74, 865, 444, 21, 18, 927, 47, 6, 276, 482, 62, 2, 981, 732, 858, 900, 969, 340, 433, 516, 756, 822, 100, 43, 309, 886, 625, 65, 824, 658, 758, 128, 569, 240, 478, 130, 964, 697, 889, 965, 751, 694, 644, 901, 642, 410, 214, 58, 842, 948, 288, 459, 275, 543, 752, 587, 170, 803, 10, 714, 504, 7, 860, 97, 61, 951, 677, 547, 721, 173, 381, 371, 188, 791, 636, 53, 463, 650, 207, 348, 529, 524, 840, 382, 416, 539, 324, 22, 882, 401, 946, 741, 653, 598, 922, 303, 15, 468, 350, 804, 138, 497, 747, 743, 263, 36, 939, 156, 753, 489, 718, 457, 871, 540, 832, 883, 225, 265, 262, 55, 531, 139, 639, 308, 397, 307, 765, 33, 199, 164, 573, 4, 672, 792, 983, 94, 220, 735, 301, 563, 668, 834, 962, 147, 357, 162, 37, 157, 624, 680, 39, 1, 297, 226, 333, 581, 678, 906, 629, 250, 492, 522, 79, 208, 673, 805, 142, 693, 628, 479, 968, 469, 90, 617, 896, 347, 443, 580, 661, 755, 762, 823, 839, 461, 177, 256, 144, 442, 556, 608, 729, 682, 219, 51, 490, 954, 780, 116, 867, 978, 189, 71, 255, 862, 315, 133, 328, 572, 205, 113, 101, 559, 592, 717, 31, 738, 510, 872, 907, 701, 193, 914, 131, 541, 555, 200, 614, 609, 172, 627, 42, 934, 387, 283, 46, 501, 28, 355, 523, 766, 274, 423, 932, 550, 223, 404, 597, 252, 11, 595, 229, 817, 849, 249, 760, 396, 109, 835, 402, 669, 500, 302, 291, 640, 310, 635, 146, 689, 496, 712, 430, 949, 149, 349, 605, 244, 686, 894, 800, 775, 368, 394, 421, 963, 434, 473, 29, 942, 234, 576, 864, 448, 197, 495, 277, 812, 545, 699, 675, 80, 322, 971, 560, 722, 204, 878, 802, 280, 826, 227, 203, 606, 821, 526, 781, 863, 847, 84, 754, 420, 571, 979, 744, 179, 884, 776, 178, 427, 436, 195, 215, 452, 153, 761, 764, 538, 568, 412, 236, 377, 38, 228, 299, 182, 148, 0, 126, 879, 746, 763, 44, 3, 726, 63, 52, 93, 30, 688, 924, 110, 815, 122, 696, 26, 361, 326, 471, 161, 50, 305, 45, 494, 96, 435, 187, 359, 578, 329, 411, 140, 384, 903, 72, 548, 564, 745, 104, 553, 690, 893, 933, 768, 919, 920, 512, 915, 184, 679, 185, 108, 258, 647, 786, 674, 198, 890, 771, 304, 73, 796, 930, 491, 76, 687, 895, 267, 78, 641, 120, 253, 166, 373, 480, 143, 196, 610, 167, 843, 575, 158, 56, 611, 238, 232, 446, 102, 759, 929, 91, 327, 257, 546, 221, 453, 331, 667, 649, 246, 330, 944, 320, 684, 259, 909, 537, 692, 477, 124, 795, 325, 132, 591, 351, 422, 853, 367, 447, 431, 567, 603, 406, 586, 600, 898, 273, 414, 455, 23, 9, 400, 589, 604, 245, 652, 655, 748, 403, 773, 663, 845, 483, 837, 316, 809, 224, 398, 757, 509, 16, 859, 57, 873, 742, 354, 217, 789, 551, 312, 772, 703, 264, 25, 941, 910, 115, 899, 562, 739, 449, 955, 233, 533, 785, 152, 710, 319, 285, 60, 379, 836, 807, 856, 808, 723, 155, 269, 622, 92, 222, 857, 870, 211, 121, 190, 59, 19, 921, 487, 123, 432, 41, 346, 700, 704, 950, 783, 518, 168, 485, 365, 943, 825, 931, 426, 749, 68, 607, 508, 499, 779, 681, 474, 615, 87, 877, 5, 279, 242, 612, 937, 231, 472, 818, 218, 881, 651, 599, 897, 366, 441, 973, 429, 851, 311, 456, 810, 99, 372, 952, 171, 342, 974, 585, 49, 24, 913, 353, 706, 129, 880, 691, 532, 517, 390, 389, 86, 908, 912, 409, 445, 662, 511, 727, 159, 582, 438, 335, 399, 645, 284, 935, 318, 337, 467, 665, 202, 958, 596, 970, 570, 418, 637, 917, 408, 838, 565, 484, 528, 544, 417, 887, 466, 787, 460, 323, 191, 12, 852, 64, 811, 782, 35, 806, 254, 830, 81, 659, 730, 601, 464, 163, 925, 85, 778, 210, 711, 386, 833, 493, 314, 235, 507, 505, 344, 534, 777, 341, 593, 498, 953, 298, 798, 376, 272, 561, 520, 584, 827, 676, 118, 82, 383, 618, 960, 106, 428, 135, 450, 239, 83, 160, 891, 201, 67, 656, 70, 831, 293, 698, 425, 888, 904, 296, 69, 671, 174, 243, 475, 241, 395, 623, 621, 356, 77, 850, 844, 923, 868, 339, 797, 626, 638, 814, 103, 554, 577, 286, 513, 956, 295, 695, 928, 702, 112, 841, 633, 237, 343, 634, 619, 66, 334, 558, 488, 552, 95, 294, 736, 270, 708, 936, 664, 793, 734, 306, 542, 192, 369, 733, 740, 362, 527, 892, 251, 13, 905, 111, 506, 770, 588, 972, 437, 750, 89, 194, 392, 728, 14, 918, 502, 666, 566, 724, 660, 313, 388, 707, 292, 503, 875, 141, 391, 206, 281, 321, 959, 271, 657, 247, 799, 180, 32, 440, 813, 136, 940, 150, 137, 338, 176, 374, 278, 8, 34, 125, 613, 186, 393, 268, 590, 127, 535, 385, 358, 654, 169, 854, 300, 134, 646, 957, 648, 151, 119, 536, 709, 902, 816, 213, 363, 364, 521, 916, 866, 737, 415, 975, 715, 828, 594, 282, 725, 419, 885, 829, 966, 855, 705, 549, 926, 620, 332, 945, 462, 794, 486, 183, 88, 48, 557, 790, 165, 632, 685, 345, 216, 784, 683, 105, 230, 465, 514, 336, 719, 869, 375, 261, 458, 716, 360, 378, 289, 175, 519, 720, 961, 481, 819, 788, 154, 380, 846, 117, 876, 525, 470, 248, 212, 75, 260, 574, 370, 476, 947, 145, 54, 602, 769, 643, 407, 17, 209, 290, 317, 181, 977, 424, 98, 630, 530, 820, 515, 631, 579]
convergência = []

===== FIM =====
