===== RESULTADO BRKGA L(2,1) =====
Arquivo: /Users/mateuspedrosa/Documents/TCC-II/BRKGA/data/random/erdos_n784_p0.4.mtx

----- Execução #1 -----
[INFO] Time limit atingido: 15 minutos. Interrompido no meio de uma geração.
Tempo de execução: 900722ms
Span (lambda): 783
best_order = [342, 781, 363, 7, 578, 395, 476, 557, 36, 132, 366, 425, 217, 160, 653, 495, 511, 345, 263, 182, 70, 85, 136, 258, 25, 468, 560, 762, 235, 153, 2, 672, 378, 91, 318, 521, 396, 389, 453, 350, 146, 206, 488, 766, 528, 663, 134, 276, 301, 765, 709, 569, 549, 583, 673, 409, 11, 138, 187, 86, 307, 67, 539, 600, 128, 186, 735, 58, 213, 294, 515, 52, 223, 13, 601, 490, 243, 221, 233, 348, 68, 484, 772, 547, 692, 272, 200, 470, 660, 390, 529, 614, 465, 590, 76, 461, 55, 503, 737, 460, 723, 439, 546, 584, 309, 398, 416, 572, 283, 748, 71, 768, 384, 123, 624, 247, 426, 687, 96, 302, 493, 555, 367, 33, 229, 683, 140, 604, 16, 198, 297, 193, 520, 755, 507, 722, 300, 49, 275, 506, 641, 74, 117, 661, 102, 205, 676, 434, 315, 191, 417, 287, 497, 403, 387, 374, 357, 135, 646, 771, 533, 684, 23, 327, 455, 268, 575, 29, 232, 94, 111, 324, 246, 447, 337, 570, 725, 169, 150, 662, 173, 679, 628, 774, 66, 413, 257, 745, 260, 241, 443, 565, 527, 248, 199, 454, 98, 321, 536, 603, 449, 64, 588, 677, 752, 472, 196, 281, 466, 43, 700, 51, 179, 370, 6, 747, 726, 517, 540, 407, 681, 610, 431, 738, 216, 593, 176, 265, 226, 478, 471, 375, 211, 686, 230, 531, 175, 115, 602, 743, 214, 591, 491, 77, 523, 167, 172, 261, 650, 615, 231, 553, 251, 665, 26, 428, 627, 0, 358, 379, 761, 161, 777, 655, 505, 220, 326, 209, 749, 741, 554, 411, 442, 45, 130, 88, 501, 152, 147, 464, 487, 12, 648, 776, 269, 558, 314, 751, 702, 518, 525, 328, 489, 651, 14, 157, 141, 543, 21, 733, 40, 480, 100, 666, 391, 647, 158, 325, 312, 534, 769, 706, 308, 639, 15, 224, 222, 703, 469, 30, 104, 508, 742, 652, 474, 623, 421, 405, 713, 329, 631, 414, 532, 22, 450, 183, 682, 522, 589, 171, 621, 739, 656, 698, 73, 165, 401, 322, 730, 671, 164, 349, 750, 457, 129, 377, 658, 120, 298, 242, 274, 691, 445, 397, 280, 249, 710, 234, 440, 38, 159, 346, 331, 640, 618, 513, 587, 237, 611, 605, 360, 355, 394, 617, 354, 609, 535, 568, 116, 551, 705, 386, 670, 110, 286, 10, 619, 142, 34, 645, 734, 690, 305, 103, 304, 118, 347, 215, 330, 629, 760, 744, 353, 9, 82, 711, 688, 770, 131, 552, 101, 93, 577, 339, 430, 254, 162, 92, 8, 316, 635, 451, 369, 437, 277, 668, 731, 166, 99, 53, 463, 579, 675, 514, 388, 502, 780, 37, 42, 753, 341, 56, 332, 415, 174, 219, 270, 264, 4, 563, 63, 240, 373, 537, 435, 481, 285, 207, 632, 712, 69, 79, 699, 637, 746, 633, 433, 105, 616, 154, 144, 596, 724, 545, 524, 133, 279, 754, 256, 625, 156, 84, 779, 313, 335, 46, 271, 783, 57, 581, 483, 542, 594, 236, 574, 626, 178, 194, 716, 412, 482, 61, 81, 380, 500, 695, 203, 137, 365, 643, 145, 278, 697, 580, 701, 262, 422, 227, 362, 778, 295, 427, 419, 392, 368, 239, 24, 352, 168, 244, 238, 62, 112, 192, 252, 620, 630, 31, 177, 689, 47, 571, 108, 288, 197, 195, 228, 121, 114, 28, 201, 225, 170, 576, 526, 20, 544, 599, 485, 566, 516, 124, 567, 323, 208, 299, 479, 714, 696, 113, 729, 212, 510, 361, 143, 573, 693, 418, 585, 659, 59, 674, 181, 763, 622, 351, 151, 78, 410, 87, 127, 139, 400, 423, 371, 273, 477, 607, 18, 456, 728, 556, 562, 399, 334, 775, 597, 678, 649, 606, 406, 538, 498, 310, 60, 185, 704, 438, 282, 494, 189, 402, 54, 664, 595, 5, 492, 685, 83, 757, 259, 202, 89, 1, 320, 80, 530, 467, 638, 717, 512, 636, 376, 504, 634, 669, 452, 119, 441, 155, 519, 582, 758, 44, 126, 767, 509, 598, 204, 32, 383, 541, 292, 3, 291, 210, 613, 393, 458, 190, 429, 364, 708, 106, 65, 680, 759, 756, 707, 459, 359, 333, 550, 284, 48, 446, 608, 125, 293, 559, 432, 188, 39, 473, 75, 782, 19, 462, 356, 564, 319, 253, 372, 17, 343, 448, 180, 764, 266, 289, 267, 163, 344, 667, 586, 694, 336, 385, 306, 41, 250, 475, 382, 732, 436, 404, 561, 50, 499, 657, 720, 303, 90, 736, 719, 486, 107, 311, 548, 715, 290, 109, 149, 721, 642, 317, 27, 218, 496, 72, 184, 644, 97, 654, 122, 245, 718, 296, 338, 612, 381, 592, 148, 773, 727, 408, 95, 255, 444, 35, 420, 740, 424, 340]
labeling = [258, 639, 31, 674, 456, 632, 218, 3, 424, 413, 398, 58, 282, 75, 297, 314, 125, 712, 608, 709, 563, 302, 334, 163, 537, 23, 254, 758, 561, 157, 322, 543, 666, 123, 400, 781, 5, 447, 369, 705, 296, 731, 448, 203, 662, 273, 494, 550, 694, 138, 733, 213, 73, 435, 633, 98, 451, 500, 65, 591, 624, 512, 542, 460, 204, 685, 185, 61, 82, 471, 21, 109, 762, 347, 143, 699, 92, 242, 599, 458, 647, 511, 414, 640, 493, 22, 60, 600, 275, 637, 740, 34, 430, 420, 171, 777, 120, 765, 197, 439, 303, 423, 142, 407, 319, 477, 683, 742, 551, 751, 396, 173, 541, 578, 556, 237, 390, 145, 402, 661, 359, 559, 767, 116, 571, 695, 665, 602, 64, 346, 274, 416, 8, 484, 42, 158, 24, 517, 55, 604, 127, 292, 391, 585, 478, 520, 39, 278, 775, 753, 180, 590, 276, 30, 481, 657, 486, 299, 308, 371, 14, 263, 428, 723, 352, 344, 438, 244, 538, 179, 560, 337, 247, 176, 455, 235, 223, 548, 508, 215, 716, 593, 20, 335, 763, 626, 66, 57, 703, 630, 679, 151, 544, 133, 509, 554, 207, 555, 130, 196, 78, 558, 646, 516, 664, 144, 41, 469, 573, 268, 672, 236, 581, 70, 239, 404, 226, 12, 754, 457, 259, 76, 317, 71, 316, 562, 230, 528, 557, 124, 227, 250, 169, 79, 362, 28, 505, 378, 540, 535, 462, 178, 358, 67, 539, 768, 175, 111, 194, 366, 730, 252, 546, 711, 426, 776, 490, 188, 19, 644, 190, 249, 527, 17, 459, 225, 719, 721, 166, 285, 454, 496, 85, 607, 360, 139, 48, 436, 521, 489, 364, 209, 629, 105, 693, 466, 387, 150, 553, 720, 749, 675, 673, 700, 72, 532, 766, 131, 348, 576, 136, 46, 122, 743, 406, 405, 729, 59, 311, 104, 623, 746, 304, 495, 287, 149, 429, 752, 36, 710, 641, 198, 350, 574, 170, 309, 266, 161, 293, 330, 409, 374, 452, 692, 614, 492, 726, 174, 764, 425, 785, 450, 0, 715, 722, 18, 372, 408, 81, 353, 40, 597, 533, 411, 381, 382, 708, 156, 260, 690, 380, 584, 530, 2, 681, 518, 10, 121, 531, 433, 217, 606, 713, 464, 155, 234, 643, 357, 32, 257, 514, 759, 727, 668, 114, 728, 394, 154, 444, 37, 89, 305, 536, 678, 383, 6, 38, 365, 106, 613, 598, 349, 631, 153, 736, 328, 621, 220, 774, 56, 595, 272, 510, 187, 332, 453, 107, 148, 587, 529, 783, 325, 524, 605, 782, 11, 113, 534, 255, 680, 422, 224, 701, 476, 147, 465, 735, 434, 627, 102, 368, 653, 271, 192, 779, 363, 696, 177, 717, 202, 333, 427, 659, 35, 193, 159, 610, 355, 676, 689, 96, 97, 704, 440, 280, 93, 211, 645, 25, 320, 87, 232, 205, 702, 324, 732, 7, 601, 229, 577, 301, 467, 504, 502, 84, 565, 744, 281, 43, 290, 74, 243, 636, 117, 625, 16, 760, 152, 617, 737, 513, 277, 445, 94, 654, 265, 141, 132, 315, 669, 582, 15, 650, 375, 443, 69, 569, 221, 291, 663, 135, 33, 338, 245, 487, 288, 566, 191, 45, 90, 648, 238, 327, 164, 310, 386, 195, 463, 622, 62, 214, 670, 501, 300, 567, 485, 103, 83, 748, 49, 691, 392, 421, 251, 270, 119, 611, 9, 284, 697, 26, 738, 612, 461, 706, 189, 570, 572, 388, 51, 168, 552, 108, 583, 506, 167, 564, 418, 4, 442, 523, 497, 655, 53, 100, 588, 725, 377, 199, 340, 95, 241, 773, 228, 503, 635, 482, 615, 671, 568, 63, 77, 240, 200, 128, 379, 620, 603, 698, 385, 216, 373, 771, 677, 91, 248, 479, 384, 376, 389, 545, 341, 596, 326, 118, 491, 507, 256, 182, 410, 547, 331, 468, 475, 656, 432, 652, 474, 649, 313, 370, 134, 756, 519, 761, 401, 160, 307, 283, 619, 246, 295, 323, 13, 757, 264, 343, 739, 356, 589, 88, 140, 181, 47, 634, 253, 298, 714, 431, 658, 395, 351, 29, 54, 592, 441, 146, 201, 618, 183, 684, 222, 336, 126, 165, 638, 233, 115, 417, 549, 403, 361, 86, 586, 724, 515, 579, 522, 345, 472, 212, 525, 286, 318, 628, 393, 312, 688, 682, 52, 367, 415, 470, 329, 575, 750, 499, 651, 769, 747, 741, 755, 137, 101, 483, 172, 219, 772, 609, 580, 342, 437, 734, 294, 397, 68, 745, 99, 210, 339, 780, 269, 321, 231, 399, 186, 473, 208, 110, 267, 354, 289, 206, 449, 480, 129, 687, 642, 660, 686, 412, 261, 27, 594, 718, 50, 44, 667, 112, 306, 419, 162, 80, 770, 184, 616, 279, 262, 526, 488, 446, 1, 707, 498]
convergência = []

===== FIM =====
