===== RESULTADO BRKGA L(2,1) =====
Arquivo: /Users/mateuspedrosa/Documents/TCC-II/BRKGA/data/random/erdos_n642_p0.4.mtx

----- Execução #1 -----
[INFO] Time limit atingido: 15 minutos. Interrompido no meio de uma geração.
Tempo de execução: 900030ms
Span (lambda): 641
best_order = [349, 446, 463, 639, 597, 326, 79, 533, 38, 186, 449, 123, 425, 614, 523, 97, 211, 419, 89, 37, 198, 291, 214, 278, 348, 394, 592, 44, 226, 589, 4, 333, 27, 67, 196, 508, 272, 131, 10, 613, 43, 626, 282, 522, 499, 249, 494, 483, 71, 363, 72, 417, 455, 577, 599, 92, 480, 469, 527, 384, 451, 310, 15, 104, 544, 353, 137, 161, 598, 246, 335, 323, 147, 462, 412, 566, 213, 377, 610, 438, 409, 368, 601, 122, 129, 270, 635, 305, 157, 133, 559, 69, 575, 138, 258, 102, 193, 602, 407, 221, 315, 241, 90, 557, 273, 242, 538, 13, 367, 470, 430, 478, 385, 443, 29, 62, 236, 491, 444, 558, 490, 571, 334, 356, 638, 555, 402, 464, 134, 336, 212, 259, 23, 441, 183, 309, 227, 321, 126, 184, 118, 0, 99, 434, 474, 431, 450, 132, 607, 564, 503, 94, 218, 303, 595, 519, 215, 146, 389, 325, 423, 54, 458, 641, 373, 400, 517, 604, 539, 16, 432, 292, 56, 586, 634, 55, 179, 170, 476, 350, 95, 83, 515, 388, 629, 632, 442, 78, 197, 245, 426, 17, 505, 149, 261, 420, 140, 548, 46, 175, 318, 467, 346, 424, 290, 255, 115, 471, 116, 546, 631, 551, 139, 234, 288, 108, 398, 182, 6, 501, 567, 190, 447, 2, 364, 11, 521, 3, 5, 86, 401, 281, 103, 271, 75, 337, 581, 33, 264, 588, 192, 205, 427, 180, 68, 208, 628, 347, 117, 73, 308, 63, 493, 206, 331, 70, 284, 9, 96, 391, 39, 329, 580, 404, 66, 28, 49, 382, 51, 572, 396, 228, 479, 210, 317, 621, 269, 381, 448, 244, 379, 630, 553, 492, 285, 360, 158, 188, 532, 216, 312, 579, 619, 178, 475, 60, 152, 351, 393, 488, 371, 416, 565, 485, 20, 578, 445, 167, 545, 119, 156, 562, 150, 452, 387, 219, 627, 100, 141, 160, 338, 618, 279, 93, 405, 461, 121, 328, 358, 591, 256, 172, 53, 369, 487, 168, 520, 202, 57, 144, 31, 125, 173, 101, 80, 497, 280, 516, 593, 620, 223, 380, 543, 238, 107, 47, 243, 611, 513, 375, 376, 289, 18, 413, 484, 64, 301, 263, 302, 225, 357, 330, 286, 378, 537, 552, 594, 456, 201, 428, 295, 534, 171, 587, 563, 304, 392, 36, 164, 573, 466, 623, 112, 111, 486, 536, 510, 339, 52, 352, 276, 187, 128, 324, 605, 365, 322, 151, 207, 12, 507, 343, 260, 287, 50, 200, 130, 421, 370, 354, 127, 250, 181, 500, 633, 502, 135, 65, 568, 277, 560, 531, 383, 411, 556, 482, 625, 257, 155, 294, 58, 468, 159, 526, 76, 609, 163, 232, 26, 194, 313, 283, 251, 612, 615, 366, 204, 590, 340, 311, 252, 81, 439, 306, 239, 440, 540, 524, 617, 512, 142, 91, 293, 489, 459, 374, 77, 296, 25, 240, 496, 230, 34, 87, 415, 561, 105, 61, 203, 298, 504, 233, 165, 84, 191, 19, 174, 222, 362, 254, 355, 403, 266, 436, 422, 509, 583, 582, 606, 454, 307, 22, 21, 30, 40, 530, 453, 397, 195, 435, 547, 457, 514, 217, 596, 506, 185, 550, 495, 429, 8, 344, 268, 265, 418, 386, 297, 359, 465, 414, 549, 262, 603, 41, 98, 166, 525, 542, 248, 85, 237, 32, 472, 24, 433, 114, 345, 624, 341, 460, 616, 395, 585, 189, 124, 300, 410, 408, 209, 177, 511, 253, 162, 554, 637, 45, 314, 169, 316, 622, 437, 640, 332, 220, 570, 390, 576, 153, 148, 399, 74, 136, 229, 319, 88, 145, 574, 7, 636, 600, 59, 274, 154, 584, 528, 199, 109, 82, 608, 529, 473, 477, 372, 361, 275, 42, 110, 541, 231, 518, 327, 481, 299, 235, 498, 224, 48, 247, 406, 1, 176, 106, 113, 535, 342, 569, 120, 320, 35, 14, 143, 267]
labeling = [141, 631, 224, 227, 30, 229, 220, 595, 531, 258, 39, 225, 410, 107, 640, 59, 171, 189, 364, 497, 306, 513, 512, 133, 555, 472, 449, 33, 266, 114, 514, 342, 551, 238, 483, 636, 388, 19, 3, 262, 508, 542, 615, 41, 26, 575, 199, 356, 623, 267, 417, 269, 400, 333, 154, 176, 173, 339, 444, 601, 297, 482, 115, 252, 357, 428, 265, 34, 245, 89, 255, 48, 50, 249, 591, 235, 447, 478, 188, 9, 343, 461, 606, 181, 493, 549, 228, 485, 590, 17, 94, 470, 56, 326, 150, 180, 256, 15, 544, 143, 318, 340, 87, 232, 65, 487, 633, 355, 216, 604, 618, 392, 395, 630, 552, 206, 208, 248, 136, 309, 634, 325, 83, 12, 566, 338, 134, 414, 404, 84, 418, 37, 148, 91, 127, 426, 592, 63, 97, 213, 193, 319, 471, 642, 341, 597, 152, 74, 587, 194, 314, 411, 299, 585, 605, 440, 312, 90, 287, 445, 320, 68, 573, 446, 387, 492, 545, 307, 332, 577, 177, 382, 330, 344, 498, 201, 626, 569, 293, 167, 242, 421, 218, 137, 139, 528, 11, 403, 286, 565, 221, 495, 241, 98, 451, 519, 36, 190, 21, 608, 416, 380, 337, 488, 456, 233, 253, 402, 247, 560, 273, 16, 130, 72, 22, 159, 289, 518, 153, 315, 584, 99, 494, 352, 627, 363, 28, 140, 272, 594, 474, 620, 437, 491, 214, 624, 116, 550, 354, 465, 481, 103, 106, 358, 280, 191, 71, 629, 547, 45, 419, 453, 460, 574, 499, 205, 331, 435, 96, 131, 413, 196, 541, 365, 239, 535, 503, 639, 533, 277, 85, 234, 32, 104, 603, 616, 401, 429, 24, 324, 346, 231, 42, 448, 257, 284, 375, 415, 215, 361, 204, 20, 169, 473, 442, 383, 480, 537, 490, 621, 567, 370, 372, 155, 385, 88, 464, 511, 250, 138, 64, 458, 290, 450, 576, 92, 578, 275, 197, 596, 638, 132, 409, 73, 398, 162, 7, 622, 329, 259, 374, 254, 580, 31, 124, 66, 129, 236, 322, 399, 459, 554, 635, 408, 524, 557, 202, 246, 25, 0, 178, 291, 394, 61, 422, 501, 123, 373, 328, 534, 285, 614, 496, 49, 226, 407, 455, 108, 82, 334, 420, 302, 613, 168, 476, 360, 362, 79, 371, 281, 349, 278, 264, 432, 60, 109, 536, 313, 184, 161, 583, 260, 386, 296, 23, 563, 271, 516, 212, 589, 170, 230, 126, 502, 263, 327, 628, 101, 570, 81, 568, 433, 77, 366, 538, 484, 300, 51, 532, 18, 198, 412, 500, 164, 203, 8, 182, 243, 381, 530, 112, 146, 172, 556, 145, 521, 505, 581, 80, 462, 466, 135, 187, 111, 119, 308, 2, 217, 279, 5, 144, 62, 305, 517, 510, 53, 378, 523, 166, 477, 559, 323, 76, 1, 128, 539, 391, 200, 439, 57, 110, 207, 553, 610, 142, 295, 179, 611, 113, 268, 58, 619, 436, 46, 368, 304, 390, 335, 301, 475, 122, 118, 283, 251, 47, 529, 479, 345, 625, 40, 424, 219, 425, 147, 489, 192, 526, 405, 38, 504, 397, 572, 469, 359, 525, 183, 347, 158, 612, 156, 336, 223, 44, 14, 468, 546, 443, 52, 607, 602, 515, 431, 288, 10, 379, 632, 396, 367, 102, 165, 463, 617, 548, 351, 67, 310, 210, 522, 195, 540, 527, 211, 369, 276, 562, 125, 434, 105, 120, 93, 427, 486, 311, 376, 151, 298, 70, 222, 430, 637, 586, 117, 270, 389, 593, 95, 588, 55, 303, 292, 261, 237, 509, 507, 600, 564, 174, 384, 240, 29, 457, 321, 27, 348, 377, 157, 520, 6, 69, 54, 599, 78, 100, 543, 163, 406, 506, 149, 609, 441, 75, 353, 454, 35, 13, 452, 561, 467, 317, 294, 350, 274, 579, 393, 558, 438, 43, 316, 244, 186, 282, 209, 185, 423, 175, 86, 598, 571, 121, 4, 582, 160]
convergência = [641]

===== FIM =====
