===== RESULTADO BRKGA L(2,1) =====
Arquivo: /Users/mateuspedrosa/Documents/TCC-II/BRKGA/data/random/erdos_n140_p0.8.mtx

----- Execução #1 -----
[INFO] Time limit atingido: 15 minutos. Interrompido no meio de uma geração.
Tempo de execução: 900001ms
Span (lambda): 140
best_order = [49, 10, 60, 48, 7, 66, 69, 64, 67, 107, 105, 41, 114, 45, 2, 95, 77, 29, 115, 43, 51, 89, 118, 133, 97, 32, 138, 33, 36, 116, 72, 4, 28, 93, 124, 20, 134, 103, 136, 113, 9, 92, 24, 120, 6, 47, 131, 61, 70, 106, 112, 71, 50, 3, 68, 19, 54, 86, 79, 117, 123, 22, 27, 59, 25, 127, 75, 31, 26, 81, 100, 37, 82, 102, 108, 35, 0, 73, 40, 84, 91, 16, 42, 14, 104, 74, 126, 13, 88, 34, 38, 125, 18, 55, 99, 12, 87, 44, 21, 46, 56, 15, 76, 139, 58, 23, 39, 98, 1, 130, 132, 101, 62, 53, 85, 111, 11, 5, 63, 110, 96, 129, 8, 57, 90, 135, 80, 121, 109, 30, 122, 94, 17, 65, 78, 52, 137, 128, 119, 83]
labeling = [65, 118, 26, 64, 39, 111, 47, 8, 126, 50, 2, 100, 85, 101, 98, 112, 93, 102, 105, 68, 3, 79, 74, 51, 53, 78, 82, 41, 29, 17, 106, 61, 21, 19, 71, 92, 23, 86, 103, 115, 81, 20, 96, 32, 95, 24, 109, 13, 6, 0, 62, 34, 131, 125, 70, 89, 110, 132, 108, 76, 4, 57, 73, 127, 12, 143, 10, 14, 66, 9, 33, 37, 15, 94, 99, 80, 91, 28, 145, 72, 75, 67, 63, 150, 35, 121, 54, 83, 87, 25, 133, 49, 52, 42, 141, 5, 124, 7, 117, 107, 84, 123, 88, 45, 59, 18, 58, 16, 90, 137, 128, 97, 60, 27, 22, 30, 40, 43, 36, 148, 55, 135, 139, 56, 44, 69, 77, 11, 119, 130, 120, 1, 122, 31, 46, 129, 48, 147, 38, 113]
convergência = [145, 145, 144, 144, 142, 142, 142, 142, 142, 142, 142, 142, 141, 141, 141, 141, 141, 141, 141, 141, 141, 141, 141, 141, 141, 141, 141, 141, 141, 140, 140, 140, 140, 140, 140, 140, 140, 140, 140, 140, 140, 140, 140, 140, 140, 140, 140, 140, 140, 140, 140, 140, 140, 140, 140, 140, 140]

===== FIM =====
