===== RESULTADO BRKGA L(2,1) =====
Arquivo: /Users/mateuspedrosa/Documents/TCC-II/BRKGA/data/random/erdos_n360_p0.8.mtx

----- Execução #1 -----
[INFO] Time limit atingido: 15 minutos. Interrompido no meio de uma geração.
Tempo de execução: 900153ms
Span (lambda): 364
best_order = [330, 43, 215, 267, 351, 50, 210, 308, 140, 266, 112, 160, 54, 108, 217, 117, 204, 32, 288, 87, 52, 93, 310, 124, 324, 53, 252, 127, 42, 189, 130, 79, 131, 356, 91, 220, 114, 225, 38, 81, 277, 149, 289, 197, 141, 196, 176, 121, 172, 116, 335, 104, 76, 16, 4, 19, 292, 15, 105, 312, 184, 246, 142, 157, 183, 182, 36, 24, 82, 95, 9, 219, 273, 41, 165, 186, 44, 242, 290, 325, 208, 282, 249, 320, 203, 287, 230, 198, 74, 33, 60, 297, 3, 89, 148, 156, 207, 359, 240, 75, 139, 174, 190, 25, 201, 122, 167, 216, 237, 27, 69, 341, 206, 265, 263, 235, 262, 283, 353, 83, 245, 173, 236, 55, 348, 344, 257, 115, 159, 274, 251, 352, 212, 34, 272, 135, 180, 328, 97, 151, 253, 163, 238, 357, 179, 254, 138, 284, 321, 113, 232, 10, 346, 229, 304, 1, 129, 239, 291, 147, 6, 144, 221, 62, 106, 46, 71, 194, 250, 56, 158, 73, 119, 168, 279, 21, 226, 96, 334, 0, 305, 280, 227, 120, 2, 58, 68, 51, 185, 57, 102, 12, 39, 66, 314, 200, 67, 177, 88, 350, 171, 90, 223, 178, 103, 319, 100, 31, 218, 8, 65, 7, 191, 61, 345, 152, 337, 281, 316, 300, 222, 118, 123, 49, 214, 162, 92, 285, 37, 188, 355, 86, 18, 296, 110, 293, 313, 70, 270, 336, 14, 136, 94, 22, 78, 231, 318, 77, 258, 295, 45, 193, 339, 243, 268, 133, 298, 154, 317, 302, 322, 306, 342, 261, 354, 153, 340, 195, 35, 315, 30, 166, 146, 294, 59, 329, 211, 303, 187, 275, 260, 143, 244, 259, 248, 338, 349, 161, 29, 85, 80, 145, 155, 23, 128, 26, 228, 323, 264, 72, 28, 205, 63, 5, 170, 224, 169, 286, 199, 326, 343, 192, 64, 175, 150, 299, 17, 11, 125, 256, 20, 111, 48, 307, 209, 13, 255, 358, 126, 327, 107, 99, 311, 331, 269, 241, 134, 333, 101, 276, 132, 137, 301, 47, 202, 234, 278, 332, 233, 109, 98, 213, 40, 181, 84, 164, 347, 247, 271, 309]
labeling = [188, 172, 198, 102, 66, 279, 175, 227, 212, 49, 170, 303, 201, 339, 253, 57, 64, 333, 239, 59, 300, 134, 222, 309, 80, 118, 306, 125, 316, 304, 282, 176, 27, 105, 152, 263, 79, 240, 40, 203, 321, 86, 41, 2, 92, 259, 153, 354, 271, 171, 10, 189, 31, 7, 19, 144, 111, 197, 200, 288, 107, 229, 179, 320, 330, 225, 205, 211, 151, 115, 248, 182, 315, 147, 103, 110, 62, 260, 206, 43, 307, 48, 53, 87, 368, 305, 231, 9, 215, 91, 219, 1, 214, 3, 254, 81, 181, 132, 292, 332, 210, 351, 199, 162, 60, 70, 180, 325, 21, 342, 247, 335, 12, 166, 28, 141, 58, 23, 226, 184, 196, 36, 120, 234, 15, 319, 314, 39, 287, 173, 30, 45, 336, 264, 349, 156, 208, 352, 143, 112, 14, 54, 38, 297, 157, 275, 284, 104, 61, 24, 317, 113, 186, 278, 235, 267, 69, 63, 174, 46, 17, 302, 218, 126, 338, 88, 241, 122, 185, 255, 310, 202, 56, 140, 114, 246, 34, 213, 169, 161, 123, 366, 77, 67, 74, 139, 90, 293, 242, 22, 116, 195, 328, 164, 159, 261, 20, 26, 55, 326, 209, 106, 356, 97, 25, 318, 129, 109, 96, 337, 11, 290, 44, 364, 236, 4, 124, 18, 223, 83, 47, 177, 228, 204, 322, 32, 149, 194, 311, 130, 101, 256, 168, 348, 358, 95, 142, 71, 158, 128, 78, 347, 94, 243, 299, 138, 75, 257, 289, 99, 183, 150, 37, 108, 65, 341, 329, 148, 233, 301, 295, 252, 135, 133, 312, 131, 16, 6, 191, 345, 249, 371, 154, 84, 93, 273, 350, 50, 360, 187, 192, 178, 98, 136, 163, 238, 324, 82, 29, 52, 51, 137, 68, 237, 286, 262, 245, 73, 266, 331, 216, 353, 270, 291, 155, 190, 272, 265, 13, 281, 33, 308, 72, 220, 207, 280, 232, 268, 258, 221, 76, 165, 250, 313, 35, 85, 298, 344, 119, 285, 0, 296, 362, 346, 167, 42, 251, 230, 294, 224, 269, 127, 274, 283, 146, 193, 145, 370, 117, 277, 217, 8, 100, 121, 276, 244, 5, 160, 343, 89]
convergência = [364, 364]

===== FIM =====
