===== RESULTADO BRKGA L(2,1) =====
Arquivo: /Users/mateuspedrosa/Documents/TCC-II/BRKGA/data/random/erdos_n734_p0.4.mtx

----- Execução #1 -----
[INFO] Time limit atingido: 15 minutos. Interrompido no meio de uma geração.
Tempo de execução: 900359ms
Span (lambda): 733
best_order = [259, 180, 478, 503, 292, 664, 585, 401, 206, 128, 658, 161, 324, 83, 633, 54, 628, 286, 417, 713, 486, 445, 618, 586, 571, 575, 309, 580, 705, 679, 546, 291, 449, 327, 226, 635, 477, 47, 654, 547, 66, 584, 364, 137, 121, 157, 362, 145, 384, 171, 25, 215, 463, 235, 323, 311, 451, 5, 17, 494, 640, 573, 352, 687, 476, 231, 249, 693, 2, 629, 496, 81, 332, 220, 203, 718, 606, 528, 346, 437, 556, 1, 67, 14, 11, 612, 55, 630, 491, 108, 202, 684, 109, 299, 548, 241, 365, 254, 74, 392, 375, 553, 638, 733, 167, 702, 343, 386, 301, 56, 41, 623, 125, 122, 425, 378, 285, 535, 430, 597, 130, 651, 391, 357, 88, 303, 420, 424, 481, 170, 683, 545, 288, 275, 75, 462, 440, 328, 272, 174, 138, 459, 320, 421, 39, 18, 412, 415, 42, 648, 334, 696, 86, 707, 508, 559, 577, 366, 681, 143, 657, 613, 221, 314, 561, 582, 33, 407, 131, 665, 316, 645, 321, 295, 116, 439, 70, 319, 175, 397, 84, 518, 38, 179, 82, 604, 255, 129, 3, 238, 115, 531, 144, 271, 126, 134, 731, 45, 730, 431, 712, 197, 458, 51, 710, 572, 369, 198, 279, 330, 77, 396, 44, 151, 536, 211, 277, 79, 97, 16, 103, 558, 538, 550, 697, 409, 507, 232, 217, 62, 233, 569, 322, 592, 146, 565, 78, 110, 276, 136, 367, 223, 32, 302, 176, 607, 169, 260, 395, 264, 266, 196, 162, 132, 435, 490, 85, 637, 649, 405, 456, 464, 381, 382, 601, 69, 262, 13, 408, 728, 529, 214, 402, 603, 460, 256, 670, 717, 111, 92, 479, 566, 519, 338, 181, 331, 19, 91, 329, 34, 583, 315, 549, 297, 423, 398, 675, 641, 411, 200, 469, 191, 133, 447, 156, 515, 501, 567, 242, 363, 58, 340, 258, 377, 310, 333, 68, 594, 542, 455, 610, 442, 690, 453, 468, 355, 187, 93, 533, 587, 243, 240, 673, 216, 527, 182, 248, 60, 141, 113, 105, 525, 383, 153, 106, 337, 280, 448, 624, 53, 225, 399, 281, 234, 100, 257, 213, 244, 195, 164, 372, 114, 72, 168, 95, 473, 467, 224, 416, 183, 104, 205, 265, 454, 207, 729, 495, 305, 506, 119, 359, 419, 139, 76, 21, 576, 557, 370, 27, 177, 24, 172, 99, 313, 414, 190, 487, 678, 627, 57, 222, 636, 49, 247, 227, 663, 596, 325, 304, 96, 40, 433, 530, 163, 539, 406, 348, 373, 63, 672, 30, 43, 626, 394, 666, 634, 140, 245, 441, 317, 189, 727, 699, 135, 504, 237, 589, 349, 159, 20, 246, 688, 483, 593, 149, 698, 616, 204, 268, 293, 692, 598, 267, 662, 534, 631, 306, 647, 46, 210, 653, 308, 450, 667, 621, 652, 422, 704, 509, 457, 298, 689, 669, 403, 284, 709, 552, 393, 48, 615, 521, 541, 219, 608, 368, 230, 22, 543, 722, 659, 724, 682, 691, 505, 154, 720, 385, 28, 389, 347, 498, 721, 661, 360, 493, 588, 514, 165, 677, 484, 9, 73, 274, 719, 123, 555, 376, 701, 8, 694, 65, 639, 472, 706, 400, 466, 418, 643, 716, 564, 619, 711, 23, 655, 502, 471, 212, 344, 290, 296, 660, 101, 90, 723, 251, 80, 434, 568, 326, 341, 482, 563, 120, 714, 361, 611, 599, 278, 351, 642, 112, 273, 312, 650, 0, 387, 118, 253, 380, 513, 499, 26, 152, 426, 674, 474, 250, 379, 236, 29, 35, 261, 64, 218, 282, 492, 625, 186, 497, 595, 732, 551, 356, 239, 540, 600, 686, 208, 390, 570, 354, 516, 480, 532, 602, 695, 554, 432, 511, 335, 374, 36, 283, 676, 485, 574, 194, 452, 89, 500, 579, 581, 61, 160, 209, 87, 94, 318, 725, 413, 188, 59, 488, 269, 590, 708, 438, 614, 671, 287, 465, 229, 700, 371, 71, 353, 307, 37, 6, 184, 523, 644, 155, 560, 142, 4, 300, 193, 102, 446, 358, 428, 124, 147, 656, 510, 148, 668, 632, 520, 443, 646, 50, 620, 404, 15, 617, 339, 517, 252, 345, 489, 544, 703, 117, 685, 444, 107, 199, 192, 715, 7, 336, 622, 150, 524, 410, 173, 562, 475, 609, 350, 166, 52, 201, 294, 429, 537, 158, 605, 388, 470, 578, 591, 427, 270, 10, 127, 228, 289, 526, 31, 726, 461, 436, 185, 342, 680, 512, 178, 263, 522, 12, 98]
labeling = [564, 83, 69, 190, 655, 58, 648, 692, 518, 503, 718, 82, 735, 267, 84, 676, 220, 59, 148, 283, 430, 382, 489, 536, 391, 50, 569, 389, 496, 575, 422, 719, 242, 156, 290, 580, 612, 647, 182, 136, 410, 106, 149, 421, 205, 198, 460, 42, 467, 401, 672, 204, 701, 351, 17, 86, 104, 396, 311, 631, 337, 618, 230, 414, 581, 521, 37, 78, 318, 268, 178, 645, 364, 509, 98, 134, 384, 211, 237, 214, 545, 70, 185, 14, 180, 258, 154, 626, 122, 616, 544, 286, 280, 327, 623, 365, 409, 216, 731, 395, 354, 530, 659, 221, 370, 341, 347, 688, 91, 94, 238, 278, 557, 339, 361, 188, 173, 681, 566, 377, 552, 41, 113, 511, 658, 112, 191, 720, 11, 189, 120, 170, 255, 301, 193, 435, 234, 35, 142, 385, 427, 338, 654, 160, 194, 47, 236, 663, 665, 445, 696, 213, 571, 346, 495, 652, 305, 48, 710, 439, 624, 10, 248, 415, 360, 501, 699, 105, 363, 247, 130, 49, 393, 698, 140, 179, 245, 390, 730, 183, 1, 287, 331, 368, 649, 726, 587, 324, 629, 432, 392, 302, 686, 657, 619, 358, 254, 203, 208, 690, 298, 706, 88, 72, 447, 371, 9, 374, 597, 625, 457, 217, 537, 356, 273, 52, 333, 228, 583, 483, 75, 164, 400, 241, 367, 348, 36, 404, 721, 642, 487, 67, 227, 229, 353, 56, 579, 437, 186, 594, 328, 96, 304, 332, 357, 429, 441, 403, 336, 62, 577, 543, 675, 568, 95, 187, 275, 355, 309, 0, 249, 582, 264, 732, 250, 372, 253, 454, 449, 634, 716, 196, 141, 561, 513, 132, 239, 219, 555, 209, 345, 350, 584, 613, 477, 117, 15, 639, 133, 715, 539, 31, 6, 448, 703, 174, 540, 293, 472, 90, 656, 111, 244, 125, 406, 379, 458, 644, 462, 28, 316, 51, 562, 380, 166, 292, 171, 431, 627, 175, 145, 172, 233, 53, 13, 408, 548, 34, 139, 288, 210, 279, 73, 313, 151, 610, 694, 340, 285, 679, 312, 549, 725, 109, 538, 677, 79, 499, 412, 438, 704, 560, 63, 646, 599, 326, 590, 124, 661, 381, 505, 554, 45, 310, 46, 97, 158, 240, 485, 202, 388, 641, 362, 419, 611, 100, 517, 314, 114, 573, 570, 265, 262, 344, 43, 498, 110, 565, 705, 500, 598, 123, 99, 479, 418, 251, 212, 177, 296, 352, 526, 5, 259, 475, 674, 257, 416, 165, 269, 226, 695, 299, 147, 630, 394, 143, 369, 12, 527, 383, 127, 146, 466, 289, 128, 115, 574, 714, 662, 707, 119, 201, 609, 411, 546, 246, 724, 81, 633, 176, 137, 426, 321, 669, 687, 22, 660, 303, 343, 26, 463, 55, 606, 325, 373, 317, 261, 471, 200, 144, 274, 723, 135, 54, 263, 640, 523, 359, 322, 300, 709, 532, 522, 366, 578, 697, 65, 40, 2, 281, 602, 129, 550, 442, 512, 617, 20, 397, 632, 682, 256, 89, 586, 506, 60, 378, 66, 589, 502, 572, 621, 308, 535, 4, 436, 494, 375, 225, 155, 470, 666, 608, 727, 567, 508, 307, 601, 680, 181, 284, 667, 481, 733, 650, 693, 342, 717, 335, 77, 271, 413, 192, 603, 329, 456, 118, 215, 708, 222, 417, 595, 480, 315, 484, 683, 131, 21, 39, 92, 294, 224, 593, 478, 101, 607, 515, 80, 387, 218, 150, 653, 168, 700, 551, 531, 232, 282, 306, 547, 231, 600, 25, 207, 57, 614, 27, 386, 157, 712, 620, 30, 622, 169, 291, 33, 8, 24, 330, 507, 434, 636, 713, 235, 443, 319, 585, 407, 116, 452, 558, 596, 266, 604, 272, 184, 711, 76, 243, 482, 702, 320, 556, 85, 163, 635, 476, 444, 678, 23, 533, 673, 464, 689, 108, 349, 588, 423, 399, 18, 71, 87, 453, 670, 16, 424, 38, 402, 252, 103, 516, 61, 297, 559, 525, 651, 167, 671, 455, 138, 260, 563, 121, 465, 459, 44, 528, 664, 161, 7, 486, 542, 490, 451, 405, 3, 162, 425, 461, 668, 473, 276, 638, 420, 334, 576, 295, 615, 510, 398, 29, 728, 159, 492, 126, 93, 685, 592, 64, 440, 469, 323, 493, 450, 68, 520, 605, 153, 223, 446, 433, 643, 519, 107, 684, 468, 32, 524, 152, 637, 474, 206, 534, 195, 19, 553, 691, 529, 277, 74, 514, 497, 504, 488, 541, 491, 628, 722, 428, 270, 376, 199, 197, 591, 102]
convergência = []

===== FIM =====
