===== RESULTADO BRKGA L(2,1) =====
Arquivo: /Users/mateuspedrosa/Documents/TCC-II/BRKGA/data/random/erdos_n527_p0.8.mtx

----- Execução #1 -----
[INFO] Time limit atingido: 15 minutos. Esgotado durante a inicialização da população.
Tempo de execução: 900906ms
Span (lambda): 531
best_order = [439, 278, 280, 411, 64, 153, 139, 38, 176, 116, 288, 491, 108, 89, 421, 170, 277, 378, 440, 18, 220, 522, 257, 489, 32, 118, 7, 151, 434, 156, 193, 143, 58, 304, 2, 521, 403, 518, 15, 157, 503, 332, 29, 160, 60, 383, 135, 391, 208, 377, 216, 141, 273, 510, 418, 148, 428, 68, 516, 140, 73, 62, 458, 512, 128, 455, 129, 481, 99, 50, 203, 19, 423, 210, 126, 459, 23, 504, 344, 145, 54, 196, 95, 331, 347, 55, 513, 101, 24, 251, 3, 367, 75, 436, 8, 237, 204, 398, 496, 205, 97, 473, 53, 321, 303, 228, 451, 74, 25, 341, 366, 253, 70, 152, 88, 342, 174, 78, 80, 138, 335, 166, 35, 61, 438, 369, 493, 405, 16, 47, 114, 234, 93, 379, 5, 433, 270, 480, 202, 447, 348, 494, 71, 485, 346, 483, 334, 502, 490, 301, 519, 0, 177, 163, 453, 199, 450, 482, 464, 442, 298, 165, 198, 322, 109, 402, 113, 448, 500, 309, 294, 255, 249, 159, 325, 392, 508, 317, 312, 147, 295, 43, 20, 211, 355, 96, 14, 308, 240, 424, 327, 84, 388, 429, 454, 314, 171, 478, 162, 56, 281, 460, 279, 77, 17, 42, 131, 57, 408, 330, 371, 350, 414, 271, 517, 110, 218, 76, 214, 46, 443, 9, 497, 515, 446, 245, 452, 495, 263, 412, 124, 87, 169, 505, 52, 133, 224, 390, 85, 125, 354, 231, 293, 324, 236, 396, 161, 461, 190, 81, 469, 225, 283, 149, 98, 132, 267, 419, 456, 44, 407, 111, 417, 186, 387, 416, 250, 467, 499, 10, 296, 83, 1, 285, 172, 66, 127, 90, 389, 300, 318, 206, 30, 201, 136, 167, 244, 269, 209, 91, 520, 356, 363, 276, 375, 187, 431, 362, 471, 247, 63, 215, 498, 181, 242, 435, 468, 484, 372, 381, 400, 184, 406, 292, 26, 213, 67, 262, 275, 189, 121, 268, 28, 69, 82, 523, 142, 289, 386, 319, 376, 102, 465, 92, 358, 449, 382, 360, 326, 284, 200, 353, 86, 445, 315, 36, 524, 380, 27, 368, 22, 150, 258, 274, 466, 194, 320, 307, 457, 323, 511, 437, 286, 238, 12, 241, 365, 345, 476, 299, 45, 272, 120, 179, 394, 40, 183, 49, 229, 51, 351, 144, 261, 226, 290, 395, 256, 4, 106, 100, 155, 401, 264, 329, 197, 507, 233, 338, 59, 474, 259, 397, 479, 266, 359, 444, 328, 475, 223, 65, 291, 336, 310, 313, 526, 191, 426, 185, 34, 343, 302, 248, 180, 207, 374, 164, 420, 227, 339, 115, 509, 243, 425, 192, 385, 119, 232, 72, 173, 252, 104, 337, 219, 154, 260, 168, 333, 477, 112, 195, 221, 287, 441, 122, 430, 488, 230, 178, 105, 212, 6, 370, 21, 514, 463, 158, 487, 94, 222, 432, 79, 340, 175, 137, 282, 188, 352, 306, 413, 364, 103, 254, 239, 462, 246, 123, 37, 357, 361, 486, 31, 393, 472, 134, 492, 305, 41, 107, 33, 146, 404, 373, 11, 427, 349, 297, 182, 415, 422, 13, 217, 48, 525, 470, 506, 410, 311, 130, 265, 39, 117, 316, 384, 501, 235, 399, 409]
labeling = [149, 290, 46, 50, 338, 145, 473, 17, 87, 233, 263, 521, 360, 525, 72, 45, 131, 199, 27, 82, 196, 468, 367, 88, 100, 119, 326, 363, 337, 55, 271, 464, 21, 513, 420, 136, 359, 470, 12, 532, 388, 509, 220, 194, 276, 386, 236, 141, 522, 355, 1, 385, 235, 111, 93, 65, 213, 138, 44, 406, 59, 137, 77, 316, 8, 408, 294, 328, 62, 339, 124, 160, 410, 75, 117, 103, 232, 219, 116, 485, 132, 255, 341, 289, 175, 254, 296, 246, 126, 7, 257, 269, 282, 144, 481, 85, 200, 102, 249, 40, 374, 90, 348, 456, 451, 458, 347, 511, 18, 104, 188, 278, 459, 140, 143, 434, 14, 534, 35, 443, 267, 334, 463, 478, 218, 256, 86, 295, 13, 81, 500, 222, 265, 250, 454, 63, 301, 462, 129, 10, 73, 67, 319, 42, 340, 91, 515, 112, 70, 261, 369, 37, 106, 5, 430, 400, 41, 51, 477, 189, 57, 227, 214, 168, 435, 142, 80, 303, 448, 215, 19, 210, 288, 447, 130, 480, 3, 114, 469, 349, 431, 241, 510, 390, 322, 423, 277, 311, 491, 323, 262, 426, 399, 25, 375, 460, 94, 405, 118, 172, 315, 239, 152, 56, 95, 109, 299, 383, 38, 302, 78, 198, 471, 312, 234, 309, 66, 527, 229, 455, 29, 444, 476, 401, 252, 266, 398, 437, 108, 392, 467, 258, 445, 393, 69, 531, 211, 97, 382, 474, 202, 298, 259, 439, 284, 242, 499, 273, 381, 178, 283, 101, 449, 123, 490, 187, 368, 33, 335, 409, 446, 396, 330, 207, 402, 496, 413, 270, 336, 304, 148, 228, 376, 58, 371, 332, 245, 22, 2, 203, 4, 216, 489, 268, 325, 292, 380, 438, 16, 342, 395, 419, 321, 180, 173, 193, 287, 507, 153, 366, 280, 165, 389, 113, 15, 508, 493, 351, 157, 185, 422, 530, 190, 424, 208, 209, 535, 192, 297, 344, 372, 110, 171, 377, 260, 163, 356, 184, 416, 403, 226, 32, 48, 412, 151, 134, 421, 453, 391, 425, 487, 54, 128, 429, 23, 384, 155, 96, 156, 494, 205, 394, 442, 329, 195, 125, 307, 501, 350, 415, 354, 503, 293, 308, 497, 362, 121, 60, 365, 127, 450, 146, 291, 519, 433, 310, 346, 30, 24, 133, 361, 159, 300, 61, 520, 441, 343, 279, 186, 286, 253, 64, 191, 504, 379, 306, 237, 404, 107, 537, 320, 364, 179, 47, 517, 99, 324, 243, 224, 539, 486, 6, 231, 495, 221, 518, 281, 182, 36, 272, 414, 20, 523, 84, 197, 440, 428, 482, 9, 204, 465, 313, 483, 147, 39, 318, 105, 345, 139, 0, 26, 461, 177, 238, 387, 357, 240, 154, 181, 352, 174, 115, 225, 170, 206, 74, 274, 358, 79, 83, 217, 247, 466, 427, 161, 331, 373, 251, 275, 264, 528, 314, 506, 92, 407, 418, 370, 457, 212, 411, 150, 76, 176, 122, 223, 162, 452, 479, 417, 34, 166, 11, 432, 135, 158, 244, 52, 201, 317, 285, 183, 484, 164, 53, 89, 248, 472, 353, 169, 436, 68, 378, 28, 98, 475, 167, 71, 230, 49, 120, 305, 43, 31, 327, 333, 488, 397]
convergência = []

===== FIM =====
