===== RESULTADO BRKGA L(2,1) =====
Arquivo: /Users/mateuspedrosa/Documents/TCC-II/BRKGA/data/random/erdos_n878_p0.4.mtx

----- Execução #1 -----
[INFO] Time limit atingido: 15 minutos. Esgotado durante a inicialização da população.
Tempo de execução: 900647ms
Span (lambda): 877
best_order = [129, 168, 667, 744, 527, 834, 723, 873, 162, 325, 618, 841, 123, 127, 833, 547, 338, 502, 600, 424, 416, 101, 876, 315, 866, 437, 500, 386, 97, 280, 303, 685, 216, 628, 528, 378, 232, 858, 525, 64, 790, 11, 183, 14, 592, 557, 132, 462, 277, 599, 566, 228, 813, 163, 436, 383, 691, 789, 774, 480, 179, 69, 253, 855, 726, 861, 852, 108, 209, 838, 672, 157, 24, 184, 640, 176, 234, 71, 772, 51, 587, 178, 449, 197, 716, 816, 335, 586, 17, 333, 751, 801, 835, 16, 634, 231, 131, 454, 544, 853, 63, 621, 631, 604, 250, 359, 574, 619, 687, 44, 29, 74, 515, 347, 349, 516, 820, 868, 851, 371, 318, 445, 150, 114, 19, 578, 545, 444, 824, 296, 637, 465, 413, 94, 699, 88, 473, 344, 426, 411, 840, 339, 489, 313, 589, 735, 785, 784, 328, 37, 658, 596, 695, 324, 530, 306, 520, 110, 765, 732, 130, 653, 31, 636, 724, 267, 103, 400, 166, 533, 753, 274, 657, 456, 863, 392, 229, 509, 391, 418, 825, 764, 585, 284, 380, 622, 796, 567, 9, 491, 642, 222, 754, 652, 195, 66, 70, 25, 583, 575, 773, 864, 91, 361, 239, 832, 758, 373, 709, 421, 402, 760, 433, 535, 85, 281, 102, 256, 180, 484, 27, 792, 686, 771, 718, 200, 20, 376, 803, 305, 276, 605, 498, 846, 366, 414, 696, 307, 492, 236, 432, 302, 139, 761, 677, 134, 514, 559, 467, 680, 450, 185, 862, 665, 294, 270, 317, 191, 871, 285, 651, 722, 438, 482, 689, 669, 580, 822, 748, 246, 62, 152, 86, 727, 612, 743, 15, 639, 211, 798, 537, 713, 684, 309, 192, 291, 160, 786, 682, 261, 375, 579, 287, 104, 120, 707, 90, 57, 839, 330, 459, 452, 260, 598, 429, 552, 7, 205, 41, 119, 204, 617, 221, 92, 746, 703, 288, 510, 630, 736, 369, 679, 638, 233, 154, 471, 788, 542, 488, 874, 136, 247, 783, 278, 0, 319, 508, 779, 623, 45, 367, 821, 460, 38, 202, 710, 762, 741, 570, 327, 337, 213, 39, 461, 819, 782, 208, 629, 466, 627, 395, 776, 78, 323, 207, 606, 646, 548, 519, 708, 210, 540, 368, 676, 755, 503, 795, 266, 715, 235, 297, 602, 766, 165, 254, 81, 836, 226, 360, 292, 65, 173, 468, 470, 422, 704, 35, 844, 493, 714, 807, 374, 447, 177, 53, 251, 52, 263, 693, 399, 125, 59, 457, 641, 499, 523, 140, 268, 149, 616, 289, 332, 409, 565, 487, 643, 118, 282, 849, 36, 448, 867, 196, 99, 56, 512, 75, 198, 558, 569, 343, 22, 806, 341, 342, 377, 539, 435, 763, 308, 534, 55, 273, 777, 681, 23, 504, 248, 122, 87, 141, 72, 613, 283, 193, 346, 818, 553, 269, 172, 562, 728, 161, 678, 611, 138, 511, 218, 817, 145, 434, 352, 201, 93, 633, 357, 831, 576, 626, 336, 666, 719, 805, 245, 644, 384, 478, 812, 701, 76, 34, 382, 61, 77, 217, 521, 68, 113, 597, 358, 164, 348, 430, 13, 517, 737, 645, 608, 768, 694, 857, 67, 199, 573, 420, 158, 18, 304, 877, 584, 398, 721, 403, 244, 128, 648, 242, 334, 412, 794, 531, 47, 10, 756, 830, 264, 624, 249, 614, 350, 407, 673, 518, 668, 48, 312, 804, 603, 259, 214, 702, 155, 364, 690, 791, 354, 116, 237, 659, 581, 186, 206, 674, 671, 390, 564, 590, 345, 365, 142, 875, 698, 781, 506, 464, 300, 109, 550, 174, 441, 591, 353, 620, 89, 393, 490, 443, 440, 609, 279, 401, 223, 712, 497, 385, 507, 582, 153, 522, 387, 594, 408, 572, 212, 21, 60, 135, 80, 326, 692, 295, 683, 472, 463, 6, 286, 827, 607, 859, 427, 301, 49, 799, 476, 778, 106, 258, 293, 731, 501, 563, 82, 554, 854, 265, 320, 532, 225, 98, 481, 797, 298, 50, 734, 717, 770, 526, 271, 40, 856, 419, 181, 257, 220, 870, 175, 406, 850, 505, 750, 546, 8, 42, 560, 843, 808, 872, 262, 551, 593, 529, 4, 121, 146, 405, 757, 729, 219, 845, 107, 58, 133, 329, 793, 238, 241, 112, 73, 555, 389, 536, 147, 26, 541, 224, 255, 601, 115, 12, 475, 811, 182, 322, 780, 84, 230, 417, 203, 524, 828, 823, 370, 316, 404, 513, 769, 706, 167, 5, 299, 739, 747, 660, 79, 477, 661, 571, 137, 397, 455, 425, 787, 1, 190, 730, 272, 100, 111, 95, 625, 410, 494, 802, 187, 865, 848, 767, 351, 837, 30, 775, 355, 2, 561, 697, 738, 188, 46, 654, 124, 469, 688, 486, 860, 538, 733, 431, 577, 423, 28, 415, 752, 33, 105, 356, 815, 650, 483, 615, 656, 227, 700, 83, 3, 453, 479, 826, 290, 126, 829, 372, 189, 814, 442, 458, 556, 169, 549, 495, 568, 314, 869, 649, 675, 243, 847, 446, 842, 451, 662, 252, 381, 159, 194, 635, 331, 588, 543, 396, 725, 670, 711, 610, 745, 215, 43, 647, 311, 595, 663, 809, 96, 54, 321, 664, 340, 32, 800, 655, 428, 362, 759, 810, 275, 240, 388, 485, 171, 144, 117, 148, 749, 151, 143, 720, 379, 310, 394, 742, 170, 705, 740, 632, 474, 156, 363, 496, 439]
labeling = [333, 744, 763, 795, 679, 730, 626, 305, 674, 184, 544, 43, 708, 508, 40, 274, 94, 89, 526, 126, 226, 617, 443, 456, 73, 194, 701, 224, 774, 111, 759, 163, 840, 783, 503, 396, 430, 150, 344, 352, 656, 309, 669, 835, 109, 341, 766, 537, 553, 633, 653, 80, 406, 404, 846, 452, 433, 299, 690, 412, 612, 498, 268, 100, 38, 387, 192, 523, 500, 61, 196, 79, 460, 698, 110, 436, 501, 507, 360, 735, 618, 388, 642, 794, 716, 217, 273, 453, 131, 593, 298, 202, 315, 485, 135, 749, 844, 29, 649, 434, 748, 22, 221, 168, 293, 785, 636, 688, 67, 581, 154, 741, 691, 511, 121, 707, 563, 860, 426, 311, 295, 682, 457, 12, 769, 409, 799, 13, 535, 0, 160, 97, 45, 692, 242, 614, 331, 736, 475, 243, 416, 461, 579, 856, 859, 477, 683, 702, 862, 420, 119, 863, 272, 609, 324, 559, 876, 68, 524, 822, 287, 473, 10, 54, 504, 385, 164, 728, 2, 798, 868, 858, 463, 375, 588, 666, 76, 403, 75, 60, 223, 661, 711, 44, 70, 252, 570, 755, 767, 801, 743, 260, 283, 466, 824, 186, 432, 84, 437, 525, 216, 483, 345, 717, 312, 307, 572, 365, 357, 69, 371, 276, 615, 346, 557, 833, 30, 509, 478, 689, 663, 313, 193, 597, 704, 648, 390, 789, 52, 179, 713, 95, 37, 323, 78, 381, 240, 568, 695, 204, 855, 696, 536, 812, 532, 493, 271, 330, 459, 541, 102, 405, 821, 63, 386, 705, 218, 662, 635, 560, 303, 288, 676, 408, 543, 646, 379, 167, 419, 471, 253, 659, 747, 451, 171, 854, 230, 48, 334, 601, 23, 219, 428, 464, 185, 261, 627, 292, 314, 414, 791, 286, 392, 638, 256, 620, 130, 380, 651, 732, 586, 632, 241, 31, 527, 229, 157, 237, 440, 281, 867, 839, 555, 143, 811, 26, 723, 258, 124, 336, 647, 845, 712, 363, 155, 9, 616, 350, 148, 694, 301, 820, 422, 91, 538, 83, 489, 351, 15, 142, 847, 445, 447, 441, 137, 580, 465, 114, 510, 116, 550, 751, 482, 590, 567, 761, 786, 488, 515, 104, 391, 203, 850, 872, 564, 573, 233, 337, 370, 320, 721, 122, 802, 206, 401, 285, 222, 448, 36, 866, 187, 823, 505, 55, 497, 604, 28, 605, 857, 700, 576, 181, 177, 594, 869, 364, 828, 739, 531, 411, 169, 602, 213, 530, 724, 684, 667, 549, 610, 423, 746, 139, 539, 134, 235, 779, 20, 715, 178, 660, 519, 211, 395, 781, 19, 738, 138, 631, 848, 306, 506, 772, 239, 215, 480, 446, 53, 27, 257, 877, 598, 589, 803, 596, 117, 123, 814, 402, 431, 77, 249, 817, 300, 796, 98, 740, 172, 413, 805, 297, 342, 353, 47, 624, 585, 132, 361, 248, 393, 770, 384, 325, 621, 136, 874, 709, 630, 727, 496, 797, 59, 650, 255, 784, 210, 842, 773, 418, 329, 141, 595, 190, 238, 399, 752, 809, 875, 603, 231, 417, 25, 637, 17, 378, 458, 668, 583, 606, 338, 180, 317, 476, 435, 722, 246, 112, 115, 512, 552, 368, 158, 502, 607, 407, 718, 41, 657, 3, 35, 681, 152, 542, 643, 170, 442, 208, 697, 278, 776, 449, 373, 703, 327, 829, 99, 127, 672, 16, 367, 807, 587, 678, 302, 469, 639, 699, 806, 42, 439, 247, 671, 762, 472, 641, 577, 424, 50, 189, 808, 438, 349, 737, 613, 521, 106, 198, 481, 780, 125, 291, 267, 569, 608, 199, 528, 183, 87, 82, 827, 144, 578, 591, 46, 680, 611, 838, 151, 513, 304, 49, 18, 706, 382, 558, 105, 232, 356, 623, 520, 599, 826, 474, 275, 462, 545, 788, 421, 310, 1, 107, 592, 101, 176, 335, 548, 750, 486, 362, 34, 359, 318, 103, 873, 487, 96, 825, 165, 128, 322, 279, 74, 415, 191, 425, 495, 518, 366, 837, 534, 810, 782, 263, 197, 162, 768, 851, 790, 173, 149, 566, 734, 731, 819, 841, 836, 251, 490, 4, 554, 264, 832, 571, 72, 551, 574, 815, 374, 244, 470, 321, 250, 455, 290, 622, 284, 33, 225, 108, 771, 266, 565, 56, 619, 410, 522, 153, 236, 764, 575, 133, 792, 499, 562, 308, 394, 870, 726, 296, 369, 209, 347, 834, 600, 282, 400, 372, 86, 654, 227, 492, 864, 533, 265, 7, 166, 830, 66, 270, 468, 687, 745, 640, 159, 778, 655, 146, 319, 517, 765, 733, 871, 343, 865, 277, 6, 831, 316, 729, 269, 861, 670, 92, 777, 161, 195, 376, 546, 685, 207, 853, 212, 245, 348, 450, 182, 156, 383, 758, 516, 725, 645, 220, 81, 200, 57, 760, 358, 454, 634, 340, 714, 584, 354, 332, 147, 145, 289, 742, 326, 58, 32, 561, 214, 693, 540, 377, 188, 652, 280, 625, 849, 88, 754, 228, 556, 494, 444, 398, 675, 843, 852, 710, 491, 51, 804, 787, 85, 479, 467, 355, 113, 339, 259, 720, 129, 174, 793, 628, 719, 800, 547, 484, 205, 14, 5, 93, 389, 753, 71, 294, 140, 11, 818, 673, 397, 686, 234, 816, 757, 427, 664, 120, 62, 90, 644, 64, 658, 514, 39, 629, 775, 65, 254, 175, 201, 756, 21, 429, 118, 813, 665, 262, 677, 8, 328, 582, 24, 529]
convergência = []

===== FIM =====
