===== RESULTADO BRKGA L(2,1) =====
Arquivo: /Users/mateuspedrosa/Documents/TCC-II/BRKGA/data/random/erdos_n843_p0.8.mtx

----- Execução #1 -----
[INFO] Time limit atingido: 15 minutos. Esgotado durante a inicialização da população.
Tempo de execução: 903040ms
Span (lambda): 849
best_order = [279, 328, 509, 542, 375, 529, 594, 371, 758, 698, 273, 107, 254, 692, 812, 723, 480, 779, 543, 455, 784, 739, 394, 470, 320, 9, 515, 645, 311, 29, 502, 363, 352, 114, 746, 753, 198, 24, 261, 222, 411, 788, 676, 205, 364, 713, 491, 637, 555, 626, 264, 317, 457, 593, 632, 597, 135, 557, 288, 263, 805, 237, 519, 598, 92, 189, 110, 388, 571, 49, 520, 52, 401, 1, 231, 453, 227, 596, 425, 235, 790, 278, 578, 481, 776, 696, 610, 757, 536, 528, 334, 756, 73, 289, 285, 137, 663, 170, 50, 748, 143, 408, 636, 473, 787, 220, 715, 354, 280, 634, 417, 276, 732, 628, 503, 662, 745, 705, 541, 361, 275, 615, 167, 153, 148, 483, 298, 210, 838, 544, 661, 271, 750, 456, 241, 419, 791, 392, 257, 797, 436, 604, 316, 403, 448, 545, 302, 329, 749, 119, 106, 350, 400, 224, 655, 139, 649, 199, 589, 11, 514, 489, 131, 477, 397, 283, 427, 38, 292, 429, 245, 345, 839, 152, 832, 744, 607, 603, 438, 650, 731, 642, 342, 299, 564, 166, 680, 232, 145, 609, 78, 665, 197, 660, 466, 213, 182, 43, 297, 530, 178, 577, 685, 380, 134, 395, 48, 697, 678, 807, 359, 780, 547, 622, 219, 206, 118, 5, 54, 533, 789, 335, 180, 546, 426, 185, 196, 12, 512, 825, 39, 362, 40, 562, 56, 800, 69, 460, 817, 30, 463, 399, 556, 694, 469, 664, 314, 337, 26, 724, 742, 290, 293, 406, 836, 630, 695, 693, 136, 691, 13, 353, 130, 699, 391, 782, 707, 464, 191, 190, 794, 461, 53, 365, 639, 768, 767, 146, 19, 539, 44, 270, 476, 36, 88, 679, 462, 238, 322, 348, 405, 343, 75, 486, 120, 581, 323, 633, 452, 523, 540, 250, 804, 159, 418, 468, 203, 719, 752, 506, 755, 312, 249, 79, 60, 90, 738, 588, 666, 175, 765, 647, 58, 93, 259, 612, 620, 331, 125, 174, 683, 68, 330, 255, 102, 124, 584, 761, 833, 228, 318, 412, 6, 100, 121, 84, 154, 759, 535, 66, 82, 402, 474, 493, 690, 128, 157, 7, 561, 165, 605, 96, 287, 431, 590, 591, 98, 686, 802, 379, 735, 808, 793, 565, 105, 266, 638, 569, 204, 451, 635, 382, 641, 445, 576, 531, 482, 142, 341, 200, 824, 710, 583, 728, 310, 269, 834, 192, 563, 616, 672, 21, 439, 450, 321, 218, 374, 31, 188, 168, 681, 47, 574, 327, 77, 617, 826, 420, 785, 17, 835, 295, 378, 83, 428, 702, 823, 369, 467, 340, 300, 274, 586, 818, 437, 444, 172, 51, 733, 527, 376, 407, 687, 669, 658, 508, 414, 726, 256, 526, 117, 487, 614, 815, 560, 811, 513, 643, 332, 223, 559, 171, 209, 404, 61, 572, 57, 795, 186, 684, 344, 810, 600, 10, 217, 775, 821, 492, 15, 712, 714, 624, 194, 472, 305, 760, 537, 277, 410, 490, 674, 45, 722, 720, 538, 840, 595, 570, 193, 176, 104, 162, 20, 837, 786, 621, 700, 763, 225, 566, 76, 777, 524, 751, 670, 4, 242, 132, 831, 507, 497, 688, 488, 368, 233, 458, 127, 550, 741, 592, 25, 459, 659, 211, 430, 373, 717, 37, 63, 87, 771, 773, 421, 336, 156, 253, 67, 281, 423, 89, 64, 525, 230, 236, 499, 339, 716, 646, 548, 183, 294, 306, 116, 711, 573, 160, 762, 504, 141, 706, 413, 248, 770, 246, 772, 734, 619, 243, 42, 558, 484, 829, 247, 813, 478, 16, 74, 303, 442, 267, 671, 207, 357, 475, 652, 798, 226, 554, 377, 580, 657, 221, 126, 214, 740, 618, 623, 644, 208, 446, 778, 347, 291, 601, 91, 184, 258, 381, 675, 627, 704, 613, 355, 606, 416, 324, 385, 465, 727, 485, 80, 315, 195, 149, 384, 2, 625, 304, 307, 252, 150, 518, 138, 308, 155, 441, 806, 822, 754, 18, 737, 516, 133, 522, 764, 582, 648, 819, 319, 41, 262, 449, 521, 729, 454, 313, 103, 163, 432, 842, 532, 575, 433, 611, 500, 809, 801, 551, 841, 260, 673, 338, 640, 803, 631, 783, 367, 99, 766, 65, 129, 736, 409, 585, 70, 95, 434, 599, 718, 101, 34, 358, 326, 286, 23, 108, 587, 3, 387, 629, 440, 769, 234, 301, 390, 498, 386, 360, 424, 179, 827, 173, 32, 215, 8, 115, 654, 415, 202, 828, 549, 393, 668, 730, 81, 721, 112, 35, 796, 656, 747, 239, 55, 494, 265, 251, 567, 212, 774, 534, 602, 272, 435, 447, 244, 333, 667, 501, 325, 187, 356, 398, 62, 510, 799, 161, 351, 0, 109, 268, 85, 511, 282, 653, 27, 164, 552, 689, 496, 443, 743, 284, 309, 177, 140, 33, 158, 122, 59, 46, 97, 820, 151, 422, 370, 349, 725, 181, 781, 169, 346, 792, 389, 72, 568, 383, 814, 216, 229, 505, 14, 682, 86, 296, 94, 495, 701, 71, 372, 201, 147, 144, 28, 816, 22, 708, 830, 517, 651, 123, 703, 479, 471, 366, 579, 111, 240, 113, 396, 709, 553, 677, 608]
labeling = [760, 60, 642, 714, 505, 240, 359, 376, 734, 23, 486, 140, 239, 279, 794, 492, 577, 313, 660, 292, 518, 356, 825, 716, 31, 370, 265, 787, 838, 38, 200, 422, 732, 803, 709, 749, 268, 550, 177, 249, 252, 636, 596, 214, 296, 504, 792, 417, 220, 77, 85, 454, 86, 287, 242, 754, 254, 477, 327, 806, 326, 311, 768, 552, 551, 646, 335, 514, 337, 194, 679, 807, 800, 107, 537, 307, 524, 429, 207, 324, 645, 729, 190, 439, 362, 781, 790, 554, 280, 503, 253, 581, 78, 306, 834, 703, 363, 784, 383, 594, 360, 663, 351, 644, 485, 390, 165, 16, 620, 706, 82, 854, 748, 856, 42, 735, 525, 461, 238, 58, 308, 354, 805, 844, 345, 344, 619, 539, 373, 696, 283, 184, 466, 632, 209, 69, 266, 113, 657, 173, 766, 588, 379, 75, 820, 208, 284, 814, 141, 649, 653, 808, 193, 93, 364, 661, 493, 375, 750, 314, 584, 777, 516, 682, 789, 380, 205, 139, 339, 821, 115, 442, 415, 730, 346, 334, 491, 762, 221, 728, 233, 817, 198, 576, 622, 179, 440, 771, 411, 80, 259, 286, 414, 489, 497, 647, 196, 213, 46, 176, 404, 836, 738, 316, 381, 39, 236, 575, 625, 473, 119, 545, 720, 217, 621, 733, 796, 488, 421, 170, 120, 608, 50, 460, 169, 510, 613, 90, 295, 828, 564, 47, 152, 540, 723, 81, 566, 55, 300, 753, 835, 129, 533, 585, 717, 192, 527, 601, 592, 276, 299, 757, 651, 557, 15, 325, 432, 148, 571, 340, 658, 48, 618, 72, 62, 756, 385, 600, 770, 412, 270, 151, 741, 5, 448, 97, 130, 502, 96, 0, 124, 548, 772, 53, 799, 111, 715, 384, 71, 109, 271, 544, 159, 172, 578, 434, 832, 219, 145, 133, 446, 724, 157, 607, 640, 498, 580, 638, 659, 801, 410, 13, 323, 656, 262, 624, 108, 41, 357, 626, 36, 403, 289, 304, 614, 745, 713, 389, 2, 161, 349, 341, 471, 769, 95, 245, 558, 263, 694, 570, 444, 402, 162, 305, 480, 123, 823, 559, 301, 813, 135, 779, 17, 281, 87, 634, 764, 611, 711, 230, 722, 137, 251, 40, 33, 288, 798, 697, 538, 443, 811, 12, 833, 549, 423, 1, 451, 604, 437, 331, 222, 633, 315, 725, 587, 639, 698, 718, 63, 731, 710, 216, 99, 742, 32, 224, 831, 187, 773, 202, 167, 88, 297, 112, 475, 303, 231, 420, 117, 701, 483, 52, 350, 590, 391, 737, 637, 128, 309, 155, 426, 481, 809, 560, 726, 70, 223, 189, 441, 191, 547, 322, 684, 687, 705, 765, 150, 436, 199, 418, 700, 648, 609, 782, 452, 358, 627, 767, 138, 676, 419, 396, 241, 43, 680, 26, 114, 64, 499, 542, 244, 246, 218, 248, 285, 641, 188, 393, 257, 258, 34, 850, 487, 73, 369, 468, 250, 186, 605, 848, 11, 91, 397, 143, 579, 643, 261, 457, 534, 182, 476, 57, 445, 368, 736, 752, 795, 535, 630, 568, 688, 755, 25, 132, 586, 776, 320, 512, 343, 4, 775, 783, 247, 469, 180, 37, 519, 842, 655, 76, 84, 654, 667, 310, 528, 562, 449, 430, 105, 8, 174, 400, 685, 211, 763, 367, 104, 455, 509, 294, 312, 131, 6, 24, 146, 160, 144, 232, 574, 740, 529, 652, 791, 847, 615, 27, 255, 67, 598, 413, 464, 378, 164, 416, 203, 388, 522, 759, 826, 394, 515, 65, 462, 582, 427, 683, 399, 121, 35, 852, 617, 278, 670, 409, 353, 681, 377, 702, 330, 178, 329, 365, 543, 49, 10, 513, 92, 68, 21, 707, 484, 631, 650, 183, 158, 382, 635, 197, 862, 210, 100, 673, 317, 628, 463, 89, 405, 431, 623, 595, 342, 478, 234, 546, 496, 610, 61, 591, 83, 719, 275, 677, 66, 293, 126, 398, 118, 59, 392, 290, 695, 374, 201, 470, 597, 9, 572, 338, 672, 175, 166, 804, 567, 785, 727, 171, 704, 565, 459, 508, 215, 149, 134, 79, 260, 212, 332, 747, 744, 458, 531, 602, 361, 691, 447, 612, 19, 860, 227, 298, 206, 425, 830, 347, 472, 185, 319, 456, 536, 793, 371, 264, 18, 277, 237, 101, 51, 225, 14, 226, 495, 802, 401, 846, 589, 125, 561, 282, 778, 858, 407, 553, 474, 56, 494, 122, 563, 523, 708, 318, 507, 669, 506, 3, 267, 815, 424, 616, 387, 678, 746, 154, 127, 453, 593, 333, 699, 666, 328, 30, 606, 541, 269, 797, 168, 136, 44, 751, 45, 163, 153, 530, 302, 29, 665, 321, 103, 102, 7, 366, 500, 352, 555, 520, 668, 336, 689, 291, 272, 721, 569, 521, 573, 556, 761, 490, 98, 526, 629, 22, 110, 819, 274, 671, 28, 435, 501, 116, 54, 243, 94, 106, 824, 372, 204, 479, 743, 156, 583, 758, 229, 686, 386, 693, 235, 74, 662, 228, 348, 690, 482, 467, 20, 603, 788, 465, 816, 256, 450, 674, 780, 438, 664, 395, 406, 181, 433, 712, 739, 599, 840, 532, 195, 355, 408, 428, 273, 517, 147, 142, 511, 692, 675]
convergência = []

===== FIM =====
