===== RESULTADO BRKGA L(2,1) =====
Arquivo: /Users/mateuspedrosa/Documents/TCC-II/BRKGA/data/random/erdos_n619_p0.2.mtx

----- Execução #1 -----
[INFO] Time limit atingido: 15 minutos. Interrompido no meio de uma geração.
Tempo de execução: 900053ms
Span (lambda): 618
best_order = [116, 115, 605, 412, 218, 491, 50, 166, 6, 559, 486, 452, 154, 225, 578, 0, 9, 529, 444, 296, 80, 483, 433, 84, 180, 111, 255, 258, 422, 262, 238, 351, 279, 362, 275, 303, 74, 369, 297, 519, 591, 259, 526, 391, 571, 268, 322, 134, 281, 477, 359, 132, 373, 309, 561, 288, 207, 123, 539, 383, 563, 432, 127, 596, 221, 49, 390, 164, 91, 434, 372, 173, 269, 199, 220, 215, 108, 467, 468, 205, 32, 201, 307, 39, 540, 377, 420, 204, 86, 397, 105, 569, 147, 54, 140, 16, 446, 458, 364, 182, 599, 499, 436, 380, 249, 474, 172, 304, 508, 232, 256, 349, 206, 5, 401, 376, 57, 484, 82, 34, 52, 533, 298, 466, 462, 568, 42, 556, 145, 197, 456, 198, 345, 169, 203, 430, 317, 267, 171, 527, 1, 188, 153, 190, 125, 421, 342, 442, 12, 228, 415, 406, 374, 174, 176, 557, 439, 417, 583, 584, 98, 277, 570, 404, 97, 58, 29, 185, 478, 24, 243, 99, 502, 284, 216, 546, 85, 75, 547, 608, 616, 126, 17, 321, 183, 120, 124, 555, 525, 300, 471, 168, 445, 257, 542, 581, 283, 328, 89, 110, 226, 181, 424, 537, 425, 149, 463, 178, 290, 431, 46, 370, 504, 151, 66, 70, 606, 350, 323, 35, 43, 107, 331, 386, 138, 334, 573, 601, 51, 400, 511, 361, 587, 187, 524, 589, 26, 341, 13, 18, 500, 551, 254, 600, 121, 77, 510, 579, 381, 28, 310, 292, 167, 410, 495, 224, 548, 45, 541, 318, 264, 393, 586, 607, 330, 208, 313, 399, 223, 560, 308, 354, 614, 131, 68, 48, 222, 315, 427, 202, 447, 62, 239, 235, 274, 572, 355, 160, 59, 552, 414, 177, 394, 411, 237, 356, 326, 382, 461, 389, 61, 325, 496, 157, 137, 211, 10, 472, 597, 405, 129, 143, 73, 371, 15, 532, 602, 302, 186, 565, 102, 590, 299, 44, 7, 217, 558, 493, 507, 544, 543, 489, 92, 175, 457, 272, 485, 337, 158, 479, 520, 344, 615, 83, 193, 37, 163, 265, 311, 562, 340, 469, 214, 514, 146, 194, 118, 242, 409, 93, 426, 448, 69, 314, 23, 574, 245, 234, 338, 553, 453, 11, 133, 333, 535, 305, 263, 567, 611, 564, 346, 506, 428, 38, 261, 165, 312, 251, 435, 465, 270, 212, 106, 498, 396, 227, 319, 329, 14, 128, 96, 184, 473, 117, 487, 142, 513, 375, 306, 609, 481, 343, 594, 379, 213, 65, 443, 64, 476, 170, 613, 112, 135, 21, 549, 260, 229, 122, 114, 103, 440, 100, 246, 348, 536, 101, 347, 278, 141, 4, 266, 441, 604, 152, 294, 136, 90, 451, 503, 230, 480, 104, 365, 287, 518, 209, 388, 192, 352, 240, 449, 36, 360, 545, 554, 289, 41, 47, 78, 31, 248, 395, 384, 528, 610, 200, 3, 94, 159, 162, 593, 332, 437, 516, 438, 247, 231, 95, 81, 603, 523, 592, 335, 363, 460, 2, 482, 378, 295, 40, 423, 595, 195, 429, 505, 385, 416, 33, 191, 210, 285, 585, 293, 276, 244, 419, 366, 407, 320, 130, 60, 617, 241, 179, 576, 550, 494, 512, 358, 25, 252, 336, 301, 56, 534, 250, 189, 408, 63, 161, 531, 87, 367, 368, 470, 196, 253, 475, 79, 450, 19, 357, 155, 392, 286, 119, 148, 497, 387, 538, 156, 150, 413, 521, 530, 509, 55, 219, 455, 8, 27, 67, 492, 71, 575, 280, 598, 577, 522, 353, 582, 30, 515, 402, 618, 398, 464, 459, 490, 454, 109, 139, 291, 72, 327, 566, 76, 324, 144, 418, 282, 588, 233, 236, 22, 20, 53, 271, 488, 316, 501, 113, 339, 88, 517, 273, 403, 612, 580]
labeling = [15, 141, 495, 476, 439, 113, 8, 324, 568, 16, 307, 371, 148, 238, 397, 314, 95, 182, 240, 551, 605, 424, 604, 361, 169, 530, 235, 571, 249, 165, 581, 470, 80, 507, 119, 219, 462, 345, 383, 84, 499, 467, 126, 221, 323, 257, 210, 468, 277, 64, 6, 228, 120, 606, 93, 566, 533, 116, 166, 287, 520, 300, 281, 538, 418, 414, 214, 573, 275, 363, 215, 570, 595, 313, 35, 177, 591, 245, 469, 547, 22, 488, 118, 343, 20, 176, 89, 541, 610, 199, 446, 68, 332, 359, 477, 487, 400, 164, 160, 171, 433, 436, 321, 428, 451, 90, 394, 220, 76, 592, 198, 24, 421, 613, 429, 2, 0, 402, 356, 554, 186, 244, 427, 58, 185, 144, 181, 62, 399, 310, 518, 273, 52, 372, 47, 422, 445, 304, 224, 589, 94, 438, 405, 311, 597, 129, 355, 92, 556, 205, 561, 211, 443, 142, 12, 552, 559, 303, 338, 478, 288, 539, 480, 346, 67, 385, 7, 253, 191, 132, 419, 138, 106, 71, 153, 333, 154, 292, 207, 523, 25, 201, 99, 184, 401, 167, 318, 232, 140, 536, 143, 508, 457, 344, 351, 501, 545, 131, 130, 73, 474, 81, 278, 134, 87, 79, 112, 56, 265, 455, 510, 305, 392, 415, 353, 75, 173, 325, 5, 567, 74, 65, 274, 268, 255, 13, 200, 395, 149, 423, 450, 486, 109, 603, 367, 283, 602, 294, 29, 282, 459, 522, 357, 170, 514, 366, 430, 484, 466, 104, 535, 386, 528, 546, 242, 26, 111, 193, 27, 40, 425, 384, 30, 376, 260, 347, 440, 137, 45, 72, 389, 607, 335, 615, 284, 33, 513, 161, 437, 31, 576, 48, 600, 197, 174, 509, 555, 453, 55, 465, 208, 594, 251, 512, 444, 498, 21, 38, 122, 322, 189, 532, 317, 36, 107, 375, 408, 82, 271, 54, 250, 348, 387, 267, 364, 276, 609, 136, 258, 396, 519, 183, 46, 218, 593, 301, 295, 596, 194, 398, 264, 222, 481, 373, 225, 492, 531, 337, 368, 612, 350, 237, 147, 411, 341, 133, 380, 434, 435, 110, 216, 32, 458, 579, 270, 286, 296, 553, 529, 51, 461, 231, 34, 493, 98, 449, 516, 543, 542, 37, 212, 312, 69, 53, 151, 407, 115, 85, 497, 413, 103, 247, 297, 60, 472, 505, 223, 558, 456, 299, 66, 43, 550, 261, 291, 471, 393, 88, 586, 266, 229, 114, 583, 617, 163, 309, 152, 517, 537, 358, 252, 293, 3, 562, 290, 150, 506, 156, 599, 515, 86, 145, 28, 500, 203, 204, 360, 279, 382, 503, 135, 209, 61, 18, 70, 388, 101, 482, 485, 157, 431, 441, 146, 416, 19, 192, 97, 280, 362, 460, 549, 447, 11, 370, 590, 569, 128, 334, 96, 587, 494, 298, 124, 206, 585, 390, 123, 78, 77, 352, 544, 190, 306, 403, 105, 548, 417, 49, 168, 339, 452, 409, 496, 23, 117, 336, 10, 404, 608, 331, 588, 4, 574, 329, 525, 254, 302, 557, 391, 102, 239, 611, 172, 448, 213, 504, 381, 326, 108, 565, 246, 230, 527, 406, 354, 582, 483, 614, 454, 39, 340, 563, 578, 490, 234, 188, 42, 139, 473, 17, 564, 540, 315, 121, 534, 374, 432, 202, 560, 57, 83, 259, 195, 328, 330, 464, 175, 178, 256, 426, 526, 241, 289, 369, 463, 187, 127, 155, 327, 9, 269, 50, 349, 59, 379, 319, 598, 378, 125, 91, 162, 44, 285, 227, 365, 575, 524, 577, 14, 248, 616, 196, 580, 159, 158, 511, 262, 233, 601, 236, 320, 41, 491, 479, 412, 502, 63, 308, 572, 100, 243, 226, 316, 489, 442, 1, 217, 263, 179, 410, 475, 377, 618, 420, 272, 342, 180, 521, 584]
convergência = [618, 618, 618, 618, 618, 618, 618, 618]

===== FIM =====
