===== RESULTADO BRKGA L(2,1) =====
Arquivo: /Users/mateuspedrosa/Documents/TCC-II/BRKGA/data/random/erdos_n437_p0.2.mtx

----- Execução #1 -----
[INFO] Time limit atingido: 15 minutos. Interrompido no meio de uma geração.
Tempo de execução: 900005ms
Span (lambda): 436
best_order = [425, 203, 17, 209, 3, 89, 8, 374, 229, 250, 87, 131, 164, 257, 272, 140, 182, 226, 153, 293, 294, 383, 113, 346, 161, 147, 122, 51, 382, 115, 317, 290, 9, 143, 117, 359, 61, 341, 211, 94, 386, 426, 120, 103, 59, 56, 154, 70, 362, 334, 217, 351, 357, 231, 118, 114, 20, 298, 370, 393, 258, 155, 311, 323, 434, 165, 212, 65, 246, 175, 194, 102, 227, 313, 24, 249, 110, 363, 326, 348, 288, 337, 421, 424, 235, 41, 369, 345, 309, 160, 240, 431, 152, 392, 315, 151, 108, 54, 279, 168, 150, 255, 390, 396, 260, 6, 306, 130, 145, 361, 243, 62, 297, 132, 55, 267, 416, 262, 60, 133, 21, 427, 358, 185, 137, 429, 273, 418, 15, 88, 176, 367, 248, 314, 420, 95, 324, 104, 47, 270, 411, 408, 232, 254, 170, 177, 292, 330, 284, 52, 199, 266, 35, 76, 27, 202, 2, 188, 18, 14, 111, 388, 373, 241, 32, 58, 26, 46, 5, 291, 136, 0, 381, 167, 189, 80, 123, 237, 68, 171, 244, 380, 222, 71, 409, 340, 48, 187, 207, 69, 64, 208, 269, 7, 219, 74, 139, 405, 193, 277, 319, 124, 349, 325, 53, 419, 10, 107, 28, 40, 38, 156, 163, 336, 101, 166, 184, 112, 378, 218, 180, 142, 105, 45, 285, 316, 81, 36, 263, 119, 86, 287, 247, 39, 415, 333, 200, 234, 423, 79, 34, 183, 394, 92, 282, 22, 78, 225, 49, 356, 134, 342, 100, 422, 435, 353, 253, 432, 343, 410, 366, 82, 283, 93, 412, 63, 335, 4, 295, 192, 391, 275, 174, 299, 339, 109, 377, 169, 245, 191, 286, 238, 19, 251, 252, 197, 360, 401, 399, 354, 73, 181, 312, 428, 264, 400, 375, 66, 43, 310, 30, 256, 204, 403, 398, 210, 127, 395, 57, 404, 352, 1, 389, 259, 303, 402, 190, 121, 221, 365, 307, 322, 276, 173, 162, 413, 216, 236, 29, 301, 85, 125, 372, 31, 350, 129, 126, 13, 376, 206, 220, 37, 83, 274, 106, 265, 146, 96, 178, 158, 331, 198, 328, 371, 379, 11, 355, 148, 304, 98, 289, 296, 157, 44, 205, 406, 75, 138, 149, 305, 223, 300, 239, 332, 186, 12, 23, 233, 433, 387, 33, 25, 16, 201, 397, 344, 430, 417, 116, 364, 230, 159, 436, 268, 338, 278, 172, 195, 72, 141, 84, 318, 280, 196, 321, 128, 77, 407, 99, 67, 281, 213, 214, 228, 50, 90, 384, 308, 302, 414, 347, 91, 327, 144, 179, 385, 215, 329, 320, 224, 97, 242, 42, 135, 271, 368, 261]
labeling = [169, 312, 157, 4, 267, 170, 106, 194, 7, 32, 207, 355, 377, 336, 161, 128, 382, 2, 159, 282, 56, 120, 245, 373, 74, 381, 164, 154, 209, 328, 299, 333, 165, 379, 240, 152, 227, 339, 210, 233, 208, 86, 432, 298, 363, 222, 168, 138, 186, 249, 414, 25, 151, 204, 97, 114, 45, 308, 166, 44, 118, 36, 111, 265, 188, 67, 297, 409, 178, 191, 47, 184, 398, 290, 195, 366, 153, 406, 246, 237, 175, 226, 261, 341, 399, 330, 230, 10, 129, 5, 416, 421, 243, 262, 39, 135, 345, 429, 359, 408, 254, 214, 71, 43, 137, 220, 346, 206, 96, 275, 78, 158, 215, 22, 55, 30, 388, 35, 54, 229, 42, 317, 28, 176, 201, 332, 337, 306, 405, 335, 108, 11, 113, 119, 248, 433, 172, 124, 367, 196, 15, 400, 223, 33, 423, 109, 343, 26, 357, 368, 100, 95, 92, 18, 46, 61, 211, 360, 349, 391, 89, 24, 324, 212, 12, 65, 216, 173, 99, 278, 144, 179, 397, 323, 272, 68, 130, 145, 348, 425, 221, 291, 16, 241, 217, 123, 376, 187, 156, 174, 316, 279, 269, 197, 70, 396, 403, 285, 351, 148, 238, 384, 155, 1, 303, 364, 340, 189, 192, 3, 304, 38, 66, 410, 412, 424, 326, 51, 219, 193, 342, 318, 182, 372, 430, 247, 17, 72, 413, 8, 390, 53, 143, 375, 239, 83, 327, 177, 281, 371, 90, 163, 431, 110, 180, 277, 69, 232, 132, 76, 9, 283, 284, 256, 142, 101, 301, 13, 60, 313, 105, 436, 117, 228, 294, 347, 150, 115, 393, 190, 139, 434, 14, 126, 344, 271, 320, 199, 395, 98, 402, 411, 244, 263, 149, 224, 280, 231, 80, 361, 31, 167, 146, 19, 20, 268, 362, 112, 57, 273, 369, 329, 419, 314, 358, 370, 107, 321, 415, 88, 300, 63, 292, 73, 133, 94, 225, 27, 401, 200, 426, 404, 322, 64, 136, 203, 77, 422, 353, 428, 147, 350, 374, 236, 50, 266, 213, 81, 394, 274, 183, 37, 252, 258, 385, 87, 23, 420, 79, 202, 334, 52, 310, 255, 289, 356, 251, 49, 122, 34, 286, 104, 48, 75, 389, 319, 260, 131, 435, 85, 59, 354, 331, 160, 6, 296, 338, 276, 218, 352, 181, 171, 29, 21, 418, 427, 40, 380, 162, 311, 102, 270, 93, 58, 242, 307, 103, 386, 302, 288, 295, 287, 315, 305, 309, 198, 365, 407, 141, 185, 259, 140, 264, 325, 417, 234, 116, 387, 127, 205, 134, 82, 250, 235, 84, 0, 41, 121, 293, 125, 383, 91, 257, 378, 62, 253, 392]
convergência = [436, 436, 436, 436, 436, 436, 436, 436, 436, 436, 436, 436, 436, 436, 436, 436, 436, 436, 436, 436, 436, 436, 436, 436]

===== FIM =====
