===== RESULTADO BRKGA L(2,1) =====
Arquivo: /Users/mateuspedrosa/Documents/TCC-II/BRKGA/data/random/erdos_n875_p0.2.mtx

----- Execução #1 -----
[INFO] Time limit atingido: 15 minutos. Interrompido no meio de uma geração.
Tempo de execução: 900048ms
Span (lambda): 874
best_order = [559, 420, 839, 583, 775, 855, 17, 687, 234, 377, 175, 682, 299, 39, 55, 856, 295, 746, 551, 455, 191, 552, 142, 342, 350, 684, 542, 819, 800, 857, 281, 540, 223, 614, 494, 491, 278, 833, 478, 515, 136, 421, 456, 533, 182, 96, 151, 771, 238, 536, 736, 717, 36, 584, 703, 184, 125, 143, 226, 620, 274, 495, 772, 179, 201, 774, 689, 380, 601, 207, 38, 355, 146, 723, 757, 671, 632, 194, 440, 820, 676, 364, 44, 161, 271, 326, 354, 6, 114, 71, 170, 818, 679, 630, 760, 461, 288, 73, 58, 205, 222, 240, 108, 443, 465, 372, 34, 77, 252, 648, 683, 509, 374, 436, 628, 199, 729, 658, 410, 454, 389, 870, 333, 47, 577, 74, 691, 631, 709, 647, 297, 1, 249, 538, 711, 11, 831, 113, 688, 674, 253, 518, 422, 62, 95, 781, 127, 681, 873, 118, 33, 481, 748, 830, 764, 457, 66, 285, 852, 579, 104, 417, 97, 720, 817, 31, 332, 798, 348, 373, 195, 279, 550, 107, 359, 698, 838, 416, 502, 346, 609, 640, 250, 523, 755, 105, 467, 366, 497, 75, 569, 869, 244, 122, 83, 476, 713, 100, 141, 69, 7, 750, 535, 809, 656, 162, 64, 418, 81, 357, 16, 572, 19, 840, 573, 242, 532, 524, 714, 413, 32, 88, 578, 188, 176, 730, 558, 665, 598, 220, 554, 853, 662, 414, 311, 173, 362, 145, 116, 848, 635, 310, 216, 737, 849, 313, 463, 574, 70, 132, 506, 67, 86, 193, 661, 778, 621, 137, 273, 710, 815, 219, 126, 675, 508, 479, 568, 821, 178, 544, 654, 624, 459, 693, 109, 511, 617, 872, 726, 294, 236, 797, 264, 43, 400, 119, 2, 816, 602, 57, 391, 588, 94, 468, 381, 837, 335, 59, 352, 498, 261, 712, 473, 553, 565, 747, 844, 378, 197, 451, 237, 512, 344, 702, 673, 779, 328, 561, 548, 51, 446, 787, 585, 612, 329, 745, 361, 189, 699, 186, 475, 546, 135, 316, 794, 822, 845, 448, 45, 215, 644, 842, 426, 604, 123, 646, 749, 851, 447, 580, 529, 469, 392, 697, 613, 52, 505, 543, 371, 527, 582, 322, 777, 450, 386, 140, 257, 471, 571, 519, 323, 871, 187, 221, 483, 245, 312, 202, 228, 382, 111, 637, 349, 808, 721, 496, 324, 290, 482, 393, 390, 802, 531, 298, 315, 307, 30, 618, 464, 46, 767, 407, 98, 664, 181, 616, 549, 115, 147, 722, 84, 752, 150, 864, 356, 694, 263, 4, 765, 594, 649, 259, 155, 365, 835, 863, 159, 522, 9, 12, 130, 218, 174, 861, 563, 21, 514, 224, 639, 23, 50, 556, 858, 282, 732, 404, 666, 243, 641, 200, 655, 653, 302, 211, 424, 738, 212, 229, 435, 260, 406, 785, 741, 567, 425, 408, 625, 727, 488, 725, 165, 89, 841, 192, 148, 803, 590, 715, 733, 739, 734, 412, 492, 343, 208, 256, 65, 183, 611, 301, 758, 254, 581, 272, 530, 117, 405, 134, 158, 120, 403, 591, 799, 227, 304, 90, 320, 379, 80, 28, 25, 180, 490, 600, 493, 198, 705, 112, 784, 402, 668, 255, 724, 867, 251, 652, 521, 562, 409, 384, 708, 811, 144, 434, 761, 776, 555, 619, 293, 753, 270, 103, 773, 742, 485, 388, 596, 651, 49, 72, 814, 657, 149, 610, 411, 663, 41, 3, 432, 20, 428, 42, 801, 91, 203, 626, 85, 437, 449, 557, 503, 770, 756, 287, 296, 659, 500, 331, 859, 63, 248, 267, 353, 834, 701, 196, 627, 166, 387, 37, 206, 672, 763, 716, 504, 358, 300, 595, 458, 707, 843, 807, 246, 376, 239, 541, 276, 606, 480, 677, 15, 762, 608, 167, 396, 341, 751, 599, 99, 309, 560, 740, 547, 258, 828, 795, 866, 825, 35, 275, 793, 153, 528, 433, 466, 667, 40, 419, 865, 823, 60, 607, 233, 139, 860, 401, 27, 289, 670, 121, 93, 54, 101, 589, 217, 337, 292, 790, 154, 804, 513, 169, 537, 53, 706, 566, 128, 124, 516, 92, 680, 510, 486, 172, 375, 157, 850, 759, 262, 330, 862, 26, 806, 696, 718, 812, 48, 634, 874, 314, 788, 87, 660, 472, 10, 474, 138, 22, 338, 642, 241, 18, 5, 575, 597, 832, 13, 399, 731, 397, 783, 0, 106, 369, 847, 545, 517, 303, 846, 56, 810, 645, 156, 383, 489, 587, 534, 430, 266, 317, 327, 700, 743, 796, 429, 210, 347, 78, 160, 286, 539, 102, 622, 277, 247, 268, 171, 786, 231, 68, 462, 431, 460, 678, 308, 824, 8, 487, 805, 690, 232, 499, 24, 592, 325, 129, 638, 719, 225, 633, 484, 586, 791, 363, 305, 336, 501, 525, 76, 345, 283, 291, 829, 79, 615, 82, 470, 744, 593, 728, 445, 284, 636, 177, 339, 265, 452, 782, 235, 576, 334, 650, 214, 385, 209, 603, 367, 318, 623, 213, 629, 14, 133, 438, 351, 444, 110, 368, 695, 507, 423, 605, 398, 564, 813, 230, 204, 190, 269, 319, 854, 836, 768, 131, 643, 168, 442, 152, 61, 441, 792, 163, 164, 826, 754, 570, 692, 735, 360, 686, 370, 340, 685, 395, 766, 29, 280, 868, 306, 453, 185, 780, 789, 321, 704, 477, 827, 769, 669, 394, 415, 526, 439, 520, 427]
labeling = [712, 128, 286, 557, 417, 703, 87, 199, 756, 427, 694, 135, 429, 707, 812, 609, 210, 5, 701, 212, 559, 435, 699, 439, 762, 510, 681, 647, 509, 855, 396, 165, 220, 150, 106, 630, 52, 589, 70, 14, 636, 556, 562, 283, 83, 338, 399, 123, 685, 545, 440, 319, 356, 663, 651, 13, 720, 289, 98, 297, 642, 837, 143, 579, 205, 487, 155, 252, 749, 200, 247, 91, 548, 97, 125, 189, 778, 107, 737, 783, 508, 208, 785, 193, 410, 566, 251, 692, 221, 472, 505, 563, 670, 649, 292, 145, 45, 163, 402, 619, 197, 652, 741, 539, 160, 185, 710, 173, 103, 274, 816, 380, 517, 137, 89, 407, 238, 495, 149, 285, 499, 650, 194, 344, 668, 55, 262, 147, 667, 764, 430, 833, 250, 811, 497, 332, 39, 257, 697, 643, 367, 198, 23, 57, 531, 237, 72, 408, 474, 552, 413, 46, 834, 629, 658, 422, 722, 675, 498, 425, 738, 82, 206, 841, 843, 470, 587, 612, 836, 660, 88, 747, 673, 236, 433, 10, 224, 793, 266, 61, 512, 404, 44, 485, 53, 861, 329, 373, 223, 327, 827, 20, 473, 253, 76, 171, 585, 308, 515, 116, 449, 65, 377, 564, 826, 100, 590, 69, 484, 804, 735, 453, 457, 810, 803, 339, 242, 653, 431, 260, 229, 372, 102, 32, 436, 769, 58, 503, 379, 456, 824, 748, 760, 639, 8, 798, 280, 311, 48, 605, 99, 700, 215, 447, 192, 375, 604, 744, 580, 130, 182, 524, 109, 140, 491, 521, 486, 364, 623, 421, 458, 302, 678, 416, 282, 796, 728, 581, 745, 828, 542, 84, 493, 258, 60, 627, 601, 743, 36, 172, 856, 30, 443, 779, 790, 158, 739, 573, 96, 646, 387, 781, 656, 538, 279, 16, 574, 132, 394, 12, 596, 489, 452, 717, 504, 775, 858, 395, 753, 618, 241, 235, 376, 245, 689, 393, 333, 729, 808, 829, 506, 863, 361, 371, 386, 765, 86, 730, 316, 324, 680, 577, 166, 122, 800, 296, 774, 655, 696, 794, 851, 615, 22, 483, 312, 780, 179, 736, 168, 383, 24, 814, 298, 583, 85, 71, 414, 209, 595, 174, 848, 326, 233, 773, 81, 423, 186, 806, 817, 713, 850, 359, 105, 169, 113, 674, 603, 9, 307, 507, 67, 294, 378, 723, 529, 802, 362, 588, 546, 121, 390, 290, 351, 388, 869, 853, 614, 709, 823, 706, 284, 644, 519, 500, 445, 496, 460, 401, 466, 528, 118, 554, 481, 219, 234, 871, 177, 161, 207, 638, 1, 41, 142, 820, 454, 464, 342, 875, 560, 734, 727, 752, 558, 633, 533, 459, 111, 567, 813, 872, 79, 839, 838, 101, 815, 791, 321, 348, 337, 568, 365, 309, 795, 860, 119, 17, 42, 156, 598, 272, 754, 95, 751, 246, 398, 104, 634, 187, 293, 352, 786, 366, 693, 301, 695, 330, 196, 866, 37, 265, 608, 151, 389, 374, 772, 544, 672, 757, 465, 724, 511, 35, 482, 513, 34, 62, 385, 188, 300, 761, 576, 776, 178, 571, 594, 357, 249, 819, 264, 112, 671, 275, 310, 661, 437, 40, 669, 716, 141, 368, 873, 526, 428, 183, 217, 777, 870, 355, 631, 349, 494, 392, 216, 43, 726, 202, 49, 662, 134, 740, 31, 607, 27, 358, 270, 715, 331, 622, 318, 406, 170, 19, 21, 299, 230, 536, 441, 569, 226, 0, 621, 317, 527, 434, 822, 304, 665, 463, 267, 190, 847, 369, 211, 214, 248, 702, 799, 124, 222, 157, 350, 492, 360, 2, 54, 322, 768, 725, 291, 654, 476, 501, 763, 788, 419, 597, 547, 704, 228, 617, 514, 68, 287, 805, 343, 821, 606, 641, 613, 180, 553, 488, 323, 353, 33, 784, 405, 276, 397, 537, 59, 256, 742, 809, 271, 468, 565, 586, 115, 807, 93, 126, 77, 771, 687, 240, 792, 381, 766, 438, 181, 448, 698, 835, 340, 721, 346, 131, 108, 420, 801, 549, 525, 450, 268, 451, 203, 551, 117, 575, 691, 254, 232, 555, 403, 227, 446, 635, 520, 868, 648, 75, 591, 314, 139, 263, 80, 610, 750, 92, 666, 146, 11, 110, 25, 852, 849, 7, 138, 63, 759, 127, 844, 273, 415, 818, 683, 354, 175, 328, 732, 584, 313, 56, 864, 516, 664, 599, 530, 129, 259, 133, 303, 195, 218, 477, 593, 51, 684, 767, 162, 384, 409, 73, 522, 467, 278, 469, 789, 114, 225, 708, 444, 478, 479, 846, 50, 243, 455, 480, 620, 461, 543, 731, 787, 325, 18, 305, 152, 345, 201, 616, 411, 540, 845, 184, 572, 74, 490, 677, 94, 534, 611, 592, 154, 418, 854, 400, 832, 867, 570, 47, 64, 541, 66, 4, 535, 363, 255, 315, 859, 144, 797, 711, 518, 462, 746, 320, 690, 862, 657, 770, 840, 632, 334, 625, 733, 281, 167, 502, 29, 561, 391, 475, 659, 758, 682, 602, 382, 204, 719, 532, 686, 825, 550, 261, 288, 164, 90, 26, 78, 269, 335, 637, 755, 628, 842, 865, 624, 782, 153, 136, 705, 38, 582, 424, 831, 295, 176, 3, 213, 471, 341, 600, 306, 336, 718, 714, 239, 244, 676, 347, 159, 231, 830, 6, 15, 28, 442, 578, 645, 432, 679, 426, 412, 640, 626, 523, 857, 191, 120, 370, 277, 148, 688]
convergência = [874, 874]

===== FIM =====
