===== RESULTADO BRKGA L(2,1) =====
Arquivo: /Users/mateuspedrosa/Documents/TCC-II/BRKGA/data/random/erdos_n713_p0.2.mtx

----- Execução #1 -----
[INFO] Time limit atingido: 15 minutos. Interrompido no meio de uma geração.
Tempo de execução: 900101ms
Span (lambda): 712
best_order = [161, 441, 267, 26, 684, 628, 322, 300, 711, 51, 99, 42, 410, 342, 560, 571, 502, 654, 1, 11, 176, 53, 205, 663, 643, 299, 520, 243, 417, 57, 438, 168, 233, 423, 483, 555, 404, 416, 469, 509, 612, 107, 561, 362, 537, 409, 343, 25, 527, 516, 419, 610, 340, 177, 23, 535, 657, 433, 242, 351, 13, 460, 601, 688, 297, 477, 505, 28, 75, 81, 434, 533, 519, 616, 689, 14, 618, 669, 331, 422, 309, 138, 704, 523, 400, 324, 230, 323, 304, 63, 7, 552, 244, 34, 439, 56, 292, 454, 629, 640, 302, 85, 79, 276, 76, 592, 247, 548, 162, 40, 73, 124, 123, 72, 357, 346, 217, 171, 598, 235, 691, 143, 577, 50, 321, 195, 703, 652, 147, 408, 114, 569, 306, 659, 39, 155, 473, 308, 316, 17, 262, 446, 708, 429, 110, 106, 597, 581, 358, 661, 65, 256, 252, 363, 135, 86, 211, 369, 465, 90, 565, 700, 413, 534, 16, 12, 507, 47, 334, 341, 412, 602, 617, 167, 101, 199, 575, 298, 179, 594, 48, 638, 180, 208, 642, 553, 425, 424, 329, 3, 676, 546, 545, 120, 125, 549, 126, 599, 4, 568, 406, 705, 639, 662, 390, 335, 391, 576, 139, 668, 253, 203, 64, 515, 236, 140, 175, 2, 557, 499, 372, 145, 305, 18, 462, 606, 19, 141, 68, 626, 6, 712, 619, 621, 679, 27, 381, 263, 240, 444, 60, 632, 130, 361, 450, 337, 9, 443, 266, 194, 109, 223, 531, 61, 540, 326, 665, 678, 165, 210, 394, 471, 193, 209, 646, 354, 289, 614, 633, 529, 383, 320, 613, 54, 615, 206, 32, 202, 478, 278, 31, 345, 149, 69, 348, 104, 554, 95, 627, 249, 136, 707, 84, 528, 551, 698, 374, 212, 395, 229, 117, 77, 273, 562, 268, 198, 67, 496, 62, 108, 154, 355, 327, 360, 682, 514, 403, 426, 636, 366, 365, 649, 386, 10, 328, 485, 489, 574, 347, 132, 257, 631, 220, 44, 330, 310, 648, 35, 163, 97, 157, 658, 431, 494, 158, 521, 121, 580, 402, 100, 275, 91, 579, 0, 692, 239, 148, 152, 287, 672, 200, 98, 93, 234, 261, 522, 492, 674, 5, 377, 590, 237, 401, 282, 384, 49, 33, 178, 131, 184, 248, 241, 428, 258, 318, 192, 435, 221, 398, 645, 142, 80, 37, 96, 102, 30, 349, 605, 634, 558, 204, 188, 259, 452, 82, 530, 191, 213, 371, 38, 517, 600, 43, 525, 582, 547, 622, 660, 445, 265, 197, 294, 503, 536, 285, 264, 183, 58, 301, 405, 283, 474, 66, 134, 566, 83, 55, 455, 231, 541, 467, 680, 315, 92, 543, 620, 260, 656, 160, 480, 510, 116, 246, 373, 539, 59, 699, 493, 207, 479, 690, 150, 644, 189, 647, 511, 311, 219, 392, 625, 508, 498, 222, 238, 376, 277, 164, 332, 251, 182, 226, 196, 378, 388, 174, 325, 673, 359, 255, 170, 513, 127, 250, 103, 21, 685, 15, 375, 118, 524, 385, 215, 291, 461, 313, 550, 352, 466, 418, 694, 113, 500, 556, 587, 122, 159, 459, 24, 532, 399, 578, 272, 105, 695, 666, 481, 671, 350, 284, 382, 664, 430, 393, 290, 447, 279, 336, 339, 696, 415, 653, 20, 464, 245, 468, 187, 153, 591, 367, 293, 482, 710, 448, 687, 604, 270, 78, 288, 432, 504, 407, 570, 584, 137, 214, 630, 353, 490, 46, 437, 411, 45, 8, 589, 427, 181, 491, 495, 146, 420, 52, 458, 380, 538, 111, 650, 70, 506, 512, 115, 583, 472, 396, 651, 128, 89, 281, 596, 356, 87, 484, 641, 449, 608, 338, 307, 368, 190, 573, 36, 595, 709, 133, 681, 572, 319, 151, 173, 637, 271, 389, 41, 201, 414, 185, 693, 667, 440, 269, 563, 567, 526, 611, 225, 232, 675, 670, 624, 451, 312, 542, 333, 286, 129, 607, 686, 314, 387, 112, 94, 216, 74, 144, 224, 228, 677, 227, 486, 303, 218, 317, 436, 29, 609, 702, 119, 623, 364, 697, 457, 593, 487, 169, 295, 470, 706, 397, 156, 22, 254, 442, 453, 344, 475, 296, 603, 421, 186, 564, 588, 488, 274, 476, 518, 497, 166, 463, 501, 456, 683, 559, 586, 544, 172, 71, 88, 585, 655, 635, 701, 370, 379, 280]
labeling = [353, 17, 217, 190, 200, 368, 230, 92, 571, 246, 324, 20, 165, 60, 76, 496, 164, 139, 223, 226, 539, 494, 679, 54, 518, 46, 4, 235, 67, 662, 394, 281, 277, 376, 94, 337, 609, 392, 409, 134, 109, 622, 11, 414, 333, 572, 569, 167, 180, 374, 124, 10, 580, 21, 273, 436, 95, 29, 427, 455, 239, 253, 308, 91, 212, 150, 432, 306, 227, 283, 584, 703, 115, 110, 653, 68, 104, 301, 555, 101, 391, 69, 404, 435, 292, 103, 154, 600, 705, 595, 159, 351, 444, 363, 651, 287, 393, 339, 361, 7, 349, 174, 395, 493, 285, 522, 144, 41, 309, 252, 145, 585, 649, 510, 128, 589, 452, 300, 498, 665, 191, 346, 514, 113, 111, 194, 197, 491, 594, 642, 243, 378, 329, 613, 433, 155, 291, 560, 81, 207, 215, 228, 390, 121, 654, 221, 577, 129, 356, 282, 461, 616, 357, 548, 310, 136, 677, 340, 344, 516, 448, 0, 106, 338, 473, 255, 695, 173, 31, 672, 489, 117, 704, 618, 485, 216, 19, 53, 377, 176, 182, 575, 479, 426, 379, 624, 688, 546, 401, 463, 606, 406, 385, 262, 250, 126, 481, 421, 305, 175, 358, 621, 276, 211, 400, 22, 275, 459, 184, 263, 259, 156, 297, 408, 565, 502, 652, 116, 659, 470, 331, 387, 469, 249, 650, 633, 480, 656, 646, 299, 86, 438, 634, 32, 365, 120, 214, 373, 471, 355, 238, 381, 57, 28, 90, 544, 451, 107, 380, 288, 492, 478, 152, 210, 681, 488, 151, 330, 384, 403, 446, 362, 140, 236, 425, 419, 248, 1, 304, 628, 556, 619, 521, 302, 690, 350, 99, 475, 279, 534, 712, 596, 375, 430, 528, 423, 643, 359, 557, 267, 535, 501, 96, 549, 420, 673, 682, 64, 179, 24, 8, 428, 102, 658, 89, 222, 132, 605, 137, 80, 334, 468, 640, 503, 647, 441, 138, 660, 382, 615, 272, 125, 6, 87, 85, 484, 256, 312, 323, 188, 335, 77, 477, 641, 168, 205, 537, 245, 604, 538, 52, 169, 13, 47, 680, 280, 114, 328, 284, 396, 525, 59, 507, 566, 265, 311, 598, 112, 148, 487, 313, 242, 44, 153, 667, 320, 319, 547, 607, 157, 710, 410, 220, 453, 296, 497, 476, 369, 483, 711, 582, 237, 529, 269, 372, 500, 322, 648, 482, 620, 204, 206, 465, 533, 260, 298, 593, 676, 389, 515, 84, 370, 348, 316, 38, 429, 196, 561, 131, 45, 12, 570, 170, 162, 623, 540, 39, 27, 506, 51, 579, 686, 79, 33, 186, 187, 317, 574, 383, 141, 530, 343, 558, 58, 70, 386, 661, 568, 30, 93, 627, 2, 683, 247, 240, 418, 142, 536, 552, 601, 244, 637, 402, 678, 97, 437, 698, 669, 581, 517, 61, 504, 224, 697, 542, 158, 509, 442, 543, 35, 674, 261, 591, 135, 431, 685, 692, 66, 278, 458, 449, 527, 551, 34, 599, 325, 657, 671, 691, 326, 567, 576, 366, 456, 342, 578, 307, 694, 474, 219, 511, 696, 16, 422, 559, 65, 586, 166, 472, 37, 450, 466, 588, 490, 315, 213, 49, 407, 693, 72, 26, 345, 364, 82, 499, 411, 631, 48, 293, 270, 405, 251, 519, 71, 163, 55, 424, 43, 583, 454, 254, 440, 639, 443, 702, 193, 192, 413, 108, 195, 505, 294, 88, 183, 286, 36, 512, 218, 398, 700, 14, 42, 303, 629, 687, 160, 434, 630, 201, 130, 563, 15, 614, 608, 327, 177, 208, 122, 520, 352, 347, 147, 415, 590, 562, 707, 701, 513, 689, 573, 371, 545, 105, 670, 181, 610, 597, 146, 118, 199, 412, 62, 171, 684, 554, 397, 225, 644, 603, 663, 50, 632, 40, 271, 266, 274, 73, 172, 75, 232, 445, 233, 417, 666, 638, 467, 229, 289, 5, 98, 564, 332, 241, 268, 399, 706, 318, 617, 178, 203, 100, 602, 185, 25, 462, 388, 264, 464, 336, 321, 587, 592, 127, 541, 18, 708, 447, 56, 341, 133, 416, 149, 202, 23, 531, 258, 526, 626, 209, 78, 636, 523, 360, 486, 367, 635, 189, 655, 257, 234, 439, 612, 314, 699, 3, 495, 645, 553, 63, 74, 460, 119, 354, 625, 508, 524, 532, 668, 295, 457, 161, 709, 664, 123, 83, 198, 675, 290, 143, 611, 550, 9, 231]
convergência = [712, 712, 712, 712]

===== FIM =====
