===== RESULTADO BRKGA L(2,1) =====
Arquivo: /Users/mateuspedrosa/Documents/TCC-II/BRKGA/data/random/erdos_n311_p0.8.mtx

----- Execução #1 -----
[INFO] Time limit atingido: 15 minutos. Interrompido no meio de uma geração.
Tempo de execução: 900076ms
Span (lambda): 314
best_order = [62, 306, 19, 170, 127, 125, 61, 113, 105, 154, 260, 46, 69, 205, 253, 291, 89, 213, 10, 209, 24, 107, 171, 233, 300, 26, 35, 217, 18, 12, 44, 245, 178, 298, 45, 172, 307, 215, 109, 243, 137, 99, 58, 82, 181, 279, 193, 92, 229, 252, 133, 224, 17, 0, 237, 64, 36, 148, 295, 21, 187, 143, 173, 174, 28, 63, 196, 169, 199, 56, 142, 240, 226, 230, 115, 255, 4, 185, 281, 299, 103, 5, 16, 164, 264, 34, 2, 165, 51, 141, 198, 194, 52, 292, 254, 206, 116, 65, 285, 3, 85, 289, 192, 287, 70, 204, 242, 147, 223, 60, 151, 88, 68, 155, 57, 126, 239, 20, 267, 91, 179, 97, 186, 278, 118, 73, 130, 259, 190, 310, 182, 162, 138, 136, 101, 235, 9, 106, 86, 8, 201, 258, 96, 301, 195, 265, 257, 122, 269, 177, 262, 297, 266, 23, 129, 66, 271, 123, 124, 145, 166, 40, 211, 146, 236, 25, 256, 244, 275, 157, 84, 93, 117, 31, 50, 80, 263, 90, 131, 7, 274, 71, 208, 13, 29, 1, 11, 153, 78, 41, 284, 184, 110, 140, 150, 128, 191, 81, 251, 83, 280, 79, 210, 308, 77, 102, 277, 212, 294, 214, 286, 288, 293, 200, 76, 188, 283, 249, 112, 227, 42, 232, 120, 302, 296, 234, 270, 168, 163, 160, 54, 67, 33, 175, 108, 228, 6, 43, 156, 32, 216, 74, 250, 135, 37, 180, 309, 261, 158, 48, 218, 161, 248, 104, 241, 247, 30, 87, 189, 47, 225, 144, 272, 114, 139, 197, 221, 72, 22, 304, 100, 219, 231, 132, 149, 152, 119, 53, 59, 176, 95, 134, 111, 55, 282, 203, 220, 98, 273, 75, 305, 276, 167, 94, 159, 14, 303, 49, 268, 238, 27, 38, 183, 202, 15, 121, 290, 222, 39, 246, 207]
labeling = [72, 129, 100, 114, 91, 47, 220, 112, 156, 133, 27, 172, 36, 199, 311, 319, 65, 70, 42, 1, 136, 61, 283, 168, 18, 183, 38, 287, 79, 155, 273, 135, 254, 244, 98, 26, 74, 239, 314, 295, 177, 174, 231, 250, 44, 24, 17, 276, 268, 313, 176, 102, 105, 289, 240, 272, 85, 123, 64, 275, 92, 9, 0, 81, 67, 111, 170, 242, 128, 19, 118, 195, 286, 147, 255, 308, 225, 221, 139, 215, 191, 210, 51, 213, 188, 115, 154, 274, 126, 12, 180, 125, 68, 157, 312, 297, 158, 140, 260, 62, 256, 144, 212, 59, 269, 13, 20, 31, 246, 56, 119, 241, 207, 11, 214, 32, 109, 189, 145, 247, 184, 321, 161, 80, 173, 7, 132, 5, 208, 146, 127, 39, 228, 34, 299, 259, 151, 60, 87, 280, 204, 104, 86, 75, 205, 175, 179, 120, 53, 294, 206, 124, 251, 178, 15, 130, 252, 101, 266, 267, 149, 230, 110, 238, 73, 41, 159, 301, 223, 57, 3, 33, 52, 71, 22, 236, 296, 137, 48, 138, 261, 45, 150, 279, 203, 93, 141, 77, 227, 270, 148, 190, 103, 10, 78, 55, 83, 282, 96, 6, 216, 152, 317, 302, 106, 4, 82, 316, 197, 29, 217, 167, 222, 25, 186, 54, 198, 40, 258, 290, 304, 284, 325, 122, 28, 278, 88, 229, 248, 16, 90, 292, 233, 35, 237, 153, 181, 43, 253, 134, 30, 232, 108, 58, 187, 46, 303, 271, 218, 226, 257, 211, 63, 21, 84, 69, 185, 163, 89, 131, 14, 265, 121, 193, 97, 162, 166, 99, 315, 117, 234, 171, 262, 306, 164, 169, 310, 182, 143, 66, 200, 95, 300, 192, 201, 113, 209, 94, 196, 116, 323, 23, 107, 224, 202, 76, 194, 165, 50, 49, 37, 160, 235, 243, 288, 293, 2, 8, 219, 263, 142]
convergência = [314, 314, 314]

===== FIM =====
