===== RESULTADO BRKGA L(2,1) =====
Arquivo: /Users/mateuspedrosa/Documents/TCC-II/BRKGA/data/random/erdos_n496_p0.6.mtx

----- Execução #1 -----
[INFO] Time limit atingido: 15 minutos. Interrompido no meio de uma geração.
Tempo de execução: 900095ms
Span (lambda): 495
best_order = [486, 212, 347, 425, 466, 345, 255, 353, 9, 131, 108, 277, 218, 43, 376, 162, 205, 120, 22, 346, 410, 385, 45, 21, 239, 140, 257, 416, 299, 287, 487, 153, 422, 1, 64, 394, 13, 183, 77, 128, 211, 491, 82, 166, 380, 155, 413, 186, 451, 389, 169, 397, 35, 251, 371, 202, 56, 19, 296, 331, 414, 250, 383, 256, 87, 270, 191, 386, 244, 2, 135, 300, 360, 129, 362, 243, 241, 210, 94, 227, 404, 484, 223, 163, 89, 107, 110, 172, 400, 443, 111, 142, 489, 73, 471, 304, 138, 134, 187, 325, 5, 58, 194, 313, 433, 398, 32, 423, 175, 442, 158, 262, 415, 266, 467, 454, 189, 481, 458, 301, 275, 322, 269, 291, 464, 391, 132, 374, 306, 165, 321, 449, 274, 364, 253, 104, 157, 381, 182, 154, 412, 14, 263, 188, 66, 297, 340, 350, 171, 219, 102, 324, 75, 260, 37, 229, 114, 303, 427, 159, 476, 139, 447, 85, 488, 156, 221, 470, 54, 12, 151, 101, 366, 123, 343, 459, 363, 16, 90, 333, 490, 377, 448, 200, 197, 152, 237, 402, 267, 336, 137, 302, 79, 472, 355, 328, 103, 495, 78, 15, 289, 282, 310, 264, 167, 430, 93, 6, 375, 475, 215, 18, 23, 207, 112, 395, 406, 196, 41, 330, 178, 259, 417, 344, 181, 20, 24, 3, 358, 482, 252, 462, 76, 180, 339, 444, 49, 44, 42, 305, 407, 130, 332, 174, 168, 217, 10, 419, 170, 39, 461, 245, 273, 148, 420, 356, 48, 31, 72, 292, 309, 409, 106, 203, 193, 276, 68, 367, 365, 438, 307, 492, 408, 67, 384, 387, 38, 272, 195, 145, 359, 421, 320, 51, 184, 233, 164, 65, 235, 179, 460, 312, 88, 285, 469, 294, 450, 378, 445, 315, 401, 115, 213, 116, 105, 293, 122, 97, 161, 483, 396, 230, 429, 280, 284, 63, 453, 465, 474, 4, 248, 393, 147, 141, 317, 390, 456, 28, 84, 323, 27, 60, 133, 99, 268, 126, 478, 83, 121, 382, 7, 295, 399, 352, 86, 403, 242, 405, 125, 74, 222, 34, 437, 452, 435, 392, 224, 17, 214, 455, 119, 92, 436, 57, 61, 271, 298, 440, 411, 192, 209, 370, 100, 368, 261, 434, 477, 25, 479, 351, 290, 369, 283, 52, 216, 204, 258, 311, 337, 327, 388, 136, 329, 372, 53, 234, 279, 247, 379, 418, 373, 473, 199, 29, 334, 480, 326, 70, 341, 46, 361, 228, 288, 59, 173, 118, 143, 314, 96, 308, 354, 446, 286, 81, 33, 319, 335, 30, 127, 95, 198, 426, 318, 240, 225, 36, 190, 113, 144, 441, 177, 432, 69, 431, 98, 428, 176, 0, 26, 62, 348, 485, 439, 11, 80, 160, 50, 71, 201, 232, 265, 468, 281, 236, 220, 47, 349, 238, 342, 208, 150, 316, 254, 206, 146, 124, 185, 338, 278, 8, 117, 357, 457, 226, 424, 40, 55, 494, 463, 231, 91, 493, 149, 246, 109, 249]
labeling = [450, 35, 70, 230, 326, 101, 210, 327, 483, 5, 246, 449, 162, 38, 142, 197, 180, 356, 215, 61, 221, 28, 23, 214, 229, 372, 425, 316, 333, 401, 434, 253, 110, 432, 338, 55, 427, 159, 279, 252, 489, 222, 240, 17, 237, 20, 413, 467, 249, 238, 460, 282, 387, 400, 160, 491, 59, 358, 102, 416, 334, 365, 451, 320, 34, 291, 146, 270, 268, 423, 408, 447, 257, 93, 344, 154, 231, 39, 204, 194, 457, 419, 45, 341, 323, 151, 348, 66, 294, 85, 173, 490, 362, 209, 79, 431, 384, 308, 446, 337, 373, 172, 145, 200, 131, 300, 251, 87, 9, 498, 88, 86, 217, 437, 161, 305, 307, 477, 418, 360, 21, 331, 311, 164, 471, 351, 325, 436, 40, 74, 242, 11, 128, 329, 94, 72, 398, 193, 97, 165, 24, 319, 92, 420, 442, 272, 475, 290, 258, 495, 469, 170, 187, 29, 137, 48, 168, 138, 104, 163, 458, 310, 19, 83, 289, 133, 32, 201, 243, 54, 250, 152, 84, 412, 244, 112, 448, 444, 226, 277, 234, 225, 127, 37, 287, 480, 50, 98, 143, 113, 440, 41, 371, 264, 103, 280, 220, 185, 438, 403, 178, 462, 57, 265, 391, 18, 459, 208, 474, 364, 80, 42, 2, 302, 359, 213, 389, 245, 15, 153, 470, 171, 342, 76, 357, 435, 479, 81, 405, 147, 314, 488, 464, 284, 402, 292, 468, 184, 472, 26, 433, 78, 352, 77, 60, 247, 496, 404, 328, 500, 64, 51, 223, 134, 478, 8, 65, 14, 393, 203, 157, 376, 116, 144, 188, 455, 106, 191, 339, 123, 67, 367, 281, 256, 125, 115, 267, 13, 482, 386, 317, 453, 199, 385, 318, 296, 430, 22, 410, 206, 383, 124, 259, 309, 299, 343, 56, 148, 368, 31, 73, 120, 192, 149, 96, 239, 132, 261, 424, 262, 205, 390, 286, 105, 422, 297, 476, 330, 439, 421, 285, 129, 122, 335, 155, 99, 411, 395, 198, 382, 224, 62, 235, 176, 407, 429, 186, 388, 465, 233, 141, 394, 473, 175, 228, 6, 25, 4, 452, 463, 150, 381, 347, 10, 426, 196, 255, 485, 195, 274, 71, 414, 75, 179, 136, 266, 174, 269, 375, 380, 369, 46, 397, 392, 130, 212, 16, 182, 295, 378, 47, 139, 336, 63, 276, 12, 68, 278, 396, 49, 306, 126, 346, 304, 36, 216, 313, 53, 109, 345, 90, 288, 189, 350, 82, 349, 219, 241, 275, 263, 27, 370, 140, 43, 58, 118, 30, 227, 399, 248, 260, 283, 7, 100, 481, 1, 415, 156, 417, 315, 207, 445, 443, 107, 377, 354, 363, 353, 271, 456, 366, 441, 114, 91, 236, 303, 428, 167, 183, 135, 301, 52, 355, 321, 108, 361, 332, 487, 117, 177, 293, 254, 232, 486, 121, 322, 3, 111, 466, 298, 166, 95, 190, 406, 324, 211, 158, 374, 340, 379, 409, 119, 218, 312, 69, 454, 0, 33, 169, 89, 181, 44, 273, 493, 484, 202]
convergência = []

===== FIM =====
