===== RESULTADO BRKGA L(2,1) =====
Arquivo: /Users/mateuspedrosa/Documents/TCC-II/BRKGA/data/random/erdos_n902_p0.6.mtx

----- Execução #1 -----
[INFO] Time limit atingido: 15 minutos. Esgotado durante a inicialização da população.
Tempo de execução: 900707ms
Span (lambda): 901
best_order = [891, 7, 806, 373, 836, 258, 57, 894, 649, 751, 370, 279, 570, 333, 25, 808, 369, 322, 467, 782, 45, 136, 688, 795, 657, 825, 280, 225, 445, 203, 332, 178, 412, 26, 396, 344, 556, 822, 372, 391, 103, 764, 232, 167, 828, 34, 503, 425, 694, 428, 38, 490, 683, 829, 201, 17, 424, 817, 760, 420, 215, 267, 400, 698, 625, 137, 273, 582, 123, 469, 320, 743, 630, 447, 633, 433, 327, 799, 761, 4, 651, 176, 423, 858, 756, 734, 120, 210, 510, 276, 110, 765, 543, 150, 360, 791, 532, 51, 75, 496, 324, 821, 343, 380, 77, 382, 693, 351, 134, 141, 895, 658, 813, 647, 538, 302, 595, 678, 149, 386, 781, 602, 882, 237, 477, 436, 612, 650, 180, 158, 303, 316, 869, 86, 13, 843, 66, 775, 367, 785, 818, 212, 315, 197, 620, 460, 71, 198, 170, 568, 129, 864, 336, 347, 645, 873, 636, 838, 375, 704, 155, 547, 200, 807, 537, 777, 549, 291, 629, 876, 525, 530, 32, 252, 860, 247, 744, 643, 262, 329, 567, 554, 240, 634, 27, 330, 667, 453, 365, 116, 31, 626, 388, 773, 456, 406, 187, 242, 84, 786, 385, 545, 771, 516, 443, 301, 560, 165, 850, 319, 147, 278, 0, 702, 788, 819, 33, 222, 415, 685, 213, 778, 236, 376, 466, 480, 611, 715, 610, 515, 742, 354, 655, 99, 661, 575, 159, 118, 727, 546, 35, 107, 534, 427, 600, 714, 536, 253, 46, 358, 849, 816, 783, 185, 404, 405, 802, 259, 36, 169, 294, 768, 512, 670, 260, 749, 20, 104, 131, 832, 224, 682, 288, 308, 326, 757, 15, 387, 686, 97, 416, 732, 23, 692, 94, 429, 411, 230, 710, 339, 809, 540, 548, 676, 357, 186, 81, 664, 284, 458, 160, 720, 766, 328, 885, 763, 504, 29, 430, 901, 745, 286, 184, 448, 69, 662, 508, 563, 378, 738, 374, 243, 628, 500, 846, 111, 394, 872, 52, 823, 142, 18, 209, 598, 64, 205, 529, 523, 834, 780, 16, 796, 12, 89, 896, 174, 143, 848, 741, 114, 162, 379, 609, 274, 389, 426, 614, 739, 313, 49, 518, 395, 660, 635, 283, 189, 555, 605, 871, 888, 499, 208, 140, 793, 684, 105, 397, 577, 271, 632, 762, 889, 701, 192, 564, 417, 798, 801, 409, 317, 767, 524, 558, 246, 10, 164, 752, 839, 759, 171, 899, 866, 721, 722, 80, 241, 401, 352, 474, 750, 811, 195, 728, 450, 804, 514, 675, 1, 482, 884, 238, 613, 304, 177, 719, 690, 526, 671, 90, 890, 245, 55, 292, 438, 135, 74, 421, 459, 342, 723, 464, 254, 746, 70, 353, 452, 747, 48, 491, 19, 264, 244, 156, 522, 879, 486, 63, 408, 216, 488, 275, 106, 566, 699, 520, 79, 853, 199, 340, 414, 154, 900, 101, 299, 640, 502, 579, 615, 494, 542, 718, 717, 478, 407, 513, 881, 219, 550, 217, 470, 335, 463, 39, 631, 599, 797, 72, 172, 41, 307, 228, 384, 83, 239, 509, 473, 214, 138, 713, 100, 837, 207, 348, 790, 249, 298, 689, 576, 92, 377, 725, 272, 40, 263, 874, 659, 668, 830, 476, 674, 312, 784, 285, 125, 148, 877, 621, 295, 481, 5, 617, 226, 194, 393, 485, 102, 350, 65, 419, 840, 58, 835, 580, 665, 85, 814, 606, 886, 334, 669, 724, 127, 128, 624, 597, 402, 803, 569, 483, 361, 50, 697, 897, 78, 190, 193, 321, 604, 696, 571, 800, 277, 708, 296, 11, 211, 815, 98, 221, 601, 220, 841, 290, 639, 383, 157, 758, 462, 233, 646, 133, 121, 730, 712, 594, 603, 318, 507, 76, 769, 794, 331, 446, 87, 703, 122, 223, 218, 153, 862, 152, 709, 202, 437, 266, 146, 680, 484, 196, 673, 789, 231, 457, 362, 517, 399, 255, 251, 355, 868, 9, 681, 398, 505, 113, 191, 115, 787, 527, 716, 338, 229, 392, 68, 145, 444, 95, 441, 82, 867, 475, 6, 183, 366, 431, 498, 314, 235, 754, 289, 44, 737, 465, 432, 28, 310, 293, 161, 325, 489, 583, 88, 810, 880, 706, 672, 175, 422, 535, 168, 588, 729, 364, 492, 410, 124, 893, 173, 748, 139, 126, 857, 270, 831, 73, 440, 311, 281, 622, 589, 687, 248, 54, 179, 269, 878, 439, 623, 493, 341, 644, 62, 204, 731, 132, 112, 705, 67, 859, 305, 770, 227, 539, 541, 618, 359, 268, 648, 495, 883, 531, 413, 711, 735, 792, 96, 861, 870, 300, 390, 679, 586, 641, 553, 8, 653, 533, 851, 14, 574, 181, 572, 845, 346, 282, 418, 593, 887, 779, 345, 856, 501, 461, 337, 109, 592, 812, 454, 677, 855, 93, 60, 772, 37, 206, 455, 596, 59, 573, 442, 472, 608, 21, 565, 638, 182, 306, 587, 691, 590, 163, 471, 733, 551, 61, 43, 561, 371, 256, 544, 847, 91, 663, 24, 265, 257, 736, 854, 3, 349, 591, 619, 776, 637, 844, 53, 584, 627, 449, 47, 119, 323, 700, 297, 497, 557, 22, 30, 368, 824, 695, 479, 144, 652, 833, 578, 656, 820, 607, 108, 875, 642, 56, 666, 468, 511, 188, 581, 261, 898, 287, 363, 707, 865, 234, 616, 434, 435, 726, 506, 117, 585, 774, 521, 892, 842, 519, 654, 250, 356, 166, 740, 487, 826, 130, 42, 403, 528, 753, 852, 562, 2, 827, 559, 151, 451, 381, 552, 805, 863, 309, 755]
labeling = [213, 419, 893, 823, 83, 543, 657, 2, 757, 645, 399, 584, 347, 137, 761, 276, 344, 58, 332, 451, 267, 787, 841, 283, 810, 12, 23, 177, 678, 303, 840, 192, 171, 219, 47, 242, 259, 770, 51, 487, 522, 500, 885, 801, 667, 26, 250, 833, 448, 348, 571, 99, 330, 831, 715, 432, 846, 7, 540, 793, 788, 807, 722, 461, 335, 549, 139, 730, 646, 315, 443, 148, 494, 701, 435, 101, 595, 107, 575, 467, 406, 298, 660, 504, 196, 552, 126, 615, 674, 349, 431, 816, 520, 772, 287, 655, 748, 279, 590, 236, 513, 475, 536, 38, 268, 375, 455, 245, 854, 758, 93, 331, 727, 640, 336, 649, 189, 873, 237, 834, 84, 605, 606, 55, 694, 527, 703, 556, 565, 155, 884, 263, 728, 603, 102, 434, 28, 71, 509, 702, 371, 110, 328, 352, 845, 656, 619, 212, 525, 123, 96, 897, 624, 622, 471, 164, 450, 598, 118, 241, 300, 663, 340, 804, 401, 209, 881, 44, 693, 260, 138, 388, 496, 700, 351, 689, 87, 428, 19, 714, 135, 763, 792, 664, 305, 255, 296, 200, 862, 357, 569, 648, 384, 577, 547, 414, 632, 144, 153, 468, 150, 48, 626, 33, 724, 337, 780, 515, 374, 333, 86, 586, 145, 222, 507, 63, 457, 491, 620, 488, 594, 589, 204, 618, 269, 21, 545, 736, 499, 650, 282, 627, 42, 602, 865, 671, 225, 129, 422, 506, 183, 409, 175, 323, 454, 430, 397, 178, 713, 517, 878, 641, 168, 252, 442, 635, 811, 799, 5, 257, 266, 861, 181, 523, 452, 819, 623, 66, 731, 716, 705, 380, 521, 59, 342, 463, 74, 582, 214, 15, 34, 709, 760, 367, 299, 533, 301, 856, 272, 675, 591, 169, 433, 682, 262, 539, 583, 837, 510, 470, 750, 208, 119, 136, 426, 734, 798, 490, 273, 905, 680, 707, 535, 365, 669, 147, 116, 393, 611, 210, 75, 576, 22, 805, 103, 676, 274, 77, 306, 182, 187, 610, 25, 18, 562, 493, 157, 779, 644, 288, 459, 719, 439, 104, 35, 773, 767, 142, 512, 825, 544, 100, 402, 444, 232, 629, 880, 294, 253, 737, 97, 572, 638, 849, 692, 190, 661, 141, 832, 20, 10, 803, 39, 3, 321, 152, 218, 519, 320, 350, 106, 901, 109, 585, 502, 201, 125, 278, 191, 358, 751, 41, 654, 548, 326, 360, 27, 378, 642, 639, 57, 404, 559, 887, 256, 258, 199, 478, 453, 391, 697, 289, 8, 744, 469, 221, 281, 386, 766, 551, 64, 436, 691, 89, 52, 49, 359, 247, 50, 286, 311, 666, 665, 78, 866, 868, 114, 613, 425, 717, 698, 652, 778, 193, 658, 31, 593, 76, 314, 828, 410, 899, 446, 185, 783, 774, 197, 636, 292, 437, 151, 777, 600, 495, 438, 677, 226, 24, 859, 65, 483, 806, 790, 503, 408, 662, 532, 131, 476, 844, 227, 541, 415, 567, 630, 538, 460, 882, 445, 684, 53, 449, 695, 718, 482, 739, 82, 839, 668, 372, 327, 775, 479, 46, 310, 647, 871, 612, 307, 501, 92, 860, 261, 485, 416, 224, 207, 637, 362, 877, 464, 874, 456, 339, 395, 172, 427, 653, 889, 338, 174, 742, 69, 754, 233, 688, 251, 167, 105, 725, 290, 738, 474, 94, 812, 203, 230, 165, 293, 162, 489, 784, 890, 755, 180, 364, 37, 830, 394, 895, 202, 809, 892, 319, 383, 794, 465, 184, 146, 561, 16, 581, 764, 782, 752, 240, 518, 377, 848, 481, 555, 853, 73, 670, 824, 863, 747, 797, 685, 711, 802, 813, 776, 769, 609, 121, 791, 568, 324, 492, 246, 592, 120, 601, 573, 368, 560, 838, 795, 356, 231, 229, 124, 424, 361, 472, 867, 542, 740, 827, 149, 529, 710, 708, 566, 70, 194, 826, 325, 158, 61, 497, 369, 67, 186, 366, 154, 815, 796, 597, 477, 749, 855, 173, 720, 140, 587, 112, 735, 11, 133, 85, 847, 756, 879, 234, 850, 17, 115, 526, 353, 238, 317, 818, 297, 557, 857, 188, 528, 550, 264, 421, 681, 634, 534, 417, 295, 785, 108, 753, 628, 633, 271, 54, 376, 211, 280, 712, 30, 514, 429, 800, 285, 111, 40, 843, 579, 574, 68, 462, 836, 382, 216, 617, 163, 723, 687, 851, 580, 621, 291, 746, 604, 511, 249, 220, 631, 480, 484, 418, 302, 407, 398, 441, 564, 516, 869, 243, 412, 690, 607, 726, 277, 808, 91, 743, 820, 672, 318, 363, 875, 354, 228, 72, 179, 313, 440, 447, 696, 265, 411, 13, 392, 891, 673, 907, 80, 275, 599, 403, 62, 81, 381, 309, 43, 95, 304, 390, 248, 608, 733, 205, 789, 195, 870, 134, 829, 160, 223, 771, 343, 127, 6, 244, 531, 122, 198, 651, 215, 625, 508, 90, 745, 373, 614, 29, 346, 498, 387, 79, 578, 389, 239, 570, 400, 903, 4, 166, 14, 284, 683, 413, 781, 117, 558, 588, 254, 60, 143, 217, 852, 98, 36, 322, 842, 32, 883, 894, 45, 56, 530, 704, 270, 817, 341, 553, 1, 505, 161, 385, 546, 596, 876, 130, 822, 765, 329, 814, 345, 235, 206, 759, 886, 466, 821, 786, 762, 679, 88, 732, 176, 721, 616, 900, 156, 864, 396, 659, 643, 132, 729, 370, 316, 159, 524, 835, 170, 537, 706, 458, 686, 486, 128, 741, 420, 308, 554, 768, 355, 379, 423, 0, 872, 699, 9, 113, 334, 563, 858, 405, 473, 312]
convergência = []

===== FIM =====
