===== RESULTADO BRKGA L(2,1) =====
Arquivo: /Users/mateuspedrosa/Documents/TCC-II/BRKGA/data/random/erdos_n142_p0.8.mtx

----- Execução #1 -----
[INFO] Time limit atingido: 15 minutos. Interrompido no meio de uma geração.
Tempo de execução: 900006ms
Span (lambda): 141
best_order = [9, 141, 60, 42, 71, 2, 50, 115, 119, 100, 54, 106, 66, 5, 37, 14, 49, 35, 82, 3, 128, 0, 87, 127, 79, 8, 17, 33, 15, 83, 132, 26, 68, 136, 138, 70, 46, 69, 30, 130, 122, 18, 56, 73, 43, 13, 126, 22, 114, 124, 125, 80, 24, 76, 59, 120, 40, 44, 133, 51, 29, 10, 52, 102, 101, 140, 21, 86, 90, 134, 111, 41, 91, 89, 45, 19, 6, 85, 72, 77, 48, 36, 118, 94, 11, 110, 12, 34, 62, 55, 25, 131, 57, 123, 67, 39, 4, 98, 23, 53, 28, 121, 113, 74, 99, 63, 104, 61, 96, 135, 108, 81, 92, 1, 31, 107, 78, 137, 139, 27, 38, 32, 105, 64, 47, 75, 112, 97, 116, 93, 109, 103, 88, 16, 65, 84, 129, 20, 58, 7, 117, 95]
labeling = [12, 102, 7, 27, 106, 20, 92, 154, 21, 0, 35, 86, 91, 61, 22, 23, 93, 36, 25, 1, 58, 82, 65, 113, 74, 107, 43, 70, 115, 77, 19, 104, 78, 38, 103, 26, 83, 6, 135, 54, 30, 44, 4, 59, 48, 90, 51, 139, 98, 24, 9, 52, 75, 112, 16, 64, 42, 109, 153, 76, 3, 110, 105, 100, 137, 151, 18, 111, 45, 53, 33, 5, 96, 8, 121, 120, 50, 56, 129, 34, 73, 125, 17, 39, 142, 94, 84, 31, 149, 89, 85, 87, 68, 143, 99, 118, 122, 108, 97, 40, 15, 80, 79, 147, 88, 60, 14, 127, 123, 145, 101, 72, 130, 119, 67, 11, 141, 156, 95, 13, 28, 117, 57, 81, 69, 71, 63, 32, 29, 66, 55, 62, 41, 10, 46, 116, 47, 131, 49, 133, 37, 2]
convergência = [144, 144, 144, 144, 144, 144, 144, 144, 144, 144, 144, 144, 144, 144, 144, 144, 144, 144, 144, 143, 143, 143, 143, 143, 143, 143, 143, 143, 143, 143, 142, 142, 142, 142, 142, 142, 142, 142, 142, 142, 142, 142, 142, 142, 142, 142, 142, 141, 141, 141, 141, 141, 141, 141]

===== FIM =====
