===== RESULTADO BRKGA L(2,1) =====
Arquivo: /Users/mateuspedrosa/Documents/TCC-II/BRKGA/data/random/erdos_n784_p0.8.mtx

----- Execução #1 -----
[INFO] Time limit atingido: 15 minutos. Esgotado durante a inicialização da população.
Tempo de execução: 900342ms
Span (lambda): 791
best_order = [63, 115, 480, 387, 322, 61, 490, 706, 151, 86, 492, 471, 738, 568, 701, 482, 620, 680, 473, 755, 466, 84, 26, 164, 600, 484, 730, 324, 85, 276, 225, 111, 491, 660, 24, 150, 299, 561, 354, 460, 204, 618, 142, 64, 350, 653, 352, 418, 16, 631, 749, 244, 162, 72, 55, 595, 610, 381, 89, 128, 79, 70, 724, 634, 75, 536, 135, 167, 291, 51, 770, 442, 138, 537, 271, 281, 488, 467, 649, 703, 669, 517, 119, 201, 606, 360, 648, 117, 287, 228, 327, 38, 623, 523, 195, 574, 412, 21, 617, 27, 747, 590, 250, 592, 775, 744, 237, 731, 670, 320, 475, 100, 477, 257, 757, 553, 722, 581, 41, 68, 157, 173, 736, 759, 165, 17, 765, 31, 522, 317, 125, 348, 263, 210, 690, 218, 247, 506, 586, 379, 118, 424, 213, 25, 410, 404, 15, 76, 47, 421, 141, 621, 243, 696, 419, 311, 516, 8, 481, 29, 0, 619, 74, 763, 319, 463, 103, 351, 433, 654, 758, 635, 242, 389, 222, 180, 547, 443, 154, 577, 93, 457, 54, 674, 779, 570, 741, 302, 735, 772, 453, 728, 603, 513, 646, 483, 347, 714, 87, 679, 644, 105, 643, 92, 185, 49, 604, 312, 438, 448, 374, 661, 645, 69, 425, 435, 668, 239, 226, 746, 560, 35, 143, 651, 505, 580, 456, 552, 726, 7, 238, 723, 753, 10, 396, 95, 599, 588, 113, 196, 42, 329, 12, 642, 707, 740, 362, 366, 783, 116, 23, 39, 371, 698, 556, 356, 742, 308, 174, 382, 583, 533, 494, 293, 625, 156, 464, 432, 630, 221, 283, 102, 571, 60, 502, 175, 585, 771, 474, 521, 208, 53, 715, 659, 1, 664, 144, 555, 82, 294, 18, 626, 81, 497, 159, 751, 601, 732, 94, 628, 232, 510, 694, 336, 734, 487, 240, 58, 341, 193, 288, 430, 520, 479, 395, 110, 251, 677, 33, 436, 337, 527, 59, 270, 541, 647, 607, 719, 209, 30, 277, 573, 764, 602, 373, 20, 286, 499, 328, 199, 211, 423, 548, 148, 192, 140, 71, 399, 781, 612, 782, 19, 126, 428, 66, 280, 663, 230, 468, 422, 197, 149, 375, 465, 650, 589, 748, 99, 593, 486, 641, 535, 685, 56, 409, 752, 598, 485, 441, 700, 500, 3, 638, 665, 671, 158, 227, 349, 129, 658, 260, 254, 44, 554, 777, 447, 198, 345, 402, 451, 83, 11, 65, 540, 767, 597, 401, 139, 745, 361, 434, 380, 205, 459, 365, 123, 780, 184, 692, 67, 124, 439, 710, 608, 212, 215, 131, 526, 493, 725, 549, 88, 524, 407, 233, 662, 353, 408, 43, 101, 414, 762, 314, 206, 13, 73, 106, 584, 713, 688, 594, 259, 310, 98, 431, 632, 121, 514, 509, 234, 687, 335, 754, 717, 194, 9, 400, 261, 166, 223, 262, 530, 476, 397, 478, 591, 355, 62, 551, 615, 773, 676, 760, 107, 186, 390, 544, 532, 178, 315, 446, 392, 339, 613, 235, 667, 258, 171, 629, 778, 279, 393, 640, 34, 546, 655, 566, 78, 508, 200, 272, 498, 567, 236, 415, 496, 109, 542, 122, 52, 682, 127, 179, 357, 36, 609, 37, 495, 80, 146, 332, 188, 305, 627, 666, 394, 229, 743, 774, 77, 134, 169, 605, 369, 470, 316, 97, 637, 284, 450, 321, 161, 624, 383, 267, 104, 170, 386, 519, 557, 657, 440, 693, 48, 579, 596, 57, 737, 220, 5, 133, 426, 96, 684, 130, 545, 454, 370, 639, 14, 275, 718, 528, 241, 575, 90, 776, 172, 761, 252, 145, 176, 224, 265, 564, 313, 334, 268, 515, 323, 292, 672, 300, 563, 343, 711, 512, 398, 266, 306, 550, 405, 391, 385, 708, 152, 716, 531, 207, 558, 318, 46, 691, 720, 377, 756, 578, 416, 420, 340, 427, 376, 413, 344, 326, 40, 768, 582, 675, 525, 91, 769, 709, 269, 342, 503, 363, 652, 114, 368, 458, 462, 766, 712, 403, 120, 297, 219, 325, 189, 338, 256, 739, 452, 469, 136, 417, 656, 461, 301, 364, 504, 202, 217, 264, 168, 529, 290, 511, 378, 330, 346, 686, 614, 304, 699, 673, 721, 538, 534, 678, 289, 181, 32, 22, 160, 112, 359, 147, 539, 489, 6, 622, 455, 298, 190, 697, 388, 309, 437, 367, 214, 191, 183, 636, 562, 303, 245, 384, 248, 683, 246, 28, 702, 358, 733, 445, 307, 153, 278, 333, 501, 249, 255, 331, 576, 285, 273, 2, 572, 507, 4, 681, 203, 216, 274, 704, 727, 231, 406, 411, 449, 108, 689, 616, 372, 163, 282, 705, 429, 472, 587, 132, 444, 155, 565, 45, 569, 543, 187, 611, 137, 729, 695, 559, 253, 50, 182, 296, 295, 750, 177, 633, 518]
labeling = [178, 303, 716, 402, 755, 583, 684, 250, 175, 455, 137, 352, 238, 432, 593, 145, 5, 138, 306, 365, 275, 114, 708, 257, 3, 128, 1, 83, 655, 147, 349, 142, 659, 337, 510, 237, 533, 537, 110, 235, 647, 90, 256, 428, 384, 773, 623, 126, 519, 195, 790, 87, 528, 299, 199, 64, 394, 579, 325, 294, 259, 8, 473, 0, 53, 426, 309, 442, 85, 227, 74, 359, 46, 450, 182, 78, 163, 549, 512, 72, 539, 308, 296, 424, 31, 42, 16, 183, 451, 68, 584, 654, 217, 133, 315, 252, 586, 530, 466, 387, 48, 457, 242, 186, 568, 216, 425, 487, 765, 514, 287, 45, 701, 248, 569, 2, 251, 103, 151, 97, 669, 467, 483, 439, 444, 124, 367, 523, 70, 413, 587, 448, 762, 574, 550, 82, 685, 786, 88, 431, 334, 164, 37, 239, 304, 608, 541, 711, 332, 364, 9, 14, 578, 743, 172, 776, 278, 104, 410, 312, 710, 562, 62, 764, 33, 136, 475, 84, 680, 552, 492, 505, 558, 119, 269, 289, 610, 796, 498, 531, 158, 676, 792, 728, 368, 218, 485, 782, 534, 677, 661, 694, 357, 329, 462, 71, 226, 377, 419, 340, 518, 99, 682, 757, 41, 435, 434, 634, 297, 348, 102, 355, 391, 141, 726, 445, 720, 689, 152, 673, 581, 284, 156, 399, 591, 32, 232, 411, 107, 545, 330, 759, 268, 454, 470, 503, 522, 122, 201, 230, 323, 599, 193, 167, 60, 615, 735, 154, 642, 749, 120, 333, 606, 789, 412, 744, 663, 130, 504, 407, 414, 474, 477, 148, 691, 609, 576, 566, 601, 660, 341, 54, 499, 731, 672, 596, 44, 350, 697, 436, 347, 93, 738, 286, 557, 734, 338, 105, 300, 690, 678, 86, 618, 274, 264, 781, 783, 671, 644, 11, 622, 688, 206, 733, 665, 540, 626, 741, 210, 709, 443, 173, 189, 614, 459, 420, 532, 113, 631, 149, 127, 560, 7, 616, 40, 675, 548, 109, 313, 170, 696, 750, 479, 745, 603, 452, 319, 339, 679, 476, 643, 327, 662, 624, 605, 343, 698, 214, 146, 273, 55, 188, 56, 397, 49, 484, 265, 521, 737, 705, 81, 422, 246, 664, 668, 437, 228, 714, 666, 536, 582, 261, 766, 345, 223, 322, 645, 625, 695, 155, 354, 65, 270, 565, 718, 551, 570, 6, 723, 165, 493, 628, 460, 494, 490, 292, 212, 416, 542, 361, 472, 429, 421, 648, 161, 617, 725, 453, 458, 362, 159, 761, 112, 627, 447, 524, 639, 635, 13, 171, 641, 153, 375, 316, 157, 181, 585, 598, 369, 772, 277, 358, 280, 190, 433, 191, 311, 724, 174, 372, 575, 400, 89, 196, 774, 729, 500, 418, 222, 763, 559, 423, 681, 160, 592, 719, 245, 162, 667, 380, 30, 687, 637, 111, 279, 379, 22, 52, 373, 683, 538, 20, 754, 29, 266, 79, 480, 129, 471, 320, 4, 176, 24, 135, 36, 398, 307, 321, 15, 715, 10, 39, 18, 388, 272, 496, 526, 310, 520, 305, 395, 747, 203, 611, 653, 185, 100, 753, 516, 430, 298, 657, 621, 211, 469, 567, 139, 77, 798, 563, 331, 295, 144, 59, 405, 640, 386, 326, 561, 693, 478, 633, 497, 271, 703, 360, 80, 91, 674, 713, 403, 318, 525, 780, 495, 590, 513, 194, 328, 449, 595, 486, 247, 115, 415, 255, 263, 571, 546, 736, 236, 47, 732, 580, 612, 778, 508, 517, 21, 775, 202, 288, 740, 336, 69, 600, 752, 197, 638, 553, 243, 132, 650, 240, 438, 291, 131, 748, 219, 383, 96, 482, 73, 389, 465, 28, 577, 324, 396, 254, 35, 285, 353, 209, 220, 554, 43, 344, 382, 535, 66, 784, 363, 501, 702, 488, 769, 116, 51, 180, 26, 166, 717, 98, 564, 276, 253, 506, 317, 507, 282, 57, 440, 771, 50, 143, 730, 555, 404, 594, 511, 390, 258, 208, 67, 215, 213, 342, 101, 95, 381, 241, 646, 19, 192, 515, 670, 573, 376, 302, 34, 225, 456, 371, 231, 406, 543, 502, 229, 92, 125, 408, 620, 706, 187, 652, 491, 335, 686, 121, 27, 699, 529, 712, 588, 392, 700, 464, 463, 767, 150, 589, 374, 556, 290, 768, 169, 721, 262, 704, 366, 23, 707, 61, 742, 770, 12, 233, 630, 658, 446, 619, 651, 461, 205, 301, 632, 468, 597, 346, 607, 613, 94, 224, 76, 393, 249, 722, 177, 787, 38, 123, 221, 739, 283, 207, 134, 572, 17, 629, 179, 204, 267, 547, 108, 370, 234, 118, 385, 58, 794, 314, 378, 244, 409, 25, 636, 117, 168, 63, 481, 604, 401, 184, 351, 140, 544, 427, 649, 656, 75, 293, 198, 489, 527, 106, 602, 417, 509, 200, 441, 281, 356, 260]
convergência = []

===== FIM =====
