===== RESULTADO BRKGA L(2,1) =====
Arquivo: /Users/mateuspedrosa/Documents/TCC-II/BRKGA/data/random/erdos_n569_p0.8.mtx

----- Execução #1 -----
[INFO] Time limit atingido: 15 minutos. Esgotado durante a inicialização da população.
Tempo de execução: 900796ms
Span (lambda): 574
best_order = [442, 65, 549, 364, 282, 190, 539, 543, 82, 25, 390, 131, 270, 31, 38, 389, 432, 367, 43, 185, 209, 199, 240, 331, 148, 418, 71, 61, 201, 184, 497, 346, 14, 104, 537, 379, 462, 500, 431, 423, 427, 128, 276, 149, 316, 533, 120, 164, 18, 339, 459, 63, 162, 350, 352, 8, 49, 374, 113, 253, 309, 73, 353, 80, 558, 525, 106, 58, 134, 521, 371, 490, 295, 225, 172, 180, 145, 279, 79, 142, 546, 24, 373, 254, 563, 405, 501, 325, 26, 514, 169, 132, 277, 108, 437, 154, 265, 114, 453, 299, 357, 159, 355, 41, 20, 252, 178, 378, 85, 127, 464, 518, 535, 323, 492, 467, 224, 124, 263, 435, 216, 375, 288, 268, 23, 450, 78, 83, 493, 196, 213, 449, 153, 274, 245, 540, 458, 9, 402, 343, 481, 354, 522, 413, 560, 126, 406, 532, 75, 347, 88, 150, 259, 391, 305, 155, 308, 129, 542, 524, 204, 386, 208, 140, 76, 235, 89, 186, 70, 168, 133, 92, 440, 408, 303, 472, 486, 251, 91, 7, 292, 494, 182, 62, 444, 359, 519, 332, 11, 315, 273, 256, 502, 392, 416, 77, 47, 322, 137, 510, 552, 212, 74, 310, 135, 10, 384, 400, 372, 272, 385, 210, 383, 318, 64, 328, 192, 433, 222, 34, 2, 202, 266, 561, 338, 220, 109, 48, 122, 181, 412, 326, 289, 311, 365, 396, 233, 198, 101, 393, 258, 369, 313, 87, 236, 50, 340, 523, 544, 477, 234, 438, 320, 81, 157, 33, 324, 425, 57, 171, 32, 59, 94, 221, 451, 249, 111, 505, 227, 547, 269, 29, 30, 381, 170, 541, 559, 487, 188, 246, 562, 275, 474, 211, 482, 90, 455, 39, 415, 205, 242, 147, 300, 422, 484, 293, 123, 52, 96, 479, 121, 226, 314, 330, 297, 454, 223, 404, 430, 463, 176, 86, 238, 527, 66, 203, 298, 67, 566, 284, 22, 187, 215, 264, 112, 428, 337, 207, 118, 285, 475, 488, 144, 174, 68, 503, 465, 319, 195, 40, 468, 247, 329, 419, 146, 456, 191, 414, 439, 491, 36, 107, 244, 56, 283, 317, 398, 200, 361, 366, 239, 302, 160, 95, 506, 565, 407, 84, 194, 93, 461, 175, 5, 117, 520, 60, 105, 214, 250, 426, 387, 441, 466, 139, 179, 460, 550, 513, 257, 21, 161, 526, 110, 173, 469, 457, 507, 476, 255, 528, 243, 45, 125, 499, 401, 53, 395, 555, 152, 536, 504, 409, 6, 301, 51, 417, 130, 100, 509, 167, 183, 280, 166, 567, 471, 307, 28, 529, 217, 530, 436, 424, 165, 420, 237, 342, 363, 485, 115, 480, 446, 260, 278, 557, 470, 376, 228, 13, 411, 382, 377, 553, 443, 334, 517, 219, 512, 447, 516, 335, 102, 294, 380, 368, 141, 261, 230, 403, 241, 271, 473, 156, 16, 399, 12, 189, 452, 515, 341, 568, 4, 69, 116, 136, 397, 349, 304, 421, 362, 434, 206, 286, 37, 498, 534, 158, 306, 290, 103, 360, 445, 489, 15, 281, 321, 143, 218, 27, 556, 138, 344, 151, 312, 197, 1, 333, 554, 0, 46, 508, 370, 72, 231, 345, 42, 511, 410, 3, 287, 267, 248, 358, 538, 351, 229, 483, 548, 495, 163, 429, 531, 336, 296, 99, 17, 55, 177, 356, 348, 388, 97, 291, 19, 394, 496, 564, 448, 327, 232, 119, 478, 44, 54, 98, 262, 35, 545, 551, 193]
labeling = [461, 527, 217, 537, 493, 392, 397, 195, 3, 106, 214, 200, 476, 431, 45, 516, 337, 558, 52, 480, 23, 406, 338, 140, 97, 14, 89, 519, 444, 284, 262, 20, 272, 230, 233, 544, 370, 445, 22, 290, 356, 121, 530, 26, 578, 420, 504, 207, 240, 71, 258, 413, 310, 426, 573, 560, 375, 232, 88, 198, 321, 35, 144, 48, 225, 2, 328, 281, 318, 463, 186, 39, 508, 76, 213, 164, 182, 205, 98, 93, 80, 268, 15, 131, 389, 124, 324, 252, 152, 185, 297, 183, 189, 365, 271, 286, 312, 526, 580, 556, 333, 250, 473, 510, 31, 394, 86, 372, 107, 238, 401, 256, 323, 72, 70, 417, 495, 247, 327, 574, 57, 269, 241, 288, 83, 422, 159, 126, 40, 173, 411, 17, 66, 188, 90, 210, 478, 209, 523, 369, 181, 479, 25, 486, 283, 91, 353, 304, 36, 53, 165, 524, 277, 147, 73, 127, 465, 226, 507, 117, 361, 393, 65, 538, 59, 454, 403, 433, 154, 96, 254, 249, 64, 391, 352, 390, 315, 559, 87, 380, 68, 243, 196, 435, 27, 28, 160, 340, 289, 453, 10, 335, 229, 548, 347, 339, 112, 502, 234, 7, 381, 41, 235, 330, 177, 302, 501, 346, 179, 30, 221, 294, 211, 145, 396, 341, 136, 448, 449, 472, 239, 236, 231, 319, 100, 54, 309, 280, 386, 545, 483, 513, 572, 219, 264, 184, 259, 439, 326, 383, 32, 485, 275, 418, 374, 77, 291, 360, 541, 276, 398, 193, 123, 56, 75, 414, 203, 404, 253, 167, 456, 481, 528, 110, 299, 111, 187, 539, 138, 282, 18, 487, 220, 172, 135, 273, 50, 105, 423, 60, 437, 517, 8, 311, 336, 331, 503, 506, 133, 248, 509, 566, 158, 308, 471, 85, 554, 301, 332, 113, 306, 430, 385, 146, 415, 171, 497, 442, 168, 74, 215, 174, 492, 257, 316, 201, 55, 377, 212, 354, 242, 447, 180, 134, 270, 103, 246, 571, 227, 362, 305, 34, 166, 529, 441, 475, 552, 344, 224, 61, 261, 407, 409, 79, 525, 488, 16, 156, 550, 496, 67, 543, 69, 78, 155, 119, 562, 115, 533, 199, 512, 373, 500, 436, 6, 116, 228, 11, 477, 255, 532, 33, 202, 58, 21, 104, 460, 464, 102, 47, 467, 260, 462, 223, 216, 222, 139, 376, 564, 1, 9, 169, 163, 251, 553, 349, 208, 355, 379, 491, 218, 419, 153, 484, 320, 99, 161, 382, 170, 429, 535, 458, 244, 114, 363, 300, 204, 384, 37, 364, 421, 498, 303, 49, 452, 245, 395, 51, 343, 542, 322, 5, 24, 176, 494, 120, 399, 109, 266, 368, 190, 400, 0, 468, 197, 434, 455, 469, 561, 94, 142, 274, 482, 108, 317, 298, 366, 410, 151, 63, 388, 371, 19, 265, 128, 313, 359, 129, 358, 408, 459, 440, 122, 489, 295, 348, 412, 263, 576, 314, 405, 125, 292, 547, 296, 443, 191, 287, 350, 514, 29, 351, 92, 143, 194, 536, 567, 43, 505, 424, 44, 101, 141, 329, 428, 278, 342, 367, 531, 432, 192, 534, 427, 402, 81, 451, 474, 470, 130, 148, 357, 62, 137, 178, 118, 84, 378, 307, 416, 446, 450, 551, 162, 38, 499, 132, 425, 46, 540, 12, 149, 285, 175, 13, 206, 575, 95, 279, 549, 4, 345, 577, 150, 466, 511, 325, 521, 457, 82, 267, 157, 237, 293, 42, 569, 387, 334, 438, 490]
convergência = []

===== FIM =====
