===== RESULTADO BRKGA L(2,1) =====
Arquivo: /Users/mateuspedrosa/Documents/TCC-II/BRKGA/data/random/erdos_n699_p0.4.mtx

----- Execução #1 -----
[INFO] Time limit atingido: 15 minutos. Interrompido no meio de uma geração.
Tempo de execução: 900318ms
Span (lambda): 698
best_order = [370, 375, 245, 557, 171, 401, 506, 387, 15, 583, 451, 270, 246, 413, 262, 537, 481, 630, 90, 314, 599, 577, 237, 697, 353, 662, 409, 186, 634, 574, 51, 335, 206, 608, 76, 450, 234, 180, 612, 500, 320, 143, 651, 139, 98, 297, 45, 30, 536, 665, 68, 625, 113, 17, 598, 578, 438, 675, 191, 197, 498, 82, 255, 132, 69, 436, 690, 499, 681, 597, 480, 683, 288, 12, 94, 327, 34, 290, 83, 477, 693, 155, 176, 89, 417, 119, 129, 626, 482, 688, 78, 542, 531, 163, 41, 22, 294, 672, 360, 259, 617, 118, 198, 70, 192, 338, 114, 135, 414, 524, 390, 272, 631, 687, 287, 637, 406, 33, 16, 538, 101, 638, 474, 443, 211, 515, 251, 488, 131, 341, 125, 491, 549, 281, 664, 425, 300, 152, 52, 641, 529, 435, 649, 680, 666, 668, 274, 544, 377, 346, 141, 29, 93, 399, 606, 249, 426, 669, 166, 44, 618, 525, 285, 3, 614, 286, 654, 615, 532, 103, 403, 400, 627, 24, 96, 291, 508, 384, 667, 128, 208, 355, 397, 647, 222, 602, 63, 566, 84, 659, 595, 242, 50, 541, 134, 126, 196, 502, 160, 161, 507, 518, 640, 111, 74, 116, 226, 581, 247, 679, 18, 307, 151, 150, 663, 220, 613, 547, 619, 107, 486, 372, 610, 329, 449, 39, 42, 105, 361, 19, 325, 434, 79, 503, 137, 585, 575, 607, 48, 304, 428, 368, 432, 147, 37, 562, 164, 260, 257, 58, 97, 35, 221, 159, 421, 494, 62, 268, 145, 177, 183, 66, 75, 427, 382, 572, 373, 519, 47, 195, 677, 648, 363, 13, 244, 594, 233, 657, 565, 71, 684, 366, 345, 522, 609, 187, 334, 582, 554, 9, 123, 466, 437, 624, 351, 210, 445, 318, 495, 278, 376, 102, 204, 559, 369, 331, 511, 1, 478, 213, 49, 433, 310, 416, 190, 339, 456, 81, 470, 698, 354, 586, 453, 185, 167, 328, 514, 548, 431, 410, 489, 520, 56, 510, 282, 415, 454, 219, 207, 36, 457, 153, 336, 516, 142, 284, 644, 448, 357, 571, 527, 263, 73, 38, 87, 53, 540, 54, 462, 146, 467, 509, 358, 248, 588, 430, 596, 308, 458, 229, 61, 299, 383, 643, 349, 224, 535, 682, 686, 23, 347, 398, 214, 218, 485, 72, 21, 673, 378, 343, 231, 408, 396, 332, 411, 283, 32, 239, 576, 273, 232, 337, 570, 553, 323, 216, 356, 305, 28, 86, 653, 444, 20, 223, 267, 306, 181, 292, 380, 228, 695, 168, 590, 388, 694, 475, 43, 109, 513, 55, 10, 521, 605, 446, 392, 635, 479, 440, 555, 650, 311, 423, 277, 60, 348, 473, 504, 389, 115, 579, 483, 175, 352, 313, 172, 25, 616, 184, 533, 558, 543, 256, 120, 633, 556, 523, 158, 671, 133, 201, 178, 364, 365, 252, 611, 254, 545, 296, 289, 212, 629, 539, 394, 393, 57, 0, 293, 124, 362, 512, 460, 534, 104, 670, 65, 587, 678, 316, 656, 205, 452, 235, 476, 280, 472, 424, 149, 591, 405, 517, 250, 11, 64, 418, 550, 564, 636, 692, 309, 261, 230, 46, 674, 122, 324, 655, 676, 269, 567, 4, 236, 8, 404, 121, 77, 601, 165, 199, 40, 660, 322, 469, 439, 99, 691, 580, 526, 604, 279, 276, 238, 342, 173, 391, 240, 552, 156, 127, 487, 468, 646, 350, 455, 170, 371, 497, 589, 441, 374, 501, 243, 6, 2, 154, 193, 639, 632, 26, 645, 442, 344, 110, 465, 333, 381, 652, 623, 100, 496, 459, 490, 179, 484, 169, 59, 174, 420, 88, 573, 7, 395, 95, 584, 157, 27, 200, 505, 407, 202, 600, 493, 340, 461, 91, 402, 225, 463, 422, 330, 295, 563, 80, 215, 689, 385, 182, 138, 419, 112, 429, 546, 130, 569, 530, 217, 317, 302, 359, 14, 136, 298, 85, 560, 301, 266, 658, 642, 568, 140, 108, 275, 561, 265, 319, 253, 148, 31, 264, 471, 386, 592, 117, 188, 620, 603, 258, 209, 144, 106, 412, 628, 312, 241, 622, 593, 492, 315, 67, 551, 189, 92, 203, 321, 685, 696, 194, 227, 464, 621, 661, 447, 326, 271, 5, 528, 303, 162, 367, 379]
labeling = [487, 309, 570, 164, 531, 691, 573, 599, 532, 290, 431, 511, 75, 274, 639, 8, 118, 55, 209, 229, 412, 387, 95, 380, 174, 457, 578, 607, 407, 152, 50, 658, 397, 117, 79, 250, 341, 245, 352, 225, 538, 91, 226, 427, 158, 42, 522, 268, 240, 310, 187, 28, 140, 357, 359, 430, 331, 475, 251, 596, 443, 372, 252, 188, 512, 494, 259, 677, 45, 65, 105, 279, 386, 353, 206, 262, 34, 534, 90, 232, 616, 317, 62, 74, 189, 641, 409, 355, 590, 84, 16, 613, 682, 153, 77, 601, 175, 253, 46, 541, 584, 119, 303, 171, 492, 227, 670, 216, 649, 429, 583, 205, 629, 47, 101, 448, 201, 660, 99, 85, 464, 533, 523, 291, 484, 133, 194, 555, 179, 86, 632, 129, 63, 469, 195, 108, 638, 235, 628, 40, 647, 151, 347, 43, 668, 258, 363, 243, 656, 502, 215, 213, 137, 342, 572, 83, 553, 606, 466, 248, 198, 200, 697, 93, 249, 536, 159, 323, 423, 594, 563, 5, 458, 552, 598, 452, 76, 260, 462, 593, 39, 416, 623, 261, 459, 324, 24, 288, 663, 681, 315, 58, 106, 575, 680, 269, 196, 59, 104, 537, 592, 470, 608, 678, 300, 500, 35, 339, 181, 665, 295, 124, 477, 308, 384, 621, 404, 625, 385, 338, 217, 255, 184, 414, 376, 617, 203, 686, 419, 371, 521, 391, 401, 272, 32, 497, 529, 23, 550, 399, 556, 669, 192, 568, 275, 2, 13, 208, 360, 155, 509, 128, 471, 654, 476, 61, 463, 246, 666, 102, 244, 513, 15, 351, 659, 652, 644, 415, 257, 528, 12, 694, 112, 398, 143, 645, 549, 442, 301, 547, 505, 125, 334, 394, 344, 162, 166, 115, 73, 480, 78, 170, 417, 489, 96, 620, 479, 48, 640, 374, 139, 643, 637, 693, 236, 408, 413, 211, 365, 519, 314, 437, 672, 456, 19, 676, 498, 634, 297, 653, 41, 683, 542, 402, 524, 230, 689, 72, 325, 224, 614, 302, 393, 582, 280, 33, 343, 400, 107, 311, 611, 131, 551, 390, 574, 284, 149, 381, 444, 373, 561, 294, 454, 25, 320, 183, 406, 348, 364, 636, 100, 228, 486, 273, 472, 474, 283, 696, 242, 306, 0, 564, 220, 266, 566, 1, 298, 145, 389, 698, 418, 587, 265, 368, 177, 626, 657, 9, 422, 447, 110, 554, 434, 482, 485, 602, 392, 180, 382, 154, 172, 7, 615, 167, 527, 508, 116, 605, 388, 29, 329, 395, 667, 11, 109, 335, 313, 80, 514, 627, 600, 256, 618, 441, 506, 138, 150, 264, 239, 630, 362, 328, 241, 312, 231, 134, 67, 292, 51, 544, 438, 569, 581, 123, 410, 296, 433, 692, 346, 223, 37, 3, 501, 322, 337, 562, 316, 340, 369, 588, 490, 612, 361, 619, 687, 585, 289, 356, 560, 539, 318, 661, 504, 445, 122, 425, 503, 81, 304, 436, 66, 18, 89, 450, 595, 383, 218, 559, 127, 330, 591, 130, 675, 609, 254, 299, 589, 565, 60, 64, 38, 571, 197, 233, 446, 603, 6, 199, 176, 358, 333, 307, 488, 426, 327, 126, 345, 510, 202, 267, 332, 428, 285, 467, 103, 161, 548, 350, 695, 142, 635, 94, 169, 451, 491, 377, 52, 17, 120, 483, 354, 193, 92, 461, 148, 478, 631, 219, 326, 135, 516, 679, 557, 405, 287, 439, 465, 4, 460, 305, 642, 651, 247, 622, 518, 278, 185, 530, 650, 633, 403, 336, 263, 597, 31, 238, 396, 21, 57, 449, 543, 207, 282, 10, 604, 237, 321, 495, 366, 567, 420, 507, 662, 674, 277, 191, 367, 70, 53, 20, 610, 535, 186, 655, 545, 432, 156, 234, 26, 286, 222, 473, 36, 212, 163, 165, 453, 97, 160, 221, 664, 688, 673, 586, 293, 49, 88, 173, 671, 481, 14, 111, 576, 455, 30, 435, 520, 114, 121, 577, 204, 141, 648, 370, 349, 580, 558, 182, 270, 144, 440, 44, 579, 411, 168, 525, 499, 276, 646, 190, 540, 690, 27, 214, 136, 54, 132, 178, 147, 157, 493, 468, 98, 379, 515, 56, 526, 271, 496, 210, 146, 69, 375, 71, 281, 684, 378, 113, 87, 624, 68, 546, 517, 82, 424, 421, 685, 22, 319]
convergência = []

===== FIM =====
