===== RESULTADO BRKGA L(2,1) =====
Arquivo: /Users/mateuspedrosa/Documents/TCC-II/BRKGA/data/random/erdos_n397_p0.8.mtx

----- Execução #1 -----
[INFO] Time limit atingido: 15 minutos. Interrompido no meio de uma geração.
Tempo de execução: 900029ms
Span (lambda): 402
best_order = [241, 33, 27, 78, 178, 87, 272, 53, 63, 111, 391, 109, 265, 134, 10, 322, 239, 12, 283, 127, 187, 289, 26, 2, 360, 210, 65, 71, 96, 82, 306, 276, 16, 23, 117, 285, 311, 308, 188, 220, 11, 268, 157, 67, 297, 209, 380, 350, 77, 365, 101, 223, 255, 258, 202, 140, 253, 263, 264, 28, 291, 298, 106, 171, 126, 136, 226, 359, 287, 257, 292, 208, 45, 39, 174, 56, 74, 383, 267, 260, 389, 215, 355, 57, 329, 44, 352, 7, 217, 384, 357, 395, 9, 195, 212, 368, 36, 99, 19, 59, 356, 374, 232, 392, 396, 128, 107, 238, 375, 218, 175, 5, 358, 338, 345, 376, 6, 40, 290, 94, 371, 95, 312, 361, 366, 161, 337, 83, 105, 378, 367, 299, 64, 184, 341, 69, 68, 270, 302, 246, 137, 51, 320, 305, 221, 280, 122, 141, 256, 139, 135, 388, 8, 152, 50, 231, 121, 330, 294, 17, 48, 1, 90, 158, 281, 145, 168, 282, 236, 273, 189, 303, 177, 304, 130, 339, 24, 31, 148, 347, 310, 245, 340, 327, 85, 38, 120, 55, 348, 182, 295, 201, 335, 142, 216, 249, 47, 266, 326, 15, 30, 317, 173, 72, 278, 153, 372, 170, 46, 227, 213, 155, 29, 114, 186, 3, 73, 154, 296, 112, 314, 0, 385, 66, 58, 164, 331, 131, 300, 259, 49, 123, 102, 181, 279, 60, 316, 25, 146, 183, 252, 133, 110, 346, 307, 52, 103, 394, 224, 113, 162, 251, 172, 88, 21, 198, 225, 196, 205, 89, 364, 254, 84, 333, 353, 70, 165, 262, 377, 284, 309, 119, 166, 100, 18, 167, 115, 286, 159, 301, 319, 22, 41, 313, 293, 143, 343, 129, 369, 92, 4, 20, 323, 144, 393, 179, 325, 214, 149, 86, 81, 240, 98, 193, 150, 108, 382, 349, 324, 247, 233, 344, 274, 387, 35, 197, 250, 288, 62, 124, 275, 332, 370, 234, 248, 342, 334, 147, 379, 261, 207, 269, 315, 194, 235, 206, 163, 80, 271, 190, 180, 151, 160, 363, 125, 54, 390, 104, 373, 176, 61, 386, 219, 228, 351, 43, 169, 336, 97, 42, 199, 243, 138, 277, 211, 229, 230, 156, 237, 381, 242, 91, 203, 328, 14, 76, 192, 191, 34, 362, 354, 37, 321, 204, 32, 200, 13, 244, 75, 93, 318, 185, 116, 118, 79, 222, 132]
labeling = [230, 174, 33, 225, 268, 60, 132, 92, 148, 113, 21, 51, 25, 403, 383, 213, 12, 172, 287, 120, 304, 263, 292, 20, 171, 246, 31, 1, 46, 184, 199, 152, 400, 2, 391, 327, 118, 396, 198, 79, 121, 288, 372, 355, 6, 91, 175, 201, 159, 242, 133, 141, 253, 11, 359, 197, 95, 107, 232, 98, 211, 365, 330, 13, 142, 3, 203, 14, 149, 147, 257, 38, 209, 224, 97, 407, 370, 65, 4, 378, 328, 315, 41, 140, 273, 190, 282, 7, 262, 270, 176, 386, 259, 409, 68, 136, 40, 373, 249, 116, 285, 69, 244, 254, 312, 128, 80, 126, 316, 17, 251, 15, 229, 237, 218, 291, 413, 47, 412, 275, 200, 170, 160, 214, 314, 358, 62, 24, 70, 280, 186, 236, 387, 145, 19, 77, 83, 153, 377, 165, 74, 161, 139, 302, 266, 173, 234, 339, 166, 313, 319, 354, 168, 205, 222, 223, 362, 55, 162, 295, 322, 119, 258, 348, 233, 274, 283, 289, 178, 334, 219, 81, 260, 217, 93, 94, 363, 187, 5, 310, 352, 228, 204, 248, 144, 411, 164, 27, 44, 183, 351, 392, 390, 261, 331, 115, 269, 329, 265, 345, 401, 208, 72, 364, 398, 247, 340, 290, 16, 59, 37, 336, 58, 216, 311, 103, 210, 111, 75, 369, 49, 156, 395, 8, 256, 267, 84, 221, 368, 381, 374, 123, 104, 307, 303, 346, 130, 366, 127, 23, 317, 0, 384, 375, 405, 192, 151, 320, 333, 188, 226, 239, 250, 73, 272, 71, 163, 89, 28, 240, 101, 341, 276, 34, 39, 18, 193, 90, 53, 343, 106, 350, 9, 181, 325, 286, 45, 379, 177, 245, 158, 169, 180, 26, 279, 30, 293, 87, 301, 29, 114, 76, 48, 300, 150, 206, 227, 57, 78, 102, 238, 294, 143, 185, 189, 155, 43, 220, 36, 281, 182, 42, 96, 298, 207, 344, 195, 215, 318, 297, 110, 326, 22, 306, 324, 299, 212, 196, 388, 109, 135, 235, 154, 241, 337, 179, 305, 66, 131, 137, 194, 146, 335, 296, 264, 32, 252, 191, 202, 323, 63, 371, 64, 271, 376, 105, 122, 50, 125, 85, 35, 138, 394, 356, 243, 67, 100, 108, 117, 277, 332, 134, 157, 342, 112, 129, 54, 278, 56, 284, 61, 382, 321, 99, 52, 231, 367, 309, 167, 86, 361, 10, 88, 308, 255, 82, 124]
convergência = [402]

===== FIM =====
