===== RESULTADO BRKGA L(2,1) =====
Arquivo: /Users/mateuspedrosa/Documents/TCC-II/BRKGA/data/random/erdos_n343_p0.6.mtx

----- Execução #1 -----
[INFO] Time limit atingido: 15 minutos. Interrompido no meio de uma geração.
Tempo de execução: 900050ms
Span (lambda): 342
best_order = [238, 106, 305, 36, 134, 105, 92, 253, 4, 237, 184, 195, 28, 30, 229, 239, 216, 90, 173, 3, 87, 7, 8, 18, 325, 12, 123, 299, 339, 274, 326, 126, 35, 208, 323, 249, 231, 74, 228, 301, 207, 2, 115, 141, 248, 62, 287, 180, 168, 9, 265, 84, 73, 220, 199, 131, 333, 20, 227, 31, 78, 327, 223, 14, 100, 219, 282, 43, 72, 25, 112, 247, 108, 138, 233, 88, 260, 242, 5, 200, 146, 83, 143, 176, 91, 111, 56, 286, 324, 187, 109, 66, 11, 310, 283, 107, 13, 45, 119, 292, 144, 177, 160, 76, 285, 230, 157, 317, 80, 71, 280, 40, 270, 210, 197, 266, 174, 338, 250, 258, 16, 96, 48, 232, 308, 102, 185, 59, 63, 149, 85, 54, 29, 341, 68, 82, 262, 322, 218, 0, 116, 263, 110, 65, 38, 217, 209, 182, 214, 211, 315, 161, 342, 145, 279, 190, 27, 94, 181, 243, 275, 332, 307, 130, 24, 58, 170, 294, 33, 295, 163, 86, 328, 319, 165, 135, 55, 281, 337, 133, 57, 121, 255, 93, 136, 221, 277, 246, 293, 124, 175, 166, 89, 46, 179, 41, 245, 316, 150, 278, 44, 205, 162, 186, 159, 70, 244, 19, 117, 334, 1, 256, 202, 291, 261, 193, 212, 151, 75, 306, 114, 52, 53, 104, 189, 194, 203, 148, 309, 269, 259, 296, 167, 236, 318, 158, 235, 297, 321, 298, 314, 198, 183, 252, 26, 97, 178, 137, 302, 17, 204, 103, 101, 254, 240, 241, 77, 152, 226, 120, 288, 272, 267, 69, 303, 37, 257, 251, 139, 99, 329, 224, 169, 304, 34, 155, 32, 49, 154, 201, 67, 42, 335, 276, 234, 313, 50, 273, 225, 142, 268, 213, 147, 171, 81, 188, 60, 61, 300, 311, 192, 51, 264, 153, 312, 15, 284, 330, 47, 320, 95, 271, 128, 127, 206, 164, 156, 122, 6, 336, 222, 125, 64, 79, 129, 191, 340, 23, 39, 215, 289, 196, 132, 118, 331, 290, 21, 10, 98, 172, 140, 22, 113]
labeling = [143, 207, 47, 21, 8, 80, 322, 24, 22, 46, 340, 98, 28, 78, 63, 308, 119, 242, 20, 215, 62, 334, 344, 329, 170, 53, 240, 160, 14, 134, 16, 44, 275, 172, 263, 33, 3, 267, 149, 331, 116, 198, 285, 61, 206, 97, 188, 304, 126, 278, 284, 303, 219, 226, 135, 166, 84, 182, 159, 129, 297, 299, 49, 125, 324, 127, 96, 283, 139, 266, 212, 113, 72, 37, 39, 222, 95, 231, 59, 326, 112, 294, 138, 85, 40, 133, 175, 23, 71, 196, 19, 91, 6, 181, 162, 302, 105, 249, 342, 272, 68, 248, 121, 250, 228, 5, 2, 101, 75, 94, 148, 92, 65, 336, 225, 42, 144, 194, 332, 102, 261, 179, 311, 25, 193, 313, 31, 318, 316, 325, 171, 60, 335, 151, 4, 178, 185, 253, 77, 254, 339, 48, 293, 87, 104, 158, 83, 290, 230, 131, 203, 214, 259, 305, 279, 276, 319, 109, 236, 192, 86, 154, 209, 173, 320, 177, 190, 223, 35, 265, 164, 292, 328, 17, 117, 195, 89, 106, 251, 197, 54, 155, 140, 247, 10, 130, 211, 90, 295, 216, 153, 327, 300, 205, 227, 12, 333, 111, 245, 55, 82, 281, 186, 229, 255, 208, 317, 45, 34, 132, 118, 142, 201, 286, 152, 323, 11, 150, 123, 69, 58, 187, 315, 51, 273, 280, 260, 64, 41, 18, 110, 38, 115, 73, 288, 238, 210, 9, 0, 13, 257, 256, 76, 163, 213, 200, 184, 74, 50, 32, 122, 270, 244, 7, 252, 183, 218, 269, 124, 235, 79, 199, 136, 146, 296, 56, 103, 264, 277, 234, 107, 314, 262, 291, 30, 165, 282, 189, 204, 157, 114, 180, 70, 93, 310, 108, 67, 52, 258, 330, 338, 220, 99, 191, 161, 145, 237, 221, 241, 15, 298, 43, 246, 268, 271, 1, 224, 169, 128, 232, 100, 301, 306, 289, 243, 147, 202, 88, 233, 168, 309, 239, 141, 36, 81, 26, 29, 66, 176, 274, 312, 337, 167, 57, 217, 287, 307, 174, 120, 27, 321, 137, 156]
convergência = [342, 342, 342, 342, 342]

===== FIM =====
