===== RESULTADO BRKGA L(2,1) =====
Arquivo: /Users/mateuspedrosa/Documents/TCC-II/BRKGA/data/random/erdos_n355_p0.4.mtx

----- Execução #1 -----
[INFO] Time limit atingido: 15 minutos. Interrompido no meio de uma geração.
Tempo de execução: 900019ms
Span (lambda): 354
best_order = [173, 189, 67, 234, 99, 240, 41, 88, 226, 192, 190, 207, 180, 284, 236, 5, 30, 145, 187, 310, 325, 333, 19, 203, 288, 109, 151, 241, 174, 275, 260, 80, 83, 103, 165, 119, 278, 265, 15, 91, 231, 102, 69, 78, 3, 292, 164, 18, 193, 300, 338, 177, 227, 268, 141, 57, 210, 84, 337, 130, 347, 144, 340, 198, 179, 213, 12, 62, 105, 10, 44, 243, 271, 26, 212, 64, 2, 256, 13, 90, 269, 125, 208, 23, 184, 163, 101, 120, 349, 279, 247, 225, 146, 308, 303, 17, 29, 65, 289, 204, 11, 166, 126, 25, 224, 261, 196, 341, 77, 134, 291, 238, 176, 104, 345, 169, 40, 43, 312, 346, 251, 205, 87, 252, 51, 100, 294, 331, 70, 135, 56, 315, 170, 280, 324, 122, 239, 72, 1, 295, 157, 181, 48, 309, 42, 147, 329, 113, 305, 63, 148, 320, 35, 229, 94, 36, 137, 34, 53, 82, 199, 353, 296, 138, 277, 112, 81, 55, 197, 281, 264, 160, 14, 92, 258, 307, 38, 93, 21, 8, 178, 111, 121, 228, 285, 335, 298, 339, 132, 214, 342, 172, 139, 293, 301, 152, 272, 161, 37, 86, 183, 116, 22, 54, 0, 97, 297, 246, 211, 245, 58, 217, 283, 221, 248, 319, 302, 50, 334, 348, 306, 33, 223, 274, 282, 136, 344, 158, 322, 318, 150, 219, 218, 131, 257, 60, 314, 66, 155, 232, 108, 27, 75, 16, 175, 287, 28, 52, 327, 118, 45, 171, 304, 156, 71, 209, 95, 286, 216, 250, 168, 185, 182, 24, 313, 107, 128, 106, 321, 230, 220, 110, 124, 73, 262, 59, 253, 332, 267, 149, 32, 273, 89, 200, 191, 85, 123, 354, 255, 74, 328, 201, 222, 188, 39, 263, 311, 162, 290, 326, 68, 276, 79, 142, 114, 316, 7, 202, 194, 195, 259, 140, 215, 317, 20, 237, 143, 61, 153, 96, 350, 235, 47, 352, 270, 167, 299, 46, 117, 115, 323, 254, 133, 244, 127, 186, 76, 49, 31, 6, 154, 242, 336, 266, 351, 343, 98, 129, 159, 206, 4, 249, 233, 330, 9]
labeling = [202, 138, 78, 41, 351, 17, 339, 307, 180, 355, 71, 101, 66, 77, 169, 40, 244, 93, 47, 23, 316, 178, 197, 86, 265, 100, 68, 243, 246, 95, 19, 338, 283, 217, 157, 152, 156, 200, 176, 294, 116, 10, 148, 117, 73, 253, 327, 317, 144, 337, 218, 124, 248, 159, 205, 168, 132, 56, 210, 276, 236, 315, 69, 145, 76, 98, 237, 4, 301, 43, 127, 256, 136, 273, 291, 245, 336, 110, 45, 303, 30, 165, 158, 33, 58, 286, 199, 120, 7, 280, 79, 36, 172, 177, 154, 249, 321, 204, 349, 6, 126, 89, 39, 35, 113, 64, 268, 267, 241, 24, 274, 181, 166, 149, 304, 330, 203, 328, 251, 38, 83, 182, 135, 287, 269, 82, 104, 335, 266, 346, 59, 233, 188, 333, 112, 130, 227, 155, 164, 193, 313, 55, 300, 318, 61, 12, 92, 141, 147, 281, 230, 26, 195, 319, 341, 239, 247, 140, 219, 344, 173, 198, 298, 87, 44, 37, 103, 323, 263, 115, 131, 252, 191, 0, 28, 242, 111, 52, 179, 65, 15, 142, 257, 201, 80, 255, 334, 20, 293, 2, 14, 285, 13, 48, 310, 308, 106, 170, 63, 160, 278, 290, 309, 21, 99, 123, 348, 3, 84, 258, 54, 208, 75, 67, 190, 314, 262, 212, 231, 232, 272, 214, 292, 223, 105, 91, 11, 51, 184, 153, 270, 42, 238, 352, 1, 324, 5, 311, 109, 137, 8, 27, 340, 74, 331, 209, 207, 90, 213, 350, 264, 121, 122, 271, 332, 289, 72, 235, 175, 312, 31, 102, 275, 295, 171, 34, 345, 279, 53, 81, 320, 70, 196, 284, 225, 29, 302, 161, 32, 88, 133, 167, 226, 211, 9, 185, 260, 240, 25, 97, 297, 107, 46, 192, 125, 139, 163, 206, 183, 326, 50, 194, 216, 96, 254, 150, 224, 174, 94, 146, 18, 296, 118, 259, 234, 129, 305, 306, 229, 215, 151, 261, 221, 329, 134, 16, 299, 250, 288, 143, 353, 128, 277, 22, 220, 187, 343, 57, 49, 189, 62, 108, 186, 347, 228, 114, 119, 60, 222, 85, 322, 342, 325, 162, 282]
convergência = [354, 354, 354, 354, 354, 354, 354, 354, 354, 354, 354]

===== FIM =====
