===== RESULTADO BRKGA L(2,1) =====
Arquivo: /Users/mateuspedrosa/Documents/TCC-II/BRKGA/data/random/erdos_n624_p0.8.mtx

----- Execução #1 -----
[INFO] Time limit atingido: 15 minutos. Esgotado durante a inicialização da população.
Tempo de execução: 900912ms
Span (lambda): 630
best_order = [506, 246, 108, 381, 115, 516, 459, 269, 622, 383, 43, 517, 250, 440, 229, 464, 606, 283, 172, 554, 37, 467, 493, 394, 613, 560, 545, 3, 346, 170, 589, 178, 274, 253, 64, 307, 530, 376, 30, 109, 528, 177, 311, 300, 106, 379, 481, 350, 542, 78, 581, 333, 117, 309, 418, 602, 173, 61, 158, 448, 503, 524, 490, 378, 299, 548, 519, 453, 353, 225, 531, 159, 399, 395, 265, 25, 396, 133, 538, 546, 370, 160, 552, 567, 296, 111, 532, 157, 305, 226, 237, 240, 497, 190, 245, 60, 182, 339, 494, 386, 476, 332, 227, 454, 272, 474, 446, 596, 582, 338, 19, 447, 36, 406, 79, 590, 222, 84, 326, 293, 68, 201, 217, 121, 340, 67, 349, 183, 308, 277, 70, 343, 55, 174, 8, 200, 136, 114, 437, 411, 380, 156, 230, 441, 289, 260, 193, 419, 507, 382, 612, 198, 192, 93, 179, 369, 251, 144, 331, 466, 56, 510, 485, 561, 233, 604, 65, 263, 408, 477, 38, 551, 409, 518, 420, 205, 118, 208, 310, 261, 329, 47, 132, 243, 520, 59, 535, 143, 31, 445, 180, 462, 433, 455, 23, 175, 28, 427, 562, 150, 35, 577, 512, 292, 142, 438, 417, 124, 16, 123, 619, 359, 9, 618, 6, 471, 304, 212, 131, 40, 605, 218, 286, 407, 341, 168, 262, 449, 504, 48, 24, 5, 529, 599, 301, 578, 534, 537, 22, 401, 266, 355, 97, 85, 134, 587, 302, 128, 298, 313, 514, 46, 129, 356, 330, 2, 539, 20, 213, 410, 616, 33, 186, 254, 57, 63, 204, 470, 610, 39, 285, 358, 488, 191, 98, 176, 544, 105, 404, 303, 523, 216, 127, 607, 102, 620, 10, 53, 342, 86, 276, 465, 273, 88, 149, 287, 238, 34, 297, 184, 431, 565, 414, 145, 100, 15, 252, 291, 469, 325, 314, 515, 167, 601, 280, 235, 558, 366, 120, 550, 588, 452, 196, 188, 556, 125, 365, 295, 489, 75, 571, 496, 543, 275, 415, 393, 451, 152, 387, 371, 424, 21, 1, 248, 499, 389, 83, 327, 403, 257, 137, 580, 563, 391, 555, 66, 80, 402, 574, 487, 221, 597, 14, 422, 244, 91, 141, 595, 161, 195, 432, 284, 336, 135, 163, 363, 0, 101, 87, 224, 197, 357, 521, 344, 421, 533, 553, 264, 203, 390, 621, 77, 461, 228, 522, 460, 231, 151, 140, 82, 457, 525, 153, 491, 90, 52, 219, 426, 540, 258, 171, 189, 138, 95, 335, 236, 566, 600, 148, 279, 400, 586, 214, 32, 164, 377, 458, 318, 249, 104, 49, 166, 81, 405, 611, 155, 18, 435, 12, 576, 206, 259, 223, 547, 508, 513, 209, 584, 425, 483, 51, 210, 579, 442, 242, 351, 50, 13, 502, 572, 147, 194, 94, 268, 592, 337, 500, 71, 241, 354, 361, 110, 17, 290, 165, 312, 583, 384, 509, 255, 185, 428, 541, 96, 119, 492, 239, 282, 29, 608, 247, 92, 4, 146, 154, 113, 42, 322, 603, 478, 397, 364, 162, 591, 27, 347, 536, 593, 317, 368, 594, 316, 463, 373, 323, 321, 234, 443, 423, 294, 99, 623, 45, 527, 130, 211, 116, 412, 232, 69, 575, 54, 482, 501, 256, 484, 324, 495, 617, 215, 429, 281, 473, 41, 434, 456, 181, 436, 570, 374, 62, 278, 73, 614, 392, 328, 413, 207, 112, 505, 271, 44, 11, 107, 450, 89, 270, 169, 187, 585, 103, 385, 472, 320, 398, 306, 439, 559, 202, 74, 319, 468, 475, 220, 564, 526, 573, 7, 549, 72, 480, 416, 430, 388, 288, 362, 122, 334, 598, 498, 609, 345, 315, 360, 372, 557, 615, 352, 126, 479, 199, 267, 58, 486, 139, 348, 444, 367, 76, 26, 569, 568, 375, 511]
labeling = [393, 294, 227, 14, 506, 247, 196, 600, 150, 229, 287, 547, 449, 459, 384, 306, 170, 433, 395, 131, 271, 358, 257, 207, 241, 54, 637, 472, 211, 502, 41, 158, 419, 254, 312, 217, 93, 28, 186, 230, 234, 556, 511, 18, 577, 540, 270, 178, 243, 414, 467, 458, 420, 303, 550, 143, 145, 246, 565, 174, 114, 68, 562, 250, 44, 183, 372, 103, 101, 529, 111, 484, 595, 566, 589, 347, 582, 387, 29, 88, 374, 447, 411, 362, 138, 263, 283, 377, 307, 576, 403, 386, 505, 169, 476, 375, 470, 232, 288, 538, 322, 359, 269, 584, 391, 293, 53, 579, 3, 45, 488, 75, 573, 495, 152, 7, 516, 63, 192, 496, 315, 142, 567, 224, 208, 341, 606, 248, 266, 272, 542, 193, 199, 52, 264, 321, 133, 367, 412, 631, 410, 388, 223, 160, 62, 320, 508, 473, 405, 308, 216, 408, 319, 416, 509, 427, 50, 102, 47, 56, 92, 390, 477, 298, 440, 466, 445, 329, 239, 539, 40, 417, 25, 66, 148, 209, 289, 31, 42, 171, 198, 521, 116, 115, 290, 487, 278, 583, 339, 428, 112, 265, 167, 130, 475, 371, 337, 381, 97, 593, 95, 123, 519, 401, 267, 190, 444, 572, 153, 453, 460, 544, 182, 252, 439, 549, 260, 140, 238, 422, 553, 382, 1, 442, 383, 33, 106, 107, 389, 24, 157, 277, 546, 179, 532, 331, 430, 84, 258, 481, 108, 486, 464, 191, 361, 79, 2, 504, 360, 443, 22, 137, 281, 37, 280, 468, 541, 365, 426, 448, 161, 195, 244, 149, 350, 87, 200, 629, 461, 13, 581, 575, 124, 285, 12, 353, 305, 146, 564, 434, 313, 543, 500, 17, 352, 284, 237, 310, 607, 159, 435, 324, 221, 125, 507, 343, 98, 302, 268, 76, 51, 225, 235, 297, 233, 104, 592, 6, 144, 65, 194, 49, 490, 218, 325, 615, 524, 520, 441, 551, 588, 530, 450, 528, 537, 279, 105, 275, 563, 197, 262, 77, 35, 61, 561, 429, 338, 480, 109, 117, 139, 242, 222, 99, 394, 613, 38, 518, 632, 135, 57, 465, 625, 81, 485, 261, 274, 334, 256, 228, 617, 463, 585, 392, 515, 328, 326, 636, 522, 173, 69, 323, 619, 514, 535, 608, 48, 421, 64, 43, 155, 5, 165, 16, 491, 578, 71, 273, 605, 292, 355, 363, 499, 332, 32, 85, 89, 483, 590, 82, 436, 259, 376, 364, 295, 425, 134, 240, 184, 188, 202, 154, 545, 570, 318, 354, 603, 168, 21, 118, 121, 396, 309, 536, 356, 357, 379, 213, 454, 555, 569, 314, 368, 166, 558, 366, 560, 151, 176, 594, 10, 86, 456, 534, 634, 141, 128, 132, 70, 245, 574, 348, 300, 80, 122, 205, 501, 413, 423, 11, 406, 404, 203, 526, 8, 296, 156, 4, 596, 311, 220, 231, 586, 503, 126, 571, 120, 185, 452, 627, 602, 55, 489, 457, 554, 177, 628, 380, 286, 345, 74, 418, 498, 30, 119, 533, 351, 110, 512, 317, 482, 552, 469, 67, 204, 527, 0, 163, 451, 492, 175, 640, 180, 446, 189, 327, 9, 20, 187, 73, 201, 385, 397, 299, 72, 415, 525, 510, 23, 249, 46, 83, 100, 398, 255, 164, 497, 212, 90, 276, 424, 494, 58, 346, 291, 36, 91, 431, 78, 601, 330, 172, 94, 400, 19, 370, 340, 621, 333, 591, 34, 147, 214, 369, 598, 316, 432, 96, 620, 639, 557, 349, 471, 597, 378, 548, 407, 219, 253, 462, 344, 59, 129, 437, 455, 531, 438, 215, 335, 39, 136, 517, 478, 493, 523, 336, 113, 342, 609, 251, 373, 304, 60, 513, 181, 236, 26, 162, 399, 611, 282, 409, 127, 27, 568, 623, 206, 479, 210, 226, 301, 402, 15, 474]
convergência = []

===== FIM =====
