===== RESULTADO BRKGA L(2,1) =====
Arquivo: /Users/mateuspedrosa/Documents/TCC-II/BRKGA/data/random/erdos_n586_p0.4.mtx

----- Execução #1 -----
[INFO] Time limit atingido: 15 minutos. Interrompido no meio de uma geração.
Tempo de execução: 900117ms
Span (lambda): 585
best_order = [105, 116, 404, 432, 322, 230, 0, 579, 583, 96, 122, 1, 65, 430, 8, 171, 310, 24, 71, 78, 429, 472, 225, 249, 280, 426, 577, 553, 371, 111, 135, 458, 224, 576, 537, 313, 386, 54, 475, 419, 324, 540, 471, 463, 467, 168, 227, 476, 356, 47, 573, 160, 354, 204, 15, 502, 58, 499, 103, 390, 170, 392, 389, 48, 89, 33, 414, 153, 293, 349, 113, 31, 393, 120, 530, 337, 146, 98, 174, 291, 18, 411, 507, 566, 335, 265, 212, 220, 263, 319, 64, 413, 445, 541, 66, 290, 554, 209, 434, 172, 148, 477, 466, 305, 154, 493, 339, 397, 452, 199, 81, 60, 218, 418, 365, 125, 167, 504, 12, 558, 261, 532, 23, 264, 164, 303, 415, 63, 118, 6, 533, 236, 253, 489, 36, 193, 314, 238, 285, 189, 580, 498, 49, 19, 442, 394, 562, 13, 192, 431, 453, 28, 21, 166, 446, 572, 115, 323, 38, 259, 247, 242, 387, 128, 299, 364, 345, 348, 169, 464, 30, 564, 244, 22, 248, 180, 317, 360, 10, 275, 129, 226, 110, 208, 173, 480, 448, 521, 343, 512, 490, 526, 131, 332, 289, 534, 222, 102, 484, 399, 559, 372, 51, 355, 296, 575, 542, 456, 117, 87, 187, 35, 2, 362, 5, 177, 550, 27, 200, 252, 114, 549, 175, 194, 50, 241, 198, 424, 203, 440, 312, 425, 250, 423, 358, 104, 368, 272, 232, 473, 262, 62, 74, 306, 260, 182, 134, 162, 221, 361, 366, 351, 436, 273, 363, 141, 433, 298, 409, 127, 276, 90, 506, 416, 256, 563, 584, 517, 156, 93, 274, 447, 478, 121, 197, 101, 73, 465, 97, 211, 582, 72, 99, 491, 315, 151, 545, 267, 69, 412, 70, 421, 407, 449, 210, 581, 527, 228, 286, 514, 251, 522, 130, 492, 495, 79, 455, 380, 245, 282, 340, 462, 25, 524, 333, 353, 92, 136, 519, 161, 266, 258, 370, 132, 494, 444, 503, 216, 329, 585, 29, 126, 470, 278, 567, 179, 106, 292, 149, 243, 338, 107, 83, 255, 304, 152, 468, 377, 158, 325, 515, 528, 184, 214, 108, 543, 239, 505, 359, 80, 287, 570, 308, 369, 459, 186, 496, 231, 454, 479, 531, 76, 133, 147, 486, 195, 561, 357, 240, 55, 235, 401, 406, 279, 342, 546, 501, 336, 215, 45, 157, 560, 100, 145, 254, 196, 16, 427, 481, 219, 144, 500, 202, 37, 297, 61, 201, 150, 509, 405, 497, 547, 188, 20, 516, 295, 568, 283, 85, 571, 165, 42, 539, 26, 441, 367, 435, 544, 119, 4, 46, 341, 438, 91, 457, 140, 207, 7, 223, 320, 206, 350, 511, 347, 68, 234, 569, 257, 205, 460, 277, 382, 403, 379, 525, 155, 520, 300, 318, 565, 508, 268, 451, 163, 422, 75, 417, 483, 374, 14, 213, 557, 552, 487, 556, 375, 142, 334, 510, 420, 408, 181, 301, 270, 443, 281, 311, 378, 513, 56, 439, 52, 229, 555, 381, 44, 109, 176, 437, 32, 344, 461, 402, 474, 246, 17, 326, 77, 574, 346, 330, 143, 400, 395, 485, 538, 529, 321, 183, 124, 185, 67, 536, 178, 384, 316, 191, 352, 237, 34, 41, 373, 123, 40, 86, 548, 328, 410, 112, 271, 385, 82, 551, 43, 327, 307, 288, 53, 284, 398, 11, 88, 309, 3, 578, 391, 269, 523, 535, 39, 294, 469, 376, 139, 57, 95, 217, 450, 396, 9, 388, 428, 137, 331, 482, 59, 488, 159, 383, 190, 518, 84, 94, 138, 302, 233]
labeling = [2, 13, 211, 551, 430, 216, 123, 440, 17, 568, 180, 550, 118, 149, 470, 54, 397, 507, 80, 145, 411, 151, 174, 124, 14, 316, 423, 220, 140, 330, 169, 73, 499, 65, 529, 212, 134, 407, 160, 561, 534, 527, 421, 543, 495, 388, 431, 51, 63, 144, 226, 204, 492, 547, 39, 380, 490, 558, 55, 575, 112, 408, 241, 128, 89, 9, 94, 522, 444, 288, 291, 18, 281, 279, 242, 464, 372, 508, 16, 305, 361, 108, 539, 342, 582, 415, 536, 207, 552, 64, 263, 435, 320, 270, 577, 567, 7, 280, 77, 282, 392, 277, 198, 59, 236, 0, 337, 341, 354, 497, 183, 31, 540, 71, 221, 157, 1, 209, 129, 429, 72, 271, 11, 533, 520, 116, 331, 261, 161, 177, 304, 192, 323, 373, 245, 30, 321, 571, 584, 566, 437, 256, 479, 509, 401, 394, 74, 371, 101, 338, 410, 285, 345, 67, 102, 456, 269, 390, 351, 578, 49, 318, 247, 465, 126, 420, 154, 115, 45, 168, 61, 12, 99, 184, 78, 217, 498, 218, 523, 334, 173, 480, 243, 519, 348, 517, 367, 210, 409, 141, 581, 526, 146, 136, 224, 375, 395, 275, 227, 110, 222, 402, 405, 229, 53, 449, 439, 438, 185, 97, 296, 278, 87, 472, 352, 389, 326, 560, 111, 399, 83, 248, 196, 436, 34, 22, 181, 46, 298, 491, 6, 369, 239, 586, 445, 381, 131, 530, 135, 356, 379, 225, 156, 339, 172, 308, 504, 164, 175, 23, 232, 302, 219, 132, 393, 343, 262, 446, 322, 162, 246, 120, 240, 88, 121, 85, 313, 289, 463, 557, 483, 535, 235, 253, 259, 179, 257, 451, 333, 378, 24, 484, 310, 417, 548, 139, 300, 358, 545, 194, 95, 79, 336, 68, 562, 413, 208, 400, 258, 166, 458, 482, 583, 125, 344, 105, 244, 546, 362, 553, 19, 486, 230, 37, 137, 284, 524, 176, 459, 90, 442, 515, 4, 159, 33, 350, 502, 544, 532, 328, 512, 574, 193, 317, 478, 81, 387, 76, 340, 107, 312, 428, 383, 188, 500, 165, 506, 443, 167, 69, 434, 251, 528, 319, 47, 206, 50, 377, 233, 359, 178, 249, 214, 254, 163, 114, 250, 425, 237, 365, 311, 29, 203, 531, 468, 477, 564, 349, 487, 455, 307, 494, 453, 579, 525, 542, 26, 158, 570, 60, 58, 556, 62, 70, 147, 514, 569, 104, 549, 202, 511, 382, 503, 450, 3, 404, 384, 293, 481, 260, 537, 82, 286, 92, 66, 127, 265, 466, 113, 40, 475, 290, 460, 234, 223, 231, 25, 398, 572, 20, 15, 150, 5, 255, 98, 426, 252, 496, 433, 489, 228, 424, 138, 485, 325, 91, 153, 272, 186, 295, 565, 462, 109, 152, 370, 306, 205, 432, 32, 364, 448, 501, 314, 43, 170, 274, 103, 44, 347, 563, 332, 41, 21, 238, 505, 38, 48, 100, 273, 366, 187, 396, 573, 467, 200, 513, 374, 476, 576, 133, 190, 283, 303, 106, 324, 299, 360, 414, 143, 57, 403, 386, 56, 327, 117, 357, 264, 84, 457, 412, 473, 441, 189, 488, 301, 346, 416, 268, 580, 309, 454, 182, 297, 559, 315, 452, 191, 294, 353, 518, 75, 368, 122, 130, 195, 555, 521, 36, 516, 422, 42, 93, 199, 355, 427, 287, 385, 406, 538, 215, 213, 541, 474, 28, 96, 493, 469, 471, 119, 197, 391, 376, 148, 266, 171, 461, 86, 335, 418, 447, 363, 419, 155, 52, 510, 201, 35, 27, 554, 8, 142, 292, 276, 10, 267, 329]
convergência = [585]

===== FIM =====
