===== RESULTADO BRKGA L(2,1) =====
Arquivo: /Users/mateuspedrosa/Documents/TCC-II/BRKGA/data/random/erdos_n845_p0.8.mtx

----- Execução #1 -----
[INFO] Time limit atingido: 15 minutos. Esgotado durante a inicialização da população.
Tempo de execução: 903243ms
Span (lambda): 853
best_order = [438, 111, 572, 406, 740, 744, 654, 736, 207, 26, 551, 537, 786, 323, 78, 285, 382, 131, 819, 605, 591, 133, 96, 68, 150, 717, 677, 843, 425, 288, 229, 429, 485, 785, 662, 575, 374, 361, 461, 136, 468, 619, 841, 633, 271, 148, 593, 656, 23, 130, 139, 585, 345, 91, 484, 122, 118, 802, 257, 441, 563, 355, 689, 386, 727, 43, 329, 688, 283, 509, 550, 458, 110, 781, 694, 703, 548, 290, 832, 701, 535, 823, 213, 684, 331, 204, 610, 428, 779, 545, 287, 646, 0, 49, 161, 532, 42, 469, 627, 146, 232, 19, 377, 454, 696, 618, 320, 175, 540, 478, 124, 299, 798, 221, 477, 642, 196, 52, 541, 195, 307, 408, 127, 765, 793, 685, 839, 61, 326, 517, 144, 396, 334, 231, 381, 201, 676, 277, 519, 573, 112, 234, 443, 640, 293, 265, 778, 225, 763, 332, 527, 318, 4, 732, 799, 496, 134, 45, 693, 55, 35, 360, 561, 241, 562, 36, 114, 87, 104, 521, 719, 777, 722, 596, 674, 818, 73, 191, 79, 749, 426, 262, 121, 681, 488, 578, 756, 117, 192, 281, 92, 298, 22, 834, 444, 597, 32, 507, 431, 497, 346, 514, 503, 403, 169, 25, 602, 402, 524, 840, 203, 770, 501, 316, 190, 588, 34, 297, 47, 306, 128, 576, 95, 51, 404, 83, 632, 206, 678, 193, 452, 690, 707, 655, 31, 211, 643, 183, 37, 99, 714, 373, 255, 282, 769, 160, 365, 700, 650, 249, 705, 626, 564, 295, 759, 568, 606, 238, 581, 457, 24, 730, 708, 259, 611, 321, 515, 480, 107, 634, 702, 115, 387, 600, 372, 388, 704, 728, 227, 698, 817, 513, 738, 609, 28, 59, 177, 487, 687, 248, 44, 767, 658, 459, 820, 692, 304, 247, 723, 309, 476, 242, 697, 57, 197, 310, 442, 333, 80, 751, 652, 129, 8, 796, 807, 726, 474, 574, 638, 3, 464, 7, 630, 475, 587, 228, 651, 711, 67, 398, 433, 343, 467, 384, 787, 508, 764, 546, 395, 16, 363, 525, 465, 446, 275, 816, 440, 601, 339, 328, 163, 844, 803, 710, 405, 615, 5, 821, 567, 824, 226, 243, 621, 791, 18, 27, 165, 664, 399, 289, 246, 453, 774, 699, 336, 64, 804, 415, 577, 625, 176, 533, 324, 182, 421, 254, 101, 174, 274, 338, 586, 713, 60, 181, 423, 741, 164, 105, 657, 599, 86, 358, 755, 401, 761, 560, 628, 364, 724, 315, 451, 82, 77, 825, 450, 88, 706, 154, 794, 492, 292, 725, 613, 296, 603, 463, 745, 189, 594, 557, 312, 734, 411, 180, 559, 85, 126, 809, 170, 308, 842, 505, 742, 147, 250, 2, 352, 797, 48, 531, 153, 14, 209, 526, 570, 800, 479, 644, 555, 772, 422, 580, 448, 158, 159, 808, 58, 325, 418, 335, 739, 620, 210, 69, 62, 604, 812, 380, 142, 215, 417, 208, 427, 792, 65, 495, 510, 489, 579, 498, 813, 330, 607, 494, 829, 471, 631, 166, 445, 836, 827, 493, 90, 666, 512, 135, 806, 837, 75, 9, 198, 623, 392, 119, 750, 472, 826, 327, 239, 362, 244, 504, 172, 224, 735, 436, 718, 313, 622, 220, 639, 483, 815, 833, 641, 278, 412, 317, 430, 311, 776, 261, 534, 538, 407, 97, 356, 518, 263, 801, 822, 286, 539, 264, 506, 439, 552, 89, 629, 660, 520, 789, 583, 260, 790, 558, 731, 151, 502, 447, 667, 132, 682, 788, 54, 768, 795, 267, 385, 762, 140, 279, 301, 390, 81, 737, 167, 536, 831, 582, 222, 830, 614, 556, 470, 314, 143, 753, 194, 589, 357, 216, 686, 186, 456, 420, 351, 811, 748, 116, 368, 109, 379, 617, 303, 106, 71, 665, 74, 481, 663, 349, 616, 291, 672, 30, 434, 566, 13, 449, 668, 251, 397, 29, 659, 729, 93, 185, 683, 409, 378, 202, 544, 258, 200, 383, 624, 435, 12, 240, 522, 491, 155, 102, 84, 598, 40, 305, 757, 743, 680, 53, 673, 72, 584, 272, 253, 188, 612, 256, 17, 424, 473, 414, 269, 100, 554, 145, 590, 98, 219, 715, 138, 595, 270, 376, 553, 455, 370, 752, 33, 149, 653, 716, 236, 679, 268, 758, 366, 419, 103, 21, 712, 245, 294, 389, 528, 400, 300, 76, 828, 747, 41, 302, 466, 212, 810, 490, 499, 173, 235, 754, 733, 217, 462, 340, 695, 123, 530, 6, 179, 775, 437, 805, 766, 187, 648, 432, 162, 322, 205, 199, 369, 223, 608, 511, 66, 11, 113, 284, 523, 835, 565, 569, 46, 647, 273, 280, 669, 814, 56, 50, 661, 670, 125, 486, 10, 157, 516, 838, 649, 645, 348, 156, 482, 70, 276, 354, 15, 413, 760, 39, 63, 152, 375, 353, 233, 337, 319, 342, 549, 720, 359, 783, 771, 636, 542, 367, 141, 341, 347, 1, 394, 782, 746, 184, 592, 780, 252, 410, 108, 543, 460, 350, 500, 20, 237, 214, 137, 38, 773, 266, 230, 691, 178, 120, 571, 547, 675, 671, 391, 371, 635, 721, 637, 218, 416, 709, 784, 94, 344, 171, 393, 168, 529]
labeling = [89, 792, 464, 289, 169, 365, 742, 294, 328, 531, 763, 758, 661, 646, 463, 767, 323, 674, 374, 46, 827, 671, 179, 65, 280, 225, 14, 376, 300, 652, 642, 252, 215, 708, 233, 176, 182, 251, 831, 794, 672, 726, 62, 80, 305, 172, 766, 236, 470, 108, 759, 242, 103, 657, 598, 137, 707, 321, 486, 279, 407, 124, 429, 777, 385, 496, 756, 314, 37, 490, 791, 575, 681, 107, 638, 529, 684, 426, 21, 164, 306, 608, 424, 246, 670, 452, 415, 177, 432, 583, 521, 13, 185, 651, 853, 195, 35, 570, 688, 256, 693, 399, 668, 678, 184, 392, 634, 288, 788, 631, 90, 1, 147, 760, 171, 271, 627, 141, 60, 535, 838, 202, 64, 715, 121, 727, 435, 128, 240, 273, 67, 26, 515, 33, 105, 503, 51, 781, 639, 32, 567, 811, 494, 590, 144, 603, 85, 445, 59, 710, 38, 581, 786, 433, 398, 666, 787, 780, 471, 482, 205, 110, 746, 355, 352, 361, 514, 485, 836, 211, 456, 855, 518, 709, 223, 120, 390, 292, 825, 721, 450, 380, 364, 254, 819, 623, 618, 725, 662, 442, 229, 196, 203, 122, 611, 131, 127, 322, 489, 750, 601, 152, 656, 227, 43, 748, 250, 6, 495, 472, 451, 232, 637, 97, 829, 467, 614, 734, 851, 698, 447, 125, 597, 705, 546, 167, 347, 283, 342, 44, 835, 148, 114, 801, 145, 732, 655, 773, 276, 505, 628, 180, 287, 370, 544, 703, 373, 315, 303, 270, 462, 648, 821, 685, 397, 260, 619, 11, 635, 201, 511, 568, 155, 574, 580, 163, 783, 595, 682, 680, 702, 57, 683, 770, 401, 357, 793, 99, 532, 528, 731, 210, 262, 84, 762, 23, 578, 72, 15, 377, 94, 605, 431, 161, 716, 239, 410, 234, 212, 76, 722, 513, 723, 599, 296, 673, 238, 133, 389, 308, 247, 553, 446, 552, 588, 400, 207, 507, 130, 779, 118, 286, 719, 17, 393, 488, 139, 541, 333, 82, 506, 102, 158, 226, 146, 455, 383, 769, 403, 360, 738, 813, 803, 312, 816, 56, 220, 800, 749, 565, 765, 624, 466, 751, 795, 77, 536, 509, 414, 805, 178, 41, 543, 353, 386, 264, 686, 809, 629, 752, 692, 761, 293, 119, 29, 799, 690, 81, 649, 633, 492, 150, 24, 659, 351, 542, 78, 269, 257, 718, 606, 820, 533, 846, 810, 350, 109, 650, 346, 359, 713, 382, 175, 224, 244, 345, 5, 481, 135, 654, 804, 396, 493, 755, 645, 387, 839, 418, 459, 643, 622, 395, 478, 409, 689, 42, 200, 420, 101, 45, 564, 183, 741, 348, 644, 607, 548, 739, 0, 582, 337, 75, 299, 157, 214, 516, 358, 591, 443, 469, 430, 423, 181, 379, 48, 706, 620, 243, 88, 311, 824, 50, 736, 408, 338, 356, 728, 349, 53, 111, 547, 510, 537, 691, 332, 329, 317, 83, 4, 474, 267, 609, 789, 558, 71, 47, 733, 301, 206, 500, 730, 664, 436, 519, 508, 477, 170, 219, 487, 615, 826, 187, 563, 222, 534, 449, 427, 217, 302, 86, 498, 754, 524, 199, 132, 265, 782, 142, 572, 151, 491, 173, 663, 764, 191, 354, 412, 134, 720, 854, 699, 437, 95, 391, 545, 98, 561, 18, 530, 549, 93, 129, 806, 823, 658, 104, 331, 842, 9, 757, 68, 16, 520, 704, 695, 422, 612, 444, 587, 402, 384, 115, 143, 74, 221, 729, 555, 341, 255, 753, 457, 840, 3, 156, 334, 49, 209, 318, 208, 502, 480, 278, 610, 585, 653, 69, 405, 249, 231, 551, 697, 31, 775, 61, 416, 700, 192, 189, 630, 413, 291, 310, 153, 438, 479, 30, 218, 499, 735, 298, 87, 284, 687, 406, 569, 363, 640, 573, 113, 52, 439, 316, 554, 522, 660, 388, 272, 112, 404, 579, 340, 512, 248, 55, 290, 845, 796, 849, 336, 556, 159, 562, 91, 230, 476, 785, 106, 768, 745, 771, 268, 344, 326, 712, 10, 228, 63, 375, 309, 571, 577, 776, 39, 632, 367, 636, 523, 592, 626, 772, 778, 844, 641, 679, 194, 818, 154, 25, 237, 696, 676, 204, 594, 647, 100, 126, 616, 281, 2, 70, 216, 837, 285, 174, 92, 740, 116, 319, 235, 378, 266, 96, 241, 36, 245, 253, 425, 213, 282, 850, 362, 339, 714, 371, 258, 669, 701, 27, 550, 186, 802, 847, 190, 259, 421, 394, 325, 22, 275, 617, 263, 589, 162, 665, 448, 475, 12, 559, 297, 441, 7, 411, 460, 677, 8, 440, 817, 724, 625, 198, 525, 324, 694, 586, 711, 417, 193, 675, 667, 274, 797, 419, 604, 168, 327, 136, 744, 307, 600, 261, 166, 790, 453, 833, 381, 743, 566, 188, 165, 34, 798, 66, 815, 807, 808, 19, 20, 335, 596, 538, 584, 372, 497, 138, 434, 602, 330, 468, 123, 160, 461, 576, 73, 320, 369, 737, 526, 277, 484, 454, 613, 621, 465, 504, 774, 557, 304, 295, 117, 28, 313, 366, 483, 58, 368, 428, 539, 517, 717, 473, 540, 593, 79, 560, 149, 747, 501, 527, 784, 140, 197, 54, 458, 40, 343]
convergência = []

===== FIM =====
