===== RESULTADO BRKGA L(2,1) =====
Arquivo: /Users/mateuspedrosa/Documents/TCC-II/BRKGA/data/random/erdos_n290_p0.8.mtx

----- Execução #1 -----
[INFO] Time limit atingido: 15 minutos. Interrompido no meio de uma geração.
Tempo de execução: 900147ms
Span (lambda): 291
best_order = [90, 109, 24, 123, 265, 82, 172, 4, 248, 190, 282, 242, 124, 17, 116, 11, 127, 155, 20, 65, 264, 207, 247, 205, 7, 213, 23, 249, 177, 3, 32, 100, 18, 251, 274, 95, 178, 103, 229, 280, 111, 171, 241, 239, 63, 108, 29, 224, 73, 132, 154, 272, 216, 149, 51, 76, 164, 117, 105, 267, 39, 40, 94, 266, 48, 104, 45, 237, 25, 92, 71, 188, 203, 16, 263, 283, 153, 97, 202, 165, 113, 273, 6, 118, 215, 26, 195, 57, 41, 70, 36, 79, 141, 180, 143, 68, 102, 169, 221, 233, 275, 262, 156, 93, 289, 223, 122, 60, 107, 61, 129, 110, 278, 46, 35, 276, 191, 38, 31, 138, 158, 217, 142, 192, 208, 197, 56, 161, 211, 210, 252, 206, 101, 227, 131, 286, 5, 270, 147, 89, 137, 144, 72, 258, 62, 126, 86, 218, 43, 240, 284, 236, 157, 260, 257, 214, 238, 182, 85, 83, 19, 159, 212, 8, 189, 1, 271, 183, 250, 28, 175, 133, 245, 33, 12, 44, 209, 256, 75, 255, 193, 59, 128, 80, 230, 121, 14, 198, 15, 2, 226, 166, 173, 234, 288, 13, 58, 139, 269, 66, 134, 167, 96, 54, 287, 69, 187, 88, 200, 106, 55, 228, 67, 125, 78, 277, 243, 52, 115, 285, 120, 50, 42, 77, 201, 150, 99, 135, 184, 162, 145, 199, 112, 148, 0, 30, 87, 81, 47, 246, 186, 196, 279, 10, 259, 130, 34, 22, 281, 232, 222, 220, 254, 219, 170, 168, 235, 136, 74, 261, 53, 176, 204, 152, 231, 140, 194, 185, 268, 119, 37, 9, 174, 91, 181, 49, 163, 114, 98, 151, 64, 160, 84, 146, 244, 225, 27, 253, 21, 179]
labeling = [246, 185, 208, 31, 13, 147, 68, 32, 184, 291, 258, 10, 193, 216, 204, 201, 33, 18, 42, 179, 14, 303, 245, 36, 3, 81, 99, 263, 171, 59, 228, 132, 20, 191, 247, 125, 82, 289, 60, 73, 56, 103, 235, 118, 154, 80, 128, 248, 64, 213, 234, 69, 197, 207, 220, 219, 136, 101, 194, 200, 88, 122, 159, 55, 294, 25, 137, 221, 109, 180, 104, 79, 155, 61, 160, 77, 71, 205, 223, 105, 202, 225, 9, 150, 290, 178, 161, 237, 183, 149, 0, 293, 66, 108, 76, 47, 190, 91, 283, 238, 40, 116, 95, 22, 78, 72, 226, 110, 57, 1, 84, 49, 209, 90, 175, 100, 6, 62, 96, 261, 232, 199, 102, 5, 16, 229, 146, 21, 192, 124, 262, 133, 52, 158, 173, 167, 274, 151, 123, 218, 257, 50, 134, 86, 153, 242, 299, 142, 233, 67, 236, 297, 280, 89, 63, 23, 119, 148, 106, 181, 255, 138, 211, 277, 35, 94, 210, 186, 270, 111, 268, 39, 11, 188, 281, 144, 276, 4, 12, 305, 107, 295, 176, 162, 240, 286, 252, 224, 83, 135, 2, 121, 70, 198, 284, 98, 254, 75, 206, 244, 156, 230, 92, 85, 278, 29, 145, 28, 129, 195, 141, 140, 182, 34, 139, 97, 37, 127, 163, 203, 259, 58, 239, 120, 48, 271, 169, 114, 227, 24, 177, 282, 266, 113, 212, 272, 168, 41, 174, 53, 164, 51, 19, 215, 249, 189, 250, 30, 15, 38, 187, 43, 143, 301, 265, 196, 165, 172, 157, 260, 170, 275, 117, 87, 26, 7, 54, 74, 288, 217, 131, 27, 65, 93, 45, 115, 130, 152, 126, 256, 46, 264, 17, 44, 166, 231, 8, 222, 214, 112]
convergência = [291, 291, 291, 291, 291]

===== FIM =====
