===== RESULTADO BRKGA L(2,1) =====
Arquivo: /Users/mateuspedrosa/Documents/TCC-II/BRKGA/data/random/erdos_n271_p0.8.mtx

----- Execução #1 -----
[INFO] Time limit atingido: 15 minutos. Interrompido no meio de uma geração.
Tempo de execução: 900046ms
Span (lambda): 273
best_order = [102, 117, 248, 232, 68, 10, 154, 54, 3, 188, 265, 241, 184, 205, 169, 15, 253, 97, 21, 19, 5, 36, 222, 266, 220, 218, 107, 168, 24, 133, 163, 79, 177, 56, 69, 65, 16, 224, 234, 33, 55, 70, 30, 160, 63, 182, 47, 4, 22, 20, 116, 111, 170, 38, 83, 197, 17, 96, 126, 202, 176, 61, 26, 144, 122, 229, 39, 106, 80, 255, 207, 175, 27, 231, 44, 195, 233, 247, 257, 147, 142, 180, 120, 191, 239, 256, 6, 93, 59, 132, 51, 8, 45, 18, 151, 258, 187, 67, 104, 262, 215, 71, 203, 238, 109, 225, 249, 41, 237, 198, 161, 77, 136, 95, 88, 244, 157, 40, 92, 235, 141, 158, 52, 199, 7, 119, 190, 143, 103, 100, 0, 73, 35, 212, 28, 153, 50, 171, 217, 72, 34, 246, 130, 211, 150, 206, 270, 138, 172, 76, 152, 269, 91, 167, 43, 12, 139, 209, 82, 214, 251, 128, 11, 226, 129, 200, 148, 62, 1, 29, 210, 192, 260, 60, 81, 99, 181, 31, 250, 174, 228, 193, 32, 74, 140, 263, 159, 208, 84, 121, 123, 135, 194, 108, 230, 243, 166, 110, 221, 14, 254, 2, 178, 134, 165, 245, 89, 242, 183, 156, 227, 149, 155, 236, 186, 201, 131, 112, 173, 127, 98, 58, 46, 252, 185, 101, 94, 75, 66, 37, 53, 57, 164, 259, 145, 23, 113, 219, 85, 87, 240, 216, 118, 162, 115, 25, 13, 78, 146, 114, 264, 124, 189, 86, 9, 223, 49, 213, 42, 267, 48, 204, 261, 196, 125, 105, 137, 90, 64, 268, 179]
labeling = [145, 116, 206, 12, 61, 31, 108, 126, 76, 234, 8, 112, 177, 260, 213, 23, 50, 72, 101, 29, 63, 27, 20, 249, 40, 238, 77, 92, 123, 188, 58, 135, 196, 15, 143, 49, 33, 232, 66, 84, 139, 129, 268, 175, 43, 78, 237, 59, 272, 226, 83, 115, 144, 242, 11, 54, 44, 244, 218, 111, 191, 75, 184, 7, 276, 48, 197, 121, 3, 46, 56, 85, 153, 150, 198, 240, 169, 133, 261, 42, 57, 192, 179, 68, 205, 230, 118, 252, 136, 219, 274, 69, 53, 110, 195, 134, 64, 22, 222, 172, 109, 239, 0, 87, 122, 279, 47, 28, 170, 51, 211, 60, 233, 251, 256, 259, 36, 2, 257, 81, 102, 207, 80, 95, 245, 199, 62, 193, 183, 149, 137, 212, 113, 1, 217, 176, 107, 264, 165, 91, 200, 142, 99, 132, 79, 248, 241, 9, 187, 225, 162, 26, 171, 154, 10, 227, 223, 140, 89, 202, 17, 131, 258, 34, 214, 164, 203, 120, 24, 21, 65, 156, 167, 235, 190, 90, 5, 38, 147, 283, 100, 155, 45, 221, 18, 168, 231, 119, 14, 263, 148, 104, 157, 161, 103, 67, 277, 70, 114, 146, 174, 220, 74, 105, 273, 19, 159, 88, 204, 130, 189, 160, 152, 267, 181, 73, 255, 141, 39, 208, 37, 178, 30, 265, 52, 125, 185, 224, 182, 82, 166, 41, 6, 94, 32, 97, 229, 93, 55, 106, 253, 16, 180, 209, 138, 186, 158, 96, 4, 127, 194, 151, 210, 25, 215, 86, 71, 98, 117, 246, 128, 275, 124, 201, 228, 13, 35, 270, 281, 173, 163]
convergência = [276, 276, 275, 275, 275, 274]

===== FIM =====
