===== RESULTADO BRKGA L(2,1) =====
Arquivo: /Users/mateuspedrosa/Documents/TCC-II/BRKGA/data/random/erdos_n924_p0.2.mtx

----- Execução #1 -----
[INFO] Time limit atingido: 15 minutos. Interrompido no meio de uma geração.
Tempo de execução: 900091ms
Span (lambda): 923
best_order = [99, 392, 583, 446, 630, 636, 769, 574, 369, 13, 617, 333, 302, 64, 911, 332, 21, 434, 913, 593, 534, 227, 864, 730, 725, 592, 206, 631, 5, 391, 364, 444, 637, 49, 432, 445, 604, 22, 97, 176, 262, 494, 94, 0, 274, 60, 401, 595, 817, 857, 865, 12, 819, 247, 24, 635, 270, 273, 603, 674, 110, 922, 777, 687, 893, 452, 353, 312, 53, 771, 745, 48, 699, 406, 55, 437, 2, 901, 67, 92, 324, 884, 659, 500, 844, 78, 660, 530, 15, 198, 366, 481, 794, 139, 726, 816, 468, 258, 89, 529, 252, 103, 611, 742, 716, 400, 186, 625, 553, 336, 665, 768, 545, 505, 598, 57, 8, 669, 915, 68, 614, 256, 524, 171, 921, 182, 395, 672, 888, 431, 535, 588, 72, 448, 162, 866, 686, 764, 46, 860, 558, 178, 413, 622, 807, 885, 42, 135, 77, 587, 606, 613, 322, 390, 656, 684, 802, 757, 307, 585, 387, 148, 250, 732, 278, 410, 290, 248, 601, 760, 249, 589, 88, 639, 599, 339, 518, 167, 478, 830, 886, 516, 334, 508, 510, 818, 59, 477, 263, 107, 133, 550, 119, 220, 136, 295, 33, 526, 648, 425, 685, 621, 814, 521, 154, 717, 548, 632, 628, 646, 325, 748, 63, 342, 226, 44, 528, 907, 870, 543, 223, 330, 778, 337, 495, 615, 83, 522, 40, 503, 868, 667, 188, 411, 467, 197, 525, 371, 899, 169, 105, 204, 612, 554, 145, 752, 240, 118, 159, 246, 586, 377, 457, 654, 832, 643, 73, 315, 454, 791, 283, 859, 282, 608, 520, 804, 813, 729, 228, 100, 62, 537, 572, 84, 346, 127, 475, 507, 50, 141, 724, 710, 47, 201, 798, 854, 466, 238, 271, 743, 750, 419, 905, 498, 196, 488, 232, 823, 789, 215, 261, 887, 7, 489, 541, 874, 861, 405, 355, 308, 239, 25, 552, 701, 205, 523, 31, 607, 835, 427, 267, 408, 700, 447, 71, 313, 532, 86, 344, 380, 862, 164, 279, 512, 319, 81, 803, 485, 4, 352, 677, 513, 809, 705, 492, 858, 910, 415, 689, 16, 275, 719, 875, 184, 147, 372, 620, 191, 170, 704, 234, 297, 772, 309, 651, 349, 493, 834, 754, 609, 32, 679, 331, 458, 502, 506, 810, 479, 916, 166, 281, 61, 293, 902, 761, 298, 491, 727, 544, 142, 253, 734, 54, 780, 101, 277, 580, 152, 851, 626, 853, 664, 163, 120, 288, 673, 9, 109, 845, 292, 254, 691, 370, 577, 453, 663, 570, 908, 129, 736, 396, 318, 696, 417, 385, 688, 782, 185, 173, 808, 680, 442, 460, 455, 655, 751, 539, 473, 126, 840, 693, 484, 863, 412, 216, 787, 605, 581, 106, 296, 179, 877, 10, 792, 347, 321, 190, 573, 96, 602, 837, 354, 781, 20, 564, 23, 284, 540, 806, 644, 833, 17, 52, 95, 175, 533, 111, 244, 551, 796, 790, 634, 440, 443, 849, 904, 151, 600, 531, 785, 58, 146, 895, 749, 98, 132, 414, 137, 289, 463, 708, 538, 568, 797, 839, 527, 560, 571, 124, 795, 847, 774, 713, 805, 245, 306, 737, 393, 43, 671, 579, 348, 134, 831, 398, 362, 483, 645, 287, 388, 65, 678, 75, 272, 433, 386, 149, 582, 776, 214, 889, 788, 335, 464, 894, 465, 480, 301, 236, 285, 11, 451, 783, 45, 310, 556, 237, 138, 243, 209, 800, 557, 27, 69, 328, 430, 436, 623, 276, 766, 616, 496, 172, 286, 160, 221, 702, 26, 879, 829, 670, 212, 18, 666, 682, 229, 549, 775, 855, 140, 820, 439, 211, 652, 918, 638, 79, 438, 642, 852, 720, 456, 566, 712, 356, 104, 218, 217, 827, 746, 231, 375, 486, 920, 896, 919, 323, 576, 39, 786, 379, 882, 569, 563, 402, 487, 843, 850, 14, 426, 202, 397, 842, 114, 880, 728, 122, 759, 497, 517, 394, 873, 403, 892, 897, 878, 881, 361, 504, 235, 715, 838, 66, 657, 161, 856, 381, 738, 735, 461, 755, 125, 848, 19, 511, 578, 706, 424, 6, 914, 515, 112, 767, 793, 711, 382, 565, 222, 269, 317, 825, 906, 56, 358, 815, 694, 37, 824, 383, 416, 51, 799, 299, 242, 3, 747, 763, 156, 596, 305, 230, 357, 428, 828, 266, 224, 420, 707, 360, 316, 758, 610, 898, 294, 559, 698, 203, 762, 653, 739, 662, 470, 259, 177, 34, 187, 900, 501, 213, 871, 784, 389, 82, 329, 641, 200, 359, 753, 374, 384, 93, 909, 123, 567, 251, 174, 225, 731, 74, 891, 208, 536, 338, 35, 675, 740, 650, 649, 113, 115, 562, 471, 575, 555, 192, 721, 723, 157, 590, 130, 801, 345, 542, 260, 619, 709, 514, 91, 890, 474, 158, 219, 102, 422, 153, 624, 561, 499, 128, 367, 199, 692, 376, 770, 108, 469, 291, 867, 869, 326, 90, 683, 207, 116, 482, 627, 421, 597, 633, 327, 180, 363, 459, 303, 733, 591, 399, 87, 38, 472, 765, 722, 449, 373, 183, 476, 350, 41, 80, 168, 1, 519, 741, 189, 193, 676, 28, 143, 821, 441, 903, 311, 341, 320, 462, 165, 883, 714, 404, 418, 584, 594, 343, 658, 241, 144, 300, 718, 76, 812, 836, 744, 681, 233, 773, 264, 668, 407, 36, 876, 826, 490, 265, 697, 690, 365, 547, 150, 378, 822, 811, 181, 210, 640, 661, 779, 509, 647, 917, 695, 912, 255, 423, 314, 30, 85, 117, 435, 121, 841, 195, 368, 846, 429, 268, 70, 450, 629, 756, 280, 703, 618, 546, 351, 155, 257, 340, 304, 409, 131, 923, 29, 194, 872]
labeling = [44, 830, 76, 691, 339, 28, 668, 300, 116, 407, 452, 551, 52, 6, 630, 88, 350, 472, 582, 662, 463, 16, 37, 465, 51, 311, 577, 562, 836, 919, 895, 316, 371, 196, 722, 753, 868, 686, 813, 618, 228, 828, 148, 518, 217, 553, 138, 282, 71, 33, 278, 690, 470, 68, 392, 74, 682, 115, 490, 186, 45, 382, 270, 212, 13, 530, 652, 78, 119, 563, 905, 324, 133, 257, 747, 533, 857, 147, 85, 595, 827, 336, 732, 226, 273, 894, 328, 818, 172, 99, 800, 777, 79, 740, 39, 473, 458, 38, 493, 0, 269, 394, 782, 102, 606, 240, 448, 191, 792, 408, 60, 476, 672, 758, 633, 759, 803, 896, 248, 190, 401, 898, 637, 742, 508, 661, 438, 275, 790, 418, 768, 920, 496, 192, 523, 145, 193, 495, 558, 93, 590, 279, 386, 837, 856, 244, 491, 354, 161, 534, 877, 486, 396, 784, 204, 916, 697, 767, 780, 247, 574, 654, 134, 404, 330, 845, 380, 174, 829, 233, 358, 122, 572, 429, 746, 474, 40, 725, 141, 450, 810, 881, 125, 823, 353, 428, 103, 724, 234, 833, 456, 357, 764, 835, 921, 902, 291, 235, 89, 787, 735, 283, 631, 717, 241, 313, 26, 802, 750, 559, 882, 592, 581, 728, 540, 299, 444, 603, 607, 781, 194, 575, 677, 220, 703, 748, 215, 18, 267, 583, 700, 610, 297, 863, 359, 649, 548, 557, 288, 310, 246, 853, 693, 554, 477, 514, 249, 54, 167, 171, 162, 743, 100, 390, 412, 892, 121, 915, 97, 720, 774, 301, 41, 189, 864, 872, 701, 319, 904, 678, 56, 290, 535, 57, 42, 349, 569, 395, 164, 333, 909, 379, 262, 260, 466, 549, 573, 527, 405, 498, 166, 796, 410, 381, 714, 195, 449, 362, 387, 694, 855, 547, 12, 814, 917, 699, 516, 158, 309, 363, 555, 841, 67, 325, 893, 259, 709, 679, 421, 335, 842, 454, 153, 616, 80, 210, 799, 809, 565, 733, 222, 370, 14, 10, 181, 543, 109, 223, 752, 177, 913, 843, 213, 852, 327, 772, 274, 455, 521, 366, 826, 914, 340, 66, 461, 308, 605, 702, 683, 736, 708, 647, 525, 812, 30, 876, 90, 789, 901, 8, 414, 238, 355, 824, 739, 612, 793, 251, 878, 620, 329, 656, 674, 688, 738, 424, 536, 160, 529, 731, 154, 29, 1, 517, 640, 126, 420, 629, 524, 817, 106, 46, 626, 642, 849, 307, 73, 867, 321, 918, 165, 236, 443, 142, 497, 343, 689, 423, 847, 289, 706, 806, 783, 891, 667, 201, 625, 320, 704, 903, 564, 129, 34, 532, 17, 897, 566, 75, 597, 591, 482, 840, 430, 483, 32, 35, 3, 323, 132, 822, 906, 550, 65, 416, 256, 432, 601, 252, 372, 811, 433, 659, 844, 499, 541, 545, 286, 231, 96, 795, 723, 761, 820, 437, 779, 277, 825, 187, 176, 377, 546, 91, 804, 526, 441, 338, 611, 627, 293, 304, 871, 389, 346, 365, 43, 224, 571, 638, 295, 788, 83, 727, 374, 229, 648, 112, 375, 276, 183, 884, 184, 664, 332, 334, 776, 670, 182, 639, 178, 831, 264, 202, 227, 315, 123, 237, 197, 505, 214, 98, 87, 488, 326, 475, 21, 130, 751, 272, 501, 436, 467, 303, 771, 219, 384, 113, 912, 875, 206, 587, 188, 478, 312, 108, 242, 763, 556, 561, 140, 713, 506, 786, 760, 624, 464, 676, 602, 744, 502, 622, 411, 507, 271, 457, 9, 762, 617, 415, 665, 519, 397, 446, 538, 2, 851, 159, 250, 149, 131, 170, 769, 815, 22, 20, 850, 47, 698, 807, 114, 175, 487, 168, 459, 58, 36, 447, 151, 317, 263, 369, 710, 101, 243, 152, 120, 225, 570, 11, 911, 773, 356, 200, 144, 567, 785, 107, 399, 805, 207, 907, 4, 27, 208, 808, 481, 55, 5, 31, 596, 173, 883, 734, 598, 255, 469, 528, 209, 887, 199, 757, 756, 364, 593, 718, 253, 434, 155, 653, 854, 82, 86, 885, 721, 409, 402, 110, 584, 232, 866, 117, 580, 520, 127, 406, 59, 754, 834, 341, 531, 373, 431, 862, 586, 801, 150, 198, 136, 63, 425, 348, 874, 413, 791, 440, 685, 889, 422, 873, 715, 72, 322, 314, 576, 910, 360, 344, 666, 707, 500, 775, 281, 675, 604, 513, 848, 650, 105, 205, 858, 351, 600, 765, 821, 766, 280, 24, 94, 388, 635, 268, 25, 745, 163, 816, 391, 660, 419, 515, 658, 719, 755, 832, 104, 287, 860, 70, 609, 695, 211, 494, 292, 435, 245, 737, 368, 657, 908, 157, 711, 636, 169, 385, 716, 696, 137, 819, 568, 671, 111, 7, 794, 69, 361, 865, 511, 585, 537, 62, 221, 886, 393, 462, 426, 552, 730, 489, 619, 445, 539, 298, 480, 258, 453, 673, 92, 509, 479, 503, 284, 692, 560, 770, 156, 337, 265, 512, 468, 146, 427, 342, 376, 880, 859, 266, 203, 684, 95, 49, 185, 53, 589, 839, 879, 296, 687, 680, 870, 608, 705, 578, 179, 522, 254, 471, 367, 318, 861, 460, 651, 504, 439, 900, 632, 623, 84, 403, 899, 510, 663, 484, 628, 398, 599, 400, 285, 588, 655, 48, 347, 261, 139, 306, 331, 442, 23, 50, 135, 797, 230, 798, 218, 729, 923, 641, 305, 352, 869, 451, 646, 579, 634, 645, 621, 846, 81, 143, 180, 302, 128, 542, 778, 749, 643, 64, 544, 492, 614, 644, 712, 239, 726, 77, 383, 838, 485, 294, 681, 216, 417, 741, 345, 15, 890, 19, 669, 118, 378, 888, 594, 615, 613, 124, 61, 922]
convergência = [923]

===== FIM =====
