===== RESULTADO BRKGA L(2,1) =====
Arquivo: /Users/mateuspedrosa/Documents/TCC-II/BRKGA/data/random/erdos_n957_p0.4.mtx

----- Execução #1 -----
[INFO] Time limit atingido: 15 minutos. Esgotado durante a inicialização da população.
Tempo de execução: 900997ms
Span (lambda): 956
best_order = [784, 668, 119, 295, 824, 374, 296, 645, 58, 70, 650, 533, 862, 351, 302, 783, 253, 728, 424, 899, 427, 690, 390, 709, 612, 775, 851, 205, 827, 338, 760, 462, 213, 37, 649, 145, 341, 353, 896, 570, 325, 677, 580, 536, 365, 466, 135, 952, 799, 759, 89, 53, 313, 811, 57, 620, 403, 154, 52, 124, 868, 722, 695, 274, 682, 136, 506, 454, 152, 802, 197, 356, 210, 104, 111, 7, 581, 482, 179, 54, 461, 719, 713, 739, 411, 619, 720, 762, 484, 319, 792, 708, 623, 502, 82, 928, 377, 873, 658, 702, 106, 652, 817, 697, 638, 340, 255, 954, 866, 271, 914, 602, 748, 626, 174, 904, 737, 785, 125, 510, 73, 10, 216, 955, 225, 635, 600, 208, 467, 401, 100, 173, 547, 549, 489, 14, 448, 18, 47, 128, 281, 805, 320, 413, 17, 398, 566, 527, 164, 2, 546, 794, 171, 585, 741, 540, 361, 367, 113, 815, 229, 539, 840, 809, 501, 588, 917, 747, 222, 36, 625, 548, 556, 592, 90, 176, 916, 599, 686, 91, 744, 614, 332, 60, 633, 423, 391, 301, 736, 428, 656, 479, 618, 38, 864, 743, 681, 936, 393, 339, 765, 33, 50, 629, 283, 277, 366, 359, 431, 258, 940, 83, 420, 387, 654, 714, 590, 508, 97, 856, 643, 667, 841, 705, 249, 0, 595, 447, 524, 300, 742, 941, 587, 843, 318, 761, 835, 589, 16, 20, 161, 84, 226, 911, 943, 622, 246, 915, 867, 657, 885, 491, 495, 368, 530, 228, 29, 416, 289, 397, 877, 898, 688, 659, 494, 360, 754, 493, 130, 422, 813, 358, 699, 412, 191, 96, 440, 807, 1, 149, 505, 22, 46, 291, 892, 863, 906, 347, 823, 61, 621, 679, 110, 121, 85, 758, 287, 715, 684, 655, 5, 908, 380, 704, 349, 177, 34, 641, 426, 163, 520, 764, 537, 81, 833, 820, 39, 262, 481, 264, 350, 806, 881, 477, 779, 470, 696, 298, 49, 593, 532, 596, 196, 432, 653, 207, 609, 913, 446, 31, 521, 927, 410, 35, 476, 561, 169, 471, 342, 689, 946, 30, 316, 938, 517, 601, 568, 919, 515, 443, 170, 663, 774, 872, 183, 415, 670, 19, 685, 562, 707, 558, 460, 858, 671, 735, 94, 773, 487, 405, 571, 435, 408, 531, 488, 831, 552, 907, 312, 776, 665, 921, 801, 331, 181, 80, 299, 383, 234, 265, 597, 418, 468, 357, 12, 603, 793, 305, 586, 535, 244, 404, 98, 926, 333, 317, 87, 673, 500, 675, 560, 889, 642, 310, 354, 727, 924, 286, 115, 162, 141, 155, 725, 78, 206, 335, 664, 853, 935, 334, 129, 441, 804, 860, 882, 223, 64, 616, 497, 165, 870, 158, 230, 644, 733, 107, 731, 243, 716, 270, 578, 88, 486, 798, 131, 201, 167, 425, 789, 256, 72, 710, 951, 895, 545, 241, 632, 263, 326, 399, 869, 23, 456, 857, 526, 818, 771, 607, 848, 254, 232, 297, 674, 542, 323, 248, 186, 218, 473, 352, 464, 944, 478, 99, 582, 126, 529, 859, 803, 444, 511, 233, 41, 282, 372, 791, 912, 538, 284, 402, 459, 166, 901, 893, 48, 569, 439, 355, 810, 672, 138, 745, 204, 932, 62, 51, 564, 417, 117, 950, 836, 55, 175, 790, 738, 178, 611, 838, 948, 429, 669, 492, 400, 389, 651, 525, 185, 133, 221, 200, 729, 219, 385, 627, 855, 694, 605, 224, 24, 92, 134, 683, 303, 826, 496, 770, 518, 847, 40, 631, 309, 814, 503, 543, 750, 214, 956, 640, 523, 406, 362, 830, 718, 285, 660, 822, 21, 122, 846, 474, 751, 386, 730, 15, 120, 576, 933, 871, 637, 874, 499, 850, 324, 903, 217, 693, 373, 199, 79, 67, 953, 268, 553, 188, 876, 237, 504, 852, 77, 345, 752, 925, 419, 330, 43, 630, 559, 544, 769, 344, 472, 346, 13, 311, 703, 252, 184, 598, 6, 86, 242, 32, 845, 198, 636, 639, 825, 723, 469, 189, 157, 28, 490, 279, 786, 782, 942, 288, 732, 4, 574, 821, 865, 905, 74, 922, 451, 382, 108, 159, 146, 712, 839, 329, 550, 409, 375, 414, 594, 168, 114, 101, 449, 239, 392, 880, 691, 394, 854, 778, 112, 507, 886, 749, 902, 909, 437, 565, 522, 777, 554, 8, 65, 513, 572, 257, 910, 140, 63, 266, 172, 236, 321, 396, 132, 292, 209, 105, 259, 195, 363, 485, 861, 103, 147, 328, 498, 261, 148, 364, 555, 160, 711, 698, 384, 458, 812, 156, 939, 756, 430, 336, 276, 314, 666, 421, 884, 371, 613, 897, 606, 646, 66, 293, 3, 278, 75, 788, 68, 763, 634, 376, 604, 844, 701, 127, 455, 280, 102, 766, 202, 780, 878, 245, 676, 250, 480, 890, 512, 929, 918, 182, 891, 453, 69, 370, 475, 194, 717, 388, 849, 514, 947, 463, 894, 692, 551, 557, 734, 624, 407, 116, 837, 534, 883, 628, 9, 433, 211, 143, 267, 308, 516, 795, 808, 755, 315, 76, 307, 647, 26, 931, 290, 192, 753, 247, 541, 452, 269, 445, 680, 608, 934, 395, 180, 900, 842, 768, 740, 575, 151, 746, 563, 875, 828, 816, 945, 949, 834, 95, 275, 528, 42, 322, 509, 27, 772, 137, 832, 238, 519, 235, 457, 573, 190, 139, 465, 273, 700, 144, 123, 93, 240, 920, 231, 25, 483, 304, 272, 193, 829, 937, 591, 109, 930, 724, 923, 56, 767, 610, 757, 726, 800, 617, 879, 212, 378, 44, 797, 294, 648, 796, 567, 251, 260, 215, 706, 819, 579, 577, 381, 379, 678, 887, 583, 615, 71, 306, 11, 662, 220, 369, 721, 187, 584, 661, 343, 45, 150, 442, 438, 203, 337, 227, 888, 687, 436, 450, 348, 787, 434, 781, 327, 142, 153, 118, 59]
labeling = [228, 275, 147, 759, 670, 300, 649, 73, 712, 816, 123, 929, 405, 643, 136, 604, 241, 144, 137, 367, 242, 597, 283, 478, 569, 883, 830, 865, 659, 257, 352, 338, 653, 201, 303, 344, 171, 33, 190, 316, 577, 511, 864, 633, 907, 938, 284, 138, 525, 329, 202, 533, 60, 49, 79, 541, 898, 47, 9, 958, 185, 289, 536, 715, 448, 709, 764, 619, 769, 795, 8, 926, 470, 121, 675, 767, 829, 630, 433, 617, 396, 313, 91, 210, 221, 295, 650, 417, 459, 54, 175, 176, 570, 884, 379, 860, 273, 218, 413, 504, 131, 692, 778, 733, 69, 727, 100, 455, 672, 893, 293, 76, 700, 160, 690, 426, 813, 537, 955, 3, 606, 292, 596, 882, 62, 118, 505, 776, 140, 440, 268, 463, 724, 554, 568, 43, 56, 867, 530, 878, 719, 428, 954, 819, 877, 31, 683, 734, 737, 278, 940, 852, 70, 956, 59, 430, 750, 665, 449, 681, 742, 231, 431, 307, 150, 452, 520, 466, 689, 347, 361, 152, 717, 133, 113, 543, 177, 308, 547, 75, 845, 393, 791, 360, 646, 557, 497, 931, 624, 664, 876, 276, 834, 889, 798, 729, 335, 72, 647, 618, 558, 465, 781, 945, 532, 30, 435, 332, 130, 726, 74, 818, 906, 34, 585, 916, 125, 616, 498, 562, 932, 559, 168, 443, 567, 127, 240, 942, 256, 157, 445, 885, 492, 512, 398, 873, 720, 625, 870, 695, 879, 475, 651, 456, 410, 783, 247, 835, 496, 226, 786, 914, 637, 16, 491, 107, 469, 716, 209, 728, 915, 738, 318, 477, 320, 400, 721, 820, 622, 836, 460, 109, 888, 880, 63, 859, 753, 206, 765, 661, 777, 142, 514, 205, 519, 591, 429, 296, 666, 258, 832, 285, 725, 761, 911, 5, 4, 493, 327, 397, 219, 186, 15, 572, 887, 408, 927, 821, 822, 580, 425, 645, 388, 51, 754, 828, 348, 416, 237, 90, 141, 722, 863, 488, 605, 42, 479, 950, 735, 685, 636, 394, 183, 414, 439, 437, 747, 939, 27, 197, 105, 36, 351, 936, 629, 631, 635, 282, 949, 301, 322, 10, 501, 38, 422, 527, 65, 404, 272, 208, 266, 156, 590, 730, 739, 46, 204, 158, 254, 934, 796, 757, 513, 615, 7, 687, 772, 96, 905, 921, 304, 910, 680, 395, 745, 561, 602, 213, 797, 555, 18, 184, 691, 200, 698, 844, 723, 260, 145, 481, 550, 122, 521, 53, 412, 380, 589, 811, 384, 684, 343, 86, 274, 143, 686, 364, 255, 535, 401, 634, 212, 749, 270, 187, 19, 467, 310, 21, 191, 544, 752, 207, 328, 812, 952, 383, 946, 705, 943, 526, 277, 441, 941, 359, 508, 839, 339, 227, 128, 694, 948, 678, 838, 793, 67, 774, 480, 874, 746, 522, 375, 80, 32, 801, 499, 871, 48, 126, 402, 662, 325, 349, 642, 500, 599, 794, 345, 321, 503, 192, 788, 317, 78, 886, 83, 732, 464, 372, 381, 135, 654, 253, 546, 267, 263, 252, 573, 450, 736, 611, 411, 163, 89, 583, 627, 281, 68, 701, 217, 861, 120, 510, 787, 713, 804, 358, 823, 355, 578, 872, 305, 340, 707, 588, 230, 556, 485, 148, 862, 490, 250, 374, 333, 12, 815, 406, 39, 312, 517, 161, 155, 837, 495, 582, 641, 473, 149, 134, 173, 132, 679, 805, 385, 623, 711, 741, 172, 808, 368, 640, 420, 341, 371, 853, 538, 703, 146, 908, 356, 523, 37, 382, 714, 869, 671, 850, 603, 920, 462, 919, 41, 77, 506, 924, 933, 154, 409, 235, 165, 239, 216, 892, 170, 331, 688, 229, 334, 399, 648, 179, 124, 354, 112, 407, 768, 565, 762, 489, 841, 336, 899, 549, 24, 758, 182, 925, 447, 903, 193, 85, 57, 290, 246, 95, 809, 166, 114, 563, 817, 203, 638, 579, 476, 180, 770, 129, 657, 607, 104, 652, 587, 309, 423, 222, 453, 2, 763, 831, 912, 35, 11, 552, 94, 337, 215, 299, 188, 251, 98, 264, 593, 935, 930, 362, 434, 391, 755, 224, 1, 553, 366, 376, 528, 418, 494, 419, 784, 44, 922, 291, 840, 196, 66, 571, 294, 369, 178, 947, 259, 346, 23, 696, 803, 612, 566, 61, 326, 103, 743, 269, 875, 775, 101, 644, 306, 225, 917, 373, 93, 22, 471, 744, 677, 81, 214, 298, 458, 800, 594, 82, 87, 928, 64, 660, 895, 432, 897, 427, 17, 560, 601, 457, 669, 454, 807, 378, 189, 117, 542, 84, 849, 153, 232, 195, 181, 531, 848, 169, 111, 704, 584, 600, 626, 826, 265, 827, 751, 901, 297, 45, 29, 238, 88, 771, 311, 199, 779, 900, 847, 639, 576, 486, 866, 370, 363, 26, 389, 710, 699, 324, 782, 937, 656, 14, 0, 119, 667, 951, 766, 468, 545, 515, 92, 403, 151, 824, 913, 909, 461, 52, 902, 392, 71, 509, 442, 139, 323, 279, 825, 164, 529, 55, 748, 271, 581, 162, 856, 102, 487, 918, 315, 663, 595, 288, 6, 658, 574, 25, 855, 890, 592, 386, 868, 314, 857, 233, 540, 814, 548, 682, 159, 223, 846, 236, 773, 655, 598, 575, 483, 802, 613, 28, 628, 438, 697, 564, 220, 484, 377, 507, 444, 731, 13, 280, 194, 673, 106, 249, 58, 482, 451, 609, 365, 99, 610, 854, 621, 261, 780, 904, 693, 319, 446, 810, 756, 245, 702, 923, 944, 421, 789, 792, 286, 518, 806, 474, 40, 760, 262, 20, 843, 524, 706, 614, 116, 674, 287, 387, 302, 708, 718, 243, 516, 330, 110, 248, 174, 167, 785, 357, 881, 390, 676, 896, 424, 632, 415, 342, 97, 790, 894, 833, 534, 608, 842, 436, 198, 891, 350, 740, 211, 234, 668, 244, 502, 851, 353, 799, 551, 858, 539, 472, 50, 620, 108, 115, 586]
convergência = []

===== FIM =====
