===== RESULTADO BRKGA L(2,1) =====
Arquivo: /Users/mateuspedrosa/Documents/TCC-II/BRKGA/data/random/erdos_n617_p0.8.mtx

----- Execução #1 -----
[INFO] Time limit atingido: 15 minutos. Esgotado durante a inicialização da população.
Tempo de execução: 900495ms
Span (lambda): 624
best_order = [546, 104, 551, 120, 441, 427, 180, 213, 416, 378, 375, 589, 167, 438, 3, 7, 80, 259, 324, 65, 52, 591, 361, 25, 456, 270, 198, 490, 315, 545, 204, 468, 183, 309, 244, 373, 439, 611, 412, 201, 340, 440, 308, 500, 294, 297, 215, 103, 242, 229, 208, 338, 455, 172, 541, 83, 575, 463, 498, 234, 538, 168, 81, 535, 583, 457, 495, 34, 258, 44, 18, 226, 273, 317, 75, 337, 355, 559, 349, 79, 139, 200, 128, 531, 189, 182, 579, 564, 602, 367, 262, 560, 572, 450, 38, 364, 461, 346, 93, 275, 491, 520, 390, 169, 430, 344, 300, 203, 526, 145, 174, 16, 372, 132, 55, 142, 126, 48, 605, 10, 312, 210, 524, 68, 107, 437, 411, 527, 285, 502, 51, 374, 157, 410, 195, 321, 134, 20, 271, 283, 186, 537, 435, 342, 158, 517, 298, 382, 335, 17, 173, 407, 211, 514, 483, 207, 33, 311, 159, 54, 448, 23, 288, 96, 482, 117, 111, 332, 569, 261, 404, 388, 476, 243, 85, 90, 202, 21, 12, 191, 542, 1, 40, 279, 253, 351, 305, 508, 266, 424, 379, 127, 472, 399, 282, 61, 401, 177, 549, 444, 451, 170, 56, 557, 28, 102, 425, 600, 576, 268, 459, 26, 156, 216, 419, 556, 565, 221, 138, 30, 550, 60, 179, 307, 140, 522, 265, 41, 260, 562, 11, 144, 452, 252, 133, 299, 469, 381, 217, 368, 187, 578, 13, 233, 510, 544, 274, 377, 37, 573, 206, 254, 465, 194, 350, 445, 533, 512, 489, 171, 9, 523, 371, 507, 353, 608, 147, 558, 255, 530, 518, 278, 590, 478, 276, 528, 43, 485, 97, 14, 402, 209, 64, 370, 237, 391, 263, 396, 592, 193, 322, 392, 149, 493, 131, 574, 323, 162, 235, 63, 86, 108, 91, 99, 553, 293, 165, 609, 348, 257, 414, 487, 110, 470, 225, 236, 477, 313, 594, 431, 248, 610, 443, 116, 88, 76, 185, 319, 525, 141, 603, 8, 94, 29, 552, 330, 432, 239, 290, 458, 494, 586, 249, 318, 301, 22, 418, 212, 593, 422, 214, 436, 181, 409, 238, 230, 42, 247, 49, 71, 581, 543, 408, 5, 196, 536, 32, 122, 219, 95, 434, 27, 577, 223, 394, 328, 82, 69, 466, 613, 155, 420, 310, 53, 484, 539, 115, 148, 359, 473, 598, 246, 385, 287, 354, 606, 161, 164, 584, 460, 228, 4, 566, 73, 474, 343, 291, 316, 504, 363, 599, 31, 568, 555, 347, 327, 453, 36, 136, 205, 447, 339, 331, 449, 398, 2, 74, 395, 503, 292, 405, 241, 50, 505, 580, 501, 227, 87, 296, 513, 442, 369, 105, 35, 481, 383, 304, 232, 58, 479, 302, 137, 218, 59, 101, 499, 462, 326, 548, 314, 506, 89, 571, 286, 150, 153, 604, 376, 57, 125, 454, 135, 596, 567, 532, 540, 384, 336, 250, 352, 588, 400, 190, 329, 496, 406, 176, 521, 19, 284, 240, 534, 515, 77, 143, 325, 256, 267, 245, 389, 492, 403, 387, 428, 70, 39, 386, 570, 547, 188, 475, 413, 220, 333, 345, 488, 114, 554, 397, 561, 360, 119, 109, 417, 6, 151, 582, 184, 100, 509, 192, 277, 415, 429, 121, 356, 607, 464, 160, 154, 295, 597, 222, 178, 264, 113, 197, 365, 519, 563, 615, 124, 334, 601, 98, 112, 612, 467, 269, 166, 62, 486, 421, 45, 366, 47, 84, 152, 146, 106, 175, 78, 281, 92, 320, 224, 595, 289, 423, 251, 67, 123, 66, 272, 129, 72, 529, 433, 380, 280, 130, 46, 480, 341, 357, 362, 118, 231, 585, 24, 497, 616, 516, 163, 471, 614, 306, 426, 199, 0, 358, 446, 511, 587, 15, 393, 303]
labeling = [624, 183, 449, 23, 421, 377, 444, 10, 343, 279, 83, 245, 194, 263, 298, 577, 123, 164, 22, 326, 131, 171, 354, 180, 614, 33, 227, 365, 224, 345, 215, 359, 381, 174, 84, 375, 437, 252, 51, 523, 151, 241, 336, 292, 88, 553, 558, 578, 110, 342, 424, 146, 30, 344, 149, 128, 190, 487, 471, 361, 237, 216, 547, 312, 302, 28, 599, 575, 136, 357, 521, 372, 601, 367, 451, 92, 319, 507, 585, 20, 24, 72, 393, 49, 580, 193, 314, 410, 280, 486, 173, 307, 587, 104, 332, 380, 179, 296, 563, 318, 539, 473, 175, 59, 2, 463, 583, 138, 316, 529, 325, 186, 541, 470, 531, 401, 333, 184, 613, 538, 1, 545, 383, 597, 562, 493, 129, 209, 62, 582, 608, 311, 126, 202, 125, 454, 439, 442, 235, 97, 206, 324, 130, 460, 247, 116, 534, 275, 403, 309, 456, 540, 581, 490, 500, 352, 145, 148, 158, 153, 550, 413, 208, 592, 415, 295, 572, 19, 78, 117, 222, 242, 67, 166, 118, 566, 478, 218, 522, 232, 5, 346, 66, 44, 474, 335, 156, 259, 516, 101, 446, 197, 436, 293, 274, 122, 369, 518, 34, 615, 39, 32, 195, 98, 40, 441, 236, 169, 63, 282, 114, 147, 356, 9, 362, 57, 200, 240, 458, 385, 528, 233, 537, 389, 591, 327, 56, 455, 419, 61, 254, 609, 452, 265, 75, 303, 315, 304, 368, 349, 504, 448, 58, 163, 48, 515, 407, 370, 331, 350, 494, 595, 249, 143, 272, 285, 511, 322, 86, 26, 187, 189, 41, 297, 556, 229, 139, 513, 230, 570, 35, 152, 588, 74, 269, 113, 291, 508, 284, 199, 606, 586, 214, 154, 464, 68, 488, 373, 161, 593, 321, 425, 398, 299, 27, 552, 416, 29, 162, 251, 121, 353, 468, 621, 469, 203, 602, 239, 55, 46, 392, 176, 132, 258, 483, 36, 414, 90, 286, 337, 589, 100, 308, 305, 3, 509, 479, 433, 391, 489, 347, 412, 188, 530, 564, 89, 438, 60, 54, 445, 37, 549, 112, 390, 119, 527, 111, 418, 320, 95, 165, 201, 426, 271, 411, 64, 546, 611, 594, 405, 536, 14, 573, 402, 96, 555, 576, 76, 257, 461, 234, 277, 124, 25, 127, 15, 491, 270, 13, 207, 590, 255, 70, 467, 492, 409, 498, 510, 108, 404, 102, 246, 310, 596, 266, 420, 167, 535, 447, 212, 499, 185, 300, 466, 141, 453, 502, 168, 328, 366, 150, 137, 52, 526, 317, 544, 11, 505, 355, 120, 397, 532, 360, 569, 205, 226, 622, 7, 519, 524, 93, 329, 338, 604, 387, 157, 364, 140, 21, 50, 53, 6, 459, 330, 159, 276, 612, 443, 178, 408, 91, 220, 223, 435, 462, 65, 16, 82, 351, 213, 417, 109, 477, 47, 548, 198, 386, 568, 42, 253, 290, 551, 211, 371, 423, 480, 191, 313, 273, 440, 610, 465, 182, 172, 378, 294, 574, 323, 503, 268, 12, 115, 517, 250, 340, 18, 501, 560, 73, 475, 8, 422, 144, 363, 427, 388, 485, 260, 177, 520, 196, 571, 278, 457, 170, 506, 618, 160, 288, 557, 79, 472, 221, 281, 134, 339, 85, 142, 248, 603, 287, 99, 431, 210, 428, 45, 379, 133, 77, 399, 484, 69, 135, 376, 267, 38, 0, 496, 481, 192, 219, 4, 334, 262, 533, 432, 231, 204, 283, 94, 106, 512, 243, 559, 81, 225, 394, 495, 430, 155, 525, 482, 107, 264, 238, 71, 228, 382, 261, 103, 434, 374, 542, 80, 384, 598, 348, 623, 497, 17, 289, 31, 306, 358, 301, 514, 450, 554, 400, 429, 181, 565, 105, 341, 406, 87, 396, 476, 217, 256, 244, 43, 567, 395, 620, 561, 616]
convergência = []

===== FIM =====
