===== RESULTADO BRKGA L(2,1) =====
Arquivo: /Users/mateuspedrosa/Documents/TCC-II/BRKGA/data/random/erdos_n326_p0.6.mtx

----- Execução #1 -----
[INFO] Time limit atingido: 15 minutos. Interrompido no meio de uma geração.
Tempo de execução: 900092ms
Span (lambda): 325
best_order = [0, 321, 187, 177, 183, 31, 88, 91, 81, 252, 234, 73, 13, 257, 142, 174, 208, 161, 226, 122, 299, 131, 100, 41, 2, 94, 184, 285, 253, 232, 181, 163, 138, 200, 171, 306, 236, 218, 224, 37, 129, 288, 283, 324, 197, 316, 157, 309, 167, 193, 150, 251, 60, 113, 319, 47, 123, 243, 307, 308, 230, 154, 302, 189, 160, 30, 310, 239, 248, 178, 295, 80, 28, 71, 72, 291, 166, 75, 143, 175, 40, 151, 272, 271, 101, 238, 280, 110, 265, 210, 79, 152, 219, 325, 64, 261, 29, 65, 4, 77, 206, 1, 132, 19, 56, 176, 9, 59, 192, 289, 244, 287, 76, 124, 10, 250, 277, 120, 24, 258, 108, 26, 115, 39, 48, 279, 18, 231, 45, 298, 254, 27, 98, 170, 214, 246, 147, 303, 282, 304, 49, 217, 137, 86, 266, 139, 259, 111, 89, 278, 74, 14, 62, 212, 38, 305, 15, 136, 127, 82, 21, 67, 199, 5, 69, 172, 114, 211, 281, 44, 216, 90, 297, 314, 63, 323, 119, 66, 194, 22, 311, 158, 99, 180, 269, 104, 12, 313, 318, 55, 78, 11, 58, 320, 173, 196, 235, 276, 118, 249, 225, 317, 133, 294, 70, 23, 223, 68, 220, 93, 256, 292, 97, 228, 242, 102, 227, 165, 159, 237, 96, 130, 312, 53, 52, 125, 46, 8, 168, 205, 273, 245, 300, 117, 135, 25, 42, 186, 17, 240, 54, 116, 162, 32, 201, 109, 301, 148, 209, 179, 215, 322, 103, 20, 149, 233, 191, 182, 247, 262, 296, 286, 284, 128, 144, 293, 16, 263, 51, 121, 315, 50, 153, 190, 112, 185, 222, 274, 202, 57, 264, 34, 275, 83, 195, 255, 126, 141, 3, 164, 229, 84, 155, 207, 105, 260, 156, 140, 213, 203, 134, 36, 290, 221, 188, 204, 146, 106, 169, 95, 92, 61, 6, 145, 87, 85, 43, 267, 35, 241, 7, 268, 107, 33, 198, 270]
labeling = [0, 105, 32, 290, 101, 166, 315, 316, 231, 102, 117, 195, 183, 10, 152, 155, 269, 242, 130, 97, 250, 163, 175, 201, 122, 241, 126, 135, 74, 98, 67, 8, 245, 322, 281, 321, 306, 40, 147, 127, 83, 30, 226, 303, 157, 132, 210, 59, 128, 129, 270, 271, 217, 199, 244, 191, 106, 283, 197, 111, 55, 314, 154, 171, 94, 100, 182, 153, 211, 168, 196, 76, 65, 15, 145, 75, 116, 103, 193, 92, 72, 2, 159, 276, 293, 310, 148, 319, 7, 151, 176, 9, 313, 208, 34, 299, 222, 192, 131, 187, 29, 86, 218, 254, 189, 296, 301, 327, 124, 224, 91, 150, 274, 57, 170, 123, 246, 237, 205, 180, 115, 264, 25, 61, 113, 230, 288, 162, 267, 42, 227, 28, 107, 209, 304, 239, 160, 146, 27, 143, 294, 291, 16, 73, 268, 317, 308, 134, 248, 256, 53, 85, 93, 275, 64, 295, 298, 48, 186, 223, 62, 22, 238, 4, 286, 221, 79, 43, 233, 305, 137, 37, 161, 194, 18, 81, 109, 5, 70, 251, 173, 31, 240, 6, 24, 278, 234, 3, 309, 66, 277, 259, 112, 51, 179, 287, 200, 39, 328, 165, 17, 247, 282, 302, 311, 235, 99, 292, 20, 249, 82, 172, 156, 300, 139, 252, 167, 144, 33, 95, 213, 297, 262, 203, 38, 207, 23, 219, 216, 284, 54, 104, 35, 258, 13, 202, 36, 225, 87, 68, 243, 323, 215, 63, 114, 228, 140, 255, 69, 206, 118, 46, 11, 12, 119, 289, 212, 14, 110, 121, 272, 96, 261, 257, 279, 90, 136, 320, 325, 177, 329, 84, 80, 232, 280, 285, 204, 120, 149, 125, 89, 174, 138, 41, 265, 21, 260, 108, 44, 78, 307, 77, 214, 266, 190, 71, 263, 164, 133, 26, 236, 220, 52, 141, 142, 158, 19, 60, 50, 49, 58, 184, 229, 185, 169, 273, 47, 188, 181, 56, 198, 1, 253, 178, 45, 88]
convergência = [325, 325, 325, 325, 325, 325]

===== FIM =====
