===== RESULTADO BRKGA L(2,1) =====
Arquivo: /Users/mateuspedrosa/Documents/TCC-II/BRKGA/data/random/erdos_n503_p0.2.mtx

----- Execução #1 -----
[INFO] Time limit atingido: 15 minutos. Interrompido no meio de uma geração.
Tempo de execução: 900036ms
Span (lambda): 502
best_order = [239, 259, 94, 182, 14, 427, 160, 285, 315, 72, 141, 455, 1, 46, 370, 357, 228, 9, 62, 70, 277, 292, 288, 393, 390, 23, 195, 179, 110, 103, 387, 107, 351, 476, 279, 385, 47, 213, 416, 197, 21, 388, 443, 289, 129, 494, 116, 414, 235, 215, 361, 488, 76, 237, 378, 99, 43, 115, 153, 42, 296, 271, 113, 124, 467, 463, 29, 11, 406, 501, 408, 461, 345, 142, 79, 492, 133, 78, 392, 73, 118, 188, 145, 20, 136, 80, 429, 25, 222, 336, 428, 181, 440, 83, 294, 208, 409, 224, 41, 404, 337, 174, 176, 395, 84, 325, 436, 456, 466, 168, 445, 407, 307, 412, 49, 38, 464, 191, 7, 159, 261, 334, 173, 58, 267, 12, 266, 397, 380, 470, 148, 431, 362, 283, 432, 474, 170, 198, 300, 497, 364, 422, 105, 340, 175, 350, 108, 360, 419, 451, 77, 498, 254, 401, 355, 376, 343, 500, 180, 40, 312, 192, 8, 332, 172, 167, 253, 35, 18, 384, 437, 435, 211, 319, 13, 472, 308, 210, 5, 218, 331, 459, 48, 352, 344, 227, 223, 186, 486, 373, 305, 16, 27, 457, 377, 430, 438, 100, 37, 156, 490, 87, 275, 258, 134, 405, 190, 311, 290, 93, 171, 475, 0, 450, 53, 399, 417, 66, 125, 359, 147, 248, 97, 415, 68, 135, 128, 326, 161, 411, 241, 69, 446, 441, 268, 310, 341, 354, 24, 165, 232, 303, 164, 423, 247, 31, 295, 22, 109, 263, 396, 413, 144, 246, 418, 366, 280, 255, 139, 381, 382, 265, 200, 130, 281, 243, 480, 95, 313, 106, 365, 36, 89, 291, 104, 214, 52, 434, 402, 67, 481, 269, 479, 132, 327, 491, 426, 335, 220, 123, 154, 260, 403, 90, 410, 60, 45, 71, 212, 10, 54, 158, 367, 242, 348, 138, 346, 274, 439, 131, 484, 363, 205, 314, 39, 272, 447, 194, 278, 225, 400, 4, 61, 187, 63, 34, 177, 151, 59, 293, 233, 226, 65, 342, 119, 203, 299, 368, 502, 323, 483, 64, 114, 468, 499, 169, 120, 74, 328, 425, 339, 56, 244, 32, 126, 143, 3, 183, 330, 321, 140, 379, 349, 356, 317, 81, 309, 320, 454, 324, 256, 394, 433, 88, 252, 127, 449, 50, 262, 270, 178, 374, 304, 462, 398, 111, 391, 297, 347, 209, 112, 485, 206, 478, 386, 383, 28, 15, 185, 276, 302, 193, 273, 469, 19, 202, 82, 371, 149, 286, 92, 199, 236, 152, 421, 184, 369, 221, 216, 424, 287, 338, 458, 489, 137, 471, 482, 55, 234, 322, 487, 442, 219, 452, 245, 249, 163, 231, 51, 217, 240, 101, 189, 329, 358, 264, 91, 201, 57, 453, 98, 250, 44, 122, 284, 75, 389, 33, 204, 282, 238, 85, 316, 333, 353, 121, 298, 155, 318, 146, 150, 375, 306, 465, 496, 301, 372, 477, 229, 257, 162, 166, 493, 251, 17, 473, 157, 495, 230, 86, 30, 26, 444, 96, 102, 117, 196, 448, 460, 2, 6, 207, 420]
labeling = [213, 12, 500, 356, 324, 178, 501, 119, 162, 17, 299, 68, 125, 175, 4, 397, 191, 486, 168, 404, 84, 40, 248, 24, 237, 88, 492, 192, 396, 67, 490, 245, 351, 456, 326, 167, 272, 198, 115, 315, 160, 98, 59, 56, 452, 296, 14, 37, 182, 114, 377, 438, 276, 212, 300, 427, 349, 448, 123, 328, 295, 319, 18, 321, 341, 330, 218, 281, 224, 233, 19, 297, 9, 80, 347, 455, 51, 150, 77, 72, 85, 367, 407, 93, 105, 458, 489, 202, 373, 270, 293, 446, 410, 209, 2, 267, 494, 222, 450, 53, 196, 441, 491, 30, 275, 142, 269, 29, 144, 246, 28, 385, 390, 61, 342, 57, 46, 495, 82, 334, 346, 464, 454, 290, 63, 216, 355, 374, 226, 45, 264, 309, 280, 76, 205, 225, 83, 424, 305, 258, 360, 10, 74, 353, 252, 81, 470, 219, 132, 408, 471, 327, 413, 58, 289, 467, 199, 483, 301, 117, 6, 228, 481, 436, 243, 239, 480, 165, 110, 345, 137, 210, 164, 122, 99, 145, 103, 323, 382, 27, 158, 91, 3, 357, 415, 398, 186, 325, 78, 442, 207, 118, 161, 401, 318, 26, 497, 39, 135, 411, 262, 447, 405, 335, 459, 312, 393, 499, 95, 389, 177, 172, 298, 36, 277, 48, 418, 439, 179, 431, 288, 417, 87, 187, 97, 317, 333, 185, 16, 478, 488, 437, 240, 331, 428, 49, 412, 54, 461, 0, 440, 231, 302, 265, 354, 434, 254, 244, 221, 435, 451, 484, 375, 166, 152, 257, 372, 479, 203, 1, 292, 120, 378, 249, 445, 261, 126, 124, 234, 278, 380, 62, 316, 402, 307, 201, 399, 20, 320, 34, 256, 263, 460, 131, 453, 7, 406, 420, 23, 41, 208, 273, 21, 329, 94, 247, 60, 387, 466, 336, 138, 476, 400, 241, 384, 190, 472, 112, 176, 365, 236, 204, 159, 268, 313, 8, 463, 366, 469, 173, 368, 359, 429, 339, 371, 104, 227, 283, 348, 443, 358, 180, 163, 462, 121, 287, 90, 102, 421, 352, 143, 238, 332, 156, 184, 73, 306, 388, 304, 362, 147, 31, 183, 465, 235, 154, 364, 13, 444, 220, 146, 50, 129, 311, 140, 271, 255, 303, 337, 416, 15, 409, 477, 189, 383, 468, 155, 195, 55, 361, 128, 259, 260, 395, 170, 35, 394, 32, 42, 457, 22, 386, 79, 25, 370, 101, 250, 127, 381, 214, 322, 153, 279, 294, 100, 206, 69, 109, 66, 96, 291, 229, 113, 251, 47, 223, 38, 217, 253, 149, 502, 414, 141, 242, 419, 350, 286, 5, 89, 86, 197, 134, 136, 363, 274, 171, 106, 169, 194, 308, 92, 232, 432, 43, 493, 111, 230, 314, 498, 376, 215, 148, 433, 449, 369, 11, 107, 193, 422, 181, 496, 71, 379, 65, 116, 473, 108, 64, 343, 403, 130, 425, 174, 487, 133, 211, 33, 475, 392, 284, 266, 282, 426, 340, 310, 391, 188, 430, 52, 423, 200, 285, 75, 482, 44, 485, 474, 139, 151, 344, 157, 70, 338]
convergência = [502, 502, 502, 502, 502, 502, 502, 502, 502, 502, 502, 502, 502, 502, 502, 502]

===== FIM =====
