===== RESULTADO BRKGA L(2,1) =====
Arquivo: /Users/mateuspedrosa/Documents/TCC-II/BRKGA/data/random/erdos_n222_p0.6.mtx

----- Execução #1 -----
[INFO] Time limit atingido: 15 minutos. Interrompido no meio de uma geração.
Tempo de execução: 900021ms
Span (lambda): 221
best_order = [133, 52, 157, 29, 100, 139, 115, 155, 27, 89, 132, 127, 84, 164, 112, 97, 85, 152, 210, 213, 21, 60, 114, 64, 33, 172, 182, 203, 39, 201, 212, 175, 145, 197, 53, 88, 136, 162, 72, 173, 107, 28, 199, 131, 25, 149, 169, 71, 20, 40, 154, 109, 200, 119, 102, 86, 80, 74, 51, 63, 83, 4, 181, 209, 191, 144, 58, 211, 94, 206, 50, 216, 30, 150, 207, 10, 123, 7, 77, 117, 174, 183, 68, 192, 91, 113, 185, 219, 122, 208, 76, 61, 171, 193, 26, 120, 215, 129, 204, 158, 9, 105, 153, 126, 42, 147, 35, 128, 188, 31, 96, 56, 44, 202, 218, 111, 217, 55, 177, 15, 124, 187, 36, 93, 163, 23, 65, 148, 146, 160, 138, 118, 141, 92, 108, 198, 5, 106, 156, 140, 143, 137, 0, 130, 34, 38, 214, 8, 54, 101, 69, 95, 16, 19, 165, 6, 24, 184, 75, 121, 179, 125, 142, 3, 2, 151, 73, 79, 18, 49, 194, 87, 59, 82, 134, 66, 167, 104, 178, 22, 116, 47, 70, 189, 48, 17, 1, 159, 57, 32, 135, 220, 46, 221, 190, 180, 90, 62, 170, 103, 196, 37, 98, 81, 110, 168, 205, 161, 99, 11, 13, 43, 45, 186, 176, 41, 78, 67, 195, 166, 14, 12]
labeling = [145, 189, 156, 141, 67, 132, 159, 57, 152, 103, 81, 203, 227, 213, 209, 126, 154, 187, 171, 155, 51, 26, 184, 120, 161, 47, 96, 12, 42, 6, 66, 106, 179, 16, 149, 110, 102, 206, 150, 23, 52, 220, 95, 216, 113, 218, 193, 167, 183, 173, 64, 65, 2, 32, 146, 122, 100, 191, 50, 172, 19, 93, 200, 48, 14, 115, 180, 219, 76, 151, 176, 49, 40, 165, 63, 164, 92, 74, 222, 169, 62, 208, 174, 61, 3, 20, 60, 177, 21, 10, 195, 89, 134, 111, 73, 153, 114, 18, 190, 215, 1, 135, 58, 202, 170, 105, 139, 43, 136, 54, 210, 119, 17, 86, 27, 9, 181, 83, 133, 55, 97, 160, 80, 82, 118, 148, 108, 8, 112, 99, 147, 36, 13, 0, 178, 192, 38, 143, 129, 7, 137, 127, 168, 142, 59, 35, 131, 104, 125, 46, 77, 163, 5, 107, 53, 11, 140, 4, 101, 186, 123, 214, 34, 130, 15, 157, 225, 158, 205, 39, 197, 84, 29, 41, 85, 33, 207, 124, 182, 166, 198, 68, 25, 87, 162, 88, 199, 128, 109, 185, 196, 44, 78, 94, 175, 223, 204, 37, 138, 45, 56, 31, 116, 30, 98, 212, 75, 79, 90, 70, 22, 72, 28, 24, 144, 71, 69, 121, 117, 91, 194, 188]
convergência = [221, 221, 221, 221, 221, 221, 221, 221, 221, 221, 221, 221, 221, 221, 221, 221, 221, 221, 221, 221, 221]

===== FIM =====
