===== RESULTADO BRKGA L(2,1) =====
Arquivo: /Users/mateuspedrosa/Documents/TCC-II/BRKGA/data/random/erdos_n994_p0.2.mtx

----- Execução #1 -----
[INFO] Time limit atingido: 15 minutos. Interrompido no meio de uma geração.
Tempo de execução: 900094ms
Span (lambda): 993
best_order = [918, 720, 565, 721, 464, 430, 878, 523, 236, 183, 20, 451, 809, 514, 496, 5, 499, 616, 655, 557, 896, 8, 37, 13, 156, 419, 943, 771, 102, 41, 967, 36, 841, 981, 675, 350, 349, 275, 243, 434, 664, 865, 850, 970, 588, 646, 231, 134, 337, 856, 611, 104, 16, 28, 144, 164, 933, 481, 204, 341, 595, 209, 944, 676, 766, 576, 526, 400, 957, 936, 859, 82, 824, 571, 17, 25, 96, 436, 962, 194, 348, 836, 972, 837, 914, 641, 924, 982, 314, 395, 369, 955, 881, 186, 324, 612, 781, 803, 94, 566, 552, 922, 899, 695, 674, 184, 869, 533, 767, 741, 653, 23, 874, 471, 728, 543, 289, 387, 604, 640, 110, 460, 860, 425, 805, 873, 810, 577, 752, 530, 112, 699, 911, 568, 638, 622, 199, 648, 500, 355, 652, 536, 610, 219, 889, 10, 945, 133, 902, 807, 15, 969, 22, 668, 150, 539, 770, 697, 263, 276, 178, 938, 939, 128, 455, 208, 511, 145, 599, 490, 797, 531, 114, 743, 224, 1, 960, 758, 363, 717, 148, 9, 211, 722, 498, 921, 678, 517, 48, 435, 887, 863, 141, 573, 989, 58, 31, 115, 394, 760, 345, 175, 270, 489, 920, 165, 34, 520, 437, 447, 979, 245, 491, 248, 358, 696, 677, 137, 737, 916, 605, 776, 562, 235, 318, 99, 903, 832, 524, 694, 804, 379, 895, 965, 948, 173, 415, 686, 509, 518, 798, 871, 784, 698, 18, 71, 941, 624, 799, 488, 855, 124, 630, 259, 310, 252, 237, 732, 992, 331, 913, 125, 383, 29, 344, 644, 773, 608, 909, 708, 940, 450, 176, 801, 340, 268, 413, 812, 925, 545, 258, 190, 942, 683, 586, 790, 964, 723, 932, 537, 273, 73, 7, 241, 802, 848, 170, 365, 313, 910, 477, 473, 508, 833, 409, 597, 927, 354, 639, 187, 587, 212, 315, 382, 542, 712, 453, 362, 898, 560, 250, 971, 872, 198, 623, 63, 701, 990, 666, 480, 328, 88, 230, 510, 306, 923, 688, 317, 672, 417, 952, 578, 634, 405, 157, 852, 287, 626, 795, 301, 606, 42, 791, 129, 449, 75, 217, 629, 244, 67, 282, 483, 929, 826, 446, 882, 762, 95, 680, 707, 589, 823, 525, 966, 493, 816, 397, 556, 753, 829, 738, 759, 26, 651, 978, 883, 789, 342, 734, 461, 376, 716, 293, 249, 501, 266, 649, 261, 983, 330, 774, 215, 427, 442, 304, 768, 399, 189, 817, 980, 618, 279, 736, 321, 418, 822, 182, 934, 174, 452, 179, 977, 167, 581, 322, 386, 663, 711, 356, 906, 742, 265, 765, 815, 214, 558, 750, 614, 432, 444, 284, 475, 302, 777, 714, 122, 380, 347, 778, 756, 372, 117, 726, 931, 160, 559, 544, 486, 988, 819, 564, 296, 381, 422, 956, 72, 884, 109, 751, 93, 255, 877, 39, 827, 61, 361, 628, 169, 602, 528, 49, 290, 84, 830, 216, 162, 682, 70, 951, 984, 540, 213, 679, 755, 831, 83, 410, 825, 364, 853, 312, 727, 554, 572, 783, 367, 901, 411, 56, 50, 876, 74, 954, 673, 68, 407, 521, 116, 973, 687, 445, 890, 226, 907, 378, 519, 408, 513, 351, 782, 154, 229, 839, 949, 57, 353, 316, 346, 4, 6, 127, 685, 130, 660, 866, 65, 811, 506, 958, 142, 601, 710, 53, 993, 14, 423, 274, 580, 468, 709, 441, 338, 715, 885, 66, 919, 505, 492, 143, 239, 794, 585, 77, 45, 35, 320, 854, 140, 388, 718, 857, 277, 139, 893, 702, 615, 60, 487, 769, 457, 472, 193, 671, 55, 403, 44, 632, 991, 725, 681, 917, 384, 256, 24, 32, 547, 262, 474, 862, 429, 272, 385, 563, 87, 159, 242, 657, 546, 197, 467, 820, 772, 729, 555, 494, 158, 234, 974, 201, 267, 658, 113, 200, 574, 908, 92, 260, 79, 360, 456, 894, 591, 808, 656, 503, 458, 191, 307, 373, 603, 570, 835, 915, 396, 390, 21, 416, 359, 643, 814, 968, 891, 166, 3, 285, 485, 584, 181, 222, 80, 27, 371, 357, 218, 703, 838, 821, 329, 818, 149, 120, 607, 636, 691, 567, 172, 466, 661, 459, 100, 796, 43, 864, 470, 793, 761, 975, 253, 443, 625, 507, 438, 619, 858, 40, 352, 420, 281, 59, 161, 905, 538, 323, 283, 844, 152, 551, 305, 482, 713, 221, 294, 747, 745, 398, 54, 271, 647, 326, 76, 590, 670, 549, 746, 959, 739, 596, 744, 46, 291, 448, 700, 659, 787, 0, 892, 288, 180, 780, 594, 748, 433, 375, 478, 813, 637, 731, 575, 937, 845, 223, 733, 343, 19, 669, 12, 440, 693, 550, 963, 205, 645, 928, 103, 185, 254, 333, 421, 785, 879, 692, 735, 111, 206, 238, 107, 207, 81, 484, 370, 886, 515, 177, 749, 392, 325, 155, 900, 280, 840, 842, 374, 454, 192, 319, 153, 335, 861, 633, 51, 295, 868, 311, 105, 504, 196, 404, 286, 779, 935, 69, 654, 704, 246, 912, 85, 424, 527, 52, 867, 548, 684, 926, 534, 950, 627, 426, 366, 146, 251, 195, 846, 298, 553, 121, 535, 138, 609, 64, 792, 136, 135, 228, 414, 806, 516, 465, 292, 834, 401, 439, 247, 119, 843, 90, 391, 151, 428, 227, 788, 126, 402, 62, 497, 764, 561, 730, 897, 851, 309, 232, 462, 631, 754, 828, 667, 202, 976, 163, 947, 377, 33, 303, 108, 763, 875, 132, 91, 389, 690, 264, 495, 131, 300, 880, 38, 47, 101, 97, 665, 705, 393, 870, 946, 888, 617, 147, 613, 987, 953, 479, 30, 336, 123, 106, 171, 168, 327, 662, 233, 786, 724, 308, 532, 188, 847, 412, 368, 278, 86, 930, 334, 240, 598, 98, 582, 583, 569, 757, 719, 904, 642, 297, 986, 600, 689, 579, 635, 512, 89, 220, 985, 332, 257, 2, 592, 650, 476, 210, 203, 529, 406, 775, 706, 620, 502, 225, 961, 469, 849, 593, 118, 541, 621, 800, 78, 11, 269, 463, 299, 431, 339, 522, 740]
labeling = [744, 175, 963, 662, 538, 16, 539, 290, 22, 181, 147, 986, 765, 21, 555, 150, 51, 74, 244, 764, 11, 656, 152, 110, 603, 75, 384, 670, 53, 263, 922, 196, 605, 891, 206, 574, 32, 24, 905, 473, 704, 29, 351, 689, 593, 573, 738, 907, 188, 480, 509, 808, 828, 553, 724, 594, 507, 534, 195, 708, 586, 475, 874, 325, 848, 546, 566, 359, 514, 820, 487, 245, 465, 293, 511, 356, 730, 572, 985, 637, 669, 787, 72, 496, 482, 824, 939, 613, 331, 959, 864, 897, 635, 469, 99, 367, 76, 906, 945, 225, 690, 908, 27, 773, 49, 814, 925, 785, 893, 468, 120, 781, 130, 631, 172, 197, 515, 452, 981, 861, 680, 844, 443, 923, 251, 261, 870, 540, 163, 353, 542, 902, 896, 143, 47, 851, 850, 218, 846, 581, 576, 193, 547, 569, 54, 167, 835, 916, 180, 675, 155, 866, 715, 805, 530, 796, 25, 344, 625, 614, 455, 709, 485, 886, 55, 205, 663, 422, 926, 477, 292, 924, 683, 235, 417, 201, 273, 792, 161, 420, 747, 667, 414, 9, 105, 774, 93, 310, 933, 406, 282, 646, 803, 590, 80, 842, 815, 620, 323, 136, 632, 629, 887, 969, 59, 770, 784, 786, 166, 61, 968, 182, 311, 491, 435, 399, 484, 354, 674, 141, 960, 720, 668, 759, 174, 976, 522, 868, 853, 532, 332, 46, 880, 929, 627, 223, 7, 256, 783, 570, 942, 294, 616, 37, 358, 210, 823, 862, 215, 391, 320, 837, 254, 697, 775, 470, 602, 961, 278, 253, 636, 397, 608, 158, 899, 433, 395, 630, 277, 987, 202, 726, 610, 288, 556, 38, 159, 582, 938, 411, 799, 707, 360, 713, 441, 664, 817, 346, 746, 115, 481, 739, 854, 394, 721, 810, 462, 949, 843, 989, 903, 348, 442, 892, 405, 718, 334, 647, 932, 879, 255, 812, 500, 299, 89, 312, 535, 338, 224, 804, 575, 412, 424, 711, 94, 795, 728, 927, 330, 677, 400, 259, 964, 776, 941, 806, 921, 48, 561, 991, 275, 60, 387, 763, 264, 200, 537, 447, 81, 36, 35, 528, 705, 536, 307, 140, 429, 672, 214, 657, 638, 472, 317, 176, 497, 296, 840, 506, 936, 90, 789, 671, 450, 649, 800, 752, 390, 890, 524, 231, 445, 461, 313, 262, 601, 611, 425, 117, 578, 898, 654, 865, 794, 912, 198, 88, 653, 376, 725, 404, 66, 859, 872, 596, 816, 343, 971, 516, 526, 304, 498, 508, 937, 272, 855, 237, 655, 339, 415, 23, 706, 777, 463, 552, 826, 123, 838, 402, 867, 609, 5, 990, 438, 751, 39, 189, 77, 209, 701, 860, 767, 560, 403, 698, 439, 520, 364, 211, 741, 355, 271, 12, 419, 314, 802, 164, 639, 588, 645, 688, 121, 389, 881, 988, 4, 857, 685, 617, 558, 978, 693, 114, 591, 301, 604, 440, 967, 300, 753, 920, 329, 58, 719, 361, 788, 665, 457, 587, 249, 203, 169, 213, 568, 374, 623, 901, 14, 876, 184, 15, 138, 393, 975, 644, 813, 563, 545, 700, 302, 238, 333, 165, 958, 527, 13, 791, 852, 187, 239, 525, 207, 517, 992, 8, 228, 373, 67, 827, 479, 970, 129, 171, 934, 107, 833, 845, 142, 286, 712, 154, 490, 982, 315, 116, 454, 276, 615, 607, 830, 732, 768, 716, 100, 839, 502, 624, 377, 17, 436, 456, 319, 873, 222, 612, 460, 3, 98, 686, 134, 946, 650, 73, 503, 192, 633, 758, 65, 127, 342, 956, 557, 423, 947, 944, 666, 571, 284, 309, 44, 368, 729, 641, 965, 980, 749, 57, 736, 305, 943, 168, 955, 550, 478, 648, 119, 221, 350, 682, 267, 847, 144, 52, 95, 917, 437, 585, 18, 915, 410, 702, 974, 984, 135, 324, 247, 699, 347, 836, 476, 357, 252, 883, 595, 809, 341, 957, 681, 755, 133, 308, 118, 87, 953, 658, 265, 771, 45, 727, 137, 396, 966, 385, 139, 111, 822, 20, 643, 618, 628, 742, 543, 687, 928, 426, 40, 910, 327, 885, 153, 762, 731, 592, 340, 513, 104, 34, 64, 212, 186, 492, 369, 599, 486, 283, 831, 541, 236, 519, 336, 954, 900, 684, 779, 766, 229, 103, 217, 157, 243, 132, 740, 326, 584, 673, 821, 909, 973, 370, 268, 559, 551, 427, 316, 717, 446, 562, 392, 179, 579, 950, 1, 2, 183, 289, 931, 598, 451, 501, 113, 622, 875, 756, 257, 761, 388, 782, 413, 216, 380, 735, 993, 109, 431, 173, 737, 723, 733, 722, 750, 793, 430, 466, 128, 378, 882, 493, 449, 948, 178, 382, 199, 696, 366, 894, 871, 432, 63, 108, 407, 589, 156, 28, 621, 266, 401, 972, 220, 444, 448, 818, 748, 96, 529, 504, 242, 778, 930, 743, 869, 386, 285, 352, 849, 694, 567, 349, 691, 170, 241, 248, 983, 274, 295, 97, 230, 124, 856, 149, 642, 10, 126, 548, 279, 754, 659, 434, 375, 408, 679, 458, 619, 678, 416, 371, 71, 495, 363, 474, 884, 379, 483, 494, 227, 303, 858, 652, 82, 83, 676, 531, 801, 31, 798, 863, 714, 757, 841, 935, 297, 979, 42, 878, 345, 499, 577, 250, 50, 580, 703, 70, 122, 807, 606, 191, 692, 41, 544, 829, 811, 106, 911, 240, 322, 125, 112, 895, 510, 471, 6, 780, 904, 92, 365, 383, 467, 564, 790, 190, 914, 146, 521, 661, 745, 583, 640, 232, 19, 877, 318, 101, 797, 505, 145, 226, 951, 710, 428, 523, 634, 269, 298, 131, 825, 260, 85, 651, 219, 600, 0, 565, 204, 185, 102, 335, 84, 280, 832, 306, 772, 362, 940, 453, 291, 56, 418, 819, 69, 760, 160, 162, 270, 246, 281, 26, 62, 148, 913, 888, 234, 533, 834, 488, 337, 918, 512, 91, 464, 68, 549, 734, 177, 977, 78, 769, 287, 233, 372, 30, 660, 151, 43, 321, 79, 518, 626, 695, 889, 421, 381, 208, 409, 33, 86, 398, 489, 962, 952, 919, 459, 194, 328, 597, 258, 554]
convergência = [993]

===== FIM =====
