===== RESULTADO BRKGA L(2,1) =====
Arquivo: /Users/mateuspedrosa/Documents/TCC-II/BRKGA/data/random/erdos_n354_p0.8.mtx

----- Execução #1 -----
[INFO] Time limit atingido: 15 minutos. Interrompido no meio de uma geração.
Tempo de execução: 900023ms
Span (lambda): 357
best_order = [70, 227, 54, 174, 29, 129, 191, 85, 180, 313, 110, 235, 310, 347, 192, 213, 88, 238, 71, 303, 65, 39, 53, 196, 286, 124, 223, 1, 277, 178, 266, 100, 283, 216, 315, 228, 202, 241, 267, 86, 214, 209, 339, 152, 117, 101, 345, 278, 111, 222, 67, 126, 245, 312, 212, 14, 243, 61, 326, 69, 305, 134, 162, 229, 131, 6, 331, 63, 125, 49, 291, 333, 103, 50, 112, 104, 18, 83, 349, 285, 66, 155, 343, 91, 219, 82, 55, 314, 200, 149, 203, 221, 164, 80, 309, 46, 166, 197, 43, 282, 263, 142, 77, 36, 121, 2, 120, 154, 231, 225, 211, 272, 97, 329, 328, 271, 207, 316, 94, 186, 257, 89, 324, 341, 92, 252, 30, 140, 193, 34, 262, 208, 113, 325, 217, 259, 17, 93, 194, 198, 156, 75, 59, 27, 233, 109, 265, 296, 105, 251, 269, 130, 133, 95, 78, 146, 327, 163, 87, 151, 264, 320, 258, 256, 38, 287, 122, 253, 153, 15, 206, 346, 336, 297, 275, 246, 96, 236, 293, 28, 299, 132, 205, 119, 68, 351, 344, 106, 311, 84, 159, 118, 60, 57, 13, 304, 184, 138, 150, 215, 23, 224, 47, 51, 144, 123, 274, 4, 52, 167, 24, 340, 128, 21, 210, 187, 273, 31, 239, 32, 139, 45, 168, 165, 107, 19, 232, 179, 44, 260, 204, 230, 226, 158, 175, 338, 99, 281, 171, 218, 141, 182, 37, 42, 306, 247, 220, 48, 288, 98, 160, 334, 9, 301, 177, 298, 308, 157, 108, 41, 143, 56, 195, 169, 234, 323, 7, 244, 22, 295, 322, 33, 161, 350, 330, 176, 237, 250, 64, 188, 102, 183, 302, 321, 12, 181, 255, 26, 170, 137, 189, 8, 74, 73, 147, 249, 201, 115, 116, 35, 62, 172, 20, 300, 279, 3, 292, 242, 294, 240, 5, 136, 348, 289, 0, 190, 11, 290, 353, 90, 307, 319, 284, 148, 270, 332, 76, 318, 16, 145, 173, 199, 248, 280, 317, 335, 72, 185, 40, 135, 337, 114, 81, 10, 352, 254, 276, 58, 79, 342, 127, 25, 268, 261]
labeling = [296, 28, 124, 261, 221, 216, 82, 277, 307, 263, 363, 314, 299, 211, 70, 56, 347, 150, 94, 233, 319, 226, 279, 203, 220, 369, 302, 158, 194, 6, 129, 161, 234, 283, 144, 317, 60, 254, 179, 33, 359, 270, 255, 110, 236, 237, 117, 217, 245, 87, 91, 199, 222, 35, 3, 107, 274, 195, 356, 157, 210, 58, 298, 85, 280, 31, 96, 65, 147, 47, 0, 27, 355, 309, 308, 156, 344, 103, 123, 312, 115, 354, 106, 78, 204, 12, 21, 174, 23, 138, 332, 102, 142, 152, 136, 166, 145, 66, 257, 188, 19, 55, 295, 89, 92, 131, 118, 112, 243, 121, 16, 61, 11, 93, 362, 315, 288, 53, 208, 198, 95, 74, 182, 201, 30, 32, 67, 367, 214, 8, 159, 80, 196, 139, 75, 335, 327, 303, 215, 235, 126, 241, 122, 272, 212, 349, 168, 311, 340, 109, 116, 165, 40, 177, 125, 98, 149, 268, 244, 206, 260, 285, 77, 172, 99, 209, 54, 224, 239, 275, 304, 248, 278, 331, 5, 246, 227, 267, 43, 207, 2, 300, 252, 297, 213, 357, 135, 230, 264, 306, 330, 10, 15, 101, 151, 153, 37, 119, 154, 351, 108, 313, 7, 111, 240, 171, 185, 132, 146, 50, 228, 127, 42, 4, 9, 193, 46, 148, 250, 104, 249, 113, 63, 34, 180, 71, 169, 1, 36, 79, 242, 97, 197, 160, 276, 18, 191, 291, 25, 231, 253, 17, 325, 72, 273, 52, 190, 205, 352, 292, 293, 155, 90, 183, 284, 271, 167, 62, 178, 133, 238, 371, 114, 86, 176, 162, 45, 48, 310, 143, 328, 76, 128, 232, 219, 189, 365, 41, 59, 259, 326, 218, 120, 38, 338, 13, 39, 181, 258, 229, 320, 69, 323, 192, 318, 251, 164, 186, 225, 105, 321, 265, 282, 29, 175, 73, 256, 334, 269, 64, 20, 202, 68, 14, 26, 44, 134, 337, 346, 336, 141, 286, 281, 223, 88, 137, 24, 170, 130, 81, 289, 83, 342, 49, 262, 353, 187, 360, 247, 51, 184, 140, 366, 100, 200, 57, 163, 22, 329, 84, 287, 173, 294, 266]
convergência = [357, 357]

===== FIM =====
