===== RESULTADO BRKGA L(2,1) =====
Arquivo: /Users/mateuspedrosa/Documents/TCC-II/BRKGA/data/random/erdos_n648_p0.6.mtx

----- Execução #1 -----
[INFO] Time limit atingido: 15 minutos. Esgotado durante a inicialização da população.
Tempo de execução: 901009ms
Span (lambda): 647
best_order = [586, 282, 419, 310, 321, 297, 478, 514, 542, 268, 305, 343, 320, 51, 351, 430, 611, 451, 306, 24, 604, 208, 219, 521, 311, 550, 449, 39, 250, 519, 222, 60, 325, 333, 7, 28, 587, 420, 647, 410, 624, 108, 314, 113, 630, 553, 196, 37, 6, 238, 57, 543, 646, 249, 516, 66, 114, 571, 170, 545, 277, 429, 396, 565, 120, 14, 143, 102, 584, 359, 202, 613, 10, 529, 242, 352, 639, 182, 137, 337, 107, 246, 231, 406, 205, 322, 179, 408, 151, 121, 200, 154, 256, 390, 518, 275, 79, 387, 453, 302, 169, 338, 474, 568, 267, 204, 490, 281, 398, 164, 112, 149, 345, 374, 80, 78, 181, 62, 280, 146, 187, 138, 569, 557, 464, 315, 554, 240, 71, 512, 153, 594, 628, 245, 380, 601, 499, 603, 402, 482, 172, 42, 40, 596, 546, 125, 485, 355, 290, 3, 223, 498, 507, 389, 207, 483, 105, 68, 158, 500, 418, 292, 180, 41, 460, 44, 237, 74, 442, 218, 0, 8, 422, 447, 195, 50, 300, 581, 152, 167, 203, 264, 25, 456, 194, 466, 575, 317, 605, 214, 457, 76, 32, 35, 147, 279, 131, 476, 404, 198, 462, 556, 535, 283, 101, 104, 434, 618, 612, 33, 488, 273, 241, 329, 226, 189, 274, 354, 251, 233, 475, 428, 38, 608, 199, 117, 508, 356, 272, 235, 216, 640, 127, 183, 431, 454, 614, 426, 346, 261, 368, 463, 376, 547, 99, 291, 298, 328, 173, 348, 609, 77, 335, 30, 263, 201, 599, 130, 412, 515, 225, 22, 266, 270, 625, 370, 55, 106, 509, 191, 492, 254, 471, 496, 559, 213, 555, 119, 344, 598, 538, 552, 260, 72, 19, 247, 435, 610, 118, 288, 224, 525, 243, 244, 371, 15, 357, 253, 174, 631, 576, 360, 178, 517, 633, 34, 634, 90, 513, 148, 145, 12, 461, 486, 444, 645, 578, 9, 97, 606, 230, 416, 341, 617, 505, 65, 126, 641, 527, 377, 316, 135, 156, 480, 423, 623, 93, 400, 29, 98, 122, 332, 441, 259, 472, 262, 165, 73, 312, 16, 544, 388, 448, 532, 524, 91, 299, 401, 177, 632, 229, 269, 573, 353, 491, 252, 510, 385, 123, 455, 139, 533, 520, 339, 572, 585, 221, 489, 391, 349, 378, 327, 367, 570, 564, 363, 635, 175, 309, 58, 331, 495, 365, 45, 184, 326, 591, 124, 319, 4, 440, 432, 393, 276, 399, 558, 150, 593, 17, 234, 11, 136, 358, 190, 13, 530, 619, 81, 465, 493, 566, 239, 469, 88, 592, 141, 144, 188, 210, 364, 602, 92, 548, 212, 220, 511, 185, 307, 549, 383, 83, 186, 197, 638, 301, 583, 161, 271, 211, 626, 157, 36, 381, 257, 622, 590, 375, 540, 293, 228, 362, 176, 551, 100, 405, 484, 577, 595, 128, 318, 232, 366, 452, 49, 534, 458, 413, 265, 487, 304, 217, 627, 502, 481, 588, 171, 160, 562, 445, 436, 574, 52, 615, 206, 384, 607, 67, 286, 395, 386, 48, 497, 155, 600, 438, 303, 531, 459, 82, 621, 372, 597, 46, 209, 294, 409, 140, 134, 439, 1, 373, 61, 494, 637, 142, 636, 2, 53, 64, 539, 336, 473, 414, 643, 450, 295, 350, 75, 560, 116, 26, 589, 111, 192, 56, 5, 379, 425, 537, 289, 20, 340, 287, 43, 392, 21, 31, 168, 70, 323, 382, 94, 227, 620, 361, 96, 285, 411, 59, 54, 407, 427, 563, 110, 215, 506, 27, 347, 501, 528, 284, 415, 503, 162, 324, 63, 479, 561, 255, 433, 616, 470, 424, 23, 47, 642, 629, 129, 644, 236, 248, 95, 342, 313, 369, 580, 166, 397, 163, 87, 132, 582, 103, 109, 477, 536, 193, 417, 504, 258, 523, 567, 115, 443, 278, 334, 89, 394, 85, 133, 467, 18, 468, 446, 421, 330, 437, 541, 526, 69, 308, 522, 86, 296, 159, 579, 403, 84]
labeling = [180, 518, 506, 148, 391, 544, 52, 37, 182, 310, 77, 404, 314, 418, 65, 297, 351, 412, 634, 287, 557, 559, 254, 591, 25, 183, 547, 575, 39, 342, 257, 540, 189, 213, 305, 176, 457, 36, 229, 30, 146, 169, 144, 546, 173, 387, 514, 598, 498, 478, 162, 17, 493, 530, 573, 260, 550, 51, 381, 564, 20, 516, 115, 577, 524, 327, 58, 499, 159, 639, 561, 134, 285, 346, 177, 541, 196, 252, 118, 100, 116, 379, 502, 447, 651, 630, 643, 608, 427, 627, 309, 358, 428, 333, 558, 606, 572, 321, 316, 248, 450, 208, 70, 614, 199, 158, 269, 85, 38, 613, 580, 551, 110, 48, 60, 619, 545, 212, 291, 273, 61, 92, 343, 370, 402, 120, 330, 236, 471, 599, 261, 185, 610, 628, 521, 320, 414, 63, 125, 373, 510, 431, 529, 68, 417, 312, 121, 198, 311, 113, 409, 86, 178, 136, 93, 505, 334, 424, 161, 645, 477, 453, 592, 595, 111, 344, 593, 184, 552, 103, 62, 487, 142, 251, 302, 383, 456, 359, 294, 90, 168, 119, 71, 238, 399, 442, 437, 123, 422, 218, 416, 256, 536, 620, 174, 170, 50, 449, 205, 219, 88, 249, 75, 186, 108, 82, 497, 157, 18, 515, 433, 452, 439, 277, 187, 567, 217, 485, 160, 8, 440, 378, 28, 143, 290, 264, 216, 566, 462, 355, 323, 78, 472, 223, 413, 231, 602, 175, 45, 423, 132, 204, 81, 284, 295, 128, 67, 289, 604, 55, 26, 224, 367, 300, 272, 581, 94, 434, 615, 337, 283, 237, 341, 259, 181, 482, 263, 104, 3, 362, 266, 446, 232, 214, 220, 80, 393, 64, 625, 200, 99, 106, 2, 197, 569, 542, 496, 538, 288, 548, 153, 239, 166, 448, 517, 534, 646, 7, 241, 350, 164, 451, 97, 492, 483, 13, 14, 444, 635, 395, 4, 27, 349, 607, 41, 129, 332, 193, 473, 403, 15, 6, 89, 563, 585, 34, 401, 386, 250, 201, 642, 396, 335, 35, 622, 235, 533, 76, 84, 368, 554, 326, 601, 10, 280, 112, 221, 584, 253, 384, 520, 19, 83, 357, 222, 151, 210, 299, 411, 74, 292, 570, 464, 394, 435, 397, 475, 388, 233, 609, 267, 296, 512, 523, 114, 454, 247, 329, 375, 553, 133, 459, 565, 443, 494, 366, 503, 102, 353, 155, 96, 382, 556, 398, 629, 501, 66, 612, 109, 406, 339, 360, 131, 649, 203, 468, 87, 574, 91, 519, 44, 571, 245, 463, 535, 588, 324, 617, 165, 1, 31, 640, 167, 338, 562, 555, 244, 576, 228, 53, 21, 227, 405, 589, 209, 286, 465, 637, 507, 522, 400, 345, 179, 624, 318, 479, 638, 156, 352, 29, 539, 24, 476, 101, 240, 372, 188, 172, 480, 508, 171, 315, 206, 246, 127, 419, 190, 632, 636, 425, 596, 271, 347, 526, 105, 226, 202, 616, 9, 594, 336, 488, 139, 150, 470, 141, 317, 481, 215, 380, 95, 365, 265, 421, 525, 385, 274, 500, 145, 135, 163, 586, 486, 590, 621, 325, 582, 152, 225, 270, 369, 441, 124, 306, 5, 262, 57, 304, 98, 32, 374, 22, 626, 623, 356, 293, 641, 308, 560, 79, 420, 509, 354, 364, 474, 191, 618, 532, 278, 531, 460, 644, 11, 54, 348, 49, 149, 243, 438, 445, 12, 466, 281, 33, 130, 279, 207, 126, 408, 275, 543, 583, 490, 578, 392, 59, 415, 605, 107, 122, 390, 47, 371, 363, 491, 192, 303, 458, 313, 647, 611, 154, 603, 426, 72, 376, 0, 40, 469, 549, 461, 389, 429, 410, 138, 467, 147, 513, 282, 258, 504, 117, 436, 140, 16, 194, 322, 489, 230, 255, 276, 23, 195, 73, 242, 495, 587, 328, 211, 407, 568, 511, 432, 340, 46, 268, 455, 484, 137, 579, 43, 301, 361, 298, 307, 377, 528, 527, 430, 69, 234, 331, 597, 537, 600, 319, 56, 42]
convergência = []

===== FIM =====
