===== RESULTADO BRKGA L(2,1) =====
Arquivo: /Users/mateuspedrosa/Documents/TCC-II/BRKGA/data/random/erdos_n883_p0.2.mtx

----- Execução #1 -----
[INFO] Time limit atingido: 15 minutos. Interrompido no meio de uma geração.
Tempo de execução: 900095ms
Span (lambda): 882
best_order = [371, 214, 631, 866, 154, 828, 295, 474, 709, 58, 502, 300, 630, 162, 61, 455, 648, 670, 389, 8, 677, 869, 831, 163, 829, 843, 524, 851, 346, 80, 846, 509, 160, 579, 684, 293, 362, 737, 819, 858, 461, 34, 151, 767, 249, 608, 102, 437, 535, 801, 787, 50, 94, 221, 340, 393, 305, 312, 425, 381, 470, 618, 190, 501, 553, 13, 328, 852, 745, 605, 433, 812, 560, 126, 639, 744, 755, 473, 171, 555, 281, 813, 443, 1, 3, 700, 144, 696, 750, 260, 596, 307, 123, 823, 762, 614, 108, 582, 683, 479, 324, 738, 55, 660, 247, 0, 150, 149, 575, 331, 517, 81, 572, 303, 666, 507, 180, 66, 689, 409, 246, 780, 399, 820, 204, 611, 882, 599, 294, 330, 401, 495, 113, 665, 179, 606, 256, 195, 626, 714, 11, 122, 701, 2, 67, 196, 14, 704, 235, 601, 169, 4, 784, 101, 454, 175, 226, 347, 334, 868, 318, 153, 513, 193, 152, 855, 477, 114, 860, 877, 405, 259, 18, 652, 95, 91, 622, 786, 453, 559, 592, 506, 187, 595, 426, 871, 60, 231, 176, 629, 189, 478, 711, 764, 794, 580, 584, 65, 225, 537, 177, 485, 377, 366, 403, 320, 854, 140, 417, 412, 21, 441, 825, 278, 444, 353, 668, 620, 210, 876, 373, 316, 313, 397, 487, 97, 183, 155, 442, 263, 90, 200, 587, 707, 643, 234, 254, 390, 267, 69, 747, 651, 641, 657, 271, 656, 833, 720, 17, 609, 493, 781, 266, 192, 118, 756, 145, 814, 103, 116, 806, 824, 715, 540, 240, 88, 37, 49, 734, 465, 356, 859, 415, 647, 419, 816, 817, 223, 862, 805, 291, 796, 557, 428, 59, 23, 308, 471, 12, 785, 297, 834, 526, 635, 9, 867, 299, 718, 694, 809, 436, 167, 395, 75, 571, 327, 202, 548, 603, 773, 186, 279, 872, 875, 687, 440, 844, 64, 413, 269, 268, 699, 585, 343, 164, 182, 511, 139, 789, 241, 822, 31, 586, 723, 100, 646, 170, 136, 523, 878, 637, 569, 375, 117, 338, 242, 332, 344, 430, 309, 870, 456, 772, 550, 492, 743, 633, 713, 178, 143, 645, 146, 613, 367, 250, 451, 811, 147, 363, 675, 594, 567, 333, 57, 770, 424, 336, 19, 447, 729, 525, 39, 360, 435, 682, 134, 354, 255, 783, 7, 198, 77, 232, 32, 673, 5, 243, 45, 472, 798, 43, 227, 422, 850, 662, 612, 719, 749, 72, 581, 607, 797, 874, 25, 314, 821, 467, 650, 212, 385, 782, 245, 82, 642, 494, 93, 311, 830, 758, 722, 270, 215, 217, 285, 127, 539, 685, 450, 617, 213, 644, 674, 224, 774, 703, 236, 211, 726, 476, 380, 688, 112, 732, 549, 510, 725, 219, 44, 561, 516, 416, 253, 29, 280, 818, 248, 407, 391, 364, 46, 296, 800, 201, 325, 799, 387, 815, 216, 573, 206, 763, 589, 838, 125, 541, 693, 63, 35, 322, 89, 627, 497, 679, 383, 396, 277, 853, 115, 628, 410, 272, 731, 469, 521, 166, 107, 54, 534, 791, 205, 547, 376, 197, 686, 577, 491, 398, 759, 593, 86, 468, 185, 748, 512, 156, 578, 664, 489, 779, 26, 431, 839, 174, 438, 741, 655, 610, 237, 752, 138, 807, 411, 803, 574, 457, 863, 721, 466, 239, 52, 619, 598, 70, 418, 712, 496, 836, 504, 51, 83, 735, 342, 10, 771, 558, 348, 16, 191, 282, 788, 244, 148, 499, 717, 527, 623, 769, 634, 124, 445, 659, 233, 768, 374, 15, 238, 109, 733, 615, 857, 27, 697, 78, 264, 99, 490, 663, 335, 848, 529, 498, 778, 372, 378, 22, 220, 222, 110, 337, 141, 482, 753, 676, 121, 368, 265, 42, 765, 199, 728, 306, 173, 632, 692, 304, 329, 408, 842, 56, 283, 484, 672, 669, 137, 446, 462, 370, 458, 106, 38, 480, 543, 706, 746, 514, 739, 880, 740, 716, 566, 680, 92, 505, 84, 583, 298, 30, 74, 359, 841, 810, 394, 777, 111, 284, 349, 751, 230, 194, 251, 827, 754, 730, 53, 808, 258, 531, 404, 28, 321, 288, 636, 406, 460, 708, 597, 552, 837, 24, 218, 132, 326, 576, 840, 551, 319, 545, 351, 565, 760, 881, 317, 369, 736, 562, 181, 355, 71, 290, 616, 131, 661, 432, 544, 41, 475, 345, 649, 105, 420, 459, 341, 40, 273, 158, 546, 624, 879, 486, 481, 556, 864, 591, 775, 339, 554, 776, 6, 488, 384, 520, 804, 427, 845, 522, 168, 133, 310, 36, 518, 48, 68, 159, 638, 429, 104, 588, 464, 350, 793, 528, 73, 761, 625, 570, 172, 79, 286, 702, 826, 62, 203, 600, 301, 727, 386, 165, 434, 120, 698, 402, 542, 847, 503, 392, 400, 653, 536, 604, 690, 323, 208, 795, 76, 421, 33, 142, 87, 379, 691, 184, 530, 865, 119, 229, 85, 188, 228, 742, 705, 483, 678, 590, 621, 302, 568, 130, 515, 757, 500, 365, 261, 135, 357, 96, 667, 835, 257, 276, 790, 289, 532, 98, 382, 161, 414, 681, 519, 423, 538, 448, 766, 724, 563, 533, 20, 856, 315, 439, 654, 695, 275, 873, 463, 508, 262, 861, 274, 287, 361, 849, 602, 640, 792, 802, 252, 671, 388, 352, 129, 47, 209, 128, 832, 452, 564, 157, 292, 658, 710, 358, 207, 449]
labeling = [104, 84, 142, 85, 153, 395, 737, 390, 20, 294, 562, 140, 288, 65, 146, 583, 566, 248, 172, 377, 845, 211, 604, 284, 688, 414, 529, 590, 678, 463, 657, 331, 393, 795, 42, 488, 748, 266, 638, 381, 722, 714, 616, 401, 454, 397, 469, 868, 750, 267, 51, 560, 549, 674, 506, 102, 628, 373, 10, 285, 185, 15, 771, 486, 318, 198, 116, 144, 751, 240, 552, 707, 408, 761, 655, 301, 794, 391, 593, 766, 29, 111, 422, 557, 653, 804, 519, 798, 265, 490, 231, 175, 650, 424, 53, 174, 824, 227, 832, 594, 334, 150, 46, 258, 753, 719, 636, 503, 95, 586, 606, 659, 451, 133, 167, 497, 259, 343, 254, 803, 780, 610, 141, 92, 577, 481, 73, 434, 870, 871, 816, 709, 690, 746, 386, 822, 338, 633, 539, 326, 206, 608, 796, 359, 83, 256, 360, 367, 571, 108, 106, 40, 164, 161, 4, 228, 525, 877, 724, 752, 32, 834, 13, 23, 325, 776, 501, 302, 745, 151, 336, 78, 765, 623, 533, 156, 188, 200, 358, 134, 114, 703, 327, 224, 801, 521, 310, 182, 807, 190, 62, 567, 253, 163, 670, 137, 145, 510, 389, 618, 230, 471, 306, 770, 124, 509, 478, 876, 790, 873, 219, 446, 418, 439, 1, 429, 477, 433, 689, 458, 605, 54, 607, 277, 442, 197, 155, 400, 806, 805, 668, 187, 392, 582, 235, 148, 445, 537, 585, 548, 264, 329, 344, 396, 570, 421, 118, 105, 466, 44, 364, 667, 865, 461, 236, 387, 136, 827, 675, 171, 89, 821, 855, 229, 592, 614, 252, 239, 321, 319, 431, 245, 499, 723, 859, 851, 828, 496, 216, 311, 462, 80, 568, 629, 663, 432, 767, 858, 681, 830, 708, 280, 879, 35, 127, 7, 470, 290, 656, 296, 11, 773, 814, 113, 624, 57, 621, 91, 286, 349, 747, 426, 56, 221, 412, 848, 222, 701, 160, 694, 205, 680, 487, 791, 101, 473, 691, 307, 66, 626, 129, 109, 347, 372, 158, 597, 376, 609, 345, 733, 52, 720, 561, 323, 346, 717, 28, 157, 565, 665, 758, 698, 869, 213, 385, 706, 270, 823, 882, 658, 382, 856, 37, 368, 468, 820, 203, 363, 612, 702, 637, 0, 602, 220, 584, 342, 512, 202, 603, 797, 449, 59, 833, 491, 739, 419, 775, 475, 867, 18, 238, 467, 784, 55, 661, 303, 494, 223, 514, 122, 785, 130, 779, 204, 677, 170, 682, 465, 627, 121, 500, 541, 209, 317, 835, 273, 459, 208, 554, 274, 718, 793, 402, 838, 374, 58, 184, 743, 283, 755, 348, 530, 712, 69, 778, 383, 300, 47, 534, 847, 315, 212, 226, 82, 210, 579, 634, 378, 839, 878, 437, 365, 874, 178, 154, 17, 351, 543, 639, 721, 684, 41, 635, 854, 757, 269, 547, 416, 520, 504, 60, 287, 398, 77, 8, 715, 448, 165, 191, 100, 641, 730, 611, 812, 630, 201, 729, 225, 738, 527, 595, 517, 354, 251, 425, 131, 555, 492, 600, 572, 818, 63, 9, 783, 558, 652, 179, 117, 853, 31, 455, 324, 523, 162, 643, 817, 460, 110, 749, 837, 740, 505, 744, 337, 26, 380, 291, 575, 760, 599, 800, 676, 831, 844, 508, 48, 787, 199, 840, 435, 263, 483, 781, 640, 713, 696, 725, 511, 304, 453, 353, 695, 686, 64, 735, 79, 731, 282, 564, 180, 72, 457, 705, 842, 875, 699, 649, 371, 815, 341, 764, 305, 112, 479, 544, 107, 693, 515, 524, 34, 195, 409, 97, 654, 196, 322, 332, 232, 756, 482, 811, 734, 181, 518, 369, 183, 90, 685, 551, 128, 772, 149, 861, 308, 788, 70, 135, 410, 45, 249, 532, 125, 403, 362, 96, 588, 710, 438, 61, 550, 217, 813, 176, 576, 726, 763, 138, 489, 498, 189, 12, 2, 619, 356, 578, 293, 679, 339, 754, 74, 862, 243, 423, 234, 440, 361, 335, 272, 16, 716, 417, 241, 173, 786, 849, 536, 244, 242, 880, 580, 103, 711, 406, 596, 526, 132, 115, 826, 215, 632, 14, 866, 631, 394, 441, 370, 615, 19, 809, 493, 651, 836, 384, 98, 33, 436, 513, 314, 450, 119, 789, 799, 622, 485, 298, 850, 87, 591, 777, 320, 86, 143, 768, 444, 147, 810, 642, 233, 683, 6, 881, 192, 553, 357, 139, 262, 648, 573, 297, 405, 247, 546, 427, 333, 843, 456, 447, 774, 620, 379, 673, 502, 452, 587, 268, 559, 704, 36, 99, 645, 647, 535, 808, 355, 75, 67, 644, 237, 522, 407, 88, 666, 538, 613, 672, 76, 255, 819, 430, 516, 697, 762, 94, 480, 194, 617, 841, 43, 581, 574, 375, 563, 352, 309, 443, 728, 736, 664, 601, 528, 120, 250, 420, 388, 152, 289, 177, 49, 569, 328, 829, 507, 864, 759, 193, 792, 281, 411, 399, 474, 472, 50, 863, 542, 741, 279, 260, 540, 669, 299, 662, 366, 71, 81, 257, 476, 275, 276, 464, 38, 123, 415, 330, 93, 261, 214, 769, 671, 5, 24, 428, 22, 872, 246, 292, 825, 556, 687, 484, 531, 692, 660, 625, 25, 316, 742, 30, 782, 598, 860, 404, 27, 68, 495, 207, 166, 846, 589, 39, 271, 168, 857, 278, 545, 732, 802, 3, 295, 159, 21, 350, 186, 312, 852, 413, 313, 218, 169, 340, 727, 646, 700, 126]
convergência = [882, 882]

===== FIM =====
