===== RESULTADO BRKGA L(2,1) =====
Arquivo: /Users/mateuspedrosa/Documents/TCC-II/BRKGA/data/random/erdos_n322_p0.2.mtx

----- Execução #1 -----
[INFO] Time limit atingido: 15 minutos. Interrompido no meio de uma geração.
Tempo de execução: 900012ms
Span (lambda): 321
best_order = [150, 12, 291, 266, 90, 37, 91, 52, 247, 20, 274, 13, 88, 67, 66, 100, 310, 181, 313, 97, 205, 285, 30, 284, 263, 286, 261, 148, 36, 74, 185, 167, 17, 256, 18, 251, 318, 300, 162, 283, 84, 111, 182, 31, 124, 14, 108, 129, 161, 93, 179, 41, 178, 135, 85, 277, 227, 8, 199, 175, 73, 141, 58, 264, 94, 190, 61, 184, 170, 187, 5, 120, 203, 235, 282, 186, 288, 241, 229, 237, 304, 38, 140, 89, 159, 99, 69, 299, 192, 128, 195, 92, 265, 1, 321, 301, 6, 75, 62, 25, 200, 273, 133, 180, 193, 151, 137, 208, 102, 269, 104, 134, 9, 55, 281, 172, 57, 238, 28, 27, 231, 272, 112, 7, 101, 254, 127, 44, 196, 201, 80, 188, 15, 110, 54, 47, 147, 53, 212, 296, 107, 221, 202, 260, 139, 125, 220, 303, 71, 3, 252, 191, 156, 51, 240, 60, 45, 105, 197, 207, 214, 306, 117, 246, 257, 29, 194, 39, 163, 198, 289, 70, 267, 213, 215, 26, 307, 293, 146, 76, 239, 145, 56, 276, 290, 164, 225, 294, 165, 116, 82, 86, 292, 224, 311, 280, 4, 123, 11, 83, 255, 2, 302, 232, 242, 10, 245, 314, 262, 216, 234, 35, 309, 32, 103, 160, 87, 218, 206, 275, 142, 268, 23, 109, 223, 230, 217, 249, 106, 209, 46, 155, 114, 43, 298, 96, 113, 98, 144, 259, 122, 168, 119, 278, 271, 169, 153, 132, 226, 222, 49, 316, 126, 177, 77, 317, 233, 176, 95, 270, 171, 315, 183, 279, 211, 136, 287, 64, 78, 174, 258, 166, 219, 63, 40, 149, 24, 158, 0, 121, 173, 319, 118, 33, 236, 243, 248, 68, 228, 250, 50, 210, 244, 131, 42, 16, 305, 189, 297, 21, 143, 157, 295, 59, 154, 204, 320, 22, 138, 253, 308, 65, 312, 152, 48, 130, 19, 72, 115, 79, 34, 81]
labeling = [280, 93, 201, 150, 196, 70, 96, 123, 57, 112, 205, 198, 1, 11, 45, 133, 295, 33, 31, 317, 9, 296, 306, 223, 276, 99, 175, 119, 118, 166, 23, 43, 212, 283, 321, 213, 28, 5, 81, 167, 272, 49, 294, 234, 128, 156, 230, 136, 311, 250, 291, 153, 7, 137, 130, 113, 182, 115, 62, 303, 155, 67, 98, 275, 268, 312, 14, 12, 288, 85, 171, 148, 318, 60, 29, 97, 179, 256, 267, 319, 131, 320, 191, 199, 41, 55, 190, 217, 13, 84, 4, 6, 92, 47, 64, 255, 235, 18, 237, 83, 15, 124, 109, 215, 108, 158, 229, 140, 46, 225, 134, 38, 122, 236, 232, 315, 189, 162, 281, 242, 71, 277, 240, 197, 44, 146, 252, 126, 90, 48, 316, 293, 247, 103, 110, 53, 265, 106, 308, 144, 82, 61, 220, 301, 238, 181, 176, 135, 27, 274, 0, 104, 314, 243, 304, 231, 152, 298, 278, 86, 214, 50, 39, 168, 186, 188, 271, 32, 241, 245, 68, 260, 116, 279, 269, 59, 258, 254, 51, 52, 102, 17, 42, 262, 69, 30, 75, 66, 132, 299, 65, 151, 88, 105, 165, 89, 127, 157, 169, 58, 100, 129, 142, 72, 305, 21, 218, 159, 107, 228, 290, 264, 138, 172, 160, 174, 206, 227, 216, 273, 145, 141, 249, 226, 192, 185, 248, 56, 287, 78, 222, 120, 203, 257, 211, 73, 284, 79, 117, 180, 154, 77, 204, 285, 292, 207, 164, 8, 286, 224, 289, 35, 149, 309, 125, 200, 34, 163, 270, 239, 143, 26, 210, 25, 63, 91, 3, 173, 221, 111, 259, 246, 121, 101, 10, 219, 183, 54, 244, 263, 195, 114, 74, 40, 22, 20, 24, 266, 76, 170, 184, 2, 193, 178, 187, 302, 139, 300, 233, 87, 37, 95, 202, 147, 80, 297, 161, 177, 310, 208, 16, 194, 313, 19, 209, 261, 251, 253, 36, 282, 307, 94]
convergência = [321, 321, 321, 321, 321, 321, 321, 321, 321, 321, 321, 321, 321, 321, 321, 321, 321, 321, 321, 321, 321, 321, 321, 321, 321, 321, 321, 321, 321, 321, 321, 321, 321, 321, 321, 321, 321, 321, 321, 321, 321, 321, 321, 321, 321, 321, 321, 321, 321, 321, 321, 321, 321, 321, 321, 321, 321, 321, 321, 321, 321, 321, 321, 321, 321]

===== FIM =====
