===== RESULTADO BRKGA L(2,1) =====
Arquivo: /Users/mateuspedrosa/Documents/TCC-II/BRKGA/data/random/erdos_n759_p0.2.mtx

----- Execução #1 -----
[INFO] Time limit atingido: 15 minutos. Interrompido no meio de uma geração.
Tempo de execução: 900198ms
Span (lambda): 758
best_order = [292, 219, 86, 560, 598, 55, 102, 749, 651, 514, 291, 314, 261, 110, 186, 552, 373, 450, 245, 127, 539, 115, 163, 507, 572, 195, 677, 356, 510, 99, 544, 634, 420, 636, 537, 130, 77, 153, 569, 672, 147, 145, 605, 558, 727, 673, 81, 61, 194, 393, 493, 744, 483, 49, 286, 523, 169, 419, 275, 13, 590, 198, 412, 36, 240, 728, 396, 26, 37, 378, 282, 205, 652, 88, 277, 441, 695, 574, 120, 623, 457, 230, 468, 107, 316, 236, 46, 170, 602, 308, 710, 480, 260, 119, 582, 67, 255, 202, 247, 335, 561, 435, 168, 705, 85, 44, 276, 66, 631, 663, 660, 570, 604, 233, 56, 589, 559, 679, 90, 29, 748, 317, 254, 584, 563, 345, 8, 184, 336, 533, 471, 1, 643, 640, 474, 167, 323, 28, 360, 290, 701, 451, 723, 212, 210, 227, 752, 709, 304, 668, 613, 580, 189, 529, 14, 417, 93, 206, 658, 217, 69, 190, 257, 117, 361, 309, 575, 246, 256, 204, 306, 699, 428, 149, 414, 692, 140, 530, 330, 2, 38, 429, 564, 437, 387, 166, 747, 271, 80, 592, 363, 341, 372, 482, 716, 617, 654, 562, 380, 524, 635, 106, 497, 129, 53, 355, 678, 65, 614, 421, 629, 415, 700, 711, 114, 72, 180, 284, 554, 305, 94, 156, 522, 11, 222, 126, 3, 121, 18, 104, 731, 504, 173, 688, 750, 201, 183, 332, 322, 7, 253, 250, 136, 463, 175, 565, 704, 740, 737, 155, 646, 406, 383, 24, 199, 624, 220, 490, 536, 586, 557, 6, 703, 215, 410, 682, 664, 131, 535, 531, 161, 436, 98, 712, 358, 234, 538, 550, 39, 19, 581, 583, 111, 264, 209, 84, 353, 742, 211, 381, 656, 697, 611, 352, 599, 488, 458, 615, 34, 64, 370, 83, 143, 95, 717, 97, 625, 347, 638, 495, 684, 48, 647, 288, 434, 521, 743, 279, 43, 225, 274, 391, 174, 364, 32, 375, 395, 193, 702, 476, 320, 745, 622, 177, 657, 128, 89, 746, 303, 721, 272, 398, 714, 509, 526, 720, 732, 641, 461, 171, 753, 669, 228, 449, 401, 724, 223, 418, 667, 541, 160, 197, 258, 741, 600, 503, 713, 595, 207, 644, 447, 534, 47, 45, 440, 407, 148, 399, 666, 473, 455, 20, 124, 333, 329, 730, 138, 268, 689, 311, 176, 293, 626, 283, 578, 78, 280, 431, 527, 221, 297, 224, 485, 553, 51, 628, 642, 612, 27, 133, 82, 340, 489, 464, 576, 162, 357, 609, 231, 75, 627, 408, 200, 475, 33, 74, 103, 653, 239, 491, 518, 481, 593, 376, 150, 146, 729, 555, 606, 313, 249, 543, 325, 287, 295, 319, 229, 241, 528, 235, 467, 76, 368, 519, 144, 208, 187, 57, 754, 413, 269, 132, 479, 515, 371, 492, 262, 386, 122, 238, 374, 508, 726, 181, 690, 707, 725, 359, 70, 722, 5, 661, 477, 179, 686, 285, 513, 645, 585, 587, 403, 123, 405, 158, 349, 751, 63, 568, 21, 520, 50, 17, 655, 73, 30, 577, 409, 512, 318, 402, 367, 662, 142, 683, 734, 185, 379, 416, 337, 281, 192, 755, 671, 691, 444, 157, 659, 556, 621, 517, 266, 404, 125, 302, 597, 164, 603, 549, 369, 251, 718, 432, 232, 23, 350, 685, 112, 71, 499, 315, 385, 545, 139, 639, 100, 637, 478, 41, 218, 9, 354, 424, 511, 87, 52, 758, 327, 213, 299, 259, 484, 96, 62, 16, 470, 331, 25, 708, 346, 411, 188, 425, 216, 525, 267, 494, 446, 243, 591, 300, 442, 339, 394, 196, 739, 516, 498, 542, 426, 487, 567, 650, 607, 681, 630, 248, 294, 301, 35, 616, 40, 134, 0, 154, 571, 135, 92, 366, 392, 307, 4, 735, 263, 289, 226, 694, 15, 382, 321, 270, 384, 715, 453, 706, 334, 159, 594, 348, 452, 326, 116, 649, 12, 620, 312, 460, 165, 465, 388, 696, 618, 68, 108, 310, 151, 278, 676, 532, 397, 438, 324, 342, 687, 377, 443, 469, 242, 422, 501, 430, 573, 601, 462, 237, 506, 390, 91, 152, 137, 610, 244, 648, 105, 178, 665, 505, 698, 343, 674, 214, 736, 738, 252, 22, 588, 733, 757, 433, 619, 31, 118, 58, 502, 182, 486, 548, 101, 79, 113, 141, 500, 579, 546, 400, 719, 59, 547, 693, 670, 351, 172, 632, 445, 273, 466, 54, 389, 109, 448, 633, 566, 191, 680, 427, 496, 296, 10, 265, 454, 756, 60, 344, 675, 608, 42, 365, 456, 472, 328, 362, 338, 551, 423, 439, 540, 298, 459, 203, 596]
labeling = [613, 130, 179, 226, 620, 481, 261, 239, 126, 560, 736, 223, 641, 59, 155, 624, 571, 502, 230, 280, 382, 498, 693, 543, 254, 576, 67, 408, 137, 119, 505, 696, 323, 423, 300, 607, 63, 68, 180, 277, 611, 557, 744, 320, 103, 373, 86, 372, 311, 53, 500, 404, 564, 202, 725, 6, 114, 457, 703, 715, 739, 46, 574, 494, 296, 207, 107, 96, 651, 160, 478, 547, 216, 503, 426, 421, 453, 36, 395, 707, 188, 47, 410, 299, 285, 106, 2, 563, 72, 335, 118, 676, 617, 158, 220, 303, 572, 305, 271, 30, 556, 706, 5, 425, 229, 683, 203, 83, 652, 727, 14, 283, 546, 708, 213, 21, 640, 163, 698, 93, 78, 228, 466, 491, 381, 532, 225, 19, 336, 205, 34, 266, 461, 409, 609, 615, 242, 678, 387, 552, 176, 709, 512, 301, 454, 40, 435, 41, 376, 173, 434, 654, 677, 38, 612, 250, 221, 525, 495, 635, 360, 272, 415, 22, 536, 645, 185, 135, 102, 56, 87, 349, 720, 233, 322, 245, 390, 333, 684, 483, 215, 473, 704, 236, 127, 517, 12, 456, 580, 152, 161, 731, 521, 328, 48, 25, 594, 361, 62, 253, 424, 235, 97, 758, 167, 73, 154, 368, 455, 284, 144, 288, 142, 565, 689, 262, 582, 159, 558, 1, 255, 400, 224, 356, 399, 316, 625, 145, 353, 446, 82, 419, 542, 113, 275, 450, 85, 673, 468, 428, 65, 448, 666, 589, 680, 18, 169, 98, 605, 440, 241, 535, 692, 240, 122, 95, 165, 162, 362, 569, 92, 13, 467, 622, 282, 737, 530, 586, 386, 459, 630, 187, 338, 723, 318, 58, 105, 74, 655, 319, 396, 519, 71, 394, 217, 485, 54, 441, 315, 623, 139, 10, 0, 391, 606, 443, 734, 401, 755, 568, 590, 608, 534, 339, 148, 219, 170, 618, 89, 166, 653, 389, 644, 439, 11, 549, 84, 121, 507, 445, 330, 628, 238, 136, 659, 444, 638, 567, 748, 384, 178, 575, 237, 383, 634, 99, 128, 516, 750, 592, 411, 191, 661, 685, 741, 125, 578, 307, 639, 492, 544, 719, 293, 286, 559, 206, 26, 416, 274, 474, 138, 164, 749, 190, 324, 745, 616, 511, 452, 540, 302, 464, 192, 16, 470, 325, 433, 662, 69, 518, 196, 290, 626, 252, 632, 550, 469, 184, 648, 726, 675, 321, 619, 49, 587, 326, 64, 658, 342, 377, 714, 354, 509, 490, 531, 493, 249, 375, 422, 506, 264, 579, 60, 460, 175, 211, 514, 157, 357, 57, 29, 209, 667, 752, 562, 581, 598, 732, 172, 181, 668, 397, 541, 699, 312, 101, 269, 183, 660, 753, 374, 75, 591, 664, 524, 722, 588, 370, 729, 352, 17, 141, 636, 629, 738, 380, 747, 79, 297, 756, 646, 348, 672, 243, 414, 647, 724, 451, 81, 665, 573, 131, 746, 379, 134, 418, 329, 482, 555, 462, 91, 430, 193, 52, 570, 402, 700, 599, 294, 412, 258, 429, 465, 50, 583, 310, 735, 200, 597, 548, 710, 669, 702, 364, 232, 686, 674, 23, 471, 343, 28, 561, 508, 487, 8, 463, 595, 529, 431, 449, 499, 314, 222, 55, 199, 584, 344, 398, 447, 153, 177, 270, 657, 129, 371, 268, 257, 35, 276, 20, 754, 359, 596, 442, 31, 551, 712, 717, 705, 539, 278, 751, 15, 403, 218, 437, 527, 260, 44, 116, 4, 100, 194, 124, 182, 244, 730, 600, 497, 37, 111, 614, 24, 670, 76, 168, 413, 504, 393, 711, 151, 279, 94, 281, 123, 486, 259, 489, 694, 115, 61, 585, 189, 432, 637, 366, 757, 533, 3, 295, 365, 671, 88, 538, 112, 42, 438, 602, 743, 417, 679, 291, 406, 150, 208, 298, 610, 197, 650, 701, 643, 528, 332, 80, 256, 306, 392, 420, 405, 210, 603, 108, 721, 728, 32, 201, 33, 553, 308, 554, 133, 347, 407, 132, 369, 488, 251, 313, 681, 642, 601, 9, 70, 427, 198, 501, 289, 334, 156, 526, 110, 479, 510, 109, 267, 682, 378, 358, 149, 351, 718, 523, 39, 43, 688, 742, 656, 27, 204, 117, 733, 604, 265, 513, 309, 545, 484, 663, 234, 388, 475, 522, 174, 716, 627, 77, 649, 292, 687, 171, 212, 140, 327, 263, 246, 104, 631, 476, 577, 147, 90, 214, 273, 367, 341, 633, 195, 304, 537, 713, 345, 340, 480, 143, 355, 477, 472, 45, 66, 436, 385, 231, 346, 695, 515, 621, 690, 248, 691, 593, 247, 363, 287, 317, 51, 331, 337, 186, 120, 7, 227, 496, 146, 350, 458, 520, 740, 697, 566]
convergência = [758, 758, 758]

===== FIM =====
