===== RESULTADO BRKGA L(2,1) =====
Arquivo: /Users/mateuspedrosa/Documents/TCC-II/BRKGA/data/random/erdos_n803_p0.4.mtx

----- Execução #1 -----
[INFO] Time limit atingido: 15 minutos. Esgotado durante a inicialização da população.
Tempo de execução: 900882ms
Span (lambda): 802
best_order = [52, 507, 249, 10, 525, 471, 59, 659, 637, 431, 385, 772, 120, 493, 686, 591, 722, 466, 165, 102, 502, 247, 158, 139, 150, 341, 617, 18, 271, 27, 675, 225, 9, 398, 325, 488, 785, 258, 635, 178, 588, 246, 164, 55, 227, 54, 638, 734, 566, 205, 615, 129, 677, 797, 767, 614, 47, 648, 300, 579, 108, 681, 415, 335, 269, 48, 740, 558, 575, 584, 688, 496, 145, 792, 626, 411, 301, 193, 721, 169, 473, 796, 621, 794, 798, 331, 625, 667, 14, 532, 708, 744, 78, 616, 141, 266, 476, 173, 259, 400, 494, 480, 77, 436, 367, 174, 733, 453, 573, 303, 67, 309, 328, 40, 719, 754, 85, 81, 353, 255, 372, 36, 554, 28, 714, 110, 17, 368, 354, 58, 713, 676, 208, 304, 239, 425, 231, 61, 161, 694, 199, 350, 595, 147, 737, 771, 42, 643, 390, 131, 399, 695, 778, 699, 788, 417, 176, 319, 241, 541, 98, 732, 57, 387, 126, 245, 306, 486, 31, 211, 499, 24, 244, 758, 74, 299, 445, 468, 50, 735, 64, 146, 557, 749, 166, 26, 549, 394, 598, 389, 39, 470, 276, 632, 88, 618, 283, 403, 634, 456, 114, 484, 523, 650, 687, 160, 240, 802, 539, 707, 257, 0, 572, 311, 770, 405, 800, 581, 565, 410, 143, 345, 226, 742, 209, 730, 757, 23, 68, 342, 586, 703, 374, 641, 670, 136, 201, 706, 408, 371, 419, 464, 577, 787, 652, 404, 5, 87, 263, 580, 116, 37, 416, 520, 443, 458, 628, 490, 407, 89, 587, 379, 382, 344, 660, 238, 451, 242, 444, 479, 527, 747, 357, 793, 475, 529, 185, 414, 324, 275, 282, 501, 318, 292, 188, 32, 200, 592, 583, 104, 607, 429, 465, 252, 153, 90, 533, 170, 4, 212, 206, 690, 461, 426, 585, 664, 489, 711, 678, 597, 789, 756, 333, 669, 284, 487, 401, 274, 46, 184, 45, 66, 138, 764, 477, 673, 745, 106, 298, 307, 189, 569, 728, 236, 627, 286, 123, 492, 293, 656, 741, 347, 38, 622, 334, 338, 339, 537, 773, 191, 183, 424, 207, 640, 593, 524, 561, 392, 248, 642, 550, 636, 602, 531, 768, 653, 427, 34, 22, 619, 497, 746, 322, 180, 738, 691, 623, 316, 578, 442, 179, 228, 402, 726, 84, 33, 63, 149, 765, 718, 545, 340, 222, 137, 704, 130, 774, 256, 346, 323, 440, 509, 272, 481, 712, 521, 294, 724, 790, 395, 655, 182, 351, 413, 359, 365, 762, 564, 547, 599, 291, 297, 438, 2, 646, 668, 528, 190, 759, 128, 674, 784, 478, 159, 603, 125, 268, 82, 631, 267, 198, 144, 202, 460, 423, 571, 781, 362, 500, 544, 215, 96, 498, 727, 352, 716, 753, 409, 99, 273, 574, 672, 397, 356, 162, 455, 472, 606, 343, 253, 94, 151, 280, 314, 86, 450, 463, 540, 515, 752, 1, 243, 739, 446, 154, 135, 155, 441, 647, 310, 8, 326, 337, 600, 187, 535, 112, 553, 462, 171, 30, 786, 217, 117, 447, 296, 782, 391, 775, 582, 698, 29, 421, 736, 482, 594, 396, 717, 469, 590, 702, 62, 508, 696, 548, 433, 448, 751, 381, 53, 731, 330, 725, 250, 679, 624, 361, 701, 377, 697, 369, 639, 485, 270, 264, 348, 563, 69, 83, 7, 111, 44, 589, 799, 512, 196, 132, 289, 100, 315, 194, 80, 505, 113, 693, 750, 452, 723, 516, 133, 506, 435, 576, 567, 630, 783, 651, 560, 308, 406, 140, 288, 513, 6, 118, 568, 364, 232, 682, 609, 534, 434, 213, 313, 109, 412, 495, 629, 373, 177, 601, 157, 546, 168, 21, 514, 93, 20, 167, 449, 235, 633, 671, 611, 510, 148, 375, 620, 237, 290, 376, 279, 41, 777, 214, 134, 755, 332, 522, 105, 336, 92, 210, 261, 705, 97, 776, 295, 542, 657, 254, 556, 156, 363, 172, 366, 760, 65, 278, 530, 517, 72, 265, 233, 418, 370, 327, 454, 103, 220, 457, 729, 19, 474, 115, 285, 393, 795, 122, 439, 124, 329, 459, 192, 665, 780, 317, 644, 666, 355, 384, 79, 107, 218, 604, 305, 386, 25, 35, 281, 76, 277, 142, 612, 127, 700, 223, 262, 658, 710, 175, 536, 422, 73, 748, 380, 197, 420, 360, 95, 302, 49, 70, 661, 163, 684, 519, 680, 43, 3, 221, 230, 559, 260, 51, 216, 608, 101, 251, 613, 779, 720, 60, 437, 645, 224, 349, 538, 791, 504, 234, 491, 287, 358, 570, 195, 503, 555, 663, 432, 320, 321, 91, 430, 543, 181, 654, 12, 467, 743, 312, 562, 766, 56, 16, 511, 526, 203, 518, 15, 75, 715, 219, 709, 13, 769, 388, 378, 649, 428, 692, 229, 662, 552, 685, 763, 483, 71, 383, 119, 761, 551, 152, 683, 204, 186, 610, 121, 596, 689, 605, 11, 801]
labeling = [212, 480, 420, 719, 294, 242, 584, 544, 491, 37, 5, 801, 763, 769, 89, 772, 756, 127, 27, 662, 602, 605, 369, 229, 161, 677, 186, 31, 122, 510, 495, 170, 282, 388, 365, 688, 121, 255, 342, 190, 114, 617, 147, 720, 552, 317, 320, 56, 67, 710, 179, 726, 0, 529, 46, 43, 765, 165, 130, 1, 734, 138, 522, 382, 181, 647, 319, 112, 226, 546, 713, 777, 652, 704, 176, 771, 691, 102, 92, 682, 561, 117, 437, 548, 380, 115, 477, 247, 193, 259, 296, 749, 634, 606, 472, 708, 451, 638, 162, 457, 558, 727, 21, 659, 289, 632, 327, 683, 63, 593, 126, 550, 499, 562, 200, 663, 253, 505, 585, 791, 13, 795, 668, 336, 670, 436, 167, 696, 431, 50, 396, 153, 556, 570, 619, 487, 232, 394, 323, 22, 581, 96, 693, 221, 442, 74, 182, 144, 615, 387, 25, 474, 796, 297, 486, 483, 642, 596, 23, 427, 207, 140, 466, 715, 42, 12, 175, 609, 604, 79, 299, 501, 645, 98, 105, 702, 156, 600, 40, 376, 370, 759, 412, 350, 321, 277, 798, 496, 276, 331, 429, 346, 674, 77, 560, 748, 553, 707, 441, 139, 286, 237, 444, 770, 786, 49, 292, 352, 134, 224, 636, 172, 300, 591, 621, 449, 723, 503, 685, 774, 661, 717, 391, 692, 736, 35, 222, 44, 385, 783, 722, 136, 587, 653, 742, 610, 330, 620, 265, 135, 203, 159, 268, 481, 169, 164, 36, 20, 359, 3, 536, 729, 295, 470, 631, 118, 395, 210, 28, 99, 724, 637, 698, 249, 545, 649, 95, 439, 435, 66, 542, 29, 399, 460, 318, 283, 194, 689, 648, 625, 469, 690, 284, 197, 314, 665, 334, 743, 582, 557, 622, 418, 285, 339, 407, 640, 509, 423, 328, 173, 60, 75, 711, 111, 133, 684, 166, 329, 578, 106, 489, 215, 754, 594, 476, 559, 379, 678, 280, 158, 753, 741, 374, 400, 281, 32, 490, 656, 108, 672, 533, 82, 627, 312, 343, 59, 623, 492, 345, 347, 389, 26, 231, 468, 254, 220, 398, 341, 547, 738, 137, 414, 453, 119, 124, 681, 464, 273, 744, 413, 709, 535, 448, 643, 586, 411, 644, 104, 129, 532, 654, 239, 120, 598, 230, 616, 624, 540, 780, 264, 701, 525, 263, 779, 679, 10, 686, 157, 778, 188, 151, 511, 355, 667, 185, 410, 516, 462, 38, 142, 100, 316, 386, 196, 240, 218, 579, 261, 238, 455, 219, 69, 595, 416, 279, 64, 256, 155, 655, 241, 706, 506, 699, 445, 351, 128, 301, 360, 781, 290, 755, 11, 752, 526, 592, 571, 103, 735, 424, 669, 402, 485, 383, 252, 270, 177, 484, 507, 527, 608, 471, 267, 567, 109, 657, 463, 199, 658, 248, 671, 443, 303, 493, 473, 243, 293, 19, 760, 178, 519, 192, 6, 467, 81, 664, 271, 97, 324, 434, 269, 101, 403, 515, 790, 201, 543, 168, 315, 39, 307, 250, 739, 338, 15, 93, 597, 72, 371, 452, 174, 450, 278, 18, 745, 737, 563, 569, 2, 521, 404, 614, 767, 555, 583, 607, 478, 568, 651, 758, 716, 258, 405, 630, 202, 356, 7, 768, 257, 428, 275, 650, 366, 87, 298, 590, 497, 703, 348, 731, 209, 475, 160, 635, 757, 447, 384, 603, 419, 524, 187, 361, 794, 784, 498, 123, 747, 641, 183, 62, 721, 577, 358, 762, 549, 417, 216, 47, 574, 580, 332, 746, 440, 213, 110, 459, 68, 573, 244, 381, 61, 251, 214, 504, 288, 70, 304, 233, 262, 41, 551, 520, 17, 287, 353, 514, 143, 797, 309, 189, 421, 494, 601, 364, 432, 687, 802, 465, 291, 725, 589, 788, 613, 695, 730, 55, 51, 94, 24, 195, 368, 618, 80, 344, 377, 538, 88, 76, 335, 260, 599, 575, 438, 191, 612, 198, 30, 362, 4, 48, 541, 354, 234, 357, 149, 680, 733, 425, 488, 58, 775, 204, 576, 245, 367, 761, 406, 340, 639, 700, 9, 266, 712, 785, 750, 305, 676, 675, 84, 426, 313, 235, 611, 461, 325, 433, 33, 132, 52, 306, 530, 718, 57, 588, 793, 714, 787, 14, 206, 71, 800, 302, 375, 782, 564, 141, 152, 523, 537, 512, 150, 697, 539, 517, 228, 393, 633, 236, 205, 90, 773, 694, 308, 401, 131, 125, 766, 456, 518, 392, 116, 732, 78, 16, 565, 408, 534, 378, 454, 333, 660, 225, 531, 163, 107, 45, 180, 513, 145, 372, 482, 65, 337, 223, 751, 91, 326, 373, 272, 705, 184, 566, 528, 479, 458, 113, 628, 311, 227, 171, 430, 646, 792, 415, 789, 322, 390, 764, 54, 363, 776, 217, 146, 8, 349, 397, 502, 629, 626, 148, 728, 673, 446, 508, 572, 422, 34, 500, 246, 154, 310, 409, 740, 73, 274, 85, 666, 83, 53, 86, 554, 211, 803, 208]
convergência = []

===== FIM =====
