===== RESULTADO BRKGA L(2,1) =====
Arquivo: /Users/mateuspedrosa/Documents/TCC-II/BRKGA/data/random/erdos_n220_p0.6.mtx

----- Execução #1 -----
[INFO] Time limit atingido: 15 minutos. Interrompido no meio de uma geração.
Tempo de execução: 900026ms
Span (lambda): 219
best_order = [105, 77, 214, 190, 206, 110, 146, 50, 193, 216, 17, 103, 24, 106, 98, 144, 122, 14, 16, 143, 7, 71, 149, 88, 213, 102, 166, 70, 162, 54, 154, 100, 164, 182, 142, 82, 75, 83, 138, 141, 123, 189, 62, 211, 45, 28, 97, 208, 121, 186, 145, 202, 174, 171, 194, 169, 95, 170, 99, 91, 201, 27, 22, 64, 94, 217, 39, 132, 177, 72, 33, 0, 38, 197, 209, 163, 20, 90, 192, 5, 203, 135, 57, 51, 78, 48, 60, 47, 151, 29, 212, 124, 168, 215, 19, 195, 136, 1, 35, 116, 181, 80, 36, 165, 11, 25, 218, 93, 104, 172, 150, 31, 185, 3, 184, 115, 156, 86, 66, 96, 41, 167, 12, 84, 67, 160, 140, 55, 219, 173, 79, 113, 118, 108, 176, 200, 52, 130, 101, 44, 157, 109, 131, 204, 183, 69, 32, 58, 128, 46, 59, 127, 205, 81, 187, 18, 9, 210, 126, 153, 8, 147, 125, 56, 129, 207, 43, 139, 92, 188, 107, 65, 137, 61, 191, 23, 148, 178, 21, 30, 74, 89, 114, 40, 196, 117, 49, 85, 42, 63, 73, 152, 15, 119, 10, 120, 26, 179, 155, 37, 111, 4, 199, 76, 112, 6, 175, 13, 159, 161, 198, 133, 180, 53, 68, 134, 87, 158, 34, 2]
labeling = [78, 91, 205, 120, 202, 83, 207, 25, 161, 159, 195, 106, 126, 210, 20, 196, 14, 15, 144, 98, 77, 180, 64, 173, 17, 82, 197, 62, 47, 89, 179, 117, 149, 76, 208, 93, 104, 198, 75, 71, 188, 109, 193, 170, 127, 46, 154, 90, 88, 171, 11, 86, 139, 217, 32, 132, 165, 85, 151, 152, 87, 176, 38, 187, 66, 169, 107, 123, 219, 129, 30, 7, 63, 194, 182, 36, 204, 2, 70, 133, 103, 140, 37, 39, 116, 190, 121, 218, 27, 184, 72, 57, 164, 110, 68, 58, 111, 42, 19, 59, 31, 135, 12, 3, 112, 0, 5, 174, 118, 145, 8, 200, 206, 134, 186, 105, 102, 191, 136, 181, 185, 51, 23, 41, 96, 163, 142, 155, 153, 167, 141, 146, 73, 215, 221, 79, 95, 175, 40, 172, 130, 22, 34, 18, 21, 52, 9, 160, 162, 24, 115, 92, 192, 158, 29, 183, 113, 143, 222, 201, 128, 212, 26, 80, 33, 101, 16, 124, 97, 50, 60, 48, 114, 125, 56, 209, 137, 74, 177, 199, 216, 99, 35, 147, 122, 119, 44, 156, 166, 43, 6, 178, 81, 10, 53, 100, 189, 65, 214, 203, 138, 61, 54, 67, 148, 157, 1, 168, 49, 55, 150, 45, 94, 28, 4, 84, 13, 69, 108, 131]
convergência = [219, 219, 219, 219, 219, 219, 219, 219, 219, 219, 219, 219, 219, 219, 219, 219, 219, 219, 219, 219, 219, 219]

===== FIM =====
