===== RESULTADO BRKGA L(2,1) =====
Arquivo: /Users/mateuspedrosa/Documents/TCC-II/BRKGA/data/random/erdos_n314_p0.2.mtx

----- Execução #1 -----
[INFO] Time limit atingido: 15 minutos. Interrompido no meio de uma geração.
Tempo de execução: 900006ms
Span (lambda): 313
best_order = [9, 303, 219, 260, 101, 18, 312, 175, 282, 238, 258, 37, 22, 206, 171, 283, 306, 59, 141, 244, 299, 29, 267, 21, 241, 119, 186, 128, 189, 67, 194, 117, 195, 210, 158, 256, 97, 145, 162, 62, 268, 115, 246, 242, 4, 104, 184, 5, 167, 23, 140, 192, 197, 266, 251, 177, 71, 7, 14, 235, 275, 146, 302, 289, 257, 92, 43, 157, 164, 30, 173, 310, 169, 129, 138, 165, 243, 40, 250, 133, 216, 39, 2, 33, 237, 259, 17, 139, 296, 240, 57, 76, 292, 64, 35, 28, 183, 233, 264, 80, 293, 82, 127, 84, 3, 143, 307, 150, 152, 58, 65, 148, 74, 236, 111, 305, 44, 249, 182, 95, 125, 272, 309, 308, 16, 96, 126, 230, 50, 209, 102, 121, 261, 118, 304, 284, 211, 298, 26, 287, 270, 193, 106, 137, 156, 159, 114, 166, 135, 87, 47, 254, 132, 295, 75, 6, 253, 191, 220, 248, 94, 19, 79, 68, 218, 155, 245, 198, 168, 32, 53, 153, 225, 27, 185, 170, 42, 61, 280, 215, 73, 51, 91, 199, 38, 144, 262, 45, 120, 228, 297, 1, 147, 98, 69, 93, 181, 252, 311, 276, 149, 89, 108, 300, 11, 214, 200, 107, 60, 222, 63, 234, 25, 112, 231, 201, 154, 70, 187, 202, 134, 294, 66, 160, 55, 180, 46, 265, 163, 273, 131, 41, 207, 278, 301, 161, 8, 77, 229, 203, 100, 291, 255, 277, 78, 85, 34, 217, 109, 190, 174, 221, 269, 24, 72, 196, 90, 279, 49, 212, 281, 205, 290, 36, 130, 288, 48, 15, 142, 274, 86, 213, 226, 224, 103, 10, 204, 232, 88, 12, 54, 188, 178, 176, 124, 286, 223, 247, 0, 313, 263, 136, 113, 227, 123, 208, 31, 81, 116, 151, 122, 56, 172, 239, 105, 20, 99, 13, 285, 271, 83, 179, 52, 110]
labeling = [289, 192, 83, 104, 44, 47, 155, 58, 236, 0, 275, 203, 273, 308, 60, 266, 125, 85, 5, 162, 305, 23, 12, 50, 254, 207, 138, 173, 95, 21, 70, 296, 169, 82, 245, 94, 264, 11, 184, 81, 73, 231, 177, 65, 116, 186, 226, 150, 267, 258, 124, 181, 312, 170, 280, 225, 301, 90, 111, 17, 210, 176, 39, 209, 93, 108, 223, 29, 161, 195, 217, 56, 256, 180, 112, 154, 91, 237, 244, 163, 100, 297, 103, 310, 99, 246, 270, 149, 279, 198, 255, 182, 66, 194, 160, 119, 127, 37, 193, 306, 240, 4, 130, 276, 45, 304, 143, 208, 202, 248, 313, 114, 213, 293, 146, 42, 298, 32, 133, 25, 188, 131, 300, 294, 284, 121, 128, 101, 27, 74, 263, 230, 152, 79, 221, 148, 292, 145, 75, 87, 51, 18, 268, 105, 185, 35, 61, 191, 110, 201, 107, 299, 109, 171, 216, 165, 142, 67, 33, 144, 224, 235, 38, 228, 68, 77, 147, 48, 168, 72, 175, 14, 302, 69, 250, 7, 283, 55, 282, 311, 222, 197, 117, 96, 46, 174, 26, 219, 281, 28, 249, 157, 49, 141, 31, 30, 253, 52, 167, 183, 206, 215, 220, 239, 277, 261, 13, 232, 295, 129, 34, 136, 259, 271, 205, 179, 80, 247, 164, 2, 159, 251, 211, 287, 274, 172, 272, 291, 189, 238, 126, 214, 278, 97, 212, 57, 113, 84, 9, 303, 89, 24, 43, 76, 19, 166, 41, 288, 158, 118, 78, 53, 199, 156, 151, 243, 36, 64, 10, 86, 3, 132, 187, 290, 98, 227, 54, 22, 40, 252, 140, 309, 120, 229, 269, 59, 196, 242, 233, 257, 178, 260, 8, 15, 135, 307, 286, 139, 265, 63, 262, 241, 92, 102, 218, 153, 88, 190, 137, 20, 204, 234, 62, 1, 134, 115, 16, 106, 122, 123, 71, 200, 6, 285]
convergência = [313, 313, 313, 313, 313, 313, 313, 313, 313, 313, 313, 313, 313, 313, 313, 313, 313, 313, 313, 313, 313, 313, 313, 313, 313, 313, 313, 313, 313, 313, 313, 313, 313, 313, 313, 313, 313, 313, 313, 313, 313, 313, 313, 313, 313, 313, 313, 313, 313, 313, 313, 313, 313, 313, 313, 313, 313, 313, 313, 313, 313, 313, 313, 313, 313, 313, 313, 313, 313]

===== FIM =====
