===== RESULTADO BRKGA L(2,1) =====
Arquivo: /Users/mateuspedrosa/Documents/TCC-II/BRKGA/data/random/erdos_n387_p0.4.mtx

----- Execução #1 -----
[INFO] Time limit atingido: 15 minutos. Interrompido no meio de uma geração.
Tempo de execução: 900014ms
Span (lambda): 386
best_order = [242, 204, 175, 147, 3, 157, 255, 360, 258, 218, 325, 114, 250, 229, 180, 8, 35, 39, 219, 24, 22, 344, 167, 246, 329, 77, 80, 12, 366, 156, 96, 328, 292, 28, 311, 117, 239, 281, 45, 62, 361, 76, 140, 373, 129, 313, 44, 79, 136, 294, 251, 116, 254, 56, 243, 265, 49, 127, 259, 230, 115, 334, 163, 221, 355, 186, 182, 318, 266, 234, 374, 19, 118, 343, 92, 2, 85, 126, 71, 170, 213, 208, 202, 160, 188, 135, 119, 33, 227, 262, 295, 78, 273, 94, 59, 132, 192, 141, 231, 138, 200, 68, 143, 214, 375, 69, 144, 222, 293, 99, 40, 370, 145, 65, 197, 5, 274, 305, 240, 312, 302, 248, 307, 217, 285, 38, 349, 16, 97, 282, 191, 364, 151, 142, 46, 263, 7, 61, 287, 270, 244, 286, 23, 106, 171, 291, 359, 235, 173, 233, 88, 319, 109, 335, 357, 203, 25, 52, 21, 261, 125, 245, 95, 269, 362, 386, 314, 306, 131, 168, 177, 161, 327, 324, 308, 199, 207, 41, 51, 83, 54, 10, 332, 238, 376, 333, 340, 303, 30, 67, 317, 146, 225, 322, 271, 301, 166, 84, 347, 365, 110, 385, 148, 183, 158, 256, 89, 32, 17, 331, 378, 60, 212, 15, 36, 284, 247, 363, 113, 64, 384, 58, 162, 111, 276, 296, 81, 264, 277, 336, 320, 272, 193, 215, 53, 87, 74, 11, 104, 354, 82, 300, 368, 196, 72, 288, 150, 338, 356, 31, 137, 105, 178, 121, 198, 73, 352, 6, 159, 345, 102, 371, 20, 26, 18, 101, 34, 257, 310, 346, 223, 55, 122, 275, 279, 184, 124, 179, 290, 100, 382, 93, 70, 134, 48, 372, 194, 297, 304, 201, 181, 268, 66, 326, 75, 299, 252, 9, 206, 232, 237, 383, 351, 128, 267, 123, 152, 341, 226, 348, 381, 42, 98, 241, 4, 187, 176, 236, 185, 63, 323, 90, 14, 139, 289, 103, 91, 210, 367, 216, 149, 342, 37, 47, 190, 112, 0, 278, 155, 120, 350, 153, 369, 380, 330, 253, 189, 377, 130, 164, 169, 13, 107, 316, 224, 339, 283, 1, 50, 205, 379, 86, 358, 337, 211, 165, 174, 315, 228, 260, 29, 249, 133, 172, 209, 220, 309, 154, 321, 27, 298, 280, 195, 108, 57, 353, 43]
labeling = [336, 356, 73, 3, 316, 116, 257, 136, 16, 299, 182, 238, 30, 353, 323, 214, 128, 207, 262, 70, 264, 156, 22, 139, 17, 161, 266, 374, 35, 375, 188, 251, 208, 89, 269, 18, 216, 331, 115, 12, 108, 178, 311, 384, 44, 39, 134, 333, 284, 53, 358, 180, 148, 233, 181, 272, 55, 376, 223, 98, 212, 138, 38, 320, 221, 114, 292, 189, 97, 107, 282, 78, 245, 250, 237, 295, 42, 19, 90, 47, 25, 220, 240, 174, 198, 75, 363, 236, 154, 205, 317, 329, 76, 285, 96, 165, 23, 129, 312, 110, 281, 267, 261, 327, 239, 253, 144, 354, 385, 157, 202, 224, 335, 215, 9, 60, 52, 36, 72, 86, 339, 256, 273, 306, 274, 150, 77, 57, 303, 45, 343, 168, 99, 370, 276, 82, 49, 248, 88, 325, 43, 101, 133, 104, 103, 112, 193, 4, 201, 328, 243, 131, 307, 342, 380, 338, 29, 6, 203, 252, 85, 171, 222, 62, 350, 362, 196, 21, 170, 352, 79, 141, 368, 151, 364, 2, 318, 169, 255, 278, 15, 291, 63, 204, 277, 315, 67, 313, 87, 347, 334, 130, 92, 232, 287, 383, 244, 113, 254, 177, 102, 290, 83, 159, 1, 359, 296, 179, 80, 377, 326, 367, 211, 81, 95, 234, 324, 125, 10, 20, 378, 64, 109, 271, 355, 190, 309, 91, 371, 14, 59, 100, 294, 152, 69, 149, 319, 301, 184, 37, 120, 314, 0, 51, 137, 160, 26, 217, 122, 366, 13, 50, 298, 345, 54, 8, 206, 270, 7, 58, 373, 163, 84, 135, 227, 56, 65, 304, 289, 164, 142, 194, 231, 94, 117, 275, 226, 228, 337, 265, 382, 34, 127, 351, 213, 126, 143, 140, 246, 322, 279, 145, 27, 106, 48, 93, 225, 286, 381, 297, 241, 195, 121, 187, 288, 118, 167, 123, 175, 372, 268, 32, 119, 46, 158, 369, 349, 191, 68, 155, 229, 379, 192, 321, 173, 11, 293, 172, 33, 28, 346, 209, 176, 183, 61, 146, 230, 360, 247, 357, 186, 308, 332, 74, 24, 259, 260, 200, 305, 124, 340, 302, 258, 387, 235, 66, 249, 153, 365, 147, 5, 41, 166, 219, 132, 197, 31, 330, 242, 344, 111, 263, 280, 40, 71, 105, 185, 348, 210, 361, 341, 310, 283, 300, 218, 199, 162]
convergência = [386, 386, 386, 386, 386, 386, 386, 386]

===== FIM =====
