===== RESULTADO BRKGA L(2,1) =====
Arquivo: /Users/mateuspedrosa/Documents/TCC-II/BRKGA/data/random/erdos_n492_p0.4.mtx

----- Execução #1 -----
[INFO] Time limit atingido: 15 minutos. Interrompido no meio de uma geração.
Tempo de execução: 900084ms
Span (lambda): 491
best_order = [484, 56, 24, 100, 154, 418, 83, 103, 231, 342, 232, 306, 376, 314, 354, 215, 45, 194, 31, 106, 331, 242, 450, 138, 61, 168, 332, 123, 22, 388, 228, 447, 186, 440, 225, 410, 9, 467, 243, 60, 46, 343, 234, 274, 349, 319, 361, 379, 25, 67, 477, 452, 302, 58, 360, 189, 465, 44, 482, 431, 478, 351, 259, 307, 389, 238, 299, 163, 181, 113, 245, 253, 122, 472, 386, 78, 81, 359, 329, 441, 330, 250, 446, 260, 137, 84, 151, 268, 390, 12, 149, 34, 207, 485, 385, 311, 278, 201, 13, 184, 443, 41, 415, 442, 76, 328, 368, 316, 421, 427, 350, 288, 218, 169, 69, 104, 2, 26, 177, 229, 230, 59, 358, 374, 136, 18, 345, 200, 86, 226, 33, 191, 101, 42, 91, 107, 128, 454, 430, 19, 35, 486, 270, 216, 55, 308, 371, 295, 133, 279, 108, 51, 73, 462, 367, 340, 102, 272, 28, 490, 38, 247, 126, 185, 468, 197, 476, 47, 325, 156, 23, 428, 66, 130, 179, 32, 413, 14, 445, 153, 74, 425, 276, 271, 491, 256, 317, 322, 62, 312, 49, 363, 290, 348, 7, 366, 114, 258, 162, 466, 70, 165, 224, 175, 273, 251, 396, 158, 384, 480, 190, 383, 267, 335, 420, 118, 112, 77, 461, 54, 233, 139, 115, 134, 178, 305, 394, 166, 236, 320, 487, 489, 140, 37, 402, 145, 249, 172, 52, 474, 97, 213, 301, 109, 483, 222, 282, 460, 208, 5, 294, 362, 411, 324, 3, 475, 407, 291, 155, 152, 286, 347, 408, 72, 63, 94, 470, 266, 117, 20, 391, 87, 161, 455, 423, 68, 456, 424, 303, 404, 387, 457, 93, 99, 15, 16, 176, 96, 6, 406, 372, 221, 341, 300, 29, 399, 382, 237, 195, 414, 36, 304, 167, 426, 129, 429, 110, 89, 71, 193, 315, 57, 98, 265, 148, 119, 422, 378, 352, 448, 183, 283, 416, 144, 473, 48, 82, 53, 75, 287, 435, 392, 227, 432, 409, 182, 439, 373, 309, 327, 296, 21, 125, 370, 173, 275, 321, 171, 206, 323, 39, 262, 255, 297, 375, 397, 252, 1, 43, 170, 40, 310, 239, 254, 235, 395, 334, 326, 433, 0, 333, 199, 131, 64, 417, 356, 434, 355, 357, 337, 488, 210, 336, 85, 419, 339, 463, 369, 164, 401, 240, 30, 479, 209, 458, 451, 4, 127, 292, 220, 444, 246, 80, 124, 180, 188, 121, 449, 174, 313, 11, 437, 205, 257, 289, 285, 142, 453, 160, 65, 204, 17, 346, 214, 192, 143, 147, 393, 92, 381, 120, 344, 79, 436, 261, 377, 277, 202, 365, 217, 318, 150, 141, 219, 8, 263, 400, 90, 380, 405, 298, 464, 132, 88, 281, 284, 398, 248, 198, 459, 353, 269, 212, 438, 223, 135, 412, 105, 116, 244, 95, 10, 471, 241, 403, 469, 280, 293, 203, 157, 27, 481, 187, 211, 111, 159, 338, 50, 146, 264, 364, 196]
labeling = [370, 358, 116, 249, 396, 250, 286, 196, 446, 37, 473, 411, 88, 96, 177, 279, 287, 418, 126, 141, 270, 341, 29, 168, 3, 52, 117, 478, 159, 296, 391, 8, 174, 129, 91, 136, 301, 232, 158, 351, 360, 102, 133, 359, 46, 14, 41, 167, 327, 193, 487, 149, 238, 329, 219, 142, 1, 313, 54, 123, 39, 23, 191, 264, 371, 420, 172, 53, 276, 115, 202, 308, 263, 153, 181, 331, 106, 214, 70, 433, 405, 77, 328, 4, 83, 387, 122, 272, 455, 306, 445, 134, 430, 283, 265, 468, 288, 240, 309, 285, 2, 132, 156, 9, 114, 463, 24, 135, 152, 243, 307, 485, 212, 71, 187, 222, 469, 268, 218, 316, 429, 402, 74, 28, 404, 342, 161, 398, 137, 302, 173, 373, 447, 148, 224, 466, 120, 81, 18, 221, 233, 441, 414, 425, 326, 236, 489, 426, 314, 90, 439, 85, 261, 180, 5, 259, 170, 480, 210, 486, 419, 273, 200, 68, 384, 204, 225, 303, 12, 113, 361, 347, 237, 344, 406, 199, 281, 119, 226, 175, 407, 69, 335, 315, 99, 163, 26, 483, 399, 59, 211, 131, 421, 310, 10, 298, 491, 165, 459, 374, 127, 94, 436, 479, 422, 412, 348, 92, 246, 386, 383, 482, 464, 241, 423, 22, 144, 440, 112, 444, 401, 292, 247, 465, 206, 31, 130, 332, 32, 118, 121, 11, 15, 216, 36, 366, 229, 299, 62, 365, 392, 475, 21, 40, 471, 73, 403, 162, 458, 235, 82, 209, 356, 67, 362, 354, 188, 413, 198, 63, 86, 435, 353, 443, 490, 311, 267, 215, 87, 462, 140, 184, 157, 208, 44, 345, 183, 437, 98, 150, 470, 451, 244, 323, 456, 417, 262, 330, 111, 415, 194, 260, 400, 477, 252, 146, 337, 349, 449, 65, 291, 242, 43, 278, 295, 227, 17, 64, 145, 339, 363, 97, 192, 409, 19, 312, 110, 179, 442, 47, 223, 346, 190, 350, 251, 169, 367, 340, 103, 78, 72, 25, 27, 372, 368, 217, 385, 376, 484, 382, 155, 294, 13, 42, 431, 128, 424, 255, 185, 45, 109, 58, 317, 453, 20, 379, 377, 381, 124, 79, 57, 48, 254, 195, 488, 438, 189, 151, 108, 380, 343, 147, 289, 338, 125, 352, 6, 434, 319, 50, 450, 432, 293, 213, 205, 95, 76, 282, 30, 66, 89, 269, 322, 428, 228, 357, 203, 355, 457, 297, 448, 390, 234, 474, 280, 452, 290, 258, 253, 334, 35, 256, 467, 176, 300, 104, 325, 375, 7, 388, 197, 105, 318, 271, 275, 182, 305, 107, 171, 304, 138, 61, 333, 369, 364, 324, 427, 410, 461, 336, 34, 80, 101, 100, 397, 178, 84, 33, 321, 408, 16, 393, 49, 416, 139, 274, 277, 284, 395, 460, 248, 220, 154, 389, 454, 51, 201, 38, 164, 476, 266, 472, 75, 320, 239, 257, 166, 55, 56, 394, 207, 481, 60, 245, 0, 93, 143, 230, 378, 231, 160, 186]
convergência = [491, 491, 491]

===== FIM =====
