===== RESULTADO BRKGA L(2,1) =====
Arquivo: /Users/mateuspedrosa/Documents/TCC-II/BRKGA/data/random/erdos_n799_p0.6.mtx

----- Execução #1 -----
[INFO] Time limit atingido: 15 minutos. Esgotado durante a inicialização da população.
Tempo de execução: 900841ms
Span (lambda): 798
best_order = [538, 780, 127, 22, 598, 382, 776, 39, 577, 364, 512, 568, 325, 387, 293, 77, 476, 29, 736, 186, 509, 730, 723, 274, 46, 754, 217, 228, 242, 640, 315, 546, 773, 711, 348, 5, 561, 290, 603, 715, 287, 340, 126, 446, 221, 661, 630, 354, 11, 188, 240, 407, 70, 246, 555, 64, 545, 291, 176, 418, 399, 429, 413, 82, 383, 135, 38, 300, 735, 44, 539, 147, 297, 374, 185, 760, 733, 179, 682, 148, 768, 294, 358, 579, 680, 621, 311, 51, 787, 193, 534, 139, 391, 80, 394, 218, 481, 670, 608, 459, 471, 55, 789, 145, 595, 408, 499, 677, 792, 371, 316, 289, 702, 261, 489, 146, 494, 79, 368, 178, 31, 537, 414, 182, 166, 571, 282, 578, 140, 131, 662, 15, 763, 180, 793, 647, 213, 596, 706, 404, 285, 112, 726, 346, 149, 744, 62, 528, 470, 184, 748, 332, 272, 738, 104, 503, 21, 741, 645, 229, 375, 395, 257, 329, 141, 366, 90, 136, 265, 431, 643, 658, 648, 275, 75, 666, 210, 436, 58, 206, 119, 400, 30, 164, 267, 52, 181, 790, 114, 642, 207, 173, 731, 556, 260, 73, 767, 543, 560, 43, 194, 61, 771, 450, 363, 590, 500, 327, 154, 517, 781, 40, 609, 649, 583, 484, 152, 251, 570, 426, 720, 306, 655, 795, 202, 710, 378, 100, 588, 584, 365, 310, 279, 412, 212, 591, 721, 742, 25, 89, 695, 615, 132, 129, 169, 496, 635, 548, 472, 454, 713, 727, 360, 629, 463, 752, 313, 435, 151, 757, 549, 605, 161, 778, 697, 19, 130, 312, 83, 694, 740, 531, 551, 96, 575, 445, 162, 562, 440, 236, 3, 417, 636, 627, 411, 573, 278, 422, 415, 357, 703, 222, 401, 475, 133, 339, 507, 673, 461, 764, 362, 93, 698, 36, 380, 108, 425, 525, 330, 634, 770, 160, 477, 430, 663, 386, 106, 488, 172, 456, 709, 416, 438, 567, 353, 582, 678, 683, 521, 585, 751, 406, 355, 190, 338, 174, 572, 791, 388, 737, 334, 664, 544, 9, 483, 175, 259, 214, 95, 675, 10, 270, 637, 443, 381, 409, 524, 227, 532, 302, 249, 26, 676, 1, 107, 434, 783, 153, 687, 373, 47, 85, 699, 597, 724, 448, 273, 540, 696, 765, 345, 33, 336, 547, 704, 101, 308, 553, 441, 0, 74, 109, 102, 705, 305, 497, 467, 775, 352, 541, 158, 150, 379, 204, 796, 607, 248, 211, 343, 243, 453, 474, 49, 393, 638, 165, 626, 491, 717, 60, 115, 651, 372, 447, 606, 23, 631, 266, 514, 756, 506, 599, 187, 68, 788, 574, 17, 644, 105, 392, 245, 389, 247, 557, 492, 794, 693, 156, 280, 390, 782, 779, 750, 427, 72, 223, 798, 747, 122, 307, 320, 48, 196, 625, 437, 317, 125, 671, 457, 303, 12, 319, 97, 110, 205, 292, 708, 99, 746, 250, 402, 784, 589, 712, 208, 725, 271, 138, 337, 420, 256, 219, 234, 24, 167, 385, 341, 729, 288, 255, 451, 686, 654, 384, 719, 485, 254, 508, 253, 264, 633, 170, 286, 241, 322, 554, 523, 277, 263, 536, 269, 529, 137, 252, 745, 442, 7, 563, 403, 660, 707, 516, 743, 527, 262, 220, 519, 716, 421, 511, 423, 739, 117, 510, 505, 526, 569, 67, 318, 326, 216, 124, 244, 610, 116, 304, 464, 674, 692, 728, 296, 78, 396, 370, 700, 359, 88, 8, 200, 232, 335, 612, 462, 398, 566, 681, 351, 276, 501, 143, 620, 619, 92, 4, 71, 314, 34, 665, 758, 118, 428, 69, 593, 486, 766, 513, 50, 18, 157, 14, 350, 653, 284, 659, 552, 324, 769, 410, 298, 177, 558, 195, 535, 762, 641, 84, 714, 460, 672, 614, 37, 688, 183, 103, 498, 35, 323, 2, 487, 565, 639, 478, 515, 581, 16, 369, 209, 628, 604, 419, 63, 469, 377, 755, 6, 41, 718, 123, 602, 86, 56, 473, 786, 433, 215, 777, 493, 328, 121, 57, 480, 111, 749, 342, 444, 452, 530, 66, 42, 94, 197, 458, 624, 224, 281, 98, 20, 646, 321, 87, 504, 632, 367, 225, 191, 759, 54, 522, 613, 616, 559, 656, 580, 592, 722, 231, 344, 198, 679, 600, 237, 233, 144, 189, 495, 576, 774, 564, 611, 734, 32, 309, 405, 587, 295, 283, 797, 465, 53, 594, 772, 347, 201, 482, 622, 449, 258, 301, 490, 617, 238, 226, 732, 657, 479, 550, 690, 668, 455, 439, 230, 691, 785, 586, 542, 601, 518, 349, 120, 65, 520, 155, 432, 45, 650, 468, 171, 159, 669, 333, 27, 533, 128, 91, 689, 28, 13, 113, 199, 81, 618, 623, 361, 424, 667, 59, 685, 163, 356, 652, 299, 331, 684, 502, 168, 397, 142, 761, 376, 701, 134, 235, 203, 76, 268, 192, 466, 239, 753]
labeling = [386, 353, 632, 269, 587, 35, 646, 530, 571, 341, 347, 52, 470, 769, 585, 135, 639, 441, 600, 266, 676, 156, 5, 428, 499, 243, 362, 767, 768, 11, 187, 121, 715, 384, 593, 627, 296, 613, 67, 6, 210, 647, 672, 203, 66, 749, 26, 365, 461, 411, 583, 75, 184, 708, 691, 103, 653, 662, 176, 777, 420, 206, 147, 631, 39, 720, 670, 553, 437, 596, 55, 589, 454, 197, 380, 173, 798, 18, 563, 102, 94, 773, 65, 272, 610, 373, 652, 681, 570, 245, 168, 757, 576, 304, 671, 352, 277, 475, 675, 482, 226, 387, 391, 621, 159, 431, 318, 364, 309, 388, 467, 651, 142, 762, 186, 421, 542, 547, 581, 183, 756, 657, 448, 648, 539, 466, 16, 3, 764, 228, 268, 133, 241, 297, 796, 53, 171, 491, 472, 84, 131, 153, 792, 584, 707, 107, 117, 74, 81, 145, 403, 254, 217, 369, 202, 758, 450, 602, 401, 755, 312, 265, 271, 782, 188, 418, 128, 501, 790, 247, 513, 763, 322, 189, 327, 348, 61, 614, 119, 79, 132, 180, 126, 628, 151, 72, 23, 429, 54, 700, 323, 688, 800, 91, 205, 616, 463, 673, 699, 771, 568, 729, 227, 785, 406, 476, 178, 182, 490, 641, 179, 397, 222, 134, 345, 656, 556, 24, 97, 497, 531, 37, 294, 457, 674, 677, 735, 359, 29, 148, 746, 697, 573, 705, 495, 794, 285, 703, 713, 787, 56, 507, 30, 407, 557, 445, 58, 436, 412, 358, 486, 212, 527, 517, 514, 487, 496, 165, 734, 350, 191, 114, 511, 522, 498, 166, 430, 164, 781, 524, 349, 481, 155, 376, 25, 175, 572, 519, 289, 235, 451, 664, 129, 721, 605, 139, 503, 47, 504, 115, 41, 62, 478, 17, 80, 716, 564, 76, 608, 786, 69, 736, 361, 471, 559, 396, 224, 458, 389, 717, 233, 90, 270, 258, 591, 32, 112, 464, 554, 473, 456, 680, 515, 630, 599, 8, 550, 208, 660, 167, 308, 766, 154, 726, 342, 575, 383, 492, 340, 282, 49, 479, 666, 399, 693, 378, 141, 718, 38, 754, 603, 580, 402, 328, 50, 338, 770, 293, 85, 569, 255, 751, 301, 200, 12, 232, 169, 686, 118, 625, 565, 113, 425, 367, 68, 161, 793, 640, 215, 405, 307, 351, 7, 64, 508, 500, 316, 15, 325, 434, 446, 92, 443, 409, 96, 163, 558, 774, 577, 51, 185, 295, 477, 532, 130, 702, 337, 46, 108, 355, 612, 287, 237, 63, 125, 291, 324, 278, 57, 633, 494, 543, 286, 544, 778, 306, 221, 444, 594, 48, 292, 170, 759, 654, 366, 260, 181, 465, 314, 740, 283, 392, 528, 356, 661, 281, 42, 426, 370, 733, 196, 505, 668, 404, 250, 745, 321, 469, 667, 95, 620, 302, 552, 256, 548, 723, 802, 395, 761, 638, 149, 101, 244, 655, 414, 290, 20, 313, 634, 741, 663, 98, 731, 346, 204, 512, 597, 606, 320, 116, 722, 413, 438, 658, 104, 709, 249, 398, 619, 109, 211, 582, 788, 160, 683, 521, 433, 298, 516, 14, 549, 545, 13, 595, 427, 636, 536, 213, 747, 541, 753, 331, 692, 520, 357, 310, 535, 540, 144, 525, 659, 261, 360, 760, 93, 601, 523, 123, 0, 73, 379, 393, 750, 194, 343, 59, 33, 374, 248, 259, 737, 275, 609, 390, 509, 60, 195, 447, 590, 696, 201, 40, 280, 493, 706, 629, 578, 326, 2, 551, 219, 120, 332, 276, 439, 279, 682, 10, 124, 82, 689, 637, 317, 218, 230, 333, 730, 719, 231, 483, 209, 239, 695, 555, 725, 100, 140, 377, 4, 435, 687, 752, 650, 43, 635, 264, 415, 410, 86, 214, 546, 712, 566, 679, 624, 238, 694, 738, 775, 588, 586, 88, 704, 776, 669, 462, 417, 284, 642, 246, 27, 422, 685, 518, 311, 236, 274, 354, 416, 623, 31, 617, 192, 162, 442, 150, 678, 138, 174, 216, 744, 423, 784, 604, 506, 220, 698, 724, 172, 607, 529, 44, 122, 315, 344, 574, 177, 779, 732, 765, 99, 468, 622, 300, 560, 334, 363, 110, 329, 701, 87, 579, 77, 330, 783, 780, 485, 371, 626, 742, 743, 748, 561, 449, 263, 234, 381, 267, 305, 375, 567, 795, 106, 288, 385, 394, 127, 534, 480, 319, 229, 36, 489, 251, 615, 45, 533, 419, 643, 510, 223, 240, 684, 22, 372, 474, 143, 253, 562, 502, 19, 193, 739, 78, 714, 71, 21, 336, 157, 537, 273, 158, 242, 538, 146, 526, 484, 460, 152, 665, 452, 335, 252, 801, 28, 644, 432, 262, 592, 690, 70, 791, 618, 136, 303, 382, 598, 199, 83, 611, 299, 207, 727, 34, 711, 400, 9, 649, 257, 455, 1, 198, 453, 368, 488, 728, 645, 89, 424, 105, 190, 339, 111, 137, 440, 225, 408, 710, 459]
convergência = []

===== FIM =====
