===== RESULTADO BRKGA L(2,1) =====
Arquivo: /Users/mateuspedrosa/Documents/TCC-II/BRKGA/data/Harwell-Boeing_cleaned/eris1176_clean.mtx

----- Execução #1 -----
[INFO] Time limit atingido: 15 minutos. Interrompido no meio de uma geração.
Tempo de execução: 900006ms
Span (lambda): 158
best_order = [758, 638, 973, 1056, 946, 771, 1028, 457, 1171, 236, 700, 148, 312, 351, 141, 587, 964, 334, 296, 974, 110, 1096, 344, 168, 725, 54, 741, 38, 441, 712, 992, 241, 525, 10, 1041, 606, 983, 927, 762, 884, 585, 870, 765, 270, 112, 181, 1025, 1088, 633, 485, 803, 458, 603, 377, 572, 127, 407, 310, 575, 324, 849, 256, 265, 14, 607, 1018, 742, 422, 1115, 935, 245, 494, 272, 490, 278, 1027, 941, 115, 450, 90, 558, 456, 1175, 220, 259, 51, 976, 171, 664, 142, 571, 143, 1113, 187, 263, 1125, 88, 586, 612, 480, 1108, 593, 262, 552, 1014, 550, 744, 213, 637, 1138, 359, 854, 687, 759, 250, 1084, 913, 436, 754, 1155, 401, 421, 0, 1021, 477, 942, 851, 281, 1051, 988, 972, 153, 716, 442, 814, 1112, 521, 847, 793, 644, 204, 166, 548, 119, 62, 666, 122, 686, 337, 1057, 722, 738, 75, 304, 184, 1072, 1152, 231, 210, 920, 34, 27, 498, 695, 787, 843, 969, 234, 4, 940, 271, 242, 497, 1154, 43, 269, 279, 367, 776, 818, 125, 1114, 301, 541, 411, 1053, 1151, 1071, 25, 406, 582, 882, 1001, 1109, 385, 623, 128, 311, 1139, 21, 545, 908, 365, 588, 306, 551, 1127, 455, 1162, 865, 1169, 1089, 733, 557, 576, 156, 1034, 20, 107, 132, 137, 70, 828, 661, 1073, 1098, 251, 163, 805, 158, 126, 426, 318, 208, 838, 1143, 1116, 349, 816, 951, 675, 1101, 982, 290, 589, 1039, 1158, 868, 912, 562, 1042, 404, 1122, 938, 1004, 405, 388, 429, 79, 103, 932, 1083, 283, 1031, 543, 9, 670, 374, 408, 641, 275, 877, 727, 1068, 1046, 565, 812, 825, 836, 822, 293, 833, 439, 917, 1159, 1104, 567, 402, 332, 195, 737, 577, 465, 105, 76, 960, 445, 382, 218, 886, 461, 977, 770, 362, 113, 294, 831, 31, 546, 766, 772, 320, 1007, 104, 523, 945, 427, 986, 47, 1006, 631, 101, 394, 384, 1132, 233, 855, 879, 731, 813, 463, 180, 154, 348, 372, 894, 330, 108, 1017, 980, 193, 922, 853, 1012, 1032, 116, 26, 1085, 891, 1078, 57, 714, 1002, 352, 453, 48, 86, 778, 87, 852, 775, 658, 175, 360, 1060, 554, 248, 389, 326, 511, 1009, 322, 829, 217, 118, 423, 473, 860, 333, 503, 17, 858, 764, 918, 570, 7, 724, 720, 907, 391, 903, 1, 792, 430, 167, 947, 495, 273, 573, 260, 1111, 528, 1092, 651, 513, 864, 574, 889, 797, 736, 331, 479, 354, 215, 358, 109, 29, 12, 923, 83, 902, 80, 82, 252, 526, 931, 3, 418, 629, 996, 399, 1093, 1016, 547, 28, 53, 19, 1102, 438, 297, 392, 161, 679, 22, 1170, 147, 327, 663, 1036, 443, 464, 194, 149, 540, 1091, 452, 24, 229, 403, 397, 924, 73, 357, 11, 482, 656, 178, 789, 501, 291, 1033, 338, 58, 597, 830, 1123, 1079, 1044, 60, 824, 1011, 639, 6, 788, 444, 468, 1164, 600, 323, 1064, 484, 305, 1161, 897, 569, 848, 555, 794, 307, 216, 169, 910, 42, 568, 1005, 609, 806, 493, 1086, 798, 802, 611, 809, 346, 533, 268, 1136, 150, 235, 950, 591, 424, 207, 823, 581, 659, 434, 871, 647, 347, 685, 621, 1172, 508, 760, 8, 492, 121, 1153, 160, 784, 133, 1055, 339, 748, 1144, 650, 1049, 957, 376, 59, 560, 861, 1118, 425, 159, 1146, 300, 353, 691, 598, 684, 989, 1038, 881, 842, 516, 981, 756, 613, 616, 319, 1149, 341, 745, 1163, 356, 959, 534, 635, 817, 975, 815, 723, 395, 428, 556, 549, 914, 61, 715, 654, 878, 274, 627, 883, 173, 1037, 682, 1167, 564, 711, 1074, 702, 85, 209, 192, 689, 190, 292, 919, 990, 440, 826, 926, 303, 325, 316, 176, 506, 752, 530, 893, 995, 1013, 1165, 135, 491, 1076, 371, 584, 856, 900, 328, 566, 524, 237, 880, 966, 694, 688, 563, 157, 476, 729, 753, 481, 197, 1000, 929, 93, 583, 1126, 16, 887, 474, 749, 1052, 247, 896, 505, 997, 134, 37, 905, 361, 471, 155, 185, 488, 1120, 487, 39, 1043, 1124, 1069, 96, 719, 78, 1119, 288, 799, 1047, 676, 412, 223, 432, 874, 529, 668, 431, 393, 952, 779, 32, 590, 1075, 375, 645, 1082, 130, 958, 286, 89, 1067, 1129, 380, 652, 943, 200, 266, 968, 705, 222, 1117, 1128, 1107, 469, 99, 114, 1008, 890, 892, 662, 415, 211, 205, 45, 532, 911, 863, 873, 939, 1097, 449, 170, 340, 542, 483, 726, 140, 1081, 580, 599, 500, 379, 634, 95, 993, 928, 507, 139, 219, 768, 1142, 730, 949, 448, 214, 98, 844, 690, 518, 398, 267, 867, 466, 709, 1062, 117, 708, 100, 363, 287, 696, 713, 971, 69, 345, 872, 258, 249, 299, 120, 906, 604, 437, 309, 674, 136, 721, 335, 366, 81, 978, 314, 44, 1048, 1090, 123, 655, 669, 837, 63, 1099, 419, 151, 925, 433, 1131, 578, 832, 212, 146, 795, 373, 804, 963, 514, 961, 626, 106, 451, 994, 901, 561, 755, 773, 302, 253, 129, 1065, 165, 786, 579, 987, 177, 595, 710, 885, 239, 111, 1024, 174, 1174, 420, 782, 66, 454, 71, 289, 944, 1019, 64, 470, 35, 238, 1135, 761, 1150, 728, 962, 921, 280, 699, 255, 537, 811, 390, 646, 378, 718, 1058, 933, 435, 91, 1168, 504, 642, 77, 888, 985, 660, 1020, 68, 1070, 535, 1010, 796, 519, 1130, 489, 369, 544, 257, 559, 527, 777, 991, 751, 936, 232, 30, 845, 1121, 628, 937, 531, 396, 226, 198, 203, 1035, 820, 520, 1145, 701, 876, 648, 909, 308, 144, 539, 264, 400, 162, 515, 998, 1066, 1140, 462, 472, 84, 97, 677, 895, 221, 827, 191, 739, 1026, 13, 618, 810, 904, 510, 183, 15, 1134, 1015, 899, 653, 138, 1022, 502, 276, 55, 313, 298, 807, 706, 413, 965, 50, 196, 1094, 1133, 164, 747, 467, 336, 182, 1103, 681, 956, 33, 92, 1110, 1105, 517, 930, 206, 414, 757, 846, 225, 783, 74, 1063, 1147, 512, 601, 671, 1054, 630, 409, 41, 475, 1095, 416, 478, 1141, 657, 850, 145, 124, 732, 1100, 496, 781, 282, 52, 5, 1106, 230, 780, 446, 707, 36, 18, 1160, 617, 680, 1080, 735, 667, 460, 152, 350, 801, 131, 953, 315, 693, 522, 970, 254, 459, 243, 632, 261, 343, 857, 808, 608, 342, 767, 102, 1173, 317, 240, 746, 649, 23, 704, 49, 596, 1030, 189, 673, 615, 636, 1137, 65, 1023, 410, 869, 841, 743, 672, 954, 750, 859, 1166, 763, 620, 955, 769, 984, 244, 370, 355, 368, 734, 999, 665, 536, 387, 277, 605, 703, 948, 614, 898, 383, 967, 172, 819, 1003, 866, 188, 791, 625, 2, 840, 610, 821, 56, 1029, 509, 683, 774, 94, 295, 740, 202, 447, 381, 839, 678, 1045, 1087, 321, 602, 1077, 40, 643, 640, 790, 619, 386, 934, 785, 417, 915, 224, 553, 862, 916, 1148, 199, 67, 834, 329, 227, 228, 622, 1050, 800, 538, 285, 594, 835, 364, 698, 717, 46, 486, 499, 186, 179, 246, 1059, 72, 284, 979, 697, 1061, 201, 692, 592, 875, 1157, 1156, 624, 1040]
labeling = [2, 6, 97, 41, 13, 87, 53, 35, 57, 23, 3, 51, 39, 75, 5, 77, 59, 33, 91, 45, 21, 19, 47, 93, 49, 17, 29, 11, 43, 37, 73, 25, 65, 81, 9, 71, 89, 61, 1, 63, 99, 83, 55, 15, 69, 67, 101, 27, 31, 95, 79, 7, 85, 2, 0, 7, 4, 0, 1, 3, 3, 5, 0, 3, 26, 4, 0, 6, 2, 0, 0, 2, 8, 1, 3, 0, 4, 5, 1, 0, 2, 4, 4, 1, 8, 6, 3, 5, 2, 2, 0, 5, 8, 0, 9, 0, 0, 7, 3, 1, 4, 0, 7, 1, 3, 2, 0, 0, 3, 5, 0, 8, 0, 2, 6, 0, 4, 0, 5, 0, 7, 1, 6, 7, 0, 1, 5, 0, 3, 0, 6, 8, 4, 7, 18, 1, 3, 4, 8, 0, 6, 0, 0, 2, 7, 1, 24, 2, 0, 4, 6, 0, 8, 0, 1, 7, 0, 3, 8, 2, 0, 5, 7, 0, 8, 0, 1, 3, 0, 7, 20, 0, 2, 5, 7, 0, 2, 0, 1, 8, 3, 1, 30, 2, 0, 5, 9, 0, 8, 0, 0, 7, 3, 1, 16, 4, 0, 8, 11, 20, 9, 18, 13, 7, 0, 2, 17, 4, 0, 5, 3, 6, 1, 1, 4, 0, 2, 0, 5, 1, 0, 5, 10, 0, 16, 14, 12, 15, 17, 7, 7, 0, 2, 5, 1, 3, 0, 3, 6, 4, 5, 0, 1, 5, 0, 0, 3, 4, 2, 8, 1, 3, 4, 6, 11, 10, 2, 2, 24, 4, 0, 2, 1, 0, 7, 0, 6, 9, 5, 7, 0, 6, 0, 8, 0, 3, 7, 11, 1, 2, 6, 0, 8, 4, 9, 11, 7, 3, 18, 9, 1, 3, 20, 0, 1, 3, 0, 3, 10, 1, 5, 0, 4, 2, 0, 5, 0, 4, 6, 6, 1, 3, 0, 10, 8, 11, 9, 4, 3, 7, 2, 4, 12, 2, 0, 2, 3, 5, 4, 1, 2, 4, 0, 2, 0, 4, 7, 1, 3, 12, 3, 0, 6, 4, 0, 10, 7, 0, 9, 2, 2, 0, 10, 2, 3, 0, 9, 5, 4, 0, 1, 6, 4, 8, 0, 1, 3, 0, 9, 10, 3, 0, 2, 5, 0, 6, 4, 0, 28, 7, 4, 0, 7, 7, 2, 0, 11, 9, 0, 2, 8, 0, 1, 3, 0, 1, 6, 1, 5, 10, 7, 0, 8, 3, 0, 4, 2, 0, 5, 9, 2, 0, 24, 12, 7, 0, 8, 11, 5, 7, 6, 1, 0, 3, 0, 6, 1, 0, 4, 6, 1, 3, 10, 8, 9, 11, 4, 3, 7, 2, 0, 1, 0, 1, 3, 0, 9, 10, 3, 8, 1, 5, 2, 0, 2, 0, 2, 0, 2, 10, 0, 0, 9, 5, 6, 4, 5, 9, 3, 1, 17, 7, 8, 0, 1, 11, 7, 1, 10, 2, 0, 3, 0, 8, 4, 0, 5, 8, 6, 0, 1, 5, 4, 3, 0, 4, 11, 2, 3, 0, 9, 2, 10, 1, 9, 7, 6, 8, 4, 6, 7, 4, 5, 0, 10, 6, 5, 9, 7, 9, 0, 1, 11, 4, 5, 0, 5, 10, 4, 6, 0, 15, 3, 2, 4, 8, 10, 6, 8, 9, 6, 3, 7, 2, 0, 2, 4, 3, 1, 10, 0, 2, 2, 6, 4, 5, 8, 4, 2, 5, 0, 13, 1, 6, 0, 1, 11, 3, 7, 4, 6, 4, 0, 3, 3, 0, 0, 5, 12, 6, 0, 10, 3, 4, 5, 1, 0, 0, 3, 1, 3, 8, 10, 0, 9, 8, 7, 5, 4, 7, 6, 9, 0, 2, 4, 6, 0, 2, 7, 0, 10, 4, 0, 5, 9, 1, 3, 3, 0, 29, 8, 1, 3, 0, 11, 7, 5, 4, 6, 0, 7, 0, 6, 0, 6, 1, 14, 0, 0, 8, 16, 6, 10, 4, 2, 4, 3, 1, 19, 12, 3, 0, 5, 7, 1, 6, 0, 8, 1, 2, 0, 4, 2, 2, 0, 27, 0, 21, 7, 11, 3, 19, 25, 23, 15, 3, 13, 21, 27, 6, 25, 23, 11, 28, 16, 14, 5, 3, 22, 18, 26, 14, 39, 34, 21, 12, 23, 44, 37, 26, 0, 28, 18, 2, 0, 1, 3, 2, 0, 1, 3, 2, 0, 2, 0, 6, 0, 14, 12, 8, 4, 10, 2, 13, 11, 1, 20, 7, 26, 16, 22, 7, 11, 3, 15, 13, 9, 5, 1, 30, 42, 2, 4, 38, 6, 16, 36, 32, 10, 22, 40, 85, 20, 67, 8, 24, 8, 14, 0, 4, 57, 28, 2, 34, 14, 4, 12, 32, 22, 36, 10, 0, 29, 8, 111, 6, 2, 83, 4, 71, 8, 6, 78, 93, 59, 117, 75, 15, 45, 41, 115, 105, 37, 13, 0, 0, 0, 39, 51, 69, 119, 97, 53, 1, 73, 19, 49, 91, 99, 55, 89, 81, 23, 31, 0, 63, 2, 4, 0, 103, 6, 109, 27, 4, 43, 25, 65, 87, 2, 3, 4, 1, 2, 1, 0, 3, 1, 3, 21, 113, 107, 101, 61, 17, 0, 2, 4, 11, 47, 3, 95, 9, 35, 33, 7, 2, 6, 8, 2, 11, 0, 4, 9, 6, 0, 0, 13, 7, 2, 12, 2, 5, 9, 4, 6, 13, 9, 3, 15, 2, 17, 4, 2, 25, 0, 13, 6, 10, 15, 8, 5, 9, 18, 15, 3, 27, 12, 17, 20, 41, 4, 10, 1, 0, 4, 2, 5, 2, 0, 6, 6, 7, 4, 0, 5, 3, 7, 0, 1, 3, 0, 1, 3, 5, 72, 21, 13, 6, 19, 17, 132, 11, 1, 23, 25, 14, 37, 39, 9, 31, 5, 3, 22, 29, 35, 54, 1, 11, 45, 33, 19, 7, 27, 43, 10, 12, 5, 3, 10, 2, 0, 5, 8, 2, 0, 9, 4, 8, 5, 0, 2, 11, 3, 0, 2, 5, 0, 2, 6, 8, 3, 7, 2, 0, 4, 8, 3, 5, 2, 4, 0, 3, 1, 4, 7, 3, 1, 4, 7, 11, 6, 1, 3, 7, 1, 9, 7, 5, 1, 3, 7, 4, 1, 5, 0, 9, 5, 3, 1, 6, 10, 0, 7, 9, 3, 8, 130, 16, 2, 144, 142, 48, 56, 74, 38, 126, 68, 90, 88, 42, 158, 4, 44, 98, 78, 146, 52, 102, 116, 86, 152, 1, 96, 30, 136, 84, 0, 24, 122, 154, 62, 156, 114, 134, 80, 120, 128, 108, 50, 100, 124, 32, 26, 40, 92, 104, 94, 150, 60, 76, 140, 112, 106, 46, 20, 58, 82, 148, 10, 36, 118, 70, 64, 66, 0, 3, 1, 3, 0, 5, 7, 1, 3, 11, 1, 13, 138, 110, 18, 34, 2, 5, 3, 1, 28, 12, 5, 3, 0, 3, 3, 9, 7, 1, 7, 0, 4, 1, 8, 6, 9, 7, 0, 11, 10, 0, 2, 2, 1, 3, 5, 9, 7, 5, 7, 9, 1, 7, 9, 3, 9, 3, 1, 5, 2, 0, 3, 6, 0, 2, 0, 0, 1, 5, 7, 4, 8, 1, 4, 0, 2, 0, 1, 3, 77, 5]
convergência = [158, 158, 158, 158, 158, 158, 158, 158, 158, 158, 158, 158, 158, 158, 158, 158, 158, 158, 158, 158, 158, 158, 158, 158, 158, 158, 158, 158, 158, 158, 158, 158, 158, 158, 158, 158, 158, 158, 158, 158, 158, 158, 158, 158, 158, 158, 158, 158, 158, 158, 158, 158, 158, 158, 158, 158, 158, 158, 158, 158, 158, 158, 158, 158, 158, 158, 158, 158, 158, 158, 158, 158, 158, 158, 158, 158, 158, 158, 158, 158, 158, 158, 158, 158, 158, 158, 158, 158, 158, 158, 158, 158, 158, 158, 158, 158, 158, 158, 158, 158, 158, 158, 158, 158, 158, 158, 158, 158, 158, 158, 158, 158, 158, 158, 158, 158, 158, 158, 158, 158, 158, 158]

===== FIM =====
