===== RESULTADO BRKGA L(2,1) =====
Arquivo: /Users/mateuspedrosa/Documents/TCC-II/BRKGA/data/Harwell-Boeing_cleaned/fs_183_4_clean.mtx

----- Execução #1 -----
[INFO] Parou por estagnação.
Tempo de execução: 52362ms
Span (lambda): 105
best_order = [0, 75, 23, 98, 30, 8, 151, 3, 168, 131, 12, 83, 146, 115, 179, 114, 15, 47, 152, 19, 162, 24, 102, 67, 63, 18, 69, 80, 68, 34, 153, 170, 64, 37, 50, 10, 74, 165, 94, 126, 2, 134, 181, 110, 95, 135, 49, 27, 177, 117, 26, 137, 120, 100, 142, 141, 1, 85, 66, 59, 31, 147, 178, 112, 61, 86, 144, 129, 107, 28, 7, 138, 9, 180, 41, 39, 182, 119, 171, 174, 155, 106, 160, 17, 140, 116, 5, 54, 124, 57, 4, 81, 76, 88, 175, 84, 38, 169, 148, 48, 166, 164, 167, 55, 176, 111, 161, 122, 121, 156, 103, 158, 58, 21, 35, 11, 40, 143, 128, 123, 14, 125, 133, 73, 70, 13, 44, 60, 149, 25, 32, 46, 16, 113, 22, 157, 36, 127, 150, 90, 71, 101, 72, 104, 87, 89, 20, 139, 78, 62, 42, 56, 91, 96, 45, 29, 163, 53, 132, 6, 97, 92, 33, 145, 99, 159, 43, 93, 77, 172, 79, 65, 105, 154, 108, 118, 109, 130, 136, 52, 173, 82, 51]
labeling = [0, 36, 27, 6, 55, 53, 93, 44, 5, 46, 25, 66, 8, 74, 69, 13, 80, 51, 19, 14, 90, 65, 82, 4, 15, 77, 33, 31, 43, 5, 1, 37, 78, 98, 22, 63, 84, 24, 57, 49, 67, 48, 94, 99, 75, 31, 79, 12, 49, 24, 8, 34, 33, 0, 6, 58, 95, 13, 64, 38, 76, 40, 15, 18, 23, 28, 31, 17, 2, 20, 73, 53, 87, 72, 13, 2, 14, 101, 69, 102, 21, 56, 104, 9, 22, 28, 41, 1, 37, 89, 86, 91, 97, 100, 15, 29, 27, 71, 3, 32, 27, 66, 16, 62, 88, 79, 43, 12, 80, 93, 4, 59, 39, 81, 11, 6, 52, 25, 84, 10, 5, 61, 60, 50, 54, 70, 26, 85, 68, 42, 103, 7, 96, 71, 28, 30, 105, 34, 45, 92, 19, 35, 4, 67, 0, 0, 1, 1, 0, 0, 0, 0, 0, 0, 0, 0, 0, 83, 63, 78, 45, 57, 10, 74, 51, 19, 46, 52, 5, 47, 12, 32, 75, 98, 34, 44, 55, 32, 35, 10, 47, 22, 50]
convergência = [106, 106, 105, 105, 105, 105, 105, 105, 105, 105, 105, 105, 105, 105, 105, 105, 105, 105, 105, 105, 105, 105, 105, 105, 105, 105, 105, 105, 105, 105, 105, 105, 105, 105, 105, 105, 105, 105, 105, 105, 105, 105, 105, 105, 105, 105, 105, 105, 105, 105, 105, 105, 105, 105, 105, 105, 105, 105, 105, 105, 105, 105, 105, 105, 105, 105, 105, 105, 105, 105, 105, 105, 105, 105, 105, 105, 105, 105, 105, 105, 105, 105, 105, 105, 105, 105, 105, 105, 105, 105, 105, 105, 105, 105, 105, 105, 105, 105, 105, 105, 105, 105, 105, 105, 105, 105, 105, 105, 105, 105, 105, 105, 105, 105, 105, 105, 105, 105, 105, 105, 105, 105, 105, 105, 105, 105]

===== FIM =====
