===== RESULTADO BRKGA L(2,1) =====
Arquivo: /Users/mateuspedrosa/Documents/TCC-II/BRKGA/data/irace_training/fs_183_3_clean.mtx

----- Execução #1 -----
[INFO] Parou por estagnação.
Tempo de execução: 202422ms
Span (lambda): 105
best_order = [136, 170, 21, 103, 174, 77, 134, 167, 140, 112, 98, 113, 163, 126, 148, 145, 38, 175, 182, 58, 61, 62, 135, 181, 104, 127, 131, 17, 59, 84, 13, 125, 111, 160, 172, 25, 5, 39, 19, 159, 142, 101, 36, 173, 67, 50, 22, 88, 63, 95, 53, 52, 144, 121, 3, 179, 128, 102, 149, 45, 180, 41, 151, 150, 119, 139, 6, 162, 40, 51, 138, 27, 166, 47, 32, 30, 86, 87, 65, 7, 130, 178, 110, 114, 43, 120, 165, 71, 54, 44, 48, 16, 168, 2, 90, 153, 156, 56, 91, 129, 100, 74, 105, 80, 12, 157, 92, 122, 34, 154, 133, 143, 158, 14, 76, 132, 33, 109, 81, 42, 29, 93, 107, 15, 96, 89, 66, 9, 99, 18, 24, 49, 37, 8, 106, 70, 82, 124, 152, 83, 123, 118, 23, 85, 94, 72, 20, 137, 46, 28, 79, 4, 68, 116, 1, 177, 75, 97, 69, 169, 31, 55, 147, 146, 161, 60, 73, 78, 155, 35, 10, 108, 115, 141, 164, 64, 176, 26, 117, 171, 57, 11, 0]
labeling = [105, 91, 56, 37, 89, 17, 41, 48, 78, 74, 100, 104, 61, 13, 55, 72, 53, 11, 75, 27, 84, 2, 32, 82, 76, 26, 103, 43, 87, 2, 46, 94, 45, 67, 65, 99, 25, 77, 4, 24, 31, 40, 70, 51, 52, 7, 86, 44, 53, 72, 31, 6, 4, 1, 3, 96, 58, 29, 14, 21, 97, 15, 3, 34, 102, 11, 66, 30, 4, 95, 79, 44, 83, 98, 48, 93, 24, 5, 86, 88, 60, 69, 75, 81, 2, 77, 47, 1, 33, 73, 57, 59, 62, 71, 78, 35, 26, 85, 9, 27, 46, 6, 39, 3, 18, 56, 74, 25, 87, 61, 13, 23, 8, 10, 50, 94, 90, 100, 76, 8, 17, 36, 64, 52, 80, 22, 12, 19, 38, 54, 49, 20, 68, 66, 6, 16, 0, 85, 33, 42, 1, 101, 2, 65, 1, 1, 28, 1, 0, 0, 0, 0, 0, 0, 0, 0, 0, 63, 67, 28, 24, 90, 41, 11, 92, 45, 43, 7, 55, 89, 1, 101, 25, 29, 4, 13, 99, 92, 37, 28, 29, 17, 7]
convergência = [106, 106, 106, 106, 106, 106, 106, 106, 106, 106, 106, 106, 106, 106, 106, 106, 106, 106, 106, 105, 105, 105, 105, 105, 105, 105, 105, 105, 105, 105, 105, 105, 105, 105, 105, 105, 105, 105, 105, 105, 105, 105, 105, 105, 105, 105, 105, 105, 105, 105, 105, 105, 105, 105, 105, 105, 105, 105, 105, 105, 105, 105, 105, 105, 105, 105, 105, 105, 105, 105, 105, 105, 105, 105, 105, 105, 105, 105, 105, 105, 105, 105, 105, 105, 105, 105, 105, 105, 105, 105, 105, 105, 105, 105, 105, 105, 105, 105, 105, 105, 105, 105, 105, 105, 105, 105, 105, 105, 105, 105, 105, 105, 105, 105, 105, 105, 105, 105, 105, 105, 105, 105, 105, 105, 105, 105, 105, 105, 105, 105, 105, 105, 105, 105, 105, 105, 105, 105, 105, 105, 105, 105, 105, 105, 105, 105, 105, 105, 105, 105, 105, 105, 105, 105, 105, 105, 105, 105, 105, 105, 105, 105, 105, 105, 105, 105, 105, 105, 105, 105, 105, 105, 105, 105, 105, 105, 105, 105, 105, 105, 105, 105, 105, 105, 105, 105, 105, 105, 105, 105, 105, 105, 105, 105, 105, 105, 105, 105, 105, 105, 105, 105, 105, 105, 105, 105, 105, 105, 105, 105, 105, 105, 105, 105, 105, 105, 105, 105, 105, 105, 105, 105, 105, 105, 105, 105, 105, 105, 105, 105, 105, 105, 105, 105, 105, 105, 105, 105, 105, 105, 105, 105, 105, 105, 105, 105, 105, 105, 105, 105, 105, 105, 105, 105, 105, 105, 105, 105, 105, 105, 105, 105, 105, 105, 105, 105, 105, 105, 105, 105, 105, 105, 105, 105, 105, 105, 105, 105, 105, 105, 105, 105, 105, 105, 105, 105, 105, 105, 105, 105, 105, 105, 105, 105, 105, 105, 105, 105, 105, 105, 105, 105, 105, 105, 105, 105, 105, 105, 105, 105, 105, 105, 105, 105, 105, 105, 105, 105, 105, 105, 105, 105, 105, 105, 105, 105, 105, 105, 105, 105, 105, 105, 105, 105, 105, 105, 105, 105, 105, 105, 105, 105, 105, 105, 105, 105, 105, 105, 105, 105, 105, 105, 105, 105, 105, 105, 105, 105, 105, 105, 105, 105, 105, 105, 105, 105, 105, 105, 105, 105, 105, 105, 105, 105, 105, 105, 105, 105, 105, 105, 105, 105, 105, 105, 105, 105, 105, 105, 105, 105, 105, 105, 105, 105, 105, 105, 105, 105, 105, 105, 105, 105, 105, 105, 105, 105, 105, 105, 105, 105, 105, 105, 105, 105, 105, 105, 105, 105, 105, 105, 105, 105, 105, 105, 105, 105, 105, 105, 105, 105, 105, 105, 105, 105, 105, 105, 105, 105, 105, 105, 105, 105, 105, 105, 105, 105, 105, 105, 105, 105, 105, 105, 105, 105, 105, 105, 105, 105, 105, 105, 105, 105, 105, 105, 105, 105, 105, 105, 105, 105, 105, 105, 105, 105, 105, 105, 105, 105, 105, 105, 105, 105, 105, 105, 105, 105, 105, 105, 105, 105, 105, 105, 105, 105, 105, 105, 105, 105, 105, 105, 105, 105, 105, 105, 105, 105, 105, 105, 105, 105, 105, 105, 105, 105, 105, 105, 105, 105, 105, 105, 105, 105, 105, 105, 105, 105, 105, 105, 105, 105, 105, 105, 105, 105, 105, 105, 105, 105, 105, 105, 105, 105, 105, 105, 105, 105, 105, 105, 105, 105, 105, 105, 105, 105, 105, 105, 105, 105, 105, 105, 105, 105, 105, 105, 105, 105, 105, 105, 105, 105, 105, 105, 105, 105, 105, 105, 105, 105, 105, 105, 105, 105, 105, 105, 105, 105, 105, 105, 105, 105, 105, 105, 105, 105, 105, 105, 105, 105, 105, 105, 105, 105, 105, 105, 105, 105, 105, 105, 105, 105, 105, 105, 105, 105, 105, 105, 105, 105, 105, 105, 105, 105, 105, 105, 105, 105, 105, 105, 105, 105, 105, 105, 105, 105, 105, 105, 105, 105, 105, 105, 105, 105, 105, 105, 105, 105, 105, 105, 105, 105, 105, 105, 105, 105, 105, 105, 105, 105, 105, 105, 105, 105, 105, 105, 105, 105, 105, 105, 105, 105, 105, 105, 105, 105, 105, 105, 105, 105, 105, 105, 105, 105, 105, 105, 105, 105, 105, 105, 105, 105, 105, 105, 105, 105, 105, 105, 105, 105, 105, 105, 105, 105, 105, 105, 105, 105, 105, 105, 105, 105, 105, 105, 105, 105, 105, 105, 105, 105, 105, 105, 105, 105, 105, 105, 105, 105]

===== FIM =====
