===== RESULTADO BRKGA L(2,1) =====
Arquivo: /Users/mateuspedrosa/Documents/TCC-II/BRKGA/data/Harwell-Boeing_cleaned/fs_541_2_clean.mtx

----- Execução #1 -----
[INFO] Parou por estagnação.
Tempo de execução: 291268ms
Span (lambda): 541
best_order = [540, 99, 524, 309, 166, 417, 283, 410, 398, 262, 173, 34, 126, 97, 16, 214, 530, 204, 233, 522, 179, 409, 394, 351, 75, 343, 443, 507, 307, 171, 322, 332, 198, 457, 43, 390, 268, 82, 427, 205, 412, 159, 480, 14, 345, 312, 303, 255, 15, 528, 313, 87, 69, 67, 296, 402, 146, 261, 53, 510, 453, 61, 418, 535, 241, 24, 79, 77, 154, 357, 47, 416, 484, 321, 92, 243, 306, 132, 291, 63, 26, 248, 311, 285, 150, 482, 60, 387, 375, 55, 152, 423, 180, 169, 465, 203, 330, 95, 247, 399, 224, 192, 360, 293, 64, 341, 172, 516, 234, 54, 534, 191, 46, 231, 227, 211, 414, 108, 175, 295, 196, 274, 305, 444, 407, 455, 469, 464, 183, 374, 260, 430, 59, 315, 432, 498, 104, 452, 413, 415, 57, 508, 230, 197, 392, 336, 324, 213, 30, 85, 101, 320, 495, 460, 339, 222, 490, 356, 238, 533, 266, 521, 76, 328, 437, 429, 94, 129, 259, 481, 280, 78, 450, 113, 133, 127, 323, 467, 347, 500, 200, 189, 48, 80, 90, 216, 406, 371, 302, 504, 272, 517, 531, 176, 284, 511, 445, 396, 250, 397, 40, 167, 440, 49, 141, 290, 65, 340, 525, 501, 337, 236, 462, 202, 461, 329, 486, 9, 217, 358, 245, 115, 190, 389, 367, 400, 497, 529, 493, 158, 304, 422, 81, 29, 439, 483, 316, 4, 124, 391, 435, 235, 131, 411, 352, 139, 199, 142, 41, 6, 51, 509, 110, 466, 479, 161, 207, 405, 496, 325, 32, 363, 381, 378, 365, 342, 22, 237, 58, 71, 287, 269, 249, 425, 195, 288, 121, 470, 499, 353, 294, 434, 242, 232, 346, 170, 28, 86, 502, 11, 526, 186, 354, 208, 520, 362, 3, 489, 0, 494, 256, 436, 317, 246, 84, 12, 33, 157, 134, 50, 107, 136, 383, 88, 105, 536, 182, 348, 117, 257, 267, 96, 239, 338, 218, 187, 135, 379, 106, 491, 2, 485, 73, 125, 36, 185, 408, 153, 37, 35, 282, 130, 419, 181, 532, 514, 388, 220, 278, 472, 373, 424, 289, 25, 123, 350, 5, 138, 56, 137, 62, 128, 431, 212, 433, 44, 91, 264, 45, 538, 314, 518, 100, 206, 513, 355, 39, 326, 226, 456, 369, 83, 119, 537, 327, 201, 333, 160, 42, 112, 476, 370, 145, 178, 438, 523, 515, 148, 1, 93, 244, 162, 366, 120, 308, 319, 168, 188, 458, 229, 102, 74, 194, 512, 253, 463, 503, 475, 372, 215, 252, 310, 301, 31, 335, 18, 334, 23, 428, 265, 331, 10, 174, 376, 223, 21, 277, 344, 144, 156, 114, 446, 386, 384, 66, 292, 441, 98, 219, 17, 68, 468, 111, 155, 281, 393, 165, 380, 318, 297, 506, 240, 163, 473, 151, 404, 19, 221, 279, 271, 519, 116, 459, 118, 364, 7, 143, 487, 140, 209, 492, 254, 361, 368, 449, 300, 385, 147, 527, 505, 442, 13, 177, 401, 89, 263, 184, 474, 251, 276, 471, 38, 193, 27, 403, 228, 539, 275, 454, 382, 109, 225, 122, 359, 395, 377, 349, 299, 273, 258, 103, 8, 488, 477, 448, 298, 420, 164, 70, 72, 270, 20, 286, 447, 52, 426, 210, 421, 451, 478, 149]
labeling = [299, 399, 331, 297, 238, 357, 250, 476, 522, 218, 432, 290, 306, 492, 44, 49, 15, 450, 426, 467, 532, 436, 267, 428, 66, 354, 81, 504, 287, 234, 149, 425, 261, 307, 12, 340, 335, 339, 502, 377, 201, 249, 389, 35, 366, 369, 113, 71, 183, 204, 310, 251, 535, 59, 110, 90, 359, 141, 269, 133, 87, 62, 361, 80, 105, 207, 445, 54, 451, 53, 529, 270, 530, 333, 412, 25, 163, 68, 172, 67, 184, 233, 38, 382, 305, 150, 288, 52, 314, 495, 185, 367, 75, 400, 167, 98, 322, 14, 448, 2, 373, 151, 411, 521, 137, 315, 329, 311, 118, 511, 253, 453, 390, 174, 441, 222, 472, 319, 474, 383, 404, 277, 513, 355, 239, 334, 13, 176, 362, 168, 342, 243, 78, 175, 309, 327, 312, 360, 358, 246, 479, 205, 248, 477, 439, 393, 57, 488, 398, 541, 85, 465, 91, 338, 69, 454, 440, 308, 230, 42, 388, 256, 402, 463, 528, 457, 5, 202, 407, 94, 286, 30, 107, 11, 433, 119, 194, 493, 394, 21, 93, 344, 317, 129, 497, 336, 292, 326, 408, 182, 223, 112, 102, 503, 413, 275, 121, 144, 33, 247, 181, 386, 214, 96, 18, 40, 374, 257, 294, 480, 538, 116, 364, 148, 16, 420, 186, 219, 325, 449, 348, 468, 156, 435, 101, 512, 379, 115, 506, 409, 143, 114, 284, 19, 109, 242, 212, 268, 159, 323, 462, 65, 283, 76, 401, 221, 304, 99, 82, 273, 199, 499, 421, 415, 482, 48, 301, 320, 520, 169, 131, 58, 10, 496, 368, 430, 161, 321, 37, 271, 531, 470, 191, 519, 122, 508, 500, 437, 349, 469, 171, 455, 341, 7, 195, 84, 533, 272, 276, 353, 206, 79, 446, 104, 281, 120, 55, 460, 526, 518, 486, 423, 189, 47, 231, 123, 77, 29, 405, 4, 422, 83, 46, 51, 371, 134, 237, 303, 459, 406, 152, 74, 31, 177, 147, 260, 378, 385, 164, 216, 97, 431, 32, 387, 427, 424, 146, 211, 324, 155, 208, 106, 266, 26, 438, 45, 285, 179, 318, 517, 356, 24, 245, 280, 293, 376, 158, 70, 220, 514, 103, 483, 296, 262, 475, 265, 403, 225, 484, 381, 392, 188, 419, 351, 130, 89, 434, 516, 264, 328, 458, 263, 510, 313, 444, 487, 443, 88, 347, 224, 36, 240, 145, 456, 23, 515, 198, 200, 9, 100, 226, 494, 56, 505, 466, 258, 187, 125, 337, 22, 8, 244, 41, 139, 117, 140, 72, 6, 63, 343, 527, 537, 232, 92, 352, 274, 536, 39, 429, 166, 132, 363, 135, 365, 282, 241, 302, 165, 395, 235, 203, 447, 491, 27, 124, 197, 442, 534, 525, 485, 173, 539, 138, 61, 509, 126, 380, 34, 410, 473, 154, 215, 213, 416, 128, 95, 254, 178, 452, 127, 278, 501, 350, 464, 498, 418, 391, 524, 540, 255, 43, 170, 86, 236, 73, 332, 217, 478, 523, 298, 157, 330, 481, 229, 300, 153, 259, 227, 136, 279, 180, 210, 289, 417, 190, 490, 461, 28, 142, 252, 60, 196, 414, 375, 346, 397, 108, 192, 372, 471, 295, 162, 20, 396, 3, 209, 291, 489, 50, 228, 17, 193, 345, 160, 111, 64, 316, 384, 370, 507, 0]
convergência = [541, 541, 541, 541, 541, 541, 541, 541, 541, 541, 541, 541, 541, 541, 541, 541, 541, 541, 541, 541, 541, 541, 541, 541, 541, 541, 541, 541, 541, 541, 541, 541, 541, 541, 541, 541, 541, 541, 541, 541, 541, 541, 541, 541, 541, 541, 541, 541, 541, 541, 541, 541, 541, 541, 541, 541, 541, 541, 541, 541, 541, 541, 541, 541, 541, 541, 541, 541, 541, 541, 541, 541, 541, 541, 541, 541, 541, 541, 541, 541, 541, 541, 541, 541, 541, 541, 541, 541, 541, 541, 541, 541, 541, 541, 541, 541, 541, 541, 541, 541, 541, 541, 541, 541, 541, 541, 541, 541, 541, 541, 541, 541, 541, 541, 541, 541, 541, 541, 541, 541, 541, 541, 541, 541]

===== FIM =====
