===== RESULTADO BRKGA L(2,1) =====
Arquivo: /Users/mateuspedrosa/Documents/TCC-II/BRKGA/data/Harwell-Boeing_cleaned/fs_680_1_clean.mtx

----- Execução #1 -----
[INFO] Parou por estagnação.
Tempo de execução: 44402ms
Span (lambda): 18
best_order = [528, 372, 376, 175, 50, 597, 411, 489, 309, 344, 222, 527, 107, 505, 215, 477, 622, 434, 571, 47, 173, 270, 129, 264, 174, 464, 491, 647, 114, 273, 160, 449, 535, 600, 370, 294, 238, 435, 525, 644, 675, 135, 74, 625, 69, 192, 404, 555, 206, 604, 153, 161, 235, 103, 250, 227, 55, 131, 209, 73, 632, 186, 406, 142, 87, 582, 616, 573, 306, 56, 584, 392, 621, 357, 659, 217, 548, 29, 111, 561, 212, 170, 336, 358, 286, 258, 205, 207, 629, 265, 440, 378, 100, 38, 194, 432, 140, 567, 531, 458, 438, 431, 48, 409, 380, 351, 563, 180, 78, 611, 105, 249, 641, 587, 198, 668, 120, 609, 677, 189, 447, 377, 43, 512, 197, 292, 538, 276, 667, 321, 213, 236, 626, 68, 155, 501, 408, 145, 230, 348, 549, 305, 188, 91, 391, 233, 661, 361, 92, 559, 614, 96, 147, 495, 128, 255, 476, 642, 280, 536, 17, 522, 402, 364, 88, 533, 14, 40, 117, 10, 284, 673, 21, 75, 557, 401, 452, 168, 226, 389, 285, 638, 11, 390, 323, 125, 662, 610, 253, 547, 405, 244, 123, 329, 387, 623, 319, 424, 97, 350, 328, 15, 674, 193, 446, 62, 7, 423, 607, 419, 664, 24, 466, 59, 109, 295, 108, 262, 334, 396, 115, 183, 304, 271, 27, 427, 373, 113, 518, 94, 187, 67, 479, 85, 184, 606, 314, 598, 421, 101, 159, 35, 498, 485, 603, 637, 395, 457, 493, 663, 617, 570, 122, 484, 51, 412, 279, 443, 327, 242, 16, 624, 299, 263, 152, 102, 332, 289, 679, 318, 520, 523, 139, 248, 76, 178, 655, 288, 246, 546, 54, 470, 345, 322, 422, 645, 8, 82, 199, 360, 224, 23, 158, 670, 81, 202, 45, 472, 190, 591, 461, 486, 99, 627, 494, 278, 413, 529, 58, 398, 515, 608, 660, 581, 672, 384, 83, 320, 52, 277, 474, 480, 112, 196, 365, 231, 589, 343, 532, 399, 386, 462, 1, 232, 95, 562, 362, 450, 368, 32, 110, 132, 151, 177, 247, 347, 414, 70, 363, 72, 502, 444, 4, 403, 613, 229, 383, 506, 353, 481, 6, 126, 496, 400, 307, 586, 223, 225, 297, 166, 615, 576, 204, 646, 148, 137, 451, 454, 543, 208, 504, 36, 31, 346, 653, 633, 42, 595, 9, 554, 601, 537, 375, 420, 366, 678, 191, 234, 651, 41, 219, 71, 30, 143, 259, 22, 568, 553, 490, 298, 441, 579, 381, 311, 179, 669, 138, 220, 20, 508, 499, 565, 483, 331, 575, 49, 293, 216, 121, 545, 214, 182, 355, 590, 156, 593, 150, 315, 583, 619, 90, 439, 640, 596, 410, 64, 254, 636, 218, 221, 666, 266, 330, 13, 526, 245, 534, 172, 33, 282, 324, 53, 157, 517, 61, 252, 341, 469, 473, 79, 200, 371, 274, 354, 146, 550, 560, 519, 106, 290, 394, 2, 228, 185, 342, 468, 356, 243, 437, 416, 487, 89, 497, 333, 429, 257, 118, 665, 359, 37, 460, 516, 267, 628, 569, 580, 572, 620, 382, 133, 136, 134, 335, 203, 313, 80, 379, 388, 171, 46, 325, 162, 648, 93, 164, 163, 256, 430, 25, 239, 407, 507, 326, 467, 417, 544, 657, 316, 149, 60, 65, 488, 592, 165, 241, 634, 578, 482, 453, 251, 39, 302, 511, 393, 287, 195, 34, 436, 19, 465, 574, 521, 428, 374, 650, 656, 26, 12, 676, 154, 167, 475, 605, 630, 369, 612, 339, 98, 492, 340, 635, 564, 352, 127, 181, 130, 237, 18, 57, 367, 397, 310, 471, 649, 275, 268, 296, 503, 500, 281, 338, 28, 119, 478, 513, 631, 349, 455, 524, 415, 301, 86, 433, 303, 269, 540, 509, 588, 552, 66, 448, 308, 652, 618, 84, 169, 599, 654, 141, 337, 558, 530, 594, 211, 317, 658, 510, 44, 541, 643, 283, 418, 602, 77, 551, 312, 463, 0, 5, 671, 639, 445, 63, 542, 539, 442, 556, 104, 514, 577, 300, 456, 291, 261, 124, 272, 116, 566, 176, 585, 240, 425, 385, 144, 459, 426, 260, 201, 210, 3]
labeling = [15, 9, 13, 18, 7, 17, 10, 8, 12, 14, 7, 9, 15, 11, 7, 9, 12, 3, 17, 13, 10, 5, 14, 11, 5, 13, 16, 6, 13, 3, 16, 13, 9, 15, 13, 5, 8, 14, 2, 11, 3, 12, 10, 1, 15, 5, 13, 1, 4, 10, 0, 11, 7, 14, 12, 5, 1, 14, 6, 2, 15, 13, 4, 16, 9, 15, 18, 11, 4, 1, 5, 7, 14, 5, 3, 7, 4, 12, 6, 9, 13, 7, 5, 9, 13, 8, 16, 3, 7, 16, 12, 6, 3, 16, 10, 13, 6, 8, 12, 5, 1, 7, 9, 2, 14, 4, 12, 0, 10, 8, 11, 2, 12, 10, 1, 9, 18, 5, 16, 10, 4, 11, 1, 4, 16, 6, 12, 17, 5, 2, 17, 4, 8, 13, 15, 4, 16, 13, 15, 7, 4, 15, 3, 13, 16, 6, 10, 4, 7, 17, 14, 8, 5, 2, 16, 3, 13, 9, 12, 5, 0, 2, 15, 12, 10, 14, 7, 15, 9, 18, 5, 13, 10, 1, 3, 0, 18, 10, 4, 11, 6, 17, 12, 7, 3, 11, 1, 9, 2, 6, 9, 15, 1, 8, 6, 14, 10, 3, 8, 4, 10, 17, 8, 11, 4, 1, 0, 5, 10, 1, 15, 14, 0, 2, 4, 1, 10, 0, 1, 3, 8, 11, 0, 4, 8, 1, 2, 2, 5, 12, 1, 5, 4, 3, 8, 2, 1, 11, 0, 5, 9, 14, 3, 7, 3, 3, 4, 6, 11, 6, 3, 15, 5, 4, 6, 7, 9, 5, 0, 9, 12, 10, 6, 5, 1, 2, 8, 13, 12, 13, 0, 4, 17, 0, 11, 17, 0, 7, 14, 0, 6, 16, 7, 14, 2, 4, 1, 13, 3, 8, 11, 16, 2, 9, 5, 11, 14, 6, 8, 1, 14, 8, 16, 18, 10, 8, 3, 12, 15, 0, 7, 3, 16, 11, 4, 12, 15, 17, 10, 1, 1, 0, 0, 3, 2, 0, 0, 5, 0, 1, 2, 2, 0, 0, 0, 2, 3, 0, 1, 4, 3, 0, 0, 0, 0, 0, 0, 1, 0, 7, 2, 1, 0, 1, 8, 1, 1, 0, 0, 1, 1, 0, 6, 0, 0, 1, 0, 0, 0, 7, 0, 1, 0, 0, 1, 1, 0, 0, 1, 0, 0, 1, 0, 0, 2, 1, 0, 1, 0, 1, 1, 0, 0, 6, 0, 0, 1, 0, 0, 2, 7, 1, 2, 5, 0, 2, 2, 11, 2, 3, 4, 1, 4, 5, 1, 15, 7, 9, 9, 0, 0, 1, 7, 1, 2, 7, 9, 8, 9, 11, 8, 0, 2, 7, 0, 0, 6, 10, 4, 4, 2, 5, 16, 6, 5, 11, 3, 4, 15, 4, 10, 12, 1, 6, 2, 14, 5, 1, 2, 16, 2, 2, 8, 8, 0, 3, 5, 14, 1, 10, 2, 10, 7, 4, 7, 11, 2, 1, 15, 3, 8, 3, 12, 2, 1, 0, 2, 9, 1, 0, 1, 0, 11, 5, 0, 2, 2, 2, 3, 10, 9, 0, 5, 6, 7, 0, 7, 8, 3, 2, 4, 6, 3, 7, 5, 6, 6, 2, 1, 7, 5, 4, 0, 3, 3, 0, 5, 0, 0, 5, 3, 2, 5, 3, 13, 2, 2, 7, 0, 8, 12, 9, 6, 3, 12, 2, 4, 3, 0, 7, 0, 6, 3, 1, 2, 1, 11, 4, 9, 0, 8, 0, 3, 0, 9, 9, 6, 2, 6, 6, 2, 0, 6, 0, 14, 6, 4, 11, 5, 4, 3, 3, 2, 6, 1, 17, 7, 1, 11, 9, 4, 1, 6, 6, 10, 10, 0, 0, 7, 6, 1, 3, 4, 2, 1, 3, 4, 6, 1, 0, 1, 3, 12, 4, 0, 3, 0, 5, 7, 6, 7, 0, 1, 0, 7, 0, 0, 10, 8, 5, 6, 4, 0, 0, 9, 15, 3, 6, 5, 7, 1, 0, 0, 0, 0, 2, 1, 0, 0, 3, 2, 1, 1, 0, 1, 3, 0, 1, 2, 0, 3, 2, 1, 0, 0, 7, 3, 3, 1, 0, 3, 0, 0, 4, 4, 0, 2, 0, 3, 1]
convergência = [19, 18, 18, 18, 18, 18, 18, 18, 18, 18, 18, 18, 18, 18, 18, 18, 18, 18, 18, 18, 18, 18, 18, 18, 18, 18, 18, 18, 18, 18, 18, 18, 18, 18, 18, 18, 18, 18, 18, 18, 18, 18, 18, 18, 18, 18, 18, 18, 18, 18, 18, 18, 18, 18, 18, 18, 18, 18, 18, 18, 18, 18, 18, 18, 18, 18, 18, 18, 18, 18, 18, 18, 18, 18, 18, 18, 18, 18, 18, 18, 18, 18, 18, 18, 18, 18, 18, 18, 18, 18, 18, 18, 18, 18, 18, 18, 18, 18, 18, 18, 18, 18, 18, 18, 18, 18, 18, 18, 18, 18, 18, 18, 18, 18, 18, 18, 18, 18, 18, 18, 18, 18, 18, 18, 18]

===== FIM =====
