===== RESULTADO BRKGA L(2,1) =====
Arquivo: /Users/mateuspedrosa/Documents/TCC-II/BRKGA/data/Harwell-Boeing_cleaned/fs_760_1_clean.mtx

----- Execução #1 -----
[INFO] Parou por estagnação.
Tempo de execução: 136226ms
Span (lambda): 31
best_order = [397, 445, 757, 550, 518, 587, 491, 451, 43, 443, 727, 135, 108, 341, 750, 541, 753, 584, 612, 581, 54, 674, 264, 617, 118, 570, 433, 338, 77, 628, 181, 251, 274, 700, 5, 114, 715, 670, 172, 683, 444, 682, 418, 447, 237, 4, 691, 627, 132, 414, 322, 129, 368, 299, 23, 287, 697, 384, 498, 603, 434, 719, 704, 374, 580, 634, 402, 492, 738, 464, 411, 638, 601, 520, 650, 6, 415, 176, 622, 271, 635, 711, 52, 34, 437, 477, 247, 564, 441, 425, 298, 162, 189, 702, 69, 660, 36, 677, 56, 198, 503, 413, 576, 391, 329, 726, 89, 119, 754, 238, 556, 233, 266, 134, 543, 540, 115, 116, 709, 542, 321, 676, 474, 47, 422, 311, 699, 647, 623, 463, 577, 751, 9, 64, 508, 532, 456, 58, 3, 656, 19, 187, 740, 148, 626, 489, 378, 16, 410, 46, 26, 101, 485, 224, 37, 496, 590, 150, 630, 688, 442, 574, 178, 367, 493, 669, 560, 448, 209, 724, 594, 641, 230, 455, 388, 334, 183, 306, 610, 263, 27, 281, 426, 152, 241, 320, 642, 526, 292, 113, 614, 352, 308, 131, 470, 427, 658, 734, 499, 138, 657, 255, 10, 188, 659, 29, 549, 211, 95, 606, 620, 151, 450, 438, 611, 504, 544, 516, 664, 585, 55, 505, 62, 204, 595, 692, 313, 254, 302, 648, 336, 143, 721, 84, 746, 171, 67, 199, 686, 637, 347, 41, 283, 429, 424, 376, 554, 355, 353, 733, 2, 387, 506, 482, 511, 104, 466, 208, 440, 756, 567, 743, 698, 102, 262, 646, 273, 406, 494, 11, 390, 758, 739, 515, 33, 558, 272, 18, 349, 164, 122, 249, 529, 250, 335, 149, 472, 509, 404, 121, 394, 624, 432, 690, 147, 475, 755, 653, 25, 307, 393, 672, 216, 44, 200, 106, 173, 469, 385, 295, 449, 276, 218, 286, 636, 679, 265, 607, 420, 495, 714, 597, 723, 232, 315, 383, 356, 421, 68, 186, 412, 212, 14, 170, 310, 625, 79, 76, 260, 316, 591, 88, 423, 236, 139, 325, 655, 231, 142, 479, 673, 267, 239, 303, 375, 454, 221, 513, 419, 270, 370, 166, 400, 350, 175, 323, 729, 462, 408, 569, 668, 747, 63, 330, 293, 98, 701, 22, 461, 223, 728, 180, 436, 290, 430, 471, 57, 196, 351, 609, 575, 155, 681, 300, 124, 465, 519, 109, 708, 586, 153, 137, 61, 579, 582, 731, 748, 280, 245, 562, 559, 192, 649, 435, 82, 752, 379, 684, 24, 600, 297, 716, 632, 226, 248, 117, 557, 652, 42, 488, 87, 525, 144, 667, 75, 604, 478, 431, 159, 720, 712, 742, 359, 528, 73, 563, 331, 193, 214, 163, 713, 555, 666, 222, 339, 112, 91, 269, 631, 718, 661, 459, 90, 621, 85, 487, 476, 619, 234, 190, 128, 123, 158, 725, 616, 483, 468, 678, 8, 161, 332, 244, 689, 103, 182, 258, 51, 416, 21, 342, 536, 312, 259, 83, 177, 365, 527, 695, 665, 107, 405, 301, 235, 382, 210, 735, 399, 133, 362, 13, 366, 629, 195, 545, 348, 72, 457, 596, 28, 403, 268, 304, 70, 179, 340, 523, 605, 318, 561, 361, 381, 305, 207, 389, 146, 396, 243, 380, 140, 202, 546, 749, 100, 38, 553, 203, 521, 486, 167, 78, 651, 452, 552, 736, 593, 737, 583, 174, 65, 71, 732, 242, 371, 507, 745, 568, 439, 275, 246, 707, 17, 717, 547, 59, 111, 120, 50, 480, 428, 296, 744, 633, 227, 145, 446, 500, 252, 49, 602, 328, 643, 467, 110, 680, 168, 360, 538, 48, 127, 517, 645, 256, 327, 136, 566, 588, 317, 484, 377, 722, 35, 253, 644, 324, 278, 319, 96, 685, 125, 497, 93, 154, 675, 640, 160, 213, 710, 364, 81, 502, 66, 662, 571, 289, 671, 184, 395, 0, 333, 99, 206, 572, 706, 185, 512, 156, 481, 759, 458, 531, 229, 589, 693, 354, 60, 473, 344, 573, 261, 12, 220, 288, 417, 228, 86, 615, 282, 663, 309, 357, 92, 74, 401, 277, 703, 343, 165, 522, 257, 15, 592, 639, 539, 372, 510, 386, 453, 407, 194, 284, 217, 291, 363, 551, 285, 369, 314, 705, 105, 225, 39, 94, 535, 618, 40, 608, 696, 358, 392, 80, 32, 599, 409, 201, 97, 20, 215, 548, 694, 197, 514, 1, 130, 373, 31, 565, 530, 294, 524, 169, 326, 534, 460, 279, 141, 501, 126, 157, 345, 533, 205, 537, 578, 654, 240, 730, 598, 45, 398, 741, 687, 346, 490, 219, 7, 337, 53, 30, 613, 191]
labeling = [24, 27, 1, 6, 0, 0, 0, 29, 16, 7, 10, 18, 27, 21, 19, 29, 11, 7, 17, 6, 30, 19, 16, 3, 19, 10, 8, 8, 22, 10, 31, 30, 29, 10, 9, 27, 5, 10, 19, 29, 28, 11, 20, 0, 16, 30, 4, 5, 31, 26, 23, 24, 6, 30, 1, 8, 7, 19, 7, 22, 26, 17, 9, 14, 7, 17, 21, 13, 11, 5, 21, 26, 22, 16, 26, 23, 18, 3, 21, 8, 1, 15, 7, 25, 2, 8, 19, 15, 7, 1, 6, 0, 18, 20, 6, 4, 26, 6, 13, 1, 20, 5, 13, 21, 11, 26, 15, 20, 0, 17, 25, 28, 19, 7, 4, 6, 9, 16, 2, 4, 22, 14, 15, 24, 18, 23, 27, 26, 21, 3, 29, 13, 4, 18, 8, 0, 27, 11, 12, 11, 18, 29, 17, 10, 21, 14, 20, 9, 4, 14, 5, 15, 0, 14, 5, 11, 29, 4, 20, 17, 19, 16, 6, 19, 13, 16, 14, 21, 29, 31, 12, 16, 1, 15, 21, 20, 0, 21, 9, 20, 4, 1, 4, 8, 3, 3, 3, 1, 3, 2, 13, 3, 5, 12, 15, 12, 21, 13, 5, 0, 6, 26, 25, 23, 10, 22, 18, 12, 10, 2, 19, 6, 13, 23, 20, 31, 15, 29, 16, 31, 3, 10, 0, 16, 1, 13, 5, 7, 15, 23, 3, 8, 11, 1, 2, 10, 20, 5, 6, 13, 8, 8, 3, 18, 8, 6, 13, 3, 5, 1, 6, 0, 15, 5, 0, 2, 13, 14, 8, 7, 10, 25, 14, 8, 3, 3, 1, 16, 17, 8, 18, 5, 9, 8, 3, 24, 16, 28, 24, 28, 0, 6, 26, 9, 22, 15, 9, 1, 12, 20, 15, 10, 2, 12, 15, 5, 23, 9, 3, 0, 12, 21, 11, 15, 23, 18, 10, 14, 8, 28, 16, 9, 21, 3, 27, 13, 19, 24, 22, 24, 7, 4, 2, 17, 27, 7, 29, 23, 27, 0, 20, 22, 12, 24, 16, 18, 12, 31, 1, 18, 16, 0, 19, 27, 15, 29, 30, 6, 23, 13, 14, 20, 8, 9, 24, 3, 4, 27, 25, 16, 23, 15, 24, 29, 17, 13, 19, 4, 2, 23, 13, 0, 5, 26, 6, 15, 8, 20, 4, 9, 15, 18, 23, 11, 5, 1, 24, 2, 3, 21, 9, 7, 26, 13, 13, 19, 22, 0, 18, 19, 8, 24, 0, 9, 12, 15, 13, 25, 12, 30, 6, 2, 7, 5, 2, 4, 23, 26, 0, 7, 4, 12, 8, 5, 9, 2, 5, 10, 14, 3, 17, 8, 3, 1, 5, 0, 20, 4, 6, 10, 0, 1, 3, 1, 0, 0, 9, 0, 4, 7, 10, 0, 0, 8, 10, 6, 1, 7, 9, 4, 2, 6, 9, 4, 2, 5, 1, 7, 9, 5, 1, 4, 2, 6, 0, 9, 4, 0, 3, 1, 8, 22, 3, 18, 12, 2, 16, 10, 14, 9, 17, 1, 3, 5, 17, 15, 13, 22, 4, 2, 11, 24, 24, 4, 4, 4, 7, 22, 2, 12, 27, 4, 24, 2, 22, 1, 2, 12, 0, 10, 0, 2, 5, 2, 9, 6, 2, 0, 4, 0, 0, 2, 2, 4, 0, 5, 6, 9, 10, 3, 4, 2, 8, 5, 9, 11, 22, 24, 18, 11, 0, 27, 16, 22, 10, 21, 1, 17, 10, 14, 5, 23, 12, 22, 6, 28, 25, 11, 24, 16, 2, 19, 23, 27, 12, 22, 3, 8, 26, 15, 3, 1, 18, 26, 1, 5, 17, 0, 20, 4, 7, 14, 25, 17, 14, 10, 25, 15, 30, 13, 10, 3, 23, 1, 5, 14, 11, 16, 6, 8, 4, 7, 0, 25, 13, 17, 24, 0, 14, 12, 9, 13, 5, 7, 14, 12, 6, 3, 1, 18, 8, 17, 15, 19, 7, 2, 17, 14, 5, 27, 13, 3, 10, 27, 24, 21, 11, 7, 9, 19, 4, 20, 17, 11, 23, 12, 10, 13, 11, 5, 0, 8, 27, 18, 8, 4, 16, 18, 13, 6, 3, 23, 2, 12, 0, 25, 2, 6, 13, 2, 17, 7, 4, 2, 20, 9, 2, 28, 6, 22, 11, 3, 10, 25, 29, 17, 30, 2, 14, 3, 1, 9, 7, 20, 2, 25, 23, 19, 15, 1, 22, 4, 11, 20, 18, 1, 21, 18, 8, 1, 14, 6, 26, 13, 4, 6, 3, 1, 5, 15, 24, 12, 18, 6, 15, 7, 26, 12, 3, 0, 2, 31, 22, 12, 25, 20, 12, 17, 19, 24, 1, 11, 14, 0, 11, 16, 14, 1, 15, 26]
convergência = [31, 31, 31, 31, 31, 31, 31, 31, 31, 31, 31, 31, 31, 31, 31, 31, 31, 31, 31, 31, 31, 31, 31, 31, 31, 31, 31, 31, 31, 31, 31, 31, 31, 31, 31, 31, 31, 31, 31, 31, 31, 31, 31, 31, 31, 31, 31, 31, 31, 31, 31, 31, 31, 31, 31, 31, 31, 31, 31, 31, 31, 31, 31, 31, 31, 31, 31, 31, 31, 31, 31, 31, 31, 31, 31, 31, 31, 31, 31, 31, 31, 31, 31, 31, 31, 31, 31, 31, 31, 31, 31, 31, 31, 31, 31, 31, 31, 31, 31, 31, 31, 31, 31, 31, 31, 31, 31, 31, 31, 31, 31, 31, 31, 31, 31, 31, 31, 31, 31, 31, 31, 31, 31, 31]

===== FIM =====
