===== RESULTADO BRKGA L(2,1) =====
Arquivo: /Users/mateuspedrosa/Documents/TCC-II/BRKGA/data/NR_DIMACS_cleaned/gen200-p0-9-55_clean.mtx

----- Execução #1 -----
[INFO] Time limit atingido: 15 minutos. Interrompido no meio de uma geração.
Tempo de execução: 900019ms
Span (lambda): 232
best_order = [111, 14, 52, 75, 39, 67, 196, 100, 91, 117, 132, 159, 2, 74, 73, 152, 166, 24, 29, 114, 89, 13, 101, 16, 113, 69, 198, 17, 169, 7, 54, 193, 126, 137, 125, 25, 195, 161, 163, 68, 41, 121, 158, 134, 93, 136, 143, 187, 106, 81, 188, 172, 107, 141, 15, 189, 55, 191, 139, 22, 173, 127, 118, 135, 47, 108, 72, 46, 157, 19, 183, 33, 178, 79, 3, 77, 123, 140, 12, 18, 62, 130, 165, 36, 51, 92, 186, 129, 180, 133, 109, 45, 49, 151, 115, 28, 119, 170, 194, 84, 174, 56, 102, 65, 57, 32, 11, 138, 176, 154, 153, 6, 53, 155, 87, 192, 0, 128, 162, 177, 181, 144, 160, 44, 99, 197, 63, 120, 168, 98, 145, 90, 148, 185, 21, 71, 96, 156, 150, 199, 146, 182, 82, 142, 9, 20, 50, 95, 60, 35, 83, 76, 171, 131, 31, 37, 175, 80, 112, 48, 5, 110, 179, 64, 8, 58, 86, 61, 27, 78, 88, 149, 94, 4, 167, 43, 59, 184, 34, 70, 105, 147, 26, 40, 85, 164, 38, 190, 97, 122, 116, 1, 124, 10, 66, 30, 23, 42, 104, 103]
labeling = [169, 122, 22, 106, 241, 223, 163, 55, 229, 202, 259, 155, 116, 40, 2, 23, 44, 52, 118, 107, 204, 73, 1, 117, 32, 17, 249, 226, 143, 34, 43, 203, 9, 110, 115, 212, 125, 60, 254, 8, 251, 70, 263, 243, 179, 77, 27, 101, 221, 139, 206, 127, 4, 158, 57, 94, 81, 153, 199, 245, 210, 233, 119, 15, 111, 83, 261, 10, 68, 48, 247, 79, 105, 26, 24, 6, 215, 112, 193, 64, 217, 84, 200, 214, 147, 201, 231, 167, 235, 38, 189, 14, 129, 51, 239, 208, 192, 75, 185, 5, 13, 42, 151, 267, 265, 224, 47, 7, 103, 137, 225, 0, 219, 46, 36, 141, 257, 16, 99, 145, 181, 72, 124, 71, 3, 33, 59, 95, 171, 133, 121, 87, 18, 69, 76, 31, 78, 61, 157, 98, 114, 90, 58, 80, 175, 187, 197, 130, 170, 237, 195, 91, 28, 161, 45, 165, 194, 97, 74, 20, 177, 65, 89, 66, 253, 123, 30, 39, 183, 53, 54, 164, 88, 100, 149, 172, 159, 173, 62, 227, 135, 25, 198, 108, 126, 190, 131, 82, 86, 92, 256, 96, 160, 41, 67, 63, 11, 37, 50, 102]
convergência = [240, 237, 237, 237, 237, 237, 237, 237, 237, 237, 237, 236, 236, 232, 232]

===== FIM =====
