===== RESULTADO BRKGA L(2,1) =====
Arquivo: /Users/mateuspedrosa/Documents/TCC-II/BRKGA/data/NR_DIMACS_cleaned/gen200-p0-9-44_clean.mtx

----- Execução #1 -----
[INFO] Time limit atingido: 15 minutos. Interrompido no meio de uma geração.
Tempo de execução: 900037ms
Span (lambda): 230
best_order = [135, 10, 4, 64, 189, 126, 76, 116, 195, 1, 86, 82, 32, 15, 85, 188, 140, 27, 65, 149, 186, 163, 39, 11, 177, 77, 37, 60, 132, 180, 161, 97, 34, 129, 162, 55, 109, 142, 134, 75, 175, 18, 173, 155, 115, 143, 20, 36, 148, 100, 33, 25, 182, 112, 154, 179, 70, 47, 83, 194, 128, 95, 110, 181, 43, 8, 127, 38, 171, 87, 14, 146, 63, 84, 114, 190, 59, 49, 164, 73, 98, 168, 193, 69, 67, 156, 0, 58, 81, 122, 78, 93, 131, 13, 48, 178, 185, 46, 139, 30, 89, 16, 53, 167, 54, 99, 105, 12, 71, 169, 45, 150, 187, 50, 123, 9, 198, 40, 26, 117, 56, 192, 172, 23, 199, 125, 107, 119, 130, 174, 158, 7, 153, 191, 136, 61, 31, 104, 160, 157, 111, 184, 3, 72, 52, 101, 183, 102, 57, 138, 152, 124, 103, 121, 197, 66, 120, 91, 21, 80, 94, 79, 170, 2, 5, 6, 133, 42, 68, 166, 62, 147, 90, 92, 96, 151, 113, 165, 106, 118, 137, 74, 141, 41, 29, 28, 51, 144, 88, 44, 19, 145, 22, 196, 24, 176, 17, 159, 108, 35]
labeling = [89, 17, 204, 183, 4, 134, 205, 173, 100, 159, 2, 37, 155, 139, 110, 22, 149, 235, 61, 146, 69, 198, 233, 148, 236, 79, 163, 30, 227, 225, 16, 179, 20, 77, 27, 60, 71, 31, 104, 36, 161, 197, 207, 98, 203, 58, 68, 87, 141, 117, 74, 229, 138, 5, 151, 53, 167, 187, 131, 49, 14, 177, 213, 107, 6, 32, 195, 129, 209, 127, 40, 97, 116, 121, 222, 29, 12, 41, 135, 99, 130, 54, 18, 21, 113, 24, 9, 108, 178, 147, 215, 196, 25, 137, 200, 92, 217, 48, 123, 101, 75, 3, 185, 158, 174, 153, 42, 126, 240, 55, 94, 181, 72, 219, 84, 65, 13, 165, 109, 114, 170, 193, 133, 157, 191, 169, 10, 102, 90, 50, 171, 118, 43, 186, 38, 0, 175, 1, 182, 145, 28, 223, 57, 67, 231, 124, 112, 194, 73, 19, 140, 206, 189, 136, 83, 51, 95, 78, 64, 238, 7, 46, 52, 11, 119, 220, 211, 86, 33, 111, 202, 106, 82, 63, 56, 59, 218, 39, 143, 85, 45, 96, 81, 35, 156, 142, 34, 103, 26, 8, 115, 93, 80, 125, 88, 15, 234, 176, 76, 23]
convergência = [241, 241, 241, 240, 240, 240, 240, 240, 238, 238, 236, 236, 234, 234, 232, 230]

===== FIM =====
