===== RESULTADO BRKGA L(2,1) =====
Arquivo: /Users/mateuspedrosa/Documents/TCC-II/BRKGA/data/NR_DIMACS_cleaned/gen400-p0-9-55_clean.mtx

----- Execução #1 -----
[INFO] Time limit atingido: 15 minutos. Interrompido no meio de uma geração.
Tempo de execução: 900011ms
Span (lambda): 446
best_order = [330, 378, 192, 345, 371, 60, 108, 47, 255, 135, 295, 104, 200, 355, 320, 278, 358, 326, 209, 302, 2, 193, 121, 160, 20, 136, 198, 335, 5, 137, 149, 239, 17, 39, 24, 194, 346, 348, 213, 73, 31, 389, 328, 385, 232, 259, 304, 22, 308, 262, 247, 6, 340, 222, 240, 74, 312, 267, 185, 29, 188, 286, 166, 71, 64, 300, 351, 131, 219, 32, 159, 88, 303, 59, 221, 8, 94, 317, 125, 394, 111, 272, 380, 70, 27, 366, 391, 296, 396, 95, 263, 261, 147, 101, 145, 89, 350, 34, 175, 218, 162, 84, 182, 336, 287, 332, 236, 361, 97, 11, 96, 134, 388, 311, 133, 315, 360, 26, 65, 381, 281, 382, 41, 231, 66, 395, 397, 40, 216, 323, 383, 253, 343, 30, 230, 53, 243, 37, 294, 319, 158, 63, 98, 18, 298, 105, 19, 289, 337, 183, 204, 186, 339, 138, 299, 120, 10, 75, 181, 146, 35, 301, 23, 279, 140, 242, 359, 274, 114, 36, 62, 384, 362, 50, 77, 214, 85, 87, 251, 293, 25, 67, 321, 387, 324, 46, 153, 260, 176, 223, 43, 210, 93, 49, 83, 268, 21, 48, 107, 364, 225, 143, 1, 370, 28, 363, 199, 116, 249, 173, 244, 4, 201, 322, 202, 316, 174, 258, 195, 177, 184, 54, 132, 161, 227, 80, 224, 44, 168, 190, 353, 157, 379, 172, 196, 115, 344, 206, 9, 386, 212, 257, 245, 270, 55, 100, 276, 99, 38, 329, 119, 208, 150, 256, 368, 273, 241, 117, 280, 229, 377, 392, 51, 123, 170, 191, 56, 57, 81, 52, 354, 233, 264, 86, 215, 314, 254, 167, 151, 234, 338, 399, 155, 0, 152, 179, 331, 290, 306, 266, 91, 164, 122, 45, 42, 154, 109, 369, 365, 275, 197, 180, 129, 288, 250, 58, 128, 374, 277, 110, 357, 211, 15, 139, 334, 398, 347, 106, 130, 248, 118, 292, 113, 220, 79, 144, 352, 13, 124, 69, 333, 207, 72, 238, 318, 393, 285, 356, 205, 246, 92, 14, 12, 291, 169, 375, 376, 189, 310, 76, 33, 3, 309, 297, 372, 156, 342, 102, 142, 390, 165, 282, 16, 103, 171, 163, 126, 178, 90, 284, 341, 252, 271, 305, 127, 148, 265, 228, 327, 203, 78, 217, 82, 313, 269, 141, 187, 235, 349, 373, 61, 226, 307, 7, 237, 283, 68, 367, 325, 112]
labeling = [225, 250, 38, 427, 242, 54, 93, 414, 63, 300, 222, 164, 348, 394, 417, 380, 280, 62, 57, 210, 46, 138, 87, 230, 66, 243, 173, 137, 266, 45, 193, 75, 114, 425, 150, 86, 236, 201, 278, 64, 187, 181, 367, 251, 61, 365, 25, 14, 184, 256, 240, 328, 313, 197, 281, 303, 166, 334, 192, 120, 10, 200, 238, 176, 109, 175, 183, 196, 469, 398, 135, 107, 404, 74, 67, 224, 172, 237, 219, 223, 287, 336, 376, 258, 156, 241, 341, 128, 118, 130, 445, 363, 415, 255, 51, 82, 165, 112, 205, 244, 310, 73, 435, 325, 22, 208, 362, 178, 12, 371, 335, 129, 311, 390, 217, 126, 143, 322, 370, 314, 106, 42, 182, 330, 396, 125, 441, 451, 119, 375, 386, 49, 122, 136, 155, 18, 48, 56, 220, 382, 232, 459, 411, 27, 381, 7, 53, 146, 379, 58, 318, 349, 358, 159, 369, 357, 431, 293, 203, 116, 44, 283, 154, 439, 331, 259, 105, 347, 289, 284, 3, 317, 294, 269, 29, 152, 249, 13, 443, 360, 257, 226, 158, 214, 279, 101, 216, 461, 103, 229, 213, 332, 4, 40, 68, 190, 296, 206, 50, 147, 24, 140, 275, 455, 157, 412, 168, 402, 316, 15, 253, 288, 153, 21, 202, 319, 65, 457, 37, 113, 392, 121, 97, 246, 124, 11, 463, 285, 453, 252, 195, 5, 83, 329, 351, 307, 162, 465, 406, 60, 80, 90, 59, 199, 271, 306, 413, 91, 388, 267, 239, 43, 447, 191, 345, 16, 231, 304, 277, 33, 211, 144, 47, 142, 339, 151, 115, 71, 260, 274, 308, 315, 131, 295, 234, 297, 261, 204, 30, 78, 324, 177, 292, 467, 265, 410, 41, 160, 100, 212, 361, 419, 23, 108, 88, 20, 141, 430, 207, 9, 111, 228, 36, 94, 85, 449, 290, 338, 89, 428, 423, 167, 99, 305, 343, 169, 104, 123, 408, 170, 28, 245, 273, 189, 247, 471, 34, 39, 79, 312, 0, 194, 149, 400, 384, 52, 17, 98, 353, 218, 95, 350, 433, 145, 298, 6, 70, 309, 72, 368, 148, 76, 393, 291, 337, 26, 235, 378, 32, 233, 171, 55, 186, 188, 262, 373, 1, 403, 320, 180, 264, 8, 282, 161, 377, 421, 270, 31, 2, 132, 133, 102, 179, 134, 198, 81, 302, 227, 69, 77, 437, 139, 326, 215, 127, 185, 96, 35, 327, 355]
convergência = [446]

===== FIM =====
