===== RESULTADO BRKGA L(2,1) =====
Arquivo: /Users/mateuspedrosa/Documents/TCC-II/BRKGA/data/NR_DIMACS_cleaned/gen400-p0-9-65_clean.mtx

----- Execução #1 -----
[INFO] Time limit atingido: 15 minutos. Interrompido no meio de uma geração.
Tempo de execução: 900066ms
Span (lambda): 447
best_order = [377, 151, 288, 96, 197, 180, 318, 222, 168, 291, 61, 366, 149, 286, 328, 104, 34, 356, 395, 66, 301, 125, 187, 237, 355, 375, 82, 54, 376, 280, 118, 247, 212, 389, 0, 177, 13, 16, 128, 11, 71, 59, 292, 354, 287, 43, 7, 253, 370, 58, 312, 317, 129, 239, 394, 199, 362, 22, 110, 264, 267, 14, 391, 372, 273, 97, 255, 246, 284, 15, 338, 130, 358, 225, 32, 171, 388, 29, 268, 210, 41, 114, 143, 325, 31, 77, 290, 9, 69, 298, 42, 113, 367, 345, 80, 381, 281, 340, 221, 121, 294, 304, 179, 141, 155, 285, 332, 122, 190, 36, 314, 133, 235, 276, 65, 166, 365, 4, 147, 289, 208, 227, 266, 131, 48, 146, 169, 83, 330, 79, 106, 204, 51, 94, 224, 333, 35, 107, 327, 350, 142, 178, 369, 3, 252, 342, 57, 74, 387, 134, 68, 52, 153, 384, 84, 136, 244, 336, 164, 348, 139, 305, 373, 233, 271, 393, 352, 254, 126, 78, 95, 90, 111, 140, 88, 229, 193, 63, 259, 26, 206, 185, 303, 70, 243, 282, 154, 272, 101, 145, 207, 62, 319, 93, 183, 202, 308, 144, 379, 396, 302, 261, 75, 269, 2, 92, 46, 184, 53, 73, 270, 163, 67, 211, 240, 158, 205, 175, 213, 138, 297, 380, 215, 182, 313, 127, 195, 382, 19, 112, 277, 39, 81, 217, 194, 258, 198, 368, 307, 220, 383, 378, 72, 27, 296, 341, 25, 148, 60, 226, 174, 167, 390, 263, 188, 157, 223, 361, 152, 311, 91, 347, 40, 8, 47, 50, 10, 293, 279, 123, 165, 309, 331, 1, 306, 159, 218, 132, 349, 234, 44, 124, 274, 191, 385, 100, 324, 28, 326, 200, 162, 23, 214, 241, 344, 196, 242, 310, 231, 117, 322, 238, 392, 103, 251, 21, 120, 299, 109, 30, 115, 170, 334, 371, 6, 230, 119, 278, 18, 186, 295, 108, 99, 38, 364, 283, 116, 262, 339, 85, 45, 86, 399, 315, 56, 181, 89, 173, 357, 102, 320, 24, 353, 245, 359, 172, 201, 351, 300, 335, 374, 209, 12, 397, 275, 176, 105, 20, 98, 316, 137, 161, 321, 360, 260, 250, 323, 386, 37, 55, 189, 17, 249, 236, 248, 265, 363, 228, 156, 135, 343, 232, 49, 33, 398, 160, 87, 346, 219, 337, 64, 329, 76, 192, 216, 150, 257, 203, 256, 5]
labeling = [57, 45, 239, 163, 55, 415, 120, 78, 263, 118, 233, 65, 432, 61, 97, 9, 63, 450, 392, 284, 435, 296, 91, 358, 5, 275, 225, 299, 269, 64, 381, 126, 66, 445, 30, 127, 158, 395, 396, 288, 315, 53, 132, 76, 342, 404, 173, 323, 165, 423, 325, 110, 201, 175, 31, 357, 412, 193, 50, 69, 14, 19, 41, 226, 335, 168, 36, 264, 199, 106, 234, 67, 297, 260, 195, 255, 471, 128, 220, 181, 37, 235, 43, 179, 205, 402, 406, 171, 135, 416, 155, 322, 256, 244, 16, 222, 6, 28, 349, 378, 350, 238, 391, 371, 29, 433, 139, 187, 370, 379, 60, 47, 286, 134, 123, 382, 372, 237, 51, 324, 375, 144, 96, 328, 344, 40, 7, 200, 35, 85, 94, 108, 337, 162, 197, 460, 207, 317, 276, 161, 224, 20, 191, 22, 250, 217, 125, 172, 304, 23, 186, 2, 318, 26, 204, 151, 245, 312, 270, 334, 434, 387, 356, 83, 211, 330, 170, 219, 15, 150, 384, 115, 401, 418, 88, 274, 292, 59, 129, 149, 10, 414, 112, 246, 258, 231, 114, 42, 310, 448, 156, 348, 421, 196, 291, 282, 182, 8, 122, 89, 354, 341, 228, 475, 183, 272, 229, 240, 174, 430, 121, 266, 54, 86, 360, 278, 466, 289, 336, 465, 273, 142, 13, 314, 79, 113, 306, 176, 376, 169, 388, 198, 463, 213, 340, 164, 452, 44, 369, 12, 268, 362, 214, 221, 209, 420, 107, 52, 454, 359, 442, 373, 167, 80, 212, 105, 476, 473, 259, 227, 440, 253, 398, 308, 93, 456, 178, 95, 119, 148, 262, 215, 100, 103, 346, 403, 166, 257, 390, 327, 49, 140, 236, 329, 109, 153, 25, 74, 4, 18, 102, 17, 70, 311, 146, 394, 300, 210, 130, 377, 424, 38, 251, 232, 147, 73, 254, 293, 248, 332, 366, 320, 68, 280, 160, 410, 436, 84, 11, 242, 152, 380, 367, 444, 184, 124, 352, 33, 27, 469, 137, 290, 154, 185, 279, 426, 131, 467, 71, 400, 141, 302, 1, 461, 364, 136, 383, 281, 75, 338, 189, 422, 218, 271, 72, 46, 32, 249, 111, 81, 438, 316, 90, 458, 58, 39, 21, 92, 180, 116, 82, 386, 101, 133, 428, 24, 48, 0, 247, 145, 98, 138, 252, 295, 203, 319, 446, 143, 117, 56, 3, 99, 188, 216, 87, 34, 223, 313, 443, 408]
convergência = []

===== FIM =====
