===== RESULTADO BRKGA L(2,1) =====
Arquivo: /Users/mateuspedrosa/Documents/TCC-II/BRKGA/data/Harwell-Boeing_cleaned/gent113_clean.mtx

----- Execução #1 -----
[INFO] Parou por estagnação.
Tempo de execução: 27919ms
Span (lambda): 29
best_order = [86, 14, 13, 80, 20, 83, 54, 64, 21, 85, 76, 60, 104, 5, 102, 55, 53, 34, 70, 59, 56, 35, 98, 11, 41, 30, 15, 22, 106, 79, 1, 107, 110, 33, 12, 66, 93, 26, 44, 81, 0, 88, 94, 19, 28, 103, 105, 52, 10, 29, 100, 96, 92, 16, 109, 75, 43, 48, 7, 36, 78, 3, 31, 111, 40, 99, 8, 101, 39, 23, 67, 72, 42, 68, 108, 69, 4, 17, 38, 45, 37, 97, 9, 6, 18, 95, 82, 77, 90, 73, 32, 74, 91, 89, 50, 57, 49, 112, 63, 24, 25, 27, 61, 51, 46, 62, 71, 58, 47, 87, 2, 84, 65]
labeling = [0, 0, 0, 0, 0, 0, 0, 0, 0, 26, 10, 1, 14, 3, 2, 6, 0, 10, 19, 2, 1, 4, 9, 8, 27, 19, 0, 29, 16, 17, 3, 1, 14, 6, 3, 4, 18, 25, 24, 15, 11, 6, 22, 21, 12, 6, 4, 4, 3, 11, 9, 16, 13, 5, 4, 0, 0, 8, 19, 7, 0, 9, 0, 2, 0, 8, 4, 5, 20, 6, 0, 7, 13, 23, 27, 21, 6, 26, 13, 11, 0, 14, 27, 1, 28, 2, 0, 29, 10, 15, 27, 29, 7, 10, 16, 25, 18, 14, 5, 11, 20, 23, 7, 17, 0, 19, 8, 9, 24, 5, 12, 22, 28]
convergência = [31, 31, 31, 31, 31, 31, 31, 31, 30, 30, 30, 30, 30, 30, 30, 30, 30, 30, 30, 29, 29, 29, 29, 29, 29, 29, 29, 29, 29, 29, 29, 29, 29, 29, 29, 29, 29, 29, 29, 29, 29, 29, 29, 29, 29, 29, 29, 29, 29, 29, 29, 29, 29, 29, 29, 29, 29, 29, 29, 29, 29, 29, 29, 29, 29, 29, 29, 29, 29, 29, 29, 29, 29, 29, 29, 29, 29, 29, 29, 29, 29, 29, 29, 29, 29, 29, 29, 29, 29, 29, 29, 29, 29, 29, 29, 29, 29, 29, 29, 29, 29, 29, 29, 29, 29, 29, 29, 29, 29, 29, 29, 29, 29, 29, 29, 29, 29, 29, 29, 29, 29, 29, 29, 29, 29, 29, 29, 29, 29, 29, 29, 29, 29, 29, 29, 29, 29, 29, 29, 29, 29, 29, 29]

===== FIM =====
