===== RESULTADO BRKGA L(2,1) =====
Arquivo: /Users/mateuspedrosa/Documents/TCC-II/BRKGA/data/Harwell-Boeing_cleaned/gr_30_30_clean.mtx

----- Execução #1 -----
[INFO] Parou por estagnação.
Tempo de execução: 94094ms
Span (lambda): 19
best_order = [208, 216, 100, 615, 856, 38, 679, 106, 604, 608, 231, 154, 693, 835, 52, 613, 139, 430, 497, 244, 871, 499, 198, 748, 526, 214, 574, 101, 234, 132, 61, 524, 138, 212, 83, 601, 297, 694, 875, 475, 611, 353, 547, 23, 487, 451, 590, 580, 141, 27, 465, 674, 707, 843, 525, 350, 75, 841, 818, 394, 77, 187, 880, 248, 470, 161, 119, 409, 414, 816, 747, 283, 157, 167, 1, 84, 661, 20, 164, 791, 678, 670, 637, 757, 837, 502, 90, 821, 261, 211, 251, 352, 801, 500, 110, 648, 328, 456, 128, 34, 25, 869, 649, 73, 515, 819, 292, 645, 431, 296, 145, 809, 289, 206, 237, 662, 758, 577, 464, 68, 148, 330, 325, 486, 422, 635, 441, 455, 599, 698, 162, 115, 120, 862, 592, 618, 359, 527, 507, 805, 579, 117, 58, 518, 778, 276, 393, 376, 302, 705, 786, 340, 243, 342, 114, 142, 658, 62, 684, 712, 387, 517, 69, 605, 31, 873, 558, 174, 822, 435, 520, 398, 146, 537, 616, 263, 560, 477, 511, 631, 24, 159, 311, 803, 609, 493, 587, 437, 180, 122, 63, 14, 18, 233, 254, 697, 593, 80, 651, 823, 569, 624, 681, 481, 630, 711, 584, 848, 896, 766, 360, 252, 42, 188, 358, 484, 556, 806, 323, 815, 479, 111, 151, 506, 672, 855, 379, 718, 294, 472, 534, 408, 834, 561, 643, 322, 308, 898, 240, 321, 266, 388, 586, 701, 98, 800, 94, 47, 735, 367, 30, 225, 716, 789, 780, 381, 260, 673, 811, 87, 191, 324, 602, 21, 769, 596, 732, 463, 459, 498, 0, 226, 307, 410, 6, 469, 449, 621, 85, 134, 894, 717, 450, 163, 772, 743, 638, 614, 668, 78, 383, 378, 671, 773, 349, 334, 845, 173, 147, 259, 726, 445, 236, 66, 427, 709, 636, 271, 739, 253, 656, 28, 785, 760, 597, 892, 249, 448, 770, 554, 17, 16, 386, 293, 483, 124, 385, 81, 389, 891, 438, 884, 102, 396, 96, 49, 523, 239, 299, 799, 86, 246, 209, 744, 808, 76, 290, 278, 551, 657, 190, 370, 519, 796, 440, 415, 646, 480, 634, 888, 793, 627, 496, 490, 156, 131, 327, 660, 37, 250, 728, 890, 318, 454, 699, 15, 343, 369, 872, 794, 347, 326, 825, 603, 530, 729, 473, 881, 721, 197, 710, 135, 175, 639, 467, 854, 380, 781, 724, 749, 176, 112, 452, 783, 434, 776, 675, 200, 532, 583, 269, 563, 552, 152, 595, 284, 202, 588, 695, 852, 447, 309, 775, 257, 177, 690, 654, 43, 685, 373, 230, 510, 576, 403, 213, 893, 118, 272, 65, 659, 79, 374, 395, 838, 228, 64, 458, 59, 895, 413, 436, 345, 442, 453, 564, 617, 9, 338, 280, 241, 354, 788, 331, 273, 723, 420, 777, 610, 242, 287, 185, 682, 375, 756, 201, 238, 183, 391, 74, 779, 267, 439, 432, 270, 255, 727, 516, 133, 733, 215, 641, 285, 846, 886, 494, 827, 512, 676, 655, 653, 130, 642, 647, 144, 404, 866, 849, 300, 95, 767, 221, 536, 443, 89, 150, 203, 669, 92, 426, 797, 742, 407, 474, 581, 172, 355, 689, 889, 304, 722, 562, 680, 5, 8, 339, 734, 54, 160, 400, 606, 107, 166, 4, 768, 55, 286, 418, 877, 310, 533, 790, 826, 844, 802, 600, 568, 411, 265, 155, 782, 348, 753, 7, 771, 235, 91, 60, 851, 291, 860, 123, 522, 158, 482, 82, 683, 692, 804, 598, 578, 444, 417, 514, 361, 899, 495, 126, 446, 882, 535, 192, 853, 372, 633, 336, 70, 795, 219, 503, 521, 421, 341, 585, 708, 268, 544, 687, 509, 460, 99, 719, 566, 97, 416, 433, 313, 39, 44, 207, 357, 858, 168, 93, 22, 390, 761, 35, 402, 419, 337, 736, 713, 488, 476, 247, 492, 195, 371, 377, 363, 11, 820, 666, 751, 399, 105, 33, 153, 571, 222, 274, 591, 179, 703, 817, 798, 865, 839, 262, 129, 258, 346, 612, 691, 401, 382, 622, 468, 364, 546, 665, 531, 528, 688, 109, 549, 457, 312, 663, 868, 879, 19, 864, 103, 607, 199, 572, 813, 832, 217, 178, 720, 305, 539, 186, 2, 205, 333, 629, 88, 193, 50, 301, 32, 859, 565, 189, 589, 725, 56, 513, 53, 545, 319, 227, 245, 223, 136, 762, 874, 405, 303, 850, 314, 3, 51, 181, 397, 755, 365, 759, 425, 567, 362, 867, 113, 12, 620, 763, 229, 731, 224, 737, 559, 125, 878, 366, 504, 842, 462, 116, 640, 204, 702, 329, 863, 485, 392, 384, 840, 550, 277, 335, 847, 730, 356, 829, 529, 210, 741, 870, 667, 833, 29, 715, 406, 489, 623, 264, 424, 792, 171, 137, 652, 220, 754, 557, 861, 368, 281, 282, 143, 740, 182, 570, 316, 104, 57, 553, 700, 196, 814, 887, 36, 824, 317, 306, 706, 71, 538, 218, 807, 644, 232, 41, 429, 423, 750, 632, 831, 764, 295, 548, 478, 555, 784, 857, 828, 686, 543, 256, 67, 650, 72, 774, 677, 491, 582, 412, 10, 315, 626, 351, 542, 573, 461, 46, 745, 876, 830, 508, 897, 810, 619, 738, 714, 140, 288, 812, 121, 628, 765, 746, 169, 428, 275, 320, 836, 48, 594, 664, 40, 540, 149, 541, 787, 471, 625, 279, 194, 45, 127, 505, 298, 108, 332, 165, 885, 501, 170, 26, 466, 883, 184, 575, 344, 704, 13, 696, 752]
labeling = [9, 1, 10, 2, 8, 5, 2, 10, 6, 4, 14, 1, 7, 9, 1, 4, 10, 8, 0, 12, 1, 4, 8, 3, 5, 1, 6, 0, 4, 9, 7, 5, 12, 16, 0, 15, 12, 8, 1, 12, 16, 10, 3, 5, 11, 6, 14, 5, 16, 9, 15, 17, 0, 11, 7, 14, 3, 16, 2, 6, 13, 0, 3, 7, 11, 9, 4, 14, 3, 5, 8, 13, 17, 0, 8, 2, 9, 3, 7, 11, 6, 10, 14, 2, 4, 10, 12, 7, 10, 8, 2, 11, 9, 14, 2, 13, 6, 11, 7, 15, 0, 2, 7, 14, 16, 13, 0, 12, 19, 13, 3, 8, 12, 16, 8, 6, 15, 4, 13, 0, 4, 16, 6, 12, 5, 16, 0, 18, 1, 17, 12, 10, 4, 11, 3, 5, 15, 17, 2, 0, 15, 1, 5, 18, 11, 0, 9, 11, 2, 6, 7, 1, 8, 15, 1, 10, 8, 4, 9, 3, 14, 1, 6, 9, 1, 18, 9, 4, 10, 18, 6, 17, 14, 7, 2, 5, 3, 7, 14, 8, 5, 14, 17, 11, 18, 6, 15, 2, 6, 0, 5, 8, 13, 17, 14, 7, 11, 6, 1, 12, 4, 11, 9, 12, 16, 14, 1, 12, 0, 5, 12, 2, 0, 7, 3, 9, 0, 13, 17, 12, 16, 10, 15, 11, 19, 5, 0, 13, 8, 14, 7, 0, 18, 3, 0, 10, 8, 4, 9, 2, 4, 10, 13, 5, 1, 16, 4, 10, 1, 4, 7, 1, 4, 6, 2, 10, 17, 2, 10, 3, 5, 2, 15, 6, 17, 13, 6, 11, 13, 7, 1, 6, 8, 11, 14, 6, 2, 14, 6, 15, 11, 9, 17, 0, 8, 12, 14, 6, 18, 1, 11, 13, 4, 12, 9, 15, 3, 0, 15, 5, 9, 12, 2, 17, 3, 12, 17, 0, 3, 8, 5, 3, 13, 11, 15, 1, 9, 16, 4, 14, 16, 8, 10, 7, 5, 1, 7, 9, 2, 10, 0, 5, 19, 13, 1, 15, 7, 13, 10, 12, 0, 10, 1, 4, 18, 5, 13, 2, 12, 9, 0, 6, 2, 0, 11, 13, 17, 12, 6, 4, 3, 7, 15, 6, 9, 5, 11, 4, 18, 7, 4, 16, 8, 6, 2, 7, 0, 10, 7, 3, 13, 4, 17, 9, 16, 6, 4, 0, 8, 1, 1, 10, 17, 4, 0, 3, 8, 16, 1, 14, 11, 18, 13, 0, 12, 14, 17, 15, 5, 1, 8, 15, 19, 7, 1, 8, 15, 11, 5, 10, 8, 12, 2, 19, 16, 12, 10, 6, 19, 17, 0, 2, 5, 15, 10, 5, 9, 2, 11, 14, 12, 6, 10, 12, 14, 3, 13, 9, 7, 2, 5, 0, 6, 11, 9, 7, 2, 15, 9, 4, 10, 12, 19, 8, 3, 1, 16, 13, 4, 9, 3, 16, 2, 5, 9, 0, 16, 4, 12, 0, 7, 3, 13, 4, 0, 14, 5, 0, 12, 16, 8, 3, 16, 6, 11, 14, 8, 0, 7, 1, 5, 11, 0, 15, 7, 18, 6, 1, 10, 5, 9, 1, 8, 15, 12, 3, 11, 8, 3, 6, 0, 14, 9, 2, 0, 4, 2, 5, 14, 10, 8, 14, 6, 13, 4, 2, 8, 3, 13, 7, 6, 16, 5, 17, 6, 16, 13, 1, 18, 9, 11, 4, 12, 5, 7, 18, 10, 17, 3, 16, 2, 4, 10, 8, 11, 14, 12, 15, 9, 2, 4, 10, 13, 11, 2, 18, 10, 4, 14, 5, 2, 8, 19, 10, 3, 15, 12, 8, 11, 6, 0, 12, 1, 3, 17, 9, 0, 4, 11, 0, 2, 0, 8, 4, 0, 5, 12, 17, 0, 7, 10, 0, 16, 1, 8, 0, 6, 14, 1, 13, 15, 5, 9, 13, 5, 19, 13, 7, 14, 8, 7, 5, 14, 6, 9, 3, 7, 2, 9, 13, 4, 12, 14, 5, 18, 4, 9, 16, 5, 7, 10, 2, 16, 11, 7, 10, 2, 5, 1, 3, 9, 1, 3, 12, 18, 16, 14, 18, 11, 15, 1, 8, 3, 7, 2, 11, 7, 12, 3, 0, 14, 4, 8, 3, 0, 4, 16, 11, 15, 6, 4, 13, 10, 0, 2, 10, 1, 5, 0, 3, 17, 6, 13, 10, 15, 0, 17, 1, 6, 8, 12, 6, 1, 14, 17, 13, 6, 8, 4, 13, 7, 2, 5, 7, 4, 15, 7, 13, 8, 10, 14, 2, 4, 1, 8, 4, 9, 14, 16, 10, 17, 15, 11, 7, 5, 1, 18, 2, 0, 9, 9, 12, 14, 11, 17, 9, 11, 2, 4, 1, 5, 8, 12, 14, 16, 18, 2, 11, 0, 4, 7, 13, 4, 9, 15, 11, 9, 12, 5, 11, 0, 6, 8, 0, 19, 3, 5, 16, 9, 7, 11, 0, 10, 6, 3, 12, 5, 8, 13, 9, 2, 0, 6, 2, 13, 3, 6, 14, 7, 3, 11, 4, 10, 13, 15, 7, 1, 12, 0, 3, 13, 2, 4, 1, 15, 7, 10, 3, 17, 15, 5, 17, 11, 16, 5, 0, 16, 1, 10, 13, 9, 2, 7, 1, 9, 4, 10, 14, 6, 8, 15, 9, 7, 11, 9, 2, 0, 14, 6, 10, 8, 13, 1, 14, 10, 8, 4, 12, 8, 0, 6, 0, 5, 3, 6, 0, 8, 2, 11, 4, 1, 5, 0, 3, 5, 12, 4, 8, 1, 4, 0, 6, 4, 7, 3, 6, 2, 14, 3, 5]
convergência = [20, 20, 20, 20, 20, 20, 20, 20, 20, 20, 20, 20, 20, 20, 20, 20, 20, 20, 20, 20, 20, 20, 20, 20, 20, 20, 19, 19, 19, 19, 19, 19, 19, 19, 19, 19, 19, 19, 19, 19, 19, 19, 19, 19, 19, 19, 19, 19, 19, 19, 19, 19, 19, 19, 19, 19, 19, 19, 19, 19, 19, 19, 19, 19, 19, 19, 19, 19, 19, 19, 19, 19, 19, 19, 19, 19, 19, 19, 19, 19, 19, 19, 19, 19, 19, 19, 19, 19, 19, 19, 19, 19, 19, 19, 19, 19, 19, 19, 19, 19, 19, 19, 19, 19, 19, 19, 19, 19, 19, 19, 19, 19, 19, 19, 19, 19, 19, 19, 19, 19, 19, 19, 19, 19, 19, 19, 19, 19, 19, 19, 19, 19, 19, 19, 19, 19, 19, 19, 19, 19, 19, 19, 19, 19, 19, 19, 19, 19, 19, 19]

===== FIM =====
