===== RESULTADO BRKGA L(2,1) =====
Arquivo: /Users/mateuspedrosa/Documents/TCC-II/BRKGA/data/Harwell-Boeing_cleaned/gre_343_clean.mtx

----- Execução #1 -----
[INFO] Parou por estagnação.
Tempo de execução: 32011ms
Span (lambda): 18
best_order = [278, 153, 225, 199, 282, 188, 80, 51, 291, 185, 140, 239, 299, 44, 156, 179, 273, 214, 195, 160, 90, 134, 24, 227, 161, 240, 180, 319, 124, 59, 4, 203, 271, 335, 236, 150, 157, 309, 6, 15, 317, 155, 244, 286, 231, 34, 86, 267, 110, 106, 136, 234, 238, 91, 111, 259, 42, 198, 246, 232, 88, 78, 142, 226, 72, 109, 149, 18, 336, 177, 196, 292, 82, 138, 108, 220, 139, 132, 54, 194, 265, 107, 266, 272, 14, 284, 128, 189, 334, 168, 252, 50, 35, 257, 43, 97, 256, 76, 41, 297, 28, 17, 298, 36, 176, 208, 325, 341, 45, 285, 201, 323, 39, 11, 19, 250, 314, 288, 146, 310, 30, 197, 254, 235, 60, 99, 92, 93, 315, 104, 84, 277, 127, 305, 263, 130, 21, 173, 119, 175, 23, 40, 268, 170, 251, 313, 331, 22, 169, 55, 301, 172, 137, 229, 2, 249, 318, 75, 224, 275, 120, 98, 174, 216, 308, 333, 116, 326, 205, 339, 26, 10, 16, 122, 148, 48, 57, 1, 165, 213, 186, 300, 20, 47, 152, 171, 96, 151, 0, 3, 342, 330, 279, 115, 12, 147, 94, 29, 264, 61, 217, 103, 212, 281, 129, 293, 83, 114, 269, 320, 81, 158, 126, 123, 242, 243, 105, 95, 322, 135, 221, 248, 32, 71, 178, 312, 247, 218, 70, 210, 131, 159, 117, 113, 211, 245, 219, 163, 118, 324, 58, 9, 154, 191, 340, 5, 66, 206, 294, 261, 337, 276, 8, 46, 223, 7, 182, 202, 329, 65, 79, 302, 187, 27, 183, 62, 262, 193, 102, 101, 230, 33, 52, 112, 100, 87, 215, 77, 209, 37, 280, 68, 64, 306, 260, 311, 53, 25, 190, 13, 192, 316, 332, 290, 63, 287, 204, 258, 164, 143, 200, 289, 295, 327, 207, 283, 228, 184, 85, 69, 270, 338, 181, 145, 73, 133, 241, 296, 38, 162, 328, 274, 56, 141, 74, 49, 166, 121, 222, 167, 304, 144, 233, 321, 125, 67, 89, 237, 303, 255, 253, 31, 307]
labeling = [5, 2, 4, 6, 0, 12, 0, 14, 9, 10, 11, 1, 8, 14, 4, 1, 8, 3, 2, 5, 12, 6, 7, 10, 0, 16, 9, 10, 8, 10, 7, 1, 8, 14, 3, 0, 1, 13, 16, 5, 11, 6, 2, 5, 0, 5, 3, 9, 2, 13, 4, 0, 4, 7, 2, 8, 10, 5, 4, 0, 9, 3, 13, 17, 12, 4, 12, 6, 14, 8, 17, 10, 3, 16, 12, 6, 10, 15, 1, 15, 0, 12, 1, 12, 3, 13, 1, 14, 2, 18, 1, 7, 4, 7, 10, 16, 9, 6, 0, 7, 12, 8, 11, 13, 0, 13, 3, 9, 6, 4, 2, 5, 16, 11, 9, 7, 5, 15, 9, 8, 11, 10, 11, 15, 3, 12, 14, 8, 2, 9, 3, 10, 0, 17, 1, 14, 5, 7, 5, 6, 1, 17, 0, 17, 18, 12, 5, 8, 6, 4, 3, 5, 3, 0, 17, 0, 2, 4, 14, 10, 1, 0, 14, 2, 13, 9, 12, 15, 8, 2, 9, 12, 11, 7, 8, 10, 4, 3, 7, 0, 0, 7, 11, 12, 18, 2, 13, 14, 1, 7, 1, 13, 6, 12, 5, 2, 3, 4, 2, 0, 3, 8, 13, 4, 15, 11, 14, 16, 4, 15, 6, 10, 9, 7, 0, 17, 10, 7, 6, 16, 6, 9, 17, 18, 10, 0, 4, 3, 5, 1, 14, 3, 7, 17, 0, 10, 0, 13, 3, 2, 1, 13, 8, 10, 4, 1, 5, 15, 14, 4, 8, 12, 8, 16, 9, 15, 6, 7, 12, 6, 9, 17, 1, 10, 4, 5, 6, 3, 7, 11, 12, 1, 3, 0, 2, 13, 17, 5, 0, 11, 14, 3, 0, 13, 8, 5, 2, 15, 9, 12, 14, 0, 2, 9, 10, 18, 15, 1, 7, 2, 7, 10, 13, 2, 7, 2, 7, 0, 10, 4, 10, 15, 6, 4, 0, 3, 8, 6, 4, 1, 6, 16, 11, 1, 13, 8, 4, 12, 9, 5, 11, 10, 3, 2, 0, 3, 0, 12, 6, 7, 1, 5, 0]
convergência = [19, 19, 19, 19, 19, 19, 19, 19, 19, 19, 19, 19, 19, 19, 19, 19, 18, 18, 18, 18, 18, 18, 18, 18, 18, 18, 18, 18, 18, 18, 18, 18, 18, 18, 18, 18, 18, 18, 18, 18, 18, 18, 18, 18, 18, 18, 18, 18, 18, 18, 18, 18, 18, 18, 18, 18, 18, 18, 18, 18, 18, 18, 18, 18, 18, 18, 18, 18, 18, 18, 18, 18, 18, 18, 18, 18, 18, 18, 18, 18, 18, 18, 18, 18, 18, 18, 18, 18, 18, 18, 18, 18, 18, 18, 18, 18, 18, 18, 18, 18, 18, 18, 18, 18, 18, 18, 18, 18, 18, 18, 18, 18, 18, 18, 18, 18, 18, 18, 18, 18, 18, 18, 18, 18, 18, 18, 18, 18, 18, 18, 18, 18, 18, 18, 18, 18, 18, 18, 18, 18]

===== FIM =====
