===== RESULTADO BRKGA L(2,1) =====
Arquivo: /Users/mateuspedrosa/Documents/TCC-II/BRKGA/data/Harwell-Boeing_cleaned/gre_216b_clean.mtx

----- Execução #1 -----
[INFO] Parou por estagnação.
Tempo de execução: 27449ms
Span (lambda): 16
best_order = [100, 188, 67, 66, 58, 98, 96, 74, 34, 214, 8, 122, 112, 187, 29, 109, 141, 197, 116, 196, 51, 194, 1, 41, 105, 82, 133, 150, 106, 172, 13, 6, 24, 164, 27, 206, 180, 4, 139, 137, 36, 155, 142, 136, 146, 102, 90, 213, 138, 174, 30, 56, 178, 86, 65, 111, 97, 89, 83, 78, 87, 211, 144, 101, 127, 28, 181, 123, 162, 50, 168, 204, 18, 160, 184, 25, 7, 198, 23, 92, 147, 135, 81, 38, 37, 175, 91, 2, 212, 17, 93, 157, 209, 53, 210, 69, 32, 107, 14, 161, 117, 31, 152, 179, 84, 186, 182, 145, 167, 151, 39, 70, 149, 169, 94, 153, 200, 55, 208, 48, 129, 132, 57, 114, 54, 125, 199, 192, 103, 52, 134, 158, 128, 35, 68, 21, 124, 43, 177, 88, 0, 148, 215, 85, 165, 20, 191, 104, 19, 15, 72, 33, 5, 115, 71, 63, 113, 10, 9, 131, 26, 62, 64, 3, 171, 77, 163, 42, 12, 189, 176, 49, 143, 75, 61, 183, 154, 108, 170, 46, 80, 95, 185, 22, 140, 156, 45, 202, 173, 130, 79, 195, 44, 193, 203, 126, 110, 166, 60, 16, 159, 47, 76, 205, 99, 73, 190, 119, 59, 118, 120, 207, 121, 40, 11, 201]
labeling = [5, 0, 4, 8, 1, 6, 1, 3, 0, 14, 4, 13, 12, 3, 9, 2, 6, 10, 6, 7, 13, 11, 16, 5, 4, 0, 15, 5, 3, 1, 0, 11, 7, 9, 0, 8, 1, 3, 8, 10, 9, 2, 14, 11, 6, 7, 14, 2, 12, 3, 5, 0, 5, 1, 9, 4, 6, 9, 0, 16, 13, 8, 13, 12, 5, 0, 2, 0, 13, 4, 6, 10, 6, 15, 2, 14, 10, 12, 7, 16, 15, 1, 3, 4, 10, 4, 7, 9, 1, 5, 4, 3, 8, 9, 8, 11, 1, 7, 0, 16, 0, 7, 2, 10, 13, 1, 6, 11, 9, 5, 16, 6, 3, 11, 5, 14, 2, 5, 16, 13, 4, 14, 3, 11, 15, 9, 9, 8, 11, 7, 14, 2, 10, 0, 8, 13, 4, 0, 6, 1, 13, 0, 3, 12, 8, 2, 1, 6, 3, 0, 4, 12, 5, 15, 9, 0, 16, 14, 11, 15, 7, 10, 6, 9, 2, 12, 6, 9, 1, 4, 3, 13, 1, 14, 6, 7, 3, 12, 1, 8, 4, 5, 4, 10, 3, 5, 8, 1, 0, 8, 12, 15, 10, 2, 3, 13, 0, 0, 7, 9, 6, 7, 11, 13, 5, 2, 1, 14, 11, 5, 9, 4, 3, 2, 0, 6]
convergência = [18, 18, 18, 17, 17, 17, 17, 17, 17, 17, 17, 17, 17, 17, 17, 17, 17, 17, 17, 17, 17, 17, 17, 17, 17, 17, 17, 17, 17, 17, 17, 17, 17, 17, 17, 17, 17, 17, 17, 17, 17, 17, 17, 17, 17, 17, 17, 17, 17, 17, 17, 17, 17, 17, 17, 17, 17, 17, 17, 17, 17, 17, 17, 17, 17, 17, 17, 17, 17, 17, 17, 17, 17, 17, 17, 17, 17, 17, 17, 16, 16, 16, 16, 16, 16, 16, 16, 16, 16, 16, 16, 16, 16, 16, 16, 16, 16, 16, 16, 16, 16, 16, 16, 16, 16, 16, 16, 16, 16, 16, 16, 16, 16, 16, 16, 16, 16, 16, 16, 16, 16, 16, 16, 16, 16, 16, 16, 16, 16, 16, 16, 16, 16, 16, 16, 16, 16, 16, 16, 16, 16, 16, 16, 16, 16, 16, 16, 16, 16, 16, 16, 16, 16, 16, 16, 16, 16, 16, 16, 16, 16, 16, 16, 16, 16, 16, 16, 16, 16, 16, 16, 16, 16, 16, 16, 16, 16, 16, 16, 16, 16, 16, 16, 16, 16, 16, 16, 16, 16, 16, 16, 16, 16, 16, 16, 16, 16, 16, 16, 16, 16, 16, 16]

===== FIM =====
