===== RESULTADO BRKGA L(2,1) =====
Arquivo: /Users/mateuspedrosa/Documents/TCC-II/BRKGA/data/Harwell-Boeing_cleaned/gre_512_clean.mtx

----- Execução #1 -----
[INFO] Parou por estagnação.
Tempo de execução: 42956ms
Span (lambda): 19
best_order = [222, 483, 331, 291, 388, 357, 406, 120, 509, 38, 175, 173, 50, 226, 143, 352, 309, 141, 194, 275, 117, 43, 263, 375, 92, 510, 268, 130, 258, 501, 421, 308, 325, 279, 363, 136, 405, 397, 105, 212, 361, 480, 95, 145, 18, 264, 379, 128, 133, 55, 362, 15, 241, 478, 313, 290, 247, 462, 503, 244, 464, 305, 355, 371, 505, 435, 253, 365, 316, 246, 81, 444, 338, 458, 491, 239, 138, 277, 257, 298, 233, 121, 493, 211, 271, 422, 114, 217, 490, 441, 451, 17, 476, 474, 452, 506, 252, 286, 209, 27, 378, 443, 147, 69, 354, 301, 273, 251, 288, 56, 466, 157, 437, 299, 323, 201, 416, 461, 41, 203, 399, 341, 155, 225, 104, 218, 321, 317, 79, 485, 431, 7, 89, 430, 319, 412, 131, 471, 119, 87, 456, 181, 370, 265, 345, 285, 307, 278, 383, 326, 227, 162, 276, 85, 25, 165, 504, 315, 482, 182, 186, 376, 440, 304, 348, 13, 368, 135, 98, 400, 380, 274, 221, 91, 499, 347, 129, 84, 215, 296, 22, 343, 294, 366, 427, 404, 224, 8, 3, 208, 502, 21, 118, 266, 113, 71, 496, 312, 42, 159, 340, 111, 152, 417, 202, 289, 14, 58, 216, 12, 166, 367, 364, 262, 156, 158, 360, 177, 230, 2, 500, 393, 374, 80, 235, 228, 142, 39, 498, 411, 384, 62, 205, 164, 102, 429, 65, 488, 122, 434, 402, 73, 479, 184, 330, 47, 395, 195, 413, 137, 23, 16, 465, 295, 284, 267, 396, 470, 197, 306, 236, 144, 394, 432, 489, 93, 232, 492, 511, 448, 112, 487, 442, 75, 53, 475, 176, 198, 423, 149, 447, 337, 497, 242, 287, 116, 48, 237, 358, 46, 389, 171, 356, 407, 494, 123, 168, 418, 150, 324, 35, 49, 19, 52, 468, 108, 250, 132, 83, 254, 161, 238, 124, 433, 398, 163, 453, 408, 372, 346, 107, 385, 425, 169, 213, 103, 449, 68, 59, 401, 314, 302, 300, 11, 455, 167, 51, 183, 484, 1, 82, 332, 424, 463, 477, 200, 439, 245, 63, 381, 10, 94, 146, 445, 151, 78, 31, 369, 261, 334, 342, 106, 335, 472, 333, 409, 100, 243, 174, 391, 377, 486, 320, 37, 382, 54, 76, 126, 350, 60, 90, 64, 196, 280, 193, 77, 459, 272, 97, 415, 99, 30, 154, 229, 32, 386, 234, 390, 373, 125, 127, 160, 29, 410, 392, 24, 249, 134, 20, 101, 438, 318, 460, 473, 260, 204, 328, 72, 351, 240, 40, 327, 0, 187, 207, 96, 414, 297, 507, 172, 206, 44, 34, 467, 74, 481, 428, 454, 223, 446, 26, 67, 293, 270, 210, 420, 419, 359, 329, 110, 179, 231, 283, 9, 495, 436, 45, 259, 190, 192, 36, 6, 469, 189, 339, 311, 344, 178, 191, 426, 349, 508, 61, 248, 33, 403, 139, 153, 66, 219, 86, 148, 310, 214, 170, 88, 57, 353, 5, 220, 281, 303, 256, 4, 387, 336, 322, 292, 28, 282, 199, 185, 269, 450, 115, 188, 255, 140, 457, 109, 180, 70]
labeling = [5, 0, 4, 3, 9, 13, 8, 2, 0, 11, 4, 8, 7, 5, 6, 0, 3, 1, 0, 3, 8, 3, 2, 6, 9, 4, 9, 1, 18, 12, 5, 13, 9, 16, 15, 6, 13, 11, 0, 9, 5, 3, 2, 0, 13, 10, 4, 7, 5, 11, 0, 8, 5, 10, 5, 4, 2, 16, 8, 0, 16, 13, 2, 11, 0, 8, 17, 14, 9, 6, 19, 6, 8, 4, 8, 4, 1, 14, 4, 6, 0, 1, 10, 12, 8, 4, 11, 1, 17, 0, 12, 4, 1, 7, 8, 2, 15, 13, 2, 5, 14, 17, 7, 9, 7, 2, 10, 9, 2, 15, 11, 2, 7, 9, 3, 15, 11, 1, 5, 0, 0, 5, 4, 8, 7, 18, 9, 11, 3, 5, 0, 0, 12, 1, 8, 4, 3, 15, 3, 14, 19, 1, 4, 0, 4, 1, 0, 5, 17, 8, 4, 8, 10, 6, 10, 7, 9, 7, 6, 1, 14, 10, 2, 14, 12, 6, 4, 10, 1, 10, 18, 13, 18, 0, 2, 2, 12, 11, 16, 7, 3, 2, 5, 16, 12, 2, 8, 15, 9, 18, 7, 14, 12, 15, 0, 13, 9, 4, 2, 18, 11, 5, 9, 3, 13, 10, 17, 16, 11, 2, 6, 3, 2, 16, 17, 10, 6, 5, 1, 17, 8, 7, 0, 14, 8, 7, 0, 4, 7, 14, 13, 18, 11, 6, 11, 8, 4, 8, 14, 3, 14, 0, 13, 12, 3, 0, 5, 2, 17, 18, 13, 1, 9, 0, 3, 7, 17, 4, 1, 11, 11, 16, 10, 0, 2, 6, 5, 11, 1, 14, 8, 7, 16, 6, 3, 0, 12, 5, 0, 2, 10, 16, 5, 9, 6, 2, 4, 8, 6, 9, 4, 1, 11, 11, 10, 12, 9, 8, 7, 2, 10, 5, 0, 13, 8, 3, 11, 4, 1, 2, 13, 15, 6, 3, 5, 3, 4, 7, 14, 11, 17, 9, 17, 7, 8, 0, 6, 15, 14, 7, 7, 0, 6, 12, 14, 10, 8, 7, 6, 17, 5, 9, 15, 4, 14, 1, 12, 9, 8, 10, 9, 10, 0, 16, 8, 2, 13, 1, 13, 15, 3, 0, 3, 1, 11, 5, 3, 1, 5, 5, 3, 5, 3, 13, 11, 0, 1, 4, 5, 3, 6, 10, 11, 7, 13, 13, 17, 11, 0, 7, 14, 6, 2, 9, 6, 12, 12, 0, 14, 4, 4, 16, 15, 19, 2, 6, 2, 9, 2, 14, 16, 10, 7, 7, 17, 18, 2, 9, 10, 18, 9, 4, 5, 4, 9, 10, 19, 8, 16, 5, 7, 5, 7, 6, 4, 0, 8, 0, 12, 14, 3, 2, 11, 0, 0, 14, 12, 0, 6, 6, 18, 3, 5, 11, 14, 9, 6, 17, 2, 14, 12, 2, 1, 6, 1, 9, 5, 16, 3, 11, 7, 3, 13, 10, 4, 9, 3, 8, 0, 5, 1, 4, 7, 0, 13, 6, 15, 11, 10, 1, 2, 3, 8, 1, 13, 7, 8, 12, 5, 8, 9, 0, 10, 2, 6, 3, 4, 11, 11, 0, 2, 4]
convergência = [20, 20, 20, 19, 19, 19, 19, 19, 19, 19, 19, 19, 19, 19, 19, 19, 19, 19, 19, 19, 19, 19, 19, 19, 19, 19, 19, 19, 19, 19, 19, 19, 19, 19, 19, 19, 19, 19, 19, 19, 19, 19, 19, 19, 19, 19, 19, 19, 19, 19, 19, 19, 19, 19, 19, 19, 19, 19, 19, 19, 19, 19, 19, 19, 19, 19, 19, 19, 19, 19, 19, 19, 19, 19, 19, 19, 19, 19, 19, 19, 19, 19, 19, 19, 19, 19, 19, 19, 19, 19, 19, 19, 19, 19, 19, 19, 19, 19, 19, 19, 19, 19, 19, 19, 19, 19, 19, 19, 19, 19, 19, 19, 19, 19, 19, 19, 19, 19, 19, 19, 19, 19, 19, 19, 19, 19, 19]

===== FIM =====
