===== RESULTADO BRKGA L(2,1) =====
Arquivo: /Users/mateuspedrosa/Documents/TCC-II/BRKGA/data/Harwell-Boeing_cleaned/gre_115_clean.mtx

----- Execução #1 -----
[INFO] Parou por estagnação.
Tempo de execução: 6731ms
Span (lambda): 12
best_order = [61, 96, 9, 111, 15, 90, 101, 57, 59, 79, 91, 112, 5, 53, 65, 74, 20, 39, 54, 8, 19, 3, 49, 6, 109, 51, 63, 60, 16, 1, 34, 10, 0, 44, 69, 28, 13, 37, 24, 75, 81, 26, 68, 94, 102, 73, 22, 92, 12, 27, 41, 105, 52, 55, 33, 43, 95, 17, 76, 35, 82, 89, 11, 78, 48, 71, 108, 58, 21, 40, 72, 104, 56, 47, 85, 67, 31, 4, 2, 62, 98, 110, 86, 113, 46, 38, 83, 45, 106, 32, 80, 14, 50, 18, 30, 64, 114, 25, 70, 77, 87, 103, 97, 29, 7, 107, 99, 42, 88, 93, 84, 66, 100, 36, 23]
labeling = [8, 6, 10, 1, 11, 5, 0, 11, 2, 0, 4, 6, 2, 3, 7, 0, 3, 9, 10, 3, 1, 4, 6, 10, 7, 11, 5, 6, 4, 2, 9, 7, 12, 2, 1, 8, 12, 4, 8, 0, 5, 4, 11, 7, 0, 5, 2, 8, 7, 2, 4, 3, 7, 0, 1, 4, 10, 0, 9, 4, 3, 0, 2, 1, 8, 2, 12, 0, 3, 0, 9, 10, 1, 5, 2, 4, 9, 8, 7, 1, 11, 3, 9, 11, 7, 5, 4, 5, 12, 7, 2, 2, 7, 8, 4, 4, 0, 7, 7, 11, 5, 0, 6, 3, 1, 9, 7, 9, 0, 6, 2, 0, 5, 6, 6]
convergência = [13, 13, 13, 13, 13, 13, 13, 13, 13, 13, 13, 13, 13, 13, 13, 13, 13, 13, 13, 13, 13, 13, 13, 13, 12, 12, 12, 12, 12, 12, 12, 12, 12, 12, 12, 12, 12, 12, 12, 12, 12, 12, 12, 12, 12, 12, 12, 12, 12, 12, 12, 12, 12, 12, 12, 12, 12, 12, 12, 12, 12, 12, 12, 12, 12, 12, 12, 12, 12, 12, 12, 12, 12, 12, 12, 12, 12, 12, 12, 12, 12, 12, 12, 12, 12, 12, 12, 12, 12, 12, 12, 12, 12, 12, 12, 12, 12, 12, 12, 12, 12, 12, 12, 12, 12, 12, 12, 12, 12, 12, 12, 12, 12, 12, 12, 12, 12, 12, 12, 12, 12, 12, 12, 12, 12, 12, 12, 12, 12, 12, 12, 12, 12, 12, 12, 12, 12, 12, 12, 12, 12, 12, 12, 12, 12, 12, 12, 12]

===== FIM =====
