===== RESULTADO BRKGA L(2,1) =====
Arquivo: /Users/mateuspedrosa/Documents/TCC-II/BRKGA/data/NR_DIMACS_cleaned/hamming10-2_clean.mtx

----- Execução #1 -----
[INFO] Time limit atingido: 15 minutos. Esgotado durante a inicialização da população.
Tempo de execução: 905649ms
Span (lambda): 1953
best_order = [77, 438, 99, 736, 887, 333, 141, 1010, 442, 137, 219, 341, 468, 132, 157, 700, 1022, 519, 222, 940, 81, 429, 238, 882, 768, 593, 60, 405, 767, 944, 818, 537, 88, 5, 942, 958, 379, 1014, 596, 201, 805, 454, 526, 849, 1002, 959, 186, 211, 431, 924, 160, 275, 218, 524, 299, 656, 469, 870, 425, 892, 550, 15, 939, 797, 97, 529, 1007, 86, 941, 653, 300, 912, 388, 148, 891, 923, 822, 41, 658, 902, 16, 1005, 838, 800, 224, 260, 22, 231, 304, 358, 742, 791, 903, 142, 877, 367, 728, 57, 108, 364, 688, 546, 369, 720, 561, 167, 835, 298, 909, 313, 541, 906, 446, 795, 172, 406, 120, 878, 841, 693, 652, 8, 761, 158, 850, 689, 886, 542, 515, 748, 30, 662, 29, 796, 606, 485, 316, 710, 725, 178, 338, 669, 424, 935, 966, 122, 919, 351, 32, 348, 474, 668, 690, 361, 970, 93, 117, 453, 62, 407, 988, 63, 603, 779, 704, 123, 907, 984, 539, 1012, 332, 807, 974, 517, 699, 580, 145, 724, 547, 336, 0, 701, 952, 973, 995, 193, 934, 194, 507, 248, 466, 7, 695, 20, 253, 505, 235, 583, 426, 616, 793, 349, 532, 197, 626, 964, 510, 303, 982, 308, 876, 642, 409, 1008, 394, 285, 331, 727, 582, 869, 588, 672, 987, 787, 708, 544, 830, 291, 494, 639, 434, 586, 2, 154, 1015, 680, 100, 54, 674, 445, 401, 920, 757, 854, 857, 196, 21, 831, 289, 713, 624, 1021, 501, 488, 115, 553, 844, 943, 212, 263, 654, 867, 744, 820, 937, 551, 166, 514, 711, 282, 651, 1017, 28, 789, 775, 128, 975, 716, 327, 914, 972, 467, 819, 18, 968, 992, 359, 112, 200, 500, 520, 993, 26, 685, 911, 414, 647, 151, 739, 694, 811, 816, 679, 340, 1011, 681, 498, 1006, 814, 87, 535, 461, 636, 252, 638, 204, 183, 136, 985, 615, 523, 435, 772, 803, 294, 858, 723, 92, 180, 266, 794, 382, 666, 707, 815, 216, 667, 933, 102, 323, 470, 600, 288, 215, 237, 996, 581, 247, 967, 164, 778, 436, 375, 184, 384, 109, 856, 962, 607, 107, 821, 766, 633, 559, 53, 236, 72, 930, 836, 357, 705, 458, 50, 65, 280, 741, 45, 306, 635, 78, 759, 352, 601, 769, 456, 563, 506, 931, 209, 845, 562, 1020, 290, 23, 587, 268, 330, 472, 40, 293, 511, 12, 161, 949, 130, 478, 513, 355, 824, 325, 225, 274, 450, 38, 486, 552, 602, 840, 377, 448, 584, 614, 490, 999, 227, 440, 890, 983, 11, 192, 981, 961, 1001, 634, 36, 770, 749, 335, 525, 625, 503, 631, 687, 421, 771, 390, 936, 106, 676, 671, 915, 774, 597, 545, 228, 729, 389, 144, 717, 345, 590, 929, 536, 392, 847, 6, 188, 627, 989, 124, 491, 381, 960, 44, 927, 387, 692, 286, 417, 726, 751, 719, 548, 777, 239, 487, 465, 356, 226, 295, 449, 619, 839, 572, 334, 612, 121, 95, 163, 79, 191, 276, 734, 574, 997, 220, 781, 279, 287, 243, 480, 567, 798, 139, 69, 573, 242, 555, 68, 613, 643, 320, 91, 312, 176, 419, 110, 754, 963, 808, 428, 618, 1, 1009, 396, 557, 608, 833, 127, 207, 328, 27, 827, 564, 195, 948, 297, 945, 376, 210, 317, 103, 998, 640, 302, 565, 73, 471, 645, 391, 206, 17, 682, 538, 508, 802, 278, 859, 229, 170, 823, 169, 370, 533, 343, 709, 271, 61, 400, 138, 25, 221, 85, 810, 790, 415, 4, 408, 13, 301, 432, 880, 837, 165, 908, 457, 245, 786, 430, 342, 740, 339, 255, 399, 764, 738, 363, 277, 177, 579, 374, 954, 451, 855, 199, 269, 51, 481, 319, 703, 150, 1013, 168, 755, 901, 1018, 353, 423, 623, 258, 762, 140, 560, 632, 230, 512, 46, 733, 433, 502, 223, 578, 203, 853, 994, 346, 980, 554, 83, 447, 125, 864, 862, 482, 84, 804, 883, 497, 181, 718, 337, 371, 957, 24, 732, 928, 14, 318, 444, 956, 116, 37, 721, 249, 254, 898, 90, 589, 617, 986, 114, 310, 784, 326, 439, 861, 577, 31, 96, 670, 70, 3, 706, 534, 126, 605, 650, 522, 504, 773, 900, 760, 452, 756, 978, 156, 722, 788, 916, 489, 257, 185, 403, 105, 262, 19, 865, 76, 365, 143, 799, 622, 641, 946, 879, 905, 495, 416, 683, 947, 305, 48, 134, 677, 851, 462, 863, 296, 350, 174, 270, 66, 476, 696, 1019, 750, 904, 315, 366, 610, 599, 663, 528, 826, 460, 129, 113, 89, 259, 246, 347, 817, 152, 951, 9, 521, 273, 922, 629, 875, 111, 549, 1003, 71, 232, 834, 825, 932, 198, 543, 665, 35, 372, 594, 655, 558, 155, 801, 214, 743, 397, 307, 321, 897, 673, 459, 213, 281, 39, 98, 753, 746, 94, 386, 649, 659, 418, 475, 182, 496, 135, 832, 702, 59, 893, 846, 620, 686, 646, 393, 162, 1004, 628, 80, 860, 664, 660, 58, 585, 404, 264, 866, 179, 75, 463, 56, 473, 329, 889, 311, 598, 413, 47, 104, 344, 965, 971, 283, 785, 233, 189, 566, 190, 540, 938, 894, 43, 261, 437, 441, 747, 518, 509, 309, 745, 101, 575, 64, 483, 146, 848, 34, 530, 926, 412, 950, 354, 74, 383, 925, 871, 730, 147, 990, 571, 131, 477, 910, 657, 752, 829, 809, 234, 267, 765, 398, 484, 455, 322, 868, 556, 591, 735, 422, 731, 873, 644, 783, 380, 714, 10, 763, 33, 921, 205, 678, 133, 499, 979, 828, 568, 314, 171, 402, 918, 360, 149, 758, 244, 368, 153, 881, 373, 324, 648, 782, 42, 49, 173, 611, 272, 637, 712, 896, 592, 420, 67, 240, 697, 955, 895, 265, 411, 953, 630, 806, 395, 813, 604, 385, 256, 202, 874, 479, 792, 684, 675, 570, 410, 217, 899, 284, 292, 52, 516, 737, 991, 175, 208, 885, 187, 55, 241, 250, 1000, 888, 776, 119, 1023, 362, 1016, 843, 159, 118, 576, 378, 780, 531, 884, 691, 977, 872, 812, 492, 969, 493, 917, 913, 251, 527, 976, 609, 569, 715, 464, 82, 852, 595, 427, 443, 661, 621, 842, 698]
labeling = [352, 1044, 456, 1353, 1150, 66, 916, 374, 236, 1489, 1774, 842, 788, 1154, 1306, 119, 157, 1102, 558, 1397, 378, 484, 169, 609, 1300, 1140, 576, 1062, 536, 258, 254, 1345, 288, 1778, 1696, 1522, 854, 1315, 812, 1556, 782, 151, 1822, 1666, 928, 740, 1246, 1640, 1425, 1424, 732, 1208, 1888, 716, 466, 1902, 1626, 191, 1614, 1586, 52, 1134, 308, 314, 1688, 734, 1445, 1838, 1016, 1008, 1351, 1506, 720, 1092, 1708, 1622, 1401, 0, 746, 979, 1606, 40, 1964, 1270, 1282, 303, 131, 608, 64, 1475, 1323, 1024, 644, 302, 1564, 975, 1347, 125, 1558, 4, 464, 1684, 666, 1082, 1642, 1393, 880, 706, 193, 698, 1032, 1500, 566, 1473, 1331, 500, 1313, 304, 1924, 1914, 226, 973, 284, 322, 615, 1274, 1359, 1056, 542, 1471, 794, 1724, 26, 1784, 1427, 1580, 624, 18, 1138, 1006, 1236, 12, 183, 1403, 900, 344, 1692, 1718, 143, 1802, 1216, 586, 1485, 1810, 458, 1532, 1378, 28, 240, 1922, 99, 790, 1600, 977, 688, 1164, 524, 206, 1218, 1122, 1118, 1794, 222, 1824, 1441, 1896, 1028, 1194, 272, 1620, 646, 1290, 1576, 622, 694, 1389, 91, 1900, 918, 1654, 1658, 981, 844, 362, 366, 1068, 482, 398, 1516, 1206, 568, 77, 1864, 1258, 620, 1782, 1100, 1058, 1898, 764, 1078, 93, 508, 1552, 1536, 676, 660, 1880, 103, 20, 991, 1142, 36, 1254, 165, 806, 957, 834, 894, 1116, 1242, 171, 1508, 1652, 1738, 384, 718, 678, 44, 949, 1840, 1904, 1012, 998, 1806, 1170, 1479, 684, 370, 381, 1906, 1950, 616, 380, 1319, 1182, 1862, 1387, 1232, 1477, 167, 1668, 1395, 510, 1616, 1848, 648, 1740, 776, 1155, 1443, 1132, 1828, 1492, 808, 101, 983, 1192, 1112, 995, 736, 1554, 530, 1648, 1884, 422, 936, 996, 674, 488, 772, 446, 1886, 784, 638, 959, 1437, 1072, 210, 107, 137, 1156, 1088, 406, 173, 1423, 742, 1542, 410, 1680, 1333, 1634, 1026, 212, 1792, 1457, 266, 1080, 1308, 1212, 1022, 1544, 1750, 668, 1816, 804, 1337, 548, 1060, 1630, 778, 424, 332, 10, 969, 860, 350, 1294, 274, 1180, 596, 22, 1176, 1128, 1644, 904, 1264, 1481, 290, 394, 1439, 286, 750, 1226, 1706, 800, 955, 726, 175, 564, 1800, 298, 1918, 1190, 194, 186, 1459, 187, 1808, 200, 1124, 1296, 1524, 1814, 1198, 692, 1076, 822, 1928, 71, 1770, 926, 652, 1710, 696, 1860, 1566, 932, 141, 898, 876, 1098, 912, 1598, 420, 1856, 1048, 1540, 1744, 1184, 1136, 472, 1796, 1391, 142, 54, 224, 310, 1152, 416, 1878, 1850, 1702, 1638, 582, 1148, 1417, 938, 1572, 1030, 689, 872, 1760, 1228, 278, 113, 388, 1970, 1040, 42, 1174, 95, 1158, 1250, 452, 632, 690, 1670, 2, 1339, 836, 1672, 16, 1971, 1310, 470, 218, 1272, 824, 961, 810, 1202, 1372, 306, 81, 1748, 756, 1168, 730, 1550, 1469, 612, 1433, 1624, 1962, 953, 372, 554, 24, 23, 670, 1094, 780, 1628, 292, 1574, 1447, 1726, 796, 1868, 1000, 1210, 1280, 1690, 1746, 264, 814, 951, 498, 1385, 830, 924, 1944, 1945, 448, 950, 1578, 1288, 602, 1786, 570, 496, 1252, 866, 1366, 382, 760, 368, 1108, 1678, 404, 786, 1244, 798, 526, 250, 1890, 338, 1676, 34, 572, 1490, 1364, 630, 105, 862, 83, 1952, 1465, 127, 1698, 1932, 396, 1126, 1357, 610, 910, 62, 1106, 328, 1660, 214, 248, 1518, 442, 892, 198, 348, 945, 1502, 117, 522, 816, 502, 1268, 1014, 1754, 1050, 1530, 714, 1238, 204, 768, 758, 1066, 1090, 1656, 1002, 1239, 1958, 1876, 1722, 967, 1010, 987, 1686, 1926, 1343, 1256, 1196, 342, 682, 428, 386, 826, 1326, 454, 774, 432, 1325, 906, 1756, 1836, 50, 1526, 1968, 75, 890, 1636, 1463, 672, 752, 818, 316, 1858, 1361, 262, 704, 1052, 1956, 1461, 1826, 971, 1018, 828, 628, 390, 1327, 1042, 963, 1592, 1975, 1407, 1230, 492, 864, 400, 920, 1604, 1496, 1852, 868, 1240, 712, 852, 744, 614, 1830, 618, 450, 1086, 1409, 414, 1020, 1766, 1096, 1596, 584, 1818, 1568, 1363, 532, 234, 135, 512, 1528, 109, 1730, 153, 1570, 1612, 1973, 256, 585, 1610, 1520, 654, 662, 294, 276, 1349, 884, 434, 1548, 468, 1874, 882, 1429, 1595, 594, 462, 600, 1104, 1419, 1872, 578, 1594, 870, 196, 244, 296, 1936, 934, 232, 590, 376, 1449, 1842, 1979, 340, 30, 354, 1584, 1214, 320, 728, 1355, 656, 440, 1130, 268, 528, 1832, 490, 1772, 1960, 546, 902, 1292, 943, 202, 1317, 1380, 642, 346, 270, 940, 426, 189, 896, 1716, 1762, 1302, 1248, 985, 1758, 6, 1892, 1188, 588, 1178, 738, 177, 1538, 516, 1682, 1562, 1674, 252, 858, 1453, 942, 1732, 1560, 1034, 1220, 1374, 476, 1804, 748, 1370, 238, 1234, 1776, 1186, 1742, 710, 56, 48, 754, 856, 874, 634, 539, 888, 540, 1912, 947, 649, 318, 1930, 993, 1820, 1768, 1335, 1650, 1172, 438, 1382, 538, 1146, 179, 1870, 392, 650, 220, 260, 123, 1004, 1405, 163, 1534, 1110, 636, 1284, 79, 1854, 334, 1038, 1736, 1144, 592, 1942, 1735, 606, 658, 59, 1483, 60, 556, 518, 708, 149, 1120, 802, 1512, 1467, 1064, 1790, 1734, 444, 486, 1582, 1054, 1510, 208, 724, 1162, 161, 965, 820, 230, 1977, 1920, 504, 766, 1590, 914, 1694, 85, 242, 1431, 1966, 1260, 478, 1204, 700, 480, 640, 1114, 1608, 1341, 1278, 1435, 1276, 1399, 1618, 514, 1752, 430, 111, 1714, 1940, 1764, 1866, 1498, 412, 185, 228, 1413, 1160, 1812, 46, 1286, 1934, 1813, 246, 8, 1910, 1632, 838, 145, 115, 1588, 1664, 1846, 1834, 1546, 1321, 1882, 1368, 1222, 155, 181, 1455, 1415, 216, 324, 1166, 134, 1728, 580, 139, 1948, 550, 886, 1383, 1947, 1798, 180, 474, 1780, 1494, 147, 97, 1712, 1700, 930, 1304, 908, 722, 762, 1514, 664, 364, 280, 878, 520, 1662, 121, 38, 133, 68, 506, 58, 1074, 1411, 1421, 1070, 792, 1704, 1487, 356, 1843, 1200, 1844, 1311, 1298, 69, 89, 561, 848, 702, 1036, 402, 847, 282, 686, 560, 849, 300, 1646, 552, 358, 336, 544, 1954, 1938, 1376, 1788, 1266, 846, 408, 840, 326, 626, 1329, 436, 312, 922, 1720, 1894, 562, 574, 1262, 360, 680, 989, 1084, 832, 1908, 850, 87, 1504, 1602, 159, 604, 129, 418, 1046, 14, 598, 330, 495, 73, 460, 1909, 534, 1224, 1451, 770, 494, 32, 1916]
convergência = []

===== FIM =====
