===== RESULTADO BRKGA L(2,1) =====
Arquivo: /Users/mateuspedrosa/Documents/TCC-II/BRKGA/data/NR_DIMACS_cleaned/hamming10-4_clean.mtx

----- Execução #1 -----
[INFO] Time limit atingido: 15 minutos. Esgotado durante a inicialização da população.
Tempo de execução: 902001ms
Span (lambda): 1125
best_order = [1019, 1004, 683, 123, 361, 122, 47, 1003, 601, 630, 709, 198, 384, 640, 476, 607, 454, 89, 1002, 4, 49, 853, 283, 637, 121, 690, 342, 802, 335, 981, 606, 932, 772, 177, 566, 785, 808, 739, 455, 567, 641, 211, 593, 729, 686, 806, 1007, 518, 788, 218, 485, 303, 574, 405, 913, 326, 233, 734, 369, 156, 21, 312, 931, 632, 42, 909, 905, 359, 28, 668, 926, 169, 999, 494, 307, 48, 710, 700, 256, 229, 496, 434, 128, 823, 582, 94, 479, 908, 499, 564, 506, 164, 243, 675, 743, 871, 650, 195, 819, 497, 416, 594, 928, 627, 542, 443, 192, 796, 580, 878, 538, 982, 790, 1013, 247, 286, 934, 62, 197, 573, 348, 653, 390, 238, 746, 838, 154, 270, 516, 498, 432, 684, 277, 631, 254, 770, 80, 363, 379, 634, 495, 67, 665, 224, 12, 1023, 210, 965, 952, 724, 440, 751, 1015, 221, 996, 438, 527, 263, 839, 721, 349, 856, 37, 979, 880, 591, 163, 1012, 90, 1, 504, 374, 111, 373, 635, 803, 842, 810, 959, 825, 87, 843, 970, 717, 441, 404, 914, 385, 160, 127, 161, 421, 35, 467, 916, 132, 471, 1010, 207, 530, 382, 27, 186, 922, 212, 323, 275, 236, 546, 464, 731, 581, 651, 66, 1021, 895, 280, 19, 117, 125, 1014, 389, 124, 446, 147, 562, 1006, 178, 951, 583, 833, 957, 203, 436, 278, 954, 11, 56, 568, 133, 666, 433, 939, 172, 522, 273, 565, 597, 923, 106, 166, 414, 882, 692, 73, 664, 758, 636, 15, 507, 663, 258, 108, 885, 109, 604, 310, 291, 603, 473, 534, 116, 820, 193, 354, 38, 225, 377, 153, 638, 189, 590, 798, 171, 412, 61, 341, 411, 423, 861, 426, 508, 812, 933, 791, 394, 216, 846, 322, 545, 745, 228, 175, 550, 53, 969, 352, 248, 9, 259, 200, 762, 767, 902, 656, 419, 350, 940, 99, 422, 859, 756, 437, 543, 313, 781, 281, 719, 329, 143, 285, 55, 44, 797, 761, 145, 877, 816, 386, 141, 599, 704, 338, 59, 251, 892, 937, 967, 872, 906, 824, 558, 1020, 884, 973, 180, 795, 52, 711, 598, 439, 586, 676, 519, 654, 1009, 501, 864, 845, 911, 261, 204, 571, 458, 849, 774, 157, 144, 523, 368, 69, 22, 167, 235, 115, 669, 993, 375, 615, 776, 135, 904, 470, 393, 165, 170, 16, 828, 587, 860, 246, 847, 670, 537, 807, 628, 961, 79, 512, 429, 685, 131, 584, 708, 110, 474, 255, 0, 883, 383, 544, 51, 695, 998, 837, 487, 1022, 848, 269, 239, 769, 741, 78, 282, 722, 480, 794, 610, 201, 425, 867, 481, 836, 955, 514, 792, 146, 570, 449, 309, 713, 316, 475, 602, 130, 40, 894, 727, 365, 58, 54, 355, 330, 1005, 357, 688, 893, 822, 463, 827, 929, 918, 120, 92, 268, 45, 511, 284, 72, 159, 921, 974, 46, 182, 242, 783, 396, 789, 380, 865, 77, 400, 136, 20, 572, 188, 984, 540, 754, 185, 946, 85, 140, 621, 714, 34, 399, 891, 642, 985, 24, 748, 388, 701, 222, 529, 687, 491, 360, 907, 64, 484, 93, 103, 97, 297, 736, 295, 184, 418, 942, 25, 759, 162, 900, 623, 682, 901, 74, 829, 444, 830, 60, 337, 424, 702, 716, 427, 510, 488, 319, 417, 890, 472, 266, 413, 30, 592, 612, 240, 332, 428, 738, 936, 662, 215, 588, 749, 569, 420, 461, 899, 561, 912, 415, 105, 14, 299, 680, 840, 535, 629, 953, 181, 832, 272, 155, 854, 616, 589, 76, 227, 296, 624, 101, 362, 980, 118, 294, 879, 765, 367, 17, 300, 611, 835, 876, 96, 126, 945, 863, 715, 451, 578, 8, 465, 191, 407, 793, 667, 956, 102, 644, 742, 978, 673, 647, 328, 209, 577, 6, 18, 401, 889, 112, 214, 963, 831, 784, 896, 466, 190, 402, 874, 844, 805, 262, 626, 158, 619, 552, 977, 559, 279, 551, 65, 176, 205, 645, 887, 696, 70, 689, 964, 881, 924, 391, 712, 372, 469, 968, 2, 855, 520, 804, 987, 886, 408, 234, 609, 486, 760, 740, 737, 450, 493, 779, 267, 646, 950, 353, 659, 747, 490, 331, 10, 366, 620, 674, 941, 304, 81, 13, 26, 5, 958, 107, 549, 431, 733, 983, 435, 84, 217, 944, 376, 119, 230, 223, 541, 991, 962, 608, 513, 478, 71, 948, 395, 622, 113, 477, 521, 732, 320, 671, 134, 445, 7, 293, 661, 966, 448, 453, 986, 943, 988, 409, 679, 915, 264, 826, 301, 938, 33, 351, 129, 364, 347, 489, 852, 168, 744, 219, 82, 533, 869, 392, 502, 525, 643, 898, 579, 851, 817, 989, 500, 560, 657, 600, 517, 723, 818, 625, 345, 693, 387, 196, 308, 813, 596, 857, 290, 398, 403, 524, 1017, 356, 728, 649, 752, 208, 639, 442, 757, 755, 241, 605, 707, 202, 720, 1018, 556, 811, 456, 925, 237, 83, 88, 311, 897, 930, 63, 935, 327, 325, 75, 265, 91, 452, 68, 252, 780, 1001, 698, 526, 253, 764, 276, 655, 678, 1000, 333, 694, 213, 250, 652, 703, 697, 617, 870, 29, 114, 150, 575, 768, 220, 927, 257, 358, 782, 32, 187, 699, 576, 139, 104, 292, 858, 553, 949, 548, 532, 705, 815, 95, 148, 919, 786, 406, 990, 43, 343, 563, 430, 800, 875, 249, 648, 371, 917, 992, 397, 536, 725, 31, 995, 910, 410, 459, 317, 677, 531, 271, 483, 321, 585, 888, 274, 809, 903, 850, 340, 173, 36, 735, 381, 460, 614, 41, 691, 149, 1008, 672, 834, 975, 492, 505, 100, 706, 231, 370, 971, 730, 557, 773, 302, 138, 972, 920, 57, 305, 339, 324, 23, 771, 457, 226, 528, 39, 199, 873, 778, 503, 658, 866, 462, 787, 763, 245, 98, 174, 260, 726, 801, 777, 862, 315, 298, 799, 86, 137, 318, 976, 841, 314, 1011, 660, 515, 288, 336, 509, 994, 194, 775, 50, 554, 334, 681, 814, 289, 753, 151, 868, 142, 287, 183, 244, 344, 1016, 718, 947, 346, 960, 821, 206, 997, 232, 378, 179, 306, 482, 555, 447, 547, 3, 539, 152, 613, 595, 750, 468, 633, 618, 766]
labeling = [361, 214, 768, 1144, 23, 723, 724, 748, 701, 298, 792, 288, 182, 803, 655, 314, 461, 667, 725, 261, 564, 24, 419, 1002, 563, 607, 769, 252, 91, 952, 614, 967, 980, 855, 576, 244, 1033, 206, 330, 1040, 521, 1041, 71, 981, 381, 543, 553, 5, 49, 25, 1122, 491, 418, 262, 526, 379, 290, 1070, 525, 401, 616, 333, 151, 934, 514, 702, 260, 173, 941, 394, 757, 830, 547, 310, 613, 938, 674, 542, 481, 476, 172, 801, 865, 927, 727, 572, 940, 219, 914, 8, 158, 939, 541, 548, 110, 1001, 679, 597, 1057, 328, 1054, 675, 711, 596, 856, 640, 289, 789, 311, 313, 482, 220, 726, 800, 816, 400, 325, 263, 571, 817, 540, 10, 9, 6, 269, 156, 695, 239, 105, 846, 367, 458, 181, 293, 840, 392, 562, 1102, 1066, 987, 546, 393, 1128, 377, 441, 385, 460, 273, 1003, 1045, 966, 1044, 1069, 334, 159, 668, 22, 384, 654, 549, 237, 241, 601, 122, 121, 457, 243, 423, 771, 95, 459, 315, 270, 1032, 1093, 354, 753, 48, 236, 965, 380, 663, 554, 1092, 602, 550, 253, 982, 544, 240, 589, 587, 138, 327, 1059, 128, 898, 153, 16, 897, 362, 475, 915, 251, 436, 637, 1140, 250, 908, 721, 186, 57, 255, 942, 728, 636, 179, 813, 66, 864, 972, 194, 588, 696, 180, 294, 1055, 676, 326, 96, 818, 1058, 1141, 79, 772, 445, 195, 807, 120, 477, 631, 812, 505, 80, 1046, 1091, 421, 133, 254, 1012, 916, 402, 943, 951, 168, 486, 100, 976, 258, 287, 979, 434, 739, 199, 853, 854, 593, 784, 435, 500, 161, 935, 666, 299, 1007, 257, 953, 28, 286, 749, 160, 374, 502, 29, 545, 371, 150, 1130, 1072, 1098, 793, 321, 989, 843, 656, 577, 658, 598, 1100, 657, 689, 852, 1064, 70, 799, 1071, 1133, 83, 881, 517, 320, 929, 82, 322, 1110, 1099, 501, 1020, 1104, 620, 825, 1025, 348, 245, 1073, 936, 77, 928, 719, 359, 483, 782, 633, 937, 1124, 39, 1114, 518, 399, 1023, 1030, 256, 35, 1008, 1107, 892, 1134, 814, 157, 30, 370, 829, 360, 788, 329, 507, 906, 499, 831, 69, 592, 7, 680, 174, 857, 497, 794, 688, 429, 81, 1048, 889, 632, 207, 218, 451, 815, 332, 1123, 175, 560, 1037, 162, 487, 18, 233, 391, 896, 584, 267, 99, 763, 869, 455, 347, 791, 556, 924, 762, 578, 390, 652, 735, 904, 234, 74, 1004, 704, 770, 705, 1017, 272, 339, 585, 112, 653, 101, 623, 604, 368, 643, 242, 355, 341, 618, 510, 342, 619, 617, 456, 841, 806, 164, 295, 103, 811, 266, 340, 191, 422, 190, 232, 870, 131, 555, 842, 271, 1131, 720, 438, 781, 646, 907, 847, 17, 40, 923, 1077, 437, 1018, 944, 645, 1087, 534, 203, 703, 729, 246, 1113, 764, 247, 185, 627, 323, 484, 519, 21, 834, 828, 111, 506, 511, 1086, 1024, 583, 68, 776, 498, 561, 858, 790, 579, 1053, 622, 98, 176, 102, 132, 163, 115, 882, 428, 871, 1083, 216, 1019, 119, 316, 324, 1116, 621, 533, 442, 802, 515, 986, 141, 844, 63, 378, 767, 836, 297, 443, 901, 873, 949, 198, 1079, 440, 171, 1022, 995, 837, 319, 661, 994, 468, 146, 1145, 568, 820, 136, 372, 489, 351, 259, 1121, 960, 796, 356, 751, 743, 993, 1063, 1143, 919, 1062, 414, 747, 884, 649, 275, 887, 117, 301, 50, 32, 291, 641, 490, 413, 531, 155, 72, 968, 985, 722, 671, 878, 142, 201, 109, 281, 480, 1026, 363, 444, 638, 673, 337, 210, 565, 56, 34, 1149, 902, 302, 420, 395, 861, 11, 503, 303, 318, 913, 43, 12, 826, 774, 508, 677, 629, 1147, 1039, 452, 672, 920, 1142, 742, 795, 479, 832, 581, 678, 890, 741, 134, 472, 662, 13, 108, 86, 1146, 135, 221, 312, 31, 336, 687, 19, 55, 575, 875, 713, 755, 756, 610, 946, 874, 126, 229, 961, 154, 425, 955, 366, 885, 1067, 716, 1112, 845, 635, 280, 90, 178, 274, 707, 20, 447, 466, 838, 958, 717, 752, 123, 424, 962, 948, 839, 659, 1042, 603, 4, 166, 478, 60, 590, 530, 754, 33, 1043, 308, 894, 959, 492, 708, 964, 947, 983, 92, 586, 569, 963, 397, 997, 1056, 780, 473, 15, 14, 396, 700, 446, 574, 699, 567, 230, 1094, 376, 909, 202, 504, 886, 187, 912, 1095, 523, 863, 58, 1060, 127, 821, 808, 59, 1035, 600, 779, 630, 54, 775, 493, 712, 124, 862, 352, 125, 773, 582, 639, 1088, 167, 883, 1090, 570, 911, 365, 910, 307, 609, 778, 231, 364, 1089, 918, 686, 1151, 353, 970, 469, 170, 1075, 46, 977, 433, 1120, 409, 1076, 1065, 783, 945, 373, 978, 535, 734, 26, 1006, 975, 64, 558, 36, 300, 462, 706, 467, 411, 140, 383, 338, 1000, 1010, 1097, 37, 53, 738, 737, 51, 470, 52, 1027, 223, 921, 344, 900, 1125, 999, 389, 880, 888, 130, 285, 1138, 471, 107, 412, 222, 733, 536, 382, 559, 615, 732, 665, 282, 1049, 691, 513, 496, 143, 200, 626, 1108, 145, 227, 683, 407, 349, 464, 398, 439, 1029, 879, 860, 27, 670, 731, 204, 835, 991, 305, 463, 283, 1050, 697, 430, 512, 1085, 495, 1126, 867, 740, 38, 408, 1081, 692, 992, 693, 387, 144, 684, 208, 759, 306, 450, 417, 264, 694, 750, 1028, 685, 625, 580, 388, 532, 415, 226, 714, 931, 876, 647, 557, 611, 346, 1015, 454, 89, 410, 594, 113, 88, 1016, 432, 651, 75, 235, 810, 248, 1014, 538, 1005, 1068, 551, 224, 304, 761, 925, 93, 974, 104, 529, 932, 84, 45, 345, 62, 895, 599, 404, 850, 278, 343, 797, 605, 851, 760, 648, 537, 1132, 798, 930, 786, 279, 165, 650, 276, 403, 709, 284, 805, 225, 1136, 474, 824, 730, 644, 188, 823, 406, 766, 358, 228, 956, 1052, 405, 465, 1051, 1106, 745, 715, 129, 682, 41, 42, 809, 566, 448, 849, 698, 765, 848, 973, 822, 777, 449, 1118, 877, 196, 1082, 494, 97, 957, 922, 3, 1, 2, 528, 277, 61, 1047, 427, 217, 1084, 212, 148, 265, 192, 1117, 891, 917, 0, 416, 193, 485, 184]
convergência = []

===== FIM =====
