===== RESULTADO BRKGA L(2,1) =====
Arquivo: /Users/mateuspedrosa/Documents/TCC-II/BRKGA/data/NR_DIMACS_cleaned/hamming6-2_clean.mtx

----- Execução #1 -----
[INFO] Parou por estagnação.
Tempo de execução: 147948ms
Span (lambda): 65
best_order = [4, 13, 7, 11, 1, 16, 8, 41, 25, 28, 20, 30, 27, 15, 23, 40, 63, 47, 62, 52, 50, 2, 59, 56, 26, 18, 44, 12, 32, 42, 10, 0, 31, 58, 46, 6, 39, 9, 55, 5, 43, 34, 24, 33, 51, 48, 17, 57, 49, 21, 54, 38, 61, 19, 53, 35, 36, 3, 22, 37, 60, 29, 14, 45]
labeling = [9, 8, 36, 5, 0, 53, 49, 4, 12, 7, 47, 6, 1, 2, 48, 3, 10, 61, 35, 60, 19, 62, 20, 25, 11, 16, 22, 23, 18, 17, 21, 24, 44, 57, 45, 56, 43, 52, 50, 51, 13, 14, 46, 55, 42, 65, 29, 28, 33, 58, 34, 59, 32, 63, 31, 26, 40, 15, 39, 38, 41, 64, 30, 27]
convergência = [87, 86, 83, 83, 83, 83, 81, 78, 78, 76, 76, 76, 76, 74, 74, 72, 72, 72, 71, 71, 71, 70, 70, 70, 70, 70, 70, 70, 70, 69, 69, 69, 69, 69, 69, 69, 69, 69, 69, 69, 69, 69, 69, 69, 69, 68, 68, 68, 68, 68, 68, 68, 68, 68, 67, 67, 67, 67, 67, 67, 67, 67, 67, 67, 67, 67, 67, 67, 67, 67, 67, 67, 67, 67, 67, 67, 67, 67, 67, 67, 67, 67, 67, 67, 67, 67, 67, 67, 67, 67, 67, 67, 67, 67, 67, 67, 67, 67, 67, 67, 67, 67, 67, 67, 67, 67, 67, 67, 67, 67, 67, 67, 67, 67, 67, 67, 67, 67, 67, 67, 67, 67, 67, 67, 67, 67, 67, 67, 67, 67, 67, 67, 67, 67, 67, 67, 67, 67, 67, 67, 67, 67, 67, 67, 67, 67, 67, 67, 67, 67, 67, 67, 67, 67, 67, 67, 67, 67, 67, 67, 67, 67, 67, 67, 67, 67, 67, 67, 66, 66, 66, 66, 66, 66, 66, 66, 66, 66, 66, 66, 66, 66, 66, 66, 66, 66, 66, 66, 66, 66, 66, 66, 66, 66, 66, 66, 66, 66, 66, 66, 66, 66, 66, 66, 66, 66, 66, 66, 66, 66, 66, 66, 66, 66, 66, 66, 66, 66, 66, 66, 65, 65, 65, 65, 65, 65, 65, 65, 65, 65, 65, 65, 65, 65, 65, 65, 65, 65, 65, 65, 65, 65, 65, 65, 65, 65, 65, 65, 65, 65, 65, 65, 65, 65, 65, 65, 65, 65, 65, 65, 65, 65, 65, 65, 65, 65, 65, 65, 65, 65, 65, 65, 65, 65, 65, 65, 65, 65, 65, 65, 65, 65, 65, 65, 65, 65, 65, 65, 65, 65, 65, 65, 65, 65, 65, 65, 65, 65, 65, 65, 65, 65, 65, 65, 65, 65, 65, 65, 65, 65, 65, 65, 65, 65, 65, 65, 65, 65, 65, 65, 65, 65, 65, 65, 65, 65, 65, 65, 65, 65, 65, 65, 65, 65, 65, 65, 65, 65, 65, 65, 65, 65, 65, 65]

===== FIM =====
