===== RESULTADO BRKGA L(2,1) =====
Arquivo: /Users/mateuspedrosa/Documents/TCC-II/BRKGA/data/NR_DIMACS_cleaned/hamming6-4_clean.mtx

----- Execução #1 -----
[INFO] Parou por estagnação.
Tempo de execução: 15317ms
Span (lambda): 63
best_order = [38, 45, 51, 43, 31, 18, 26, 4, 22, 24, 52, 41, 44, 63, 47, 55, 1, 5, 61, 48, 39, 13, 62, 30, 3, 11, 14, 33, 42, 58, 29, 6, 8, 54, 59, 7, 57, 25, 2, 53, 10, 9, 0, 32, 17, 50, 20, 34, 40, 60, 46, 16, 28, 27, 37, 35, 23, 15, 12, 19, 49, 56, 36, 21]
labeling = [44, 17, 39, 25, 8, 16, 33, 32, 30, 43, 38, 26, 58, 21, 24, 57, 47, 42, 5, 60, 46, 59, 7, 56, 9, 37, 6, 53, 52, 31, 22, 4, 40, 27, 48, 54, 63, 55, 0, 20, 49, 12, 28, 2, 11, 1, 51, 14, 18, 61, 45, 3, 10, 41, 34, 15, 62, 36, 29, 35, 50, 19, 23, 13]
convergência = [63, 63, 63, 63, 63, 63, 63, 63, 63, 63, 63, 63, 63, 63, 63, 63, 63, 63, 63, 63, 63, 63, 63, 63, 63, 63, 63, 63, 63, 63, 63, 63, 63, 63, 63, 63, 63, 63, 63, 63, 63, 63, 63, 63, 63, 63, 63, 63, 63, 63, 63, 63, 63, 63, 63, 63, 63, 63, 63, 63, 63, 63, 63, 63, 63, 63, 63, 63, 63, 63, 63, 63, 63, 63, 63, 63, 63, 63, 63, 63, 63, 63, 63, 63, 63, 63, 63, 63, 63, 63, 63, 63, 63, 63, 63, 63, 63, 63, 63, 63, 63, 63, 63, 63, 63, 63, 63, 63, 63, 63, 63, 63, 63, 63, 63, 63, 63, 63, 63, 63, 63, 63, 63, 63]

===== FIM =====
