===== RESULTADO BRKGA L(2,1) =====
Arquivo: /Users/mateuspedrosa/Documents/TCC-II/BRKGA/data/NR_DIMACS_cleaned/hamming8-4_clean.mtx

----- Execução #1 -----
[INFO] Time limit atingido: 15 minutos. Interrompido no meio de uma geração.
Tempo de execução: 900032ms
Span (lambda): 255
best_order = [174, 239, 67, 214, 53, 135, 187, 168, 47, 54, 209, 100, 216, 218, 217, 173, 61, 79, 243, 103, 6, 10, 60, 206, 74, 113, 91, 180, 196, 210, 90, 224, 222, 139, 97, 247, 29, 220, 40, 192, 160, 101, 140, 205, 64, 179, 130, 102, 118, 37, 11, 154, 166, 157, 167, 26, 141, 16, 190, 232, 191, 189, 150, 55, 183, 223, 106, 246, 226, 112, 202, 62, 126, 152, 251, 32, 19, 228, 73, 7, 93, 45, 198, 83, 204, 15, 175, 242, 235, 39, 255, 71, 75, 149, 110, 163, 227, 184, 51, 151, 176, 124, 21, 238, 181, 248, 99, 137, 195, 63, 244, 14, 12, 34, 58, 241, 185, 0, 84, 234, 129, 44, 4, 125, 252, 23, 104, 161, 95, 177, 96, 211, 200, 98, 57, 111, 17, 69, 231, 143, 87, 170, 123, 221, 147, 68, 208, 159, 27, 86, 172, 56, 88, 89, 233, 250, 41, 117, 31, 30, 188, 109, 119, 72, 186, 132, 114, 77, 59, 153, 225, 122, 28, 136, 116, 219, 133, 165, 49, 142, 240, 144, 115, 138, 148, 92, 1, 25, 213, 120, 36, 107, 158, 9, 229, 171, 8, 169, 43, 105, 121, 48, 134, 178, 13, 155, 197, 145, 215, 128, 35, 66, 2, 38, 156, 5, 33, 146, 162, 22, 164, 194, 42, 3, 85, 199, 18, 193, 50, 65, 78, 52, 254, 245, 203, 249, 253, 82, 230, 76, 46, 70, 20, 131, 108, 94, 127, 207, 237, 80, 24, 182, 236, 212, 201, 81]
labeling = [119, 182, 220, 225, 129, 222, 25, 86, 197, 201, 26, 54, 118, 212, 117, 92, 61, 145, 231, 80, 250, 108, 226, 132, 258, 184, 60, 160, 158, 20, 131, 161, 78, 223, 120, 199, 198, 52, 221, 79, 42, 165, 232, 206, 130, 85, 248, 8, 208, 188, 238, 103, 227, 7, 6, 66, 150, 135, 121, 167, 11, 19, 73, 107, 44, 240, 219, 3, 157, 144, 249, 89, 177, 84, 28, 98, 247, 183, 242, 21, 237, 264, 239, 87, 124, 234, 162, 146, 152, 166, 35, 29, 193, 88, 254, 138, 125, 38, 142, 114, 12, 45, 51, 22, 134, 204, 70, 200, 246, 174, 91, 143, 62, 30, 169, 187, 171, 170, 24, 175, 196, 207, 176, 151, 106, 123, 74, 255, 218, 128, 49, 252, 181, 156, 210, 2, 178, 99, 191, 17, 41, 53, 180, 116, 190, 215, 217, 155, 163, 100, 59, 101, 76, 185, 55, 214, 213, 56, 192, 159, 43, 136, 224, 102, 228, 173, 50, 58, 10, 202, 149, 205, 164, 18, 0, 93, 104, 140, 209, 48, 32, 112, 260, 67, 77, 122, 179, 9, 172, 47, 57, 65, 39, 236, 230, 115, 13, 211, 90, 235, 127, 263, 69, 241, 83, 46, 27, 253, 154, 4, 34, 139, 261, 194, 5, 216, 14, 16, 15, 186, 40, 153, 36, 68, 31, 141, 71, 97, 82, 203, 229, 147, 63, 148, 126, 94, 262, 256, 110, 1, 189, 113, 95, 23, 105, 244, 72, 33, 75, 195, 168, 64, 111, 245, 243, 96]
convergência = [256, 256, 256, 256, 255, 255, 255, 255, 255, 255, 255, 255, 255, 255]

===== FIM =====
