===== RESULTADO BRKGA L(2,1) =====
Arquivo: /Users/mateuspedrosa/Documents/TCC-II/BRKGA/data/NR_DIMACS_cleaned/hamming8-2_clean.mtx

----- Execução #1 -----
[INFO] Time limit atingido: 15 minutos. Interrompido no meio de uma geração.
Tempo de execução: 900067ms
Span (lambda): 426
best_order = [130, 124, 251, 192, 36, 246, 203, 48, 243, 112, 249, 177, 176, 63, 82, 32, 55, 39, 228, 58, 107, 117, 157, 143, 164, 57, 0, 184, 207, 56, 47, 16, 181, 15, 158, 72, 4, 227, 244, 224, 17, 27, 241, 26, 35, 43, 73, 191, 146, 229, 205, 6, 103, 8, 133, 114, 206, 18, 76, 208, 31, 29, 2, 140, 247, 215, 53, 149, 87, 253, 121, 217, 34, 64, 68, 145, 252, 60, 150, 126, 137, 214, 254, 165, 171, 22, 172, 234, 44, 236, 7, 166, 219, 153, 198, 86, 160, 67, 240, 74, 167, 49, 110, 189, 100, 242, 21, 28, 125, 23, 183, 195, 201, 95, 223, 88, 230, 94, 216, 75, 147, 210, 190, 135, 120, 52, 197, 131, 11, 30, 46, 106, 235, 81, 221, 237, 78, 156, 37, 80, 40, 13, 1, 116, 185, 111, 175, 14, 196, 233, 115, 91, 188, 85, 123, 182, 105, 101, 187, 50, 132, 93, 128, 25, 54, 104, 38, 77, 79, 238, 69, 200, 161, 134, 83, 19, 209, 193, 127, 108, 65, 66, 90, 10, 248, 226, 245, 213, 141, 211, 118, 71, 12, 102, 173, 144, 179, 163, 151, 122, 168, 222, 98, 42, 99, 109, 154, 129, 159, 225, 148, 142, 62, 255, 96, 9, 61, 212, 199, 113, 218, 186, 33, 3, 139, 169, 20, 41, 84, 162, 204, 89, 92, 97, 220, 45, 250, 174, 231, 119, 5, 239, 170, 232, 136, 24, 70, 59, 194, 202, 155, 51, 152, 178, 180, 138]
labeling = [50, 264, 117, 235, 70, 421, 96, 171, 100, 263, 332, 236, 345, 262, 239, 64, 60, 78, 108, 320, 399, 125, 161, 203, 429, 79, 81, 80, 201, 115, 238, 114, 29, 393, 136, 83, 8, 256, 304, 32, 260, 401, 241, 84, 167, 413, 240, 58, 14, 191, 292, 436, 232, 124, 300, 31, 56, 48, 36, 431, 145, 381, 375, 25, 138, 326, 328, 185, 139, 311, 180, 343, 68, 86, 187, 186, 110, 306, 252, 307, 258, 246, 27, 319, 403, 282, 181, 128, 214, 133, 330, 280, 409, 296, 218, 211, 379, 411, 360, 361, 197, 288, 347, 98, 302, 286, 242, 38, 168, 287, 193, 270, 18, 387, 104, 278, 266, 40, 341, 419, 230, 132, 356, 279, 2, 131, 149, 324, 298, 365, 0, 234, 294, 102, 317, 228, 427, 151, 442, 395, 119, 43, 373, 44, 351, 141, 90, 222, 371, 126, 147, 204, 428, 177, 363, 176, 254, 42, 66, 367, 183, 315, 405, 354, 46, 157, 173, 189, 358, 397, 423, 159, 163, 349, 415, 272, 23, 22, 438, 353, 440, 62, 284, 205, 52, 268, 391, 290, 144, 195, 226, 88, 6, 208, 433, 207, 274, 93, 179, 385, 313, 209, 434, 12, 407, 94, 106, 54, 112, 322, 224, 223, 383, 339, 153, 122, 220, 134, 389, 175, 408, 248, 154, 212, 76, 369, 336, 72, 34, 92, 216, 417, 425, 276, 165, 244, 169, 250, 309, 271, 75, 21, 199, 16, 74, 338, 10, 121, 334, 20, 390, 4, 143, 130, 155, 377]
convergência = [438, 435, 432, 432, 428, 427, 427]

===== FIM =====
