===== RESULTADO BRKGA L(2,1) =====
Arquivo: /Users/mateuspedrosa/Documents/TCC-II/BRKGA/data/Harwell-Boeing_cleaned/hor_131_clean.mtx

----- Execução #1 -----
[INFO] Parou por estagnação.
Tempo de execução: 87074ms
Span (lambda): 41
best_order = [364, 24, 141, 153, 165, 416, 332, 383, 96, 301, 398, 337, 259, 112, 409, 399, 359, 73, 158, 95, 161, 242, 248, 117, 188, 138, 87, 390, 142, 431, 413, 182, 196, 144, 177, 305, 266, 353, 326, 51, 368, 415, 219, 11, 7, 192, 100, 140, 363, 317, 30, 423, 214, 310, 62, 63, 109, 315, 211, 379, 91, 309, 31, 25, 344, 98, 260, 247, 168, 256, 264, 312, 222, 386, 297, 410, 106, 355, 102, 44, 194, 198, 193, 18, 159, 253, 185, 53, 343, 154, 122, 230, 72, 190, 125, 33, 366, 1, 257, 84, 282, 16, 274, 162, 83, 271, 427, 115, 425, 5, 37, 197, 323, 75, 23, 195, 8, 277, 65, 340, 382, 116, 252, 97, 346, 120, 335, 13, 432, 369, 352, 299, 412, 300, 295, 35, 157, 58, 289, 354, 411, 42, 64, 133, 46, 322, 171, 82, 384, 324, 36, 147, 38, 239, 184, 174, 135, 14, 139, 15, 380, 360, 88, 110, 329, 220, 236, 60, 401, 288, 269, 286, 365, 385, 429, 251, 209, 123, 275, 418, 39, 202, 130, 395, 302, 430, 43, 86, 10, 79, 71, 57, 40, 176, 404, 336, 316, 291, 424, 146, 12, 388, 107, 338, 283, 334, 152, 381, 215, 250, 223, 371, 237, 212, 349, 229, 137, 66, 90, 191, 327, 203, 99, 77, 403, 290, 258, 314, 113, 2, 373, 270, 417, 221, 169, 166, 170, 267, 127, 17, 167, 119, 376, 68, 149, 276, 405, 243, 420, 180, 28, 80, 199, 163, 19, 227, 48, 341, 104, 284, 333, 422, 111, 287, 9, 92, 61, 272, 313, 294, 47, 118, 318, 356, 241, 26, 361, 392, 27, 255, 426, 377, 56, 378, 265, 234, 402, 200, 345, 210, 150, 121, 52, 342, 69, 50, 362, 29, 143, 207, 136, 45, 350, 303, 128, 67, 134, 175, 6, 213, 308, 124, 131, 407, 0, 226, 307, 233, 126, 205, 245, 296, 85, 32, 244, 105, 391, 34, 108, 280, 339, 408, 414, 218, 21, 330, 225, 254, 304, 400, 396, 4, 249, 224, 268, 114, 156, 181, 22, 172, 393, 397, 348, 232, 419, 281, 103, 235, 285, 325, 204, 262, 93, 164, 370, 206, 148, 178, 183, 151, 351, 132, 293, 246, 372, 319, 81, 279, 311, 94, 216, 306, 55, 263, 273, 70, 421, 76, 278, 49, 201, 240, 347, 298, 387, 228, 74, 292, 89, 331, 3, 367, 20, 186, 145, 328, 208, 160, 54, 101, 389, 173, 59, 129, 187, 179, 41, 357, 428, 406, 189, 155, 231, 320, 374, 375, 433, 321, 358, 217, 238, 394, 78, 261]
labeling = [2, 0, 0, 8, 7, 3, 1, 1, 3, 6, 6, 0, 28, 4, 11, 13, 2, 3, 1, 6, 22, 11, 13, 6, 0, 4, 13, 8, 14, 18, 1, 3, 35, 10, 36, 9, 7, 7, 9, 10, 2, 19, 11, 4, 7, 16, 10, 19, 27, 20, 10, 1, 11, 6, 22, 21, 12, 10, 7, 22, 13, 10, 0, 2, 1, 3, 16, 23, 6, 34, 3, 4, 1, 0, 16, 7, 14, 16, 8, 14, 4, 0, 7, 11, 0, 2, 13, 4, 10, 25, 12, 0, 14, 22, 9, 2, 0, 4, 10, 11, 1, 25, 3, 6, 29, 8, 3, 11, 22, 5, 6, 1, 0, 12, 16, 2, 6, 0, 32, 16, 7, 18, 6, 2, 20, 8, 18, 15, 16, 6, 9, 22, 19, 1, 20, 3, 11, 18, 1, 21, 3, 0, 1, 11, 4, 19, 2, 4, 17, 8, 13, 19, 16, 0, 5, 1, 22, 9, 3, 6, 20, 5, 10, 8, 18, 1, 11, 14, 5, 15, 8, 10, 25, 2, 20, 7, 3, 4, 18, 25, 13, 10, 3, 19, 7, 1, 18, 29, 1, 27, 2, 9, 6, 8, 5, 9, 3, 7, 5, 16, 20, 21, 1, 12, 18, 5, 14, 15, 7, 3, 1, 1, 10, 10, 4, 2, 8, 8, 6, 0, 3, 7, 1, 18, 17, 15, 8, 4, 21, 12, 5, 24, 19, 5, 10, 12, 0, 9, 18, 7, 14, 16, 2, 10, 18, 17, 20, 5, 0, 16, 7, 12, 15, 8, 9, 21, 6, 8, 14, 0, 3, 26, 16, 24, 4, 19, 2, 15, 13, 5, 17, 5, 6, 0, 1, 15, 12, 9, 18, 21, 20, 22, 4, 6, 18, 25, 11, 31, 9, 13, 17, 15, 22, 18, 19, 5, 21, 6, 23, 8, 9, 2, 11, 18, 10, 4, 15, 8, 20, 3, 6, 7, 12, 15, 13, 8, 9, 3, 21, 31, 38, 36, 19, 4, 9, 23, 1, 14, 25, 12, 22, 24, 0, 17, 10, 5, 11, 3, 13, 19, 2, 14, 10, 5, 0, 18, 7, 25, 23, 5, 15, 24, 6, 4, 10, 9, 15, 26, 24, 2, 11, 14, 19, 7, 0, 13, 8, 18, 4, 12, 6, 14, 16, 17, 21, 23, 16, 4, 9, 3, 9, 13, 6, 0, 12, 4, 7, 27, 23, 24, 0, 17, 16, 12, 20, 13, 21, 23, 1, 2, 12, 11, 1, 15, 14, 18, 24, 15, 22, 0, 6, 10, 8, 2, 16, 4, 0, 13, 16, 20, 25, 37, 30, 5, 26, 14, 33, 12, 39, 22, 24, 2, 17, 41]
convergência = [41, 41, 41, 41, 41, 41, 41, 41, 41, 41, 41, 41, 41, 41, 41, 41, 41, 41, 41, 41, 41, 41, 41, 41, 41, 41, 41, 41, 41, 41, 41, 41, 41, 41, 41, 41, 41, 41, 41, 41, 41, 41, 41, 41, 41, 41, 41, 41, 41, 41, 41, 41, 41, 41, 41, 41, 41, 41, 41, 41, 41, 41, 41, 41, 41, 41, 41, 41, 41, 41, 41, 41, 41, 41, 41, 41, 41, 41, 41, 41, 41, 41, 41, 41, 41, 41, 41, 41, 41, 41, 41, 41, 41, 41, 41, 41, 41, 41, 41, 41, 41, 41, 41, 41, 41, 41, 41, 41, 41, 41, 41, 41, 41, 41, 41, 41, 41, 41, 41, 41, 41, 41, 41, 41]

===== FIM =====
