===== RESULTADO BRKGA L(2,1) =====
Arquivo: /Users/mateuspedrosa/Documents/TCC-II/BRKGA/data/Harwell-Boeing_cleaned/ibm32_clean.mtx

----- Execução #1 -----
[INFO] Parou por estagnação.
Tempo de execução: 865ms
Span (lambda): 13
best_order = [5, 13, 0, 12, 30, 26, 20, 14, 18, 3, 2, 24, 25, 29, 4, 1, 15, 22, 9, 10, 7, 27, 16, 23, 11, 19, 31, 6, 17, 8, 21, 28]
labeling = [2, 9, 7, 5, 3, 0, 11, 10, 13, 8, 5, 13, 0, 1, 1, 8, 12, 11, 4, 4, 4, 3, 6, 9, 3, 6, 1, 3, 12, 1, 3, 0]
convergência = [14, 14, 14, 14, 14, 14, 13, 13, 13, 13, 13, 13, 13, 13, 13, 13, 13, 13, 13, 13, 13, 13, 13, 13, 13, 13, 13, 13, 13, 13, 13, 13, 13, 13, 13, 13, 13, 13, 13, 13, 13, 13, 13, 13, 13, 13, 13, 13, 13, 13, 13, 13, 13, 13, 13, 13, 13, 13, 13, 13, 13, 13, 13, 13, 13, 13, 13, 13, 13, 13, 13, 13, 13, 13, 13, 13, 13, 13, 13, 13, 13, 13, 13, 13, 13, 13, 13, 13, 13, 13, 13, 13, 13, 13, 13, 13, 13, 13, 13, 13, 13, 13, 13, 13, 13, 13, 13, 13, 13, 13, 13, 13, 13, 13, 13, 13, 13, 13, 13, 13, 13, 13, 13, 13, 13, 13, 13, 13, 13, 13]

===== FIM =====
