===== RESULTADO BRKGA L(2,1) =====
Arquivo: /Users/mateuspedrosa/Documents/TCC-II/BRKGA/data/Harwell-Boeing_cleaned/impcol_d_clean.mtx

----- Execução #1 -----
[INFO] Parou por estagnação.
Tempo de execução: 75265ms
Span (lambda): 19
best_order = [336, 206, 400, 260, 104, 283, 67, 137, 351, 402, 252, 380, 385, 388, 5, 403, 182, 376, 323, 301, 241, 219, 202, 230, 126, 25, 135, 42, 255, 297, 268, 190, 48, 420, 129, 106, 196, 417, 60, 100, 125, 33, 326, 83, 8, 40, 250, 342, 203, 387, 123, 411, 195, 285, 217, 337, 391, 79, 197, 346, 179, 409, 221, 69, 348, 90, 382, 131, 142, 162, 237, 331, 18, 109, 139, 41, 365, 366, 24, 322, 99, 114, 127, 175, 150, 192, 358, 121, 124, 108, 369, 53, 379, 318, 418, 361, 373, 287, 62, 143, 23, 232, 6, 306, 209, 393, 234, 309, 266, 199, 332, 254, 47, 153, 170, 130, 392, 118, 167, 353, 66, 86, 269, 327, 93, 148, 350, 292, 193, 238, 273, 422, 186, 248, 321, 295, 368, 208, 307, 226, 389, 140, 168, 181, 12, 258, 26, 70, 38, 16, 396, 68, 21, 141, 314, 22, 146, 101, 404, 173, 44, 210, 312, 172, 205, 85, 271, 261, 55, 45, 128, 220, 4, 415, 416, 298, 294, 57, 174, 246, 333, 370, 122, 289, 212, 211, 189, 421, 187, 224, 299, 171, 263, 276, 247, 383, 149, 10, 424, 49, 155, 377, 222, 120, 154, 105, 305, 320, 257, 265, 89, 183, 286, 147, 96, 73, 84, 29, 216, 54, 412, 270, 201, 88, 14, 198, 91, 354, 112, 316, 291, 367, 243, 165, 136, 329, 98, 284, 378, 296, 9, 363, 107, 145, 398, 1, 386, 95, 39, 166, 20, 360, 151, 293, 103, 423, 244, 78, 218, 249, 267, 236, 51, 253, 28, 315, 272, 372, 17, 359, 280, 362, 317, 278, 58, 34, 413, 72, 169, 163, 330, 35, 390, 352, 407, 408, 300, 344, 262, 184, 371, 180, 231, 59, 159, 242, 134, 94, 37, 277, 158, 328, 76, 364, 185, 394, 341, 30, 374, 259, 313, 0, 110, 349, 207, 251, 200, 7, 157, 87, 75, 406, 419, 395, 132, 399, 178, 61, 164, 324, 194, 343, 116, 355, 77, 215, 161, 188, 213, 71, 13, 133, 32, 156, 239, 302, 290, 36, 177, 229, 19, 264, 176, 160, 288, 65, 335, 115, 345, 339, 384, 56, 15, 138, 279, 410, 102, 308, 119, 233, 414, 117, 144, 2, 347, 31, 27, 111, 80, 43, 81, 356, 50, 338, 64, 214, 275, 223, 97, 82, 334, 281, 113, 63, 227, 228, 310, 375, 52, 245, 319, 304, 381, 152, 325, 11, 256, 274, 225, 340, 74, 204, 303, 282, 357, 92, 311, 405, 401, 191, 235, 3, 240, 397, 46]
labeling = [7, 3, 16, 12, 6, 0, 5, 13, 1, 11, 0, 8, 6, 15, 10, 17, 2, 14, 4, 16, 11, 8, 9, 5, 3, 1, 7, 14, 12, 4, 11, 18, 13, 2, 0, 5, 12, 10, 0, 9, 2, 0, 0, 2, 11, 7, 12, 6, 2, 9, 18, 13, 17, 3, 10, 5, 15, 8, 1, 11, 0, 12, 4, 16, 13, 9, 6, 0, 7, 1, 3, 14, 12, 2, 5, 10, 7, 15, 14, 1, 4, 6, 15, 2, 3, 11, 6, 14, 4, 12, 5, 13, 19, 7, 17, 8, 13, 18, 5, 4, 1, 9, 14, 10, 0, 4, 1, 5, 0, 3, 0, 3, 16, 7, 9, 18, 16, 14, 10, 17, 3, 2, 15, 4, 12, 3, 0, 11, 14, 2, 13, 6, 1, 18, 16, 1, 15, 0, 17, 7, 14, 11, 8, 3, 19, 9, 6, 4, 1, 2, 10, 12, 7, 0, 1, 8, 17, 6, 9, 11, 18, 16, 5, 4, 14, 5, 12, 4, 6, 10, 3, 9, 7, 2, 3, 2, 9, 17, 7, 1, 5, 6, 0, 13, 14, 8, 7, 9, 0, 11, 2, 10, 3, 6, 3, 1, 4, 3, 0, 1, 16, 15, 0, 1, 19, 6, 0, 13, 7, 5, 8, 12, 10, 16, 12, 11, 1, 2, 7, 0, 9, 4, 14, 3, 5, 7, 6, 10, 9, 17, 2, 1, 2, 18, 0, 17, 5, 5, 9, 10, 17, 3, 16, 14, 15, 19, 0, 4, 10, 8, 6, 17, 1, 13, 9, 5, 19, 11, 12, 14, 0, 10, 11, 1, 3, 2, 4, 16, 0, 8, 12, 2, 18, 6, 3, 9, 5, 7, 4, 13, 7, 5, 13, 0, 14, 7, 13, 2, 17, 11, 18, 15, 4, 14, 9, 5, 10, 1, 7, 6, 16, 0, 15, 12, 19, 8, 2, 6, 3, 3, 0, 4, 8, 2, 3, 10, 6, 4, 1, 16, 1, 5, 3, 0, 8, 16, 0, 7, 12, 8, 14, 2, 3, 4, 11, 15, 0, 1, 10, 8, 13, 6, 2, 9, 5, 7, 1, 10, 1, 5, 5, 0, 1, 5, 12, 14, 18, 16, 4, 11, 7, 6, 9, 1, 15, 0, 2, 14, 4, 3, 8, 6, 13, 0, 1, 15, 1, 11, 12, 9, 0, 16, 8, 10, 17, 2, 14, 3, 4, 12, 16, 7, 10, 6, 9, 15, 0, 15, 5, 10, 0, 7, 1, 5, 6, 18, 2, 1, 11, 4, 17, 3, 12, 9, 15, 8, 4, 2, 0, 13, 1, 6, 3, 7, 10]
convergência = [21, 21, 21, 21, 21, 21, 20, 20, 20, 20, 20, 20, 20, 20, 20, 20, 20, 20, 20, 20, 20, 20, 20, 20, 20, 20, 20, 20, 20, 20, 20, 20, 20, 20, 20, 20, 20, 20, 20, 20, 20, 20, 20, 20, 20, 20, 20, 20, 20, 20, 20, 20, 20, 20, 20, 20, 20, 20, 20, 20, 20, 20, 20, 20, 20, 20, 20, 20, 20, 20, 20, 20, 20, 20, 20, 20, 20, 20, 20, 20, 20, 20, 20, 19, 19, 19, 19, 19, 19, 19, 19, 19, 19, 19, 19, 19, 19, 19, 19, 19, 19, 19, 19, 19, 19, 19, 19, 19, 19, 19, 19, 19, 19, 19, 19, 19, 19, 19, 19, 19, 19, 19, 19, 19, 19, 19, 19, 19, 19, 19, 19, 19, 19, 19, 19, 19, 19, 19, 19, 19, 19, 19, 19, 19, 19, 19, 19, 19, 19, 19, 19, 19, 19, 19, 19, 19, 19, 19, 19, 19, 19, 19, 19, 19, 19, 19, 19, 19, 19, 19, 19, 19, 19, 19, 19, 19, 19, 19, 19, 19, 19, 19, 19, 19, 19, 19, 19, 19, 19, 19, 19, 19, 19, 19, 19, 19, 19, 19, 19, 19, 19, 19, 19, 19, 19, 19, 19]

===== FIM =====
