===== RESULTADO BRKGA L(2,1) =====
Arquivo: /Users/mateuspedrosa/Documents/TCC-II/BRKGA/data/Harwell-Boeing_cleaned/impcol_b_clean.mtx

----- Execução #1 -----
[INFO] Parou por estagnação.
Tempo de execução: 3471ms
Span (lambda): 26
best_order = [43, 4, 54, 3, 7, 33, 41, 37, 45, 40, 26, 42, 52, 17, 10, 36, 18, 2, 38, 19, 58, 49, 28, 14, 27, 8, 46, 13, 31, 57, 51, 39, 24, 11, 34, 48, 23, 16, 50, 35, 9, 15, 21, 0, 56, 53, 55, 30, 12, 5, 6, 1, 29, 32, 20, 44, 47, 25, 22]
labeling = [3, 3, 8, 1, 1, 5, 0, 0, 5, 6, 1, 6, 14, 9, 4, 23, 22, 5, 7, 8, 2, 11, 18, 20, 16, 26, 7, 15, 14, 25, 10, 17, 12, 1, 19, 13, 3, 3, 13, 18, 6, 2, 9, 0, 24, 4, 16, 22, 21, 12, 19, 17, 11, 20, 1, 21, 18, 3, 10]
convergência = [27, 27, 27, 27, 27, 26, 26, 26, 26, 26, 26, 26, 26, 26, 26, 26, 26, 26, 26, 26, 26, 26, 26, 26, 26, 26, 26, 26, 26, 26, 26, 26, 26, 26, 26, 26, 26, 26, 26, 26, 26, 26, 26, 26, 26, 26, 26, 26, 26, 26, 26, 26, 26, 26, 26, 26, 26, 26, 26, 26, 26, 26, 26, 26, 26, 26, 26, 26, 26, 26, 26, 26, 26, 26, 26, 26, 26, 26, 26, 26, 26, 26, 26, 26, 26, 26, 26, 26, 26, 26, 26, 26, 26, 26, 26, 26, 26, 26, 26, 26, 26, 26, 26, 26, 26, 26, 26, 26, 26, 26, 26, 26, 26, 26, 26, 26, 26, 26, 26, 26, 26, 26, 26, 26, 26, 26, 26, 26, 26]

===== FIM =====
