===== RESULTADO BRKGA L(2,1) =====
Arquivo: /Users/mateuspedrosa/Documents/TCC-II/BRKGA/data/Harwell-Boeing_cleaned/impcol_c_clean.mtx

----- Execução #1 -----
[INFO] Parou por estagnação.
Tempo de execução: 12199ms
Span (lambda): 16
best_order = [41, 44, 1, 8, 24, 61, 95, 20, 92, 77, 74, 59, 127, 33, 58, 52, 56, 3, 116, 119, 73, 68, 110, 30, 83, 66, 16, 70, 111, 125, 117, 40, 39, 17, 42, 65, 122, 106, 43, 109, 55, 64, 29, 6, 96, 90, 91, 136, 108, 120, 62, 57, 99, 63, 89, 5, 133, 46, 19, 81, 48, 128, 84, 112, 115, 36, 80, 27, 45, 12, 0, 71, 104, 85, 38, 72, 135, 100, 15, 34, 18, 79, 69, 98, 88, 76, 11, 50, 131, 118, 21, 4, 53, 130, 102, 123, 113, 51, 86, 14, 121, 126, 114, 60, 37, 2, 32, 82, 10, 124, 26, 31, 23, 94, 132, 9, 75, 134, 25, 105, 129, 87, 67, 35, 22, 49, 7, 107, 93, 47, 97, 103, 28, 13, 101, 78, 54]
labeling = [6, 1, 8, 0, 9, 7, 5, 0, 3, 13, 12, 5, 4, 14, 10, 2, 0, 7, 13, 2, 4, 12, 16, 14, 2, 16, 8, 11, 9, 1, 6, 4, 5, 5, 2, 5, 8, 0, 12, 10, 9, 0, 11, 13, 1, 14, 2, 4, 15, 5, 4, 7, 6, 7, 14, 8, 7, 11, 5, 4, 10, 3, 6, 0, 1, 12, 10, 15, 8, 14, 5, 4, 10, 3, 2, 16, 7, 1, 0, 2, 0, 4, 0, 1, 6, 12, 13, 16, 8, 7, 5, 9, 2, 16, 13, 0, 5, 14, 11, 6, 1, 4, 10, 15, 3, 8, 0, 3, 0, 4, 0, 1, 0, 3, 10, 9, 1, 4, 13, 2, 7, 15, 3, 8, 11, 3, 6, 0, 5, 12, 11, 10, 15, 1, 14, 9, 0]
convergência = [17, 17, 17, 17, 17, 17, 17, 17, 17, 17, 17, 17, 17, 17, 17, 17, 17, 17, 17, 17, 17, 17, 17, 17, 17, 17, 17, 17, 16, 16, 16, 16, 16, 16, 16, 16, 16, 16, 16, 16, 16, 16, 16, 16, 16, 16, 16, 16, 16, 16, 16, 16, 16, 16, 16, 16, 16, 16, 16, 16, 16, 16, 16, 16, 16, 16, 16, 16, 16, 16, 16, 16, 16, 16, 16, 16, 16, 16, 16, 16, 16, 16, 16, 16, 16, 16, 16, 16, 16, 16, 16, 16, 16, 16, 16, 16, 16, 16, 16, 16, 16, 16, 16, 16, 16, 16, 16, 16, 16, 16, 16, 16, 16, 16, 16, 16, 16, 16, 16, 16, 16, 16, 16, 16, 16, 16, 16, 16, 16, 16, 16, 16, 16, 16, 16, 16, 16, 16, 16, 16, 16, 16, 16, 16, 16, 16, 16, 16, 16, 16, 16, 16]

===== FIM =====
