===== RESULTADO BRKGA L(2,1) =====
Arquivo: /Users/mateuspedrosa/Documents/TCC-II/BRKGA/data/Harwell-Boeing_cleaned/jagmesh3_clean.mtx

----- Execução #1 -----
[INFO] Parou por estagnação.
Tempo de execução: 127766ms
Span (lambda): 15
best_order = [731, 671, 487, 537, 376, 734, 153, 349, 1021, 55, 674, 752, 921, 240, 645, 232, 66, 1083, 80, 803, 228, 1013, 705, 167, 247, 300, 540, 69, 255, 783, 221, 475, 808, 722, 435, 496, 531, 724, 57, 779, 279, 580, 1047, 26, 1081, 572, 363, 335, 100, 118, 249, 396, 404, 367, 675, 226, 346, 357, 978, 236, 959, 813, 70, 71, 215, 780, 207, 257, 898, 387, 618, 284, 855, 895, 733, 1026, 114, 164, 609, 437, 230, 844, 1075, 1034, 1037, 95, 991, 205, 78, 68, 861, 1, 267, 966, 654, 415, 888, 126, 377, 782, 807, 44, 640, 646, 436, 677, 132, 1000, 852, 1052, 439, 369, 425, 697, 970, 699, 538, 561, 63, 211, 361, 410, 774, 667, 375, 947, 210, 579, 498, 757, 723, 1030, 41, 910, 302, 981, 635, 571, 443, 8, 1074, 467, 628, 770, 289, 1084, 857, 492, 905, 824, 986, 52, 416, 206, 1085, 28, 603, 564, 778, 434, 937, 176, 168, 148, 37, 850, 509, 197, 706, 771, 965, 319, 444, 431, 50, 884, 934, 587, 601, 222, 456, 553, 735, 190, 81, 890, 47, 604, 104, 465, 61, 610, 708, 165, 1028, 224, 31, 1077, 627, 644, 761, 1009, 505, 835, 411, 296, 515, 30, 648, 815, 1043, 545, 622, 952, 871, 398, 750, 428, 141, 956, 680, 902, 420, 665, 332, 317, 273, 904, 449, 714, 522, 825, 1050, 235, 107, 625, 576, 784, 477, 269, 60, 701, 785, 184, 798, 1048, 876, 94, 542, 430, 1055, 957, 551, 760, 218, 156, 764, 73, 45, 383, 817, 1057, 149, 244, 23, 805, 1086, 1054, 941, 1065, 39, 775, 990, 182, 854, 462, 316, 520, 913, 466, 596, 276, 710, 858, 271, 787, 1061, 36, 999, 448, 887, 111, 324, 325, 1010, 738, 201, 899, 295, 359, 313, 686, 636, 56, 543, 1062, 525, 647, 923, 700, 712, 964, 360, 281, 310, 513, 519, 482, 1059, 818, 762, 754, 896, 53, 169, 973, 353, 233, 809, 559, 673, 86, 112, 912, 749, 133, 99, 867, 826, 392, 309, 777, 1020, 549, 849, 984, 338, 820, 655, 652, 933, 413, 34, 586, 356, 575, 351, 20, 590, 721, 189, 291, 92, 198, 208, 139, 658, 501, 297, 485, 243, 326, 174, 1068, 597, 908, 484, 1070, 1058, 1087, 140, 460, 1041, 865, 828, 450, 62, 583, 595, 54, 489, 196, 518, 833, 602, 703, 919, 494, 238, 811, 741, 872, 885, 185, 150, 1025, 307, 702, 1051, 483, 146, 676, 391, 29, 256, 251, 171, 350, 337, 588, 678, 851, 894, 653, 318, 417, 1076, 558, 529, 582, 24, 163, 186, 573, 612, 180, 977, 746, 35, 386, 108, 725, 873, 1053, 59, 594, 1035, 311, 75, 961, 84, 400, 1036, 16, 231, 751, 955, 48, 136, 962, 93, 145, 877, 953, 998, 900, 755, 113, 157, 611, 144, 170, 264, 213, 340, 470, 788, 241, 600, 763, 804, 91, 975, 6, 512, 917, 1012, 659, 473, 920, 560, 472, 1031, 490, 747, 87, 943, 263, 1033, 474, 689, 951, 830, 38, 199, 848, 1060, 225, 103, 989, 125, 832, 315, 1038, 889, 875, 154, 447, 694, 341, 619, 765, 46, 212, 469, 915, 633, 1039, 906, 768, 682, 85, 637, 1066, 451, 987, 252, 639, 728, 972, 481, 285, 514, 262, 704, 508, 117, 891, 684, 331, 584, 862, 323, 1002, 223, 806, 314, 630, 229, 246, 591, 548, 1071, 214, 839, 161, 216, 1011, 327, 502, 1007, 792, 506, 160, 1005, 390, 290, 968, 672, 1067, 756, 727, 664, 696, 690, 589, 64, 422, 459, 581, 83, 945, 476, 624, 128, 191, 660, 687, 88, 237, 105, 1045, 384, 786, 592, 1006, 883, 985, 175, 864, 202, 642, 370, 893, 567, 740, 797, 649, 137, 744, 1042, 1073, 829, 976, 979, 729, 918, 418, 1063, 0, 173, 98, 395, 880, 1044, 3, 407, 856, 385, 909, 881, 162, 570, 401, 634, 423, 1072, 638, 799, 491, 736, 159, 629, 183, 304, 12, 343, 707, 200, 562, 1022, 393, 863, 526, 432, 194, 372, 96, 555, 992, 711, 819, 1016, 510, 305, 227, 994, 478, 521, 445, 166, 720, 698, 925, 730, 922, 22, 234, 796, 613, 641, 380, 438, 15, 1023, 187, 507, 823, 541, 860, 574, 261, 544, 859, 90, 926, 138, 254, 468, 593, 585, 421, 306, 130, 931, 497, 812, 414, 868, 759, 177, 493, 793, 33, 980, 18, 143, 364, 716, 209, 192, 330, 831, 767, 352, 533, 1082, 479, 142, 598, 2, 960, 615, 1015, 294, 836, 837, 810, 936, 412, 929, 932, 123, 1064, 693, 688, 188, 455, 259, 608, 274, 345, 275, 983, 632, 27, 1032, 486, 42, 614, 901, 321, 152, 366, 131, 695, 878, 666, 312, 1088, 527, 461, 709, 795, 1056, 930, 397, 1004, 927, 950, 892, 77, 67, 663, 328, 946, 446, 866, 617, 277, 1040, 776, 550, 530, 681, 523, 299, 333, 928, 442, 134, 440, 766, 464, 409, 643, 10, 336, 124, 242, 821, 668, 789, 969, 552, 5, 278, 547, 565, 949, 342, 135, 298, 1019, 516, 870, 272, 122, 662, 554, 995, 458, 534, 1018, 268, 834, 620, 119, 982, 399, 745, 656, 1014, 365, 292, 944, 914, 838, 388, 250, 339, 954, 935, 379, 499, 329, 621, 939, 556, 265, 344, 623, 557, 1003, 283, 348, 253, 178, 19, 334, 879, 536, 517, 524, 1079, 17, 320, 773, 886, 599, 308, 116, 97, 790, 7, 368, 1029, 1046, 650, 717, 433, 532, 115, 248, 661, 204, 488, 405, 802, 495, 578, 827, 769, 692, 358, 82, 845, 563, 801, 903, 11, 287, 691, 719, 679, 394, 155, 76, 566, 800, 32, 260, 355, 219, 147, 258, 106, 772, 718, 1008, 528, 51, 245, 626, 967, 441, 362, 121, 781, 270, 948, 963, 500, 120, 1049, 480, 539, 732, 753, 266, 715, 814, 846, 322, 13, 631, 151, 288, 25, 402, 129, 347, 89, 220, 72, 974, 853, 739, 882, 607, 942, 427, 457, 1001, 713, 374, 389, 382, 669, 429, 737, 748, 354, 40, 419, 958, 1069, 842, 101, 301, 172, 1080, 1017, 940, 9, 605, 452, 303, 408, 843, 65, 606, 203, 511, 43, 239, 971, 14, 742, 504, 371, 924, 503, 195, 49, 568, 726, 683, 373, 791, 110, 911, 869, 616, 997, 546, 179, 1024, 21, 794, 938, 535, 816, 897, 916, 841, 993, 454, 685, 758, 406, 282, 381, 996, 181, 840, 4, 193, 874, 74, 293, 988, 743, 471, 378, 453, 102, 1078, 907, 847, 58, 79, 463, 822, 426, 1027, 657, 569, 109, 286, 158, 670, 217, 127, 651, 403, 424, 577, 280]
labeling = [4, 0, 6, 2, 0, 5, 1, 12, 3, 10, 5, 3, 0, 5, 8, 4, 2, 7, 10, 13, 3, 7, 4, 2, 5, 12, 0, 11, 5, 9, 2, 0, 5, 3, 1, 6, 3, 1, 4, 2, 10, 0, 7, 4, 0, 3, 10, 2, 8, 11, 4, 8, 3, 6, 9, 0, 8, 1, 9, 7, 2, 0, 5, 1, 6, 15, 0, 11, 5, 2, 4, 6, 12, 4, 6, 7, 13, 11, 2, 13, 1, 7, 12, 10, 3, 8, 1, 2, 8, 14, 4, 6, 3, 9, 5, 1, 11, 14, 10, 3, 0, 8, 14, 11, 2, 7, 15, 0, 5, 12, 10, 2, 4, 6, 0, 9, 6, 8, 1, 7, 13, 10, 12, 4, 13, 6, 3, 15, 0, 5, 8, 10, 0, 5, 9, 11, 3, 6, 7, 2, 4, 1, 9, 11, 8, 10, 7, 13, 0, 3, 4, 11, 7, 0, 6, 11, 0, 3, 11, 9, 7, 0, 6, 2, 0, 6, 4, 1, 3, 5, 8, 6, 12, 5, 3, 6, 2, 7, 12, 14, 2, 11, 1, 8, 2, 4, 6, 8, 10, 0, 3, 5, 7, 9, 4, 12, 7, 0, 3, 5, 10, 1, 9, 12, 6, 2, 5, 3, 8, 12, 5, 3, 12, 10, 8, 4, 7, 14, 4, 10, 12, 1, 4, 10, 7, 9, 2, 11, 2, 10, 1, 8, 0, 7, 11, 6, 2, 11, 4, 5, 0, 6, 11, 5, 3, 13, 8, 0, 13, 1, 8, 3, 9, 13, 10, 1, 5, 3, 15, 7, 11, 5, 1, 8, 6, 12, 14, 1, 10, 2, 12, 3, 11, 2, 7, 9, 4, 10, 6, 0, 14, 4, 15, 11, 1, 4, 12, 9, 13, 0, 9, 7, 1, 11, 8, 5, 3, 6, 4, 12, 0, 9, 2, 5, 10, 7, 4, 2, 0, 4, 2, 5, 1, 4, 8, 6, 9, 7, 2, 0, 3, 7, 14, 12, 4, 6, 9, 5, 7, 12, 5, 9, 6, 11, 9, 0, 12, 3, 0, 6, 3, 5, 10, 8, 11, 9, 0, 10, 3, 0, 7, 5, 10, 1, 9, 13, 4, 0, 13, 2, 4, 1, 9, 2, 8, 12, 7, 0, 11, 2, 5, 10, 7, 11, 5, 4, 0, 5, 14, 8, 6, 12, 8, 1, 3, 8, 7, 3, 10, 12, 1, 3, 0, 4, 9, 6, 1, 8, 2, 9, 5, 7, 11, 13, 0, 14, 11, 4, 13, 10, 1, 3, 7, 3, 6, 0, 2, 4, 6, 9, 1, 10, 7, 9, 11, 0, 14, 12, 5, 13, 2, 2, 8, 10, 4, 0, 3, 1, 9, 5, 11, 12, 10, 3, 5, 12, 7, 4, 1, 3, 5, 1, 10, 14, 12, 5, 0, 13, 11, 6, 4, 11, 0, 2, 11, 3, 6, 1, 9, 7, 3, 14, 6, 4, 8, 1, 11, 2, 4, 10, 13, 11, 8, 10, 6, 4, 10, 0, 12, 4, 6, 9, 0, 8, 4, 2, 0, 13, 1, 5, 14, 2, 8, 12, 7, 2, 6, 12, 9, 4, 8, 11, 7, 0, 5, 1, 10, 13, 3, 1, 6, 10, 4, 9, 13, 3, 6, 4, 7, 5, 8, 2, 12, 2, 11, 14, 9, 0, 2, 13, 0, 8, 0, 4, 7, 5, 14, 10, 6, 5, 10, 2, 11, 3, 12, 8, 12, 14, 8, 6, 9, 0, 9, 3, 1, 4, 11, 7, 10, 12, 8, 2, 0, 5, 8, 3, 1, 6, 2, 5, 1, 10, 8, 0, 3, 11, 6, 4, 7, 5, 0, 2, 5, 10, 7, 5, 0, 2, 5, 1, 4, 2, 6, 0, 3, 6, 9, 2, 7, 0, 2, 4, 7, 9, 12, 10, 13, 9, 1, 7, 13, 0, 4, 8, 11, 0, 13, 4, 2, 6, 0, 14, 4, 9, 11, 1, 5, 9, 3, 6, 0, 11, 3, 12, 2, 0, 3, 7, 2, 12, 10, 14, 5, 8, 1, 7, 13, 15, 4, 8, 1, 4, 9, 12, 10, 5, 11, 4, 10, 13, 11, 0, 7, 3, 0, 2, 6, 0, 5, 8, 2, 13, 6, 12, 9, 9, 3, 6, 4, 1, 10, 5, 7, 13, 9, 11, 3, 0, 11, 1, 7, 5, 8, 4, 10, 0, 2, 8, 3, 11, 1, 9, 4, 14, 4, 13, 10, 3, 9, 14, 11, 4, 0, 3, 1, 7, 0, 9, 5, 1, 12, 0, 9, 3, 0, 2, 11, 14, 5, 13, 2, 0, 12, 7, 2, 8, 3, 9, 11, 0, 2, 5, 0, 9, 3, 6, 4, 1, 7, 9, 6, 2, 8, 5, 0, 6, 13, 8, 6, 9, 4, 2, 13, 12, 0, 4, 12, 2, 4, 1, 3, 12, 2, 0, 6, 8, 10, 7, 9, 6, 8, 15, 5, 10, 14, 7, 13, 10, 1, 11, 0, 14, 11, 0, 8, 6, 9, 4, 2, 5, 13, 4, 7, 2, 12, 3, 13, 1, 6, 7, 1, 10, 13, 6, 1, 5, 7, 11, 3, 6, 0, 9, 4, 8, 10, 4, 9, 4, 7, 2, 14, 3, 6, 12, 1, 10, 12, 7, 0, 8, 3, 6, 1, 9, 5, 0, 8, 3, 7, 12, 10, 1, 4, 6, 6, 4, 7, 3, 6, 13, 4, 0, 3, 5, 2, 4, 0, 2, 4, 10, 5, 9, 11, 7, 4, 9, 13, 5, 1, 7, 3, 9, 11, 8, 3, 0, 2, 10, 1, 6, 10, 12, 4, 10, 5, 0, 6, 12, 4, 8, 3, 11, 8, 2, 9, 0, 15, 2, 9, 1, 6, 0, 7, 4, 15, 5, 7, 11, 13, 7, 11, 9, 5, 2, 0, 13, 10, 2, 8, 13, 4, 1, 13, 6, 11, 8, 12, 0, 6, 12, 10, 8, 3, 5, 14, 7, 2, 5, 14, 0, 7, 1, 4, 11, 7, 4, 2, 10, 8, 9, 1, 11, 6, 3, 12, 5, 8, 1, 0, 10, 12, 2, 14, 9, 1, 12, 4, 10, 15, 1, 3, 0, 8, 14, 4, 13, 15, 11, 8, 6, 2, 13, 5, 12, 10, 4, 6, 1, 11, 2, 5, 11, 9, 0, 7, 9, 6, 14, 12, 9, 3, 0, 10, 5, 14, 4, 1, 11, 2, 5, 0, 7, 12, 8, 1, 6, 8, 3, 7, 9, 11, 4, 10, 5, 12, 10, 13, 0, 4, 13, 1, 6, 2, 7, 4, 2, 12, 6, 8, 3, 9, 1, 6, 10, 3, 0, 5, 7, 8, 14, 5, 9, 11, 1, 4, 2, 7, 4, 6, 13, 10, 1, 12, 0, 3, 5, 6, 8, 10]
convergência = [16, 16, 16, 16, 16, 16, 16, 16, 16, 16, 16, 16, 16, 16, 16, 16, 16, 16, 16, 16, 16, 16, 16, 16, 16, 16, 16, 16, 16, 16, 16, 16, 16, 16, 16, 16, 16, 16, 16, 16, 16, 16, 16, 16, 16, 16, 16, 16, 16, 16, 16, 16, 16, 16, 16, 16, 16, 16, 16, 16, 16, 16, 16, 16, 16, 16, 16, 16, 16, 16, 16, 16, 16, 16, 16, 16, 16, 16, 16, 16, 16, 16, 16, 16, 16, 16, 16, 16, 16, 16, 16, 16, 16, 16, 16, 16, 16, 16, 16, 16, 16, 16, 16, 16, 15, 15, 15, 15, 15, 15, 15, 15, 15, 15, 15, 15, 15, 15, 15, 15, 15, 15, 15, 15, 15, 15, 15, 15, 15, 15, 15, 15, 15, 15, 15, 15, 15, 15, 15, 15, 15, 15, 15, 15, 15, 15, 15, 15, 15, 15, 15, 15, 15, 15, 15, 15, 15, 15, 15, 15, 15, 15, 15, 15, 15, 15, 15, 15, 15, 15, 15, 15, 15, 15, 15, 15, 15, 15, 15, 15, 15, 15, 15, 15, 15, 15, 15, 15, 15, 15, 15, 15, 15, 15, 15, 15, 15, 15, 15, 15, 15, 15, 15, 15, 15, 15, 15, 15, 15, 15, 15, 15, 15, 15, 15, 15, 15, 15, 15, 15, 15, 15, 15, 15, 15, 15, 15, 15]

===== FIM =====
