===== RESULTADO BRKGA L(2,1) =====
Arquivo: /Users/mateuspedrosa/Documents/TCC-II/BRKGA/data/Harwell-Boeing_cleaned/jagmesh9_clean.mtx

----- Execução #1 -----
[INFO] Parou por estagnação.
Tempo de execução: 85619ms
Span (lambda): 16
best_order = [1085, 797, 1005, 846, 480, 1254, 1029, 993, 274, 308, 71, 1191, 1214, 278, 388, 1002, 1012, 226, 1304, 764, 1204, 616, 67, 374, 130, 966, 544, 447, 519, 1320, 398, 949, 639, 765, 139, 599, 1154, 864, 1069, 427, 762, 522, 148, 1033, 1147, 875, 1264, 847, 674, 833, 878, 922, 1276, 843, 435, 940, 344, 956, 848, 34, 237, 161, 712, 496, 584, 547, 683, 818, 806, 465, 1134, 363, 1153, 289, 688, 1025, 986, 145, 372, 1232, 1123, 1307, 862, 316, 176, 235, 468, 1118, 338, 33, 187, 1299, 438, 715, 1301, 632, 667, 555, 722, 9, 103, 1044, 740, 403, 222, 1268, 948, 1219, 570, 426, 302, 1228, 5, 679, 493, 452, 178, 660, 911, 156, 695, 661, 1199, 1122, 128, 1116, 1294, 149, 1184, 29, 689, 972, 168, 1053, 575, 64, 462, 882, 1174, 315, 717, 199, 320, 1151, 198, 576, 1013, 362, 461, 675, 249, 664, 1176, 692, 425, 589, 410, 987, 622, 206, 309, 172, 951, 174, 1110, 807, 579, 90, 150, 776, 805, 761, 933, 640, 566, 203, 1017, 534, 1245, 492, 992, 1289, 69, 213, 938, 1281, 895, 337, 401, 907, 349, 961, 102, 724, 155, 677, 1200, 610, 510, 25, 1143, 1112, 242, 721, 357, 815, 482, 359, 415, 801, 275, 1346, 720, 996, 1058, 794, 638, 1239, 1034, 1251, 1165, 1036, 21, 532, 72, 379, 107, 475, 941, 1265, 353, 1186, 246, 597, 193, 1070, 916, 296, 243, 118, 18, 556, 985, 708, 733, 1054, 1338, 306, 596, 16, 670, 508, 284, 441, 416, 718, 699, 360, 512, 568, 455, 181, 1050, 87, 1108, 823, 934, 277, 68, 1155, 853, 803, 159, 625, 1167, 654, 361, 1049, 1319, 329, 324, 345, 1130, 619, 430, 876, 1278, 830, 123, 757, 711, 487, 113, 60, 484, 714, 65, 1120, 1057, 960, 196, 414, 978, 1159, 366, 397, 554, 970, 604, 116, 553, 224, 421, 582, 559, 980, 673, 180, 1096, 822, 924, 22, 314, 1015, 1250, 855, 1060, 524, 658, 393, 829, 30, 376, 1048, 457, 804, 645, 1157, 1104, 891, 903, 1066, 820, 1331, 583, 378, 449, 1240, 913, 1145, 368, 1111, 483, 857, 201, 110, 943, 429, 742, 930, 814, 1164, 1275, 789, 346, 385, 964, 1279, 888, 919, 20, 914, 1077, 322, 48, 894, 300, 138, 1078, 536, 333, 1039, 1280, 1305, 1101, 85, 988, 167, 1030, 254, 499, 390, 999, 1241, 937, 1063, 170, 321, 439, 186, 626, 183, 560, 239, 263, 214, 1074, 497, 994, 334, 23, 117, 1046, 1092, 1231, 1061, 412, 303, 1217, 796, 786, 653, 671, 40, 1028, 953, 37, 787, 41, 327, 1079, 851, 529, 137, 539, 1149, 617, 448, 61, 1185, 55, 595, 358, 1274, 1230, 1222, 420, 1227, 726, 590, 1095, 921, 935, 241, 1313, 824, 503, 690, 402, 1163, 15, 845, 1135, 543, 974, 1332, 965, 1166, 466, 771, 523, 840, 615, 12, 744, 419, 630, 768, 408, 171, 352, 631, 561, 1291, 365, 297, 1144, 1302, 1065, 501, 373, 668, 225, 369, 852, 1152, 1059, 973, 1292, 7, 1310, 995, 784, 861, 904, 153, 173, 588, 83, 104, 572, 273, 607, 290, 751, 1193, 1238, 1348, 627, 350, 111, 1212, 24, 1100, 976, 279, 1235, 652, 424, 563, 1045, 1248, 1345, 1316, 247, 1256, 827, 1203, 446, 133, 728, 59, 564, 550, 602, 1175, 816, 282, 1325, 515, 954, 975, 220, 331, 228, 54, 202, 739, 129, 773, 1169, 343, 389, 886, 1027, 188, 1257, 392, 1286, 286, 1087, 516, 687, 535, 697, 1225, 406, 451, 831, 216, 854, 871, 782, 100, 655, 1089, 581, 955, 982, 968, 1146, 1160, 1084, 890, 1132, 209, 991, 629, 323, 182, 495, 684, 719, 122, 1131, 1008, 774, 598, 860, 1075, 269, 1137, 706, 285, 600, 418, 1215, 13, 1000, 166, 63, 942, 1179, 326, 521, 1071, 1162, 270, 1006, 777, 644, 162, 95, 1261, 1340, 1001, 517, 569, 950, 151, 1173, 702, 400, 817, 498, 1182, 233, 1076, 88, 1062, 298, 1242, 906, 989, 1287, 257, 1047, 839, 230, 952, 725, 255, 1233, 423, 1187, 264, 160, 608, 867, 618, 36, 335, 261, 456, 959, 908, 738, 1018, 1335, 210, 592, 1019, 341, 328, 936, 1267, 1140, 74, 292, 124, 217, 312, 105, 969, 879, 437, 545, 901, 404, 486, 591, 643, 979, 80, 1171, 1181, 1297, 633, 730, 1260, 881, 1183, 1102, 78, 850, 313, 1342, 248, 1024, 505, 1333, 594, 1209, 1106, 185, 77, 580, 868, 380, 136, 1105, 504, 1088, 984, 769, 541, 1327, 1109, 877, 1206, 434, 1115, 98, 1041, 945, 1330, 873, 28, 169, 1003, 526, 800, 75, 659, 494, 893, 763, 143, 1323, 6, 236, 834, 858, 758, 1, 669, 665, 1038, 377, 571, 880, 1117, 551, 370, 1211, 1141, 811, 1315, 1339, 1192, 79, 428, 1055, 606, 779, 612, 1202, 436, 32, 909, 734, 1158, 533, 240, 926, 1252, 57, 685, 1324, 134, 527, 900, 1023, 8, 1121, 1126, 1124, 10, 97, 754, 1220, 1129, 530, 336, 1293, 488, 1021, 743, 766, 1318, 788, 977, 301, 66, 114, 707, 836, 260, 1136, 1051, 252, 775, 267, 1196, 127, 1341, 271, 2, 221, 749, 929, 704, 767, 565, 752, 884, 339, 481, 1010, 1068, 636, 621, 115, 47, 981, 825, 549, 703, 96, 14, 11, 283, 266, 207, 44, 318, 609, 1283, 175, 1056, 841, 476, 84, 1133, 256, 1210, 649, 511, 646, 245, 1221, 200, 91, 27, 863, 1194, 546, 1031, 158, 932, 1329, 126, 1107, 918, 1139, 1255, 849, 694, 651, 601, 120, 691, 656, 1309, 93, 753, 828, 693, 1178, 680, 1300, 790, 1083, 1290, 307, 1043, 1032, 520, 1295, 1246, 1022, 1004, 391, 469, 310, 52, 634, 983, 1156, 1273, 51, 678, 81, 1311, 1026, 1098, 1223, 311, 746, 375, 1334, 1306, 628, 253, 46, 611, 99, 747, 356, 1014, 433, 208, 232, 910, 1244, 453, 1277, 219, 394, 367, 613, 384, 144, 101, 1177, 1127, 262, 897, 131, 915, 1037, 382, 696, 1218, 223, 1328, 506, 45, 1020, 474, 755, 265, 489, 662, 793, 869, 795, 1080, 856, 785, 0, 19, 899, 399, 165, 86, 736, 810, 39, 635, 1272, 772, 1343, 1103, 445, 748, 355, 885, 624, 939, 709, 518, 798, 1072, 407, 614, 737, 672, 1270, 799, 92, 442, 1207, 686, 509, 705, 1263, 194, 1284, 211, 231, 1234, 238, 844, 3, 1009, 1288, 756, 947, 1081, 502, 204, 280, 119, 812, 813, 288, 990, 387, 73, 1253, 1189, 700, 1247, 593, 192, 1125, 780, 395, 1224, 567, 912, 723, 268, 838, 1347, 1344, 513, 82, 783, 1336, 459, 227, 106, 809, 4, 1314, 396, 500, 883, 342, 859, 528, 140, 623, 1321, 364, 1226, 586, 1259, 147, 215, 299, 108, 802, 666, 293, 558, 760, 348, 821, 1180, 887, 548, 1308, 792, 826, 574, 892, 716, 1317, 58, 472, 1099, 540, 440, 1208, 698, 1312, 770, 490, 195, 1035, 1091, 1190, 507, 332, 928, 731, 1086, 1205, 585, 405, 1097, 605, 866, 463, 1237, 1243, 971, 1090, 1188, 745, 1282, 179, 713, 1172, 865, 1269, 1161, 154, 454, 1082, 1042, 417, 681, 218, 905, 870, 998, 874, 251, 191, 386, 477, 443, 17, 1007, 1229, 330, 317, 163, 94, 1150, 35, 26, 1271, 1067, 42, 470, 732, 197, 1052, 152, 276, 422, 641, 467, 1128, 701, 944, 741, 647, 925, 229, 1148, 735, 542, 212, 347, 537, 1142, 962, 1138, 657, 351, 842, 920, 132, 750, 473, 917, 1119, 603, 557, 781, 43, 1168, 1296, 1114, 538, 287, 31, 1262, 485, 62, 819, 305, 272, 121, 837, 432, 281, 637, 525, 325, 1201, 1170, 889, 1249, 1322, 648, 250, 642, 431, 409, 676, 832, 464, 578, 450, 531, 898, 70, 1337, 1285, 471, 50, 573, 164, 1213, 135, 56, 205, 371, 650, 1093, 808, 184, 872, 38, 1113, 141, 927, 479, 190, 1266, 1011, 896, 1303, 234, 112, 460, 458, 291, 413, 478, 1064, 157, 381, 923, 1326, 663, 620, 729, 957, 710, 1216, 340, 778, 577, 53, 1258, 562, 1073, 304, 354, 835, 1197, 259, 76, 759, 514, 946, 142, 931, 1094, 109, 125, 1236, 89, 587, 1198, 189, 1016, 958, 383, 411, 258, 963, 1040, 295, 319, 967, 294, 177, 491, 146, 682, 727, 552, 244, 1195, 1298, 791, 444, 997, 49, 902]
labeling = [8, 0, 2, 7, 10, 0, 6, 1, 7, 0, 8, 2, 5, 8, 10, 6, 4, 8, 1, 10, 4, 0, 3, 6, 10, 1, 9, 12, 10, 0, 6, 15, 8, 2, 0, 12, 8, 2, 5, 9, 0, 3, 9, 11, 1, 9, 7, 3, 6, 9, 2, 0, 6, 9, 3, 1, 10, 4, 11, 5, 2, 4, 11, 5, 2, 4, 11, 0, 3, 1, 12, 0, 2, 6, 6, 8, 12, 9, 7, 0, 8, 14, 1, 6, 10, 7, 9, 5, 7, 11, 0, 4, 6, 3, 10, 6, 12, 10, 8, 14, 5, 15, 3, 1, 9, 2, 10, 0, 8, 14, 3, 0, 4, 2, 9, 12, 6, 8, 4, 8, 5, 12, 4, 1, 5, 15, 13, 11, 1, 4, 0, 12, 11, 3, 6, 13, 10, 8, 6, 0, 14, 8, 10, 5, 7, 0, 15, 7, 0, 2, 4, 7, 16, 3, 7, 4, 2, 12, 9, 5, 10, 1, 5, 11, 14, 11, 8, 6, 3, 12, 6, 9, 2, 8, 1, 10, 0, 14, 2, 11, 7, 4, 4, 2, 9, 4, 8, 0, 10, 15, 13, 7, 10, 6, 13, 6, 0, 12, 1, 4, 4, 2, 9, 7, 7, 13, 5, 10, 1, 6, 8, 13, 15, 2, 6, 10, 7, 9, 4, 11, 0, 7, 1, 12, 4, 7, 0, 11, 2, 5, 1, 10, 6, 4, 9, 3, 7, 0, 11, 5, 10, 6, 2, 4, 11, 6, 0, 4, 10, 3, 14, 10, 1, 12, 2, 5, 1, 6, 14, 7, 0, 8, 10, 2, 1, 13, 11, 7, 13, 3, 10, 13, 11, 4, 0, 3, 11, 5, 1, 6, 7, 15, 5, 9, 0, 8, 6, 15, 8, 2, 5, 13, 2, 9, 4, 9, 3, 1, 6, 14, 4, 12, 3, 6, 11, 9, 4, 7, 0, 0, 8, 10, 3, 11, 1, 5, 0, 4, 7, 15, 1, 3, 4, 2, 0, 13, 9, 7, 11, 2, 14, 3, 11, 5, 7, 9, 5, 2, 0, 13, 6, 10, 12, 8, 0, 1, 3, 14, 12, 3, 9, 15, 7, 5, 13, 8, 10, 4, 7, 1, 4, 0, 3, 1, 12, 6, 2, 11, 6, 8, 12, 6, 1, 8, 0, 9, 2, 10, 4, 5, 10, 14, 4, 15, 13, 2, 12, 7, 0, 8, 0, 5, 3, 6, 8, 11, 13, 4, 2, 9, 6, 2, 8, 1, 10, 12, 5, 8, 1, 11, 3, 12, 2, 9, 1, 4, 6, 3, 9, 7, 4, 1, 5, 2, 0, 6, 4, 2, 10, 0, 4, 11, 6, 9, 7, 1, 6, 11, 0, 6, 4, 0, 9, 11, 16, 7, 5, 1, 8, 6, 15, 8, 2, 12, 5, 3, 9, 2, 13, 3, 14, 2, 0, 9, 11, 3, 10, 13, 0, 9, 8, 1, 5, 11, 6, 0, 4, 6, 12, 4, 0, 12, 5, 7, 3, 11, 7, 0, 4, 8, 13, 15, 3, 1, 8, 6, 2, 9, 11, 4, 9, 2, 10, 1, 11, 9, 5, 11, 3, 14, 4, 13, 1, 5, 13, 3, 5, 7, 12, 0, 9, 5, 1, 10, 3, 11, 7, 9, 13, 1, 6, 14, 2, 11, 8, 6, 1, 12, 6, 3, 8, 4, 12, 7, 0, 8, 10, 0, 11, 5, 0, 9, 1, 5, 5, 2, 4, 15, 7, 3, 6, 8, 12, 6, 8, 13, 1, 10, 2, 9, 0, 11, 6, 14, 7, 3, 5, 15, 12, 0, 10, 8, 2, 4, 1, 13, 11, 15, 5, 3, 0, 7, 2, 11, 9, 5, 3, 1, 4, 0, 7, 1, 6, 9, 4, 7, 2, 0, 4, 9, 1, 11, 9, 12, 4, 6, 0, 5, 9, 2, 4, 12, 2, 9, 4, 2, 0, 4, 12, 8, 1, 7, 0, 6, 9, 12, 10, 13, 3, 0, 2, 10, 12, 5, 10, 6, 4, 12, 10, 8, 14, 3, 6, 2, 5, 8, 11, 13, 6, 8, 3, 0, 9, 14, 2, 4, 7, 1, 4, 9, 1, 6, 9, 4, 0, 5, 13, 1, 6, 0, 11, 13, 8, 0, 7, 10, 0, 7, 2, 2, 4, 11, 3, 9, 5, 2, 10, 3, 13, 4, 11, 14, 7, 9, 5, 12, 7, 0, 6, 12, 8, 6, 1, 8, 3, 0, 8, 1, 3, 8, 4, 2, 0, 9, 3, 6, 2, 10, 5, 14, 10, 7, 11, 4, 7, 9, 4, 12, 7, 2, 0, 9, 1, 12, 0, 14, 9, 11, 13, 5, 14, 6, 6, 1, 5, 8, 15, 3, 11, 4, 10, 3, 1, 10, 0, 0, 6, 9, 4, 8, 12, 2, 11, 6, 7, 5, 0, 9, 13, 11, 11, 13, 2, 8, 0, 7, 4, 6, 10, 3, 8, 5, 14, 9, 3, 11, 5, 0, 4, 9, 7, 5, 12, 1, 5, 3, 0, 2, 12, 10, 7, 5, 8, 10, 3, 1, 4, 3, 0, 11, 3, 5, 2, 0, 8, 12, 15, 2, 11, 4, 6, 8, 14, 2, 7, 15, 6, 13, 11, 9, 5, 14, 7, 0, 13, 8, 0, 2, 4, 10, 5, 2, 4, 1, 6, 3, 10, 1, 5, 9, 6, 10, 5, 9, 0, 16, 14, 7, 10, 8, 13, 4, 12, 2, 14, 1, 7, 11, 3, 0, 11, 3, 0, 11, 7, 9, 0, 11, 3, 13, 0, 8, 13, 8, 5, 2, 14, 3, 13, 4, 7, 5, 15, 10, 2, 14, 7, 4, 6, 8, 10, 2, 9, 1, 12, 11, 1, 15, 11, 1, 12, 5, 0, 11, 7, 3, 10, 2, 13, 9, 3, 14, 8, 4, 0, 5, 7, 4, 0, 7, 1, 6, 8, 3, 11, 8, 13, 9, 3, 1, 9, 2, 6, 4, 0, 7, 0, 12, 14, 2, 5, 3, 9, 16, 1, 6, 0, 12, 8, 10, 3, 9, 2, 8, 6, 10, 4, 9, 3, 7, 5, 9, 2, 4, 1, 3, 0, 2, 4, 6, 10, 5, 3, 1, 6, 8, 3, 15, 13, 2, 7, 9, 0, 5, 7, 0, 2, 6, 1, 7, 2, 5, 0, 2, 7, 4, 10, 3, 8, 4, 9, 0, 4, 7, 5, 0, 12, 10, 4, 0, 2, 11, 13, 0, 2, 12, 0, 11, 8, 5, 11, 8, 14, 6, 1, 9, 5, 8, 1, 6, 4, 8, 15, 3, 6, 10, 7, 1, 2, 8, 3, 7, 14, 4, 12, 9, 1, 13, 5, 1, 4, 2, 12, 11, 5, 10, 12, 0, 2, 7, 3, 11, 0, 10, 7, 0, 8, 7, 13, 4, 8, 13, 5, 10, 14, 6, 3, 14, 12, 10, 2, 0, 6, 10, 3, 8, 2, 4, 1, 9, 2, 4, 5, 11, 2, 7, 1, 6, 0, 10, 5, 11, 0, 1, 8, 12, 9, 11, 13, 7, 3, 8, 6, 6, 0, 5, 2, 4, 15, 11, 0, 10, 9, 3, 8, 6, 9, 2, 14, 5, 11, 1, 10, 3, 0, 4, 12, 4, 12, 5, 8, 11, 1, 9, 7, 2, 6, 3, 13, 0, 4, 10, 10, 8, 1, 5, 3, 9, 1, 5, 9, 7, 1, 6, 0, 3, 1, 4, 7, 1, 10, 0, 8, 2, 6, 8, 5, 12, 14, 2, 4, 13, 10, 6, 0, 7, 5, 2, 14, 9, 11, 7, 3, 15, 1, 9, 11, 6, 3, 1, 8, 10, 1, 9, 12, 7, 4, 2, 0, 10, 7, 5, 0, 8, 11, 4, 14, 12, 6, 3, 5, 1, 8, 12, 4, 2, 10, 12, 2, 13, 6, 3, 8, 11, 0, 10, 3, 5, 12, 6, 1, 5, 7, 10, 0, 5, 13, 9, 2, 13, 9, 14, 11, 3, 0, 4, 2, 9, 7, 1, 6, 4, 11, 9, 13, 10, 6, 8, 11, 3, 12, 8, 10, 7, 2, 7, 1, 3, 15, 1, 10, 2, 5, 12, 0, 4, 9, 0, 12, 4, 6, 11, 9, 6, 11, 5, 2, 14, 9, 3, 0, 13, 15, 8, 10, 7, 12, 5, 3, 1, 6, 0, 4, 8, 7, 4, 11, 13, 2, 0, 2, 9, 6, 13, 7, 4, 1, 10, 3]
convergência = [16, 16, 16, 16, 16, 16, 16, 16, 16, 16, 16, 16, 16, 16, 16, 16, 16, 16, 16, 16, 16, 16, 16, 16, 16, 16, 16, 16, 16, 16, 16, 16, 16, 16, 16, 16, 16, 16, 16, 16, 16, 16, 16, 16, 16, 16, 16, 16, 16, 16, 16, 16, 16, 16, 16, 16, 16, 16, 16, 16, 16, 16, 16, 16, 16, 16, 16, 16, 16, 16, 16, 16, 16, 16, 16, 16, 16, 16, 16, 16, 16, 16, 16, 16, 16, 16, 16, 16, 16, 16, 16, 16, 16, 16, 16, 16, 16, 16, 16, 16, 16, 16, 16, 16, 16, 16, 16, 16, 16, 16, 16, 16, 16, 16, 16, 16, 16, 16, 16, 16, 16, 16, 16, 16]

===== FIM =====
