===== RESULTADO BRKGA L(2,1) =====
Arquivo: /Users/mateuspedrosa/Documents/TCC-II/BRKGA/data/Harwell-Boeing_cleaned/jagmesh8_clean.mtx

----- Execução #1 -----
[INFO] Parou por estagnação.
Tempo de execução: 77661ms
Span (lambda): 15
best_order = [331, 762, 374, 439, 213, 481, 605, 933, 97, 714, 321, 252, 601, 435, 240, 876, 957, 1130, 1092, 646, 848, 352, 507, 113, 488, 153, 1133, 376, 618, 1070, 1004, 753, 1069, 556, 132, 84, 939, 761, 330, 541, 1103, 752, 1097, 524, 309, 421, 980, 793, 419, 564, 929, 77, 709, 677, 336, 237, 145, 610, 21, 229, 66, 269, 697, 1015, 834, 92, 477, 1042, 973, 885, 594, 509, 270, 821, 536, 526, 1043, 1060, 0, 806, 177, 782, 1121, 799, 320, 1059, 42, 660, 381, 654, 478, 721, 225, 688, 208, 981, 1080, 623, 1033, 972, 827, 970, 1014, 83, 1071, 835, 869, 668, 469, 130, 559, 131, 621, 575, 364, 579, 695, 741, 994, 1038, 444, 911, 494, 236, 665, 840, 864, 976, 1138, 663, 653, 191, 586, 346, 194, 434, 166, 350, 838, 491, 1048, 160, 406, 377, 530, 529, 15, 832, 959, 886, 482, 67, 449, 314, 13, 182, 340, 814, 699, 550, 424, 890, 299, 480, 655, 372, 996, 291, 250, 830, 641, 351, 719, 425, 224, 1102, 609, 315, 204, 608, 70, 359, 949, 733, 123, 16, 557, 637, 776, 98, 175, 452, 228, 223, 922, 1126, 771, 899, 1074, 809, 910, 141, 100, 206, 867, 300, 859, 765, 625, 261, 1039, 1109, 193, 683, 870, 616, 984, 659, 69, 548, 715, 775, 853, 375, 212, 931, 284, 211, 1032, 604, 789, 134, 999, 405, 1088, 966, 887, 555, 537, 950, 813, 89, 271, 542, 278, 105, 163, 562, 845, 499, 259, 525, 88, 898, 34, 326, 953, 831, 192, 1050, 176, 1139, 476, 116, 936, 1049, 1029, 79, 1104, 196, 22, 708, 979, 462, 391, 554, 286, 1008, 338, 319, 1013, 783, 142, 387, 464, 60, 186, 764, 577, 952, 935, 738, 974, 777, 1083, 411, 1114, 728, 992, 1053, 379, 112, 159, 75, 692, 403, 258, 818, 1011, 644, 861, 495, 587, 702, 1018, 630, 730, 1031, 205, 489, 544, 769, 851, 844, 63, 1140, 982, 459, 12, 531, 772, 786, 780, 1041, 801, 1051, 674, 678, 636, 905, 17, 151, 969, 397, 283, 902, 566, 942, 187, 400, 200, 1082, 498, 423, 763, 383, 901, 675, 490, 431, 485, 676, 343, 80, 627, 985, 667, 93, 76, 369, 913, 617, 1101, 339, 997, 580, 581, 1040, 282, 19, 717, 808, 773, 1016, 301, 90, 86, 362, 324, 1110, 505, 399, 71, 430, 895, 758, 484, 716, 510, 954, 515, 158, 59, 792, 248, 1006, 238, 725, 386, 156, 1084, 756, 162, 126, 422, 855, 987, 842, 656, 705, 743, 593, 242, 785, 904, 534, 1047, 648, 348, 295, 643, 378, 817, 307, 1119, 930, 588, 883, 552, 1078, 157, 382, 748, 48, 468, 701, 99, 881, 1085, 139, 696, 874, 329, 1028, 253, 416, 1098, 1128, 787, 522, 862, 165, 404, 916, 10, 619, 546, 975, 576, 207, 409, 820, 685, 317, 828, 426, 1120, 1067, 167, 407, 680, 50, 937, 275, 1112, 657, 903, 277, 759, 463, 1061, 924, 826, 178, 62, 183, 7, 1099, 661, 583, 292, 218, 56, 995, 497, 231, 138, 1001, 582, 815, 650, 925, 703, 795, 1019, 219, 473, 122, 27, 774, 51, 287, 850, 1054, 784, 209, 30, 146, 569, 420, 234, 592, 327, 906, 448, 893, 85, 87, 836, 114, 790, 428, 472, 437, 226, 606, 645, 149, 841, 880, 894, 107, 822, 865, 342, 745, 492, 965, 768, 1024, 1117, 734, 1002, 1076, 11, 410, 125, 496, 615, 68, 805, 896, 735, 574, 669, 25, 736, 202, 693, 513, 591, 384, 197, 170, 907, 1072, 797, 1045, 392, 538, 503, 578, 868, 938, 866, 24, 1023, 1017, 945, 273, 760, 35, 704, 279, 993, 1020, 474, 341, 919, 539, 1094, 597, 611, 823, 1062, 147, 443, 718, 944, 971, 1122, 596, 802, 590, 367, 1100, 666, 1034, 691, 649, 948, 955, 1131, 568, 361, 37, 8, 115, 551, 794, 184, 652, 413, 1134, 990, 856, 1081, 214, 1057, 418, 767, 600, 778, 746, 137, 332, 964, 565, 1058, 398, 571, 26, 943, 1116, 500, 33, 839, 150, 754, 549, 670, 394, 52, 698, 694, 323, 998, 863, 36, 312, 1073, 109, 629, 512, 589, 220, 988, 54, 947, 133, 506, 446, 333, 119, 1132, 293, 710, 121, 613, 466, 504, 940, 103, 210, 432, 934, 396, 185, 923, 517, 547, 624, 961, 222, 852, 152, 825, 1077, 921, 475, 1046, 909, 672, 632, 673, 272, 872, 879, 884, 6, 1137, 732, 64, 389, 750, 353, 595, 354, 567, 749, 664, 199, 628, 370, 440, 603, 1055, 456, 302, 148, 215, 188, 502, 4, 723, 563, 471, 843, 20, 900, 18, 803, 256, 310, 1086, 523, 915, 1021, 110, 433, 711, 1065, 742, 366, 1127, 401, 308, 682, 1113, 335, 94, 263, 729, 791, 102, 946, 305, 247, 104, 599, 349, 233, 1111, 614, 57, 55, 686, 755, 427, 135, 441, 266, 642, 73, 1136, 81, 334, 1108, 739, 846, 455, 325, 365, 561, 962, 442, 958, 514, 268, 161, 1009, 414, 986, 535, 74, 927, 1135, 766, 1007, 373, 288, 285, 23, 429, 638, 639, 216, 168, 751, 380, 891, 198, 179, 888, 306, 72, 190, 1089, 487, 328, 960, 155, 744, 144, 560, 1091, 989, 928, 857, 486, 1000, 598, 118, 573, 978, 878, 800, 941, 436, 347, 289, 172, 681, 932, 622, 189, 227, 543, 572, 39, 1003, 45, 532, 111, 313, 897, 1037, 706, 357, 127, 871, 304, 963, 983, 877, 635, 816, 633, 232, 1030, 860, 337, 819, 368, 533, 1125, 438, 1063, 203, 260, 32, 968, 920, 779, 360, 251, 445, 164, 781, 585, 465, 453, 483, 106, 140, 679, 1010, 255, 528, 956, 221, 1064, 128, 174, 631, 117, 804, 169, 29, 390, 1025, 217, 747, 129, 737, 294, 65, 78, 545, 553, 833, 31, 671, 651, 991, 1044, 788, 460, 620, 1068, 1087, 244, 5, 634, 461, 58, 798, 926, 1066, 516, 2, 43, 1075, 450, 44, 1115, 720, 101, 1027, 136, 875, 322, 451, 712, 355, 230, 501, 274, 662, 917, 967, 527, 726, 684, 731, 918, 417, 262, 264, 829, 358, 727, 61, 457, 470, 914, 1026, 1123, 38, 95, 612, 687, 1129, 757, 243, 267, 1095, 647, 892, 257, 91, 1096, 882, 607, 53, 28, 296, 181, 713, 96, 388, 849, 46, 1012, 493, 345, 408, 951, 1093, 812, 249, 458, 318, 689, 1022, 402, 977, 316, 807, 520, 415, 371, 1052, 1, 518, 49, 195, 201, 811, 363, 47, 854, 281, 241, 393, 454, 479, 171, 908, 173, 356, 1005, 1118, 280, 847, 297, 540, 740, 602, 707, 570, 796, 558, 889, 1035, 82, 1090, 3, 245, 810, 239, 154, 412, 108, 511, 467, 124, 912, 41, 1105, 40, 690, 770, 508, 298, 254, 1056, 265, 700, 246, 724, 722, 120, 311, 235, 1124, 640, 385, 519, 1036, 1106, 824, 447, 658, 395, 180, 143, 14, 584, 344, 290, 9, 1107, 858, 873, 1079, 626, 521, 303, 276, 837]
labeling = [0, 11, 9, 14, 4, 11, 8, 5, 10, 8, 4, 10, 8, 1, 3, 0, 2, 5, 7, 1, 6, 0, 4, 13, 2, 9, 11, 7, 6, 4, 1, 9, 7, 5, 2, 6, 8, 5, 13, 2, 13, 5, 0, 0, 7, 3, 10, 12, 2, 9, 1, 8, 11, 13, 5, 7, 4, 8, 10, 0, 4, 14, 5, 2, 10, 12, 0, 1, 6, 3, 0, 2, 8, 6, 10, 5, 7, 2, 13, 3, 0, 6, 12, 3, 0, 10, 7, 5, 4, 1, 6, 12, 1, 7, 9, 11, 13, 0, 4, 7, 2, 9, 9, 5, 2, 6, 11, 0, 13, 8, 10, 12, 2, 0, 3, 8, 0, 3, 12, 4, 13, 10, 8, 4, 14, 6, 2, 10, 12, 9, 3, 5, 1, 6, 2, 7, 10, 8, 3, 0, 4, 1, 3, 5, 10, 0, 3, 6, 8, 5, 9, 2, 7, 0, 1, 7, 2, 6, 3, 5, 0, 9, 2, 0, 11, 4, 0, 8, 11, 9, 3, 13, 1, 6, 4, 2, 4, 0, 3, 1, 11, 9, 2, 8, 10, 6, 6, 8, 10, 12, 12, 1, 6, 5, 3, 13, 6, 9, 1, 7, 4, 13, 6, 3, 1, 4, 2, 5, 0, 3, 1, 5, 3, 0, 4, 10, 12, 12, 2, 5, 6, 11, 8, 2, 4, 1, 5, 8, 2, 0, 12, 7, 11, 6, 9, 13, 3, 0, 7, 12, 0, 11, 3, 13, 6, 9, 12, 6, 1, 11, 0, 9, 2, 3, 13, 6, 5, 8, 1, 4, 6, 0, 10, 4, 9, 12, 7, 11, 6, 0, 1, 3, 8, 2, 10, 5, 13, 7, 1, 9, 9, 7, 4, 8, 5, 10, 7, 9, 11, 13, 15, 1, 3, 5, 11, 2, 5, 13, 10, 1, 3, 0, 6, 14, 9, 4, 7, 6, 8, 1, 7, 2, 1, 5, 0, 4, 12, 9, 11, 6, 3, 0, 9, 4, 7, 13, 1, 3, 5, 7, 2, 0, 7, 9, 12, 8, 0, 14, 6, 2, 4, 11, 9, 5, 3, 11, 0, 10, 2, 5, 1, 3, 0, 6, 1, 6, 15, 8, 14, 2, 12, 10, 5, 8, 2, 11, 9, 7, 11, 5, 10, 14, 1, 7, 0, 4, 1, 3, 8, 6, 12, 2, 9, 4, 8, 1, 7, 2, 13, 7, 11, 0, 7, 9, 0, 15, 9, 4, 8, 0, 6, 10, 8, 2, 5, 5, 3, 8, 15, 3, 4, 2, 9, 0, 10, 14, 6, 12, 4, 0, 2, 0, 3, 6, 4, 1, 7, 12, 8, 13, 1, 7, 9, 11, 2, 1, 14, 5, 12, 0, 9, 6, 8, 3, 0, 4, 6, 13, 8, 2, 11, 4, 1, 9, 2, 10, 7, 11, 12, 5, 9, 8, 5, 7, 4, 15, 3, 10, 0, 5, 9, 6, 0, 9, 11, 6, 4, 1, 3, 10, 7, 0, 1, 12, 7, 2, 13, 10, 0, 2, 4, 3, 8, 14, 1, 5, 9, 6, 4, 2, 7, 1, 6, 4, 0, 3, 5, 0, 15, 0, 5, 10, 10, 8, 13, 4, 1, 11, 9, 12, 10, 14, 7, 4, 1, 6, 3, 12, 9, 3, 1, 6, 9, 11, 0, 4, 1, 5, 9, 7, 13, 0, 2, 10, 4, 11, 3, 7, 5, 0, 2, 11, 9, 13, 8, 6, 0, 4, 12, 2, 14, 11, 3, 12, 2, 10, 4, 11, 2, 5, 10, 2, 7, 3, 6, 0, 5, 2, 7, 1, 6, 4, 10, 8, 14, 12, 1, 3, 0, 6, 3, 5, 6, 4, 1, 9, 9, 7, 13, 14, 10, 0, 15, 10, 5, 0, 9, 13, 4, 2, 0, 6, 8, 2, 12, 9, 2, 4, 1, 7, 8, 3, 6, 0, 4, 1, 8, 2, 5, 7, 4, 14, 10, 1, 13, 11, 3, 0, 8, 6, 9, 2, 12, 7, 5, 10, 0, 14, 7, 10, 4, 13, 8, 4, 1, 5, 7, 3, 11, 4, 0, 8, 12, 3, 11, 2, 9, 1, 0, 6, 10, 14, 2, 10, 3, 5, 7, 1, 8, 12, 4, 11, 5, 2, 13, 9, 8, 11, 3, 10, 13, 6, 0, 2, 9, 0, 2, 0, 9, 5, 15, 6, 1, 7, 8, 4, 11, 10, 3, 0, 4, 6, 13, 15, 0, 2, 4, 5, 7, 2, 10, 1, 14, 8, 12, 5, 7, 8, 3, 10, 5, 11, 9, 4, 8, 0, 9, 12, 1, 12, 15, 1, 9, 4, 13, 6, 11, 14, 8, 13, 11, 8, 3, 0, 9, 14, 1, 13, 4, 6, 7, 2, 0, 0, 7, 3, 14, 10, 8, 6, 11, 2, 7, 1, 2, 5, 1, 4, 9, 12, 8, 14, 0, 5, 6, 3, 1, 4, 6, 0, 5, 1, 3, 0, 9, 5, 7, 2, 11, 0, 10, 6, 8, 12, 11, 8, 2, 11, 6, 0, 10, 8, 6, 4, 2, 3, 10, 5, 3, 12, 7, 1, 9, 11, 13, 3, 6, 0, 2, 4, 4, 6, 1, 10, 0, 3, 8, 7, 5, 9, 3, 7, 5, 9, 4, 0, 7, 15, 0, 14, 4, 2, 6, 3, 7, 0, 8, 10, 12, 2, 13, 4, 6, 11, 1, 8, 10, 1, 3, 0, 2, 10, 9, 12, 2, 9, 0, 10, 5, 3, 8, 6, 0, 7, 13, 0, 2, 5, 10, 12, 0, 4, 8, 1, 7, 5, 10, 10, 3, 1, 8, 6, 4, 5, 2, 0, 3, 6, 12, 9, 4, 1, 13, 7, 12, 10, 5, 14, 4, 8, 12, 11, 3, 9, 5, 3, 6, 13, 9, 0, 5, 3, 14, 0, 7, 5, 1, 6, 3, 0, 11, 13, 1, 10, 7, 7, 5, 12, 9, 2, 4, 7, 4, 0, 2, 6, 10, 0, 12, 2, 8, 5, 9, 11, 7, 4, 3, 11, 15, 7, 4, 8, 2, 0, 5, 7, 0, 9, 12, 4, 1, 1, 6, 13, 3, 9, 11, 6, 10, 5, 1, 11, 2, 5, 0, 4, 1, 6, 10, 2, 4, 8, 8, 6, 0, 12, 3, 9, 2, 7, 10, 0, 11, 1, 4, 0, 5, 7, 4, 1, 5, 9, 12, 3, 7, 8, 10, 13, 3, 0, 12, 7, 4, 1, 8, 2, 10, 6, 0, 6, 8, 3, 0, 2, 11, 5, 9, 1, 3, 1, 3, 5, 15, 6, 10, 6, 15, 7, 4, 2, 0, 9, 11, 13, 4, 11, 13, 1, 11, 2, 0, 3, 6, 11, 3, 8, 6, 10, 5, 12, 0, 8, 7, 2, 9, 0, 2, 6, 3, 0, 2, 10, 0, 12, 8, 14, 12, 1, 7, 7, 9, 5, 4, 2, 6, 11, 14, 0, 10, 3, 5, 9, 2, 6, 0, 10, 8, 5, 12, 7, 3, 1, 4, 7, 9, 5, 2, 12, 7, 9, 0, 3, 5, 1, 8, 9, 13, 10, 2, 4, 6]
convergência = [15, 15, 15, 15, 15, 15, 15, 15, 15, 15, 15, 15, 15, 15, 15, 15, 15, 15, 15, 15, 15, 15, 15, 15, 15, 15, 15, 15, 15, 15, 15, 15, 15, 15, 15, 15, 15, 15, 15, 15, 15, 15, 15, 15, 15, 15, 15, 15, 15, 15, 15, 15, 15, 15, 15, 15, 15, 15, 15, 15, 15, 15, 15, 15, 15, 15, 15, 15, 15, 15, 15, 15, 15, 15, 15, 15, 15, 15, 15, 15, 15, 15, 15, 15, 15, 15, 15, 15, 15, 15, 15, 15, 15, 15, 15, 15, 15, 15, 15, 15, 15, 15, 15, 15, 15, 15, 15, 15, 15, 15, 15, 15, 15, 15, 15, 15, 15, 15, 15, 15, 15, 15, 15, 15]

===== FIM =====
