===== RESULTADO BRKGA L(2,1) =====
Arquivo: /Users/mateuspedrosa/Documents/TCC-II/BRKGA/data/Harwell-Boeing_cleaned/jagmesh1_clean.mtx

----- Execução #1 -----
[INFO] Parou por estagnação.
Tempo de execução: 62004ms
Span (lambda): 15
best_order = [220, 715, 382, 792, 769, 294, 690, 299, 635, 706, 280, 251, 352, 789, 807, 122, 603, 512, 406, 900, 273, 6, 423, 923, 638, 311, 326, 126, 203, 920, 926, 676, 343, 447, 137, 240, 634, 439, 897, 774, 131, 322, 743, 531, 384, 342, 805, 113, 304, 846, 782, 530, 396, 810, 401, 571, 209, 464, 434, 829, 476, 518, 418, 659, 826, 851, 351, 167, 445, 358, 372, 189, 119, 692, 80, 584, 417, 703, 12, 883, 389, 541, 552, 869, 275, 657, 569, 399, 334, 86, 877, 574, 537, 779, 257, 387, 63, 118, 124, 130, 591, 230, 575, 369, 111, 5, 215, 862, 915, 726, 284, 693, 529, 892, 234, 155, 260, 763, 7, 224, 874, 880, 871, 746, 449, 93, 925, 780, 671, 622, 470, 452, 868, 655, 253, 478, 465, 350, 604, 59, 642, 235, 160, 627, 258, 555, 623, 793, 110, 570, 233, 481, 492, 704, 745, 225, 183, 823, 911, 564, 348, 820, 89, 902, 277, 854, 666, 661, 933, 674, 151, 701, 523, 762, 619, 517, 637, 775, 495, 685, 888, 144, 784, 539, 830, 843, 732, 694, 147, 13, 312, 376, 104, 647, 667, 292, 94, 626, 474, 919, 67, 534, 29, 506, 848, 159, 741, 542, 462, 197, 297, 600, 721, 450, 482, 129, 388, 161, 300, 624, 837, 494, 429, 579, 66, 740, 790, 331, 302, 169, 772, 522, 708, 817, 91, 40, 557, 508, 899, 39, 279, 735, 65, 3, 47, 822, 381, 636, 471, 166, 325, 806, 739, 501, 178, 678, 435, 908, 24, 516, 931, 103, 766, 296, 60, 53, 863, 18, 10, 658, 878, 269, 394, 754, 156, 341, 742, 26, 247, 256, 858, 580, 544, 839, 271, 864, 174, 404, 254, 524, 290, 392, 932, 813, 696, 590, 461, 226, 873, 305, 43, 70, 500, 141, 819, 728, 419, 263, 306, 139, 650, 487, 192, 432, 608, 677, 301, 77, 441, 615, 71, 453, 795, 408, 519, 383, 270, 78, 528, 154, 582, 108, 421, 278, 918, 613, 362, 859, 459, 467, 213, 168, 598, 116, 662, 560, 457, 101, 252, 504, 850, 881, 231, 4, 484, 64, 23, 371, 179, 712, 335, 206, 756, 616, 456, 315, 689, 914, 847, 889, 853, 184, 550, 8, 377, 755, 49, 903, 641, 520, 827, 187, 683, 148, 171, 262, 833, 52, 204, 770, 466, 468, 346, 722, 42, 680, 730, 407, 493, 547, 314, 361, 486, 757, 556, 593, 882, 700, 31, 207, 545, 588, 934, 581, 686, 430, 473, 142, 14, 834, 385, 515, 281, 559, 654, 349, 924, 180, 652, 283, 327, 815, 90, 660, 28, 927, 437, 890, 229, 856, 193, 691, 596, 420, 811, 852, 684, 79, 758, 208, 786, 521, 799, 891, 216, 845, 244, 496, 930, 612, 861, 181, 186, 609, 163, 35, 164, 276, 34, 173, 639, 814, 51, 749, 865, 17, 379, 705, 620, 88, 1, 393, 323, 411, 145, 577, 237, 549, 497, 586, 390, 196, 359, 135, 223, 812, 32, 242, 340, 599, 81, 832, 373, 146, 267, 499, 105, 898, 469, 227, 543, 201, 330, 96, 718, 138, 58, 76, 136, 336, 765, 218, 120, 22, 773, 38, 821, 796, 121, 128, 150, 526, 698, 107, 149, 675, 85, 744, 670, 182, 738, 428, 477, 514, 505, 386, 567, 565, 729, 679, 727, 887, 11, 344, 268, 374, 860, 836, 433, 190, 442, 601, 828, 228, 910, 788, 640, 370, 295, 651, 398, 329, 592, 339, 875, 363, 733, 748, 321, 535, 84, 546, 50, 783, 431, 801, 112, 747, 375, 320, 102, 713, 219, 594, 840, 583, 288, 355, 643, 711, 45, 912, 143, 585, 73, 55, 72, 232, 48, 485, 140, 364, 625, 648, 133, 413, 56, 448, 917, 921, 427, 551, 99, 725, 480, 98, 46, 723, 265, 800, 438, 907, 106, 884, 176, 587, 849, 876, 483, 458, 731, 360, 538, 425, 41, 818, 21, 416, 25, 681, 804, 460, 162, 866, 628, 44, 250, 562, 842, 929, 255, 291, 400, 509, 353, 870, 286, 248, 750, 894, 719, 632, 282, 69, 611, 905, 644, 380, 687, 313, 777, 415, 0, 199, 736, 395, 222, 809, 83, 20, 74, 132, 310, 172, 391, 337, 835, 36, 895, 621, 855, 236, 714, 573, 630, 672, 368, 347, 527, 409, 785, 787, 646, 602, 513, 771, 316, 664, 440, 614, 16, 663, 904, 205, 490, 802, 589, 791, 536, 27, 266, 454, 345, 605, 913, 532, 165, 794, 62, 243, 123, 716, 475, 553, 808, 649, 761, 896, 211, 463, 153, 15, 797, 443, 127, 488, 274, 554, 768, 200, 158, 479, 472, 246, 134, 489, 177, 82, 734, 717, 872, 157, 357, 455, 665, 241, 333, 563, 697, 778, 803, 191, 511, 533, 753, 198, 816, 30, 152, 354, 645, 885, 841, 857, 109, 503, 752, 759, 631, 117, 540, 397, 867, 298, 935, 607, 781, 709, 264, 707, 403, 37, 402, 597, 879, 886, 87, 412, 214, 916, 695, 318, 498, 75, 245, 668, 249, 100, 188, 308, 633, 751, 272, 378, 303, 194, 212, 578, 405, 893, 566, 901, 289, 653, 502, 629, 57, 170, 825, 424, 422, 558, 125, 764, 307, 259, 185, 906, 673, 720, 824, 195, 617, 332, 525, 115, 595, 838, 95, 548, 844, 317, 365, 261, 61, 319, 576, 367, 572, 798, 922, 217, 669, 760, 510, 724, 928, 909, 688, 54, 356, 19, 737, 699, 293, 210, 239, 410, 446, 33, 426, 831, 436, 175, 238, 561, 507, 568, 114, 2, 618, 414, 324, 287, 451, 285, 338, 68, 606, 328, 767, 92, 491, 444, 366, 309, 610, 702, 710, 656, 9, 221, 97, 776, 202, 682]
labeling = [7, 5, 12, 0, 8, 2, 0, 3, 5, 11, 1, 8, 0, 2, 5, 12, 3, 6, 2, 14, 6, 4, 7, 1, 4, 9, 3, 14, 7, 5, 13, 7, 5, 15, 4, 2, 8, 10, 3, 6, 4, 15, 9, 2, 4, 10, 6, 1, 11, 9, 13, 11, 7, 0, 15, 9, 4, 14, 7, 0, 5, 14, 9, 0, 8, 1, 4, 2, 8, 1, 2, 6, 12, 9, 11, 13, 11, 3, 5, 7, 0, 9, 13, 10, 3, 4, 0, 12, 8, 2, 5, 2, 12, 1, 4, 11, 8, 0, 7, 4, 15, 2, 11, 4, 1, 5, 11, 9, 1, 5, 0, 3, 5, 0, 9, 13, 2, 14, 3, 1, 10, 12, 0, 7, 1, 11, 0, 10, 12, 6, 4, 2, 5, 7, 9, 6, 8, 0, 11, 7, 10, 2, 4, 13, 3, 5, 9, 0, 8, 11, 9, 1, 15, 2, 6, 0, 7, 13, 10, 4, 2, 5, 3, 8, 10, 12, 3, 0, 6, 4, 12, 2, 6, 0, 5, 13, 7, 12, 2, 4, 6, 0, 3, 1, 8, 0, 9, 2, 8, 1, 5, 8, 7, 9, 11, 14, 7, 1, 10, 5, 9, 7, 14, 1, 4, 9, 3, 6, 2, 0, 13, 10, 13, 2, 5, 0, 8, 12, 10, 8, 0, 14, 12, 10, 3, 5, 4, 7, 9, 6, 1, 7, 10, 5, 2, 4, 11, 1, 13, 10, 0, 8, 3, 6, 0, 12, 10, 6, 1, 7, 4, 0, 6, 4, 0, 11, 4, 0, 2, 9, 3, 13, 6, 2, 10, 4, 0, 6, 8, 1, 8, 3, 13, 2, 10, 1, 7, 2, 8, 6, 0, 5, 11, 7, 3, 15, 5, 14, 10, 10, 1, 9, 5, 12, 0, 9, 4, 4, 12, 0, 2, 6, 3, 12, 2, 6, 8, 13, 11, 5, 9, 1, 3, 7, 1, 4, 11, 14, 12, 15, 5, 10, 0, 3, 13, 7, 0, 6, 9, 5, 3, 1, 6, 4, 0, 3, 5, 7, 12, 3, 8, 6, 3, 0, 9, 12, 2, 9, 5, 8, 4, 2, 0, 10, 12, 2, 11, 9, 1, 10, 13, 6, 4, 8, 5, 13, 1, 15, 7, 3, 12, 2, 0, 7, 10, 9, 5, 10, 14, 6, 11, 4, 0, 8, 1, 4, 9, 1, 6, 3, 11, 15, 7, 9, 5, 13, 2, 2, 7, 4, 11, 0, 5, 11, 4, 7, 1, 10, 8, 13, 9, 2, 14, 4, 15, 2, 10, 3, 1, 6, 3, 1, 7, 0, 5, 3, 11, 8, 1, 5, 8, 10, 2, 11, 0, 2, 14, 6, 10, 2, 12, 7, 9, 13, 10, 2, 13, 0, 4, 1, 5, 15, 3, 4, 11, 14, 6, 3, 12, 6, 8, 5, 2, 13, 0, 4, 0, 7, 9, 11, 2, 4, 14, 3, 5, 11, 0, 7, 5, 12, 8, 1, 3, 10, 7, 9, 0, 4, 6, 8, 2, 5, 1, 7, 3, 1, 4, 7, 13, 9, 7, 4, 13, 11, 1, 5, 0, 11, 6, 12, 14, 11, 0, 9, 10, 8, 4, 2, 0, 4, 2, 8, 6, 2, 6, 13, 5, 11, 7, 5, 1, 0, 10, 7, 3, 9, 12, 3, 5, 1, 12, 0, 2, 6, 3, 6, 8, 5, 11, 0, 2, 10, 1, 11, 13, 3, 6, 0, 9, 4, 6, 10, 8, 3, 0, 4, 1, 3, 8, 1, 5, 3, 12, 8, 1, 3, 10, 6, 15, 4, 6, 8, 3, 9, 1, 11, 6, 10, 2, 9, 5, 0, 0, 5, 3, 14, 4, 12, 0, 7, 2, 8, 10, 0, 2, 8, 15, 13, 4, 1, 12, 7, 5, 3, 11, 1, 4, 9, 11, 0, 6, 9, 0, 2, 4, 8, 2, 5, 7, 12, 10, 11, 9, 5, 2, 0, 6, 7, 1, 11, 13, 8, 4, 10, 13, 15, 12, 0, 2, 4, 1, 5, 2, 12, 4, 0, 6, 1, 3, 0, 10, 2, 7, 13, 8, 14, 6, 4, 10, 14, 5, 0, 11, 4, 1, 12, 0, 2, 6, 8, 3, 9, 15, 3, 10, 5, 9, 10, 13, 7, 0, 8, 1, 3, 2, 11, 5, 13, 11, 14, 6, 3, 9, 2, 6, 8, 0, 12, 8, 10, 14, 4, 3, 6, 8, 0, 2, 4, 0, 3, 12, 0, 3, 5, 2, 4, 1, 12, 5, 11, 4, 10, 0, 5, 12, 2, 13, 15, 9, 5, 3, 1, 7, 0, 2, 5, 3, 10, 11, 8, 12, 5, 13, 10, 7, 9, 6, 6, 0, 10, 2, 6, 3, 1, 12, 9, 4, 14, 9, 0, 5, 10, 2, 6, 1, 7, 13, 8, 12, 3, 5, 11, 2, 8, 0, 9, 6, 13, 7, 1, 3, 10, 0, 0, 7, 1, 6, 11, 13, 8, 10, 1, 7, 10, 8, 1, 6, 0, 15, 11, 3, 6, 14, 5, 9, 7, 13, 2, 11, 6, 3, 9, 6, 3, 10, 11, 0, 5, 9, 1, 5, 12, 0, 5, 4, 10, 7, 4, 8, 2, 10, 8, 8, 2, 12, 6, 0, 7, 3, 0, 5, 1, 11, 9, 1, 13, 3, 14, 4, 6, 10, 7, 0, 2, 4, 9, 12, 11, 5, 3, 6, 0, 8, 4, 2, 7, 10, 0, 3, 10, 0, 5, 7, 0, 8, 13, 15, 6, 2, 7, 9, 9, 4, 6, 10, 2, 9, 0, 10, 3, 2, 11, 3, 5, 12, 3, 13, 1, 7, 13, 8, 1, 10, 8, 6, 4, 2, 11, 7, 5, 0, 9, 5, 0, 9, 3, 1, 10, 14, 12, 12, 4, 6, 2, 8, 13]
convergência = [16, 16, 16, 15, 15, 15, 15, 15, 15, 15, 15, 15, 15, 15, 15, 15, 15, 15, 15, 15, 15, 15, 15, 15, 15, 15, 15, 15, 15, 15, 15, 15, 15, 15, 15, 15, 15, 15, 15, 15, 15, 15, 15, 15, 15, 15, 15, 15, 15, 15, 15, 15, 15, 15, 15, 15, 15, 15, 15, 15, 15, 15, 15, 15, 15, 15, 15, 15, 15, 15, 15, 15, 15, 15, 15, 15, 15, 15, 15, 15, 15, 15, 15, 15, 15, 15, 15, 15, 15, 15, 15, 15, 15, 15, 15, 15, 15, 15, 15, 15, 15, 15, 15, 15, 15, 15, 15, 15, 15, 15, 15, 15, 15, 15, 15, 15, 15, 15, 15, 15, 15, 15, 15, 15, 15, 15, 15]

===== FIM =====
