===== RESULTADO BRKGA L(2,1) =====
Arquivo: /Users/mateuspedrosa/Documents/TCC-II/BRKGA/data/Harwell-Boeing_cleaned/jagmesh2_clean.mtx

----- Execução #1 -----
[INFO] Parou por estagnação.
Tempo de execução: 79678ms
Span (lambda): 15
best_order = [629, 46, 548, 611, 879, 960, 84, 954, 440, 944, 153, 185, 668, 568, 948, 933, 269, 638, 94, 903, 442, 394, 769, 95, 721, 951, 792, 790, 758, 850, 226, 821, 912, 806, 698, 429, 81, 222, 25, 148, 709, 856, 331, 261, 374, 687, 31, 393, 993, 990, 345, 736, 109, 53, 871, 839, 152, 326, 870, 341, 937, 728, 690, 114, 754, 724, 692, 335, 245, 876, 843, 319, 338, 13, 570, 803, 454, 743, 969, 830, 352, 574, 462, 841, 354, 460, 257, 337, 705, 360, 602, 42, 85, 921, 619, 617, 932, 885, 848, 536, 972, 434, 240, 344, 425, 11, 599, 365, 159, 509, 771, 881, 103, 597, 123, 420, 779, 695, 283, 482, 542, 251, 450, 684, 132, 956, 504, 44, 438, 263, 938, 618, 82, 891, 139, 144, 963, 192, 773, 525, 699, 890, 550, 21, 78, 744, 924, 135, 853, 211, 93, 453, 2, 590, 605, 524, 712, 729, 203, 475, 516, 423, 415, 979, 369, 164, 239, 770, 649, 676, 433, 789, 977, 359, 14, 296, 587, 466, 100, 780, 20, 150, 654, 490, 215, 267, 826, 392, 802, 427, 57, 749, 665, 547, 246, 76, 456, 162, 47, 928, 814, 582, 1005, 356, 622, 376, 64, 210, 929, 388, 317, 74, 955, 737, 242, 761, 686, 886, 679, 469, 351, 968, 451, 772, 412, 108, 414, 522, 893, 567, 845, 255, 720, 498, 91, 544, 383, 733, 63, 727, 274, 61, 385, 279, 576, 829, 942, 538, 243, 573, 343, 952, 332, 70, 176, 798, 753, 98, 304, 961, 323, 35, 943, 330, 644, 507, 102, 48, 995, 591, 560, 467, 719, 97, 205, 569, 1006, 502, 161, 834, 308, 947, 594, 981, 350, 23, 67, 785, 739, 869, 1007, 820, 607, 579, 641, 634, 488, 783, 457, 472, 725, 917, 989, 455, 133, 136, 920, 740, 700, 7, 270, 3, 49, 925, 278, 889, 655, 902, 404, 713, 479, 861, 145, 799, 297, 437, 107, 512, 235, 994, 409, 282, 218, 30, 201, 29, 151, 746, 747, 289, 209, 927, 505, 52, 534, 436, 815, 992, 844, 206, 1000, 714, 0, 897, 513, 309, 328, 787, 807, 280, 129, 59, 390, 441, 361, 946, 156, 189, 492, 911, 898, 311, 824, 796, 248, 380, 585, 324, 838, 589, 691, 628, 987, 38, 418, 523, 500, 822, 77, 92, 751, 817, 276, 105, 424, 26, 517, 941, 157, 432, 273, 170, 631, 518, 752, 531, 610, 874, 730, 731, 419, 653, 680, 474, 778, 171, 636, 285, 397, 471, 19, 272, 842, 919, 851, 706, 551, 673, 277, 529, 36, 774, 895, 349, 342, 697, 965, 973, 586, 738, 931, 260, 613, 651, 403, 794, 970, 862, 939, 37, 122, 909, 125, 950, 259, 15, 154, 910, 9, 410, 254, 366, 65, 974, 318, 978, 214, 368, 480, 325, 596, 745, 177, 555, 348, 202, 558, 286, 237, 1004, 295, 225, 612, 855, 615, 875, 867, 236, 461, 186, 1008, 666, 244, 664, 221, 473, 28, 216, 635, 231, 268, 514, 543, 545, 532, 764, 818, 795, 880, 50, 763, 900, 832, 386, 149, 840, 958, 776, 765, 169, 873, 735, 182, 883, 913, 266, 797, 717, 446, 264, 327, 702, 22, 232, 196, 140, 73, 485, 131, 487, 75, 443, 364, 448, 5, 329, 445, 847, 400, 565, 811, 983, 878, 378, 923, 173, 726, 755, 406, 642, 986, 193, 463, 566, 143, 207, 887, 54, 945, 608, 670, 299, 663, 87, 499, 167, 833, 786, 860, 355, 426, 275, 601, 677, 306, 476, 39, 877, 321, 781, 224, 804, 734, 333, 836, 580, 857, 816, 583, 187, 762, 704, 757, 174, 661, 916, 165, 553, 557, 271, 41, 563, 249, 281, 831, 96, 336, 58, 562, 508, 470, 926, 334, 431, 45, 180, 27, 10, 835, 742, 213, 301, 501, 667, 682, 999, 782, 630, 290, 80, 623, 99, 199, 413, 696, 872, 172, 121, 805, 34, 640, 391, 935, 238, 120, 767, 465, 119, 526, 43, 819, 111, 675, 322, 208, 577, 160, 375, 481, 650, 316, 791, 464, 997, 722, 110, 113, 191, 357, 510, 777, 362, 540, 884, 147, 940, 812, 908, 647, 915, 621, 491, 495, 228, 416, 685, 904, 66, 258, 503, 571, 217, 865, 69, 459, 998, 33, 183, 627, 4, 168, 115, 694, 846, 683, 241, 852, 395, 810, 660, 118, 693, 715, 988, 703, 606, 863, 533, 83, 896, 197, 126, 138, 575, 384, 991, 907, 674, 901, 750, 421, 484, 212, 340, 646, 411, 458, 312, 888, 775, 478, 430, 200, 966, 452, 800, 980, 12, 483, 519, 827, 996, 535, 55, 265, 408, 158, 625, 184, 643, 849, 537, 315, 310, 188, 253, 486, 389, 79, 71, 17, 56, 1002, 953, 984, 1, 520, 616, 106, 146, 250, 234, 711, 449, 220, 614, 546, 407, 541, 808, 866, 40, 399, 906, 134, 292, 163, 801, 287, 370, 578, 648, 624, 89, 595, 256, 962, 117, 284, 564, 294, 914, 859, 313, 137, 396, 387, 584, 528, 428, 398, 527, 949, 549, 894, 934, 496, 918, 298, 572, 652, 657, 971, 305, 823, 701, 716, 959, 88, 708, 718, 347, 62, 468, 985, 588, 373, 515, 86, 768, 447, 957, 230, 24, 688, 372, 760, 603, 552, 633, 307, 930, 899, 828, 858, 559, 181, 382, 68, 198, 195, 51, 864, 626, 367, 16, 371, 401, 314, 422, 723, 756, 759, 477, 521, 645, 732, 659, 882, 556, 288, 766, 793, 377, 363, 155, 581, 837, 741, 179, 604, 689, 639, 497, 175, 748, 788, 669, 489, 681, 190, 976, 511, 300, 72, 127, 381, 227, 247, 223, 632, 825, 967, 128, 6, 405, 104, 506, 178, 435, 600, 1003, 116, 784, 402, 854, 166, 219, 302, 32, 493, 561, 112, 637, 303, 707, 18, 229, 813, 678, 809, 204, 494, 922, 291, 439, 358, 598, 262, 346, 101, 339, 353, 620, 293, 982, 130, 530, 892, 975, 539, 90, 252, 8, 868, 662, 233, 936, 593, 417, 710, 554, 656, 124, 444, 658, 194, 1001, 592, 60, 671, 905, 379, 142, 141, 320, 964, 672, 609]
labeling = [8, 11, 4, 6, 2, 7, 12, 0, 7, 4, 6, 1, 12, 0, 5, 7, 4, 11, 13, 7, 0, 2, 9, 3, 13, 1, 8, 0, 5, 2, 7, 3, 13, 11, 9, 5, 9, 6, 3, 11, 4, 8, 1, 10, 3, 5, 0, 2, 4, 1, 5, 9, 3, 0, 6, 8, 14, 2, 5, 3, 14, 2, 12, 1, 3, 6, 11, 4, 12, 10, 7, 11, 3, 7, 1, 1, 5, 8, 0, 12, 9, 2, 6, 10, 0, 4, 13, 7, 11, 9, 9, 1, 11, 7, 1, 3, 12, 4, 2, 9, 1, 12, 2, 0, 10, 4, 13, 2, 9, 5, 7, 0, 15, 4, 0, 13, 6, 12, 10, 3, 9, 7, 5, 1, 11, 6, 7, 11, 0, 4, 14, 8, 0, 4, 9, 2, 4, 11, 9, 2, 10, 3, 5, 9, 1, 5, 11, 8, 2, 6, 3, 7, 4, 0, 8, 13, 10, 12, 1, 6, 4, 8, 2, 9, 1, 4, 12, 1, 8, 3, 0, 2, 8, 0, 6, 13, 2, 4, 13, 11, 7, 9, 4, 6, 8, 0, 3, 6, 10, 5, 13, 10, 2, 7, 15, 12, 3, 10, 5, 9, 11, 3, 5, 0, 8, 1, 5, 9, 11, 1, 6, 0, 11, 7, 4, 1, 8, 10, 3, 12, 10, 6, 2, 14, 5, 3, 0, 5, 9, 12, 10, 1, 8, 5, 10, 0, 8, 5, 11, 4, 2, 13, 5, 7, 9, 1, 3, 13, 6, 9, 12, 4, 8, 13, 7, 5, 10, 2, 6, 3, 7, 0, 15, 1, 11, 13, 9, 3, 6, 0, 8, 10, 3, 7, 4, 13, 1, 6, 4, 2, 5, 7, 3, 1, 12, 8, 10, 6, 13, 2, 12, 14, 4, 15, 8, 6, 0, 2, 10, 1, 11, 6, 12, 9, 0, 7, 10, 1, 6, 2, 11, 8, 15, 5, 11, 9, 13, 0, 8, 0, 14, 4, 11, 3, 8, 10, 1, 9, 6, 12, 5, 0, 3, 13, 11, 0, 6, 2, 0, 6, 8, 2, 5, 7, 4, 1, 14, 7, 3, 10, 8, 2, 0, 14, 2, 12, 6, 13, 8, 4, 3, 9, 1, 10, 11, 5, 7, 13, 3, 1, 9, 11, 6, 9, 0, 6, 3, 11, 5, 12, 4, 13, 6, 2, 12, 5, 0, 9, 6, 10, 3, 8, 4, 2, 0, 8, 10, 7, 11, 4, 0, 5, 13, 8, 2, 10, 7, 13, 10, 1, 11, 14, 1, 12, 6, 0, 8, 4, 7, 9, 4, 10, 12, 0, 7, 2, 5, 3, 12, 0, 9, 8, 6, 1, 2, 14, 8, 6, 1, 10, 0, 6, 2, 8, 3, 10, 4, 12, 8, 10, 0, 5, 14, 3, 0, 6, 3, 7, 12, 5, 1, 9, 0, 10, 13, 11, 3, 6, 14, 4, 11, 9, 3, 8, 4, 1, 8, 3, 7, 4, 6, 11, 0, 12, 10, 8, 13, 7, 2, 14, 0, 2, 5, 7, 15, 12, 1, 14, 3, 10, 6, 8, 1, 9, 0, 3, 13, 6, 12, 0, 8, 14, 0, 5, 7, 14, 0, 7, 1, 10, 12, 5, 2, 4, 3, 1, 9, 11, 14, 4, 13, 2, 7, 11, 4, 9, 0, 11, 3, 10, 8, 13, 1, 7, 4, 6, 8, 3, 1, 7, 0, 2, 12, 8, 15, 5, 9, 7, 4, 13, 1, 3, 10, 2, 11, 8, 6, 2, 0, 5, 1, 11, 14, 3, 1, 12, 4, 6, 11, 2, 10, 15, 4, 3, 13, 4, 8, 2, 8, 6, 0, 5, 1, 15, 7, 13, 9, 2, 12, 1, 14, 7, 0, 12, 14, 0, 11, 6, 8, 15, 6, 1, 7, 7, 11, 3, 9, 2, 4, 0, 15, 1, 5, 10, 12, 7, 14, 12, 3, 0, 2, 5, 8, 12, 4, 6, 3, 13, 0, 10, 8, 5, 7, 11, 4, 12, 10, 9, 3, 0, 7, 1, 12, 6, 2, 5, 10, 8, 11, 5, 3, 1, 14, 7, 0, 3, 9, 11, 0, 9, 5, 12, 15, 8, 14, 12, 2, 9, 13, 5, 7, 14, 3, 11, 1, 10, 4, 1, 8, 12, 0, 6, 2, 7, 11, 4, 1, 6, 0, 3, 6, 1, 5, 8, 6, 1, 4, 14, 3, 1, 13, 10, 2, 5, 7, 10, 12, 8, 11, 4, 6, 0, 9, 13, 2, 4, 7, 4, 1, 3, 5, 7, 4, 2, 10, 5, 0, 6, 11, 1, 5, 15, 10, 0, 3, 9, 2, 3, 13, 5, 11, 6, 9, 7, 2, 8, 12, 4, 0, 14, 9, 1, 6, 9, 7, 10, 6, 12, 14, 0, 3, 1, 4, 2, 6, 13, 7, 10, 8, 2, 4, 8, 12, 4, 12, 7, 11, 3, 9, 3, 1, 13, 0, 14, 4, 7, 2, 9, 5, 8, 12, 14, 4, 2, 5, 10, 3, 0, 4, 14, 9, 8, 13, 7, 1, 3, 11, 5, 10, 12, 2, 0, 8, 15, 6, 10, 0, 7, 9, 2, 0, 8, 6, 9, 3, 10, 5, 9, 7, 3, 11, 5, 8, 1, 5, 2, 11, 10, 4, 9, 0, 4, 12, 2, 14, 6, 0, 7, 10, 13, 4, 1, 9, 12, 14, 11, 13, 7, 15, 6, 2, 0, 9, 1, 4, 8, 0, 9, 6, 0, 4, 1, 14, 3, 10, 2, 7, 7, 12, 8, 5, 4, 6, 0, 14, 3, 11, 10, 7, 12, 3, 13, 6, 0, 10, 14, 6, 12, 9, 6, 8, 2, 0, 7, 13, 11, 9, 5, 11, 6, 1, 3, 14, 8, 4, 5, 11, 7, 0, 6, 10, 5, 6, 1, 15, 3, 12, 0, 4, 10, 13, 8, 2, 8, 0, 11, 5, 6, 2, 14, 9, 4, 1, 2, 0, 5, 2, 9, 5, 10, 0, 2, 8, 3, 13, 8, 9, 13, 5, 1, 10, 11, 0, 7, 12, 14, 10, 4, 3, 1, 8, 1, 6, 2, 4, 0, 5, 2, 11, 4, 0, 8, 5, 0, 7, 2, 10, 1, 11, 9, 6, 15, 13, 11, 8, 3, 0, 5, 9]
convergência = [16, 16, 16, 16, 16, 16, 16, 16, 16, 16, 16, 16, 16, 16, 16, 16, 15, 15, 15, 15, 15, 15, 15, 15, 15, 15, 15, 15, 15, 15, 15, 15, 15, 15, 15, 15, 15, 15, 15, 15, 15, 15, 15, 15, 15, 15, 15, 15, 15, 15, 15, 15, 15, 15, 15, 15, 15, 15, 15, 15, 15, 15, 15, 15, 15, 15, 15, 15, 15, 15, 15, 15, 15, 15, 15, 15, 15, 15, 15, 15, 15, 15, 15, 15, 15, 15, 15, 15, 15, 15, 15, 15, 15, 15, 15, 15, 15, 15, 15, 15, 15, 15, 15, 15, 15, 15, 15, 15, 15, 15, 15, 15, 15, 15, 15, 15, 15, 15, 15, 15, 15, 15, 15, 15, 15, 15, 15, 15, 15, 15, 15, 15, 15, 15, 15, 15, 15, 15, 15, 15]

===== FIM =====
