===== RESULTADO BRKGA L(2,1) =====
Arquivo: /Users/mateuspedrosa/Documents/TCC-II/BRKGA/data/Harwell-Boeing_cleaned/jagmesh4_clean.mtx

----- Execução #1 -----
[INFO] Parou por estagnação.
Tempo de execução: 98121ms
Span (lambda): 15
best_order = [1293, 544, 276, 1094, 641, 222, 95, 793, 1077, 753, 289, 543, 583, 1401, 99, 1021, 1116, 502, 170, 414, 281, 770, 814, 253, 825, 1115, 606, 1071, 198, 1437, 16, 1047, 1099, 1206, 243, 742, 1344, 106, 556, 195, 371, 937, 813, 709, 660, 482, 390, 1420, 930, 1034, 617, 689, 778, 908, 572, 1158, 646, 1339, 136, 213, 605, 1024, 505, 828, 602, 925, 668, 708, 1078, 270, 875, 10, 326, 1289, 786, 1007, 897, 280, 60, 230, 812, 900, 306, 698, 403, 1397, 171, 1146, 122, 111, 422, 501, 441, 1042, 726, 142, 435, 540, 1052, 1346, 1321, 1406, 915, 369, 269, 1214, 620, 443, 62, 1154, 1290, 212, 1229, 1265, 518, 342, 225, 1183, 1231, 921, 494, 940, 642, 1219, 1313, 466, 1376, 809, 1194, 346, 1300, 792, 818, 874, 1113, 1173, 1279, 699, 1086, 21, 959, 156, 1041, 1352, 255, 1026, 169, 291, 1059, 1264, 223, 942, 719, 77, 650, 454, 808, 810, 176, 1234, 1391, 125, 525, 794, 1414, 581, 601, 871, 520, 991, 161, 1432, 221, 1012, 855, 445, 98, 867, 319, 1053, 535, 200, 1171, 693, 117, 823, 1039, 395, 484, 1057, 1310, 1439, 913, 1152, 68, 1096, 1217, 1120, 444, 256, 1296, 1418, 396, 387, 603, 1156, 1392, 963, 389, 1269, 26, 442, 316, 1023, 1006, 801, 519, 419, 1056, 1095, 129, 333, 159, 640, 378, 459, 1148, 521, 551, 807, 397, 1226, 1084, 665, 1382, 1239, 7, 1311, 1363, 538, 1361, 123, 116, 910, 896, 1241, 584, 298, 638, 1248, 1124, 530, 1434, 899, 630, 1235, 1323, 1063, 861, 883, 406, 483, 765, 1303, 151, 996, 250, 392, 516, 568, 1322, 1066, 1267, 103, 628, 779, 570, 803, 1386, 1284, 1104, 90, 598, 951, 895, 43, 84, 260, 1204, 188, 657, 863, 74, 464, 938, 704, 1195, 869, 474, 953, 416, 42, 1345, 1424, 25, 1388, 232, 759, 290, 31, 247, 529, 1081, 1343, 1170, 1335, 886, 1263, 5, 87, 579, 734, 946, 1249, 279, 1280, 857, 1035, 4, 341, 1008, 479, 737, 152, 684, 1212, 1315, 637, 108, 927, 1312, 1301, 51, 153, 196, 643, 1045, 14, 271, 1237, 609, 44, 767, 958, 453, 987, 680, 425, 739, 1031, 1200, 993, 1025, 791, 294, 1107, 616, 114, 773, 674, 1327, 1369, 511, 386, 135, 851, 845, 94, 922, 542, 774, 1029, 1252, 955, 204, 317, 948, 772, 1297, 1395, 1155, 139, 611, 307, 590, 332, 465, 1208, 619, 1142, 1197, 53, 52, 748, 261, 427, 636, 1177, 1256, 763, 1092, 718, 1302, 207, 821, 1065, 607, 215, 348, 242, 214, 309, 850, 476, 368, 655, 1180, 1106, 1238, 975, 447, 1255, 349, 1072, 361, 492, 905, 656, 522, 124, 112, 830, 158, 350, 49, 1336, 1189, 273, 524, 1334, 13, 552, 364, 663, 964, 284, 168, 563, 1294, 545, 906, 961, 685, 707, 771, 1438, 805, 615, 96, 885, 1220, 1136, 1186, 673, 682, 148, 789, 91, 760, 578, 728, 69, 839, 1145, 187, 1032, 1246, 437, 489, 338, 954, 1385, 904, 560, 819, 1314, 815, 729, 92, 872, 363, 1061, 1292, 692, 1394, 1055, 952, 1389, 1143, 618, 382, 1436, 201, 1286, 853, 678, 651, 854, 1347, 321, 1184, 1192, 358, 1014, 274, 688, 1017, 432, 491, 191, 700, 285, 299, 500, 1004, 686, 716, 507, 841, 541, 1131, 308, 1426, 721, 480, 862, 1103, 916, 286, 569, 334, 1348, 219, 311, 1390, 531, 120, 1268, 697, 1362, 1064, 1150, 1166, 199, 752, 86, 539, 967, 352, 149, 1222, 210, 988, 75, 220, 1218, 621, 1342, 696, 982, 816, 1357, 829, 1223, 12, 1202, 327, 115, 878, 1199, 613, 107, 1140, 181, 345, 293, 234, 478, 575, 654, 1100, 359, 1393, 315, 259, 304, 1033, 782, 623, 989, 561, 1067, 39, 126, 652, 1022, 446, 373, 288, 943, 1157, 802, 756, 624, 1320, 323, 244, 498, 202, 22, 1308, 1254, 477, 140, 1244, 562, 717, 580, 720, 320, 859, 868, 1349, 58, 911, 711, 1421, 1316, 490, 1366, 1306, 971, 1101, 1380, 312, 1364, 503, 57, 283, 614, 78, 143, 1188, 436, 391, 968, 909, 835, 1168, 832, 587, 735, 146, 1355, 248, 627, 101, 33, 1285, 65, 634, 1119, 420, 411, 934, 1375, 167, 237, 174, 336, 144, 683, 1287, 1408, 265, 873, 493, 1037, 1203, 1018, 1330, 2, 426, 919, 438, 1433, 264, 1400, 1087, 154, 50, 785, 241, 56, 1190, 840, 1325, 949, 6, 573, 434, 714, 731, 741, 1110, 415, 1271, 41, 610, 553, 936, 577, 595, 1384, 712, 1002, 134, 1141, 205, 1360, 1011, 1415, 1161, 178, 564, 76, 894, 997, 118, 1112, 1020, 105, 907, 705, 1379, 1169, 1147, 822, 1383, 1133, 1088, 380, 1153, 1402, 1111, 1374, 966, 1399, 469, 150, 1266, 979, 275, 745, 757, 549, 903, 837, 318, 455, 314, 1326, 451, 109, 343, 1129, 995, 827, 1187, 70, 1179, 582, 1413, 1419, 1043, 762, 194, 189, 1221, 1127, 1411, 1224, 35, 1272, 88, 1176, 653, 695, 928, 596, 322, 567, 781, 379, 1232, 690, 659, 929, 1365, 19, 533, 1428, 661, 119, 449, 592, 1358, 344, 1205, 889, 941, 20, 856, 888, 372, 1109, 1368, 1377, 1144, 820, 121, 64, 939, 1015, 147, 629, 362, 1319, 457, 8, 1356, 211, 597, 706, 1274, 622, 891, 1412, 526, 935, 110, 528, 625, 1215, 1378, 824, 788, 1435, 495, 433, 71, 1134, 565, 1404, 184, 421, 750, 1027, 849, 1242, 1427, 1191, 633, 848, 224, 473, 738, 104, 17, 1258, 15, 233, 591, 983, 303, 1126, 428, 175, 486, 409, 1209, 1373, 287, 736, 956, 431, 1075, 340, 296, 177, 467, 1164, 217, 81, 351, 509, 1341, 635, 54, 1259, 976, 418, 914, 1010, 648, 36, 1085, 1114, 1036, 755, 1060, 376, 725, 226, 1403, 179, 329, 534, 1123, 662, 1139, 1216, 1062, 846, 423, 1070, 1281, 11, 1000, 1260, 172, 1082, 879, 585, 733, 1162, 901, 931, 388, 833, 133, 1138, 749, 448, 1324, 751, 97, 986, 669, 235, 1228, 180, 632, 724, 864, 784, 1371, 1253, 876, 82, 576, 676, 301, 557, 842, 703, 806, 860, 360, 550, 994, 401, 1046, 1054, 510, 173, 870, 405, 537, 1250, 165, 1048, 527, 694, 1351, 667, 365, 804, 970, 1247, 413, 80, 208, 1410, 960, 1172, 456, 197, 166, 675, 182, 1093, 523, 424, 1225, 768, 1305, 192, 1262, 1332, 513, 880, 836, 249, 744, 238, 647, 375, 206, 844, 1275, 783, 1431, 780, 918, 1329, 992, 183, 962, 1182, 272, 536, 1278, 1090, 0, 947, 843, 1425, 67, 787, 471, 746, 1178, 398, 933, 1198, 1049, 764, 981, 1016, 404, 1098, 79, 354, 798, 497, 408, 1163, 251, 1159, 37, 63, 1125, 866, 884, 1108, 973, 400, 687, 761, 1001, 631, 468, 262, 1299, 1317, 1396, 740, 1135, 877, 985, 218, 1149, 882, 127, 89, 28, 965, 145, 130, 357, 295, 461, 920, 672, 278, 1405, 46, 1118, 229, 417, 950, 1270, 1416, 999, 1076, 268, 566, 460, 881, 141, 944, 512, 458, 1097, 384, 381, 40, 1068, 974, 1122, 407, 47, 9, 1044, 1089, 203, 157, 190, 847, 370, 45, 701, 831, 1307, 185, 236, 1354, 1102, 252, 23, 506, 470, 546, 998, 1276, 1337, 702, 1005, 1038, 713, 1333, 710, 980, 450, 571, 186, 671, 430, 1073, 932, 83, 302, 488, 93, 790, 496, 1309, 532, 1165, 73, 227, 977, 858, 239, 100, 589, 799, 644, 1167, 1196, 1331, 604, 1338, 1430, 1079, 55, 412, 1277, 1423, 1318, 649, 508, 1340, 367, 1387, 1105, 972, 1227, 1243, 1328, 209, 608, 216, 957, 1137, 18, 277, 574, 324, 1236, 61, 485, 282, 732, 517, 664, 138, 800, 463, 1429, 1013, 679, 1240, 1040, 852, 559, 923, 600, 339, 1175, 113, 331, 639, 1058, 377, 439, 300, 515, 677, 1398, 160, 1201, 1282, 747, 366, 38, 402, 715, 313, 128, 766, 1273, 1030, 267, 1117, 1051, 1370, 32, 548, 1069, 410, 102, 626, 66, 593, 328, 29, 912, 984, 730, 472, 72, 353, 554, 1407, 1121, 3, 297, 588, 335, 34, 555, 1074, 1257, 1019, 164, 1, 462, 374, 892, 594, 990, 393, 681, 325, 310, 155, 30, 727, 266, 769, 817, 776, 890, 355, 612, 723, 1091, 917, 797, 475, 1367, 1050, 893, 481, 670, 796, 969, 586, 1283, 1417, 926, 487, 347, 162, 240, 1350, 924, 645, 394, 27, 1028, 440, 1130, 254, 504, 1009, 1132, 1298, 1230, 666, 1160, 758, 838, 754, 1210, 1251, 258, 1233, 137, 383, 330, 743, 599, 1245, 826, 865, 1151, 898, 246, 429, 337, 1181, 305, 558, 245, 978, 1185, 85, 1080, 1211, 132, 1288, 658, 1261, 257, 945, 452, 1359, 834, 1193, 193, 1083, 691, 1304, 1128, 1422, 811, 1174, 775, 131, 902, 1295, 163, 292, 777, 48, 499, 228, 722, 231, 1291, 887, 1003, 59, 514, 356, 1372, 263, 795, 1409, 547, 1353, 1381, 24, 399, 385, 1213, 1207]
labeling = [3, 13, 1, 12, 7, 5, 10, 4, 9, 12, 0, 10, 6, 2, 5, 10, 0, 8, 13, 1, 6, 0, 3, 10, 13, 2, 0, 8, 5, 9, 11, 3, 14, 7, 11, 0, 6, 8, 12, 1, 7, 4, 2, 0, 4, 1, 9, 11, 13, 5, 7, 1, 2, 4, 11, 6, 4, 2, 5, 11, 0, 9, 1, 5, 3, 8, 13, 7, 1, 8, 13, 6, 9, 7, 0, 3, 7, 2, 6, 3, 11, 8, 10, 12, 4, 14, 6, 2, 5, 0, 1, 4, 9, 11, 8, 0, 6, 12, 3, 1, 10, 6, 12, 2, 11, 7, 0, 8, 3, 10, 12, 0, 2, 8, 0, 5, 3, 0, 9, 7, 0, 5, 2, 6, 5, 1, 4, 8, 10, 4, 10, 12, 6, 1, 7, 3, 0, 11, 5, 5, 7, 3, 2, 9, 11, 7, 2, 4, 1, 3, 10, 0, 2, 4, 8, 12, 0, 13, 5, 0, 13, 1, 13, 9, 7, 5, 12, 7, 5, 3, 0, 2, 8, 1, 9, 8, 4, 6, 3, 11, 13, 1, 10, 7, 9, 12, 14, 4, 2, 11, 11, 5, 12, 4, 10, 0, 6, 10, 0, 8, 4, 0, 3, 6, 0, 2, 9, 1, 10, 2, 7, 12, 3, 1, 3, 6, 11, 9, 14, 7, 8, 4, 0, 2, 5, 2, 10, 8, 11, 12, 1, 4, 3, 7, 5, 6, 8, 3, 5, 8, 6, 0, 4, 1, 6, 15, 13, 4, 10, 5, 2, 7, 13, 0, 10, 1, 3, 9, 2, 7, 2, 4, 7, 14, 5, 9, 6, 13, 11, 1, 1, 3, 9, 6, 5, 7, 0, 14, 12, 4, 3, 0, 10, 8, 4, 6, 8, 14, 10, 0, 3, 1, 6, 4, 0, 8, 3, 9, 2, 5, 12, 9, 15, 12, 7, 14, 0, 2, 7, 5, 11, 6, 10, 13, 11, 8, 3, 5, 8, 1, 9, 2, 11, 6, 13, 8, 2, 0, 11, 7, 10, 8, 3, 1, 7, 13, 0, 12, 1, 11, 6, 3, 5, 9, 6, 4, 0, 14, 5, 7, 1, 10, 2, 11, 9, 3, 14, 12, 5, 7, 11, 0, 8, 3, 2, 10, 14, 13, 4, 1, 12, 0, 9, 7, 13, 11, 7, 12, 0, 8, 6, 9, 2, 12, 9, 13, 5, 2, 11, 5, 0, 8, 3, 1, 6, 1, 3, 6, 10, 14, 4, 7, 13, 1, 5, 9, 0, 11, 8, 5, 14, 3, 2, 7, 0, 6, 2, 12, 9, 5, 10, 2, 0, 3, 11, 5, 7, 2, 4, 1, 6, 4, 4, 10, 7, 2, 8, 6, 9, 13, 5, 0, 4, 1, 3, 2, 8, 6, 12, 10, 4, 10, 14, 0, 1, 3, 7, 5, 9, 2, 10, 1, 7, 0, 3, 5, 2, 8, 10, 3, 9, 5, 10, 8, 2, 14, 7, 11, 6, 1, 4, 13, 0, 3, 0, 10, 7, 15, 11, 5, 5, 3, 0, 8, 2, 1, 12, 10, 6, 14, 4, 1, 0, 7, 11, 0, 12, 3, 13, 7, 9, 2, 10, 3, 6, 1, 3, 7, 4, 8, 0, 2, 9, 12, 4, 0, 3, 1, 6, 3, 1, 7, 12, 8, 10, 6, 13, 10, 2, 5, 2, 8, 4, 0, 0, 6, 11, 15, 13, 4, 4, 2, 7, 1, 9, 3, 0, 2, 7, 9, 3, 7, 9, 3, 12, 1, 8, 5, 0, 4, 2, 6, 1, 9, 14, 6, 12, 10, 8, 5, 8, 1, 7, 0, 3, 11, 15, 4, 11, 13, 2, 6, 5, 8, 11, 1, 10, 13, 2, 14, 7, 3, 0, 4, 6, 2, 0, 3, 5, 2, 7, 0, 11, 6, 10, 5, 2, 0, 6, 4, 0, 7, 12, 4, 8, 8, 14, 3, 1, 11, 1, 10, 13, 9, 6, 8, 5, 4, 1, 9, 3, 0, 2, 4, 7, 2, 0, 8, 2, 11, 3, 0, 2, 8, 4, 2, 7, 5, 15, 4, 0, 7, 15, 5, 11, 1, 12, 5, 1, 8, 13, 10, 8, 3, 6, 6, 4, 11, 0, 12, 1, 13, 7, 9, 5, 4, 7, 13, 5, 0, 7, 13, 6, 3, 8, 5, 2, 4, 1, 3, 5, 1, 9, 6, 1, 5, 11, 6, 1, 0, 10, 7, 9, 14, 10, 8, 2, 4, 1, 3, 6, 0, 15, 12, 10, 8, 2, 12, 4, 0, 10, 5, 7, 3, 1, 8, 10, 0, 4, 2, 11, 9, 1, 15, 6, 4, 9, 11, 1, 10, 8, 11, 9, 0, 8, 5, 3, 1, 6, 2, 2, 9, 7, 4, 12, 4, 11, 2, 9, 13, 0, 6, 7, 3, 5, 8, 3, 7, 2, 5, 11, 6, 0, 8, 5, 9, 2, 11, 9, 1, 13, 5, 2, 0, 3, 7, 12, 14, 6, 11, 14, 5, 10, 8, 1, 6, 8, 1, 6, 4, 4, 13, 3, 0, 0, 7, 9, 12, 1, 3, 4, 0, 3, 1, 9, 0, 11, 4, 0, 2, 0, 6, 10, 12, 14, 2, 8, 5, 11, 7, 5, 2, 6, 8, 9, 4, 10, 8, 12, 10, 6, 2, 15, 3, 7, 0, 11, 1, 14, 8, 13, 5, 3, 7, 11, 10, 3, 0, 4, 1, 9, 2, 5, 7, 3, 1, 12, 14, 8, 10, 1, 13, 11, 0, 8, 4, 1, 12, 7, 7, 13, 6, 11, 9, 5, 5, 3, 0, 13, 2, 1, 9, 15, 8, 7, 4, 6, 10, 0, 8, 2, 6, 10, 0, 12, 4, 1, 9, 2, 9, 12, 0, 2, 7, 13, 0, 9, 3, 7, 9, 2, 8, 11, 6, 5, 11, 6, 0, 5, 3, 1, 8, 3, 7, 12, 12, 5, 9, 2, 10, 13, 0, 8, 4, 6, 0, 2, 10, 3, 0, 4, 1, 6, 0, 3, 12, 8, 4, 7, 14, 10, 7, 4, 6, 10, 4, 11, 3, 5, 2, 12, 8, 6, 9, 13, 9, 5, 3, 1, 7, 13, 0, 10, 5, 11, 7, 2, 5, 13, 9, 7, 13, 1, 10, 2, 7, 4, 1, 5, 8, 5, 9, 1, 12, 8, 11, 9, 4, 6, 8, 5, 0, 9, 3, 0, 3, 1, 10, 13, 6, 14, 7, 4, 8, 1, 5, 11, 6, 12, 3, 13, 2, 0, 10, 14, 2, 4, 0, 2, 4, 8, 6, 1, 3, 12, 5, 2, 0, 10, 1, 8, 2, 6, 3, 10, 6, 4, 7, 10, 13, 5, 2, 8, 12, 14, 7, 12, 0, 3, 5, 14, 6, 11, 7, 4, 9, 1, 7, 3, 14, 5, 7, 2, 4, 0, 5, 3, 14, 12, 0, 6, 4, 12, 7, 2, 6, 3, 0, 12, 6, 8, 10, 7, 0, 8, 3, 1, 14, 12, 5, 5, 11, 7, 9, 3, 9, 2, 4, 15, 0, 13, 6, 15, 8, 10, 7, 4, 1, 3, 6, 1, 3, 0, 2, 8, 4, 0, 7, 2, 0, 4, 8, 1, 9, 0, 3, 1, 8, 2, 7, 12, 8, 11, 13, 10, 10, 6, 14, 2, 5, 4, 1, 7, 0, 13, 11, 4, 2, 9, 6, 5, 0, 11, 1, 8, 12, 7, 10, 5, 1, 6, 9, 2, 8, 0, 4, 8, 6, 9, 5, 3, 9, 0, 8, 2, 7, 0, 14, 6, 11, 10, 13, 4, 12, 1, 6, 11, 2, 7, 0, 5, 10, 3, 8, 11, 10, 3, 11, 8, 0, 13, 2, 7, 9, 1, 6, 10, 3, 5, 2, 9, 3, 7, 13, 1, 10, 5, 11, 4, 4, 9, 7, 2, 9, 0, 6, 3, 13, 4, 7, 10, 5, 11, 1, 2, 0, 8, 4, 6, 1, 9, 5, 2, 9, 6, 0, 7, 10, 3, 1, 4, 9, 1, 5, 2, 6, 0, 8, 11, 1, 3, 13, 4, 0, 4, 13, 5, 8, 11, 9, 0, 7, 10, 1, 3, 3, 12, 14, 6, 15, 2, 4, 6, 0, 8, 1, 3, 9, 14, 12, 10, 1, 5, 0, 7, 3, 8, 1, 10, 2, 0, 6, 7, 12, 6, 3, 5, 13, 9, 0, 8, 11, 9, 2, 0, 4, 1, 7, 4, 6, 14, 10, 0, 12, 12, 3, 8, 1, 5, 13, 6, 2, 5, 0, 6, 9, 7, 10, 4, 2, 9, 6, 12, 1, 10, 3, 0, 11, 13, 10, 2, 13, 3, 8, 3, 7, 5, 11, 6, 5, 9, 1, 3, 8, 2, 4, 10, 0, 11, 7, 2, 0, 5, 8, 5, 7, 0, 5, 2, 11, 8, 6, 12, 7, 3, 0, 8, 14, 2, 9, 1, 6, 15, 11, 4, 14, 4, 9, 3, 13, 11, 7, 1, 8, 3, 10, 6, 0, 4, 2]
convergência = [16, 16, 15, 15, 15, 15, 15, 15, 15, 15, 15, 15, 15, 15, 15, 15, 15, 15, 15, 15, 15, 15, 15, 15, 15, 15, 15, 15, 15, 15, 15, 15, 15, 15, 15, 15, 15, 15, 15, 15, 15, 15, 15, 15, 15, 15, 15, 15, 15, 15, 15, 15, 15, 15, 15, 15, 15, 15, 15, 15, 15, 15, 15, 15, 15, 15, 15, 15, 15, 15, 15, 15, 15, 15, 15, 15, 15, 15, 15, 15, 15, 15, 15, 15, 15, 15, 15, 15, 15, 15, 15, 15, 15, 15, 15, 15, 15, 15, 15, 15, 15, 15, 15, 15, 15, 15, 15, 15, 15, 15, 15, 15, 15, 15, 15, 15, 15, 15, 15, 15, 15, 15, 15, 15, 15, 15]

===== FIM =====
