===== RESULTADO BRKGA L(2,1) =====
Arquivo: /Users/mateuspedrosa/Documents/TCC-II/BRKGA/data/Harwell-Boeing_cleaned/jagmesh7_clean.mtx

----- Execução #1 -----
[INFO] Parou por estagnação.
Tempo de execução: 77778ms
Span (lambda): 15
best_order = [937, 10, 265, 1041, 478, 520, 182, 136, 753, 360, 291, 640, 474, 779, 915, 142, 754, 685, 391, 36, 546, 152, 527, 192, 657, 1109, 942, 1062, 792, 425, 595, 171, 843, 978, 840, 37, 315, 610, 460, 1019, 643, 968, 116, 1001, 748, 681, 276, 184, 60, 268, 105, 308, 442, 1054, 873, 131, 516, 924, 280, 979, 633, 548, 309, 565, 1082, 1099, 39, 845, 216, 821, 974, 741, 21, 359, 1098, 43, 81, 789, 699, 420, 107, 693, 517, 584, 264, 763, 213, 247, 1020, 1119, 20, 841, 1072, 1011, 1053, 122, 1110, 874, 908, 707, 134, 170, 660, 614, 403, 618, 734, 1033, 168, 1077, 26, 483, 560, 757, 275, 12, 704, 879, 833, 1015, 702, 692, 625, 385, 668, 473, 205, 877, 923, 850, 1095, 199, 445, 416, 569, 568, 341, 1079, 294, 998, 925, 623, 106, 435, 379, 853, 786, 738, 589, 463, 929, 624, 338, 844, 671, 1035, 997, 289, 1064, 680, 758, 1056, 464, 243, 814, 49, 422, 398, 988, 772, 162, 55, 1046, 782, 1102, 596, 815, 137, 491, 262, 361, 27, 961, 475, 146, 810, 949, 383, 33, 510, 799, 245, 907, 339, 898, 658, 664, 300, 224, 586, 13, 1078, 1060, 909, 706, 1023, 698, 108, 892, 414, 251, 970, 644, 323, 250, 1071, 828, 444, 1127, 993, 1005, 626, 926, 594, 576, 852, 128, 985, 173, 310, 202, 884, 746, 538, 533, 298, 534, 1096, 564, 24, 927, 365, 30, 135, 992, 602, 848, 231, 221, 1089, 1022, 500, 515, 155, 1128, 975, 2, 1068, 674, 41, 1006, 11, 1088, 430, 235, 61, 1025, 747, 901, 521, 501, 144, 195, 111, 1104, 771, 19, 1028, 279, 962, 325, 377, 816, 822, 3, 676, 503, 99, 225, 407, 803, 991, 1013, 1122, 767, 317, 252, 418, 151, 198, 114, 297, 857, 47, 1050, 683, 900, 321, 148, 1057, 669, 1070, 244, 518, 528, 904, 808, 1021, 851, 1085, 1030, 498, 77, 716, 811, 825, 819, 1080, 487, 910, 1090, 948, 796, 717, 944, 479, 56, 190, 322, 48, 513, 605, 981, 868, 226, 439, 506, 999, 239, 1091, 1121, 147, 462, 1047, 529, 775, 230, 715, 119, 1024, 651, 115, 577, 246, 1009, 263, 952, 378, 1036, 619, 647, 620, 458, 314, 23, 58, 967, 756, 639, 1004, 417, 649, 721, 1055, 93, 340, 713, 129, 181, 125, 363, 110, 469, 797, 523, 755, 549, 197, 98, 287, 277, 764, 1123, 201, 165, 15, 461, 894, 34, 228, 494, 695, 982, 744, 632, 824, 943, 573, 1086, 687, 570, 334, 682, 856, 603, 583, 906, 318, 346, 54, 871, 969, 627, 196, 450, 787, 87, 1107, 740, 138, 1044, 6, 545, 920, 1124, 178, 735, 913, 1067, 292, 455, 32, 1137, 826, 561, 204, 443, 233, 955, 585, 1014, 615, 878, 724, 940, 867, 1027, 1106, 206, 446, 191, 976, 798, 502, 1100, 963, 865, 217, 101, 539, 222, 46, 700, 331, 257, 95, 1034, 536, 270, 249, 621, 742, 834, 505, 591, 35, 161, 831, 581, 579, 66, 484, 90, 326, 889, 1093, 823, 248, 69, 608, 1010, 459, 588, 273, 631, 468, 945, 769, 316, 103, 214, 413, 733, 124, 875, 153, 467, 490, 645, 188, 880, 62, 800, 381, 531, 807, 736, 185, 691, 773, 330, 258, 566, 1131, 1133, 449, 164, 535, 935, 774, 708, 64, 609, 241, 1045, 732, 552, 630, 423, 989, 917, 236, 965, 209, 50, 972, 1111, 395, 1084, 431, 1049, 617, 508, 977, 472, 905, 63, 984, 1136, 448, 832, 74, 1032, 1059, 380, 958, 578, 776, 1108, 14, 768, 1101, 652, 482, 218, 355, 635, 1039, 861, 397, 109, 629, 406, 705, 118, 1073, 730, 688, 987, 400, 76, 593, 154, 590, 370, 223, 452, 1029, 1120, 743, 760, 457, 941, 812, 806, 17, 817, 440, 785, 176, 1003, 604, 1097, 895, 437, 1118, 544, 690, 470, 72, 232, 312, 208, 238, 793, 709, 433, 91, 1094, 362, 1037, 902, 512, 551, 22, 628, 259, 689, 477, 986, 866, 836, 172, 485, 372, 158, 332, 749, 160, 714, 29, 73, 543, 133, 973, 556, 663, 8, 711, 864, 267, 1116, 960, 514, 805, 891, 1112, 562, 311, 911, 1031, 45, 75, 428, 519, 737, 731, 634, 393, 922, 606, 1038, 1129, 788, 703, 1007, 667, 4, 642, 495, 254, 18, 227, 541, 126, 762, 802, 349, 656, 1026, 882, 59, 939, 57, 454, 842, 295, 951, 31, 1125, 954, 149, 750, 405, 964, 347, 947, 374, 302, 52, 830, 141, 344, 765, 286, 650, 143, 638, 83, 79, 1040, 488, 388, 272, 653, 1063, 84, 96, 313, 476, 94, 725, 794, 918, 466, 174, 480, 305, 89, 897, 215, 120, 511, 885, 373, 537, 242, 169, 408, 404, 600, 481, 542, 553, 307, 200, 1048, 453, 574, 113, 778, 966, 412, 327, 1132, 102, 180, 1000, 677, 269, 678, 187, 507, 255, 207, 790, 419, 930, 237, 28, 791, 177, 436, 524, 229, 526, 883, 367, 783, 183, 599, 390, 896, 525, 637, 157, 612, 1017, 597, 16, 1135, 839, 869, 980, 996, 386, 328, 1012, 727, 415, 211, 253, 720, 971, 123, 1066, 661, 127, 354, 266, 860, 582, 611, 838, 575, 1042, 1, 933, 1081, 51, 571, 352, 301, 936, 818, 1076, 784, 745, 396, 166, 343, 1002, 780, 916, 855, 666, 672, 271, 1069, 899, 376, 795, 438, 858, 572, 299, 71, 959, 950, 399, 290, 112, 353, 820, 387, 492, 522, 145, 179, 718, 719, 983, 351, 1075, 694, 1087, 995, 504, 887, 1103, 371, 167, 139, 670, 156, 622, 68, 429, 261, 766, 256, 333, 104, 934, 117, 540, 592, 777, 872, 70, 710, 1083, 827, 499, 701, 739, 1126, 283, 646, 44, 345, 1008, 919, 97, 78, 837, 7, 186, 1043, 696, 1105, 555, 82, 530, 1114, 38, 712, 567, 350, 759, 140, 375, 1117, 175, 914, 489, 358, 587, 150, 751, 394, 903, 662, 956, 862, 881, 25, 723, 946, 888, 613, 770, 957, 636, 421, 456, 616, 303, 471, 366, 389, 722, 100, 496, 509, 1018, 953, 1065, 726, 132, 282, 932, 306, 1134, 686, 931, 296, 465, 130, 921, 281, 92, 189, 67, 382, 335, 220, 752, 427, 1113, 870, 426, 85, 260, 65, 938, 1051, 801, 532, 384, 447, 0, 401, 990, 607, 601, 1074, 497, 357, 728, 994, 285, 655, 1061, 441, 659, 1016, 846, 559, 324, 829, 563, 410, 40, 88, 234, 684, 240, 648, 402, 86, 893, 320, 9, 432, 493, 673, 210, 212, 781, 364, 411, 319, 813, 886, 847, 336, 641, 368, 835, 928, 348, 121, 203, 42, 849, 554, 278, 193, 451, 1092, 550, 804, 163, 392, 80, 890, 675, 1115, 1052, 284, 729, 809, 547, 337, 293, 288, 304, 859, 761, 159, 654, 557, 274, 679, 598, 409, 424, 558, 863, 486, 580, 697, 434, 219, 53, 369, 1058, 5, 329, 912, 665, 1130, 342, 356, 854, 876, 194]
labeling = [9, 13, 5, 9, 4, 13, 5, 11, 8, 15, 0, 9, 2, 7, 11, 0, 6, 3, 11, 7, 2, 0, 4, 10, 6, 8, 3, 5, 4, 8, 2, 10, 5, 3, 1, 6, 0, 2, 9, 1, 15, 4, 12, 3, 13, 8, 11, 5, 7, 2, 7, 9, 0, 10, 5, 2, 4, 6, 0, 9, 0, 3, 5, 7, 6, 15, 1, 13, 11, 7, 13, 11, 7, 2, 6, 10, 8, 5, 3, 8, 11, 0, 9, 4, 11, 12, 14, 0, 2, 10, 4, 1, 10, 2, 6, 3, 8, 5, 9, 6, 12, 3, 8, 5, 11, 0, 3, 1, 4, 10, 8, 0, 12, 10, 0, 7, 1, 8, 6, 3, 7, 15, 1, 1, 4, 9, 11, 11, 2, 5, 14, 0, 9, 6, 1, 7, 0, 3, 7, 10, 12, 7, 0, 4, 3, 13, 4, 6, 8, 11, 9, 5, 2, 10, 2, 0, 12, 6, 1, 11, 5, 7, 4, 8, 11, 4, 8, 10, 3, 11, 2, 0, 9, 6, 13, 9, 2, 12, 4, 13, 9, 3, 0, 4, 1, 9, 13, 10, 8, 11, 1, 6, 2, 12, 14, 5, 0, 4, 2, 0, 7, 4, 2, 8, 6, 2, 5, 6, 8, 5, 11, 14, 3, 1, 7, 9, 0, 6, 3, 1, 8, 4, 6, 9, 0, 3, 1, 7, 0, 12, 5, 2, 10, 7, 14, 4, 9, 11, 11, 4, 13, 8, 10, 1, 7, 2, 6, 0, 2, 7, 2, 0, 5, 5, 10, 12, 13, 8, 4, 8, 10, 14, 4, 8, 2, 0, 13, 7, 0, 12, 1, 7, 12, 10, 15, 3, 1, 6, 9, 4, 2, 9, 1, 5, 3, 10, 8, 4, 12, 0, 11, 0, 3, 10, 0, 5, 7, 2, 1, 9, 6, 2, 0, 11, 8, 4, 11, 6, 2, 4, 1, 9, 6, 9, 5, 0, 1, 3, 7, 8, 10, 5, 3, 1, 12, 6, 3, 5, 8, 4, 2, 0, 7, 12, 6, 8, 13, 10, 3, 5, 7, 0, 13, 9, 0, 8, 1, 3, 0, 7, 10, 12, 9, 11, 7, 5, 11, 14, 10, 2, 0, 4, 7, 1, 13, 3, 8, 4, 7, 10, 2, 5, 3, 8, 6, 12, 10, 4, 9, 1, 7, 11, 9, 0, 12, 4, 6, 8, 4, 9, 5, 0, 15, 4, 10, 3, 9, 3, 1, 6, 5, 11, 13, 2, 8, 6, 8, 0, 9, 13, 6, 14, 8, 5, 3, 6, 1, 6, 4, 11, 1, 10, 2, 7, 13, 0, 9, 7, 1, 12, 0, 4, 5, 1, 11, 3, 12, 7, 9, 2, 5, 10, 4, 9, 6, 4, 7, 11, 9, 6, 4, 10, 0, 2, 5, 1, 13, 7, 3, 11, 0, 8, 2, 6, 8, 13, 11, 4, 7, 2, 6, 14, 5, 3, 2, 5, 1, 9, 0, 3, 12, 10, 8, 1, 5, 8, 12, 7, 9, 12, 3, 0, 2, 6, 0, 9, 7, 10, 0, 4, 1, 3, 8, 5, 11, 3, 0, 4, 2, 7, 1, 4, 10, 3, 11, 5, 2, 4, 1, 10, 0, 6, 14, 8, 11, 13, 6, 0, 2, 4, 11, 9, 14, 2, 4, 9, 0, 13, 1, 5, 14, 7, 12, 8, 10, 6, 0, 7, 0, 2, 9, 5, 7, 4, 6, 10, 5, 9, 12, 7, 1, 3, 3, 11, 6, 0, 8, 12, 2, 0, 3, 9, 11, 4, 8, 10, 6, 1, 4, 8, 12, 6, 10, 5, 1, 7, 3, 9, 7, 0, 5, 3, 10, 8, 4, 0, 2, 11, 15, 7, 9, 13, 2, 5, 8, 1, 5, 12, 4, 6, 0, 10, 5, 12, 0, 7, 12, 10, 2, 4, 6, 8, 11, 3, 3, 1, 4, 7, 9, 6, 3, 1, 8, 2, 7, 9, 15, 13, 11, 6, 0, 9, 10, 2, 5, 0, 5, 3, 8, 0, 6, 2, 5, 9, 12, 10, 5, 0, 4, 7, 3, 10, 12, 7, 1, 11, 6, 4, 0, 3, 5, 0, 8, 14, 4, 10, 2, 7, 9, 11, 2, 1, 6, 4, 12, 0, 10, 3, 5, 10, 8, 6, 3, 0, 10, 1, 8, 13, 5, 0, 6, 11, 3, 9, 1, 7, 4, 2, 2, 4, 7, 3, 9, 1, 9, 7, 4, 6, 12, 1, 5, 0, 11, 8, 2, 4, 12, 6, 14, 15, 3, 10, 6, 3, 0, 5, 8, 12, 0, 13, 7, 1, 8, 10, 5, 13, 2, 3, 0, 11, 0, 9, 12, 0, 2, 7, 5, 1, 4, 7, 5, 14, 1, 3, 8, 4, 11, 6, 9, 2, 13, 4, 2, 9, 11, 3, 9, 6, 8, 0, 10, 12, 6, 1, 13, 6, 4, 7, 10, 2, 5, 11, 0, 8, 11, 13, 1, 3, 5, 0, 6, 8, 1, 5, 14, 9, 7, 7, 2, 15, 0, 4, 12, 12, 2, 0, 6, 10, 10, 2, 11, 0, 3, 7, 5, 3, 8, 13, 1, 15, 9, 4, 6, 2, 8, 11, 0, 7, 6, 11, 3, 0, 8, 1, 5, 4, 9, 2, 2, 7, 0, 4, 2, 0, 13, 11, 1, 4, 13, 6, 12, 1, 9, 14, 10, 5, 3, 8, 6, 3, 6, 1, 7, 0, 2, 6, 9, 2, 4, 0, 7, 10, 5, 8, 3, 6, 0, 8, 10, 5, 15, 3, 0, 10, 4, 6, 12, 10, 1, 14, 2, 4, 7, 11, 1, 9, 7, 4, 2, 7, 3, 1, 8, 6, 9, 0, 7, 5, 8, 13, 1, 14, 11, 3, 0, 5, 2, 4, 15, 0, 8, 3, 14, 11, 13, 4, 10, 0, 12, 7, 5, 10, 1, 3, 6, 8, 12, 7, 3, 1, 7, 5, 1, 14, 9, 1, 4, 12, 11, 14, 4, 0, 6, 8, 11, 10, 13, 2, 0, 10, 1, 12, 6, 8, 0, 5, 1, 6, 0, 2, 9, 6, 2, 12, 0, 4, 10, 8, 3, 3, 6, 4, 2, 0, 13, 11, 8, 4, 2, 5, 12, 0, 9, 5, 5, 3, 1, 7, 10, 0, 11, 1, 10, 4, 8, 0, 3, 10, 5, 0, 2, 8, 3, 0, 6, 5, 11, 2, 7, 9, 4, 9, 5, 1, 9, 2, 7, 9, 6, 2, 12, 0, 10, 14, 3, 11, 1, 7, 12, 6, 2, 10, 12, 3, 1, 8, 4, 6, 13, 8, 3, 11, 0, 10, 5, 14, 8, 8, 6, 9, 0, 3, 1, 9, 15, 12, 9, 0, 4, 2, 5, 11, 0, 10, 7, 3, 1, 11, 7, 5, 8, 4, 12, 5, 11, 0, 2, 8, 2, 0, 6, 9, 4, 10, 3, 14, 7, 5, 4, 0, 2, 5, 7, 14, 9, 11, 1, 12, 7, 3, 10, 5, 1, 1, 4, 0, 9, 1, 2, 4, 15, 10, 8, 1, 13, 10, 6, 4]
convergência = [15, 15, 15, 15, 15, 15, 15, 15, 15, 15, 15, 15, 15, 15, 15, 15, 15, 15, 15, 15, 15, 15, 15, 15, 15, 15, 15, 15, 15, 15, 15, 15, 15, 15, 15, 15, 15, 15, 15, 15, 15, 15, 15, 15, 15, 15, 15, 15, 15, 15, 15, 15, 15, 15, 15, 15, 15, 15, 15, 15, 15, 15, 15, 15, 15, 15, 15, 15, 15, 15, 15, 15, 15, 15, 15, 15, 15, 15, 15, 15, 15, 15, 15, 15, 15, 15, 15, 15, 15, 15, 15, 15, 15, 15, 15, 15, 15, 15, 15, 15, 15, 15, 15, 15, 15, 15, 15, 15, 15, 15, 15, 15, 15, 15, 15, 15, 15, 15, 15, 15, 15, 15, 15, 15]

===== FIM =====
