===== RESULTADO BRKGA L(2,1) =====
Arquivo: /Users/mateuspedrosa/Documents/TCC-II/BRKGA/data/NR_DIMACS_cleaned/johnson32-2-4_clean.mtx

----- Execução #1 -----
[INFO] Time limit atingido: 15 minutos. Interrompido no meio de uma geração.
Tempo de execução: 900415ms
Span (lambda): 536
best_order = [152, 264, 34, 298, 305, 46, 68, 146, 442, 31, 0, 311, 355, 28, 471, 286, 83, 161, 99, 43, 8, 389, 257, 332, 317, 91, 238, 294, 154, 432, 402, 109, 51, 338, 124, 327, 303, 372, 148, 96, 302, 308, 162, 421, 444, 396, 21, 44, 253, 47, 244, 290, 364, 242, 150, 239, 82, 69, 95, 240, 10, 140, 440, 138, 179, 318, 354, 1, 30, 427, 465, 144, 234, 411, 98, 215, 360, 455, 463, 260, 443, 25, 139, 256, 322, 130, 488, 433, 249, 362, 56, 352, 386, 459, 248, 374, 262, 382, 254, 177, 125, 54, 112, 314, 270, 225, 310, 168, 451, 418, 255, 107, 404, 210, 223, 7, 486, 458, 183, 423, 417, 167, 437, 373, 406, 105, 434, 342, 75, 331, 196, 470, 137, 159, 480, 297, 129, 201, 106, 324, 236, 2, 462, 363, 101, 445, 425, 38, 398, 439, 243, 415, 73, 199, 250, 383, 361, 307, 102, 269, 206, 153, 399, 155, 394, 226, 173, 491, 321, 472, 14, 296, 295, 284, 326, 12, 441, 306, 160, 211, 61, 273, 448, 192, 367, 261, 258, 184, 120, 79, 74, 474, 337, 392, 143, 309, 393, 164, 3, 232, 191, 131, 200, 370, 345, 180, 430, 343, 208, 76, 369, 42, 278, 126, 359, 67, 156, 128, 132, 300, 420, 453, 268, 13, 27, 62, 478, 400, 482, 60, 320, 279, 277, 37, 115, 187, 452, 247, 397, 66, 325, 401, 329, 358, 237, 287, 348, 26, 17, 224, 59, 344, 6, 292, 205, 241, 409, 207, 365, 407, 274, 103, 142, 377, 217, 49, 334, 283, 20, 151, 127, 52, 313, 58, 346, 456, 431, 468, 315, 212, 495, 213, 272, 349, 493, 387, 375, 209, 446, 379, 97, 16, 341, 477, 291, 89, 222, 275, 186, 135, 384, 251, 252, 181, 22, 11, 388, 436, 85, 45, 485, 231, 86, 35, 476, 29, 114, 376, 428, 178, 171, 113, 246, 469, 228, 259, 460, 316, 333, 110, 481, 166, 490, 194, 233, 454, 227, 347, 48, 267, 111, 175, 163, 92, 356, 385, 141, 32, 319, 466, 489, 193, 118, 100, 65, 266, 391, 19, 330, 70, 350, 487, 435, 483, 80, 133, 219, 351, 390, 157, 176, 158, 218, 182, 123, 245, 108, 492, 484, 301, 450, 9, 136, 328, 230, 214, 40, 414, 340, 77, 280, 380, 323, 289, 81, 461, 78, 282, 134, 438, 494, 281, 408, 202, 24, 336, 122, 449, 426, 4, 203, 117, 119, 84, 165, 429, 412, 299, 378, 121, 169, 36, 15, 285, 197, 276, 57, 188, 172, 339, 189, 149, 71, 145, 410, 403, 64, 116, 88, 413, 304, 473, 368, 170, 18, 55, 87, 288, 220, 353, 424, 104, 312, 335, 371, 381, 265, 357, 204, 23, 447, 174, 93, 235, 185, 416, 479, 475, 39, 72, 53, 41, 216, 33, 293, 263, 467, 5, 198, 457, 422, 395, 63, 190, 419, 94, 405, 90, 147, 221, 271, 195, 464, 229, 50, 366]
labeling = [20, 108, 197, 266, 301, 546, 316, 161, 37, 452, 98, 182, 230, 294, 99, 498, 355, 231, 517, 420, 180, 48, 368, 533, 484, 36, 213, 234, 19, 253, 105, 18, 413, 412, 4, 375, 287, 302, 203, 539, 460, 543, 286, 35, 34, 371, 10, 11, 402, 332, 542, 27, 337, 541, 147, 519, 21, 467, 341, 315, 295, 3, 296, 441, 263, 271, 304, 198, 12, 92, 424, 423, 357, 208, 254, 176, 282, 466, 472, 252, 240, 340, 59, 30, 419, 338, 31, 521, 511, 297, 555, 47, 408, 202, 538, 94, 70, 356, 118, 33, 95, 201, 168, 93, 473, 172, 193, 157, 445, 58, 293, 186, 149, 385, 379, 148, 378, 359, 417, 488, 250, 495, 242, 444, 62, 145, 144, 336, 244, 146, 127, 270, 153, 251, 474, 319, 454, 183, 104, 124, 100, 411, 184, 260, 114, 139, 14, 557, 13, 507, 46, 334, 0, 81, 52, 220, 265, 395, 438, 185, 235, 32, 74, 283, 264, 437, 394, 169, 75, 496, 506, 383, 367, 107, 443, 406, 229, 143, 209, 106, 278, 366, 442, 165, 248, 405, 360, 249, 501, 505, 552, 192, 241, 325, 396, 481, 179, 374, 548, 204, 272, 191, 482, 486, 487, 320, 216, 326, 236, 273, 109, 160, 158, 342, 314, 69, 363, 225, 440, 432, 365, 558, 358, 159, 313, 150, 151, 400, 219, 562, 458, 267, 268, 398, 91, 397, 97, 307, 49, 5, 96, 322, 90, 207, 84, 85, 386, 269, 138, 50, 210, 321, 364, 82, 141, 156, 125, 41, 246, 388, 42, 245, 140, 403, 2, 531, 238, 404, 292, 126, 1, 560, 142, 237, 312, 83, 499, 194, 196, 300, 317, 480, 308, 227, 135, 279, 28, 309, 281, 29, 86, 188, 318, 137, 51, 228, 190, 189, 6, 493, 288, 450, 65, 66, 451, 8, 233, 214, 72, 262, 9, 22, 525, 339, 71, 346, 390, 45, 73, 382, 215, 224, 7, 389, 195, 305, 53, 64, 456, 61, 422, 178, 43, 392, 277, 331, 465, 177, 60, 503, 464, 63, 44, 221, 275, 276, 223, 306, 311, 310, 391, 434, 132, 523, 67, 24, 410, 285, 119, 133, 120, 200, 23, 199, 88, 87, 380, 243, 515, 284, 274, 527, 68, 89, 130, 350, 381, 330, 173, 354, 468, 529, 38, 212, 362, 259, 134, 175, 370, 39, 436, 418, 258, 57, 217, 508, 80, 211, 205, 218, 206, 40, 56, 509, 55, 435, 171, 328, 155, 324, 461, 116, 491, 513, 462, 77, 512, 167, 154, 554, 117, 76, 550, 115, 170, 166, 327, 110, 323, 490, 280, 345, 54, 131, 174, 428, 162, 103, 476, 101, 102, 232, 16, 17, 78, 15, 352, 535, 239, 475, 291, 152, 123, 290, 164, 122, 343, 427, 163, 136, 289, 470, 121, 79, 344, 112, 415, 545, 299, 25, 181, 26, 226, 376, 256, 372, 377, 255, 298, 537, 187, 128, 113, 430, 448, 373, 111, 426, 129, 349, 347, 222, 447, 257, 478, 348]
convergência = []

===== FIM =====
