===== RESULTADO BRKGA L(2,1) =====
Arquivo: /Users/mateuspedrosa/Documents/TCC-II/BRKGA/data/NR_DIMACS_cleaned/johnson16-2-4_clean.mtx

----- Execução #1 -----
[INFO] Time limit atingido: 15 minutos. Interrompido no meio de uma geração.
Tempo de execução: 900000ms
Span (lambda): 119
best_order = [92, 58, 95, 110, 87, 105, 9, 106, 80, 31, 59, 75, 103, 50, 26, 3, 55, 91, 51, 61, 97, 60, 108, 82, 64, 10, 11, 66, 117, 68, 76, 43, 102, 96, 23, 118, 78, 37, 17, 29, 27, 36, 24, 7, 83, 98, 34, 44, 19, 67, 42, 41, 62, 93, 84, 113, 2, 5, 54, 114, 63, 100, 79, 107, 21, 13, 8, 99, 57, 35, 15, 101, 14, 111, 112, 28, 52, 116, 77, 39, 25, 1, 115, 53, 86, 30, 18, 40, 20, 70, 69, 32, 12, 94, 85, 4, 6, 119, 16, 48, 47, 65, 88, 104, 109, 0, 49, 73, 90, 33, 89, 22, 72, 74, 56, 38, 45, 81, 71, 46]
labeling = [118, 93, 12, 25, 109, 14, 92, 36, 79, 3, 24, 37, 106, 32, 63, 83, 113, 46, 99, 62, 100, 51, 126, 42, 54, 91, 23, 50, 82, 48, 80, 15, 104, 105, 47, 49, 52, 44, 128, 53, 61, 64, 45, 43, 60, 84, 114, 94, 115, 120, 22, 29, 86, 96, 74, 26, 117, 67, 2, 17, 31, 30, 66, 16, 18, 116, 39, 38, 41, 102, 90, 130, 101, 122, 103, 19, 21, 89, 9, 76, 13, 98, 35, 56, 70, 55, 97, 8, 75, 124, 123, 27, 0, 68, 108, 4, 5, 28, 58, 81, 59, 85, 1, 20, 57, 10, 11, 78, 33, 34, 6, 71, 87, 72, 73, 95, 88, 40, 7, 111]
convergência = [122, 122, 122, 122, 122, 122, 122, 122, 122, 122, 122, 122, 122, 122, 122, 122, 121, 121, 121, 121, 121, 121, 121, 121, 120, 120, 120, 120, 120, 120, 119, 119, 119, 119, 119, 119, 119, 119, 119, 119, 119, 119, 119, 119, 119, 119, 119, 119, 119, 119, 119, 119, 119, 119, 119, 119, 119, 119, 119, 119, 119, 119, 119, 119, 119, 119, 119, 119, 119, 119, 119, 119, 119, 119, 119, 119, 119, 119, 119, 119, 119, 119, 119, 119, 119, 119, 119, 119, 119, 119, 119, 119, 119, 119, 119, 119, 119, 119, 119, 119, 119, 119, 119, 119, 119, 119, 119, 119, 119, 119, 119, 119, 119, 119, 119, 119, 119, 119, 119]

===== FIM =====
