===== RESULTADO BRKGA L(2,1) =====
Arquivo: /Users/mateuspedrosa/Documents/TCC-II/BRKGA/data/NR_DIMACS_cleaned/johnson8-4-4_clean.mtx

----- Execução #1 -----
[INFO] Parou por estagnação.
Tempo de execução: 70659ms
Span (lambda): 69
best_order = [51, 20, 4, 17, 57, 64, 42, 15, 63, 69, 33, 28, 16, 39, 34, 59, 56, 50, 36, 58, 54, 44, 11, 62, 37, 38, 2, 55, 67, 25, 48, 53, 0, 49, 21, 35, 52, 27, 41, 1, 6, 46, 47, 5, 66, 68, 32, 14, 60, 26, 10, 24, 45, 8, 13, 65, 23, 43, 18, 3, 12, 7, 31, 30, 29, 22, 19, 40, 61, 9]
labeling = [5, 47, 32, 65, 4, 48, 39, 60, 61, 46, 1, 28, 66, 54, 55, 7, 17, 6, 62, 33, 2, 3, 64, 63, 56, 38, 59, 37, 16, 52, 58, 67, 53, 14, 15, 43, 18, 24, 30, 19, 69, 29, 11, 31, 26, 44, 49, 42, 40, 41, 25, 0, 45, 27, 12, 34, 23, 8, 22, 21, 57, 68, 20, 9, 10, 50, 35, 36, 51, 13]
convergência = [75, 75, 75, 75, 74, 73, 70, 70, 70, 70, 70, 70, 70, 70, 70, 70, 70, 70, 70, 70, 70, 70, 70, 70, 69, 69, 69, 69, 69, 69, 69, 69, 69, 69, 69, 69, 69, 69, 69, 69, 69, 69, 69, 69, 69, 69, 69, 69, 69, 69, 69, 69, 69, 69, 69, 69, 69, 69, 69, 69, 69, 69, 69, 69, 69, 69, 69, 69, 69, 69, 69, 69, 69, 69, 69, 69, 69, 69, 69, 69, 69, 69, 69, 69, 69, 69, 69, 69, 69, 69, 69, 69, 69, 69, 69, 69, 69, 69, 69, 69, 69, 69, 69, 69, 69, 69, 69, 69, 69, 69, 69, 69, 69, 69, 69, 69, 69, 69, 69, 69, 69, 69, 69, 69, 69, 69, 69, 69, 69, 69, 69, 69, 69, 69, 69, 69, 69, 69, 69, 69, 69, 69, 69, 69, 69, 69, 69, 69]

===== FIM =====
