===== RESULTADO BRKGA L(2,1) =====
Arquivo: /Users/mateuspedrosa/Documents/TCC-II/BRKGA/data/Harwell-Boeing_cleaned/jpwh_991_clean.mtx

----- Execução #1 -----
[INFO] Parou por estagnação.
Tempo de execução: 83939ms
Span (lambda): 18
best_order = [401, 84, 620, 642, 893, 523, 174, 249, 634, 117, 602, 23, 5, 30, 516, 105, 882, 106, 460, 814, 321, 46, 799, 445, 835, 741, 752, 421, 680, 622, 841, 372, 939, 951, 851, 327, 528, 540, 207, 492, 390, 183, 744, 354, 910, 357, 987, 759, 954, 560, 796, 118, 900, 396, 77, 651, 919, 805, 139, 223, 691, 510, 218, 489, 537, 697, 490, 471, 209, 953, 946, 137, 253, 764, 430, 935, 500, 975, 701, 662, 193, 263, 397, 469, 338, 949, 178, 56, 304, 11, 678, 458, 652, 356, 732, 867, 470, 245, 166, 649, 151, 48, 3, 925, 404, 890, 918, 410, 743, 513, 607, 845, 221, 507, 861, 768, 281, 822, 407, 503, 689, 234, 847, 110, 230, 957, 892, 519, 261, 586, 274, 355, 941, 899, 859, 717, 175, 7, 146, 78, 229, 316, 679, 877, 27, 977, 866, 522, 220, 921, 729, 315, 18, 90, 435, 153, 857, 422, 763, 187, 815, 1, 746, 836, 804, 708, 203, 712, 67, 509, 539, 318, 161, 839, 391, 4, 334, 700, 750, 101, 929, 718, 16, 682, 880, 276, 955, 415, 543, 965, 386, 610, 135, 727, 248, 989, 781, 367, 637, 439, 670, 535, 808, 171, 241, 429, 930, 618, 600, 722, 980, 97, 2, 745, 632, 336, 834, 392, 735, 168, 619, 625, 389, 561, 551, 319, 9, 647, 185, 578, 478, 837, 855, 244, 710, 420, 501, 65, 86, 858, 852, 707, 210, 51, 359, 74, 960, 737, 856, 556, 197, 453, 124, 50, 840, 464, 515, 753, 901, 696, 381, 290, 493, 502, 657, 615, 770, 792, 162, 755, 751, 268, 317, 650, 352, 920, 127, 257, 617, 672, 385, 294, 310, 725, 908, 520, 685, 775, 576, 28, 431, 369, 122, 504, 184, 132, 656, 472, 552, 968, 351, 20, 147, 198, 742, 167, 33, 956, 424, 854, 96, 405, 644, 497, 669, 687, 72, 630, 333, 180, 298, 525, 140, 757, 793, 568, 305, 44, 163, 548, 616, 874, 457, 794, 668, 972, 564, 112, 393, 705, 673, 566, 482, 898, 314, 719, 850, 914, 251, 322, 661, 558, 150, 295, 411, 843, 961, 155, 948, 959, 384, 704, 964, 403, 378, 104, 559, 13, 728, 275, 311, 885, 789, 31, 8, 567, 605, 345, 723, 438, 264, 819, 823, 784, 243, 285, 785, 32, 544, 973, 204, 436, 466, 758, 451, 165, 779, 191, 903, 341, 63, 68, 330, 596, 309, 907, 461, 830, 395, 597, 177, 613, 694, 716, 802, 24, 816, 246, 591, 912, 158, 418, 788, 423, 231, 255, 581, 433, 12, 787, 399, 876, 512, 611, 888, 807, 181, 377, 409, 582, 485, 871, 635, 250, 943, 731, 76, 176, 47, 518, 131, 6, 813, 54, 875, 826, 49, 542, 299, 102, 479, 440, 34, 468, 282, 765, 569, 303, 41, 878, 950, 879, 200, 658, 239, 686, 491, 606, 196, 786, 863, 532, 648, 213, 133, 923, 895, 756, 474, 798, 748, 188, 169, 40, 308, 771, 289, 988, 361, 61, 937, 938, 645, 266, 550, 931, 913, 383, 640, 156, 443, 15, 654, 476, 915, 141, 824, 917, 152, 636, 869, 812, 85, 73, 320, 511, 942, 325, 87, 688, 978, 902, 53, 374, 394, 189, 417, 671, 638, 663, 711, 446, 202, 225, 123, 254, 212, 848, 547, 206, 114, 57, 909, 450, 806, 256, 896, 455, 721, 363, 884, 173, 803, 208, 39, 769, 349, 916, 382, 195, 924, 846, 164, 827, 80, 911, 408, 125, 425, 574, 465, 258, 37, 498, 833, 783, 284, 563, 531, 448, 154, 82, 69, 933, 549, 904, 983, 631, 129, 271, 427, 886, 43, 362, 262, 52, 340, 126, 580, 35, 934, 714, 278, 38, 641, 767, 944, 324, 483, 64, 776, 134, 820, 844, 730, 293, 677, 664, 214, 432, 562, 665, 332, 536, 922, 260, 713, 329, 45, 297, 159, 481, 232, 873, 36, 967, 883, 698, 22, 966, 462, 817, 557, 441, 870, 546, 872, 79, 675, 29, 524, 26, 738, 172, 413, 514, 419, 667, 772, 940, 624, 94, 864, 93, 881, 974, 749, 98, 583, 288, 192, 42, 795, 55, 291, 494, 247, 375, 99, 521, 370, 88, 842, 219, 143, 473, 674, 831, 838, 447, 595, 279, 572, 555, 148, 179, 452, 760, 621, 100, 849, 109, 387, 736, 639, 683, 762, 236, 693, 364, 488, 887, 277, 10, 868, 313, 365, 343, 653, 626, 739, 19, 400, 201, 614, 587, 211, 238, 328, 60, 754, 526, 228, 601, 412, 138, 194, 780, 335, 59, 292, 676, 592, 113, 145, 570, 480, 506, 832, 426, 128, 116, 348, 584, 529, 932, 928, 734, 233, 437, 740, 454, 666, 534, 182, 75, 517, 25, 444, 272, 267, 828, 538, 982, 371, 724, 530, 342, 227, 388, 971, 157, 347, 508, 475, 699, 976, 62, 379, 81, 801, 259, 91, 598, 142, 906, 92, 706, 984, 791, 809, 720, 339, 477, 346, 947, 541, 265, 434, 588, 790, 224, 83, 487, 829, 733, 350, 609, 170, 402, 891, 149, 215, 963, 589, 927, 217, 533, 499, 21, 627, 442, 612, 286, 709, 818, 108, 107, 205, 240, 360, 628, 981, 273, 136, 565, 296, 800, 761, 778, 726, 643, 774, 496, 894, 95, 554, 144, 970, 103, 456, 585, 810, 979, 486, 603, 505, 495, 862, 571, 190, 66, 353, 115, 958, 945, 237, 459, 280, 270, 71, 366, 235, 306, 186, 681, 222, 692, 575, 17, 398, 545, 623, 952, 428, 702, 853, 269, 660, 58, 629, 936, 897, 449, 655, 368, 323, 695, 821, 599, 414, 782, 860, 633, 962, 337, 376, 70, 553, 344, 986, 467, 703, 331, 659, 326, 747, 608, 773, 89, 985, 111, 120, 825, 777, 604, 283, 926, 463, 590, 416, 358, 380, 577, 307, 302, 684, 766, 969, 593, 797, 130, 242, 905, 226, 594, 14, 865, 119, 811, 990, 646, 715, 301, 527, 406, 300, 373, 312, 216, 252, 690, 573, 889, 484, 579, 199, 0, 160, 287, 121]
labeling = [3, 6, 3, 1, 5, 0, 0, 4, 6, 0, 4, 3, 1, 0, 2, 1, 3, 5, 2, 0, 2, 12, 1, 0, 0, 11, 10, 0, 1, 3, 0, 5, 4, 0, 1, 3, 0, 1, 0, 12, 4, 2, 5, 0, 0, 3, 0, 1, 0, 6, 1, 5, 3, 0, 1, 0, 2, 3, 5, 6, 0, 3, 0, 1, 2, 3, 1, 0, 4, 13, 1, 0, 0, 2, 3, 9, 0, 2, 0, 1, 3, 15, 9, 6, 0, 3, 1, 6, 3, 1, 4, 9, 5, 12, 5, 11, 7, 0, 10, 6, 12, 4, 10, 17, 2, 2, 0, 8, 10, 4, 4, 17, 5, 15, 9, 3, 16, 1, 1, 8, 13, 18, 7, 2, 6, 7, 5, 8, 15, 8, 15, 5, 4, 8, 10, 4, 12, 0, 6, 0, 3, 6, 11, 8, 13, 9, 4, 7, 7, 12, 4, 3, 11, 3, 14, 5, 8, 5, 11, 3, 10, 2, 0, 8, 1, 4, 3, 0, 3, 6, 8, 2, 10, 8, 0, 1, 12, 1, 1, 13, 0, 11, 15, 2, 2, 6, 15, 3, 5, 2, 16, 9, 12, 0, 6, 7, 9, 0, 6, 16, 6, 11, 8, 2, 0, 16, 1, 0, 2, 1, 3, 13, 8, 7, 12, 7, 10, 14, 0, 13, 4, 0, 14, 4, 12, 12, 4, 14, 14, 5, 2, 6, 12, 9, 2, 17, 10, 17, 9, 7, 15, 6, 6, 8, 5, 0, 11, 12, 4, 0, 10, 5, 17, 2, 10, 2, 11, 5, 7, 16, 7, 2, 11, 3, 8, 13, 9, 14, 7, 13, 18, 10, 9, 8, 3, 0, 4, 12, 5, 5, 6, 1, 8, 13, 11, 4, 16, 2, 10, 8, 0, 9, 1, 11, 4, 3, 7, 5, 2, 4, 13, 1, 2, 1, 0, 5, 2, 6, 5, 10, 7, 9, 16, 3, 9, 4, 3, 1, 3, 3, 9, 0, 11, 10, 7, 1, 11, 1, 13, 14, 2, 14, 11, 4, 6, 14, 5, 18, 4, 11, 12, 10, 13, 15, 15, 10, 10, 13, 15, 8, 14, 6, 0, 12, 0, 5, 0, 2, 17, 4, 15, 7, 10, 4, 15, 1, 17, 1, 2, 9, 12, 16, 1, 8, 12, 14, 13, 6, 5, 18, 3, 8, 11, 10, 9, 3, 1, 0, 16, 3, 1, 5, 5, 7, 9, 6, 2, 0, 10, 0, 4, 0, 18, 8, 4, 10, 17, 3, 1, 6, 2, 9, 12, 13, 17, 4, 9, 12, 8, 14, 0, 0, 5, 5, 5, 6, 16, 4, 13, 7, 3, 8, 8, 11, 8, 3, 6, 3, 6, 1, 6, 12, 12, 1, 17, 1, 12, 15, 9, 12, 2, 1, 11, 6, 4, 13, 4, 6, 1, 18, 0, 0, 9, 15, 5, 14, 7, 17, 7, 3, 0, 2, 7, 10, 6, 17, 11, 11, 6, 9, 13, 15, 10, 9, 17, 9, 14, 5, 15, 4, 1, 3, 0, 7, 15, 5, 16, 1, 9, 13, 0, 5, 7, 1, 5, 12, 16, 0, 16, 1, 2, 3, 8, 1, 14, 2, 0, 13, 11, 3, 4, 13, 5, 1, 10, 3, 11, 13, 2, 15, 15, 4, 12, 17, 1, 1, 13, 0, 17, 4, 1, 10, 11, 3, 8, 12, 4, 3, 3, 14, 0, 5, 8, 16, 12, 8, 7, 9, 6, 4, 1, 4, 12, 11, 7, 9, 7, 10, 6, 9, 11, 16, 11, 15, 2, 14, 4, 12, 2, 15, 13, 2, 5, 15, 17, 11, 6, 8, 14, 7, 17, 9, 13, 11, 10, 13, 11, 3, 7, 13, 5, 15, 0, 15, 17, 9, 15, 2, 14, 13, 1, 12, 10, 11, 10, 3, 0, 4, 1, 6, 0, 3, 0, 16, 4, 5, 13, 10, 11, 12, 4, 14, 3, 5, 0, 10, 10, 2, 13, 5, 8, 6, 0, 9, 6, 8, 12, 6, 9, 2, 7, 4, 0, 15, 8, 2, 7, 1, 13, 10, 11, 9, 2, 12, 11, 5, 18, 12, 5, 8, 3, 9, 4, 8, 1, 0, 16, 12, 3, 1, 0, 18, 4, 10, 17, 0, 12, 9, 11, 2, 13, 1, 18, 9, 8, 6, 2, 2, 4, 0, 0, 0, 14, 12, 10, 8, 10, 7, 2, 14, 3, 11, 4, 11, 14, 9, 9, 3, 3, 9, 13, 4, 6, 8, 17, 5, 13, 3, 6, 2, 13, 6, 1, 6, 12, 2, 16, 1, 14, 10, 16, 0, 6, 5, 2, 4, 4, 8, 9, 3, 0, 5, 0, 1, 14, 7, 13, 9, 8, 1, 4, 6, 6, 3, 1, 6, 17, 14, 2, 10, 7, 14, 8, 17, 16, 6, 10, 13, 14, 11, 13, 3, 10, 12, 10, 5, 11, 9, 1, 10, 17, 15, 3, 8, 7, 13, 1, 15, 11, 3, 16, 16, 4, 4, 0, 0, 5, 10, 3, 7, 17, 1, 11, 4, 0, 0, 4, 11, 11, 6, 8, 14, 4, 6, 13, 16, 12, 3, 13, 15, 7, 16, 0, 12, 4, 0, 6, 3, 14, 1, 0, 1, 3, 7, 12, 1, 12, 2, 14, 6, 6, 2, 5, 6, 7, 5, 5, 2, 5, 1, 15, 1, 14, 7, 3, 15, 3, 1, 10, 4, 12, 9, 9, 9, 8, 10, 9, 1, 10, 4, 5, 13, 1, 9, 11, 10, 6, 7, 8, 17, 5, 11, 5, 0, 11, 8, 10, 15, 4, 2, 0, 6, 11, 7, 2, 10, 9, 9, 4, 6, 0, 5, 6, 5, 7, 2, 8, 3, 1, 0, 6, 1, 9, 4, 8, 2, 14, 6, 15, 3, 3, 8, 8, 0, 11, 0, 5, 1, 1, 2, 3, 2, 6, 7, 12, 12, 1, 11, 3, 0, 0, 0, 15, 4, 0, 2, 8, 2, 12, 2, 3, 2, 0, 0, 4, 1, 11, 4, 3, 1, 7, 4, 4, 2, 9, 2, 5, 0, 5, 3, 0, 3, 2, 10, 1, 14, 2, 0, 4, 3, 1]
convergência = [18, 18, 18, 18, 18, 18, 18, 18, 18, 18, 18, 18, 18, 18, 18, 18, 18, 18, 18, 18, 18, 18, 18, 18, 18, 18, 18, 18, 18, 18, 18, 18, 18, 18, 18, 18, 18, 18, 18, 18, 18, 18, 18, 18, 18, 18, 18, 18, 18, 18, 18, 18, 18, 18, 18, 18, 18, 18, 18, 18, 18, 18, 18, 18, 18, 18, 18, 18, 18, 18, 18, 18, 18, 18, 18, 18, 18, 18, 18, 18, 18, 18, 18, 18, 18, 18, 18, 18, 18, 18, 18, 18, 18, 18, 18, 18, 18, 18, 18, 18, 18, 18, 18, 18, 18, 18, 18, 18, 18, 18, 18, 18, 18, 18, 18, 18, 18, 18, 18, 18, 18, 18, 18, 18]

===== FIM =====
