===== RESULTADO BRKGA L(2,1) =====
Arquivo: /Users/mateuspedrosa/Documents/TCC-II/BRKGA/data/NR_DIMACS_cleaned/keller6_clean.mtx

----- Execução #1 -----
[INFO] Time limit atingido: 15 minutos. Esgotado durante a inicialização da população.
Tempo de execução: 976261ms
Span (lambda): 3388
best_order = [1199, 764, 462, 323, 1127, 1314, 1011, 1275, 1763, 27, 2750, 1615, 2709, 1828, 1870, 454, 679, 2716, 1006, 932, 231, 1083, 933, 2372, 171, 2322, 2639, 1060, 2562, 545, 1486, 3051, 372, 2103, 526, 3085, 1710, 2937, 1641, 1990, 1824, 1148, 45, 3139, 1629, 3185, 2970, 2923, 2265, 272, 708, 2918, 2287, 444, 793, 3121, 2519, 2801, 1270, 1027, 234, 471, 2035, 1361, 2836, 262, 1741, 669, 1386, 1139, 1896, 811, 2789, 68, 2744, 401, 2886, 422, 9, 1502, 890, 3290, 950, 3341, 1877, 120, 1232, 1205, 1542, 2575, 3, 266, 1168, 601, 2522, 1765, 978, 2007, 2459, 2412, 590, 3018, 1266, 2774, 221, 2393, 2730, 2142, 7, 70, 558, 688, 1775, 2458, 1945, 1036, 958, 1051, 1120, 1521, 2911, 2328, 802, 991, 2986, 200, 692, 3016, 1340, 218, 1930, 2823, 219, 1387, 151, 2492, 3357, 2530, 700, 1698, 1665, 77, 397, 956, 1087, 877, 1810, 891, 2369, 52, 2892, 2661, 2766, 2803, 945, 1993, 1953, 2318, 3127, 2799, 973, 1466, 3138, 3021, 2351, 2098, 208, 840, 2884, 3088, 1316, 817, 2066, 1725, 720, 878, 2845, 1626, 240, 0, 1534, 876, 421, 2902, 1410, 1172, 1618, 2788, 1455, 1658, 2796, 618, 366, 2404, 3079, 311, 739, 1347, 2807, 1122, 2223, 909, 594, 3142, 1481, 2865, 818, 2878, 1866, 2274, 154, 915, 835, 463, 834, 2872, 1630, 3096, 2329, 408, 3143, 1983, 304, 2614, 92, 3026, 3156, 1898, 1659, 995, 2210, 3234, 498, 1111, 3000, 1915, 2432, 2449, 1389, 329, 2195, 1345, 1566, 2171, 427, 474, 2324, 2510, 1309, 407, 2188, 295, 134, 1371, 1220, 2727, 636, 489, 260, 1709, 2816, 2448, 880, 1393, 872, 560, 3005, 1431, 518, 3335, 2049, 404, 1770, 1064, 12, 2043, 980, 1867, 227, 1934, 613, 3236, 3105, 1614, 2683, 1597, 2370, 2811, 2469, 1370, 2191, 2012, 2630, 2422, 2361, 1904, 2403, 1472, 249, 809, 1165, 3279, 2778, 2460, 1288, 3159, 1048, 1997, 2224, 3048, 2258, 3314, 2057, 1013, 2812, 3167, 1194, 1519, 2651, 3178, 3035, 1382, 1520, 829, 3173, 2010, 1964, 716, 1753, 3262, 1968, 2084, 3313, 2877, 516, 2130, 904, 677, 2383, 1174, 566, 2548, 3222, 1518, 2427, 1833, 1043, 1883, 3069, 581, 1388, 2728, 2560, 1162, 3111, 1625, 2829, 486, 380, 1362, 2753, 3092, 2054, 1124, 2149, 2229, 2928, 2253, 2183, 1114, 1136, 2365, 2527, 940, 2052, 3356, 555, 744, 3188, 765, 441, 1123, 312, 2042, 664, 1975, 865, 1735, 2876, 538, 920, 1372, 1583, 1823, 1555, 3108, 595, 2227, 2273, 602, 74, 344, 831, 3189, 2996, 544, 1880, 1218, 202, 2445, 1068, 2437, 111, 3112, 2570, 1549, 2663, 1795, 693, 1766, 1003, 1919, 2696, 1918, 457, 220, 213, 1404, 3238, 1180, 2751, 95, 2640, 1644, 3284, 923, 2221, 3075, 1240, 1195, 2348, 2275, 138, 1871, 3349, 1973, 2633, 1456, 217, 3042, 1308, 442, 146, 2992, 1729, 3264, 2203, 2656, 1147, 795, 1038, 2088, 2847, 496, 387, 72, 1939, 44, 3263, 981, 1237, 754, 1093, 1813, 2786, 2279, 1688, 836, 2194, 2021, 1090, 1227, 2385, 3001, 144, 2347, 889, 3034, 391, 3320, 3107, 769, 3176, 320, 165, 98, 4, 1680, 561, 1176, 140, 612, 1639, 2837, 781, 2030, 2599, 2108, 874, 1018, 2406, 1814, 2800, 3190, 930, 1613, 620, 133, 3322, 2491, 250, 1593, 3246, 1253, 1088, 3258, 530, 1399, 1772, 2830, 1049, 1748, 2914, 2338, 1105, 2558, 897, 2577, 2122, 1512, 2704, 1405, 2132, 2360, 3179, 2452, 1946, 2026, 2165, 1487, 1564, 685, 2848, 61, 1841, 1020, 1617, 1109, 2692, 1612, 1377, 1338, 2311, 2825, 37, 2772, 2515, 3140, 3091, 2890, 348, 1151, 2572, 2160, 2288, 2645, 3184, 1009, 480, 2299, 861, 1383, 3202, 382, 1595, 398, 1689, 1535, 1315, 2248, 24, 2154, 1303, 406, 2008, 2014, 943, 912, 998, 1650, 3172, 621, 673, 1363, 522, 1099, 2428, 2498, 1297, 788, 2671, 3300, 2496, 900, 2259, 1245, 2871, 2056, 927, 2870, 2842, 2880, 2670, 635, 101, 3277, 775, 2373, 2048, 1141, 476, 30, 2971, 1458, 2104, 2601, 3325, 108, 2164, 1196, 327, 2242, 1764, 1601, 2320, 1994, 1673, 1600, 3010, 2421, 2178, 1523, 1794, 2477, 360, 2343, 135, 634, 2637, 2339, 824, 2355, 2552, 808, 1976, 468, 2276, 1944, 630, 2582, 3144, 432, 351, 1926, 2833, 1107, 1198, 2202, 2677, 2768, 2815, 3237, 2742, 331, 1478, 967, 1660, 1235, 1494, 569, 1552, 1951, 908, 3342, 2234, 3129, 2920, 833, 2612, 1225, 2375, 1888, 1648, 1291, 637, 722, 1884, 2839, 191, 2446, 719, 288, 2620, 1914, 1477, 2613, 1312, 611, 1008, 625, 3247, 1342, 2277, 3109, 403, 84, 233, 2945, 1715, 309, 758, 3276, 3338, 3286, 1565, 1485, 3225, 2571, 2342, 2220, 26, 779, 2198, 2756, 143, 3137, 3175, 1581, 336, 789, 224, 375, 2619, 1571, 2439, 3283, 2952, 2528, 1850, 1865, 1505, 3041, 875, 2643, 2478, 2962, 1959, 2325, 542, 349, 1352, 963, 2418, 2024, 1391, 683, 2732, 2438, 2921, 361, 2493, 1585, 1411, 1044, 2097, 2977, 1102, 1169, 903, 1851, 643, 196, 1545, 23, 786, 1780, 648, 660, 2121, 989, 1104, 832, 1369, 2378, 458, 483, 1014, 1675, 959, 1103, 757, 2241, 1727, 1925, 2402, 2172, 763, 3049, 1353, 1531, 2623, 1853, 1449, 244, 1183, 1575, 1047, 198, 1757, 2153, 1222, 2341, 484, 2395, 3135, 3215, 919, 3030, 2363, 2166, 2472, 2916, 1186, 2503, 259, 2117, 99, 1667, 11, 124, 2817, 2442, 1313, 1768, 1501, 1298, 341, 946, 15, 3116, 275, 1483, 1548, 264, 1464, 830, 1792, 461, 3226, 1647, 2207, 3160, 1085, 1050, 557, 3260, 1211, 420, 2838, 2400, 110, 2033, 971, 2250, 19, 1052, 999, 2091, 911, 3294, 2988, 888, 1498, 1293, 2407, 2631, 2907, 3244, 2881, 591, 952, 2019, 849, 593, 330, 2420, 3333, 1594, 3058, 1066, 2669, 1332, 907, 371, 2518, 245, 3331, 335, 1878, 1321, 1933, 2158, 631, 1158, 2707, 16, 619, 2371, 2697, 667, 706, 2201, 1089, 3020, 608, 2738, 2380, 609, 3033, 1848, 2882, 2598, 325, 1699, 1920, 1427, 2737, 2161, 2175, 2169, 2874, 130, 3303, 328, 2430, 2190, 3220, 2260, 2440, 1215, 1035, 997, 2543, 1263, 2752, 89, 2067, 2294, 3346, 2602, 1201, 1829, 606, 1137, 257, 1406, 1540, 2605, 838, 487, 1786, 1672, 150, 2291, 723, 440, 1955, 2331, 2218, 931, 1257, 1576, 1789, 3287, 1146, 1952, 3280, 35, 10, 1589, 3315, 1077, 3072, 2471, 3297, 523, 747, 385, 1324, 147, 1812, 3077, 3027, 567, 2425, 2152, 2967, 2290, 365, 2397, 2064, 1879, 2125, 103, 1820, 1580, 1296, 2065, 1732, 760, 1469, 3056, 2864, 2374, 852, 883, 1482, 1091, 1465, 88, 1758, 672, 2682, 3153, 662, 2359, 1061, 2302, 3067, 2490, 3013, 1728, 436, 2386, 3158, 2908, 2559, 285, 318, 2771, 2647, 1969, 1970, 2429, 1664, 1671, 2662, 937, 1178, 632, 703, 1053, 1373, 1408, 2317, 2106, 450, 93, 1192, 1295, 893, 2626, 3242, 2618, 2354, 1343, 2784, 2162, 1999, 475, 1247, 3270, 1251, 2405, 910, 1001, 1443, 1690, 2063, 1134, 1479, 87, 1219, 3199, 1475, 504, 585, 188, 1713, 790, 556, 2532, 1132, 239, 2499, 2776, 3296, 1788, 1460, 918, 1259, 1819, 3348, 460, 884, 2990, 1292, 2858, 2147, 1873, 2105, 1025, 1899, 2987, 156, 1256, 1602, 1547, 1448, 1310, 3006, 113, 177, 1637, 2658, 438, 3235, 1627, 1081, 2114, 2758, 2889, 584, 726, 2591, 2555, 2473, 1057, 2939, 459, 2533, 2681, 1551, 189, 1515, 1015, 985, 1279, 807, 1811, 968, 1737, 2244, 1578, 1273, 1152, 235, 232, 644, 714, 540, 823, 1428, 1016, 2617, 59, 1384, 860, 2231, 2045, 36, 1113, 2094, 1982, 2174, 2293, 1923, 2436, 2037, 58, 1684, 48, 2032, 426, 1767, 3272, 3002, 3265, 2961, 2206, 735, 2660, 345, 848, 43, 1668, 1233, 2904, 3230, 1857, 94, 2561, 1216, 1696, 2508, 1154, 2743, 3168, 280, 46, 1242, 2606, 158, 2319, 2857, 1977, 596, 2863, 3243, 3240, 1002, 2539, 1941, 3327, 663, 3083, 2467, 1546, 766, 2137, 1437, 580, 2706, 2646, 246, 2583, 3250, 3061, 2090, 1488, 3197, 511, 1374, 1356, 3228, 1276, 801, 2270, 443, 197, 2700, 1711, 2474, 1528, 579, 2085, 2975, 2263, 1718, 2998, 2417, 1642, 624, 1805, 86, 3358, 2487, 1277, 2654, 2517, 768, 2176, 2698, 921, 697, 1911, 2740, 2251, 3323, 862, 1554, 638, 841, 1793, 3130, 307, 393, 2305, 1935, 2946, 2364, 2584, 21, 1965, 2228, 3207, 2989, 447, 505, 316, 1153, 1226, 3233, 711, 3117, 2136, 536, 343, 1329, 2209, 2074, 960, 2922, 2217, 987, 2936, 2736, 3008, 1290, 2377, 2456, 3059, 1556, 1000, 1796, 1439, 267, 324, 926, 2326, 299, 2553, 816, 3086, 1322, 3076, 2501, 879, 885, 2046, 694, 1131, 721, 2292, 1058, 1666, 2148, 1852, 2450, 2313, 2556, 3014, 2715, 2215, 270, 1567, 1451, 1889, 686, 1572, 3217, 377, 1396, 2650, 651, 1097, 2488, 2595, 2919, 3328, 742, 2050, 3200, 1681, 1607, 2197, 1445, 800, 2798, 119, 2384, 641, 928, 944, 2536, 3334, 415, 3065, 1886, 2959, 1620, 414, 3164, 2113, 1599, 1971, 2204, 453, 2596, 574, 2039, 2092, 2184, 1716, 1385, 896, 582, 268, 572, 1608, 2739, 1862, 1175, 1492, 1511, 2181, 2568, 2754, 1075, 1931, 691, 3093, 2672, 274, 2689, 3324, 772, 1416, 306, 395, 2163, 1834, 3114, 1440, 1691, 1676, 2239, 2443, 541, 2994, 1311, 2173, 1598, 2588, 1419, 1301, 3227, 3170, 695, 855, 3345, 1958, 164, 212, 570, 1809, 1938, 2690, 1623, 826, 2541, 14, 1998, 3154, 1981, 682, 977, 2295, 573, 1837, 1289, 2985, 399, 2119, 2282, 547, 953, 1283, 658, 670, 2083, 1474, 586, 216, 1476, 2956, 2849, 2225, 1503, 3214, 2179, 1817, 51, 736, 359, 1840, 1095, 1995, 3219, 1538, 2804, 633, 2230, 2269, 589, 1412, 1108, 2731, 787, 3271, 2873, 1496, 2211, 913, 2150, 886, 3103, 1731, 2134, 1881, 1336, 988, 1078, 416, 513, 2157, 2600, 2086, 2724, 2818, 2413, 822, 2506, 955, 503, 2123, 3295, 2391, 2465, 1916, 1238, 261, 2481, 3078, 1400, 2483, 3266, 1799, 1514, 1221, 1885, 2004, 201, 1457, 3004, 2285, 1173, 2573, 80, 2124, 2713, 659, 131, 2058, 2930, 2888, 1217, 2684, 1414, 3012, 1591, 2948, 125, 2808, 1056, 780, 2082, 762, 430, 2783, 1902, 1980, 701, 687, 199, 1773, 254, 805, 2267, 563, 1586, 2547, 342, 1559, 2296, 292, 3046, 2461, 55, 2668, 524, 2186, 2729, 2434, 2755, 2924, 3332, 1781, 1927, 2399, 1354, 1229, 1892, 1967, 2566, 2947, 2667, 166, 2257, 2891, 2327, 3080, 229, 2256, 515, 1149, 1822, 3082, 2844, 2255, 1413, 535, 1207, 2334, 1041, 2486, 1662, 428, 1798, 2757, 3095, 550, 1230, 1424, 1067, 137, 2093, 1203, 42, 2997, 962, 1042, 745, 2995, 2382, 2409, 1863, 347, 1730, 2843, 3157, 2831, 2308, 894, 1928, 792, 3319, 837, 3316, 2717, 2965, 1228, 1986, 100, 859, 2853, 1364, 1268, 3007, 1248, 2118, 85, 2451, 929, 3204, 2563, 1832, 1317, 73, 646, 178, 276, 2107, 2333, 1326, 1568, 1032, 969, 1323, 895, 192, 132, 1705, 40, 236, 3115, 990, 607, 1115, 28, 2511, 1985, 1010, 3039, 1157, 2868, 1747, 2586, 1349, 1459, 2657, 1979, 2720, 1140, 1756, 2592, 2055, 1468, 2943, 842, 2607, 2423, 519, 806, 899, 2080, 2038, 2337, 2344, 3344, 3090, 1957, 3171, 1750, 1426, 168, 3340, 1397, 710, 975, 1943, 1504, 661, 214, 497, 812, 38, 20, 2867, 1940, 1720, 906, 3289, 656, 3100, 1573, 2041, 783, 2635, 118, 1802, 186, 3089, 8, 2523, 2379, 410, 2245, 2470, 2929, 785, 1603, 1974, 105, 753, 1265, 1145, 1170, 411, 160, 2110, 3064, 3278, 1807, 731, 588, 1117, 439, 2954, 2942, 2156, 2802, 237, 1156, 2603, 2585, 128, 1989, 1143, 226, 215, 1367, 2167, 1214, 446, 689, 604, 1307, 2358, 2135, 1526, 730, 2353, 1954, 2447, 970, 2960, 352, 617, 741, 1787, 3106, 3062, 1381, 187, 1929, 1126, 109, 79, 1960, 717, 715, 2468, 759, 1553, 1894, 1415, 2332, 3070, 1034, 576, 2505, 2534, 3047, 2794, 1422, 6, 1582, 1331, 996, 273, 1337, 2797, 3254, 142, 1539, 2431, 469, 2540, 863, 62, 210, 986, 2143, 680, 370, 1098, 2791, 2059, 3055, 493, 825, 1783, 153, 394, 286, 1441, 3321, 3038, 2444, 122, 3122, 1712, 645, 76, 3094, 465, 2387, 2252, 2955, 91, 3150, 18, 1425, 654, 1062, 942, 1701, 2462, 1106, 1304, 172, 2978, 155, 301, 2968, 148, 452, 857, 776, 1901, 381, 3151, 797, 1978, 1609, 456, 2622, 96, 63, 409, 1351, 1135, 2869, 3330, 2336, 2885, 2216, 1182, 2734, 1522, 1895, 159, 1835, 3351, 2785, 592, 1722, 1380, 3015, 2841, 346, 1508, 746, 2521, 1682, 255, 383, 2099, 1510, 1379, 528, 2002, 1855, 1423, 1206, 1223, 54, 1893, 3110, 1209, 851, 464, 337, 384, 782, 2323, 3261, 477, 2749, 1785, 1574, 2312, 914, 1906, 472, 1936, 665, 2013, 3288, 2535, 2350, 1611, 2762, 1358, 1541, 3066, 3084, 507, 2061, 3155, 935, 1185, 287, 2214, 1110, 2, 2466, 2310, 1864, 2155, 2435, 141, 1558, 2298, 300, 1200, 3293, 1092, 1912, 3306, 2062, 500, 1150, 1325, 655, 243, 1661, 3134, 707, 2261, 2896, 3248, 412, 2381, 2855, 367, 5, 1395, 2609, 3209, 3273, 2537, 162, 1029, 308, 2526, 451, 121, 1026, 3311, 3309, 116, 1453, 1155, 485, 1299, 1778, 3022, 1869, 2139, 2087, 2081, 1005, 2862, 1262, 1984, 510, 492, 106, 2773, 1743, 2272, 1956, 2679, 2388, 938, 400, 2479, 1484, 386, 2138, 2053, 690, 467, 2957, 1588, 2017, 169, 1274, 2824, 183, 2984, 1759, 2912, 69, 203, 1197, 2790, 548, 90, 1992, 627, 965, 1845, 1537, 117, 3205, 1072, 3221, 1604, 1596, 129, 1059, 1368, 1, 60, 1080, 699, 1577, 1891, 3343, 1030, 1040, 3037, 1167, 1118, 2859, 1703, 873, 2745, 340, 2112, 798, 954, 640, 152, 3318, 2006, 1860, 738, 520, 2828, 3274, 2376, 2232, 676, 551, 3350, 2958, 2805, 1409, 3060, 2289, 916, 750, 1407, 482, 1804, 866, 2192, 2655, 3269, 1188, 709, 1645, 537, 1300, 868, 2953, 2725, 494, 653, 1306, 2475, 338, 2969, 2910, 241, 2850, 179, 1202, 1294, 2304, 2410, 1499, 3044, 2100, 2454, 1755, 2314, 1972, 429, 2516, 1790, 1697, 2071, 2502, 2297, 1045, 1724, 75, 1264, 1652, 1402, 2701, 2770, 3186, 1054, 1320, 2180, 1491, 979, 657, 1694, 1636, 2000, 163, 597, 1493, 3182, 1988, 751, 1234, 2909, 1808, 373, 2581, 2390, 501, 3206, 1838, 1738, 3285, 1622, 2500, 2003, 1434, 1261, 3194, 2719, 674, 1446, 64, 2712, 66, 2933, 984, 392, 3195, 2711, 3036, 1187, 193, 1028, 1663, 2926, 1826, 3232, 3003, 1444, 1191, 2695, 2075, 2144, 488, 1133, 2268, 1816, 2821, 1305, 3291, 1524, 1830, 1655, 1239, 847, 1096, 423, 3183, 390, 2913, 3310, 279, 1164, 702, 2031, 252, 1212, 3218, 2525, 13, 3216, 2856, 1208, 2659, 1470, 1723, 2674, 539, 2497, 925, 1021, 2735, 922, 1861, 983, 2235, 784, 799, 813, 2705, 1887, 1592, 2686, 1844, 3050, 898, 434, 473, 1714, 1754, 1950, 3355, 827, 1831, 3081, 771, 195, 3259, 1634, 222, 1903, 481, 1657, 271, 1550, 251, 50, 2398, 314, 1803, 1924, 3163, 2703, 603, 1463, 2128, 2316, 934, 853, 2973, 2524, 2396, 2710, 2899, 1762, 2906, 2733, 405, 3145, 1677, 3239, 2482, 3305, 290, 1452, 869, 3132, 3301, 1302, 2820, 3212, 2027, 149, 2840, 2925, 1619, 2610, 1094, 773, 107, 2549, 2028, 413, 815, 1605, 1318, 610, 2542, 53, 3031, 993, 2567, 2941, 466, 642, 374, 629, 1557, 317, 2780, 2718, 2140, 1769, 2280, 1344, 97, 1587, 1378, 514, 2141, 1236, 3054, 939, 173, 3073, 1190, 1249, 1874, 2691, 1695, 1461, 1579, 3213, 123, 2993, 2767, 1876, 3045, 1017, 1717, 1101, 2349, 992, 115, 167, 369, 941, 2133, 1533, 1949, 698, 2480, 1740, 2246, 3148, 3102, 1875, 2569, 2389, 3308, 499, 1987, 3141, 2673, 1244, 1507, 3162, 356, 2846, 1962, 2367, 1947, 126, 972, 315, 2819, 2485, 2189, 2611, 2597, 2641, 2887, 2894, 449, 936, 491, 2219, 263, 704, 396, 2979, 2330, 3360, 2963, 2346, 3298, 1825, 1119, 2335, 1736, 1023, 3223, 1678, 2362, 2077, 3043, 2590, 777, 639, 1561, 3329, 258, 2070, 2741, 2321, 425, 1260, 1473, 57, 678, 355, 2011, 3299, 1704, 1360, 302, 78, 1616, 901, 1258, 605, 2520, 1932, 3126, 554, 2851, 1858, 1961, 3267, 419, 2964, 379, 974, 743, 104, 2644, 2895, 2392, 2283, 3125, 1921, 354, 470, 291, 1702, 1024, 819, 2286, 3133, 2168, 2426, 1179, 2594, 3120, 1161, 2615, 114, 3191, 2095, 1280, 2627, 1746, 1516, 527, 402, 376, 1693, 2352, 2777, 2266, 2205, 282, 1346, 3165, 281, 2016, 3253, 2022, 1621, 1037, 1193, 2419, 176, 326, 2249, 2932, 2747, 2649, 34, 3198, 1726, 3009, 2145, 2545, 238, 533, 418, 1039, 2604, 2208, 1922, 319, 2900, 2514, 867, 1827, 924, 647, 437, 748, 951, 1271, 1649, 1070, 82, 1421, 2357, 2309, 2917, 2300, 1749, 1640, 3302, 1069, 964, 1462, 2170, 1854, 3177, 305, 495, 1842, 1872, 1495, 568, 1529, 2775, 2544, 182, 3152, 2068, 2069, 1213, 3275, 623, 902, 1327, 737, 821, 600, 190, 2624, 2044, 2576, 170, 3040, 2665, 949, 843, 2345, 2018, 2237, 2489, 1610, 870, 532, 2781, 2453, 2950, 3029, 1721, 1319, 1255, 1517, 1184, 389, 1159, 1563, 2680, 1489, 1055, 2020, 2579, 1506, 2193, 3097, 2966, 864, 994, 3192, 3282, 1418, 333, 3028, 966, 2726, 2826, 3123, 1779, 2414, 2531, 2934, 157, 1606, 431, 211, 2126, 1357, 1683, 1454, 2284, 3255, 313, 1818, 2723, 2761, 1467, 204, 552, 650, 388, 1890, 905, 577, 1121, 49, 1942, 1100, 3352, 881, 2127, 3359, 1112, 2629, 2222, 2676, 1365, 47, 1420, 2060, 1079, 1074, 2040, 41, 1341, 2433, 1286, 2177, 478, 1849, 298, 2009, 2457, 1031, 39, 1177, 248, 1348, 2476, 2949, 1527, 1633, 828, 1996, 1394, 2023, 2587, 2675, 1530, 1447, 3023, 31, 1012, 2187, 136, 2793, 3025, 1536, 185, 2764, 3053, 3166, 2315, 479, 2938, 2972, 892, 2455, 2574, 1905, 728, 2685, 1432, 71, 616, 2464, 2931, 755, 3307, 2903, 296, 2557, 1917, 2809, 1433, 2699, 2504, 175, 2109, 2509, 1490, 2416, 2860, 1525, 2264, 2621, 1063, 1839, 681, 112, 615, 761, 564, 1142, 297, 3208, 846, 127, 3113, 1084, 2722, 791, 2999, 65, 3131, 3063, 531, 1708, 1937, 1500, 3071, 559, 2551, 2101, 3180, 2769, 2494, 525, 850, 1744, 2827, 2051, 2306, 2212, 33, 322, 2721, 2578, 671, 2976, 455, 2356, 2616, 3312, 3224, 1204, 205, 649, 2787, 1375, 2115, 2073, 2238, 1366, 1963, 1224, 294, 2120, 293, 2307, 194, 3317, 3201, 1771, 1806, 2693, 310, 1651, 1966, 1653, 247, 854, 83, 1821, 3187, 2648, 1046, 3099, 228, 652, 839, 256, 1007, 2782, 1739, 725, 1252, 575, 278, 599, 529, 684, 543, 417, 1330, 1269, 1333, 2072, 2116, 3019, 225, 1243, 871, 2763, 718, 1450, 1846, 253, 2546, 368, 733, 1859, 1254, 2368, 767, 2303, 2981, 2415, 2512, 1281, 614, 2927, 2001, 2708, 2076, 2940, 796, 668, 2905, 277, 587, 740, 1742, 433, 3181, 2146, 2795, 1632, 2893, 102, 2608, 378, 283, 3146, 2636, 2861, 1656, 858, 1287, 2484, 2036, 1282, 81, 3169, 2974, 1082, 2281, 22, 1646, 2638, 1019, 1815, 2834, 2529, 3251, 917, 25, 1480, 976, 265, 3119, 2589, 2271, 29, 565, 1116, 1631, 727, 1442, 2915, 2254, 2702, 1328, 209, 512, 1335, 1417, 2182, 1685, 67, 1570, 712, 2983, 2102, 882, 3268, 506, 284, 1777, 774, 2714, 2765, 517, 2625, 2463, 242, 814, 3241, 1776, 3017, 3347, 1278, 17, 2879, 3052, 3032, 1435, 3196, 1138, 1267, 2628, 2634, 2401, 696, 1076, 3229, 3249, 358, 2632, 947, 3256, 1128, 2897, 2151, 3101, 1882, 1734, 628, 1797, 948, 2653, 1350, 1751, 3087, 1241, 3336, 2951, 562, 2340, 578, 145, 3149, 1071, 2832, 2424, 1638, 957, 1847, 1707, 752, 2078, 3210, 724, 1635, 2005, 3326, 1246, 2411, 626, 1073, 321, 1334, 362, 1791, 1250, 2366, 3337, 2196, 1909, 2935, 845, 332, 1674, 1913, 1376, 1760, 2441, 1390, 2554, 1907, 1438, 844, 339, 1584, 3024, 705, 2034, 3098, 1590, 206, 2200, 445, 3353, 1752, 223, 3128, 1339, 749, 1436, 2243, 1670, 1359, 2980, 3011, 3252, 1065, 1033, 334, 810, 3136, 1782, 961, 553, 448, 713, 3339, 1843, 161, 350, 820, 2813, 2822, 622, 1868, 1171, 1560, 502, 770, 756, 732, 1562, 2875, 2131, 2642, 3211, 3354, 289, 1745, 2394, 1761, 2507, 1669, 2236, 534, 675, 180, 2694, 2746, 3057, 1686, 804, 3174, 2565, 549, 1800, 2129, 1991, 2096, 32, 1272, 2748, 794, 2866, 509, 2806, 357, 2185, 2233, 521, 2593, 734, 2688, 2666, 2278, 139, 1210, 3292, 3245, 1471, 1004, 230, 1129, 1125, 803, 1392, 1181, 887, 1189, 1144, 2199, 1628, 1284, 1543, 1801, 546, 1497, 583, 3257, 3147, 1900, 353, 1856, 1513, 3118, 1166, 2678, 174, 2898, 1130, 2301, 2991, 1430, 2240, 2025, 1285, 598, 207, 1429, 56, 435, 2664, 490, 2079, 2159, 1163, 2564, 1897, 1160, 1687, 1643, 2687, 666, 778, 2759, 3281, 729, 1654, 508, 2089, 1022, 2111, 303, 1509, 2760, 2652, 1700, 1086, 2814, 3231, 1624, 3304, 2513, 2854, 2029, 364, 1948, 3068, 1774, 2835, 1908, 2495, 1231, 2213, 3124, 1836, 2982, 2047, 269, 1784, 2944, 1569, 2810, 1401, 3074, 1532, 424, 1403, 3161, 1719, 363, 2901, 571, 2408, 1355, 856, 2792, 1733, 1679, 2538, 1398, 3203, 982, 2883, 181, 3193, 2247, 184, 2262, 2779, 2550, 2015, 2852, 1910, 1692, 2580, 1706, 3104, 2226, 1544]
labeling = [196, 2166, 2060, 112, 516, 2087, 1859, 111, 1826, 100, 764, 845, 304, 2290, 1509, 879, 920, 3081, 1822, 905, 1770, 1348, 2924, 815, 609, 3041, 705, 15, 1771, 3050, 660, 2815, 3243, 2914, 2647, 1021, 1182, 515, 1812, 2795, 1627, 2781, 1706, 1210, 426, 60, 1172, 2730, 1226, 2732, 2292, 1535, 173, 2442, 2022, 1589, 3305, 2562, 1208, 1209, 2168, 558, 1857, 1987, 2251, 2843, 2297, 3016, 93, 2143, 138, 2842, 485, 1749, 229, 2213, 1939, 164, 2550, 1890, 1385, 3030, 2660, 2941, 743, 1739, 1308, 1109, 1061, 989, 2147, 1947, 251, 1020, 1247, 407, 1986, 2466, 514, 769, 1708, 652, 3013, 1049, 2588, 1837, 2117, 2413, 578, 1888, 901, 435, 2852, 1066, 2561, 2492, 2101, 2152, 1824, 1428, 105, 2099, 1932, 2425, 871, 1624, 2517, 2817, 1813, 2162, 975, 1606, 1740, 541, 278, 679, 2818, 1702, 468, 3254, 522, 1959, 1889, 765, 502, 3121, 457, 1032, 1966, 2424, 910, 145, 2148, 1927, 236, 1879, 1163, 2744, 1262, 2002, 1825, 3194, 2086, 2260, 1471, 512, 1643, 2493, 1761, 2137, 2703, 40, 1960, 2475, 3299, 2814, 2639, 1171, 1751, 2222, 3148, 3195, 2685, 2139, 3383, 2826, 1447, 1884, 1130, 1135, 2696, 725, 1762, 2231, 2926, 2369, 814, 1254, 767, 1638, 149, 1600, 389, 2144, 2704, 2888, 3169, 3185, 81, 3060, 1916, 2757, 1501, 449, 1750, 1786, 1534, 478, 101, 113, 448, 130, 2374, 3163, 768, 2878, 1862, 252, 2948, 1623, 3267, 31, 1156, 745, 74, 1206, 1764, 1856, 2609, 1138, 165, 2167, 3043, 1861, 733, 936, 1174, 2940, 2799, 223, 511, 2342, 2335, 2973, 1642, 2012, 2819, 998, 2551, 825, 193, 1590, 84, 2530, 881, 3020, 114, 1383, 1164, 3350, 1391, 2322, 66, 1898, 1468, 744, 1716, 3001, 2956, 2327, 1258, 2631, 2626, 3017, 3036, 1081, 1931, 2056, 732, 3134, 2410, 2598, 1654, 2932, 2931, 239, 2855, 2879, 2746, 1386, 2023, 1964, 2526, 3326, 237, 2590, 1472, 1336, 1988, 678, 2854, 176, 406, 2766, 2276, 2165, 1357, 2402, 1082, 2597, 503, 3133, 2916, 6, 1337, 968, 2607, 627, 892, 221, 914, 706, 3149, 2745, 3184, 945, 766, 2030, 2230, 3082, 2126, 856, 1650, 1240, 413, 1241, 1937, 1713, 588, 792, 3196, 697, 1876, 3291, 2596, 2566, 2431, 3249, 3098, 1542, 677, 804, 3087, 3362, 3334, 994, 183, 2080, 2962, 2445, 1922, 943, 49, 2275, 2451, 746, 2582, 1411, 2951, 2584, 388, 1976, 600, 2014, 2032, 1028, 2131, 483, 2763, 2724, 2302, 508, 2303, 1338, 1929, 1474, 2532, 166, 598, 1441, 2127, 96, 2622, 739, 300, 2387, 613, 276, 245, 1989, 1831, 1844, 2081, 2434, 1440, 1435, 1573, 2963, 2621, 2581, 899, 151, 95, 2321, 3361, 2559, 1228, 268, 1696, 2173, 1634, 2567, 698, 3007, 2281, 3300, 999, 2638, 1175, 1840, 997, 404, 463, 1289, 73, 3168, 1868, 1353, 3192, 2527, 1095, 2055, 1968, 1446, 26, 2868, 1963, 387, 826, 1189, 1142, 854, 4, 240, 1961, 1934, 2411, 2013, 687, 1908, 2476, 80, 2042, 2363, 269, 1115, 658, 2025, 2765, 2834, 572, 2378, 2187, 828, 855, 2103, 386, 959, 2311, 215, 3264, 2529, 2115, 1900, 2225, 2579, 477, 1699, 213, 2505, 2070, 2280, 3206, 1493, 1127, 1355, 3073, 2043, 3320, 3183, 2113, 1267, 3018, 1575, 2469, 1680, 350, 3074, 295, 1791, 2194, 3251, 626, 1026, 1658, 2860, 5, 2620, 2016, 2959, 544, 2892, 2677, 2510, 3227, 1688, 1327, 2217, 374, 2341, 1097, 1483, 791, 2961, 418, 45, 3285, 1525, 2145, 3233, 1543, 2203, 2734, 3190, 2578, 382, 1136, 882, 115, 2750, 185, 520, 3089, 1646, 2873, 3052, 373, 1038, 2675, 714, 1463, 3367, 1459, 1517, 1356, 2957, 1901, 2774, 3118, 1294, 1277, 332, 1457, 3287, 1128, 1129, 1473, 2953, 1851, 1550, 7, 912, 1883, 929, 222, 421, 1170, 2269, 3250, 2849, 2694, 118, 425, 2386, 1870, 2548, 928, 1767, 962, 961, 2435, 695, 523, 281, 2990, 2876, 2844, 1878, 209, 930, 539, 622, 3191, 2690, 1304, 740, 3110, 2091, 3105, 2452, 692, 951, 1096, 1544, 680, 596, 284, 624, 1328, 2508, 2186, 1431, 2450, 775, 1188, 1938, 1697, 2661, 797, 2923, 2691, 1413, 2950, 2226, 1951, 2015, 1726, 2263, 1528, 1553, 818, 1687, 1069, 1246, 408, 2044, 3230, 952, 2999, 86, 1530, 2882, 1065, 623, 2206, 3228, 2202, 279, 2564, 28, 1920, 2874, 1484, 798, 2960, 571, 1325, 1636, 46, 1766, 2041, 1465, 152, 439, 1314, 1432, 3072, 1320, 2437, 2146, 109, 1615, 2331, 1098, 2528, 3165, 938, 2075, 68, 2181, 1808, 1361, 3066, 3176, 1190, 1893, 358, 1892, 2958, 653, 191, 1398, 636, 1007, 3085, 2954, 1154, 3056, 2835, 3256, 1838, 1701, 3211, 2977, 3255, 1237, 1540, 2587, 2102, 178, 3003, 1782, 1419, 2586, 283, 1709, 1738, 1012, 2629, 3175, 2153, 2220, 3104, 1807, 489, 2850, 3209, 545, 715, 1850, 988, 2773, 1632, 840, 2, 372, 1261, 2985, 1315, 509, 3208, 2270, 1397, 2432, 2997, 484, 1972, 2447, 3316, 759, 1628, 467, 2034, 1821, 2288, 1827, 795, 1554, 631, 754, 1134, 2825, 1723, 75, 3247, 303, 2998, 1980, 2138, 2351, 1303, 1287, 148, 3266, 3231, 1644, 1793, 1196, 681, 329, 3150, 92, 1651, 2353, 3077, 2436, 1390, 131, 228, 2601, 3198, 2692, 1583, 1207, 683, 1894, 1500, 2360, 2805, 208, 880, 427, 822, 724, 210, 172, 378, 1625, 1001, 2895, 170, 1330, 1785, 2707, 3162, 3055, 2883, 2319, 1022, 927, 2908, 2028, 1060, 2392, 2884, 1498, 3370, 1970, 3024, 1733, 1213, 513, 1324, 1915, 2708, 289, 2169, 2632, 2029, 2391, 2713, 2949, 291, 2180, 529, 783, 200, 158, 192, 1329, 290, 2780, 3071, 1048, 1153, 1242, 1566, 3273, 915, 504, 102, 169, 2836, 1099, 1721, 1760, 1331, 530, 2361, 1795, 637, 2575, 2563, 810, 355, 2772, 1819, 941, 716, 220, 1118, 909, 616, 1564, 2040, 238, 2140, 2976, 1145, 859, 414, 1319, 2334, 458, 2659, 2229, 1384, 647, 1433, 1741, 535, 1011, 34, 23, 2390, 1965, 2516, 1074, 2125, 2473, 285, 2491, 1836, 617, 1387, 179, 878, 3004, 3109, 2474, 104, 2634, 923, 1482, 2184, 1585, 91, 3126, 144, 813, 1162, 3078, 1645, 793, 2595, 2149, 2749, 576, 1197, 1758, 1874, 823, 2519, 184, 2572, 1647, 3042, 1445, 122, 2261, 261, 305, 3377, 2347, 2301, 1178, 1917, 1288, 1533, 659, 1605, 59, 2480, 2446, 2741, 256, 1811, 985, 610, 898, 1286, 1114, 1227, 443, 3265, 2005, 32, 2790, 738, 528, 1759, 10, 2816, 275, 830, 1193, 1131, 2375, 486, 3037, 543, 2343, 3272, 2518, 2552, 1117, 2039, 12, 2104, 2098, 2172, 2794, 1756, 3172, 1899, 940, 129, 2467, 459, 2602, 2011, 1664, 1707, 381, 807, 2247, 2929, 850, 339, 549, 893, 141, 888, 1100, 2218, 2733, 1626, 1185, 1318, 2114, 33, 1073, 1953, 2872, 267, 3138, 902, 1607, 422, 2676, 2558, 3108, 2156, 3091, 2788, 1458, 3092, 1023, 1434, 2758, 2163, 974, 3010, 36, 2885, 877, 3304, 161, 542, 958, 501, 1053, 2066, 469, 2430, 1524, 2312, 1358, 1875, 628, 2776, 2465, 808, 811, 809, 553, 1958, 601, 1516, 577, 1981, 219, 2712, 1217, 301, 1769, 3051, 1792, 2136, 2539, 146, 2640, 147, 393, 392, 3269, 1830, 8, 3099, 3262, 3290, 1396, 1137, 2313, 1124, 1993, 396, 996, 3088, 88, 1710, 589, 2877, 1843, 3275, 1841, 1015, 405, 9, 1572, 2067, 524, 1205, 1359, 1253, 1990, 1631, 1768, 953, 2725, 3310, 2610, 370, 3309, 2329, 319, 3297, 2176, 116, 686, 1842, 3140, 205, 1599, 371, 1462, 488, 2797, 1094, 2585, 416, 3271, 2000, 614, 2695, 2054, 817, 2204, 2082, 3268, 2477, 2279, 1106, 2637, 340, 432, 657, 2128, 676, 0, 2017, 995, 2185, 1601, 2798, 57, 1873, 1637, 2328, 2026, 3263, 897, 2227, 2679, 1855, 984, 1148, 1614, 359, 1101, 280, 1598, 853, 1952, 2930, 726, 1360, 465, 1729, 1545, 1700, 3343, 108, 1245, 2274, 710, 2409, 447, 1539, 2262, 464, 2982, 1198, 2875, 2470, 641, 2993, 1103, 1655, 2479, 3139, 1116, 2955, 450, 2981, 2722, 1165, 981, 2478, 1147, 2504, 2246, 2097, 983, 2171, 1839, 128, 3090, 1657, 2964, 27, 2627, 3245, 1203, 2069, 11, 1216, 1311, 3075, 1194, 2593, 2974, 3027, 1526, 3281, 3288, 2789, 3000, 335, 1521, 1377, 713, 1155, 917, 2112, 1088, 1039, 591, 876, 2057, 2219, 1492, 2416, 606, 1865, 2238, 2201, 1863, 444, 274, 1169, 1420, 737, 829, 1, 605, 79, 1747, 2438, 2721, 2256, 924, 1392, 1551, 1030, 2071, 1746, 2684, 2991, 1365, 2965, 1603, 939, 2966, 3135, 2845, 1571, 1877, 583, 3002, 117, 2686, 691, 1029, 2330, 262, 2628, 214, 2800, 1681, 3113, 1991, 778, 842, 1663, 3368, 1204, 2759, 1923, 3182, 2571, 48, 299, 625, 1737, 2775, 2723, 1864, 2164, 824, 318, 270, 395, 1027, 1276, 2927, 3154, 556, 2468, 1992, 1957, 1683, 277, 597, 1211, 1455, 87, 137, 383, 235, 3158, 796, 3157, 263, 2807, 2088, 1339, 1806, 3373, 546, 1594, 3358, 2250, 3363, 451, 538, 1000, 2209, 1102, 2205, 204, 805, 1552, 1686, 1531, 1869, 1456, 2986, 2743, 1475, 2784, 2623, 1909, 1985, 1685, 1871, 1790, 972, 1176, 3205, 3301, 265, 2837, 2861, 2289, 3086, 3177, 1244, 3161, 1297, 1349, 1933, 2989, 1120, 2161, 1427, 2293, 2806, 1119, 833, 2796, 1406, 2412, 2033, 2762, 206, 476, 1602, 638, 1748, 1143, 2379, 2678, 2362, 883, 1031, 139, 2693, 1783, 1044, 2320, 3155, 327, 2560, 1527, 1126, 1439, 684, 699, 1062, 3023, 226, 1002, 837, 2074, 709, 47, 521, 1222, 2731, 2867, 2259, 1464, 2271, 712, 2570, 1560, 3282, 916, 2235, 2898, 875, 72, 1536, 1784, 779, 2735, 2509, 1919, 3181, 1969, 1354, 557, 3221, 1596, 1121, 2494, 2652, 377, 353, 354, 119, 1921, 570, 2061, 2833, 1703, 2726, 1202, 2658, 2801, 844, 3232, 2453, 198, 604, 2824, 2116, 1452, 1904, 942, 2001, 110, 3207, 3396, 816, 1248, 1168, 841, 199, 2380, 1146, 667, 1891, 1326, 417, 1366, 2454, 2047, 1652, 3204, 2544, 3213, 2727, 569, 753, 264, 1405, 1754, 3356, 3064, 771, 1409, 1803, 2035, 801, 886, 2124, 1201, 2481, 1052, 735, 1910, 323, 3130, 752, 1648, 2457, 2135, 1004, 3160, 1620, 2344, 536, 933, 602, 2160, 203, 1489, 1444, 670, 666, 1167, 1833, 2158, 2419, 2710, 1422, 1389, 1984, 2711, 2048, 581, 537, 311, 18, 2573, 575, 207, 2381, 1438, 2635, 2287, 1505, 3328, 380, 143, 1177, 3279, 64, 227, 3054, 3011, 2803, 2372, 3129, 2267, 1111, 3125, 475, 2672, 54, 1302, 3199, 428, 2215, 3034, 887, 729, 2663, 619, 2938, 2157, 2897, 3318, 2317, 3022, 2346, 181, 255, 708, 2073, 1694, 2249, 1090, 162, 1400, 869, 1243, 3214, 3180, 1059, 1005, 580, 3151, 832, 1481, 2405, 2545, 3371, 518, 1407, 2010, 2761, 1224, 3062, 3219, 3312, 496, 550, 1122, 1480, 3388, 2617, 2265, 2397, 1251, 2122, 160, 926, 3313, 1954, 2600, 2179, 2569, 1734, 3392, 3124, 2894, 286, 53, 1292, 1912, 1132, 2354, 749, 1453, 2490, 1298, 3365, 1818, 2698, 2006, 2318, 2248, 156, 2651, 831, 1078, 454, 1668, 1559, 1055, 3329, 3093, 411, 2356, 1144, 2286, 2909, 2497, 35, 3005, 2009, 2858, 3218, 2618, 1720, 551, 2670, 1802, 3115, 3173, 328, 2339, 2189, 1755, 851, 1063, 2141, 3156, 3222, 2399, 13, 603, 121, 441, 1072, 873, 2462, 302, 2907, 548, 1640, 3340, 140, 3079, 3025, 2089, 2753, 806, 1416, 3188, 1925, 3352, 2036, 1003, 1880, 1140, 874, 2243, 3137, 864, 1332, 648, 401, 1381, 3107, 1675, 1580, 3235, 3283, 1778, 2358, 2155, 1306, 2886, 1757, 2183, 1454, 168, 1184, 1034, 491, 493, 3038, 2314, 1538, 2768, 1149, 1051, 2943, 1682, 415, 58, 2538, 2300, 2644, 22, 922, 2316, 2315, 1745, 379, 1395, 2004, 3323, 1519, 2284, 2740, 1450, 552, 2654, 3136, 2359, 2150, 2971, 3112, 965, 2791, 777, 812, 1341, 848, 2615, 2020, 3293, 1218, 2546, 2979, 2192, 2345, 1461, 1662, 2037, 568, 232, 307, 3203, 2065, 24, 470, 2669, 1159, 2352, 2427, 2487, 55, 947, 1016, 431, 1569, 3059, 292, 730, 1584, 1372, 2355, 728, 1408, 2770, 2170, 1665, 1973, 1834, 1971, 90, 3274, 217, 1105, 3289, 1974, 1491, 2376, 89, 2804, 2027, 3128, 3240, 3145, 3386, 1322, 2068, 3152, 736, 254, 1565, 2812, 446, 445, 970, 2594, 2611, 1077, 2384, 762, 663, 1567, 1611, 1886, 154, 1437, 2520, 847, 308, 1342, 1796, 2896, 1488, 487, 1816, 1271, 2771, 1810, 690, 142, 564, 2459, 3336, 2463, 2365, 646, 1017, 127, 1732, 986, 2119, 1730, 1499, 727, 1780, 2512, 2472, 2871, 338, 1301, 2821, 1667, 360, 1086, 1087, 1323, 2239, 442, 1835, 410, 650, 1220, 1982, 1779, 1613, 1515, 1192, 201, 2111, 1736, 1731, 2417, 2273, 1817, 56, 3239, 2072, 180, 642, 1504, 2760, 341, 1511, 1079, 2211, 2992, 2018, 2257, 1497, 3131, 2190, 21, 582, 2793, 356, 2429, 322, 1997, 615, 3337, 2574, 2120, 2709, 925, 2714, 500, 2633, 2809, 794, 3246, 565, 2422, 2350, 3308, 525, 2333, 1186, 903, 3100, 52, 3028, 1200, 1794, 1449, 2787, 1820, 391, 306, 2699, 1195, 1394, 3296, 632, 298, 1421, 2912, 400, 2109, 336, 1718, 645, 334, 1608, 1924, 2786, 2007, 2019, 1093, 1047, 1054, 76, 957, 2687, 2688, 2553, 2191, 2968, 2785, 1369, 2255, 2994, 2537, 3127, 3270, 1797, 2108, 1630, 1532, 362, 1296, 1570, 2106, 430, 3322, 1285, 907, 1451, 1704, 1180, 2614, 3241, 788, 107, 1906, 2233, 2862, 3069, 51, 629, 1161, 1104, 1744, 527, 2863, 1846, 3324, 2175, 1402, 1179, 2823, 2967, 867, 1728, 1523, 2903, 820, 554, 1586, 1604, 1046, 2742, 2700, 2388, 3237, 368, 3202, 561, 2495, 1568, 1872, 1363, 1272, 2084, 2105, 2460, 2471, 136, 1918, 2309, 2653, 3009, 1125, 1378, 361, 1537, 2980, 896, 849, 611, 2051, 1854, 1577, 949, 3302, 592, 948, 1113, 1476, 640, 567, 861, 1866, 2514, 973, 2680, 266, 838, 1487, 1219, 971, 1317, 2748, 674, 1522, 2258, 1426, 3039, 352, 1424, 3144, 1660, 2736, 242, 2521, 977, 320, 2210, 2716, 498, 260, 3143, 1425, 761, 3277, 3171, 894, 700, 480, 1364, 2624, 1235, 889, 2657, 1367, 257, 1562, 2899, 3345, 2058, 1376, 1998, 1371, 1009, 2439, 757, 460, 2777, 218, 343, 1514, 3342, 423, 1350, 348, 1546, 1215, 2200, 3153, 720, 2349, 3225, 2667, 2928, 1477, 3303, 834, 664, 3178, 1199, 1815, 2499, 3381, 607, 2641, 862, 1265, 1943, 394, 3058, 1684, 1678, 1673, 347, 639, 980, 2077, 3378, 1284, 2808, 37, 2540, 1609, 2305, 1548, 1274, 3048, 2107, 367, 234, 384, 689, 719, 3261, 494, 2464, 2946, 1520, 2592, 2738, 1593, 2603, 71, 593, 2177, 1043, 992, 1351, 1221, 991, 1460, 1518, 2199, 2064, 584, 2668, 3294, 1042, 2987, 2234, 1340, 2866, 2905, 1677, 2642, 2063, 585, 2038, 1393, 2236, 2832, 2348, 1024, 123, 1264, 668, 2557, 42, 1942, 271, 789, 1374, 1676, 133, 243, 2404, 979, 1895, 1753, 1690, 2541, 1994, 1798, 532, 682, 3114, 786, 755, 671, 1742, 2671, 2536, 473, 466, 2461, 1979, 189, 2605, 1805, 1112, 673, 2918, 2664, 1788, 1071, 547, 248, 2522, 843, 1344, 398, 3141, 2515, 2983, 171, 312, 954, 38, 656, 1058, 723, 2198, 1345, 821, 1829, 858, 2083, 1711, 369, 1333, 452, 860, 1941, 2123, 2503, 2278, 1563, 2496, 132, 3220, 773, 2395, 1045, 2382, 1629, 884, 3063, 836, 272, 211, 934, 531, 918, 3278, 1691, 2208, 3070, 125, 1578, 2728, 2937, 2847, 1212, 760, 2542, 868, 665, 325, 1789, 3123, 1040, 2489, 326, 630, 1089, 955, 1913, 259, 2706, 1597, 2053, 1223, 433, 780, 772, 982, 3142, 866, 1479, 1914, 397, 711, 1847, 288, 258, 1401, 1722, 495, 2717, 2237, 2838, 1312, 2783, 63, 124, 225, 1656, 1956, 3076, 2846, 1582, 2062, 1275, 1881, 316, 1776, 1010, 852, 1107, 1214, 2228, 2802, 675, 782, 2129, 2393, 1592, 2408, 1561, 3026, 2500, 1692, 1310, 1415, 2673, 1075, 505, 157, 784, 2906, 3341, 634, 2294, 618, 1056, 2272, 1299, 2245, 865, 2720, 1903, 1547, 3224, 1250, 2865, 273, 1773, 2988, 3258, 2636, 560, 2241, 1252, 908, 78, 2576, 1999, 120, 1828, 2394, 2338, 2095, 376, 758, 2995, 159, 2754, 1133, 1166, 1905, 2046, 1404, 2096, 3276, 1123, 1896, 1507, 2440, 890, 2683, 2554, 2975, 1555, 317, 2389, 3364, 2902, 685, 1388, 3159, 1152, 1403, 2857, 555, 1014, 330, 1249, 43, 1724, 3236, 3187, 1669, 2448, 1380, 2415, 437, 717, 590, 1595, 2840, 103, 2701, 534, 2901, 2656, 3390, 2277, 694, 1279, 1346, 1860, 1649, 2792, 1490, 3046, 2547, 1150, 1763, 3253, 2606, 1417, 1448, 2523, 966, 399, 1579, 662, 904, 1858, 2655, 964, 1260, 1787, 3015, 2090, 2428, 2455, 693, 707, 249, 2612, 2913, 1085, 1110, 770, 734, 2870, 1940, 846, 2697, 3061, 1091, 2616, 3065, 2769, 324, 919, 2933, 474, 3014, 1823, 2919, 661, 3035, 19, 455, 2482, 3216, 785, 2589, 574, 1259, 1084, 2935, 2645, 1347, 313, 3327, 3111, 1313, 2212, 438, 1777, 1173, 2266, 1239, 177, 1092, 287, 3307, 2702, 3259, 1591, 1641, 937, 651, 633, 1467, 2507, 2332, 2811, 2782, 702, 3174, 2121, 2729, 1191, 1067, 297, 1616, 2779, 2357, 3314, 3257, 1466, 1503, 2406, 579, 2936, 3217, 2307, 436, 956, 1307, 2662, 1291, 2244, 3012, 2373, 559, 2326, 1270, 799, 2841, 20, 2396, 2296, 2295, 1557, 2856, 1399, 30, 1693, 2458, 2285, 1781, 2915, 2887, 2767, 1581, 2223, 2650, 282, 357, 1639, 134, 1469, 800, 2401, 1926, 2324, 1309, 932, 963, 1382, 1305, 2555, 703, 1255, 67, 2182, 3210, 2524, 3223, 1983, 17, 453, 987, 390, 1418, 1661, 763, 1549, 1181, 3284, 3234, 2752, 2031, 2970, 2828, 3008, 135, 2485, 704, 2904, 2252, 1037, 586, 2003, 16, 2681, 1139, 2556, 333, 3384, 2456, 2715, 2952, 1619, 1083, 1928, 492, 2925, 167, 94, 2021, 1832, 3355, 2820, 1907, 2893, 99, 1911, 1429, 182, 482, 65, 1705, 163, 1502, 2059, 3238, 216, 1617, 2859, 3321, 314, 351, 3200, 3242, 608, 250, 870, 1576, 2498, 2418, 2134, 3201, 155, 2049, 517, 2625, 2910, 2151, 385, 499, 1719, 2939, 688, 3006, 3339, 82, 519, 872, 701, 2377, 2008, 620, 1715, 1666, 194, 2513, 481, 573, 1486, 2216, 2423, 3029, 1735, 3332, 2085, 2310, 1225, 1157, 2178, 2869, 3021, 2110, 1266, 990, 187, 3189, 1814, 1695, 1887, 594, 643, 241, 1558, 969, 3215, 412, 366, 230, 3083, 649, 900, 827, 3366, 174, 1996, 98, 2525, 1612, 1183, 562, 1674, 175, 2810, 2506, 2591, 1946, 3101, 3049, 2398, 2599, 3333, 202, 2853, 1234, 2969, 2400, 921, 967, 2224, 2193, 50, 2118, 2323, 526, 3045, 863, 2666, 70, 1410, 669, 802, 1293, 14, 1510, 2426, 2306, 2942, 310, 1653, 1610, 2848, 2643, 2299, 2756, 3147, 1373, 39, 2829, 1187, 2996, 2433, 1852, 1670, 3354, 747, 1316, 1671, 1622, 2682, 2689, 3119, 776, 2221, 1853, 1945, 1430, 2133, 2132, 1412, 1752, 1233, 787, 2535, 2583, 1727, 2739, 1041, 1885, 2232, 3, 612, 2831, 2370, 3032, 1295, 2911, 803, 1962, 2534, 3146, 2984, 3348, 3068, 2078, 1495, 150, 1160, 913, 1343, 1035, 3292, 471, 2449, 1485, 1672, 424, 1659, 1300, 2889, 153, 479, 1230, 2197, 1541, 293, 1158, 1689, 1375, 2486, 672, 3097, 1618, 1076, 1362, 1975, 83, 2972, 126, 2944, 960, 188, 2093, 2813, 3164, 2822, 253, 1036, 2747, 2719, 819, 2444, 3084, 950, 506, 344, 2283, 2174, 1930, 1775, 2705, 781, 409, 2502, 2195, 2488, 1587, 1712, 345, 731, 2336, 25, 2978, 2830, 2385, 1799, 1057, 3229, 935, 1379, 2207, 1283, 1882, 2890, 1848, 1436, 2050, 1018, 3338, 321, 1897, 2900, 1025, 2383, 3360, 462, 1321, 946, 1574, 212, 1633, 2364, 1635, 1273, 2052, 44, 1282, 3117, 69, 1809, 1800, 566, 315, 1414, 1902, 1698, 85, 2737, 3167, 2947, 1774, 3103, 2501, 1512, 3394, 309, 1867, 510, 419, 721, 2024, 365, 420, 2839, 1478, 1765, 835, 1335, 3295, 3044, 2608, 77, 1936, 2751, 3346, 2531, 2577, 97, 3132, 722, 1334, 2891, 2366, 2604, 1995, 857, 3186, 756, 186, 62, 587, 2421, 224, 247, 696, 2403, 3019, 3286, 2484, 3102, 1949, 1978, 2665, 944, 1513, 1977, 231, 1717, 1080, 337, 891, 3325, 2511, 2368, 1442, 2630, 2827, 342, 1257, 2917, 1496, 1714, 621, 233, 3170, 644, 490, 2565, 244, 563, 2864, 2880, 2240, 2253, 595, 41, 2254, 2945, 246, 429, 533, 2613, 2648, 3379, 2291, 2304, 3033, 1256, 2649, 1070, 1423, 2934, 599, 3375, 1743, 2154, 2282, 1352, 2881, 2092, 3120, 3122, 2420, 2483, 1508, 839, 2340, 1278, 2337, 1529, 978, 2142, 375, 2543, 2922, 748, 885, 1494, 1238, 3094, 1232, 3319, 2308, 1280, 190, 1068, 294, 540, 363, 2407, 1269, 3067, 1108, 1268, 906, 3226, 507, 741, 2079, 3096, 1281, 3040, 3179, 2619, 1845, 2764, 3095, 3212, 497, 2371, 895, 1948, 346, 440, 461, 1231, 1506, 2580, 3053, 2214, 1064, 1556, 1229, 2094, 2196, 2646, 750, 654, 1849, 331, 1019, 3306, 2718, 774, 456, 2264, 742, 1013, 1967, 1801, 61, 2242, 3193, 1950, 911, 1588, 1141, 1008, 2441, 2568, 635, 2414, 2674, 976, 3330, 2268, 2045, 2851, 2443, 2076, 2325, 2100, 2920, 364, 349, 1006, 1725, 2921, 2188, 1679, 403, 1935, 434, 1290, 1470, 655, 3047, 1236, 1368, 2549, 1955, 790, 1621, 931, 1370, 296, 3031, 3116, 751, 3080, 1804, 106, 718, 2159, 1772, 1443, 993, 3057, 1151, 472, 2130, 1944, 2778, 3166, 3106, 2367, 402, 29, 1263, 2755, 2533]
convergência = []

===== FIM =====
