===== RESULTADO BRKGA L(2,1) =====
Arquivo: /Users/mateuspedrosa/Documents/TCC-II/BRKGA/data/NR_DIMACS_cleaned/keller5_clean.mtx

----- Execução #1 -----
[INFO] Time limit atingido: 15 minutos. Esgotado durante a inicialização da população.
Tempo de execução: 901579ms
Span (lambda): 780
best_order = [609, 645, 607, 773, 727, 622, 2, 219, 720, 162, 548, 679, 160, 345, 440, 634, 699, 9, 301, 288, 127, 190, 307, 468, 308, 536, 223, 280, 423, 244, 726, 460, 224, 24, 116, 436, 475, 63, 221, 676, 549, 593, 598, 29, 515, 329, 11, 293, 464, 664, 760, 596, 372, 120, 476, 696, 328, 233, 281, 485, 410, 755, 248, 53, 89, 157, 611, 235, 499, 335, 66, 433, 604, 217, 163, 589, 46, 573, 204, 432, 213, 271, 358, 309, 332, 366, 373, 142, 171, 126, 708, 428, 592, 138, 119, 52, 62, 200, 527, 452, 351, 278, 681, 65, 419, 294, 69, 585, 208, 575, 587, 196, 106, 150, 494, 682, 26, 759, 691, 605, 771, 612, 713, 411, 409, 668, 666, 98, 729, 632, 465, 13, 739, 700, 155, 533, 344, 751, 557, 624, 384, 273, 362, 542, 8, 78, 184, 57, 742, 453, 774, 576, 698, 153, 180, 216, 165, 84, 404, 262, 195, 560, 633, 166, 211, 438, 638, 525, 493, 496, 199, 752, 135, 386, 629, 383, 7, 354, 141, 631, 191, 397, 637, 662, 762, 254, 394, 291, 413, 340, 258, 767, 101, 652, 255, 524, 534, 31, 725, 457, 551, 85, 511, 474, 117, 32, 503, 323, 19, 365, 391, 510, 22, 236, 659, 417, 747, 132, 342, 393, 509, 83, 655, 502, 300, 615, 686, 719, 368, 695, 672, 148, 640, 260, 724, 513, 215, 146, 95, 642, 741, 338, 636, 169, 451, 531, 111, 579, 202, 86, 238, 570, 209, 315, 459, 336, 295, 487, 736, 122, 516, 594, 405, 139, 134, 145, 546, 3, 185, 314, 398, 620, 375, 466, 390, 45, 177, 458, 498, 670, 234, 380, 492, 415, 228, 427, 121, 577, 540, 745, 775, 318, 181, 36, 471, 770, 425, 123, 694, 330, 125, 61, 522, 392, 677, 316, 389, 613, 326, 130, 154, 325, 212, 210, 207, 55, 412, 71, 399, 242, 110, 253, 322, 597, 108, 649, 603, 312, 658, 715, 205, 544, 552, 168, 229, 90, 133, 261, 484, 469, 232, 538, 590, 198, 517, 407, 48, 403, 508, 714, 564, 610, 414, 257, 684, 430, 82, 256, 364, 449, 241, 601, 129, 91, 757, 761, 172, 701, 317, 769, 18, 305, 58, 754, 595, 580, 504, 346, 722, 463, 320, 630, 753, 21, 379, 0, 348, 371, 749, 563, 647, 310, 287, 737, 583, 264, 240, 532, 68, 705, 249, 653, 272, 491, 170, 96, 39, 38, 541, 361, 128, 203, 641, 395, 27, 717, 554, 437, 6, 75, 693, 279, 303, 275, 100, 144, 514, 768, 350, 378, 711, 51, 182, 277, 506, 627, 569, 179, 731, 643, 667, 561, 501, 402, 388, 439, 374, 250, 161, 283, 572, 434, 333, 331, 306, 519, 276, 113, 269, 581, 619, 369, 115, 136, 472, 5, 429, 112, 477, 660, 674, 137, 408, 495, 56, 337, 285, 530, 266, 689, 518, 618, 218, 764, 654, 118, 64, 226, 290, 355, 462, 16, 467, 528, 470, 206, 712, 324, 41, 690, 99, 105, 766, 341, 537, 443, 486, 656, 239, 688, 359, 488, 353, 721, 621, 553, 461, 192, 289, 454, 420, 377, 599, 574, 497, 401, 299, 25, 442, 523, 584, 481, 311, 220, 635, 109, 756, 227, 444, 356, 381, 547, 555, 183, 735, 456, 556, 313, 608, 426, 479, 382, 72, 448, 445, 20, 327, 559, 482, 586, 489, 107, 746, 520, 435, 367, 507, 602, 147, 526, 702, 30, 304, 718, 286, 567, 302, 189, 535, 669, 707, 28, 565, 416, 114, 490, 626, 765, 23, 17, 743, 614, 733, 675, 473, 661, 750, 617, 671, 284, 67, 730, 687, 723, 600, 663, 360, 521, 339, 88, 33, 174, 591, 704, 558, 10, 167, 616, 772, 74, 93, 512, 588, 680, 321, 387, 40, 744, 151, 158, 201, 245, 545, 709, 97, 431, 76, 421, 500, 648, 267, 187, 480, 12, 222, 697, 197, 81, 231, 665, 59, 77, 246, 131, 80, 92, 43, 673, 247, 543, 237, 582, 297, 706, 298, 175, 252, 79, 54, 188, 400, 149, 268, 447, 319, 606, 50, 748, 60, 678, 571, 263, 102, 738, 270, 740, 625, 347, 628, 418, 529, 103, 44, 376, 274, 73, 657, 550, 225, 623, 140, 639, 143, 566, 422, 478, 4, 230, 34, 578, 349, 646, 562, 243, 334, 296, 363, 176, 396, 156, 42, 763, 385, 450, 104, 282, 159, 1, 193, 35, 178, 47, 710, 644, 259, 446, 758, 124, 539, 685, 692, 732, 94, 87, 703, 716, 152, 651, 424, 186, 173, 734, 683, 251, 70, 15, 650, 483, 370, 505, 728, 357, 265, 441, 568, 194, 37, 214, 14, 343, 352, 455, 406, 292, 49, 164]
labeling = [403, 747, 9, 290, 693, 481, 440, 194, 158, 8, 632, 50, 663, 145, 791, 776, 503, 609, 350, 231, 571, 399, 195, 607, 37, 546, 128, 436, 597, 45, 590, 213, 225, 629, 727, 751, 308, 773, 424, 415, 628, 514, 685, 631, 715, 296, 90, 687, 366, 768, 679, 411, 77, 76, 633, 317, 491, 140, 387, 672, 669, 267, 91, 35, 502, 115, 82, 545, 414, 118, 755, 332, 567, 719, 637, 442, 639, 674, 160, 686, 656, 666, 374, 245, 148, 179, 266, 767, 627, 78, 338, 382, 667, 638, 765, 256, 423, 618, 139, 478, 418, 211, 701, 713, 743, 517, 117, 578, 342, 548, 337, 261, 483, 471, 603, 477, 11, 223, 500, 109, 61, 304, 275, 314, 744, 318, 103, 14, 429, 380, 326, 650, 239, 336, 284, 190, 479, 430, 107, 282, 681, 169, 79, 665, 441, 286, 161, 587, 248, 658, 124, 626, 766, 170, 315, 131, 691, 49, 591, 745, 17, 396, 13, 86, 796, 146, 178, 596, 355, 201, 379, 101, 384, 748, 630, 682, 735, 283, 752, 388, 171, 287, 454, 551, 162, 292, 769, 659, 688, 570, 27, 196, 513, 749, 787, 174, 87, 664, 297, 186, 85, 647, 264, 431, 92, 351, 512, 329, 112, 269, 327, 159, 328, 83, 789, 185, 173, 84, 484, 10, 547, 38, 606, 28, 36, 721, 504, 482, 257, 274, 725, 668, 360, 69, 298, 51, 212, 678, 268, 402, 375, 325, 335, 683, 32, 649, 676, 675, 62, 313, 422, 774, 684, 339, 153, 207, 354, 305, 208, 756, 218, 331, 125, 677, 412, 784, 425, 657, 690, 472, 703, 94, 419, 154, 700, 420, 470, 456, 110, 445, 20, 68, 702, 413, 582, 492, 594, 394, 18, 533, 501, 202, 795, 52, 116, 270, 720, 673, 568, 544, 119, 25, 595, 447, 532, 307, 446, 29, 30, 97, 404, 541, 347, 562, 281, 271, 322, 383, 289, 692, 395, 642, 285, 229, 439, 319, 240, 572, 67, 48, 265, 464, 93, 466, 733, 44, 230, 437, 224, 625, 206, 486, 197, 746, 149, 19, 389, 706, 405, 731, 432, 113, 793, 525, 172, 506, 550, 782, 96, 511, 621, 427, 98, 722, 323, 233, 73, 563, 251, 475, 724, 407, 59, 99, 377, 294, 717, 535, 450, 401, 299, 552, 565, 192, 150, 741, 163, 643, 467, 324, 293, 235, 311, 241, 136, 435, 737, 198, 205, 334, 644, 542, 465, 348, 165, 280, 786, 364, 487, 135, 72, 134, 330, 204, 344, 302, 601, 237, 710, 95, 507, 622, 648, 22, 736, 312, 564, 300, 100, 473, 372, 652, 40, 70, 453, 581, 39, 390, 133, 406, 21, 785, 528, 497, 530, 569, 758, 689, 543, 376, 709, 258, 54, 164, 455, 753, 558, 217, 242, 273, 33, 531, 505, 393, 53, 143, 203, 495, 6, 358, 510, 310, 459, 613, 155, 41, 63, 485, 704, 555, 661, 524, 574, 778, 357, 71, 520, 272, 523, 559, 605, 421, 301, 183, 126, 489, 184, 540, 255, 66, 653, 462, 228, 227, 361, 780, 444, 583, 368, 243, 216, 221, 624, 254, 448, 47, 277, 362, 496, 469, 580, 623, 320, 509, 181, 182, 573, 111, 508, 711, 493, 259, 359, 56, 209, 575, 31, 519, 321, 760, 306, 426, 156, 646, 352, 641, 288, 554, 4, 24, 612, 219, 353, 522, 438, 556, 560, 152, 553, 561, 175, 463, 730, 385, 370, 599, 707, 593, 734, 451, 234, 699, 457, 58, 539, 122, 167, 250, 729, 263, 363, 449, 635, 409, 534, 120, 576, 121, 616, 88, 346, 584, 105, 26, 279, 356, 57, 340, 43, 537, 614, 378, 585, 345, 81, 106, 694, 2, 557, 0, 371, 80, 132, 295, 611, 247, 634, 615, 498, 474, 232, 529, 7, 716, 142, 671, 598, 458, 708, 187, 365, 191, 141, 177, 23, 538, 236, 200, 180, 723, 252, 433, 226, 461, 718, 1, 662, 373, 655, 343, 777, 714, 129, 417, 488, 199, 499, 712, 349, 144, 476, 608, 127, 619, 55, 670, 137, 400, 114, 549, 244, 526, 222, 620, 434, 600, 42, 303, 697, 15, 640, 64, 89, 772, 309, 762, 238, 617, 521, 494, 515, 130, 759, 443, 316, 253, 65, 654, 168, 16, 138, 386, 588, 696, 604, 416, 680, 577, 75, 651, 754, 452, 490, 123, 367, 276, 764, 392, 592, 249, 12, 527, 391, 602, 220, 215, 34, 5, 728, 108, 518, 460, 763, 579, 771, 516, 260, 410, 698, 147, 705, 176, 157, 586, 645, 214, 566, 189, 695, 408, 610, 151, 188, 397, 341, 74, 536, 369, 740, 60, 46, 381, 193, 739, 468, 589, 428, 210, 398, 333, 278, 104, 636, 3, 166, 262]
convergência = []

===== FIM =====
