===== RESULTADO BRKGA L(2,1) =====
Arquivo: /Users/mateuspedrosa/Documents/TCC-II/BRKGA/data/Harwell-Boeing_cleaned/lap_25_clean.mtx

----- Execução #1 -----
[INFO] Parou por estagnação.
Tempo de execução: 591ms
Span (lambda): 11
best_order = [11, 12, 13, 8, 6, 1, 10, 5, 18, 0, 19, 7, 21, 23, 3, 22, 17, 9, 15, 2, 16, 14, 4, 24, 20]
labeling = [9, 1, 10, 3, 9, 7, 5, 8, 6, 1, 3, 0, 2, 4, 11, 6, 11, 9, 7, 0, 4, 1, 5, 3, 10]
convergência = [11, 11, 11, 11, 11, 11, 11, 11, 11, 11, 11, 11, 11, 11, 11, 11, 11, 11, 11, 11, 11, 11, 11, 11, 11, 11, 11, 11, 11, 11, 11, 11, 11, 11, 11, 11, 11, 11, 11, 11, 11, 11, 11, 11, 11, 11, 11, 11, 11, 11, 11, 11, 11, 11, 11, 11, 11, 11, 11, 11, 11, 11, 11, 11, 11, 11, 11, 11, 11, 11, 11, 11, 11, 11, 11, 11, 11, 11, 11, 11, 11, 11, 11, 11, 11, 11, 11, 11, 11, 11, 11, 11, 11, 11, 11, 11, 11, 11, 11, 11, 11, 11, 11, 11, 11, 11, 11, 11, 11, 11, 11, 11, 11, 11, 11, 11, 11, 11, 11, 11, 11, 11, 11, 11]

===== FIM =====
