===== RESULTADO BRKGA L(2,1) =====
Arquivo: /Users/mateuspedrosa/Documents/TCC-II/BRKGA/data/Harwell-Boeing_cleaned/lns_131_clean.mtx

----- Execução #1 -----
[INFO] Parou por estagnação.
Tempo de execução: 8707ms
Span (lambda): 15
best_order = [13, 69, 52, 20, 127, 35, 12, 83, 65, 85, 0, 18, 34, 117, 58, 93, 79, 6, 94, 124, 29, 4, 96, 106, 16, 98, 81, 70, 86, 105, 9, 14, 7, 129, 119, 21, 88, 115, 57, 32, 10, 130, 122, 80, 77, 111, 49, 22, 11, 71, 123, 50, 92, 101, 3, 28, 43, 126, 91, 67, 48, 45, 108, 56, 25, 27, 63, 8, 95, 97, 116, 68, 82, 42, 61, 78, 53, 120, 103, 125, 76, 17, 75, 40, 31, 66, 60, 24, 59, 39, 44, 89, 102, 30, 51, 121, 87, 38, 118, 36, 54, 41, 114, 84, 46, 90, 73, 112, 1, 74, 15, 64, 72, 109, 62, 5, 26, 33, 104, 19, 107, 113, 23, 37, 100, 128, 110, 2, 47, 55, 99]
labeling = [0, 13, 10, 5, 0, 14, 5, 7, 11, 3, 7, 9, 2, 0, 5, 8, 4, 14, 3, 11, 1, 7, 8, 13, 1, 0, 4, 0, 1, 0, 0, 2, 9, 15, 0, 0, 14, 11, 6, 2, 0, 10, 7, 1, 5, 0, 1, 0, 4, 0, 0, 6, 0, 0, 2, 3, 4, 8, 3, 14, 8, 1, 2, 11, 15, 4, 13, 1, 5, 0, 6, 10, 15, 1, 6, 13, 11, 5, 9, 2, 0, 5, 0, 0, 4, 0, 0, 2, 3, 5, 0, 1, 10, 0, 2, 4, 0, 12, 5, 14, 1, 0, 15, 9, 7, 0, 0, 1, 0, 1, 0, 2, 6, 2, 10, 1, 12, 1, 6, 3, 13, 8, 7, 2, 1, 12, 6, 3, 15, 2, 0]
convergência = [16, 16, 16, 16, 16, 16, 16, 16, 16, 16, 16, 16, 16, 16, 16, 16, 16, 16, 15, 15, 15, 15, 15, 15, 15, 15, 15, 15, 15, 15, 15, 15, 15, 15, 15, 15, 15, 15, 15, 15, 15, 15, 15, 15, 15, 15, 15, 15, 15, 15, 15, 15, 15, 15, 15, 15, 15, 15, 15, 15, 15, 15, 15, 15, 15, 15, 15, 15, 15, 15, 15, 15, 15, 15, 15, 15, 15, 15, 15, 15, 15, 15, 15, 15, 15, 15, 15, 15, 15, 15, 15, 15, 15, 15, 15, 15, 15, 15, 15, 15, 15, 15, 15, 15, 15, 15, 15, 15, 15, 15, 15, 15, 15, 15, 15, 15, 15, 15, 15, 15, 15, 15, 15, 15, 15, 15, 15, 15, 15, 15, 15, 15, 15, 15, 15, 15, 15, 15, 15, 15, 15, 15]

===== FIM =====
