===== RESULTADO BRKGA L(2,1) =====
Arquivo: /Users/mateuspedrosa/Documents/TCC-II/BRKGA/data/Harwell-Boeing_cleaned/lns_3937_clean.mtx

----- Execução #1 -----
[INFO] Parou por estagnação.
Tempo de execução: 402466ms
Span (lambda): 24
best_order = [1608, 620, 2897, 2465, 1893, 656, 2983, 2419, 308, 3239, 4, 3842, 1379, 784, 3658, 2742, 1988, 2394, 2240, 48, 1799, 1474, 3931, 3728, 2641, 2951, 680, 2657, 83, 3327, 1785, 2674, 1040, 1194, 854, 2970, 1569, 2151, 500, 1004, 1556, 2076, 1964, 454, 3881, 1186, 418, 2623, 1369, 753, 2064, 3884, 1727, 654, 3154, 246, 2298, 1271, 2446, 2791, 2501, 1723, 2342, 556, 1413, 2093, 526, 2955, 1242, 994, 2549, 34, 1468, 2223, 774, 1850, 82, 1939, 3901, 452, 3153, 1399, 1976, 3733, 1455, 1813, 1898, 3098, 173, 3273, 1970, 3915, 1081, 2695, 3232, 2559, 3813, 880, 190, 3616, 1914, 3245, 1582, 419, 150, 2276, 1090, 850, 3714, 3156, 1961, 137, 2780, 3308, 837, 1132, 2650, 3390, 3094, 1031, 2009, 2159, 2141, 2512, 2273, 2308, 3118, 1889, 1947, 943, 2852, 992, 1974, 1645, 3210, 1342, 3498, 487, 3442, 1320, 3369, 1291, 477, 1576, 293, 3403, 1768, 435, 1579, 3029, 2365, 2874, 1246, 2595, 15, 1323, 2737, 1696, 3316, 1665, 2803, 3275, 935, 2885, 416, 106, 2594, 2152, 1111, 1300, 2943, 1881, 2915, 3618, 2102, 2350, 3565, 2903, 2118, 2218, 2003, 88, 1978, 3782, 201, 2434, 396, 2703, 3394, 2416, 3220, 944, 3254, 288, 2935, 1934, 3736, 1536, 1135, 927, 1133, 2128, 202, 582, 982, 2854, 1406, 1595, 3047, 1173, 1910, 3103, 3085, 1321, 3115, 2664, 924, 3170, 1943, 3338, 1181, 3827, 986, 990, 116, 1991, 2606, 1954, 33, 2746, 3091, 462, 1748, 959, 2019, 1719, 409, 2835, 2010, 31, 3481, 2959, 3746, 466, 2277, 3867, 3172, 2914, 2332, 3042, 3256, 1064, 2252, 991, 1409, 3179, 2806, 473, 2974, 3212, 3121, 176, 618, 1484, 1109, 1345, 832, 3668, 3713, 2168, 3215, 2896, 2687, 2285, 2662, 2870, 408, 1121, 2044, 1871, 2725, 2648, 1389, 603, 985, 1708, 1202, 2265, 3497, 3055, 1156, 1252, 763, 2940, 1355, 1327, 2058, 266, 2395, 849, 3395, 2604, 2601, 109, 2545, 1591, 3357, 1176, 1590, 2142, 1503, 2916, 3147, 3434, 2017, 2499, 3196, 3814, 2253, 507, 476, 2644, 160, 3450, 1774, 2451, 1481, 790, 2435, 49, 2302, 909, 963, 3194, 1562, 937, 92, 2712, 3157, 459, 1704, 1214, 775, 2599, 3739, 1611, 3805, 1792, 1421, 926, 1848, 2963, 3221, 1080, 3072, 3770, 1615, 1075, 2661, 3200, 911, 2716, 2373, 75, 1095, 2871, 3604, 1403, 1294, 1153, 1113, 1285, 38, 2836, 746, 1443, 2229, 2362, 1008, 3809, 2765, 1557, 427, 3203, 1865, 1677, 631, 1530, 1564, 1962, 1787, 1756, 1145, 3757, 1712, 1459, 974, 2514, 2028, 3922, 1076, 1018, 515, 1330, 212, 687, 2572, 3549, 2681, 3226, 3767, 2065, 1552, 2798, 1808, 3628, 2219, 2140, 3517, 1354, 449, 1273, 2922, 1499, 1985, 3477, 3738, 1661, 265, 995, 1336, 3427, 1239, 3436, 1956, 1460, 2811, 2668, 2292, 1925, 2083, 536, 330, 606, 166, 1501, 1522, 3261, 2191, 827, 1880, 181, 35, 675, 3569, 1088, 2933, 302, 1414, 2189, 2958, 2236, 1518, 1527, 551, 1752, 3001, 458, 2238, 2103, 1397, 729, 3307, 3634, 3815, 3726, 1717, 888, 3353, 2470, 768, 1528, 79, 3258, 299, 2036, 451, 3655, 244, 704, 2981, 1913, 3550, 1489, 975, 211, 3379, 1507, 2923, 2692, 2837, 3718, 450, 3660, 3090, 3040, 85, 1332, 2475, 578, 2898, 587, 14, 3923, 2095, 355, 1419, 131, 3697, 1070, 3142, 3889, 3002, 1649, 1728, 3651, 1637, 1581, 2222, 3158, 272, 1097, 3315, 3661, 3850, 2145, 678, 2404, 2346, 585, 3303, 3180, 1108, 485, 749, 432, 3257, 2331, 2401, 708, 1463, 1553, 3253, 441, 2075, 3175, 337, 3336, 605, 3853, 2411, 1750, 242, 3775, 110, 27, 2899, 352, 3074, 1713, 1917, 1205, 1971, 1180, 2665, 169, 1461, 3483, 58, 1572, 1473, 3577, 2279, 3831, 915, 3729, 3910, 463, 7, 652, 3598, 2638, 1082, 901, 3183, 349, 3586, 2723, 16, 1023, 829, 2063, 1134, 3672, 1738, 3486, 2046, 1184, 1933, 2738, 465, 1551, 2157, 3849, 1368, 797, 2109, 3008, 97, 3332, 1288, 942, 1628, 1065, 2050, 2410, 2057, 3466, 2576, 232, 3479, 2993, 3186, 2312, 2905, 3920, 1179, 1651, 1938, 138, 112, 3756, 365, 200, 1682, 2231, 2120, 2136, 934, 1855, 3558, 703, 1973, 294, 3415, 2341, 3808, 596, 3428, 580, 1879, 3587, 2209, 3087, 970, 3593, 1161, 2278, 3541, 1195, 2096, 651, 2132, 2485, 758, 1496, 760, 2996, 192, 1918, 19, 1566, 747, 2386, 893, 3864, 2030, 233, 2833, 3018, 647, 1457, 3141, 3017, 3383, 3669, 3016, 443, 3599, 1115, 2679, 2492, 633, 2106, 1375, 2476, 375, 3908, 1733, 3284, 1204, 108, 1660, 3701, 2022, 165, 685, 3437, 2980, 2697, 2376, 3503, 143, 3406, 2861, 3320, 3084, 2361, 3066, 1041, 743, 1265, 2480, 1775, 1862, 1894, 655, 3177, 3648, 3197, 584, 3635, 3095, 2677, 3162, 3687, 1092, 3493, 1382, 3030, 2924, 3285, 3160, 122, 3572, 1869, 3613, 114, 2680, 235, 1992, 2330, 508, 1732, 2245, 2785, 339, 614, 2195, 3189, 3056, 1010, 2821, 2968, 3169, 2237, 2316, 2349, 698, 3589, 3139, 947, 3022, 2558, 3875, 3313, 1197, 2325, 3211, 3474, 1794, 2148, 2417, 1512, 2591, 3584, 2609, 2714, 1687, 3544, 2713, 2380, 1718, 1234, 2082, 539, 1827, 2864, 2339, 1670, 2707, 788, 3741, 469, 945, 1601, 737, 3270, 842, 1724, 867, 401, 2794, 489, 1366, 3531, 2528, 2872, 1941, 2244, 2101, 3377, 930, 430, 1456, 2242, 1235, 3688, 3117, 1511, 1891, 571, 2950, 1188, 1087, 1458, 3296, 1275, 864, 770, 3398, 2457, 1439, 2957, 2201, 2567, 213, 3673, 2972, 3129, 411, 2605, 455, 240, 1386, 2913, 403, 1684, 1022, 3097, 2938, 1296, 453, 3832, 1203, 174, 3397, 1623, 3722, 3917, 2889, 950, 2269, 3595, 400, 866, 2839, 3049, 1667, 3792, 3753, 1276, 3795, 2826, 3271, 1832, 1773, 3491, 1951, 3911, 1866, 759, 3373, 1365, 1425, 1011, 1592, 583, 3566, 3649, 2886, 1287, 819, 3899, 3249, 2020, 3233, 679, 1274, 3038, 2335, 2583, 3023, 2555, 1870, 1357, 1810, 1856, 3134, 936, 570, 3462, 3716, 2536, 394, 2322, 548, 794, 1250, 1544, 55, 3578, 3612, 1259, 1550, 1131, 2683, 72, 3553, 3456, 1656, 3494, 1432, 3255, 3555, 3209, 2740, 2986, 799, 3471, 2873, 1050, 195, 2397, 2068, 676, 2762, 3033, 2490, 1945, 3246, 3683, 1100, 1740, 808, 3202, 642, 3877, 776, 144, 1873, 3305, 2491, 1814, 894, 3026, 1021, 1429, 522, 2014, 1998, 2321, 2824, 2810, 2691, 3826, 787, 225, 3573, 3528, 2124, 1901, 868, 2443, 2438, 2919, 576, 2134, 2389, 1169, 3489, 2629, 460, 3335, 879, 3769, 2755, 3811, 3927, 390, 751, 12, 3543, 914, 1816, 271, 2965, 2418, 177, 1383, 1932, 2164, 3447, 3903, 3502, 197, 3627, 984, 3644, 1621, 3334, 436, 1380, 3656, 3421, 1215, 2405, 363, 1789, 2268, 1338, 468, 1671, 24, 2129, 2574, 3069, 64, 779, 611, 305, 919, 2105, 84, 817, 3645, 2225, 2422, 3234, 1374, 3679, 554, 1586, 3461, 1561, 2869, 3228, 470, 3929, 3135, 2194, 875, 2589, 1231, 1959, 179, 721, 1069, 445, 3287, 3062, 171, 3289, 2585, 2031, 3507, 2868, 900, 3787, 183, 1899, 2988, 2070, 1362, 965, 1920, 3913, 2421, 1996, 1233, 1931, 1299, 3068, 3895, 2724, 956, 862, 1842, 1103, 2989, 161, 53, 2750, 1721, 1144, 650, 834, 2255, 2689, 2782, 2598, 1678, 1603, 3171, 1221, 2111, 504, 3836, 3623, 1905, 3349, 2027, 1903, 2086, 501, 1255, 206, 346, 2234, 3691, 3431, 3632, 666, 474, 1811, 3614, 2264, 3800, 717, 786, 532, 1475, 3193, 3567, 1994, 2971, 3817, 2834, 2146, 1394, 1314, 71, 1487, 3620, 283, 2067, 1605, 1650, 1247, 646, 325, 2880, 488, 1405, 2406, 3552, 2220, 546, 270, 1436, 3703, 1371, 728, 1600, 2454, 1207, 1969, 3609, 980, 3600, 3007, 2035, 3322, 1016, 3024, 2372, 3936, 2879, 2841, 2099, 182, 542, 1385, 1390, 918, 2300, 3698, 2423, 903, 3574, 973, 2865, 1168, 2210, 1398, 366, 1322, 2117, 404, 2930, 853, 124, 3838, 2299, 3641, 3375, 2256, 3079, 1983, 1640, 814, 3841, 3376, 1597, 2918, 1241, 3168, 2844, 3781, 1607, 1160, 856, 1199, 1074, 205, 3443, 284, 740, 2503, 3670, 1312, 3907, 3165, 1927, 3138, 259, 1359, 2484, 247, 2122, 2509, 3783, 1476, 335, 1648, 3495, 1333, 739, 2334, 510, 3366, 2508, 196, 1834, 2527, 1844, 2274, 1902, 505, 2190, 2407, 3384, 3740, 3408, 1339, 354, 608, 168, 3058, 2254, 574, 2005, 304, 3150, 397, 904, 2006, 1138, 971, 3204, 2139, 1709, 3262, 2430, 3382, 3120, 577, 1772, 1683, 2431, 2172, 2618, 2634, 1270, 1625, 882, 2323, 1820, 1791, 410, 3201, 329, 523, 448, 1310, 3516, 1690, 2997, 623, 693, 2436, 3779, 2954, 1759, 2506, 2561, 1928, 42, 2553, 3868, 2477, 3742, 421, 809, 2441, 792, 2169, 1384, 1659, 1883, 3851, 3187, 1211, 2163, 2284, 3829, 1309, 3720, 286, 951, 2582, 771, 159, 1636, 3858, 3265, 3675, 803, 447, 887, 1266, 1372, 115, 3605, 2710, 874, 2286, 3399, 2038, 2126, 2538, 1267, 2137, 2734, 2704, 2523, 1781, 870, 3277, 2304, 3045, 361, 3435, 281, 2616, 3446, 1729, 677, 2500, 3537, 3106, 2502, 3848, 222, 2062, 2415, 3452, 543, 3297, 1876, 552, 2116, 292, 941, 1753, 804, 3719, 3174, 3059, 897, 2198, 3619, 3874, 820, 831, 2166, 3564, 3465, 3216, 269, 3044, 2090, 2364, 2622, 1060, 3706, 3371, 3860, 2180, 2817, 1025, 1112, 152, 818, 3862, 1691, 1364, 3650, 2560, 3506, 2592, 2235, 2246, 3167, 1341, 2329, 2383, 3054, 2310, 960, 2789, 309, 3225, 498, 2551, 3840, 1828, 2039, 142, 3159, 3082, 3854, 2510, 237, 886, 2261, 2731, 993, 972, 3721, 2542, 3909, 89, 2564, 139, 420, 998, 1006, 63, 1012, 976, 2635, 2672, 77, 2809, 2587, 883, 1575, 2651, 3188, 3396, 1032, 3019, 426, 2440, 946, 2183, 1531, 1286, 1960, 1546, 6, 3230, 3518, 483, 2450, 3472, 1442, 2966, 3438, 1483, 2306, 2832, 2771, 2305, 1150, 3407, 3109, 509, 2741, 2621, 762, 1702, 2455, 613, 1356, 2807, 807, 3606, 2045, 3293, 2295, 3414, 3723, 2034, 702, 243, 2293, 506, 690, 87, 3240, 665, 1142, 1066, 3926, 933, 127, 2659, 1885, 90, 157, 1751, 531, 3114, 1859, 528, 766, 2037, 2051, 1877, 2690, 805, 1793, 1646, 3803, 1711, 3064, 480, 641, 629, 3389, 1370, 2094, 891, 1343, 2733, 2071, 3184, 639, 216, 1479, 3500, 2368, 3820, 1641, 2402, 1229, 3140, 2357, 1334, 245, 964, 1567, 1470, 1149, 892, 1602, 512, 3615, 1438, 3839, 1936, 2108, 3754, 2663, 2819, 3073, 1613, 251, 3400, 2539, 1508, 516, 3617, 996, 1206, 1622, 1796, 2990, 1122, 1416, 3501, 2778, 3751, 3358, 1049, 2859, 700, 2092, 1244, 2495, 2790, 2795, 3393, 3402, 1005, 2420, 2167, 913, 3883, 295, 3458, 3704, 931, 2008, 2517, 2612, 368, 1777, 2617, 3280, 2838, 262, 3696, 428, 391, 1755, 69, 273, 1048, 1340, 1315, 2967, 3810, 3727, 1963, 1700, 1515, 2696, 598, 2761, 916, 2175, 2630, 3640, 3492, 2158, 1445, 3111, 2275, 3, 1692, 1283, 2578, 3802, 2581, 921, 3478, 3243, 2563, 1698, 981, 1658, 2946, 2547, 3060, 3031, 3897, 241, 2367, 2207, 616, 2960, 1490, 2577, 2061, 2843, 3218, 1741, 382, 1434, 1966, 841, 791, 2458, 1451, 3844, 845, 669, 597, 969, 3290, 560, 3151, 2570, 149, 1819, 1872, 464, 204, 2497, 2351, 2379, 3205, 1574, 572, 189, 1408, 2259, 2709, 311, 57, 345, 3063, 2645, 154, 619, 207, 3419, 3554, 2544, 3417, 1822, 3499, 2012, 2796, 3137, 502, 3896, 2845, 2184, 45, 2769, 3819, 3107, 2445, 1472, 3128, 23, 3214, 2370, 2448, 2015, 3527, 1742, 1162, 843, 461, 778, 1560, 17, 3222, 199, 1593, 73, 940, 3411, 2296, 1949, 1921, 2400, 1441, 3324, 1762, 2756, 388, 873, 3130, 1890, 1540, 493, 2123, 3252, 559, 1878, 635, 1284, 750, 3633, 923, 1533, 3885, 402, 520, 1746, 3596, 231, 588, 1077, 2735, 3009, 1573, 377, 3348, 1735, 848, 839, 1329, 3745, 111, 417, 599, 2937, 2002, 3621, 2080, 2125, 731, 1944, 2759, 2354, 1027, 2777, 709, 1360, 3430, 1154, 3585, 3425, 1596, 348, 1538, 2820, 380, 1079, 457, 1664, 3075, 1523, 3473, 3015, 3339, 1824, 407, 2494, 141, 3070, 2655, 1739, 2584, 824, 1218, 1993, 544, 1847, 378, 3855, 1306, 2267, 414, 2456, 208, 2205, 22, 591, 221, 565, 3592, 2566, 1140, 567, 2337, 2504, 50, 11, 2699, 553, 1094, 3242, 661, 217, 1293, 1335, 575, 3784, 581, 2131, 705, 1482, 3603, 2258, 3057, 1541, 1674, 815, 252, 2757, 1020, 2611, 2928, 2387, 1447, 1388, 796, 3534, 2040, 1534, 1860, 1509, 3451, 2328, 2721, 2726, 2867, 2642, 2534, 2556, 736, 1643, 497, 684, 3367, 193, 479, 3878, 96, 3652, 2356, 2270, 1352, 1583, 1226, 3639, 289, 2060, 744, 3331, 2178, 3562, 1328, 558, 323, 1318, 2732, 3894, 28, 3164, 3207, 1056, 1026, 1851, 1627, 2862, 2307, 172, 2768, 885, 209, 590, 1555, 1376, 3865, 1167, 3780, 481, 2911, 1492, 3078, 3144, 756, 1127, 2554, 3806, 1055, 2860, 224, 3935, 2939, 3191, 51, 2241, 714, 3744, 3602, 3674, 3852, 1535, 1123, 1361, 2850, 670, 564, 3264, 1348, 1543, 54, 3576, 290, 1317, 1829, 2866, 1418, 1412, 2260, 3702, 2660, 3388, 1926, 3777, 777, 2804, 1609, 3445, 674, 151, 3299, 39, 3453, 1344, 2776, 1662, 3712, 198, 2977, 3276, 2439, 1765, 1693, 36, 1797, 364, 324, 2204, 423, 1545, 486, 220, 863, 1675, 1795, 1093, 589, 1245, 2546, 3510, 2682, 3340, 513, 3083, 2624, 3086, 1034, 2773, 2314, 3259, 1868, 3405, 3346, 178, 1269, 1532, 26, 393, 2884, 1686, 966, 3365, 3533, 3281, 822, 2557, 3432, 711, 2206, 3759, 2593, 1887, 2847, 358, 2640, 3282, 80, 2976, 2686, 3530, 2021, 1867, 3343, 2345, 707, 2952, 3560, 1043, 1, 2403, 1830, 398, 2463, 1895, 2474, 1521, 3025, 3104, 3292, 2280, 2432, 3830, 321, 2670, 3591, 2224, 2920, 1163, 3325, 2702, 387, 66, 3662, 1444, 2831, 748, 2779, 2077, 738, 1599, 1578, 2673, 1125, 1588, 2382, 2637, 1462, 1381, 653, 3685, 3361, 3898, 3112, 3825, 3588, 2767, 3807, 41, 1952, 2856, 60, 2425, 2730, 1098, 2588, 1505, 3737, 3801, 3914, 1422, 3333, 3752, 1906, 3788, 2626, 3870, 2828, 2113, 2763, 2656, 1209, 2639, 1015, 3404, 2788, 2822, 695, 2823, 624, 1703, 1105, 3876, 1500, 861, 3690, 1953, 2942, 2607, 2827, 3686, 3163, 3260, 1915, 1073, 3663, 1037, 989, 2059, 2149, 130, 3003, 1177, 494, 1165, 3887, 3124, 491, 851, 1679, 3229, 3764, 1046, 1198, 3312, 2552, 3524, 634, 1858, 68, 3581, 607, 107, 2815, 2156, 1430, 534, 2608, 2921, 3654, 1450, 3856, 1731, 3538, 3341, 2902, 65, 2114, 1506, 1747, 2532, 3011, 1631, 2573, 482, 319, 2001, 3482, 303, 2289, 2720, 471, 2669, 3298, 1174, 1217, 1852, 367, 1068, 316, 1003, 2487, 3833, 1642, 2023, 2226, 2603, 3664, 1626, 467, 732, 1164, 3485, 1825, 2249, 3067, 3354, 433, 3866, 3700, 3845, 2979, 2398, 1685, 3750, 140, 3629, 2203, 568, 773, 3123, 957, 2326, 3409, 2013, 3520, 86, 710, 1999, 3646, 1695, 922, 3924, 3707, 1220, 3536, 334, 1185, 313, 1676, 889, 291, 1228, 2541, 2522, 3659, 789, 2586, 1744, 538, 908, 1987, 1638, 1024, 357, 2909, 1107, 254, 93, 1143, 2214, 386, 2654, 1519, 2515, 733, 3455, 3570, 1033, 1804, 725, 3579, 562, 40, 1225, 1491, 2182, 855, 3699, 3705, 164, 2199, 1580, 890, 424, 370, 2112, 1114, 3743, 2324, 3804, 2653, 214, 1838, 1420, 147, 1358, 3237, 2580, 1157, 372, 2424, 3457, 3932, 840, 1779, 67, 1563, 70, 1837, 686, 857, 1946, 3363, 3571, 385, 592, 3918, 1979, 3539, 3758, 1029, 958, 2718, 1707, 1292, 2486, 437, 3012, 3178, 2877, 307, 1542, 2081, 2396, 2187, 2381, 3725, 2840, 376, 118, 2949, 1537, 249, 3631, 425, 821, 431, 1984, 2814, 723, 1908, 3797, 3310, 2348, 1630, 3330, 203, 3418, 3682, 2208, 499, 1900, 1957, 3208, 1346, 1189, 1257, 3523, 2360, 2985, 2026, 1290, 2513, 1305, 1896, 1982, 2907, 2671, 2901, 3508, 312, 1612, 1666, 2248, 1378, 3048, 2016, 1653, 2912, 999, 3269, 3035, 2926, 1116, 1715, 699, 3302, 1539, 99, 3235, 1353, 2055, 2908, 955, 2675, 2452, 3268, 2347, 3505, 180, 2444, 3678, 1350, 3116, 3342, 569, 3624, 3730, 1995, 1697, 1705, 1784, 2590, 1061, 524, 896, 1725, 2948, 230, 1014, 1347, 3318, 503, 215, 769, 529, 327, 2461, 2631, 74, 801, 3463, 1289, 3279, 2524, 3749, 978, 3217, 997, 1929, 2048, 3886, 741, 1614, 163, 3515, 3306, 1754, 2154, 3356, 541, 94, 3794, 1240, 3933, 3610, 2619, 136, 3546, 1940, 697, 2530, 3734, 1912, 1517, 429, 3195, 1089, 3119, 3717, 1589, 1565, 1548, 371, 56, 1498, 3247, 910, 3626, 2620, 1308, 2453, 3065, 2054, 2228, 844, 2176, 573, 2992, 722, 860, 1763, 3004, 2579, 1854, 1106, 125, 1904, 2025, 2962, 280, 3236, 1230, 277, 1129, 2074, 3385, 274, 1054, 3213, 1304, 1148, 2925, 3420, 134, 2964, 2666, 2471, 210, 1236, 2281, 236, 3521, 3789, 2385, 456, 800, 1488, 100, 2805, 846, 566, 434, 3127, 2165, 3504, 3014, 3512, 2110, 1268, 1013, 2483, 659, 2875, 146, 3469, 3344, 2496, 525, 877, 260, 3423, 833, 658, 625, 2550, 557, 718, 1295, 1478, 1424, 2984, 1701, 1761, 2004, 1325, 3837, 44, 3052, 3768, 95, 78, 2344, 2247, 1477, 2133, 3010, 438, 2537, 2568, 3818, 3368, 3413, 3785, 2085, 2272, 3311, 2196, 1280, 3711, 3317, 297, 3487, 2442, 1726, 282, 2998, 3657, 1303, 1549, 2717, 3638, 2343, 1331, 1349, 317, 1604, 2753, 2744, 3176, 3582, 3509, 128, 102, 369, 3444, 3089, 2078, 9, 3709, 1972, 278, 129, 440, 689, 2706, 1351, 521, 2340, 3136, 1084, 1212, 1219, 1619, 1958, 2944, 1807, 3291, 3732, 2600, 1892, 1801, 626, 2643, 1568, 3027, 2488, 668, 3148, 1281, 2813, 683, 2799, 1251, 3440, 1843, 3352, 104, 920, 2526, 2138, 3608, 2353, 600, 3773, 2994, 1780, 847, 3077, 3692, 2469, 3879, 586, 2848, 601, 2493, 2736, 2995, 627, 2766, 3893, 2377, 2829, 1771, 1668, 644, 3386, 1672, 261, 2533, 475, 643, 30, 1806, 1950, 2186, 2363, 1128, 1072, 1062, 3665, 2188, 2056, 3525, 691, 1694, 3771, 52, 906, 719, 1786, 621, 119, 3906, 1243, 2043, 1965, 2628, 1835, 2408, 3904, 1387, 2472, 752, 264, 2384, 3529, 3391, 314, 2941, 2535, 826, 3108, 13, 3561, 341, 484, 2107, 1688, 1571, 3892, 472, 2358, 2089, 595, 3454, 1802, 593, 2888, 256, 2217, 1617, 1030, 3467, 1254, 2802, 1099, 2366, 2519, 422, 2011, 1373, 3731, 1091, 2715, 1067, 1558, 987, 3185, 3360, 1833, 3439, 3323, 2147, 373, 3013, 838, 2947, 2468, 1480, 3869, 3647, 2170, 3449, 3274, 1924, 939, 2887, 1907, 153, 1663, 3131, 1520, 716, 3231, 1227, 3149, 3278, 858, 1767, 517, 3680, 10, 828, 2127, 1875, 3161, 2842, 2991, 1182, 3224, 2774, 2667, 1222, 3005, 1788, 907, 1258, 1486, 1007, 3401, 3540, 1170, 3101, 3594, 1063, 1301, 1471, 632, 2041, 2352, 816, 734, 1526, 1391, 2969, 1769, 1874, 347, 1706, 2525, 2633, 2098, 1435, 3241, 3238, 3846, 1975, 609, 561, 1124, 825, 275, 3250, 798, 1175, 1644, 781, 194, 1411, 1407, 533, 342, 2466, 615, 628, 3113, 3828, 2891, 1657, 2797, 1052, 1210, 1324, 158, 1363, 318, 754, 2150, 2781, 1272, 2754, 1190, 2, 662, 783, 1437, 1632, 1224, 1201, 412, 379, 3076, 3050, 3244, 3028, 3677, 2853, 496, 383, 2250, 3597, 1897, 446, 2701, 59, 884, 3590, 186, 1504, 3096, 3513, 43, 2498, 336, 298, 1845, 3873, 2262, 3319, 3099, 1392, 167, 2728, 310, 2562, 2894, 328, 730, 2257, 2649, 405, 2073, 3694, 1256, 3532, 175, 3559, 2251, 3928, 1554, 257, 1377, 1841, 1864, 1857, 353, 1923, 1183, 812, 1002, 2904, 1453, 1968, 301, 413, 268, 3643, 2391, 267, 3765, 229, 3036, 2266, 1823, 518, 1839, 2097, 76, 2531, 3511, 2857, 782, 3272, 727, 3294, 1302, 622, 2459, 3689, 29, 1101, 360, 3416, 869, 3799, 478, 2849, 3735, 3812, 1782, 3429, 1096, 105, 1401, 1146, 3441, 3267, 555, 155, 1000, 184, 1152, 1577, 495, 132, 2392, 238, 392, 2143, 2449, 1634, 660, 3676, 3902, 2783, 3146, 3890, 250, 1232, 3223, 1594, 3460, 3381, 610, 3834, 2409, 1260, 3125, 2374, 1989, 3580, 2892, 3526, 3522, 381, 3166, 1223, 3392, 218, 1722, 1937, 3155, 948, 332, 2596, 1911, 724, 406, 3092, 2121, 2882, 3350, 1817, 2910, 2688, 511, 20, 2953, 3583, 2160, 2135, 967, 2745, 2414, 2482, 61, 3283, 3286, 2489, 1736, 2772, 2722, 3919, 3847, 1510, 1147, 1044, 2202, 3921, 1264, 1493, 1861, 2473, 344, 1297, 1778, 2751, 1652, 859, 356, 1916, 2359, 1800, 3088, 772, 2433, 1584, 1404, 2575, 1469, 2390, 579, 3519, 2369, 1262, 692, 3046, 1559, 1494, 2227, 2216, 2177, 1745, 2646, 3488, 1673, 1051, 1516, 1826, 3930, 3916, 101, 3328, 823, 3557, 785, 3766, 3248, 1104, 1396, 3081, 2505, 1689, 3053, 2087, 2961, 3880, 1337, 1053, 2211, 1618, 2684, 5, 2478, 1655, 550, 389, 1981, 3872, 1431, 2049, 2548, 932, 3900, 2282, 3412, 1647, 3181, 1423, 279, 3288, 1313, 696, 384, 1452, 3763, 3715, 2973, 3637, 3152, 2018, 1734, 1047, 2297, 1426, 2212, 1126, 648, 765, 3475, 1019, 2263, 285, 938, 681, 3448, 2521, 1884, 640, 2511, 1624, 1977, 2632, 2752, 895, 2758, 3093, 929, 2895, 1629, 3422, 1039, 1639, 3762, 2355, 1151, 2399, 1178, 2719, 3345, 1467, 767, 490, 2303, 2876, 2042, 2029, 2529, 3198, 1524, 1298, 3667, 255, 3863, 3622, 2800, 954, 3329, 2801, 2747, 2739, 362, 2676, 3337, 3426, 123, 2858, 3309, 1057, 793, 2233, 983, 3470, 537, 2627, 1038, 2793, 1216, 1863, 720, 961, 813, 2000, 519, 2975, 219, 148, 3105, 253, 1159, 917, 2161, 514, 103, 2571, 1248, 2155, 764, 672, 1764, 1909, 3071, 3925, 2185, 263, 3601, 1187, 3251, 2775, 1836, 3490, 2543, 1853, 3693, 1172, 25, 444, 3468, 2291, 2047, 2516, 530, 1743, 3760, 742, 1930, 1757, 2540, 1616, 2808, 191, 2066, 3043, 2678, 62, 1118, 3843, 1440, 2851, 1606, 1790, 3126, 545, 3021, 977, 540, 878, 1171, 2900, 2825, 1680, 338, 3410, 3859, 322, 1882, 1059, 1849, 2393, 1466, 2213, 3304, 1681, 3607, 549, 3133, 547, 331, 3934, 296, 757, 3110, 755, 1812, 2239, 81, 287, 1714, 694, 2464, 3790, 2162, 3642, 1760, 2518, 374, 2375, 2243, 2652, 830, 2614, 439, 667, 527, 1888, 1485, 1213, 2072, 1818, 2906, 637, 1208, 1311, 1196, 3145, 3684, 258, 1237, 113, 1278, 2893, 1809, 2846, 1840, 1393, 2115, 2520, 3861, 2371, 2945, 2088, 162, 3630, 32, 2230, 2647, 1587, 2153, 3545, 3263, 795, 2301, 359, 3182, 1815, 1017, 185, 713, 1737, 2748, 1720, 902, 2104, 2830, 3006, 1997, 2855, 1415, 3671, 1249, 3378, 2033, 1071, 1102, 126, 1497, 3037, 3061, 806, 1448, 1513, 1279, 1155, 1783, 156, 712, 1137, 3295, 3190, 1716, 2215, 1967, 2119, 2447, 276, 865, 300, 1035, 3551, 2427, 673, 3359, 1633, 2597, 326, 1525, 2179, 745, 3793, 187, 2693, 1117, 3666, 3542, 2792, 899, 1821, 3372, 3380, 3912, 1710, 852, 3823, 2429, 3747, 735, 2338, 630, 2610, 928, 340, 682, 3314, 638, 91, 227, 1141, 3370, 248, 2319, 2460, 1610, 3321, 835, 2982, 8, 1749, 3791, 3300, 2708, 1400, 563, 2193, 3778, 2615, 2327, 1282, 2336, 1036, 3568, 3480, 1001, 706, 2883, 2388, 2863, 636, 949, 320, 2987, 2685, 2462, 3755, 3547, 3496, 1078, 836, 3748, 617, 1805, 1261, 2428, 2770, 3020, 2749, 2636, 2294, 3625, 2711, 2174, 3786, 1935, 1263, 604, 3227, 2091, 2481, 872, 1395, 3034, 3032, 2007, 133, 726, 1669, 0, 3772, 688, 2507, 1502, 1119, 3653, 3857, 962, 2313, 3681, 1136, 2437, 2315, 2818, 1402, 1433, 3882, 2694, 46, 1635, 3351, 2283, 1990, 1654, 1192, 2232, 952, 3173, 135, 170, 2271, 1120, 3424, 1253, 47, 2934, 2602, 3796, 925, 3266, 1986, 1495, 761, 3816, 37, 2413, 3636, 1776, 117, 1846, 2024, 1130, 2309, 333, 2569, 802, 2932, 1699, 2743, 1277, 226, 1620, 876, 3821, 1529, 3575, 3905, 3000, 3433, 3888, 2333, 1200, 1367, 1446, 3708, 1758, 2171, 2786, 2613, 1410, 3192, 3835, 1598, 1770, 2760, 1319, 3080, 968, 3761, 1307, 3051, 2320, 1085, 3891, 3563, 1449, 3548, 1086, 228, 2978, 1166, 2426, 671, 3556, 3724, 306, 3476, 2999, 701, 350, 3798, 234, 1585, 315, 1803, 602, 2069, 1326, 2936, 121, 881, 3695, 1191, 1316, 120, 1465, 2100, 2565, 3535, 953, 2729, 2378, 98, 2705, 3132, 3822, 2130, 3326, 1948, 2917, 399, 3301, 18, 415, 2727, 2878, 3824, 2479, 2698, 1193, 1919, 3122, 2052, 1547, 3206, 395, 3199, 2221, 239, 1042, 871, 2816, 1942, 1009, 2192, 1045, 1238, 2144, 535, 442, 3100, 3362, 3347, 2200, 1922, 223, 3374, 1110, 3041, 1831, 492, 2287, 2700, 988, 3143, 2318, 1158, 2625, 3871, 649, 2956, 1427, 2764, 2467, 1955, 1514, 3039, 1417, 594, 2812, 3484, 1464, 1028, 2784, 2931, 2890, 2173, 3355, 2412, 3611, 3776, 2288, 1139, 2084, 1798, 3219, 3102, 657, 2787, 810, 2311, 1058, 3514, 979, 2658, 2197, 2079, 1454, 145, 3459, 2032, 3364, 1886, 1428, 2927, 1980, 912, 21, 1730, 898, 612, 2929, 351, 1766, 645, 343, 2053, 811, 188, 663, 3464, 1083, 1570, 3710, 2881, 715, 3774, 780, 664, 2290, 3387, 2317, 2181, 905]
labeling = [1, 8, 4, 7, 0, 11, 7, 1, 15, 7, 16, 13, 2, 7, 4, 0, 2, 12, 20, 5, 18, 24, 12, 9, 6, 17, 14, 4, 10, 14, 11, 1, 13, 3, 0, 2, 12, 22, 3, 16, 12, 15, 7, 20, 17, 4, 20, 5, 0, 6, 15, 10, 17, 6, 11, 5, 14, 11, 3, 18, 11, 21, 18, 6, 1, 10, 8, 16, 13, 8, 17, 10, 8, 13, 17, 5, 20, 12, 15, 1, 8, 17, 3, 0, 6, 1, 14, 12, 2, 10, 8, 21, 4, 14, 17, 6, 1, 4, 23, 17, 19, 21, 18, 22, 11, 20, 0, 14, 8, 0, 2, 10, 5, 22, 6, 10, 0, 23, 12, 17, 19, 14, 6, 18, 10, 16, 20, 4, 10, 15, 12, 4, 20, 13, 16, 20, 15, 0, 3, 9, 12, 14, 10, 5, 4, 23, 17, 13, 22, 10, 4, 13, 6, 16, 10, 17, 20, 11, 15, 2, 0, 10, 21, 15, 12, 8, 6, 17, 8, 4, 15, 5, 8, 1, 7, 5, 1, 8, 13, 9, 14, 3, 10, 4, 13, 17, 11, 16, 22, 12, 2, 11, 0, 12, 18, 7, 11, 9, 15, 11, 7, 3, 5, 12, 10, 8, 6, 10, 7, 14, 16, 4, 0, 5, 19, 22, 10, 12, 16, 22, 15, 13, 9, 17, 0, 6, 22, 19, 24, 18, 21, 12, 3, 1, 19, 2, 9, 6, 18, 16, 3, 12, 4, 11, 3, 8, 0, 7, 20, 11, 17, 10, 5, 19, 13, 11, 4, 16, 21, 0, 13, 15, 9, 21, 14, 5, 2, 20, 18, 11, 8, 6, 2, 11, 18, 20, 22, 12, 14, 19, 12, 9, 18, 5, 7, 15, 10, 7, 1, 13, 15, 17, 7, 2, 8, 11, 23, 17, 20, 2, 21, 18, 2, 11, 3, 7, 22, 19, 0, 11, 19, 7, 15, 11, 14, 19, 12, 16, 13, 10, 10, 14, 20, 12, 14, 9, 16, 12, 17, 8, 2, 15, 17, 19, 11, 3, 7, 5, 18, 0, 22, 12, 14, 22, 20, 12, 7, 18, 11, 5, 18, 6, 4, 17, 9, 5, 19, 6, 10, 16, 18, 10, 20, 9, 15, 1, 9, 4, 3, 10, 12, 18, 10, 15, 18, 0, 11, 8, 12, 19, 13, 22, 11, 7, 5, 13, 17, 11, 7, 22, 4, 10, 19, 14, 5, 22, 2, 8, 13, 17, 6, 4, 14, 6, 13, 19, 21, 13, 5, 3, 11, 8, 15, 17, 9, 14, 0, 15, 1, 3, 15, 6, 18, 11, 14, 17, 13, 2, 9, 11, 2, 8, 5, 17, 19, 5, 8, 13, 16, 19, 10, 4, 20, 5, 19, 8, 18, 4, 7, 1, 4, 7, 1, 9, 0, 5, 15, 13, 3, 1, 6, 13, 3, 6, 3, 9, 2, 15, 10, 7, 13, 17, 20, 0, 9, 13, 3, 1, 16, 8, 5, 14, 16, 9, 19, 4, 16, 3, 12, 5, 20, 11, 19, 8, 14, 17, 15, 6, 8, 17, 0, 10, 14, 18, 10, 13, 15, 2, 5, 11, 6, 8, 3, 9, 18, 2, 16, 20, 17, 21, 14, 16, 6, 10, 18, 20, 0, 7, 2, 12, 20, 11, 9, 13, 10, 24, 4, 20, 18, 7, 22, 8, 5, 2, 7, 21, 6, 22, 7, 21, 19, 1, 10, 13, 11, 16, 0, 11, 14, 3, 8, 19, 15, 24, 14, 9, 13, 4, 12, 17, 6, 8, 15, 18, 8, 10, 2, 5, 1, 18, 2, 15, 1, 9, 7, 5, 18, 4, 13, 16, 11, 7, 3, 11, 22, 12, 6, 13, 10, 12, 18, 20, 22, 2, 20, 5, 3, 6, 2, 13, 16, 7, 22, 11, 6, 16, 8, 17, 3, 10, 0, 11, 15, 5, 4, 9, 12, 15, 19, 14, 21, 2, 15, 4, 18, 15, 21, 18, 20, 2, 15, 6, 1, 18, 16, 23, 7, 5, 17, 21, 11, 9, 6, 14, 0, 4, 0, 20, 15, 13, 20, 9, 16, 19, 22, 12, 7, 20, 18, 11, 7, 12, 7, 18, 11, 6, 8, 15, 1, 6, 0, 16, 19, 12, 15, 6, 16, 1, 10, 13, 9, 15, 18, 11, 19, 13, 17, 14, 4, 16, 13, 21, 8, 4, 0, 11, 19, 12, 2, 14, 10, 7, 20, 18, 2, 23, 17, 7, 14, 9, 13, 6, 16, 14, 17, 12, 21, 18, 8, 5, 16, 11, 14, 16, 19, 4, 5, 3, 11, 8, 3, 15, 19, 2, 11, 19, 4, 6, 12, 2, 9, 3, 9, 0, 14, 16, 11, 18, 3, 7, 4, 21, 9, 1, 15, 17, 5, 20, 3, 10, 7, 2, 13, 9, 0, 1, 9, 5, 11, 5, 11, 12, 7, 3, 0, 1, 0, 0, 0, 0, 0, 1, 2, 1, 0, 1, 0, 0, 1, 0, 0, 4, 13, 3, 7, 5, 15, 7, 0, 4, 8, 16, 7, 12, 3, 0, 0, 8, 10, 6, 9, 11, 6, 19, 3, 13, 10, 0, 5, 2, 7, 0, 0, 11, 3, 12, 15, 1, 16, 2, 10, 8, 6, 2, 8, 0, 5, 1, 4, 2, 0, 9, 5, 3, 0, 14, 5, 1, 11, 9, 1, 4, 2, 0, 0, 9, 6, 4, 2, 13, 4, 8, 13, 4, 2, 0, 15, 8, 10, 0, 0, 13, 1, 7, 9, 5, 7, 2, 0, 7, 9, 4, 12, 3, 6, 0, 0, 3, 11, 5, 3, 1, 14, 6, 8, 10, 1, 16, 6, 1, 8, 0, 0, 5, 8, 1, 6, 9, 5, 3, 1, 6, 13, 2, 0, 7, 2, 0, 0, 11, 4, 9, 14, 3, 8, 0, 4, 2, 0, 11, 5, 3, 6, 0, 0, 2, 6, 3, 10, 15, 1, 5, 10, 20, 12, 7, 2, 9, 11, 0, 0, 5, 11, 1, 7, 5, 13, 7, 18, 8, 3, 0, 4, 7, 5, 1, 0, 7, 9, 14, 3, 12, 0, 16, 2, 6, 1, 8, 16, 14, 0, 2, 1, 4, 0, 2, 6, 14, 2, 8, 0, 9, 7, 4, 0, 10, 7, 1, 0, 11, 5, 7, 4, 0, 6, 4, 7, 13, 0, 11, 7, 4, 2, 0, 0, 8, 10, 1, 14, 2, 10, 1, 5, 2, 6, 14, 3, 0, 6, 1, 0, 2, 6, 3, 8, 11, 3, 12, 8, 10, 4, 1, 9, 7, 14, 0, 0, 15, 12, 9, 5, 7, 0, 5, 1, 6, 8, 10, 2, 5, 3, 0, 0, 8, 4, 0, 3, 10, 15, 13, 3, 0, 5, 12, 8, 10, 15, 0, 0, 5, 1, 10, 6, 8, 5, 2, 12, 4, 10, 7, 1, 4, 7, 0, 1, 3, 11, 8, 4, 2, 13, 0, 5, 1, 6, 3, 9, 6, 1, 3, 2, 0, 4, 6, 9, 5, 11, 4, 8, 15, 9, 5, 0, 2, 4, 0, 3, 11, 2, 10, 3, 8, 0, 7, 2, 0, 4, 12, 6, 10, 7, 0, 4, 1, 5, 16, 1, 4, 12, 9, 6, 3, 7, 10, 8, 3, 17, 0, 0, 3, 7, 14, 9, 0, 8, 2, 0, 9, 13, 1, 4, 0, 15, 1, 1, 10, 0, 12, 2, 10, 3, 17, 10, 15, 0, 3, 11, 2, 4, 1, 1, 12, 4, 8, 5, 1, 7, 0, 3, 1, 4, 7, 1, 13, 0, 3, 2, 0, 6, 13, 10, 4, 12, 6, 13, 7, 2, 15, 10, 3, 6, 2, 5, 3, 9, 2, 6, 14, 10, 3, 9, 5, 0, 12, 4, 11, 1, 4, 1, 7, 5, 11, 0, 5, 2, 7, 4, 8, 14, 5, 16, 6, 9, 0, 2, 0, 3, 6, 8, 11, 9, 1, 15, 2, 6, 3, 1, 10, 5, 0, 1, 4, 14, 10, 4, 2, 0, 6, 3, 7, 10, 0, 9, 7, 1, 4, 0, 2, 11, 5, 1, 9, 11, 4, 8, 5, 12, 16, 13, 5, 3, 6, 1, 8, 0, 3, 12, 7, 3, 13, 0, 3, 8, 2, 15, 10, 12, 1, 0, 5, 2, 14, 4, 1, 5, 8, 2, 16, 4, 6, 8, 4, 0, 2, 3, 1, 7, 9, 0, 11, 2, 14, 9, 7, 2, 0, 5, 2, 13, 1, 0, 8, 4, 13, 5, 3, 6, 18, 4, 0, 10, 7, 3, 12, 5, 0, 0, 15, 6, 0, 9, 16, 4, 2, 6, 3, 1, 11, 9, 1, 8, 2, 2, 5, 1, 3, 12, 2, 9, 0, 11, 7, 12, 4, 13, 7, 0, 2, 3, 0, 17, 8, 6, 0, 3, 12, 5, 10, 2, 0, 5, 2, 4, 1, 4, 2, 9, 14, 21, 4, 10, 8, 2, 0, 4, 7, 3, 9, 6, 1, 0, 8, 4, 1, 12, 2, 14, 0, 6, 15, 9, 2, 10, 4, 14, 0, 0, 5, 7, 3, 5, 0, 4, 2, 12, 8, 3, 14, 0, 8, 2, 0, 6, 3, 0, 8, 1, 16, 7, 5, 9, 1, 7, 5, 2, 12, 6, 0, 4, 1, 5, 10, 6, 8, 1, 14, 0, 3, 9, 0, 6, 1, 16, 0, 0, 12, 3, 1, 4, 2, 11, 4, 6, 13, 18, 3, 8, 4, 2, 0, 1, 9, 0, 6, 12, 17, 9, 0, 3, 7, 2, 9, 5, 0, 7, 1, 1, 11, 8, 3, 5, 8, 6, 10, 8, 11, 6, 4, 2, 8, 3, 0, 0, 2, 1, 0, 0, 0, 0, 1, 0, 0, 0, 0, 0, 1, 1, 0, 0, 0, 2, 3, 2, 1, 6, 0, 0, 3, 6, 0, 0, 0, 0, 3, 0, 7, 5, 18, 14, 16, 4, 2, 5, 11, 13, 1, 11, 8, 18, 9, 6, 2, 0, 10, 16, 11, 21, 8, 0, 14, 20, 2, 5, 9, 15, 1, 16, 13, 0, 2, 17, 9, 13, 4, 20, 9, 18, 7, 4, 21, 16, 13, 19, 23, 10, 1, 2, 4, 12, 21, 7, 2, 15, 13, 19, 0, 9, 14, 7, 3, 9, 4, 2, 0, 19, 14, 5, 18, 10, 5, 7, 4, 15, 19, 12, 2, 16, 7, 19, 0, 0, 6, 11, 20, 14, 4, 16, 0, 9, 17, 22, 16, 6, 11, 5, 12, 0, 0, 12, 16, 8, 12, 7, 9, 15, 7, 1, 4, 11, 3, 13, 18, 7, 1, 0, 8, 20, 14, 2, 5, 19, 10, 2, 5, 17, 15, 21, 2, 6, 0, 2, 1, 13, 0, 7, 16, 18, 2, 7, 9, 21, 12, 7, 4, 18, 8, 12, 1, 1, 7, 5, 11, 0, 24, 14, 19, 11, 14, 1, 19, 0, 13, 4, 9, 1, 5, 3, 19, 23, 2, 19, 16, 12, 15, 19, 7, 21, 14, 3, 17, 14, 1, 4, 6, 2, 5, 20, 6, 21, 18, 20, 9, 14, 18, 6, 0, 15, 4, 0, 2, 19, 10, 1, 13, 2, 17, 6, 14, 18, 0, 20, 17, 19, 21, 12, 0, 2, 17, 3, 12, 8, 10, 23, 1, 5, 15, 4, 6, 24, 11, 0, 14, 1, 2, 10, 15, 17, 5, 12, 14, 16, 23, 6, 14, 8, 13, 21, 15, 5, 0, 2, 18, 7, 14, 9, 17, 22, 11, 4, 18, 0, 12, 15, 23, 17, 2, 0, 1, 8, 3, 5, 16, 1, 20, 17, 0, 7, 16, 14, 0, 3, 1, 12, 3, 0, 19, 6, 8, 11, 9, 6, 3, 16, 4, 22, 11, 16, 9, 20, 0, 3, 2, 16, 0, 3, 13, 15, 17, 0, 9, 13, 7, 9, 6, 14, 5, 8, 1, 0, 18, 2, 16, 21, 3, 1, 10, 21, 3, 5, 21, 8, 10, 21, 17, 0, 0, 12, 8, 10, 17, 20, 7, 5, 2, 0, 19, 4, 20, 7, 0, 15, 2, 9, 1, 13, 7, 15, 2, 17, 3, 9, 4, 14, 16, 2, 21, 3, 12, 2, 2, 6, 0, 3, 8, 0, 13, 8, 21, 15, 6, 1, 4, 17, 6, 0, 3, 0, 16, 2, 15, 23, 20, 11, 6, 17, 2, 18, 15, 0, 20, 16, 2, 4, 0, 9, 19, 8, 21, 3, 9, 23, 15, 12, 1, 20, 10, 12, 19, 6, 0, 1, 18, 11, 16, 10, 17, 12, 1, 20, 0, 9, 18, 6, 3, 21, 12, 0, 1, 3, 21, 9, 12, 22, 20, 9, 7, 2, 15, 10, 12, 14, 16, 20, 0, 0, 13, 8, 22, 14, 11, 3, 14, 12, 21, 18, 14, 16, 2, 5, 10, 1, 0, 11, 6, 0, 3, 17, 15, 11, 22, 6, 11, 21, 10, 15, 7, 0, 4, 0, 20, 12, 18, 5, 2, 22, 19, 9, 16, 22, 18, 7, 17, 12, 2, 4, 0, 2, 19, 11, 7, 21, 8, 5, 7, 21, 8, 4, 16, 13, 3, 10, 0, 0, 11, 13, 21, 14, 12, 1, 23, 2, 19, 11, 17, 8, 15, 9, 12, 1, 1, 16, 7, 4, 19, 6, 15, 0, 6, 12, 9, 3, 1, 4, 13, 21, 1, 1, 14, 3, 13, 17, 0, 2, 12, 16, 22, 15, 5, 14, 2, 16, 18, 0, 0, 4, 17, 8, 12, 3, 6, 15, 21, 8, 23, 19, 12, 9, 20, 12, 2, 0, 22, 12, 10, 4, 20, 18, 11, 19, 3, 9, 1, 17, 21, 6, 4, 1, 1, 9, 14, 20, 8, 17, 5, 3, 14, 16, 11, 14, 6, 10, 19, 14, 0, 1, 6, 8, 5, 1, 3, 0, 22, 5, 2, 13, 7, 12, 17, 13, 1, 4, 0, 20, 18, 2, 9, 5, 8, 4, 20, 0, 9, 5, 19, 3, 6, 8, 0, 0, 11, 14, 20, 0, 2, 12, 9, 11, 19, 16, 13, 17, 10, 12, 16, 1, 1, 13, 10, 7, 5, 11, 3, 13, 1, 8, 14, 1, 4, 8, 5, 9, 1, 5, 9, 3, 0, 10, 22, 24, 10, 14, 18, 2, 10, 22, 2, 13, 18, 0, 0, 4, 16, 2, 21, 13, 17, 8, 11, 3, 21, 6, 24, 4, 19, 10, 0, 1, 15, 22, 17, 23, 9, 6, 2, 15, 6, 11, 20, 8, 11, 5, 2, 0, 3, 8, 4, 21, 5, 22, 4, 16, 3, 1, 7, 13, 5, 3, 10, 12, 1, 0, 10, 20, 18, 10, 20, 8, 6, 13, 15, 12, 8, 0, 18, 6, 0, 2, 1, 7, 17, 5, 21, 7, 1, 17, 20, 6, 14, 17, 10, 4, 13, 11, 1, 6, 12, 4, 9, 19, 4, 16, 12, 14, 17, 0, 3, 13, 6, 10, 18, 2, 0, 5, 8, 0, 1, 0, 5, 2, 5, 2, 4, 6, 2, 0, 1, 0, 0, 0, 0, 0, 0, 0, 0, 0, 0, 1, 3, 4, 1, 2, 1, 0, 0, 1, 7, 3, 13, 2, 9, 6, 3, 10, 0, 2, 7, 0, 17, 2, 4, 0, 5, 12, 9, 5, 7, 10, 1, 5, 8, 11, 3, 12, 6, 8, 0, 0, 13, 17, 6, 0, 13, 8, 12, 9, 2, 5, 8, 4, 13, 1, 3, 5, 3, 1, 4, 15, 11, 2, 15, 1, 4, 0, 11, 9, 2, 5, 3, 2, 0, 7, 2, 8, 3, 6, 17, 7, 12, 6, 3, 7, 10, 0, 2, 1, 8, 12, 5, 1, 10, 13, 8, 4, 2, 10, 12, 15, 6, 4, 1, 0, 10, 2, 7, 4, 8, 0, 3, 6, 8, 13, 7, 1, 11, 9, 0, 0, 6, 16, 0, 9, 3, 6, 1, 10, 4, 11, 5, 3, 0, 7, 2, 0, 3, 1, 6, 2, 0, 11, 5, 0, 9, 2, 12, 6, 16, 1, 4, 1, 14, 12, 10, 7, 4, 9, 2, 12, 6, 8, 1, 11, 5, 3, 0, 2, 0, 4, 16, 5, 1, 7, 0, 16, 10, 0, 4, 2, 9, 13, 0, 1, 3, 8, 0, 15, 13, 2, 8, 4, 13, 2, 7, 5, 1, 11, 0, 0, 11, 2, 6, 3, 8, 0, 13, 2, 5, 14, 0, 3, 16, 4, 0, 1, 4, 0, 9, 11, 1, 4, 10, 0, 8, 10, 5, 12, 8, 10, 0, 0, 9, 6, 2, 0, 10, 2, 5, 12, 15, 1, 3, 0, 4, 1, 3, 0, 13, 8, 4, 7, 3, 6, 1, 9, 3, 7, 9, 6, 2, 15, 0, 1, 5, 0, 6, 2, 0, 11, 4, 15, 1, 4, 12, 10, 0, 4, 1, 0, 3, 11, 9, 4, 13, 1, 6, 2, 10, 0, 7, 5, 11, 7, 0, 4, 1, 6, 2, 8, 6, 9, 16, 4, 6, 8, 4, 2, 6, 3, 0, 0, 9, 3, 5, 1, 15, 2, 14, 1, 15, 11, 6, 0, 4, 8, 0, 0, 2, 12, 8, 11, 3, 6, 0, 3, 9, 5, 1, 13, 9, 2, 0, 0, 7, 14, 1, 9, 14, 4, 2, 5, 7, 0, 11, 3, 7, 5, 0, 1, 5, 8, 4, 6, 1, 7, 12, 1, 4, 2, 5, 1, 10, 8, 0, 2, 0, 6, 9, 2, 5, 0, 8, 3, 0, 16, 9, 6, 4, 18, 0, 1, 8, 3, 0, 4, 7, 2, 16, 7, 10, 14, 1, 18, 7, 3, 0, 0, 2, 5, 7, 9, 0, 13, 5, 12, 8, 0, 11, 13, 5, 10, 1, 1, 7, 0, 15, 2, 17, 11, 2, 17, 1, 6, 3, 1, 12, 0, 2, 0, 5, 11, 9, 4, 6, 8, 10, 0, 16, 19, 9, 17, 10, 8, 1, 0, 13, 7, 1, 8, 14, 3, 1, 8, 4, 12, 15, 8, 14, 4, 0, 1, 4, 10, 13, 11, 0, 10, 6, 17, 7, 10, 1, 12, 5, 7, 0, 2, 0, 3, 6, 2, 5, 7, 4, 0, 2, 5, 7, 3, 17, 2, 0, 1, 14, 5, 0, 13, 3, 9, 1, 3, 8, 0, 4, 11, 1, 10, 3, 1, 4, 2, 7, 5, 1, 6, 11, 7, 1, 14, 9, 6, 3, 7, 0, 3, 0, 9, 3, 10, 8, 4, 9, 0, 6, 2, 13, 4, 15, 2, 0, 4, 2, 5, 1, 16, 0, 10, 7, 5, 11, 4, 10, 7, 12, 5, 1, 0, 10, 3, 6, 12, 19, 8, 0, 2, 8, 13, 15, 11, 2, 0, 3, 3, 1, 7, 4, 10, 7, 2, 6, 4, 0, 6, 9, 1, 7, 9, 1, 0, 4, 9, 0, 2, 4, 14, 1, 12, 5, 8, 13, 5, 14, 4, 0, 0, 15, 5, 3, 11, 1, 5, 7, 3, 11, 0, 4, 8, 0, 7, 1, 0, 3, 8, 6, 4, 8, 2, 10, 0, 9, 6, 2, 11, 16, 2, 4, 1, 7, 2, 11, 7, 5, 0, 8, 5, 1, 4, 0, 5, 3, 10, 0, 2, 0, 4, 16, 0, 2, 11, 4, 2, 6, 11, 7, 17, 1, 5, 0, 1, 5, 12, 1, 10, 7, 5, 9, 7, 0, 8, 2, 0, 10, 3, 0, 0, 7, 3, 9, 4, 17, 3, 0, 4, 12, 5, 9, 4, 2, 11, 0, 0, 2, 5, 7, 1, 5, 7, 10, 14, 3, 10, 15, 6, 9, 13, 0, 0, 8, 1, 4, 6, 2, 4, 8, 1, 9, 7, 2, 16, 7, 4, 0, 1, 5, 3, 10, 8, 0, 11, 5, 10, 2, 5, 11, 3, 1, 8, 2, 0, 2, 0, 0, 1, 3, 1, 0, 0, 0, 0, 0, 0, 4, 0, 0, 3, 0, 1, 9, 7, 9, 10, 3, 0, 4, 2, 5, 4, 2, 8, 14, 1, 9, 1, 6, 10, 17, 4, 8, 3, 18, 6, 3, 5, 15, 1, 7, 8, 14, 1, 5, 8, 0, 9, 0, 1, 2, 7, 0, 2, 8, 2, 1, 19, 14, 4, 0, 1, 6, 1, 0, 1, 5, 2, 0, 7, 18, 2, 1, 0, 12, 1, 16, 3, 2, 10, 0, 6, 0, 8, 2, 1, 10, 9, 12, 11, 3, 6, 5, 3, 1, 9, 1, 3, 9, 9, 0, 2, 3, 2, 3, 4, 3, 6, 12, 2, 1, 17, 9, 14, 2, 1, 3, 15, 11, 4, 1, 0, 3, 2, 8, 0, 4, 3, 11, 3, 18, 9, 8, 15, 0, 14, 4, 7, 8, 1, 6, 5, 1, 3, 9, 2, 3, 5, 1, 12, 1, 3, 18, 5, 13, 2, 7, 0, 17, 12, 1, 4, 6, 5, 0, 3, 0, 2, 9, 2, 10, 6, 10, 0, 11, 15, 0, 4, 0, 23, 1, 2, 0, 2, 1, 9, 5, 19, 8, 9, 4, 3, 16, 4, 1, 13, 0, 1, 8, 9, 3, 2, 3, 1, 1, 5, 9, 15, 16, 7, 3, 16, 8, 2, 3, 1, 4, 5, 2, 8, 1, 2, 1, 7, 2, 9, 8, 9, 7, 15, 0, 1, 3, 7, 1, 0, 8, 7, 6, 4, 3, 2, 8, 3, 4, 1, 2, 7, 9, 0, 1, 10, 2, 4, 2, 5, 6, 1, 8, 6, 4, 13, 5, 4, 14, 9, 2, 4, 3, 10, 1, 8, 2, 3, 1, 13, 12, 6, 5, 4, 10, 1, 5, 18, 4, 5, 1, 6, 1, 13, 4, 0, 12, 4, 9, 11, 5, 4, 5, 13, 4, 5, 1, 0, 1, 0, 3, 1, 6, 6, 4, 1, 2, 6, 4, 8, 4, 6, 13, 10, 1, 13, 2, 5, 3, 11, 2, 3, 8, 0, 1, 6, 16, 1, 0, 6, 14, 8, 1, 8, 15, 11, 12, 4, 1, 12, 1, 13, 2, 3, 7, 8, 13, 14, 14, 4, 1, 2, 5, 3, 2, 3, 5, 0, 17, 6, 7, 4, 5, 1, 21, 4, 0, 1, 2, 12, 1, 4, 7, 3, 7, 5, 1, 10, 2, 7, 2, 1, 0, 5, 7, 2, 8, 6, 4, 13, 1, 0, 1, 7, 6, 13, 0, 2, 4, 3, 4, 6, 5, 16, 4, 0, 4, 5, 9, 12, 2, 16, 0, 1, 4, 0, 8, 0, 8, 0, 4, 1, 7, 16, 10, 12, 18, 5, 12, 2, 1, 17, 8, 7, 8, 0, 9, 12, 15, 17, 8, 13, 12, 1, 4, 2, 3, 2, 6, 0, 5, 10, 5, 7, 21, 4, 1, 6, 12, 0, 14, 1, 3, 0, 9, 2, 0, 19, 17, 1, 5, 3, 15, 3, 9, 15, 4, 0, 9, 12, 0, 16, 15, 5, 0, 6, 8, 18, 4, 3, 9, 0, 1, 13, 21, 6, 2, 4, 0, 5, 15, 1, 4, 8, 5, 8, 2, 0, 12, 11, 12, 1, 9, 9, 1, 0, 2, 5, 11, 3, 7, 5, 1, 9, 3, 5, 7, 1, 6, 0, 2, 6, 1, 16, 0, 2, 14, 0, 3, 2, 1, 3, 0, 7, 16, 7, 11, 0, 7, 16, 17, 1, 2, 12, 0, 7, 1, 2, 0, 2, 3, 14, 21, 19, 7, 0, 9, 4, 0, 15, 8, 0, 10, 10, 0, 10, 4, 16, 15, 13, 3, 10, 6, 1, 8, 9, 2, 12, 1, 3, 4, 13, 7, 10, 17, 13, 6, 1, 8, 1, 7, 1, 10, 8, 4, 11, 3, 6, 1, 0, 3, 10, 3, 19, 0, 1, 3, 11, 2, 5, 9, 2, 0, 6, 2, 7, 4, 0, 3, 13, 0, 1, 2, 1, 8, 14, 1, 3, 5, 3, 9, 7, 5, 0, 3, 9, 0, 3, 6, 1, 4, 0, 4, 3, 0, 1, 8, 9, 18, 1, 18, 1, 13, 2, 14, 0, 7, 16, 0, 5, 12, 9, 22, 15, 10, 9, 0, 6, 1, 0, 9, 19, 0, 23, 1, 0, 10, 0, 1, 2, 1, 8, 7, 14, 13, 2, 1, 9, 5, 10, 5, 0, 1, 15, 3, 8, 15, 14, 2, 6, 1, 0, 2, 10, 9, 0, 1, 16, 7, 8, 9, 0, 15, 1, 2, 11, 5, 6, 2, 4, 3, 7, 2, 8, 0, 2, 3, 1]
convergência = [24, 24, 24, 24, 24, 24, 24, 24, 24, 24, 24, 24, 24, 24, 24, 24, 24, 24, 24, 24, 24, 24, 24, 24, 24, 24, 24, 24, 24, 24, 24, 24, 24, 24, 24, 24, 24, 24, 24, 24, 24, 24, 24, 24, 24, 24, 24, 24, 24, 24, 24, 24, 24, 24, 24, 24, 24, 24, 24, 24, 24, 24, 24, 24, 24, 24, 24, 24, 24, 24, 24, 24, 24, 24, 24, 24, 24, 24, 24, 24, 24, 24, 24, 24, 24, 24, 24, 24, 24, 24, 24, 24, 24, 24, 24, 24, 24, 24, 24, 24, 24, 24, 24, 24, 24, 24, 24, 24, 24, 24, 24, 24, 24, 24, 24, 24, 24, 24, 24, 24, 24, 24, 24, 24]

===== FIM =====
