===== RESULTADO BRKGA L(2,1) =====
Arquivo: /Users/mateuspedrosa/Documents/TCC-II/BRKGA/data/Harwell-Boeing_cleaned/lns_511_clean.mtx

----- Execução #1 -----
[INFO] Parou por estagnação.
Tempo de execução: 48371ms
Span (lambda): 20
best_order = [46, 42, 197, 133, 289, 352, 254, 154, 309, 72, 263, 428, 137, 186, 232, 82, 195, 40, 224, 473, 498, 396, 338, 367, 255, 129, 426, 467, 19, 55, 505, 108, 314, 265, 343, 279, 102, 429, 484, 1, 253, 364, 283, 508, 347, 395, 248, 416, 466, 139, 109, 240, 21, 252, 436, 160, 191, 64, 190, 391, 493, 188, 85, 88, 135, 11, 20, 68, 216, 161, 181, 78, 272, 238, 136, 225, 387, 32, 280, 250, 31, 446, 359, 159, 142, 317, 414, 60, 260, 177, 196, 149, 303, 401, 122, 94, 170, 339, 313, 295, 189, 34, 481, 39, 220, 247, 22, 212, 292, 374, 373, 209, 256, 223, 172, 324, 245, 322, 490, 213, 7, 185, 12, 465, 90, 332, 269, 488, 411, 163, 477, 140, 199, 44, 318, 15, 297, 323, 229, 235, 91, 342, 398, 45, 103, 326, 320, 452, 239, 174, 157, 118, 63, 237, 310, 26, 37, 475, 182, 125, 81, 447, 288, 158, 183, 362, 363, 211, 301, 113, 271, 384, 448, 438, 434, 281, 106, 123, 218, 370, 128, 259, 462, 298, 257, 308, 294, 146, 464, 330, 408, 334, 381, 205, 341, 3, 496, 422, 167, 92, 299, 358, 187, 355, 208, 105, 75, 377, 404, 421, 262, 54, 258, 33, 210, 176, 487, 296, 226, 319, 98, 18, 66, 165, 365, 285, 348, 277, 478, 504, 470, 246, 392, 486, 215, 120, 284, 489, 62, 333, 116, 2, 79, 52, 230, 354, 53, 417, 431, 469, 336, 10, 378, 24, 375, 48, 131, 117, 306, 168, 356, 261, 510, 321, 372, 366, 101, 274, 145, 458, 169, 148, 402, 104, 27, 166, 471, 345, 200, 121, 16, 71, 162, 134, 23, 89, 0, 219, 371, 503, 500, 266, 315, 180, 242, 304, 49, 329, 382, 349, 264, 459, 67, 138, 99, 124, 389, 450, 346, 6, 385, 282, 9, 251, 151, 202, 222, 424, 267, 65, 495, 476, 56, 397, 388, 480, 437, 41, 420, 84, 35, 353, 96, 379, 38, 30, 57, 390, 278, 483, 380, 482, 340, 13, 43, 217, 335, 444, 50, 227, 432, 293, 468, 234, 439, 249, 430, 435, 69, 275, 58, 492, 119, 231, 412, 156, 312, 300, 455, 460, 506, 472, 179, 268, 8, 233, 143, 59, 399, 497, 130, 110, 463, 403, 491, 325, 302, 494, 141, 456, 501, 350, 443, 17, 241, 433, 360, 337, 97, 193, 214, 5, 77, 441, 413, 93, 357, 368, 287, 127, 291, 445, 276, 290, 25, 479, 206, 95, 73, 442, 207, 305, 415, 147, 36, 87, 423, 114, 171, 509, 4, 192, 86, 164, 405, 126, 474, 393, 204, 507, 307, 178, 461, 344, 150, 394, 112, 409, 383, 132, 144, 457, 111, 286, 153, 419, 331, 499, 198, 244, 173, 14, 74, 502, 194, 243, 70, 107, 155, 400, 76, 386, 369, 485, 449, 100, 273, 203, 236, 28, 427, 201, 410, 29, 454, 418, 451, 327, 440, 270, 83, 80, 453, 175, 221, 425, 228, 152, 184, 115, 51, 406, 61, 328, 407, 361, 316, 311, 351, 376, 47]
labeling = [2, 1, 5, 0, 8, 9, 5, 2, 11, 7, 12, 4, 11, 16, 19, 3, 11, 16, 8, 1, 5, 2, 7, 14, 12, 17, 6, 12, 19, 11, 11, 6, 4, 11, 7, 14, 18, 7, 14, 5, 1, 16, 0, 17, 4, 8, 0, 19, 10, 13, 10, 19, 9, 15, 12, 1, 15, 12, 17, 11, 1, 15, 12, 8, 3, 17, 10, 8, 0, 5, 6, 11, 1, 17, 20, 6, 19, 17, 6, 8, 15, 7, 3, 19, 12, 3, 16, 14, 4, 11, 1, 2, 5, 11, 6, 7, 4, 3, 10, 5, 0, 0, 0, 0, 0, 0, 0, 0, 0, 0, 1, 13, 15, 2, 11, 7, 2, 6, 3, 1, 0, 11, 5, 8, 6, 4, 14, 9, 5, 0, 3, 1, 9, 0, 13, 1, 3, 0, 8, 1, 0, 8, 2, 6, 15, 10, 6, 14, 12, 0, 0, 6, 14, 11, 0, 3, 13, 2, 4, 0, 0, 2, 5, 1, 10, 8, 0, 5, 7, 1, 0, 13, 7, 14, 4, 12, 7, 3, 13, 0, 1, 5, 9, 0, 15, 5, 1, 6, 2, 0, 0, 0, 1, 2, 1, 0, 3, 0, 5, 0, 2, 3, 7, 2, 4, 4, 2, 0, 3, 0, 0, 0, 6, 9, 18, 6, 1, 14, 7, 13, 4, 9, 1, 8, 0, 3, 9, 15, 20, 4, 10, 15, 0, 0, 13, 10, 19, 5, 0, 9, 2, 17, 9, 0, 0, 9, 14, 8, 2, 16, 5, 13, 4, 2, 0, 0, 4, 11, 13, 10, 6, 11, 9, 1, 15, 0, 0, 7, 17, 2, 18, 9, 4, 18, 14, 9, 1, 5, 9, 4, 6, 11, 15, 2, 13, 11, 16, 3, 3, 0, 18, 15, 7, 18, 8, 5, 9, 1, 3, 3, 12, 10, 13, 4, 9, 13, 11, 18, 7, 0, 0, 8, 4, 0, 2, 0, 5, 2, 0, 2, 2, 0, 0, 0, 0, 0, 0, 2, 3, 4, 0, 1, 7, 13, 4, 10, 6, 9, 0, 2, 5, 3, 9, 1, 18, 2, 8, 1, 5, 7, 1, 3, 0, 12, 6, 9, 4, 10, 3, 0, 2, 4, 2, 7, 1, 11, 13, 2, 11, 5, 1, 0, 8, 5, 3, 8, 16, 5, 0, 7, 1, 0, 6, 14, 10, 6, 11, 1, 6, 3, 1, 0, 3, 8, 12, 2, 0, 4, 2, 12, 0, 0, 9, 11, 5, 8, 10, 6, 0, 8, 2, 0, 1, 0, 0, 0, 1, 1, 3, 1, 0, 10, 3, 7, 2, 11, 0, 9, 0, 2, 16, 14, 1, 13, 5, 8, 1, 5, 6, 15, 12, 17, 1, 10, 13, 8, 0, 3, 3, 17, 1, 15, 3, 12, 15, 11, 12, 12, 3, 5, 14, 18, 3, 16, 8, 6, 2, 1, 4, 7, 14, 7, 6, 3, 19, 3, 10, 0, 5, 0, 12, 3, 4, 2, 2, 16, 9, 0, 1, 11, 0, 15, 10, 4, 14, 8, 1, 14, 0, 7, 12, 13, 5, 0, 2, 0, 2, 1, 0, 5, 3]
convergência = [21, 21, 21, 21, 21, 21, 21, 21, 21, 21, 21, 21, 21, 21, 21, 21, 21, 21, 21, 21, 21, 21, 21, 21, 20, 20, 20, 20, 20, 20, 20, 20, 20, 20, 20, 20, 20, 20, 20, 20, 20, 20, 20, 20, 20, 20, 20, 20, 20, 20, 20, 20, 20, 20, 20, 20, 20, 20, 20, 20, 20, 20, 20, 20, 20, 20, 20, 20, 20, 20, 20, 20, 20, 20, 20, 20, 20, 20, 20, 20, 20, 20, 20, 20, 20, 20, 20, 20, 20, 20, 20, 20, 20, 20, 20, 20, 20, 20, 20, 20, 20, 20, 20, 20, 20, 20, 20, 20, 20, 20, 20, 20, 20, 20, 20, 20, 20, 20, 20, 20, 20, 20, 20, 20, 20, 20, 20, 20, 20, 20, 20, 20, 20, 20, 20, 20, 20, 20, 20, 20, 20, 20, 20, 20, 20, 20, 20, 20]

===== FIM =====
