===== RESULTADO BRKGA L(2,1) =====
Arquivo: /Users/mateuspedrosa/Documents/TCC-II/BRKGA/data/Harwell-Boeing_cleaned/lnsp_131_clean.mtx

----- Execução #1 -----
[INFO] Parou por estagnação.
Tempo de execução: 13954ms
Span (lambda): 15
best_order = [86, 67, 0, 29, 106, 28, 105, 89, 57, 81, 121, 45, 20, 6, 77, 43, 84, 27, 34, 16, 95, 88, 68, 49, 61, 36, 122, 14, 31, 70, 79, 116, 64, 44, 33, 112, 130, 72, 51, 113, 66, 18, 7, 25, 85, 80, 94, 109, 8, 22, 39, 129, 108, 91, 47, 24, 55, 96, 87, 71, 40, 42, 125, 54, 75, 111, 63, 101, 119, 76, 32, 62, 92, 100, 124, 41, 48, 23, 110, 5, 83, 126, 118, 102, 2, 52, 93, 107, 65, 73, 99, 74, 104, 46, 1, 90, 117, 15, 59, 58, 128, 3, 26, 115, 114, 82, 127, 19, 56, 35, 30, 98, 78, 17, 69, 53, 9, 10, 38, 123, 12, 50, 97, 60, 13, 120, 21, 37, 11, 4, 103]
labeling = [0, 0, 0, 0, 15, 0, 2, 3, 5, 14, 0, 2, 0, 0, 2, 1, 1, 2, 4, 3, 0, 7, 0, 5, 2, 6, 2, 3, 0, 1, 11, 9, 8, 4, 3, 9, 7, 11, 13, 10, 5, 12, 7, 0, 1, 0, 15, 1, 13, 0, 10, 0, 0, 0, 12, 4, 14, 2, 7, 15, 1, 5, 13, 9, 6, 3, 8, 0, 2, 14, 0, 4, 2, 12, 0, 8, 1, 5, 1, 6, 10, 3, 14, 11, 4, 8, 0, 10, 2, 1, 12, 11, 8, 14, 5, 0, 9, 3, 13, 0, 7, 0, 5, 0, 15, 0, 1, 0, 4, 9, 0, 13, 0, 3, 10, 2, 7, 2, 0, 6, 0, 3, 0, 11, 8, 0, 9, 5, 2, 0, 0]
convergência = [17, 17, 17, 16, 16, 16, 16, 16, 16, 16, 16, 16, 16, 16, 16, 16, 16, 16, 16, 16, 16, 16, 16, 16, 16, 16, 16, 16, 16, 16, 16, 16, 16, 16, 16, 16, 16, 16, 16, 16, 16, 16, 16, 16, 16, 16, 16, 16, 16, 16, 16, 16, 16, 16, 16, 16, 16, 16, 16, 16, 16, 16, 16, 16, 16, 16, 16, 16, 16, 16, 16, 16, 16, 16, 16, 16, 16, 16, 16, 16, 16, 16, 16, 16, 16, 16, 16, 16, 16, 16, 16, 16, 16, 16, 16, 16, 16, 16, 16, 16, 16, 16, 16, 16, 16, 16, 16, 16, 15, 15, 15, 15, 15, 15, 15, 15, 15, 15, 15, 15, 15, 15, 15, 15, 15, 15, 15, 15, 15, 15, 15, 15, 15, 15, 15, 15, 15, 15, 15, 15, 15, 15, 15, 15, 15, 15, 15, 15, 15, 15, 15, 15, 15, 15, 15, 15, 15, 15, 15, 15, 15, 15, 15, 15, 15, 15, 15, 15, 15, 15, 15, 15, 15, 15, 15, 15, 15, 15, 15, 15, 15, 15, 15, 15, 15, 15, 15, 15, 15, 15, 15, 15, 15, 15, 15, 15, 15, 15, 15, 15, 15, 15, 15, 15, 15, 15, 15, 15, 15, 15, 15, 15, 15, 15, 15, 15, 15, 15, 15, 15, 15, 15, 15, 15, 15, 15, 15, 15, 15, 15, 15, 15]

===== FIM =====
