===== RESULTADO BRKGA L(2,1) =====
Arquivo: /Users/mateuspedrosa/Documents/TCC-II/BRKGA/data/Harwell-Boeing_cleaned/lnsp3937_clean.mtx

----- Execução #1 -----
[INFO] Parou por estagnação.
Tempo de execução: 402273ms
Span (lambda): 24
best_order = [1422, 673, 3810, 1108, 2202, 1058, 797, 3594, 2471, 3562, 3482, 1635, 1678, 3213, 3367, 3472, 1512, 3299, 2453, 3414, 851, 2021, 2513, 1873, 692, 2191, 2027, 1414, 1797, 15, 2449, 3233, 2589, 914, 299, 3071, 2045, 3609, 3687, 2100, 2821, 1739, 1258, 1114, 2960, 968, 3600, 1890, 1078, 2936, 940, 2782, 1504, 2627, 385, 592, 1077, 728, 2414, 829, 725, 1748, 2385, 1717, 2163, 194, 1269, 2321, 926, 2233, 3702, 1727, 3887, 2154, 3858, 1330, 2574, 2294, 403, 3475, 2133, 3321, 145, 2306, 1777, 1359, 2184, 3544, 3708, 174, 650, 3218, 156, 1829, 876, 1237, 2231, 3104, 2211, 1342, 570, 3387, 3896, 3582, 207, 1395, 1290, 781, 2645, 555, 1732, 1370, 1541, 2160, 3798, 464, 3548, 1673, 3864, 3251, 328, 768, 2071, 1754, 2581, 2134, 1908, 3753, 1348, 1990, 3146, 208, 3243, 529, 2185, 3298, 2884, 599, 698, 3181, 2168, 3799, 483, 868, 2972, 2802, 611, 2039, 3668, 165, 221, 301, 3665, 840, 118, 2962, 958, 584, 3354, 3043, 3283, 2823, 249, 2863, 492, 1347, 3428, 2216, 141, 441, 122, 95, 3529, 2852, 3288, 397, 672, 1881, 350, 3076, 297, 3859, 1220, 3487, 467, 601, 2752, 3149, 1573, 2458, 2277, 2366, 3430, 3126, 22, 996, 2355, 1036, 476, 2981, 1866, 1506, 594, 2696, 2152, 1112, 3736, 537, 2082, 1063, 1369, 1041, 1129, 2596, 3678, 3440, 2873, 2837, 2523, 511, 3455, 1440, 2122, 3794, 654, 3, 3635, 703, 3385, 1323, 1733, 2393, 1632, 2164, 1721, 2295, 820, 2886, 2649, 3009, 151, 2482, 1808, 2450, 3079, 2849, 3141, 317, 237, 823, 1017, 2139, 2695, 355, 2677, 2377, 2966, 2308, 3877, 772, 3421, 3226, 1232, 877, 2497, 3182, 1143, 2332, 3003, 832, 3388, 1622, 849, 3262, 3339, 3444, 2698, 3193, 3014, 3712, 563, 2143, 1388, 3737, 1208, 2702, 390, 3888, 1004, 3503, 1013, 966, 925, 1345, 1806, 1847, 2378, 2176, 1007, 668, 3912, 2546, 709, 2, 3158, 720, 3549, 453, 0, 1386, 2120, 761, 3331, 1137, 2227, 721, 3215, 3120, 688, 1937, 3588, 342, 2419, 3260, 3555, 2022, 3433, 3165, 2059, 3605, 3927, 2561, 1761, 1939, 1791, 1590, 1116, 2504, 427, 1633, 2532, 1195, 1997, 1097, 187, 1214, 2733, 3586, 3638, 2575, 1521, 3415, 181, 2302, 804, 197, 500, 2345, 2917, 2648, 2584, 1875, 2268, 3274, 679, 1002, 1463, 411, 296, 335, 778, 965, 3467, 531, 609, 1723, 2600, 1758, 3244, 3760, 3024, 1928, 2246, 300, 2836, 2218, 3805, 2226, 166, 3429, 1805, 1831, 1926, 2958, 3246, 1884, 3098, 2631, 1274, 1025, 2278, 37, 1850, 3820, 1339, 2232, 604, 621, 567, 3851, 1445, 1827, 1895, 3369, 669, 219, 86, 1228, 2283, 517, 1533, 172, 1634, 3672, 3890, 1265, 2517, 2719, 1921, 2498, 28, 175, 590, 1206, 3097, 3304, 3232, 235, 2654, 24, 1830, 398, 3340, 930, 1131, 417, 2467, 3556, 49, 864, 1811, 55, 3151, 1531, 274, 80, 2647, 2276, 3263, 1444, 2591, 1943, 1460, 2919, 2759, 693, 1703, 881, 311, 3893, 2646, 1743, 3808, 2944, 2090, 3733, 1497, 3068, 2767, 264, 3515, 105, 1018, 2894, 3189, 3785, 962, 1527, 1771, 2949, 2293, 1239, 3422, 1646, 116, 126, 2396, 1572, 3117, 430, 2989, 1168, 434, 130, 2175, 3074, 252, 418, 1242, 3537, 3293, 53, 1432, 3284, 1252, 1876, 3899, 3722, 1231, 1619, 2392, 1985, 2451, 658, 1602, 821, 2628, 3026, 2615, 3921, 767, 1789, 224, 656, 2115, 1891, 1381, 2261, 2262, 1253, 2691, 3509, 509, 1744, 2776, 1836, 443, 1774, 302, 2404, 3517, 2101, 3330, 3936, 3259, 371, 3453, 161, 546, 3245, 3242, 971, 3454, 780, 1477, 637, 2899, 1618, 765, 1197, 998, 182, 2033, 1260, 457, 3052, 1181, 999, 3347, 3311, 3310, 1326, 2220, 1842, 541, 2734, 1045, 1907, 1316, 2974, 2714, 3138, 2303, 1288, 1034, 1919, 375, 1863, 2602, 1860, 269, 1510, 1946, 1363, 2247, 1586, 3910, 2379, 1360, 76, 3735, 1931, 3148, 1079, 1486, 3779, 3203, 2689, 1549, 2761, 1073, 1184, 3490, 1160, 3501, 2250, 903, 2117, 1887, 1171, 3121, 646, 2995, 63, 238, 1325, 2281, 2801, 3394, 2336, 3057, 1146, 3811, 3516, 2544, 2010, 1973, 1772, 3925, 2309, 3791, 3160, 2509, 94, 1309, 3210, 374, 3574, 74, 2493, 3164, 1127, 2795, 1332, 3690, 610, 1420, 117, 533, 193, 2573, 2732, 3417, 3167, 3695, 833, 1188, 1718, 395, 154, 3166, 3647, 2562, 2300, 860, 1475, 2237, 960, 1055, 2878, 43, 3031, 387, 977, 1491, 1993, 2353, 3400, 3106, 3560, 2760, 3192, 2001, 2724, 1518, 1649, 1221, 3272, 3266, 1987, 2169, 1555, 3336, 2542, 742, 1314, 657, 471, 407, 1782, 773, 1584, 3847, 2841, 836, 3261, 456, 622, 48, 3316, 1526, 3352, 1187, 3889, 1204, 626, 1674, 322, 3409, 356, 2570, 3510, 1840, 68, 1399, 1976, 1496, 2452, 294, 260, 2368, 1259, 3228, 1203, 1223, 2954, 2254, 477, 3801, 2235, 3676, 2240, 2092, 3105, 869, 1877, 3698, 1909, 2333, 2798, 3349, 984, 1936, 661, 3684, 2902, 1746, 2170, 3653, 2181, 1244, 1324, 62, 800, 1157, 740, 2484, 2346, 2313, 2950, 1207, 1385, 3045, 454, 75, 183, 1728, 1583, 3205, 1548, 665, 891, 3528, 755, 327, 757, 1433, 3294, 2738, 3088, 305, 2507, 1490, 2273, 1947, 597, 2868, 892, 1961, 421, 1038, 271, 1409, 3677, 789, 3281, 2444, 3432, 3054, 1569, 3053, 3159, 98, 3050, 3622, 1738, 928, 1303, 3427, 3590, 1037, 3873, 3639, 3499, 618, 2483, 649, 463, 2424, 3518, 190, 3629, 523, 405, 1122, 2595, 325, 2488, 685, 2362, 2968, 3305, 2901, 2830, 19, 3909, 1411, 3005, 838, 1563, 1334, 382, 1655, 3934, 2136, 1500, 2811, 1888, 3620, 1832, 2690, 1283, 209, 1603, 2538, 465, 3770, 392, 1378, 2945, 538, 3220, 3561, 131, 3450, 3906, 243, 2016, 3195, 938, 3642, 695, 2373, 2286, 3741, 394, 544, 1298, 1699, 2245, 3618, 2859, 518, 2640, 3252, 3923, 432, 2401, 3932, 691, 2975, 2054, 3540, 2347, 263, 359, 2915, 602, 3827, 1938, 1764, 2363, 1135, 1954, 959, 1085, 462, 2397, 2807, 3344, 1306, 3015, 1600, 2381, 1196, 3674, 3177, 915, 1030, 3883, 1932, 3468, 1981, 1361, 784, 2077, 1291, 3897, 2609, 3527, 1951, 514, 2951, 1616, 2667, 313, 336, 3297, 2138, 3507, 3359, 2659, 3772, 2260, 724, 2660, 3892, 1595, 1240, 2472, 848, 451, 3145, 18, 1092, 1382, 1424, 97, 2400, 3093, 3573, 1763, 1294, 3603, 2326, 1245, 3042, 2171, 1224, 2431, 1933, 3384, 2475, 3072, 2887, 215, 3095, 3536, 226, 3870, 2466, 1556, 1040, 3681, 3372, 1075, 3654, 1308, 3891, 3188, 3824, 2041, 2470, 3424, 766, 109, 750, 2530, 897, 2799, 2258, 553, 1953, 2577, 3813, 2350, 878, 143, 2753, 1019, 3353, 1130, 588, 3291, 2593, 420, 200, 655, 3325, 2195, 997, 1952, 2460, 1107, 3784, 1745, 3241, 488, 3466, 534, 212, 3756, 3564, 188, 3037, 2212, 2259, 1174, 234, 783, 1178, 1103, 1470, 254, 250, 3208, 3008, 2563, 2992, 982, 3762, 1892, 3869, 1767, 2748, 1668, 3713, 1267, 2585, 3021, 2921, 144, 2891, 445, 458, 3649, 3129, 231, 2838, 548, 3631, 3004, 3412, 1459, 3309, 660, 1438, 3834, 1484, 1626, 1113, 124, 924, 1509, 3446, 1871, 30, 983, 1502, 1281, 2224, 3235, 1543, 2034, 1705, 438, 3253, 2425, 1139, 3856, 3929, 1671, 3287, 2590, 496, 3405, 474, 2697, 1670, 539, 344, 986, 1896, 2019, 1980, 639, 819, 2487, 2594, 677, 3597, 1391, 3082, 617, 3361, 777, 3360, 3729, 298, 245, 737, 1296, 1858, 66, 2008, 2942, 3670, 1199, 2186, 3742, 3771, 1026, 3107, 527, 2870, 2731, 1209, 1442, 917, 1148, 1872, 598, 2208, 585, 861, 3391, 889, 2842, 2910, 3282, 3022, 113, 991, 3445, 2003, 736, 3317, 1473, 229, 3006, 2005, 2026, 1886, 3127, 3175, 769, 879, 3532, 2553, 289, 1317, 608, 651, 1522, 1320, 1429, 970, 3723, 1086, 3495, 409, 2319, 3377, 2271, 1479, 1186, 50, 3059, 853, 1601, 1669, 1027, 1364, 2221, 586, 270, 2565, 2430, 2389, 1115, 1400, 23, 1042, 1547, 1044, 489, 2006, 2903, 1604, 1087, 707, 2554, 1417, 1482, 73, 906, 1553, 3318, 1752, 2140, 1956, 3390, 1416, 557, 2225, 647, 2070, 365, 114, 3481, 2679, 1885, 663, 543, 176, 900, 3838, 2060, 3103, 2620, 3223, 3720, 486, 3636, 1792, 2876, 2900, 857, 442, 2857, 2551, 1838, 3265, 2014, 2940, 2670, 1837, 1276, 1235, 859, 2757, 2049, 1796, 2925, 3039, 2792, 682, 909, 349, 147, 1264, 2607, 3558, 1304, 3716, 2630, 2095, 1786, 1868, 3404, 1448, 1856, 2339, 2976, 2183, 2794, 1755, 2939, 388, 2809, 206, 947, 1759, 955, 3029, 1060, 2391, 600, 684, 1498, 436, 1920, 3715, 1565, 2778, 1923, 3763, 571, 1835, 1986, 1096, 1315, 2105, 2865, 2279, 2599, 839, 3569, 1170, 1624, 3419, 3768, 1630, 2496, 339, 1853, 2988, 2314, 1136, 3365, 1690, 493, 1333, 3880, 2898, 2334, 1447, 3154, 160, 364, 2603, 2727, 267, 1436, 2150, 803, 253, 3379, 2965, 2239, 1614, 3099, 3370, 316, 103, 1686, 2371, 78, 1783, 934, 439, 2693, 2864, 898, 1724, 1275, 2997, 704, 3916, 3655, 3373, 3497, 2199, 2331, 3832, 678, 715, 3279, 3403, 3289, 2398, 1210, 1094, 1397, 3376, 2999, 1090, 2000, 1629, 2432, 2814, 2791, 3439, 2325, 2125, 508, 1879, 2973, 1900, 630, 953, 2274, 2069, 2029, 3434, 1430, 3449, 431, 1962, 16, 3504, 741, 1611, 2099, 2454, 1760, 2083, 2153, 3611, 3908, 3615, 1972, 2304, 551, 2180, 1841, 39, 902, 3782, 3496, 3153, 1720, 2540, 3612, 2047, 3861, 2700, 2448, 2579, 3776, 2843, 1773, 2937, 842, 99, 386, 1010, 1200, 1351, 1580, 444, 1828, 3692, 643, 748, 1818, 2241, 2213, 1082, 532, 3170, 3248, 3707, 2828, 266, 2253, 2829, 1185, 1731, 3745, 3227, 2568, 1070, 927, 3764, 1880, 888, 3543, 1513, 799, 834, 2318, 3750, 530, 1969, 1421, 623, 3552, 52, 1694, 1839, 2933, 2242, 2131, 880, 862, 816, 1100, 683, 1095, 507, 413, 3689, 2825, 2749, 3278, 1142, 3041, 3613, 1790, 1713, 85, 345, 2963, 1201, 146, 846, 3397, 1996, 2080, 641, 972, 2129, 1266, 2681, 1778, 2834, 1367, 1676, 2096, 303, 2815, 2969, 1120, 2075, 2644, 3751, 3119, 3077, 3239, 936, 2494, 2394, 2436, 573, 3494, 77, 3901, 992, 3580, 2438, 1688, 3922, 1331, 2053, 942, 1401, 2352, 3789, 3295, 3917, 435, 2037, 346, 2806, 2616, 697, 2787, 2818, 961, 3511, 540, 3726, 2556, 2994, 495, 764, 1735, 2167, 503, 2316, 3067, 2035, 1021, 2549, 3341, 1667, 2840, 919, 3506, 3623, 3286, 2754, 512, 870, 332, 2015, 3747, 108, 26, 994, 314, 479, 2872, 1712, 389, 3134, 1109, 2172, 2492, 714, 866, 3710, 3460, 286, 3386, 3194, 318, 1278, 2906, 3488, 3902, 2024, 885, 2365, 2543, 3645, 2566, 1893, 1140, 1396, 3602, 566, 2676, 1236, 1225, 3174, 3610, 383, 1344, 1788, 2144, 499, 2243, 3040, 312, 2559, 396, 873, 1353, 494, 473, 2323, 1545, 1599, 70, 1546, 91, 3592, 1844, 3033, 1451, 1965, 556, 3728, 2201, 331, 3524, 3267, 10, 1970, 1582, 2879, 129, 347, 642, 3652, 1592, 20, 2017, 376, 1211, 2280, 3781, 2486, 3625, 3755, 2113, 763, 1302, 3211, 1741, 1145, 3324, 549, 2386, 3881, 690, 2343, 1515, 1675, 168, 3350, 809, 2742, 1213, 2897, 743, 522, 1615, 2219, 620, 1190, 2656, 505, 2516, 367, 545, 2705, 3633, 2743, 137, 3616, 1483, 1358, 414, 2500, 2555, 14, 423, 2779, 3109, 1638, 648, 830, 3327, 1008, 3809, 1955, 2013, 3575, 3725, 2229, 3474, 929, 1854, 1384, 184, 2601, 3222, 2665, 826, 1940, 1658, 7, 2808, 3926, 3732, 2159, 1202, 2711, 1024, 2437, 1383, 1163, 498, 3643, 2477, 1916, 3063, 3860, 2850, 31, 922, 632, 3871, 2285, 3240, 2244, 101, 2768, 2399, 1212, 2427, 132, 3011, 2114, 3139, 645, 334, 1803, 2789, 3046, 676, 3136, 3626, 1905, 2678, 54, 3697, 3114, 1246, 3001, 198, 3879, 2762, 2127, 3632, 3092, 1322, 583, 3705, 3277, 3306, 640, 1084, 3382, 1959, 2151, 3366, 2455, 2580, 3408, 384, 1776, 381, 1659, 3846, 856, 2086, 2423, 1589, 47, 2074, 3301, 2955, 3363, 974, 3221, 273, 2299, 1557, 2824, 6, 990, 3752, 3862, 2813, 944, 1852, 1035, 2146, 874, 1346, 123, 3604, 1455, 3343, 104, 706, 3055, 712, 3338, 2190, 3378, 605, 2118, 985, 293, 1747, 2545, 2520, 3853, 989, 1845, 593, 614, 2744, 1645, 372, 152, 1843, 150, 3179, 2088, 1233, 3530, 173, 2547, 1183, 1740, 239, 3410, 561, 1934, 1779, 125, 3477, 2004, 3323, 2978, 1105, 2135, 2539, 1407, 1192, 3191, 2582, 771, 2002, 1277, 1882, 13, 1153, 702, 1023, 3593, 1262, 1957, 1162, 3368, 133, 127, 1394, 357, 855, 2358, 3731, 2668, 1941, 638, 3783, 1523, 1648, 2312, 719, 1329, 2433, 1247, 1418, 3202, 3078, 2065, 242, 2537, 3514, 1715, 1816, 3183, 1534, 2410, 2078, 287, 1050, 2908, 828, 689, 559, 2991, 1594, 2390, 2322, 2495, 2605, 2173, 2128, 1387, 106, 3885, 1410, 3675, 1423, 189, 2421, 976, 627, 213, 896, 2780, 1257, 3028, 1301, 3531, 1392, 2885, 2420, 3640, 3505, 850, 1261, 2687, 2745, 1198, 2895, 659, 745, 1462, 949, 569, 1930, 1009, 2351, 1540, 2305, 2468, 3457, 2217, 1610, 2788, 794, 1579, 3198, 3895, 478, 1793, 920, 2508, 1124, 2338, 3777, 46, 710, 40, 3840, 2810, 2459, 3171, 580, 1133, 827, 1598, 1991, 2415, 2123, 3111, 2519, 3920, 3608, 2875, 2819, 1819, 2442, 2639, 722, 674, 3186, 2935, 785, 1664, 2713, 613, 1404, 3900, 2983, 3224, 3578, 751, 362, 2846, 3866, 3637, 837, 1889, 3269, 3829, 2121, 2922, 3839, 1495, 2771, 1478, 1327, 2291, 2269, 2746, 1999, 731, 3621, 2066, 843, 3525, 255, 2918, 72, 2361, 1558, 227, 1538, 2728, 591, 718, 3470, 3152, 429, 1234, 1282, 3035, 631, 1255, 158, 814, 1995, 2473, 1960, 2766, 1823, 980, 2412, 1147, 2084, 770, 1537, 115, 3441, 1902, 1349, 337, 2040, 3849, 2914, 1651, 2833, 3599, 3493, 369, 554, 3868, 3163, 705, 1312, 1029, 1869, 3438, 1169, 3124, 2142, 612, 1562, 11, 2704, 3030, 58, 1243, 2805, 1321, 2717, 1177, 1576, 1672, 3108, 1061, 2407, 3547, 2586, 3000, 2198, 3673, 3709, 3312, 1119, 3928, 581, 3322, 3775, 3102, 2214, 981, 3285, 1067, 291, 1702, 2251, 1366, 1011, 711, 1696, 2682, 3727, 196, 746, 2416, 2367, 2996, 1452, 1056, 3065, 2376, 379, 1861, 1165, 1656, 3802, 157, 3462, 290, 2383, 1150, 3930, 228, 667, 1750, 2904, 1911, 1390, 247, 3199, 754, 3718, 3356, 2608, 2256, 2755, 236, 459, 2871, 2526, 1508, 2710, 3302, 2043, 2447, 3589, 2564, 948, 871, 806, 913, 3619, 2320, 1968, 223, 1883, 774, 2108, 363, 3094, 1111, 2382, 2337, 3816, 2056, 402, 1461, 813, 907, 3778, 3596, 2292, 2263, 452, 120, 2770, 3084, 134, 211, 2675, 1336, 1912, 3704, 1286, 963, 2971, 2941, 1016, 3044, 1450, 449, 2267, 3463, 1313, 3627, 3634, 3818, 1685, 2335, 1825, 1964, 82, 1053, 680, 2048, 3401, 2624, 2462, 1227, 3020, 3786, 2166, 178, 2506, 3769, 1734, 1254, 2847, 45, 2851, 3002, 408, 2845, 1015, 3374, 2804, 1338, 951, 309, 1121, 1032, 2426, 908, 1942, 275, 1048, 3797, 1915, 2485, 3804, 159, 3048, 2769, 3803, 515, 653, 1362, 574, 2409, 2987, 796, 2315, 2149, 3557, 2403, 3393, 1474, 2380, 2228, 128, 1949, 2622, 2916, 272, 2928, 3520, 3545, 3766, 2209, 3831, 552, 732, 1665, 2124, 1660, 844, 3903, 3854, 694, 1052, 2132, 1520, 3131, 3788, 1992, 153, 2174, 1263, 1102, 801, 38, 1481, 426, 170, 3271, 752, 319, 202, 3567, 1081, 3844, 87, 3483, 61, 201, 3644, 3780, 1571, 3217, 2107, 1826, 1710, 1530, 979, 391, 2970, 2729, 886, 3577, 148, 738, 2046, 1780, 3546, 1371, 1138, 3275, 717, 1708, 3402, 3559, 399, 1271, 865, 2025, 2835, 513, 2567, 241, 2923, 3395, 1393, 3140, 753, 3792, 1376, 2063, 246, 321, 2959, 3056, 2230, 2715, 3133, 366, 1612, 2289, 102, 185, 1501, 192, 568, 2980, 1006, 1617, 2522, 3143, 3229, 2372, 2572, 2012, 1493, 2072, 1373, 2629, 1729, 3087, 3576, 4, 3423, 1631, 3823, 2979, 32, 1456, 2948, 1967, 3738, 2931, 2763, 288, 2413, 155, 587, 448, 1398, 2633, 3657, 2042, 3703, 2464, 2881, 2924, 3830, 1994, 1867, 2052, 3273, 2514, 1028, 3442, 2934, 1666, 882, 1529, 1083, 3570, 3865, 3907, 3500, 1519, 956, 3671, 713, 2478, 790, 3389, 576, 1194, 3607, 3125, 1319, 282, 3825, 941, 3601, 1654, 1684, 3882, 2883, 1071, 923, 3070, 2265, 2905, 701, 2344, 2597, 2374, 2529, 1485, 9, 2465, 2266, 3512, 2505, 1977, 3308, 2725, 2298, 139, 2264, 3484, 875, 1963, 3535, 1554, 3236, 2638, 3915, 2964, 2953, 2548, 578, 2061, 1644, 2877, 1389, 480, 932, 2756, 1795, 2651, 2417, 3875, 1681, 3749, 2512, 824, 1514, 3538, 1191, 1415, 747, 969, 2085, 2862, 2521, 1472, 1864, 791, 2736, 3319, 2456, 1917, 2820, 1859, 1152, 3256, 1693, 1033, 3682, 1293, 3533, 1810, 330, 2091, 1337, 33, 1117, 2610, 1039, 1080, 3836, 535, 1499, 2557, 1093, 2223, 894, 1817, 2642, 199, 2187, 1988, 285, 2747, 3137, 308, 2623, 1606, 1768, 3469, 3661, 2709, 1570, 1757, 2288, 248, 1489, 1642, 2094, 233, 2858, 1585, 3694, 3425, 619, 3734, 3180, 3606, 2182, 3787, 440, 666, 1525, 1241, 1621, 3100, 1784, 624, 1588, 1031, 1550, 2102, 662, 2866, 25, 1596, 2193, 320, 3017, 3073, 3051, 2111, 3641, 3492, 21, 428, 2775, 341, 2068, 2384, 560, 1299, 1372, 1989, 782, 1753, 216, 2637, 1494, 2800, 1480, 469, 3931, 1862, 1903, 29, 1680, 1539, 2481, 3526, 205, 2896, 3774, 2632, 2751, 2370, 3743, 3036, 1560, 1687, 671, 1218, 1250, 3207, 786, 1156, 278, 3795, 3800, 351, 1706, 606, 2688, 582, 455, 615, 323, 3659, 3693, 3757, 1813, 1272, 547, 3364, 2531, 2112, 565, 419, 1804, 180, 259, 71, 3064, 2359, 1379, 3380, 472, 3826, 1695, 536, 2089, 2058, 3685, 2998, 1865, 526, 3436, 3270, 652, 2848, 2207, 3250, 3061, 3480, 135, 3058, 1215, 670, 2664, 67, 2604, 1709, 1434, 1020, 1443, 3595, 1901, 2044, 2634, 1089, 2781, 1542, 933, 901, 1099, 3333, 470, 1851, 2741, 2672, 1453, 1677, 2560, 3069, 2598, 281, 2324, 1578, 2165, 2635, 1068, 8, 3142, 3565, 2692, 2552, 2618, 3418, 3724, 2408, 3701, 3116, 3122, 3060, 410, 2440, 2839, 1193, 1925, 1154, 1408, 1065, 935, 1609, 2197, 2062, 324, 3326, 2550, 112, 1904, 1608, 1428, 2854, 404, 1751, 952, 3911, 3332, 2764, 2853, 338, 3579, 1762, 1012, 1134, 1251, 2706, 1335, 2079, 2758, 1230, 2650, 3345, 1577, 179, 2708, 17, 79, 502, 1815, 3172, 3173, 3012, 2861, 854, 2583, 3630, 3161, 1918, 3185, 1978, 1725, 1173, 1005, 1249, 2106, 775, 636, 3489, 835, 2290, 1311, 3187, 3572, 550, 2510, 1446, 2148, 708, 3542, 3706, 2587, 1971, 3822, 1166, 191, 204, 3206, 1098, 3485, 3905, 2880, 3841, 1205, 3842, 2773, 2028, 2893, 3184, 3426, 1914, 988, 699, 1365, 3667, 2786, 2957, 2874, 2093, 798, 562, 1597, 2723, 3416, 3190, 1722, 1775, 2674, 3656, 1998, 326, 1517, 734, 3835, 2984, 2541, 2297, 34, 2712, 3328, 2932, 2606, 1927, 295, 3115, 90, 3201, 2796, 2499, 2357, 1219, 343, 525, 1476, 283, 993, 64, 589, 2641, 3523, 1287, 2287, 2196, 831, 2236, 2803, 1637, 1707, 634, 3539, 2890, 35, 3156, 2685, 2571, 1787, 1001, 967, 51, 3081, 1532, 3085, 1950, 42, 2192, 916, 412, 2222, 3230, 3814, 1820, 481, 400, 484, 136, 2311, 1088, 2716, 92, 1062, 3178, 3200, 1180, 733, 2722, 2524, 3398, 3886, 2816, 918, 3843, 164, 2348, 3714, 1898, 1466, 2055, 2793, 3502, 3563, 726, 2611, 2625, 815, 2832, 3034, 1726, 1507, 863, 354, 3669, 292, 1488, 1279, 1471, 3255, 1701, 482, 3793, 217, 3130, 261, 3234, 1899, 3214, 1164, 3392, 1216, 3300, 883, 1697, 1587, 1574, 1799, 1368, 730, 333, 2920, 2518, 163, 2307, 121, 890, 808, 3032, 1982, 3476, 1256, 2422, 81, 943, 2662, 2613, 416, 744, 1620, 950, 1742, 3329, 2252, 12, 2087, 841, 3679, 1222, 256, 1049, 1, 3101, 380, 1700, 401, 1300, 1894, 2141, 3204, 422, 2155, 2683, 1292, 36, 2073, 1809, 1627, 111, 2441, 1766, 3700, 1716, 2686, 2831, 3264, 788, 89, 1897, 1357, 3437, 1737, 1834, 756, 1857, 3806, 3162, 1141, 2726, 2157, 3276, 1607, 3112, 1159, 1653, 415, 3049, 760, 2360, 1730, 2707, 1714, 2822, 2011, 3585, 2188, 2947, 306, 2329, 1076, 2405, 2137, 377, 524, 564, 2110, 2826, 603, 353, 795, 1781, 2652, 2929, 945, 3894, 3238, 2882, 595, 805, 2673, 2126, 1711, 3155, 171, 3451, 2491, 3498, 1639, 3663, 2439, 1439, 59, 3587, 3872, 1929, 1469, 2737, 887, 3280, 1155, 2429, 3169, 675, 739, 3876, 954, 1104, 1454, 450, 110, 3371, 2528, 3083, 1591, 501, 3566, 1403, 1641, 2502, 3730, 361, 2718, 203, 1270, 1172, 3027, 214, 2156, 1064, 230, 1682, 686, 232, 2007, 44, 1427, 2469, 787, 3135, 2765, 1698, 3435, 2740, 3773, 1833, 957, 447, 2284, 1356, 491, 1074, 3680, 1567, 3878, 2701, 1066, 2189, 2116, 3699, 3828, 762, 521, 3486, 893, 1801, 186, 2457, 577, 1593, 664, 3313, 3209, 687, 579, 3292, 3411, 3646, 2699, 2653, 1405, 3662, 1906, 1280, 329, 2892, 616, 973, 1158, 1289, 1966, 2655, 749, 2257, 779, 222, 520, 3553, 2888, 2248, 1054, 867, 2341, 1874, 3431, 265, 315, 3086, 3459, 2272, 3176, 2658, 2020, 142, 872, 2206, 57, 3023, 3857, 1457, 1657, 2533, 1167, 3581, 847, 3237, 3268, 3628, 2907, 2204, 858, 1295, 368, 3519, 3717, 1575, 575, 3550, 2985, 1069, 3551, 1536, 1756, 1559, 1528, 1551, 3933, 1922, 2913, 3650, 1974, 1226, 2330, 516, 1161, 3113, 2993, 1375, 1605, 2827, 2534, 2694, 3473, 2179, 978, 939, 2621, 2569, 1343, 461, 3664, 138, 1822, 2349, 1354, 3568, 1802, 3062, 1046, 2619, 1374, 1691, 3254, 3212, 2354, 1182, 3833, 1924, 1468, 3399, 3144, 1464, 1467, 1000, 3128, 2943, 210, 2009, 490, 2282, 5, 2018, 437, 3147, 3898, 2588, 3290, 3648, 2130, 1318, 3740, 825, 2342, 3465, 3448, 3066, 340, 3420, 167, 3296, 2489, 2023, 2536, 2669, 1566, 1935, 644, 1564, 2395, 2784, 3471, 2860, 2721, 2109, 1425, 2030, 2750, 3219, 424, 2578, 2032, 1101, 3383, 2103, 1248, 3598, 2680, 2145, 1683, 2340, 107, 1958, 995, 510, 946, 2194, 3464, 2445, 3821, 3534, 716, 220, 497, 3157, 3406, 2855, 2275, 1636, 2911, 3089, 280, 1413, 1340, 1505, 2730, 3375, 905, 2388, 2946, 2418, 3479, 3696, 1679, 2952, 3583, 2592, 244, 284, 2503, 3522, 2643, 1268, 723, 1983, 1151, 3744, 1003, 625, 987, 1516, 406, 2657, 3452, 3123, 852, 607, 2790, 2203, 1284, 1524, 2317, 3314, 3719, 27, 1692, 3096, 1794, 1273, 3396, 1350, 3132, 1179, 262, 2215, 817, 373, 3815, 279, 2986, 393, 3090, 2031, 2909, 3351, 2428, 1807, 845, 1770, 1765, 3216, 3010, 1307, 776, 1406, 83, 3258, 2844, 1144, 519, 1623, 3150, 3118, 818, 3914, 3047, 2558, 3335, 84, 3197, 1051, 310, 3016, 1110, 2889, 2480, 1736, 360, 1176, 3334, 475, 3013, 2614, 304, 2435, 1650, 899, 2200, 3303, 1022, 1535, 2576, 596, 1128, 1855, 3355, 3307, 1328, 810, 3342, 1910, 2434, 1380, 1948, 3443, 1091, 258, 1663, 3796, 358, 759, 1581, 3867, 2036, 1355, 2661, 911, 3746, 3739, 3812, 1628, 807, 268, 2476, 735, 812, 1217, 2772, 2774, 1640, 2356, 2912, 225, 2617, 2636, 1913, 3348, 251, 3357, 1561, 1814, 3513, 3863, 2927, 2812, 2301, 2387, 177, 1402, 3541, 2515, 2990, 1352, 2735, 633, 2527, 3924, 468, 1878, 2443, 2296, 1047, 2255, 1944, 2119, 3584, 1625, 460, 3617, 1431, 3848, 2703, 3852, 628, 3249, 2249, 3711, 964, 937, 1544, 2684, 2867, 1465, 1704, 1945, 1229, 727, 1435, 2162, 119, 758, 3168, 2463, 240, 3478, 2210, 1437, 3461, 1057, 681, 3571, 3381, 1749, 3491, 2327, 3658, 3458, 41, 100, 2177, 2328, 506, 3850, 3624, 2234, 1511, 3874, 1449, 1487, 3110, 3666, 2369, 3817, 3913, 3688, 2310, 1643, 3918, 2178, 1412, 1798, 69, 3759, 2205, 3845, 3554, 528, 1719, 895, 3247, 696, 2057, 3075, 3591, 2479, 1059, 1661, 140, 1568, 466, 2938, 93, 1870, 1238, 3855, 3091, 3019, 3935, 3257, 3080, 2739, 558, 2956, 1377, 3758, 572, 3807, 2076, 884, 485, 3007, 1975, 3904, 1800, 1106, 3025, 1979, 2238, 3765, 1984, 1426, 3018, 1441, 2817, 2930, 3721, 3761, 2783, 1849, 425, 2720, 912, 542, 2364, 2411, 1149, 3521, 3196, 2663, 3651, 1769, 1072, 2490, 700, 1305, 352, 1341, 169, 3754, 2064, 276, 2977, 1285, 2051, 3413, 2067, 1189, 2982, 2097, 65, 1848, 504, 3447, 2402, 1125, 2626, 1492, 2158, 2104, 2535, 1552, 2511, 2785, 3790, 3320, 1785, 348, 1647, 2098, 3683, 2777, 2147, 3225, 921, 2612, 277, 378, 1175, 2038, 3231, 1123, 1014, 1132, 149, 2671, 1812, 3884, 1846, 487, 3337, 2961, 2869, 2856, 1613, 2461, 3767, 2797, 3358, 2967, 162, 2525, 3456, 3038, 2406, 96, 635, 1310, 3919, 2161, 2081, 1419, 1297, 1458, 910, 2474, 3315, 3346, 1118, 1652, 811, 1821, 56, 975, 370, 3691, 629, 931, 3407, 3686, 433, 822, 1126, 904, 802, 3362, 218, 88, 3837, 2501, 729, 3614, 1043, 793, 1503, 2270, 792, 2926, 1824, 1662, 307, 3819, 1689, 257, 3508, 2375, 60, 3748, 3660, 195, 2050, 2446, 446, 2666]
labeling = [0, 0, 0, 0, 10, 2, 7, 0, 12, 9, 0, 4, 0, 1, 10, 0, 2, 0, 0, 4, 1, 6, 0, 1, 2, 2, 3, 1, 0, 10, 2, 0, 0, 8, 12, 0, 0, 0, 5, 6, 0, 4, 3, 0, 14, 0, 0, 2, 4, 0, 3, 1, 0, 3, 6, 0, 7, 0, 2, 9, 1, 2, 0, 0, 15, 2, 3, 4, 1, 11, 1, 7, 0, 4, 4, 0, 3, 0, 6, 1, 5, 1, 8, 1, 19, 4, 3, 9, 11, 15, 7, 6, 11, 0, 5, 2, 18, 7, 1, 11, 14, 13, 2, 9, 15, 0, 7, 5, 1, 6, 13, 20, 9, 4, 8, 10, 3, 4, 1, 19, 12, 16, 1, 5, 7, 4, 2, 11, 13, 10, 1, 5, 6, 12, 14, 8, 17, 2, 3, 16, 3, 4, 18, 7, 10, 0, 13, 1, 5, 17, 4, 2, 3, 6, 5, 2, 0, 5, 7, 8, 4, 2, 7, 0, 12, 0, 1, 5, 6, 23, 11, 17, 2, 3, 0, 4, 8, 13, 10, 20, 7, 3, 4, 6, 13, 3, 23, 0, 5, 16, 1, 18, 7, 2, 0, 5, 11, 2, 4, 17, 2, 14, 6, 7, 21, 8, 9, 0, 1, 2, 11, 18, 4, 6, 22, 4, 20, 8, 0, 6, 9, 1, 11, 10, 4, 11, 8, 7, 2, 9, 7, 12, 13, 14, 6, 0, 15, 0, 2, 1, 5, 1, 0, 0, 16, 7, 10, 8, 2, 1, 5, 20, 4, 6, 7, 9, 14, 16, 11, 18, 2, 22, 9, 4, 1, 14, 10, 6, 16, 5, 9, 8, 12, 11, 3, 11, 19, 14, 13, 22, 7, 10, 8, 1, 19, 1, 4, 5, 6, 13, 6, 16, 7, 3, 9, 14, 5, 1, 11, 0, 2, 3, 4, 12, 21, 5, 19, 9, 7, 16, 10, 1, 2, 3, 4, 0, 11, 0, 7, 0, 4, 1, 1, 4, 11, 3, 14, 1, 0, 18, 8, 9, 7, 5, 10, 0, 3, 12, 13, 5, 11, 15, 0, 8, 3, 6, 12, 8, 20, 10, 0, 17, 2, 19, 15, 2, 7, 9, 20, 5, 13, 18, 12, 8, 10, 3, 2, 1, 7, 18, 9, 0, 3, 6, 7, 1, 15, 12, 21, 13, 6, 17, 2, 4, 15, 0, 10, 5, 3, 12, 2, 18, 7, 4, 5, 4, 14, 0, 3, 1, 9, 2, 1, 0, 13, 0, 19, 3, 7, 6, 10, 2, 11, 8, 14, 7, 16, 2, 0, 17, 4, 1, 13, 3, 11, 13, 7, 1, 9, 16, 3, 14, 5, 2, 4, 6, 12, 13, 1, 11, 9, 0, 6, 2, 13, 0, 21, 9, 3, 20, 7, 8, 11, 1, 10, 13, 2, 4, 5, 16, 3, 19, 7, 0, 1, 7, 22, 3, 12, 17, 13, 6, 10, 8, 2, 0, 0, 0, 9, 4, 2, 1, 1, 0, 15, 11, 5, 12, 0, 9, 5, 17, 1, 7, 12, 3, 4, 16, 2, 10, 0, 20, 6, 5, 19, 7, 22, 3, 2, 6, 11, 0, 8, 4, 9, 0, 21, 1, 2, 22, 2, 19, 10, 7, 18, 12, 16, 3, 1, 0, 3, 4, 8, 6, 12, 9, 17, 1, 7, 14, 0, 6, 5, 8, 9, 5, 4, 12, 2, 3, 8, 11, 6, 0, 10, 0, 7, 0, 12, 1, 10, 0, 4, 0, 18, 4, 8, 2, 6, 13, 2, 3, 10, 0, 17, 9, 19, 8, 21, 23, 11, 15, 2, 0, 1, 5, 8, 9, 3, 17, 2, 12, 0, 7, 5, 15, 23, 7, 8, 0, 8, 3, 2, 12, 7, 10, 14, 13, 4, 5, 1, 2, 10, 11, 15, 7, 19, 6, 8, 20, 4, 3, 0, 1, 17, 11, 7, 8, 5, 21, 2, 13, 4, 6, 9, 0, 16, 0, 5, 0, 9, 2, 3, 0, 20, 7, 1, 6, 4, 8, 0, 11, 12, 2, 1, 6, 5, 4, 3, 14, 8, 7, 11, 9, 22, 3, 18, 5, 2, 4, 10, 15, 2, 0, 13, 17, 11, 9, 7, 6, 14, 24, 11, 10, 12, 5, 17, 15, 3, 16, 8, 9, 0, 4, 13, 3, 23, 8, 1, 22, 12, 18, 11, 2, 4, 7, 10, 2, 6, 1, 5, 15, 7, 9, 3, 0, 19, 0, 8, 0, 2, 3, 3, 0, 5, 1, 12, 9, 0, 22, 4, 14, 7, 16, 15, 13, 10, 2, 0, 21, 2, 12, 0, 8, 19, 9, 16, 10, 1, 23, 0, 6, 7, 2, 15, 2, 20, 0, 8, 21, 4, 1, 14, 3, 10, 1, 8, 4, 2, 7, 13, 14, 2, 5, 17, 9, 20, 5, 4, 24, 1, 0, 7, 3, 8, 10, 14, 12, 5, 6, 3, 18, 15, 16, 10, 0, 12, 0, 14, 2, 1, 0, 4, 0, 3, 8, 7, 14, 11, 9, 2, 18, 5, 12, 11, 7, 6, 13, 14, 5, 0, 3, 15, 1, 12, 15, 7, 8, 9, 1, 6, 14, 3, 4, 11, 8, 5, 6, 7, 9, 0, 18, 2, 14, 15, 7, 13, 11, 4, 3, 11, 0, 14, 6, 19, 5, 12, 1, 8, 9, 3, 6, 4, 16, 2, 6, 11, 14, 0, 4, 1, 13, 8, 10, 9, 5, 0, 0, 7, 2, 10, 0, 4, 0, 21, 6, 13, 11, 8, 7, 11, 0, 1, 14, 16, 5, 4, 3, 2, 20, 3, 18, 6, 0, 17, 11, 2, 1, 10, 8, 13, 21, 12, 3, 0, 3, 16, 4, 10, 12, 6, 20, 10, 15, 5, 2, 1, 7, 3, 13, 4, 18, 9, 11, 7, 12, 10, 15, 0, 18, 0, 14, 8, 3, 12, 15, 20, 0, 1, 14, 7, 17, 2, 5, 6, 0, 11, 4, 1, 2, 6, 5, 4, 0, 18, 1, 2, 8, 0, 15, 3, 5, 4, 9, 6, 17, 10, 0, 1, 14, 1, 12, 2, 3, 0, 7, 4, 5, 11, 15, 5, 6, 10, 12, 13, 1, 2, 8, 4, 7, 15, 17, 5, 3, 0, 12, 14, 3, 9, 15, 9, 8, 11, 2, 23, 3, 17, 0, 1, 2, 6, 11, 12, 5, 8, 1, 4, 6, 10, 16, 4, 19, 11, 0, 7, 0, 3, 0, 9, 0, 1, 0, 3, 4, 7, 4, 12, 2, 9, 17, 9, 20, 6, 10, 19, 2, 13, 9, 0, 22, 5, 8, 7, 1, 13, 10, 16, 3, 6, 7, 2, 9, 14, 1, 21, 4, 18, 1, 0, 2, 8, 10, 9, 6, 11, 1, 4, 6, 13, 18, 7, 21, 4, 5, 8, 0, 6, 2, 10, 14, 4, 19, 9, 3, 20, 9, 22, 3, 0, 10, 2, 13, 1, 4, 0, 0, 5, 4, 12, 1, 5, 0, 0, 3, 11, 15, 16, 0, 13, 1, 6, 3, 15, 14, 12, 4, 5, 2, 7, 9, 7, 15, 4, 0, 21, 1, 2, 6, 5, 24, 8, 19, 9, 3, 15, 0, 11, 4, 1, 20, 3, 23, 7, 5, 22, 13, 16, 2, 0, 12, 4, 3, 9, 1, 5, 15, 20, 7, 2, 18, 10, 1, 0, 9, 2, 7, 6, 5, 4, 21, 5, 17, 7, 19, 13, 0, 8, 0, 11, 1, 8, 0, 6, 1, 4, 12, 2, 6, 0, 13, 8, 9, 10, 15, 3, 10, 16, 5, 0, 18, 0, 6, 15, 8, 7, 5, 11, 12, 1, 20, 11, 0, 2, 9, 8, 2, 6, 0, 10, 1, 5, 17, 3, 12, 6, 9, 10, 11, 15, 21, 14, 19, 1, 2, 11, 2, 23, 4, 0, 7, 0, 16, 10, 3, 9, 3, 12, 1, 17, 0, 8, 14, 12, 5, 2, 1, 4, 2, 6, 1, 14, 1, 3, 0, 19, 3, 10, 11, 1, 17, 0, 7, 8, 2, 9, 6, 11, 12, 1, 16, 8, 14, 3, 0, 10, 13, 4, 0, 6, 1, 4, 17, 11, 14, 5, 10, 3, 7, 9, 16, 7, 14, 9, 0, 8, 2, 4, 5, 21, 15, 0, 13, 3, 1, 9, 4, 17, 13, 2, 5, 8, 20, 2, 18, 13, 1, 15, 4, 0, 16, 6, 11, 8, 2, 5, 0, 18, 0, 3, 1, 2, 0, 0, 0, 8, 11, 6, 3, 13, 4, 2, 12, 6, 1, 21, 12, 15, 10, 0, 19, 10, 5, 1, 3, 12, 3, 2, 5, 0, 18, 7, 8, 9, 4, 15, 0, 13, 4, 2, 3, 9, 11, 13, 6, 14, 16, 19, 1, 12, 6, 3, 10, 9, 18, 1, 11, 12, 5, 8, 21, 2, 14, 0, 7, 6, 14, 23, 9, 8, 4, 9, 20, 2, 0, 10, 0, 7, 5, 1, 0, 0, 3, 1, 2, 5, 1, 15, 9, 3, 22, 6, 10, 0, 14, 17, 3, 13, 8, 9, 4, 1, 7, 6, 2, 24, 11, 14, 17, 10, 20, 5, 16, 12, 0, 8, 2, 10, 0, 3, 5, 11, 17, 2, 1, 7, 4, 0, 11, 9, 17, 1, 2, 14, 15, 19, 5, 4, 2, 0, 16, 0, 10, 4, 6, 1, 17, 3, 11, 9, 8, 2, 22, 0, 10, 6, 4, 12, 4, 3, 0, 4, 0, 1, 3, 16, 10, 7, 1, 13, 12, 8, 2, 14, 0, 10, 13, 19, 2, 1, 16, 9, 0, 11, 5, 19, 7, 8, 3, 1, 2, 10, 22, 5, 4, 12, 4, 6, 7, 9, 18, 6, 23, 4, 0, 20, 2, 16, 9, 3, 5, 8, 13, 1, 0, 21, 10, 9, 8, 2, 14, 3, 23, 6, 0, 7, 12, 5, 16, 2, 13, 0, 19, 3, 4, 1, 3, 15, 1, 10, 0, 1, 0, 0, 0, 3, 7, 9, 13, 11, 15, 5, 6, 8, 10, 7, 2, 4, 5, 0, 3, 11, 14, 1, 19, 9, 5, 6, 15, 0, 11, 3, 13, 0, 1, 5, 0, 21, 13, 8, 10, 8, 15, 6, 7, 14, 5, 1, 16, 4, 3, 17, 11, 13, 6, 16, 0, 7, 11, 1, 12, 5, 4, 18, 2, 15, 10, 17, 0, 3, 11, 4, 9, 7, 1, 2, 1, 5, 1, 0, 3, 8, 0, 0, 0, 12, 4, 5, 10, 2, 20, 1, 18, 6, 7, 9, 6, 13, 12, 3, 5, 14, 17, 7, 0, 20, 0, 12, 13, 10, 14, 8, 18, 10, 4, 19, 6, 16, 2, 1, 22, 4, 3, 9, 0, 7, 10, 12, 0, 5, 15, 12, 9, 2, 1, 13, 4, 18, 6, 5, 0, 7, 10, 4, 3, 6, 1, 8, 9, 2, 16, 8, 18, 2, 10, 1, 0, 14, 0, 3, 4, 1, 0, 4, 1, 6, 15, 14, 8, 3, 16, 10, 0, 3, 9, 2, 4, 11, 0, 8, 13, 7, 21, 4, 6, 15, 18, 8, 11, 3, 5, 1, 2, 8, 12, 21, 9, 7, 0, 17, 18, 7, 11, 3, 4, 16, 1, 2, 5, 0, 20, 3, 4, 7, 12, 22, 6, 11, 3, 0, 5, 11, 24, 8, 1, 19, 9, 14, 1, 3, 0, 2, 4, 6, 8, 15, 4, 7, 3, 9, 2, 5, 1, 0, 2, 10, 3, 17, 0, 12, 21, 0, 13, 9, 8, 12, 9, 5, 15, 1, 20, 2, 18, 8, 4, 17, 4, 1, 2, 11, 13, 7, 10, 6, 0, 16, 0, 3, 4, 9, 12, 2, 1, 8, 14, 3, 5, 9, 1, 7, 13, 0, 6, 4, 10, 19, 2, 8, 0, 15, 17, 4, 12, 6, 9, 15, 6, 10, 3, 0, 5, 10, 13, 8, 1, 16, 0, 11, 0, 14, 1, 8, 0, 7, 1, 20, 9, 2, 3, 0, 18, 6, 4, 5, 1, 14, 17, 7, 1, 9, 3, 8, 16, 10, 5, 22, 0, 6, 4, 13, 15, 9, 8, 1, 5, 2, 6, 11, 12, 0, 10, 13, 5, 0, 17, 14, 7, 19, 9, 4, 5, 9, 17, 2, 0, 16, 11, 1, 7, 10, 20, 0, 3, 12, 8, 18, 3, 7, 5, 1, 12, 1, 9, 10, 2, 6, 5, 3, 0, 8, 0, 3, 0, 4, 0, 12, 5, 6, 9, 1, 22, 3, 15, 11, 0, 10, 12, 2, 6, 5, 7, 15, 0, 2, 13, 12, 2, 9, 0, 5, 3, 13, 18, 11, 1, 9, 4, 21, 6, 14, 1, 8, 7, 13, 11, 18, 0, 16, 4, 5, 3, 17, 8, 0, 6, 9, 4, 12, 17, 15, 6, 2, 14, 10, 0, 21, 9, 4, 15, 8, 7, 4, 0, 3, 14, 2, 0, 17, 0, 5, 1, 5, 0, 0, 0, 14, 8, 10, 6, 7, 20, 1, 17, 2, 3, 18, 7, 8, 12, 15, 11, 0, 4, 9, 2, 17, 6, 14, 3, 1, 20, 11, 10, 7, 4, 13, 0, 5, 4, 1, 22, 3, 15, 2, 6, 9, 5, 20, 6, 4, 13, 15, 11, 8, 0, 1, 6, 7, 14, 10, 3, 8, 18, 0, 5, 13, 1, 16, 6, 19, 18, 6, 10, 1, 4, 0, 0, 15, 4, 8, 1, 0, 0, 1, 0, 4, 10, 16, 8, 2, 7, 5, 9, 10, 1, 16, 2, 0, 20, 11, 19, 9, 6, 0, 3, 2, 4, 8, 5, 10, 18, 7, 0, 12, 11, 21, 2, 16, 14, 9, 11, 13, 8, 0, 17, 19, 8, 14, 10, 1, 16, 3, 2, 1, 5, 8, 10, 4, 5, 6, 15, 0, 11, 12, 2, 9, 4, 7, 3, 5, 16, 10, 2, 5, 0, 3, 0, 20, 0, 6, 1, 3, 5, 1, 3, 12, 2, 6, 1, 14, 21, 0, 15, 14, 10, 4, 10, 13, 11, 6, 7, 5, 1, 2, 9, 15, 11, 12, 9, 0, 10, 13, 6, 16, 1, 12, 8, 3, 1, 0, 9, 4, 5, 6, 2, 15, 6, 7, 8, 3, 18, 11, 12, 3, 1, 0, 2, 22, 10, 5, 17, 6, 20, 2, 4, 12, 8, 1, 0, 3, 4, 14, 19, 9, 6, 8, 0, 13, 1, 11, 0, 2, 0, 0, 2, 17, 4, 8, 11, 10, 19, 6, 5, 0, 3, 8, 3, 2, 6, 11, 10, 15, 17, 14, 5, 13, 1, 3, 4, 6, 17, 3, 8, 6, 0, 20, 0, 23, 8, 7, 16, 11, 14, 3, 1, 22, 1, 0, 5, 2, 20, 8, 10, 12, 4, 15, 18, 13, 1, 3, 5, 3, 7, 9, 2, 18, 1, 14, 6, 11, 7, 11, 10, 3, 2, 9, 0, 1, 0, 5, 3, 3, 0, 0, 0, 1, 7, 15, 9, 6, 16, 2, 22, 3, 4, 0, 5, 14, 13, 10, 2, 13, 12, 5, 4, 9, 6, 18, 11, 7, 15, 8, 5, 0, 1, 22, 13, 2, 5, 4, 12, 6, 10, 9, 3, 8, 10, 18, 11, 1, 2, 5, 6, 7, 0, 9, 11, 17, 18, 4, 12, 0, 22, 14, 6, 15, 5, 8, 2, 3, 17, 2, 0, 5, 13, 8, 0, 12, 0, 6, 2, 13, 0, 0, 0, 5, 3, 11, 7, 2, 12, 14, 8, 10, 0, 9, 11, 6, 2, 4, 19, 1, 22, 15, 5, 4, 12, 16, 7, 11, 10, 14, 21, 12, 0, 17, 9, 6, 1, 20, 15, 3, 19, 6, 0, 20, 18, 4, 14, 7, 11, 7, 13, 0, 16, 19, 13, 21, 6, 1, 10, 2, 16, 3, 0, 4, 7, 1, 8, 13, 11, 14, 9, 13, 6, 0, 1, 3, 0, 5, 1, 17, 1, 0, 0, 14, 8, 9, 11, 7, 20, 6, 18, 4, 3, 1, 4, 15, 6, 7, 10, 7, 3, 0, 12, 6, 3, 14, 9, 2, 1, 5, 8, 15, 11, 7, 2, 3, 10, 12, 5, 0, 13, 3, 9, 17, 4, 10, 1, 2, 9, 12, 22, 13, 14, 23, 3, 5, 11, 7, 21, 5, 8, 7, 1, 12, 9, 24, 0, 3, 7, 0, 2, 3, 14, 9, 2, 18, 1, 4, 1, 6, 2, 0, 0, 12, 0, 4, 3, 1, 2, 9, 16, 8, 7, 5, 12, 11, 13, 0, 8, 0, 21, 11, 14, 17, 9, 24, 1, 3, 20, 7, 22, 4, 2, 18, 4, 14, 2, 0, 8, 13, 11, 12, 1, 21, 10, 19, 4, 16, 6, 8, 3, 10, 1, 20, 1, 0, 5, 2, 18, 7, 14, 2, 3, 10, 2, 16, 14, 4, 13, 4, 5, 6, 0, 1, 1, 15, 0, 8, 0, 13, 1, 0, 2, 5, 3, 18, 7, 2, 15, 11, 10, 1, 0, 7, 14, 17, 9, 3, 23, 6, 19, 3, 4, 5, 11, 13, 7, 2, 8, 14, 15, 0, 1, 13, 9, 10, 6, 16, 0, 2, 3, 9, 15, 18, 12, 14, 2, 4, 13, 0, 11, 8, 5, 22, 9, 4, 14, 1, 8, 3, 12, 0, 2, 19, 11, 6, 4, 1, 9, 14, 3, 1, 12, 6, 0, 11, 3, 0, 2, 9, 0, 0, 2, 14, 10, 11, 0, 7, 4, 7, 8, 12, 2, 11, 1, 20, 14, 13, 15, 17, 0, 6, 2, 9, 3, 21, 2, 1, 6, 0, 18, 10, 13, 11, 15, 2, 1, 4, 16, 6, 5, 4, 9, 20, 8, 10, 6, 1, 3, 5, 7, 1, 15, 11, 13, 19, 4, 6, 5, 0, 17, 9, 1, 13, 6, 15, 16, 2, 20, 3, 7, 5, 0, 8, 0, 4, 0, 1, 2, 10, 0, 0, 2, 1, 8, 3, 4, 12, 22, 2, 6, 10, 15, 3, 13, 18, 7, 0, 5, 7, 8, 0, 10, 16, 10, 12, 4, 14, 22, 2, 20, 8, 1, 17, 4, 14, 3, 0, 2, 9, 7, 0, 10, 14, 0, 22, 10, 6, 18, 15, 9, 13, 4, 16, 6, 0, 7, 2, 12, 2, 14, 1, 8, 4, 8, 18, 10, 0, 6, 1, 11, 8, 15, 2, 4, 14, 0, 0, 3, 0, 0, 2, 1, 17, 6, 5, 12, 7, 11, 14, 13, 0, 2, 6, 0, 9, 13, 4, 17, 4, 1, 3, 12, 19, 8, 24, 6, 2, 4, 11, 7, 1, 10, 13, 0, 9, 5, 16, 11, 7, 15, 14, 1, 5, 2, 8, 16, 3, 1, 10, 12, 11, 7, 3, 0, 21, 9, 6, 20, 9, 10, 6, 13, 2, 15, 7, 13, 11, 12, 5, 9, 3, 14, 8, 0, 17, 0, 10, 1, 4, 0, 2, 0, 15, 2, 9, 7, 6, 21, 4, 19, 2, 0, 8, 12, 16, 4, 1, 10, 14, 20, 15, 0, 12, 3, 22, 2, 6, 15, 1, 0, 7, 9, 6, 10, 2, 9, 8, 0, 13, 18, 4, 3, 15, 6, 20, 7, 2, 22, 8, 24, 5, 3, 17, 4, 19, 2, 0, 8, 13, 15, 10, 6, 0, 3, 5, 4, 14, 7, 14, 16, 9, 13, 1, 0, 4, 0, 11, 0, 3, 0, 5, 0, 8, 13, 1, 4, 11, 5, 7, 10, 13, 2, 11, 16, 14, 9, 0, 13, 5, 3, 0, 6, 16, 0, 1, 14, 7, 3, 6, 5, 10, 8, 14, 8, 11, 19, 0, 12, 3, 16, 17, 1, 8, 1, 10, 2, 18, 20, 5, 13, 9, 11, 14, 2, 7, 4, 3, 16, 10, 1, 0, 5, 18, 5, 12, 8, 2, 3, 11, 10, 5, 1, 6, 0, 21, 0, 8, 0, 16, 0, 0, 0, 18, 4, 14, 6, 2, 22, 2, 12, 10, 0, 17, 0, 20, 3, 1, 19, 3, 15, 7, 5, 9, 7, 4, 5, 2, 13, 11, 20, 1, 0, 18, 5, 7, 11, 10, 15, 10, 9, 3, 2, 4, 7, 6, 12, 1, 16, 11, 0, 1, 9, 22, 8, 18, 15, 10, 7, 0, 11, 2, 3, 21, 2, 9, 11, 1, 12, 9, 15, 7, 0, 1, 0, 19, 0, 4, 0, 15, 0, 1, 1, 5, 11, 10, 8, 0, 9, 13, 7, 12, 3, 6, 8, 4, 1, 2, 0, 11, 10, 4, 13, 3, 5, 14, 17, 16, 8, 1, 6, 12, 15, 21, 9, 4, 5, 11, 17, 14, 0, 7, 3, 10, 3, 13, 0, 5, 12, 0, 2, 8, 6, 17, 10, 5, 20, 1, 4, 6, 13, 12, 8, 10, 13, 23, 0, 14, 8, 5, 6, 2, 1, 0, 1, 14, 4, 3, 2, 2, 0, 1, 2, 16, 7, 12, 0, 4, 1, 4, 20, 3, 8, 15, 2, 11, 5, 13, 9, 13, 23, 11, 3, 7, 0, 12, 1, 2, 14, 3, 10, 16, 4, 2, 6, 23, 8, 0, 20, 1, 12, 10, 4, 8, 5, 22, 13, 3, 4, 7, 15, 2, 1, 0, 3, 19, 6, 16, 9, 11, 2, 3, 14, 12, 15, 20, 5, 1, 4, 0, 22, 9, 2, 7, 2, 17, 0, 11, 2, 0, 4, 1, 2, 3, 1, 6, 12, 13, 10, 6, 18, 8, 5, 4, 0, 24, 2, 16, 18, 7, 20, 6, 8, 21, 9, 5, 3, 1, 12, 5, 19, 0, 2, 10, 0, 17, 6, 4, 23, 8, 7, 2, 3, 14, 16, 18, 4, 0, 17, 1, 24, 0, 2, 13, 6, 11, 8, 3, 7, 2, 5, 10, 1, 14, 8, 18, 1, 11, 6, 3, 16, 11, 0, 10, 1, 1, 0, 8, 3, 7, 0, 1, 3, 11, 5, 9, 1, 4, 2, 9, 14, 4, 6, 19, 11, 7, 0, 5, 16, 3, 22, 9, 1, 0, 6, 13, 5, 2, 3, 10, 15, 8, 11, 19, 4, 1, 11, 6, 12, 2, 5, 0, 8, 6, 11, 9, 8, 1, 10, 3, 21, 13, 0, 2, 0, 15, 11, 4, 16, 4, 19, 0, 6, 20, 10, 3, 8, 1, 9, 5, 23, 4, 7, 0, 0, 12, 1, 14, 2, 1, 0, 0, 2, 13, 2, 15, 10, 5, 0, 7, 8, 6, 4, 21, 5, 12, 14, 3, 8, 0, 6, 2, 4, 22, 2, 10, 12, 3, 5, 8, 7, 10, 1, 14, 1, 9, 7, 0, 3, 9, 16, 5, 6, 15, 0, 20, 1, 10, 7, 16, 23, 3, 2, 5, 8, 18, 9, 11, 10, 14, 12, 2, 1, 13, 1, 22, 5, 0, 15, 8, 11, 0, 4, 5, 0, 3, 2, 1, 6, 10, 0, 0, 2, 3, 8, 17, 0, 14, 11, 1, 20, 9, 15, 13, 3, 18, 4, 2, 19, 11, 15, 0, 5, 9, 7, 17, 3, 1, 13, 3, 20, 1, 0, 18, 6, 11, 12, 4, 21, 4, 23, 2, 0, 17, 7, 8, 10, 6, 9, 14, 12, 5, 1, 15, 2, 0, 1, 4, 21, 5, 3, 4, 6, 18, 3, 8, 7, 1, 12, 6, 2, 3, 0, 9, 0, 7, 1, 4, 0, 0, 1, 1, 3, 9, 13, 12, 5, 4, 14, 4, 6, 2, 16, 17, 6, 8, 11, 12, 3, 8, 10, 6, 0, 5, 1, 14, 13, 16, 8, 17, 2, 4, 15, 3, 11, 16, 9, 0, 1, 8, 5, 6, 10, 14, 2, 19, 16, 4, 11, 0, 3, 2, 8, 17, 6, 13, 14, 5, 23, 1, 19, 8, 10, 4, 7, 16, 1, 6, 8, 2, 10, 6, 15, 1, 4, 14, 2, 3, 0, 3, 0, 5, 0, 11, 0, 7, 1, 13, 10, 0, 1, 0, 8, 9, 0, 5, 0, 0, 1, 0, 7, 1, 11, 0, 3, 12, 0, 4, 6, 0, 10, 0, 3, 17, 0, 14, 0, 4, 9, 0, 7, 0, 2, 10, 4, 12, 0, 0, 4, 3, 6, 0, 2, 12, 3, 1, 0, 8, 0, 3, 7, 0, 9, 9, 0, 2, 3, 5, 0, 0, 13, 0, 3, 2, 0, 5, 0, 7, 10, 0, 2, 3, 2, 2, 2, 1, 1, 0, 2, 0, 3, 3, 8, 1, 9, 0]
convergência = [24, 24, 24, 24, 24, 24, 24, 24, 24, 24, 24, 24, 24, 24, 24, 24, 24, 24, 24, 24, 24, 24, 24, 24, 24, 24, 24, 24, 24, 24, 24, 24, 24, 24, 24, 24, 24, 24, 24, 24, 24, 24, 24, 24, 24, 24, 24, 24, 24, 24, 24, 24, 24, 24, 24, 24, 24, 24, 24, 24, 24, 24, 24, 24, 24, 24, 24, 24, 24, 24, 24, 24, 24, 24, 24, 24, 24, 24, 24, 24, 24, 24, 24, 24, 24, 24, 24, 24, 24, 24, 24, 24, 24, 24, 24, 24, 24, 24, 24, 24, 24, 24, 24, 24, 24, 24, 24, 24, 24, 24, 24, 24, 24, 24, 24, 24, 24, 24, 24, 24, 24, 24, 24, 24]

===== FIM =====
