===== RESULTADO BRKGA L(2,1) =====
Arquivo: /Users/mateuspedrosa/Documents/TCC-II/BRKGA/data/Harwell-Boeing_cleaned/lnsp_511_clean.mtx

----- Execução #1 -----
[INFO] Parou por estagnação.
Tempo de execução: 46164ms
Span (lambda): 20
best_order = [286, 446, 509, 452, 138, 113, 218, 126, 295, 458, 256, 311, 436, 338, 470, 228, 179, 497, 316, 361, 146, 175, 166, 257, 131, 253, 378, 92, 258, 505, 164, 248, 16, 329, 462, 4, 41, 30, 387, 279, 28, 356, 241, 408, 238, 101, 507, 20, 347, 0, 235, 110, 362, 395, 236, 199, 284, 412, 372, 6, 45, 180, 464, 445, 139, 264, 88, 373, 377, 186, 14, 379, 442, 194, 214, 426, 376, 44, 9, 116, 280, 386, 443, 339, 255, 158, 437, 108, 117, 431, 64, 39, 141, 196, 33, 226, 204, 12, 285, 417, 457, 421, 479, 307, 447, 125, 277, 184, 13, 298, 332, 384, 120, 300, 155, 171, 119, 72, 76, 484, 29, 391, 302, 397, 444, 46, 259, 56, 189, 160, 341, 129, 428, 394, 15, 294, 418, 174, 36, 348, 330, 222, 449, 96, 454, 3, 201, 476, 54, 68, 32, 501, 216, 207, 231, 273, 487, 240, 423, 485, 455, 47, 149, 115, 217, 100, 371, 95, 405, 353, 83, 140, 409, 247, 389, 135, 385, 172, 153, 177, 262, 396, 502, 287, 251, 420, 187, 75, 336, 154, 11, 354, 27, 477, 392, 173, 488, 42, 53, 308, 183, 86, 151, 433, 494, 301, 85, 269, 266, 317, 170, 210, 374, 233, 127, 481, 21, 503, 2, 349, 224, 118, 448, 38, 281, 346, 506, 219, 270, 246, 147, 368, 205, 71, 453, 99, 498, 145, 375, 65, 57, 102, 51, 435, 59, 48, 94, 495, 282, 215, 121, 365, 309, 185, 208, 90, 274, 105, 416, 310, 469, 198, 84, 381, 24, 134, 67, 475, 474, 315, 401, 213, 463, 239, 91, 363, 318, 52, 159, 26, 162, 293, 243, 510, 438, 202, 212, 321, 359, 370, 104, 78, 369, 465, 350, 22, 451, 413, 5, 200, 137, 161, 267, 234, 143, 109, 299, 292, 342, 237, 403, 351, 190, 271, 429, 312, 89, 37, 404, 249, 114, 319, 383, 352, 472, 73, 388, 181, 133, 460, 345, 491, 107, 176, 335, 225, 18, 192, 466, 260, 60, 478, 380, 98, 136, 360, 34, 390, 344, 169, 31, 493, 326, 427, 132, 232, 49, 357, 17, 223, 410, 261, 81, 197, 459, 230, 103, 82, 366, 244, 508, 152, 206, 402, 434, 499, 399, 123, 188, 93, 124, 283, 276, 303, 157, 195, 500, 504, 327, 40, 148, 182, 254, 272, 473, 393, 193, 364, 268, 489, 305, 450, 306, 325, 492, 358, 61, 419, 398, 178, 441, 414, 77, 10, 288, 250, 439, 486, 456, 220, 490, 203, 128, 55, 165, 415, 50, 25, 482, 191, 221, 323, 79, 58, 424, 334, 333, 483, 313, 8, 106, 122, 320, 150, 432, 278, 471, 400, 265, 480, 87, 62, 163, 367, 63, 467, 252, 425, 314, 322, 130, 23, 496, 112, 66, 245, 289, 406, 328, 422, 229, 168, 19, 156, 297, 324, 142, 7, 440, 144, 331, 227, 290, 69, 242, 407, 211, 461, 275, 430, 263, 43, 340, 343, 80, 468, 382, 209, 355, 97, 111, 74, 70, 296, 337, 1, 411, 167, 35, 304, 291]
labeling = [1, 0, 0, 0, 0, 1, 2, 2, 9, 2, 0, 1, 0, 4, 1, 0, 0, 2, 5, 11, 0, 0, 3, 4, 7, 0, 5, 0, 1, 4, 0, 8, 0, 0, 8, 0, 0, 0, 2, 2, 3, 0, 3, 4, 1, 0, 3, 0, 5, 0, 8, 0, 7, 0, 3, 9, 5, 6, 10, 11, 7, 14, 13, 17, 6, 3, 16, 10, 8, 20, 10, 9, 1, 2, 16, 6, 3, 9, 8, 19, 9, 13, 3, 5, 11, 2, 6, 7, 1, 16, 8, 14, 1, 18, 9, 0, 7, 4, 12, 4, 4, 0, 0, 3, 13, 5, 16, 1, 2, 15, 2, 19, 5, 0, 17, 8, 4, 0, 10, 7, 1, 12, 15, 14, 18, 4, 0, 5, 9, 10, 14, 2, 8, 12, 13, 6, 17, 2, 0, 3, 1, 5, 9, 8, 14, 4, 0, 0, 10, 2, 11, 1, 0, 0, 8, 3, 18, 4, 1, 12, 0, 6, 2, 10, 3, 14, 1, 6, 16, 13, 9, 5, 8, 0, 6, 0, 11, 3, 16, 1, 3, 15, 11, 4, 9, 12, 7, 0, 14, 11, 5, 19, 7, 15, 4, 0, 6, 1, 13, 1, 10, 0, 3, 0, 5, 9, 14, 7, 2, 19, 6, 17, 10, 3, 7, 2, 9, 4, 0, 15, 11, 20, 1, 10, 12, 5, 2, 7, 0, 18, 7, 8, 4, 10, 16, 1, 5, 6, 3, 14, 3, 2, 18, 4, 5, 0, 8, 0, 0, 1, 7, 0, 4, 0, 15, 4, 0, 2, 3, 8, 12, 13, 6, 18, 5, 10, 11, 13, 14, 9, 1, 17, 11, 0, 3, 8, 19, 0, 13, 6, 2, 14, 9, 1, 8, 4, 0, 2, 15, 17, 6, 20, 11, 5, 4, 0, 12, 0, 2, 1, 6, 0, 4, 0, 20, 11, 12, 5, 9, 10, 5, 1, 14, 7, 19, 7, 3, 0, 6, 16, 3, 12, 6, 2, 18, 6, 7, 8, 1, 4, 0, 20, 1, 11, 14, 7, 12, 17, 2, 1, 12, 10, 4, 6, 9, 0, 7, 0, 5, 0, 0, 0, 5, 0, 8, 17, 2, 11, 13, 12, 14, 4, 1, 6, 17, 2, 15, 7, 0, 14, 9, 8, 2, 1, 12, 1, 5, 4, 0, 7, 14, 15, 16, 2, 5, 2, 9, 0, 11, 8, 4, 3, 6, 12, 2, 0, 11, 2, 13, 4, 14, 4, 1, 1, 10, 2, 16, 6, 3, 7, 16, 19, 3, 5, 20, 8, 9, 5, 1, 18, 4, 6, 8, 2, 16, 19, 3, 6, 1, 13, 3, 10, 9, 0, 15, 6, 1, 3, 8, 19, 10, 17, 1, 2, 3, 0, 0, 4, 5, 4, 6, 0, 0, 0, 4, 0, 12, 0, 1, 13, 0, 17, 0, 2, 0, 0, 11, 0, 4, 9, 0, 15, 0, 3, 11, 0, 7, 0, 2, 2, 0, 5, 0, 8, 4, 0, 18, 5, 6, 9, 1, 7, 5, 0, 2, 0, 12, 0, 4, 6, 2, 5, 0, 2, 1, 0, 1, 0, 3, 1, 0]
convergência = [21, 21, 21, 21, 21, 21, 21, 21, 21, 21, 21, 21, 21, 21, 21, 21, 21, 20, 20, 20, 20, 20, 20, 20, 20, 20, 20, 20, 20, 20, 20, 20, 20, 20, 20, 20, 20, 20, 20, 20, 20, 20, 20, 20, 20, 20, 20, 20, 20, 20, 20, 20, 20, 20, 20, 20, 20, 20, 20, 20, 20, 20, 20, 20, 20, 20, 20, 20, 20, 20, 20, 20, 20, 20, 20, 20, 20, 20, 20, 20, 20, 20, 20, 20, 20, 20, 20, 20, 20, 20, 20, 20, 20, 20, 20, 20, 20, 20, 20, 20, 20, 20, 20, 20, 20, 20, 20, 20, 20, 20, 20, 20, 20, 20, 20, 20, 20, 20, 20, 20, 20, 20, 20, 20, 20, 20, 20, 20, 20, 20, 20, 20, 20, 20, 20, 20, 20, 20, 20, 20, 20]

===== FIM =====
