===== RESULTADO BRKGA L(2,1) =====
Arquivo: /Users/mateuspedrosa/Documents/TCC-II/BRKGA/data/Harwell-Boeing_cleaned/lock_700_clean.mtx

----- Execução #1 -----
[INFO] Time limit atingido: 15 minutos. Interrompido no meio de uma geração.
Tempo de execução: 900004ms
Span (lambda): 78
best_order = [149, 674, 338, 331, 265, 137, 585, 26, 374, 30, 547, 377, 397, 394, 249, 588, 226, 511, 328, 158, 643, 209, 290, 269, 169, 543, 34, 187, 407, 69, 116, 284, 373, 492, 458, 601, 82, 161, 381, 352, 655, 189, 690, 163, 409, 193, 567, 19, 234, 276, 605, 391, 431, 581, 236, 520, 213, 444, 466, 356, 470, 551, 477, 580, 583, 292, 10, 212, 564, 464, 160, 121, 653, 518, 125, 150, 38, 350, 267, 182, 480, 312, 527, 128, 483, 119, 534, 478, 699, 382, 513, 29, 224, 64, 122, 282, 515, 481, 110, 499, 262, 591, 134, 539, 156, 200, 360, 432, 642, 243, 237, 487, 537, 410, 33, 617, 91, 455, 435, 639, 668, 503, 259, 540, 31, 253, 184, 316, 23, 611, 141, 204, 557, 548, 366, 552, 35, 279, 306, 286, 205, 452, 24, 451, 11, 641, 569, 495, 65, 159, 170, 519, 472, 345, 582, 89, 255, 633, 429, 657, 447, 512, 461, 294, 245, 532, 289, 353, 693, 359, 54, 63, 60, 621, 9, 364, 423, 357, 293, 442, 8, 692, 310, 104, 179, 380, 16, 631, 186, 622, 343, 490, 50, 570, 632, 172, 132, 664, 658, 462, 523, 273, 528, 2, 275, 438, 194, 301, 311, 630, 330, 556, 650, 15, 418, 247, 88, 28, 384, 646, 308, 317, 439, 586, 496, 626, 453, 61, 445, 49, 530, 277, 111, 651, 305, 140, 95, 560, 295, 436, 659, 592, 321, 176, 610, 510, 545, 421, 135, 202, 309, 298, 130, 660, 415, 685, 395, 501, 148, 434, 574, 17, 411, 516, 223, 544, 673, 422, 344, 238, 62, 666, 25, 93, 525, 561, 118, 197, 152, 559, 597, 240, 281, 389, 645, 460, 375, 667, 403, 274, 171, 679, 590, 365, 670, 214, 332, 538, 428, 324, 450, 167, 355, 303, 385, 596, 20, 278, 553, 405, 254, 652, 339, 392, 342, 494, 608, 448, 315, 6, 263, 86, 99, 576, 183, 467, 87, 471, 70, 607, 196, 562, 542, 697, 363, 314, 228, 307, 628, 258, 325, 408, 488, 386, 629, 521, 48, 689, 300, 594, 505, 661, 53, 40, 509, 417, 623, 12, 476, 68, 396, 272, 491, 529, 323, 612, 27, 463, 257, 531, 517, 443, 287, 334, 624, 555, 637, 103, 541, 123, 285, 457, 536, 242, 180, 129, 506, 368, 351, 66, 440, 211, 113, 217, 578, 44, 139, 388, 105, 96, 78, 178, 684, 680, 233, 698, 681, 45, 413, 327, 84, 620, 606, 188, 412, 482, 215, 694, 354, 454, 599, 563, 261, 376, 533, 206, 97, 446, 654, 441, 604, 682, 81, 609, 251, 371, 126, 120, 14, 349, 52, 43, 56, 32, 320, 546, 75, 51, 299, 322, 155, 584, 524, 362, 358, 683, 229, 142, 100, 675, 484, 625, 341, 600, 235, 504, 302, 67, 479, 398, 117, 550, 195, 372, 577, 672, 390, 210, 133, 191, 589, 270, 414, 319, 221, 115, 166, 514, 108, 348, 565, 549, 244, 230, 72, 241, 157, 219, 271, 13, 168, 691, 361, 587, 603, 456, 475, 216, 79, 500, 618, 304, 190, 593, 154, 162, 143, 124, 98, 1, 222, 671, 73, 177, 669, 634, 7, 468, 57, 337, 627, 554, 250, 688, 473, 566, 648, 430, 573, 198, 393, 336, 665, 185, 153, 37, 635, 174, 335, 340, 59, 83, 636, 502, 644, 326, 22, 420, 201, 109, 663, 579, 101, 199, 535, 147, 138, 640, 208, 146, 165, 433, 401, 231, 313, 485, 260, 239, 102, 406, 131, 71, 85, 595, 615, 613, 616, 695, 676, 379, 55, 47, 0, 333, 656, 18, 227, 571, 474, 638, 677, 39, 42, 602, 572, 94, 164, 76, 151, 696, 493, 419, 558, 497, 175, 346, 21, 687, 404, 41, 449, 614, 114, 207, 318, 367, 246, 522, 459, 427, 58, 80, 437, 92, 399, 291, 264, 218, 256, 252, 378, 248, 283, 280, 347, 383, 469, 225, 203, 486, 575, 400, 424, 112, 526, 36, 77, 370, 268, 402, 3, 266, 508, 192, 649, 90, 144, 329, 426, 678, 296, 387, 498, 598, 489, 4, 220, 507, 465, 686, 662, 5, 369, 297, 647, 416, 173, 425, 288, 181, 619, 46, 232, 106, 568, 136, 145, 107, 127, 74]
labeling = [37, 33, 22, 43, 45, 47, 30, 51, 14, 11, 1, 5, 6, 20, 8, 2, 0, 4, 60, 7, 28, 62, 52, 10, 21, 26, 2, 30, 23, 12, 4, 16, 40, 14, 6, 18, 41, 21, 2, 29, 12, 39, 52, 38, 28, 15, 57, 50, 35, 20, 18, 25, 23, 3, 9, 58, 49, 53, 78, 55, 25, 27, 31, 23, 4, 6, 41, 57, 38, 1, 36, 76, 61, 66, 87, 34, 79, 85, 46, 64, 81, 51, 8, 69, 49, 71, 39, 41, 5, 3, 79, 13, 76, 36, 74, 31, 8, 10, 44, 6, 42, 56, 73, 40, 24, 46, 86, 90, 67, 69, 16, 29, 83, 43, 80, 65, 5, 59, 33, 18, 55, 13, 20, 44, 72, 15, 53, 89, 17, 37, 30, 67, 27, 58, 19, 33, 83, 1, 68, 43, 29, 23, 45, 47, 84, 88, 70, 66, 34, 0, 14, 77, 32, 63, 54, 50, 22, 47, 3, 26, 11, 7, 62, 9, 78, 75, 60, 40, 52, 4, 12, 38, 25, 80, 56, 58, 19, 39, 36, 17, 34, 64, 0, 31, 24, 51, 21, 2, 42, 6, 48, 46, 61, 8, 10, 44, 30, 28, 59, 64, 5, 62, 27, 81, 19, 21, 56, 75, 71, 2, 61, 48, 10, 8, 35, 52, 70, 50, 82, 68, 86, 63, 74, 32, 6, 84, 2, 77, 42, 56, 61, 65, 87, 48, 7, 54, 10, 21, 35, 63, 37, 57, 39, 15, 51, 18, 67, 20, 72, 1, 53, 48, 79, 11, 36, 23, 77, 42, 45, 17, 58, 54, 14, 39, 73, 0, 78, 12, 76, 3, 57, 66, 43, 21, 27, 23, 8, 29, 38, 18, 79, 34, 14, 71, 5, 46, 24, 44, 76, 26, 3, 69, 12, 28, 16, 30, 65, 74, 32, 50, 18, 0, 28, 15, 31, 13, 20, 43, 29, 33, 22, 27, 5, 62, 41, 37, 7, 31, 64, 59, 51, 25, 53, 46, 12, 26, 47, 45, 0, 58, 22, 2, 27, 62, 33, 37, 58, 55, 0, 19, 60, 52, 38, 9, 34, 7, 40, 44, 51, 49, 6, 47, 4, 25, 49, 36, 4, 15, 55, 10, 16, 53, 50, 40, 20, 31, 14, 59, 23, 70, 61, 45, 49, 7, 1, 26, 40, 3, 55, 52, 24, 9, 13, 57, 17, 35, 38, 53, 43, 12, 47, 11, 37, 32, 5, 16, 41, 4, 48, 66, 68, 56, 63, 28, 58, 19, 50, 0, 39, 8, 14, 22, 44, 42, 54, 21, 72, 33, 18, 56, 41, 31, 34, 19, 44, 46, 67, 61, 33, 6, 52, 4, 10, 51, 30, 7, 14, 64, 25, 27, 47, 52, 12, 43, 5, 29, 50, 22, 38, 65, 36, 20, 18, 26, 48, 16, 55, 45, 0, 60, 32, 23, 19, 37, 4, 49, 2, 34, 59, 67, 7, 40, 17, 61, 63, 57, 42, 9, 13, 53, 6, 15, 21, 11, 28, 39, 0, 0, 0, 14, 10, 0, 0, 0, 3, 1, 15, 37, 45, 1, 13, 8, 54, 12, 32, 0, 6, 14, 35, 0, 22, 0, 9, 2, 0, 0, 26, 19, 2, 4, 4, 17, 31, 6, 19, 10, 34, 9, 24, 18, 3, 21, 11, 28, 5, 30, 24, 7, 32, 11, 17, 21, 7, 0, 33, 25, 41, 0, 2, 21, 38, 1, 15, 7, 26, 11, 19, 13, 47, 21, 3, 16, 36, 39, 9, 23, 28, 3, 27, 11, 13, 28, 30, 22, 8, 27, 23, 15, 12, 20, 6, 3, 16, 8, 26, 0, 12, 25, 2, 17, 15, 10, 1, 43, 40, 46, 21, 19, 44, 24, 37, 2, 42, 39, 47, 3, 45, 19, 15, 25, 9, 5, 11, 27, 29, 22, 24, 0, 20, 31, 13, 2, 17, 33, 36, 39, 8, 42, 26, 32, 21, 16, 19, 7, 23, 28, 34, 13, 36, 4, 20, 6, 2, 0, 17, 8, 24, 54, 48, 40, 10, 12, 29, 11, 32, 9, 42, 20, 7, 13, 15, 23, 37, 35, 4, 30, 19, 21, 2, 26, 24, 50, 48, 17, 0, 34, 31, 35, 39, 13, 16, 18, 27, 34, 24, 22, 40, 37, 19, 8, 0, 17, 6, 4, 31, 34, 36, 24, 27, 10]
convergência = [82, 82, 82, 82, 82, 81, 81, 81, 81, 81, 81, 81, 81, 81, 81, 81, 80, 80, 80, 80, 80, 80, 80, 80, 80, 80, 80, 80, 80, 80, 80, 80, 80, 80, 80, 80, 80, 79, 79, 79, 79, 79, 79, 79, 79, 79, 79, 79, 79, 79, 79, 78, 78, 78, 78, 78, 78, 78, 78, 78, 78, 78, 78, 78, 78, 78, 78, 78, 78, 78, 78, 78, 78, 78, 78, 78, 78, 78, 78, 78, 78, 78, 78, 78, 78, 78, 78, 78, 78, 78, 78, 78, 78, 78, 78, 78, 78, 78, 78, 78, 78, 78, 78, 78, 78, 78, 78, 78, 78, 78, 78, 78, 78, 78, 78, 78, 78, 78]

===== FIM =====
