===== RESULTADO BRKGA L(2,1) =====
Arquivo: /Users/mateuspedrosa/Documents/TCC-II/BRKGA/data/Harwell-Boeing_cleaned/lock1074_clean.mtx

----- Execução #1 -----
[INFO] Time limit atingido: 15 minutos. Interrompido no meio de uma geração.
Tempo de execução: 900005ms
Span (lambda): 106
best_order = [1050, 822, 145, 935, 261, 890, 817, 758, 311, 604, 614, 20, 434, 838, 38, 299, 643, 881, 761, 967, 176, 421, 613, 535, 900, 848, 595, 750, 661, 76, 591, 146, 496, 936, 719, 603, 269, 85, 738, 606, 520, 1024, 600, 921, 233, 916, 97, 409, 354, 330, 998, 157, 837, 648, 938, 187, 465, 267, 779, 349, 1043, 389, 910, 59, 880, 873, 155, 800, 335, 830, 527, 688, 174, 813, 644, 658, 654, 912, 243, 647, 191, 564, 422, 717, 134, 166, 984, 240, 939, 552, 383, 945, 135, 867, 333, 599, 119, 270, 503, 1041, 394, 792, 79, 36, 150, 805, 879, 673, 229, 510, 293, 908, 851, 1073, 767, 619, 70, 429, 448, 1061, 4, 324, 1023, 720, 947, 580, 378, 307, 360, 615, 52, 484, 749, 40, 75, 416, 181, 19, 72, 457, 584, 597, 594, 960, 65, 770, 341, 317, 922, 420, 788, 198, 811, 1010, 93, 850, 406, 897, 784, 185, 521, 693, 264, 220, 356, 401, 474, 903, 566, 481, 563, 123, 718, 241, 804, 565, 101, 263, 557, 1049, 488, 74, 515, 367, 338, 888, 806, 216, 699, 836, 789, 1031, 1034, 192, 937, 622, 581, 1030, 716, 634, 982, 37, 905, 762, 777, 400, 247, 899, 585, 706, 392, 253, 846, 889, 361, 618, 194, 397, 357, 500, 78, 239, 667, 983, 353, 288, 978, 924, 142, 966, 526, 573, 570, 542, 669, 234, 442, 275, 1071, 1033, 819, 612, 627, 733, 590, 141, 660, 1037, 294, 464, 283, 365, 218, 1013, 696, 385, 1066, 575, 127, 885, 332, 963, 331, 703, 344, 878, 896, 221, 167, 954, 692, 260, 518, 519, 336, 480, 366, 932, 30, 583, 818, 471, 845, 678, 808, 752, 674, 318, 901, 399, 449, 387, 514, 32, 1029, 325, 257, 396, 666, 460, 507, 592, 926, 970, 334, 453, 248, 363, 633, 271, 1026, 190, 525, 88, 130, 886, 743, 894, 710, 1028, 973, 309, 629, 785, 337, 438, 204, 114, 126, 437, 179, 156, 620, 298, 1008, 68, 757, 122, 266, 102, 741, 1064, 212, 756, 42, 650, 668, 1045, 508, 237, 343, 798, 5, 203, 895, 776, 183, 993, 651, 44, 358, 95, 372, 1056, 882, 638, 714, 485, 13, 621, 161, 942, 893, 284, 235, 487, 768, 493, 29, 553, 1012, 115, 447, 543, 617, 794, 502, 497, 513, 686, 853, 536, 153, 443, 923, 1036, 466, 864, 663, 171, 452, 516, 522, 41, 499, 368, 953, 569, 579, 871, 11, 427, 641, 202, 747, 90, 857, 915, 180, 689, 468, 657, 314, 964, 1040, 479, 872, 1027, 551, 933, 715, 992, 492, 295, 51, 1011, 999, 723, 403, 490, 548, 306, 854, 292, 113, 57, 588, 23, 498, 186, 377, 1062, 705, 670, 589, 1019, 408, 930, 941, 473, 859, 413, 495, 820, 222, 124, 414, 826, 491, 981, 509, 555, 1059, 45, 140, 943, 760, 236, 1005, 3, 62, 99, 22, 405, 861, 955, 162, 469, 34, 952, 461, 56, 64, 444, 371, 430, 722, 980, 765, 773, 189, 956, 995, 407, 728, 656, 803, 73, 169, 82, 1014, 351, 379, 652, 172, 875, 505, 971, 66, 763, 12, 256, 607, 49, 87, 0, 636, 949, 39, 701, 1009, 424, 791, 616, 15, 168, 742, 793, 1067, 278, 207, 346, 291, 419, 128, 160, 541, 470, 2, 144, 300, 375, 567, 1048, 184, 707, 985, 682, 1007, 734, 1065, 98, 446, 482, 735, 483, 782, 751, 540, 786, 987, 884, 1042, 675, 824, 708, 834, 359, 778, 609, 672, 1072, 164, 262, 308, 388, 799, 684, 659, 290, 630, 740, 287, 598, 313, 136, 58, 772, 428, 727, 195, 862, 843, 530, 835, 272, 610, 771, 322, 199, 304, 210, 395, 810, 698, 962, 362, 704, 80, 957, 726, 105, 89, 974, 780, 6, 109, 968, 380, 7, 700, 732, 84, 152, 655, 869, 737, 849, 753, 285, 175, 265, 931, 986, 225, 43, 319, 201, 1044, 280, 436, 345, 16, 24, 374, 759, 906, 602, 489, 410, 412, 568, 352, 154, 1022, 302, 624, 206, 282, 1052, 111, 131, 138, 451, 71, 415, 1054, 680, 177, 316, 815, 63, 245, 182, 898, 775, 697, 1068, 748, 902, 329, 382, 554, 147, 55, 844, 1070, 133, 1039, 506, 26, 254, 281, 951, 1015, 524, 205, 632, 100, 847, 326, 587, 637, 242, 27, 783, 320, 478, 866, 143, 547, 855, 286, 125, 944, 504, 193, 426, 159, 801, 671, 339, 907, 340, 858, 268, 917, 868, 635, 440, 802, 821, 455, 355, 842, 558, 545, 53, 649, 927, 1018, 865, 840, 163, 197, 1053, 528, 841, 729, 213, 914, 596, 512, 809, 211, 997, 829, 876, 797, 81, 996, 139, 289, 435, 874, 249, 702, 94, 348, 402, 467, 909, 972, 231, 445, 892, 376, 825, 120, 418, 370, 831, 54, 538, 454, 940, 9, 523, 532, 856, 274, 1001, 544, 312, 546, 463, 456, 255, 677, 863, 959, 441, 646, 170, 827, 1055, 60, 571, 665, 517, 511, 887, 61, 178, 200, 35, 1038, 991, 904, 877, 533, 386, 839, 1025, 18, 950, 745, 1003, 17, 196, 364, 828, 165, 259, 393, 860, 1006, 626, 969, 25, 975, 787, 807, 918, 816, 103, 67, 223, 137, 586, 369, 432, 631, 214, 582, 305, 151, 398, 391, 550, 755, 1058, 431, 988, 628, 664, 297, 891, 754, 683, 273, 21, 1002, 83, 712, 342, 694, 746, 224, 832, 965, 69, 276, 252, 736, 209, 108, 925, 556, 188, 539, 232, 883, 228, 277, 605, 328, 475, 50, 173, 645, 976, 129, 529, 1069, 208, 961, 687, 373, 560, 486, 1060, 691, 549, 639, 121, 301, 494, 946, 411, 653, 774, 814, 1016, 347, 562, 994, 48, 1004, 31, 1020, 928, 219, 1032, 662, 250, 110, 574, 107, 823, 948, 226, 796, 531, 86, 625, 608, 327, 593, 611, 315, 911, 852, 685, 323, 681, 721, 251, 724, 764, 92, 104, 310, 246, 227, 149, 934, 870, 576, 958, 690, 731, 476, 1046, 381, 450, 244, 10, 384, 979, 158, 132, 117, 919, 695, 238, 296, 350, 423, 769, 91, 1035, 977, 989, 766, 1057, 1017, 1021, 812, 1000, 833, 501, 679, 217, 676, 96, 433, 425, 744, 578, 601, 781, 417, 559, 713, 534, 920, 795, 77, 623, 929, 33, 230, 8, 439, 1063, 709, 577, 148, 730, 640, 458, 913, 116, 321, 390, 990, 47, 459, 790, 462, 258, 477, 215, 118, 303, 404, 279, 28, 642, 711, 472, 14, 1, 46, 112, 561, 106, 1051, 725, 739, 537, 1047, 572]
labeling = [0, 0, 0, 0, 0, 0, 32, 39, 60, 48, 56, 2, 56, 40, 109, 60, 66, 82, 17, 11, 1, 20, 15, 13, 68, 87, 75, 77, 108, 41, 33, 97, 38, 106, 50, 85, 17, 28, 2, 59, 20, 42, 16, 62, 35, 37, 103, 99, 95, 58, 93, 19, 14, 78, 80, 74, 49, 43, 51, 6, 81, 83, 45, 73, 52, 11, 54, 89, 31, 91, 9, 71, 24, 46, 26, 22, 4, 104, 20, 8, 49, 55, 40, 70, 67, 1, 100, 44, 25, 63, 37, 77, 72, 16, 41, 30, 96, 3, 57, 47, 76, 18, 34, 86, 102, 61, 110, 98, 84, 65, 94, 69, 107, 39, 24, 33, 88, 78, 90, 5, 52, 56, 20, 18, 23, 45, 29, 22, 42, 85, 27, 59, 87, 50, 11, 13, 48, 81, 52, 75, 39, 19, 2, 69, 28, 0, 4, 40, 90, 66, 15, 83, 61, 36, 64, 9, 32, 7, 92, 73, 54, 34, 45, 72, 58, 80, 0, 23, 51, 47, 77, 38, 49, 89, 10, 57, 2, 60, 63, 19, 43, 12, 66, 26, 56, 17, 33, 5, 87, 41, 31, 8, 14, 71, 21, 44, 79, 75, 6, 48, 78, 50, 40, 37, 1, 68, 62, 53, 91, 85, 60, 76, 34, 74, 82, 100, 25, 98, 27, 93, 16, 29, 35, 81, 83, 59, 88, 96, 69, 11, 99, 48, 56, 6, 9, 29, 32, 22, 58, 4, 13, 20, 70, 9, 72, 65, 92, 23, 39, 63, 86, 90, 66, 19, 43, 51, 37, 27, 74, 53, 25, 0, 41, 17, 15, 46, 31, 7, 61, 3, 3, 13, 19, 65, 24, 10, 84, 86, 44, 88, 52, 63, 0, 0, 0, 0, 0, 0, 15, 39, 35, 26, 24, 12, 0, 0, 0, 0, 0, 0, 5, 24, 15, 35, 7, 20, 59, 19, 64, 48, 104, 4, 35, 17, 13, 37, 19, 10, 40, 70, 72, 105, 65, 103, 17, 42, 76, 101, 97, 74, 7, 37, 35, 14, 44, 10, 38, 49, 18, 77, 79, 3, 94, 51, 36, 71, 62, 99, 78, 1, 92, 30, 73, 24, 0, 81, 9, 31, 53, 60, 21, 27, 67, 46, 87, 33, 39, 12, 54, 89, 83, 56, 34, 86, 66, 57, 73, 45, 13, 55, 69, 82, 75, 8, 95, 18, 85, 26, 47, 3, 98, 93, 25, 84, 11, 63, 43, 29, 91, 41, 23, 16, 80, 50, 100, 52, 5, 58, 30, 4, 42, 54, 52, 36, 28, 36, 0, 40, 38, 34, 15, 2, 6, 88, 48, 96, 64, 22, 61, 10, 44, 77, 80, 90, 0, 65, 50, 18, 7, 86, 30, 71, 4, 14, 39, 70, 59, 27, 12, 20, 83, 56, 32, 17, 74, 67, 78, 8, 92, 95, 23, 43, 97, 76, 29, 3, 51, 72, 11, 35, 53, 1, 90, 25, 16, 82, 84, 99, 68, 37, 31, 19, 61, 63, 6, 40, 80, 42, 21, 65, 47, 49, 56, 41, 87, 60, 2, 46, 58, 54, 26, 89, 44, 9, 71, 64, 66, 33, 35, 62, 14, 79, 69, 48, 38, 24, 52, 75, 34, 36, 5, 12, 45, 57, 55, 10, 8, 2, 30, 62, 13, 64, 33, 59, 95, 1, 50, 101, 67, 77, 0, 0, 0, 0, 0, 0, 18, 15, 9, 22, 20, 5, 0, 15, 21, 17, 77, 7, 39, 80, 49, 90, 75, 5, 11, 22, 18, 55, 57, 42, 30, 73, 102, 28, 94, 32, 53, 98, 95, 44, 19, 27, 90, 36, 21, 30, 88, 72, 46, 48, 34, 5, 39, 58, 25, 6, 79, 23, 64, 15, 12, 101, 70, 8, 0, 92, 10, 55, 94, 61, 63, 99, 31, 4, 1, 13, 59, 49, 26, 18, 43, 47, 24, 96, 65, 89, 80, 32, 82, 41, 62, 81, 67, 37, 29, 76, 57, 74, 45, 86, 103, 52, 105, 3, 14, 84, 78, 16, 9, 65, 39, 41, 54, 78, 6, 59, 29, 9, 1, 56, 33, 7, 91, 51, 73, 71, 35, 20, 38, 22, 53, 68, 60, 3, 16, 56, 84, 69, 4, 90, 61, 70, 48, 64, 63, 93, 44, 88, 11, 46, 95, 85, 27, 17, 83, 100, 28, 86, 74, 21, 76, 52, 81, 31, 66, 50, 25, 58, 37, 104, 12, 110, 39, 43, 42, 48, 23, 13, 19, 1, 15, 91, 35, 33, 96, 112, 75, 54, 41, 79, 107, 98, 78, 30, 65, 68, 99, 80, 7, 114, 72, 45, 62, 38, 103, 89, 94, 29, 77, 11, 5, 70, 36, 82, 97, 95, 47, 40, 0, 84, 55, 3, 16, 57, 87, 51, 101, 9, 50, 103, 17, 75, 73, 58, 101, 85, 44, 27, 63, 8, 74, 106, 69, 86, 18, 43, 67, 92, 14, 21, 109, 60, 10, 64, 49, 108, 102, 90, 19, 25, 2, 27, 34, 23, 20, 12, 24, 93, 34, 88, 0, 0, 0, 0, 0, 0, 59, 2, 32, 29, 52, 57, 0, 54, 18, 40, 14, 45, 47, 38, 8, 43, 49, 51, 17, 19, 13, 6, 4, 41, 27, 35, 25, 21, 23, 10, 15, 24, 0, 22, 11, 9, 38, 2, 7, 26, 30, 5, 28, 12, 36, 16, 20, 33, 43, 80, 75, 13, 78, 68, 106, 55, 57, 11, 82, 61, 77, 79, 29, 15, 8, 5, 50, 95, 63, 30, 45, 86, 22, 26, 2, 90, 84, 52, 47, 49, 32, 20, 66, 24, 1, 33, 53, 21, 59, 23, 31, 46, 16, 67, 9, 94, 12, 75, 71, 39, 3, 64, 88, 100, 102, 6, 18, 38, 28, 92, 36, 69, 98, 108, 54, 58, 34, 41, 81, 0, 3, 12, 8, 10, 35, 29, 23, 30, 50, 6, 61, 10, 91, 51, 76, 62, 40, 27, 25, 43, 48, 56, 78, 73, 0, 42, 24, 14, 22, 32, 19, 1, 52, 66, 21, 38, 69, 20, 60, 80, 82, 96, 17, 86, 45, 36, 13, 15, 6, 18, 65, 38, 85, 102, 98, 72, 33, 31, 89, 57, 42, 29, 3, 24, 81, 64, 87, 75, 94, 47, 77, 63, 35, 61, 8, 50, 44, 11, 59, 68, 84, 95, 70, 55, 100, 107, 79, 16, 1, 91, 39, 53, 41, 37, 28, 26, 80, 30, 5, 82, 48, 32, 83, 81, 51, 9, 71, 4, 76, 46, 104, 110, 66, 22, 0, 85, 56, 73, 58, 78, 48, 105, 96, 56, 98, 14, 54, 109, 42, 67, 31, 60, 0, 0, 0, 0, 0, 0]
convergência = [108, 107, 107, 106, 106, 106, 106, 106, 106, 106, 106, 106, 106, 106, 106, 106, 106, 106, 106, 106, 106, 106, 106, 106, 106, 106, 106, 106, 106, 106, 106, 106, 106, 106, 106, 106, 106]

===== FIM =====
