===== RESULTADO BRKGA L(2,1) =====
Arquivo: /Users/mateuspedrosa/Documents/TCC-II/BRKGA/data/Harwell-Boeing_cleaned/lock2232_clean.mtx

----- Execução #1 -----
[INFO] Time limit atingido: 15 minutos. Interrompido no meio de uma geração.
Tempo de execução: 900010ms
Span (lambda): 84
best_order = [1246, 1645, 1952, 603, 2132, 566, 1696, 1174, 2069, 993, 58, 233, 1753, 1450, 425, 138, 251, 2010, 2012, 1089, 1327, 1148, 1434, 1072, 1655, 26, 336, 1325, 1506, 1300, 2052, 1443, 764, 379, 943, 1528, 754, 1489, 809, 1649, 1354, 1543, 319, 567, 991, 1955, 119, 1771, 693, 826, 1916, 549, 1031, 501, 1376, 1197, 811, 1725, 1524, 25, 302, 1930, 1063, 59, 1463, 1727, 51, 643, 751, 1752, 166, 1033, 1426, 1298, 1186, 1193, 2146, 1015, 775, 279, 1551, 439, 1422, 21, 1190, 765, 105, 79, 354, 2187, 973, 1397, 515, 1205, 250, 2099, 1523, 1464, 965, 1257, 1473, 1480, 1221, 335, 796, 1460, 1074, 662, 529, 585, 621, 1626, 1820, 2120, 514, 618, 1238, 902, 969, 1749, 1526, 1008, 1358, 180, 107, 1468, 510, 2005, 1152, 747, 1603, 644, 1153, 1356, 1129, 1817, 1322, 1847, 1481, 669, 728, 762, 158, 331, 1786, 1456, 16, 359, 938, 886, 485, 1243, 2211, 466, 1191, 1289, 1042, 530, 1825, 1127, 1762, 362, 484, 507, 1075, 1403, 1683, 140, 1547, 865, 4, 129, 1223, 1369, 101, 1991, 1883, 881, 1099, 56, 227, 378, 2034, 23, 2174, 120, 1136, 1307, 1701, 978, 888, 1532, 875, 391, 1137, 1527, 142, 1822, 623, 971, 2220, 1697, 804, 387, 1935, 1392, 49, 296, 2002, 1248, 1255, 2137, 1717, 1840, 553, 980, 1608, 1980, 153, 498, 2074, 1170, 771, 1586, 1066, 1542, 1135, 2127, 1053, 604, 772, 2157, 744, 1705, 1924, 1981, 2018, 409, 2201, 770, 339, 1350, 2210, 2089, 36, 141, 1169, 2139, 392, 12, 2071, 455, 1802, 721, 273, 1627, 1328, 268, 833, 1454, 1950, 1591, 848, 1734, 20, 2007, 1225, 1654, 1215, 10, 32, 1915, 1826, 667, 1013, 1010, 1226, 1457, 54, 1200, 1014, 243, 799, 581, 221, 1790, 207, 267, 399, 438, 1412, 193, 1580, 2154, 1652, 1741, 2165, 2050, 596, 428, 834, 1181, 687, 1782, 534, 1346, 2025, 1795, 1663, 258, 1553, 295, 420, 868, 222, 2042, 976, 469, 1583, 297, 640, 1319, 1622, 1244, 2131, 683, 1021, 115, 722, 782, 1968, 321, 855, 1079, 461, 1970, 2186, 1110, 1120, 261, 259, 743, 1845, 2083, 1588, 2021, 2202, 657, 1239, 191, 11, 2208, 252, 1469, 1436, 2116, 488, 1459, 1433, 1823, 116, 568, 464, 1252, 1962, 1869, 312, 475, 899, 403, 653, 1345, 363, 170, 1277, 223, 545, 1644, 2059, 1597, 1493, 1049, 1428, 1487, 677, 524, 1202, 2169, 517, 345, 602, 854, 402, 694, 1283, 1230, 1907, 350, 1030, 1429, 89, 1477, 364, 1810, 558, 1585, 234, 849, 1096, 465, 1745, 556, 714, 471, 122, 535, 294, 937, 1359, 1853, 436, 866, 2056, 177, 1441, 2198, 1998, 890, 1037, 384, 1106, 1559, 676, 2092, 1020, 1954, 373, 401, 2221, 329, 1418, 159, 231, 1398, 1270, 1219, 418, 383, 1607, 1641, 1229, 352, 1858, 565, 338, 1080, 68, 2182, 1231, 1888, 2188, 1859, 448, 1918, 2082, 1324, 542, 1797, 1799, 1208, 1661, 1240, 1545, 351, 229, 2226, 1956, 31, 125, 1743, 972, 1161, 1604, 353, 66, 1071, 1051, 1259, 22, 2109, 375, 1254, 1679, 1517, 123, 518, 715, 794, 442, 1599, 134, 665, 659, 1595, 393, 88, 127, 1698, 1311, 7, 1488, 1315, 2128, 2229, 1389, 1377, 2158, 717, 1855, 2045, 2032, 625, 1827, 916, 1142, 2105, 232, 2192, 673, 1868, 1241, 1194, 299, 78, 588, 305, 2224, 2066, 1467, 543, 2080, 1554, 526, 1887, 380, 964, 1929, 505, 86, 1803, 1370, 1357, 1341, 1492, 1875, 1824, 1996, 1658, 547, 1573, 148, 1282, 52, 1997, 293, 1001, 999, 860, 995, 1881, 1242, 1522, 1908, 74, 814, 467, 832, 2073, 1261, 1092, 1550, 1984, 2227, 880, 1222, 275, 1316, 270, 1091, 1695, 1440, 1776, 727, 1578, 2011, 1989, 266, 96, 1258, 758, 988, 1831, 1934, 646, 685, 206, 2078, 1476, 617, 332, 1385, 1395, 1114, 73, 630, 1185, 318, 2214, 1587, 707, 697, 1250, 1975, 1382, 82, 952, 369, 733, 400, 55, 748, 198, 2138, 740, 1943, 989, 1296, 842, 599, 911, 1530, 1882, 1900, 1892, 1674, 208, 408, 370, 1581, 1011, 325, 2101, 1507, 1406, 430, 1379, 1736, 861, 1726, 2193, 1613, 650, 2166, 1438, 1399, 423, 1910, 236, 2123, 2084, 708, 1648, 1891, 1650, 1073, 680, 1673, 536, 1342, 1380, 1566, 1634, 741, 1640, 1742, 201, 199, 1112, 344, 457, 959, 1768, 2136, 1220, 103, 1999, 1138, 904, 1577, 1867, 2102, 490, 1969, 979, 598, 1633, 1564, 1143, 456, 1579, 837, 2215, 1732, 703, 1848, 2122, 1269, 777, 357, 569, 1329, 87, 1207, 1470, 801, 1147, 2044, 477, 463, 1569, 1297, 473, 2152, 1972, 819, 1034, 1333, 1400, 1017, 846, 950, 2140, 557, 1605, 1688, 386, 452, 1987, 1819, 2055, 1938, 1835, 173, 702, 1685, 825, 788, 1922, 412, 611, 1957, 1818, 614, 53, 172, 459, 109, 1340, 1700, 1876, 1895, 245, 1310, 256, 1594, 495, 1756, 1453, 341, 778, 915, 583, 1158, 955, 237, 1444, 203, 219, 2170, 1548, 1909, 1990, 1029, 40, 835, 2178, 1549, 126, 476, 1660, 1715, 725, 1535, 1273, 64, 1889, 33, 1913, 711, 1478, 2147, 240, 1312, 75, 1373, 1983, 213, 1275, 147, 1639, 1098, 1728, 1739, 1386, 1496, 385, 629, 45, 1166, 636, 1854, 1268, 480, 124, 1038, 1471, 891, 947, 1115, 13, 1931, 1624, 767, 520, 1933, 151, 655, 150, 679, 19, 1511, 1265, 739, 1121, 1501, 62, 244, 1886, 718, 1870, 1850, 710, 47, 1409, 160, 1085, 162, 1678, 573, 1059, 2181, 2173, 992, 1365, 1485, 287, 2110, 2151, 1105, 1124, 1076, 131, 1747, 1016, 1203, 1039, 1337, 1746, 356, 2064, 1582, 178, 1977, 574, 699, 1364, 1367, 2197, 419, 1323, 482, 1694, 2177, 303, 531, 2204, 736, 397, 597, 1452, 787, 83, 1798, 2033, 822, 2219, 1914, 705, 2097, 907, 1313, 315, 1623, 1343, 975, 324, 1224, 1777, 698, 2129, 1920, 1465, 900, 2205, 1094, 2113, 1699, 1065, 1165, 1839, 128, 171, 1733, 1046, 1702, 768, 337, 323, 2161, 1632, 1179, 2046, 1288, 730, 607, 853, 2020, 1770, 114, 1451, 1730, 1894, 1204, 503, 780, 462, 2106, 769, 1304, 1590, 532, 1123, 1384, 1155, 1731, 372, 453, 1788, 1253, 215, 1040, 283, 1804, 499, 738, 1233, 1410, 1375, 2200, 1232, 2167, 1555, 813, 1811, 2053, 1157, 984, 2077, 406, 63, 1237, 935, 311, 645, 2043, 1516, 620, 2155, 241, 91, 1619, 1314, 2112, 1196, 1198, 1093, 1959, 1714, 1982, 784, 1408, 358, 1593, 340, 2048, 1272, 1703, 2026, 1643, 731, 1018, 824, 1162, 726, 1290, 481, 443, 365, 1172, 1682, 985, 841, 1899, 90, 2079, 157, 1082, 1462, 802, 431, 939, 2150, 440, 1508, 1872, 2060, 220, 509, 50, 1538, 1815, 257, 94, 805, 300, 1159, 1284, 1417, 102, 1816, 2027, 1320, 1556, 847, 2212, 2065, 161, 1423, 458, 421, 1378, 487, 1911, 135, 773, 1625, 905, 661, 664, 144, 2028, 1729, 538, 310, 500, 968, 1601, 1794, 1178, 1295, 2179, 2107, 447, 1614, 1986, 896, 594, 1361, 1541, 2090, 2088, 554, 1393, 327, 919, 238, 1724, 1686, 1271, 395, 1344, 1130, 637, 2159, 668, 2156, 2144, 1716, 2195, 582, 1387, 885, 654, 590, 844, 663, 1963, 817, 1898, 2209, 678, 696, 1937, 228, 1531, 1630, 1966, 1401, 1738, 1432, 1206, 200, 783, 1004, 856, 808, 2061, 366, 1861, 37, 1235, 2037, 1759, 908, 912, 690, 883, 970, 962, 2124, 859, 285, 1750, 1009, 863, 9, 2163, 913, 1431, 632, 2091, 1766, 1939, 1025, 1737, 1917, 1176, 132, 1504, 190, 1058, 450, 2014, 1769, 737, 291, 2183, 981, 65, 1209, 681, 1863, 1449, 1520, 1167, 1923, 1150, 641, 2115, 67, 249, 605, 1326, 704, 1620, 100, 745, 6, 1012, 1664, 924, 575, 1069, 1841, 1217, 2087, 492, 504, 1299, 239, 416, 155, 2218, 1184, 580, 1405, 2103, 328, 2031, 29, 433, 1189, 1491, 1026, 156, 1689, 235, 247, 1044, 922, 906, 2119, 434, 1947, 2016, 878, 1592, 1067, 1657, 334, 1390, 1043, 1414, 1107, 982, 563, 2222, 1628, 658, 983, 1540, 322, 1134, 508, 192, 2085, 2175, 277, 1128, 2135, 422, 374, 175, 216, 1681, 1711, 666, 446, 909, 1693, 429, 1006, 977, 5, 1544, 864, 1062, 218, 274, 1928, 491, 2006, 871, 592, 2004, 1596, 2024, 437, 1615, 1023, 167, 612, 720, 24, 1292, 1435, 1336, 1949, 928, 1901, 1210, 1022, 2062, 164, 572, 1812, 755, 1177, 1951, 798, 1781, 2098, 1606, 493, 1687, 1003, 1286, 2075, 1534, 2067, 895, 242, 2104, 371, 2008, 926, 2015, 2228, 1830, 98, 1103, 1575, 941, 81, 1411, 494, 133, 1784, 634, 852, 831, 1116, 368, 1722, 997, 1829, 1171, 1502, 394, 966, 1260, 1589, 84, 2054, 61, 539, 1149, 1087, 2125, 44, 272, 874, 522, 593, 1509, 1740, 2206, 954, 1141, 1101, 1525, 2023, 807, 38, 591, 1539, 840, 265, 932, 460, 1755, 1500, 308, 893, 735, 1967, 1561, 752, 887, 502, 2191, 483, 1442, 93, 648, 1407, 869, 1834, 2081, 1720, 39, 1903, 1374, 803, 606, 112, 2019, 271, 1052, 1048, 1056, 2121, 317, 426, 1353, 963, 1495, 1767, 914, 671, 2164, 879, 1339, 918, 1944, 1054, 320, 1808, 1659, 1362, 264, 684, 1474, 2111, 974, 873, 1571, 931, 732, 113, 1086, 701, 876, 1175, 940, 1758, 858, 1419, 1636, 815, 1213, 927, 870, 1108, 898, 1251, 468, 1629, 2216, 1704, 1236, 862, 1979, 1383, 1598, 1122, 1971, 1662, 917, 281, 2035, 80, 1164, 1757, 1102, 209, 921, 2145, 85, 326, 1420, 41, 1321, 35, 1805, 174, 2223, 1279, 990, 1521, 1677, 1751, 1308, 1844, 441, 512, 1180, 1455, 1680, 647, 930, 1503, 1490, 609, 1100, 2036, 184, 1068, 290, 1617, 2013, 1893, 1576, 70, 1132, 1274, 1710, 2000, 2196, 1780, 544, 404, 1117, 1183, 1993, 1514, 967, 1111, 639, 820, 1212, 1145, 97, 753, 424, 149, 821, 449, 2153, 333, 2086, 1055, 1676, 1057, 1890, 361, 523, 71, 956, 812, 278, 1995, 1332, 427, 111, 343, 413, 1940, 376, 1047, 1878, 1416, 1936, 1280, 1083, 176, 1774, 288, 1945, 1306, 953, 1857, 1653, 571, 790, 280, 1126, 1896, 435, 595, 1856, 1513, 1836, 601, 1563, 827, 108, 816, 1880, 1843, 2114, 1760, 2072, 194, 137, 776, 1926, 254, 760, 2133, 314, 548, 1961, 1546, 1227, 76, 823, 246, 1466, 631, 1611, 1234, 8, 1763, 2126, 723, 1427, 1801, 1919, 675, 1642, 1713, 1163, 689, 920, 1363, 749, 791, 181, 1792, 396, 724, 2231, 857, 1618, 779, 1281, 77, 818, 910, 1994, 763, 795, 188, 2141, 179, 451, 994, 1084, 1765, 1294, 1396, 1668, 2180, 2, 28, 1921, 1278, 987, 347, 1360, 196, 34, 1394, 226, 60, 342, 1833, 1821, 496, 1860, 1078, 628, 1574, 1838, 1560, 810, 1974, 1754, 1904, 1973, 670, 1723, 1669, 1264, 1842, 478, 1024, 1953, 2230, 615, 672, 2207, 1512, 540, 2134, 1214, 1415, 570, 1665, 304, 958, 224, 316, 1211, 117, 1019, 1602, 1927, 1783, 349, 1828, 1789, 210, 746, 1475, 2051, 1088, 828, 1557, 2076, 757, 1885, 712, 1846, 1218, 1330, 652, 2003, 2094, 576, 72, 742, 1852, 2184, 1690, 18, 189, 1791, 1228, 382, 2203, 489, 942, 330, 2009, 2049, 260, 1871, 1906, 528, 1600, 1897, 99, 92, 183, 1381, 185, 1430, 1712, 1458, 2117, 511, 850, 1877, 945, 1708, 1249, 1584, 2100, 313, 521, 1735, 411, 14, 1675, 1806, 627, 1144, 1773, 0, 1709, 806, 1964, 1173, 2030, 1334, 212, 307, 1036, 872, 692, 996, 2162, 57, 2225, 626, 1637, 1486, 1510, 1090, 474, 1497, 1291, 789, 533, 1965, 901, 1610, 624, 1156, 1616, 892, 1146, 1195, 110, 1303, 1331, 1160, 407, 1182, 95, 2070, 1779, 1263, 2108, 537, 1978, 1807, 929, 851, 204, 564, 1125, 934, 1647, 1960, 1245, 1446, 118, 414, 1772, 1479, 2199, 1201, 121, 27, 2213, 42, 877, 951, 405, 616, 793, 761, 1305, 1041, 830, 470, 2148, 205, 579, 367, 695, 301, 1302, 1472, 608, 586, 168, 1785, 1266, 2168, 2039, 923, 1267, 197, 202, 785, 1109, 2038, 562, 894, 527, 688, 1744, 432, 2093, 1666, 1902, 1721, 619, 897, 1348, 1338, 497, 1879, 944, 1707, 454, 642, 1483, 551, 1656, 555, 1515, 2142, 2068, 445, 998, 169, 829, 346, 1932, 186, 1948, 838, 1505, 506, 1793, 719, 2041, 613, 1095, 360, 1719, 2194, 1118, 839, 444, 1567, 2063, 1113, 1958, 1809, 1035, 1670, 298, 600, 1077, 1941, 936, 1706, 1529, 1862, 1775, 584, 211, 1372, 709, 713, 182, 1552, 355, 2176, 1748, 541, 1070, 410, 884, 836, 1672, 69, 734, 1425, 1256, 1448, 248, 1992, 756, 843, 649, 716, 546, 1335, 1866, 262, 1849, 2160, 1562, 1424, 48, 1865, 1572, 104, 1366, 774, 1355, 1814, 2172, 1667, 2171, 1388, 1352, 1445, 1368, 43, 781, 17, 1946, 2029, 1494, 948, 1061, 1151, 30, 1032, 882, 1518, 986, 1402, 1638, 1045, 750, 1684, 1404, 276, 1119, 15, 1942, 1060, 230, 1761, 1558, 1005, 1461, 165, 1671, 1631, 1081, 1293, 1000, 1568, 1247, 1482, 1351, 1718, 578, 1884, 348, 398, 957, 961, 889, 417, 2095, 1301, 1262, 589, 1787, 306, 845, 139, 1347, 1565, 289, 519, 700, 2149, 1800, 933, 1276, 2190, 1318, 1168, 1537, 525, 706, 253, 1007, 377, 187, 729, 269, 2189, 1287, 163, 152, 143, 390, 2047, 1651, 610, 1499, 195, 1778, 217, 1192, 2143, 925, 1216, 214, 1413, 1, 1536, 1519, 1097, 656, 1437, 1484, 2022, 1199, 960, 1188, 635, 1925, 1131, 1851, 1864, 560, 792, 1796, 284, 2118, 786, 513, 2040, 1874, 46, 686, 381, 550, 1813, 145, 1187, 622, 1912, 1985, 1609, 691, 1570, 2058, 1988, 1027, 479, 286, 660, 1154, 1612, 1421, 282, 2185, 1309, 2017, 1391, 225, 674, 561, 1139, 263, 486, 292, 154, 2057, 682, 577, 1349, 1028, 389, 766, 1317, 903, 552, 388, 1133, 1064, 255, 516, 1447, 797, 415, 3, 1832, 949, 1691, 1285, 2001, 587, 146, 1533, 759, 1439, 1976, 2130, 1050, 638, 1621, 559, 1104, 1635, 130, 1371, 2096, 309, 1692, 946, 106, 1646, 1140, 136, 1002, 867, 1498, 472, 1905, 1837, 633, 2217, 1873, 800, 651, 1764]
labeling = [0, 0, 0, 0, 0, 0, 0, 0, 0, 0, 0, 0, 0, 0, 0, 0, 0, 0, 0, 0, 0, 0, 0, 0, 36, 2, 0, 48, 44, 33, 51, 10, 4, 16, 26, 18, 6, 23, 37, 39, 14, 41, 34, 37, 32, 21, 55, 26, 56, 6, 31, 4, 21, 27, 13, 24, 7, 55, 0, 2, 53, 35, 19, 27, 10, 29, 8, 14, 1, 53, 16, 44, 54, 23, 18, 29, 50, 52, 15, 5, 48, 42, 20, 34, 38, 42, 19, 25, 17, 9, 28, 22, 46, 40, 30, 49, 18, 40, 30, 47, 28, 5, 25, 12, 45, 0, 56, 3, 48, 20, 50, 46, 31, 36, 24, 5, 15, 40, 55, 2, 7, 50, 11, 15, 23, 13, 25, 8, 40, 1, 62, 32, 32, 34, 8, 20, 54, 43, 0, 60, 9, 13, 11, 64, 37, 65, 71, 35, 13, 46, 38, 36, 60, 11, 70, 45, 51, 32, 7, 17, 22, 43, 25, 62, 39, 58, 4, 33, 32, 45, 2, 27, 24, 22, 15, 13, 19, 1, 10, 49, 6, 27, 50, 35, 24, 39, 48, 50, 28, 36, 15, 1, 38, 4, 42, 64, 48, 50, 26, 37, 42, 35, 46, 39, 33, 48, 13, 8, 15, 19, 32, 45, 38, 3, 59, 12, 23, 66, 40, 8, 10, 6, 16, 20, 58, 68, 55, 0, 30, 14, 52, 12, 16, 0, 8, 44, 21, 23, 28, 33, 21, 26, 34, 5, 23, 17, 37, 31, 52, 29, 2, 0, 9, 54, 20, 71, 16, 18, 1, 11, 23, 5, 36, 56, 43, 41, 19, 10, 7, 55, 33, 53, 51, 3, 49, 28, 58, 41, 54, 4, 56, 47, 79, 30, 65, 49, 74, 28, 59, 61, 57, 44, 73, 26, 22, 14, 9, 18, 63, 31, 45, 72, 3, 38, 67, 26, 77, 68, 52, 84, 47, 42, 4, 65, 53, 39, 55, 48, 13, 0, 41, 10, 37, 23, 21, 19, 56, 35, 38, 11, 66, 4, 10, 59, 36, 0, 2, 39, 7, 5, 44, 37, 65, 48, 18, 4, 75, 60, 35, 33, 17, 21, 19, 23, 3, 51, 38, 18, 41, 5, 71, 60, 7, 15, 20, 45, 46, 73, 55, 30, 32, 53, 43, 17, 51, 27, 64, 77, 9, 1, 28, 80, 49, 25, 22, 36, 34, 11, 82, 75, 67, 2, 5, 29, 54, 47, 61, 41, 69, 12, 34, 24, 14, 6, 57, 70, 40, 63, 30, 18, 76, 69, 32, 63, 72, 83, 48, 74, 25, 40, 10, 42, 50, 35, 62, 0, 61, 66, 13, 56, 31, 44, 64, 3, 52, 59, 1, 57, 17, 0, 31, 45, 19, 27, 71, 60, 35, 26, 11, 44, 9, 18, 3, 5, 30, 1, 29, 14, 36, 31, 49, 2, 32, 30, 3, 17, 1, 24, 29, 9, 52, 18, 73, 20, 65, 0, 28, 19, 35, 72, 34, 43, 36, 62, 14, 10, 82, 45, 12, 68, 27, 51, 47, 53, 55, 23, 65, 73, 7, 41, 48, 4, 60, 38, 50, 24, 74, 16, 54, 46, 8, 67, 58, 78, 6, 2, 80, 16, 20, 76, 33, 70, 58, 64, 15, 79, 22, 71, 66, 5, 12, 25, 40, 72, 7, 13, 28, 69, 37, 57, 66, 74, 19, 21, 59, 8, 78, 26, 63, 2, 81, 76, 41, 3, 35, 37, 11, 23, 8, 56, 34, 39, 31, 26, 19, 14, 1, 3, 6, 17, 55, 53, 51, 12, 35, 45, 20, 50, 41, 22, 17, 2, 18, 16, 37, 1, 29, 42, 20, 47, 25, 40, 30, 38, 31, 45, 4, 29, 24, 19, 77, 59, 18, 0, 16, 44, 52, 32, 58, 56, 73, 27, 47, 71, 30, 63, 65, 24, 9, 64, 36, 7, 80, 14, 74, 21, 70, 53, 49, 33, 22, 54, 42, 81, 50, 79, 15, 39, 78, 61, 4, 43, 69, 5, 11, 34, 23, 54, 48, 75, 29, 83, 68, 20, 41, 33, 76, 10, 49, 21, 83, 25, 6, 46, 44, 13, 51, 17, 42, 12, 67, 55, 57, 25, 71, 49, 23, 3, 28, 26, 17, 40, 66, 0, 13, 11, 37, 9, 31, 16, 12, 74, 36, 0, 3, 39, 27, 1, 20, 9, 51, 31, 21, 16, 28, 23, 52, 5, 20, 64, 26, 24, 47, 66, 9, 11, 74, 16, 37, 60, 44, 8, 19, 61, 63, 32, 45, 18, 7, 82, 38, 43, 56, 24, 70, 50, 34, 47, 41, 35, 22, 30, 69, 14, 6, 46, 65, 1, 27, 53, 73, 4, 54, 58, 2, 52, 72, 62, 15, 80, 60, 67, 10, 49, 0, 3, 75, 33, 36, 38, 15, 10, 13, 42, 78, 5, 64, 26, 29, 66, 36, 79, 11, 48, 40, 76, 77, 39, 28, 71, 57, 62, 64, 50, 8, 48, 1, 66, 32, 11, 49, 20, 28, 43, 9, 21, 58, 41, 23, 1, 68, 3, 59, 33, 15, 57, 58, 37, 60, 13, 39, 49, 20, 43, 23, 18, 0, 38, 22, 41, 30, 12, 7, 1, 0, 9, 55, 2, 11, 23, 56, 34, 24, 74, 40, 79, 16, 35, 6, 10, 67, 70, 51, 31, 19, 12, 44, 65, 61, 45, 14, 27, 63, 47, 53, 4, 21, 82, 18, 59, 62, 46, 69, 60, 54, 7, 55, 72, 42, 53, 22, 8, 81, 50, 73, 32, 3, 54, 5, 77, 22, 30, 70, 58, 73, 48, 38, 75, 61, 17, 26, 74, 2, 84, 4, 29, 49, 33, 43, 52, 65, 25, 39, 44, 54, 28, 1, 60, 36, 29, 65, 43, 33, 69, 40, 78, 49, 59, 45, 72, 58, 55, 51, 68, 65, 37, 59, 5, 1, 28, 52, 49, 23, 0, 51, 37, 72, 9, 66, 70, 24, 63, 1, 60, 42, 27, 53, 61, 55, 0, 79, 76, 41, 57, 23, 8, 56, 62, 34, 3, 39, 12, 20, 6, 53, 32, 18, 47, 10, 21, 14, 45, 48, 50, 35, 37, 72, 68, 16, 19, 63, 2, 27, 0, 67, 25, 71, 42, 77, 24, 80, 22, 86, 54, 17, 78, 31, 81, 3, 46, 17, 26, 52, 12, 14, 4, 35, 28, 43, 70, 19, 15, 46, 44, 69, 41, 38, 74, 82, 29, 18, 5, 70, 0, 4, 25, 9, 2, 13, 36, 38, 58, 1, 53, 47, 57, 39, 55, 49, 5, 62, 3, 54, 0, 56, 58, 32, 38, 21, 5, 55, 47, 43, 3, 49, 34, 9, 39, 65, 33, 73, 14, 4, 21, 6, 8, 28, 37, 35, 13, 20, 76, 44, 66, 68, 34, 53, 45, 71, 1, 75, 25, 22, 42, 37, 78, 18, 84, 23, 11, 63, 56, 61, 51, 80, 32, 15, 40, 59, 72, 7, 64, 24, 74, 10, 31, 50, 60, 80, 82, 8, 30, 58, 36, 31, 77, 67, 7, 55, 6, 50, 81, 62, 83, 52, 16, 9, 11, 33, 86, 85, 57, 13, 27, 73, 64, 69, 26, 2, 54, 47, 78, 0, 7, 66, 35, 51, 49, 12, 36, 67, 2, 31, 54, 61, 39, 35, 51, 72, 1, 15, 44, 36, 49, 0, 47, 35, 43, 25, 12, 62, 4, 74, 59, 39, 5, 3, 84, 82, 52, 6, 12, 68, 4, 3, 56, 11, 1, 45, 67, 21, 71, 25, 38, 43, 5, 46, 37, 22, 50, 55, 70, 63, 58, 68, 18, 79, 53, 61, 28, 34, 8, 32, 14, 40, 16, 19, 59, 64, 30, 27, 29, 45, 41, 65, 48, 60, 40, 2, 7, 20, 30, 24, 10, 17, 66, 0, 80, 10, 60, 33, 57, 23, 47, 26, 13, 77, 6, 31, 24, 48, 16, 82, 76, 67, 33, 72, 75, 42, 36, 20, 49, 48, 24, 52, 34, 71, 9, 63, 35, 53, 56, 25, 19, 14, 41, 27, 29, 11, 9, 15, 72, 32, 81, 60, 30, 14, 17, 4, 21, 2, 45, 50, 18, 5, 47, 15, 3, 19, 34, 9, 4, 13, 17, 21, 6, 8, 70, 61, 2, 50, 59, 5, 43, 22, 1, 52, 0, 12, 35, 68, 74, 62, 37, 70, 78, 54, 39, 66, 55, 38, 30, 32, 46, 27, 18, 15, 79, 64, 84, 17, 80, 75, 45, 3, 73, 10, 28, 8, 19, 65, 42, 58, 60, 23, 7, 63, 44, 74, 13, 29, 76, 68, 41, 56, 46, 4, 21, 48, 34, 31, 72, 29, 61, 41, 26, 40, 51, 77, 25, 53, 83, 14, 37, 59, 35, 57, 0, 18, 36, 40, 47, 53, 6, 69, 35, 5, 54, 22, 20, 40, 49, 1, 65, 47, 63, 66, 25, 13, 38, 54, 80, 4, 8, 37, 18, 2, 11, 14, 17, 60, 49, 35, 12, 1, 54, 18, 75, 30, 78, 33, 24, 55, 2, 42, 71, 68, 84, 70, 52, 0, 32, 30, 28, 15, 60, 12, 17, 65, 20, 9, 73, 39, 5, 7, 45, 62, 27, 11, 16, 38, 44, 66, 8, 51, 64, 23, 19, 36, 75, 7, 10, 79, 63, 81, 43, 56, 22, 26, 4, 61, 49, 31, 21, 80, 58, 25, 73, 85, 82, 59, 34, 57, 64, 49, 77, 3, 28, 47, 58, 69, 37, 50, 46, 16, 68, 5, 2, 20, 24, 6, 14, 3, 1, 2, 27, 5, 7, 0, 29, 8, 13, 1, 26, 20, 10, 76, 68, 23, 47, 37, 33, 9, 0, 50, 11, 63, 5, 44, 46, 26, 2, 70, 15, 27, 41, 43, 62, 71, 25, 66, 54, 77, 59, 36, 81, 35, 65, 74, 40, 83, 60, 79, 15, 69, 22, 56, 18, 29, 38, 13, 32, 48, 17, 64, 23, 10, 34, 19, 52, 43, 9, 51, 45, 39, 11, 53, 3, 62, 6, 71, 44, 67, 7, 24, 42, 55, 21, 8, 83, 72, 63, 85, 28, 41, 50, 75, 61, 67, 37, 45, 85, 14, 27, 16, 30, 6, 11, 50, 56, 22, 80, 19, 14, 4, 58, 36, 38, 62, 15, 3, 1, 59, 26, 14, 0, 73, 27, 20, 5, 26, 59, 15, 56, 13, 4, 55, 36, 3, 38, 8, 0, 54, 7, 31, 58, 69, 71, 48, 57, 64, 72, 66, 17, 16, 41, 35, 20, 18, 3, 55, 51, 46, 7, 79, 21, 40, 47, 25, 44, 63, 83, 86, 49, 35, 17, 2, 9, 13, 29, 23, 10, 33, 37, 53, 0, 76, 74, 60, 67, 57, 39, 70, 65, 30, 12, 32, 6, 81, 78, 53, 72, 52, 61, 42, 1, 19, 4, 34, 48, 42, 44, 32, 40, 11, 71, 24, 45, 43, 31, 51, 12, 22, 20, 66, 18, 39, 31, 77, 8, 45, 59, 3, 1, 51, 43, 15, 49, 26, 13, 58, 72, 6, 61, 73, 64, 25, 49, 8, 27, 14, 1, 44, 30, 23, 50, 3, 8, 40, 25, 21, 10, 9, 27, 19, 32, 5, 35, 40, 49, 10, 57, 47, 75, 41, 14, 58, 21, 38, 23, 82, 63, 9, 20, 35, 56, 72, 74, 55, 76, 13, 37, 47, 84, 79, 39, 41, 4, 33, 30, 0, 65, 7, 17, 27, 5, 12, 25, 67, 53, 52, 22, 68, 66, 54, 29, 53, 62, 57, 28, 6, 34, 61, 42, 24, 15, 68, 2, 24, 75, 37, 77, 69, 18, 33, 21, 60, 58, 16, 19, 64, 46, 78, 49, 82, 80, 79, 28, 26, 19, 36, 70, 27, 56, 47, 3, 11, 45, 28, 51, 36, 6, 23, 4, 74, 61, 32, 17, 14, 30, 48, 11, 1, 44, 18, 15, 45, 54, 35, 23, 9, 40, 56, 25, 37, 63, 39, 8, 2, 20, 7, 29, 55, 27, 12, 6, 1, 41, 9, 62, 39, 63, 25, 43, 8, 78, 59, 66, 51, 13, 3, 31, 72, 34, 22, 5, 55, 41, 17, 48, 57, 71, 76, 15, 54, 60, 81, 50, 73, 52, 10, 46, 0, 67, 12, 2, 7, 26, 75, 38, 69, 62, 11, 42, 61, 68, 44, 53, 14, 30, 16, 53, 33, 66, 65, 28, 80, 36, 70, 52, 1, 6, 33, 29, 16, 84, 46, 32, 82, 24, 34, 4, 57, 28, 52, 40, 6, 25, 18, 29, 39, 62, 2, 56, 21, 1, 19, 12, 46, 61, 0, 11, 2, 53, 22, 27, 30, 71, 5, 51, 12, 7, 42, 31, 28, 0, 2, 13, 25, 72, 62, 47, 3, 5, 2, 17, 19, 12, 67, 63, 76, 71, 13, 44, 31, 23, 39, 73, 45, 64, 9, 60, 4, 41, 55, 34, 17, 79, 78, 15, 27, 36, 54, 69, 38, 42, 21, 49, 61, 0, 68, 10, 59, 26, 7, 50, 62, 43, 24, 47, 20, 57, 18, 11, 22, 52, 58, 50, 46, 9, 35, 48, 20, 64, 63, 75, 82, 38, 49, 6, 67, 21, 26, 48, 53, 19, 40, 43, 65, 8, 30, 56, 28, 19, 49, 44, 14, 57, 56, 21, 1, 29, 17, 10, 27, 30, 37, 4, 11, 22, 52, 10, 0, 36, 50, 28, 25, 1, 20, 5, 27, 51, 52, 54, 44, 46, 0, 6, 63, 68, 25, 3, 1, 28, 4, 24, 36, 2, 18, 27, 71, 26, 62, 41, 53, 7, 23, 42, 64, 12, 29, 66, 73, 18, 2, 47, 69, 34, 31, 39, 55, 33, 16, 45, 60, 79, 11, 0, 22, 74, 77, 51, 15, 24, 67, 43, 56, 32, 14, 58, 40, 8, 10, 61, 35, 37, 50, 59, 12, 37, 5, 3, 32, 59, 13, 16, 44, 54, 25, 20, 3, 15, 36, 38, 17, 57, 6, 20, 48, 13, 58, 51]
convergência = [84, 84, 84, 84, 84, 84, 84, 84, 84, 84, 84, 84, 84, 84, 84, 84, 84, 84, 84, 84, 84, 84, 84, 84, 84, 84, 84, 84, 84]

===== FIM =====
