===== RESULTADO BRKGA L(2,1) =====
Arquivo: /Users/mateuspedrosa/Documents/TCC-II/BRKGA/data/Harwell-Boeing_cleaned/lshp_778_clean.mtx

----- Execução #1 -----
[INFO] Parou por estagnação.
Tempo de execução: 58237ms
Span (lambda): 15
best_order = [118, 279, 26, 586, 91, 246, 200, 732, 425, 417, 239, 625, 141, 721, 109, 411, 204, 767, 628, 387, 519, 624, 146, 415, 213, 603, 131, 269, 295, 286, 539, 649, 561, 665, 695, 507, 406, 251, 292, 671, 474, 525, 719, 163, 672, 623, 580, 559, 360, 347, 369, 93, 194, 458, 53, 149, 375, 209, 688, 15, 613, 381, 420, 663, 478, 40, 650, 159, 330, 763, 193, 235, 459, 708, 602, 726, 368, 743, 221, 259, 479, 94, 548, 12, 469, 363, 90, 179, 563, 554, 630, 526, 664, 491, 447, 75, 171, 3, 244, 693, 533, 694, 590, 584, 730, 339, 485, 42, 281, 319, 441, 660, 326, 382, 332, 537, 724, 247, 255, 482, 8, 775, 258, 169, 4, 776, 71, 669, 328, 689, 598, 100, 270, 358, 656, 88, 72, 392, 627, 357, 738, 201, 274, 391, 605, 220, 303, 99, 435, 444, 644, 670, 380, 468, 139, 43, 568, 148, 373, 44, 691, 271, 126, 718, 611, 622, 236, 728, 11, 552, 121, 143, 652, 188, 470, 45, 78, 154, 41, 114, 704, 405, 20, 706, 250, 275, 65, 96, 203, 463, 737, 707, 451, 610, 734, 142, 532, 587, 184, 462, 122, 13, 120, 541, 742, 530, 701, 52, 596, 735, 130, 597, 284, 240, 164, 101, 696, 510, 219, 84, 187, 679, 51, 551, 756, 517, 318, 117, 524, 208, 199, 503, 676, 619, 317, 147, 145, 618, 443, 322, 620, 673, 434, 48, 402, 342, 30, 210, 398, 400, 34, 59, 362, 24, 494, 578, 638, 22, 229, 35, 522, 320, 557, 424, 555, 33, 23, 591, 214, 653, 223, 355, 534, 674, 27, 134, 89, 245, 74, 110, 92, 713, 311, 340, 384, 457, 492, 416, 383, 55, 313, 276, 690, 225, 212, 593, 273, 283, 102, 604, 473, 502, 515, 37, 305, 176, 546, 635, 297, 115, 124, 692, 202, 248, 218, 431, 63, 755, 419, 573, 46, 498, 761, 531, 757, 683, 17, 307, 516, 370, 138, 725, 334, 480, 73, 475, 504, 293, 595, 372, 777, 129, 86, 113, 736, 353, 79, 103, 185, 256, 566, 351, 547, 337, 488, 112, 527, 655, 343, 636, 217, 741, 294, 637, 237, 133, 421, 529, 437, 432, 523, 601, 156, 460, 681, 511, 481, 771, 659, 501, 181, 594, 62, 272, 496, 104, 731, 686, 260, 666, 175, 687, 581, 438, 350, 38, 648, 161, 760, 682, 0, 298, 261, 241, 553, 759, 365, 518, 151, 291, 394, 77, 454, 226, 257, 705, 300, 472, 543, 224, 267, 645, 746, 167, 76, 513, 56, 505, 599, 662, 346, 758, 632, 711, 341, 50, 32, 389, 166, 137, 254, 308, 61, 500, 395, 423, 333, 508, 768, 377, 85, 132, 168, 180, 506, 280, 242, 428, 266, 230, 388, 216, 312, 2, 195, 278, 412, 608, 616, 542, 182, 408, 315, 374, 304, 263, 401, 446, 14, 174, 769, 60, 153, 729, 556, 439, 228, 299, 268, 499, 243, 170, 714, 277, 111, 461, 765, 66, 162, 222, 290, 264, 733, 727, 722, 569, 429, 359, 770, 685, 654, 740, 354, 588, 215, 614, 512, 465, 7, 82, 329, 629, 371, 487, 571, 493, 445, 752, 661, 19, 486, 748, 233, 452, 5, 514, 621, 550, 344, 393, 349, 144, 376, 173, 87, 306, 309, 418, 716, 150, 119, 67, 410, 348, 579, 609, 198, 352, 680, 607, 414, 265, 712, 403, 490, 158, 57, 125, 105, 366, 338, 497, 128, 364, 717, 520, 28, 386, 367, 69, 477, 545, 751, 684, 572, 754, 314, 744, 589, 723, 703, 558, 196, 335, 227, 577, 177, 747, 361, 528, 606, 296, 612, 509, 773, 536, 191, 231, 667, 698, 356, 232, 583, 95, 47, 709, 626, 36, 453, 576, 21, 710, 390, 426, 29, 764, 634, 186, 564, 106, 10, 739, 336, 287, 155, 310, 127, 249, 211, 108, 413, 774, 442, 206, 631, 702, 697, 49, 466, 449, 316, 152, 83, 483, 327, 207, 471, 455, 123, 600, 657, 677, 68, 70, 646, 633, 6, 197, 192, 135, 116, 98, 39, 450, 678, 658, 642, 427, 575, 54, 668, 262, 538, 140, 165, 282, 205, 189, 641, 404, 489, 574, 651, 565, 81, 31, 570, 9, 440, 422, 16, 535, 407, 567, 1, 289, 592, 766, 385, 324, 331, 172, 484, 464, 323, 521, 549, 762, 720, 301, 745, 749, 234, 643, 285, 562, 345, 715, 615, 238, 467, 80, 585, 495, 699, 107, 396, 97, 750, 647, 160, 25, 753, 640, 433, 476, 436, 178, 544, 560, 582, 183, 190, 456, 18, 409, 700, 675, 448, 639, 378, 58, 253, 302, 64, 288, 540, 430, 399, 252, 397, 379, 157, 136, 325, 321, 617, 772]
labeling = [10, 13, 8, 1, 3, 8, 10, 5, 0, 4, 6, 3, 1, 4, 6, 0, 12, 6, 13, 9, 7, 11, 4, 7, 5, 13, 0, 10, 12, 2, 2, 14, 0, 9, 5, 7, 2, 0, 3, 7, 0, 3, 1, 7, 9, 6, 10, 7, 5, 11, 8, 6, 4, 0, 3, 1, 4, 10, 12, 2, 5, 11, 6, 4, 13, 8, 8, 1, 3, 10, 12, 2, 5, 10, 7, 2, 11, 9, 0, 2, 12, 9, 6, 10, 3, 14, 12, 15, 4, 6, 4, 0, 8, 1, 2, 11, 3, 9, 13, 0, 3, 6, 8, 0, 3, 8, 5, 2, 10, 1, 8, 12, 7, 13, 4, 10, 13, 6, 0, 12, 2, 4, 5, 9, 11, 13, 0, 3, 10, 4, 9, 0, 2, 6, 1, 10, 12, 8, 6, 1, 12, 0, 7, 5, 11, 4, 2, 10, 3, 1, 14, 12, 15, 7, 4, 10, 3, 11, 6, 0, 7, 4, 8, 1, 6, 13, 5, 2, 0, 0, 9, 2, 14, 9, 5, 7, 4, 11, 11, 0, 8, 3, 10, 7, 5, 7, 1, 3, 0, 5, 7, 9, 13, 3, 0, 8, 3, 11, 9, 7, 0, 3, 6, 4, 2, 9, 10, 12, 5, 1, 7, 11, 4, 0, 5, 14, 12, 10, 8, 6, 4, 2, 12, 7, 9, 1, 4, 9, 6, 2, 10, 13, 11, 8, 15, 1, 3, 7, 9, 0, 3, 5, 10, 6, 2, 5, 0, 5, 8, 11, 1, 3, 15, 13, 7, 6, 9, 3, 4, 0, 10, 1, 8, 0, 3, 6, 1, 3, 5, 0, 4, 6, 9, 5, 2, 4, 7, 9, 6, 0, 10, 1, 11, 8, 5, 13, 2, 9, 12, 13, 8, 6, 0, 5, 9, 0, 12, 1, 6, 9, 7, 0, 12, 1, 10, 7, 11, 3, 5, 12, 1, 0, 8, 3, 13, 10, 15, 5, 3, 0, 6, 15, 3, 13, 11, 14, 2, 11, 4, 9, 0, 13, 2, 7, 4, 10, 14, 8, 13, 1, 3, 9, 0, 5, 3, 14, 9, 2, 11, 6, 8, 1, 10, 8, 12, 7, 14, 5, 2, 10, 0, 13, 6, 4, 11, 7, 11, 13, 4, 0, 9, 13, 5, 1, 4, 0, 10, 11, 13, 15, 3, 2, 5, 8, 7, 12, 1, 0, 6, 2, 9, 5, 3, 9, 7, 1, 9, 14, 5, 15, 7, 12, 6, 10, 15, 3, 1, 14, 8, 11, 7, 0, 4, 12, 10, 1, 3, 0, 7, 5, 0, 4, 9, 7, 2, 0, 3, 11, 7, 9, 11, 7, 9, 12, 4, 2, 5, 6, 8, 10, 13, 1, 11, 5, 0, 12, 10, 1, 13, 10, 8, 0, 6, 11, 6, 11, 13, 2, 2, 4, 8, 9, 6, 3, 12, 7, 10, 12, 4, 1, 5, 12, 10, 7, 3, 8, 11, 9, 1, 3, 6, 8, 4, 11, 14, 2, 7, 0, 9, 13, 6, 1, 3, 12, 0, 8, 3, 9, 2, 14, 12, 8, 6, 4, 6, 10, 2, 0, 13, 15, 2, 5, 7, 11, 13, 0, 7, 5, 9, 0, 11, 13, 6, 9, 4, 2, 1, 9, 12, 10, 2, 7, 4, 1, 8, 13, 11, 3, 6, 0, 12, 0, 9, 7, 0, 8, 4, 7, 2, 13, 10, 2, 4, 8, 1, 4, 11, 6, 12, 3, 10, 1, 5, 1, 3, 10, 1, 11, 2, 5, 13, 7, 10, 8, 13, 11, 7, 1, 4, 7, 0, 5, 14, 9, 2, 11, 0, 4, 6, 8, 0, 3, 15, 2, 9, 7, 2, 4, 1, 6, 14, 7, 3, 1, 6, 3, 11, 9, 4, 9, 5, 1, 12, 0, 7, 3, 11, 13, 6, 0, 2, 12, 6, 4, 2, 0, 11, 5, 0, 9, 4, 13, 9, 14, 7, 2, 5, 10, 8, 10, 1, 9, 7, 10, 1, 3, 9, 11, 7, 1, 3, 12, 5, 0, 12, 8, 6, 11, 14, 10, 4, 9, 6, 2, 3, 0, 5, 10, 13, 6, 8, 0, 2, 8, 1, 3, 5, 10, 12, 8, 1, 4, 9, 3, 13, 11, 7, 1, 0, 2, 10, 6, 12, 4, 5, 3, 6, 12, 9, 11, 7, 5, 14, 6, 3, 2, 0, 4, 1, 10, 15, 9, 13, 7, 11, 12, 1, 11, 5, 1, 15, 0, 8, 14, 2, 4, 2, 12, 6, 8, 4, 10, 0, 13, 7, 9, 5, 2, 0, 8, 6, 3, 6, 3, 13, 9, 7, 12, 0, 6, 14, 9, 2, 10, 11, 4, 1, 2, 8, 6, 4, 2, 6, 0, 3, 8, 14, 1, 7, 5, 0, 4, 12, 9, 11, 1, 3, 5]
convergência = [16, 16, 16, 16, 16, 16, 16, 16, 15, 15, 15, 15, 15, 15, 15, 15, 15, 15, 15, 15, 15, 15, 15, 15, 15, 15, 15, 15, 15, 15, 15, 15, 15, 15, 15, 15, 15, 15, 15, 15, 15, 15, 15, 15, 15, 15, 15, 15, 15, 15, 15, 15, 15, 15, 15, 15, 15, 15, 15, 15, 15, 15, 15, 15, 15, 15, 15, 15, 15, 15, 15, 15, 15, 15, 15, 15, 15, 15, 15, 15, 15, 15, 15, 15, 15, 15, 15, 15, 15, 15, 15, 15, 15, 15, 15, 15, 15, 15, 15, 15, 15, 15, 15, 15, 15, 15, 15, 15, 15, 15, 15, 15, 15, 15, 15, 15, 15, 15, 15, 15, 15, 15, 15, 15, 15, 15, 15, 15, 15, 15, 15, 15]

===== FIM =====
