===== RESULTADO BRKGA L(2,1) =====
Arquivo: /Users/mateuspedrosa/Documents/TCC-II/BRKGA/data/Harwell-Boeing_cleaned/lshp1882_clean.mtx

----- Execução #1 -----
[INFO] Parou por estagnação.
Tempo de execução: 133981ms
Span (lambda): 16
best_order = [1354, 1064, 1842, 957, 775, 105, 853, 521, 963, 302, 117, 800, 451, 438, 867, 1651, 1210, 846, 987, 1833, 129, 1342, 1471, 380, 970, 1781, 1022, 1313, 72, 883, 403, 251, 296, 1542, 1664, 1299, 1612, 1683, 1317, 1420, 1268, 347, 1376, 1163, 1295, 1033, 1001, 1074, 1465, 693, 924, 246, 1398, 60, 1488, 698, 1014, 672, 171, 1193, 1071, 301, 1038, 783, 1436, 595, 223, 833, 76, 1089, 1288, 1814, 773, 1054, 430, 1300, 935, 575, 1118, 363, 903, 1041, 189, 687, 610, 1395, 1486, 1105, 122, 1059, 391, 1320, 1635, 1641, 59, 1574, 820, 1549, 125, 639, 553, 1565, 206, 1543, 1353, 1484, 637, 875, 470, 1334, 946, 1727, 435, 1713, 212, 160, 404, 1729, 1254, 808, 1639, 1611, 735, 545, 840, 1439, 81, 502, 1710, 978, 1232, 1188, 478, 51, 354, 106, 395, 377, 604, 781, 888, 518, 424, 108, 141, 1012, 1631, 269, 1245, 317, 1139, 1848, 1129, 290, 1880, 1572, 1017, 436, 1796, 15, 1339, 332, 590, 183, 1530, 1161, 745, 1550, 1725, 1343, 1138, 1596, 1330, 1020, 1483, 1624, 1638, 896, 576, 1221, 47, 1668, 643, 1687, 724, 1085, 64, 569, 1174, 104, 1696, 1735, 1110, 1799, 1739, 204, 489, 1742, 1293, 327, 1412, 281, 1251, 644, 944, 797, 1423, 1307, 997, 1063, 1519, 1468, 613, 1408, 1430, 1548, 1165, 1834, 1226, 958, 1441, 1467, 1057, 1337, 387, 784, 362, 120, 1620, 1667, 1148, 1047, 1772, 1134, 274, 1760, 1155, 1614, 1332, 711, 27, 1775, 472, 804, 1217, 335, 1504, 1771, 73, 529, 847, 279, 175, 862, 960, 486, 61, 1433, 836, 1805, 792, 742, 633, 1096, 55, 915, 1680, 369, 461, 1103, 1324, 655, 1322, 1575, 832, 1130, 659, 308, 620, 1326, 1825, 1653, 1284, 718, 224, 1560, 631, 1546, 1464, 1227, 1478, 1035, 1691, 1860, 1183, 1538, 1843, 1250, 1642, 1304, 228, 276, 186, 1623, 821, 838, 767, 542, 1472, 650, 701, 350, 942, 261, 1127, 374, 725, 425, 1578, 298, 658, 1442, 825, 1545, 817, 70, 319, 1036, 1495, 778, 969, 66, 1078, 561, 582, 8, 1119, 158, 162, 157, 1496, 1795, 1311, 1831, 930, 1541, 1673, 1132, 839, 1214, 1616, 1784, 149, 889, 1689, 1310, 1386, 1751, 17, 1481, 625, 293, 951, 152, 727, 1637, 1500, 449, 722, 1507, 307, 487, 118, 548, 1091, 1819, 86, 1622, 976, 437, 897, 843, 1600, 1643, 1723, 1005, 1752, 1384, 904, 1703, 769, 1479, 709, 1429, 991, 1364, 1571, 1411, 408, 329, 36, 401, 1177, 40, 89, 699, 330, 1492, 573, 571, 1156, 1381, 1728, 460, 1128, 685, 515, 1068, 593, 879, 442, 1122, 1508, 1194, 1121, 1873, 795, 271, 1554, 1175, 1852, 221, 1147, 48, 1563, 492, 607, 1444, 530, 1853, 482, 473, 1098, 1101, 1669, 849, 238, 931, 126, 1051, 1432, 235, 441, 1431, 320, 79, 877, 827, 920, 1375, 1730, 1162, 1049, 434, 1506, 1, 1400, 1490, 1453, 1065, 1024, 1527, 1166, 864, 671, 439, 1136, 1327, 161, 674, 764, 277, 794, 1274, 411, 933, 39, 1808, 1636, 560, 159, 154, 1836, 1455, 772, 1540, 754, 123, 241, 504, 1813, 29, 704, 1305, 941, 1003, 1456, 878, 1832, 304, 856, 1171, 346, 1807, 1466, 1499, 1030, 834, 596, 858, 1582, 132, 1389, 1595, 80, 216, 1426, 1060, 1617, 468, 1109, 1721, 1532, 1706, 751, 1241, 84, 855, 1657, 1387, 1513, 1526, 1803, 789, 1042, 299, 1788, 1858, 952, 758, 884, 1470, 333, 603, 1718, 882, 370, 1649, 1537, 1007, 901, 1797, 1719, 1447, 1824, 926, 588, 1329, 1619, 1149, 230, 1697, 1345, 376, 1682, 1292, 1443, 373, 1857, 1397, 1094, 264, 1767, 1015, 1421, 694, 1650, 379, 400, 1233, 1092, 1774, 1347, 1461, 842, 1679, 121, 812, 1615, 909, 22, 1401, 1837, 1242, 608, 318, 940, 420, 1026, 1505, 1425, 998, 6, 28, 97, 10, 9, 980, 536, 1187, 286, 597, 1652, 135, 46, 1493, 1879, 348, 407, 1757, 419, 1855, 409, 579, 538, 710, 288, 945, 1061, 619, 983, 422, 464, 375, 42, 0, 1220, 1747, 1120, 1863, 1388, 654, 657, 1822, 91, 756, 111, 1190, 1656, 1648, 2, 203, 1240, 1209, 316, 503, 469, 138, 1262, 99, 103, 1655, 1839, 1509, 563, 344, 324, 52, 1473, 1818, 74, 1708, 1281, 635, 937, 1810, 1273, 1762, 32, 788, 1480, 359, 1783, 765, 1602, 1199, 1780, 184, 200, 1485, 1167, 859, 716, 1113, 444, 365, 1055, 1868, 755, 1319, 770, 1355, 532, 1740, 1351, 854, 488, 1581, 971, 1314, 233, 1861, 479, 623, 497, 1698, 865, 1265, 250, 1665, 349, 495, 1040, 1363, 229, 985, 565, 692, 1724, 236, 1045, 1144, 1678, 393, 646, 1392, 1410, 1777, 1779, 540, 421, 215, 1002, 1800, 876, 1204, 1252, 173, 340, 87, 966, 239, 948, 506, 1115, 1585, 1306, 148, 166, 1000, 1867, 1681, 1597, 934, 1403, 759, 94, 615, 1019, 750, 1150, 1260, 1618, 266, 743, 406, 1023, 1247, 1700, 453, 394, 1399, 984, 7, 733, 642, 1200, 1823, 1321, 50, 1303, 677, 1370, 463, 1393, 1413, 459, 43, 1298, 1382, 1359, 766, 899, 507, 1377, 35, 1066, 953, 520, 1394, 720, 21, 4, 1207, 891, 140, 1224, 1424, 1164, 1672, 885, 551, 1243, 873, 1448, 1676, 1503, 881, 1093, 780, 771, 1866, 829, 1360, 1346, 1553, 1482, 1218, 1801, 1185, 368, 1535, 895, 706, 1027, 1010, 1881, 1025, 1782, 429, 845, 456, 1216, 528, 1192, 1859, 300, 1416, 280, 1561, 1621, 255, 715, 1586, 388, 1862, 652, 602, 156, 990, 947, 1660, 601, 1146, 450, 110, 253, 247, 1749, 776, 1278, 1662, 1348, 1769, 863, 1716, 1004, 691, 870, 1011, 1234, 1255, 19, 1854, 816, 973, 1159, 1712, 1528, 448, 1494, 24, 116, 1102, 77, 458, 801, 1768, 1198, 1173, 1566, 214, 1497, 443, 1331, 260, 187, 626, 1100, 796, 1663, 201, 176, 313, 1529, 1458, 1658, 1244, 1864, 447, 1732, 1141, 491, 410, 749, 1758, 640, 1457, 1037, 477, 738, 1786, 101, 30, 1750, 977, 54, 155, 1031, 1325, 1840, 1576, 1212, 1062, 291, 1225, 1816, 1847, 178, 1450, 1515, 63, 950, 550, 1044, 712, 41, 367, 1290, 254, 1131, 222, 577, 278, 591, 928, 734, 1238, 1521, 1598, 1391, 992, 785, 1845, 1501, 257, 1203, 580, 1058, 511, 1152, 714, 471, 1789, 1869, 900, 337, 708, 1349, 1644, 1213, 234, 1599, 1512, 592, 381, 578, 1438, 1222, 564, 185, 680, 1589, 585, 232, 872, 806, 133, 1419, 1133, 130, 382, 328, 1734, 113, 179, 1626, 1237, 134, 996, 231, 476, 1289, 665, 779, 427, 988, 474, 1276, 967, 956, 1520, 1579, 131, 1028, 1522, 83, 440, 1613, 475, 1202, 908, 1711, 598, 1684, 1821, 1647, 1690, 541, 428, 1215, 37, 566, 1422, 1804, 1018, 240, 570, 1654, 917, 761, 207, 384, 651, 887, 668, 618, 1069, 1137, 1088, 811, 537, 786, 1039, 1169, 124, 1315, 144, 1352, 1406, 874, 929, 844, 830, 44, 1009, 1688, 163, 1097, 1253, 127, 1123, 1053, 1551, 645, 1124, 1815, 913, 1744, 606, 191, 12, 1704, 1666, 305, 1373, 68, 1435, 611, 248, 525, 819, 1590, 1828, 500, 297, 26, 616, 1440, 524, 1552, 1114, 386, 641, 664, 433, 938, 1006, 1048, 75, 1850, 1126, 660, 1523, 1170, 1246, 501, 1743, 56, 25, 686, 415, 1158, 62, 1418, 258, 737, 851, 11, 1107, 1498, 557, 399, 82, 632, 599, 1116, 1379, 282, 1702, 1231, 653, 1272, 485, 624, 1372, 1646, 663, 405, 552, 609, 205, 514, 813, 1645, 1516, 723, 352, 587, 102, 1336, 1454, 325, 356, 866, 1606, 517, 1335, 481, 1230, 1291, 1357, 219, 1817, 509, 1264, 1625, 546, 681, 390, 857, 1013, 927, 763, 1283, 1111, 916, 341, 1383, 20, 688, 628, 342, 695, 1076, 1699, 1034, 267, 1610, 1806, 198, 366, 1271, 559, 1763, 164, 1350, 1437, 311, 925, 1362, 1534, 994, 747, 1308, 1086, 1544, 871, 273, 893, 713, 683, 309, 174, 114, 1168, 1077, 1153, 968, 1562, 918, 85, 16, 306, 752, 1248, 636, 1844, 1475, 1878, 142, 496, 505, 886, 594, 581, 14, 326, 1603, 1809, 1099, 1533, 1798, 1851, 962, 194, 768, 1294, 1414, 252, 1761, 1838, 1661, 634, 416, 107, 100, 774, 402, 1201, 1489, 1514, 911, 1312, 1547, 1366, 890, 835, 499, 1090, 932, 1050, 1629, 612, 1261, 799, 848, 314, 167, 92, 1267, 906, 1178, 1746, 697, 894, 31, 1405, 936, 1206, 1282, 787, 648, 721, 1385, 1340, 1474, 1830, 1301, 696, 1510, 1228, 974, 649, 880, 1402, 981, 1367, 98, 1070, 793, 418, 803, 139, 558, 869, 1792, 656, 1634, 1609, 177, 1117, 1591, 1511, 1446, 1371, 414, 3, 1856, 1181, 810, 1759, 272, 398, 975, 88, 728, 95, 371, 605, 455, 1172, 690, 1081, 143, 689, 549, 190, 1555, 197, 912, 1778, 1491, 667, 90, 647, 1709, 1154, 1556, 1318, 413, 169, 1686, 860, 466, 1208, 1694, 1577, 1755, 555, 539, 1871, 1082, 1277, 1812, 1876, 519, 868, 1378, 1052, 1344, 707, 841, 955, 1211, 49, 1043, 1517, 1722, 1189, 726, 1754, 1279, 208, 1266, 69, 567, 355, 739, 1604, 1726, 1674, 1145, 1182, 798, 1445, 757, 1079, 1794, 323, 1016, 791, 287, 423, 805, 1417, 462, 1632, 1525, 244, 949, 303, 372, 919, 263, 1557, 1196, 1459, 1285, 910, 1390, 1407, 1365, 1633, 622, 378, 898, 510, 1567, 1142, 1235, 1846, 1580, 182, 547, 673, 1820, 584, 719, 666, 294, 822, 740, 310, 814, 218, 516, 268, 589, 364, 1095, 1720, 1827, 1179, 360, 1849, 1341, 1197, 736, 213, 762, 1151, 188, 1570, 1356, 78, 1707, 1075, 1333, 1870, 1256, 1733, 989, 861, 480, 1263, 1685, 396, 145, 1745, 136, 357, 1180, 1531, 1184, 682, 361, 852, 1287, 397, 678, 1396, 1594, 746, 1176, 1558, 995, 1369, 1790, 1368, 1361, 312, 1135, 1083, 670, 1559, 196, 1143, 964, 445, 534, 1753, 959, 383, 1223, 684, 245, 412, 777, 1323, 220, 1106, 1338, 572, 614, 67, 583, 1764, 1302, 1195, 490, 508, 638, 923, 999, 1463, 1460, 180, 199, 1872, 1518, 211, 1875, 1773, 1008, 831, 417, 446, 943, 700, 1374, 249, 1583, 1021, 760, 1564, 1257, 1427, 1239, 289, 586, 1073, 1630, 1297, 168, 1380, 1793, 1715, 457, 1748, 1592, 1874, 493, 484, 226, 1766, 1469, 1219, 818, 57, 192, 972, 939, 1029, 1785, 128, 334, 679, 322, 112, 1477, 1451, 1588, 1280, 1080, 533, 1296, 556, 993, 217, 1309, 1731, 748, 1428, 1108, 1714, 1269, 1802, 147, 629, 115, 389, 1573, 1140, 782, 1434, 137, 315, 96, 1186, 336, 1675, 1693, 1756, 467, 193, 717, 45, 630, 1536, 1865, 243, 1841, 275, 1791, 1605, 58, 1765, 1056, 270, 1737, 1191, 227, 1587, 731, 1275, 432, 237, 1462, 465, 1811, 150, 1259, 1835, 1692, 1701, 824, 702, 283, 431, 1236, 34, 1770, 676, 562, 1741, 823, 1258, 385, 535, 1087, 512, 1157, 802, 1358, 242, 13, 662, 1487, 209, 544, 165, 259, 1104, 675, 741, 1738, 498, 1584, 1449, 627, 729, 262, 351, 1249, 1409, 730, 531, 33, 38, 256, 826, 53, 1607, 807, 146, 902, 343, 295, 986, 1787, 1084, 1524, 1205, 452, 732, 331, 669, 1270, 961, 1601, 744, 1404, 815, 1229, 527, 705, 850, 265, 1776, 1328, 661, 483, 809, 543, 109, 1640, 210, 1539, 574, 292, 1160, 172, 1568, 1569, 1736, 568, 18, 790, 1112, 65, 1067, 1072, 353, 522, 554, 23, 93, 828, 526, 151, 907, 5, 922, 321, 1877, 1608, 454, 965, 170, 392, 1286, 1593, 982, 153, 1670, 837, 513, 600, 1628, 921, 119, 1316, 1717, 979, 195, 284, 426, 621, 954, 1705, 892, 338, 1502, 617, 905, 1627, 1829, 345, 339, 1415, 914, 1671, 1677, 1046, 1659, 703, 285, 71, 1476, 1032, 181, 202, 494, 1826, 358, 225, 1452, 523, 753, 1695, 1125]
labeling = [3, 1, 5, 11, 3, 15, 2, 8, 0, 6, 4, 7, 1, 5, 3, 0, 4, 1, 10, 4, 6, 2, 0, 12, 7, 4, 9, 1, 5, 3, 8, 11, 6, 13, 9, 7, 1, 9, 14, 4, 2, 8, 4, 2, 10, 12, 6, 1, 7, 12, 6, 0, 5, 15, 8, 5, 9, 11, 13, 2, 0, 3, 11, 8, 4, 12, 7, 13, 6, 10, 5, 15, 0, 3, 8, 11, 1, 9, 3, 1, 4, 0, 9, 3, 1, 9, 5, 7, 4, 1, 12, 2, 11, 13, 2, 9, 13, 6, 11, 4, 9, 6, 3, 5, 2, 0, 3, 12, 1, 11, 8, 6, 10, 7, 12, 14, 7, 0, 3, 14, 3, 5, 2, 4, 11, 2, 6, 9, 9, 0, 6, 9, 5, 8, 1, 7, 10, 3, 0, 10, 4, 5, 1, 11, 7, 12, 12, 8, 5, 1, 10, 14, 3, 16, 0, 8, 6, 4, 2, 6, 1, 5, 3, 7, 9, 0, 4, 8, 13, 10, 8, 1, 13, 2, 4, 0, 7, 10, 7, 9, 4, 7, 9, 0, 2, 6, 0, 3, 11, 0, 2, 4, 14, 16, 8, 1, 13, 5, 8, 11, 5, 5, 15, 3, 1, 6, 3, 7, 10, 12, 14, 9, 0, 2, 5, 0, 4, 15, 7, 9, 13, 2, 8, 0, 2, 13, 8, 12, 0, 7, 2, 8, 10, 5, 7, 3, 0, 14, 2, 6, 11, 2, 10, 13, 7, 10, 0, 6, 10, 13, 4, 0, 11, 1, 5, 2, 14, 8, 11, 9, 8, 3, 16, 7, 4, 15, 6, 10, 14, 0, 11, 1, 10, 12, 2, 9, 3, 5, 8, 4, 7, 0, 1, 10, 13, 14, 5, 12, 3, 5, 0, 4, 6, 0, 8, 2, 0, 8, 2, 5, 9, 2, 0, 6, 3, 7, 11, 4, 1, 10, 12, 7, 9, 2, 4, 11, 6, 3, 6, 3, 5, 12, 10, 7, 1, 12, 9, 0, 8, 3, 0, 9, 4, 4, 10, 1, 5, 2, 13, 2, 7, 9, 11, 8, 5, 13, 4, 0, 3, 6, 2, 12, 9, 14, 0, 10, 5, 7, 13, 2, 6, 8, 2, 0, 9, 6, 8, 3, 6, 4, 1, 11, 14, 8, 3, 7, 3, 0, 11, 5, 0, 3, 5, 10, 11, 13, 9, 3, 8, 15, 7, 1, 8, 5, 7, 1, 11, 13, 9, 10, 2, 4, 9, 0, 2, 12, 8, 6, 3, 7, 5, 0, 15, 13, 13, 2, 4, 16, 10, 6, 4, 7, 1, 6, 2, 4, 13, 5, 1, 3, 0, 13, 10, 2, 4, 1, 3, 5, 1, 7, 0, 5, 2, 9, 5, 10, 8, 11, 0, 2, 10, 0, 12, 7, 15, 1, 9, 12, 8, 6, 3, 0, 13, 5, 3, 15, 11, 14, 6, 8, 0, 9, 2, 4, 10, 12, 6, 8, 0, 7, 13, 11, 2, 15, 9, 7, 2, 4, 10, 0, 4, 8, 5, 9, 0, 5, 10, 2, 9, 6, 4, 9, 1, 3, 0, 6, 2, 9, 4, 11, 13, 7, 10, 14, 8, 6, 12, 2, 0, 9, 5, 0, 11, 1, 10, 7, 12, 14, 8, 2, 5, 13, 4, 10, 1, 12, 7, 6, 2, 5, 3, 10, 0, 12, 7, 0, 8, 10, 2, 1, 4, 7, 6, 1, 14, 12, 9, 6, 12, 10, 3, 1, 13, 4, 8, 5, 7, 11, 14, 0, 4, 1, 11, 2, 12, 0, 3, 5, 8, 5, 7, 10, 4, 15, 13, 10, 12, 3, 6, 8, 2, 7, 9, 1, 12, 0, 4, 4, 10, 3, 14, 8, 5, 1, 0, 13, 6, 5, 7, 11, 0, 5, 7, 0, 8, 4, 9, 1, 7, 5, 1, 14, 9, 5, 12, 3, 6, 13, 8, 11, 13, 3, 11, 2, 13, 8, 12, 1, 4, 0, 7, 9, 6, 1, 3, 9, 2, 15, 12, 14, 4, 9, 7, 11, 4, 0, 8, 2, 3, 1, 10, 13, 11, 12, 8, 3, 9, 4, 6, 12, 10, 2, 0, 10, 2, 16, 1, 8, 2, 4, 6, 10, 12, 6, 15, 2, 6, 1, 5, 10, 8, 11, 9, 0, 4, 10, 14, 8, 0, 2, 8, 3, 12, 15, 2, 16, 3, 13, 10, 0, 6, 0, 6, 1, 9, 7, 5, 14, 4, 11, 5, 12, 3, 11, 2, 0, 8, 1, 13, 9, 13, 10, 7, 3, 5, 0, 11, 8, 4, 8, 11, 13, 5, 7, 14, 3, 12, 7, 9, 5, 8, 0, 2, 13, 1, 6, 3, 12, 2, 6, 14, 8, 10, 4, 0, 7, 9, 4, 11, 3, 7, 9, 5, 1, 13, 0, 5, 11, 3, 10, 6, 2, 13, 0, 3, 8, 10, 7, 1, 4, 12, 7, 0, 5, 0, 3, 8, 1, 14, 8, 2, 7, 14, 8, 1, 10, 0, 13, 1, 14, 11, 0, 8, 5, 12, 3, 10, 0, 8, 4, 0, 2, 9, 14, 13, 6, 11, 2, 13, 8, 6, 12, 4, 1, 5, 9, 1, 10, 4, 7, 3, 12, 6, 3, 7, 9, 0, 2, 11, 5, 5, 10, 13, 0, 8, 6, 4, 11, 1, 3, 6, 8, 1, 7, 0, 3, 11, 0, 8, 13, 5, 9, 12, 8, 11, 4, 6, 0, 2, 2, 14, 10, 6, 0, 2, 9, 11, 7, 1, 4, 9, 7, 12, 3, 13, 8, 2, 5, 10, 6, 10, 6, 12, 0, 2, 14, 9, 15, 4, 3, 11, 6, 5, 2, 12, 3, 12, 8, 10, 12, 3, 14, 10, 13, 0, 12, 6, 10, 7, 12, 2, 4, 10, 5, 7, 0, 10, 6, 9, 14, 5, 2, 4, 10, 0, 3, 1, 4, 7, 12, 8, 6, 2, 8, 15, 13, 9, 0, 3, 14, 0, 3, 11, 2, 13, 5, 7, 1, 6, 4, 1, 5, 13, 0, 7, 9, 3, 5, 1, 15, 8, 12, 14, 4, 7, 1, 10, 0, 4, 8, 2, 0, 4, 9, 2, 8, 4, 0, 2, 11, 5, 0, 2, 4, 8, 6, 10, 4, 15, 11, 1, 9, 0, 11, 2, 7, 13, 0, 8, 7, 3, 13, 0, 9, 3, 10, 5, 8, 4, 14, 6, 12, 10, 1, 11, 2, 4, 6, 3, 9, 7, 0, 5, 12, 7, 1, 11, 1, 8, 2, 9, 0, 8, 10, 1, 7, 14, 2, 9, 1, 6, 8, 10, 3, 0, 4, 6, 15, 3, 0, 13, 1, 5, 12, 0, 13, 5, 7, 4, 11, 14, 9, 11, 14, 16, 2, 7, 15, 3, 0, 9, 5, 5, 8, 6, 12, 2, 11, 4, 13, 9, 5, 5, 2, 8, 0, 15, 11, 14, 7, 2, 14, 16, 6, 10, 7, 5, 8, 1, 5, 10, 6, 4, 9, 11, 14, 6, 2, 4, 1, 5, 8, 4, 7, 1, 12, 0, 10, 3, 0, 13, 5, 9, 15, 5, 12, 9, 2, 0, 3, 8, 14, 2, 6, 11, 1, 6, 11, 9, 7, 15, 3, 4, 0, 12, 2, 8, 11, 10, 4, 11, 3, 12, 7, 0, 3, 6, 4, 0, 11, 13, 10, 12, 3, 10, 5, 13, 4, 1, 5, 0, 9, 7, 0, 2, 12, 9, 11, 6, 1, 4, 8, 3, 7, 4, 8, 11, 6, 13, 2, 0, 15, 9, 8, 5, 13, 4, 3, 11, 8, 9, 1, 12, 14, 5, 8, 2, 4, 10, 15, 4, 8, 1, 4, 7, 13, 1, 4, 7, 1, 4, 2, 5, 8, 7, 3, 10, 0, 8, 13, 2, 0, 5, 9, 1, 6, 11, 5, 7, 12, 3, 13, 4, 9, 3, 1, 10, 6, 0, 14, 12, 6, 8, 0, 2, 16, 0, 11, 5, 10, 8, 3, 9, 5, 1, 6, 9, 12, 0, 6, 4, 8, 3, 0, 6, 1, 4, 9, 6, 0, 2, 9, 11, 6, 3, 5, 9, 0, 11, 7, 3, 1, 12, 0, 7, 12, 13, 0, 8, 4, 2, 11, 1, 9, 5, 10, 7, 9, 14, 7, 3, 1, 5, 12, 0, 6, 8, 3, 9, 2, 10, 11, 0, 3, 12, 2, 7, 1, 4, 8, 10, 3, 5, 2, 0, 4, 10, 8, 13, 5, 7, 11, 9, 1, 3, 11, 7, 10, 13, 11, 2, 8, 11, 9, 13, 3, 0, 5, 14, 6, 15, 0, 6, 8, 2, 12, 1, 3, 5, 4, 13, 10, 7, 9, 11, 1, 15, 4, 0, 6, 3, 6, 11, 2, 16, 9, 7, 12, 0, 14, 8, 5, 0, 2, 6, 10, 3, 12, 1, 7, 0, 3, 12, 2, 13, 11, 5, 13, 15, 2, 0, 7, 5, 2, 13, 9, 0, 6, 3, 1, 10, 0, 4, 6, 2, 11, 9, 7, 8, 16, 10, 12, 14, 1, 4, 1, 3, 0, 7, 3, 12, 9, 14, 11, 5, 0, 6, 4, 2, 8, 8, 0, 6, 5, 9, 14, 13, 5, 2, 10, 0, 4, 12, 0, 3, 10, 1, 14, 0, 13, 4, 10, 3, 1, 4, 5, 7, 11, 9, 7, 0, 8, 11, 9, 1, 3, 5, 2, 4, 6, 14, 16, 10, 8, 12, 10, 6, 12, 14, 0, 3, 3, 1, 9, 7, 13, 6, 4, 8, 10, 1, 6, 1, 5, 9, 6, 11, 2, 0, 10, 6, 3, 0, 2, 6, 3, 1, 11, 4, 0, 3, 9, 11, 4, 0, 7, 4, 8, 10, 12, 3, 6, 8, 2, 9, 1, 5, 7, 14, 16, 14, 5, 3, 12, 0, 2, 9, 12, 0, 6, 10, 4, 7, 2, 13, 1, 8, 5, 8, 3, 5, 0, 11, 14, 9, 7, 4, 4, 6, 8, 3, 13, 8, 11, 0, 12, 8, 5, 7, 3, 10, 2, 0, 7, 2, 9, 5, 7, 11, 6, 2, 11, 8, 6, 0, 10, 4, 8, 14, 9, 13, 3, 9, 12, 10, 1, 7, 0, 5, 1, 14, 3, 5, 2, 8, 11, 7, 11, 9, 4, 6, 0, 7, 0, 10, 3, 5, 2, 7, 11, 4, 1, 0, 4, 1, 6, 10, 5, 1, 4, 15, 6, 12, 3, 13, 15, 3, 12, 4, 6, 3, 10, 8, 0, 5, 10, 7, 0, 11, 6, 11, 2, 8, 13, 3, 5, 3, 7, 4, 11, 1, 9, 12, 0, 9, 14, 6, 14, 2, 7, 4, 8, 5, 0, 11, 9, 2, 15, 7, 9, 13, 1, 9, 3, 6, 0, 10, 1, 5, 2, 6, 14, 8, 13, 10, 5, 16, 14, 9, 0, 4, 11, 0, 12, 10, 12, 7, 2, 9, 3, 6, 1, 4, 11, 5, 7, 10, 6, 9, 3, 0, 4, 2, 7, 10, 12, 13, 1, 8, 5, 11, 2, 1, 6, 4, 0, 11, 3, 0, 8, 5, 0, 7, 4, 1, 7, 5, 8, 3, 11, 13, 2, 9, 12, 10, 2, 0, 5, 8, 0, 6, 8, 13, 4, 7, 2, 10, 1, 3, 6, 1, 9, 7, 5, 0, 8, 5, 13, 9, 2, 10, 11, 7, 4, 3, 1, 9, 10, 8, 11, 4, 1, 3, 0, 2, 7, 3, 1, 13, 7, 9, 2, 0, 3, 7, 9, 5, 11, 0, 14, 7, 11, 5, 2, 9, 4, 12, 3, 1, 9, 0, 6, 10, 5, 8, 12, 7, 8, 2, 11, 4, 10, 12, 0, 7, 14, 6, 10, 12, 3, 1, 5]
convergência = [16, 16, 16, 16, 16, 16, 16, 16, 16, 16, 16, 16, 16, 16, 16, 16, 16, 16, 16, 16, 16, 16, 16, 16, 16, 16, 16, 16, 16, 16, 16, 16, 16, 16, 16, 16, 16, 16, 16, 16, 16, 16, 16, 16, 16, 16, 16, 16, 16, 16, 16, 16, 16, 16, 16, 16, 16, 16, 16, 16, 16, 16, 16, 16, 16, 16, 16, 16, 16, 16, 16, 16, 16, 16, 16, 16, 16, 16, 16, 16, 16, 16, 16, 16, 16, 16, 16, 16, 16, 16, 16, 16, 16, 16, 16, 16, 16, 16, 16, 16, 16, 16, 16, 16, 16, 16, 16, 16, 16, 16, 16, 16, 16, 16, 16, 16, 16, 16, 16, 16, 16, 16, 16, 16]

===== FIM =====
