===== RESULTADO BRKGA L(2,1) =====
Arquivo: /Users/mateuspedrosa/Documents/TCC-II/BRKGA/data/Harwell-Boeing_cleaned/lshp_265_clean.mtx

----- Execução #1 -----
[INFO] Parou por estagnação.
Tempo de execução: 18991ms
Span (lambda): 14
best_order = [144, 230, 183, 24, 49, 153, 95, 189, 37, 76, 64, 55, 89, 32, 212, 197, 85, 126, 258, 214, 239, 146, 15, 56, 157, 40, 42, 23, 14, 125, 111, 131, 80, 215, 177, 139, 16, 101, 12, 47, 2, 11, 44, 128, 20, 184, 232, 1, 237, 255, 29, 203, 83, 67, 94, 205, 172, 211, 160, 206, 104, 245, 263, 52, 167, 45, 224, 65, 88, 201, 121, 150, 27, 229, 84, 159, 196, 132, 30, 165, 96, 92, 68, 185, 174, 3, 253, 171, 21, 170, 213, 103, 257, 112, 221, 13, 93, 17, 31, 81, 254, 209, 198, 109, 66, 79, 256, 182, 48, 193, 152, 62, 113, 107, 168, 124, 86, 82, 33, 98, 99, 26, 71, 54, 117, 186, 114, 202, 187, 35, 134, 25, 250, 127, 156, 10, 105, 43, 264, 180, 220, 34, 190, 178, 9, 233, 130, 194, 69, 87, 192, 8, 51, 75, 137, 50, 142, 216, 123, 231, 57, 164, 158, 46, 41, 110, 135, 226, 36, 262, 108, 28, 78, 77, 102, 228, 122, 195, 248, 235, 246, 120, 218, 240, 207, 238, 259, 163, 219, 225, 251, 91, 39, 118, 19, 73, 208, 90, 97, 222, 204, 223, 129, 106, 18, 22, 133, 38, 149, 241, 169, 116, 53, 261, 191, 59, 140, 4, 72, 188, 175, 161, 249, 136, 7, 247, 252, 6, 70, 210, 155, 166, 181, 143, 217, 200, 227, 176, 60, 244, 199, 138, 151, 243, 234, 147, 145, 173, 5, 115, 148, 119, 100, 242, 179, 260, 162, 141, 63, 58, 61, 154, 74, 236, 0]
labeling = [0, 7, 4, 6, 9, 1, 10, 4, 1, 6, 9, 5, 2, 8, 0, 1, 3, 5, 12, 10, 3, 6, 12, 3, 1, 8, 6, 0, 9, 4, 7, 9, 2, 5, 8, 0, 7, 1, 4, 10, 2, 13, 4, 9, 6, 8, 12, 5, 11, 0, 0, 3, 1, 7, 5, 0, 2, 6, 11, 8, 9, 11, 2, 7, 0, 4, 7, 3, 6, 10, 5, 3, 9, 7, 12, 6, 0, 11, 8, 1, 0, 8, 10, 2, 7, 3, 12, 14, 4, 1, 13, 11, 3, 10, 5, 1, 5, 9, 0, 3, 11, 1, 12, 6, 2, 4, 9, 2, 6, 4, 8, 0, 4, 7, 5, 10, 13, 6, 10, 14, 9, 2, 0, 11, 6, 2, 0, 7, 1, 12, 9, 3, 4, 11, 5, 2, 13, 9, 7, 3, 8, 13, 2, 4, 0, 13, 1, 10, 14, 10, 4, 11, 6, 0, 4, 11, 5, 2, 7, 5, 0, 6, 11, 8, 9, 5, 10, 4, 6, 12, 4, 0, 2, 14, 2, 12, 14, 1, 8, 3, 9, 13, 5, 0, 2, 6, 8, 7, 10, 0, 1, 6, 3, 0, 4, 8, 4, 1, 8, 12, 10, 7, 11, 3, 9, 5, 4, 8, 11, 4, 13, 5, 0, 9, 1, 3, 7, 3, 6, 10, 8, 1, 2, 6, 1, 9, 7, 12, 9, 5, 0, 3, 2, 8, 12, 2, 11, 1, 9, 0, 4, 8, 4, 13, 9, 3, 6, 11, 1, 3, 6, 4, 10, 3, 7, 2, 9, 5, 0, 8, 0, 2, 7, 1, 3]
convergência = [15, 14, 14, 14, 14, 14, 14, 14, 14, 14, 14, 14, 14, 14, 14, 14, 14, 14, 14, 14, 14, 14, 14, 14, 14, 14, 14, 14, 14, 14, 14, 14, 14, 14, 14, 14, 14, 14, 14, 14, 14, 14, 14, 14, 14, 14, 14, 14, 14, 14, 14, 14, 14, 14, 14, 14, 14, 14, 14, 14, 14, 14, 14, 14, 14, 14, 14, 14, 14, 14, 14, 14, 14, 14, 14, 14, 14, 14, 14, 14, 14, 14, 14, 14, 14, 14, 14, 14, 14, 14, 14, 14, 14, 14, 14, 14, 14, 14, 14, 14, 14, 14, 14, 14, 14, 14, 14, 14, 14, 14, 14, 14, 14, 14, 14, 14, 14, 14, 14, 14, 14, 14, 14, 14, 14]

===== FIM =====
