===== RESULTADO BRKGA L(2,1) =====
Arquivo: /Users/mateuspedrosa/Documents/TCC-II/BRKGA/data/Harwell-Boeing_cleaned/lshp3025_clean.mtx

----- Execução #1 -----
[INFO] Parou por estagnação.
Tempo de execução: 247067ms
Span (lambda): 16
best_order = [914, 1364, 675, 1317, 2798, 519, 1723, 1984, 2907, 498, 2371, 636, 2866, 1499, 964, 1278, 532, 2690, 1854, 976, 2565, 1148, 286, 2304, 854, 1906, 2551, 2442, 1500, 1973, 451, 2637, 2731, 2650, 1396, 598, 1293, 1343, 844, 2141, 2439, 647, 337, 674, 645, 1314, 1775, 343, 2522, 2471, 1074, 339, 1005, 2767, 820, 1882, 2931, 482, 2376, 2836, 218, 2432, 2797, 1236, 2676, 147, 1777, 1461, 2286, 1426, 2965, 628, 1700, 316, 2502, 1698, 2996, 2971, 271, 2960, 1492, 385, 1683, 601, 673, 2406, 2147, 2793, 105, 1045, 1883, 3015, 1251, 1474, 2766, 1901, 1111, 392, 126, 2018, 2205, 386, 140, 2220, 2610, 1748, 1183, 2475, 1849, 1715, 609, 439, 638, 2550, 2184, 2998, 2247, 1647, 1418, 2033, 2920, 1747, 1885, 583, 2193, 2925, 2224, 2212, 2815, 2640, 2408, 1209, 2715, 2735, 2884, 1400, 145, 961, 1525, 1945, 1127, 2873, 919, 787, 2999, 1182, 2600, 2716, 1103, 133, 288, 1242, 2428, 1752, 2834, 2902, 1202, 1316, 936, 42, 2942, 2922, 2648, 1246, 73, 1420, 646, 2584, 275, 707, 312, 669, 2180, 918, 117, 38, 1201, 1503, 800, 2181, 2951, 1630, 890, 954, 867, 2891, 731, 1908, 235, 2479, 3014, 1329, 1402, 1015, 1140, 334, 756, 524, 2625, 1385, 2023, 1699, 2310, 268, 2941, 2826, 2506, 1220, 356, 1423, 1100, 1031, 1136, 2399, 2118, 2407, 1705, 1919, 2681, 2038, 1072, 2216, 1980, 500, 165, 1171, 1360, 1113, 801, 1445, 1783, 6, 2569, 1408, 554, 74, 1942, 98, 1686, 865, 2316, 2383, 2028, 2166, 1382, 2661, 2825, 1104, 1971, 2739, 1552, 1666, 2410, 432, 1268, 263, 2306, 28, 291, 1956, 2010, 735, 1067, 967, 88, 293, 931, 877, 1392, 127, 2893, 2643, 559, 975, 2094, 1256, 1168, 2375, 2087, 1662, 2721, 803, 668, 1386, 806, 671, 1442, 1247, 1218, 2009, 1261, 2397, 833, 2970, 1204, 1601, 634, 2976, 86, 986, 2290, 2328, 2835, 2271, 2741, 2510, 2400, 1685, 1884, 2730, 1112, 2593, 1893, 1774, 2084, 276, 1324, 2783, 1676, 2786, 1048, 2059, 384, 540, 471, 1198, 1800, 1184, 2234, 2416, 2981, 2562, 415, 1110, 1464, 365, 434, 2595, 60, 2253, 296, 65, 1514, 2117, 310, 1810, 222, 1335, 1200, 14, 215, 1768, 1116, 1215, 560, 462, 1968, 1053, 1976, 2762, 2293, 1, 467, 2821, 817, 2570, 1826, 772, 1920, 1955, 2462, 910, 658, 445, 857, 2514, 1518, 1725, 1433, 861, 2865, 128, 2019, 920, 1313, 2238, 552, 175, 2859, 2749, 1937, 2395, 51, 1588, 2572, 395, 1734, 1859, 481, 743, 2652, 1315, 1513, 132, 2229, 1538, 1305, 1419, 2460, 2097, 1600, 765, 626, 1697, 2007, 2452, 846, 607, 990, 564, 1361, 2720, 1791, 525, 2405, 1751, 1106, 57, 420, 764, 1615, 2566, 2392, 1781, 393, 1695, 553, 2984, 2850, 2838, 2231, 793, 682, 2592, 2444, 1109, 1264, 2374, 1042, 1996, 203, 246, 2778, 2349, 544, 966, 1279, 819, 2401, 1217, 2156, 1862, 1052, 748, 303, 278, 2358, 249, 1603, 1456, 1628, 1331, 1519, 1660, 1178, 2687, 813, 611, 1626, 3016, 755, 1139, 2022, 2314, 1653, 166, 2810, 2811, 2979, 428, 37, 2285, 21, 2336, 2597, 1618, 1160, 1982, 2073, 1289, 2221, 1874, 502, 2130, 1131, 2760, 2953, 2607, 254, 2153, 911, 29, 2911, 1965, 672, 1633, 1284, 1147, 478, 704, 1049, 909, 2434, 2602, 2571, 1619, 1838, 657, 1468, 1165, 2232, 476, 2886, 1556, 2722, 488, 725, 1489, 885, 1946, 1684, 2096, 2070, 3013, 3005, 1080, 1210, 2717, 1562, 1828, 1095, 1187, 1627, 2209, 1227, 2235, 1992, 2943, 455, 643, 627, 1090, 1068, 660, 1235, 2694, 2055, 922, 971, 3024, 1943, 1404, 2748, 2441, 644, 606, 832, 2418, 750, 1193, 1296, 2885, 2483, 2702, 231, 2724, 824, 1524, 256, 2063, 1571, 1322, 2161, 2656, 43, 978, 1708, 2487, 686, 100, 983, 295, 2015, 2347, 1422, 2754, 1661, 3000, 1369, 851, 1541, 2803, 776, 1502, 1844, 1510, 2489, 1736, 55, 2858, 933, 1125, 1069, 759, 785, 989, 1554, 2642, 2623, 7, 404, 870, 1177, 1248, 1448, 2591, 633, 191, 926, 2756, 1508, 744, 81, 1668, 1795, 2986, 403, 1063, 2124, 285, 2962, 815, 1776, 622, 2248, 580, 2564, 683, 871, 181, 2641, 371, 2614, 9, 1655, 1574, 2103, 223, 2301, 1098, 1637, 1299, 2213, 26, 1694, 374, 2880, 613, 2165, 1507, 2425, 1123, 2458, 2123, 94, 2196, 2632, 119, 2693, 2583, 2839, 1387, 720, 325, 2431, 948, 322, 1025, 2967, 373, 2639, 2171, 1728, 1152, 1693, 1192, 2705, 2634, 2585, 612, 620, 794, 1650, 2308, 318, 138, 792, 1643, 1260, 1504, 2791, 2780, 949, 2478, 1903, 1814, 397, 78, 977, 394, 2484, 635, 1497, 1365, 2883, 766, 1059, 1754, 1940, 1490, 653, 35, 2183, 245, 894, 1174, 1097, 987, 123, 1122, 561, 771, 2492, 2822, 2930, 641, 1158, 463, 2806, 1692, 237, 2961, 1447, 1046, 2738, 1652, 1438, 1842, 2701, 1087, 1680, 1032, 1794, 2746, 1941, 1755, 577, 368, 317, 505, 1545, 1228, 1406, 810, 1041, 719, 839, 1277, 2918, 2544, 264, 2503, 161, 715, 319, 691, 529, 1414, 727, 2366, 192, 1566, 2944, 2134, 206, 2388, 1453, 1821, 1145, 1033, 259, 2937, 1211, 1124, 979, 381, 350, 196, 2658, 1460, 2616, 1951, 1563, 1347, 2005, 2732, 436, 1927, 1040, 1915, 2206, 841, 1975, 300, 2512, 2053, 1722, 2258, 2777, 1767, 2530, 1393, 431, 2133, 1066, 908, 1318, 1990, 12, 1108, 2586, 2269, 1642, 952, 831, 1266, 182, 1853, 1332, 2958, 1102, 1229, 2519, 2802, 2456, 1203, 2043, 2818, 903, 1555, 91, 825, 1240, 309, 1804, 2382, 1902, 1462, 2670, 377, 13, 1263, 306, 104, 1142, 1117, 2121, 1954, 997, 2233, 659, 227, 1851, 1793, 2773, 173, 2174, 1762, 2066, 676, 1207, 789, 433, 631, 2645, 938, 2567, 1991, 1887, 2268, 320, 2390, 2396, 1979, 3023, 1926, 1308, 2120, 1860, 1390, 667, 69, 1471, 2905, 1221, 1023, 2830, 2485, 252, 299, 3018, 2849, 1078, 2402, 2991, 236, 2370, 1845, 2252, 2302, 321, 1353, 1043, 746, 1430, 2668, 324, 730, 304, 2155, 441, 2449, 383, 2995, 587, 1847, 858, 1089, 2093, 372, 600, 2021, 2042, 25, 874, 1726, 2579, 1009, 1673, 1871, 1904, 2831, 1013, 2138, 1819, 487, 845, 2001, 2476, 1719, 697, 2067, 497, 2198, 2305, 1185, 1311, 2740, 1551, 2819, 1568, 2855, 3, 1953, 1528, 2091, 692, 2255, 258, 693, 1190, 927, 1272, 1823, 1327, 1271, 2604, 1303, 2300, 1079, 1933, 2278, 2189, 2061, 1491, 5, 2932, 2636, 1531, 795, 446, 66, 2257, 2204, 2085, 32, 168, 891, 739, 2933, 571, 2398, 1771, 8, 864, 1760, 1434, 2239, 2539, 169, 1345, 2435, 1547, 1674, 54, 1179, 690, 112, 542, 253, 396, 1632, 1401, 1495, 889, 1354, 521, 1306, 974, 47, 297, 1718, 3020, 243, 940, 2199, 2409, 152, 1535, 1469, 866, 1488, 2051, 2350, 1651, 1454, 2900, 1007, 1868, 149, 2935, 1397, 2771, 3012, 853, 220, 1985, 2119, 520, 549, 2421, 837, 1895, 24, 513, 2481, 1594, 2787, 2605, 868, 2603, 328, 474, 1054, 2959, 850, 651, 1778, 1745, 1265, 2745, 531, 1141, 97, 2109, 52, 1463, 1564, 1107, 1852, 760, 1870, 2311, 2547, 1038, 1199, 1034, 1351, 1254, 2698, 1320, 1028, 187, 1988, 109, 2440, 741, 1977, 665, 354, 411, 2065, 195, 1377, 1214, 1611, 1050, 348, 85, 2558, 570, 537, 2588, 443, 280, 121, 2929, 1648, 1912, 779, 1241, 489, 1822, 1342, 457, 1721, 1355, 1427, 2577, 172, 251, 1205, 2966, 545, 18, 796, 2576, 465, 279, 1216, 1312, 292, 996, 2062, 984, 2947, 311, 4, 2590, 2950, 3008, 40, 3017, 2989, 1877, 2227, 2295, 1707, 848, 2275, 185, 2770, 1864, 1466, 1304, 2122, 456, 811, 2099, 59, 1924, 193, 205, 1910, 1091, 1482, 2176, 2276, 1625, 1640, 2899, 2045, 1399, 573, 1869, 534, 3022, 1378, 1487, 362, 1769, 576, 2077, 1757, 2924, 2380, 219, 2781, 2704, 2289, 135, 1297, 180, 1809, 2789, 1834, 1659, 2808, 257, 56, 616, 2573, 1667, 2385, 605, 2737, 970, 1286, 1897, 331, 838, 1916, 585, 2047, 2508, 1197, 1733, 2157, 209, 1159, 688, 1092, 541, 1479, 2443, 826, 1505, 2578, 802, 2339, 2071, 1206, 2763, 1267, 1581, 1394, 2413, 761, 277, 2869, 2089, 1099, 536, 2036, 2620, 2419, 364, 2994, 1621, 830, 1536, 1677, 2429, 1688, 233, 330, 1607, 329, 1585, 1064, 2223, 2820, 1999, 1021, 1144, 1785, 2321, 1577, 448, 863, 1741, 2757, 1340, 64, 2351, 2856, 2940, 2525, 2491, 737, 156, 1591, 548, 1635, 349, 129, 955, 625, 490, 1579, 194, 2125, 2037, 2501, 2360, 2696, 2782, 1894, 1300, 2707, 2867, 244, 950, 2261, 2617, 1753, 1597, 1357, 1411, 2433, 2553, 1735, 1570, 2357, 1440, 2152, 1191, 1257, 2852, 722, 2340, 425, 1865, 1070, 1375, 204, 582, 887, 1451, 2455, 2309, 2854, 120, 718, 1914, 1716, 2829, 963, 2683, 1710, 114, 2454, 1634, 2354, 492, 2606, 855, 2714, 1727, 1548, 438, 1994, 849, 1338, 1931, 742, 313, 45, 2026, 2048, 1010, 202, 15, 1403, 1969, 294, 1328, 1808, 2, 345, 913, 1115, 2243, 2497, 2776, 2916, 1270, 2438, 2908, 342, 2520, 2982, 335, 985, 1186, 1765, 1194, 2466, 1155, 2345, 388, 2532, 1743, 816, 2415, 753, 2288, 941, 2541, 1928, 2755, 287, 823, 390, 2346, 1811, 3009, 782, 2923, 2270, 1857, 834, 2545, 618, 681, 2069, 1572, 2863, 2546, 2779, 1631, 1972, 454, 2555, 2477, 2146, 687, 2191, 430, 1846, 1164, 684, 96, 2765, 31, 1339, 2294, 1604, 352, 678, 1395, 1060, 1820, 2629, 781, 2723, 2296, 1076, 341, 2521, 208, 2002, 1720, 2842, 2470, 486, 1026, 2680, 594, 1958, 2814, 677, 2494, 353, 2079, 2151, 2973, 2126, 881, 2287, 2142, 405, 1352, 1786, 1073, 1417, 2144, 1522, 1044, 900, 843, 2666, 2887, 1428, 895, 2364, 1788, 427, 2872, 981, 1253, 2272, 2322, 1370, 130, 939, 413, 929, 1231, 1485, 2844, 2338, 805, 1561, 1997, 2219, 1273, 1605, 539, 189, 1302, 1807, 2344, 2493, 1225, 2718, 1383, 447, 1796, 946, 2307, 363, 1250, 1578, 2008, 2505, 1675, 75, 608, 2254, 389, 728, 1157, 2812, 1930, 1298, 1595, 157, 2337, 2646, 710, 1233, 1805, 2729, 2548, 2695, 956, 453, 1737, 568, 527, 2689, 1011, 1521, 2837, 2128, 1310, 2816, 2012, 1516, 2057, 2427, 2279, 1711, 2217, 2955, 163, 1243, 1616, 1349, 1678, 212, 1223, 2823, 2554, 1018, 1580, 533, 1799, 1478, 2753, 2076, 1772, 702, 2029, 812, 1135, 603, 835, 2473, 2499, 1669, 904, 2256, 92, 1348, 1362, 270, 995, 1226, 1061, 2020, 773, 876, 1234, 901, 2391, 2464, 1173, 1336, 2129, 1172, 361, 2897, 2330, 1861, 1641, 41, 1014, 1841, 1429, 496, 2169, 1584, 1981, 2516, 2649, 572, 1889, 1612, 770, 721, 2703, 2139, 261, 982, 1932, 421, 615, 905, 2712, 1599, 2459, 2699, 171, 1285, 229, 2131, 62, 1530, 2320, 2898, 988, 464, 1682, 1592, 1962, 2150, 2049, 591, 213, 1086, 2633, 1803, 2356, 1082, 1506, 518, 1986, 3006, 1890, 2599, 2529, 2874, 1334, 23, 784, 566, 2108, 1409, 1689, 992, 888, 2283, 1245, 1029, 915, 358, 267, 1449, 494, 228, 1470, 1730, 1613, 1886, 2952, 2523, 110, 2927, 1898, 1169, 1567, 1493, 307, 2919, 670, 790, 2105, 1664, 2938, 578, 2377, 0, 2318, 2524, 2159, 1654, 945, 1609, 1520, 387, 595, 2363, 1837, 1709, 745, 2332, 2660, 435, 2568, 2326, 2423, 338, 1441, 2411, 460, 972, 1057, 136, 2359, 2325, 2414, 401, 2725, 34, 1770, 178, 30, 242, 1238, 2990, 510, 2006, 630, 2052, 1681, 103, 2894, 1995, 1824, 768, 1363, 418, 546, 2249, 993, 1858, 1724, 2759, 828, 1779, 239, 2173, 2403, 197, 2713, 289, 183, 655, 234, 1533, 1909, 281, 632, 2843, 477, 2533, 2222, 198, 491, 1758, 290, 44, 2801, 2587, 1935, 2904, 1665, 2807, 538, 2736, 2536, 998, 125, 2507, 266, 935, 1150, 2424, 1672, 1039, 3004, 122, 557, 1321, 1188, 507, 1459, 2957, 1959, 2906, 1978, 417, 754, 526, 934, 1287, 1703, 872, 1477, 706, 1484, 2040, 2381, 1670, 2664, 2246, 1047, 1432, 2864, 2708, 2804, 714, 2528, 379, 1610, 696, 1096, 2467, 2064, 111, 1496, 1388, 283, 596, 2667, 1501, 1121, 2098, 1517, 359, 882, 1071, 869, 2685, 1415, 550, 2080, 1515, 1166, 2260, 1512, 2341, 1583, 2011, 2710, 2453, 2917, 1443, 2983, 2177, 2877, 2060, 590, 274, 336, 139, 2575, 1094, 226, 2926, 512, 2298, 3001, 407, 1274, 2190, 2747, 2102, 2324, 58, 2727, 2274, 942, 663, 2386, 2621, 1126, 2764, 2934, 1081, 2626, 1105, 162, 709, 378, 1565, 2132, 528, 763, 1486, 16, 351, 2997, 1374, 1196, 2799, 1016, 2742, 269, 2240, 2200, 410, 516, 2969, 2774, 2160, 1806, 1917, 2946, 2915, 1208, 1687, 2163, 1896, 2921, 1815, 1620, 1455, 1416, 2968, 153, 807, 2618, 1424, 2534, 2518, 1638, 2056, 1646, 1212, 2543, 1017, 134, 2868, 108, 2653, 1936, 2945, 1083, 1138, 2107, 648, 2677, 749, 1542, 1850, 1993, 694, 788, 1830, 2490, 2987, 543, 999, 1880, 791, 879, 200, 619, 160, 1366, 847, 2794, 2956, 61, 747, 2262, 2162, 1325, 1998, 503, 2608, 2031, 1873, 1590, 2903, 375, 170, 1749, 483, 107, 2259, 2853, 2426, 699, 1966, 1589, 2795, 1750, 1465, 506, 2862, 860, 158, 2560, 2949, 2379, 1671, 1792, 1866, 211, 118, 1832, 1543, 1030, 1739, 2486, 1346, 1437, 2420, 2092, 2277, 2448, 1170, 1237, 124, 701, 1546, 517, 666, 357, 2662, 711, 2148, 370, 1925, 48, 2372, 1934, 1812, 973, 2913, 1742, 2436, 1899, 840, 953, 2025, 1175, 2556, 656, 2348, 89, 2928, 2273, 1558, 1963, 2992, 1802, 2517, 2954, 1691, 475, 1436, 597, 2654, 1084, 2948, 101, 783, 740, 1367, 1128, 1532, 1480, 2135, 230, 2303, 347, 2728, 944, 1833, 1544, 2890, 530, 799, 2526, 2700, 2697, 698, 1472, 589, 1602, 2281, 2111, 2752, 1252, 1714, 523, 2387, 1706, 2469, 472, 1002, 423, 1738, 284, 1195, 2711, 1964, 1412, 1019, 1275, 167, 151, 2164, 2684, 2980, 2768, 1475, 154, 2509, 142, 1232, 247, 862, 2446, 2352, 937, 2655, 2622, 1239, 344, 188, 83, 1876, 148, 1614, 333, 2552, 1827, 473, 77, 856, 798, 80, 2075, 1780, 2106, 2389, 2218, 2158, 2178, 558, 758, 2892, 2857, 2154, 1712, 567, 1000, 2014, 2876, 1413, 1656, 797, 2870, 408, 2331, 2828, 2422, 640, 3002, 2594, 1012, 2833, 2016, 440, 2058, 2848, 2378, 2228, 1918, 899, 1549, 1773, 340, 2574, 2936, 298, 2669, 3011, 2100, 1761, 1146, 957, 179, 2675, 724, 637, 2504, 1344, 11, 1307, 224, 422, 1582, 72, 1759, 2977, 2167, 414, 2896, 1376, 2450, 17, 2034, 480, 10, 1431, 1813, 2203, 2775, 1836, 241, 68, 1511, 50, 190, 621, 2691, 2901, 1944, 2182, 892, 3021, 273, 836, 400, 1797, 70, 1863, 2978, 2451, 1093, 2549, 2527, 2513, 712, 1075, 238, 1756, 717, 1483, 2365, 442, 2743, 2039, 923, 458, 2624, 2540, 2761, 2832, 1892, 2110, 1151, 2050, 2457, 1949, 240, 2447, 736, 1855, 2035, 2068, 2674, 116, 1280, 917, 382, 2871, 2734, 703, 2581, 1372, 2315, 1644, 84, 898, 1939, 522, 2384, 893, 2461, 1907, 2236, 1176, 1789, 315, 2179, 2511, 1974, 884, 1341, 2083, 426, 402, 2679, 2297, 2875, 614, 3019, 2706, 1537, 2647, 1526, 2964, 2242, 93, 2628, 623, 102, 2003, 141, 1639, 2993, 1867, 1027, 2963, 82, 380, 360, 639, 2226, 1132, 897, 1149, 1923, 2985, 2582, 2644, 680, 2796, 1494, 1444, 947, 563, 2531, 1961, 1219, 2225, 452, 778, 1550, 1282, 308, 1156, 2909, 535, 1024, 515, 2361, 1439, 217, 176, 1629, 2186, 113, 22, 2368, 376, 654, 1004, 177, 1051, 1262, 1373, 2480, 2635, 2090, 1553, 1281, 87, 1576, 1062, 174, 2861, 925, 579, 642, 2472, 1586, 1679, 584, 649, 1713, 2563, 689, 1717, 2342, 326, 2988, 1529, 2088, 994, 1989, 2910, 713, 2619, 225, 1573, 1663, 1636, 1587, 3007, 2463, 302, 90, 1224, 419, 143, 2678, 1569, 2000, 1356, 1481, 2465, 1840, 495, 2561, 1350, 2651, 2975, 2824, 2609, 2612, 2500, 2230, 1729, 965, 1450, 2445, 757, 2095, 2201, 2860, 466, 1702, 1180, 1292, 2319, 1476, 2719, 46, 1622, 1790, 1022, 2373, 2210, 624, 808, 355, 1167, 2535, 1425, 2362, 1358, 1259, 1077, 221, 301, 1690, 1929, 1333, 1421, 2498, 777, 450, 650, 2613, 1831, 1960, 562, 184, 164, 449, 1143, 150, 2809, 2939, 76, 1056, 2116, 1872, 1950, 2851, 262, 2972, 1843, 1731, 369, 1101, 399, 1596, 555, 95, 479, 829, 67, 2072, 924, 1213, 3003, 1255, 2137, 144, 2559, 1900, 282, 569, 2788, 2024, 2627, 429, 444, 1222, 1457, 2168, 1913, 2317, 2665, 1608, 2127, 2027, 809, 2101, 2888, 2074, 1435, 2353, 2202, 886, 1391, 661, 2323, 71, 679, 437, 1701, 852, 424, 265, 79, 1380, 2671, 1337, 2292, 751, 958, 346, 2263, 2672, 2841, 2611, 2847, 2115, 20, 814, 2149, 2004, 1319, 2914, 2827, 2805, 2589, 1181, 484, 1398, 2482, 1003, 734, 1446, 2214, 2688, 1766, 695, 873, 1326, 485, 1534, 1001, 968, 1118, 2327, 1269, 1782, 1798, 2785, 827, 2726, 786, 1593, 27, 902, 1407, 2686, 547, 2136, 1088, 980, 586, 907, 2207, 2631, 2800, 367, 2197, 2437, 1379, 906, 1120, 207, 2790, 1987, 3010, 2817, 2692, 1258, 2265, 1036, 2881, 617, 2282, 2081, 2879, 1119, 2367, 883, 2313, 1816, 574, 2175, 99, 19, 1288, 762, 2266, 2598, 159, 2194, 551, 2596, 662, 1244, 2208, 1957, 1405, 469, 604, 1623, 2188, 1881, 2889, 2468, 2280, 1764, 2143, 1410, 2657, 2394, 916, 63, 1301, 1947, 2334, 1952, 1732, 2895, 2840, 39, 716, 1498, 508, 1839, 959, 1509, 1557, 2086, 2264, 2474, 2615, 2792, 2041, 323, 859, 1323, 723, 1624, 960, 391, 501, 969, 2078, 2170, 2104, 705, 1473, 2082, 610, 1649, 36, 327, 511, 1856, 260, 255, 1905, 943, 2237, 1154, 2630, 416, 804, 2284, 1384, 2140, 2784, 928, 2751, 588, 1744, 1740, 2430, 468, 1290, 2251, 1598, 733, 332, 2813, 2032, 493, 2017, 2054, 2495, 1058, 1938, 1037, 2299, 1085, 1291, 780, 962, 921, 499, 1114, 2682, 1560, 822, 685, 732, 1452, 232, 2601, 210, 2044, 2369, 1948, 1134, 2113, 842, 115, 2145, 2187, 1617, 2245, 1163, 2404, 2488, 186, 2417, 1523, 2974, 700, 2215, 1575, 1129, 729, 412, 1818, 767, 821, 2192, 708, 775, 599, 1189, 1848, 1606, 878, 2673, 664, 1035, 1359, 250, 1878, 556, 1540, 53, 2845, 2496, 2912, 2172, 2112, 461, 409, 398, 2733, 1162, 1130, 602, 2267, 2343, 2291, 1309, 1161, 1276, 1696, 1020, 2195, 1970, 1891, 581, 896, 2663, 2882, 629, 1008, 1133, 2758, 2538, 1658, 1295, 880, 1467, 1825, 652, 2744, 1704, 366, 2211, 592, 2030, 2515, 2537, 137, 509, 1784, 951, 2750, 33, 1458, 2769, 1817, 575, 248, 593, 1283, 2329, 1801, 1527, 930, 106, 2412, 2244, 2114, 1330, 2335, 1230, 1879, 1787, 1835, 1763, 818, 1539, 932, 1888, 2333, 875, 216, 1249, 1829, 2878, 2250, 769, 774, 1137, 1006, 1922, 514, 1657, 459, 752, 2046, 131, 1381, 1911, 305, 1371, 1875, 1368, 1065, 155, 406, 201, 726, 1921, 2542, 1294, 2013, 2312, 2557, 565, 1967, 504, 991, 214, 1983, 2355, 470, 2580, 1559, 1389, 199, 2772, 314, 2185, 2241, 49, 912, 2709, 2846, 1746, 1645, 146, 1055, 738, 1153, 272, 2393, 2638, 2659]
labeling = [6, 2, 8, 1, 7, 4, 1, 3, 5, 2, 4, 11, 2, 4, 0, 9, 1, 10, 4, 1, 5, 2, 10, 5, 0, 3, 1, 7, 0, 2, 9, 7, 2, 12, 7, 3, 15, 5, 1, 13, 7, 10, 0, 4, 11, 9, 12, 6, 9, 13, 10, 1, 5, 13, 9, 6, 2, 0, 8, 2, 0, 6, 3, 12, 7, 3, 8, 13, 11, 5, 7, 12, 9, 0, 2, 10, 4, 9, 3, 10, 4, 1, 11, 6, 2, 6, 1, 12, 0, 8, 13, 3, 8, 10, 4, 14, 2, 6, 0, 5, 2, 7, 11, 9, 4, 0, 15, 5, 3, 7, 6, 8, 1, 12, 4, 13, 6, 0, 10, 5, 5, 3, 6, 2, 8, 6, 0, 2, 4, 0, 3, 5, 2, 0, 9, 6, 11, 16, 3, 12, 2, 4, 12, 14, 11, 4, 14, 0, 10, 6, 13, 11, 1, 4, 7, 13, 4, 9, 11, 14, 10, 1, 8, 4, 14, 1, 3, 9, 6, 8, 11, 1, 7, 4, 12, 0, 10, 13, 5, 12, 10, 2, 6, 12, 14, 5, 8, 4, 7, 1, 14, 0, 4, 8, 10, 3, 1, 9, 3, 8, 6, 9, 11, 1, 7, 5, 0, 10, 4, 1, 13, 6, 10, 8, 13, 2, 12, 10, 0, 3, 1, 9, 0, 3, 8, 12, 6, 4, 7, 5, 10, 2, 12, 1, 8, 0, 6, 5, 9, 2, 12, 10, 7, 1, 6, 3, 1, 4, 12, 6, 13, 7, 4, 6, 2, 13, 3, 9, 7, 3, 11, 6, 12, 2, 4, 8, 3, 8, 0, 12, 8, 0, 15, 11, 7, 2, 4, 9, 0, 2, 4, 10, 14, 12, 8, 5, 0, 10, 1, 11, 7, 1, 6, 2, 10, 1, 3, 8, 12, 6, 5, 15, 13, 4, 7, 11, 6, 4, 2, 9, 3, 11, 0, 9, 13, 10, 0, 7, 5, 8, 3, 5, 2, 8, 10, 1, 12, 14, 7, 4, 6, 4, 16, 11, 1, 8, 10, 0, 8, 2, 12, 6, 7, 1, 5, 4, 13, 10, 7, 5, 2, 14, 5, 8, 3, 11, 0, 10, 8, 1, 5, 10, 0, 2, 8, 1, 13, 4, 1, 13, 10, 1, 1, 6, 4, 11, 13, 4, 12, 10, 13, 5, 9, 3, 3, 0, 2, 9, 0, 6, 1, 7, 0, 2, 7, 5, 8, 6, 12, 14, 11, 4, 12, 6, 4, 10, 14, 3, 1, 16, 8, 2, 15, 9, 12, 0, 13, 5, 3, 14, 0, 11, 5, 8, 11, 7, 12, 10, 5, 10, 6, 4, 1, 6, 3, 0, 2, 13, 9, 0, 8, 5, 11, 7, 10, 0, 3, 2, 6, 12, 11, 0, 4, 1, 7, 4, 6, 1, 3, 8, 1, 7, 0, 3, 10, 5, 12, 1, 15, 13, 16, 2, 11, 14, 1, 9, 5, 7, 2, 6, 9, 2, 0, 8, 10, 12, 6, 4, 2, 5, 8, 0, 5, 11, 3, 13, 4, 2, 0, 8, 1, 11, 3, 7, 9, 1, 11, 7, 5, 14, 9, 13, 10, 0, 14, 6, 9, 12, 3, 0, 6, 4, 12, 8, 2, 4, 10, 8, 11, 1, 3, 5, 0, 8, 3, 13, 9, 7, 10, 6, 0, 4, 2, 13, 4, 6, 10, 0, 8, 1, 12, 16, 4, 6, 2, 1, 4, 2, 6, 1, 3, 5, 12, 3, 1, 13, 0, 4, 2, 12, 6, 4, 1, 6, 12, 14, 8, 0, 7, 12, 2, 13, 7, 0, 13, 4, 9, 7, 15, 10, 8, 6, 9, 14, 9, 11, 7, 12, 0, 11, 2, 0, 12, 3, 11, 6, 3, 1, 8, 3, 14, 4, 7, 5, 8, 8, 5, 13, 10, 12, 8, 11, 2, 10, 11, 2, 0, 6, 2, 13, 9, 4, 9, 7, 4, 9, 0, 7, 1, 5, 13, 11, 14, 3, 5, 0, 3, 1, 6, 11, 7, 5, 13, 2, 12, 8, 10, 3, 0, 7, 0, 3, 6, 4, 12, 5, 11, 4, 2, 0, 7, 1, 8, 4, 2, 0, 7, 10, 6, 12, 0, 9, 1, 3, 9, 14, 0, 6, 4, 14, 5, 3, 6, 2, 8, 11, 7, 2, 10, 11, 16, 8, 1, 9, 0, 10, 4, 0, 12, 8, 0, 10, 12, 14, 5, 3, 6, 9, 5, 1, 5, 7, 4, 11, 7, 1, 14, 3, 7, 11, 2, 0, 15, 13, 11, 0, 10, 6, 13, 5, 10, 3, 6, 2, 4, 7, 2, 8, 1, 9, 1, 9, 14, 5, 7, 3, 0, 12, 10, 5, 2, 4, 11, 9, 6, 7, 1, 14, 9, 15, 10, 4, 2, 6, 12, 10, 1, 13, 10, 6, 14, 3, 1, 12, 10, 1, 4, 0, 8, 6, 9, 11, 4, 1, 6, 8, 4, 7, 10, 8, 0, 2, 9, 5, 13, 11, 0, 10, 12, 14, 2, 5, 11, 4, 12, 3, 9, 2, 6, 3, 0, 9, 14, 8, 6, 5, 7, 13, 1, 5, 12, 6, 2, 0, 10, 3, 11, 8, 10, 4, 13, 5, 12, 9, 0, 6, 2, 11, 8, 7, 5, 3, 12, 7, 0, 2, 11, 1, 5, 10, 8, 4, 9, 3, 6, 2, 7, 0, 5, 8, 0, 2, 10, 13, 2, 14, 3, 1, 13, 2, 16, 9, 11, 14, 12, 1, 14, 2, 11, 5, 0, 4, 9, 11, 4, 2, 16, 7, 9, 13, 7, 9, 11, 2, 6, 8, 6, 13, 4, 6, 3, 1, 13, 5, 0, 3, 15, 10, 2, 0, 5, 10, 3, 8, 11, 12, 7, 9, 12, 7, 16, 1, 4, 4, 11, 3, 1, 13, 5, 7, 6, 0, 8, 15, 11, 9, 9, 12, 2, 4, 6, 14, 5, 7, 0, 8, 3, 11, 0, 14, 5, 0, 9, 2, 0, 5, 2, 0, 9, 11, 3, 0, 4, 9, 2, 6, 0, 7, 3, 5, 13, 10, 12, 0, 2, 7, 0, 2, 9, 3, 0, 15, 8, 11, 6, 3, 7, 2, 8, 3, 12, 8, 2, 4, 14, 0, 13, 1, 12, 4, 6, 4, 11, 7, 10, 2, 8, 10, 5, 9, 11, 6, 14, 5, 13, 4, 6, 0, 3, 7, 9, 1, 3, 9, 12, 14, 8, 10, 4, 8, 11, 7, 3, 1, 4, 0, 6, 13, 0, 5, 7, 9, 4, 2, 8, 13, 14, 11, 15, 1, 1, 9, 6, 5, 2, 11, 8, 1, 5, 2, 6, 9, 1, 8, 0, 10, 2, 13, 8, 10, 4, 9, 7, 10, 5, 13, 8, 1, 13, 7, 4, 6, 8, 15, 11, 5, 10, 7, 5, 8, 2, 11, 9, 2, 4, 13, 3, 8, 4, 1, 3, 0, 4, 1, 6, 10, 1, 6, 12, 15, 13, 11, 9, 7, 3, 0, 9, 0, 10, 8, 16, 6, 12, 10, 14, 5, 2, 14, 1, 4, 2, 8, 4, 11, 7, 5, 9, 7, 0, 13, 3, 10, 0, 12, 10, 6, 1, 6, 3, 5, 2, 15, 11, 1, 7, 2, 8, 12, 0, 5, 11, 0, 11, 6, 2, 10, 13, 6, 3, 9, 6, 10, 2, 0, 4, 6, 10, 5, 7, 12, 5, 10, 6, 4, 7, 14, 12, 8, 3, 9, 4, 2, 0, 8, 1, 9, 11, 1, 13, 0, 6, 8, 11, 13, 5, 3, 0, 4, 2, 10, 1, 5, 7, 2, 12, 10, 11, 5, 3, 9, 15, 0, 9, 6, 1, 7, 0, 12, 3, 11, 4, 9, 2, 10, 14, 6, 2, 4, 6, 16, 4, 0, 12, 8, 1, 12, 0, 3, 14, 13, 5, 2, 12, 2, 0, 6, 3, 8, 4, 12, 2, 4, 1, 5, 9, 12, 4, 7, 2, 6, 12, 14, 5, 13, 2, 11, 3, 8, 12, 5, 7, 13, 2, 0, 12, 15, 1, 8, 4, 1, 8, 14, 0, 8, 10, 7, 9, 11, 6, 14, 7, 5, 9, 4, 1, 5, 2, 0, 4, 12, 2, 9, 6, 12, 3, 8, 10, 7, 9, 0, 13, 0, 7, 14, 1, 3, 5, 14, 10, 9, 4, 12, 6, 0, 11, 1, 11, 0, 10, 8, 13, 6, 7, 2, 5, 3, 9, 9, 11, 14, 0, 4, 8, 6, 0, 3, 11, 2, 11, 0, 5, 7, 10, 13, 11, 9, 14, 3, 5, 14, 12, 15, 0, 5, 14, 2, 5, 1, 11, 15, 5, 10, 1, 6, 8, 10, 0, 7, 12, 6, 0, 7, 1, 10, 2, 13, 3, 11, 4, 10, 14, 4, 13, 12, 5, 7, 1, 9, 2, 5, 1, 15, 3, 0, 10, 13, 0, 8, 3, 7, 6, 12, 5, 3, 6, 12, 10, 8, 2, 7, 9, 4, 0, 4, 11, 0, 15, 2, 1, 6, 13, 10, 12, 3, 8, 9, 5, 13, 10, 6, 3, 0, 4, 7, 0, 10, 6, 12, 2, 4, 9, 3, 5, 7, 0, 2, 15, 11, 9, 7, 10, 8, 6, 15, 8, 0, 11, 8, 6, 4, 1, 5, 0, 11, 13, 4, 8, 2, 13, 0, 2, 10, 8, 2, 9, 3, 7, 1, 4, 7, 5, 14, 12, 6, 4, 12, 5, 9, 1, 3, 8, 4, 1, 10, 7, 1, 11, 12, 0, 13, 7, 3, 5, 9, 13, 5, 2, 10, 0, 8, 14, 2, 14, 4, 6, 2, 11, 4, 0, 9, 12, 7, 1, 7, 1, 5, 3, 10, 8, 14, 3, 6, 1, 4, 7, 12, 1, 6, 3, 12, 5, 0, 7, 11, 2, 9, 7, 1, 6, 3, 8, 6, 12, 9, 7, 0, 2, 10, 0, 9, 6, 3, 7, 13, 1, 6, 9, 2, 13, 7, 3, 1, 8, 1, 5, 3, 12, 0, 11, 8, 10, 5, 9, 4, 9, 0, 7, 10, 3, 5, 12, 2, 14, 6, 12, 4, 2, 6, 1, 14, 0, 4, 3, 1, 9, 0, 8, 4, 7, 11, 5, 11, 7, 5, 10, 15, 9, 0, 4, 12, 3, 6, 1, 2, 9, 0, 8, 13, 11, 5, 2, 4, 1, 12, 9, 10, 0, 4, 0, 4, 8, 11, 9, 2, 4, 10, 6, 11, 5, 10, 0, 13, 11, 0, 5, 2, 4, 13, 5, 8, 4, 9, 2, 2, 9, 7, 13, 6, 1, 3, 0, 16, 14, 6, 15, 4, 10, 0, 8, 11, 7, 2, 12, 3, 8, 2, 5, 12, 2, 5, 10, 4, 1, 0, 7, 1, 4, 9, 3, 13, 7, 10, 13, 6, 0, 7, 1, 11, 2, 8, 14, 5, 12, 8, 11, 1, 16, 2, 0, 3, 10, 7, 4, 5, 0, 9, 8, 3, 6, 7, 0, 11, 2, 16, 8, 2, 14, 8, 2, 7, 11, 4, 2, 12, 3, 0, 5, 1, 4, 6, 15, 1, 13, 2, 11, 7, 4, 14, 6, 4, 13, 0, 7, 10, 6, 4, 9, 14, 12, 10, 0, 15, 10, 5, 3, 12, 14, 1, 6, 8, 2, 5, 8, 12, 1, 15, 2, 11, 8, 6, 9, 3, 6, 4, 8, 10, 0, 3, 1, 14, 10, 13, 11, 3, 5, 13, 5, 8, 0, 15, 9, 7, 2, 12, 4, 7, 2, 0, 11, 2, 9, 5, 8, 3, 0, 3, 12, 10, 10, 1, 7, 8, 5, 0, 7, 0, 11, 15, 4, 7, 5, 0, 14, 7, 0, 12, 7, 2, 10, 15, 7, 14, 0, 2, 5, 1, 10, 4, 14, 8, 3, 12, 10, 3, 9, 7, 11, 8, 12, 9, 5, 0, 4, 1, 5, 12, 0, 14, 2, 5, 7, 9, 6, 11, 8, 2, 6, 9, 13, 1, 3, 15, 13, 10, 4, 11, 1, 5, 0, 2, 7, 0, 8, 3, 12, 9, 11, 3, 15, 12, 3, 6, 1, 5, 9, 0, 4, 12, 16, 10, 8, 2, 3, 5, 1, 3, 1, 11, 2, 4, 14, 8, 3, 7, 9, 1, 10, 14, 0, 5, 15, 1, 6, 0, 11, 7, 0, 6, 9, 4, 1, 5, 5, 13, 0, 6, 11, 5, 0, 11, 2, 5, 3, 8, 8, 10, 3, 8, 13, 7, 9, 6, 8, 0, 13, 2, 5, 1, 10, 4, 2, 13, 10, 15, 11, 0, 9, 14, 0, 6, 11, 0, 4, 2, 11, 6, 3, 12, 1, 8, 14, 9, 13, 1, 5, 9, 4, 6, 3, 10, 7, 13, 0, 2, 12, 2, 15, 6, 8, 10, 12, 4, 11, 1, 9, 2, 7, 6, 10, 3, 0, 5, 7, 1, 6, 4, 1, 3, 9, 5, 2, 4, 9, 6, 0, 8, 5, 3, 15, 5, 11, 8, 12, 9, 3, 9, 15, 1, 14, 9, 12, 0, 13, 3, 0, 11, 5, 3, 12, 7, 1, 14, 7, 1, 10, 4, 7, 0, 10, 5, 3, 10, 12, 5, 8, 9, 13, 2, 0, 6, 4, 2, 0, 6, 4, 7, 9, 11, 7, 9, 1, 10, 12, 2, 0, 5, 5, 8, 4, 10, 12, 0, 6, 13, 7, 14, 3, 0, 12, 8, 6, 7, 4, 0, 11, 4, 2, 5, 7, 1, 8, 0, 4, 2, 10, 5, 1, 8, 10, 3, 11, 4, 13, 6, 4, 13, 0, 10, 12, 8, 0, 3, 8, 5, 1, 14, 8, 10, 12, 2, 6, 2, 5, 1, 10, 13, 4, 12, 3, 5, 9, 10, 12, 9, 4, 0, 6, 9, 7, 1, 13, 8, 3, 7, 2, 11, 3, 5, 10, 8, 1, 5, 10, 8, 1, 14, 12, 6, 9, 0, 12, 4, 6, 8, 0, 2, 6, 14, 2, 10, 3, 15, 9, 7, 15, 12, 5, 0, 4, 6, 13, 11, 2, 3, 9, 7, 3, 9, 5, 11, 4, 2, 9, 11, 14, 6, 13, 15, 5, 1, 9, 0, 4, 12, 10, 0, 3, 12, 4, 8, 13, 11, 6, 8, 15, 2, 0, 3, 10, 8, 0, 14, 12, 4, 11, 5, 7, 11, 8, 12, 5, 2, 4, 6, 0, 7, 3, 9, 4, 2, 0, 7, 11, 8, 2, 13, 1, 13, 6, 10, 4, 9, 1, 5, 9, 10, 0, 8, 1, 6, 12, 14, 7, 16, 2, 14, 3, 10, 4, 0, 5, 9, 11, 13, 8, 6, 7, 1, 6, 0, 2, 3, 8, 12, 4, 15, 5, 1, 2, 10, 7, 6, 11, 9, 7, 10, 1, 3, 12, 14, 9, 0, 8, 13, 1, 4, 0, 9, 5, 13, 9, 12, 7, 2, 9, 1, 10, 12, 6, 14, 8, 11, 0, 14, 11, 4, 7, 5, 8, 2, 4, 6, 2, 4, 8, 6, 0, 3, 0, 7, 1, 10, 7, 1, 10, 2, 6, 11, 3, 8, 5, 3, 13, 7, 9, 5, 14, 12, 0, 9, 15, 7, 2, 9, 4, 6, 11, 13, 11, 1, 8, 2, 0, 5, 3, 14, 12, 10, 6, 1, 8, 3, 0, 8, 6, 3, 1, 11, 0, 10, 2, 7, 1, 12, 3, 7, 0, 4, 13, 10, 5, 0, 11, 6, 13, 3, 5, 10, 3, 0, 9, 2, 8, 1, 3, 5, 10, 1, 8, 2, 12, 7, 4, 0, 5, 10, 12, 7, 14, 6, 13, 4, 1, 6, 9, 7, 0, 9, 3, 12, 0, 9, 8, 11, 2, 13, 4, 6, 8, 2, 5, 4, 0, 6, 8, 1, 11, 13, 7, 9, 3, 10, 5, 7, 9, 15, 7, 15, 13, 3, 12, 4, 12, 8, 1, 6, 8, 2, 4, 9, 0, 0, 11, 3, 7, 5, 9, 15, 9, 14, 2, 13, 3, 11, 4, 0, 3, 5, 2, 0, 3, 5, 1, 8, 11, 5, 8, 6, 9, 2, 13, 1, 11, 6, 2, 7, 4, 10, 5, 8, 6, 4, 2, 0, 4, 4, 10, 1, 13, 7, 2, 11, 0, 8, 5, 7, 8, 3, 9, 11, 0, 13, 7, 12, 3, 16, 5, 7, 2, 6, 3, 5, 10, 1, 11, 1, 12, 8, 1, 9, 2, 14, 5, 10, 4, 11, 7, 0, 16, 7, 0, 2, 5, 3, 12, 9, 7, 9, 1, 6, 2, 13, 4, 8, 11, 10, 0, 13, 7, 16, 9, 1, 8, 12, 4, 15, 10, 12, 7, 13, 4, 0, 9, 11, 4, 7, 0, 13, 16, 14, 6, 0, 13, 5, 12, 9, 14, 2, 10, 3, 0, 12, 15, 3, 1, 7, 3, 12, 5, 8, 6, 4, 2, 9, 6, 4, 10, 9, 11, 13, 1, 8, 11, 13, 8, 0, 1, 3, 7, 10, 3, 1, 5, 11, 5, 9, 2, 5, 9, 7, 3, 0, 6, 13, 11, 0, 12, 8, 3, 1, 4, 2, 11, 5, 9, 6, 2, 7, 3, 0, 13, 11, 10, 8, 4, 7, 3, 6, 16, 3, 5, 10, 1, 3, 11, 12, 2, 0, 11, 15, 1, 4, 14, 1, 8, 11, 2, 6, 4, 9, 5, 7, 9, 2, 7, 12, 3, 6, 10, 7, 13, 2, 14, 0, 13, 4, 10, 1, 0, 11, 6, 10, 8, 6, 11, 14, 5, 9, 4, 12, 1, 4, 2, 7, 9, 1, 8, 14, 7, 10, 5, 0, 6, 2, 0, 3, 1, 14, 12, 5, 9, 11, 7, 7, 1, 4, 0, 10, 6, 8, 15, 13, 7, 5, 1, 4, 2, 9, 3, 6, 1, 5, 3, 12, 10, 6, 5, 12, 4, 2, 13, 9, 12, 8, 11, 2, 0, 3, 10, 6, 8, 11, 7, 2, 10, 13, 9, 6, 11, 13, 0, 14, 16, 5, 0, 4, 1, 3, 8, 15, 3, 1, 8, 3, 6, 12, 10, 5, 8, 6, 4, 10, 1, 9, 7, 0, 10, 0, 2, 12, 14, 2, 11, 12, 14, 7, 5, 10, 4, 8, 1, 13, 0, 7, 6, 3, 11, 9, 9, 7, 1, 0, 5, 8, 11, 7, 5, 3, 6, 1, 5, 3, 1, 6, 8, 5, 3, 1, 7, 11, 8, 0, 9, 3, 13, 7, 9, 3, 5, 10, 2, 6, 3, 14, 6, 0, 5, 1, 6, 11, 4, 0, 12, 10, 16, 11, 2, 10, 12, 4, 9, 5, 8, 4, 1, 7, 4, 8, 14, 7, 11, 6, 12, 3, 9, 6, 0, 13, 0, 2, 5, 0, 2, 12, 8, 4, 10, 13, 8, 10, 14, 12, 7, 3, 1, 0, 2, 9, 5, 8, 6, 11, 10, 1, 4]
convergência = [17, 17, 17, 17, 17, 17, 17, 17, 17, 17, 17, 17, 17, 17, 16, 16, 16, 16, 16, 16, 16, 16, 16, 16, 16, 16, 16, 16, 16, 16, 16, 16, 16, 16, 16, 16, 16, 16, 16, 16, 16, 16, 16, 16, 16, 16, 16, 16, 16, 16, 16, 16, 16, 16, 16, 16, 16, 16, 16, 16, 16, 16, 16, 16, 16, 16, 16, 16, 16, 16, 16, 16, 16, 16, 16, 16, 16, 16, 16, 16, 16, 16, 16, 16, 16, 16, 16, 16, 16, 16, 16, 16, 16, 16, 16, 16, 16, 16, 16, 16, 16, 16, 16, 16, 16, 16, 16, 16, 16, 16, 16, 16, 16, 16, 16, 16, 16, 16, 16, 16, 16, 16, 16, 16, 16, 16, 16, 16, 16, 16, 16, 16, 16, 16, 16, 16, 16, 16]

===== FIM =====
