===== RESULTADO BRKGA L(2,1) =====
Arquivo: /Users/mateuspedrosa/Documents/TCC-II/BRKGA/data/Harwell-Boeing_cleaned/lshp1561_clean.mtx

----- Execução #1 -----
[INFO] Parou por estagnação.
Tempo de execução: 109351ms
Span (lambda): 16
best_order = [734, 158, 552, 1474, 169, 1532, 327, 1386, 1188, 1276, 334, 614, 129, 1261, 228, 508, 127, 981, 196, 962, 391, 83, 1250, 1283, 357, 119, 921, 802, 1020, 1286, 1438, 466, 465, 67, 917, 495, 620, 286, 1392, 291, 1314, 1494, 412, 331, 1294, 292, 766, 145, 1128, 814, 864, 558, 231, 1282, 1180, 112, 1296, 618, 1490, 824, 1126, 98, 846, 372, 1234, 1308, 825, 955, 118, 672, 862, 1443, 1339, 949, 1554, 1228, 1247, 579, 1272, 1279, 683, 381, 144, 686, 460, 6, 932, 1003, 698, 498, 733, 1454, 882, 595, 916, 1518, 505, 723, 1146, 609, 865, 161, 0, 1185, 867, 1368, 1213, 768, 1397, 677, 1151, 684, 97, 530, 1184, 248, 861, 1390, 912, 66, 1164, 18, 1199, 741, 970, 1411, 816, 561, 935, 409, 264, 562, 569, 1167, 787, 272, 852, 64, 1252, 41, 598, 1301, 956, 489, 1000, 217, 536, 1031, 519, 250, 270, 1506, 179, 1486, 452, 159, 415, 1116, 232, 1287, 842, 977, 504, 407, 436, 711, 501, 807, 1297, 1459, 1512, 1218, 1074, 884, 806, 1401, 559, 402, 1049, 983, 474, 826, 791, 1262, 726, 399, 872, 1413, 1329, 967, 1208, 856, 661, 1528, 606, 780, 1290, 17, 469, 303, 90, 1448, 1432, 1006, 795, 1197, 1109, 1179, 359, 845, 423, 1177, 625, 1001, 1538, 58, 880, 1524, 1557, 1304, 1154, 779, 39, 422, 837, 456, 963, 1341, 1299, 1162, 545, 603, 1539, 443, 574, 148, 1552, 1070, 1302, 7, 922, 1123, 511, 801, 1537, 835, 990, 1310, 392, 713, 123, 1291, 1063, 747, 408, 1298, 1521, 681, 189, 1092, 40, 1394, 20, 524, 12, 775, 610, 459, 1545, 8, 926, 113, 195, 491, 104, 1087, 1371, 650, 1321, 420, 102, 53, 692, 51, 229, 840, 989, 857, 1014, 33, 608, 302, 719, 315, 1239, 142, 371, 622, 321, 1415, 333, 870, 800, 773, 919, 1232, 1205, 193, 1102, 1055, 461, 42, 410, 704, 1534, 21, 1550, 1387, 888, 1349, 544, 1525, 1264, 646, 503, 1043, 352, 1163, 137, 375, 657, 493, 959, 1408, 3, 367, 889, 653, 183, 593, 894, 84, 728, 513, 731, 1082, 385, 1316, 911, 978, 667, 564, 1346, 750, 693, 599, 509, 1359, 1354, 325, 329, 1505, 239, 1376, 678, 601, 751, 416, 972, 986, 638, 1042, 108, 1450, 1149, 365, 1030, 1046, 915, 725, 1080, 820, 384, 349, 1009, 197, 60, 431, 471, 69, 1431, 869, 492, 924, 1412, 32, 57, 353, 1501, 670, 754, 897, 568, 600, 1430, 446, 462, 1428, 1260, 927, 1091, 274, 1278, 478, 351, 1531, 1320, 107, 774, 269, 1035, 337, 1065, 253, 1238, 212, 1482, 920, 941, 930, 1210, 903, 235, 500, 953, 663, 1038, 1491, 848, 87, 798, 1513, 59, 655, 1449, 1324, 624, 101, 702, 1110, 427, 281, 1529, 1338, 1051, 178, 777, 1319, 1536, 830, 1056, 170, 320, 297, 1460, 878, 134, 220, 174, 645, 340, 540, 1113, 1244, 740, 1036, 225, 717, 1133, 685, 767, 449, 322, 335, 30, 282, 1008, 516, 1196, 910, 1406, 82, 287, 237, 236, 629, 1440, 451, 877, 541, 793, 742, 906, 293, 49, 426, 1483, 439, 1186, 1195, 316, 785, 135, 221, 834, 974, 24, 1017, 1263, 186, 326, 1201, 594, 817, 205, 1435, 1361, 1331, 1094, 635, 788, 1079, 1535, 428, 432, 1155, 596, 1416, 1077, 1312, 1144, 1293, 783, 1481, 782, 1544, 364, 755, 1475, 1040, 1439, 1107, 808, 680, 4, 580, 634, 404, 318, 616, 243, 472, 695, 659, 1159, 1522, 429, 909, 531, 640, 605, 525, 1425, 1119, 308, 1012, 781, 1478, 873, 881, 602, 176, 226, 173, 68, 257, 1407, 1157, 520, 859, 1171, 160, 1249, 216, 1227, 210, 95, 133, 376, 1555, 425, 590, 307, 251, 1161, 246, 572, 105, 821, 560, 866, 457, 813, 490, 366, 883, 9, 313, 1187, 1203, 1469, 550, 162, 296, 868, 1383, 1045, 79, 163, 219, 1267, 597, 999, 697, 551, 619, 665, 632, 55, 718, 109, 757, 1067, 1173, 46, 1378, 592, 1048, 198, 537, 1480, 871, 1424, 944, 1370, 703, 339, 1216, 473, 1436, 1410, 1062, 1241, 1472, 483, 1230, 34, 1377, 1061, 1023, 828, 1158, 736, 710, 394, 92, 973, 131, 1214, 285, 705, 611, 1169, 99, 1374, 233, 576, 1237, 1246, 406, 535, 954, 1455, 815, 929, 356, 1273, 396, 976, 739, 199, 822, 969, 413, 1380, 858, 91, 1229, 1076, 56, 1096, 88, 202, 874, 1097, 652, 284, 1421, 769, 518, 1323, 792, 1384, 1467, 1085, 168, 149, 1463, 477, 1200, 1303, 905, 696, 1275, 960, 514, 1059, 765, 191, 1477, 1115, 1135, 1289, 1409, 844, 674, 5, 346, 405, 1342, 573, 324, 482, 54, 1457, 374, 797, 347, 676, 1500, 1165, 1337, 1190, 1111, 1451, 556, 265, 961, 1251, 1347, 294, 943, 591, 52, 124, 379, 712, 532, 1471, 1160, 1546, 194, 1516, 154, 387, 1028, 1306, 996, 831, 546, 222, 938, 732, 804, 1520, 1547, 348, 150, 1148, 987, 207, 1493, 278, 738, 759, 1129, 1095, 280, 1274, 811, 1039, 1255, 979, 1193, 729, 180, 1027, 850, 1209, 1220, 1271, 851, 1075, 494, 1280, 338, 543, 914, 898, 1041, 1313, 863, 227, 1523, 1073, 309, 809, 805, 1090, 855, 497, 1429, 1419, 689, 485, 1385, 94, 1064, 1352, 1363, 1024, 1558, 709, 730, 344, 1254, 1495, 1499, 647, 1549, 1510, 1553, 1178, 588, 1393, 1266, 656, 1150, 651, 538, 1222, 1355, 1514, 275, 1559, 995, 839, 700, 836, 745, 377, 437, 262, 1174, 252, 93, 1285, 1441, 304, 833, 1198, 258, 116, 654, 1152, 527, 255, 1414, 1120, 997, 724, 1445, 860, 47, 187, 902, 957, 885, 403, 778, 211, 240, 419, 1103, 1052, 1427, 1335, 311, 28, 398, 487, 65, 879, 563, 467, 1127, 165, 2, 939, 1034, 1265, 298, 1543, 1418, 1022, 1, 1360, 644, 442, 29, 512, 1226, 578, 1259, 76, 1423, 86, 1452, 373, 714, 958, 1078, 1121, 748, 63, 1240, 1327, 1446, 1284, 1479, 389, 139, 1071, 1112, 1517, 115, 1207, 607, 70, 627, 1183, 50, 771, 330, 43, 1130, 971, 1375, 784, 77, 790, 984, 585, 27, 950, 267, 666, 908, 743, 1345, 660, 470, 1403, 1292, 763, 982, 764, 435, 455, 204, 1396, 1248, 892, 1147, 450, 1037, 1365, 182, 31, 587, 1462, 36, 1053, 758, 964, 1364, 913, 565, 271, 213, 1194, 542, 438, 152, 1253, 827, 662, 1489, 1156, 1404, 756, 794, 583, 1013, 378, 468, 1066, 75, 1131, 1391, 1530, 201, 1295, 1140, 1100, 586, 1398, 613, 886, 1511, 1468, 975, 370, 38, 554, 418, 464, 155, 254, 942, 1245, 966, 1212, 177, 81, 1277, 1018, 706, 507, 1488, 382, 1168, 1362, 901, 486, 89, 1318, 691, 708, 952, 1402, 454, 1343, 1136, 1348, 1236, 319, 1464, 789, 796, 14, 648, 1556, 1330, 584, 263, 623, 772, 701, 1340, 1032, 900, 617, 940, 188, 499, 184, 393, 310, 1104, 517, 1332, 1270, 582, 1433, 688, 206, 931, 612, 1172, 992, 430, 305, 444, 951, 1507, 85, 810, 1533, 1033, 1357, 699, 510, 35, 166, 401, 832, 247, 1050, 575, 1004, 488, 397, 1072, 1258, 261, 1105, 62, 998, 256, 400, 1058, 368, 72, 841, 1125, 1026, 1007, 312, 1138, 481, 1541, 417, 1453, 242, 506, 907, 106, 1315, 1225, 715, 136, 1269, 234, 604, 1350, 854, 1400, 1044, 61, 1060, 1461, 156, 1487, 1081, 1366, 993, 157, 918, 300, 649, 1233, 1242, 1217, 283, 1336, 1492, 290, 1305, 10, 122, 799, 1181, 752, 1211, 13, 128, 673, 1379, 1381, 328, 1106, 589, 746, 1389, 1300, 343, 386, 96, 744, 1351, 823, 1098, 244, 73, 185, 355, 786, 1223, 555, 1465, 448, 1069, 843, 363, 760, 317, 988, 153, 1175, 722, 528, 433, 1548, 529, 548, 484, 547, 1334, 1434, 727, 361, 441, 273, 463, 1373, 110, 277, 342, 980, 1015, 1382, 1202, 1437, 615, 421, 424, 1405, 80, 1139, 1088, 946, 936, 1367, 19, 1503, 1268, 1141, 414, 1122, 1322, 1326, 1328, 577, 289, 669, 690, 1083, 682, 1358, 1137, 581, 48, 260, 276, 753, 259, 1086, 117, 171, 1551, 621, 1417, 354, 1458, 480, 1117, 968, 1231, 567, 1025, 721, 453, 345, 369, 440, 121, 630, 553, 875, 502, 526, 11, 812, 215, 332, 675, 395, 1288, 948, 985, 639, 1476, 44, 1124, 521, 893, 934, 25, 1189, 776, 1444, 994, 1134, 523, 1166, 761, 1388, 1496, 829, 770, 642, 360, 411, 1010, 1395, 1068, 1153, 1309, 1021, 301, 819, 1047, 1353, 26, 266, 151, 288, 803, 668, 314, 1504, 762, 138, 891, 78, 1502, 1219, 896, 515, 694, 928, 1170, 1527, 238, 895, 923, 1019, 458, 720, 1497, 1307, 735, 1257, 1515, 208, 1016, 22, 1108, 749, 1422, 1192, 1235, 200, 323, 1215, 167, 933, 628, 15, 1344, 1399, 45, 1356, 1442, 249, 445, 209, 100, 1466, 534, 1498, 1029, 658, 1204, 172, 945, 1426, 633, 539, 1143, 643, 991, 1243, 737, 1114, 1142, 1011, 1560, 383, 295, 111, 671, 434, 1508, 299, 1526, 1509, 1317, 1093, 557, 164, 336, 1281, 1372, 181, 390, 350, 1484, 1456, 175, 1311, 1132, 1470, 341, 103, 71, 566, 899, 626, 1206, 1057, 876, 126, 947, 1099, 230, 1256, 125, 362, 23, 838, 1473, 1542, 631, 268, 1005, 146, 1420, 707, 533, 716, 890, 1221, 1369, 570, 853, 74, 849, 637, 1325, 245, 925, 306, 143, 664, 223, 1447, 1101, 479, 114, 447, 1485, 937, 1333, 147, 1089, 1054, 475, 496, 190, 1519, 37, 1118, 218, 1540, 120, 1176, 16, 140, 380, 1145, 1224, 522, 132, 476, 1002, 358, 549, 279, 904, 1084, 641, 192, 1182, 130, 818, 224, 141, 887, 203, 388, 214, 965, 847, 679, 571, 1191, 687, 636, 241]
labeling = [1, 8, 5, 1, 9, 11, 0, 3, 1, 4, 6, 2, 0, 7, 4, 10, 12, 4, 0, 8, 1, 3, 12, 14, 6, 4, 11, 9, 7, 4, 2, 10, 7, 5, 8, 12, 10, 8, 12, 0, 3, 1, 4, 2, 5, 14, 6, 12, 14, 6, 9, 1, 10, 2, 8, 1, 8, 5, 0, 3, 3, 11, 7, 9, 2, 6, 2, 0, 7, 5, 3, 9, 6, 8, 2, 7, 3, 5, 8, 2, 11, 6, 4, 1, 3, 12, 10, 2, 7, 9, 4, 7, 5, 12, 9, 6, 13, 2, 0, 7, 11, 3, 0, 12, 4, 8, 10, 4, 1, 5, 10, 15, 1, 6, 12, 9, 7, 13, 3, 0, 15, 3, 10, 5, 7, 13, 12, 2, 9, 0, 11, 5, 13, 4, 2, 5, 15, 4, 14, 6, 12, 14, 3, 11, 2, 0, 14, 10, 2, 6, 8, 11, 6, 8, 10, 13, 11, 9, 0, 0, 3, 1, 6, 8, 1, 5, 5, 12, 9, 0, 3, 10, 14, 7, 5, 11, 6, 0, 3, 1, 8, 12, 9, 4, 7, 11, 0, 1, 7, 0, 14, 7, 10, 3, 11, 2, 0, 4, 10, 2, 13, 11, 7, 13, 0, 2, 9, 5, 8, 11, 5, 12, 1, 13, 15, 13, 4, 1, 15, 9, 5, 7, 10, 14, 8, 4, 7, 12, 0, 3, 6, 0, 2, 9, 12, 2, 7, 5, 10, 1, 8, 4, 6, 0, 2, 9, 3, 7, 0, 3, 1, 5, 7, 0, 10, 8, 12, 1, 8, 12, 9, 10, 5, 7, 0, 5, 11, 8, 12, 3, 1, 4, 2, 9, 1, 5, 12, 10, 6, 12, 7, 3, 2, 8, 1, 5, 0, 4, 13, 11, 9, 0, 2, 4, 7, 10, 5, 2, 8, 13, 1, 11, 2, 0, 5, 1, 4, 6, 3, 9, 2, 7, 9, 2, 8, 3, 4, 11, 5, 9, 6, 4, 7, 10, 6, 3, 7, 0, 10, 1, 12, 1, 14, 4, 2, 8, 14, 5, 11, 9, 5, 16, 15, 13, 1, 11, 3, 7, 4, 0, 10, 6, 0, 5, 10, 8, 2, 0, 11, 2, 9, 7, 14, 12, 9, 3, 8, 2, 9, 12, 10, 5, 0, 6, 3, 0, 6, 11, 8, 7, 13, 1, 8, 10, 4, 2, 11, 4, 15, 2, 14, 0, 0, 9, 5, 12, 6, 14, 7, 3, 10, 11, 1, 8, 4, 6, 0, 1, 3, 0, 4, 14, 0, 3, 11, 0, 2, 12, 10, 8, 5, 10, 3, 0, 11, 8, 6, 1, 4, 6, 13, 0, 7, 10, 13, 7, 0, 9, 11, 5, 13, 9, 5, 2, 7, 15, 2, 14, 8, 4, 1, 6, 0, 12, 10, 8, 2, 7, 5, 4, 1, 6, 4, 13, 11, 2, 0, 10, 12, 4, 8, 1, 5, 7, 1, 13, 11, 3, 1, 16, 14, 12, 8, 0, 9, 7, 8, 6, 10, 3, 6, 4, 4, 2, 7, 1, 12, 9, 0, 4, 8, 5, 11, 6, 3, 1, 10, 5, 0, 2, 12, 1, 4, 2, 8, 3, 0, 5, 7, 2, 5, 9, 14, 11, 1, 8, 4, 7, 9, 12, 1, 7, 9, 11, 13, 5, 2, 6, 11, 13, 4, 3, 10, 8, 3, 0, 10, 6, 4, 1, 5, 7, 0, 12, 9, 11, 8, 14, 0, 4, 6, 1, 2, 12, 3, 8, 13, 11, 5, 1, 13, 15, 8, 10, 2, 14, 9, 13, 10, 0, 6, 14, 7, 2, 4, 11, 15, 13, 10, 12, 5, 10, 6, 1, 9, 0, 3, 8, 0, 3, 7, 5, 6, 2, 13, 10, 2, 12, 5, 1, 4, 7, 3, 8, 0, 12, 6, 11, 1, 8, 0, 11, 6, 10, 5, 0, 11, 7, 2, 4, 6, 14, 9, 15, 3, 0, 11, 1, 3, 12, 7, 8, 13, 15, 8, 5, 1, 2, 9, 12, 0, 11, 5, 1, 7, 3, 10, 4, 16, 6, 12, 3, 6, 2, 8, 3, 9, 4, 11, 6, 4, 8, 1, 10, 2, 11, 8, 0, 3, 12, 6, 2, 13, 0, 3, 9, 2, 14, 4, 9, 11, 8, 5, 7, 12, 0, 7, 4, 1, 11, 4, 10, 2, 6, 3, 8, 6, 14, 12, 10, 0, 0, 5, 2, 7, 9, 13, 5, 9, 3, 14, 11, 13, 2, 11, 5, 3, 9, 5, 1, 12, 4, 9, 1, 0, 12, 3, 15, 10, 7, 5, 4, 6, 0, 5, 13, 11, 1, 8, 14, 1, 4, 5, 12, 3, 6, 10, 0, 9, 6, 4, 12, 10, 4, 11, 8, 2, 5, 1, 4, 12, 7, 10, 5, 7, 4, 11, 5, 10, 3, 1, 9, 7, 5, 9, 2, 8, 0, 7, 14, 12, 1, 7, 5, 10, 2, 8, 6, 3, 14, 1, 6, 0, 15, 8, 12, 4, 2, 5, 10, 7, 9, 13, 3, 0, 6, 2, 4, 11, 9, 6, 8, 12, 15, 0, 2, 5, 8, 1, 12, 4, 7, 11, 3, 0, 4, 11, 1, 14, 9, 2, 11, 1, 13, 7, 4, 0, 12, 5, 14, 3, 9, 2, 10, 1, 7, 0, 5, 8, 6, 9, 4, 1, 11, 0, 2, 9, 3, 10, 7, 5, 11, 3, 6, 2, 8, 10, 7, 2, 10, 7, 6, 0, 7, 1, 6, 10, 13, 1, 2, 15, 13, 8, 12, 0, 9, 12, 3, 5, 14, 3, 5, 10, 0, 2, 6, 1, 14, 11, 8, 4, 3, 1, 12, 9, 6, 4, 2, 9, 1, 4, 0, 3, 9, 4, 6, 0, 3, 5, 8, 6, 12, 1, 13, 11, 1, 12, 3, 6, 2, 8, 5, 7, 1, 0, 15, 9, 14, 12, 2, 11, 13, 5, 3, 6, 0, 4, 10, 7, 1, 8, 10, 0, 4, 11, 14, 12, 2, 6, 7, 0, 9, 0, 8, 6, 9, 7, 0, 2, 5, 9, 0, 8, 1, 7, 13, 1, 5, 12, 5, 3, 12, 2, 11, 7, 10, 7, 9, 4, 6, 0, 4, 13, 1, 8, 10, 2, 10, 5, 3, 12, 12, 7, 9, 0, 11, 13, 4, 7, 12, 0, 10, 12, 7, 10, 12, 8, 6, 4, 13, 3, 1, 6, 9, 4, 2, 2, 9, 3, 7, 4, 9, 3, 1, 11, 5, 1, 13, 6, 0, 8, 0, 8, 10, 15, 2, 5, 14, 12, 5, 11, 7, 4, 1, 8, 4, 6, 3, 12, 10, 0, 7, 4, 8, 0, 3, 8, 6, 1, 5, 2, 11, 3, 7, 9, 6, 10, 1, 14, 14, 10, 4, 0, 2, 4, 6, 6, 8, 13, 15, 7, 12, 2, 11, 3, 5, 10, 5, 9, 0, 2, 1, 13, 4, 15, 8, 0, 0, 5, 1, 9, 2, 6, 1, 7, 5, 1, 11, 0, 8, 11, 13, 15, 4, 10, 5, 8, 11, 2, 10, 8, 11, 9, 2, 6, 16, 0, 4, 6, 0, 7, 1, 12, 14, 1, 3, 12, 8, 10, 7, 11, 5, 3, 5, 0, 8, 14, 2, 4, 6, 9, 3, 13, 7, 10, 13, 15, 2, 8, 3, 0, 11, 13, 4, 2, 0, 4, 6, 0, 9, 7, 1, 12, 2, 7, 1, 4, 2, 9, 3, 5, 0, 9, 6, 14, 5, 13, 8, 4, 2, 0, 8, 10, 1, 7, 12, 3, 12, 3, 9, 5, 14, 6, 11, 10, 1, 7, 3, 0, 5, 3, 14, 2, 11, 0, 14, 8, 2, 5, 3, 9, 1, 10, 12, 4, 9, 7, 0, 11, 4, 2, 6, 1, 4, 2, 7, 14, 16, 11, 9, 5, 1, 0, 6, 3, 8, 8, 1, 13, 11, 9, 6, 3, 5, 1, 7, 0, 10, 3, 1, 5, 9, 2, 0, 11, 9, 0, 4, 14, 8, 2, 5, 10, 6, 0, 11, 1, 4, 0, 1, 12, 4, 7, 9, 6, 8, 9, 15, 2, 13, 3, 10, 6, 8, 0, 11, 5, 13, 3, 6, 2, 1, 12, 8, 4, 14, 7, 9, 13, 2, 10, 0, 8, 15, 6, 3, 10, 8, 3, 0, 6, 1, 8, 2, 9, 6, 3, 8, 12, 1, 9, 12, 7, 13, 5, 10, 15, 7, 14, 4, 11, 7, 4, 2, 5, 8, 9, 12, 0, 13, 3, 2, 14, 10, 6, 7, 1, 4, 5, 9, 0, 12, 15, 9, 11, 13, 0, 4, 11, 9, 1, 8, 0, 5, 3, 13, 4, 0, 6, 3, 12, 1, 11, 9, 12, 10, 7, 9, 4, 7, 5, 2, 5, 0, 10, 3, 8, 3, 12, 8, 16, 1, 14, 4, 6, 2, 14, 10, 6, 11, 5, 3, 1, 7, 11, 6, 3, 12, 2, 7, 5, 8, 12, 0, 15, 9, 11, 13, 3, 1, 5, 7, 3, 8, 0, 9, 14, 1, 10, 2, 7, 11, 6, 4, 12, 13, 0, 9, 2, 5, 14, 0, 4, 10, 0, 4, 9, 6, 2, 0, 0, 4, 6, 8, 13, 0, 3, 8, 14, 10, 0, 2, 4, 7, 1, 12, 7, 5, 11, 9, 5, 4, 14, 1, 6, 2, 2, 12, 3, 13, 7, 10, 0, 5, 8, 11, 5, 2, 0, 7, 4, 0, 3, 6, 0, 2, 14, 12, 3, 7, 14, 6, 0, 8, 1, 5, 9, 4, 1, 3, 13, 10, 0, 12, 10, 5, 2, 6, 14, 3, 7, 9, 1, 5, 0, 3, 8, 2, 6, 4, 10]
convergência = [16, 16, 16, 16, 16, 16, 16, 16, 16, 16, 16, 16, 16, 16, 16, 16, 16, 16, 16, 16, 16, 16, 16, 16, 16, 16, 16, 16, 16, 16, 16, 16, 16, 16, 16, 16, 16, 16, 16, 16, 16, 16, 16, 16, 16, 16, 16, 16, 16, 16, 16, 16, 16, 16, 16, 16, 16, 16, 16, 16, 16, 16, 16, 16, 16, 16, 16, 16, 16, 16, 16, 16, 16, 16, 16, 16, 16, 16, 16, 16, 16, 16, 16, 16, 16, 16, 16, 16, 16, 16, 16, 16, 16, 16, 16, 16, 16, 16, 16, 16, 16, 16, 16, 16, 16, 16, 16, 16, 16, 16, 16, 16, 16, 16, 16, 16, 16, 16, 16, 16, 16, 16, 16, 16]

===== FIM =====
