===== RESULTADO BRKGA L(2,1) =====
Arquivo: /Users/mateuspedrosa/Documents/TCC-II/BRKGA/data/Harwell-Boeing_cleaned/lshp_577_clean.mtx

----- Execução #1 -----
[INFO] Parou por estagnação.
Tempo de execução: 40474ms
Span (lambda): 15
best_order = [332, 236, 490, 321, 339, 447, 280, 434, 328, 293, 448, 369, 576, 286, 359, 173, 445, 539, 496, 127, 465, 370, 396, 342, 175, 84, 214, 172, 18, 511, 66, 300, 14, 46, 519, 393, 421, 432, 401, 23, 194, 538, 242, 399, 141, 452, 553, 78, 314, 559, 117, 560, 484, 472, 398, 478, 4, 453, 379, 109, 183, 36, 507, 246, 85, 545, 521, 361, 344, 232, 262, 126, 20, 124, 131, 510, 267, 212, 220, 107, 55, 571, 72, 177, 40, 355, 469, 373, 302, 438, 166, 508, 306, 574, 103, 259, 47, 102, 499, 572, 534, 82, 318, 218, 27, 475, 276, 86, 464, 460, 505, 289, 331, 402, 269, 22, 471, 8, 394, 537, 382, 413, 547, 457, 573, 198, 512, 482, 90, 152, 189, 48, 195, 308, 477, 234, 100, 241, 283, 454, 446, 326, 11, 307, 125, 179, 320, 527, 10, 351, 473, 311, 426, 188, 168, 367, 255, 312, 226, 155, 154, 381, 335, 470, 193, 136, 104, 387, 513, 365, 523, 498, 503, 110, 54, 268, 257, 39, 264, 113, 265, 327, 483, 45, 558, 535, 160, 358, 500, 28, 120, 292, 536, 412, 73, 298, 143, 2, 431, 529, 65, 462, 112, 305, 340, 171, 378, 485, 406, 418, 266, 79, 19, 429, 277, 504, 385, 5, 254, 250, 397, 468, 316, 287, 225, 479, 530, 346, 37, 524, 347, 375, 493, 237, 216, 157, 258, 540, 49, 296, 415, 428, 178, 408, 348, 526, 569, 333, 450, 88, 63, 41, 310, 466, 474, 410, 248, 489, 3, 350, 520, 57, 270, 159, 69, 525, 33, 354, 245, 371, 96, 210, 364, 138, 252, 135, 407, 319, 528, 62, 35, 419, 337, 459, 352, 111, 197, 548, 433, 544, 53, 50, 137, 556, 12, 309, 518, 284, 38, 156, 392, 271, 274, 230, 81, 336, 244, 25, 74, 114, 304, 391, 151, 278, 395, 21, 215, 362, 240, 1, 211, 567, 492, 186, 376, 487, 158, 144, 208, 441, 282, 203, 142, 91, 451, 133, 440, 554, 565, 29, 386, 165, 196, 256, 83, 509, 575, 77, 202, 7, 129, 384, 185, 325, 424, 9, 463, 163, 557, 389, 97, 345, 279, 251, 58, 338, 349, 243, 187, 517, 130, 121, 288, 206, 281, 542, 439, 106, 24, 377, 561, 486, 502, 68, 444, 191, 94, 388, 420, 261, 209, 324, 427, 390, 71, 568, 199, 132, 122, 414, 515, 0, 330, 552, 405, 488, 42, 263, 416, 294, 59, 411, 164, 201, 368, 514, 149, 227, 323, 181, 174, 461, 140, 495, 480, 491, 92, 456, 204, 60, 223, 105, 228, 290, 317, 167, 516, 260, 313, 403, 148, 273, 101, 297, 422, 123, 30, 555, 221, 541, 372, 322, 506, 52, 200, 275, 363, 235, 533, 75, 295, 329, 301, 44, 139, 108, 64, 417, 360, 343, 16, 180, 437, 67, 6, 564, 303, 435, 51, 61, 356, 219, 566, 481, 93, 34, 532, 334, 562, 522, 43, 128, 285, 134, 458, 229, 299, 467, 400, 231, 549, 170, 192, 146, 80, 76, 366, 449, 442, 249, 247, 98, 443, 26, 56, 190, 205, 455, 546, 425, 494, 31, 222, 162, 315, 17, 423, 374, 89, 150, 145, 563, 161, 357, 543, 217, 497, 147, 404, 239, 430, 380, 182, 13, 207, 353, 238, 184, 383, 118, 531, 224, 476, 570, 15, 119, 291, 115, 116, 409, 99, 32, 341, 501, 87, 551, 233, 70, 253, 169, 550, 436, 153, 272, 176, 213, 95]
labeling = [8, 4, 7, 11, 4, 2, 9, 5, 0, 2, 6, 1, 3, 10, 2, 5, 10, 12, 0, 9, 6, 8, 3, 1, 10, 7, 12, 4, 2, 6, 9, 0, 10, 1, 5, 3, 0, 4, 10, 7, 4, 9, 3, 15, 13, 4, 1, 3, 5, 7, 8, 11, 9, 6, 2, 0, 10, 2, 5, 3, 11, 4, 8, 6, 14, 5, 2, 13, 9, 7, 15, 11, 1, 4, 6, 8, 13, 7, 0, 3, 12, 5, 1, 10, 0, 3, 5, 13, 4, 15, 1, 8, 8, 13, 11, 10, 7, 0, 9, 12, 0, 11, 2, 0, 4, 1, 5, 2, 11, 2, 4, 8, 6, 6, 10, 3, 14, 0, 7, 9, 2, 4, 6, 11, 1, 4, 2, 0, 12, 8, 7, 0, 10, 8, 11, 3, 5, 9, 7, 4, 9, 0, 11, 2, 7, 10, 3, 13, 11, 7, 13, 5, 3, 13, 6, 1, 10, 8, 6, 4, 0, 12, 9, 2, 0, 5, 1, 9, 4, 8, 11, 4, 2, 0, 8, 1, 6, 3, 5, 1, 10, 7, 15, 0, 14, 11, 2, 7, 5, 2, 13, 9, 12, 6, 1, 4, 8, 5, 2, 8, 10, 1, 7, 5, 8, 13, 7, 12, 3, 8, 4, 7, 1, 11, 0, 6, 3, 12, 2, 14, 1, 7, 10, 1, 8, 6, 3, 8, 4, 10, 5, 11, 0, 14, 2, 6, 0, 4, 13, 12, 9, 3, 0, 10, 5, 9, 2, 11, 7, 13, 5, 11, 1, 14, 6, 2, 0, 3, 6, 0, 12, 5, 2, 9, 1, 6, 8, 1, 4, 4, 10, 7, 15, 13, 8, 14, 1, 5, 11, 8, 0, 12, 10, 3, 9, 4, 0, 7, 11, 3, 8, 13, 9, 0, 5, 13, 7, 10, 8, 5, 1, 13, 2, 12, 10, 0, 4, 7, 6, 11, 3, 6, 2, 8, 1, 13, 4, 8, 0, 5, 3, 0, 11, 9, 7, 11, 1, 4, 0, 10, 6, 3, 0, 2, 8, 0, 9, 10, 12, 1, 4, 14, 3, 6, 5, 10, 7, 4, 7, 10, 5, 3, 7, 15, 11, 0, 6, 8, 2, 0, 14, 1, 6, 12, 7, 4, 10, 2, 9, 0, 2, 10, 14, 1, 14, 11, 13, 12, 9, 5, 15, 7, 0, 14, 12, 4, 7, 1, 10, 8, 11, 7, 5, 1, 3, 10, 0, 5, 8, 6, 2, 4, 9, 12, 13, 10, 0, 8, 6, 0, 5, 12, 4, 2, 9, 6, 11, 13, 3, 2, 6, 0, 7, 1, 5, 12, 9, 11, 6, 4, 10, 3, 1, 4, 0, 8, 10, 13, 2, 4, 2, 10, 1, 14, 9, 1, 6, 0, 2, 13, 0, 8, 1, 3, 7, 15, 12, 5, 10, 8, 4, 14, 11, 13, 7, 1, 4, 14, 9, 6, 10, 1, 4, 8, 12, 3, 8, 4, 2, 5, 7, 9, 3, 6, 4, 7, 3, 0, 11, 3, 0, 13, 8, 6, 15, 10, 1, 10, 8, 3, 0, 6, 1, 3, 8, 6, 11, 3, 5, 9, 0, 0, 2, 6, 13, 10, 15, 5, 7, 0, 8, 1, 12, 3, 5, 9, 6, 1, 12, 4, 10, 14, 14, 12, 3, 5, 2, 5, 2, 0, 8, 11, 9, 15, 7, 1, 12, 0, 2, 8, 10, 0, 10, 0, 7, 10, 13, 9, 5, 1, 3, 7, 5, 9, 7, 0, 11, 5, 10, 3, 15, 2, 6, 1, 4, 8, 0]
convergência = [15, 15, 15, 15, 15, 15, 15, 15, 15, 15, 15, 15, 15, 15, 15, 15, 15, 15, 15, 15, 15, 15, 15, 15, 15, 15, 15, 15, 15, 15, 15, 15, 15, 15, 15, 15, 15, 15, 15, 15, 15, 15, 15, 15, 15, 15, 15, 15, 15, 15, 15, 15, 15, 15, 15, 15, 15, 15, 15, 15, 15, 15, 15, 15, 15, 15, 15, 15, 15, 15, 15, 15, 15, 15, 15, 15, 15, 15, 15, 15, 15, 15, 15, 15, 15, 15, 15, 15, 15, 15, 15, 15, 15, 15, 15, 15, 15, 15, 15, 15, 15, 15, 15, 15, 15, 15, 15, 15, 15, 15, 15, 15, 15, 15, 15, 15, 15, 15, 15, 15, 15, 15, 15, 15]

===== FIM =====
