===== RESULTADO BRKGA L(2,1) =====
Arquivo: /Users/mateuspedrosa/Documents/TCC-II/BRKGA/data/Harwell-Boeing_cleaned/lshp2233_clean.mtx

----- Execução #1 -----
[INFO] Parou por estagnação.
Tempo de execução: 160348ms
Span (lambda): 16
best_order = [1165, 1746, 1890, 357, 408, 417, 614, 2187, 68, 796, 814, 876, 835, 56, 1726, 142, 102, 607, 1734, 849, 1664, 136, 934, 1581, 1130, 1719, 611, 936, 1587, 1463, 135, 1770, 184, 378, 84, 1009, 885, 274, 319, 2076, 2011, 1655, 368, 1466, 2140, 1831, 1826, 448, 2044, 880, 200, 1350, 689, 1918, 950, 26, 1468, 619, 483, 1212, 621, 1774, 167, 1014, 1799, 159, 349, 2157, 351, 1565, 616, 422, 1732, 70, 984, 11, 1896, 182, 1111, 1416, 711, 1788, 31, 461, 1295, 2224, 1218, 1650, 494, 1120, 1258, 112, 1502, 375, 463, 1727, 1868, 1700, 2018, 1297, 1259, 255, 894, 109, 528, 2232, 268, 2128, 1787, 804, 1857, 1100, 1878, 925, 888, 1250, 1515, 1745, 1975, 216, 83, 913, 1261, 1274, 683, 1045, 1374, 1197, 1181, 155, 1368, 1477, 2042, 2067, 1213, 938, 859, 220, 960, 397, 2191, 1267, 550, 2219, 1064, 1951, 1867, 354, 1478, 2118, 242, 497, 1654, 1543, 564, 959, 1290, 2072, 1497, 395, 1256, 565, 178, 455, 241, 646, 2092, 1053, 248, 104, 663, 1738, 2066, 113, 1116, 273, 1649, 1095, 272, 1776, 81, 412, 416, 317, 449, 1670, 450, 174, 1532, 729, 1270, 2071, 170, 602, 1610, 592, 502, 331, 1609, 820, 441, 981, 754, 1067, 1673, 1691, 1041, 706, 339, 1395, 2032, 1025, 545, 399, 1492, 13, 901, 1384, 1367, 1862, 2188, 391, 2129, 458, 1455, 749, 1559, 19, 775, 1262, 989, 219, 1056, 826, 164, 585, 782, 535, 475, 1430, 181, 409, 1097, 1705, 2099, 403, 1038, 573, 999, 2211, 1398, 769, 318, 1348, 627, 1315, 539, 1329, 176, 1823, 658, 165, 2222, 1017, 1751, 215, 143, 12, 2069, 1966, 1795, 1754, 524, 1544, 551, 425, 1310, 1657, 572, 508, 245, 1238, 822, 1453, 213, 2147, 292, 1048, 890, 537, 106, 1305, 1500, 373, 1615, 2170, 53, 2023, 1631, 2207, 276, 1752, 1265, 762, 1490, 1564, 92, 797, 780, 807, 1647, 811, 578, 2165, 823, 1638, 227, 1078, 690, 1591, 228, 1940, 149, 1319, 1682, 2198, 270, 583, 1936, 1199, 1849, 14, 1584, 1576, 828, 774, 1528, 1629, 344, 359, 1149, 1872, 1264, 737, 1575, 1645, 2178, 171, 2200, 798, 895, 909, 1151, 1253, 1736, 2027, 1978, 1524, 1161, 926, 2055, 1096, 1924, 1507, 78, 45, 1616, 2154, 1033, 1409, 198, 548, 834, 661, 1415, 1223, 1693, 2033, 1555, 1472, 1847, 1721, 918, 1927, 687, 1323, 2109, 623, 862, 224, 1010, 1914, 1423, 2024, 482, 1623, 2152, 1804, 243, 2114, 1991, 1450, 1768, 2075, 1853, 1805, 1036, 320, 531, 36, 1505, 1205, 1424, 1442, 2214, 1030, 1550, 355, 1403, 861, 1503, 2061, 1874, 444, 1634, 852, 1923, 189, 322, 750, 460, 1612, 239, 1899, 1413, 617, 744, 1671, 1900, 928, 761, 1080, 739, 824, 1101, 1973, 1569, 1668, 1098, 2137, 2204, 1950, 1321, 1019, 1861, 648, 98, 2141, 1092, 1827, 598, 1819, 921, 903, 1856, 2028, 280, 547, 247, 360, 2089, 1570, 665, 1926, 1332, 501, 2186, 2121, 2021, 905, 1822, 1688, 946, 1785, 571, 1389, 941, 96, 1011, 199, 300, 420, 1840, 854, 1572, 1628, 1171, 1433, 792, 1832, 516, 278, 1183, 309, 261, 1749, 1753, 952, 836, 211, 2037, 250, 679, 1793, 858, 541, 1728, 42, 1980, 256, 358, 700, 240, 1939, 2001, 1459, 879, 340, 100, 785, 2122, 1858, 589, 753, 1075, 1602, 1112, 1313, 1945, 1908, 2046, 2136, 669, 35, 435, 1072, 154, 1118, 1986, 590, 1677, 2015, 2039, 437, 530, 77, 2013, 1922, 766, 1830, 970, 1988, 787, 695, 2098, 664, 2189, 990, 1464, 1665, 1337, 629, 1632, 1733, 1496, 1548, 1934, 305, 1536, 776, 2060, 18, 1252, 374, 1708, 1730, 1257, 499, 1317, 1772, 704, 763, 221, 1757, 2220, 2150, 1518, 538, 1601, 942, 756, 1458, 1674, 2202, 48, 1508, 786, 558, 1260, 1636, 1938, 1155, 1549, 202, 281, 1600, 1883, 263, 82, 1995, 2008, 1249, 283, 1387, 806, 1194, 830, 1920, 294, 1519, 2105, 325, 1172, 238, 518, 1509, 1000, 366, 1057, 844, 2047, 1881, 699, 1429, 275, 158, 1021, 755, 994, 1462, 1359, 398, 746, 1794, 1224, 1558, 386, 1955, 1643, 1334, 2012, 693, 898, 668, 760, 20, 1303, 712, 850, 440, 1382, 532, 1835, 951, 2203, 203, 21, 2159, 634, 1511, 845, 2177, 1486, 1437, 1739, 1470, 457, 481, 251, 85, 655, 2115, 310, 1006, 1304, 641, 927, 1662, 413, 1242, 939, 491, 1113, 453, 618, 2151, 2017, 1123, 772, 52, 252, 1810, 2030, 1586, 369, 1568, 1327, 332, 1620, 1124, 123, 743, 1491, 89, 1008, 258, 146, 2, 983, 1007, 1658, 637, 923, 864, 917, 1781, 982, 2041, 840, 2229, 0, 863, 1339, 1949, 1716, 1054, 2031, 326, 133, 86, 1207, 1617, 1419, 1211, 771, 1298, 1375, 1193, 1386, 118, 1436, 2000, 1365, 254, 1294, 631, 1168, 757, 468, 1743, 2174, 1493, 1405, 1396, 2093, 264, 2049, 1903, 1854, 1522, 1512, 1108, 1694, 1583, 346, 1402, 1952, 1162, 720, 2065, 436, 1425, 1935, 271, 1622, 144, 582, 1237, 188, 1797, 1697, 1834, 2190, 907, 1109, 2038, 2003, 992, 534, 388, 2215, 1750, 2097, 40, 1614, 1712, 207, 2002, 2146, 1731, 329, 2104, 759, 49, 968, 1696, 1777, 1289, 906, 353, 1829, 28, 1148, 156, 46, 1138, 815, 1248, 833, 727, 1828, 2180, 710, 1898, 459, 1142, 1553, 377, 1534, 126, 1320, 1618, 1763, 1937, 568, 396, 566, 266, 1893, 1504, 931, 1336, 2163, 2005, 1929, 404, 1236, 64, 1244, 1722, 324, 297, 1230, 57, 597, 1714, 54, 1354, 1759, 601, 1281, 1501, 1077, 647, 1886, 2107, 496, 1215, 1779, 1032, 682, 838, 781, 633, 860, 1040, 2050, 503, 492, 1341, 1653, 299, 730, 2108, 169, 75, 447, 1894, 691, 1916, 1806, 1198, 333, 2149, 874, 1214, 341, 1769, 1748, 16, 1944, 1283, 882, 471, 678, 108, 186, 2132, 195, 1876, 738, 1941, 296, 875, 559, 61, 1994, 857, 27, 1143, 130, 1140, 603, 1061, 1361, 1992, 327, 943, 382, 1706, 485, 526, 1016, 725, 72, 2101, 1134, 2125, 2153, 560, 138, 390, 1175, 1106, 59, 1711, 1514, 2183, 30, 1523, 653, 1457, 1897, 1052, 1083, 1476, 289, 765, 1035, 1231, 2156, 1376, 402, 490, 321, 1815, 1465, 2193, 1229, 119, 529, 510, 1979, 1157, 1102, 190, 2212, 881, 1844, 177, 277, 1119, 253, 380, 493, 44, 1206, 967, 1410, 1993, 394, 1957, 1288, 421, 789, 818, 1311, 1232, 1191, 606, 1925, 411, 1985, 162, 1443, 813, 282, 3, 338, 1074, 544, 579, 733, 1301, 1156, 736, 873, 73, 1637, 1254, 39, 290, 1905, 677, 527, 747, 418, 630, 1625, 1432, 429, 2100, 401, 43, 1814, 173, 1406, 2020, 2085, 1521, 507, 1855, 639, 805, 304, 593, 574, 1527, 701, 160, 1122, 407, 1494, 515, 1135, 1870, 1079, 233, 1221, 2169, 1037, 1574, 799, 69, 1789, 517, 855, 2091, 940, 66, 584, 1094, 645, 1838, 196, 972, 764, 1002, 735, 400, 141, 336, 131, 703, 1335, 1047, 955, 1604, 2087, 25, 575, 1679, 2206, 1216, 977, 612, 484, 379, 1529, 225, 2006, 784, 514, 1444, 966, 1003, 1269, 434, 1046, 1845, 41, 979, 2182, 197, 50, 1675, 1272, 424, 1825, 971, 1411, 986, 301, 1968, 201, 2029, 1782, 716, 1209, 405, 2084, 1302, 717, 2052, 1188, 1445, 2022, 383, 479, 1086, 1613, 2164, 1963, 506, 1959, 103, 1592, 47, 5, 869, 1328, 1956, 1227, 1220, 1551, 1563, 1103, 801, 1277, 719, 2175, 249, 279, 644, 469, 536, 1685, 1121, 698, 1371, 1338, 1372, 24, 848, 1170, 638, 1152, 1621, 1299, 2192, 974, 1, 389, 2167, 1546, 997, 788, 1163, 751, 1608, 969, 74, 1408, 1144, 1018, 581, 393, 569, 1110, 1848, 2083, 944, 443, 139, 2218, 1364, 151, 452, 15, 987, 2201, 919, 2185, 1091, 1865, 817, 1852, 1355, 643, 1185, 2171, 1385, 313, 596, 1031, 1796, 1644, 1407, 2135, 1349, 856, 1060, 168, 1964, 1023, 600, 1173, 2056, 2230, 837, 1166, 1495, 1050, 2155, 1718, 1630, 303, 209, 1547, 1484, 1989, 842, 1961, 1910, 1942, 1818, 1723, 316, 1169, 311, 1051, 681, 2134, 825, 1879, 1182, 973, 1128, 150, 1071, 1915, 1160, 1760, 656, 899, 230, 115, 1661, 552, 1741, 381, 1292, 235, 495, 620, 1598, 1460, 2111, 1589, 1388, 205, 350, 1146, 1841, 1842, 1485, 2009, 487, 866, 595, 2130, 1780, 1498, 88, 2096, 1533, 1807, 76, 1755, 1824, 555, 129, 51, 1296, 342, 134, 920, 670, 260, 1204, 543, 2142, 1605, 128, 1105, 540, 1343, 1869, 511, 652, 722, 1970, 1839, 1082, 1513, 356, 933, 210, 657, 157, 556, 474, 137, 790, 1633, 962, 1239, 752, 1397, 193, 1066, 553, 1034, 1687, 116, 865, 1928, 1709, 23, 1803, 153, 2210, 302, 234, 1689, 1901, 1427, 975, 964, 2226, 1783, 232, 1510, 433, 179, 908, 957, 954, 1960, 367, 2063, 87, 910, 1489, 478, 1906, 1145, 259, 1606, 1421, 1275, 306, 1802, 914, 2043, 843, 1132, 71, 1778, 60, 80, 352, 1982, 505, 2173, 17, 267, 2205, 1271, 2119, 1154, 1917, 432, 1775, 2077, 406, 95, 2088, 1640, 1273, 1357, 1333, 334, 2019, 723, 1431, 1306, 870, 871, 1771, 1420, 1812, 1680, 387, 728, 1352, 1049, 1737, 667, 1330, 676, 376, 1820, 2026, 121, 1919, 467, 328, 609, 1811, 1282, 1340, 773, 709, 415, 795, 293, 635, 847, 1885, 1414, 1461, 1686, 1984, 714, 662, 803, 839, 208, 1287, 2184, 38, 1889, 269, 1846, 34, 1177, 868, 911, 1877, 442, 1454, 1729, 337, 1619, 985, 819, 1150, 724, 1588, 1059, 897, 1200, 1539, 1251, 1356, 705, 1566, 1129, 2016, 692, 1590, 1353, 120, 1203, 262, 915, 1808, 1309, 1456, 127, 1345, 439, 846, 2086, 33, 226, 1028, 680, 2179, 284, 1024, 1438, 1233, 1307, 107, 1790, 613, 2225, 1217, 1909, 1488, 812, 175, 229, 348, 1904, 1312, 1932, 145, 1720, 364, 1400, 1117, 1268, 1866, 2117, 93, 1063, 1786, 1766, 1362, 414, 410, 1286, 948, 1520, 1764, 1226, 622, 832, 1015, 976, 988, 2194, 1977, 1607, 1042, 1998, 748, 392, 2209, 236, 1887, 1176, 2162, 567, 1864, 1594, 1660, 101, 2079, 140, 65, 1439, 1635, 308, 1022, 1860, 685, 1701, 295, 1114, 1765, 1710, 686, 1004, 117, 370, 580, 1391, 1379, 521, 2113, 2094, 1931, 1651, 91, 1537, 1882, 1663, 1184, 285, 542, 961, 1076, 183, 1669, 557, 929, 1158, 1646, 1946, 362, 1027, 912, 2034, 1487, 1001, 827, 1451, 591, 2116, 2124, 731, 335, 111, 1884, 1816, 1322, 446, 1300, 1394, 1471, 1293, 1578, 1907, 1999, 1948, 872, 1380, 2166, 604, 1596, 1474, 520, 218, 953, 1482, 937, 1698, 8, 2158, 1190, 1284, 1976, 660, 445, 423, 1392, 1222, 2036, 916, 1344, 265, 2143, 1817, 2133, 777, 1535, 194, 1585, 1892, 523, 673, 956, 1690, 2062, 343, 2014, 2195, 97, 1800, 206, 1902, 244, 1266, 1285, 2131, 1580, 2127, 1863, 1756, 1851, 1538, 2053, 1255, 1974, 576, 291, 519, 697, 1235, 513, 922, 286, 1044, 932, 893, 821, 1241, 889, 2048, 947, 1715, 1126, 1013, 1065, 10, 1005, 978, 1542, 1234, 1058, 152, 2073, 1516, 1813, 1167, 1603, 1930, 671, 1703, 2010, 488, 1684, 791, 419, 2070, 896, 1579, 456, 1678, 718, 841, 1483, 1971, 758, 1401, 853, 372, 783, 480, 1642, 1717, 883, 1147, 347, 2138, 1263, 466, 1196, 810, 330, 55, 1611, 6, 509, 79, 1246, 172, 1972, 1933, 464, 2217, 1947, 829, 7, 1821, 67, 779, 561, 1358, 2126, 1843, 608, 1159, 1085, 1562, 767, 1997, 124, 1093, 384, 659, 307, 298, 624, 2103, 62, 1452, 1833, 793, 1895, 438, 345, 1390, 2161, 1624, 1026, 2231, 525, 1481, 1531, 1859, 427, 991, 1744, 1115, 930, 1104, 1567, 214, 1291, 2102, 615, 1308, 1370, 546, 628, 473, 713, 1545, 877, 1713, 708, 1676, 1758, 610, 465, 1136, 684, 605, 1225, 1029, 2004, 1417, 22, 702, 315, 1139, 1987, 1479, 675, 2035, 1530, 949, 105, 1278, 563, 1412, 1475, 1557, 1990, 323, 1681, 586, 1767, 2199, 1597, 1560, 1346, 1240, 1186, 477, 1599, 1473, 257, 2197, 935, 1773, 1434, 314, 1247, 1552, 599, 2176, 1626, 891, 887, 2213, 904, 2144, 1039, 878, 570, 1850, 1210, 2148, 1449, 1189, 1069, 1891, 1448, 1540, 1081, 2078, 636, 2139, 867, 1435, 148, 666, 632, 1131, 562, 1648, 1735, 1742, 2106, 361, 945, 1055, 2123, 1983, 1943, 1798, 2090, 288, 588, 94, 1125, 1012, 32, 1325, 809, 1360, 694, 1446, 1965, 1393, 1043, 1141, 715, 640, 1683, 1627, 1441, 29, 1068, 1659, 1020, 1422, 1699, 1208, 1369, 1381, 1399, 1418, 1178, 1761, 577, 161, 1180, 688, 2196, 451, 1153, 1667, 745, 1573, 222, 1202, 965, 1672, 1480, 1784, 1912, 2110, 431, 1331, 1837, 204, 191, 831, 1187, 1556, 470, 2040, 110, 2074, 187, 1324, 1351, 2227, 1192, 533, 2051, 1561, 958, 1911, 649, 800, 2112, 1070, 802, 1666, 2216, 1593, 1953, 1526, 385, 1373, 223, 768, 549, 2095, 58, 1921, 816, 808, 1087, 1958, 554, 587, 1228, 1174, 1195, 212, 1595, 707, 512, 998, 2054, 1836, 1762, 180, 1704, 192, 625, 1913, 1342, 696, 1088, 1525, 1809, 2223, 778, 37, 2221, 489, 1366, 2080, 365, 642, 2057, 1363, 2181, 472, 217, 1314, 1073, 1871, 1725, 1639, 486, 594, 1747, 1326, 1517, 1089, 1179, 993, 732, 651, 1707, 185, 147, 1447, 672, 1469, 1107, 770, 1219, 794, 1201, 1801, 1127, 1090, 1571, 462, 1062, 500, 504, 1377, 163, 1692, 2082, 2059, 90, 1279, 99, 996, 721, 1404, 2228, 980, 426, 4, 1954, 741, 430, 1467, 1541, 884, 1641, 1996, 125, 237, 1888, 1981, 726, 995, 132, 924, 2120, 371, 1873, 742, 1245, 1133, 114, 246, 2145, 1880, 1378, 428, 963, 1164, 122, 1280, 2081, 454, 1316, 1962, 2172, 1967, 1428, 851, 1969, 2007, 734, 1243, 2025, 63, 1724, 1426, 522, 1792, 1318, 2168, 892, 1506, 476, 886, 231, 1740, 2068, 1656, 900, 1440, 498, 674, 1347, 2058, 654, 1276, 1875, 1695, 1137, 1499, 312, 1582, 650, 2160, 1652, 1084, 1383, 626, 740, 287, 1577, 166, 1702, 902, 9, 2064, 1099, 2045, 1791, 1554, 2208, 363]
labeling = [2, 8, 5, 0, 14, 3, 10, 8, 6, 14, 12, 0, 4, 2, 5, 0, 2, 11, 1, 3, 5, 1, 6, 3, 1, 5, 0, 7, 5, 13, 7, 3, 10, 5, 7, 4, 1, 12, 10, 8, 0, 5, 2, 11, 9, 7, 3, 6, 2, 4, 9, 7, 4, 1, 3, 8, 0, 7, 11, 1, 12, 6, 10, 13, 5, 14, 3, 5, 0, 8, 1, 12, 9, 7, 10, 4, 10, 6, 4, 12, 6, 0, 8, 2, 0, 3, 10, 7, 12, 4, 8, 3, 0, 6, 1, 5, 0, 4, 1, 3, 6, 8, 0, 7, 5, 14, 0, 8, 2, 0, 14, 12, 0, 3, 15, 0, 4, 11, 5, 1, 7, 5, 13, 0, 11, 13, 5, 10, 4, 9, 3, 8, 12, 5, 9, 4, 2, 8, 2, 7, 11, 6, 0, 2, 7, 12, 5, 10, 13, 2, 10, 8, 13, 10, 3, 1, 4, 7, 5, 1, 4, 8, 6, 12, 0, 3, 11, 0, 2, 9, 6, 8, 13, 11, 4, 10, 3, 7, 2, 9, 13, 1, 1, 10, 0, 15, 7, 10, 6, 1, 8, 15, 3, 7, 10, 2, 4, 8, 2, 4, 0, 9, 6, 2, 11, 8, 12, 6, 3, 5, 8, 3, 14, 0, 12, 3, 1, 9, 11, 2, 0, 5, 7, 9, 5, 7, 0, 4, 6, 10, 1, 11, 13, 10, 12, 9, 13, 15, 6, 6, 8, 2, 0, 5, 12, 3, 13, 6, 3, 10, 5, 9, 11, 7, 7, 1, 4, 10, 8, 5, 9, 2, 11, 0, 3, 8, 2, 9, 0, 11, 1, 8, 4, 2, 0, 6, 1, 11, 4, 10, 2, 4, 0, 4, 14, 9, 12, 16, 13, 5, 7, 13, 6, 7, 1, 15, 6, 4, 10, 3, 1, 8, 13, 10, 8, 1, 7, 0, 11, 4, 4, 12, 14, 5, 15, 13, 9, 1, 3, 0, 2, 10, 3, 13, 9, 4, 6, 8, 11, 7, 14, 0, 5, 3, 12, 13, 9, 6, 3, 0, 2, 5, 7, 10, 1, 11, 6, 12, 8, 1, 5, 2, 11, 8, 0, 3, 9, 0, 6, 2, 5, 6, 4, 14, 9, 12, 3, 7, 2, 4, 10, 15, 12, 1, 4, 0, 9, 5, 0, 7, 7, 10, 6, 11, 16, 1, 3, 13, 5, 13, 9, 3, 14, 12, 10, 1, 7, 0, 6, 2, 7, 12, 10, 4, 8, 11, 6, 13, 1, 5, 15, 7, 3, 4, 12, 9, 3, 0, 5, 8, 1, 5, 0, 4, 8, 2, 5, 3, 12, 9, 14, 8, 1, 7, 3, 1, 7, 3, 12, 9, 7, 3, 12, 7, 2, 12, 10, 6, 0, 4, 1, 15, 10, 4, 6, 3, 13, 4, 6, 9, 2, 0, 11, 1, 7, 2, 14, 11, 5, 3, 8, 4, 11, 16, 8, 1, 12, 6, 9, 6, 10, 4, 2, 0, 2, 7, 15, 5, 11, 13, 9, 4, 0, 10, 1, 10, 6, 2, 5, 1, 8, 4, 1, 3, 6, 9, 4, 7, 1, 10, 8, 5, 16, 14, 10, 4, 0, 9, 5, 14, 12, 10, 13, 3, 0, 11, 7, 2, 0, 9, 5, 2, 6, 12, 5, 3, 12, 4, 7, 0, 8, 4, 10, 8, 8, 1, 12, 3, 1, 13, 0, 3, 6, 10, 14, 9, 3, 0, 2, 5, 7, 11, 15, 13, 0, 2, 4, 11, 6, 9, 14, 0, 2, 0, 9, 11, 6, 12, 1, 4, 12, 9, 6, 1, 3, 0, 11, 16, 14, 2, 4, 12, 3, 5, 14, 11, 13, 6, 4, 12, 1, 6, 3, 5, 14, 15, 8, 1, 9, 7, 11, 0, 8, 12, 0, 14, 3, 0, 5, 2, 10, 1, 10, 5, 12, 8, 14, 4, 13, 7, 9, 6, 10, 7, 0, 11, 13, 3, 5, 9, 4, 1, 14, 11, 9, 7, 0, 5, 2, 13, 15, 13, 6, 4, 10, 3, 6, 8, 3, 12, 2, 7, 9, 1, 6, 0, 12, 5, 1, 4, 8, 12, 4, 11, 13, 10, 8, 3, 7, 2, 10, 2, 7, 1, 14, 11, 13, 0, 8, 0, 3, 5, 9, 6, 8, 5, 14, 10, 0, 4, 1, 7, 12, 8, 2, 12, 1, 3, 13, 10, 6, 0, 5, 11, 7, 14, 5, 8, 12, 9, 2, 4, 0, 5, 7, 3, 5, 1, 7, 0, 5, 12, 14, 4, 10, 5, 9, 2, 8, 4, 14, 6, 15, 5, 2, 14, 5, 7, 10, 0, 3, 11, 13, 8, 0, 3, 1, 4, 13, 7, 9, 6, 4, 9, 11, 6, 1, 12, 14, 2, 15, 5, 0, 8, 5, 0, 7, 12, 8, 11, 3, 10, 1, 6, 9, 6, 8, 3, 2, 4, 11, 10, 1, 12, 13, 8, 0, 5, 7, 4, 9, 0, 14, 3, 0, 8, 6, 4, 16, 13, 11, 0, 10, 8, 0, 5, 12, 10, 6, 12, 0, 6, 1, 3, 8, 11, 4, 13, 1, 4, 2, 15, 7, 10, 6, 2, 3, 11, 9, 12, 4, 2, 12, 14, 5, 7, 14, 1, 6, 0, 9, 12, 2, 10, 3, 8, 11, 8, 4, 0, 5, 1, 1, 6, 2, 7, 3, 10, 4, 7, 1, 9, 11, 0, 4, 6, 0, 10, 12, 3, 0, 6, 4, 10, 15, 0, 11, 9, 0, 7, 1, 10, 7, 8, 2, 4, 1, 5, 2, 9, 14, 2, 11, 6, 13, 3, 8, 6, 11, 4, 1, 9, 11, 0, 12, 1, 13, 7, 2, 4, 10, 5, 15, 5, 13, 1, 3, 7, 3, 7, 12, 9, 9, 5, 0, 15, 2, 13, 1, 5, 8, 0, 3, 8, 10, 14, 4, 12, 2, 11, 0, 8, 6, 13, 10, 1, 11, 8, 10, 3, 1, 9, 2, 13, 5, 14, 2, 8, 1, 7, 3, 7, 4, 10, 1, 9, 12, 5, 13, 10, 12, 0, 8, 6, 0, 10, 2, 4, 5, 2, 4, 13, 3, 14, 7, 9, 14, 10, 8, 1, 5, 12, 0, 6, 11, 13, 7, 9, 3, 0, 2, 5, 8, 14, 1, 10, 7, 1, 11, 4, 14, 5, 12, 9, 11, 1, 9, 7, 10, 12, 2, 11, 7, 0, 10, 7, 5, 3, 0, 14, 6, 1, 12, 15, 13, 0, 5, 7, 4, 9, 3, 8, 4, 2, 1, 11, 2, 5, 14, 10, 6, 8, 13, 10, 0, 12, 3, 0, 6, 3, 15, 8, 2, 16, 7, 4, 13, 5, 0, 9, 3, 15, 9, 0, 13, 4, 7, 11, 8, 13, 0, 5, 1, 9, 7, 3, 6, 4, 7, 15, 0, 3, 8, 10, 13, 6, 4, 13, 3, 7, 11, 1, 6, 3, 12, 12, 0, 6, 1, 9, 3, 10, 8, 5, 5, 11, 8, 13, 6, 12, 0, 11, 9, 14, 0, 4, 14, 16, 2, 4, 2, 11, 1, 5, 9, 10, 5, 8, 3, 0, 13, 0, 6, 10, 11, 2, 4, 9, 12, 14, 7, 3, 6, 10, 2, 0, 10, 15, 1, 11, 9, 0, 2, 7, 12, 0, 7, 1, 11, 2, 6, 0, 7, 2, 9, 6, 2, 11, 3, 12, 10, 2, 14, 4, 1, 12, 8, 1, 6, 0, 7, 9, 8, 3, 10, 5, 9, 2, 13, 1, 5, 7, 0, 3, 7, 4, 8, 9, 2, 8, 10, 1, 11, 4, 6, 14, 12, 5, 11, 3, 0, 2, 5, 8, 13, 10, 6, 4, 4, 6, 9, 11, 3, 16, 4, 15, 8, 10, 6, 5, 2, 11, 7, 2, 9, 12, 1, 8, 0, 0, 4, 1, 5, 13, 6, 3, 10, 2, 12, 8, 3, 10, 1, 8, 0, 4, 14, 6, 0, 4, 11, 2, 7, 4, 11, 13, 6, 9, 5, 8, 2, 15, 3, 14, 6, 0, 11, 1, 4, 9, 13, 7, 5, 3, 4, 1, 10, 2, 11, 8, 0, 5, 11, 0, 10, 1, 15, 5, 16, 2, 6, 3, 10, 1, 14, 10, 15, 6, 8, 0, 7, 13, 2, 9, 3, 6, 2, 2, 5, 3, 10, 4, 11, 7, 10, 8, 9, 12, 1, 6, 0, 14, 4, 0, 0, 8, 11, 9, 12, 1, 11, 5, 13, 4, 2, 5, 13, 3, 1, 7, 11, 8, 6, 9, 0, 4, 2, 12, 6, 7, 3, 13, 4, 16, 0, 10, 6, 3, 9, 0, 10, 4, 8, 14, 6, 2, 7, 4, 1, 9, 11, 13, 7, 3, 8, 5, 9, 11, 5, 2, 6, 9, 13, 0, 12, 2, 0, 12, 14, 3, 4, 6, 10, 4, 6, 8, 16, 1, 14, 7, 1, 10, 0, 3, 12, 9, 5, 7, 10, 6, 13, 11, 1, 3, 8, 7, 12, 14, 2, 15, 3, 5, 7, 1, 9, 4, 11, 7, 5, 0, 8, 12, 6, 0, 5, 11, 0, 12, 1, 15, 5, 11, 1, 14, 10, 4, 6, 0, 2, 13, 15, 13, 6, 12, 8, 11, 3, 8, 5, 10, 2, 4, 0, 5, 7, 10, 1, 3, 8, 13, 2, 9, 0, 4, 9, 1, 10, 4, 6, 8, 13, 5, 7, 1, 10, 2, 12, 14, 5, 7, 2, 11, 9, 6, 3, 13, 9, 4, 0, 8, 11, 7, 2, 6, 4, 8, 3, 10, 12, 8, 11, 14, 10, 1, 3, 11, 6, 6, 1, 5, 3, 6, 13, 8, 14, 2, 13, 10, 7, 1, 11, 15, 4, 10, 2, 0, 9, 4, 7, 1, 6, 11, 3, 13, 2, 5, 3, 14, 5, 11, 9, 0, 12, 8, 3, 13, 6, 0, 10, 9, 12, 1, 4, 6, 3, 1, 4, 6, 1, 8, 6, 4, 2, 9, 6, 8, 10, 6, 4, 7, 0, 15, 3, 10, 7, 0, 4, 6, 3, 9, 7, 10, 8, 2, 14, 8, 14, 16, 5, 2, 12, 1, 4, 0, 1, 11, 7, 10, 0, 14, 6, 10, 13, 9, 12, 4, 11, 2, 8, 5, 3, 6, 15, 9, 0, 1, 13, 2, 7, 3, 11, 8, 5, 10, 0, 3, 12, 13, 1, 11, 0, 3, 15, 4, 6, 8, 13, 6, 8, 3, 6, 11, 1, 10, 7, 5, 11, 9, 4, 2, 9, 0, 11, 2, 5, 11, 6, 3, 9, 13, 1, 12, 16, 12, 8, 1, 12, 16, 0, 3, 14, 5, 6, 13, 10, 14, 2, 5, 8, 2, 11, 3, 8, 6, 12, 10, 0, 1, 5, 11, 4, 7, 3, 7, 0, 13, 1, 5, 3, 6, 15, 9, 9, 4, 11, 2, 0, 13, 5, 2, 7, 0, 4, 7, 3, 1, 14, 4, 11, 6, 2, 5, 15, 7, 9, 12, 10, 13, 3, 8, 0, 12, 4, 11, 0, 8, 1, 7, 11, 7, 10, 6, 2, 4, 11, 5, 13, 2, 0, 9, 7, 15, 13, 5, 8, 3, 5, 0, 6, 1, 12, 14, 10, 2, 6, 2, 4, 8, 11, 13, 0, 9, 3, 12, 4, 1, 3, 10, 8, 0, 5, 1, 4, 2, 6, 4, 1, 5, 7, 2, 4, 0, 2, 10, 6, 4, 14, 12, 5, 10, 4, 0, 2, 13, 8, 11, 7, 1, 7, 2, 9, 12, 7, 3, 6, 9, 3, 0, 5, 14, 10, 5, 1, 12, 12, 8, 11, 2, 0, 9, 4, 6, 3, 9, 4, 14, 6, 10, 1, 7, 12, 2, 12, 5, 10, 8, 9, 3, 6, 11, 0, 8, 9, 6, 8, 13, 0, 2, 4, 1, 3, 10, 12, 5, 11, 6, 13, 3, 0, 7, 9, 13, 5, 14, 2, 10, 6, 9, 0, 14, 2, 15, 4, 0, 0, 8, 2, 4, 12, 10, 13, 9, 11, 11, 5, 7, 1, 8, 6, 3, 1, 3, 10, 13, 11, 4, 12, 10, 12, 6, 2, 0, 7, 5, 9, 4, 8, 3, 9, 7, 12, 10, 13, 2, 5, 7, 0, 14, 8, 13, 6, 10, 12, 1, 11, 0, 10, 6, 4, 8, 1, 14, 2, 7, 12, 9, 0, 5, 1, 8, 11, 0, 5, 10, 6, 2, 7, 12, 10, 8, 3, 1, 8, 4, 11, 3, 6, 13, 6, 11, 15, 0, 5, 1, 9, 4, 13, 7, 2, 10, 7, 2, 9, 4, 6, 14, 11, 0, 8, 8, 5, 10, 1, 3, 9, 7, 10, 4, 7, 5, 3, 7, 1, 9, 0, 16, 2, 0, 8, 4, 7, 9, 6, 10, 13, 3, 10, 12, 15, 11, 5, 1, 12, 8, 6, 5, 3, 1, 14, 3, 7, 2, 0, 7, 9, 4, 0, 10, 4, 11, 11, 15, 13, 8, 6, 1, 8, 3, 11, 2, 12, 6, 0, 4, 10, 12, 8, 6, 5, 2, 7, 2, 12, 10, 4, 1, 7, 2, 0, 3, 10, 6, 14, 11, 3, 5, 0, 10, 2, 9, 13, 0, 2, 13, 10, 2, 6, 4, 0, 3, 6, 7, 4, 12, 8, 1, 7, 5, 8, 9, 0, 5, 3, 9, 11, 13, 6, 2, 10, 6, 0, 3, 4, 7, 1, 8, 5, 0, 11, 4, 10, 3, 9, 6, 5, 1, 8, 7, 9, 3, 1, 7, 0, 8, 1, 3, 7, 5, 2, 9, 3, 12, 8, 4, 9, 5, 3, 0, 0, 5, 7, 1, 10, 6, 11, 8, 12, 12, 2, 9, 3, 12, 1, 4, 2, 10, 6, 0, 15, 5, 9, 0, 3, 11, 4, 8, 14, 11, 5, 2, 6, 12, 2, 10, 0, 3, 9, 8, 11, 1, 6, 4, 2]
convergência = [16, 16, 16, 16, 16, 16, 16, 16, 16, 16, 16, 16, 16, 16, 16, 16, 16, 16, 16, 16, 16, 16, 16, 16, 16, 16, 16, 16, 16, 16, 16, 16, 16, 16, 16, 16, 16, 16, 16, 16, 16, 16, 16, 16, 16, 16, 16, 16, 16, 16, 16, 16, 16, 16, 16, 16, 16, 16, 16, 16, 16, 16, 16, 16, 16, 16, 16, 16, 16, 16, 16, 16, 16, 16, 16, 16, 16, 16, 16, 16, 16, 16, 16, 16, 16, 16, 16, 16, 16, 16, 16, 16, 16, 16, 16, 16, 16, 16, 16, 16, 16, 16, 16, 16, 16, 16, 16, 16, 16, 16, 16, 16, 16, 16, 16, 16, 16, 16, 16, 16, 16, 16, 16, 16]

===== FIM =====
