===== RESULTADO BRKGA L(2,1) =====
Arquivo: /Users/mateuspedrosa/Documents/TCC-II/BRKGA/data/Harwell-Boeing_cleaned/lshp_406_clean.mtx

----- Execução #1 -----
[INFO] Parou por estagnação.
Tempo de execução: 29069ms
Span (lambda): 15
best_order = [378, 138, 132, 404, 117, 361, 348, 152, 145, 102, 222, 229, 106, 165, 246, 55, 23, 377, 22, 333, 232, 212, 228, 196, 43, 199, 242, 207, 304, 143, 170, 85, 385, 297, 295, 122, 281, 129, 95, 208, 346, 332, 174, 185, 45, 1, 119, 365, 150, 154, 6, 161, 278, 329, 4, 250, 177, 241, 155, 16, 374, 313, 330, 32, 325, 81, 157, 53, 223, 111, 52, 68, 231, 356, 248, 309, 156, 124, 257, 160, 265, 366, 245, 391, 118, 243, 103, 47, 79, 307, 14, 280, 317, 352, 72, 62, 110, 88, 169, 189, 382, 301, 335, 244, 340, 116, 44, 305, 20, 66, 202, 293, 120, 8, 205, 326, 353, 263, 213, 375, 238, 225, 362, 345, 12, 33, 77, 136, 226, 336, 298, 61, 93, 216, 235, 24, 183, 315, 39, 149, 372, 140, 121, 99, 78, 146, 92, 60, 15, 215, 294, 338, 178, 107, 115, 112, 96, 251, 41, 57, 126, 87, 130, 291, 13, 397, 286, 272, 252, 58, 28, 142, 36, 123, 258, 351, 190, 188, 320, 21, 239, 343, 271, 319, 193, 70, 203, 9, 249, 384, 233, 133, 224, 402, 357, 83, 201, 134, 349, 71, 266, 172, 97, 256, 25, 139, 323, 105, 3, 147, 89, 176, 175, 359, 210, 80, 373, 314, 311, 334, 34, 187, 368, 269, 308, 364, 260, 17, 113, 164, 18, 300, 40, 49, 347, 405, 59, 162, 10, 363, 186, 290, 125, 371, 75, 262, 259, 209, 287, 65, 288, 316, 358, 73, 337, 82, 19, 84, 108, 220, 273, 31, 54, 127, 369, 306, 7, 76, 104, 376, 282, 393, 94, 355, 114, 38, 211, 310, 283, 292, 270, 180, 26, 327, 91, 67, 163, 214, 254, 400, 144, 268, 403, 167, 168, 247, 198, 63, 388, 173, 394, 30, 192, 181, 274, 148, 48, 219, 197, 367, 383, 29, 27, 98, 289, 166, 64, 285, 324, 137, 128, 101, 360, 195, 321, 184, 100, 158, 386, 392, 218, 46, 141, 387, 159, 35, 296, 370, 56, 217, 135, 151, 50, 204, 276, 396, 350, 191, 5, 341, 237, 153, 399, 342, 69, 182, 303, 234, 86, 379, 267, 179, 2, 261, 381, 255, 322, 42, 253, 354, 206, 11, 240, 318, 299, 200, 328, 90, 236, 230, 401, 275, 398, 264, 221, 277, 380, 37, 194, 312, 284, 331, 131, 227, 74, 279, 395, 109, 390, 302, 0, 51, 339, 389, 171, 344]
labeling = [14, 1, 13, 5, 2, 4, 0, 6, 4, 7, 0, 11, 6, 9, 5, 7, 3, 8, 12, 10, 1, 4, 2, 0, 3, 1, 8, 11, 2, 13, 11, 9, 2, 4, 11, 7, 9, 12, 5, 6, 10, 8, 13, 1, 8, 2, 13, 7, 11, 8, 1, 15, 6, 4, 9, 0, 3, 6, 9, 5, 8, 6, 2, 10, 12, 0, 4, 7, 0, 11, 3, 5, 3, 5, 2, 4, 7, 1, 6, 2, 10, 1, 7, 9, 11, 0, 14, 3, 0, 2, 8, 5, 3, 1, 11, 0, 8, 10, 6, 4, 15, 13, 0, 2, 8, 6, 2, 4, 9, 14, 4, 2, 7, 9, 12, 5, 1, 0, 5, 3, 7, 9, 5, 10, 3, 9, 7, 11, 13, 1, 8, 12, 2, 8, 10, 15, 5, 13, 0, 1, 4, 6, 7, 3, 8, 0, 4, 7, 11, 8, 0, 10, 1, 9, 4, 6, 2, 1, 12, 8, 3, 1, 6, 12, 10, 4, 13, 5, 9, 2, 0, 15, 8, 2, 0, 8, 5, 1, 6, 9, 3, 14, 11, 3, 12, 2, 4, 8, 6, 1, 3, 11, 7, 5, 13, 10, 0, 10, 3, 0, 13, 5, 2, 9, 12, 4, 14, 0, 2, 6, 3, 9, 0, 8, 10, 6, 2, 7, 13, 12, 4, 14, 0, 5, 11, 3, 1, 5, 2, 0, 10, 3, 1, 10, 6, 8, 13, 11, 2, 8, 14, 3, 1, 6, 7, 4, 0, 11, 3, 10, 1, 9, 6, 14, 7, 5, 7, 5, 8, 9, 11, 13, 4, 2, 11, 3, 6, 14, 9, 0, 5, 7, 7, 9, 11, 13, 7, 10, 1, 14, 5, 0, 3, 5, 6, 12, 8, 6, 8, 4, 1, 5, 10, 3, 2, 0, 6, 0, 3, 12, 8, 1, 3, 11, 0, 7, 10, 4, 6, 2, 9, 5, 12, 2, 8, 3, 9, 0, 10, 8, 11, 3, 9, 7, 1, 4, 6, 11, 13, 3, 1, 12, 2, 0, 9, 4, 7, 5, 3, 8, 0, 4, 12, 7, 11, 5, 1, 10, 0, 4, 6, 2, 2, 4, 12, 7, 4, 8, 13, 7, 15, 0, 6, 11, 9, 1, 2, 13, 5, 7, 12, 10, 5, 3, 0, 6, 9, 2, 0, 11, 0, 13, 5, 10, 8, 3, 1, 3, 0, 7, 15, 4, 11, 9, 6, 12, 5, 1, 6, 4, 2, 15, 11, 8, 0, 3]
convergência = [15, 15, 15, 15, 15, 15, 15, 15, 15, 15, 15, 15, 15, 15, 15, 15, 15, 15, 15, 15, 15, 15, 15, 15, 15, 15, 15, 15, 15, 15, 15, 15, 15, 15, 15, 15, 15, 15, 15, 15, 15, 15, 15, 15, 15, 15, 15, 15, 15, 15, 15, 15, 15, 15, 15, 15, 15, 15, 15, 15, 15, 15, 15, 15, 15, 15, 15, 15, 15, 15, 15, 15, 15, 15, 15, 15, 15, 15, 15, 15, 15, 15, 15, 15, 15, 15, 15, 15, 15, 15, 15, 15, 15, 15, 15, 15, 15, 15, 15, 15, 15, 15, 15, 15, 15, 15, 15, 15, 15, 15, 15, 15, 15, 15, 15, 15, 15, 15, 15, 15, 15, 15, 15, 15]

===== FIM =====
