===== RESULTADO BRKGA L(2,1) =====
Arquivo: /Users/mateuspedrosa/Documents/TCC-II/BRKGA/data/Harwell-Boeing_cleaned/lshp2614_clean.mtx

----- Execução #1 -----
[INFO] Parou por estagnação.
Tempo de execução: 192089ms
Span (lambda): 16
best_order = [1162, 1785, 649, 222, 339, 1721, 2470, 1543, 495, 1901, 2, 679, 596, 1389, 219, 266, 1952, 2152, 2394, 2036, 1418, 1885, 1666, 1405, 39, 354, 2396, 1738, 1703, 1161, 482, 2507, 557, 69, 1947, 1352, 2121, 1924, 1886, 1513, 2481, 924, 340, 757, 1661, 114, 1631, 2025, 1599, 467, 563, 183, 26, 149, 935, 1103, 727, 1998, 472, 1085, 2086, 812, 1889, 1795, 1060, 2601, 2418, 241, 1364, 801, 1289, 255, 1583, 1751, 1920, 2221, 1243, 1895, 736, 2610, 1764, 704, 1115, 15, 2366, 1869, 2282, 187, 2365, 2262, 1202, 1049, 1124, 2439, 634, 868, 1063, 1341, 2478, 525, 231, 1728, 499, 1911, 1391, 305, 2030, 32, 1105, 450, 1535, 939, 2342, 1842, 1894, 2609, 758, 1692, 616, 764, 1510, 504, 1774, 2471, 2176, 2590, 2612, 1205, 388, 1704, 1101, 910, 2562, 543, 721, 2326, 1581, 1551, 2336, 2613, 198, 2400, 1356, 879, 1871, 2014, 48, 1882, 2161, 761, 1552, 916, 2245, 130, 133, 1856, 1415, 555, 2062, 885, 1600, 2592, 1234, 1690, 2322, 1621, 2362, 1706, 492, 1250, 2197, 1509, 2151, 2445, 2584, 1493, 2566, 1685, 1134, 695, 288, 544, 1914, 2385, 215, 443, 385, 2006, 2105, 2426, 1433, 1190, 602, 1310, 811, 1429, 581, 1858, 2380, 2154, 225, 1435, 1588, 582, 575, 468, 793, 21, 1579, 249, 1635, 35, 753, 223, 1109, 923, 2116, 1658, 1375, 1097, 1865, 407, 2165, 2103, 1711, 221, 936, 1549, 2009, 374, 2061, 647, 827, 1845, 475, 2433, 1127, 116, 945, 376, 435, 64, 1722, 1408, 1617, 2375, 295, 429, 2117, 105, 483, 1614, 399, 1941, 2243, 325, 449, 2183, 136, 262, 141, 2211, 2042, 2155, 1526, 734, 1747, 1596, 100, 1616, 1194, 330, 2414, 2106, 950, 2474, 677, 2035, 184, 1531, 636, 838, 1514, 895, 1031, 120, 1812, 2419, 1118, 1402, 978, 233, 2113, 1664, 1730, 875, 1019, 2568, 2561, 2307, 1359, 1975, 1318, 1752, 1111, 1401, 1092, 837, 1203, 1489, 2405, 263, 2543, 369, 1342, 846, 1849, 1242, 1397, 160, 806, 2244, 2344, 2057, 2373, 1648, 1086, 1369, 683, 2254, 917, 326, 1432, 1570, 1937, 1768, 859, 2492, 2049, 1818, 1170, 515, 1038, 1589, 1193, 104, 656, 2443, 1374, 2265, 1083, 2128, 63, 268, 2416, 1244, 2173, 1348, 642, 930, 666, 576, 460, 90, 585, 1969, 2468, 805, 1939, 604, 715, 2472, 2383, 131, 27, 123, 1167, 1778, 1859, 506, 118, 2404, 1447, 1503, 691, 584, 2332, 334, 1816, 1625, 507, 843, 1932, 392, 1655, 466, 744, 630, 645, 2072, 368, 1392, 1878, 1469, 949, 1718, 2286, 2147, 1164, 1983, 2539, 2520, 208, 1537, 587, 20, 151, 1270, 254, 1780, 322, 1814, 1708, 1198, 821, 1183, 2079, 1758, 2038, 762, 307, 1547, 696, 211, 664, 2136, 1724, 986, 889, 799, 2374, 1804, 177, 1810, 2350, 2408, 2514, 2065, 1927, 1629, 1174, 973, 534, 1575, 242, 979, 415, 2145, 2597, 432, 1844, 248, 1558, 1496, 1422, 1379, 2143, 1437, 292, 1663, 338, 367, 1860, 1913, 1163, 742, 562, 403, 643, 539, 356, 440, 1606, 1790, 2187, 748, 2209, 1601, 899, 1154, 1948, 351, 227, 2594, 2028, 493, 1281, 1018, 1387, 1107, 2389, 909, 137, 1434, 232, 1059, 1875, 877, 1989, 750, 129, 1093, 1001, 478, 1017, 2260, 508, 1594, 144, 1931, 791, 2093, 2392, 533, 47, 1053, 89, 1890, 1548, 541, 561, 1283, 2511, 776, 680, 1609, 820, 2153, 1732, 1681, 908, 1540, 802, 2269, 681, 260, 1048, 1302, 2403, 159, 1873, 2111, 1468, 1529, 1081, 1979, 1305, 1039, 512, 220, 1144, 1545, 41, 2096, 1772, 1667, 382, 1944, 310, 1870, 1573, 2345, 1808, 797, 397, 2284, 2473, 2292, 907, 2488, 501, 1891, 818, 1043, 259, 621, 1249, 794, 489, 1206, 944, 992, 578, 1464, 1926, 324, 2363, 2008, 45, 631, 1538, 1247, 2604, 1201, 2140, 479, 1592, 1660, 1753, 1294, 2487, 2388, 1807, 710, 1488, 1273, 2588, 58, 2131, 1319, 911, 857, 1334, 200, 2074, 1261, 1925, 1586, 682, 487, 345, 1987, 2022, 888, 2259, 670, 1159, 549, 1854, 2585, 1761, 444, 1045, 94, 1068, 164, 416, 829, 1286, 166, 2559, 1394, 676, 11, 592, 804, 1610, 646, 657, 2189, 2110, 319, 914, 1184, 1904, 1372, 477, 228, 1027, 571, 2349, 352, 1847, 1650, 1872, 1615, 1912, 1152, 1259, 1381, 665, 1638, 618, 2077, 2453, 49, 1329, 1619, 1472, 2202, 1934, 951, 1903, 2378, 1827, 2081, 2268, 2550, 1066, 2586, 2281, 766, 57, 453, 864, 86, 2490, 2016, 940, 1296, 2352, 171, 1766, 890, 1304, 1172, 705, 2475, 2496, 977, 2040, 572, 1077, 153, 1541, 1789, 1492, 2447, 937, 1257, 2295, 1248, 2329, 718, 927, 2546, 1566, 635, 1385, 2130, 528, 19, 1253, 422, 2186, 2554, 1462, 138, 216, 1024, 485, 1779, 2076, 1314, 28, 1076, 172, 1733, 2177, 603, 1014, 2272, 373, 279, 2094, 2273, 2410, 728, 668, 1475, 1148, 617, 1896, 1192, 1725, 451, 2234, 815, 217, 730, 2192, 423, 1358, 1265, 185, 1295, 1122, 1923, 1436, 8, 245, 42, 365, 2220, 2170, 644, 981, 474, 2232, 661, 143, 824, 678, 1288, 1499, 2196, 883, 912, 2512, 2371, 2100, 867, 1739, 2455, 1135, 44, 1620, 301, 1985, 1769, 2308, 783, 314, 1407, 24, 1611, 1223, 1525, 2067, 905, 1734, 724, 1907, 1536, 40, 1312, 1647, 2367, 1674, 703, 505, 2277, 269, 1441, 2309, 2278, 1229, 956, 597, 847, 1256, 372, 306, 1876, 167, 2401, 180, 433, 1000, 1608, 2207, 967, 1916, 1448, 2456, 1054, 1254, 709, 2356, 961, 826, 615, 567, 2312, 2253, 1479, 1522, 884, 2527, 238, 1062, 2556, 1444, 887, 593, 2411, 2359, 1094, 119, 2091, 1087, 2509, 108, 22, 1136, 1324, 78, 1683, 902, 2423, 436, 2034, 1972, 427, 869, 1675, 70, 623, 419, 1240, 1820, 1386, 2335, 1936, 1520, 2233, 1343, 2498, 546, 637, 529, 772, 2503, 2304, 438, 2169, 2230, 1069, 2477, 1830, 619, 1413, 693, 406, 1824, 2393, 1080, 1553, 840, 566, 1542, 692, 2090, 1794, 2026, 1113, 511, 1450, 509, 2088, 1834, 518, 280, 1473, 95, 1263, 1210, 2409, 360, 1940, 1843, 542, 722, 738, 1679, 1451, 2553, 2210, 250, 1744, 1929, 2370, 442, 400, 790, 446, 421, 553, 1224, 50, 2122, 2058, 1431, 655, 1029, 1209, 1175, 551, 1388, 1023, 1962, 513, 1915, 2267, 796, 1188, 2348, 1393, 990, 1325, 1822, 975, 2092, 2228, 1090, 1786, 1632, 1950, 1799, 2355, 174, 462, 1362, 1007, 2506, 2005, 1559, 496, 870, 1384, 1909, 808, 2238, 199, 1228, 723, 77, 612, 1366, 739, 2191, 1417, 2137, 1142, 2420, 836, 2280, 605, 1893, 1836, 686, 1284, 1423, 2218, 540, 1938, 881, 2358, 2578, 2200, 2305, 463, 2379, 6, 2299, 1106, 1351, 162, 66, 906, 1400, 997, 12, 2440, 73, 1574, 1467, 2066, 1245, 111, 2338, 1409, 1050, 2297, 900, 2001, 1067, 2595, 142, 445, 2256, 2526, 2399, 235, 1279, 2524, 1605, 2068, 684, 361, 1010, 1887, 2535, 2499, 283, 982, 2413, 2251, 81, 341, 112, 1671, 1622, 2436, 2010, 1280, 163, 1984, 788, 595, 594, 1016, 1598, 995, 614, 1300, 121, 731, 315, 699, 863, 980, 1399, 1490, 652, 2134, 1072, 2502, 1687, 726, 2386, 685, 1577, 1168, 1226, 1145, 2531, 1376, 276, 2214, 1463, 140, 1395, 763, 898, 2126, 2583, 2095, 1717, 1214, 1110, 308, 1036, 2039, 209, 1922, 125, 1126, 2114, 2120, 2051, 568, 1512, 1515, 919, 2395, 521, 743, 17, 1775, 2525, 1765, 2351, 387, 2480, 2327, 1454, 2306, 2599, 1078, 1964, 2033, 1639, 420, 2124, 852, 517, 16, 545, 1335, 2528, 1143, 1587, 2321, 1825, 1013, 2249, 2501, 459, 2330, 2570, 971, 59, 267, 1880, 1680, 426, 2115, 2391, 1906, 780, 1179, 2343, 1618, 1735, 2500, 103, 2181, 807, 1398, 1189, 2495, 1773, 1363, 1004, 1899, 1349, 714, 792, 2522, 1833, 2451, 779, 733, 1204, 168, 1380, 943, 2530, 1654, 2574, 795, 2099, 362, 2241, 2435, 1539, 1108, 1251, 2175, 1646, 2071, 2328, 671, 80, 2219, 311, 1481, 1306, 2596, 1197, 1260, 175, 2548, 243, 2397, 1626, 1346, 675, 729, 291, 2339, 2015, 2069, 371, 1487, 92, 359, 1516, 1015, 1180, 1696, 524, 355, 206, 272, 239, 2484, 2059, 569, 1225, 1866, 2452, 2555, 2563, 2208, 2206, 1634, 952, 537, 1714, 2310, 1953, 1628, 1740, 813, 2377, 386, 1665, 1524, 2107, 2285, 1754, 998, 560, 574, 391, 941, 2053, 2215, 182, 2227, 1252, 1052, 1220, 573, 552, 1897, 1832, 1710, 2248, 1230, 1719, 33, 871, 633, 1186, 1308, 2048, 454, 2300, 409, 2080, 1986, 960, 530, 839, 2098, 152, 127, 901, 257, 648, 2182, 2537, 500, 1678, 632, 589, 2222, 1677, 2226, 75, 737, 741, 1443, 641, 2064, 1246, 841, 2324, 601, 381, 1693, 516, 2119, 1299, 2171, 2032, 933, 1743, 1033, 667, 2302, 434, 240, 2184, 1821, 784, 1484, 2261, 752, 1355, 1726, 1131, 394, 1823, 418, 1846, 1716, 2240, 2216, 1921, 2508, 963, 1709, 176, 2217, 1672, 1686, 2407, 1900, 1005, 1533, 246, 56, 1582, 2346, 5, 1837, 1138, 2545, 965, 579, 1506, 84, 2123, 1156, 851, 2148, 150, 481, 109, 379, 1064, 882, 430, 810, 1311, 932, 523, 106, 169, 2041, 1212, 570, 2368, 214, 1430, 358, 2384, 746, 550, 942, 2421, 2082, 2027, 1957, 1498, 1403, 1345, 2580, 503, 2257, 1851, 1158, 318, 342, 1715, 770, 107, 957, 848, 2174, 1518, 1449, 946, 1737, 1357, 774, 2276, 1651, 154, 2318, 1171, 2194, 915, 2083, 835, 313, 849, 1178, 874, 331, 800, 1673, 1691, 34, 1705, 787, 218, 1213, 2167, 375, 953, 1968, 2205, 708, 1757, 754, 1382, 1781, 558, 2056, 855, 674, 2224, 1791, 720, 1879, 1585, 1980, 471, 110, 2213, 1239, 831, 1353, 202, 1787, 61, 25, 969, 1272, 2024, 920, 2463, 1438, 9, 1668, 1736, 332, 1918, 2141, 2547, 303, 865, 717, 353, 654, 2237, 344, 669, 188, 816, 1274, 1421, 893, 1112, 1852, 29, 2270, 251, 2021, 1098, 158, 178, 2298, 586, 2523, 1483, 2323, 1784, 1955, 456, 135, 2162, 2427, 1340, 1177, 1282, 122, 1350, 1961, 1480, 197, 157, 972, 1855, 96, 856, 2544, 1153, 2246, 1271, 1082, 531, 1874, 290, 1378, 1330, 413, 999, 470, 1155, 289, 1150, 1181, 2303, 2132, 1264, 2156, 74, 13, 1656, 1130, 1963, 2112, 1712, 1091, 1831, 2319, 1231, 996, 1309, 1292, 1191, 2212, 2607, 1563, 1396, 1857, 653, 719, 735, 1371, 921, 1702, 2361, 896, 1572, 412, 755, 1607, 377, 1770, 1121, 2029, 196, 284, 2073, 2204, 1026, 87, 76, 1884, 1151, 2013, 2551, 974, 67, 126, 1850, 1746, 317, 2172, 2314, 2047, 880, 1959, 809, 673, 1370, 2052, 2264, 1657, 1521, 2109, 1695, 598, 1123, 134, 1051, 298, 1419, 146, 1556, 823, 1571, 913, 1792, 2004, 1460, 1597, 370, 2331, 1157, 2432, 860, 1698, 2459, 1104, 270, 258, 212, 1991, 1653, 383, 830, 282, 1291, 201, 1971, 2462, 2203, 1504, 2097, 46, 1974, 2449, 833, 2000, 1035, 580, 1368, 785, 378, 286, 1933, 1241, 627, 1412, 1491, 1902, 1149, 1232, 2576, 2608, 82, 1275, 1455, 2402, 918, 2311, 350, 725, 1748, 1760, 922, 1266, 2438, 2087, 1465, 1815, 2458, 1803, 2125, 1075, 1339, 600, 1645, 1477, 2482, 1555, 1235, 1590, 1999, 2606, 689, 2521, 1988, 2422, 547, 247, 1977, 1440, 1519, 161, 1567, 775, 1028, 510, 229, 1, 1996, 2317, 1100, 2485, 1233, 2603, 590, 1218, 333, 1114, 1459, 1071, 624, 2572, 1040, 1819, 1217, 1500, 236, 2444, 850, 115, 2390, 1338, 1806, 30, 98, 2549, 348, 1982, 91, 773, 1783, 2441, 62, 1262, 894, 1633, 2070, 2159, 1320, 876, 1741, 265, 1848, 2493, 591, 1237, 234, 2150, 452, 925, 1699, 2369, 1006, 1373, 1670, 2429, 1745, 1354, 2050, 2382, 904, 819, 613, 186, 2316, 707, 1316, 71, 1877, 1120, 401, 1981, 300, 2296, 1642, 1750, 294, 31, 128, 1141, 2565, 2489, 1458, 954, 1636, 2504, 1321, 486, 694, 1147, 2476, 756, 1297, 599, 2598, 1930, 271, 2258, 844, 203, 1414, 2108, 2534, 1811, 1767, 1298, 2201, 1802, 845, 2364, 2146, 1331, 690, 498, 2591, 346, 1568, 1258, 640, 2593, 2538, 1554, 556, 1030, 2360, 968, 253, 1627, 778, 2149, 1908, 1426, 2515, 2198, 2018, 1317, 2290, 1835, 931, 948, 988, 72, 1976, 189, 1058, 1997, 2247, 2166, 2139, 1637, 962, 976, 903, 2301, 711, 23, 54, 2012, 480, 408, 448, 626, 564, 625, 329, 1445, 14, 1471, 2541, 285, 1129, 1278, 2236, 328, 1474, 1287, 1569, 1303, 2446, 2002, 1649, 10, 2347, 701, 1507, 712, 425, 1578, 1461, 803, 1992, 2461, 1466, 347, 1102, 1797, 2560, 1771, 955, 828, 490, 2434, 1337, 1424, 2104, 2168, 1935, 1756, 536, 226, 173, 825, 2043, 1995, 1457, 2274, 781, 1603, 2513, 1888, 455, 1166, 767, 1406, 1905, 886, 2199, 548, 1208, 1332, 1612, 224, 2223, 606, 210, 2142, 1133, 1057, 1990, 439, 2406, 660, 1973, 2037, 834, 2417, 559, 1530, 1534, 1070, 1146, 237, 1576, 1688, 519, 1697, 2464, 431, 1591, 194, 2540, 2157, 1960, 2054, 1269, 2341, 1580, 1411, 1946, 672, 1544, 2158, 862, 1561, 2533, 414, 520, 1219, 1565, 964, 2283, 380, 2315, 1560, 2602, 293, 1501, 1478, 1965, 609, 2020, 1041, 1025, 1377, 464, 101, 832, 1917, 2465, 1584, 278, 1817, 2479, 2075, 2293, 2135, 527, 1061, 2271, 1169, 395, 522, 1829, 2483, 706, 994, 323, 1727, 1456, 650, 1892, 2242, 853, 1416, 662, 2144, 2425, 658, 1951, 181, 2381, 1096, 1967, 2313, 1347, 854, 1643, 1994, 2529, 1044, 1446, 1011, 37, 663, 302, 1505, 1701, 929, 384, 842, 2442, 0, 497, 702, 2179, 1074, 1002, 2517, 1602, 1676, 1221, 697, 2180, 79, 713, 2430, 2101, 1502, 51, 261, 2376, 1199, 2412, 1328, 583, 2454, 897, 2102, 2448, 892, 1453, 2564, 765, 1160, 1195, 622, 165, 514, 1759, 2516, 273, 989, 934, 2055, 2340, 872, 476, 1640, 1367, 2587, 1508, 1793, 878, 526, 873, 309, 1527, 469, 1009, 1322, 2457, 638, 1215, 404, 1841, 287, 1652, 1883, 2354, 628, 1293, 193, 2552, 1047, 1301, 1327, 1546, 349, 1236, 1290, 1595, 1776, 1868, 2605, 366, 2582, 2288, 1485, 2600, 1881, 299, 402, 2190, 1523, 2023, 1813, 1128, 2231, 1898, 1954, 473, 316, 1470, 1713, 1684, 777, 987, 983, 1782, 2294, 1216, 1079, 99, 502, 1910, 205, 124, 424, 1196, 1486, 343, 1532, 132, 230, 1919, 2289, 195, 2357, 959, 1669, 2084, 817, 1140, 1826, 861, 1020, 55, 2044, 2279, 1511, 4, 2569, 1861, 1313, 97, 2437, 1084, 2045, 244, 1749, 1119, 256, 926, 1425, 749, 335, 1285, 274, 2575, 296, 1867, 759, 65, 1593, 1958, 1042, 607, 588, 2519, 1132, 2127, 147, 1307, 1046, 2063, 327, 1623, 390, 732, 1211, 2193, 1427, 2325, 993, 2505, 2415, 191, 1182, 1777, 2334, 2195, 768, 312, 2510, 1022, 577, 1604, 1088, 554, 38, 2188, 139, 687, 2557, 336, 1839, 2536, 2225, 798, 1095, 1993, 789, 1365, 1428, 1840, 364, 2494, 2252, 1008, 393, 1360, 814, 410, 698, 2250, 1494, 1344, 88, 2333, 716, 2467, 760, 1173, 117, 2129, 155, 1562, 2007, 2431, 2060, 52, 1238, 858, 1864, 213, 1700, 1762, 1662, 2118, 2031, 1659, 113, 2532, 1267, 1624, 2577, 1495, 1755, 7, 457, 1720, 1185, 747, 2469, 1056, 2275, 1099, 1528, 1207, 2387, 2353, 2003, 1613, 1452, 85, 488, 170, 620, 1564, 610, 145, 1277, 532, 2428, 398, 1116, 1945, 1800, 1055, 411, 700, 2185, 2291, 1788, 1805, 1497, 1863, 1333, 866, 1966, 1176, 1956, 458, 2239, 2611, 190, 2138, 1255, 2255, 53, 1949, 204, 1125, 207, 1550, 958, 786, 1482, 745, 984, 2019, 1942, 1361, 928, 1644, 264, 363, 1383, 1928, 1707, 2542, 2163, 1682, 1323, 1003, 2017, 1065, 36, 1694, 2337, 83, 337, 629, 1336, 2398, 1742, 275, 1227, 1723, 1862, 2287, 1315, 3, 751, 608, 1557, 1187, 2235, 1165, 156, 2567, 405, 1222, 651, 2579, 1037, 2558, 1828, 1798, 2160, 461, 304, 320, 396, 428, 417, 970, 494, 252, 1420, 2078, 2011, 2497, 947, 2133, 2089, 441, 771, 2589, 1439, 1970, 991, 2164, 659, 538, 1476, 43, 68, 447, 1641, 1137, 782, 740, 2263, 1809, 1276, 1117, 1034, 1517, 1032, 2518, 2460, 611, 321, 1139, 102, 1326, 2491, 2466, 1838, 465, 2229, 2486, 1390, 1442, 179, 2046, 1073, 1801, 1089, 93, 2571, 389, 565, 491, 1796, 357, 2581, 985, 639, 192, 281, 1853, 1731, 1763, 769, 535, 1630, 2085, 148, 891, 1200, 2424, 1978, 2450, 2266, 484, 18, 1689, 297, 1729, 277, 1404, 2573, 2372, 437, 822, 688, 1012, 60, 1268, 966, 1410, 938, 1021, 2178, 2320, 1943]
labeling = [10, 8, 2, 11, 8, 6, 0, 14, 4, 10, 13, 4, 2, 5, 9, 0, 3, 1, 5, 7, 2, 0, 4, 7, 3, 6, 0, 4, 7, 9, 11, 13, 0, 8, 11, 3, 9, 7, 12, 4, 6, 0, 3, 15, 5, 1, 12, 3, 1, 6, 1, 10, 5, 12, 8, 10, 7, 0, 5, 8, 13, 7, 9, 2, 0, 14, 2, 11, 13, 0, 4, 11, 13, 3, 8, 6, 9, 6, 1, 15, 5, 1, 10, 0, 10, 12, 0, 7, 12, 4, 2, 8, 3, 14, 6, 4, 6, 10, 8, 14, 0, 2, 12, 5, 1, 0, 7, 9, 0, 2, 7, 3, 6, 12, 0, 6, 1, 11, 2, 5, 0, 6, 4, 1, 11, 5, 0, 8, 10, 4, 1, 3, 12, 2, 11, 9, 0, 2, 4, 13, 3, 1, 8, 5, 3, 12, 8, 11, 13, 0, 8, 3, 11, 4, 8, 6, 14, 4, 9, 5, 2, 10, 7, 9, 2, 9, 2, 6, 1, 7, 12, 1, 5, 13, 5, 8, 11, 4, 9, 14, 3, 10, 10, 0, 2, 6, 11, 0, 6, 6, 14, 12, 15, 13, 8, 8, 5, 7, 1, 3, 3, 10, 4, 11, 1, 12, 2, 14, 0, 6, 10, 3, 1, 12, 5, 1, 3, 5, 10, 0, 7, 4, 0, 2, 12, 3, 11, 5, 7, 10, 12, 0, 6, 2, 5, 7, 13, 6, 0, 9, 11, 0, 2, 8, 13, 9, 9, 11, 4, 2, 7, 13, 15, 11, 6, 1, 15, 7, 10, 5, 3, 8, 1, 4, 14, 12, 0, 8, 1, 6, 10, 12, 9, 14, 6, 12, 4, 14, 0, 3, 2, 15, 7, 2, 8, 13, 9, 11, 0, 5, 1, 6, 3, 9, 7, 1, 13, 16, 7, 11, 9, 6, 8, 5, 12, 1, 6, 2, 5, 13, 4, 7, 14, 8, 1, 4, 7, 1, 8, 4, 14, 16, 4, 7, 1, 6, 0, 2, 9, 7, 4, 13, 7, 10, 1, 11, 16, 11, 4, 0, 2, 8, 11, 14, 8, 3, 9, 8, 6, 11, 5, 0, 4, 2, 0, 5, 2, 14, 3, 10, 7, 9, 6, 13, 10, 0, 13, 2, 5, 3, 11, 8, 6, 4, 0, 10, 1, 12, 14, 8, 12, 7, 1, 11, 5, 2, 6, 3, 0, 14, 12, 10, 4, 1, 5, 10, 4, 0, 10, 1, 3, 8, 11, 1, 4, 7, 5, 0, 10, 5, 7, 14, 6, 9, 7, 2, 5, 12, 7, 2, 6, 8, 5, 7, 14, 10, 6, 3, 10, 0, 9, 1, 3, 9, 12, 0, 2, 12, 3, 11, 4, 13, 11, 1, 4, 9, 7, 14, 7, 2, 0, 7, 13, 6, 1, 10, 5, 12, 14, 9, 3, 11, 8, 3, 1, 11, 5, 0, 0, 10, 4, 7, 2, 15, 8, 0, 12, 6, 3, 5, 12, 10, 0, 0, 9, 1, 8, 2, 5, 1, 4, 10, 0, 2, 9, 0, 6, 12, 3, 0, 12, 4, 14, 11, 0, 8, 1, 3, 2, 6, 10, 4, 0, 3, 8, 2, 5, 7, 4, 8, 12, 7, 13, 9, 6, 0, 9, 13, 1, 3, 9, 11, 15, 2, 4, 14, 11, 8, 13, 0, 8, 5, 7, 1, 3, 6, 2, 6, 10, 3, 9, 5, 10, 4, 13, 1, 11, 0, 8, 11, 8, 6, 4, 2, 3, 14, 9, 7, 0, 11, 13, 4, 6, 9, 8, 1, 3, 11, 7, 9, 11, 1, 3, 13, 2, 0, 10, 4, 12, 3, 7, 10, 5, 9, 12, 10, 0, 4, 6, 11, 5, 10, 3, 5, 0, 9, 15, 11, 14, 10, 13, 16, 6, 13, 10, 7, 2, 6, 4, 7, 8, 2, 9, 1, 12, 14, 10, 0, 9, 15, 0, 3, 8, 5, 1, 8, 2, 4, 10, 13, 0, 9, 3, 5, 7, 1, 4, 2, 6, 0, 12, 6, 8, 10, 4, 2, 0, 5, 12, 13, 9, 7, 1, 11, 6, 7, 3, 10, 5, 12, 4, 8, 2, 4, 10, 8, 4, 2, 7, 0, 6, 8, 3, 1, 6, 8, 2, 11, 3, 10, 12, 2, 7, 5, 14, 1, 3, 0, 14, 8, 15, 8, 14, 3, 0, 4, 6, 11, 9, 6, 1, 0, 12, 15, 11, 2, 14, 1, 3, 13, 10, 1, 6, 8, 0, 4, 8, 0, 3, 9, 4, 10, 13, 11, 2, 11, 0, 12, 5, 7, 14, 5, 2, 8, 0, 10, 10, 13, 3, 6, 4, 7, 1, 2, 5, 11, 9, 1, 3, 9, 12, 2, 4, 8, 0, 15, 4, 11, 13, 15, 5, 13, 0, 12, 7, 11, 1, 12, 5, 2, 0, 9, 11, 5, 10, 0, 5, 10, 8, 10, 6, 4, 8, 2, 6, 9, 2, 6, 12, 2, 10, 0, 4, 12, 7, 4, 0, 7, 3, 11, 1, 3, 0, 9, 13, 5, 8, 13, 6, 11, 2, 0, 15, 10, 6, 12, 7, 2, 10, 3, 9, 5, 13, 8, 1, 4, 7, 3, 0, 4, 7, 1, 14, 4, 9, 6, 1, 3, 7, 9, 2, 6, 4, 14, 3, 8, 10, 3, 12, 1, 13, 15, 11, 0, 6, 10, 1, 7, 0, 9, 6, 9, 1, 13, 9, 2, 14, 3, 12, 2, 12, 4, 7, 3, 5, 0, 11, 8, 5, 0, 2, 12, 16, 13, 15, 1, 10, 10, 6, 1, 11, 8, 6, 12, 8, 3, 9, 4, 0, 2, 0, 5, 7, 10, 5, 10, 1, 3, 12, 4, 6, 8, 11, 2, 0, 10, 0, 6, 13, 8, 1, 7, 0, 2, 10, 0, 6, 9, 13, 1, 6, 10, 12, 9, 2, 0, 5, 13, 10, 6, 0, 5, 2, 6, 9, 11, 1, 8, 14, 1, 5, 7, 12, 4, 13, 2, 15, 3, 12, 10, 8, 1, 10, 0, 7, 4, 9, 5, 0, 4, 8, 3, 5, 10, 12, 7, 2, 11, 11, 13, 2, 15, 0, 10, 6, 6, 8, 4, 6, 8, 3, 1, 11, 14, 1, 5, 7, 0, 12, 9, 2, 5, 15, 9, 3, 11, 0, 7, 4, 2, 8, 11, 13, 6, 3, 12, 7, 3, 9, 6, 10, 3, 15, 7, 14, 5, 0, 12, 4, 2, 8, 1, 12, 5, 10, 3, 11, 6, 2, 0, 5, 7, 9, 1, 6, 13, 1, 9, 10, 2, 0, 11, 4, 0, 8, 12, 4, 8, 3, 7, 12, 10, 4, 15, 12, 9, 1, 3, 7, 1, 6, 4, 11, 0, 10, 0, 2, 5, 12, 14, 8, 9, 3, 5, 3, 14, 12, 1, 5, 13, 8, 1, 13, 0, 10, 1, 7, 3, 9, 0, 8, 1, 12, 6, 11, 0, 14, 11, 5, 13, 10, 5, 1, 9, 0, 3, 5, 0, 13, 10, 6, 2, 14, 11, 2, 7, 1, 14, 6, 8, 8, 12, 0, 8, 4, 9, 12, 2, 4, 3, 7, 10, 6, 11, 5, 10, 7, 9, 4, 1, 13, 2, 0, 3, 0, 11, 9, 4, 7, 11, 3, 7, 0, 12, 5, 5, 13, 6, 9, 10, 4, 11, 7, 2, 5, 0, 8, 14, 10, 12, 1, 11, 6, 4, 2, 13, 10, 8, 4, 10, 15, 3, 0, 2, 8, 0, 6, 8, 11, 7, 2, 13, 5, 9, 6, 12, 9, 1, 9, 0, 8, 10, 14, 1, 3, 7, 4, 15, 5, 1, 3, 8, 5, 10, 2, 13, 7, 9, 12, 2, 0, 8, 3, 0, 4, 7, 11, 4, 8, 6, 1, 3, 9, 2, 9, 12, 6, 0, 7, 4, 5, 2, 11, 5, 9, 0, 5, 13, 2, 10, 3, 1, 11, 2, 4, 6, 16, 14, 10, 5, 7, 0, 8, 5, 7, 16, 1, 6, 4, 0, 7, 12, 9, 7, 4, 6, 1, 4, 12, 8, 5, 14, 0, 13, 2, 0, 8, 13, 2, 10, 1, 8, 4, 15, 5, 14, 10, 7, 3, 6, 2, 7, 10, 12, 1, 3, 15, 11, 9, 3, 6, 4, 11, 13, 1, 5, 11, 9, 7, 4, 10, 0, 2, 5, 12, 8, 4, 12, 1, 6, 9, 3, 0, 7, 9, 7, 1, 11, 5, 0, 13, 15, 6, 8, 0, 7, 4, 9, 6, 1, 7, 5, 1, 6, 4, 1, 9, 7, 10, 2, 4, 7, 11, 0, 9, 5, 7, 4, 8, 0, 11, 0, 5, 8, 3, 11, 13, 2, 10, 5, 6, 3, 1, 6, 14, 0, 15, 6, 3, 8, 13, 11, 9, 2, 8, 1, 9, 2, 0, 4, 15, 6, 4, 7, 9, 12, 10, 13, 11, 2, 3, 8, 2, 0, 5, 0, 6, 4, 9, 12, 10, 1, 14, 5, 3, 8, 10, 3, 5, 9, 1, 3, 14, 4, 1, 8, 10, 15, 13, 11, 2, 10, 3, 9, 2, 8, 12, 0, 4, 0, 15, 12, 1, 5, 13, 4, 1, 7, 14, 6, 9, 7, 15, 10, 6, 14, 11, 8, 4, 0, 3, 12, 2, 0, 16, 12, 2, 14, 8, 4, 11, 13, 9, 6, 10, 13, 6, 8, 11, 3, 1, 15, 0, 0, 5, 7, 2, 12, 9, 11, 4, 6, 2, 13, 8, 5, 3, 11, 14, 3, 12, 0, 11, 4, 10, 3, 6, 0, 3, 8, 5, 7, 3, 0, 14, 4, 7, 0, 3, 1, 10, 0, 2, 5, 1, 10, 7, 13, 2, 6, 4, 7, 13, 8, 11, 13, 4, 1, 9, 8, 2, 5, 10, 4, 7, 2, 12, 6, 10, 0, 12, 1, 9, 0, 16, 10, 4, 7, 3, 6, 11, 14, 1, 14, 5, 13, 4, 2, 9, 0, 2, 7, 15, 13, 6, 10, 1, 11, 8, 3, 6, 5, 9, 12, 1, 8, 6, 3, 9, 0, 7, 1, 8, 6, 9, 1, 4, 6, 8, 3, 6, 0, 2, 8, 3, 0, 5, 11, 2, 5, 14, 11, 7, 10, 13, 9, 11, 7, 0, 10, 4, 1, 12, 6, 4, 1, 9, 12, 2, 9, 5, 0, 16, 7, 1, 8, 0, 3, 11, 14, 2, 6, 11, 13, 1, 8, 12, 9, 7, 4, 10, 5, 15, 2, 14, 3, 8, 5, 11, 16, 0, 7, 4, 7, 13, 4, 8, 5, 7, 9, 13, 5, 11, 0, 2, 7, 3, 8, 4, 13, 8, 2, 9, 14, 0, 8, 5, 10, 5, 9, 11, 0, 2, 11, 0, 3, 1, 13, 2, 12, 1, 14, 4, 6, 8, 12, 9, 6, 0, 7, 3, 8, 15, 13, 10, 16, 14, 5, 10, 13, 11, 0, 2, 5, 7, 14, 2, 5, 3, 6, 9, 1, 11, 9, 1, 8, 4, 11, 4, 6, 11, 13, 0, 10, 0, 7, 3, 13, 2, 5, 4, 10, 12, 8, 5, 0, 2, 9, 7, 4, 2, 7, 1, 10, 8, 2, 14, 7, 11, 4, 12, 14, 2, 9, 3, 12, 11, 5, 3, 6, 2, 10, 0, 5, 1, 7, 1, 10, 0, 9, 5, 7, 3, 8, 4, 6, 13, 4, 15, 13, 1, 11, 6, 3, 1, 12, 8, 10, 5, 13, 14, 10, 0, 6, 3, 0, 4, 2, 11, 1, 8, 6, 8, 13, 5, 10, 0, 9, 2, 4, 6, 10, 13, 2, 5, 0, 4, 10, 7, 1, 6, 2, 7, 4, 9, 1, 6, 11, 4, 9, 2, 13, 1, 12, 9, 0, 2, 4, 11, 1, 4, 6, 15, 11, 2, 0, 5, 7, 13, 5, 7, 0, 12, 9, 6, 12, 9, 3, 9, 2, 13, 3, 7, 4, 1, 7, 6, 4, 10, 15, 1, 10, 8, 3, 0, 8, 6, 4, 14, 5, 11, 5, 3, 0, 7, 12, 2, 1, 10, 2, 9, 0, 13, 15, 5, 11, 9, 0, 3, 4, 8, 11, 0, 7, 13, 9, 15, 8, 14, 7, 13, 10, 4, 7, 5, 13, 9, 5, 11, 1, 8, 11, 4, 8, 3, 1, 8, 11, 14, 4, 7, 10, 6, 0, 7, 2, 8, 5, 5, 2, 11, 5, 12, 14, 3, 12, 0, 11, 0, 6, 8, 2, 7, 11, 9, 5, 3, 10, 3, 0, 4, 16, 0, 7, 1, 7, 5, 12, 8, 14, 12, 10, 2, 10, 6, 1, 4, 6, 4, 0, 3, 9, 2, 9, 7, 5, 0, 13, 1, 8, 3, 6, 0, 11, 6, 10, 13, 9, 4, 1, 12, 7, 11, 1, 13, 3, 10, 1, 5, 8, 16, 2, 0, 11, 7, 4, 8, 6, 9, 11, 14, 9, 4, 14, 2, 9, 4, 2, 15, 1, 12, 6, 10, 12, 15, 14, 0, 13, 7, 0, 8, 1, 6, 3, 5, 9, 3, 11, 5, 9, 7, 11, 14, 1, 7, 0, 0, 6, 12, 9, 3, 2, 8, 4, 6, 5, 0, 2, 12, 7, 1, 2, 5, 8, 3, 10, 6, 11, 0, 10, 5, 3, 8, 2, 5, 11, 2, 9, 14, 12, 3, 11, 13, 4, 14, 2, 11, 1, 3, 11, 5, 3, 0, 5, 2, 4, 10, 9, 5, 8, 15, 1, 9, 14, 16, 0, 12, 7, 10, 6, 4, 7, 11, 3, 9, 6, 2, 0, 16, 10, 13, 5, 7, 1, 9, 13, 2, 0, 8, 2, 12, 6, 4, 12, 3, 14, 4, 0, 7, 10, 1, 9, 3, 5, 8, 6, 12, 0, 2, 4, 7, 1, 9, 12, 3, 9, 12, 8, 3, 6, 4, 0, 9, 1, 5, 13, 6, 3, 5, 16, 4, 14, 1, 3, 0, 11, 4, 9, 0, 15, 10, 8, 11, 1, 3, 0, 4, 12, 5, 2, 13, 5, 2, 7, 5, 11, 7, 7, 10, 4, 1, 9, 0, 10, 8, 1, 16, 8, 6, 3, 11, 13, 2, 4, 11, 13, 10, 5, 7, 9, 6, 2, 0, 12, 1, 4, 0, 7, 4, 6, 8, 11, 1, 11, 13, 2, 8, 5, 10, 2, 7, 11, 2, 11, 6, 10, 12, 4, 7, 9, 11, 14, 1, 12, 3, 13, 10, 12, 9, 5, 14, 7, 1, 6, 2, 16, 0, 5, 7, 0, 2, 11, 4, 12, 9, 7, 2, 11, 3, 6, 13, 9, 0, 5, 4, 6, 1, 12, 10, 5, 2, 8, 0, 15, 9, 4, 8, 15, 6, 10, 13, 11, 1, 3, 13, 2, 0, 7, 9, 11, 8, 5, 12, 0, 3, 1, 10, 9, 4, 0, 0, 14, 4, 2, 9, 0, 7, 10, 8, 1, 11, 6, 6, 10, 0, 6, 1, 8, 2, 11, 0, 6, 9, 8, 5, 3, 12, 10, 4, 7, 5, 8, 16, 11, 1, 8, 5, 13, 0, 3, 1, 10, 7, 4, 11, 9, 2, 10, 13, 7, 2, 13, 7, 4, 12, 8, 4, 10, 5, 0, 6, 1, 11, 1, 12, 2, 9, 5, 14, 10, 15, 0, 8, 3, 12, 5, 7, 13, 7, 5, 11, 2, 9, 6, 8, 0, 4, 6, 0, 10, 0, 3, 6, 4, 1, 3, 12, 6, 0, 12, 3, 5, 10, 14, 9, 11, 14, 1, 3, 10, 1, 13, 0, 12, 15, 6, 4, 9, 5, 8, 2, 7, 5, 3, 8, 13, 7, 0, 4, 1, 10, 0, 2, 10, 3, 8, 13, 4, 14, 12, 1, 11, 6, 9, 3, 5, 2, 0, 7, 10, 8, 5, 1, 11, 3, 7, 8, 6, 4, 0, 10, 8, 11, 0, 7, 5, 2, 8, 6, 9, 5, 13, 15, 11, 0, 7, 4, 13, 16, 0, 12, 2, 0, 3, 8, 5, 1, 15, 0, 10, 6, 11, 5, 12, 2, 10, 8, 12, 4, 13, 7, 14, 9, 4, 0, 5, 2, 9, 3, 11, 1, 6, 2, 6, 1, 5, 7, 3, 12, 4, 13, 0, 14, 9, 2, 11, 8, 6, 7, 3, 1, 10, 5, 2]
convergência = [17, 16, 16, 16, 16, 16, 16, 16, 16, 16, 16, 16, 16, 16, 16, 16, 16, 16, 16, 16, 16, 16, 16, 16, 16, 16, 16, 16, 16, 16, 16, 16, 16, 16, 16, 16, 16, 16, 16, 16, 16, 16, 16, 16, 16, 16, 16, 16, 16, 16, 16, 16, 16, 16, 16, 16, 16, 16, 16, 16, 16, 16, 16, 16, 16, 16, 16, 16, 16, 16, 16, 16, 16, 16, 16, 16, 16, 16, 16, 16, 16, 16, 16, 16, 16, 16, 16, 16, 16, 16, 16, 16, 16, 16, 16, 16, 16, 16, 16, 16, 16, 16, 16, 16, 16, 16, 16, 16, 16, 16, 16, 16, 16, 16, 16, 16, 16, 16, 16, 16, 16, 16, 16, 16, 16]

===== FIM =====
