===== RESULTADO BRKGA L(2,1) =====
Arquivo: /Users/mateuspedrosa/Documents/TCC-II/BRKGA/data/Harwell-Boeing_cleaned/lund_b_clean.mtx

----- Execução #1 -----
[INFO] Parou por estagnação.
Tempo de execução: 66866ms
Span (lambda): 31
best_order = [124, 15, 12, 123, 88, 90, 0, 21, 128, 56, 94, 101, 57, 73, 142, 96, 82, 97, 114, 102, 135, 103, 146, 77, 78, 54, 8, 80, 121, 99, 53, 119, 71, 86, 58, 34, 95, 66, 127, 59, 81, 116, 62, 104, 47, 63, 87, 69, 46, 64, 118, 26, 79, 126, 100, 33, 134, 107, 24, 72, 65, 67, 84, 32, 74, 137, 111, 42, 40, 61, 92, 4, 39, 138, 18, 17, 38, 68, 106, 105, 6, 13, 23, 25, 108, 133, 91, 52, 5, 7, 139, 110, 60, 130, 145, 109, 19, 14, 143, 48, 11, 44, 41, 131, 2, 113, 140, 22, 29, 20, 120, 70, 3, 36, 10, 117, 45, 30, 83, 43, 115, 16, 31, 49, 75, 144, 1, 37, 55, 27, 122, 35, 28, 93, 89, 136, 85, 50, 9, 51, 76, 125, 98, 132, 112, 129, 141]
labeling = [0, 16, 6, 14, 3, 9, 6, 6, 4, 14, 12, 20, 2, 9, 18, 0, 24, 7, 5, 10, 28, 1, 21, 13, 4, 15, 2, 17, 10, 7, 17, 23, 15, 13, 11, 30, 22, 26, 19, 17, 12, 23, 8, 31, 26, 29, 10, 0, 19, 19, 21, 25, 1, 8, 6, 28, 2, 4, 14, 0, 27, 25, 3, 18, 20, 14, 7, 22, 16, 11, 5, 10, 12, 3, 18, 24, 31, 9, 11, 21, 13, 16, 6, 28, 24, 30, 5, 9, 1, 18, 3, 14, 20, 26, 0, 15, 5, 7, 29, 1, 23, 4, 8, 10, 15, 19, 17, 13, 21, 23, 10, 7, 11, 13, 2, 22, 17, 27, 19, 14, 25, 12, 22, 2, 0, 26, 11, 6, 4, 28, 16, 2, 5, 8, 6, 4, 21, 9, 5, 7, 18, 20, 1, 14, 12, 8, 0]
convergência = [34, 34, 34, 34, 34, 33, 33, 33, 33, 33, 33, 33, 33, 32, 32, 32, 31, 31, 31, 31, 31, 31, 31, 31, 31, 31, 31, 31, 31, 31, 31, 31, 31, 31, 31, 31, 31, 31, 31, 31, 31, 31, 31, 31, 31, 31, 31, 31, 31, 31, 31, 31, 31, 31, 31, 31, 31, 31, 31, 31, 31, 31, 31, 31, 31, 31, 31, 31, 31, 31, 31, 31, 31, 31, 31, 31, 31, 31, 31, 31, 31, 31, 31, 31, 31, 31, 31, 31, 31, 31, 31, 31, 31, 31, 31, 31, 31, 31, 31, 31, 31, 31, 31, 31, 31, 31, 31, 31, 31, 31, 31, 31, 31, 31, 31, 31, 31, 31, 31, 31, 31, 31, 31, 31, 31, 31, 31, 31, 31, 31, 31, 31, 31, 31, 31, 31, 31, 31, 31, 31]

===== FIM =====
