===== RESULTADO BRKGA L(2,1) =====
Arquivo: /Users/mateuspedrosa/Documents/TCC-II/BRKGA/data/Harwell-Boeing_cleaned/lund_a_clean.mtx

----- Execução #1 -----
[INFO] Parou por estagnação.
Tempo de execução: 73277ms
Span (lambda): 31
best_order = [10, 28, 1, 105, 75, 102, 45, 19, 84, 118, 85, 141, 123, 129, 35, 12, 82, 54, 65, 61, 77, 26, 3, 97, 41, 139, 59, 98, 14, 99, 135, 69, 52, 79, 15, 108, 46, 127, 120, 115, 57, 126, 113, 73, 128, 33, 6, 111, 23, 114, 43, 62, 83, 145, 60, 5, 22, 71, 144, 21, 103, 64, 81, 78, 96, 124, 134, 110, 95, 131, 74, 40, 39, 101, 70, 122, 80, 24, 50, 58, 143, 136, 27, 67, 68, 42, 117, 36, 133, 11, 125, 53, 93, 49, 146, 107, 132, 47, 37, 16, 31, 86, 104, 109, 29, 4, 100, 138, 119, 30, 48, 32, 44, 91, 56, 76, 89, 137, 142, 140, 94, 106, 8, 112, 72, 92, 38, 2, 121, 90, 116, 20, 9, 130, 7, 17, 18, 25, 0, 87, 51, 34, 66, 55, 63, 13, 88]
labeling = [6, 3, 1, 4, 6, 1, 4, 4, 10, 12, 0, 15, 5, 26, 7, 9, 18, 27, 31, 0, 19, 8, 3, 11, 15, 22, 2, 17, 2, 17, 19, 8, 22, 11, 24, 2, 14, 16, 29, 23, 21, 5, 25, 13, 28, 0, 7, 19, 21, 6, 13, 27, 1, 20, 4, 30, 26, 6, 12, 10, 18, 1, 16, 30, 20, 9, 24, 14, 3, 1, 3, 9, 23, 7, 17, 0, 28, 3, 24, 15, 27, 22, 8, 12, 4, 6, 18, 26, 31, 5, 20, 11, 25, 2, 14, 21, 19, 5, 11, 13, 29, 25, 2, 17, 21, 0, 28, 15, 7, 23, 12, 10, 18, 10, 12, 8, 26, 16, 1, 23, 7, 31, 19, 5, 14, 16, 11, 9, 4, 2, 25, 8, 14, 0, 6, 4, 9, 18, 12, 3, 22, 1, 18, 13, 6, 0, 3]
convergência = [34, 34, 34, 34, 34, 34, 34, 33, 33, 33, 33, 33, 33, 32, 32, 32, 32, 32, 32, 32, 32, 32, 32, 32, 32, 32, 32, 32, 31, 31, 31, 31, 31, 31, 31, 31, 31, 31, 31, 31, 31, 31, 31, 31, 31, 31, 31, 31, 31, 31, 31, 31, 31, 31, 31, 31, 31, 31, 31, 31, 31, 31, 31, 31, 31, 31, 31, 31, 31, 31, 31, 31, 31, 31, 31, 31, 31, 31, 31, 31, 31, 31, 31, 31, 31, 31, 31, 31, 31, 31, 31, 31, 31, 31, 31, 31, 31, 31, 31, 31, 31, 31, 31, 31, 31, 31, 31, 31, 31, 31, 31, 31, 31, 31, 31, 31, 31, 31, 31, 31, 31, 31, 31, 31, 31, 31, 31, 31, 31, 31, 31, 31, 31, 31, 31, 31, 31, 31, 31, 31, 31, 31, 31, 31, 31, 31, 31, 31, 31, 31, 31, 31]

===== FIM =====
