===== RESULTADO BRKGA L(2,1) =====
Arquivo: /Users/mateuspedrosa/Documents/TCC-II/BRKGA/data/Harwell-Boeing_cleaned/mahindas_clean.mtx

----- Execução #1 -----
[INFO] Parou por estagnação.
Tempo de execução: 611543ms
Span (lambda): 207
best_order = [937, 1045, 1188, 1111, 1118, 291, 899, 623, 335, 685, 15, 151, 34, 515, 38, 763, 1109, 871, 662, 801, 615, 158, 180, 1154, 569, 193, 596, 1252, 1246, 536, 1083, 833, 127, 437, 804, 482, 70, 226, 1024, 236, 1025, 1008, 785, 94, 936, 23, 941, 979, 316, 253, 143, 229, 1069, 886, 468, 129, 630, 912, 920, 78, 443, 743, 1125, 983, 472, 1243, 147, 626, 635, 1117, 890, 459, 842, 300, 759, 98, 916, 1150, 419, 392, 1072, 1254, 693, 701, 379, 742, 1114, 409, 553, 56, 824, 148, 231, 1020, 964, 58, 163, 493, 649, 176, 83, 1181, 700, 932, 320, 428, 1017, 544, 910, 336, 744, 1133, 772, 292, 100, 859, 261, 663, 434, 999, 873, 956, 791, 1159, 624, 436, 310, 708, 272, 0, 817, 59, 1176, 278, 413, 51, 353, 420, 474, 1011, 47, 580, 1031, 117, 524, 1004, 575, 1044, 689, 1199, 190, 851, 1007, 111, 448, 44, 758, 518, 445, 119, 1048, 811, 373, 476, 64, 1089, 955, 766, 856, 354, 473, 720, 735, 754, 110, 768, 339, 205, 491, 841, 547, 81, 597, 411, 435, 548, 201, 668, 19, 552, 718, 1059, 906, 74, 333, 1187, 617, 889, 728, 978, 22, 832, 25, 654, 417, 608, 1103, 259, 216, 140, 1211, 694, 690, 485, 582, 67, 275, 855, 371, 498, 797, 134, 1174, 1028, 606, 543, 965, 499, 645, 1060, 747, 1171, 721, 223, 255, 993, 185, 1157, 717, 943, 745, 144, 1200, 827, 388, 587, 1039, 1209, 440, 1012, 441, 131, 540, 103, 421, 570, 530, 1064, 651, 358, 243, 55, 844, 816, 519, 892, 810, 913, 307, 775, 102, 4, 546, 149, 974, 1137, 401, 723, 672, 778, 861, 177, 35, 13, 738, 529, 318, 323, 276, 659, 96, 823, 194, 109, 977, 136, 676, 1238, 573, 1182, 702, 852, 1257, 565, 337, 1009, 346, 362, 880, 155, 433, 1070, 313, 820, 870, 487, 1019, 423, 884, 828, 494, 774, 123, 227, 562, 363, 1046, 282, 240, 483, 85, 1169, 470, 39, 976, 334, 30, 31, 1087, 251, 719, 567, 46, 232, 466, 695, 822, 279, 1023, 1236, 195, 948, 1076, 959, 981, 1051, 332, 191, 887, 658, 1143, 283, 564, 1251, 555, 679, 248, 872, 241, 781, 1186, 583, 793, 173, 426, 52, 888, 137, 254, 1013, 782, 1192, 317, 512, 665, 471, 1034, 49, 868, 287, 809, 966, 1123, 666, 558, 368, 618, 1193, 410, 213, 2, 968, 1091, 389, 113, 885, 1240, 760, 1113, 168, 237, 897, 91, 1198, 850, 160, 286, 751, 1235, 876, 500, 1138, 1062, 1099, 1216, 688, 453, 1180, 1068, 258, 304, 578, 637, 504, 1237, 671, 14, 639, 732, 836, 28, 678, 1094, 1077, 697, 627, 1056, 214, 1000, 444, 830, 1239, 1063, 179, 264, 777, 1253, 930, 315, 945, 879, 121, 1223, 958, 957, 212, 382, 189, 508, 467, 1054, 588, 741, 412, 280, 514, 199, 414, 755, 960, 125, 883, 1214, 750, 854, 297, 1073, 1131, 1205, 45, 722, 357, 711, 1030, 203, 284, 381, 1146, 739, 1101, 517, 952, 244, 8, 178, 378, 1167, 992, 522, 1027, 1081, 490, 391, 611, 634, 338, 867, 1095, 753, 1088, 41, 714, 26, 1022, 1, 492, 895, 521, 217, 145, 356, 1134, 159, 1122, 507, 1173, 101, 1112, 196, 633, 1040, 987, 457, 221, 164, 62, 1026, 997, 481, 54, 1079, 211, 511, 1163, 788, 838, 1055, 1016, 107, 619, 327, 489, 1097, 239, 509, 602, 427, 495, 1065, 780, 1085, 696, 991, 455, 1248, 166, 934, 285, 230, 188, 352, 462, 769, 681, 256, 951, 698, 418, 116, 429, 644, 360, 209, 141, 463, 733, 1067, 761, 321, 1247, 990, 29, 1061, 599, 174, 985, 9, 246, 446, 620, 1135, 1207, 559, 996, 516, 376, 40, 967, 762, 380, 523, 1196, 347, 486, 329, 813, 43, 36, 1201, 973, 784, 1153, 162, 1110, 1184, 186, 395, 1098, 921, 387, 257, 947, 520, 1037, 260, 510, 238, 1142, 1043, 439, 1104, 1093, 252, 592, 416, 135, 779, 108, 537, 598, 1151, 845, 397, 17, 146, 929, 1144, 97, 826, 1233, 1120, 73, 200, 361, 566, 61, 132, 1212, 1165, 384, 789, 917, 130, 773, 1231, 576, 1086, 525, 706, 539, 42, 1140, 749, 962, 309, 549, 1226, 488, 270, 792, 242, 896, 1105, 814, 1033, 764, 86, 400, 355, 348, 331, 1115, 1032, 825, 390, 1100, 533, 940, 206, 497, 342, 949, 551, 294, 911, 273, 647, 858, 464, 752, 684, 907, 682, 142, 572, 818, 900, 114, 1160, 170, 89, 653, 771, 53, 345, 1202, 705, 737, 877, 122, 1006, 538, 403, 571, 1129, 757, 1108, 396, 1255, 152, 262, 609, 104, 456, 311, 301, 16, 1075, 593, 469, 156, 306, 683, 621, 577, 652, 980, 631, 75, 182, 171, 1132, 1170, 1127, 184, 367, 829, 894, 770, 124, 1191, 643, 534, 454, 269, 527, 1244, 961, 349, 1041, 869, 247, 465, 265, 1179, 1162, 484, 795, 386, 183, 614, 839, 1136, 1102, 340, 731, 878, 1227, 667, 953, 374, 6, 1178, 299, 595, 1195, 106, 1242, 748, 1172, 664, 849, 864, 821, 557, 18, 931, 1021, 1049, 589, 24, 105, 622, 502, 165, 234, 648, 228, 891, 725, 370, 591, 903, 225, 93, 68, 1147, 972, 531, 796, 208, 1164, 404, 298, 970, 642, 541, 727, 847, 1175, 807, 302, 989, 27, 167, 1232, 875, 405, 207, 1221, 210, 48, 290, 1234, 646, 799, 938, 1042, 800, 612, 904, 655, 579, 1155, 928, 99, 76, 673, 834, 650, 84, 118, 767, 263, 808, 542, 1225, 1203, 37, 115, 613, 638, 1224, 909, 50, 843, 607, 590, 477, 971, 451, 449, 399, 1206, 57, 954, 1220, 1096, 922, 442, 1228, 1116, 506, 862, 905, 303, 1217, 660, 5, 92, 322, 703, 616, 1071, 787, 422, 314, 192, 1158, 72, 550, 288, 586, 1121, 715, 640, 66, 326, 629, 712, 819, 927, 1145, 432, 998, 187, 60, 860, 915, 480, 1090, 496, 641, 1058, 994, 918, 12, 1038, 424, 710, 1002, 692, 1092, 866, 325, 657, 574, 1128, 925, 11, 7, 656, 1050, 460, 556, 1215, 935, 450, 1052, 794, 1218, 372, 946, 661, 65, 475, 1194, 786, 776, 853, 563, 328, 408, 687, 215, 1082, 88, 1080, 479, 898, 632, 344, 1084, 1161, 863, 1014, 528, 1047, 219, 1210, 746, 806, 803, 560, 385, 865, 308, 501, 366, 1066, 926, 63, 1250, 33, 713, 756, 545, 365, 1057, 20, 908, 1168, 153, 1245, 848, 1107, 289, 204, 175, 233, 1185, 532, 319, 1074, 798, 933, 1241, 594, 295, 133, 71, 625, 281, 377, 675, 805, 554, 610, 1183, 874, 901, 268, 394, 1222, 601, 1001, 343, 1119, 740, 197, 831, 296, 267, 526, 699, 568, 628, 452, 914, 982, 359, 271, 988, 430, 350, 995, 605, 218, 790, 398, 1010, 1156, 393, 293, 383, 505, 1229, 69, 80, 1126, 1197, 1148, 1256, 603, 77, 1036, 584, 802, 330, 919, 82, 677, 461, 128, 425, 415, 707, 939, 266, 636, 1078, 846, 249, 1015, 670, 969, 1204, 535, 857, 716, 1166, 709, 87, 21, 585, 341, 32, 139, 351, 837, 224, 245, 1018, 274, 90, 1149, 1035, 986, 312, 975, 669, 902, 3, 120, 154, 169, 704, 561, 815, 1190, 600, 1124, 375, 942, 734, 222, 1141, 923, 79, 984, 1230, 157, 407, 1053, 963, 220, 181, 726, 674, 1139, 364, 95, 950, 150, 882, 736, 202, 305, 126, 112, 686, 835, 438, 1005, 447, 369, 730, 250, 1208, 458, 581, 924, 729, 503, 840, 1003, 1213, 406, 604, 513, 478, 138, 1219, 161, 783, 893, 1189, 324, 680, 1106, 691, 765, 402, 198, 812, 724, 1249, 10, 1152, 235, 1029, 431, 1177, 1130, 277, 172, 881, 944]
labeling = [23, 90, 74, 190, 49, 153, 134, 162, 86, 102, 204, 161, 158, 53, 79, 0, 129, 108, 137, 35, 169, 185, 38, 8, 138, 37, 89, 142, 80, 101, 64, 65, 186, 167, 3, 52, 105, 149, 4, 63, 103, 87, 116, 104, 29, 85, 66, 25, 143, 72, 2, 0, 69, 124, 94, 47, 16, 151, 18, 24, 157, 112, 93, 166, 31, 163, 156, 42, 141, 175, 6, 172, 155, 111, 36, 131, 145, 177, 11, 194, 176, 33, 178, 19, 147, 62, 117, 184, 165, 123, 188, 76, 152, 140, 7, 196, 54, 110, 13, 144, 0, 92, 48, 46, 128, 139, 135, 95, 107, 55, 32, 28, 199, 75, 122, 150, 99, 26, 148, 30, 191, 83, 127, 61, 132, 84, 198, 5, 180, 10, 114, 45, 113, 171, 43, 106, 56, 70, 201, 187, 39, 100, 121, 9, 44, 91, 109, 12, 17, 50, 197, 2, 7, 170, 192, 60, 88, 119, 1, 61, 44, 124, 77, 8, 64, 93, 66, 99, 43, 117, 83, 92, 130, 41, 76, 112, 9, 20, 59, 49, 2, 122, 90, 91, 89, 18, 79, 108, 74, 55, 11, 36, 102, 3, 22, 28, 62, 114, 127, 56, 80, 17, 123, 58, 110, 13, 81, 100, 98, 75, 101, 65, 50, 42, 48, 107, 16, 60, 115, 109, 121, 63, 118, 19, 116, 97, 4, 27, 95, 5, 72, 7, 35, 113, 94, 128, 0, 2, 4, 2, 0, 2, 2, 2, 6, 6, 5, 3, 2, 1, 6, 1, 3, 0, 4, 1, 8, 1, 3, 0, 2, 0, 5, 9, 3, 5, 10, 15, 9, 4, 4, 6, 0, 8, 9, 0, 2, 5, 0, 3, 1, 39, 4, 3, 5, 4, 3, 6, 10, 4, 14, 0, 10, 24, 9, 8, 8, 0, 1, 8, 0, 7, 8, 7, 1, 2, 7, 7, 12, 10, 0, 7, 7, 10, 9, 11, 1, 1, 1, 2, 0, 1, 8, 0, 7, 10, 11, 11, 9, 0, 13, 7, 7, 0, 0, 0, 2, 0, 12, 6, 14, 30, 15, 15, 23, 10, 14, 23, 7, 32, 14, 2, 7, 7, 2, 2, 1, 8, 2, 9, 0, 12, 7, 32, 8, 8, 19, 14, 2, 8, 19, 7, 19, 0, 7, 7, 7, 2, 10, 2, 9, 7, 7, 7, 8, 8, 0, 9, 2, 7, 21, 7, 6, 12, 10, 14, 14, 14, 6, 0, 15, 0, 4, 0, 6, 5, 4, 5, 4, 0, 0, 0, 3, 0, 2, 0, 4, 3, 2, 1, 2, 2, 4, 4, 3, 4, 2, 4, 2, 2, 19, 14, 4, 3, 3, 0, 0, 1, 30, 23, 1, 2, 8, 1, 1, 1, 78, 131, 20, 106, 114, 100, 118, 44, 92, 75, 88, 59, 132, 11, 113, 124, 76, 77, 84, 93, 42, 50, 9, 91, 41, 43, 10, 22, 13, 115, 21, 99, 136, 117, 107, 67, 1, 40, 94, 26, 81, 36, 82, 68, 54, 24, 58, 12, 39, 73, 109, 83, 27, 28, 34, 5, 4, 7, 1, 7, 2, 7, 0, 0, 0, 0, 2, 8, 2, 0, 2, 1, 2, 0, 6, 1, 2, 4, 1, 2, 3, 4, 2, 4, 0, 1, 0, 0, 2, 5, 0, 0, 2, 5, 0, 1, 2, 3, 2, 0, 0, 2, 5, 3, 5, 0, 1, 0, 3, 2, 0, 3, 1, 0, 0, 2, 4, 5, 3, 0, 0, 0, 4, 0, 3, 4, 2, 2, 4, 0, 0, 3, 0, 1, 0, 4, 2, 2, 4, 3, 5, 0, 0, 3, 4, 4, 2, 2, 3, 0, 0, 0, 4, 2, 0, 3, 1, 0, 2, 4, 2, 0, 0, 5, 7, 3, 3, 6, 4, 2, 3, 1, 4, 2, 3, 2, 4, 0, 0, 4, 0, 2, 3, 5, 0, 3, 6, 3, 0, 0, 4, 2, 1, 3, 5, 3, 5, 2, 0, 0, 4, 6, 5, 2, 3, 2, 4, 4, 1, 5, 14, 8, 2, 4, 2, 3, 0, 21, 136, 71, 73, 133, 34, 189, 182, 78, 51, 146, 195, 173, 57, 179, 81, 68, 202, 97, 120, 130, 119, 1, 200, 164, 77, 27, 41, 203, 160, 14, 40, 67, 96, 82, 98, 174, 20, 15, 58, 154, 193, 126, 115, 181, 22, 183, 159, 25, 13, 168, 88, 49, 64, 7, 19, 6, 18, 10, 24, 12, 47, 38, 46, 39, 5, 50, 49, 36, 20, 28, 45, 7, 48, 34, 13, 25, 44, 21, 3, 2, 4, 11, 42, 9, 37, 30, 23, 18, 33, 27, 8, 22, 43, 35, 6, 1, 14, 29, 32, 0, 31, 9, 0, 8, 1, 5, 3, 4, 0, 52, 31, 24, 105, 53, 25, 85, 69, 38, 46, 75, 35, 3, 48, 44, 33, 36, 62, 5, 39, 11, 50, 42, 7, 9, 56, 45, 26, 0, 59, 55, 2, 61, 54, 43, 47, 12, 18, 17, 72, 22, 37, 70, 16, 3, 10, 103, 29, 13, 32, 10, 4, 3, 3, 3, 8, 5, 26, 57, 2, 0, 7, 66, 13, 65, 20, 34, 18, 4, 1, 40, 14, 23, 58, 28, 52, 24, 17, 7, 15, 33, 3, 5, 8, 63, 31, 6, 41, 9, 48, 51, 45, 60, 49, 12, 19, 25, 30, 2, 1, 0, 10, 14, 4, 8, 0, 14, 4, 207, 49, 22, 13, 18, 1, 17, 20, 11, 5, 30, 8, 45, 28, 15, 24, 12, 38, 3, 27, 41, 43, 31, 33, 36, 9, 25, 40, 34, 7, 16, 0, 10, 42, 39, 6, 19, 37, 47, 2, 23, 35, 44, 12, 5, 5, 4, 17, 4, 4, 2, 0, 4, 0, 3, 0, 0, 3, 3, 3, 0, 0, 2, 2, 0, 4, 0, 0, 2, 0, 4, 0, 3, 1, 0, 0, 1, 1, 2, 0, 3, 3, 2, 1, 1, 3, 0, 2, 4, 2, 6, 7, 1, 2, 3, 16, 1, 2, 0, 5, 0, 9, 0, 1, 25, 40, 26, 45, 86, 71, 37, 52, 7, 103, 120, 63, 62, 104, 2, 47, 102, 111, 134, 17, 129, 65, 18, 4, 11, 121, 16, 0, 8, 8, 126, 70, 15, 127, 31, 5, 97, 56, 46, 3, 6, 61, 48, 33, 138, 7, 14, 96, 64, 21, 128, 122, 7, 7, 7, 26, 45, 47, 40, 6, 0, 10, 51, 12, 38, 42, 9, 43, 52, 17, 20, 16, 46, 41, 3, 4, 33, 13, 1, 5, 25, 48, 31, 14, 0, 7, 36, 2, 18, 49, 35, 8, 15, 50, 21, 5, 19, 44, 1, 5, 30, 4, 4, 8, 0, 7, 11, 5, 21, 19, 26, 40, 6, 2, 1, 118, 2, 1, 0, 0, 6, 3, 2, 2, 1, 2, 2, 1, 0, 0, 2, 2, 0, 0, 4, 1, 2, 2, 0, 2, 0, 2, 1, 4, 2, 3, 4, 3, 0, 3, 1, 5, 0, 3, 6, 1, 5, 5, 1, 0, 2, 0, 4, 5, 1, 0, 2, 205, 0, 0, 4, 2, 3, 0, 1, 0, 2, 0, 1, 0, 3, 1, 1, 3, 1, 5, 1, 3, 0, 3, 5, 0, 1, 1, 0, 1, 0, 0, 5, 0, 1, 1, 0, 0, 4, 0, 5, 0, 3, 4, 3, 2, 1, 10, 10, 12, 39, 125, 1, 39, 37, 7, 21, 5, 30, 41, 0, 30, 10, 6, 12, 0, 10, 0, 2, 11, 5, 15, 9, 7, 1, 18, 5, 31, 9, 51, 5, 5, 9, 9, 6, 13, 7, 0, 0, 10, 38, 0, 0, 1, 0, 1, 2, 4, 1, 23, 6, 4, 23, 1, 87, 10, 59]
convergência = [207, 207, 207, 207, 207, 207, 207, 207, 207, 207, 207, 207, 207, 207, 207, 207, 207, 207, 207, 207, 207, 207, 207, 207, 207, 207, 207, 207, 207, 207, 207, 207, 207, 207, 207, 207, 207, 207, 207, 207, 207, 207, 207, 207, 207, 207, 207, 207, 207, 207, 207, 207, 207, 207, 207, 207, 207, 207, 207, 207, 207, 207, 207, 207, 207, 207, 207, 207, 207, 207, 207, 207, 207, 207, 207, 207, 207, 207, 207, 207, 207, 207, 207, 207, 207, 207, 207, 207, 207, 207, 207, 207, 207, 207, 207, 207, 207, 207, 207, 207, 207, 207, 207, 207, 207, 207, 207, 207, 207, 207, 207, 207, 207, 207, 207, 207, 207, 207, 207, 207, 207, 207, 207, 207]

===== FIM =====
