===== RESULTADO BRKGA L(2,1) =====
Arquivo: /Users/mateuspedrosa/Documents/TCC-II/BRKGA/data/NR_DIMACS_cleaned/MANN-a9_clean.mtx

----- Execução #1 -----
[INFO] Parou por estagnação.
Tempo de execução: 52661ms
Span (lambda): 48
best_order = [33, 35, 5, 24, 26, 22, 34, 23, 21, 18, 20, 4, 39, 41, 16, 8, 25, 17, 29, 27, 28, 3, 44, 42, 11, 9, 10, 1, 14, 19, 13, 40, 2, 12, 15, 32, 30, 31, 7, 43, 0, 37, 38, 6, 36]
labeling = [11, 34, 30, 26, 15, 3, 41, 19, 22, 32, 33, 31, 38, 37, 36, 40, 20, 21, 12, 14, 13, 10, 8, 9, 5, 4, 6, 24, 25, 23, 43, 44, 42, 0, 2, 1, 48, 46, 47, 17, 16, 18, 29, 27, 28]
convergência = [67, 64, 64, 64, 63, 62, 62, 61, 60, 58, 58, 57, 57, 57, 56, 56, 56, 55, 55, 53, 53, 53, 53, 53, 53, 53, 53, 53, 53, 53, 53, 53, 53, 53, 53, 53, 53, 53, 53, 53, 53, 52, 52, 51, 51, 51, 51, 51, 51, 51, 51, 51, 51, 51, 51, 51, 51, 51, 51, 51, 51, 51, 51, 51, 51, 51, 51, 51, 51, 51, 51, 51, 51, 51, 51, 51, 51, 51, 51, 51, 51, 51, 51, 51, 51, 51, 51, 51, 51, 51, 51, 51, 51, 51, 51, 51, 51, 51, 51, 51, 51, 51, 51, 51, 51, 51, 51, 51, 51, 51, 51, 51, 51, 51, 51, 51, 51, 51, 51, 51, 51, 50, 50, 50, 50, 50, 50, 50, 50, 50, 50, 50, 50, 50, 50, 50, 50, 50, 50, 50, 50, 50, 50, 50, 50, 50, 50, 50, 50, 50, 50, 50, 50, 50, 50, 50, 50, 50, 50, 50, 50, 50, 50, 50, 49, 49, 49, 49, 49, 49, 49, 49, 49, 49, 49, 49, 49, 49, 49, 49, 49, 49, 49, 49, 49, 49, 49, 49, 49, 49, 48, 48, 48, 48, 48, 48, 48, 48, 48, 48, 48, 48, 48, 48, 48, 48, 48, 48, 48, 48, 48, 48, 48, 48, 48, 48, 48, 48, 48, 48, 48, 48, 48, 48, 48, 48, 48, 48, 48, 48, 48, 48, 48, 48, 48, 48, 48, 48, 48, 48, 48, 48, 48, 48, 48, 48, 48, 48, 48, 48, 48, 48, 48, 48, 48, 48, 48, 48, 48, 48, 48, 48, 48, 48, 48, 48, 48, 48, 48, 48, 48, 48, 48, 48, 48, 48, 48, 48, 48, 48, 48, 48, 48, 48, 48, 48, 48, 48, 48, 48, 48, 48, 48, 48, 48, 48, 48, 48, 48, 48, 48, 48, 48, 48, 48, 48, 48, 48, 48, 48, 48, 48, 48, 48]

===== FIM =====
