===== RESULTADO BRKGA L(2,1) =====
Arquivo: /Users/mateuspedrosa/Documents/TCC-II/BRKGA/data/NR_DIMACS_cleaned/MANN-a45_clean.mtx

----- Execução #1 -----
[INFO] Time limit atingido: 15 minutos. Esgotado durante a inicialização da população.
Tempo de execução: 902160ms
Span (lambda): 2029
best_order = [839, 726, 648, 63, 84, 435, 761, 354, 802, 127, 813, 971, 978, 243, 14, 965, 840, 470, 668, 319, 925, 792, 208, 447, 1006, 442, 197, 296, 27, 365, 649, 535, 809, 721, 233, 831, 238, 314, 486, 415, 439, 961, 40, 77, 379, 658, 734, 852, 715, 92, 623, 386, 810, 276, 592, 482, 947, 430, 714, 725, 601, 501, 613, 1016, 90, 686, 615, 785, 636, 466, 229, 565, 752, 796, 818, 631, 760, 780, 281, 889, 38, 186, 867, 902, 104, 241, 647, 210, 863, 194, 553, 185, 977, 510, 524, 88, 884, 763, 879, 723, 335, 232, 567, 671, 78, 602, 580, 62, 358, 228, 317, 79, 547, 334, 730, 529, 914, 219, 992, 32, 1015, 496, 99, 814, 624, 67, 856, 659, 15, 883, 787, 970, 590, 422, 29, 12, 679, 801, 277, 262, 515, 339, 982, 1022, 593, 654, 139, 59, 111, 886, 34, 235, 125, 1034, 130, 250, 579, 557, 242, 513, 374, 383, 531, 932, 933, 181, 344, 665, 105, 264, 103, 749, 905, 640, 458, 461, 836, 191, 974, 55, 488, 1, 564, 544, 877, 994, 224, 102, 655, 532, 748, 657, 418, 526, 983, 66, 342, 892, 663, 596, 746, 268, 696, 159, 944, 188, 728, 416, 569, 258, 457, 409, 968, 938, 142, 217, 540, 351, 271, 639, 487, 536, 920, 471, 288, 407, 711, 18, 900, 333, 360, 22, 646, 193, 791, 338, 828, 1024, 309, 475, 769, 781, 327, 797, 817, 610, 468, 561, 438, 821, 252, 144, 434, 292, 546, 49, 554, 880, 917, 522, 906, 595, 706, 10, 1009, 101, 995, 662, 608, 619, 115, 133, 628, 91, 698, 211, 898, 716, 267, 1023, 815, 230, 589, 261, 538, 873, 1026, 406, 56, 969, 778, 690, 622, 939, 116, 227, 304, 347, 176, 630, 225, 611, 533, 733, 495, 93, 248, 198, 454, 584, 306, 865, 341, 54, 282, 603, 806, 382, 364, 209, 86, 148, 618, 31, 588, 773, 96, 798, 343, 167, 930, 669, 842, 445, 423, 60, 782, 937, 687, 966, 6, 928, 33, 709, 0, 609, 642, 861, 645, 168, 298, 28, 643, 757, 52, 337, 585, 819, 5, 315, 476, 924, 848, 400, 190, 849, 758, 266, 614, 424, 731, 866, 499, 428, 1011, 587, 53, 154, 129, 943, 480, 1032, 895, 887, 607, 936, 218, 8, 693, 284, 463, 617, 1001, 47, 24, 795, 988, 117, 497, 23, 683, 764, 881, 979, 201, 634, 991, 254, 239, 673, 46, 87, 11, 770, 236, 326, 490, 805, 64, 89, 541, 768, 322, 571, 576, 192, 336, 450, 949, 200, 1018, 162, 17, 911, 850, 160, 859, 260, 484, 753, 489, 85, 506, 325, 893, 807, 719, 390, 641, 972, 145, 320, 324, 132, 313, 220, 134, 864, 464, 843, 672, 136, 164, 318, 812, 962, 21, 502, 523, 503, 960, 316, 830, 237, 681, 184, 2, 57, 94, 993, 891, 203, 572, 113, 451, 1010, 500, 107, 151, 161, 128, 907, 349, 1020, 853, 559, 395, 175, 784, 799, 612, 231, 195, 940, 465, 1027, 410, 377, 187, 394, 606, 323, 957, 39, 986, 890, 945, 293, 946, 4, 727, 591, 507, 897, 747, 50, 472, 171, 373, 140, 803, 909, 605, 894, 289, 1028, 157, 975, 620, 637, 173, 259, 189, 348, 234, 172, 997, 80, 180, 766, 331, 1007, 177, 514, 661, 433, 678, 509, 357, 934, 841, 68, 1005, 207, 987, 83, 118, 135, 635, 519, 597, 694, 511, 751, 270, 941, 273, 701, 51, 958, 931, 826, 847, 1017, 269, 929, 302, 990, 421, 297, 508, 1013, 455, 396, 70, 170, 737, 570, 215, 923, 759, 989, 899, 964, 743, 449, 388, 919, 223, 441, 403, 444, 777, 414, 153, 824, 600, 253, 353, 950, 380, 369, 278, 862, 121, 26, 904, 328, 375, 518, 682, 783, 448, 426, 158, 776, 844, 874, 361, 942, 845, 713, 762, 598, 474, 372, 299, 216, 291, 674, 179, 521, 244, 543, 951, 265, 393, 707, 141, 131, 114, 376, 652, 483, 549, 927, 660, 453, 35, 45, 885, 872, 156, 485, 222, 492, 677, 878, 750, 245, 350, 411, 794, 629, 58, 790, 491, 36, 279, 574, 152, 404, 362, 226, 425, 626, 283, 399, 586, 808, 548, 1025, 875, 97, 412, 834, 552, 19, 1004, 329, 822, 771, 1002, 137, 644, 112, 443, 594, 692, 479, 1031, 675, 566, 182, 150, 868, 582, 440, 402, 684, 311, 854, 206, 542, 392, 755, 820, 1000, 452, 916, 699, 473, 984, 740, 213, 702, 256, 307, 568, 656, 305, 922, 621, 300, 825, 274, 827, 689, 520, 310, 882, 732, 405, 359, 387, 996, 41, 666, 459, 688, 75, 366, 517, 371, 741, 370, 481, 321, 888, 537, 272, 638, 460, 1012, 935, 169, 1021, 126, 3, 908, 816, 61, 551, 650, 1003, 110, 718, 685, 71, 72, 1014, 926, 973, 664, 149, 632, 910, 860, 330, 955, 352, 779, 280, 912, 286, 74, 720, 214, 340, 903, 833, 901, 948, 676, 397, 163, 155, 196, 705, 736, 287, 308, 355, 166, 717, 119, 43, 823, 744, 857, 756, 742, 212, 700, 427, 913, 391, 550, 255, 829, 788, 627, 963, 205, 835, 345, 109, 703, 633, 477, 42, 1030, 956, 204, 431, 837, 577, 851, 381, 504, 539, 575, 436, 275, 712, 108, 581, 408, 967, 530, 413, 855, 429, 789, 417, 246, 13, 653, 999, 573, 178, 385, 363, 378, 691, 959, 981, 775, 680, 876, 65, 106, 401, 30, 786, 578, 1019, 625, 774, 985, 918, 767, 735, 221, 95, 525, 494, 249, 563, 545, 98, 346, 356, 604, 462, 921, 804, 332, 534, 478, 555, 512, 44, 20, 697, 174, 143, 76, 858, 838, 980, 467, 846, 199, 953, 745, 651, 765, 7, 456, 303, 498, 469, 1008, 9, 583, 368, 670, 869, 312, 124, 301, 896, 616, 811, 998, 528, 37, 437, 247, 147, 122, 754, 285, 251, 1033, 389, 793, 724, 562, 704, 120, 954, 100, 708, 81, 16, 146, 138, 772, 738, 493, 710, 73, 516, 295, 432, 398, 82, 722, 123, 527, 165, 446, 915, 870, 558, 25, 257, 202, 384, 976, 739, 69, 290, 729, 695, 367, 420, 263, 599, 800, 832, 240, 505, 667, 183, 952, 419, 556, 871, 294, 1029, 48, 560]
labeling = [682, 362, 942, 1562, 1028, 710, 651, 1874, 768, 1615, 524, 19, 270, 1752, 28, 256, 863, 856, 454, 1402, 487, 721, 421, 792, 782, 1988, 1240, 56, 696, 268, 1786, 644, 238, 13, 300, 1326, 1362, 1910, 160, 1016, 84, 1389, 1571, 1654, 1844, 1328, 814, 780, 2040, 508, 1040, 1146, 702, 746, 624, 358, 574, 944, 943, 294, 668, 1568, 214, 6, 828, 1780, 390, 250, 1112, 2000, 1178, 1580, 1582, 1960, 1614, 1526, 1852, 86, 208, 222, 1084, 1946, 1970, 1120, 8, 874, 638, 816, 190, 830, 128, 544, 98, 608, 946, 1808, 650, 1394, 1820, 244, 1942, 528, 374, 340, 168, 336, 1782, 964, 1730, 1694, 1574, 296, 1418, 956, 1310, 538, 586, 788, 1122, 1652, 1938, 1238, 1918, 1974, 1896, 304, 1560, 18, 970, 750, 308, 1308, 898, 540, 904, 1124, 914, 1414, 1950, 292, 1048, 1306, 428, 1850, 500, 892, 1948, 1916, 640, 1592, 1436, 966, 1368, 1218, 748, 1634, 1334, 1062, 1258, 406, 862, 968, 854, 855, 916, 1978, 1648, 656, 692, 1556, 1180, 1044, 1080, 1070, 1848, 984, 594, 1094, 1760, 1290, 1086, 330, 1434, 2026, 940, 182, 162, 1006, 410, 1074, 722, 354, 842, 464, 178, 994, 1636, 52, 612, 1864, 850, 802, 1992, 952, 1706, 1688, 1452, 1116, 44, 636, 174, 548, 1666, 1476, 1618, 1186, 1284, 430, 766, 234, 902, 1806, 1338, 1206, 372, 598, 1374, 588, 218, 140, 560, 992, 202, 68, 1078, 302, 820, 936, 72, 810, 2020, 170, 316, 26, 1294, 1348, 1750, 1914, 610, 1814, 310, 1924, 498, 1224, 808, 1678, 1480, 1990, 418, 1072, 866, 564, 278, 2012, 338, 1300, 728, 554, 402, 1158, 1138, 436, 1546, 1142, 1498, 1726, 106, 276, 1234, 1364, 1608, 156, 626, 1380, 772, 1922, 1612, 1642, 448, 1058, 2002, 1286, 504, 1024, 2036, 1964, 54, 1168, 694, 1282, 1494, 1898, 1162, 1878, 590, 1488, 618, 1482, 1644, 474, 1506, 1448, 1894, 900, 74, 712, 932, 220, 918, 38, 894, 1540, 836, 1012, 896, 878, 822, 482, 1244, 1406, 1600, 1090, 1834, 458, 226, 200, 844, 704, 468, 282, 1620, 622, 392, 654, 332, 1692, 1822, 592, 1076, 974, 1350, 434, 1604, 1226, 14, 1646, 1824, 1106, 216, 1514, 460, 1266, 1372, 1764, 634, 58, 1528, 2008, 1888, 1232, 1536, 1532, 1280, 1046, 320, 1246, 1312, 1004, 1766, 88, 1230, 1716, 632, 322, 1994, 1762, 102, 1516, 1202, 1928, 886, 1674, 1456, 1302, 1008, 982, 1176, 1632, 1968, 1382, 720, 1784, 1444, 1210, 1370, 1512, 572, 450, 1734, 422, 1002, 1352, 1396, 1740, 1216, 78, 414, 1748, 384, 2030, 2010, 1166, 266, 666, 732, 1376, 1256, 1670, 740, 1744, 114, 1708, 1966, 1100, 502, 10, 1724, 1912, 494, 80, 1442, 1208, 50, 1420, 1212, 664, 1980, 46, 1254, 1200, 846, 958, 1464, 1324, 614, 1174, 1876, 420, 348, 1522, 1550, 350, 1828, 774, 908, 998, 138, 1860, 490, 1882, 34, 446, 1042, 1470, 1278, 476, 714, 1700, 1838, 1426, 754, 1538, 110, 1316, 868, 1336, 76, 440, 360, 872, 824, 1360, 1340, 1956, 1812, 606, 242, 790, 1880, 738, 962, 122, 924, 928, 1718, 2022, 876, 1034, 1170, 1104, 186, 1134, 1842, 318, 1096, 280, 1962, 1530, 1248, 1128, 1504, 1292, 516, 926, 188, 1810, 386, 1976, 1908, 230, 1738, 324, 378, 602, 1836, 62, 442, 1544, 566, 1720, 432, 832, 1454, 1296, 366, 1818, 506, 224, 1388, 1318, 1676, 1570, 1400, 180, 510, 1840, 2032, 314, 1986, 980, 2042, 492, 1934, 1816, 364, 142, 1432, 204, 1484, 416, 1184, 838, 954, 1758, 1366, 1722, 840, 1712, 1790, 312, 212, 1732, 1440, 1886, 616, 706, 1384, 744, 646, 562, 264, 1032, 108, 288, 1422, 520, 398, 1130, 1276, 2014, 1222, 120, 210, 628, 1826, 1054, 1010, 762, 534, 684, 488, 600, 990, 124, 730, 132, 1902, 776, 642, 536, 1066, 1492, 582, 100, 248, 1794, 1378, 1684, 542, 1356, 596, 150, 1594, 1698, 804, 1126, 136, 1068, 1548, 438, 346, 888, 686, 698, 1416, 690, 462, 172, 4, 60, 1572, 1870, 1314, 1754, 290, 376, 1486, 382, 90, 254, 1322, 1098, 532, 396, 1590, 334, 1520, 2024, 36, 660, 1890, 206, 912, 812, 1288, 1430, 1630, 1342, 1102, 272, 1776, 938, 1250, 794, 1446, 1578, 130, 674, 1524, 1502, 580, 1768, 1424, 770, 1132, 2006, 404, 1846, 546, 1468, 1668, 1144, 1478, 1696, 1936, 1638, 522, 1304, 1944, 680, 1958, 452, 1728, 1272, 116, 96, 552, 1650, 1576, 884, 1616, 66, 1972, 198, 1932, 118, 2, 1030, 412, 2004, 228, 734, 1510, 604, 92, 1804, 1640, 1182, 1954, 1998, 1474, 1534, 1664, 1198, 1658, 1868, 400, 1038, 380, 342, 1346, 1136, 144, 870, 1920, 1458, 1662, 700, 726, 1190, 152, 12, 1274, 194, 796, 1872, 1088, 1802, 834, 478, 818, 1410, 1952, 648, 1796, 1774, 1260, 1214, 578, 1606, 154, 480, 670, 1252, 986, 134, 1788, 260, 1682, 1746, 1358, 466, 42, 1930, 1354, 784, 146, 484, 652, 988, 2016, 274, 16, 1050, 1832, 826, 630, 882, 1386, 64, 104, 1904, 920, 20, 246, 558, 1566, 486, 148, 708, 1460, 496, 1408, 1656, 1220, 1496, 1152, 1500, 470, 1680, 934, 70, 2018, 1624, 1398, 1690, 352, 1710, 1856, 0, 32, 1110, 662, 910, 1262, 1270, 1862, 1154, 718, 724, 860, 1714, 94, 978, 1450, 1742, 252, 1660, 1854, 864, 1598, 688, 1236, 176, 906, 620, 736, 164, 1438, 1892, 1984, 2034, 1332, 568, 1264, 1392, 1778, 368, 1344, 196, 512, 798, 1508, 258, 192, 1330, 298, 760, 1542, 158, 1020, 950, 394, 880, 1056, 758, 1900, 1036, 550, 1194, 456, 1626, 166, 1622, 1242, 344, 518, 972, 1564, 1052, 1596, 858, 1610, 1672, 232, 1982, 1466, 514, 1800, 1204, 444, 1830, 1490, 1188, 716, 40, 1586, 1320, 678, 1160, 658, 1150, 326, 328, 1108, 1554, 764, 672, 426, 584, 996, 1140, 1268, 752, 408, 1022, 1026, 112, 1628, 848, 1228, 1298, 2028, 1866, 1940, 1602, 1704, 1014, 1148, 1770, 930, 82, 922, 1686, 1196, 30, 676, 1736, 424, 576, 262, 22, 890, 1588, 356, 1064, 1996, 184, 24, 800, 1858, 1772, 284, 388, 1472, 1798, 1018, 1118, 786, 1192, 1164, 806, 236, 948, 370, 530, 1518, 1082, 1906, 1756, 1462, 778, 1412, 1403, 1404, 1114, 48, 1092, 1884, 526, 960, 742, 1552, 1172, 1584, 240, 126, 1156, 852, 1792, 976, 1558, 286, 556, 472, 1390, 570, 1000, 1060, 2038, 1702, 1428, 756, 1926, 306]
convergência = []

===== FIM =====
