===== RESULTADO BRKGA L(2,1) =====
Arquivo: /Users/mateuspedrosa/Documents/TCC-II/BRKGA/data/NR_DIMACS_cleaned/MANN-a27_clean.mtx

----- Execução #1 -----
[INFO] Time limit atingido: 15 minutos. Interrompido no meio de uma geração.
Tempo de execução: 900302ms
Span (lambda): 717
best_order = [160, 122, 357, 332, 349, 65, 371, 202, 373, 58, 256, 246, 343, 93, 336, 328, 211, 35, 191, 143, 116, 86, 265, 33, 121, 297, 90, 129, 64, 95, 79, 139, 262, 364, 60, 66, 198, 356, 186, 300, 273, 84, 325, 231, 295, 55, 241, 257, 22, 274, 61, 4, 203, 37, 243, 355, 275, 229, 156, 210, 9, 239, 304, 155, 283, 127, 314, 110, 303, 212, 296, 6, 12, 282, 43, 223, 244, 47, 52, 146, 311, 27, 319, 288, 183, 112, 248, 13, 338, 327, 348, 20, 370, 321, 352, 238, 105, 224, 187, 324, 59, 49, 163, 204, 234, 108, 315, 28, 363, 280, 189, 277, 253, 106, 351, 71, 97, 185, 267, 10, 1, 240, 227, 123, 190, 225, 117, 251, 147, 165, 232, 111, 194, 217, 362, 124, 207, 162, 78, 118, 266, 131, 109, 44, 268, 89, 354, 279, 221, 214, 32, 34, 74, 310, 36, 309, 323, 149, 286, 50, 172, 255, 161, 302, 278, 235, 75, 85, 289, 359, 114, 340, 56, 375, 342, 261, 237, 133, 54, 206, 5, 19, 220, 329, 46, 68, 39, 284, 175, 83, 347, 138, 258, 96, 317, 134, 358, 181, 290, 142, 318, 88, 148, 166, 126, 136, 8, 305, 82, 104, 151, 326, 2, 285, 341, 216, 249, 269, 115, 30, 344, 29, 180, 87, 228, 345, 26, 62, 264, 298, 81, 366, 23, 293, 7, 346, 150, 184, 335, 330, 128, 169, 48, 292, 57, 252, 312, 272, 306, 157, 334, 263, 16, 218, 197, 291, 159, 182, 271, 192, 188, 331, 42, 100, 307, 376, 144, 130, 125, 15, 299, 154, 368, 260, 107, 171, 360, 178, 173, 31, 195, 369, 0, 350, 69, 174, 242, 377, 45, 199, 201, 119, 3, 245, 72, 367, 41, 40, 67, 287, 113, 76, 152, 102, 53, 281, 308, 213, 233, 164, 38, 21, 25, 230, 158, 120, 301, 103, 92, 372, 73, 247, 208, 18, 205, 14, 91, 17, 101, 209, 140, 193, 236, 215, 374, 333, 276, 168, 339, 337, 63, 294, 80, 254, 316, 153, 322, 24, 135, 353, 51, 361, 167, 132, 365, 250, 94, 98, 170, 177, 313, 77, 70, 222, 11, 259, 226, 200, 145, 137, 270, 196, 141, 320, 219, 99, 179, 176]
labeling = [553, 240, 424, 383, 102, 360, 142, 465, 412, 120, 238, 706, 144, 174, 632, 289, 15, 223, 628, 362, 182, 606, 96, 462, 601, 583, 39, 162, 214, 442, 438, 547, 300, 46, 302, 34, 308, 106, 604, 372, 578, 577, 517, 148, 286, 563, 368, 154, 481, 202, 318, 678, 156, 592, 356, 90, 344, 485, 18, 200, 68, 100, 452, 660, 56, 10, 70, 580, 370, 555, 702, 230, 573, 622, 304, 332, 586, 700, 276, 60, 664, 458, 416, 378, 82, 334, 42, 446, 402, 290, 52, 634, 618, 26, 690, 58, 386, 232, 692, 728, 519, 636, 590, 616, 418, 192, 226, 537, 210, 284, 134, 262, 170, 584, 340, 436, 40, 252, 278, 569, 612, 48, 2, 246, 270, 529, 408, 130, 477, 54, 527, 282, 684, 354, 390, 674, 410, 716, 382, 62, 640, 722, 398, 38, 525, 714, 158, 256, 404, 314, 469, 420, 588, 670, 533, 126, 116, 495, 610, 505, 0, 324, 274, 204, 602, 258, 406, 682, 654, 479, 694, 539, 320, 545, 557, 376, 732, 696, 543, 730, 444, 394, 507, 168, 471, 234, 76, 196, 513, 220, 248, 36, 511, 642, 264, 549, 720, 503, 72, 565, 712, 567, 14, 104, 206, 630, 358, 272, 626, 638, 118, 32, 138, 598, 298, 646, 430, 266, 501, 726, 364, 296, 704, 150, 194, 250, 710, 244, 448, 114, 608, 86, 260, 600, 208, 330, 644, 352, 190, 122, 242, 92, 559, 108, 152, 571, 22, 624, 172, 432, 688, 254, 487, 224, 666, 322, 20, 94, 384, 708, 535, 350, 64, 499, 454, 44, 280, 236, 288, 434, 718, 509, 491, 80, 98, 112, 652, 222, 328, 294, 218, 594, 146, 128, 374, 426, 316, 582, 166, 336, 396, 464, 483, 463, 662, 88, 140, 50, 456, 531, 78, 614, 326, 136, 124, 414, 493, 521, 596, 310, 306, 160, 489, 698, 132, 212, 668, 388, 400, 164, 724, 186, 672, 312, 198, 84, 422, 178, 30, 366, 475, 515, 6, 650, 497, 473, 28, 658, 176, 656, 342, 428, 348, 24, 440, 450, 467, 380, 180, 8, 181, 228, 188, 676, 292, 110, 74, 4, 392, 338, 541, 680, 268, 216, 66, 686, 460, 575, 461, 551, 184, 12, 620, 16, 648, 346, 523, 561]
convergência = [718]

===== FIM =====
