===== RESULTADO BRKGA L(2,1) =====
Arquivo: /Users/mateuspedrosa/Documents/TCC-II/BRKGA/data/Harwell-Boeing_cleaned/mbeause_clean.mtx

----- Execução #1 -----
[INFO] Time limit atingido: 15 minutos. Interrompido no meio de uma geração.
Tempo de execução: 900092ms
Span (lambda): 497
best_order = [344, 450, 410, 483, 403, 227, 109, 93, 166, 486, 361, 189, 286, 30, 27, 440, 228, 460, 190, 445, 342, 229, 38, 6, 3, 390, 281, 194, 310, 31, 291, 108, 329, 287, 62, 353, 178, 138, 58, 155, 404, 422, 209, 173, 468, 381, 380, 48, 205, 464, 268, 462, 251, 144, 489, 125, 455, 41, 295, 39, 345, 326, 378, 337, 335, 159, 266, 385, 170, 308, 270, 280, 401, 359, 175, 296, 269, 346, 369, 55, 413, 137, 275, 356, 350, 14, 349, 293, 360, 368, 306, 127, 8, 221, 374, 1, 452, 469, 113, 407, 236, 169, 334, 282, 288, 214, 74, 278, 72, 133, 231, 217, 130, 301, 188, 95, 15, 186, 289, 260, 165, 33, 262, 43, 241, 264, 480, 59, 383, 200, 419, 435, 4, 182, 427, 421, 389, 96, 387, 40, 247, 60, 438, 143, 237, 89, 475, 375, 22, 223, 29, 151, 417, 434, 339, 92, 277, 442, 152, 376, 50, 304, 420, 336, 391, 210, 120, 216, 11, 110, 402, 180, 352, 451, 150, 320, 330, 65, 103, 348, 453, 154, 13, 370, 114, 97, 405, 372, 201, 366, 294, 267, 68, 192, 104, 255, 225, 218, 212, 274, 0, 94, 119, 341, 252, 23, 203, 70, 285, 226, 141, 394, 473, 448, 163, 324, 117, 179, 471, 64, 338, 302, 298, 21, 477, 454, 56, 73, 9, 63, 243, 102, 439, 134, 400, 44, 409, 312, 153, 71, 85, 254, 12, 69, 149, 393, 347, 428, 257, 325, 198, 135, 18, 259, 230, 485, 101, 51, 365, 142, 124, 45, 426, 76, 80, 136, 305, 384, 140, 235, 482, 42, 202, 283, 167, 174, 406, 466, 478, 494, 34, 7, 160, 84, 35, 474, 245, 107, 213, 311, 292, 232, 83, 351, 156, 248, 193, 379, 219, 300, 328, 126, 90, 408, 131, 307, 432, 199, 444, 25, 479, 52, 392, 441, 467, 146, 437, 418, 147, 299, 364, 46, 112, 158, 105, 313, 491, 57, 459, 77, 284, 276, 490, 185, 88, 357, 317, 411, 100, 355, 5, 81, 79, 447, 16, 333, 118, 458, 425, 54, 362, 122, 322, 449, 176, 171, 470, 172, 395, 319, 208, 263, 457, 187, 222, 415, 396, 177, 443, 78, 363, 191, 272, 495, 234, 290, 412, 246, 115, 66, 386, 371, 416, 148, 465, 279, 116, 367, 183, 488, 297, 399, 196, 67, 414, 206, 343, 128, 233, 315, 377, 309, 20, 331, 36, 91, 461, 273, 476, 430, 484, 123, 456, 145, 463, 129, 487, 98, 481, 111, 431, 388, 26, 271, 433, 358, 37, 224, 242, 472, 332, 2, 28, 318, 157, 258, 321, 303, 61, 253, 446, 211, 398, 244, 424, 139, 373, 354, 250, 181, 164, 197, 204, 240, 429, 249, 19, 121, 75, 314, 49, 238, 162, 87, 256, 86, 323, 340, 82, 423, 493, 10, 17, 261, 24, 168, 316, 397, 161, 239, 184, 220, 382, 195, 327, 265, 132, 215, 53, 492, 106, 207, 32, 47, 436, 99]
labeling = [187, 103, 399, 33, 105, 316, 31, 288, 58, 240, 342, 177, 195, 191, 96, 60, 354, 479, 263, 443, 359, 232, 159, 215, 481, 314, 437, 17, 450, 156, 18, 40, 498, 3, 286, 292, 411, 444, 30, 72, 147, 68, 277, 52, 246, 269, 283, 500, 57, 472, 172, 259, 307, 496, 361, 89, 233, 336, 5, 135, 149, 441, 37, 239, 229, 185, 388, 353, 205, 255, 189, 251, 116, 238, 114, 470, 261, 337, 385, 350, 271, 348, 482, 297, 291, 248, 477, 475, 340, 155, 310, 419, 167, 11, 210, 124, 142, 196, 433, 502, 333, 267, 242, 178, 202, 331, 497, 293, 42, 10, 168, 435, 329, 110, 194, 395, 404, 219, 356, 193, 164, 469, 363, 417, 268, 64, 308, 100, 357, 431, 125, 311, 494, 121, 244, 262, 25, 23, 21, 458, 273, 214, 266, 146, 61, 424, 324, 309, 351, 250, 184, 148, 150, 235, 190, 43, 299, 384, 330, 78, 289, 487, 474, 224, 463, 120, 12, 280, 483, 113, 80, 368, 372, 51, 237, 69, 366, 381, 45, 221, 181, 462, 140, 403, 489, 338, 129, 378, 127, 16, 24, 387, 207, 300, 36, 491, 406, 464, 260, 315, 134, 201, 278, 217, 466, 7, 412, 499, 367, 50, 162, 453, 206, 27, 119, 495, 176, 122, 154, 304, 488, 98, 226, 161, 445, 209, 216, 9, 20, 29, 265, 123, 295, 416, 391, 275, 112, 153, 473, 401, 468, 132, 447, 241, 456, 290, 382, 144, 301, 467, 461, 56, 213, 451, 253, 204, 476, 257, 448, 264, 130, 428, 131, 373, 133, 493, 77, 198, 49, 87, 83, 439, 389, 422, 211, 91, 341, 169, 118, 402, 85, 34, 115, 279, 339, 212, 15, 35, 117, 128, 393, 39, 296, 99, 200, 70, 71, 407, 230, 327, 306, 126, 231, 452, 173, 272, 102, 312, 81, 408, 38, 294, 249, 332, 471, 418, 485, 347, 446, 374, 186, 438, 364, 478, 225, 258, 73, 492, 303, 44, 183, 421, 449, 355, 94, 74, 174, 76, 223, 158, 480, 208, 28, 414, 0, 63, 88, 254, 180, 97, 95, 298, 182, 41, 460, 346, 93, 345, 442, 84, 92, 14, 362, 386, 328, 228, 203, 405, 101, 82, 192, 398, 199, 459, 104, 152, 166, 420, 75, 302, 55, 47, 490, 137, 274, 79, 396, 145, 436, 143, 32, 175, 319, 252, 218, 318, 380, 486, 455, 409, 245, 86, 179, 8, 46, 197, 281, 111, 305, 247, 4, 349, 394, 90, 410, 379, 397, 163, 325, 139, 160, 141, 48, 484, 457, 360, 270, 138, 256, 465, 425, 434, 313, 440, 165, 136, 501, 326, 151, 243, 19, 320, 171, 383, 317, 26, 454, 352, 222, 365, 2, 170, 106, 188, 236, 66, 427, 376, 358, 335, 22, 415, 1, 429, 59, 400, 282, 322, 53, 108, 370, 227, 413, 220, 287, 157, 423, 234, 284, 109, 54, 426, 276, 6, 375, 67, 13, 432, 285, 62, 343, 334, 0, 0, 0, 0]
convergência = [499, 499, 498, 498, 497]

===== FIM =====
