===== RESULTADO BRKGA L(2,1) =====
Arquivo: /Users/mateuspedrosa/Documents/TCC-II/BRKGA/data/Harwell-Boeing_cleaned/mbeacxc_clean.mtx

----- Execução #1 -----
[INFO] Time limit atingido: 15 minutos. Interrompido no meio de uma geração.
Tempo de execução: 900075ms
Span (lambda): 492
best_order = [6, 19, 290, 472, 128, 446, 342, 100, 423, 56, 174, 428, 248, 24, 495, 144, 398, 375, 27, 430, 47, 184, 193, 117, 447, 203, 410, 327, 311, 259, 475, 151, 202, 361, 324, 143, 381, 253, 48, 332, 185, 161, 297, 270, 473, 390, 376, 129, 198, 227, 11, 371, 357, 25, 177, 86, 26, 14, 121, 319, 126, 465, 349, 228, 159, 76, 249, 279, 197, 291, 62, 374, 176, 93, 308, 407, 71, 15, 443, 165, 103, 153, 299, 160, 243, 65, 276, 431, 204, 274, 477, 296, 348, 467, 16, 337, 216, 466, 31, 262, 457, 145, 89, 123, 379, 82, 402, 418, 35, 64, 288, 162, 21, 419, 57, 313, 254, 77, 358, 368, 231, 38, 458, 241, 72, 13, 107, 217, 122, 40, 28, 471, 146, 359, 479, 326, 110, 10, 321, 150, 250, 91, 242, 263, 118, 283, 55, 438, 139, 345, 4, 264, 102, 492, 315, 305, 188, 78, 221, 456, 194, 463, 178, 53, 448, 271, 90, 453, 60, 268, 334, 426, 401, 468, 46, 39, 427, 1, 2, 148, 120, 306, 300, 480, 450, 424, 335, 310, 59, 387, 470, 85, 384, 34, 94, 388, 469, 115, 229, 113, 234, 344, 405, 377, 142, 370, 167, 136, 190, 119, 489, 9, 267, 278, 172, 83, 98, 464, 258, 124, 67, 182, 49, 437, 365, 181, 191, 189, 246, 180, 209, 96, 434, 20, 440, 37, 111, 416, 329, 487, 219, 373, 43, 235, 389, 281, 316, 255, 256, 476, 183, 364, 164, 104, 494, 52, 220, 285, 158, 409, 73, 134, 292, 251, 272, 436, 391, 163, 137, 339, 173, 421, 266, 493, 195, 367, 187, 133, 199, 411, 417, 70, 312, 429, 488, 366, 336, 226, 154, 130, 108, 474, 155, 127, 341, 330, 351, 393, 414, 449, 79, 50, 420, 462, 205, 157, 400, 257, 212, 105, 245, 63, 320, 237, 201, 378, 385, 196, 294, 3, 273, 92, 483, 211, 175, 179, 192, 333, 224, 238, 478, 396, 442, 323, 138, 41, 397, 23, 369, 433, 112, 206, 240, 298, 54, 435, 131, 343, 247, 452, 445, 413, 7, 454, 260, 12, 5, 135, 141, 42, 490, 485, 80, 17, 347, 441, 213, 61, 36, 372, 8, 395, 156, 45, 244, 277, 230, 360, 304, 461, 275, 140, 101, 18, 383, 265, 114, 350, 408, 301, 432, 252, 460, 403, 486, 322, 261, 356, 482, 236, 84, 97, 386, 362, 422, 152, 87, 481, 109, 222, 328, 166, 404, 149, 51, 58, 338, 282, 208, 455, 32, 223, 132, 22, 352, 325, 171, 353, 214, 340, 307, 286, 303, 314, 30, 88, 106, 29, 66, 439, 269, 451, 125, 363, 380, 284, 459, 168, 280, 95, 293, 68, 354, 0, 289, 207, 318, 484, 425, 210, 186, 309, 169, 412, 317, 394, 382, 331, 75, 225, 170, 74, 69, 346, 444, 239, 218, 415, 355, 200, 33, 392, 81, 491, 399, 215, 44, 287, 233, 147, 295, 302, 116, 232, 99, 406]
labeling = [464, 180, 178, 324, 157, 359, 0, 330, 380, 222, 126, 46, 352, 25, 53, 0, 86, 376, 393, 1, 246, 119, 434, 347, 13, 51, 59, 17, 137, 451, 449, 101, 425, 170, 206, 115, 354, 248, 124, 187, 135, 344, 371, 186, 495, 382, 176, 18, 39, 236, 305, 419, 264, 161, 346, 153, 9, 120, 372, 198, 179, 378, 66, 316, 116, 64, 437, 184, 443, 479, 231, 79, 133, 269, 461, 459, 68, 123, 163, 309, 375, 486, 110, 228, 413, 197, 48, 421, 450, 107, 175, 143, 327, 77, 199, 462, 244, 415, 230, 498, 8, 391, 159, 84, 263, 314, 445, 134, 300, 417, 128, 249, 328, 214, 397, 210, 496, 22, 148, 141, 189, 58, 138, 108, 234, 452, 63, 301, 4, 50, 298, 357, 427, 285, 271, 368, 82, 277, 343, 151, 386, 369, 220, 36, 14, 102, 132, 201, 80, 412, 147, 33, 420, 23, 288, 290, 367, 311, 267, 71, 85, 43, 111, 276, 262, 83, 414, 221, 457, 472, 477, 440, 226, 279, 10, 332, 76, 57, 171, 333, 243, 239, 235, 260, 20, 41, 469, 284, 162, 241, 223, 238, 334, 21, 167, 281, 318, 74, 52, 286, 488, 321, 32, 26, 92, 307, 353, 468, 423, 242, 470, 331, 313, 215, 442, 494, 93, 136, 484, 252, 265, 164, 410, 432, 337, 478, 292, 54, 69, 212, 387, 113, 500, 497, 216, 254, 408, 319, 320, 396, 355, 131, 150, 87, 383, 315, 240, 233, 12, 70, 149, 272, 403, 38, 122, 257, 258, 299, 224, 30, 356, 168, 103, 145, 158, 395, 282, 227, 173, 454, 45, 174, 273, 326, 91, 390, 88, 385, 229, 73, 340, 192, 428, 152, 458, 266, 448, 398, 117, 467, 3, 60, 270, 463, 325, 499, 96, 42, 348, 62, 191, 394, 501, 435, 389, 156, 190, 446, 72, 471, 196, 28, 291, 121, 447, 160, 256, 475, 433, 61, 317, 146, 409, 342, 35, 438, 144, 29, 422, 251, 302, 476, 40, 336, 181, 195, 296, 100, 426, 278, 444, 297, 5, 358, 218, 154, 480, 370, 89, 67, 399, 304, 436, 439, 465, 487, 411, 56, 125, 142, 388, 34, 365, 455, 261, 139, 294, 283, 127, 349, 219, 55, 379, 253, 75, 16, 44, 213, 322, 109, 456, 37, 441, 392, 204, 323, 416, 200, 205, 255, 49, 275, 490, 306, 474, 381, 335, 345, 15, 489, 312, 183, 112, 407, 424, 211, 503, 78, 401, 268, 27, 287, 473, 364, 308, 485, 250, 289, 114, 118, 310, 280, 418, 7, 166, 466, 182, 188, 11, 293, 19, 90, 400, 351, 245, 350, 274, 237, 155, 453, 247, 377, 341, 81, 482, 362, 6, 24, 172, 303, 193, 106, 360, 177, 366, 430, 165, 105, 129, 460, 405, 384, 194, 169, 232, 65, 95, 98, 185, 208, 202, 140, 2, 47, 295, 31, 259, 94, 339, 104, 130, 207, 402, 329, 0, 0, 338, 0, 0, 225, 373, 492, 0, 0, 0, 0]
convergência = [493, 493, 493, 492]

===== FIM =====
