===== RESULTADO BRKGA L(2,1) =====
Arquivo: /Users/mateuspedrosa/Documents/TCC-II/BRKGA/data/Harwell-Boeing_cleaned/mbeaflw_clean.mtx

----- Execução #1 -----
[INFO] Time limit atingido: 15 minutos. Interrompido no meio de uma geração.
Tempo de execução: 900101ms
Span (lambda): 492
best_order = [389, 131, 276, 139, 195, 363, 125, 394, 137, 423, 203, 78, 425, 223, 409, 456, 14, 451, 57, 99, 331, 255, 429, 63, 470, 272, 336, 98, 26, 222, 189, 145, 48, 216, 388, 187, 220, 2, 159, 72, 418, 432, 210, 354, 199, 443, 204, 260, 128, 274, 254, 93, 335, 476, 47, 16, 190, 105, 322, 160, 9, 434, 135, 464, 364, 136, 359, 81, 76, 59, 17, 45, 267, 379, 188, 184, 280, 224, 350, 419, 82, 192, 240, 66, 108, 179, 339, 148, 91, 299, 173, 251, 293, 438, 433, 43, 96, 65, 358, 147, 53, 168, 104, 121, 90, 28, 215, 67, 163, 483, 399, 482, 307, 351, 283, 164, 306, 198, 356, 180, 102, 115, 471, 405, 269, 158, 312, 15, 400, 242, 25, 197, 369, 442, 337, 46, 477, 20, 347, 166, 452, 278, 412, 475, 266, 325, 61, 141, 22, 140, 466, 300, 3, 241, 246, 374, 77, 326, 431, 149, 420, 284, 492, 257, 417, 314, 237, 112, 234, 11, 24, 51, 344, 370, 262, 311, 305, 288, 132, 265, 355, 7, 391, 174, 328, 455, 485, 252, 360, 153, 275, 116, 12, 247, 109, 201, 368, 221, 444, 259, 239, 345, 459, 377, 31, 117, 407, 213, 244, 211, 243, 270, 154, 382, 155, 34, 228, 296, 469, 214, 285, 436, 430, 315, 218, 49, 472, 172, 55, 194, 281, 447, 488, 162, 357, 427, 151, 268, 56, 491, 282, 465, 421, 238, 422, 287, 133, 428, 424, 383, 95, 338, 178, 263, 362, 250, 144, 410, 205, 486, 273, 277, 182, 208, 297, 156, 406, 415, 463, 226, 372, 484, 6, 301, 30, 248, 386, 8, 10, 235, 79, 375, 113, 5, 40, 32, 236, 86, 384, 489, 134, 361, 332, 200, 185, 23, 258, 130, 352, 50, 292, 487, 18, 387, 440, 54, 454, 458, 414, 92, 70, 378, 202, 392, 381, 319, 393, 177, 385, 83, 334, 413, 416, 193, 165, 88, 60, 461, 152, 126, 233, 42, 74, 122, 490, 441, 229, 321, 480, 249, 303, 171, 446, 111, 71, 493, 294, 39, 114, 295, 52, 467, 36, 286, 453, 120, 231, 101, 291, 318, 343, 161, 169, 85, 290, 324, 38, 75, 41, 256, 330, 186, 124, 316, 209, 473, 69, 253, 37, 462, 445, 264, 353, 340, 329, 478, 146, 167, 21, 64, 110, 401, 138, 437, 94, 87, 342, 346, 450, 313, 448, 333, 207, 1, 494, 439, 408, 13, 100, 468, 217, 219, 390, 279, 62, 157, 19, 119, 206, 435, 309, 176, 474, 123, 129, 380, 481, 127, 118, 80, 170, 341, 367, 398, 304, 142, 35, 227, 371, 404, 212, 426, 397, 225, 402, 308, 58, 449, 373, 327, 33, 183, 395, 495, 479, 84, 349, 302, 460, 97, 29, 457, 289, 68, 196, 403, 73, 261, 181, 245, 366, 230, 150, 310, 232, 0, 411, 320, 365, 27, 348, 106, 376, 143, 271, 323, 4, 298, 175, 89, 107, 44, 317, 396, 191, 103]
labeling = [487, 338, 30, 158, 340, 252, 250, 148, 201, 66, 203, 146, 175, 236, 18, 0, 60, 75, 309, 427, 145, 390, 154, 302, 169, 103, 32, 489, 107, 473, 282, 206, 290, 26, 218, 449, 367, 393, 369, 359, 291, 383, 331, 68, 500, 76, 113, 58, 36, 230, 304, 125, 358, 99, 271, 233, 245, 19, 238, 73, 339, 152, 371, 25, 404, 91, 83, 70, 466, 391, 308, 350, 40, 479, 333, 382, 74, 162, 10, 287, 441, 72, 88, 330, 467, 376, 292, 409, 312, 499, 109, 95, 306, 54, 408, 259, 93, 464, 24, 20, 420, 342, 119, 505, 106, 61, 491, 501, 94, 197, 405, 352, 115, 289, 361, 121, 173, 210, 440, 362, 372, 108, 344, 429, 381, 4, 341, 439, 52, 437, 303, 1, 185, 255, 298, 63, 47, 8, 360, 5, 156, 153, 446, 494, 248, 35, 345, 28, 26, 167, 484, 242, 327, 163, 215, 219, 274, 316, 133, 41, 64, 375, 239, 112, 117, 337, 144, 399, 101, 377, 442, 353, 232, 97, 171, 498, 435, 328, 261, 85, 128, 480, 272, 454, 80, 299, 385, 39, 79, 34, 59, 504, 90, 336, 234, 2, 468, 134, 124, 46, 300, 198, 321, 11, 50, 266, 432, 419, 269, 387, 44, 212, 450, 131, 224, 110, 16, 425, 228, 426, 38, 200, 33, 15, 82, 457, 276, 448, 216, 349, 483, 374, 486, 343, 179, 286, 293, 177, 246, 129, 92, 159, 139, 213, 208, 481, 49, 195, 284, 314, 264, 98, 194, 392, 55, 23, 379, 172, 301, 204, 51, 278, 184, 262, 397, 160, 127, 77, 243, 123, 214, 495, 29, 268, 53, 165, 3, 270, 149, 430, 81, 235, 249, 120, 170, 226, 368, 254, 188, 477, 378, 318, 307, 100, 357, 363, 220, 273, 496, 87, 157, 283, 458, 335, 447, 186, 122, 111, 461, 434, 485, 183, 135, 415, 176, 229, 386, 502, 373, 324, 490, 351, 62, 497, 380, 151, 164, 465, 190, 400, 384, 21, 297, 416, 323, 56, 31, 141, 260, 96, 398, 443, 410, 354, 181, 205, 411, 142, 492, 469, 84, 118, 305, 388, 45, 187, 126, 240, 104, 71, 196, 295, 263, 6, 65, 460, 482, 444, 199, 138, 182, 451, 281, 463, 161, 288, 493, 209, 320, 78, 438, 310, 217, 258, 294, 329, 285, 311, 37, 0, 428, 189, 322, 326, 7, 456, 503, 455, 445, 116, 137, 406, 459, 478, 453, 132, 275, 211, 421, 12, 265, 488, 150, 332, 319, 277, 334, 174, 42, 86, 168, 244, 253, 9, 257, 13, 452, 241, 256, 22, 227, 166, 43, 102, 67, 356, 225, 407, 89, 418, 313, 348, 140, 48, 202, 395, 355, 237, 417, 462, 413, 14, 147, 370, 315, 192, 17, 475, 317, 207, 471, 325, 178, 279, 69, 251, 155, 365, 423, 222, 27, 130, 231, 389, 436, 136, 57, 143, 402, 412, 221, 223, 105, 114, 0, 0, 267, 0, 0, 296, 346, 247, 0, 0, 0, 0]
convergência = [493, 493, 493, 492]

===== FIM =====
