===== RESULTADO BRKGA L(2,1) =====
Arquivo: /Users/mateuspedrosa/Documents/TCC-II/BRKGA/data/Harwell-Boeing_cleaned/nnc1374_clean.mtx

----- Execução #1 -----
[INFO] Parou por estagnação.
Tempo de execução: 133447ms
Span (lambda): 23
best_order = [51, 25, 576, 1258, 408, 1188, 1213, 1348, 1281, 267, 481, 1126, 1318, 153, 1299, 335, 24, 1039, 1236, 171, 787, 442, 508, 120, 1140, 813, 453, 1086, 255, 1321, 1207, 310, 6, 651, 433, 1145, 405, 447, 321, 375, 601, 1061, 505, 360, 1132, 629, 224, 195, 1292, 631, 1167, 825, 1253, 245, 639, 1201, 198, 958, 461, 560, 705, 132, 863, 468, 294, 765, 1216, 879, 714, 225, 1047, 748, 55, 317, 1196, 678, 488, 618, 1340, 770, 414, 376, 829, 596, 477, 688, 5, 654, 514, 395, 263, 624, 604, 1035, 1303, 602, 1209, 728, 124, 157, 648, 123, 773, 917, 666, 721, 14, 1355, 587, 421, 1195, 183, 1004, 679, 634, 287, 1152, 1204, 1245, 811, 1347, 506, 778, 782, 970, 210, 684, 1185, 373, 1360, 750, 1324, 463, 1066, 568, 1062, 1330, 1089, 1180, 1081, 1230, 957, 1147, 166, 991, 1248, 693, 57, 254, 793, 241, 226, 818, 344, 733, 208, 1033, 318, 1263, 1133, 521, 525, 393, 251, 1096, 744, 1030, 516, 68, 1084, 925, 1231, 339, 873, 78, 1371, 361, 149, 79, 592, 76, 377, 794, 827, 50, 259, 798, 495, 449, 861, 1239, 994, 1001, 139, 800, 313, 931, 545, 136, 719, 457, 444, 413, 154, 696, 196, 916, 1199, 720, 1370, 472, 1250, 619, 1345, 752, 1203, 286, 812, 126, 256, 292, 947, 547, 325, 933, 726, 1194, 86, 176, 23, 160, 571, 1093, 112, 1178, 250, 1123, 868, 665, 731, 1200, 498, 1359, 784, 358, 1102, 467, 989, 858, 884, 801, 75, 236, 710, 299, 244, 845, 398, 959, 1077, 966, 653, 469, 1088, 670, 772, 135, 337, 1278, 425, 435, 1317, 1349, 577, 370, 170, 906, 35, 981, 599, 355, 175, 540, 1333, 836, 890, 935, 672, 28, 1225, 406, 709, 1259, 459, 220, 384, 995, 944, 570, 549, 402, 1202, 1151, 903, 111, 1027, 542, 109, 58, 328, 21, 934, 910, 445, 567, 9, 839, 655, 1367, 15, 3, 103, 677, 1003, 122, 10, 1232, 48, 951, 922, 336, 885, 1044, 789, 824, 1363, 200, 1098, 915, 804, 837, 99, 1, 1124, 788, 428, 1071, 865, 539, 799, 700, 676, 165, 152, 73, 270, 866, 643, 107, 1050, 1176, 548, 319, 1241, 115, 1219, 347, 1118, 141, 1006, 998, 1334, 898, 260, 1337, 723, 522, 675, 563, 1212, 1325, 487, 650, 908, 921, 1173, 324, 167, 738, 955, 1353, 559, 1271, 760, 1119, 1315, 1137, 59, 669, 1038, 717, 338, 531, 104, 554, 1048, 657, 455, 1153, 1036, 387, 330, 913, 217, 262, 1160, 307, 964, 327, 609, 929, 341, 437, 1108, 536, 350, 1233, 734, 348, 683, 1049, 316, 775, 1211, 961, 1210, 303, 415, 364, 1085, 706, 497, 1156, 1094, 659, 304, 840, 1311, 797, 482, 777, 494, 526, 638, 1302, 1120, 427, 727, 13, 218, 627, 486, 780, 593, 116, 598, 419, 907, 288, 228, 927, 1329, 630, 1046, 972, 424, 490, 416, 518, 308, 158, 742, 446, 790, 1111, 1011, 993, 368, 265, 803, 844, 558, 147, 607, 687, 729, 298, 203, 583, 1163, 833, 764, 1054, 1228, 20, 1021, 815, 52, 397, 342, 206, 268, 113, 179, 969, 579, 633, 142, 713, 323, 258, 379, 971, 533, 674, 1223, 1316, 371, 26, 584, 698, 1301, 1309, 553, 283, 465, 667, 1197, 62, 41, 496, 1028, 980, 1067, 565, 417, 920, 1017, 1186, 937, 1031, 314, 353, 49, 137, 1138, 932, 1342, 1254, 1276, 1105, 635, 125, 27, 430, 1053, 257, 1358, 400, 31, 40, 810, 950, 423, 730, 1240, 948, 1222, 354, 285, 185, 822, 441, 828, 1040, 102, 783, 945, 761, 1242, 159, 155, 702, 1029, 140, 741, 591, 61, 253, 1295, 2, 451, 569, 466, 1103, 1142, 1218, 851, 391, 737, 1298, 1130, 999, 11, 786, 887, 1262, 987, 1351, 509, 1082, 1060, 1141, 234, 527, 895, 1146, 739, 264, 725, 460, 1319, 695, 7, 386, 85, 990, 949, 174, 897, 340, 1226, 997, 1184, 900, 532, 474, 389, 582, 346, 22, 715, 1012, 150, 926, 252, 202, 1149, 862, 914, 703, 974, 1135, 849, 399, 212, 860, 512, 510, 1305, 595, 177, 699, 392, 1289, 1372, 1172, 973, 740, 984, 156, 732, 1166, 855, 779, 302, 668, 600, 647, 1310, 919, 146, 1267, 1097, 1056, 686, 279, 1063, 273, 278, 1068, 1183, 1009, 749, 173, 180, 438, 755, 605, 345, 101, 1368, 232, 418, 290, 181, 1148, 452, 923, 281, 746, 295, 1335, 80, 754, 493, 17, 187, 16, 918, 1208, 846, 439, 422, 1220, 1272, 954, 1127, 1227, 603, 380, 168, 1234, 1175, 92, 1270, 74, 1057, 118, 213, 138, 1090, 53, 1117, 216, 134, 1192, 941, 1051, 401, 1275, 1224, 1122, 781, 1129, 691, 830, 535, 18, 1150, 671, 1168, 197, 178, 566, 190, 305, 229, 805, 867, 1344, 1235, 39, 1026, 1296, 785, 1157, 769, 1022, 636, 942, 381, 8, 409, 1260, 1338, 333, 211, 712, 1052, 385, 808, 396, 519, 372, 454, 673, 1024, 1369, 886, 1139, 528, 892, 697, 756, 924, 1206, 1182, 823, 613, 117, 161, 37, 660, 1326, 476, 524, 83, 96, 1134, 1131, 842, 1364, 848, 1155, 564, 388, 1014, 1269, 1055, 1070, 1286, 1165, 880, 274, 1273, 1073, 1346, 556, 763, 261, 1007, 701, 1332, 1032, 838, 473, 1287, 1279, 1261, 1091, 1288, 193, 1114, 431, 151, 491, 1083, 555, 489, 471, 280, 1252, 89, 436, 127, 1041, 172, 504, 1327, 762, 978, 939, 751, 1243, 1078, 642, 148, 81, 802, 523, 231, 1019, 1037, 322, 875, 1274, 88, 960, 221, 543, 747, 1000, 513, 332, 1284, 585, 692, 809, 230, 776, 707, 214, 1013, 188, 507, 233, 871, 204, 850, 902, 462, 60, 1294, 1034, 362, 1266, 962, 334, 71, 1328, 581, 219, 996, 356, 876, 795, 708, 870, 1322, 646, 45, 538, 1065, 189, 530, 222, 485, 1002, 46, 649, 1205, 464, 382, 1354, 1189, 133, 608, 632, 757, 121, 456, 1092, 1161, 403, 1238, 312, 82, 483, 480, 843, 832, 685, 909, 743, 1059, 1229, 834, 227, 680, 1144, 589, 940, 1116, 724, 1193, 878, 826, 515, 704, 621, 617, 562, 1190, 1099, 331, 1072, 240, 1264, 271, 145, 72, 209, 661, 529, 119, 552, 95, 357, 434, 432, 242, 856, 1020, 475, 1191, 443, 34, 378, 1087, 759, 249, 541, 191, 1158, 965, 1257, 192, 300, 644, 311, 1249, 573, 888, 820, 1300, 429, 164, 561, 1283, 1285, 1215, 237, 1339, 586, 557, 537, 390, 952, 517, 597, 893, 110, 894, 767, 835, 821, 266, 239, 215, 841, 93, 928, 574, 852, 936, 315, 1181, 881, 979, 223, 956, 663, 38, 306, 1170, 309, 689, 106, 502, 235, 12, 301, 1256, 612, 640, 1076, 184, 19, 1282, 716, 426, 275, 1366, 1125, 1025, 904, 637, 458, 63, 594, 1104, 544, 66, 1320, 349, 616, 503, 1244, 108, 722, 501, 1323, 1136, 87, 967, 1005, 383, 771, 289, 681, 753, 711, 1357, 988, 816, 98, 656, 420, 792, 1164, 1352, 911, 1023, 819, 877, 407, 1255, 664, 652, 774, 768, 366, 1331, 297, 284, 814, 953, 1247, 404, 963, 1110, 1365, 718, 440, 394, 1162, 611, 1042, 1268, 610, 36, 1171, 320, 77, 891, 282, 938, 1308, 1350, 1198, 1341, 97, 831, 620, 296, 182, 1143, 169, 1217, 1106, 874, 56, 64, 641, 590, 882, 1015, 682, 30, 883, 859, 162, 977, 1109, 500, 975, 626, 1290, 1128, 551, 1297, 144, 588, 1018, 478, 976, 293, 70, 1154, 1291, 791, 1043, 615, 343, 625, 1251, 352, 943, 105, 84, 572, 806, 247, 1113, 4, 163, 1343, 291, 899, 864, 982, 658, 1313, 351, 130, 1307, 1010, 1058, 1169, 367, 872, 131, 857, 43, 1008, 29, 499, 1336, 578, 238, 1174, 1121, 766, 946, 930, 968, 329, 246, 1214, 128, 365, 1179, 869, 985, 186, 243, 1095, 1100, 100, 901, 90, 1237, 1187, 1115, 54, 1277, 735, 0, 1064, 1314, 1079, 47, 484, 411, 580, 450, 374, 628, 546, 1356, 1177, 1246, 745, 854, 575, 690, 363, 201, 847, 645, 194, 1159, 1080, 492, 94, 758, 1107, 1045, 983, 807, 1075, 796, 470, 143, 912, 277, 1312, 479, 1304, 269, 207, 694, 42, 623, 1069, 248, 1306, 889, 1221, 65, 1293, 606, 1074, 448, 662, 359, 622, 67, 369, 853, 1280, 896, 205, 33, 199, 276, 129, 1112, 1361, 905, 114, 992, 1101, 511, 410, 614, 534, 550, 1016, 32, 1362, 736, 91, 817, 412, 520, 272, 69, 1265, 44, 1373, 986, 326]
labeling = [14, 7, 8, 3, 10, 1, 0, 9, 6, 3, 5, 2, 6, 4, 0, 5, 10, 11, 12, 13, 6, 4, 9, 2, 1, 0, 7, 8, 1, 3, 8, 6, 17, 0, 11, 2, 12, 9, 11, 11, 4, 2, 4, 1, 18, 7, 12, 15, 4, 8, 1, 0, 3, 9, 19, 1, 14, 2, 5, 4, 10, 7, 6, 0, 15, 17, 13, 21, 0, 22, 21, 18, 13, 6, 7, 4, 3, 5, 1, 2, 9, 11, 16, 8, 19, 4, 2, 13, 11, 9, 20, 21, 10, 12, 14, 6, 5, 17, 20, 3, 16, 1, 10, 6, 7, 15, 12, 4, 13, 2, 9, 0, 0, 1, 2, 0, 2, 14, 12, 15, 1, 15, 3, 2, 1, 8, 6, 7, 9, 23, 22, 17, 0, 13, 12, 4, 2, 9, 11, 3, 10, 7, 6, 19, 20, 19, 15, 2, 17, 4, 11, 16, 6, 0, 5, 10, 13, 2, 8, 8, 0, 17, 22, 21, 16, 6, 3, 7, 12, 18, 5, 0, 14, 10, 7, 5, 1, 9, 15, 6, 10, 11, 21, 4, 19, 2, 23, 13, 17, 12, 10, 13, 14, 11, 17, 0, 4, 8, 2, 19, 6, 16, 9, 0, 10, 0, 0, 22, 3, 18, 1, 11, 9, 6, 7, 8, 4, 1, 3, 11, 1, 9, 8, 16, 1, 2, 3, 15, 4, 11, 13, 12, 10, 14, 8, 19, 6, 14, 23, 19, 9, 1, 11, 21, 7, 0, 20, 13, 22, 17, 5, 4, 8, 4, 5, 0, 2, 13, 12, 6, 7, 18, 3, 1, 15, 10, 20, 0, 6, 22, 3, 18, 21, 10, 14, 2, 20, 19, 7, 5, 16, 12, 17, 7, 18, 11, 3, 2, 5, 13, 8, 20, 4, 19, 0, 10, 15, 18, 4, 0, 10, 16, 11, 5, 6, 8, 13, 2, 3, 15, 0, 1, 2, 0, 2, 10, 9, 1, 3, 9, 16, 0, 17, 8, 3, 2, 23, 7, 5, 18, 3, 15, 14, 17, 18, 0, 10, 5, 11, 3, 13, 9, 12, 19, 4, 16, 15, 7, 10, 20, 2, 22, 21, 11, 8, 6, 12, 16, 7, 23, 0, 4, 14, 21, 11, 18, 16, 15, 12, 17, 9, 13, 14, 4, 19, 2, 1, 7, 19, 0, 4, 15, 18, 20, 2, 16, 6, 5, 17, 7, 10, 9, 13, 1, 21, 3, 7, 9, 4, 13, 10, 12, 8, 14, 20, 1, 6, 16, 0, 15, 20, 19, 22, 6, 2, 7, 9, 10, 11, 8, 16, 4, 13, 9, 8, 2, 3, 5, 1, 13, 7, 11, 12, 0, 10, 0, 5, 1, 4, 2, 17, 13, 2, 6, 3, 5, 6, 0, 19, 0, 15, 8, 11, 0, 12, 8, 14, 0, 18, 3, 13, 1, 16, 2, 17, 11, 12, 8, 4, 9, 19, 14, 6, 11, 4, 17, 5, 1, 19, 21, 13, 0, 10, 12, 20, 15, 8, 7, 2, 12, 5, 9, 19, 6, 7, 0, 8, 1, 3, 17, 11, 15, 14, 20, 16, 1, 7, 13, 0, 8, 10, 14, 9, 11, 3, 17, 5, 18, 0, 13, 22, 5, 11, 17, 15, 2, 6, 12, 14, 21, 19, 4, 9, 6, 14, 12, 8, 16, 7, 10, 4, 15, 5, 11, 17, 1, 19, 2, 7, 3, 20, 15, 16, 10, 5, 1, 12, 5, 2, 2, 0, 4, 0, 0, 10, 4, 9, 5, 4, 12, 1, 0, 2, 6, 11, 22, 0, 8, 15, 0, 18, 13, 9, 7, 10, 14, 16, 5, 21, 15, 20, 8, 0, 6, 18, 11, 3, 11, 4, 6, 15, 0, 3, 13, 2, 1, 12, 10, 14, 8, 16, 19, 14, 3, 20, 13, 12, 10, 1, 7, 15, 8, 22, 16, 3, 20, 18, 10, 23, 0, 8, 2, 15, 11, 6, 12, 13, 19, 9, 4, 17, 21, 17, 7, 12, 18, 16, 11, 0, 14, 8, 1, 13, 6, 3, 4, 20, 0, 21, 10, 16, 18, 22, 19, 20, 3, 2, 9, 11, 6, 5, 14, 5, 11, 9, 8, 6, 4, 1, 2, 15, 7, 13, 5, 2, 6, 1, 1, 0, 9, 20, 10, 11, 5, 22, 8, 1, 11, 5, 9, 0, 13, 9, 11, 12, 0, 9, 16, 17, 1, 7, 13, 12, 8, 0, 11, 15, 6, 19, 3, 4, 0, 18, 7, 17, 13, 1, 10, 2, 11, 12, 8, 14, 4, 6, 21, 22, 9, 6, 10, 11, 8, 7, 17, 2, 19, 15, 16, 0, 13, 4, 6, 5, 19, 11, 10, 12, 17, 21, 18, 4, 7, 13, 15, 0, 2, 22, 20, 21, 10, 4, 13, 1, 0, 16, 3, 15, 2, 6, 10, 8, 12, 1, 11, 5, 14, 13, 0, 9, 6, 7, 21, 15, 3, 4, 18, 19, 10, 3, 9, 2, 4, 13, 6, 7, 8, 6, 15, 0, 6, 0, 0, 5, 0, 15, 5, 15, 22, 1, 19, 5, 16, 7, 14, 7, 2, 16, 5, 11, 0, 6, 14, 16, 12, 18, 19, 3, 5, 4, 2, 8, 20, 14, 11, 10, 4, 11, 15, 12, 8, 13, 3, 5, 23, 22, 9, 10, 20, 1, 19, 7, 2, 13, 0, 16, 9, 5, 12, 3, 8, 15, 14, 20, 0, 18, 12, 13, 20, 15, 0, 8, 1, 17, 10, 3, 4, 9, 6, 15, 22, 1, 20, 3, 15, 16, 0, 9, 6, 5, 22, 11, 23, 13, 3, 18, 6, 0, 9, 4, 17, 3, 18, 19, 10, 12, 8, 7, 1, 15, 14, 9, 4, 7, 14, 15, 2, 12, 4, 17, 1, 16, 0, 7, 1, 4, 2, 9, 0, 16, 15, 17, 10, 11, 19, 7, 4, 14, 2, 7, 8, 2, 5, 10, 11, 9, 0, 17, 2, 1, 3, 10, 8, 11, 18, 7, 13, 5, 15, 20, 10, 1, 8, 5, 7, 6, 13, 16, 14, 11, 19, 4, 2, 21, 22, 16, 22, 21, 11, 19, 4, 12, 3, 20, 6, 2, 5, 16, 14, 8, 6, 14, 1, 17, 3, 0, 18, 2, 13, 21, 7, 12, 5, 9, 10, 13, 21, 23, 5, 19, 7, 16, 4, 11, 18, 12, 17, 9, 0, 1, 10, 3, 7, 12, 2, 17, 1, 6, 11, 5, 0, 8, 15, 19, 23, 0, 15, 2, 1, 7, 8, 6, 4, 3, 1, 0, 3, 0, 3, 9, 8, 6, 0, 1, 9, 21, 13, 0, 6, 7, 8, 13, 4, 14, 13, 22, 20, 16, 7, 1, 18, 22, 4, 10, 14, 5, 9, 0, 15, 7, 2, 12, 13, 15, 6, 14, 19, 0, 2, 1, 18, 20, 21, 4, 16, 10, 11, 20, 23, 5, 18, 10, 0, 22, 12, 14, 17, 16, 9, 2, 3, 7, 22, 14, 7, 8, 19, 0, 9, 21, 10, 6, 15, 2, 4, 17, 12, 19, 3, 4, 6, 0, 8, 7, 20, 18, 1, 9, 2, 12, 11, 16, 6, 1, 0, 16, 11, 5, 9, 8, 21, 4, 13, 6, 4, 0, 5, 0, 0, 9, 20, 19, 6, 5, 4, 18, 14, 5, 22, 5, 9, 3, 14, 10, 15, 13, 5, 10, 20, 0, 12, 16, 17, 11, 14, 6, 3, 2, 8, 19, 4, 7, 1, 8, 5, 3, 18, 17, 0, 16, 2, 12, 11, 10, 0, 20, 15, 1, 17, 9, 6, 10, 21, 8, 7, 16, 3, 12, 13, 9, 16, 5, 6, 3, 4, 13, 14, 1, 22, 15, 2, 10, 6, 11, 2, 11, 1, 3, 17, 5, 13, 7, 19, 10, 0, 4, 0, 9, 0, 0, 5, 6, 13, 2, 1, 14, 21, 7, 5, 18, 9, 8, 3, 4, 11, 12, 9, 0, 18, 2, 6, 7, 1, 19, 14, 11, 16, 12, 13, 9, 6, 17, 19, 2, 20, 10, 8, 11, 18, 4, 0, 15, 10, 8, 0, 21, 11, 22, 20, 14, 7, 9, 2, 19, 17, 16, 4, 9, 7, 0, 11, 15, 1, 13, 17, 3, 2, 3, 6, 10, 4, 0, 0, 12, 6, 7, 6, 22, 5, 1, 2, 0, 13, 7, 14, 8, 3, 10, 1, 0, 5, 9, 2, 6, 0, 10, 1, 15, 14, 8, 2, 0, 17, 18, 3, 4, 13, 12, 6, 8, 10, 4, 3, 1, 11]
convergência = [23, 23, 23, 23, 23, 23, 23, 23, 23, 23, 23, 23, 23, 23, 23, 23, 23, 23, 23, 23, 23, 23, 23, 23, 23, 23, 23, 23, 23, 23, 23, 23, 23, 23, 23, 23, 23, 23, 23, 23, 23, 23, 23, 23, 23, 23, 23, 23, 23, 23, 23, 23, 23, 23, 23, 23, 23, 23, 23, 23, 23, 23, 23, 23, 23, 23, 23, 23, 23, 23, 23, 23, 23, 23, 23, 23, 23, 23, 23, 23, 23, 23, 23, 23, 23, 23, 23, 23, 23, 23, 23, 23, 23, 23, 23, 23, 23, 23, 23, 23, 23, 23, 23, 23, 23, 23, 23, 23, 23, 23, 23, 23, 23, 23, 23, 23, 23, 23, 23, 23, 23, 23, 23, 23]

===== FIM =====
