===== RESULTADO BRKGA L(2,1) =====
Arquivo: /Users/mateuspedrosa/Documents/TCC-II/BRKGA/data/Harwell-Boeing_cleaned/nnc261_clean.mtx

----- Execução #1 -----
[INFO] Parou por estagnação.
Tempo de execução: 27843ms
Span (lambda): 19
best_order = [102, 52, 183, 35, 195, 235, 50, 103, 0, 83, 219, 234, 114, 49, 232, 165, 94, 14, 123, 157, 58, 2, 90, 192, 32, 88, 185, 169, 160, 189, 45, 78, 252, 227, 34, 84, 133, 152, 162, 3, 202, 256, 54, 89, 24, 184, 73, 128, 5, 55, 25, 59, 87, 82, 191, 159, 37, 92, 216, 109, 236, 98, 242, 218, 193, 223, 110, 249, 230, 226, 108, 229, 129, 120, 74, 31, 9, 85, 71, 77, 215, 27, 149, 47, 62, 176, 20, 67, 81, 196, 145, 207, 180, 247, 241, 115, 204, 140, 255, 246, 97, 155, 132, 166, 231, 228, 61, 186, 104, 105, 56, 251, 79, 199, 172, 60, 63, 53, 134, 198, 101, 6, 173, 46, 86, 70, 12, 206, 243, 136, 143, 124, 15, 209, 1, 39, 203, 224, 11, 51, 64, 179, 130, 121, 213, 100, 253, 4, 156, 217, 141, 181, 106, 158, 259, 48, 91, 118, 248, 150, 30, 245, 95, 80, 122, 126, 212, 208, 43, 112, 237, 137, 116, 38, 260, 36, 171, 33, 147, 205, 190, 142, 239, 75, 107, 194, 96, 19, 211, 127, 57, 21, 144, 197, 257, 17, 93, 233, 26, 221, 168, 13, 164, 7, 10, 163, 72, 167, 187, 222, 244, 177, 68, 238, 240, 175, 188, 42, 146, 119, 131, 22, 174, 154, 161, 40, 182, 135, 178, 153, 18, 69, 148, 210, 44, 117, 99, 66, 250, 214, 201, 8, 16, 29, 254, 65, 23, 220, 170, 76, 258, 200, 125, 151, 225, 28, 111, 139, 41, 138, 113]
labeling = [0, 7, 4, 6, 11, 1, 5, 9, 15, 3, 13, 0, 6, 19, 3, 4, 9, 16, 17, 6, 2, 12, 8, 10, 0, 1, 11, 0, 2, 19, 14, 9, 0, 11, 1, 0, 10, 7, 14, 13, 15, 18, 16, 8, 17, 5, 12, 10, 3, 2, 2, 9, 1, 14, 5, 6, 12, 18, 4, 7, 13, 8, 10, 15, 16, 11, 10, 7, 14, 15, 6, 3, 12, 4, 0, 1, 4, 1, 0, 2, 0, 8, 1, 0, 1, 2, 11, 4, 3, 2, 1, 8, 5, 16, 0, 9, 15, 10, 6, 18, 13, 12, 0, 2, 8, 9, 11, 12, 7, 6, 5, 19, 13, 15, 3, 9, 17, 12, 6, 9, 3, 4, 8, 0, 6, 14, 1, 2, 3, 4, 5, 1, 1, 0, 10, 14, 5, 7, 18, 19, 6, 7, 9, 10, 11, 5, 13, 8, 17, 4, 12, 19, 2, 15, 17, 5, 11, 1, 10, 4, 3, 18, 2, 16, 15, 0, 6, 12, 13, 0, 4, 7, 3, 2, 13, 10, 0, 9, 4, 1, 3, 0, 8, 0, 0, 1, 8, 14, 15, 1, 14, 3, 2, 1, 14, 0, 8, 15, 5, 6, 17, 16, 4, 11, 10, 12, 8, 7, 13, 9, 16, 15, 14, 10, 17, 6, 5, 12, 3, 0, 19, 10, 11, 6, 9, 13, 3, 2, 5, 1, 2, 1, 0, 2, 0, 2, 6, 16, 5, 4, 6, 5, 0, 6, 7, 13, 9, 4, 11, 3, 0, 1, 4, 11, 12, 2, 0, 8, 7, 3, 6]
convergência = [21, 20, 20, 20, 20, 20, 20, 20, 20, 20, 20, 20, 20, 20, 20, 20, 20, 20, 20, 20, 20, 20, 20, 20, 20, 20, 20, 20, 20, 20, 19, 19, 19, 19, 19, 19, 19, 19, 19, 19, 19, 19, 19, 19, 19, 19, 19, 19, 19, 19, 19, 19, 19, 19, 19, 19, 19, 19, 19, 19, 19, 19, 19, 19, 19, 19, 19, 19, 19, 19, 19, 19, 19, 19, 19, 19, 19, 19, 19, 19, 19, 19, 19, 19, 19, 19, 19, 19, 19, 19, 19, 19, 19, 19, 19, 19, 19, 19, 19, 19, 19, 19, 19, 19, 19, 19, 19, 19, 19, 19, 19, 19, 19, 19, 19, 19, 19, 19, 19, 19, 19, 19, 19, 19, 19, 19, 19, 19, 19, 19, 19, 19, 19, 19, 19, 19, 19, 19, 19, 19, 19, 19, 19, 19, 19, 19, 19, 19, 19, 19, 19, 19, 19, 19]

===== FIM =====
