===== RESULTADO BRKGA L(2,1) =====
Arquivo: /Users/mateuspedrosa/Documents/TCC-II/BRKGA/data/Harwell-Boeing_cleaned/nnc666_clean.mtx

----- Execução #1 -----
[INFO] Parou por estagnação.
Tempo de execução: 62432ms
Span (lambda): 22
best_order = [466, 210, 203, 357, 446, 522, 383, 301, 655, 121, 577, 430, 139, 161, 168, 422, 609, 334, 342, 565, 1, 243, 662, 337, 175, 0, 607, 70, 608, 228, 349, 494, 548, 258, 99, 558, 26, 292, 657, 416, 559, 278, 325, 631, 370, 486, 109, 44, 654, 343, 433, 500, 303, 484, 202, 16, 387, 665, 246, 508, 46, 627, 111, 32, 495, 89, 226, 145, 384, 375, 506, 529, 188, 406, 191, 215, 449, 187, 213, 592, 253, 105, 73, 174, 302, 390, 229, 572, 38, 156, 426, 459, 535, 313, 66, 570, 59, 317, 502, 8, 63, 537, 211, 103, 650, 271, 102, 373, 538, 415, 97, 588, 571, 192, 323, 551, 622, 195, 92, 181, 275, 290, 354, 454, 632, 131, 359, 4, 183, 346, 628, 351, 368, 143, 582, 460, 50, 83, 589, 86, 528, 473, 120, 499, 130, 504, 481, 82, 462, 554, 597, 285, 49, 413, 568, 71, 75, 526, 381, 437, 393, 345, 636, 316, 519, 340, 439, 159, 235, 621, 411, 563, 576, 298, 78, 456, 198, 491, 134, 238, 204, 148, 147, 585, 324, 653, 217, 167, 100, 157, 603, 272, 509, 247, 305, 404, 297, 315, 282, 206, 443, 31, 557, 350, 645, 425, 138, 307, 308, 382, 574, 96, 142, 527, 578, 19, 296, 474, 511, 287, 209, 573, 48, 451, 236, 276, 17, 126, 358, 438, 300, 118, 51, 62, 477, 39, 77, 637, 421, 364, 178, 127, 487, 397, 43, 398, 190, 76, 280, 458, 214, 639, 590, 523, 128, 60, 112, 556, 601, 407, 543, 361, 263, 536, 624, 399, 234, 124, 104, 569, 166, 664, 58, 199, 261, 553, 132, 220, 173, 294, 274, 22, 164, 394, 445, 493, 289, 432, 505, 341, 153, 309, 418, 240, 72, 98, 365, 412, 448, 255, 2, 405, 602, 141, 116, 464, 488, 348, 144, 408, 595, 321, 249, 189, 540, 30, 304, 176, 108, 546, 483, 135, 179, 332, 133, 137, 584, 319, 216, 410, 7, 15, 618, 328, 52, 291, 207, 549, 545, 389, 355, 524, 306, 262, 532, 363, 555, 64, 610, 80, 329, 254, 184, 507, 21, 633, 435, 492, 612, 344, 427, 119, 599, 222, 122, 614, 194, 663, 12, 550, 379, 312, 25, 177, 544, 615, 395, 611, 250, 69, 385, 155, 420, 330, 224, 566, 567, 20, 424, 232, 482, 146, 322, 101, 575, 656, 643, 372, 65, 620, 587, 212, 619, 472, 110, 468, 402, 450, 429, 205, 327, 392, 288, 208, 265, 547, 541, 185, 310, 542, 114, 369, 260, 586, 150, 646, 378, 259, 521, 661, 517, 470, 54, 530, 106, 640, 172, 649, 471, 154, 512, 583, 552, 339, 269, 165, 457, 244, 515, 163, 626, 256, 219, 170, 366, 605, 634, 123, 396, 158, 428, 401, 333, 467, 434, 480, 160, 277, 465, 514, 151, 380, 197, 237, 5, 371, 231, 57, 171, 74, 279, 498, 41, 518, 367, 200, 268, 461, 376, 417, 318, 245, 503, 444, 88, 648, 534, 596, 593, 531, 67, 331, 42, 496, 651, 36, 87, 56, 117, 299, 647, 497, 455, 336, 251, 642, 227, 469, 360, 600, 516, 53, 377, 107, 630, 152, 84, 125, 241, 35, 453, 441, 638, 140, 230, 286, 560, 40, 37, 641, 115, 561, 136, 47, 266, 419, 45, 635, 223, 180, 311, 533, 11, 295, 476, 442, 34, 13, 391, 9, 129, 81, 79, 594, 617, 447, 284, 604, 252, 525, 61, 606, 436, 193, 91, 218, 579, 475, 242, 580, 320, 33, 338, 423, 463, 374, 659, 27, 400, 386, 629, 90, 95, 353, 68, 623, 431, 388, 362, 485, 660, 3, 182, 356, 85, 440, 414, 625, 490, 28, 94, 616, 613, 18, 233, 196, 169, 113, 581, 221, 489, 248, 644, 658, 452, 267, 326, 409, 501, 14, 562, 281, 6, 273, 10, 29, 225, 257, 335, 24, 347, 479, 591, 186, 510, 520, 352, 513, 652, 93, 403, 283, 293, 598, 162, 314, 264, 478, 270, 539, 55, 149, 201, 23, 239, 564]
labeling = [1, 0, 6, 17, 3, 10, 5, 4, 1, 8, 12, 7, 2, 0, 3, 10, 2, 3, 14, 4, 11, 8, 7, 16, 6, 5, 0, 9, 11, 0, 3, 6, 0, 13, 11, 10, 9, 18, 1, 12, 16, 14, 19, 13, 0, 7, 2, 15, 8, 4, 5, 10, 11, 17, 16, 20, 15, 14, 8, 0, 9, 19, 7, 6, 12, 3, 4, 9, 18, 12, 0, 5, 10, 1, 13, 3, 8, 7, 6, 14, 0, 8, 7, 3, 1, 1, 6, 21, 17, 2, 18, 17, 2, 14, 9, 19, 9, 7, 11, 0, 8, 14, 6, 5, 10, 4, 15, 18, 12, 2, 14, 2, 6, 21, 15, 18, 3, 17, 1, 13, 4, 0, 8, 7, 11, 15, 4, 8, 13, 19, 5, 3, 10, 12, 6, 11, 17, 15, 8, 0, 17, 0, 9, 2, 11, 1, 7, 6, 4, 17, 13, 8, 10, 3, 0, 11, 0, 0, 6, 5, 14, 1, 13, 12, 9, 14, 7, 7, 0, 14, 16, 17, 4, 3, 1, 0, 6, 10, 8, 9, 18, 2, 15, 4, 13, 15, 22, 3, 1, 12, 7, 2, 4, 19, 11, 5, 20, 15, 0, 9, 16, 20, 9, 1, 5, 18, 6, 14, 19, 7, 0, 4, 16, 2, 11, 4, 9, 1, 21, 13, 8, 15, 11, 18, 12, 19, 3, 5, 1, 6, 14, 8, 6, 7, 10, 5, 3, 12, 2, 3, 1, 9, 12, 0, 2, 0, 0, 6, 14, 11, 4, 17, 21, 0, 9, 8, 11, 15, 0, 14, 7, 12, 15, 5, 11, 6, 10, 16, 8, 9, 21, 1, 3, 18, 15, 4, 5, 16, 0, 17, 6, 18, 8, 20, 19, 2, 13, 10, 12, 16, 0, 17, 5, 22, 14, 18, 12, 11, 10, 19, 13, 3, 2, 7, 7, 6, 13, 10, 11, 12, 15, 20, 14, 2, 22, 9, 7, 4, 18, 10, 15, 9, 16, 3, 4, 1, 13, 12, 2, 5, 2, 8, 0, 2, 0, 16, 9, 2, 14, 8, 4, 6, 0, 1, 14, 5, 0, 22, 13, 1, 8, 6, 18, 16, 2, 14, 17, 0, 7, 4, 11, 10, 21, 8, 9, 10, 12, 17, 3, 11, 4, 14, 6, 2, 20, 0, 19, 20, 15, 4, 16, 2, 7, 0, 1, 11, 19, 3, 18, 9, 5, 13, 14, 5, 11, 16, 18, 6, 8, 9, 21, 19, 17, 22, 4, 11, 3, 0, 9, 20, 11, 7, 8, 3, 16, 2, 0, 6, 8, 0, 9, 0, 0, 14, 13, 8, 3, 10, 14, 15, 0, 19, 9, 0, 13, 14, 18, 7, 9, 5, 20, 13, 15, 6, 11, 10, 0, 18, 2, 3, 8, 3, 21, 20, 0, 17, 2, 15, 4, 1, 5, 16, 7, 11, 12, 14, 0, 13, 12, 15, 9, 10, 5, 6, 7, 17, 11, 1, 22, 20, 13, 6, 17, 10, 5, 18, 4, 8, 12, 21, 19, 7, 14, 10, 2, 3, 8, 16, 15, 5, 1, 18, 4, 7, 5, 6, 0, 3, 0, 8, 22, 9, 13, 21, 15, 13, 17, 6, 11, 0, 12, 19, 0, 10, 11, 20, 6, 8, 1, 2, 12, 14, 13, 17, 16, 4, 6, 4, 5, 22, 8, 17, 18, 3, 16, 12, 2, 7, 0, 10, 14, 5, 15, 11, 9, 10, 8, 7, 2, 3, 18, 19, 20, 5, 22, 0, 12, 13, 3, 11, 4, 6, 1, 9, 8, 14, 7, 0, 3, 14, 15, 0, 0, 15, 9, 1, 13, 12, 4, 2, 3, 4, 3, 14, 9, 6, 1, 0, 13, 8, 12, 5, 7, 4, 16, 10, 18, 1, 2, 0, 4, 13, 10, 16, 11, 12, 17, 15, 9, 2, 6, 7, 4, 12, 10, 18, 14, 0, 7, 8, 16, 3, 5, 2, 0, 6, 0, 0, 14, 5, 13, 17, 15, 0, 13, 5, 4, 12, 8, 7, 1, 10, 15, 3, 2, 0, 6, 3, 17, 6, 11, 9, 1, 8, 5, 4]
convergência = [22, 22, 22, 22, 22, 22, 22, 22, 22, 22, 22, 22, 22, 22, 22, 22, 22, 22, 22, 22, 22, 22, 22, 22, 22, 22, 22, 22, 22, 22, 22, 22, 22, 22, 22, 22, 22, 22, 22, 22, 22, 22, 22, 22, 22, 22, 22, 22, 22, 22, 22, 22, 22, 22, 22, 22, 22, 22, 22, 22, 22, 22, 22, 22, 22, 22, 22, 22, 22, 22, 22, 22, 22, 22, 22, 22, 22, 22, 22, 22, 22, 22, 22, 22, 22, 22, 22, 22, 22, 22, 22, 22, 22, 22, 22, 22, 22, 22, 22, 22, 22, 22, 22, 22, 22, 22, 22, 22, 22, 22, 22, 22, 22, 22, 22, 22, 22, 22, 22, 22, 22, 22, 22, 22]

===== FIM =====
