===== RESULTADO BRKGA L(2,1) =====
Arquivo: /Users/mateuspedrosa/Documents/TCC-II/BRKGA/data/Harwell-Boeing_cleaned/nos1_clean.mtx

----- Execução #1 -----
[INFO] Parou por estagnação.
Tempo de execução: 5906ms
Span (lambda): 10
best_order = [56, 34, 11, 24, 1, 164, 214, 57, 35, 115, 180, 112, 167, 8, 95, 96, 2, 53, 141, 85, 100, 143, 157, 173, 193, 67, 42, 181, 221, 211, 33, 29, 220, 72, 145, 219, 105, 199, 192, 70, 5, 168, 218, 107, 160, 84, 182, 227, 79, 163, 202, 90, 179, 41, 138, 10, 222, 183, 111, 235, 99, 122, 20, 121, 208, 184, 74, 54, 190, 81, 104, 156, 146, 75, 97, 94, 189, 106, 130, 73, 61, 161, 154, 152, 137, 226, 191, 3, 52, 206, 51, 124, 165, 209, 230, 87, 12, 66, 147, 21, 228, 80, 69, 62, 158, 217, 174, 37, 229, 9, 6, 77, 101, 195, 14, 78, 136, 131, 43, 68, 98, 32, 26, 118, 114, 17, 236, 171, 25, 149, 123, 108, 132, 162, 196, 44, 119, 102, 83, 210, 223, 144, 93, 155, 153, 186, 204, 216, 188, 40, 55, 231, 59, 89, 234, 135, 194, 205, 169, 39, 175, 109, 117, 166, 82, 129, 31, 176, 15, 110, 172, 207, 103, 187, 23, 18, 197, 134, 224, 30, 127, 22, 27, 48, 170, 91, 148, 88, 49, 201, 140, 58, 200, 177, 65, 28, 64, 225, 139, 13, 36, 203, 142, 125, 120, 76, 212, 19, 178, 133, 232, 50, 128, 4, 16, 198, 113, 0, 150, 92, 86, 233, 213, 159, 46, 45, 151, 71, 126, 63, 38, 47, 116, 185, 60, 215, 7]
labeling = [2, 0, 1, 0, 6, 4, 4, 9, 2, 2, 5, 0, 0, 8, 3, 3, 10, 6, 5, 1, 0, 2, 9, 8, 0, 6, 4, 4, 10, 2, 2, 7, 5, 0, 0, 1, 4, 4, 9, 2, 7, 2, 0, 0, 5, 3, 9, 10, 1, 6, 7, 4, 3, 2, 2, 5, 0, 0, 8, 7, 5, 1, 2, 3, 9, 4, 1, 0, 6, 4, 2, 10, 0, 5, 4, 3, 8, 7, 5, 1, 2, 2, 5, 4, 0, 0, 10, 3, 7, 3, 1, 5, 9, 4, 2, 0, 0, 4, 8, 2, 1, 6, 5, 9, 3, 0, 5, 0, 4, 7, 8, 1, 2, 3, 3, 0, 9, 5, 5, 6, 2, 2, 1, 0, 4, 8, 4, 6, 10, 2, 0, 3, 0, 7, 5, 4, 2, 1, 2, 6, 4, 0, 8, 0, 3, 2, 3, 1, 7, 5, 4, 10, 0, 2, 4, 6, 0, 1, 9, 6, 3, 7, 4, 5, 0, 2, 8, 2, 0, 4, 10, 3, 1, 0, 1, 5, 6, 4, 8, 3, 0, 0, 1, 2, 4, 10, 5, 8, 6, 3, 2, 3, 0, 0, 7, 2, 4, 5, 6, 1, 8, 4, 3, 10, 1, 7, 0, 3, 4, 5, 0, 2, 8, 5, 0, 10, 3, 5, 4, 0, 2, 1, 2, 7, 8, 4, 3, 0, 0, 6, 5, 2, 8, 9, 4, 0, 1]
convergência = [10, 10, 10, 10, 10, 10, 10, 10, 10, 10, 10, 10, 10, 10, 10, 10, 10, 10, 10, 10, 10, 10, 10, 10, 10, 10, 10, 10, 10, 10, 10, 10, 10, 10, 10, 10, 10, 10, 10, 10, 10, 10, 10, 10, 10, 10, 10, 10, 10, 10, 10, 10, 10, 10, 10, 10, 10, 10, 10, 10, 10, 10, 10, 10, 10, 10, 10, 10, 10, 10, 10, 10, 10, 10, 10, 10, 10, 10, 10, 10, 10, 10, 10, 10, 10, 10, 10, 10, 10, 10, 10, 10, 10, 10, 10, 10, 10, 10, 10, 10, 10, 10, 10, 10, 10, 10, 10, 10, 10, 10, 10, 10, 10, 10, 10, 10, 10, 10, 10, 10, 10, 10, 10, 10]

===== FIM =====
