===== RESULTADO BRKGA L(2,1) =====
Arquivo: /Users/mateuspedrosa/Documents/TCC-II/BRKGA/data/Harwell-Boeing_cleaned/nos3_clean.mtx

----- Execução #1 -----
[INFO] Parou por estagnação.
Tempo de execução: 420058ms
Span (lambda): 36
best_order = [844, 132, 689, 253, 516, 144, 706, 531, 484, 13, 459, 69, 547, 645, 159, 562, 167, 395, 296, 219, 532, 688, 140, 901, 527, 68, 194, 70, 271, 157, 418, 350, 807, 63, 701, 607, 661, 365, 410, 28, 831, 523, 431, 4, 821, 454, 453, 954, 33, 327, 724, 511, 107, 317, 291, 762, 186, 548, 838, 141, 187, 636, 205, 535, 862, 143, 673, 651, 381, 46, 794, 640, 878, 810, 930, 934, 306, 394, 929, 294, 266, 98, 180, 775, 282, 405, 798, 494, 699, 877, 592, 124, 276, 630, 400, 458, 188, 371, 669, 55, 74, 912, 466, 852, 900, 854, 615, 849, 165, 250, 274, 478, 91, 761, 193, 867, 907, 549, 855, 922, 913, 616, 111, 99, 873, 475, 0, 915, 44, 254, 743, 787, 162, 506, 149, 683, 670, 883, 158, 540, 440, 168, 429, 611, 305, 14, 893, 931, 906, 824, 465, 408, 601, 40, 268, 507, 598, 600, 432, 752, 767, 57, 941, 686, 383, 215, 133, 438, 565, 352, 398, 947, 9, 890, 11, 461, 469, 643, 869, 712, 791, 358, 409, 618, 10, 52, 172, 456, 573, 497, 943, 130, 412, 297, 737, 750, 81, 485, 406, 129, 213, 173, 78, 420, 542, 927, 809, 537, 407, 652, 316, 164, 572, 433, 764, 583, 935, 771, 918, 127, 340, 694, 292, 663, 228, 564, 578, 830, 94, 245, 139, 146, 134, 329, 667, 700, 637, 672, 388, 310, 603, 166, 519, 574, 490, 639, 512, 156, 799, 871, 892, 758, 318, 389, 785, 528, 558, 624, 811, 122, 447, 163, 256, 278, 299, 903, 75, 679, 567, 860, 397, 401, 351, 353, 660, 872, 462, 142, 653, 448, 300, 957, 45, 48, 280, 27, 623, 60, 678, 437, 571, 449, 671, 273, 161, 734, 88, 474, 765, 569, 555, 720, 735, 342, 680, 955, 216, 118, 933, 942, 153, 295, 685, 302, 249, 812, 102, 905, 287, 493, 763, 827, 177, 265, 100, 79, 361, 242, 199, 778, 196, 725, 179, 89, 751, 116, 489, 802, 267, 693, 898, 230, 263, 325, 835, 586, 959, 430, 773, 505, 226, 739, 911, 313, 881, 861, 840, 741, 597, 191, 59, 376, 896, 749, 347, 541, 227, 372, 723, 198, 203, 726, 727, 665, 513, 252, 181, 298, 96, 419, 417, 260, 421, 169, 841, 333, 16, 620, 804, 404, 868, 533, 368, 866, 396, 373, 732, 18, 568, 633, 446, 109, 534, 7, 31, 171, 170, 949, 617, 323, 439, 328, 926, 435, 374, 857, 863, 521, 556, 553, 690, 705, 56, 515, 138, 32, 595, 348, 772, 261, 41, 833, 770, 742, 853, 321, 916, 467, 774, 722, 126, 67, 575, 210, 21, 938, 591, 246, 137, 25, 451, 150, 290, 112, 875, 496, 704, 269, 480, 703, 2, 738, 697, 460, 387, 5, 588, 783, 710, 632, 301, 747, 698, 566, 554, 334, 17, 780, 644, 248, 621, 858, 362, 650, 891, 514, 908, 336, 509, 29, 239, 530, 192, 202, 826, 326, 36, 344, 563, 366, 820, 125, 634, 708, 755, 602, 487, 904, 385, 792, 874, 577, 845, 584, 62, 746, 184, 231, 886, 131, 950, 937, 303, 695, 259, 257, 64, 61, 581, 657, 539, 357, 208, 343, 760, 757, 920, 719, 251, 684, 415, 488, 951, 445, 264, 221, 631, 837, 885, 952, 864, 288, 275, 197, 928, 160, 382, 174, 58, 341, 379, 654, 151, 293, 492, 113, 800, 176, 207, 846, 472, 546, 560, 80, 479, 34, 65, 386, 834, 101, 550, 311, 289, 731, 585, 819, 452, 744, 518, 349, 721, 788, 638, 26, 390, 666, 339, 105, 279, 526, 823, 189, 204, 939, 605, 457, 20, 538, 709, 717, 247, 190, 108, 346, 1, 793, 364, 114, 520, 674, 814, 502, 220, 24, 354, 681, 123, 917, 3, 224, 468, 646, 375, 813, 759, 625, 178, 135, 345, 83, 655, 642, 50, 647, 825, 211, 380, 43, 86, 816, 425, 93, 782, 463, 536, 84, 443, 183, 847, 797, 222, 427, 281, 614, 308, 503, 335, 545, 570, 30, 551, 664, 19, 580, 627, 510, 714, 561, 889, 359, 214, 606, 815, 423, 806, 428, 656, 828, 6, 897, 609, 182, 576, 76, 753, 491, 39, 233, 97, 635, 924, 42, 702, 103, 128, 402, 879, 244, 314, 53, 332, 498, 696, 946, 733, 790, 779, 378, 622, 552, 517, 865, 808, 136, 285, 579, 836, 839, 944, 413, 899, 818, 148, 786, 72, 152, 236, 958, 23, 411, 940, 499, 73, 470, 12, 936, 355, 54, 504, 754, 37, 15, 309, 331, 481, 77, 789, 870, 659, 106, 729, 859, 713, 270, 185, 948, 450, 422, 473, 235, 851, 776, 829, 766, 315, 286, 716, 399, 736, 272, 817, 587, 882, 110, 740, 416, 436, 377, 594, 914, 486, 200, 195, 925, 945, 8, 238, 217, 119, 393, 641, 801, 675, 923, 888, 284, 471, 557, 85, 613, 612, 145, 707, 47, 22, 212, 155, 391, 495, 115, 822, 117, 92, 590, 363, 919, 392, 628, 175, 154, 745, 687, 477, 784, 464, 120, 455, 769, 403, 147, 277, 312, 232, 87, 330, 921, 201, 543, 730, 367, 441, 337, 255, 95, 599, 691, 894, 902, 676, 370, 604, 442, 529, 658, 90, 209, 956, 482, 483, 781, 237, 501, 843, 49, 796, 544, 589, 626, 803, 229, 524, 619, 304, 748, 608, 805, 324, 649, 283, 424, 218, 728, 842, 82, 850, 910, 104, 243, 522, 895, 662, 322, 610, 525, 426, 715, 51, 932, 629, 234, 444, 434, 777, 593, 668, 756, 582, 369, 887, 876, 241, 121, 880, 206, 909, 500, 338, 768, 38, 692, 648, 711, 476, 596, 718, 856, 66, 384, 258, 559, 682, 307, 414, 320, 953, 319, 35, 508, 223, 795, 832, 240, 884, 262, 225, 360, 356, 677, 848, 71]
labeling = [1, 3, 11, 15, 0, 13, 17, 10, 22, 5, 9, 7, 15, 0, 4, 26, 7, 14, 12, 16, 26, 9, 29, 14, 27, 0, 15, 7, 5, 13, 17, 9, 11, 2, 14, 22, 8, 12, 11, 5, 5, 8, 27, 19, 4, 7, 2, 31, 12, 28, 19, 36, 11, 21, 24, 2, 19, 10, 23, 0, 4, 21, 17, 2, 19, 22, 33, 11, 3, 1, 0, 35, 20, 25, 4, 6, 16, 17, 1, 2, 10, 2, 32, 22, 25, 29, 23, 33, 14, 16, 34, 3, 29, 27, 13, 32, 17, 28, 6, 8, 15, 25, 13, 28, 36, 24, 30, 6, 16, 14, 31, 8, 15, 23, 10, 27, 13, 21, 9, 19, 24, 26, 12, 17, 3, 20, 18, 11, 26, 6, 9, 22, 0, 5, 15, 25, 30, 22, 20, 11, 1, 3, 9, 5, 0, 32, 12, 34, 28, 10, 19, 21, 29, 12, 26, 18, 7, 3, 5, 0, 4, 0, 7, 14, 9, 5, 13, 0, 4, 15, 19, 17, 7, 12, 18, 33, 9, 4, 24, 16, 7, 14, 19, 17, 21, 29, 2, 4, 7, 26, 24, 17, 6, 4, 1, 20, 14, 16, 12, 11, 10, 22, 19, 16, 21, 2, 32, 24, 8, 30, 21, 28, 31, 10, 27, 2, 13, 21, 26, 0, 12, 2, 27, 31, 23, 36, 16, 18, 11, 9, 15, 22, 30, 27, 34, 25, 17, 31, 4, 2, 24, 13, 8, 28, 26, 6, 11, 18, 14, 1, 5, 23, 16, 0, 6, 29, 11, 19, 30, 23, 5, 18, 34, 15, 25, 10, 5, 14, 8, 20, 19, 0, 28, 13, 3, 9, 0, 23, 10, 13, 3, 5, 1, 17, 23, 15, 29, 4, 25, 27, 19, 3, 9, 26, 4, 14, 1, 8, 16, 3, 9, 20, 13, 22, 30, 0, 2, 33, 29, 31, 10, 23, 33, 16, 20, 26, 6, 1, 8, 19, 19, 14, 21, 12, 32, 10, 20, 2, 17, 8, 32, 21, 30, 12, 18, 28, 21, 33, 35, 25, 6, 7, 11, 24, 16, 28, 26, 4, 17, 21, 1, 12, 5, 14, 18, 22, 24, 12, 4, 15, 30, 8, 16, 26, 18, 0, 22, 30, 14, 34, 23, 5, 2, 16, 6, 24, 10, 31, 23, 19, 27, 4, 18, 1, 35, 8, 19, 14, 7, 9, 24, 30, 32, 27, 3, 0, 10, 9, 7, 17, 1, 6, 24, 28, 5, 3, 9, 11, 7, 1, 0, 29, 9, 26, 34, 22, 29, 14, 2, 12, 9, 15, 29, 20, 31, 22, 33, 27, 10, 0, 15, 2, 6, 8, 34, 16, 20, 11, 5, 14, 4, 20, 31, 14, 35, 21, 19, 13, 15, 17, 31, 20, 11, 3, 1, 17, 8, 25, 5, 0, 17, 7, 11, 25, 16, 2, 4, 6, 17, 11, 22, 31, 19, 29, 13, 4, 22, 26, 2, 18, 11, 17, 25, 29, 0, 8, 30, 23, 25, 6, 5, 8, 24, 13, 6, 21, 19, 10, 30, 32, 36, 34, 19, 21, 28, 13, 7, 9, 35, 14, 26, 1, 7, 9, 10, 17, 0, 23, 12, 6, 19, 9, 34, 5, 32, 36, 27, 3, 12, 33, 22, 0, 2, 18, 16, 4, 28, 12, 26, 24, 1, 14, 3, 31, 12, 23, 20, 0, 3, 5, 23, 25, 28, 12, 21, 5, 15, 25, 8, 29, 14, 21, 2, 16, 10, 7, 21, 14, 19, 17, 28, 15, 11, 9, 14, 20, 31, 22, 8, 33, 29, 18, 25, 6, 8, 16, 10, 29, 18, 27, 31, 16, 2, 34, 30, 18, 27, 11, 2, 19, 6, 4, 18, 12, 29, 23, 26, 4, 30, 24, 36, 7, 34, 32, 29, 1, 3, 17, 5, 35, 15, 20, 27, 13, 4, 21, 14, 11, 26, 33, 4, 22, 20, 14, 7, 24, 0, 4, 13, 6, 0, 24, 27, 9, 15, 1, 6, 11, 33, 22, 16, 5, 10, 12, 24, 26, 13, 7, 30, 23, 11, 2, 32, 7, 22, 5, 19, 1, 28, 6, 8, 12, 10, 1, 17, 29, 26, 35, 10, 8, 2, 20, 30, 5, 25, 13, 8, 28, 2, 0, 20, 27, 31, 14, 0, 22, 28, 19, 21, 4, 9, 0, 25, 18, 12, 10, 0, 20, 17, 24, 15, 32, 5, 27, 19, 31, 21, 12, 23, 2, 7, 10, 22, 18, 3, 16, 19, 21, 32, 17, 7, 4, 18, 25, 3, 8, 15, 6, 17, 12, 31, 14, 16, 3, 23, 33, 21, 14, 34, 4, 9, 13, 3, 22, 24, 14, 33, 9, 7, 15, 24, 4, 1, 14, 9, 11, 24, 6, 34, 30, 23, 10, 21, 16, 11, 1, 30, 35, 10, 23, 8, 34, 28, 19, 35, 5, 30, 2, 18, 28, 26, 6, 16, 20, 1, 30, 28, 18, 3, 5, 19, 21, 17, 26, 20, 28, 15, 2, 27, 8, 0, 12, 14, 26, 24, 28, 19, 32, 25, 4, 21, 1, 32, 24, 7, 26, 20, 11, 24, 32, 10, 0, 35, 17, 23, 11, 25, 8, 0, 12, 7, 10, 30, 23, 0, 12, 18, 22, 36, 4, 33, 29, 3, 17, 5, 7, 36, 12, 15, 27, 11, 13, 3, 16, 22, 29, 17, 1, 13, 8, 27, 12, 14, 7, 21, 19, 27, 4, 2, 10, 18, 5, 16, 3, 25, 14, 9, 34, 31, 24, 11, 19, 13, 9, 23, 30, 10, 20, 8, 22, 5, 0, 31, 9, 19, 14, 6, 4, 15, 30, 25, 16, 2, 5, 24, 9, 13, 15, 6, 17, 8, 13, 1, 21, 11, 19, 7, 5, 16, 2, 0, 6, 21, 15, 1, 4, 25, 6, 14, 17, 24, 2, 12, 7, 21, 23, 2, 0, 11, 9, 18, 20, 22, 28, 0, 11, 20, 3, 8, 1]
convergência = [37, 37, 37, 37, 37, 37, 37, 37, 37, 37, 37, 37, 37, 37, 37, 37, 37, 37, 37, 37, 37, 37, 37, 37, 37, 36, 36, 36, 36, 36, 36, 36, 36, 36, 36, 36, 36, 36, 36, 36, 36, 36, 36, 36, 36, 36, 36, 36, 36, 36, 36, 36, 36, 36, 36, 36, 36, 36, 36, 36, 36, 36, 36, 36, 36, 36, 36, 36, 36, 36, 36, 36, 36, 36, 36, 36, 36, 36, 36, 36, 36, 36, 36, 36, 36, 36, 36, 36, 36, 36, 36, 36, 36, 36, 36, 36, 36, 36, 36, 36, 36, 36, 36, 36, 36, 36, 36, 36, 36, 36, 36, 36, 36, 36, 36, 36, 36, 36, 36, 36, 36, 36, 36, 36, 36, 36, 36, 36, 36, 36, 36, 36, 36, 36, 36, 36, 36, 36, 36, 36, 36, 36, 36, 36, 36, 36, 36, 36, 36]

===== FIM =====
