===== RESULTADO BRKGA L(2,1) =====
Arquivo: /Users/mateuspedrosa/Documents/TCC-II/BRKGA/data/Harwell-Boeing_cleaned/nos4_clean.mtx

----- Execução #1 -----
[INFO] Parou por estagnação.
Tempo de execução: 7783ms
Span (lambda): 12
best_order = [27, 10, 4, 63, 83, 35, 22, 49, 11, 32, 77, 61, 45, 33, 6, 40, 62, 86, 47, 36, 80, 91, 28, 72, 97, 76, 54, 64, 41, 44, 37, 19, 52, 98, 12, 8, 56, 38, 89, 30, 65, 67, 39, 95, 14, 85, 26, 70, 1, 78, 66, 9, 31, 57, 60, 90, 69, 58, 2, 55, 73, 53, 82, 34, 23, 7, 46, 5, 21, 74, 29, 48, 84, 43, 75, 25, 93, 71, 94, 92, 15, 24, 16, 99, 42, 50, 79, 17, 68, 20, 3, 18, 87, 0, 81, 96, 59, 13, 51, 88]
labeling = [2, 8, 4, 0, 1, 3, 3, 2, 5, 8, 0, 4, 5, 12, 7, 6, 11, 10, 4, 2, 5, 9, 2, 10, 12, 8, 9, 0, 1, 11, 6, 2, 1, 3, 7, 0, 4, 5, 6, 9, 1, 4, 10, 11, 5, 2, 12, 3, 4, 0, 10, 8, 7, 9, 3, 5, 8, 11, 1, 12, 9, 2, 1, 0, 6, 7, 10, 9, 8, 5, 8, 6, 4, 11, 10, 9, 2, 0, 4, 7, 0, 10, 3, 1, 5, 4, 0, 12, 6, 3, 1, 1, 8, 7, 2, 0, 10, 1, 0, 0]
convergência = [14, 14, 13, 13, 13, 13, 13, 13, 13, 13, 13, 13, 13, 13, 13, 13, 13, 13, 13, 13, 13, 13, 13, 13, 13, 13, 13, 13, 13, 13, 13, 13, 13, 13, 13, 13, 13, 13, 13, 13, 13, 13, 13, 13, 13, 13, 13, 13, 13, 13, 13, 13, 13, 13, 13, 13, 13, 13, 13, 13, 13, 13, 13, 13, 13, 13, 13, 13, 13, 13, 13, 13, 13, 13, 13, 13, 13, 13, 13, 13, 13, 13, 13, 13, 13, 13, 13, 13, 13, 13, 12, 12, 12, 12, 12, 12, 12, 12, 12, 12, 12, 12, 12, 12, 12, 12, 12, 12, 12, 12, 12, 12, 12, 12, 12, 12, 12, 12, 12, 12, 12, 12, 12, 12, 12, 12, 12, 12, 12, 12, 12, 12, 12, 12, 12, 12, 12, 12, 12, 12, 12, 12, 12, 12, 12, 12, 12, 12, 12, 12, 12, 12, 12, 12, 12, 12, 12, 12, 12, 12, 12, 12, 12, 12, 12, 12, 12, 12, 12, 12, 12, 12, 12, 12, 12, 12, 12, 12, 12, 12, 12, 12, 12, 12, 12, 12, 12, 12, 12, 12, 12, 12, 12, 12, 12, 12, 12, 12, 12, 12, 12, 12, 12, 12, 12, 12, 12, 12, 12, 12, 12, 12, 12, 12]

===== FIM =====
