===== RESULTADO BRKGA L(2,1) =====
Arquivo: /Users/mateuspedrosa/Documents/TCC-II/BRKGA/data/Harwell-Boeing_cleaned/nos5_clean.mtx

----- Execução #1 -----
[INFO] Parou por estagnação.
Tempo de execução: 115907ms
Span (lambda): 32
best_order = [440, 365, 6, 130, 197, 372, 394, 409, 135, 134, 178, 160, 421, 44, 213, 139, 363, 450, 174, 156, 308, 237, 102, 153, 206, 443, 331, 155, 24, 157, 193, 341, 361, 91, 181, 362, 377, 127, 128, 46, 314, 158, 196, 456, 81, 392, 273, 55, 97, 265, 20, 49, 397, 120, 404, 325, 82, 258, 333, 278, 303, 357, 173, 66, 324, 419, 317, 56, 403, 247, 233, 288, 88, 167, 98, 261, 251, 430, 180, 348, 217, 300, 400, 133, 399, 177, 248, 27, 342, 86, 29, 63, 9, 209, 345, 457, 307, 198, 212, 354, 141, 329, 391, 309, 60, 312, 45, 199, 310, 323, 126, 36, 195, 33, 295, 169, 109, 113, 388, 100, 214, 337, 152, 37, 244, 245, 110, 95, 465, 446, 405, 332, 283, 416, 366, 350, 187, 387, 266, 31, 172, 215, 39, 445, 439, 427, 21, 216, 34, 349, 61, 287, 2, 455, 305, 374, 351, 85, 201, 228, 229, 242, 43, 200, 239, 428, 182, 111, 346, 163, 318, 393, 192, 150, 426, 358, 437, 1, 149, 320, 413, 339, 202, 259, 417, 222, 183, 22, 146, 255, 240, 369, 431, 359, 69, 373, 462, 410, 154, 378, 137, 8, 118, 321, 453, 328, 10, 65, 73, 408, 281, 289, 442, 402, 144, 186, 390, 423, 124, 12, 223, 460, 190, 254, 458, 311, 175, 243, 204, 257, 250, 205, 161, 276, 79, 452, 236, 40, 68, 466, 77, 319, 117, 360, 208, 83, 191, 414, 463, 275, 51, 344, 121, 256, 106, 170, 194, 270, 116, 356, 282, 47, 444, 19, 272, 432, 260, 103, 99, 267, 125, 336, 148, 315, 322, 230, 74, 159, 370, 396, 385, 67, 338, 461, 71, 433, 284, 330, 123, 104, 438, 4, 220, 26, 226, 64, 129, 119, 232, 252, 166, 96, 448, 80, 406, 441, 15, 451, 30, 422, 62, 420, 269, 467, 241, 386, 381, 407, 50, 424, 343, 171, 132, 54, 313, 382, 459, 231, 94, 7, 298, 291, 140, 41, 76, 164, 264, 285, 108, 418, 211, 249, 352, 219, 306, 263, 286, 42, 371, 253, 280, 316, 401, 207, 16, 271, 379, 147, 262, 143, 238, 296, 225, 145, 18, 115, 151, 28, 13, 297, 185, 25, 78, 131, 210, 89, 435, 58, 429, 302, 17, 277, 72, 227, 101, 93, 122, 367, 389, 415, 447, 355, 290, 347, 14, 114, 105, 380, 3, 411, 112, 23, 327, 274, 162, 221, 70, 299, 53, 292, 142, 35, 90, 301, 235, 75, 376, 138, 353, 268, 179, 176, 425, 334, 368, 383, 436, 246, 464, 218, 38, 59, 293, 107, 326, 434, 395, 48, 32, 92, 364, 5, 279, 384, 340, 136, 294, 165, 454, 184, 304, 203, 84, 375, 189, 57, 234, 188, 52, 412, 224, 449, 11, 87, 335, 0, 168, 398]
labeling = [17, 7, 5, 14, 1, 1, 0, 12, 9, 7, 8, 11, 9, 6, 15, 12, 3, 14, 14, 10, 3, 0, 7, 16, 2, 21, 14, 4, 10, 5, 11, 3, 20, 8, 5, 0, 5, 6, 15, 2, 9, 8, 22, 15, 0, 13, 4, 20, 27, 1, 16, 10, 23, 18, 13, 2, 2, 19, 4, 19, 8, 10, 19, 0, 11, 4, 3, 15, 6, 4, 16, 1, 0, 8, 12, 16, 21, 11, 23, 17, 17, 6, 1, 18, 31, 13, 13, 32, 7, 22, 10, 1, 30, 12, 3, 3, 17, 9, 11, 24, 6, 28, 2, 21, 25, 29, 19, 31, 24, 9, 7, 10, 15, 6, 12, 16, 11, 14, 3, 14, 6, 12, 21, 9, 8, 19, 6, 5, 5, 22, 0, 28, 9, 7, 3, 2, 26, 16, 24, 0, 9, 5, 20, 27, 20, 29, 19, 27, 25, 15, 11, 26, 16, 4, 21, 8, 5, 10, 12, 20, 0, 23, 21, 15, 17, 25, 9, 4, 23, 8, 20, 5, 0, 0, 4, 18, 31, 13, 2, 2, 1, 3, 11, 18, 30, 23, 19, 12, 32, 23, 16, 20, 17, 2, 25, 14, 4, 1, 7, 10, 2, 13, 17, 2, 22, 21, 6, 31, 24, 14, 30, 25, 14, 1, 15, 18, 2, 5, 13, 4, 4, 19, 5, 0, 28, 10, 15, 17, 11, 11, 3, 15, 19, 7, 29, 28, 3, 1, 14, 14, 12, 18, 10, 16, 9, 10, 26, 5, 6, 22, 7, 3, 16, 25, 5, 15, 19, 11, 0, 13, 22, 9, 27, 29, 28, 8, 16, 26, 29, 27, 9, 22, 11, 0, 27, 6, 1, 25, 1, 14, 20, 14, 15, 2, 12, 7, 16, 9, 3, 16, 21, 12, 31, 26, 25, 11, 24, 19, 18, 23, 5, 27, 29, 0, 32, 13, 20, 6, 0, 8, 10, 1, 7, 23, 2, 17, 30, 4, 19, 14, 21, 12, 8, 10, 11, 9, 19, 32, 17, 7, 24, 2, 11, 3, 2, 32, 20, 5, 10, 14, 28, 1, 4, 15, 17, 7, 12, 22, 9, 16, 6, 17, 5, 22, 11, 29, 21, 8, 13, 8, 24, 6, 7, 3, 3, 0, 16, 27, 23, 15, 21, 26, 0, 18, 8, 2, 13, 3, 19, 25, 10, 24, 9, 30, 32, 21, 23, 2, 15, 28, 20, 12, 5, 17, 0, 31, 22, 4, 25, 10, 9, 10, 19, 6, 0, 13, 25, 8, 6, 1, 14, 20, 8, 3, 13, 26, 10, 12, 19, 5, 4, 2, 22, 9, 25, 22, 9, 5, 11, 24, 2, 12, 15, 20, 26, 10, 17, 7, 10, 8, 0, 7, 2, 0, 7, 4, 3, 26, 17, 16, 1, 23, 18, 6, 28, 14, 3, 1, 4, 16, 13, 19, 5, 14, 23, 3, 11, 21]
convergência = [34, 33, 33, 33, 33, 33, 33, 33, 33, 33, 33, 33, 33, 33, 33, 33, 33, 33, 33, 33, 33, 32, 32, 32, 32, 32, 32, 32, 32, 32, 32, 32, 32, 32, 32, 32, 32, 32, 32, 32, 32, 32, 32, 32, 32, 32, 32, 32, 32, 32, 32, 32, 32, 32, 32, 32, 32, 32, 32, 32, 32, 32, 32, 32, 32, 32, 32, 32, 32, 32, 32, 32, 32, 32, 32, 32, 32, 32, 32, 32, 32, 32, 32, 32, 32, 32, 32, 32, 32, 32, 32, 32, 32, 32, 32, 32, 32, 32, 32, 32, 32, 32, 32, 32, 32, 32, 32, 32, 32, 32, 32, 32, 32, 32, 32, 32, 32, 32, 32, 32, 32, 32, 32, 32, 32, 32, 32, 32, 32, 32, 32, 32, 32, 32, 32, 32, 32, 32, 32, 32, 32, 32, 32, 32, 32]

===== FIM =====
