===== RESULTADO BRKGA L(2,1) =====
Arquivo: /Users/mateuspedrosa/Documents/TCC-II/BRKGA/data/Harwell-Boeing_cleaned/nos6_clean.mtx

----- Execução #1 -----
[INFO] Parou por estagnação.
Tempo de execução: 19916ms
Span (lambda): 11
best_order = [397, 471, 594, 35, 656, 122, 5, 486, 9, 633, 586, 151, 219, 164, 628, 507, 98, 408, 453, 197, 528, 207, 65, 287, 89, 224, 200, 439, 601, 49, 414, 421, 664, 443, 597, 430, 69, 390, 363, 672, 350, 380, 27, 267, 119, 202, 29, 134, 464, 147, 54, 118, 295, 32, 291, 399, 515, 526, 501, 263, 71, 232, 634, 598, 405, 104, 595, 407, 243, 377, 30, 249, 384, 22, 324, 391, 445, 83, 88, 495, 546, 660, 158, 82, 419, 489, 90, 344, 472, 325, 561, 81, 310, 669, 318, 52, 568, 519, 172, 376, 523, 307, 306, 45, 304, 429, 588, 346, 625, 388, 579, 230, 187, 111, 665, 661, 456, 38, 246, 281, 342, 469, 105, 577, 641, 514, 470, 616, 331, 194, 226, 156, 117, 444, 91, 115, 359, 411, 412, 102, 511, 74, 392, 541, 329, 236, 26, 278, 490, 73, 517, 120, 643, 148, 289, 294, 247, 630, 67, 165, 80, 107, 647, 87, 544, 673, 536, 308, 317, 333, 126, 404, 635, 284, 6, 121, 458, 44, 394, 465, 94, 198, 334, 253, 454, 56, 563, 372, 441, 10, 305, 1, 222, 538, 17, 203, 437, 666, 447, 250, 166, 162, 18, 629, 535, 650, 212, 554, 654, 144, 623, 23, 225, 371, 303, 288, 483, 636, 20, 272, 258, 637, 529, 339, 589, 381, 184, 360, 606, 648, 356, 139, 208, 62, 540, 257, 659, 424, 275, 549, 608, 475, 642, 649, 668, 459, 497, 185, 415, 150, 286, 183, 353, 479, 438, 559, 383, 251, 485, 170, 385, 96, 149, 482, 268, 19, 16, 328, 174, 255, 352, 488, 215, 46, 2, 493, 461, 362, 11, 582, 605, 309, 499, 12, 160, 463, 492, 188, 116, 327, 462, 130, 478, 167, 604, 129, 33, 537, 452, 25, 182, 78, 590, 298, 460, 210, 480, 573, 398, 466, 667, 426, 137, 256, 201, 159, 343, 652, 524, 389, 400, 615, 108, 180, 112, 434, 292, 0, 145, 417, 591, 487, 347, 351, 494, 518, 457, 300, 14, 7, 133, 157, 358, 228, 231, 481, 209, 410, 223, 476, 387, 79, 508, 569, 368, 551, 68, 171, 192, 558, 103, 645, 355, 442, 506, 547, 510, 13, 520, 241, 106, 92, 566, 213, 99, 57, 326, 302, 502, 361, 504, 177, 468, 313, 522, 244, 229, 618, 422, 655, 653, 113, 543, 85, 141, 532, 60, 84, 624, 24, 316, 93, 374, 542, 553, 367, 580, 75, 564, 440, 127, 567, 277, 592, 548, 602, 153, 427, 142, 155, 95, 614, 505, 425, 178, 498, 320, 218, 436, 15, 357, 154, 585, 311, 146, 638, 138, 345, 123, 270, 28, 101, 77, 31, 491, 406, 349, 195, 593, 473, 205, 619, 199, 341, 562, 196, 64, 39, 179, 375, 261, 269, 613, 512, 227, 273, 266, 181, 617, 583, 626, 282, 550, 70, 47, 644, 621, 55, 280, 234, 513, 86, 584, 609, 211, 450, 435, 21, 578, 235, 448, 420, 370, 72, 413, 477, 274, 631, 293, 242, 674, 587, 204, 63, 393, 285, 161, 163, 43, 521, 259, 557, 611, 37, 297, 600, 403, 382, 221, 451, 240, 467, 612, 395, 271, 530, 663, 296, 319, 545, 433, 627, 431, 136, 527, 61, 233, 632, 36, 336, 254, 446, 276, 534, 299, 379, 658, 186, 59, 603, 315, 190, 366, 531, 279, 337, 610, 34, 509, 516, 124, 264, 620, 260, 175, 97, 455, 503, 290, 4, 152, 565, 42, 596, 252, 348, 131, 646, 525, 581, 214, 239, 100, 365, 572, 314, 168, 125, 332, 238, 670, 539, 599, 423, 193, 330, 401, 321, 576, 262, 622, 369, 364, 143, 354, 40, 51, 574, 48, 555, 301, 53, 432, 570, 396, 386, 237, 607, 338, 220, 265, 76, 58, 556, 671, 312, 3, 176, 110, 322, 189, 216, 245, 283, 640, 140, 340, 571, 416, 500, 50, 128, 378, 191, 41, 335, 66, 323, 173, 657, 409, 418, 552, 474, 533, 575, 484, 496, 449, 109, 114, 132, 135, 651, 662, 428, 373, 560, 169, 217, 206, 402, 8, 248, 639]
labeling = [5, 2, 4, 6, 9, 2, 4, 1, 5, 0, 2, 4, 0, 5, 1, 6, 3, 0, 2, 4, 1, 3, 0, 2, 7, 5, 2, 0, 3, 1, 1, 6, 0, 2, 7, 0, 9, 7, 2, 4, 7, 9, 6, 8, 3, 0, 5, 7, 9, 0, 10, 7, 5, 10, 0, 9, 4, 8, 10, 4, 4, 9, 3, 8, 5, 3, 1, 4, 6, 1, 5, 0, 4, 2, 6, 8, 2, 4, 1, 6, 4, 0, 3, 1, 8, 6, 10, 2, 6, 0, 0, 2, 6, 4, 0, 7, 5, 2, 0, 7, 9, 3, 1, 7, 4, 1, 6, 0, 3, 9, 7, 2, 6, 4, 10, 0, 3, 7, 4, 2, 3, 5, 0, 7, 2, 4, 0, 6, 8, 4, 2, 7, 9, 5, 2, 10, 8, 5, 7, 0, 10, 5, 0, 7, 1, 4, 6, 1, 8, 5, 6, 1, 9, 5, 8, 6, 2, 4, 1, 6, 0, 5, 3, 8, 0, 4, 1, 3, 9, 5, 3, 9, 4, 11, 3, 7, 9, 3, 6, 0, 2, 7, 4, 2, 0, 3, 7, 0, 3, 9, 7, 11, 0, 6, 3, 8, 6, 0, 2, 7, 0, 6, 1, 5, 9, 1, 11, 0, 2, 4, 0, 5, 1, 6, 9, 5, 10, 8, 5, 0, 10, 8, 2, 4, 1, 5, 2, 10, 8, 4, 2, 8, 3, 10, 6, 8, 2, 5, 7, 1, 6, 3, 7, 0, 2, 8, 0, 3, 7, 2, 4, 6, 9, 0, 10, 7, 9, 3, 6, 0, 7, 4, 9, 0, 2, 11, 4, 1, 3, 5, 4, 9, 2, 8, 10, 1, 7, 5, 1, 9, 7, 1, 4, 11, 2, 4, 6, 0, 4, 2, 5, 0, 2, 6, 4, 0, 10, 8, 6, 9, 1, 7, 4, 6, 0, 5, 2, 0, 3, 5, 0, 3, 8, 6, 9, 1, 8, 5, 1, 6, 3, 8, 5, 9, 1, 3, 5, 2, 4, 0, 6, 0, 10, 2, 4, 10, 6, 8, 10, 2, 11, 5, 1, 4, 0, 5, 3, 7, 9, 4, 0, 6, 3, 0, 6, 9, 0, 10, 7, 2, 4, 9, 7, 0, 6, 8, 4, 2, 6, 9, 7, 0, 3, 9, 6, 8, 1, 4, 11, 7, 2, 4, 8, 5, 2, 7, 3, 5, 1, 4, 1, 3, 5, 9, 1, 3, 9, 0, 4, 1, 5, 2, 10, 7, 2, 0, 9, 2, 0, 9, 5, 0, 2, 7, 0, 5, 8, 2, 6, 0, 6, 0, 8, 11, 5, 7, 1, 5, 9, 3, 0, 4, 8, 1, 5, 3, 7, 5, 3, 1, 7, 3, 5, 1, 4, 2, 6, 0, 3, 5, 4, 9, 2, 0, 3, 9, 4, 7, 0, 5, 7, 1, 6, 4, 0, 1, 5, 10, 6, 1, 5, 0, 3, 8, 10, 4, 8, 11, 7, 2, 3, 7, 4, 2, 10, 7, 2, 6, 4, 0, 2, 10, 5, 3, 6, 0, 9, 1, 7, 5, 9, 4, 0, 9, 6, 8, 3, 0, 8, 10, 5, 3, 6, 9, 2, 0, 8, 2, 5, 1, 4, 9, 7, 1, 4, 7, 1, 10, 0, 4, 7, 10, 6, 11, 9, 2, 0, 5, 3, 7, 0, 4, 8, 6, 1, 9, 0, 3, 7, 0, 8, 3, 9, 6, 1, 2, 6, 0, 2, 5, 11, 2, 5, 1, 6, 10, 1, 7, 0, 3, 5, 10, 7, 4, 8, 1, 6, 0, 8, 3, 5, 8, 3, 5, 7, 3, 0, 9, 1, 3, 7, 4, 2, 5, 0, 2, 4, 0, 2, 9, 8, 2, 6, 10, 0, 5, 1, 8, 3, 6, 9, 1, 8, 6, 4, 6, 4, 8, 5, 7, 9, 3, 6, 1, 4, 0, 6, 10, 0, 2, 1, 7, 10, 0, 2, 4, 0, 2, 9, 11, 7, 2, 5, 3, 6, 3, 5, 1, 3, 8, 6, 9, 5, 7, 2, 4, 0, 9, 7, 0, 0, 2, 7, 5, 0, 2, 4, 1, 3, 0, 6, 3, 1, 4, 2]
convergência = [11, 11, 11, 11, 11, 11, 11, 11, 11, 11, 11, 11, 11, 11, 11, 11, 11, 11, 11, 11, 11, 11, 11, 11, 11, 11, 11, 11, 11, 11, 11, 11, 11, 11, 11, 11, 11, 11, 11, 11, 11, 11, 11, 11, 11, 11, 11, 11, 11, 11, 11, 11, 11, 11, 11, 11, 11, 11, 11, 11, 11, 11, 11, 11, 11, 11, 11, 11, 11, 11, 11, 11, 11, 11, 11, 11, 11, 11, 11, 11, 11, 11, 11, 11, 11, 11, 11, 11, 11, 11, 11, 11, 11, 11, 11, 11, 11, 11, 11, 11, 11, 11, 11, 11, 11, 11, 11, 11, 11, 11, 11, 11, 11, 11, 11, 11, 11, 11, 11, 11, 11, 11, 11, 11]

===== FIM =====
