===== RESULTADO BRKGA L(2,1) =====
Arquivo: /Users/mateuspedrosa/Documents/TCC-II/BRKGA/data/Harwell-Boeing_cleaned/nos7_clean.mtx

----- Execução #1 -----
[INFO] Parou por estagnação.
Tempo de execução: 41838ms
Span (lambda): 16
best_order = [307, 212, 657, 425, 32, 19, 254, 31, 335, 167, 150, 247, 400, 643, 11, 526, 640, 283, 129, 440, 248, 634, 593, 714, 523, 308, 279, 471, 466, 211, 199, 185, 105, 255, 375, 258, 358, 85, 448, 324, 26, 313, 445, 702, 473, 469, 686, 110, 699, 357, 536, 315, 268, 581, 42, 727, 28, 193, 461, 484, 14, 482, 56, 403, 333, 407, 261, 291, 301, 728, 175, 181, 503, 515, 522, 60, 501, 117, 682, 54, 541, 437, 480, 388, 269, 417, 41, 694, 544, 223, 235, 600, 344, 538, 370, 703, 196, 94, 107, 132, 244, 691, 207, 433, 180, 225, 295, 552, 616, 599, 708, 519, 551, 169, 624, 543, 574, 122, 363, 524, 583, 69, 656, 24, 665, 165, 297, 170, 78, 567, 412, 53, 468, 569, 725, 672, 528, 601, 705, 260, 566, 505, 229, 299, 250, 405, 689, 99, 352, 697, 642, 496, 638, 33, 668, 408, 648, 171, 272, 360, 721, 74, 64, 288, 146, 130, 529, 707, 508, 658, 609, 340, 104, 15, 108, 314, 411, 221, 195, 285, 663, 392, 101, 219, 646, 428, 179, 131, 487, 588, 271, 460, 414, 189, 148, 52, 520, 654, 364, 144, 576, 239, 300, 142, 450, 18, 77, 365, 641, 162, 424, 88, 374, 687, 91, 362, 330, 443, 253, 118, 220, 435, 143, 628, 176, 513, 121, 222, 157, 206, 575, 227, 423, 618, 232, 172, 669, 659, 711, 361, 149, 332, 709, 228, 580, 514, 200, 655, 493, 140, 605, 661, 284, 401, 449, 485, 136, 653, 572, 317, 303, 115, 402, 262, 594, 675, 587, 145, 194, 289, 168, 504, 125, 680, 346, 309, 205, 202, 350, 230, 48, 534, 182, 354, 446, 666, 275, 427, 676, 351, 393, 111, 421, 224, 188, 252, 595, 209, 368, 23, 545, 63, 620, 548, 561, 645, 631, 191, 0, 387, 342, 492, 208, 495, 302, 486, 465, 726, 270, 419, 404, 359, 50, 61, 3, 678, 510, 710, 304, 124, 51, 34, 381, 475, 582, 336, 319, 87, 698, 456, 399, 376, 598, 715, 472, 21, 217, 586, 431, 516, 296, 670, 550, 17, 720, 84, 432, 334, 463, 590, 305, 231, 141, 306, 474, 71, 521, 112, 310, 470, 266, 329, 40, 183, 615, 557, 452, 164, 27, 65, 338, 560, 139, 177, 345, 380, 608, 7, 488, 323, 502, 58, 166, 398, 106, 630, 597, 59, 187, 578, 233, 57, 607, 591, 119, 12, 204, 439, 685, 147, 49, 700, 409, 512, 416, 25, 585, 4, 133, 626, 355, 203, 128, 331, 161, 603, 394, 559, 156, 66, 281, 384, 385, 391, 397, 256, 662, 683, 186, 92, 226, 298, 267, 644, 430, 579, 690, 178, 617, 602, 649, 113, 103, 386, 213, 451, 413, 30, 677, 517, 489, 614, 311, 693, 263, 76, 152, 214, 10, 238, 491, 127, 218, 197, 438, 562, 692, 163, 382, 86, 80, 327, 418, 316, 356, 90, 535, 507, 265, 377, 396, 546, 713, 723, 201, 155, 137, 565, 681, 395, 623, 426, 610, 242, 518, 337, 184, 29, 457, 241, 722, 506, 719, 369, 81, 378, 479, 251, 62, 667, 651, 274, 441, 573, 120, 151, 326, 82, 490, 621, 328, 243, 109, 553, 716, 564, 554, 684, 158, 422, 320, 20, 525, 429, 462, 75, 531, 46, 37, 584, 6, 568, 83, 160, 35, 45, 192, 611, 278, 383, 415, 453, 532, 240, 138, 215, 153, 123, 89, 236, 282, 724, 44, 458, 321, 555, 47, 390, 477, 629, 459, 234, 339, 322, 353, 537, 717, 72, 114, 547, 36, 373, 264, 38, 126, 467, 67, 622, 68, 237, 436, 596, 481, 371, 273, 9, 679, 498, 347, 652, 159, 93, 613, 639, 318, 570, 530, 174, 257, 420, 589, 190, 294, 455, 98, 511, 43, 173, 246, 627, 619, 134, 79, 571, 499, 625, 695, 633, 533, 671, 97, 5, 154, 549, 366, 612, 632, 454, 688, 100, 635, 509, 341, 563, 216, 277, 349, 674, 2, 444, 447, 660, 290, 606, 292, 442, 210, 13, 410, 55, 664, 540, 245, 102, 636, 539, 497, 70, 95, 372, 379, 592, 22, 73, 637, 558, 259, 343, 527, 16, 280, 198, 706, 476, 500, 287, 494, 542, 650, 704, 249, 293, 556, 483, 312, 389, 1, 718, 367, 577, 276, 647, 712, 116, 135, 434, 348, 701, 406, 604, 696, 464, 325, 673, 39, 286, 96, 478, 8]
labeling = [0, 2, 5, 0, 4, 7, 3, 0, 5, 12, 8, 1, 3, 8, 1, 5, 11, 3, 3, 0, 7, 5, 12, 6, 2, 8, 0, 5, 2, 11, 9, 2, 0, 4, 6, 9, 0, 7, 1, 14, 7, 3, 1, 10, 2, 6, 3, 5, 2, 12, 9, 6, 4, 0, 1, 9, 0, 7, 3, 11, 2, 7, 10, 5, 2, 8, 4, 9, 13, 4, 14, 1, 7, 4, 1, 10, 6, 3, 1, 5, 3, 5, 11, 13, 7, 2, 5, 9, 4, 8, 10, 4, 6, 9, 0, 12, 14, 7, 10, 6, 9, 3, 14, 10, 3, 0, 5, 2, 8, 12, 0, 4, 8, 11, 9, 3, 13, 2, 4, 6, 12, 1, 5, 12, 7, 4, 9, 13, 11, 0, 4, 7, 3, 9, 6, 11, 5, 14, 10, 6, 1, 10, 5, 2, 0, 7, 3, 12, 2, 5, 0, 11, 9, 3, 13, 9, 0, 4, 8, 6, 2, 0, 2, 9, 3, 5, 8, 0, 7, 1, 3, 0, 7, 10, 12, 4, 6, 3, 13, 6, 4, 2, 5, 0, 13, 1, 12, 10, 8, 10, 14, 7, 11, 3, 7, 2, 0, 11, 6, 1, 3, 9, 6, 10, 8, 5, 1, 3, 10, 8, 14, 2, 0, 11, 13, 8, 7, 12, 1, 5, 8, 4, 6, 1, 4, 4, 14, 6, 9, 0, 7, 9, 3, 7, 6, 2, 12, 3, 10, 1, 4, 10, 5, 4, 1, 7, 9, 1, 3, 12, 5, 7, 9, 5, 0, 3, 7, 11, 0, 8, 4, 1, 8, 11, 6, 2, 8, 4, 2, 0, 12, 3, 1, 15, 12, 5, 10, 6, 3, 0, 16, 10, 13, 0, 3, 1, 15, 9, 5, 7, 15, 1, 9, 6, 14, 2, 0, 2, 9, 4, 7, 3, 10, 8, 11, 6, 8, 0, 2, 11, 6, 12, 15, 0, 2, 1, 11, 5, 8, 2, 9, 11, 13, 8, 0, 15, 5, 11, 13, 8, 6, 9, 0, 3, 11, 2, 8, 5, 1, 10, 3, 11, 10, 14, 4, 10, 0, 13, 15, 7, 5, 7, 5, 12, 7, 9, 11, 3, 1, 8, 3, 9, 6, 3, 5, 7, 9, 12, 6, 8, 0, 13, 16, 11, 2, 0, 4, 10, 10, 14, 11, 9, 1, 13, 5, 9, 1, 6, 3, 15, 13, 10, 4, 2, 7, 11, 12, 9, 7, 4, 0, 6, 8, 3, 6, 2, 8, 1, 6, 0, 11, 3, 1, 6, 5, 13, 9, 4, 10, 7, 13, 5, 8, 8, 6, 0, 13, 6, 2, 8, 11, 2, 11, 2, 15, 5, 14, 0, 12, 9, 0, 5, 12, 8, 10, 2, 4, 14, 2, 4, 1, 10, 4, 14, 6, 12, 7, 11, 8, 7, 5, 2, 12, 8, 15, 3, 0, 13, 4, 1, 8, 0, 5, 1, 9, 5, 15, 0, 6, 10, 2, 9, 3, 12, 1, 4, 9, 4, 7, 2, 5, 9, 7, 4, 10, 7, 0, 12, 15, 8, 12, 2, 9, 1, 1, 3, 14, 11, 1, 15, 0, 13, 6, 4, 7, 1, 8, 10, 13, 4, 7, 3, 2, 0, 3, 13, 0, 16, 6, 0, 10, 9, 6, 12, 2, 9, 1, 10, 3, 5, 13, 3, 0, 7, 3, 5, 8, 12, 2, 11, 9, 6, 4, 11, 7, 0, 10, 6, 2, 4, 1, 8, 6, 10, 2, 7, 0, 1, 10, 0, 9, 12, 4, 11, 0, 5, 4, 14, 8, 5, 2, 0, 8, 3, 7, 13, 11, 6, 0, 4, 6, 10, 15, 0, 0, 9, 12, 2, 7, 3, 1, 5, 8, 7, 16, 5, 15, 12, 10, 8, 11, 13, 3, 14, 8, 6, 4, 13, 5, 15, 0, 6, 12, 10, 1, 15, 0, 14, 4, 7, 1, 7, 13, 9, 2, 12, 16, 8, 1, 8, 0, 5, 3, 0, 8, 5, 3, 9, 3, 5, 12, 7, 10, 1, 3, 6, 1, 0, 2, 4, 11, 6, 9, 5, 11, 4, 5, 7, 1, 3, 8, 11, 2, 8, 10, 2, 4, 8, 6, 0, 5, 7, 0, 6, 9, 6, 0, 4, 9, 1, 4, 2, 9, 5, 1, 11, 13, 2, 6, 0, 8, 11, 0, 4, 6, 3, 7, 4, 2, 6, 3, 3, 11, 8, 0, 5, 9, 11, 13, 5, 5, 2, 10, 6, 11, 1, 7, 0, 2]
convergência = [16, 16, 16, 16, 16, 16, 16, 16, 16, 16, 16, 16, 16, 16, 16, 16, 16, 16, 16, 16, 16, 16, 16, 16, 16, 16, 16, 16, 16, 16, 16, 16, 16, 16, 16, 16, 16, 16, 16, 16, 16, 16, 16, 16, 16, 16, 16, 16, 16, 16, 16, 16, 16, 16, 16, 16, 16, 16, 16, 16, 16, 16, 16, 16, 16, 16, 16, 16, 16, 16, 16, 16, 16, 16, 16, 16, 16, 16, 16, 16, 16, 16, 16, 16, 16, 16, 16, 16, 16, 16, 16, 16, 16, 16, 16, 16, 16, 16, 16, 16, 16, 16, 16, 16, 16, 16, 16, 16, 16, 16, 16, 16, 16, 16, 16, 16, 16, 16, 16, 16, 16, 16, 16, 16]

===== FIM =====
