===== RESULTADO BRKGA L(2,1) =====
Arquivo: /Users/mateuspedrosa/Documents/TCC-II/BRKGA/data/Harwell-Boeing_cleaned/orani678_clean.mtx

----- Execução #1 -----
[INFO] Time limit atingido: 15 minutos. Interrompido no meio de uma geração.
Tempo de execução: 900348ms
Span (lambda): 1545
best_order = [1361, 806, 348, 2435, 486, 1813, 637, 1062, 434, 1193, 2490, 1074, 2222, 2389, 2380, 1536, 378, 1326, 484, 660, 424, 2275, 886, 1577, 2122, 951, 572, 55, 1409, 1550, 1732, 1914, 1759, 490, 263, 1405, 1983, 657, 1817, 2268, 937, 2363, 191, 1789, 166, 1814, 1892, 942, 600, 1059, 788, 618, 1106, 1175, 73, 82, 1685, 296, 1694, 1352, 157, 295, 1647, 1207, 1937, 706, 1857, 1557, 1860, 98, 2061, 1655, 1872, 828, 2140, 2058, 881, 1949, 1925, 748, 1922, 13, 41, 2432, 2189, 1678, 1018, 2043, 1748, 897, 1520, 1234, 1573, 1439, 91, 1861, 245, 2098, 2237, 2358, 1413, 2129, 175, 894, 2327, 1876, 185, 372, 885, 477, 534, 967, 396, 104, 1491, 865, 757, 232, 924, 1276, 1046, 546, 723, 508, 1110, 566, 34, 1156, 462, 2498, 1548, 312, 837, 1867, 501, 569, 1571, 1963, 2455, 548, 143, 2331, 717, 260, 1948, 2184, 1066, 938, 1719, 25, 991, 2121, 1511, 303, 709, 1312, 371, 708, 1319, 95, 767, 1430, 1253, 668, 1332, 1200, 2206, 2477, 1897, 2521, 779, 979, 1168, 1254, 1192, 1952, 538, 1970, 1512, 2011, 440, 1251, 1582, 2036, 1379, 2086, 1269, 346, 2243, 2481, 1792, 1698, 2242, 1961, 1032, 1261, 1981, 468, 2307, 275, 2028, 638, 1594, 2315, 1219, 1989, 1167, 1284, 499, 589, 428, 1356, 2186, 1260, 2042, 2316, 1562, 2445, 1299, 2453, 988, 665, 1979, 563, 1532, 1434, 1486, 2388, 690, 542, 380, 218, 1505, 236, 969, 1785, 395, 768, 1460, 1679, 83, 459, 528, 662, 320, 1845, 1187, 977, 1292, 1257, 230, 883, 1339, 1472, 399, 1009, 196, 246, 2246, 1237, 258, 869, 752, 1781, 138, 1024, 132, 2419, 1510, 908, 992, 384, 1779, 2039, 997, 1986, 211, 1311, 2144, 15, 193, 2196, 2373, 679, 1868, 458, 747, 2528, 1295, 628, 547, 777, 2319, 2030, 2345, 711, 1163, 179, 1670, 366, 661, 526, 109, 19, 1551, 1774, 2281, 825, 797, 1993, 2346, 2127, 639, 2392, 1108, 1330, 971, 1145, 1208, 2072, 2409, 2318, 2377, 905, 1377, 2175, 229, 1303, 1752, 2462, 1290, 1635, 2068, 139, 1725, 326, 1691, 298, 644, 2360, 955, 1475, 1751, 1336, 77, 698, 775, 1641, 880, 745, 498, 2527, 473, 1941, 1625, 1889, 1484, 445, 736, 2393, 523, 2132, 1947, 2110, 1137, 699, 1588, 1280, 4, 1756, 2526, 1414, 1791, 2398, 571, 420, 743, 136, 976, 577, 973, 1591, 1534, 505, 1183, 203, 1616, 707, 369, 1341, 1509, 439, 442, 1250, 195, 2465, 182, 1533, 1776, 294, 1964, 1812, 1847, 1342, 773, 2297, 2090, 1490, 1769, 2311, 1469, 790, 68, 201, 1247, 1663, 416, 512, 1597, 1600, 2139, 954, 107, 180, 1911, 1432, 2518, 86, 1022, 1624, 1927, 2501, 1426, 1037, 2447, 674, 148, 818, 1221, 721, 1640, 1944, 1489, 697, 1070, 758, 2313, 1390, 1481, 2104, 2493, 1188, 2522, 1863, 2158, 1099, 2089, 1087, 1322, 1765, 990, 360, 1104, 1281, 446, 163, 2001, 2015, 1566, 2200, 117, 854, 152, 1355, 667, 999, 820, 2247, 2161, 337, 1412, 1127, 1109, 2512, 1568, 281, 594, 474, 1706, 705, 441, 1214, 2415, 133, 1008, 2433, 599, 983, 1010, 2183, 2081, 1268, 114, 426, 1978, 507, 891, 2125, 1116, 1994, 1073, 800, 1980, 2514, 1628, 1772, 30, 1085, 786, 2259, 2339, 2395, 492, 2167, 676, 728, 1174, 2420, 864, 581, 893, 1079, 100, 1262, 557, 882, 27, 1649, 255, 1199, 1801, 841, 2290, 1210, 750, 1919, 2421, 2475, 2508, 1039, 1824, 2442, 80, 120, 939, 1623, 2112, 585, 1249, 1344, 911, 647, 1715, 1150, 2454, 2517, 1198, 1869, 2289, 727, 1692, 76, 415, 1003, 2386, 1370, 735, 381, 423, 190, 1399, 158, 1713, 16, 2291, 827, 243, 2276, 645, 1894, 1904, 2153, 1347, 97, 1169, 513, 1042, 1320, 1, 2270, 1382, 2147, 996, 1471, 2197, 455, 2446, 1852, 2018, 817, 2342, 391, 678, 1740, 852, 159, 1173, 567, 1856, 1058, 266, 946, 251, 2523, 2322, 1810, 90, 2113, 1328, 1216, 1866, 412, 1764, 744, 1337, 1278, 878, 1005, 1676, 481, 1504, 714, 755, 1746, 2406, 866, 821, 1683, 2261, 349, 1614, 2172, 630, 1974, 382, 1498, 685, 774, 456, 1286, 32, 521, 2075, 502, 358, 12, 67, 1029, 373, 2495, 784, 1223, 1112, 562, 1206, 1565, 815, 1652, 762, 311, 283, 1854, 1946, 2361, 771, 127, 1620, 703, 1178, 1453, 1012, 221, 1023, 2103, 2082, 1242, 1547, 2033, 2354, 1483, 1222, 2062, 887, 663, 1755, 1256, 1884, 1338, 970, 794, 194, 2414, 1811, 414, 2296, 410, 959, 1297, 1272, 1760, 2332, 2156, 2502, 1246, 1850, 1157, 1301, 228, 1203, 807, 1048, 1942, 2106, 1107, 1958, 1564, 1508, 1976, 760, 922, 2484, 1606, 1619, 1313, 2133, 280, 1160, 338, 1741, 309, 2031, 1027, 1965, 2012, 165, 2450, 1664, 1054, 2274, 2138, 1357, 1903, 1100, 947, 317, 1891, 1888, 1844, 1793, 2509, 2448, 2203, 355, 265, 353, 1441, 1211, 2321, 1373, 989, 1245, 88, 1737, 1935, 853, 941, 2505, 2429, 652, 847, 609, 772, 1241, 1098, 995, 452, 874, 516, 2025, 1838, 2265, 1122, 2404, 576, 1072, 1459, 1513, 1799, 2449, 724, 2492, 1595, 1002, 2382, 1346, 2245, 934, 802, 733, 1687, 1158, 1502, 215, 1823, 287, 1783, 1123, 144, 857, 284, 1068, 2060, 388, 1662, 1702, 160, 1308, 425, 1089, 156, 796, 2264, 1529, 342, 1926, 1717, 2439, 1065, 1449, 1775, 2008, 479, 2155, 2370, 2413, 1916, 1239, 2065, 1129, 1064, 975, 778, 398, 219, 582, 105, 2244, 344, 392, 149, 2375, 2499, 276, 929, 2431, 631, 1271, 584, 910, 2519, 615, 1693, 2383, 1840, 824, 1467, 274, 1047, 1259, 1275, 487, 1131, 844, 1296, 1959, 945, 2117, 1768, 1402, 2355, 1975, 1818, 1552, 1084, 162, 1988, 1096, 1267, 173, 1972, 649, 2410, 1464, 1133, 1626, 1578, 376, 1796, 1147, 1705, 2381, 1404, 2233, 2143, 2423, 79, 1302, 2337, 670, 855, 2288, 2367, 789, 1466, 247, 1477, 845, 551, 1144, 418, 47, 681, 2424, 1804, 1386, 1761, 226, 1996, 33, 1773, 2486, 278, 1176, 1041, 1881, 1345, 292, 565, 915, 1497, 316, 1666, 624, 2348, 1136, 1149, 1016, 659, 2005, 636, 1684, 24, 953, 72, 2520, 1171, 2150, 129, 408, 2078, 223, 872, 2085, 2362, 1639, 1315, 1521, 65, 1636, 217, 1992, 1541, 2092, 2426, 952, 553, 1665, 17, 2241, 1659, 888, 87, 1353, 29, 961, 2364, 2228, 2278, 849, 147, 1674, 2310, 2177, 1036, 1225, 1431, 900, 2032, 1808, 742, 877, 1834, 1696, 1933, 1851, 2254, 875, 1896, 2080, 1598, 587, 1045, 306, 419, 1189, 811, 1747, 1305, 1026, 1294, 675, 2064, 9, 59, 2487, 1140, 2137, 202, 570, 1177, 20, 1915, 448, 1615, 2324, 1730, 1743, 1191, 672, 1180, 623, 2091, 1420, 1879, 286, 1803, 2240, 1932, 1742, 478, 2040, 2396, 2108, 2263, 18, 1525, 1956, 1735, 37, 1745, 2218, 974, 529, 2123, 868, 2249, 2231, 1515, 515, 1288, 1744, 99, 718, 363, 633, 766, 2130, 936, 1780, 1632, 1700, 1389, 2325, 1831, 1407, 982, 2444, 2301, 431, 101, 92, 1675, 588, 94, 1886, 1786, 444, 591, 1982, 2286, 1865, 85, 2020, 1004, 1873, 1690, 524, 2054, 2407, 1190, 352, 2190, 1155, 2285, 564, 1360, 1709, 726, 1707, 2225, 680, 926, 1561, 554, 2279, 1124, 2171, 451, 1753, 1522, 2269, 2272, 1953, 558, 1688, 1969, 1224, 1252, 1101, 1166, 1236, 2135, 430, 826, 2483, 58, 26, 842, 716, 1117, 390, 2513, 1829, 1000, 1172, 354, 289, 781, 2083, 250, 145, 1134, 422, 737, 1423, 1593, 2515, 2007, 2173, 322, 860, 1310, 907, 626, 2500, 1855, 1572, 2162, 2428, 210, 734, 580, 985, 1875, 197, 102, 2306, 666, 2214, 1055, 2506, 108, 2016, 1523, 896, 1516, 2468, 1461, 731, 476, 2451, 1968, 2004, 1400, 2116, 1274, 2511, 1111, 1334, 1788, 998, 1444, 830, 454, 1654, 1007, 1923, 212, 2266, 783, 2387, 2461, 141, 2109, 2456, 2365, 2260, 333, 1317, 2192, 632, 7, 347, 816, 712, 220, 1195, 2287, 249, 1853, 602, 2213, 1363, 2224, 307, 819, 2359, 914, 1681, 411, 648, 2469, 70, 1019, 2356, 1787, 2349, 1656, 2452, 2176, 1340, 617, 187, 958, 1368, 1822, 123, 2099, 655, 1289, 1429, 1880, 695, 2441, 1985, 1436, 2235, 480, 54, 2118, 583, 43, 351, 574, 110, 1470, 1934, 2427, 2250, 1893, 1153, 2230, 643, 2063, 1083, 2101, 297, 2010, 365, 1165, 965, 1358, 682, 2159, 1913, 2344, 340, 514, 2489, 597, 738, 1545, 1950, 2009, 1890, 241, 432, 400, 1204, 1230, 1998, 1143, 183, 960, 1882, 106, 543, 1634, 321, 803, 1102, 2510, 48, 198, 2234, 1733, 1063, 2277, 1366, 2114, 549, 464, 493, 2053, 838, 2480, 327, 1119, 1240, 689, 1921, 1031, 2215, 2044, 1835, 1463, 359, 2488, 150, 704, 1115, 244, 1767, 1771, 1899, 238, 1895, 612, 282, 56, 469, 1495, 1476, 1398, 268, 1682, 240, 2463, 1321, 1815, 466, 2333, 1581, 2115, 1071, 1859, 1784, 84, 2187, 1778, 1387, 519, 1479, 1040, 1445, 713, 2271, 1966, 1608, 2457, 64, 1770, 1121, 2335, 2303, 1125, 780, 658, 205, 374, 2050, 1570, 1314, 785, 1951, 917, 2148, 1120, 1500, 537, 867, 71, 2229, 438, 257, 2329, 135, 1971, 1795, 224, 1726, 2223, 1843, 858, 181, 1069, 461, 1555, 722, 776, 1350, 740, 207, 2199, 1388, 1170, 601, 2227, 49, 1077, 1621, 429, 1728, 1830, 1080, 2174, 2334, 1335, 506, 1794, 2312, 1544, 1929, 116, 1331, 919, 2470, 2353, 2209, 2347, 334, 1677, 339, 994, 57, 1220, 137, 1021, 2208, 2248, 2300, 700, 1164, 525, 319, 1231, 627, 813, 394, 253, 963, 1103, 1501, 254, 1410, 436, 151, 2164, 1044, 22, 300, 130, 1457, 984, 397, 833, 2405, 1034, 1846, 761, 1575, 1243, 791, 1589, 653, 118, 650, 2309, 575, 2002, 616, 1485, 111, 2210, 530, 2202, 1918, 2069, 1283, 1530, 475, 2181, 669, 2074, 421, 640, 1870, 765, 1585, 1043, 2211, 377, 2411, 2111, 1538, 541, 279, 2000, 1930, 1721, 2096, 2059, 1468, 2317, 2052, 536, 805, 916, 450, 901, 2299, 199, 222, 1704, 2013, 184, 1263, 2497, 2473, 8, 2460, 290, 559, 981, 1384, 2034, 2374, 1226, 1648, 2258, 2391, 2003, 1462, 2107, 1482, 1825, 1455, 799, 931, 1266, 2141, 641, 1416, 2326, 920, 522, 1537, 1396, 2006, 52, 720, 235, 1316, 1406, 35, 5, 2437, 204, 1898, 2022, 1954, 122, 1701, 1196, 1376, 568, 930, 1493, 1343, 840, 1139, 1535, 1816, 1777, 169, 1393, 1699, 1736, 1372, 1456, 1496, 1806, 447, 2284, 2019, 1943, 142, 124, 1473, 850, 146, 1181, 846, 60, 793, 1729, 1631, 1148, 1235, 404, 598, 2496, 1601, 646, 328, 2157, 121, 2160, 822, 1907, 81, 494, 393, 1612, 862, 42, 485, 2472, 2221, 134, 1433, 2357, 741, 2168, 1526, 1114, 921, 2204, 1057, 460, 1212, 2350, 2131, 1448, 2478, 890, 38, 812, 2425, 1161, 155, 1671, 401, 544, 1126, 2417, 2055, 1603, 1273, 1524, 259, 613, 2105, 1025, 1637, 1451, 902, 1697, 1141, 509, 2443, 1754, 552, 2341, 614, 848, 1629, 1517, 500, 1082, 829, 763, 1013, 2094, 1385, 861, 497, 2049, 2401, 1011, 299, 1030, 2525, 1159, 2262, 325, 1480, 749, 696, 1642, 1653, 1375, 2037, 1749, 863, 925, 1722, 1152, 1738, 489, 1734, 488, 2403, 871, 2029, 496, 906, 2295, 170, 1277, 36, 1587, 1348, 375, 1454, 719, 2073, 573, 1997, 1185, 2385, 335, 449, 1506, 362, 561, 1669, 1184, 1945, 2, 2418, 1229, 578, 324, 2219, 1977, 692, 2399, 879, 1611, 168, 2163, 2494, 1833, 1819, 1359, 1836, 1369, 804, 252, 14, 93, 2188, 1580, 178, 31, 2120, 470, 511, 2165, 2436, 403, 1351, 409, 1298, 2136, 262, 341, 603, 1325, 1488, 876, 2400, 1248, 413, 2180, 161, 1060, 2422, 66, 61, 1293, 2466, 1238, 1428, 2459, 471, 586, 1661, 1421, 1365, 1514, 2045, 1364, 1887, 1478, 1282, 1883, 1604, 385, 1563, 1567, 964, 2379, 2340, 1371, 78, 1727, 851, 1973, 987, 2394, 2328, 1832, 687, 1939, 206, 1093, 1848, 2056, 2193, 1028, 1579, 1686, 836, 691, 1607, 764, 751, 673, 1205, 1999, 1395, 1602, 1088, 556, 903, 918, 2251, 1264, 2257, 579, 1627, 153, 1962, 2304, 314, 2170, 1527, 125, 1586, 873, 651, 1162, 814, 1304, 1452, 912, 233, 1680, 510, 986, 2369, 590, 1667, 330, 835, 2408, 115, 1658, 2372, 2376, 288, 1800, 463, 270, 1020, 200, 622, 1067, 21, 1179, 271, 1596, 242, 527, 1984, 729, 1782, 1917, 693, 1928, 1797, 69, 407, 2027, 715, 671, 1798, 1724, 131, 2149, 1613, 1329, 957, 2504, 361, 1194, 2093, 2207, 1556, 532, 2308, 261, 1877, 1105, 1408, 2217, 810, 940, 1291, 1695, 1714, 2134, 1910, 214, 389, 1435, 1920, 1081, 1842, 2154, 1494, 943, 935, 621, 642, 96, 2071, 2253, 1828, 2280, 1213, 2255, 1128, 1990, 1306, 329, 2298, 291, 1507, 343, 1001, 1265, 44, 2467, 336, 634, 629, 2336, 2051, 1650, 1035, 1821, 1418, 518, 248, 1487, 2320, 754, 1731, 1837, 62, 899, 1849, 1052, 770, 1841, 113, 831, 1182, 746, 387, 1197, 1542, 495, 2282, 1827, 405, 620, 843, 1543, 2128, 1258, 1826, 2038, 870, 1924, 1519, 2066, 1657, 164, 550, 2236, 792, 1415, 909, 808, 895, 6, 1349, 28, 1374, 980, 1633, 443, 1716, 1228, 1605, 1138, 1987, 1995, 1287, 304, 2166, 2145, 2067, 272, 2351, 1539, 1053, 171, 2097, 427, 1574, 189, 1033, 227, 2095, 769, 1672, 1739, 1425, 2232, 1936, 2503, 701, 1723, 2226, 1078, 1130, 2023, 2368, 364, 932, 1720, 1638, 1758, 1354, 1905, 2239, 2024, 216, 1397, 1553, 1186, 1689, 269, 2524, 904, 1215, 2384, 208, 2079, 1324, 539, 467, 2088, 686, 2124, 1540, 1871, 301, 1333, 1447, 1644, 154, 1858, 656, 1051, 1300, 51, 1094, 1050, 1590, 2070, 1569, 1440, 1367, 504, 74, 1394, 45, 1378, 1151, 1285, 128, 596, 2142, 273, 1227, 1599, 1864, 1839, 889, 2416, 315, 503, 801, 40, 2126, 710, 305, 1327, 1583, 2151, 1763, 993, 1802, 1960, 2476, 2026, 1113, 1075, 732, 1618, 357, 103, 2440, 239, 1878, 756, 606, 1610, 2464, 2102, 2343, 654, 2338, 913, 302, 188, 1931, 1643, 898, 112, 809, 2182, 1809, 192, 635, 75, 332, 1092, 2516, 1132, 1424, 2294, 209, 607, 520, 1270, 367, 1458, 1630, 2352, 1957, 433, 453, 884, 739, 1528, 2293, 1549, 1790, 2323, 1967, 1146, 39, 1392, 356, 2378, 608, 2017, 2305, 1874, 1090, 933, 839, 592, 293, 2412, 2179, 2169, 402, 2438, 1309, 176, 2194, 174, 625, 1017, 2458, 472, 923, 213, 167, 1820, 664, 2201, 11, 1465, 859, 1279, 2402, 1708, 417, 1391, 533, 856, 702, 379, 2048, 1609, 437, 604, 483, 2076, 1307, 1805, 1546, 928, 2191, 555, 231, 1710, 46, 177, 753, 1381, 1909, 1885, 1757, 1531, 1718, 1492, 2314, 2146, 1038, 1154, 10, 2046, 406, 1403, 535, 225, 1703, 1646, 1209, 368, 1651, 1560, 267, 688, 1711, 1417, 968, 605, 684, 1750, 962, 2273, 2021, 1906, 234, 798, 318, 619, 0, 1049, 834, 795, 892, 2434, 759, 2430, 545, 172, 126, 277, 2267, 1233, 3, 560, 540, 927, 978, 2507, 2178, 1232, 2185, 1411, 331, 1422, 2471, 1217, 2100, 1061, 2491, 956, 2119, 2152, 2292, 2485, 1450, 285, 1554, 1095, 1668, 611, 2479, 2198, 2195, 1862, 2216, 1443, 2397, 1499, 683, 1427, 2252, 1442, 1559, 2220, 1576, 63, 948, 2057, 1255, 972, 1097, 2014, 1660, 1622, 1142, 949, 1086, 89, 782, 1014, 1991, 1006, 1323, 1901, 677, 2041, 2205, 2371, 2238, 1807, 310, 950, 1617, 383, 186, 1558, 787, 531, 140, 50, 119, 1118, 2482, 1091, 1766, 1437, 1056, 2087, 2330, 23, 1318, 1218, 593, 944, 595, 345, 694, 2283, 1383, 457, 2212, 1503, 1938, 1201, 370, 1446, 1673, 1908, 350, 256, 1076, 264, 2077, 1474, 323, 482, 610, 2366, 730, 1912, 1244, 966, 1401, 1362, 1015, 1955, 1645, 491, 1592, 308, 1135, 2390, 435, 2256, 1518, 517, 2035, 1940, 725, 823, 2084, 237, 465, 386, 2474, 1900, 1380, 1202, 1584, 1902, 1438, 1762, 832, 2302, 1419, 313, 53, 2047, 1712]
labeling = [1447, 366, 1090, 1453, 230, 979, 1269, 754, 954, 630, 1429, 1398, 409, 53, 1103, 179, 356, 604, 653, 192, 635, 1182, 912, 1499, 584, 93, 713, 329, 1271, 608, 322, 1107, 404, 572, 79, 978, 1075, 657, 1035, 1385, 1349, 54, 1025, 782, 1236, 1338, 1419, 567, 813, 884, 1494, 1329, 974, 1544, 780, 15, 834, 899, 712, 631, 1010, 1126, 1246, 1475, 857, 596, 1125, 410, 261, 1194, 764, 868, 585, 29, 1336, 1371, 347, 215, 1146, 560, 337, 1021, 30, 86, 849, 684, 274, 606, 483, 1481, 382, 62, 676, 1104, 678, 100, 1223, 362, 44, 665, 326, 675, 0, 2, 0, 526, 785, 270, 733, 191, 784, 1, 4, 1249, 313, 1177, 895, 299, 920, 1497, 338, 1018, 984, 772, 1007, 1168, 1452, 421, 1341, 588, 913, 1199, 171, 310, 1028, 872, 238, 901, 169, 207, 1495, 752, 1005, 87, 502, 720, 1009, 609, 278, 530, 829, 911, 301, 1164, 1326, 1038, 512, 36, 355, 375, 508, 1124, 547, 296, 1266, 467, 26, 1403, 1095, 994, 1074, 1287, 1450, 550, 1397, 68, 1395, 1420, 1106, 187, 272, 877, 250, 809, 953, 70, 1491, 769, 1365, 1291, 353, 24, 1369, 180, 438, 248, 166, 732, 814, 949, 1185, 262, 633, 242, 981, 859, 1151, 881, 1313, 1373, 730, 176, 750, 1401, 1216, 498, 1306, 598, 150, 525, 757, 425, 951, 591, 874, 1435, 17, 29, 7, 5, 3, 34, 1, 1172, 39, 975, 151, 1533, 18, 35, 841, 11, 4, 357, 15, 64, 4, 563, 1243, 758, 719, 380, 1102, 906, 907, 331, 1514, 871, 167, 23, 91, 1209, 1117, 0, 1515, 478, 379, 1441, 839, 1311, 1183, 1187, 1285, 1343, 535, 129, 531, 1451, 574, 939, 460, 305, 833, 418, 504, 1465, 646, 500, 1179, 9, 955, 1230, 578, 1390, 252, 37, 33, 791, 211, 25, 21, 1322, 1364, 96, 1281, 1351, 623, 761, 1526, 463, 1487, 417, 82, 41, 27, 32, 8, 6, 40, 20, 2, 12, 10, 46, 1092, 1059, 209, 14, 1016, 1229, 1176, 0, 0, 0, 19, 22, 28, 0, 461, 898, 798, 1119, 514, 1233, 527, 1502, 121, 755, 2, 396, 1512, 783, 691, 480, 717, 476, 1387, 1360, 408, 827, 292, 1203, 1085, 666, 1299, 793, 189, 1376, 1438, 244, 1508, 98, 72, 411, 861, 1078, 555, 934, 9, 1408, 148, 350, 400, 1489, 173, 1142, 1536, 1251, 506, 1218, 714, 373, 528, 1023, 904, 153, 75, 915, 524, 164, 805, 1040, 1393, 1112, 1014, 1256, 1431, 1195, 589, 1114, 441, 763, 387, 1122, 440, 348, 265, 1405, 566, 625, 236, 931, 722, 351, 12, 510, 315, 1289, 136, 886, 711, 674, 804, 1379, 6, 1528, 909, 1411, 869, 245, 114, 308, 246, 1274, 681, 223, 294, 1002, 638, 1083, 947, 699, 487, 1380, 747, 370, 402, 1504, 182, 156, 1031, 879, 80, 1181, 819, 1535, 844, 1317, 127, 835, 1109, 1130, 1399, 218, 307, 928, 738, 73, 650, 519, 779, 392, 1517, 1412, 10, 1026, 3, 538, 1070, 1068, 20, 1524, 323, 820, 1022, 1254, 1072, 1057, 217, 135, 1054, 84, 407, 1348, 1335, 240, 891, 316, 77, 1049, 1174, 1110, 266, 364, 800, 662, 488, 1529, 1241, 852, 1375, 405, 970, 224, 688, 903, 190, 1189, 157, 659, 923, 1493, 1207, 1407, 74, 1433, 946, 867, 110, 1316, 1455, 937, 147, 811, 1041, 1448, 76, 184, 89, 818, 1268, 565, 1051, 602, 697, 1417, 1161, 328, 703, 957, 1454, 1086, 413, 143, 692, 580, 78, 377, 988, 86, 634, 234, 16, 1017, 785, 849, 356, 152, 645, 675, 453, 210, 337, 492, 346, 222, 653, 404, 429, 69, 683, 431, 830, 899, 191, 910, 772, 497, 588, 196, 27, 546, 472, 646, 508, 846, 782, 812, 823, 312, 911, 868, 520, 467, 620, 347, 577, 483, 29, 858, 733, 712, 530, 416, 353, 757, 425, 557, 70, 719, 263, 299, 469, 426, 723, 803, 388, 4, 67, 119, 421, 585, 713, 494, 125, 237, 591, 226, 475, 294, 574, 677, 306, 572, 791, 485, 766, 19, 370, 382, 11, 107, 93, 280, 833, 79, 456, 166, 60, 578, 366, 695, 0, 668, 163, 410, 180, 894, 249, 100, 436, 1, 4, 878, 847, 187, 750, 657, 842, 511, 81, 664, 647, 693, 912, 490, 631, 168, 130, 141, 535, 758, 840, 248, 515, 192, 26, 151, 58, 54, 780, 91, 471, 526, 257, 694, 444, 53, 418, 643, 594, 167, 542, 47, 322, 925, 435, 228, 208, 687, 917, 459, 790, 330, 451, 230, 138, 447, 499, 813, 545, 606, 403, 146, 255, 144, 735, 103, 33, 630, 216, 667, 96, 839, 726, 258, 795, 44, 172, 863, 290, 573, 270, 623, 665, 587, 419, 63, 92, 759, 729, 271, 321, 155, 264, 134, 549, 105, 329, 62, 532, 446, 884, 468, 207, 14, 206, 895, 30, 381, 158, 576, 743, 603, 31, 99, 340, 115, 857, 592, 204, 776, 278, 505, 649, 581, 1, 287, 745, 797, 700, 301, 615, 559, 678, 269, 470, 247, 165, 473, 171, 261, 604, 920, 358, 112, 442, 231, 34, 498, 463, 731, 926, 567, 862, 684, 663, 52, 502, 828, 596, 215, 443, 736, 361, 380, 601, 311, 621, 394, 597, 656, 251, 304, 179, 374, 836, 335, 539, 834, 448, 627, 605, 632, 209, 43, 259, 537, 422, 95, 742, 639, 390, 676, 272, 401, 652, 398, 256, 648, 137, 38, 214, 97, 815, 41, 13, 276, 395, 774, 611, 201, 873, 211, 40, 748, 458, 37, 5, 727, 397, 438, 618, 670, 765, 123, 640, 1, 0, 744, 354, 225, 679, 796, 474, 379, 583, 533, 672, 402, 593, 608, 291, 832, 45, 637, 437, 865, 547, 345, 595, 584, 764, 826, 326, 710, 427, 23, 57, 221, 701, 305, 25, 707, 907, 362, 242, 300, 880, 889, 896, 14, 391, 389, 160, 129, 875, 696, 478, 284, 501, 393, 856, 561, 512, 496, 919, 42, 845, 83, 282, 120, 885, 150, 417, 338, 149, 94, 866, 64, 749, 590, 375, 197, 568, 454, 680, 658, 71, 302, 181, 36, 99, 781, 554, 262, 243, 102, 462, 176, 310, 718, 327, 229, 433, 254, 893, 460, 194, 68, 199, 0, 274, 626, 892, 922, 386, 831, 24, 484, 1, 0, 161, 275, 82, 617, 409, 238, 661, 267, 628, 513, 65, 754, 570, 725, 296, 162, 841, 220, 523, 378, 241, 579, 560, 406, 46, 359, 288, 860, 771, 768, 728, 753, 250, 457, 906, 610, 252, 28, 654, 871, 5, 504, 343, 341, 55, 686, 336, 541, 170, 521, 324, 203, 8, 789, 916, 552, 761, 213, 553, 704, 622, 495, 365, 205, 890, 178, 669, 339, 825, 905, 799, 660, 767, 876, 368, 887, 317, 177, 298, 439, 507, 563, 183, 698, 31, 289, 116, 193, 48, 461, 268, 788, 607, 517, 202, 445, 897, 509, 536, 529, 320, 333, 4, 531, 616, 188, 715, 342, 762, 360, 810, 4, 15, 924, 383, 140, 751, 525, 415, 619, 888, 500, 313, 122, 817, 371, 600, 384, 227, 773, 514, 493, 843, 434, 51, 285, 331, 629, 293, 1036, 598, 186, 556, 794, 708, 133, 106, 363, 883, 586, 716, 376, 325, 32, 575, 636, 423, 1184, 642, 1008, 1250, 239, 1088, 1082, 1309, 159, 286, 624, 690, 641, 108, 7, 1204, 756, 986, 1252, 344, 332, 104, 1507, 1538, 449, 806, 1157, 414, 39, 198, 1437, 334, 479, 1032, 1226, 309, 1312, 385, 1460, 1501, 131, 900, 279, 432, 412, 706, 612, 959, 1344, 1276, 1091, 807, 902, 1457, 1449, 59, 1013, 709, 165, 1128, 522, 822, 486, 428, 918, 1519, 482, 446, 263, 1121, 341, 247, 115, 707, 102, 107, 1477, 435, 161, 1259, 536, 138, 125, 327, 952, 1162, 1235, 967, 549, 312, 120, 1372, 529, 443, 1043, 743, 537, 16, 1073, 390, 1402, 229, 293, 1139, 926, 134, 1340, 403, 1280, 663, 774, 204, 1211, 160, 1127, 628, 183, 539, 442, 1115, 141, 1328, 448, 561, 202, 1170, 627, 1228, 1414, 509, 1394, 726, 177, 97, 458, 863, 594, 976, 753, 1500, 99, 365, 842, 290, 1483, 1315, 1118, 4, 1352, 384, 1202, 197, 896, 103, 1323, 744, 890, 214, 389, 437, 162, 768, 241, 256, 990, 342, 577, 495, 361, 1077, 1270, 880, 1113, 35, 607, 1303, 300, 137, 470, 795, 1099, 693, 0, 1521, 760, 1136, 1133, 816, 1334, 770, 1101, 349, 1145, 998, 481, 1272, 1063, 987, 200, 1339, 118, 1537, 1421, 367, 1503, 956, 1056, 569, 851, 882, 671, 283, 1406, 1386, 995, 1337, 1159, 972, 1307, 838, 352, 741, 1520, 543, 1432, 558, 21, 977, 673, 1210, 18, 908, 1458, 303, 66, 232, 1267, 969, 1443, 1240, 1543, 644, 1132, 1459, 721, 1370, 1295, 277, 1471, 1129, 775, 101, 613, 273, 1027, 145, 1217, 778, 1496, 1541, 61, 1333, 477, 1472, 1469, 746, 854, 1509, 1324, 1034, 516, 1464, 1047, 1171, 424, 1079, 966, 999, 914, 1374, 491, 154, 737, 962, 826, 552, 1400, 562, 534, 944, 260, 787, 369, 163, 1006, 1516, 212, 837, 564, 1138, 853, 1060, 284, 964, 431, 222, 922, 146, 1242, 1120, 282, 258, 71, 1427, 989, 1222, 836, 1000, 579, 401, 1470, 866, 905, 497, 1505, 393, 149, 1084, 1231, 454, 243, 170, 95, 112, 492, 1134, 661, 736, 1053, 1527, 1263, 58, 595, 701, 735, 1044, 654, 1030, 1167, 1381, 511, 927, 1425, 144, 249, 237, 991, 5, 971, 936, 1286, 1320, 600, 1253, 1257, 893, 799, 1416, 429, 81, 1382, 17, 193, 546, 1308, 1466, 878, 1206, 42, 1490, 1473, 1440, 696, 140, 1143, 453, 415, 298, 1144, 304, 1332, 862, 85, 728, 60, 1290, 917, 1474, 8, 554, 1154, 1105, 845, 116, 1353, 1539, 933, 1169, 1076, 228, 919, 1330, 235, 1525, 723, 130, 494, 1186, 267, 622, 1345, 268, 1015, 1160, 1042, 1141, 1277, 456, 1156, 856, 1410, 1362, 1094, 1024, 1201, 397, 634, 234, 1488, 1359, 457, 422, 885, 1480, 339, 275, 220, 553, 1163, 320, 1052, 1377, 1012, 669, 1273, 812, 205, 597, 1046, 1301, 593, 280, 216, 1061, 1367, 1325, 1523, 1436, 38, 960, 330, 1238, 1439, 416, 1062, 748, 46, 766, 1265, 1178, 605, 1479, 1131, 505, 264, 468, 603, 581, 1175, 1467, 1087, 188, 1037, 1293, 1510, 610, 677, 391, 897, 55, 155, 1173, 762, 840, 395, 583, 31, 1155, 496, 704, 1310, 687, 210, 346, 532, 34, 1212, 617, 1048, 123, 996, 670, 985, 507, 1434, 948, 557, 306, 695, 1404, 694, 1418, 1442, 1546, 354, 1213, 343, 1275, 515, 1426, 92, 1300, 941, 1066, 1297, 1198, 208, 875, 1147, 887, 1011, 639, 1244, 13, 815, 1069, 656, 997, 484, 1067, 1294, 374, 462, 649, 640, 664, 658, 394, 626, 57, 1065, 1444, 213, 203, 700, 1050, 434, 231, 1424, 1302, 19, 444, 570, 1542, 1355, 388, 291, 1492, 828, 542, 259, 858, 830, 321, 573, 194, 517, 251, 993, 850, 172, 668, 168, 1190, 501, 848, 152, 680, 765, 745, 25, 1383, 233, 122, 475, 892, 873, 556, 1193, 1197, 493, 1180, 333, 1356, 647, 568, 1415, 1001, 1486, 615, 1368, 381, 439, 254, 1, 27, 843, 992, 23, 545, 1098, 1396, 1239, 771, 499, 336, 965, 1260, 1255, 1225, 715, 888, 672, 1149, 1097, 616, 825, 1100, 1245, 490, 1347, 533, 1248, 1220, 876, 474, 158, 916, 255, 1152, 1247, 447, 619, 371, 759, 419, 727, 378, 41, 1327, 847, 43, 63, 1468, 287, 1346, 683, 386, 83, 181, 345, 932, 1321, 47, 686, 1389, 731, 69, 1208, 1361, 645, 776, 576, 810, 1140, 436, 1423, 679, 1137, 473, 221, 803, 472, 28, 788, 358, 832, 620, 105, 980, 831, 1534, 1484, 1540, 471, 359, 1304, 1446, 1020, 1511, 1422, 1215, 271, 1518, 797, 14, 637, 521, 1191, 924, 335, 1219, 823, 52, 749, 1262, 51, 513, 276, 1192, 894, 940, 1366, 648, 618, 786, 485, 1296, 40, 1506, 1150, 1531, 219, 450, 1004, 281, 1089, 420, 226, 90, 50, 801, 864, 109, 702, 983, 1522, 655, 1378, 452, 540, 1357, 124, 1165, 88, 253, 465, 855, 1384, 739, 705, 111, 870, 551, 1148, 399, 544, 455, 1093, 314, 142, 319, 126, 682, 22, 1188, 777, 175, 1278, 548, 132, 1227, 1482, 599, 195, 318, 1279, 571, 1081, 808, 1158, 938, 295, 921, 961, 740, 582, 973, 724, 518, 802, 792, 113, 466, 950, 1478, 297, 734, 1388, 372, 1003, 685, 1445, 982, 1298, 1305, 489, 1358, 1196, 128, 1071, 185, 464, 614, 430, 958, 1530, 117, 1064, 1261, 174, 651, 1485, 139, 56, 824, 1135, 1430, 1545, 1409, 1058, 860, 1237, 945, 821, 689, 1039, 1153, 1476, 49, 943, 503, 45, 433, 789, 629, 523, 1264, 1284, 206, 925, 1331, 1224, 199, 1080, 930, 406, 1413, 1513, 590, 1314, 621, 311, 427, 718, 1532, 592, 119, 1498, 1318, 289, 257, 643, 601, 1205, 1055, 1292, 942, 1288, 65, 773, 1461, 790, 1363, 426, 285, 1045, 451, 963, 652, 751, 227, 935, 340, 383, 817, 846, 742, 541, 781, 1462, 1108, 94, 11, 660, 1319, 317, 1350, 196, 1258, 67, 667, 1033, 225, 459, 1214, 710, 1116, 632, 469, 269, 48, 968, 1342, 559, 178, 1283, 1428, 368, 865, 1200, 587, 1354, 1463, 360, 1221, 520, 445, 1017, 288, 796, 1019, 302, 729, 1096, 910, 1111, 1282, 324, 1029, 1392, 1166, 698, 398, 725, 889, 201, 767, 611, 1456, 1391, 1123, 929, 96, 23, 6, 103, 9, 59, 75, 1, 0, 0, 41, 69, 80, 2, 8, 19, 85, 1, 9, 81, 59, 18, 66, 90, 5, 0, 56, 55, 58, 60, 92, 44, 39, 49, 87, 73, 29, 67, 88, 64, 0, 53, 45, 36, 78, 54, 26, 52, 47, 30, 77, 24, 48, 46, 76, 3, 91, 79, 32, 25, 6, 4, 23, 21, 7, 10, 57, 33, 0, 70, 89, 74, 27, 75, 93, 71, 62, 11, 43, 17, 68, 28, 22, 20, 40, 82, 2, 37, 15, 50, 38, 83, 0, 0, 0, 2, 0, 0, 2, 0, 1, 3, 63, 35, 34, 42, 2, 13, 12, 14, 84, 0, 0, 0, 0, 0, 0, 61, 65, 31, 0, 51, 72, 100, 36, 7, 87, 64, 33, 20, 61, 21, 1, 8, 0, 65, 17, 12, 89, 32, 0, 98, 46, 49, 69, 3, 80, 58, 105, 4, 31, 56, 60, 57, 88, 42, 95, 22, 78, 72, 28, 94, 55, 13, 14, 63, 44, 54, 71, 90, 97, 62, 30, 40, 53, 70, 5, 52, 19, 29, 48, 2, 45, 51, 106, 43, 91, 82, 35, 104, 84, 11, 67, 38, 85, 18, 99, 77, 1, 41, 34, 39, 92, 74, 26, 37, 10, 0, 107, 68, 15, 0, 1, 25, 47, 2, 0, 2, 76, 0, 102, 73, 24, 2, 0, 50, 83, 0, 0, 66, 101, 0, 8, 5, 93, 79, 81, 4, 27, 7, 11, 0, 0, 0, 0, 0, 1, 0, 1, 0, 0, 0, 0, 0, 0, 0, 0, 0, 0, 0, 0, 0, 0, 0, 0, 0, 0, 0, 0, 0, 0, 0, 0, 0, 0, 0, 0, 0, 0, 0, 0, 0, 0, 0, 0, 0, 0, 0, 0, 0, 0, 0, 0, 0, 0, 0, 0, 0, 0, 0, 0, 0, 0, 0, 0, 0, 0, 0, 0, 0, 1, 0, 0, 0, 1, 0, 0, 0, 0, 1, 0, 0, 1, 0, 0, 0, 0, 1, 1, 0, 1, 1, 0, 0, 1, 0, 0, 0, 0, 0, 0, 0, 1, 0, 0, 2, 0]
convergência = [1545]

===== FIM =====
