===== RESULTADO BRKGA L(2,1) =====
Arquivo: /Users/mateuspedrosa/Documents/TCC-II/BRKGA/data/Harwell-Boeing_cleaned/orsirr_2_clean.mtx

----- Execução #1 -----
[INFO] Parou por estagnação.
Tempo de execução: 68631ms
Span (lambda): 18
best_order = [507, 343, 392, 301, 96, 197, 146, 880, 750, 533, 295, 270, 329, 11, 259, 655, 732, 651, 532, 554, 36, 706, 859, 280, 798, 452, 396, 305, 303, 819, 202, 802, 615, 71, 454, 817, 189, 195, 95, 767, 341, 650, 818, 635, 216, 607, 573, 86, 226, 648, 668, 578, 438, 640, 175, 714, 778, 492, 805, 110, 466, 130, 587, 738, 394, 211, 401, 416, 509, 800, 558, 686, 133, 876, 670, 717, 782, 419, 261, 322, 183, 547, 445, 446, 148, 102, 64, 144, 399, 51, 483, 104, 357, 626, 485, 176, 539, 145, 564, 212, 463, 664, 188, 4, 761, 28, 33, 18, 225, 811, 306, 710, 409, 707, 107, 151, 406, 288, 562, 864, 497, 425, 222, 9, 314, 830, 600, 487, 35, 606, 19, 161, 829, 694, 124, 781, 241, 788, 328, 428, 643, 58, 467, 478, 299, 119, 99, 765, 230, 861, 557, 493, 381, 78, 324, 122, 595, 246, 6, 138, 16, 877, 665, 542, 370, 160, 120, 57, 350, 331, 389, 66, 155, 62, 755, 629, 510, 499, 129, 663, 457, 185, 500, 356, 249, 871, 652, 865, 48, 460, 831, 852, 745, 255, 708, 402, 631, 596, 544, 376, 308, 749, 424, 853, 278, 320, 700, 490, 248, 681, 590, 766, 353, 374, 661, 476, 571, 205, 582, 439, 218, 763, 556, 498, 40, 234, 863, 702, 7, 109, 14, 300, 846, 563, 647, 519, 704, 422, 269, 576, 567, 658, 430, 752, 688, 87, 832, 774, 217, 758, 112, 480, 362, 834, 5, 3, 850, 91, 583, 346, 630, 116, 287, 705, 366, 729, 369, 523, 775, 258, 848, 348, 442, 724, 469, 76, 253, 795, 642, 813, 669, 502, 649, 215, 101, 141, 83, 319, 293, 806, 444, 827, 790, 810, 207, 313, 744, 245, 283, 264, 741, 789, 34, 518, 455, 703, 92, 801, 170, 198, 560, 625, 561, 479, 187, 411, 26, 262, 543, 757, 516, 169, 397, 210, 413, 388, 747, 785, 559, 711, 127, 156, 323, 586, 809, 659, 272, 574, 639, 743, 292, 235, 65, 282, 67, 488, 39, 171, 47, 840, 736, 869, 780, 17, 854, 143, 872, 10, 656, 368, 572, 139, 815, 80, 742, 721, 239, 676, 601, 591, 638, 153, 537, 680, 666, 1, 125, 289, 265, 27, 549, 885, 860, 619, 448, 612, 267, 182, 136, 147, 695, 164, 506, 568, 274, 398, 166, 503, 275, 679, 163, 190, 616, 526, 317, 228, 486, 32, 214, 484, 791, 730, 257, 135, 334, 473, 69, 718, 796, 598, 29, 728, 380, 22, 449, 722, 769, 209, 229, 701, 593, 654, 315, 434, 617, 93, 354, 213, 266, 857, 608, 77, 173, 546, 584, 191, 427, 420, 227, 588, 697, 443, 271, 538, 375, 716, 98, 140, 74, 379, 244, 836, 45, 883, 450, 184, 770, 874, 152, 60, 49, 472, 856, 674, 192, 618, 208, 828, 660, 336, 816, 298, 284, 511, 12, 838, 382, 345, 614, 540, 103, 824, 634, 63, 575, 79, 592, 725, 126, 481, 90, 713, 530, 611, 117, 82, 114, 405, 181, 53, 221, 474, 589, 179, 786, 31, 157, 73, 712, 325, 387, 410, 644, 168, 628, 310, 85, 238, 464, 56, 783, 365, 726, 878, 753, 302, 580, 162, 131, 137, 111, 180, 470, 440, 150, 690, 489, 291, 20, 835, 94, 657, 13, 174, 296, 604, 675, 172, 251, 108, 613, 24, 276, 50, 609, 123, 812, 423, 804, 297, 683, 784, 285, 553, 462, 201, 421, 361, 881, 367, 719, 759, 431, 581, 236, 826, 186, 243, 777, 531, 720, 407, 339, 332, 316, 685, 338, 715, 552, 849, 603, 193, 352, 42, 359, 263, 286, 165, 377, 594, 768, 799, 371, 491, 515, 154, 465, 599, 118, 390, 653, 113, 458, 437, 823, 223, 349, 814, 59, 597, 178, 23, 37, 842, 837, 393, 820, 671, 219, 220, 808, 621, 868, 844, 762, 748, 395, 363, 751, 667, 687, 610, 453, 52, 435, 372, 54, 254, 204, 867, 822, 132, 632, 773, 364, 468, 696, 426, 340, 194, 843, 43, 570, 627, 735, 55, 475, 633, 873, 30, 358, 875, 833, 240, 447, 851, 121, 646, 673, 682, 548, 731, 403, 330, 501, 585, 386, 461, 247, 100, 513, 404, 400, 723, 333, 764, 693, 158, 779, 623, 84, 521, 514, 335, 776, 232, 551, 203, 505, 839, 709, 281, 72, 373, 326, 555, 418, 429, 740, 602, 408, 645, 884, 692, 347, 508, 200, 290, 528, 327, 25, 821, 318, 882, 797, 524, 436, 252, 870, 415, 199, 535, 128, 825, 441, 378, 756, 579, 517, 256, 391, 727, 159, 97, 177, 737, 636, 496, 754, 337, 142, 0, 417, 412, 512, 495, 550, 471, 536, 294, 304, 81, 545, 385, 89, 477, 70, 273, 734, 351, 355, 8, 344, 260, 803, 637, 772, 577, 311, 529, 383, 624, 312, 231, 841, 699, 858, 855, 541, 309, 224, 879, 384, 41, 2, 456, 522, 482, 678, 845, 746, 250, 566, 793, 525, 459, 641, 862, 520, 672, 105, 167, 698, 15, 760, 75, 206, 279, 620, 237, 787, 794, 792, 342, 268, 662, 733, 277, 414, 115, 433, 46, 307, 68, 504, 88, 605, 534, 149, 451, 622, 321, 866, 684, 106, 196, 691, 847, 38, 494, 233, 21, 61, 771, 689, 807, 134, 739, 565, 242, 44, 527, 569, 677, 360, 432]
labeling = [7, 10, 12, 5, 2, 7, 3, 5, 14, 3, 9, 1, 8, 4, 6, 9, 0, 6, 2, 4, 11, 1, 8, 14, 2, 4, 8, 10, 2, 5, 13, 3, 7, 1, 6, 3, 0, 9, 15, 0, 4, 13, 10, 12, 5, 7, 10, 2, 0, 2, 8, 0, 3, 1, 5, 7, 9, 5, 1, 13, 8, 12, 0, 3, 2, 5, 7, 3, 15, 10, 14, 0, 4, 1, 11, 14, 0, 12, 2, 13, 7, 9, 13, 6, 9, 3, 0, 4, 5, 15, 3, 0, 4, 8, 10, 1, 0, 12, 9, 5, 11, 6, 3, 11, 2, 7, 14, 1, 8, 4, 1, 13, 6, 9, 5, 15, 6, 9, 14, 4, 4, 14, 3, 11, 4, 7, 2, 8, 6, 8, 4, 12, 6, 2, 17, 3, 0, 12, 6, 8, 13, 5, 8, 10, 3, 5, 0, 10, 1, 16, 11, 2, 11, 1, 14, 2, 6, 13, 15, 12, 8, 6, 11, 8, 3, 10, 5, 16, 5, 0, 2, 6, 0, 2, 8, 0, 3, 11, 13, 9, 14, 12, 6, 2, 7, 2, 8, 5, 2, 0, 11, 13, 3, 11, 15, 2, 17, 0, 6, 16, 14, 4, 1, 11, 7, 3, 12, 1, 6, 10, 8, 3, 5, 9, 7, 5, 2, 7, 4, 13, 15, 11, 0, 3, 15, 3, 0, 10, 1, 8, 2, 13, 7, 12, 5, 3, 11, 13, 4, 6, 14, 4, 17, 12, 8, 5, 0, 15, 0, 6, 15, 1, 13, 3, 14, 5, 10, 6, 3, 0, 12, 4, 8, 11, 2, 0, 9, 4, 1, 6, 0, 9, 8, 3, 5, 7, 10, 12, 2, 13, 0, 11, 2, 0, 4, 1, 5, 8, 4, 1, 14, 12, 7, 3, 11, 0, 2, 9, 7, 1, 5, 0, 9, 2, 6, 0, 2, 15, 3, 11, 7, 13, 3, 8, 4, 6, 10, 1, 16, 8, 8, 12, 0, 9, 4, 7, 10, 4, 2, 0, 8, 2, 10, 14, 6, 13, 11, 15, 4, 2, 14, 1, 12, 0, 16, 5, 3, 15, 7, 12, 1, 17, 13, 2, 6, 10, 0, 4, 9, 5, 18, 10, 0, 12, 15, 8, 5, 14, 1, 5, 0, 13, 7, 12, 3, 1, 4, 6, 11, 4, 12, 1, 13, 2, 15, 10, 12, 9, 5, 2, 6, 14, 0, 9, 1, 8, 2, 5, 7, 0, 13, 0, 5, 2, 4, 7, 3, 12, 9, 1, 8, 0, 11, 4, 6, 3, 1, 16, 13, 0, 10, 12, 6, 10, 0, 3, 11, 2, 2, 10, 1, 5, 14, 18, 9, 12, 3, 8, 2, 5, 12, 14, 7, 9, 5, 0, 3, 11, 7, 5, 11, 14, 1, 13, 0, 7, 16, 2, 10, 4, 3, 7, 5, 1, 10, 8, 1, 3, 14, 3, 6, 9, 7, 5, 8, 11, 1, 10, 0, 3, 8, 2, 11, 0, 8, 3, 7, 1, 10, 12, 4, 9, 1, 5, 14, 8, 14, 0, 7, 3, 6, 11, 0, 2, 9, 11, 8, 0, 16, 1, 3, 12, 7, 4, 12, 12, 10, 15, 3, 1, 16, 16, 17, 0, 10, 18, 7, 17, 5, 13, 12, 8, 2, 0, 4, 11, 3, 1, 1, 3, 6, 10, 2, 5, 0, 6, 5, 0, 11, 3, 9, 7, 12, 8, 0, 10, 7, 4, 2, 0, 4, 6, 2, 6, 1, 12, 17, 7, 10, 12, 9, 4, 10, 0, 9, 6, 4, 16, 1, 14, 6, 13, 4, 9, 11, 14, 5, 0, 10, 15, 8, 0, 12, 9, 13, 6, 5, 2, 7, 15, 0, 10, 14, 8, 14, 17, 5, 3, 9, 1, 12, 4, 4, 11, 8, 1, 6, 8, 10, 2, 17, 7, 18, 13, 16, 4, 1, 14, 12, 1, 9, 6, 12, 8, 11, 0, 14, 11, 3, 10, 5, 16, 1, 5, 7, 15, 13, 7, 3, 8, 2, 0, 3, 5, 15, 1, 11, 13, 6, 9, 11, 2, 18, 7, 4, 6, 8, 14, 1, 9, 1, 13, 11, 17, 12, 15, 4, 16, 16, 10, 0, 6, 14, 5, 17, 7, 0, 14, 2, 16, 3, 12, 15, 13, 2, 4, 12, 5, 10, 14, 5, 11, 7, 4, 2, 8, 0, 3, 6, 8, 1, 8, 12, 15, 2, 11, 9, 3, 3, 5, 0, 11, 14, 17, 7, 6, 9, 16, 13, 5, 9, 15, 0, 1, 14, 12, 9, 18, 2, 13, 10, 4, 11, 11, 11, 3, 6, 8, 10, 7, 0, 12, 9, 12, 14, 4, 16, 9, 6, 2, 15, 1, 11, 0, 7, 1, 4, 0, 12, 6, 8, 17, 13, 11, 7, 9, 13, 6, 0, 11, 9, 5, 0, 4, 9, 2, 5, 13, 4, 7, 2, 6, 15, 7, 9, 3, 8, 11, 1, 13, 0, 4, 1, 16, 14, 3, 5, 16, 2, 7, 5, 6, 12, 8, 5, 1, 13, 4, 2, 0, 9, 16, 14, 12, 9, 6, 13, 4, 7, 2, 0, 3, 1, 4, 3, 8, 5, 9, 4, 6, 8, 11, 14, 16, 10, 6, 2, 17, 10, 13, 0, 6, 3, 5, 2, 8, 1, 11, 4, 0, 10, 4, 1, 5, 3, 7, 3, 8, 6, 10, 5, 1, 4, 13, 9, 15, 0, 3, 2, 6, 0, 2, 11, 1, 8, 6]
convergência = [18, 18, 18, 18, 18, 18, 18, 18, 18, 18, 18, 18, 18, 18, 18, 18, 18, 18, 18, 18, 18, 18, 18, 18, 18, 18, 18, 18, 18, 18, 18, 18, 18, 18, 18, 18, 18, 18, 18, 18, 18, 18, 18, 18, 18, 18, 18, 18, 18, 18, 18, 18, 18, 18, 18, 18, 18, 18, 18, 18, 18, 18, 18, 18, 18, 18, 18, 18, 18, 18, 18, 18, 18, 18, 18, 18, 18, 18, 18, 18, 18, 18, 18, 18, 18, 18, 18, 18, 18, 18, 18, 18, 18, 18, 18, 18, 18, 18, 18, 18, 18, 18, 18, 18, 18, 18, 18, 18, 18, 18, 18, 18, 18, 18, 18, 18, 18, 18, 18, 18, 18, 18, 18, 18]

===== FIM =====
