===== RESULTADO BRKGA L(2,1) =====
Arquivo: /Users/mateuspedrosa/Documents/TCC-II/BRKGA/data/Harwell-Boeing_cleaned/orsirr_1_clean.mtx

----- Execução #1 -----
[INFO] Parou por estagnação.
Tempo de execução: 96942ms
Span (lambda): 17
best_order = [8, 1022, 161, 906, 915, 426, 669, 612, 269, 184, 387, 892, 303, 858, 435, 489, 34, 887, 970, 851, 248, 1004, 551, 579, 492, 625, 381, 510, 626, 623, 675, 408, 0, 917, 517, 434, 534, 602, 642, 753, 255, 893, 321, 770, 891, 908, 13, 700, 702, 596, 867, 250, 33, 209, 864, 563, 490, 66, 975, 885, 543, 136, 678, 455, 819, 943, 1006, 839, 220, 372, 425, 174, 752, 191, 812, 390, 378, 433, 475, 589, 448, 519, 143, 261, 277, 186, 394, 497, 842, 253, 656, 341, 747, 869, 853, 655, 898, 486, 114, 539, 817, 523, 991, 964, 271, 811, 1015, 951, 476, 1028, 773, 783, 417, 398, 914, 932, 800, 524, 723, 300, 258, 538, 944, 18, 353, 676, 431, 162, 214, 264, 950, 171, 664, 518, 647, 552, 67, 260, 480, 138, 680, 463, 710, 649, 211, 722, 36, 305, 40, 156, 307, 78, 973, 650, 683, 740, 10, 631, 89, 556, 802, 343, 720, 444, 728, 256, 601, 1018, 484, 2, 103, 727, 707, 30, 1010, 218, 750, 102, 479, 439, 456, 108, 799, 474, 205, 128, 69, 160, 644, 573, 1027, 199, 249, 449, 483, 547, 23, 155, 183, 574, 743, 619, 326, 786, 141, 291, 597, 185, 157, 843, 64, 781, 942, 395, 641, 805, 1011, 152, 977, 119, 831, 777, 998, 967, 849, 459, 170, 150, 591, 979, 181, 496, 941, 101, 379, 662, 1013, 302, 866, 745, 769, 847, 73, 207, 471, 816, 610, 985, 317, 580, 966, 920, 901, 714, 466, 725, 91, 263, 468, 318, 96, 464, 796, 1020, 147, 571, 406, 227, 639, 74, 660, 236, 447, 348, 934, 131, 797, 996, 661, 189, 380, 598, 215, 512, 481, 515, 77, 221, 870, 377, 182, 935, 281, 115, 251, 333, 423, 949, 369, 638, 212, 958, 974, 388, 495, 324, 663, 862, 322, 304, 648, 733, 759, 504, 911, 396, 113, 94, 807, 392, 522, 130, 104, 26, 528, 422, 127, 355, 798, 856, 637, 124, 42, 24, 508, 930, 726, 443, 716, 81, 421, 690, 313, 537, 952, 194, 452, 687, 789, 774, 529, 758, 824, 164, 730, 685, 854, 17, 262, 276, 982, 833, 809, 600, 953, 764, 744, 910, 27, 176, 779, 695, 994, 402, 995, 225, 364, 98, 461, 51, 855, 376, 487, 876, 706, 872, 351, 204, 561, 555, 541, 502, 821, 627, 808, 921, 165, 986, 273, 751, 16, 438, 903, 818, 593, 947, 252, 363, 916, 557, 937, 988, 983, 582, 494, 666, 768, 99, 782, 624, 1026, 140, 925, 437, 1016, 981, 188, 360, 175, 595, 909, 689, 772, 823, 756, 338, 244, 927, 293, 507, 148, 1001, 546, 132, 280, 245, 47, 65, 1019, 453, 615, 865, 527, 572, 955, 254, 478, 936, 107, 178, 895, 420, 45, 972, 163, 7, 247, 391, 142, 268, 266, 428, 177, 308, 709, 93, 201, 82, 272, 880, 63, 216, 158, 389, 278, 629, 945, 352, 80, 75, 493, 76, 401, 617, 427, 938, 403, 53, 153, 718, 330, 659, 237, 577, 674, 877, 708, 562, 873, 210, 542, 693, 239, 31, 735, 118, 454, 501, 968, 49, 956, 336, 607, 896, 234, 25, 713, 565, 458, 154, 652, 581, 469, 358, 359, 645, 52, 585, 419, 525, 167, 570, 416, 83, 442, 516, 657, 200, 482, 450, 1017, 217, 228, 608, 1012, 520, 748, 39, 667, 467, 532, 287, 488, 640, 361, 289, 737, 339, 715, 978, 342, 852, 385, 828, 699, 701, 613, 763, 62, 137, 257, 412, 368, 954, 682, 20, 957, 559, 859, 288, 620, 491, 335, 913, 670, 135, 340, 383, 117, 686, 984, 196, 71, 889, 795, 829, 329, 583, 139, 231, 105, 432, 874, 270, 409, 123, 567, 691, 907, 815, 848, 208, 149, 749, 884, 825, 990, 651, 283, 279, 845, 441, 179, 370, 100, 926, 965, 133, 719, 197, 672, 301, 274, 354, 190, 746, 592, 168, 61, 566, 513, 511, 309, 1025, 614, 72, 784, 904, 1008, 344, 668, 297, 776, 233, 688, 193, 35, 418, 195, 992, 778, 367, 88, 837, 319, 295, 630, 506, 92, 754, 860, 616, 531, 514, 560, 224, 290, 457, 634, 120, 894, 521, 9, 961, 971, 766, 902, 44, 568, 126, 875, 801, 275, 144, 285, 922, 742, 28, 229, 863, 622, 621, 814, 306, 86, 267, 671, 1002, 850, 400, 399, 243, 697, 696, 665, 554, 145, 868, 549, 803, 41, 505, 151, 500, 1000, 729, 897, 540, 384, 1005, 899, 832, 924, 230, 365, 760, 736, 734, 989, 960, 576, 878, 969, 587, 599, 265, 393, 12, 724, 632, 19, 788, 536, 535, 125, 337, 575, 356, 187, 242, 780, 548, 4, 29, 765, 470, 173, 654, 835, 879, 60, 460, 5, 282, 993, 785, 692, 681, 232, 553, 826, 912, 311, 1009, 653, 386, 3, 846, 712, 202, 134, 373, 48, 240, 6, 923, 223, 787, 550, 375, 241, 68, 741, 11, 296, 810, 85, 564, 172, 382, 334, 822, 820, 959, 928, 732, 259, 611, 424, 604, 116, 857, 739, 761, 499, 445, 50, 840, 841, 731, 886, 465, 451, 462, 316, 90, 806, 987, 545, 111, 328, 775, 636, 310, 374, 703, 767, 963, 590, 166, 633, 827, 544, 97, 794, 871, 473, 84, 628, 58, 643, 320, 861, 830, 95, 997, 962, 440, 603, 999, 503, 331, 705, 980, 122, 294, 813, 771, 677, 929, 1023, 70, 405, 169, 332, 43, 976, 413, 881, 37, 350, 900, 804, 509, 605, 414, 284, 404, 180, 584, 1021, 940, 609, 905, 793, 314, 21, 882, 558, 1014, 939, 345, 446, 57, 919, 14, 346, 15, 436, 721, 411, 55, 834, 315, 159, 429, 646, 931, 323, 594, 38, 762, 430, 844, 792, 569, 410, 347, 946, 203, 658, 890, 755, 618, 371, 698, 246, 673, 578, 32, 87, 684, 477, 206, 407, 222, 933, 530, 219, 588, 292, 704, 238, 349, 606, 1029, 757, 146, 226, 192, 717, 1, 110, 198, 485, 325, 312, 299, 286, 79, 366, 586, 838, 46, 298, 106, 129, 1024, 415, 109, 635, 362, 498, 397, 711, 694, 112, 54, 918, 59, 472, 121, 791, 790, 948, 836, 22, 56, 357, 1003, 235, 526, 327, 679, 883, 1007, 738, 888, 213, 533]
labeling = [2, 15, 5, 13, 7, 10, 5, 0, 0, 13, 3, 15, 2, 0, 7, 10, 8, 5, 1, 7, 4, 15, 13, 2, 3, 10, 4, 2, 10, 12, 0, 6, 15, 2, 0, 11, 1, 7, 11, 9, 0, 6, 3, 9, 6, 3, 13, 1, 13, 4, 8, 1, 4, 0, 10, 5, 3, 1, 5, 12, 14, 9, 4, 2, 7, 10, 0, 2, 9, 4, 16, 11, 9, 4, 6, 10, 12, 8, 3, 5, 2, 7, 9, 3, 14, 11, 6, 9, 11, 1, 13, 0, 7, 9, 2, 15, 5, 12, 6, 8, 4, 0, 5, 3, 7, 10, 14, 5, 2, 10, 7, 16, 17, 2, 0, 3, 8, 5, 3, 8, 11, 13, 10, 7, 0, 15, 13, 10, 5, 16, 9, 7, 5, 11, 14, 8, 1, 11, 2, 13, 0, 6, 9, 2, 4, 13, 15, 6, 8, 1, 4, 12, 6, 9, 11, 4, 2, 5, 8, 17, 3, 0, 2, 10, 6, 3, 13, 7, 1, 13, 4, 0, 14, 12, 1, 11, 4, 9, 7, 11, 16, 2, 9, 6, 0, 6, 2, 14, 9, 7, 11, 4, 11, 1, 5, 10, 12, 7, 5, 3, 3, 6, 12, 8, 2, 4, 11, 6, 10, 0, 7, 1, 5, 12, 0, 8, 2, 12, 3, 9, 0, 7, 15, 11, 8, 4, 14, 5, 8, 10, 4, 14, 14, 7, 1, 15, 3, 6, 16, 5, 16, 11, 5, 13, 7, 4, 14, 12, 2, 4, 0, 3, 5, 0, 6, 2, 2, 7, 0, 6, 4, 2, 10, 7, 0, 10, 4, 14, 9, 0, 8, 1, 7, 3, 9, 11, 7, 3, 6, 10, 5, 1, 13, 6, 4, 9, 13, 2, 0, 6, 8, 2, 11, 1, 7, 12, 9, 2, 10, 4, 0, 8, 2, 0, 5, 0, 3, 1, 9, 11, 5, 7, 15, 7, 9, 16, 14, 3, 1, 11, 14, 1, 4, 11, 3, 6, 2, 14, 13, 4, 0, 12, 15, 1, 11, 9, 6, 16, 7, 9, 9, 0, 11, 1, 7, 10, 13, 4, 0, 14, 8, 2, 11, 2, 14, 6, 14, 17, 5, 10, 5, 3, 16, 8, 10, 12, 4, 13, 13, 6, 12, 15, 0, 4, 8, 13, 11, 7, 2, 5, 6, 0, 15, 11, 15, 3, 5, 0, 6, 9, 1, 3, 8, 12, 4, 7, 1, 3, 6, 14, 11, 5, 3, 6, 6, 12, 1, 11, 0, 4, 9, 2, 7, 10, 5, 12, 7, 0, 12, 8, 4, 9, 7, 5, 15, 2, 0, 10, 5, 16, 8, 1, 13, 4, 2, 0, 16, 1, 10, 3, 8, 6, 4, 8, 2, 9, 17, 6, 1, 7, 11, 4, 11, 5, 8, 1, 4, 0, 12, 5, 6, 3, 14, 2, 8, 12, 3, 9, 6, 9, 13, 6, 14, 7, 2, 0, 1, 15, 6, 4, 3, 5, 7, 4, 2, 6, 0, 3, 8, 0, 3, 12, 0, 8, 5, 1, 6, 4, 15, 6, 11, 7, 4, 16, 1, 13, 10, 8, 3, 16, 0, 10, 3, 6, 12, 4, 9, 0, 5, 1, 9, 14, 7, 2, 4, 6, 15, 11, 8, 3, 16, 10, 7, 11, 0, 13, 4, 1, 4, 1, 12, 2, 7, 3, 9, 5, 6, 3, 5, 9, 11, 0, 6, 11, 12, 9, 0, 6, 11, 1, 7, 5, 4, 2, 13, 10, 15, 13, 10, 14, 11, 7, 9, 2, 4, 15, 8, 5, 15, 0, 5, 12, 6, 13, 2, 7, 17, 4, 16, 1, 14, 3, 10, 8, 14, 12, 1, 6, 0, 12, 4, 6, 2, 13, 13, 15, 17, 3, 9, 16, 7, 10, 0, 5, 8, 6, 12, 8, 14, 0, 8, 13, 11, 0, 5, 2, 4, 7, 7, 4, 10, 1, 9, 15, 11, 8, 13, 8, 5, 3, 12, 4, 0, 12, 0, 10, 12, 0, 8, 3, 5, 12, 3, 14, 11, 3, 1, 7, 11, 9, 0, 2, 8, 10, 6, 13, 4, 6, 10, 0, 11, 9, 3, 5, 8, 1, 5, 15, 2, 12, 1, 7, 11, 3, 17, 8, 7, 3, 10, 4, 0, 5, 12, 2, 17, 9, 14, 2, 15, 9, 0, 10, 0, 12, 2, 15, 7, 0, 9, 2, 2, 14, 11, 8, 5, 10, 7, 4, 7, 5, 1, 10, 2, 1, 9, 4, 8, 6, 4, 14, 9, 16, 3, 6, 13, 9, 15, 13, 15, 10, 2, 0, 12, 9, 7, 5, 8, 1, 10, 13, 7, 11, 4, 0, 6, 13, 5, 15, 4, 0, 12, 14, 16, 8, 2, 11, 9, 7, 10, 6, 0, 11, 7, 1, 6, 4, 6, 1, 5, 3, 13, 2, 4, 0, 4, 7, 0, 14, 11, 8, 13, 11, 12, 9, 3, 7, 4, 10, 2, 2, 0, 11, 1, 12, 17, 8, 6, 8, 10, 4, 13, 5, 0, 16, 12, 7, 3, 3, 3, 1, 10, 6, 12, 8, 10, 13, 6, 11, 2, 0, 14, 2, 6, 3, 16, 8, 5, 3, 6, 0, 13, 5, 0, 4, 10, 1, 9, 3, 8, 0, 5, 3, 9, 1, 2, 7, 5, 13, 0, 10, 3, 15, 5, 12, 1, 9, 2, 0, 10, 2, 4, 11, 5, 8, 10, 7, 4, 2, 6, 9, 7, 3, 5, 2, 6, 0, 7, 1, 14, 6, 13, 4, 0, 2, 11, 8, 6, 12, 1, 14, 16, 4, 10, 4, 7, 11, 0, 8, 2, 6, 1, 3, 13, 9, 3, 1, 4, 0, 7, 12, 1, 3, 4, 8, 5, 3, 9, 6, 11, 15, 7, 0, 2, 17, 3, 5, 10, 8, 6, 15, 12, 5, 9, 3, 0, 13, 15, 6, 17, 5, 7, 5, 8, 2, 10, 8, 4, 7, 1, 10, 13, 11, 14, 12, 1, 9, 5, 3, 8, 14, 0, 9, 6, 1, 8, 1, 16, 3, 5, 7, 14, 11, 8, 4, 10, 2, 2, 9, 1, 4, 12, 1, 6, 9, 3, 5, 2, 8, 0, 9, 7, 5, 8, 13, 0, 11, 2, 16, 12, 15, 4, 6, 10, 7, 10, 2, 4, 9, 2, 7, 5, 11, 0, 11, 6, 0, 5, 3, 0, 4]
convergência = [18, 18, 18, 18, 18, 18, 18, 18, 18, 18, 18, 18, 18, 18, 18, 18, 18, 18, 18, 18, 18, 18, 18, 18, 18, 18, 18, 18, 18, 18, 18, 17, 17, 17, 17, 17, 17, 17, 17, 17, 17, 17, 17, 17, 17, 17, 17, 17, 17, 17, 17, 17, 17, 17, 17, 17, 17, 17, 17, 17, 17, 17, 17, 17, 17, 17, 17, 17, 17, 17, 17, 17, 17, 17, 17, 17, 17, 17, 17, 17, 17, 17, 17, 17, 17, 17, 17, 17, 17, 17, 17, 17, 17, 17, 17, 17, 17, 17, 17, 17, 17, 17, 17, 17, 17, 17, 17, 17, 17, 17, 17, 17, 17, 17, 17, 17, 17, 17, 17, 17, 17, 17, 17, 17, 17, 17, 17, 17, 17, 17, 17, 17, 17, 17, 17, 17, 17, 17, 17, 17, 17, 17, 17, 17, 17, 17, 17, 17, 17, 17, 17, 17, 17, 17, 17]

===== FIM =====
