===== RESULTADO BRKGA L(2,1) =====
Arquivo: /Users/mateuspedrosa/Documents/TCC-II/BRKGA/data/NR_DIMACS_cleaned/p-hat700-2_clean.mtx

----- Execução #1 -----
[INFO] Time limit atingido: 15 minutos. Esgotado durante a inicialização da população.
Tempo de execução: 900952ms
Span (lambda): 699
best_order = [149, 356, 6, 434, 215, 471, 469, 371, 320, 410, 239, 243, 70, 41, 124, 601, 220, 665, 496, 391, 658, 450, 21, 447, 283, 137, 176, 16, 572, 691, 613, 622, 295, 416, 242, 609, 607, 59, 140, 207, 420, 692, 509, 168, 316, 350, 696, 671, 532, 672, 293, 39, 150, 342, 519, 226, 376, 635, 594, 26, 604, 661, 596, 411, 406, 448, 78, 597, 340, 349, 487, 42, 122, 264, 641, 80, 589, 689, 605, 260, 286, 517, 619, 108, 521, 240, 361, 64, 490, 202, 198, 445, 160, 593, 683, 60, 225, 246, 179, 93, 579, 325, 670, 646, 221, 272, 187, 200, 492, 486, 398, 133, 539, 437, 8, 191, 244, 649, 28, 186, 339, 631, 628, 138, 30, 309, 588, 433, 451, 380, 352, 262, 22, 65, 55, 674, 162, 510, 400, 458, 688, 576, 454, 504, 566, 422, 396, 44, 216, 231, 698, 514, 184, 204, 312, 113, 530, 87, 282, 68, 368, 537, 370, 292, 47, 72, 46, 367, 303, 249, 36, 655, 660, 148, 397, 105, 385, 50, 314, 159, 544, 24, 301, 568, 252, 686, 606, 663, 379, 650, 584, 189, 289, 208, 127, 637, 586, 15, 319, 571, 209, 383, 84, 461, 271, 38, 556, 331, 274, 256, 512, 235, 382, 590, 217, 238, 363, 194, 684, 533, 173, 624, 516, 118, 640, 452, 49, 251, 659, 177, 418, 144, 12, 338, 633, 3, 679, 393, 694, 475, 34, 25, 399, 656, 318, 166, 284, 104, 687, 540, 417, 276, 88, 483, 222, 116, 67, 359, 305, 424, 453, 181, 43, 425, 7, 23, 529, 302, 346, 600, 66, 569, 245, 357, 468, 267, 374, 623, 201, 563, 419, 603, 52, 165, 308, 315, 5, 296, 351, 2, 334, 77, 291, 261, 654, 551, 573, 337, 695, 265, 211, 206, 141, 313, 407, 188, 27, 528, 389, 585, 690, 82, 480, 170, 664, 112, 101, 508, 35, 102, 297, 457, 120, 224, 673, 48, 699, 421, 348, 277, 119, 171, 500, 253, 167, 9, 279, 435, 153, 4, 218, 203, 489, 478, 79, 157, 311, 567, 236, 392, 62, 17, 317, 562, 415, 497, 85, 175, 375, 354, 199, 449, 327, 29, 328, 405, 96, 40, 266, 581, 103, 234, 51, 438, 634, 372, 136, 1, 439, 390, 263, 300, 212, 223, 526, 558, 326, 642, 564, 555, 155, 554, 546, 74, 625, 627, 591, 524, 470, 192, 123, 310, 587, 330, 91, 98, 294, 548, 341, 258, 269, 345, 610, 358, 538, 561, 285, 353, 172, 131, 617, 429, 18, 621, 95, 97, 680, 662, 427, 134, 443, 237, 142, 409, 63, 456, 287, 472, 652, 476, 364, 81, 381, 57, 278, 360, 474, 384, 629, 195, 527, 114, 321, 583, 428, 459, 115, 386, 678, 106, 608, 644, 499, 657, 614, 513, 575, 638, 56, 53, 152, 440, 163, 213, 552, 653, 693, 121, 333, 196, 667, 565, 525, 668, 90, 362, 436, 574, 378, 630, 365, 595, 129, 536, 618, 324, 462, 219, 578, 636, 491, 412, 431, 616, 515, 632, 288, 58, 247, 281, 599, 89, 611, 473, 387, 493, 366, 570, 643, 11, 132, 126, 547, 534, 100, 479, 648, 182, 647, 488, 522, 228, 430, 344, 109, 280, 128, 143, 463, 71, 10, 233, 145, 54, 408, 442, 402, 259, 110, 45, 290, 645, 404, 76, 503, 13, 94, 466, 241, 107, 0, 86, 270, 298, 275, 531, 477, 20, 507, 677, 388, 681, 255, 83, 481, 441, 582, 467, 205, 395, 560, 444, 545, 697, 174, 675, 343, 180, 250, 373, 335, 61, 520, 32, 257, 559, 626, 502, 232, 403, 161, 423, 426, 577, 169, 299, 401, 676, 329, 307, 651, 523, 210, 69, 511, 598, 482, 498, 227, 347, 495, 484, 147, 592, 230, 111, 518, 332, 322, 31, 268, 602, 543, 394, 304, 156, 612, 273, 146, 505, 682, 580, 306, 183, 369, 19, 413, 460, 185, 73, 535, 501, 37, 248, 446, 685, 464, 75, 117, 99, 666, 158, 214, 323, 229, 130, 33, 506, 669, 197, 615, 193, 550, 151, 190, 154, 455, 336, 125, 620, 639, 553, 178, 465, 254, 92, 164, 135, 355, 14, 541, 432, 377, 557, 485, 542, 494, 414, 139, 549]
labeling = [558, 369, 291, 239, 341, 287, 3, 266, 118, 336, 548, 523, 234, 559, 691, 201, 29, 357, 429, 648, 573, 23, 133, 268, 183, 244, 61, 299, 95, 368, 128, 634, 576, 673, 229, 318, 164, 644, 174, 41, 372, 12, 67, 263, 152, 553, 162, 169, 327, 230, 172, 371, 285, 477, 532, 137, 475, 424, 511, 42, 97, 594, 355, 432, 83, 135, 270, 254, 159, 617, 13, 522, 171, 654, 393, 661, 557, 289, 68, 344, 75, 435, 303, 579, 204, 360, 565, 156, 257, 502, 489, 407, 662, 87, 561, 433, 370, 414, 409, 665, 512, 311, 319, 374, 247, 176, 463, 563, 88, 542, 552, 612, 315, 140, 454, 448, 259, 663, 227, 330, 320, 484, 74, 401, 15, 682, 527, 198, 546, 495, 651, 425, 525, 114, 434, 689, 352, 22, 121, 700, 43, 305, 430, 526, 233, 543, 639, 630, 180, 0, 54, 678, 470, 340, 666, 388, 637, 339, 669, 182, 94, 601, 139, 479, 688, 284, 250, 335, 38, 606, 314, 331, 400, 223, 589, 362, 27, 185, 677, 101, 591, 243, 535, 633, 155, 652, 117, 109, 310, 193, 664, 120, 399, 672, 221, 451, 486, 676, 73, 365, 111, 281, 92, 334, 138, 566, 304, 45, 190, 203, 616, 302, 387, 455, 656, 7, 153, 209, 343, 485, 16, 103, 256, 377, 324, 98, 57, 623, 539, 670, 609, 136, 592, 534, 376, 213, 351, 436, 215, 1, 80, 549, 37, 11, 122, 273, 100, 513, 647, 160, 568, 232, 186, 333, 686, 578, 200, 597, 415, 550, 82, 296, 132, 384, 71, 275, 361, 278, 636, 408, 567, 208, 107, 631, 212, 569, 255, 328, 446, 337, 544, 515, 158, 25, 252, 421, 84, 428, 493, 196, 554, 294, 167, 52, 411, 34, 288, 321, 562, 608, 385, 170, 269, 175, 628, 262, 645, 611, 286, 119, 402, 349, 154, 307, 179, 279, 49, 356, 248, 195, 6, 450, 632, 671, 501, 104, 383, 366, 367, 607, 405, 206, 620, 474, 292, 593, 674, 293, 236, 124, 64, 403, 53, 590, 540, 417, 265, 625, 325, 72, 28, 290, 131, 423, 363, 690, 2, 274, 406, 261, 447, 91, 490, 219, 442, 481, 519, 173, 161, 646, 165, 9, 378, 584, 280, 364, 58, 683, 492, 191, 123, 444, 216, 205, 449, 166, 461, 518, 528, 312, 382, 21, 353, 240, 635, 583, 151, 181, 113, 246, 127, 610, 524, 596, 556, 348, 66, 308, 538, 438, 10, 62, 507, 649, 695, 358, 35, 253, 224, 283, 47, 323, 149, 602, 258, 264, 603, 426, 458, 420, 536, 509, 692, 129, 5, 338, 487, 110, 373, 380, 468, 564, 545, 418, 581, 90, 655, 24, 60, 342, 20, 125, 220, 260, 145, 680, 439, 322, 142, 459, 650, 207, 503, 541, 659, 687, 547, 582, 276, 8, 398, 4, 437, 498, 443, 235, 440, 571, 347, 531, 309, 572, 621, 241, 629, 696, 105, 69, 537, 345, 78, 506, 112, 496, 698, 627, 19, 359, 615, 465, 332, 653, 586, 551, 147, 641, 668, 574, 317, 36, 141, 619, 214, 466, 150, 500, 226, 85, 622, 56, 595, 89, 514, 614, 396, 488, 381, 452, 301, 245, 157, 560, 44, 218, 529, 640, 497, 163, 412, 116, 249, 679, 693, 626, 168, 585, 392, 517, 413, 701, 658, 298, 472, 681, 390, 391, 210, 694, 389, 599, 570, 419, 350, 282, 386, 453, 146, 346, 184, 272, 520, 202, 31, 300, 483, 471, 144, 604, 504, 102, 643, 354, 580, 456, 194, 306, 199, 404, 130, 77, 217, 397, 618, 96, 55, 494, 65, 70, 605, 510, 271, 14, 624, 277, 46, 81, 188, 40, 464, 39, 410, 516, 638, 32, 469, 660, 491, 427, 499, 86, 684, 431, 33, 267, 225, 395, 600, 394, 126, 445, 476, 108, 508, 237, 375, 59, 505, 197, 473, 685, 228, 76, 379, 521, 460, 555, 106, 530, 533, 115, 192, 613, 441, 480, 295, 177, 231, 467, 17, 222, 178, 63, 416, 189, 316, 18, 667, 462, 478, 675, 99, 51, 50, 326, 134, 588, 598, 575, 457, 238, 422, 577, 642, 93, 211, 657, 187, 251, 143, 79, 313, 30, 48, 482, 242, 297, 26, 587, 148, 329]
convergência = []

===== FIM =====
