===== RESULTADO BRKGA L(2,1) =====
Arquivo: /Users/mateuspedrosa/Documents/TCC-II/BRKGA/data/NR_DIMACS_cleaned/p-hat1000-1_clean.mtx

----- Execução #1 -----
[INFO] Time limit atingido: 15 minutos. Interrompido no meio de uma geração.
Tempo de execução: 900516ms
Span (lambda): 999
best_order = [616, 703, 983, 422, 579, 249, 91, 666, 463, 989, 897, 980, 707, 785, 176, 148, 937, 872, 847, 194, 464, 594, 195, 786, 876, 590, 449, 706, 770, 999, 139, 593, 828, 297, 632, 996, 239, 607, 220, 774, 997, 106, 271, 939, 504, 704, 340, 484, 589, 758, 42, 137, 825, 99, 200, 90, 371, 16, 683, 657, 33, 444, 6, 962, 430, 144, 454, 877, 648, 981, 574, 477, 838, 208, 393, 204, 260, 81, 138, 622, 675, 190, 377, 116, 606, 191, 284, 944, 653, 567, 181, 152, 974, 9, 507, 688, 832, 740, 423, 294, 537, 631, 446, 882, 614, 811, 461, 756, 751, 495, 394, 630, 347, 402, 335, 169, 135, 177, 960, 214, 332, 219, 391, 557, 400, 970, 317, 693, 667, 487, 942, 32, 217, 13, 656, 17, 817, 602, 318, 839, 927, 101, 580, 243, 988, 398, 50, 931, 140, 173, 575, 735, 525, 746, 881, 429, 500, 272, 499, 681, 921, 379, 936, 611, 401, 645, 559, 635, 708, 337, 804, 923, 588, 904, 552, 92, 320, 701, 945, 778, 395, 556, 852, 895, 724, 978, 358, 566, 896, 802, 250, 125, 649, 883, 368, 680, 481, 652, 592, 541, 280, 773, 572, 508, 233, 419, 979, 65, 641, 22, 776, 48, 287, 472, 752, 193, 618, 664, 948, 10, 956, 83, 564, 623, 133, 205, 526, 86, 209, 158, 225, 986, 787, 471, 625, 223, 690, 691, 906, 659, 452, 563, 709, 910, 41, 784, 112, 270, 586, 458, 715, 141, 87, 866, 57, 288, 555, 894, 24, 245, 312, 26, 420, 104, 516, 519, 841, 351, 995, 455, 879, 362, 885, 543, 800, 151, 405, 71, 441, 725, 713, 372, 782, 470, 267, 509, 826, 952, 221, 248, 520, 565, 170, 164, 25, 23, 350, 307, 46, 816, 433, 501, 428, 875, 37, 253, 263, 695, 913, 485, 757, 131, 796, 972, 12, 277, 67, 0, 741, 911, 893, 266, 984, 425, 924, 373, 982, 184, 859, 122, 644, 496, 432, 547, 77, 286, 626, 457, 870, 946, 259, 85, 771, 207, 381, 571, 538, 719, 886, 619, 55, 829, 163, 145, 620, 357, 791, 54, 157, 744, 578, 568, 348, 617, 561, 745, 3, 38, 608, 353, 210, 955, 813, 319, 973, 810, 795, 78, 987, 549, 61, 356, 769, 766, 991, 861, 710, 156, 408, 524, 121, 605, 503, 244, 550, 953, 346, 977, 914, 517, 231, 465, 359, 314, 160, 274, 941, 339, 672, 188, 172, 674, 278, 185, 714, 919, 199, 600, 604, 344, 399, 880, 475, 47, 305, 730, 118, 821, 69, 646, 790, 211, 40, 544, 878, 805, 761, 628, 858, 59, 726, 545, 951, 732, 613, 827, 483, 476, 330, 162, 329, 383, 789, 11, 658, 717, 235, 793, 161, 403, 596, 798, 822, 202, 324, 640, 124, 130, 376, 232, 676, 940, 654, 731, 269, 60, 341, 196, 183, 696, 551, 388, 365, 753, 533, 366, 180, 102, 835, 414, 994, 310, 448, 650, 178, 553, 601, 783, 853, 154, 302, 418, 189, 44, 73, 678, 558, 834, 70, 303, 117, 949, 801, 482, 128, 963, 103, 390, 21, 342, 518, 700, 5, 300, 115, 699, 807, 29, 424, 462, 159, 916, 258, 107, 663, 585, 396, 522, 447, 155, 720, 582, 203, 84, 96, 35, 311, 68, 460, 900, 309, 45, 374, 179, 201, 603, 930, 721, 546, 506, 64, 215, 823, 292, 136, 268, 845, 224, 794, 513, 643, 174, 237, 915, 290, 899, 918, 478, 76, 933, 1, 352, 74, 328, 531, 498, 497, 917, 265, 505, 281, 438, 844, 976, 854, 849, 264, 397, 595, 167, 815, 532, 722, 959, 327, 166, 671, 473, 540, 480, 760, 655, 186, 19, 971, 780, 149, 891, 803, 75, 767, 426, 909, 230, 636, 198, 411, 587, 743, 369, 94, 363, 285, 127, 406, 865, 809, 985, 928, 642, 256, 840, 639, 80, 863, 842, 7, 123, 486, 629, 273, 236, 581, 370, 990, 772, 711, 147, 361, 171, 638, 597, 958, 712, 748, 343, 445, 360, 777, 168, 723, 968, 736, 830, 88, 851, 925, 14, 355, 677, 637, 175, 113, 453, 247, 492, 992, 862, 943, 28, 93, 922, 143, 577, 213, 338, 417, 935, 573, 126, 229, 436, 251, 934, 583, 4, 920, 892, 797, 58, 562, 435, 79, 747, 8, 739, 705, 364, 386, 440, 456, 132, 716, 884, 182, 240, 621, 781, 969, 755, 333, 902, 702, 51, 114, 39, 466, 409, 836, 442, 612, 689, 469, 661, 467, 599, 153, 806, 474, 227, 857, 197, 768, 427, 975, 129, 665, 218, 165, 957, 479, 434, 345, 413, 950, 105, 615, 30, 301, 814, 660, 451, 890, 737, 570, 322, 261, 212, 334, 384, 624, 52, 354, 868, 932, 282, 66, 860, 387, 15, 742, 670, 108, 489, 535, 808, 871, 43, 146, 669, 514, 831, 502, 134, 367, 692, 527, 404, 299, 306, 855, 216, 242, 903, 291, 109, 111, 848, 682, 694, 627, 27, 53, 34, 443, 494, 296, 750, 304, 569, 49, 222, 576, 20, 905, 100, 439, 421, 95, 226, 206, 819, 254, 993, 493, 926, 874, 698, 142, 869, 63, 759, 510, 331, 954, 382, 536, 120, 901, 512, 468, 554, 228, 234, 36, 316, 349, 679, 763, 389, 380, 560, 998, 818, 385, 283, 450, 686, 530, 850, 82, 515, 584, 523, 293, 336, 192, 295, 833, 407, 633, 308, 437, 321, 534, 647, 824, 241, 591, 325, 110, 511, 867, 728, 662, 887, 812, 255, 967, 488, 764, 72, 18, 598, 410, 634, 289, 938, 262, 733, 734, 779, 326, 521, 966, 846, 89, 378, 279, 762, 912, 908, 119, 459, 898, 864, 298, 31, 775, 276, 275, 609, 685, 416, 820, 837, 889, 529, 323, 610, 257, 375, 965, 687, 697, 749, 964, 315, 843, 98, 729, 246, 668, 947, 528, 754, 961, 873, 491, 907, 490, 792, 651, 738, 799, 765, 673, 788, 392, 97, 187, 888, 252, 539, 62, 548, 718, 412, 313, 856, 684, 415, 929, 56, 2, 238, 542, 431, 150, 727]
labeling = [316, 581, 994, 365, 705, 522, 61, 648, 716, 94, 221, 453, 314, 134, 677, 789, 57, 135, 912, 613, 832, 518, 211, 297, 258, 295, 261, 823, 691, 528, 767, 937, 131, 60, 822, 541, 861, 306, 368, 735, 432, 246, 50, 796, 505, 551, 298, 423, 210, 830, 146, 733, 780, 820, 356, 349, 992, 255, 712, 439, 475, 381, 985, 852, 561, 207, 787, 317, 545, 431, 504, 278, 911, 506, 583, 619, 576, 334, 377, 714, 636, 77, 880, 218, 546, 339, 228, 254, 673, 926, 56, 7, 174, 692, 628, 837, 543, 980, 960, 52, 836, 142, 489, 516, 264, 765, 42, 532, 792, 812, 902, 817, 245, 684, 734, 525, 84, 510, 427, 932, 857, 389, 330, 649, 466, 192, 699, 633, 515, 756, 467, 312, 721, 224, 802, 114, 565, 51, 79, 31, 149, 252, 848, 693, 65, 353, 798, 657, 16, 614, 998, 276, 92, 748, 500, 536, 387, 358, 230, 530, 404, 458, 449, 351, 289, 759, 605, 599, 669, 117, 294, 659, 410, 148, 572, 682, 14, 116, 494, 554, 484, 90, 724, 477, 320, 414, 612, 982, 409, 503, 78, 85, 886, 217, 19, 23, 478, 751, 624, 416, 54, 552, 463, 544, 75, 225, 841, 343, 72, 229, 372, 430, 778, 695, 120, 560, 810, 132, 755, 121, 40, 287, 831, 233, 567, 226, 839, 750, 863, 700, 622, 400, 471, 204, 864, 457, 651, 571, 995, 36, 725, 898, 813, 141, 393, 259, 961, 680, 290, 4, 191, 702, 979, 308, 842, 908, 638, 951, 533, 341, 76, 777, 919, 303, 596, 589, 323, 284, 564, 474, 247, 44, 157, 647, 406, 942, 940, 315, 412, 929, 200, 590, 785, 875, 86, 632, 336, 208, 253, 915, 574, 816, 563, 883, 98, 887, 827, 33, 936, 808, 523, 769, 497, 509, 828, 424, 809, 293, 892, 550, 490, 548, 260, 987, 403, 956, 865, 126, 139, 371, 176, 891, 775, 949, 464, 900, 921, 604, 582, 450, 448, 855, 119, 729, 779, 115, 885, 167, 696, 407, 39, 476, 519, 667, 419, 762, 396, 110, 363, 866, 296, 265, 580, 367, 782, 679, 383, 355, 186, 402, 668, 658, 269, 631, 715, 480, 487, 805, 194, 630, 653, 55, 281, 324, 553, 950, 469, 82, 928, 162, 870, 344, 851, 452, 776, 873, 718, 786, 483, 869, 517, 122, 978, 74, 111, 180, 538, 597, 145, 420, 125, 164, 112, 459, 807, 277, 634, 889, 388, 737, 914, 627, 988, 763, 488, 993, 943, 690, 501, 205, 263, 838, 3, 95, 527, 326, 621, 752, 302, 156, 64, 996, 329, 300, 761, 709, 701, 894, 591, 835, 719, 279, 739, 824, 62, 664, 102, 539, 492, 26, 876, 771, 241, 683, 66, 271, 720, 338, 249, 933, 549, 106, 529, 9, 20, 401, 736, 744, 862, 741, 283, 236, 212, 607, 747, 422, 446, 71, 579, 757, 610, 196, 513, 447, 47, 310, 645, 129, 899, 793, 966, 964, 685, 846, 825, 109, 333, 587, 586, 158, 155, 301, 803, 391, 45, 584, 559, 91, 203, 285, 849, 903, 860, 569, 800, 881, 262, 399, 520, 266, 291, 923, 534, 884, 390, 152, 227, 804, 962, 947, 878, 585, 602, 485, 893, 795, 854, 100, 346, 981, 608, 199, 997, 273, 433, 441, 556, 331, 986, 379, 394, 481, 172, 495, 859, 256, 181, 123, 508, 166, 872, 364, 707, 240, 223, 292, 187, 89, 362, 829, 774, 345, 202, 698, 70, 150, 833, 694, 360, 5, 143, 652, 542, 704, 882, 537, 248, 629, 169, 48, 24, 897, 197, 30, 21, 598, 460, 662, 913, 746, 418, 496, 137, 555, 417, 392, 83, 38, 370, 938, 948, 163, 740, 444, 104, 766, 0, 361, 219, 347, 354, 726, 81, 220, 781, 231, 335, 821, 437, 650, 113, 101, 35, 890, 916, 168, 625, 681, 660, 643, 465, 209, 641, 570, 332, 165, 425, 895, 69, 190, 493, 970, 198, 88, 470, 611, 133, 59, 454, 238, 768, 743, 907, 535, 214, 758, 8, 128, 963, 799, 791, 606, 408, 976, 411, 80, 472, 678, 507, 867, 195, 159, 818, 58, 991, 941, 877, 953, 96, 742, 235, 237, 806, 127, 819, 307, 479, 954, 847, 524, 521, 177, 732, 2, 46, 717, 27, 13, 170, 243, 386, 656, 663, 275, 413, 251, 722, 455, 983, 348, 540, 558, 600, 670, 184, 280, 440, 999, 905, 959, 426, 473, 443, 920, 922, 151, 671, 773, 973, 713, 99, 318, 790, 626, 359, 366, 153, 711, 665, 955, 826, 108, 215, 482, 967, 730, 107, 311, 49, 853, 609, 436, 927, 868, 910, 975, 382, 620, 753, 380, 28, 342, 655, 201, 41, 939, 213, 666, 179, 918, 617, 728, 282, 498, 242, 12, 22, 234, 977, 451, 428, 357, 972, 456, 568, 376, 305, 710, 461, 974, 274, 512, 188, 618, 171, 434, 745, 526, 797, 637, 375, 105, 906, 373, 770, 601, 299, 136, 871, 840, 944, 429, 462, 562, 896, 53, 286, 445, 32, 352, 674, 801, 97, 888, 502, 486, 738, 945, 73, 140, 642, 268, 646, 958, 592, 566, 924, 17, 814, 595, 879, 675, 183, 499, 594, 811, 989, 749, 438, 328, 788, 384, 687, 644, 935, 635, 250, 904, 783, 850, 337, 794, 18, 969, 845, 304, 25, 68, 435, 272, 421, 154, 103, 193, 723, 267, 350, 901, 984, 946, 772, 616, 708, 321, 257, 182, 189, 11, 934, 575, 547, 858, 731, 815, 175, 834, 239, 971, 931, 623, 244, 319, 930, 309, 398, 573, 531, 588, 577, 415, 706, 160, 688, 173, 322, 676, 843, 138, 640, 990, 557, 147, 784, 578, 703, 697, 161, 15, 917, 37, 468, 405, 130, 689, 87, 178, 340, 965, 216, 511, 764, 442, 288, 395, 856, 369, 222, 760, 661, 603, 118, 968, 63, 514, 957, 952, 925, 909, 672, 727, 124, 615, 313, 374, 93, 754, 593, 397, 185, 206, 10, 67, 327, 1, 325, 639, 232, 378, 144, 6, 654, 385, 686, 844, 491, 270, 34, 43, 874, 29]
convergência = []

===== FIM =====
