===== RESULTADO BRKGA L(2,1) =====
Arquivo: /Users/mateuspedrosa/Documents/TCC-II/BRKGA/data/NR_DIMACS_cleaned/p-hat1500-1_clean.mtx

----- Execução #1 -----
[INFO] Time limit atingido: 15 minutos. Esgotado durante a inicialização da população.
Tempo de execução: 900290ms
Span (lambda): 1499
best_order = [580, 1352, 343, 1034, 151, 1202, 671, 170, 114, 920, 937, 938, 1301, 215, 405, 519, 744, 740, 864, 599, 756, 58, 308, 572, 1460, 81, 1479, 614, 336, 985, 1093, 873, 290, 1382, 1052, 1353, 77, 1217, 1169, 554, 1334, 1267, 1342, 1326, 632, 1468, 421, 563, 1302, 269, 885, 1075, 216, 152, 996, 223, 652, 1452, 987, 314, 863, 527, 191, 53, 604, 1269, 327, 658, 108, 736, 799, 240, 1371, 1499, 228, 725, 870, 335, 163, 1211, 1336, 1338, 321, 438, 1429, 973, 1146, 1264, 396, 334, 929, 822, 231, 243, 299, 70, 1145, 1314, 1273, 681, 1402, 239, 380, 666, 620, 998, 839, 1310, 775, 1225, 668, 1120, 352, 1309, 748, 990, 1227, 1332, 1481, 482, 762, 1219, 1397, 1421, 428, 1403, 313, 797, 104, 600, 277, 1387, 1200, 173, 871, 733, 1395, 131, 350, 802, 625, 1087, 135, 947, 696, 496, 646, 1373, 1426, 63, 1248, 1386, 1067, 48, 203, 1057, 772, 1053, 876, 878, 1021, 451, 1173, 843, 1299, 67, 39, 471, 1155, 1236, 757, 1432, 912, 793, 965, 728, 1136, 401, 391, 1148, 55, 746, 452, 1144, 436, 241, 364, 1270, 3, 724, 741, 4, 804, 1167, 423, 994, 795, 836, 1059, 1157, 842, 468, 1260, 602, 189, 161, 167, 1175, 1058, 959, 125, 631, 932, 753, 569, 1262, 247, 1002, 1126, 389, 705, 738, 664, 306, 422, 437, 382, 930, 251, 684, 1398, 1073, 1234, 1385, 1143, 1475, 514, 293, 118, 510, 1257, 194, 1466, 19, 1185, 1463, 989, 1165, 677, 1071, 958, 1230, 1091, 390, 690, 248, 1369, 1327, 272, 1022, 443, 1434, 1182, 1092, 37, 489, 988, 960, 1286, 147, 44, 856, 777, 840, 326, 1070, 1366, 267, 1247, 838, 1238, 674, 303, 735, 388, 783, 378, 978, 513, 860, 1083, 502, 41, 633, 782, 1378, 322, 546, 1142, 236, 444, 261, 892, 1048, 1423, 1384, 828, 1163, 164, 130, 1360, 825, 1268, 185, 1409, 17, 780, 227, 688, 403, 868, 504, 861, 716, 245, 1237, 1239, 184, 574, 846, 246, 774, 1359, 222, 276, 263, 339, 1228, 1288, 1040, 875, 7, 596, 971, 1139, 1358, 1177, 1223, 324, 618, 1107, 1478, 107, 764, 1425, 1089, 851, 1331, 1241, 79, 38, 900, 1492, 603, 1411, 175, 340, 137, 332, 1298, 1027, 1161, 1312, 440, 362, 201, 281, 1127, 984, 0, 1222, 1205, 92, 366, 789, 791, 455, 300, 508, 65, 268, 198, 5, 579, 325, 485, 530, 1347, 402, 169, 862, 573, 244, 944, 419, 811, 522, 1296, 311, 21, 1285, 914, 761, 258, 731, 406, 1151, 587, 515, 893, 1445, 1271, 899, 935, 831, 844, 532, 1068, 951, 292, 1408, 601, 556, 1497, 1472, 395, 1094, 47, 214, 76, 450, 115, 1383, 1364, 1128, 1330, 383, 726, 141, 1229, 718, 275, 997, 385, 355, 966, 1441, 962, 1394, 365, 683, 150, 1065, 1486, 773, 1243, 1252, 979, 531, 565, 1361, 708, 598, 821, 571, 1113, 262, 946, 187, 1119, 908, 491, 379, 578, 679, 85, 86, 675, 6, 374, 1193, 982, 1489, 333, 621, 535, 511, 59, 582, 1249, 1121, 659, 1459, 1485, 1066, 1476, 490, 1377, 913, 492, 595, 552, 344, 264, 940, 1005, 787, 1253, 1041, 845, 1317, 252, 483, 376, 707, 648, 319, 1376, 98, 921, 1123, 639, 812, 1390, 413, 520, 1435, 453, 883, 368, 769, 1391, 597, 331, 1036, 432, 400, 178, 993, 715, 538, 1042, 964, 100, 1006, 1009, 257, 695, 283, 981, 91, 501, 1150, 146, 1323, 637, 462, 168, 623, 119, 567, 1281, 1171, 564, 803, 553, 548, 626, 153, 700, 566, 1133, 456, 865, 410, 429, 590, 1088, 1224, 162, 33, 494, 1000, 1187, 73, 448, 607, 30, 810, 910, 682, 304, 417, 179, 398, 117, 392, 289, 1105, 1328, 521, 1164, 669, 1329, 784, 1433, 211, 110, 660, 116, 1174, 1124, 181, 1484, 1038, 904, 1356, 89, 1141, 461, 133, 43, 992, 31, 349, 103, 447, 1023, 722, 704, 1019, 1186, 776, 32, 204, 1046, 1443, 387, 381, 650, 974, 188, 503, 49, 1195, 186, 479, 925, 57, 1240, 80, 237, 1140, 903, 280, 373, 442, 1279, 1450, 889, 879, 1024, 1076, 765, 1417, 710, 1491, 922, 463, 906, 1467, 815, 126, 265, 1172, 1292, 719, 480, 1335, 24, 1233, 743, 1109, 83, 823, 1284, 1235, 230, 1315, 622, 418, 907, 370, 273, 1008, 493, 1210, 111, 1039, 1345, 256, 1490, 547, 1037, 348, 1446, 13, 667, 1300, 886, 1062, 1487, 1482, 1051, 64, 643, 484, 465, 902, 1013, 430, 874, 1278, 316, 68, 61, 557, 1194, 1031, 827, 176, 439, 808, 369, 807, 420, 629, 760, 954, 478, 1166, 1401, 778, 1346, 814, 94, 1079, 790, 1098, 1266, 156, 307, 197, 284, 1102, 51, 1287, 1325, 71, 1464, 473, 310, 645, 320, 75, 242, 1449, 816, 1010, 1231, 1291, 356, 213, 1026, 45, 1439, 589, 220, 541, 408, 619, 673, 970, 1471, 454, 676, 105, 1349, 113, 661, 1044, 905, 1149, 1131, 915, 1056, 1263, 723, 1305, 1362, 1447, 1129, 1458, 140, 224, 739, 918, 1493, 1393, 1442, 796, 540, 341, 561, 40, 1259, 1372, 16, 1324, 894, 869, 559, 1389, 1438, 895, 416, 424, 1080, 517, 282, 617, 882, 315, 986, 849, 397, 1495, 1448, 506, 909, 1190, 917, 149, 1418, 1213, 1311, 1251, 434, 1101, 138, 523, 1340, 1029, 956, 891, 301, 763, 431, 670, 950, 888, 361, 872, 371, 15, 129, 233, 1320, 495, 476, 1410, 1232, 27, 1379, 427, 1160, 317, 1152, 1180, 229, 1392, 1207, 1295, 1199, 95, 1275, 949, 509, 260, 212, 901, 1137, 1168, 467, 1208, 1017, 363, 1457, 714, 881, 441, 1261, 297, 706, 1069, 1422, 1250, 20, 1132, 961, 721, 526, 785, 817, 1473, 393, 651, 225, 475, 1130, 916, 649, 171, 182, 404, 1400, 729, 1365, 1220, 665, 1313, 250, 122, 560, 1097, 1125, 1020, 1496, 1012, 636, 642, 655, 717, 934, 635, 640, 609, 647, 897, 1488, 1307, 1201, 628, 474, 999, 610, 518, 734, 1413, 1004, 1306, 90, 499, 144, 426, 1363, 295, 786, 28, 1245, 1085, 10, 693, 754, 160, 1303, 1192, 318, 23, 425, 768, 697, 1483, 22, 877, 50, 360, 142, 1304, 616, 1090, 1274, 1246, 155, 1339, 347, 1242, 534, 630, 850, 157, 487, 102, 611, 377, 1028, 747, 1350, 1078, 1414, 1204, 1060, 1355, 1011, 701, 798, 329, 407, 488, 575, 25, 296, 1265, 957, 809, 1081, 544, 586, 858, 238, 976, 924, 711, 615, 278, 759, 654, 1154, 663, 550, 42, 549, 1082, 689, 1095, 166, 834, 713, 209, 699, 1025, 210, 386, 709, 234, 641, 980, 792, 686, 1280, 1096, 991, 288, 1451, 967, 1045, 536, 779, 330, 1184, 121, 800, 698, 449, 271, 1061, 1367, 202, 653, 939, 1343, 82, 755, 1388, 1153, 766, 158, 887, 953, 291, 1374, 414, 867, 969, 1407, 1209, 1, 678, 1341, 1318, 1462, 1134, 890, 1033, 96, 1283, 1099, 1221, 819, 217, 372, 1293, 551, 415, 712, 1181, 750, 206, 367, 1297, 394, 1007, 505, 196, 323, 143, 926, 624, 1212, 1110, 124, 1103, 952, 703, 818, 702, 286, 9, 767, 1159, 594, 93, 174, 62, 1215, 1294, 1189, 1498, 720, 758, 120, 1074, 464, 507, 357, 54, 1106, 968, 1412, 941, 806, 608, 221, 533, 644, 294, 255, 411, 1289, 1258, 612, 592, 529, 963, 880, 848, 832, 353, 1405, 1115, 593, 69, 139, 1368, 627, 1016, 148, 1404, 1049, 1206, 942, 232, 933, 1319, 854, 346, 134, 794, 983, 279, 106, 458, 1416, 498, 1214, 1282, 74, 226, 1290, 745, 60, 472, 1138, 1272, 1375, 680, 1100, 259, 1054, 195, 837, 824, 1436, 172, 1453, 1198, 412, 1348, 1424, 285, 558, 730, 190, 1043, 1112, 829, 896, 1179, 1147, 528, 254, 1188, 384, 159, 584, 459, 1437, 298, 537, 338, 752, 1162, 1077, 1035, 833, 1308, 1474, 66, 1156, 1084, 585, 835, 1003, 337, 927, 543, 1122, 193, 656, 1176, 358, 375, 1111, 1427, 737, 1158, 577, 249, 35, 1465, 555, 12, 36, 542, 183, 685, 1255, 1183, 101, 1218, 99, 1114, 1104, 588, 112, 1018, 570, 253, 1118, 742, 218, 977, 287, 576, 305, 11, 1444, 591, 165, 1014, 692, 1047, 826, 545, 1494, 928, 302, 749, 1321, 1178, 820, 26, 781, 1244, 813, 911, 72, 1428, 435, 219, 1108, 457, 613, 497, 751, 770, 972, 516, 884, 525, 1455, 359, 1276, 931, 727, 409, 687, 1406, 52, 898, 500, 123, 853, 18, 180, 1203, 1344, 691, 1480, 801, 1415, 1032, 841, 200, 2, 1333, 446, 662, 1351, 470, 1477, 1064, 1354, 1191, 97, 8, 477, 345, 1430, 109, 1470, 562, 1337, 208, 1316, 732, 46, 847, 145, 1431, 354, 128, 351, 581, 539, 606, 1419, 199, 132, 1461, 771, 481, 87, 466, 84, 34, 1015, 1197, 1456, 309, 1399, 433, 1001, 1116, 852, 1196, 512, 1055, 1256, 207, 919, 857, 88, 235, 1050, 154, 1135, 948, 312, 1380, 1454, 328, 29, 1030, 445, 127, 1469, 943, 1216, 866, 1396, 855, 78, 936, 205, 524, 486, 634, 1381, 56, 469, 1440, 274, 859, 788, 568, 605, 945, 805, 1117, 955, 266, 1420, 192, 1170, 657, 1277, 830, 460, 1254, 14, 975, 995, 1357, 638, 1063, 672, 136, 1086, 694, 342, 177, 1072, 1322, 923, 399, 1370, 583, 1226, 270]
labeling = [379, 1107, 1374, 188, 191, 392, 488, 341, 1385, 1147, 982, 1315, 1293, 716, 1480, 870, 827, 315, 1364, 243, 917, 408, 993, 988, 689, 1031, 1331, 882, 978, 1443, 597, 633, 643, 590, 1410, 1288, 1295, 264, 362, 165, 824, 293, 1050, 632, 270, 784, 1397, 437, 153, 655, 995, 765, 1358, 63, 1167, 179, 1457, 659, 20, 496, 1219, 735, 1153, 146, 721, 389, 1268, 166, 734, 1191, 95, 768, 1336, 595, 1216, 774, 438, 37, 1451, 360, 661, 25, 1090, 692, 1416, 485, 486, 1414, 1432, 627, 972, 560, 383, 1151, 755, 895, 1114, 1384, 529, 1300, 553, 1298, 1013, 635, 128, 796, 1210, 352, 68, 1387, 617, 707, 1304, 798, 8, 441, 620, 605, 238, 563, 1160, 1081, 942, 1362, 1140, 210, 682, 1445, 1402, 875, 307, 137, 1408, 630, 1207, 141, 1488, 366, 859, 1192, 813, 448, 997, 1135, 973, 1398, 564, 269, 1196, 851, 461, 1, 53, 577, 1435, 1002, 760, 1010, 1099, 1253, 984, 206, 589, 78, 305, 1318, 1056, 205, 569, 401, 7, 933, 1227, 133, 1152, 365, 741, 1487, 544, 604, 1363, 622, 932, 1296, 327, 313, 656, 479, 654, 204, 1241, 62, 1473, 1275, 241, 1231, 1131, 762, 391, 1406, 1373, 376, 1087, 154, 644, 1454, 1128, 1429, 1395, 1055, 1062, 616, 900, 783, 439, 13, 51, 1119, 1310, 1340, 788, 1172, 331, 55, 814, 928, 1217, 318, 74, 888, 697, 90, 1201, 876, 1065, 1433, 298, 651, 1039, 102, 71, 185, 775, 93, 403, 323, 329, 216, 254, 1287, 940, 229, 521, 1308, 1250, 1176, 708, 556, 414, 1229, 899, 301, 477, 335, 514, 683, 1471, 277, 390, 50, 1499, 1082, 259, 704, 1462, 451, 334, 130, 1046, 1209, 664, 378, 838, 558, 763, 1239, 1146, 1313, 1073, 606, 32, 1101, 430, 237, 1175, 976, 1029, 912, 1257, 94, 387, 865, 1326, 282, 602, 1314, 223, 761, 23, 1418, 772, 409, 1438, 126, 59, 843, 733, 887, 986, 526, 770, 83, 294, 1136, 349, 393, 274, 66, 1441, 1026, 1078, 543, 368, 492, 91, 77, 29, 1272, 1259, 336, 367, 821, 1492, 3, 512, 1388, 1205, 1005, 710, 634, 138, 1404, 110, 1187, 1400, 452, 781, 1165, 1282, 1349, 996, 872, 374, 905, 186, 458, 384, 1127, 538, 744, 702, 873, 1120, 665, 489, 1279, 522, 1014, 286, 482, 103, 648, 224, 446, 1252, 454, 1060, 647, 284, 219, 253, 180, 607, 925, 1130, 436, 86, 846, 598, 1496, 546, 178, 399, 317, 934, 14, 413, 1028, 790, 1356, 585, 1177, 1238, 534, 1098, 1123, 834, 603, 700, 404, 745, 46, 225, 194, 836, 989, 974, 885, 125, 584, 730, 867, 547, 1422, 858, 1338, 184, 227, 85, 742, 373, 911, 666, 260, 300, 1444, 1376, 637, 594, 1084, 440, 162, 182, 536, 795, 386, 582, 1339, 1212, 1255, 1478, 629, 568, 678, 1162, 727, 1415, 901, 199, 1460, 1379, 168, 1221, 771, 963, 927, 879, 1386, 749, 653, 688, 1413, 119, 523, 726, 396, 1456, 1011, 1030, 266, 507, 480, 505, 703, 591, 878, 147, 1343, 1213, 971, 1360, 561, 291, 649, 321, 1134, 848, 1163, 388, 898, 239, 497, 1426, 289, 236, 417, 1347, 839, 966, 16, 535, 610, 407, 860, 1455, 1350, 922, 61, 1249, 1180, 395, 469, 426, 1173, 1007, 494, 1074, 1258, 550, 1405, 822, 787, 1292, 1276, 1036, 1323, 297, 714, 575, 1051, 1049, 1121, 511, 578, 39, 1291, 428, 736, 1240, 831, 943, 823, 1391, 47, 574, 470, 573, 570, 1464, 214, 1305, 475, 22, 398, 328, 1027, 1312, 1285, 484, 394, 0, 1401, 499, 1494, 1254, 1270, 1037, 418, 1303, 786, 587, 1317, 1183, 1190, 1150, 510, 342, 542, 472, 18, 129, 432, 203, 361, 65, 1467, 1403, 596, 1168, 956, 965, 1012, 1181, 1342, 27, 1044, 999, 840, 350, 789, 105, 495, 699, 565, 1138, 140, 580, 1194, 962, 747, 1008, 211, 45, 295, 1458, 954, 950, 567, 1484, 531, 955, 1063, 949, 723, 1174, 773, 144, 957, 525, 930, 650, 926, 56, 1088, 1047, 951, 1277, 1475, 64, 502, 618, 799, 1377, 1048, 222, 938, 101, 718, 108, 612, 868, 6, 1485, 791, 281, 487, 794, 251, 1106, 483, 1226, 99, 601, 460, 231, 1294, 1068, 1355, 320, 1053, 255, 1367, 1319, 980, 1491, 557, 145, 991, 1083, 1057, 581, 1024, 1145, 1143, 640, 220, 914, 524, 471, 1064, 676, 1042, 1124, 1059, 897, 549, 324, 952, 450, 684, 1156, 921, 638, 807, 189, 75, 447, 1354, 175, 936, 1242, 416, 1396, 134, 967, 283, 70, 1284, 221, 815, 17, 190, 1309, 690, 15, 1220, 181, 1016, 115, 1328, 1126, 1344, 1260, 212, 983, 1093, 21, 167, 1158, 1043, 748, 412, 121, 866, 353, 674, 1097, 1148, 990, 540, 1345, 1411, 156, 465, 332, 109, 639, 271, 752, 1077, 316, 1333, 296, 285, 615, 919, 977, 517, 1465, 385, 757, 382, 1067, 170, 1206, 196, 819, 127, 1025, 69, 1080, 1369, 139, 576, 192, 1468, 1171, 746, 740, 1034, 599, 400, 532, 1335, 754, 681, 777, 923, 1144, 1118, 1330, 473, 92, 695, 1225, 312, 1322, 739, 308, 1244, 1477, 424, 1184, 1264, 1058, 1271, 198, 1233, 279, 106, 273, 1371, 202, 161, 425, 520, 330, 1392, 1186, 844, 1009, 356, 1424, 1361, 1204, 1452, 272, 1431, 1038, 1463, 288, 322, 402, 60, 19, 583, 1449, 1102, 319, 830, 76, 135, 874, 30, 731, 339, 159, 994, 158, 671, 1182, 910, 842, 539, 1348, 52, 719, 1100, 871, 669, 1111, 864, 302, 419, 829, 835, 1246, 958, 1359, 422, 359, 902, 728, 663, 624, 801, 679, 701, 478, 849, 600, 1334, 173, 509, 411, 805, 931, 852, 816, 1430, 10, 530, 677, 1489, 1041, 658, 1133, 1274, 1324, 88, 228, 1353, 213, 1203, 953, 423, 1453, 9, 12, 1089, 515, 1170, 1199, 1447, 405, 1466, 474, 143, 1437, 896, 869, 429, 1142, 1092, 743, 1470, 862, 1032, 247, 209, 267, 920, 459, 1185, 552, 174, 455, 1076, 1166, 1103, 792, 344, 1346, 84, 652, 1481, 1040, 1311, 287, 464, 1066, 559, 493, 1208, 377, 31, 841, 57, 265, 248, 114, 1072, 631, 548, 195, 1483, 54, 453, 104, 964, 593, 1421, 217, 1273, 969, 513, 555, 1132, 705, 554, 779, 1022, 946, 729, 1320, 1417, 1195, 907, 1306, 642, 947, 160, 256, 636, 672, 1061, 785, 370, 1015, 863, 1442, 738, 1372, 1113, 4, 1263, 545, 715, 625, 709, 340, 518, 551, 1243, 800, 1070, 645, 1321, 304, 1197, 1434, 725, 35, 157, 1230, 1427, 803, 155, 208, 197, 1023, 1085, 720, 1486, 1381, 462, 501, 149, 427, 913, 276, 245, 1493, 226, 1161, 49, 673, 1262, 1019, 756, 837, 1035, 1052, 290, 1267, 981, 1490, 142, 586, 355, 1001, 250, 263, 28, 435, 1054, 1071, 944, 758, 1116, 1228, 857, 764, 1141, 1302, 609, 1164, 347, 1341, 693, 1139, 1283, 1245, 476, 1301, 1189, 1423, 1469, 1307, 481, 112, 500, 1278, 527, 621, 945, 218, 375, 444, 811, 929, 804, 918, 579, 1112, 1436, 177, 904, 1222, 343, 662, 628, 299, 230, 183, 96, 87, 1248, 176, 802, 562, 415, 883, 1095, 1045, 169, 1269, 200, 1286, 1149, 886, 371, 1261, 310, 611, 249, 750, 193, 903, 38, 1474, 572, 685, 164, 619, 207, 1280, 346, 1329, 1247, 889, 1125, 261, 1297, 1079, 244, 641, 592, 1251, 1157, 850, 1382, 987, 491, 737, 657, 1425, 1412, 1232, 893, 132, 961, 5, 1365, 1017, 380, 1200, 891, 906, 1105, 706, 79, 1137, 855, 1214, 1154, 1448, 34, 1299, 122, 939, 1117, 381, 348, 588, 111, 1498, 116, 337, 449, 252, 780, 881, 691, 234, 696, 171, 325, 280, 326, 660, 358, 1006, 467, 1332, 979, 1003, 278, 152, 498, 916, 856, 468, 516, 1479, 1290, 1428, 240, 1179, 826, 201, 909, 215, 806, 89, 1033, 759, 41, 311, 67, 187, 421, 1223, 98, 1000, 894, 1351, 1476, 732, 667, 1069, 571, 1215, 1115, 694, 410, 268, 766, 338, 1178, 1218, 778, 687, 1122, 1155, 892, 406, 1129, 369, 163, 717, 11, 48, 985, 998, 808, 970, 960, 1265, 113, 107, 853, 372, 941, 97, 698, 1394, 519, 1109, 1202, 877, 1327, 1495, 566, 828, 767, 42, 258, 608, 613, 445, 357, 117, 1375, 40, 686, 80, 1393, 81, 1004, 861, 1108, 43, 1091, 1366, 711, 753, 397, 1234, 797, 1018, 1378, 2, 36, 1383, 1020, 626, 1482, 345, 333, 309, 466, 809, 975, 443, 937, 275, 1086, 1193, 257, 1497, 72, 825, 148, 1096, 1224, 528, 508, 292, 884, 1440, 1459, 33, 442, 306, 235, 151, 131, 1094, 832, 533, 541, 890, 818, 456, 136, 1450, 120, 233, 1420, 935, 751, 100, 124, 1198, 1188, 1357, 1104, 431, 314, 880, 363, 1169, 968, 1021, 1370, 1211, 675, 854, 1407, 1472, 123, 915, 303, 1236, 354, 150, 1281, 1337, 82, 1389, 1399, 172, 614, 262, 537, 1235, 1256, 833, 782, 1461, 457, 820, 646, 1316, 420, 713, 810, 847, 776, 668, 1075, 58, 1237, 1439, 1352, 1419, 908, 812, 503, 24, 1409, 1110, 246, 769, 1289, 242, 680, 44, 1446, 1390, 793, 434, 924, 1266, 232, 506, 1380, 351, 26, 1368, 118, 724, 992, 623, 504, 463, 722, 959, 490, 712, 670, 364, 817, 1325, 845, 948, 433, 1159, 73]
convergência = []

===== FIM =====
