===== RESULTADO BRKGA L(2,1) =====
Arquivo: /Users/mateuspedrosa/Documents/TCC-II/BRKGA/data/NR_DIMACS_cleaned/p-hat500-2_clean.mtx

----- Execução #1 -----
[INFO] Time limit atingido: 15 minutos. Interrompido no meio de uma geração.
Tempo de execução: 900255ms
Span (lambda): 499
best_order = [469, 57, 138, 406, 160, 416, 463, 183, 383, 307, 421, 270, 440, 443, 437, 478, 435, 118, 448, 322, 412, 143, 193, 203, 85, 297, 286, 79, 200, 466, 273, 197, 100, 404, 232, 180, 126, 222, 377, 291, 54, 438, 464, 285, 428, 265, 177, 442, 147, 86, 144, 50, 34, 407, 95, 457, 157, 434, 453, 379, 456, 219, 213, 314, 389, 14, 63, 360, 73, 128, 268, 344, 356, 409, 264, 318, 9, 35, 116, 94, 74, 247, 277, 124, 315, 485, 179, 253, 2, 403, 38, 341, 447, 209, 302, 382, 49, 414, 205, 483, 326, 82, 278, 229, 369, 153, 109, 103, 372, 8, 174, 424, 162, 262, 149, 51, 194, 11, 187, 93, 486, 96, 308, 191, 459, 498, 492, 263, 327, 355, 37, 196, 121, 256, 170, 303, 331, 99, 477, 163, 335, 139, 259, 75, 497, 208, 420, 19, 454, 357, 399, 91, 289, 287, 243, 375, 397, 245, 332, 373, 426, 127, 0, 131, 78, 46, 465, 33, 246, 67, 207, 388, 108, 347, 334, 362, 249, 69, 361, 346, 470, 72, 324, 298, 339, 6, 330, 101, 202, 400, 228, 29, 266, 167, 156, 175, 439, 473, 290, 436, 385, 358, 53, 181, 380, 342, 402, 316, 292, 398, 61, 176, 250, 499, 89, 367, 145, 132, 392, 136, 417, 211, 381, 257, 192, 433, 171, 468, 365, 476, 188, 488, 169, 224, 320, 237, 84, 184, 306, 374, 206, 3, 214, 30, 305, 133, 474, 17, 260, 226, 329, 166, 387, 235, 80, 58, 161, 340, 114, 110, 343, 370, 472, 185, 40, 123, 190, 333, 106, 489, 311, 115, 66, 491, 105, 212, 62, 186, 225, 337, 323, 317, 415, 267, 92, 215, 150, 47, 12, 393, 280, 490, 44, 155, 210, 164, 293, 129, 494, 309, 479, 410, 295, 482, 366, 348, 274, 104, 71, 173, 496, 271, 56, 142, 349, 234, 238, 312, 239, 152, 484, 60, 16, 394, 371, 430, 299, 5, 328, 23, 248, 81, 217, 254, 444, 236, 418, 28, 319, 36, 313, 87, 321, 216, 178, 353, 154, 449, 182, 390, 27, 223, 462, 112, 18, 199, 325, 350, 117, 113, 148, 198, 25, 378, 458, 218, 102, 495, 281, 221, 90, 204, 283, 83, 195, 391, 240, 269, 88, 97, 59, 165, 413, 359, 244, 296, 336, 310, 301, 125, 471, 411, 261, 368, 43, 481, 351, 1, 134, 288, 13, 460, 151, 425, 364, 137, 354, 98, 159, 22, 304, 258, 76, 189, 475, 395, 279, 446, 431, 24, 255, 401, 451, 251, 107, 300, 455, 141, 461, 233, 42, 419, 122, 21, 120, 168, 396, 65, 41, 32, 294, 376, 480, 441, 284, 172, 26, 48, 70, 220, 422, 77, 493, 386, 384, 241, 427, 68, 230, 432, 467, 231, 276, 39, 158, 338, 282, 423, 201, 487, 7, 445, 64, 363, 242, 146, 452, 10, 352, 31, 227, 272, 20, 408, 130, 135, 429, 450, 140, 119, 55, 52, 345, 4, 45, 111, 275, 15, 405, 252]
labeling = [163, 388, 94, 246, 485, 327, 187, 475, 109, 79, 481, 113, 291, 396, 64, 494, 323, 248, 359, 143, 486, 438, 415, 329, 392, 366, 454, 352, 339, 194, 242, 484, 448, 173, 36, 81, 343, 129, 82, 466, 266, 447, 433, 398, 297, 495, 169, 289, 435, 102, 59, 122, 493, 203, 44, 492, 313, 1, 259, 369, 316, 212, 283, 66, 469, 445, 280, 176, 461, 172, 442, 301, 177, 69, 84, 145, 418, 449, 167, 14, 257, 332, 106, 379, 243, 8, 25, 337, 385, 211, 377, 148, 286, 119, 83, 48, 121, 367, 411, 140, 29, 189, 370, 103, 310, 252, 276, 429, 161, 110, 258, 496, 357, 358, 265, 270, 77, 353, 23, 491, 439, 133, 436, 273, 80, 360, 18, 158, 68, 296, 480, 165, 221, 238, 402, 483, 223, 409, 2, 144, 490, 432, 315, 30, 58, 219, 478, 56, 364, 120, 272, 408, 309, 87, 347, 298, 191, 43, 468, 413, 4, 261, 116, 136, 288, 387, 250, 186, 441, 237, 135, 226, 452, 307, 107, 196, 208, 53, 345, 92, 39, 205, 348, 9, 240, 271, 285, 95, 234, 420, 254, 115, 224, 31, 124, 376, 131, 35, 363, 361, 33, 474, 188, 20, 374, 105, 220, 164, 149, 97, 300, 214, 282, 50, 232, 287, 342, 331, 368, 52, 456, 375, 40, 354, 230, 274, 251, 476, 192, 99, 463, 446, 38, 434, 318, 256, 333, 241, 320, 319, 381, 453, 477, 152, 389, 154, 175, 86, 330, 180, 213, 412, 499, 70, 334, 414, 134, 227, 417, 126, 249, 395, 118, 130, 76, 51, 195, 279, 71, 383, 15, 312, 473, 16, 305, 497, 465, 85, 93, 424, 290, 373, 472, 351, 421, 47, 32, 150, 404, 155, 200, 42, 201, 302, 426, 292, 391, 22, 183, 325, 431, 393, 100, 137, 394, 247, 218, 13, 127, 303, 386, 262, 322, 335, 67, 88, 206, 284, 78, 341, 239, 340, 26, 281, 179, 355, 72, 132, 328, 253, 184, 139, 160, 275, 174, 142, 372, 268, 470, 185, 263, 98, 209, 267, 73, 487, 166, 178, 308, 317, 362, 401, 482, 346, 407, 117, 75, 153, 202, 382, 55, 182, 170, 460, 405, 233, 299, 217, 397, 108, 269, 324, 112, 156, 245, 157, 416, 34, 365, 62, 207, 216, 101, 11, 455, 199, 444, 255, 168, 57, 350, 378, 222, 293, 314, 399, 443, 159, 210, 146, 190, 427, 204, 96, 37, 498, 3, 61, 462, 74, 294, 390, 28, 384, 104, 264, 5, 225, 338, 410, 138, 10, 458, 457, 114, 403, 162, 459, 49, 488, 326, 423, 451, 229, 63, 21, 197, 12, 46, 193, 6, 450, 54, 17, 336, 471, 425, 89, 24, 344, 489, 428, 479, 60, 151, 430, 65, 41, 349, 111, 406, 419, 356, 7, 45, 171, 27, 464, 231, 0, 181, 380, 236, 198, 244, 422, 228, 141, 19, 304, 437, 400, 306, 91, 321, 90, 125, 467, 235, 278, 295, 260, 123, 440, 277, 371, 311, 147, 128, 215]
convergência = [499]

===== FIM =====
