===== RESULTADO BRKGA L(2,1) =====
Arquivo: /Users/mateuspedrosa/Documents/TCC-II/BRKGA/data/NR_DIMACS_cleaned/p-hat1500-3_clean.mtx

----- Execução #1 -----
[INFO] Time limit atingido: 15 minutos. Esgotado durante a inicialização da população.
Tempo de execução: 916661ms
Span (lambda): 1505
best_order = [461, 829, 724, 274, 1357, 351, 67, 1442, 365, 79, 1061, 961, 391, 154, 1426, 1431, 11, 326, 400, 979, 478, 1485, 86, 145, 1473, 277, 1098, 992, 753, 864, 1291, 1, 1046, 1310, 1417, 459, 343, 1103, 1484, 665, 1014, 1464, 879, 1301, 1010, 1052, 428, 929, 643, 1132, 1246, 1082, 1490, 297, 1242, 612, 670, 995, 668, 678, 690, 660, 238, 1159, 1322, 573, 885, 440, 598, 1202, 610, 812, 226, 2, 137, 328, 1436, 169, 233, 835, 1425, 1336, 1270, 373, 152, 925, 775, 1248, 503, 720, 664, 150, 1175, 115, 224, 108, 1139, 659, 850, 778, 55, 232, 789, 378, 359, 1191, 523, 25, 1253, 685, 383, 24, 189, 1354, 651, 494, 694, 219, 676, 581, 1193, 252, 1318, 1406, 1239, 1025, 1454, 1440, 1434, 1487, 970, 1488, 1200, 883, 751, 921, 1124, 1196, 358, 1058, 466, 994, 28, 337, 986, 246, 58, 536, 341, 1285, 650, 822, 1389, 420, 1141, 126, 790, 774, 1190, 759, 338, 776, 718, 1338, 877, 191, 1054, 493, 312, 59, 294, 1205, 127, 791, 633, 119, 1064, 295, 1003, 1099, 584, 158, 916, 605, 1067, 649, 454, 1086, 613, 40, 837, 734, 220, 1090, 609, 1450, 799, 1223, 525, 495, 505, 1297, 1470, 486, 234, 368, 507, 1152, 1433, 1296, 1281, 618, 1026, 998, 441, 492, 382, 74, 990, 1165, 1215, 604, 582, 1147, 469, 414, 201, 928, 1497, 388, 553, 960, 172, 1422, 1391, 1481, 345, 999, 772, 1385, 561, 588, 721, 874, 770, 962, 819, 1368, 402, 844, 1164, 1309, 1400, 1495, 467, 212, 684, 1441, 198, 1040, 755, 742, 1043, 1489, 499, 576, 1333, 631, 1252, 1028, 1403, 686, 882, 1039, 1341, 1155, 1397, 1435, 417, 1171, 271, 415, 1491, 1261, 890, 64, 1349, 203, 1187, 267, 1271, 714, 130, 777, 1092, 871, 825, 1326, 769, 563, 399, 352, 185, 155, 1089, 1096, 868, 502, 697, 208, 943, 725, 68, 149, 184, 679, 435, 1306, 579, 98, 458, 730, 1216, 140, 517, 534, 278, 1136, 1128, 31, 847, 852, 266, 160, 878, 465, 390, 171, 559, 607, 1006, 924, 880, 966, 114, 1080, 177, 30, 747, 237, 1074, 828, 1055, 247, 205, 827, 1192, 1482, 954, 677, 1378, 117, 529, 143, 1019, 1383, 1423, 216, 815, 1255, 1072, 957, 183, 518, 826, 490, 865, 310, 357, 1399, 1020, 562, 662, 199, 1304, 21, 1197, 1344, 1265, 181, 1325, 187, 93, 717, 340, 165, 787, 1262, 116, 70, 719, 7, 1219, 43, 1097, 1203, 1277, 1250, 225, 236, 557, 387, 240, 596, 1004, 1284, 955, 380, 389, 1478, 476, 716, 1137, 1259, 316, 626, 839, 689, 919, 545, 783, 377, 1116, 672, 927, 263, 421, 501, 480, 1486, 1339, 1018, 452, 800, 424, 1227, 997, 936, 528, 1013, 1463, 1367, 708, 1387, 22, 903, 531, 146, 468, 540, 616, 1060, 735, 270, 1180, 859, 516, 475, 376, 265, 42, 1208, 1475, 1107, 653, 541, 983, 51, 175, 207, 620, 0, 1427, 1036, 410, 855, 1117, 681, 71, 989, 121, 950, 1182, 910, 1432, 586, 733, 1457, 17, 330, 188, 773, 1411, 223, 1251, 1161, 1094, 646, 61, 741, 453, 364, 711, 1266, 840, 1231, 386, 1042, 284, 464, 1298, 1469, 396, 1222, 1076, 99, 161, 1037, 701, 113, 737, 814, 629, 163, 1106, 1138, 90, 834, 261, 870, 522, 62, 1356, 1151, 385, 222, 393, 912, 1366, 335, 308, 537, 148, 455, 147, 321, 597, 374, 981, 443, 1446, 296, 1256, 1143, 552, 901, 124, 846, 34, 1274, 35, 54, 996, 965, 899, 46, 23, 542, 1120, 532, 1272, 843, 1350, 887, 1177, 1453, 1444, 1101, 1118, 761, 699, 611, 292, 1474, 550, 521, 281, 273, 190, 1365, 935, 97, 959, 1384, 215, 481, 307, 426, 319, 1053, 1221, 1308, 811, 196, 1189, 1002, 862, 1032, 195, 1011, 913, 704, 1034, 746, 539, 1007, 360, 251, 642, 931, 1380, 1347, 1093, 1328, 695, 347, 485, 752, 1459, 1410, 796, 1287, 1361, 593, 275, 933, 82, 793, 869, 1375, 131, 603, 1063, 969, 344, 514, 355, 1033, 762, 8, 1351, 1279, 832, 571, 1369, 1401, 1163, 1458, 118, 623, 95, 159, 381, 982, 952, 496, 484, 968, 218, 836, 91, 254, 891, 323, 153, 1451, 987, 754, 320, 515, 370, 1466, 851, 551, 1073, 1153, 1295, 1115, 427, 1267, 918, 590, 290, 614, 1238, 894, 608, 1229, 896, 1479, 193, 18, 135, 1331, 411, 1030, 673, 1396, 1455, 972, 1174, 739, 908, 768, 1376, 1048, 1314, 1386, 904, 1209, 50, 1468, 401, 555, 974, 1236, 228, 1225, 301, 1035, 444, 1088, 1305, 1023, 1234, 1122, 1140, 422, 1213, 144, 682, 625, 1290, 200, 125, 1364, 698, 1452, 1166, 432, 949, 471, 1111, 1409, 1110, 985, 331, 866, 1184, 1135, 657, 488, 898, 639, 687, 1112, 202, 897, 45, 706, 139, 565, 1393, 1144, 1346, 1156, 1404, 566, 322, 803, 1273, 29, 1087, 1199, 253, 49, 1127, 105, 1024, 182, 1275, 1334, 272, 671, 1009, 434, 41, 1045, 750, 442, 712, 456, 120, 451, 693, 509, 1382, 645, 624, 656, 350, 1077, 1237, 900, 44, 884, 867, 546, 27, 1377, 81, 72, 107, 535, 1104, 1038, 213, 369, 658, 740, 1176, 1302, 838, 174, 332, 217, 512, 1126, 367, 136, 1320, 1008, 405, 530, 1420, 736, 710, 276, 395, 361, 1085, 1183, 963, 63, 1438, 317, 939, 450, 32, 1294, 1355, 1465, 1121, 1243, 210, 123, 1374, 599, 1379, 956, 818, 944, 644, 594, 749, 1324, 967, 457, 731, 66, 353, 1228, 257, 632, 1142, 134, 794, 1119, 807, 437, 142, 366, 248, 781, 132, 289, 94, 722, 667, 1429, 1288, 926, 179, 1206, 977, 1398, 947, 103, 1471, 564, 1160, 470, 362, 291, 197, 128, 433, 932, 1211, 1247, 881, 1312, 269, 429, 1194, 157, 702, 1335, 554, 948, 1358, 513, 75, 180, 313, 472, 628, 425, 1449, 743, 15, 923, 1005, 617, 756, 1414, 688, 795, 1405, 1108, 156, 1068, 1001, 647, 1360, 1373, 1150, 12, 980, 474, 1428, 412, 592, 1483, 849, 285, 110, 506, 984, 235, 306, 938, 709, 764, 782, 346, 1079, 763, 1445, 398, 1443, 1095, 483, 779, 436, 674, 288, 173, 413, 669, 1224, 953, 20, 745, 260, 397, 1195, 902, 1292, 906, 227, 1145, 1462, 164, 318, 1133, 641, 241, 1293, 430, 780, 1332, 549, 293, 302, 804, 1254, 801, 445, 84, 675, 1260, 976, 1220, 162, 1307, 744, 661, 1402, 1057, 1091, 1413, 520, 1395, 186, 1327, 917, 371, 1499, 416, 249, 473, 1278, 336, 1146, 245, 560, 170, 1162, 268, 325, 342, 85, 1123, 587, 569, 635, 1218, 449, 1102, 680, 627, 771, 845, 167, 259, 1168, 533, 1415, 830, 758, 1359, 262, 1029, 1047, 621, 33, 1381, 1408, 1498, 863, 327, 1021, 615, 914, 1114, 491, 487, 930, 1371, 1461, 109, 1311, 9, 1448, 729, 324, 1062, 460, 1204, 941, 511, 1394, 1477, 60, 1017, 73, 242, 258, 872, 1070, 92, 547, 858, 404, 122, 895, 786, 785, 1181, 407, 964, 311, 1257, 727, 80, 309, 314, 809, 715, 6, 5, 283, 760, 1419, 630, 648, 88, 1300, 1362, 1439, 1249, 447, 348, 757, 600, 766, 431, 112, 77, 10, 958, 622, 574, 1313, 129, 797, 1148, 498, 655, 548, 104, 1235, 991, 423, 1188, 853, 726, 1169, 1299, 568, 1167, 1105, 256, 784, 56, 1084, 942, 816, 1363, 833, 211, 802, 1407, 214, 978, 798, 543, 1388, 489, 1263, 209, 57, 1069, 141, 1280, 821, 1390, 1329, 817, 1129, 1071, 379, 1233, 1066, 875, 1493, 1330, 692, 250, 1416, 1372, 333, 876, 1315, 1323, 1172, 19, 889, 567, 1418, 1494, 683, 133, 860, 48, 1492, 39, 595, 363, 1109, 892, 606, 282, 221, 909, 873, 14, 748, 1437, 1240, 544, 700, 1149, 392, 151, 403, 591, 601, 16, 500, 886, 280, 526, 1131, 810, 1212, 1353, 497, 767, 1264, 824, 446, 204, 1056, 538, 637, 1345, 339, 1230, 1157, 102, 1319, 841, 138, 1342, 1083, 1316, 264, 915, 89, 1186, 1370, 87, 1424, 823, 375, 462, 106, 36, 691, 654, 1321, 1075, 230, 1226, 703, 993, 578, 47, 239, 100, 334, 408, 231, 1286, 1125, 1154, 101, 299, 482, 243, 570, 857, 69, 206, 1337, 439, 1198, 1210, 229, 1447, 448, 1456, 305, 1258, 861, 1392, 3, 1049, 640, 848, 479, 304, 572, 1289, 971, 1185, 946, 1232, 1113, 4, 1412, 585, 854, 813, 463, 1201, 583, 922, 1343, 298, 1214, 354, 1012, 1245, 53, 575, 1022, 893, 524, 975, 65, 1081, 1268, 951, 96, 1244, 738, 713, 52, 1317, 1051, 176, 1170, 409, 418, 394, 638, 1065, 419, 556, 580, 577, 602, 510, 1303, 504, 13, 907, 805, 166, 765, 1340, 1059, 820, 244, 286, 255, 707, 558, 723, 1207, 636, 988, 1217, 1269, 1282, 356, 1467, 634, 619, 1173, 1027, 300, 732, 1179, 178, 663, 315, 937, 519, 1016, 920, 384, 111, 1031, 1421, 194, 888, 349, 527, 911, 37, 1241, 945, 1130, 1348, 788, 1352, 438, 1041, 1134, 192, 808, 76, 1480, 728, 1496, 1000, 287, 1476, 589, 38, 1276, 696, 1283, 806, 856, 406, 508, 940, 1472, 26, 372, 973, 1044, 83, 168, 1430, 477, 279, 652, 905, 1460, 666, 705, 329, 842, 1078, 303, 1158, 78, 934, 1178, 1100, 1050, 831, 792, 1015]
labeling = [499, 38, 86, 1335, 1369, 1130, 984, 414, 675, 1124, 1173, 27, 989, 1410, 1230, 956, 1269, 518, 730, 1246, 1012, 377, 472, 544, 124, 119, 1489, 850, 156, 813, 362, 343, 887, 1109, 582, 485, 1319, 1459, 1481, 1260, 184, 827, 486, 410, 845, 718, 572, 1290, 1241, 823, 750, 494, 1364, 1338, 564, 113, 1160, 1200, 159, 170, 1135, 495, 524, 854, 300, 1388, 911, 9, 315, 1331, 417, 509, 851, 1034, 232, 964, 1466, 1169, 1508, 15, 1143, 831, 649, 1494, 934, 1032, 26, 1265, 1162, 1309, 558, 669, 1142, 409, 846, 692, 1356, 617, 327, 539, 1326, 1336, 1297, 937, 1186, 700, 1286, 779, 89, 1081, 999, 1446, 1167, 548, 357, 106, 399, 346, 610, 168, 790, 506, 1148, 896, 570, 774, 169, 188, 925, 1181, 308, 627, 920, 1256, 915, 732, 869, 79, 1299, 788, 325, 1217, 916, 361, 766, 28, 473, 491, 571, 295, 77, 1272, 85, 705, 23, 320, 954, 914, 190, 694, 349, 453, 1036, 554, 870, 413, 1414, 1102, 1384, 61, 1082, 323, 248, 1015, 865, 463, 1362, 360, 1441, 876, 950, 341, 815, 387, 334, 318, 1028, 408, 521, 121, 586, 166, 1430, 729, 1452, 625, 598, 888, 224, 402, 749, 240, 771, 302, 1282, 348, 1339, 496, 330, 976, 894, 1201, 208, 859, 1204, 568, 390, 867, 695, 81, 209, 1266, 559, 525, 108, 424, 84, 1033, 757, 1346, 1312, 1330, 97, 90, 223, 948, 393, 366, 57, 1302, 427, 1041, 1139, 1271, 1342, 1078, 158, 372, 908, 1067, 1207, 641, 131, 822, 703, 1419, 1174, 905, 1140, 1091, 1021, 560, 1105, 454, 1305, 484, 347, 304, 1038, 949, 478, 269, 781, 602, 5, 662, 875, 36, 340, 1486, 1228, 584, 1263, 1113, 540, 990, 1402, 1408, 1013, 922, 681, 941, 615, 1008, 187, 191, 577, 50, 1380, 1314, 1434, 655, 986, 1505, 1316, 1353, 1001, 626, 526, 1141, 321, 1156, 185, 966, 1145, 1443, 443, 885, 932, 628, 596, 561, 812, 663, 1127, 940, 29, 1077, 55, 1488, 519, 793, 741, 1222, 1328, 483, 1074, 140, 129, 1261, 411, 163, 1086, 35, 667, 252, 1007, 608, 1149, 1455, 843, 7, 316, 882, 1300, 653, 1422, 396, 150, 117, 551, 842, 880, 1209, 512, 13, 918, 821, 182, 861, 636, 1070, 1490, 96, 553, 1284, 391, 416, 93, 1227, 433, 621, 230, 122, 1439, 565, 538, 375, 245, 319, 353, 21, 1270, 541, 1329, 877, 543, 1023, 982, 284, 6, 747, 259, 1257, 1147, 871, 1484, 1152, 1327, 1403, 471, 645, 980, 923, 238, 293, 1047, 241, 1390, 1407, 109, 456, 762, 1163, 395, 901, 489, 719, 54, 951, 996, 1171, 782, 942, 825, 286, 1010, 872, 1469, 1343, 78, 229, 832, 575, 691, 1026, 1273, 1104, 1349, 1092, 794, 811, 438, 533, 194, 530, 835, 878, 338, 42, 974, 0, 1317, 1374, 467, 351, 154, 268, 469, 236, 929, 784, 968, 1016, 993, 423, 434, 1498, 31, 1359, 458, 624, 1337, 994, 699, 612, 221, 1108, 761, 1212, 383, 1111, 198, 176, 83, 174, 697, 1281, 1182, 264, 1224, 436, 326, 59, 1358, 206, 969, 212, 1482, 836, 1409, 1131, 769, 962, 670, 651, 482, 280, 394, 1377, 1066, 606, 557, 118, 1389, 215, 1276, 1444, 466, 384, 858, 418, 497, 1103, 307, 853, 161, 569, 1291, 637, 430, 492, 536, 1208, 1267, 450, 848, 1144, 1184, 1048, 604, 710, 581, 247, 957, 754, 1396, 426, 1423, 303, 1080, 186, 379, 314, 927, 802, 698, 1250, 1187, 1090, 1321, 680, 1360, 75, 1178, 1385, 275, 1310, 1237, 335, 1366, 127, 172, 1340, 195, 1372, 515, 1085, 260, 1479, 679, 1205, 938, 660, 884, 1213, 385, 573, 80, 886, 1170, 1218, 1368, 600, 234, 199, 1220, 309, 693, 192, 41, 613, 66, 205, 722, 1022, 444, 972, 180, 1433, 498, 1107, 1177, 690, 839, 770, 445, 1096, 967, 552, 1106, 277, 913, 178, 1431, 1054, 1379, 1275, 1392, 714, 1292, 1039, 642, 58, 906, 834, 529, 952, 1118, 148, 155, 128, 1480, 442, 1322, 1183, 841, 795, 826, 110, 47, 1059, 400, 1404, 87, 48, 1453, 926, 39, 1017, 68, 765, 311, 725, 1006, 1044, 130, 380, 53, 218, 1094, 507, 768, 1232, 270, 114, 267, 797, 977, 446, 71, 1320, 1234, 800, 67, 623, 1483, 328, 778, 611, 1211, 546, 953, 1325, 633, 1501, 783, 1421, 470, 998, 873, 535, 833, 1399, 306, 1136, 437, 367, 179, 369, 104, 226, 924, 1400, 3, 332, 1190, 1116, 1456, 1083, 317, 860, 1438, 487, 142, 313, 864, 550, 1382, 661, 863, 531, 257, 959, 1030, 1019, 594, 364, 1235, 856, 830, 145, 652, 18, 709, 272, 973, 1168, 1073, 175, 1159, 609, 673, 988, 1000, 1386, 1151, 1283, 744, 297, 216, 1098, 256, 523, 146, 100, 177, 278, 111, 1002, 1045, 912, 1005, 405, 1134, 1138, 1150, 415, 1465, 115, 171, 162, 1518, 664, 874, 943, 643, 1128, 1198, 204, 462, 992, 1202, 814, 1049, 1411, 1485, 844, 1420, 1157, 1278, 590, 63, 1350, 493, 337, 1197, 1223, 902, 244, 1415, 1219, 165, 1315, 1287, 312, 365, 374, 350, 2, 1099, 1517, 678, 1199, 534, 65, 701, 207, 743, 440, 520, 1259, 1503, 555, 263, 1100, 585, 292, 1357, 965, 95, 706, 345, 1155, 1323, 465, 1487, 1243, 1146, 480, 1251, 1355, 631, 1115, 24, 371, 753, 847, 262, 666, 562, 310, 1097, 1216, 261, 1172, 1238, 183, 339, 49, 289, 919, 281, 138, 702, 76, 1274, 599, 1454, 1248, 298, 674, 1264, 1373, 671, 1093, 726, 801, 773, 591, 829, 583, 1027, 474, 638, 1500, 1031, 1412, 742, 1226, 428, 1457, 566, 632, 1117, 1307, 197, 1068, 720, 448, 1445, 147, 1376, 893, 355, 98, 930, 452, 242, 56, 1119, 644, 807, 576, 1510, 618, 425, 1437, 1003, 866, 1370, 1129, 1195, 305, 904, 1462, 1348, 935, 958, 758, 508, 1395, 696, 978, 378, 431, 840, 392, 1175, 620, 222, 19, 231, 881, 1154, 589, 344, 909, 634, 665, 143, 1352, 740, 1492, 755, 1318, 1055, 931, 1206, 16, 991, 500, 685, 481, 897, 791, 153, 707, 1426, 511, 214, 1188, 37, 1296, 72, 69, 547, 432, 164, 254, 1449, 985, 412, 193, 429, 946, 333, 639, 849, 733, 52, 592, 1381, 468, 12, 1474, 1428, 1137, 460, 386, 398, 1061, 1387, 759, 751, 137, 227, 1436, 279, 1075, 736, 1448, 619, 672, 635, 723, 503, 545, 857, 283, 202, 1471, 475, 274, 1491, 828, 40, 1018, 708, 1298, 1515, 1398, 43, 630, 157, 370, 1289, 1062, 152, 1417, 476, 17, 1089, 668, 160, 1405, 1229, 201, 983, 1215, 1069, 1225, 381, 711, 368, 1294, 510, 796, 1463, 1009, 359, 1391, 8, 1239, 1194, 879, 203, 818, 735, 322, 14, 1042, 276, 647, 528, 891, 324, 421, 22, 133, 1514, 605, 1040, 44, 855, 1176, 556, 451, 981, 1262, 789, 785, 799, 1367, 1052, 717, 447, 505, 607, 895, 593, 819, 737, 1088, 149, 1334, 777, 798, 342, 1193, 1464, 1255, 30, 1037, 1473, 792, 331, 439, 532, 91, 704, 144, 899, 580, 806, 1035, 1076, 235, 1153, 1247, 805, 352, 99, 713, 1304, 287, 808, 1295, 1507, 70, 939, 527, 1084, 686, 228, 233, 780, 1121, 1095, 1192, 1401, 291, 1244, 1435, 716, 105, 809, 601, 1512, 1440, 455, 1071, 479, 868, 745, 1363, 1311, 273, 1079, 588, 173, 112, 354, 132, 936, 1025, 151, 406, 1344, 820, 136, 1333, 82, 420, 963, 189, 817, 1425, 488, 748, 1345, 944, 1279, 764, 1306, 107, 301, 1413, 1058, 419, 1057, 629, 504, 213, 1004, 739, 1125, 464, 903, 724, 1293, 516, 1365, 1203, 760, 1179, 727, 824, 712, 123, 1268, 1460, 64, 892, 1397, 1383, 60, 945, 102, 1166, 422, 502, 249, 120, 1051, 329, 578, 1101, 1354, 441, 1053, 296, 373, 1214, 1285, 363, 537, 721, 1393, 1427, 74, 255, 595, 816, 587, 756, 1442, 407, 1056, 677, 1185, 210, 1424, 1406, 403, 103, 1332, 640, 928, 1361, 772, 32, 1029, 1043, 889, 715, 225, 217, 477, 1165, 1164, 51, 862, 1394, 404, 731, 336, 1014, 549, 265, 20, 1123, 947, 1180, 689, 1240, 1303, 1375, 134, 1245, 786, 1324, 73, 1242, 907, 358, 282, 1024, 650, 1221, 1233, 734, 1046, 237, 763, 955, 94, 1341, 181, 457, 1416, 285, 1301, 1378, 401, 1277, 767, 648, 1458, 299, 597, 659, 1467, 1280, 126, 852, 563, 1, 960, 1087, 987, 658, 1158, 1196, 776, 616, 567, 449, 251, 682, 1253, 1120, 1189, 921, 898, 614, 746, 803, 382, 900, 646, 1110, 838, 356, 622, 258, 683, 461, 1210, 167, 1191, 196, 1288, 804, 1065, 1050, 657, 288, 933, 397, 246, 684, 1060, 253, 810, 979, 135, 1132, 1112, 787, 656, 522, 1371, 1064, 975, 1063, 1236, 4, 1252, 1161, 837, 1450, 200, 388, 1313, 92, 25, 501, 995, 910, 1496, 10, 513, 220, 116, 290, 88, 1249, 883, 1020, 139, 271, 11, 971, 579, 1011, 514, 1347, 1126, 970, 211, 687, 775, 603, 125, 738, 1351, 517, 688, 654, 1468, 1122, 961, 459, 45, 890, 676, 1429, 752, 542, 219, 917, 1432, 34, 574, 490, 1477, 1133, 435, 728, 1451, 250, 376, 997, 46, 33, 389, 141, 101, 239, 62, 294, 1258, 1231, 1254, 266, 1475, 243, 1114, 1072]
convergência = []

===== FIM =====
