===== RESULTADO BRKGA L(2,1) =====
Arquivo: /Users/mateuspedrosa/Documents/TCC-II/BRKGA/data/NR_DIMACS_cleaned/p-hat500-3_clean.mtx

----- Execução #1 -----
[INFO] Time limit atingido: 15 minutos. Interrompido no meio de uma geração.
Tempo de execução: 900075ms
Span (lambda): 504
best_order = [412, 9, 107, 3, 285, 220, 410, 111, 118, 195, 360, 407, 131, 153, 287, 454, 241, 99, 391, 40, 263, 325, 358, 419, 117, 486, 311, 264, 215, 273, 428, 240, 280, 447, 205, 255, 461, 242, 22, 41, 355, 257, 319, 11, 51, 300, 393, 80, 297, 68, 445, 155, 146, 321, 222, 256, 83, 341, 125, 457, 286, 262, 182, 77, 33, 252, 322, 318, 129, 384, 76, 385, 368, 261, 248, 449, 34, 219, 330, 466, 224, 347, 36, 420, 60, 364, 160, 353, 283, 293, 310, 487, 203, 414, 320, 429, 46, 483, 481, 244, 130, 62, 166, 141, 494, 499, 13, 298, 299, 43, 326, 124, 179, 351, 54, 94, 133, 334, 150, 122, 188, 327, 443, 453, 474, 194, 372, 103, 473, 475, 102, 271, 143, 348, 50, 431, 464, 116, 278, 269, 268, 206, 211, 380, 210, 492, 105, 265, 26, 430, 406, 134, 66, 471, 172, 375, 86, 38, 498, 170, 230, 374, 114, 149, 7, 400, 147, 74, 183, 451, 245, 12, 110, 260, 148, 55, 267, 49, 84, 442, 388, 185, 189, 196, 158, 349, 174, 138, 227, 92, 225, 284, 490, 450, 23, 165, 238, 123, 27, 108, 259, 126, 317, 413, 377, 294, 67, 96, 187, 369, 465, 127, 480, 136, 418, 485, 90, 381, 65, 404, 421, 247, 228, 229, 232, 439, 47, 121, 29, 24, 52, 39, 363, 251, 93, 186, 216, 88, 467, 258, 173, 30, 497, 275, 440, 274, 386, 8, 236, 463, 335, 145, 401, 193, 25, 402, 392, 424, 367, 237, 97, 306, 191, 254, 350, 151, 403, 1, 477, 15, 100, 432, 109, 455, 422, 444, 20, 383, 307, 234, 4, 200, 208, 10, 175, 361, 411, 31, 359, 91, 459, 71, 316, 53, 357, 340, 314, 161, 21, 289, 362, 277, 246, 332, 104, 57, 19, 221, 95, 288, 35, 79, 163, 37, 344, 389, 253, 78, 376, 44, 378, 106, 213, 98, 408, 64, 456, 135, 469, 308, 217, 370, 472, 176, 2, 416, 171, 426, 446, 272, 178, 28, 199, 470, 6, 16, 119, 304, 438, 168, 190, 144, 82, 313, 89, 309, 112, 352, 479, 282, 69, 17, 296, 276, 164, 346, 328, 366, 336, 63, 214, 315, 295, 387, 484, 85, 169, 339, 198, 489, 279, 204, 101, 476, 365, 128, 478, 61, 290, 396, 18, 301, 218, 433, 45, 302, 356, 235, 226, 59, 156, 180, 427, 441, 331, 488, 324, 415, 70, 5, 181, 223, 58, 417, 201, 75, 202, 0, 192, 249, 329, 42, 270, 250, 435, 167, 398, 495, 436, 212, 140, 452, 448, 397, 81, 243, 157, 162, 32, 14, 437, 177, 371, 159, 115, 379, 434, 460, 72, 73, 56, 113, 405, 468, 354, 197, 462, 312, 120, 399, 395, 154, 343, 207, 87, 291, 373, 139, 266, 342, 239, 458, 345, 382, 184, 152, 48, 233, 231, 137, 292, 338, 482, 394, 303, 333, 425, 491, 337, 323, 409, 423, 132, 281, 493, 305, 390, 142, 209, 496]
labeling = [436, 284, 345, 5, 243, 386, 358, 160, 234, 2, 176, 12, 184, 61, 459, 180, 338, 376, 402, 270, 297, 313, 46, 198, 170, 245, 136, 203, 348, 240, 250, 302, 456, 78, 86, 296, 96, 311, 167, 225, 27, 48, 444, 124, 328, 408, 108, 219, 492, 172, 91, 18, 242, 310, 129, 152, 472, 227, 430, 414, 98, 398, 116, 361, 335, 223, 162, 218, 60, 374, 425, 262, 424, 453, 181, 393, 56, 24, 308, 324, 58, 457, 366, 69, 191, 387, 165, 485, 249, 340, 233, 307, 188, 246, 109, 252, 217, 274, 333, 25, 286, 392, 147, 143, 304, 97, 331, 4, 214, 291, 140, 6, 367, 474, 168, 464, 117, 14, 13, 360, 480, 238, 133, 186, 95, 72, 182, 224, 395, 80, 105, 19, 512, 131, 132, 334, 228, 499, 204, 377, 454, 85, 516, 151, 346, 267, 66, 179, 189, 177, 87, 287, 481, 3, 482, 64, 403, 431, 200, 462, 74, 315, 411, 196, 342, 210, 118, 422, 364, 388, 171, 327, 164, 248, 190, 178, 336, 460, 353, 111, 416, 426, 77, 183, 458, 194, 247, 213, 134, 197, 355, 283, 438, 271, 141, 10, 199, 479, 382, 354, 260, 432, 434, 83, 321, 43, 159, 435, 303, 494, 158, 127, 415, 325, 381, 35, 209, 339, 363, 88, 9, 320, 67, 428, 92, 146, 412, 206, 236, 201, 173, 417, 239, 497, 276, 350, 261, 279, 212, 451, 39, 20, 45, 441, 114, 125, 318, 237, 44, 440, 384, 244, 65, 290, 221, 30, 26, 51, 253, 138, 187, 84, 75, 1, 33, 148, 491, 166, 157, 113, 446, 149, 266, 34, 211, 256, 379, 317, 155, 319, 41, 511, 373, 93, 208, 7, 73, 21, 322, 298, 399, 487, 391, 100, 154, 385, 378, 36, 89, 99, 55, 404, 410, 504, 352, 405, 281, 301, 306, 359, 102, 28, 473, 357, 314, 383, 282, 205, 63, 53, 106, 52, 50, 510, 423, 16, 126, 135, 344, 442, 90, 409, 278, 506, 119, 265, 380, 476, 501, 390, 264, 70, 443, 483, 326, 493, 316, 94, 144, 202, 285, 128, 369, 79, 445, 49, 332, 312, 8, 272, 15, 280, 292, 230, 54, 372, 330, 255, 82, 220, 341, 449, 68, 489, 175, 150, 323, 215, 329, 466, 161, 156, 495, 299, 81, 47, 259, 368, 195, 300, 505, 22, 275, 57, 502, 461, 400, 407, 448, 471, 174, 269, 273, 257, 235, 475, 123, 17, 294, 503, 11, 305, 0, 216, 104, 401, 347, 427, 229, 29, 59, 163, 268, 413, 277, 507, 349, 418, 37, 76, 121, 107, 232, 406, 468, 439, 452, 419, 362, 241, 258, 420, 193, 115, 295, 62, 351, 32, 455, 71, 192, 185, 365, 137, 23, 293, 337, 38, 467, 309, 470, 40, 370, 263, 153, 222, 42, 251, 477, 288, 356, 142, 343, 145, 139, 130, 394, 289, 397, 371, 226, 112, 478, 110, 375, 231, 31, 103, 421, 389, 207, 509, 101, 514, 120, 450, 463, 254, 169, 122]
convergência = []

===== FIM =====
