===== RESULTADO BRKGA L(2,1) =====
Arquivo: /Users/mateuspedrosa/Documents/TCC-II/BRKGA/data/NR_DIMACS_cleaned/p-hat300-3_clean.mtx

----- Execução #1 -----
[INFO] Time limit atingido: 15 minutos. Interrompido no meio de uma geração.
Tempo de execução: 900047ms
Span (lambda): 300
best_order = [265, 144, 223, 169, 238, 204, 288, 292, 40, 175, 156, 77, 272, 226, 291, 39, 91, 23, 255, 267, 16, 112, 36, 185, 207, 251, 159, 92, 282, 180, 179, 168, 110, 293, 229, 18, 166, 15, 45, 101, 178, 177, 63, 294, 88, 86, 152, 125, 121, 220, 208, 5, 245, 186, 99, 83, 198, 104, 53, 42, 3, 130, 118, 79, 295, 249, 176, 215, 271, 85, 75, 8, 87, 183, 196, 173, 6, 34, 289, 100, 158, 239, 59, 24, 192, 64, 299, 105, 210, 290, 82, 27, 84, 20, 116, 126, 277, 221, 66, 4, 114, 139, 252, 160, 108, 0, 157, 262, 127, 227, 69, 155, 228, 29, 237, 47, 9, 78, 276, 97, 263, 134, 232, 257, 235, 90, 297, 115, 273, 68, 65, 264, 1, 200, 246, 107, 181, 103, 149, 161, 44, 140, 41, 51, 167, 197, 222, 258, 286, 124, 236, 234, 153, 49, 233, 254, 250, 60, 170, 135, 43, 244, 184, 224, 12, 212, 96, 256, 46, 71, 61, 199, 209, 11, 136, 260, 13, 148, 119, 30, 56, 279, 296, 133, 205, 76, 19, 38, 203, 2, 14, 270, 248, 35, 94, 298, 21, 280, 132, 274, 225, 74, 219, 188, 174, 98, 147, 31, 120, 154, 259, 22, 275, 146, 37, 117, 62, 150, 138, 211, 278, 217, 106, 202, 189, 253, 190, 142, 261, 247, 25, 191, 195, 137, 95, 73, 187, 206, 182, 241, 145, 231, 165, 214, 32, 129, 33, 28, 80, 89, 109, 123, 242, 151, 243, 10, 81, 50, 55, 7, 162, 213, 269, 67, 122, 163, 52, 57, 287, 141, 266, 26, 58, 193, 93, 240, 172, 201, 70, 131, 216, 164, 143, 281, 268, 72, 48, 111, 113, 285, 194, 230, 171, 218, 54, 128, 283, 102, 17, 284]
labeling = [73, 85, 208, 76, 120, 43, 92, 276, 54, 133, 273, 144, 174, 166, 209, 10, 30, 310, 49, 204, 114, 210, 184, 26, 104, 246, 277, 112, 241, 129, 178, 226, 261, 243, 94, 193, 33, 233, 83, 24, 13, 157, 64, 179, 153, 29, 154, 131, 302, 135, 199, 152, 288, 75, 234, 275, 198, 289, 290, 99, 103, 189, 235, 36, 70, 113, 38, 282, 87, 124, 295, 158, 255, 252, 223, 86, 150, 18, 134, 52, 232, 250, 105, 56, 23, 45, 57, 88, 55, 265, 122, 12, 42, 279, 162, 251, 164, 136, 142, 71, 98, 21, 308, 149, 74, 40, 239, 146, 89, 267, 14, 281, 31, 293, 121, 141, 68, 218, 80, 148, 229, 63, 284, 269, 167, 61, 95, 58, 214, 263, 78, 297, 219, 182, 119, 81, 192, 224, 237, 97, 155, 266, 188, 222, 2, 257, 212, 227, 196, 132, 139, 253, 59, 156, 197, 126, 16, 91, 100, 41, 115, 151, 278, 286, 298, 259, 47, 159, 5, 1, 177, 305, 264, 90, 207, 15, 84, 51, 32, 46, 34, 130, 176, 66, 183, 35, 50, 254, 225, 240, 230, 248, 106, 201, 304, 249, 79, 101, 72, 190, 137, 294, 228, 206, 8, 170, 256, 37, 67, 160, 108, 195, 187, 262, 236, 25, 216, 203, 307, 180, 65, 118, 161, 4, 185, 221, 17, 123, 128, 48, 291, 191, 60, 125, 171, 7, 169, 117, 6, 102, 292, 238, 270, 272, 181, 69, 147, 186, 213, 82, 175, 39, 109, 242, 173, 19, 172, 62, 163, 231, 194, 244, 107, 138, 145, 0, 260, 28, 300, 280, 211, 77, 20, 143, 111, 168, 127, 116, 205, 200, 217, 220, 44, 247, 301, 287, 165, 271, 9, 96, 110, 22, 11, 3, 53, 27, 202, 140, 215, 93]
convergência = [302, 302, 300, 300, 300]

===== FIM =====
