===== RESULTADO BRKGA L(2,1) =====
Arquivo: /Users/mateuspedrosa/Documents/TCC-II/BRKGA/data/NR_DIMACS_cleaned/p-hat700-1_clean.mtx

----- Execução #1 -----
[INFO] Time limit atingido: 15 minutos. Interrompido no meio de uma geração.
Tempo de execução: 900059ms
Span (lambda): 699
best_order = [653, 492, 688, 587, 406, 400, 117, 63, 529, 160, 633, 614, 567, 554, 601, 453, 247, 325, 2, 209, 62, 249, 550, 15, 189, 161, 514, 346, 464, 342, 524, 363, 535, 422, 294, 43, 37, 167, 162, 116, 24, 132, 339, 579, 130, 131, 66, 281, 147, 265, 73, 50, 662, 435, 179, 215, 69, 1, 639, 384, 261, 56, 394, 201, 530, 27, 307, 228, 164, 630, 578, 637, 590, 466, 620, 204, 271, 397, 479, 101, 38, 442, 8, 681, 510, 366, 470, 135, 387, 290, 619, 515, 352, 553, 125, 221, 666, 467, 622, 313, 663, 311, 303, 355, 333, 150, 569, 460, 154, 612, 616, 226, 484, 382, 283, 127, 122, 367, 119, 173, 0, 651, 493, 497, 548, 109, 613, 528, 193, 42, 46, 522, 293, 386, 233, 605, 631, 673, 48, 30, 674, 145, 560, 683, 549, 83, 190, 314, 520, 330, 208, 506, 227, 183, 512, 488, 266, 151, 297, 345, 58, 41, 327, 191, 536, 199, 655, 105, 194, 501, 542, 358, 305, 538, 428, 28, 388, 354, 586, 269, 192, 659, 134, 502, 429, 225, 425, 450, 573, 368, 47, 113, 156, 570, 341, 508, 686, 166, 465, 257, 174, 337, 172, 626, 370, 39, 299, 469, 381, 390, 408, 181, 207, 252, 623, 65, 87, 22, 443, 477, 86, 527, 432, 641, 598, 628, 523, 324, 124, 552, 250, 55, 223, 334, 463, 664, 585, 396, 318, 657, 503, 627, 534, 596, 574, 177, 444, 20, 423, 100, 262, 589, 264, 658, 478, 608, 563, 212, 632, 564, 431, 556, 213, 511, 430, 200, 153, 568, 306, 159, 451, 417, 78, 545, 23, 255, 165, 498, 85, 136, 407, 89, 362, 129, 286, 102, 410, 61, 482, 45, 31, 182, 120, 676, 490, 332, 349, 474, 251, 353, 343, 489, 178, 678, 689, 186, 621, 440, 19, 625, 79, 53, 218, 126, 595, 399, 504, 76, 600, 92, 26, 687, 123, 111, 84, 224, 143, 267, 647, 317, 93, 665, 344, 544, 253, 433, 611, 602, 668, 594, 682, 312, 59, 695, 91, 336, 9, 457, 296, 205, 609, 108, 243, 669, 54, 593, 670, 357, 583, 137, 34, 214, 180, 280, 411, 158, 615, 67, 561, 298, 415, 413, 414, 33, 401, 230, 114, 335, 163, 566, 361, 580, 562, 445, 238, 476, 685, 35, 643, 421, 149, 551, 115, 246, 340, 206, 547, 351, 607, 118, 438, 203, 17, 582, 694, 128, 36, 691, 487, 499, 71, 575, 304, 338, 378, 441, 81, 14, 572, 380, 277, 310, 373, 559, 654, 64, 217, 248, 424, 392, 347, 82, 650, 148, 649, 541, 98, 634, 526, 471, 13, 52, 617, 241, 516, 383, 10, 331, 377, 287, 671, 12, 316, 539, 211, 418, 21, 374, 455, 292, 322, 25, 6, 680, 403, 70, 288, 169, 170, 592, 677, 365, 99, 372, 675, 379, 446, 660, 494, 326, 291, 604, 138, 412, 376, 483, 184, 369, 393, 57, 672, 202, 667, 301, 4, 3, 350, 359, 103, 141, 107, 684, 244, 329, 645, 606, 77, 289, 222, 234, 49, 216, 543, 273, 419, 231, 68, 110, 295, 591, 44, 323, 168, 146, 462, 577, 320, 426, 517, 555, 319, 468, 237, 157, 495, 175, 599, 133, 480, 229, 96, 646, 142, 356, 263, 51, 40, 679, 409, 198, 195, 461, 256, 140, 260, 285, 576, 220, 690, 60, 75, 389, 416, 558, 697, 275, 500, 513, 452, 188, 72, 648, 459, 398, 404, 427, 588, 278, 618, 519, 486, 11, 74, 308, 448, 284, 496, 565, 571, 603, 546, 454, 197, 402, 171, 348, 437, 112, 139, 584, 235, 18, 391, 610, 29, 90, 656, 537, 532, 509, 371, 254, 232, 121, 385, 485, 505, 481, 507, 364, 272, 518, 282, 270, 309, 321, 491, 268, 187, 219, 7, 16, 692, 259, 152, 80, 236, 245, 97, 94, 540, 328, 196, 104, 447, 449, 597, 475, 698, 239, 5, 434, 240, 210, 473, 652, 176, 279, 274, 640, 276, 300, 242, 258, 642, 636, 531, 315, 360, 638, 458, 629, 581, 375, 661, 472, 693, 644, 395, 405, 302, 533, 525, 420, 436, 144, 439, 456, 106, 88, 185, 95, 699, 635, 155, 696, 557, 624, 32, 521]
labeling = [121, 57, 17, 496, 494, 647, 462, 631, 81, 347, 444, 581, 451, 440, 419, 23, 633, 402, 602, 309, 247, 455, 218, 271, 37, 461, 322, 65, 175, 606, 140, 290, 695, 373, 359, 387, 407, 35, 82, 204, 546, 159, 129, 33, 518, 289, 130, 191, 139, 511, 52, 545, 441, 312, 354, 231, 62, 489, 162, 343, 558, 287, 20, 7, 425, 216, 45, 368, 516, 56, 467, 410, 570, 50, 582, 561, 317, 507, 275, 310, 636, 418, 431, 144, 323, 280, 217, 213, 686, 276, 601, 341, 320, 330, 638, 691, 538, 639, 436, 470, 251, 80, 286, 499, 644, 167, 690, 501, 352, 125, 517, 324, 596, 190, 376, 389, 40, 5, 400, 120, 291, 613, 114, 319, 228, 93, 314, 116, 404, 284, 44, 46, 42, 534, 182, 87, 278, 360, 478, 599, 553, 497, 542, 326, 685, 142, 523, 47, 433, 392, 99, 158, 635, 268, 109, 696, 192, 535, 365, 267, 9, 27, 39, 378, 68, 279, 197, 38, 522, 466, 468, 594, 201, 117, 200, 532, 656, 245, 302, 54, 362, 209, 292, 148, 487, 692, 306, 628, 569, 25, 147, 163, 181, 128, 168, 550, 642, 591, 549, 165, 266, 64, 492, 401, 75, 349, 393, 212, 151, 19, 654, 456, 257, 262, 361, 55, 513, 426, 311, 629, 557, 95, 508, 232, 325, 186, 111, 153, 66, 540, 374, 514, 612, 136, 509, 598, 632, 533, 385, 651, 653, 442, 662, 353, 502, 637, 395, 18, 428, 21, 230, 297, 214, 335, 609, 277, 552, 199, 663, 634, 554, 59, 248, 543, 250, 49, 156, 328, 627, 179, 623, 76, 620, 512, 658, 565, 660, 416, 578, 657, 363, 48, 622, 115, 586, 555, 282, 449, 464, 506, 89, 482, 459, 132, 36, 519, 348, 157, 370, 206, 661, 491, 680, 97, 413, 172, 265, 67, 584, 625, 421, 103, 344, 101, 146, 667, 452, 329, 238, 530, 526, 624, 460, 521, 227, 15, 481, 161, 641, 504, 150, 446, 295, 104, 233, 377, 345, 202, 412, 41, 396, 195, 24, 300, 332, 160, 29, 427, 595, 296, 498, 397, 91, 299, 177, 105, 544, 358, 171, 495, 668, 380, 283, 26, 619, 472, 86, 118, 189, 488, 205, 607, 474, 422, 458, 674, 480, 448, 415, 475, 414, 208, 113, 447, 60, 614, 134, 88, 176, 560, 210, 604, 429, 485, 63, 678, 237, 77, 573, 313, 2, 375, 593, 465, 574, 679, 6, 281, 211, 548, 285, 364, 484, 372, 366, 371, 562, 273, 453, 515, 683, 390, 34, 249, 430, 183, 528, 575, 174, 185, 264, 260, 224, 336, 650, 53, 684, 597, 398, 687, 308, 417, 79, 219, 246, 381, 476, 646, 585, 643, 187, 272, 568, 16, 592, 457, 688, 346, 669, 572, 107, 551, 524, 234, 30, 198, 72, 98, 531, 207, 84, 439, 671, 652, 298, 648, 383, 220, 255, 78, 539, 617, 288, 486, 112, 615, 580, 408, 155, 301, 294, 626, 1, 122, 479, 536, 583, 123, 274, 409, 566, 170, 184, 240, 315, 616, 152, 618, 194, 611, 85, 263, 154, 567, 28, 92, 445, 527, 621, 579, 149, 699, 131, 225, 31, 682, 438, 222, 127, 8, 61, 666, 610, 681, 241, 32, 164, 608, 173, 454, 640, 434, 169, 510, 334, 269, 590, 391, 124, 145, 22, 394, 229, 94, 13, 529, 261, 698, 563, 423, 141, 369, 384, 256, 259, 588, 379, 12, 270, 106, 193, 587, 420, 188, 243, 411, 556, 525, 71, 43, 382, 673, 403, 356, 600, 235, 178, 4, 576, 252, 73, 520, 469, 355, 339, 316, 244, 645, 223, 537, 318, 14, 333, 589, 483, 137, 505, 399, 254, 350, 605, 338, 108, 126, 11, 367, 110, 443, 577, 90, 74, 307, 100, 215, 693, 305, 203, 242, 226, 672, 69, 138, 258, 10, 437, 694, 665, 70, 670, 58, 659, 221, 664, 388, 676, 503, 541, 327, 571, 435, 432, 119, 655, 0, 424, 166, 603, 239, 253, 180, 477, 675, 51, 102, 236, 331, 96, 493, 340, 351, 357, 450, 490, 133, 135, 473, 293, 471, 303, 547, 463, 83, 342, 143, 500, 386, 196, 321, 3, 304, 559, 406, 630, 677, 405, 337, 697, 564, 649, 689]
convergência = [699, 699]

===== FIM =====
