===== RESULTADO BRKGA L(2,1) =====
Arquivo: /Users/mateuspedrosa/Documents/TCC-II/BRKGA/data/NR_DIMACS_cleaned/p-hat700-3_clean.mtx

----- Execução #1 -----
[INFO] Time limit atingido: 15 minutos. Esgotado durante a inicialização da população.
Tempo de execução: 900369ms
Span (lambda): 706
best_order = [670, 323, 488, 346, 84, 332, 697, 526, 320, 363, 248, 61, 470, 45, 20, 23, 347, 41, 645, 635, 375, 699, 579, 663, 81, 162, 626, 64, 621, 408, 604, 567, 16, 97, 399, 36, 652, 401, 340, 119, 357, 418, 317, 651, 175, 159, 386, 165, 520, 570, 70, 225, 648, 293, 484, 344, 371, 275, 637, 532, 466, 109, 388, 202, 349, 501, 67, 153, 107, 527, 327, 261, 72, 259, 191, 417, 106, 508, 66, 629, 28, 630, 236, 672, 609, 613, 296, 372, 161, 623, 63, 308, 204, 410, 465, 601, 231, 94, 499, 15, 530, 486, 542, 603, 562, 478, 230, 47, 132, 78, 443, 480, 650, 590, 515, 147, 448, 454, 302, 168, 620, 359, 127, 268, 666, 96, 151, 215, 593, 656, 80, 446, 149, 93, 0, 471, 299, 423, 192, 13, 214, 395, 657, 505, 186, 114, 26, 143, 88, 35, 588, 676, 256, 24, 60, 148, 120, 154, 673, 338, 290, 615, 493, 310, 543, 260, 69, 224, 325, 642, 326, 639, 103, 577, 212, 438, 316, 249, 407, 276, 286, 683, 692, 146, 195, 519, 522, 27, 376, 610, 291, 18, 685, 461, 546, 288, 180, 57, 194, 483, 612, 208, 409, 514, 104, 265, 366, 403, 450, 140, 115, 131, 540, 339, 246, 380, 113, 587, 659, 507, 364, 370, 679, 464, 675, 564, 217, 252, 34, 358, 190, 203, 584, 365, 425, 307, 646, 647, 367, 213, 412, 229, 59, 280, 285, 150, 592, 557, 79, 31, 377, 95, 655, 427, 640, 430, 17, 687, 12, 29, 355, 479, 681, 396, 210, 643, 273, 87, 341, 600, 172, 199, 100, 634, 596, 456, 636, 573, 348, 110, 118, 535, 262, 89, 152, 566, 189, 40, 497, 1, 360, 641, 624, 528, 477, 301, 445, 171, 460, 71, 166, 277, 606, 591, 369, 589, 4, 250, 437, 319, 689, 444, 525, 509, 183, 315, 221, 233, 164, 398, 402, 511, 311, 660, 536, 46, 627, 565, 414, 416, 92, 223, 74, 553, 555, 287, 384, 602, 82, 513, 300, 534, 619, 506, 238, 65, 240, 569, 667, 686, 541, 391, 545, 550, 475, 125, 167, 5, 205, 58, 669, 665, 169, 575, 6, 9, 283, 654, 3, 533, 688, 481, 242, 618, 182, 668, 83, 554, 91, 547, 693, 343, 108, 211, 239, 459, 33, 548, 582, 243, 458, 411, 487, 674, 138, 44, 99, 38, 404, 14, 690, 658, 558, 616, 421, 485, 576, 434, 177, 123, 101, 491, 197, 176, 145, 98, 137, 597, 279, 157, 560, 122, 698, 54, 253, 322, 135, 241, 263, 521, 354, 420, 605, 124, 538, 368, 21, 572, 353, 266, 333, 457, 381, 440, 594, 649, 272, 469, 220, 467, 227, 331, 503, 281, 378, 476, 102, 504, 682, 62, 163, 472, 112, 694, 184, 518, 424, 393, 392, 196, 400, 68, 303, 544, 644, 48, 385, 116, 628, 426, 397, 324, 52, 449, 200, 633, 653, 219, 638, 232, 271, 142, 329, 75, 278, 494, 335, 314, 447, 25, 611, 523, 350, 383, 502, 661, 10, 141, 439, 571, 207, 345, 43, 53, 578, 85, 216, 86, 136, 394, 664, 428, 50, 181, 581, 198, 105, 429, 549, 524, 405, 482, 373, 632, 531, 55, 556, 422, 245, 267, 185, 156, 178, 436, 598, 662, 406, 90, 453, 158, 413, 516, 170, 468, 30, 318, 188, 537, 295, 117, 631, 218, 678, 342, 334, 235, 306, 435, 351, 309, 201, 144, 258, 209, 330, 551, 11, 492, 173, 462, 37, 441, 622, 274, 234, 431, 77, 379, 671, 270, 498, 617, 614, 451, 696, 76, 625, 155, 356, 222, 39, 289, 206, 361, 583, 254, 500, 415, 193, 586, 474, 298, 495, 284, 305, 264, 684, 128, 282, 607, 226, 490, 328, 51, 337, 489, 269, 19, 2, 432, 179, 390, 677, 539, 389, 691, 187, 292, 419, 452, 257, 695, 574, 599, 8, 56, 387, 352, 174, 559, 496, 160, 473, 455, 312, 129, 251, 313, 130, 49, 512, 73, 228, 517, 595, 463, 552, 121, 7, 336, 374, 134, 585, 382, 304, 680, 42, 244, 321, 510, 247, 563, 237, 608, 568, 111, 139, 561, 294, 22, 255, 442, 126, 580, 32, 133, 297, 362, 529, 433]
labeling = [145, 278, 647, 378, 310, 336, 360, 689, 662, 348, 516, 585, 270, 155, 414, 105, 44, 257, 201, 619, 16, 447, 659, 18, 165, 510, 161, 195, 43, 271, 568, 263, 688, 396, 219, 90, 48, 594, 412, 618, 284, 22, 653, 520, 409, 15, 315, 121, 493, 681, 537, 645, 499, 525, 411, 546, 664, 207, 369, 254, 166, 1, 421, 45, 36, 343, 99, 83, 481, 175, 37, 272, 94, 559, 323, 504, 611, 501, 125, 262, 146, 25, 334, 358, 5, 529, 532, 200, 154, 296, 511, 387, 339, 84, 118, 253, 142, 46, 431, 410, 287, 362, 472, 178, 215, 539, 100, 87, 372, 77, 295, 642, 480, 92, 159, 193, 495, 576, 276, 27, 167, 674, 434, 397, 430, 364, 708, 136, 637, 675, 655, 222, 123, 671, 676, 440, 503, 432, 408, 686, 220, 518, 467, 139, 590, 395, 191, 132, 162, 150, 258, 144, 298, 85, 88, 613, 554, 376, 553, 39, 672, 114, 32, 478, 317, 53, 264, 365, 122, 373, 564, 305, 266, 583, 634, 19, 429, 427, 556, 651, 204, 513, 385, 322, 483, 547, 115, 658, 572, 300, 230, 74, 153, 614, 190, 192, 487, 338, 536, 236, 450, 588, 79, 243, 95, 367, 621, 523, 198, 581, 227, 392, 179, 247, 147, 131, 530, 208, 580, 458, 439, 324, 617, 332, 176, 50, 640, 464, 685, 233, 101, 72, 465, 326, 565, 563, 104, 700, 351, 394, 353, 417, 381, 356, 694, 475, 228, 650, 14, 184, 314, 677, 241, 426, 625, 706, 164, 644, 496, 96, 168, 93, 274, 405, 602, 217, 453, 552, 138, 610, 599, 490, 448, 281, 575, 71, 187, 307, 506, 399, 238, 466, 639, 374, 633, 256, 183, 294, 185, 620, 137, 199, 616, 64, 704, 574, 110, 638, 577, 151, 330, 255, 63, 489, 630, 635, 557, 246, 76, 531, 172, 329, 673, 679, 456, 292, 182, 29, 570, 316, 6, 696, 438, 2, 492, 173, 156, 91, 643, 486, 517, 452, 7, 455, 573, 508, 691, 589, 169, 226, 52, 283, 582, 390, 67, 522, 3, 20, 202, 81, 471, 586, 591, 451, 444, 273, 615, 11, 221, 66, 299, 608, 712, 12, 232, 240, 216, 250, 446, 313, 234, 69, 112, 534, 595, 26, 188, 242, 468, 593, 225, 459, 657, 498, 342, 463, 56, 666, 55, 551, 652, 359, 485, 479, 533, 157, 279, 469, 288, 47, 380, 51, 259, 218, 391, 538, 560, 186, 40, 213, 21, 404, 252, 549, 328, 626, 337, 98, 23, 660, 419, 420, 550, 107, 477, 244, 497, 245, 535, 541, 267, 598, 649, 714, 425, 584, 558, 290, 143, 519, 435, 571, 663, 82, 312, 304, 148, 415, 117, 500, 177, 607, 661, 562, 134, 648, 291, 457, 402, 393, 306, 205, 587, 622, 235, 116, 59, 462, 566, 437, 13, 111, 433, 665, 542, 354, 470, 303, 97, 275, 127, 379, 544, 209, 65, 422, 80, 386, 4, 569, 612, 428, 592, 160, 507, 631, 670, 297, 601, 68, 627, 41, 494, 413, 474, 120, 349, 231, 35, 301, 698, 327, 683, 325, 206, 130, 540, 687, 382, 194, 58, 442, 124, 473, 543, 320, 10, 89, 286, 713, 70, 524, 75, 350, 345, 282, 321, 555, 445, 597, 224, 357, 119, 174, 491, 361, 181, 388, 398, 515, 363, 579, 646, 341, 370, 340, 548, 261, 416, 668, 401, 702, 86, 628, 239, 335, 141, 31, 667, 346, 60, 521, 449, 293, 632, 375, 424, 180, 527, 9, 710, 484, 400, 623, 223, 678, 629, 229, 152, 308, 128, 311, 260, 126, 461, 604, 268, 403, 528, 624, 285, 61, 344, 113, 42, 423, 309, 641, 636, 108, 197, 512, 211, 57, 605, 171, 418, 603, 383, 347, 129, 38, 596, 78, 302, 567, 34, 333, 454, 33, 102, 578, 545, 460, 289, 24, 280, 73, 488, 149, 265, 214, 170, 251, 443, 17, 212, 248, 62, 441, 109, 54, 49, 502, 377, 249, 135, 103, 407, 210, 331, 514, 526, 30, 509, 319, 140, 352, 384, 371, 0, 561, 106, 158, 406, 237, 163, 654, 505, 196, 693, 277, 476, 189, 600, 203, 355, 269, 368, 318, 389, 656, 133, 366, 482, 606, 609, 8, 436, 28]
convergência = []

===== FIM =====
