===== RESULTADO BRKGA L(2,1) =====
Arquivo: /Users/mateuspedrosa/Documents/TCC-II/BRKGA/data/NR_DIMACS_cleaned/p-hat1000-2_clean.mtx

----- Execução #1 -----
[INFO] Time limit atingido: 15 minutos. Esgotado durante a inicialização da população.
Tempo de execução: 901886ms
Span (lambda): 999
best_order = [179, 846, 232, 584, 170, 724, 186, 371, 389, 559, 900, 392, 254, 895, 845, 829, 198, 15, 664, 817, 674, 516, 862, 303, 613, 736, 373, 863, 991, 286, 938, 970, 296, 669, 830, 367, 548, 831, 108, 67, 725, 111, 133, 702, 35, 923, 214, 490, 854, 346, 309, 952, 878, 976, 397, 398, 411, 609, 769, 682, 496, 429, 509, 388, 109, 393, 428, 714, 144, 857, 797, 189, 990, 319, 787, 474, 453, 981, 893, 639, 152, 526, 729, 422, 378, 243, 617, 649, 974, 640, 455, 471, 324, 416, 954, 872, 631, 126, 49, 534, 183, 202, 43, 745, 562, 767, 628, 394, 38, 311, 567, 517, 523, 161, 654, 492, 31, 823, 356, 313, 663, 794, 886, 834, 62, 524, 377, 582, 685, 140, 219, 264, 648, 165, 279, 899, 6, 343, 637, 839, 4, 933, 728, 889, 601, 157, 507, 764, 520, 431, 873, 280, 430, 870, 774, 874, 689, 734, 204, 210, 151, 961, 66, 255, 828, 819, 465, 513, 169, 372, 913, 327, 47, 425, 469, 331, 95, 383, 896, 348, 334, 808, 927, 940, 549, 495, 690, 374, 117, 418, 950, 274, 540, 270, 746, 531, 386, 14, 78, 149, 684, 653, 40, 379, 545, 595, 459, 752, 145, 710, 634, 185, 721, 212, 542, 256, 594, 756, 732, 124, 339, 577, 605, 683, 943, 337, 810, 285, 891, 786, 137, 223, 217, 955, 287, 573, 718, 766, 196, 442, 271, 748, 771, 424, 90, 646, 936, 417, 405, 763, 361, 596, 260, 420, 148, 796, 591, 70, 301, 50, 650, 590, 735, 699, 691, 726, 740, 627, 643, 275, 784, 235, 536, 558, 182, 302, 340, 765, 615, 607, 207, 441, 248, 213, 530, 723, 387, 241, 661, 12, 395, 362, 205, 10, 757, 65, 245, 905, 436, 466, 951, 884, 968, 73, 546, 382, 116, 13, 694, 503, 177, 602, 159, 560, 692, 673, 121, 261, 63, 902, 494, 554, 135, 851, 519, 859, 20, 353, 890, 130, 486, 284, 762, 799, 325, 753, 435, 911, 468, 218, 193, 666, 926, 704, 481, 744, 583, 99, 91, 848, 299, 410, 72, 706, 328, 624, 739, 452, 332, 172, 647, 711, 782, 802, 865, 220, 209, 51, 106, 381, 946, 920, 400, 131, 660, 537, 86, 375, 143, 79, 26, 681, 751, 2, 806, 912, 30, 336, 688, 791, 316, 414, 960, 993, 508, 247, 335, 323, 74, 412, 194, 903, 533, 103, 620, 475, 687, 655, 118, 98, 897, 305, 80, 947, 391, 227, 712, 88, 551, 478, 41, 505, 989, 815, 984, 910, 741, 750, 948, 289, 918, 962, 321, 800, 670, 904, 730, 162, 869, 238, 737, 273, 234, 780, 569, 727, 304, 269, 201, 39, 635, 266, 760, 527, 675, 932, 191, 68, 64, 804, 437, 853, 363, 318, 528, 707, 180, 257, 966, 924, 812, 48, 421, 579, 354, 652, 915, 215, 342, 597, 155, 611, 792, 352, 556, 983, 885, 959, 668, 821, 790, 795, 85, 132, 407, 589, 440, 160, 770, 847, 844, 788, 294, 282, 168, 239, 60, 888, 166, 101, 906, 59, 432, 233, 571, 824, 510, 630, 139, 866, 470, 93, 146, 181, 105, 773, 423, 94, 861, 759, 532, 914, 772, 306, 351, 747, 672, 498, 8, 749, 998, 114, 644, 838, 626, 242, 134, 619, 877, 907, 616, 515, 357, 384, 979, 288, 776, 253, 236, 499, 32, 445, 856, 366, 841, 686, 580, 564, 587, 9, 479, 921, 599, 11, 512, 566, 881, 953, 292, 472, 604, 832, 733, 679, 439, 206, 522, 173, 547, 438, 104, 768, 426, 402, 401, 317, 632, 898, 29, 967, 250, 413, 742, 593, 606, 511, 102, 598, 483, 963, 833, 781, 586, 61, 971, 755, 485, 972, 293, 55, 999, 224, 25, 281, 965, 457, 825, 935, 82, 930, 154, 349, 112, 23, 226, 738, 347, 368, 77, 1, 385, 107, 789, 341, 451, 489, 715, 37, 225, 585, 314, 625, 525, 807, 75, 244, 208, 916, 184, 618, 3, 996, 345, 463, 230, 671, 229, 836, 57, 69, 464, 0, 987, 291, 24, 798, 636, 390, 16, 21, 71, 720, 147, 698, 19, 129, 775, 612, 480, 326, 446, 283, 158, 816, 396, 434, 199, 945, 645, 216, 322, 231, 228, 641, 500, 783, 497, 608, 200, 667, 460, 822, 370, 237, 535, 978, 360, 975, 187, 122, 276, 638, 937, 290, 555, 931, 701, 576, 120, 404, 852, 985, 743, 295, 659, 629, 680, 246, 818, 541, 307, 995, 338, 574, 875, 444, 887, 695, 150, 837, 973, 578, 809, 826, 722, 267, 333, 982, 462, 174, 656, 855, 315, 657, 731, 96, 850, 125, 785, 964, 493, 482, 563, 717, 842, 476, 867, 300, 565, 928, 777, 651, 477, 123, 892, 249, 175, 614, 980, 514, 259, 504, 268, 860, 827, 709, 76, 581, 87, 265, 222, 880, 84, 262, 197, 473, 427, 433, 506, 365, 922, 127, 449, 399, 801, 538, 192, 419, 415, 568, 868, 677, 89, 957, 408, 969, 501, 278, 697, 240, 403, 263, 46, 36, 312, 550, 588, 553, 448, 491, 359, 778, 42, 703, 696, 252, 350, 308, 376, 7, 917, 529, 623, 110, 849, 676, 176, 544, 592, 344, 97, 330, 211, 572, 988, 156, 92, 188, 793, 488, 622, 163, 941, 203, 100, 221, 456, 251, 949, 358, 450, 621, 33, 58, 603, 277, 840, 864, 83, 561, 44, 119, 539, 467, 364, 575, 713, 142, 272, 454, 956, 320, 461, 716, 876, 164, 994, 115, 310, 986, 803, 570, 518, 298, 195, 678, 929, 882, 761, 406, 894, 369, 909, 779, 190, 754, 443, 908, 52, 919, 380, 665, 835, 487, 642, 883, 22, 17, 521, 658, 813, 944, 28, 693, 178, 138, 18, 53, 56, 543, 939, 27, 719, 355, 705, 458, 557, 934, 484, 329, 136, 805, 54, 758, 45, 871, 843, 997, 977, 128, 633, 153, 610, 992, 814, 141, 81, 258, 171, 901, 502, 879, 811, 297, 447, 5, 113, 552, 167, 700, 662, 942, 409, 925, 708, 600, 958, 34, 858, 820]
labeling = [675, 644, 382, 650, 135, 973, 125, 855, 543, 576, 296, 573, 292, 308, 199, 20, 677, 940, 941, 692, 327, 665, 935, 633, 682, 622, 387, 956, 948, 600, 348, 118, 565, 887, 985, 53, 826, 653, 109, 447, 204, 421, 847, 103, 890, 968, 837, 175, 472, 87, 263, 369, 925, 945, 959, 615, 937, 673, 877, 509, 505, 606, 128, 319, 468, 290, 165, 47, 466, 674, 259, 686, 335, 301, 402, 660, 801, 641, 193, 385, 416, 984, 630, 891, 808, 498, 379, 805, 403, 823, 242, 355, 871, 517, 523, 172, 766, 863, 396, 346, 870, 501, 607, 390, 592, 525, 356, 631, 33, 65, 848, 51, 625, 979, 547, 911, 307, 190, 415, 854, 726, 317, 723, 774, 221, 769, 101, 804, 974, 693, 331, 374, 500, 50, 546, 325, 964, 232, 951, 513, 114, 982, 897, 383, 72, 200, 522, 690, 255, 201, 724, 162, 86, 976, 634, 459, 869, 143, 701, 310, 502, 117, 444, 878, 900, 138, 507, 975, 484, 163, 8, 988, 366, 588, 760, 783, 858, 306, 950, 0, 465, 524, 268, 91, 663, 212, 1, 721, 868, 76, 917, 464, 807, 343, 406, 918, 234, 788, 19, 683, 708, 455, 97, 880, 160, 294, 587, 282, 661, 367, 141, 866, 214, 283, 55, 467, 702, 235, 332, 127, 362, 881, 800, 233, 611, 655, 636, 419, 706, 670, 667, 694, 4, 514, 445, 274, 548, 717, 448, 510, 817, 289, 553, 81, 646, 293, 739, 392, 286, 787, 601, 884, 849, 563, 16, 157, 213, 463, 986, 793, 253, 318, 809, 835, 129, 806, 456, 752, 794, 428, 194, 245, 898, 449, 187, 270, 716, 879, 831, 140, 148, 623, 508, 699, 334, 227, 32, 237, 560, 431, 722, 680, 552, 620, 497, 735, 36, 994, 916, 342, 767, 261, 277, 24, 453, 417, 536, 744, 852, 39, 912, 111, 832, 123, 639, 757, 394, 597, 473, 79, 903, 436, 704, 400, 93, 338, 696, 168, 359, 962, 865, 179, 365, 756, 183, 398, 389, 220, 746, 218, 278, 645, 483, 144, 861, 654, 57, 640, 181, 628, 850, 534, 477, 328, 439, 927, 122, 537, 873, 844, 718, 244, 281, 471, 894, 814, 542, 41, 642, 924, 715, 10, 171, 26, 182, 381, 853, 132, 70, 206, 931, 371, 305, 178, 561, 635, 196, 288, 66, 9, 671, 405, 14, 68, 108, 287, 669, 42, 48, 812, 373, 595, 591, 834, 720, 250, 921, 490, 827, 995, 357, 58, 404, 603, 395, 820, 96, 246, 174, 818, 254, 480, 63, 527, 249, 177, 593, 813, 69, 64, 153, 152, 503, 790, 691, 312, 298, 469, 580, 584, 495, 284, 243, 928, 747, 567, 652, 969, 838, 815, 856, 647, 363, 78, 899, 94, 882, 626, 947, 205, 711, 904, 759, 666, 676, 169, 299, 895, 339, 170, 521, 85, 569, 811, 73, 410, 770, 786, 422, 578, 687, 351, 775, 608, 960, 619, 333, 929, 874, 649, 35, 842, 119, 773, 320, 184, 62, 705, 541, 556, 709, 819, 990, 311, 795, 418, 810, 150, 401, 56, 519, 605, 575, 166, 791, 559, 7, 113, 902, 322, 146, 939, 582, 115, 130, 648, 61, 460, 441, 851, 275, 197, 533, 409, 102, 714, 273, 377, 802, 885, 192, 743, 215, 953, 860, 208, 303, 590, 43, 189, 836, 388, 981, 840, 323, 710, 489, 952, 276, 11, 314, 893, 105, 776, 574, 782, 530, 106, 821, 452, 914, 516, 867, 239, 742, 896, 730, 223, 751, 475, 564, 803, 134, 353, 6, 657, 613, 550, 839, 493, 264, 251, 843, 596, 217, 209, 248, 485, 609, 571, 993, 149, 313, 889, 583, 222, 604, 280, 700, 31, 978, 487, 697, 25, 789, 279, 558, 90, 662, 555, 408, 875, 876, 830, 354, 643, 528, 260, 107, 738, 515, 100, 598, 971, 207, 433, 684, 131, 725, 84, 92, 707, 933, 266, 549, 689, 238, 368, 136, 89, 256, 781, 481, 198, 110, 414, 762, 761, 942, 736, 375, 291, 997, 116, 18, 934, 345, 685, 494, 38, 440, 668, 539, 316, 23, 443, 859, 824, 913, 586, 734, 376, 60, 224, 203, 121, 572, 412, 391, 159, 176, 267, 315, 943, 309, 740, 841, 833, 681, 262, 996, 729, 37, 828, 349, 957, 350, 470, 1001, 799, 202, 370, 420, 892, 71, 651, 905, 772, 231, 949, 688, 211, 755, 285, 3, 49, 258, 454, 139, 88, 442, 763, 216, 577, 155, 265, 22, 450, 638, 361, 269, 425, 602, 733, 352, 104, 195, 538, 247, 544, 427, 380, 210, 340, 922, 618, 219, 297, 967, 531, 458, 910, 330, 252, 151, 271, 241, 99, 589, 44, 482, 236, 532, 526, 158, 695, 562, 785, 846, 926, 451, 614, 364, 703, 272, 771, 230, 80, 506, 637, 479, 393, 461, 872, 124, 496, 257, 74, 679, 336, 438, 816, 360, 908, 437, 966, 384, 659, 185, 753, 226, 992, 478, 944, 965, 424, 656, 21, 741, 167, 1004, 488, 713, 120, 518, 627, 754, 797, 161, 17, 40, 45, 585, 612, 126, 936, 672, 750, 551, 145, 883, 570, 778, 972, 499, 5, 2, 504, 344, 857, 768, 326, 731, 457, 29, 764, 568, 67, 987, 324, 792, 529, 13, 28, 888, 337, 520, 780, 822, 446, 156, 970, 95, 154, 133, 745, 907, 554, 59, 977, 798, 566, 919, 938, 302, 491, 112, 749, 511, 147, 329, 228, 777, 82, 923, 15, 180, 411, 599, 142, 12, 983, 321, 407, 430, 295, 512, 557, 930, 915, 426, 341, 378, 173, 535, 435, 658, 845, 432, 932, 372, 579, 796, 46, 476, 989, 347, 186, 784, 920, 632, 728, 462, 137, 958, 629, 240, 727, 34, 954, 188, 864, 999, 225, 946, 698, 358, 413, 429, 886, 191, 300, 52, 581, 98, 229, 901, 825, 1003, 492, 397, 164, 434, 610, 765, 624, 474, 594, 304, 829, 27, 616, 621, 748, 83, 719, 54, 955, 712, 540, 779, 75, 758, 486, 423, 732, 906, 678, 862, 386, 77, 30, 980, 399, 909, 737, 664, 961, 545, 617]
convergência = []

===== FIM =====
