===== RESULTADO BRKGA L(2,1) =====
Arquivo: /Users/mateuspedrosa/Documents/TCC-II/BRKGA/data/Harwell-Boeing_cleaned/plat1919_clean.mtx

----- Execução #1 -----
[INFO] Parou por estagnação.
Tempo de execução: 761730ms
Span (lambda): 40
best_order = [1083, 1797, 1337, 504, 667, 854, 1162, 1713, 742, 1823, 517, 323, 423, 1523, 222, 1554, 598, 1368, 346, 685, 393, 1155, 1146, 1466, 53, 66, 1306, 1844, 1185, 1228, 344, 1524, 1432, 1817, 161, 126, 895, 1842, 1286, 609, 710, 1402, 681, 813, 1016, 61, 1381, 693, 1770, 1889, 1626, 627, 1333, 830, 1793, 1248, 1484, 1530, 1774, 1863, 437, 309, 1210, 1776, 281, 1426, 1336, 947, 870, 1301, 1493, 110, 775, 1852, 1681, 1201, 1238, 237, 816, 977, 1496, 135, 644, 933, 1795, 402, 1287, 184, 304, 1542, 1409, 948, 1229, 664, 1732, 1263, 1344, 882, 55, 1903, 1869, 1310, 403, 1134, 724, 1607, 147, 1904, 735, 435, 1170, 244, 574, 1600, 1041, 1291, 770, 1549, 470, 1199, 804, 637, 801, 982, 1489, 599, 585, 704, 1685, 1619, 1483, 1076, 156, 691, 529, 1540, 548, 21, 458, 138, 843, 1621, 1267, 45, 1711, 389, 1245, 1739, 297, 1095, 137, 1400, 1534, 1394, 174, 1280, 17, 1362, 40, 1397, 1487, 1271, 134, 1845, 1171, 1451, 1327, 1158, 538, 1065, 1691, 892, 941, 1475, 166, 1722, 897, 384, 620, 1364, 316, 47, 632, 107, 1003, 16, 848, 1564, 385, 1063, 976, 59, 1508, 301, 360, 350, 1456, 442, 1103, 62, 1126, 1268, 109, 226, 730, 605, 649, 1300, 1351, 324, 1469, 290, 1044, 1853, 1112, 1578, 1499, 613, 513, 68, 1118, 674, 1544, 1820, 661, 12, 1098, 559, 993, 285, 252, 1485, 931, 1420, 889, 1299, 795, 58, 1328, 1563, 485, 42, 943, 720, 1504, 951, 855, 1125, 1529, 1385, 206, 899, 26, 869, 1213, 1160, 1069, 1342, 353, 1865, 1191, 678, 1846, 650, 912, 1379, 706, 471, 1665, 407, 279, 790, 695, 181, 754, 1606, 254, 149, 405, 533, 266, 482, 56, 1647, 1443, 1075, 202, 1881, 768, 594, 971, 1531, 1371, 1609, 833, 992, 357, 579, 388, 1855, 521, 1486, 751, 837, 603, 811, 562, 1905, 1467, 1559, 428, 15, 118, 251, 744, 1916, 392, 1445, 394, 1760, 1446, 852, 1174, 326, 515, 1616, 1150, 615, 670, 1908, 827, 1816, 1360, 662, 586, 1471, 366, 1868, 602, 1304, 946, 1138, 1757, 877, 155, 991, 1541, 938, 1390, 1085, 1454, 1640, 944, 404, 1514, 658, 22, 911, 1311, 1617, 1886, 1079, 1424, 891, 1413, 883, 1101, 1433, 1856, 582, 1180, 624, 881, 657, 907, 70, 333, 1784, 1555, 1860, 1857, 334, 41, 150, 549, 694, 906, 1106, 1696, 550, 973, 716, 460, 170, 1877, 884, 479, 865, 500, 580, 510, 1026, 596, 185, 919, 1010, 731, 863, 1285, 1423, 1346, 537, 871, 583, 143, 1477, 1131, 719, 1780, 535, 50, 1557, 1356, 1805, 1383, 1253, 893, 1566, 1376, 950, 163, 204, 1334, 523, 91, 746, 1234, 1520, 680, 1240, 1570, 1007, 1733, 920, 234, 112, 1775, 903, 739, 631, 831, 1494, 853, 690, 666, 1625, 1874, 1005, 1747, 789, 507, 1515, 1194, 1500, 1082, 180, 1643, 718, 1755, 1407, 31, 850, 473, 840, 927, 218, 1582, 1873, 755, 469, 490, 1353, 397, 1488, 1804, 968, 207, 995, 1425, 220, 1497, 983, 630, 1078, 1790, 1653, 934, 1819, 1453, 1077, 1114, 530, 978, 330, 1890, 633, 765, 1200, 115, 1030, 1912, 243, 505, 1459, 351, 1197, 532, 987, 1081, 1340, 315, 390, 1828, 796, 1650, 1122, 547, 1533, 1492, 120, 1826, 1749, 43, 1565, 835, 1137, 1490, 1265, 1827, 320, 1352, 1821, 158, 1152, 1002, 1458, 896, 1662, 401, 1116, 477, 292, 1576, 655, 1189, 612, 1460, 643, 381, 1813, 1914, 1608, 1270, 1111, 1690, 419, 1532, 945, 803, 1053, 1644, 887, 1654, 1357, 1429, 1242, 1339, 635, 1764, 1261, 1561, 1745, 1589, 5, 1472, 359, 1222, 786, 1119, 1057, 782, 1431, 749, 1387, 216, 953, 1296, 836, 1562, 1166, 1256, 1449, 1024, 654, 952, 1786, 1833, 1573, 319, 25, 19, 561, 348, 745, 571, 679, 102, 57, 400, 552, 1799, 1049, 349, 386, 1393, 1317, 1803, 566, 1734, 939, 673, 1181, 1017, 104, 111, 425, 1034, 383, 488, 1571, 1322, 1045, 1283, 1761, 1319, 1704, 1595, 1522, 433, 705, 1495, 1091, 65, 1050, 1897, 1441, 787, 990, 447, 808, 1055, 551, 1329, 553, 80, 1464, 1448, 1537, 659, 1728, 638, 1274, 611, 964, 1519, 727, 464, 732, 1879, 721, 37, 684, 969, 621, 1649, 1601, 1294, 84, 303, 761, 1661, 18, 528, 1239, 1627, 1783, 1071, 1168, 949, 1701, 1763, 723, 1629, 764, 1382, 1512, 162, 1064, 99, 253, 1349, 361, 625, 815, 1513, 1102, 193, 1457, 536, 1027, 1343, 1272, 1439, 1289, 14, 898, 722, 376, 291, 901, 325, 1215, 692, 1395, 1679, 626, 1435, 1219, 1254, 932, 1667, 842, 1594, 1427, 576, 24, 1588, 1321, 616, 436, 1602, 935, 800, 1628, 1, 1814, 857, 1386, 1380, 660, 305, 241, 829, 415, 1765, 412, 778, 736, 124, 756, 1142, 452, 1707, 77, 1208, 1637, 824, 792, 1902, 1674, 1468, 1325, 753, 563, 1800, 1130, 862, 1585, 445, 1136, 274, 457, 1022, 807, 1068, 794, 1678, 738, 1470, 1683, 618, 73, 1751, 257, 354, 619, 1569, 299, 1547, 781, 1282, 1785, 1302, 139, 1720, 1345, 417, 1526, 339, 200, 142, 276, 1358, 1580, 734, 1020, 264, 1598, 1480, 92, 248, 1481, 1875, 1913, 769, 1436, 1367, 937, 1303, 698, 1330, 1404, 475, 219, 646, 1059, 1663, 1671, 642, 1587, 1023, 1307, 363, 1159, 1801, 1474, 555, 355, 1052, 1638, 1900, 748, 1406, 493, 875, 885, 1771, 272, 600, 261, 1560, 1545, 1915, 575, 648, 277, 1264, 590, 4, 925, 430, 129, 1086, 229, 89, 1295, 2, 1866, 1708, 371, 1241, 1417, 249, 1124, 1794, 1133, 1620, 280, 317, 35, 121, 1574, 1373, 1019, 799, 30, 472, 589, 1260, 491, 49, 975, 242, 195, 1408, 103, 1552, 233, 1269, 1434, 312, 467, 785, 448, 240, 372, 130, 1392, 1543, 1766, 1876, 1639, 379, 506, 819, 258, 466, 814, 686, 495, 540, 1462, 424, 1893, 347, 1717, 1670, 1084, 1035, 760, 127, 368, 1699, 516, 879, 1293, 1752, 88, 173, 1507, 929, 728, 518, 208, 171, 78, 1227, 321, 342, 1682, 572, 106, 217, 1756, 520, 76, 1281, 1592, 1536, 1525, 29, 1037, 636, 1236, 1099, 406, 1188, 604, 1848, 564, 1139, 1895, 839, 369, 763, 1789, 1741, 246, 1612, 443, 1324, 714, 446, 1668, 1528, 802, 198, 1415, 1894, 1048, 1596, 382, 1618, 1659, 178, 614, 1836, 527, 1284, 984, 409, 1276, 652, 874, 1359, 682, 709, 1173, 1597, 203, 1297, 209, 1110, 1366, 1839, 569, 699, 307, 967, 960, 52, 13, 186, 905, 1192, 1511, 841, 1778, 1880, 1231, 1746, 474, 44, 1872, 1479, 136, 337, 1032, 1350, 1610, 38, 1377, 1758, 1806, 1175, 1680, 1729, 930, 391, 1693, 1759, 311, 1730, 573, 1718, 780, 1810, 364, 377, 1843, 1697, 1831, 1252, 1312, 1684, 797, 1791, 1743, 1567, 683, 231, 1120, 1802, 858, 766, 890, 1246, 1414, 1251, 164, 1318, 7, 1104, 480, 771, 1105, 1646, 1798, 1437, 1660, 1021, 98, 1442, 717, 1883, 591, 23, 1623, 1450, 834, 1235, 1862, 1370, 1323, 844, 3, 1510, 214, 628, 116, 94, 1001, 1257, 1006, 909, 876, 338, 1887, 656, 32, 1088, 1288, 148, 1896, 651, 708, 179, 1060, 232, 584, 543, 420, 478, 1127, 1918, 1025, 820, 413, 979, 1275, 1657, 846, 101, 187, 534, 965, 1579, 1516, 1220, 1028, 825, 1313, 959, 501, 27, 595, 509, 565, 1262, 954, 267, 10, 494, 989, 215, 570, 1656, 514, 1631, 489, 772, 132, 282, 1834, 133, 165, 689, 783, 1375, 1014, 1706, 1792, 1067, 1572, 67, 663, 1871, 1144, 502, 1298, 1410, 283, 773, 1399, 970, 1164, 119, 1658, 1074, 1145, 1273, 1664, 913, 197, 525, 759, 123, 441, 476, 812, 601, 928, 294, 810, 481, 1039, 1011, 286, 1314, 675, 125, 676, 1405, 915, 1809, 955, 860, 378, 465, 974, 1031, 713, 6, 36, 1539, 1772, 322, 1754, 880, 492, 1906, 343, 904, 1750, 183, 228, 1901, 1822, 1835, 1259, 1687, 1372, 647, 1135, 726, 1686, 623, 459, 998, 1636, 172, 1854, 396, 578, 373, 1676, 260, 152, 1009, 1058, 1290, 1421, 1779, 1183, 1178, 793, 1422, 942, 606, 1577, 1163, 105, 1203, 936, 1232, 268, 1018, 1825, 1642, 1211, 212, 1182, 788, 213, 414, 1369, 1428, 743, 230, 861, 1710, 1341, 1849, 1586, 1132, 1641, 245, 1419, 1909, 1850, 508, 1216, 1830, 1115, 1073, 1558, 1212, 608, 1107, 1603, 1250, 640, 1331, 556, 1503, 1416, 1389, 740, 985, 592, 894, 1396, 1157, 1748, 1186, 259, 866, 752, 483, 362, 503, 581, 1154, 1223, 269, 295, 1882, 1190, 677, 1332, 1141, 169, 1731, 33, 1438, 1818, 1738, 1689, 1655, 1884, 1575, 707, 83, 847, 629, 1054, 1080, 74, 1004, 410, 963, 962, 1206, 1198, 1072, 192, 1335, 1777, 1128, 298, 593, 255, 194, 1714, 201, 454, 1838, 1418, 653, 1401, 370, 539, 1108, 996, 567, 302, 1221, 1700, 610, 380, 1548, 146, 313, 310, 1824, 961, 318, 1847, 431, 1363, 1742, 96, 1000, 60, 1672, 1591, 1861, 1891, 1361, 497, 416, 1093, 421, 328, 395, 90, 1581, 235, 223, 1258, 1040, 725, 1196, 1584, 263, 461, 1151, 688, 1767, 64, 1709, 1013, 986, 522, 762, 1043, 1243, 1292, 1498, 826, 526, 159, 367, 1430, 1388, 1917, 910, 1666, 1384, 1478, 100, 167, 577, 449, 332, 1308, 1440, 72, 1796, 822, 46, 434, 791, 499, 247, 1502, 444, 1398, 75, 1753, 455, 1551, 544, 1788, 554, 809, 1762, 700, 1630, 122, 703, 729, 1411, 1187, 399, 558, 205, 453, 750, 1153, 1769, 1473, 779, 426, 289, 845, 542, 671, 175, 1047, 97, 308, 828, 1348, 131, 1233, 221, 157, 886, 1209, 1885, 733, 1476, 427, 168, 438, 1444, 128, 1051, 1123, 262, 1461, 1008, 668, 1892, 275, 108, 711, 293, 1675, 327, 1688, 1702, 737, 587, 1161, 288, 1829, 617, 451, 39, 702, 701, 34, 1061, 336, 1787, 818, 821, 1517, 798, 1568, 1355, 669, 87, 71, 1249, 486, 741, 1100, 86, 1046, 1521, 1634, 11, 1224, 1365, 1867, 622, 1094, 20, 634, 1029, 1782, 306, 182, 329, 463, 1204, 645, 873, 867, 487, 265, 1244, 1087, 823, 597, 805, 1218, 85, 1840, 1705, 284, 411, 462, 498, 1309, 8, 1279, 496, 1737, 1910, 1501, 1109, 856, 864, 519, 1907, 868, 1326, 1315, 375, 1156, 817, 1347, 1593, 63, 1614, 0, 1583, 82, 918, 1374, 588, 1837, 972, 1694, 189, 672, 1447, 191, 1723, 531, 512, 697, 1648, 151, 767, 1736, 1550, 914, 439, 238, 432, 557, 1070, 1230, 176, 1812, 1179, 314, 1546, 1038, 9, 113, 345, 117, 1320, 1695, 188, 1143, 1214, 93, 1149, 568, 54, 1255, 1735, 1725, 1808, 236, 1247, 1724, 1807, 1858, 511, 922, 28, 1121, 51, 1538, 335, 1781, 1624, 1140, 1316, 1225, 227, 1518, 878, 1677, 966, 900, 1217, 851, 1535, 196, 747, 926, 69, 239, 956, 1113, 958, 1167, 79, 1721, 1898, 484, 1129, 1205, 1278, 999, 715, 696, 1491, 211, 1482, 296, 1412, 1590, 1556, 921, 418, 607, 177, 1177, 1605, 356, 806, 1193, 1506, 1698, 1062, 1092, 1633, 1527, 1089, 902, 1148, 1391, 1403, 924, 456, 450, 1042, 1117, 1505, 838, 1237, 287, 712, 994, 1832, 1056, 1841, 1726, 849, 1899, 1712, 757, 988, 1911, 981, 940, 908, 541, 1715, 957, 1184, 997, 1266, 1613, 832, 1036, 340, 777, 1147, 665, 1097, 341, 916, 1651, 639, 687, 1277, 1015, 545, 1012, 1207, 224, 225, 81, 440, 250, 1338, 546, 352, 980, 923, 1604, 1692, 1740, 468, 1864, 153, 641, 1719, 1652, 145, 1176, 784, 1703, 199, 917, 160, 1811, 859, 1165, 1066, 48, 358, 1851, 872, 270, 1888, 273, 408, 429, 1033, 1599, 1768, 1226, 1305, 271, 1172, 256, 374, 1815, 1645, 776, 1452, 1635, 1465, 1632, 278, 774, 1090, 1615, 1622, 758, 210, 1727, 1669, 1509, 1455, 1553, 422, 190, 1096, 141, 1870, 888, 1878, 154, 1716, 524, 1859, 331, 1354, 1611, 1195, 95, 1744, 144, 365, 300, 387, 1378, 1169, 1463, 1202, 114, 1773, 398, 1673, 560, 140]
labeling = [10, 0, 12, 16, 11, 1, 22, 15, 25, 28, 18, 22, 1, 24, 17, 7, 5, 2, 9, 7, 18, 8, 11, 25, 10, 6, 3, 13, 32, 23, 21, 14, 22, 27, 33, 22, 24, 12, 18, 7, 10, 15, 0, 5, 20, 2, 33, 3, 38, 23, 5, 35, 21, 1, 28, 6, 13, 9, 2, 0, 2, 0, 0, 30, 22, 15, 0, 27, 8, 35, 9, 34, 4, 19, 30, 33, 24, 5, 23, 30, 10, 23, 19, 10, 14, 31, 18, 16, 19, 17, 22, 4, 6, 1, 12, 20, 11, 15, 0, 8, 32, 17, 14, 18, 13, 28, 21, 3, 31, 5, 2, 14, 3, 32, 35, 1, 24, 21, 1, 26, 6, 21, 30, 9, 13, 21, 1, 20, 34, 21, 23, 25, 16, 8, 7, 3, 26, 7, 5, 1, 33, 20, 14, 6, 35, 37, 32, 4, 16, 7, 14, 31, 26, 35, 31, 11, 2, 29, 8, 26, 29, 0, 19, 9, 29, 24, 5, 22, 26, 5, 4, 18, 6, 24, 0, 4, 25, 34, 7, 25, 8, 3, 36, 31, 1, 15, 23, 8, 32, 25, 37, 32, 30, 18, 31, 11, 36, 28, 26, 23, 27, 30, 10, 18, 1, 20, 2, 5, 25, 27, 37, 14, 27, 29, 26, 30, 15, 23, 13, 9, 14, 28, 0, 22, 39, 18, 8, 21, 28, 22, 27, 21, 25, 20, 11, 34, 37, 1, 31, 37, 17, 4, 11, 15, 4, 30, 26, 19, 13, 16, 36, 5, 7, 11, 8, 24, 37, 16, 20, 25, 23, 11, 24, 19, 15, 29, 8, 26, 31, 35, 40, 31, 26, 40, 21, 30, 5, 12, 13, 3, 8, 0, 24, 29, 32, 2, 23, 25, 35, 33, 6, 4, 7, 21, 14, 27, 35, 2, 26, 13, 38, 0, 28, 16, 0, 18, 36, 20, 32, 2, 29, 24, 13, 19, 2, 12, 1, 19, 33, 16, 14, 22, 26, 0, 8, 20, 9, 32, 25, 17, 2, 34, 28, 8, 10, 3, 34, 18, 1, 5, 25, 37, 8, 25, 1, 27, 0, 15, 6, 14, 4, 2, 37, 8, 4, 10, 33, 9, 38, 16, 5, 8, 19, 13, 18, 36, 3, 32, 22, 24, 11, 4, 17, 26, 33, 12, 5, 21, 23, 8, 16, 2, 17, 15, 3, 5, 9, 38, 5, 2, 11, 23, 7, 0, 1, 25, 30, 9, 35, 5, 1, 12, 0, 2, 6, 3, 19, 6, 8, 18, 22, 31, 11, 24, 26, 8, 13, 9, 6, 0, 8, 28, 33, 0, 19, 16, 33, 7, 4, 35, 11, 23, 9, 7, 13, 1, 10, 0, 18, 27, 19, 3, 5, 16, 27, 11, 21, 9, 15, 22, 33, 29, 9, 12, 14, 27, 34, 12, 2, 22, 7, 15, 21, 32, 10, 15, 3, 19, 23, 8, 1, 4, 16, 5, 2, 11, 21, 3, 18, 9, 17, 20, 0, 4, 30, 6, 31, 2, 14, 22, 4, 14, 19, 2, 6, 8, 32, 25, 33, 27, 11, 21, 16, 14, 0, 10, 19, 7, 21, 23, 9, 30, 28, 0, 11, 5, 22, 1, 7, 22, 14, 5, 10, 1, 26, 15, 27, 6, 12, 5, 8, 23, 9, 3, 19, 7, 20, 6, 3, 12, 11, 18, 29, 14, 16, 25, 17, 0, 1, 8, 10, 18, 16, 19, 8, 6, 12, 25, 19, 6, 24, 2, 1, 16, 20, 22, 17, 33, 39, 17, 11, 3, 5, 1, 0, 17, 14, 32, 24, 5, 7, 15, 5, 3, 9, 3, 9, 27, 34, 13, 8, 14, 18, 24, 10, 18, 13, 16, 0, 3, 7, 17, 9, 11, 20, 6, 25, 17, 14, 2, 23, 14, 10, 3, 21, 7, 15, 0, 7, 1, 4, 15, 34, 29, 10, 8, 16, 1, 4, 21, 13, 11, 2, 14, 31, 9, 12, 1, 9, 37, 30, 32, 17, 4, 0, 26, 2, 29, 15, 6, 8, 24, 6, 2, 10, 8, 20, 3, 5, 16, 18, 5, 12, 11, 1, 21, 6, 0, 29, 25, 7, 0, 20, 7, 4, 7, 21, 19, 9, 9, 5, 2, 14, 16, 11, 0, 22, 31, 29, 19, 3, 6, 19, 1, 8, 4, 11, 25, 12, 26, 35, 37, 32, 30, 1, 15, 0, 25, 20, 12, 2, 27, 34, 29, 24, 39, 12, 25, 13, 10, 6, 8, 15, 17, 8, 21, 14, 12, 17, 24, 1, 8, 16, 36, 19, 2, 16, 29, 17, 11, 23, 19, 1, 26, 4, 8, 5, 28, 15, 12, 27, 3, 14, 1, 8, 12, 16, 18, 3, 15, 10, 1, 18, 15, 10, 12, 25, 30, 11, 15, 4, 26, 12, 9, 39, 0, 37, 34, 18, 11, 19, 16, 9, 24, 34, 23, 10, 5, 23, 10, 3, 33, 13, 26, 19, 7, 3, 13, 20, 23, 21, 3, 22, 7, 0, 17, 36, 20, 14, 34, 28, 8, 13, 2, 21, 13, 0, 27, 29, 17, 25, 33, 28, 32, 15, 24, 35, 2, 36, 16, 0, 9, 32, 9, 28, 19, 13, 10, 35, 5, 2, 23, 18, 1, 26, 15, 23, 26, 5, 27, 6, 30, 3, 13, 0, 7, 35, 6, 17, 38, 30, 32, 25, 11, 38, 12, 24, 29, 33, 12, 2, 17, 28, 30, 18, 10, 28, 12, 31, 21, 29, 11, 3, 9, 11, 19, 28, 16, 39, 9, 26, 10, 1, 3, 33, 1, 16, 0, 22, 8, 33, 15, 31, 7, 29, 23, 15, 11, 36, 24, 31, 14, 9, 27, 38, 16, 33, 35, 32, 7, 15, 31, 20, 35, 31, 20, 4, 12, 29, 15, 22, 6, 24, 5, 14, 19, 28, 9, 0, 18, 34, 5, 31, 6, 0, 8, 11, 2, 4, 14, 12, 0, 5, 12, 10, 21, 33, 38, 29, 27, 6, 35, 32, 34, 9, 26, 38, 9, 11, 17, 26, 1, 21, 5, 25, 21, 7, 1, 12, 25, 37, 30, 6, 10, 25, 30, 23, 3, 31, 8, 13, 6, 4, 0, 36, 2, 30, 3, 23, 28, 32, 0, 7, 4, 22, 10, 18, 9, 29, 26, 10, 21, 34, 16, 20, 36, 1, 18, 27, 16, 6, 20, 15, 17, 11, 25, 12, 8, 20, 22, 8, 19, 10, 22, 2, 18, 31, 14, 25, 20, 24, 0, 28, 23, 3, 13, 32, 28, 21, 12, 4, 33, 19, 14, 31, 15, 35, 14, 29, 13, 16, 26, 30, 6, 12, 2, 35, 18, 15, 4, 34, 3, 14, 12, 24, 7, 2, 9, 7, 5, 31, 11, 9, 0, 17, 4, 10, 29, 22, 33, 38, 1, 37, 26, 29, 4, 40, 37, 1, 17, 27, 7, 14, 3, 17, 19, 8, 16, 28, 31, 10, 11, 1, 38, 6, 27, 13, 29, 3, 12, 22, 18, 7, 30, 15, 6, 4, 19, 26, 29, 14, 8, 22, 18, 0, 25, 16, 11, 5, 15, 28, 18, 9, 35, 20, 25, 1, 34, 32, 16, 3, 25, 9, 30, 28, 1, 26, 9, 2, 14, 4, 31, 0, 16, 23, 13, 4, 23, 13, 36, 4, 7, 33, 21, 5, 21, 36, 34, 28, 13, 5, 4, 20, 17, 26, 2, 13, 15, 18, 13, 29, 3, 23, 32, 0, 32, 22, 9, 11, 5, 7, 4, 38, 25, 37, 0, 25, 9, 15, 24, 2, 26, 19, 1, 30, 12, 21, 27, 26, 11, 21, 30, 11, 23, 36, 32, 35, 14, 1, 4, 37, 18, 20, 33, 6, 28, 17, 29, 5, 6, 8, 16, 2, 31, 37, 0, 26, 21, 3, 11, 19, 25, 23, 12, 19, 23, 14, 10, 30, 27, 20, 16, 27, 2, 20, 7, 35, 0, 4, 21, 13, 5, 12, 22, 10, 28, 26, 30, 28, 17, 3, 18, 14, 8, 24, 11, 0, 2, 15, 13, 17, 2, 27, 22, 7, 10, 4, 13, 18, 8, 6, 3, 13, 20, 10, 33, 0, 12, 16, 27, 4, 13, 20, 23, 21, 21, 30, 15, 28, 16, 34, 18, 8, 10, 17, 9, 38, 5, 7, 15, 20, 26, 28, 3, 5, 22, 4, 0, 14, 3, 11, 31, 10, 17, 0, 11, 7, 14, 32, 13, 26, 11, 16, 7, 34, 20, 5, 8, 4, 18, 6, 19, 4, 21, 6, 32, 24, 18, 0, 25, 7, 9, 29, 20, 28, 17, 3, 14, 30, 3, 16, 1, 12, 7, 25, 6, 14, 10, 28, 17, 4, 27, 6, 2, 5, 13, 29, 9, 28, 26, 3, 30, 1, 38, 22, 27, 18, 12, 22, 0, 25, 9, 33, 7, 18, 20, 9, 19, 24, 20, 4, 27, 31, 7, 0, 8, 2, 14, 19, 0, 11, 16, 1, 11, 15, 12, 16, 22, 9, 11, 29, 16, 24, 6, 33, 10, 12, 29, 15, 12, 22, 4, 36, 14, 0, 34, 2, 22, 17, 15, 18, 32, 20, 28, 11, 23, 0, 14, 22, 8, 20, 6, 8, 32, 19, 0, 33, 10, 0, 20, 17, 19, 36, 4, 2, 5, 10, 6, 12, 5, 16, 13, 9, 5, 13, 21, 4, 13, 25, 3, 7, 13, 23, 31, 10, 35, 33, 23, 1, 38, 3, 24, 17, 19, 5, 2, 22, 30, 34, 17, 13, 0, 14, 1, 3, 24, 19, 37, 23, 7, 3, 8, 19, 16, 6, 35, 22, 2, 9, 20, 6, 13, 3, 21, 4, 20, 34, 21, 29, 1, 36, 26, 18, 39, 1, 3, 37, 9, 22, 7, 17, 11, 14, 6, 4, 12, 10, 28, 35, 23, 9, 11, 16, 0, 17, 32, 16, 28, 9, 27, 18, 28, 15, 18, 31, 22, 28, 15, 11, 9, 29, 24, 19, 30, 18, 5, 21, 23, 9, 20, 2, 14, 16, 30, 39, 37, 7, 3, 8, 7, 23, 39, 22, 35, 30, 39, 7, 12, 24, 3, 13, 2, 34, 22, 26, 5, 0, 15, 20, 16, 32, 25, 36, 31, 7, 35, 27, 13, 15, 12, 5, 20, 27, 11, 13, 32, 19, 1, 29, 17, 14, 33, 35, 10, 7, 21, 23, 27, 29, 26, 28, 6, 10, 15, 21, 1, 24, 10, 1, 34, 16, 14, 27, 40, 19, 30, 25, 29, 4, 10, 6, 1, 21, 17, 23, 3, 27, 23, 32, 28, 8, 4, 26, 20, 33, 4, 6, 21, 36, 5, 16, 2, 18, 37, 13, 30, 25, 18, 20, 30, 25, 2, 31, 0, 25, 36, 39, 14, 11, 33, 2, 9, 3, 34, 36, 32, 34, 26, 6, 18, 20, 26, 0, 2, 5, 31, 26, 30, 24, 4, 23, 17, 24, 20, 26, 8, 10, 2, 21, 10, 24, 8, 13, 28, 23, 13, 15, 6, 12, 9, 2, 12, 28, 16, 11, 17, 20, 24, 32, 17, 0, 16, 19, 37, 2, 8, 3, 18, 7, 21, 5, 34, 32, 15, 3, 18, 6, 17, 27, 24, 11, 17, 10, 1, 8, 2, 24, 0, 22, 10, 12, 11, 23, 15, 12, 9, 26, 15, 14, 16, 10, 31, 19, 4, 7, 25, 6, 0, 31, 14, 2, 4, 7, 1, 14, 8, 10, 12, 9, 35, 27, 20, 28, 7, 20, 22, 19, 36, 28, 16, 10, 34, 1, 16, 0, 5, 7, 25, 15, 22, 25, 38, 4, 8, 22, 12, 10, 12, 29, 32, 12, 27, 30, 2, 31, 9, 20, 26, 6, 0, 39, 32, 24, 13, 11, 18, 17, 8, 36, 18, 22, 5, 25, 22, 3, 33, 5, 7, 35, 0, 7, 24, 31, 19, 25, 23, 19, 15, 14, 28, 16, 27, 12, 1, 3, 10, 21, 19, 6, 23, 30, 21, 9, 20, 14, 9, 4, 15, 13]
convergência = [40, 40, 40, 40, 40, 40, 40, 40, 40, 40, 40, 40, 40, 40, 40, 40, 40, 40, 40, 40, 40, 40, 40, 40, 40, 40, 40, 40, 40, 40, 40, 40, 40, 40, 40, 40, 40, 40, 40, 40, 40, 40, 40, 40, 40, 40, 40, 40, 40, 40, 40, 40, 40, 40, 40, 40, 40, 40, 40, 40, 40, 40, 40, 40, 40, 40, 40, 40, 40, 40, 40, 40, 40, 40, 40, 40, 40, 40, 40, 40, 40, 40, 40, 40, 40, 40, 40, 40, 40, 40, 40, 40, 40, 40, 40, 40, 40, 40, 40, 40, 40, 40, 40, 40, 40, 40, 40, 40, 40, 40, 40, 40, 40, 40, 40, 40, 40, 40, 40, 40, 40, 40, 40, 40]

===== FIM =====
