===== RESULTADO BRKGA L(2,1) =====
Arquivo: /Users/mateuspedrosa/Documents/TCC-II/BRKGA/data/Harwell-Boeing_cleaned/plsk1919_clean.mtx

----- Execução #1 -----
[INFO] Parou por estagnação.
Tempo de execução: 109771ms
Span (lambda): 15
best_order = [1367, 1723, 1344, 1905, 874, 1406, 1629, 1028, 1046, 1527, 175, 1912, 259, 5, 901, 868, 1859, 1210, 1267, 806, 90, 224, 1445, 391, 382, 1386, 237, 1351, 1508, 1403, 1787, 231, 99, 477, 1448, 728, 737, 977, 1097, 684, 989, 526, 381, 1271, 570, 1674, 738, 409, 375, 885, 1374, 295, 974, 836, 1592, 646, 1728, 1616, 277, 1449, 1408, 1477, 1732, 1339, 832, 1075, 1090, 1285, 1186, 1761, 1208, 715, 1159, 636, 1808, 1718, 899, 131, 915, 1176, 154, 950, 462, 940, 1819, 1591, 64, 1274, 1497, 1776, 501, 1569, 80, 1106, 788, 58, 1006, 313, 964, 24, 26, 1535, 1655, 1354, 875, 393, 92, 270, 1342, 602, 767, 111, 939, 826, 1333, 55, 999, 597, 959, 63, 1099, 1387, 386, 652, 1814, 233, 408, 561, 1711, 729, 682, 1603, 1471, 183, 482, 1875, 1907, 1114, 522, 298, 143, 1005, 1519, 1198, 880, 1148, 1605, 188, 70, 71, 54, 1206, 1837, 612, 774, 1369, 1306, 605, 586, 781, 1426, 153, 698, 908, 394, 1092, 265, 305, 505, 6, 264, 1319, 1889, 986, 1376, 229, 1854, 148, 0, 463, 147, 1873, 1748, 1709, 679, 577, 764, 1082, 779, 1851, 1690, 204, 169, 1820, 643, 407, 302, 1172, 1366, 1903, 1652, 1661, 1137, 1488, 665, 4, 763, 119, 1537, 1631, 303, 350, 1594, 1326, 1019, 876, 1087, 1115, 1096, 448, 1746, 1226, 1352, 851, 250, 87, 529, 493, 1634, 1624, 677, 1246, 1636, 367, 1888, 1150, 1520, 895, 490, 918, 1140, 1335, 985, 1368, 674, 1234, 358, 830, 1908, 45, 1877, 53, 820, 941, 86, 1323, 480, 1243, 664, 1543, 1517, 933, 1771, 1182, 1899, 1579, 1611, 1663, 603, 1109, 442, 1431, 503, 402, 322, 683, 1561, 157, 1017, 532, 1720, 1207, 1091, 1654, 758, 887, 1392, 279, 1821, 67, 1077, 966, 289, 1423, 37, 852, 15, 1101, 56, 1856, 236, 803, 681, 1062, 419, 1214, 799, 697, 996, 179, 1455, 816, 242, 1113, 848, 1446, 14, 924, 1513, 1164, 1645, 1262, 1052, 1310, 1810, 1698, 881, 720, 542, 336, 212, 1350, 571, 517, 1065, 549, 539, 7, 69, 1486, 1553, 559, 1786, 632, 1886, 467, 1685, 401, 1158, 1457, 962, 357, 19, 533, 251, 1270, 1050, 1627, 132, 706, 107, 484, 797, 267, 970, 32, 1879, 1500, 1911, 446, 550, 1913, 902, 792, 1546, 1451, 1801, 1769, 831, 254, 1430, 1279, 1842, 1275, 1570, 1284, 1414, 1758, 1460, 49, 1332, 1491, 819, 216, 176, 1444, 1904, 1767, 425, 18, 584, 690, 44, 1229, 1184, 200, 560, 802, 1743, 1906, 1846, 1483, 710, 670, 1813, 38, 1131, 777, 1818, 1273, 23, 436, 1739, 1022, 82, 676, 160, 1835, 300, 930, 599, 1031, 778, 1365, 114, 238, 271, 623, 1263, 411, 717, 1146, 12, 1347, 596, 716, 1202, 1312, 578, 1080, 189, 17, 203, 478, 1620, 1313, 137, 1598, 931, 1829, 31, 1450, 410, 1415, 707, 33, 1507, 85, 840, 152, 1178, 479, 1079, 319, 335, 369, 297, 1302, 847, 1191, 266, 508, 1740, 127, 795, 883, 138, 263, 1822, 1308, 760, 423, 1511, 1800, 1815, 1322, 992, 1167, 804, 735, 1730, 1530, 1573, 1255, 1379, 745, 2, 807, 870, 960, 321, 692, 869, 818, 619, 1433, 307, 514, 1, 1578, 466, 1199, 1756, 1061, 1606, 994, 125, 894, 1329, 414, 1009, 762, 75, 1581, 213, 1073, 624, 1565, 1336, 1757, 1751, 1404, 1345, 675, 756, 743, 260, 906, 1784, 1305, 739, 886, 499, 449, 465, 705, 904, 1738, 1762, 1862, 1710, 1177, 1173, 903, 1402, 1175, 122, 1276, 136, 256, 1277, 59, 1008, 1454, 1852, 523, 1512, 796, 219, 613, 1100, 1688, 678, 1033, 1897, 954, 1473, 922, 1724, 668, 96, 123, 1644, 1356, 1589, 701, 878, 1803, 945, 1532, 214, 1525, 768, 162, 731, 151, 1237, 555, 57, 944, 1680, 1188, 798, 240, 711, 1280, 10, 1768, 146, 252, 1429, 1726, 961, 1328, 245, 456, 863, 891, 230, 1651, 633, 1885, 1485, 669, 359, 634, 1755, 1584, 413, 574, 1068, 576, 197, 936, 1916, 338, 552, 1721, 685, 412, 445, 642, 1666, 102, 833, 441, 815, 1020, 339, 935, 757, 751, 1475, 1185, 1171, 1737, 708, 871, 1192, 704, 1704, 722, 202, 1855, 1824, 1844, 610, 286, 744, 1597, 1152, 392, 22, 1051, 1205, 1157, 355, 838, 923, 1608, 124, 1030, 1043, 650, 653, 823, 1084, 754, 1292, 801, 911, 510, 1586, 1540, 865, 702, 427, 91, 333, 1545, 621, 1701, 84, 1058, 1848, 47, 310, 609, 1725, 222, 1394, 110, 656, 1003, 558, 1453, 721, 583, 1025, 770, 51, 734, 1700, 1567, 1129, 1348, 1659, 842, 1719, 1676, 130, 1531, 1295, 696, 1213, 1745, 1797, 663, 1405, 1646, 1337, 750, 1297, 340, 165, 1882, 1105, 1560, 1764, 1682, 680, 1222, 234, 1066, 1876, 916, 854, 1806, 800, 489, 439, 971, 1117, 725, 492, 172, 1528, 315, 1391, 1110, 1410, 956, 693, 1687, 400, 579, 1548, 740, 454, 841, 1705, 1686, 296, 371, 769, 952, 247, 1428, 258, 337, 1257, 1596, 453, 1281, 1195, 1750, 1418, 981, 1228, 1056, 468, 1909, 1078, 1160, 74, 1843, 1134, 1179, 1317, 666, 1510, 1039, 1521, 1853, 1796, 1664, 850, 1233, 1155, 1804, 306, 780, 1250, 1884, 515, 343, 1224, 385, 864, 475, 845, 43, 368, 660, 1036, 907, 1551, 837, 500, 1660, 68, 246, 356, 1850, 1778, 551, 1773, 168, 1689, 732, 1865, 1479, 1541, 1610, 1294, 635, 1070, 1399, 541, 1422, 141, 604, 1643, 1900, 100, 942, 1498, 1735, 1286, 1290, 76, 1236, 150, 520, 244, 1219, 1668, 518, 198, 1518, 1419, 1789, 1693, 591, 1209, 723, 290, 813, 314, 1665, 1506, 444, 1170, 1542, 1108, 1722, 1038, 255, 139, 1672, 1895, 1238, 553, 1869, 1574, 1595, 914, 30, 1021, 112, 912, 155, 582, 648, 654, 366, 422, 435, 1696, 458, 28, 628, 569, 164, 1377, 1827, 982, 1640, 984, 195, 83, 1614, 1866, 998, 226, 1153, 373, 644, 98, 1893, 1780, 662, 1782, 955, 534, 617, 27, 1362, 1706, 647, 1465, 1303, 421, 1388, 889, 1291, 1201, 867, 288, 1467, 1239, 1708, 194, 524, 1894, 766, 344, 855, 1864, 354, 1095, 460, 1874, 1677, 1653, 658, 882, 361, 415, 1353, 173, 1436, 600, 1733, 81, 1440, 741, 1183, 525, 1320, 121, 1266, 320, 905, 272, 587, 227, 379, 794, 1042, 1023, 1799, 144, 544, 1681, 163, 932, 1617, 1242, 384, 1539, 1715, 927, 1526, 1917, 1174, 631, 325, 1502, 431, 1247, 1071, 1555, 1881, 207, 921, 626, 1783, 1716, 1384, 1024, 1124, 1867, 185, 949, 748, 1575, 1390, 253, 1132, 62, 1057, 1128, 1637, 1792, 1489, 1389, 1401, 1168, 352, 1727, 1833, 825, 1373, 406, 641, 1380, 241, 1849, 1060, 133, 564, 1314, 205, 1059, 1260, 498, 659, 210, 937, 1235, 1501, 1331, 481, 909, 703, 1470, 1707, 543, 1625, 1494, 1883, 1217, 1523, 491, 443, 593, 60, 655, 877, 159, 1858, 896, 308, 1196, 220, 1434, 1860, 884, 1564, 718, 372, 1891, 1421, 293, 73, 1424, 428, 223, 1142, 248, 1151, 221, 1861, 1013, 1165, 72, 853, 1741, 1427, 25, 161, 1749, 1443, 21, 948, 345, 1571, 1892, 261, 1657, 919, 995, 1847, 1870, 211, 1396, 312, 117, 1125, 502, 1417, 1868, 1037, 509, 843, 432, 963, 1795, 957, 814, 622, 846, 399, 1890, 1714, 331, 418, 1896, 1791, 1076, 1679, 637, 1325, 452, 1915, 39, 329, 362, 292, 614, 649, 1699, 568, 13, 519, 1524, 1838, 434, 630, 1495, 1253, 546, 1462, 1223, 1515, 1126, 1504, 1836, 35, 1432, 142, 1103, 1544, 1282, 1154, 97, 714, 565, 727, 1007, 1364, 440, 1397, 1582, 1086, 404, 1697, 1420, 1490, 755, 1298, 1816, 347, 65, 747, 1754, 1619, 1047, 134, 1872, 225, 1169, 1189, 1261, 512, 1811, 993, 793, 1633, 978, 1438, 1607, 1230, 1765, 1211, 274, 1840, 1753, 1135, 531, 1166, 1742, 1568, 657, 167, 1478, 1552, 309, 1409, 1798, 1289, 726, 1626, 822, 1116, 639, 1187, 1381, 1034, 1241, 1817, 206, 1766, 595, 753, 1458, 495, 1566, 611, 1456, 472, 1136, 688, 783, 1476, 1669, 1018, 126, 1411, 46, 1407, 1452, 1264, 824, 1632, 917, 101, 673, 844, 1000, 829, 615, 1845, 1807, 363, 1558, 1834, 395, 390, 1618, 752, 1642, 1045, 1534, 827, 317, 1040, 709, 1311, 749, 494, 1691, 947, 1283, 29, 1662, 975, 1492, 980, 926, 1063, 215, 589, 1648, 1779, 1029, 1712, 40, 208, 1671, 88, 538, 455, 1190, 1359, 311, 1658, 1918, 1599, 1048, 1413, 1216, 990, 1204, 1461, 316, 618, 374, 1577, 671, 592, 557, 1516, 566, 506, 537, 1828, 1014, 1304, 1583, 243, 1231, 786, 301, 1139, 638, 1363, 11, 1249, 938, 1089, 349, 299, 527, 1218, 199, 257, 925, 1474, 1880, 50, 1468, 1330, 377, 817, 1016, 291, 1781, 196, 105, 866, 946, 1695, 913, 1549, 809, 129, 1162, 1536, 575, 118, 1802, 1832, 1694, 1826, 1123, 184, 235, 1871, 1180, 9, 34, 1514, 545, 1272, 416, 140, 1744, 1439, 1064, 1197, 1093, 1044, 772, 1831, 712, 1343, 1259, 1604, 1316, 364, 1321, 1145, 1812, 228, 1357, 736, 1487, 1055, 1318, 239, 969, 1149, 686, 1469, 1334, 353, 470, 476, 430, 1752, 94, 1085, 1220, 16, 1118, 120, 1067, 859, 858, 166, 910, 785, 627, 1193, 1161, 1630, 1010, 1212, 1299, 620, 1203, 1141, 1412, 991, 934, 389, 433, 365, 1556, 36, 8, 1562, 607, 424, 1692, 548, 687, 469, 951, 1587, 507, 209, 324, 1559, 187, 103, 1254, 695, 943, 77, 1830, 93, 585, 811, 78, 1268, 694, 1382, 1647, 1437, 1035, 1340, 1484, 1538, 473, 1590, 1372, 730, 1027, 1609, 606, 1041, 651, 182, 1269, 1775, 1341, 535, 1074, 1338, 1130, 1635, 640, 1088, 1327, 1825, 1278, 1529, 953, 380, 1777, 348, 528, 1863, 765, 1788, 171, 342, 1505, 429, 1703, 997, 1572, 563, 1493, 1774, 860, 1215, 1256, 1227, 451, 61, 396, 1081, 1447, 1898, 1772, 108, 1522, 95, 461, 588, 450, 1656, 1472, 928, 1127, 513, 667, 556, 1349, 857, 1770, 879, 488, 625, 158, 890, 1200, 1416, 988, 1585, 327, 773, 1442, 1509, 965, 1910, 326, 898, 1395, 1612, 1613, 1683, 1138, 403, 1026, 733, 598, 334, 1499, 1069, 776, 192, 700, 1002, 1678, 41, 1371, 145, 983, 417, 828, 1557, 459, 1887, 332, 1015, 376, 1734, 1550, 388, 1012, 370, 958, 968, 268, 1459, 1482, 1156, 1121, 1011, 1481, 1793, 1054, 1496, 471, 1463, 1032, 457, 1790, 284, 862, 398, 328, 405, 318, 156, 1839, 900, 787, 304, 1383, 1194, 1244, 1533, 217, 249, 180, 973, 378, 601, 805, 1102, 1464, 1425, 48, 1309, 1122, 987, 897, 1857, 581, 791, 273, 341, 437, 79, 645, 1293, 1324, 761, 1400, 1763, 1823, 1287, 483, 1615, 1435, 590, 89, 104, 1104, 52, 1623, 1675, 967, 1466, 351, 1370, 1576, 1702, 511, 1004, 699, 1251, 1375, 66, 812, 1265, 278, 1563, 1805, 1601, 1300, 516, 1760, 1736, 873, 177, 287, 262, 420, 810, 784, 330, 360, 285, 387, 170, 487, 1554, 426, 1147, 346, 1650, 540, 567, 1083, 1144, 530, 1072, 1301, 186, 275, 178, 594, 572, 1393, 608, 821, 3, 42, 464, 691, 1225, 1600, 281, 1622, 1163, 1094, 116, 1360, 232, 1358, 1747, 1053, 283, 1588, 1503, 972, 1638, 485, 1717, 629, 1794, 1580, 1288, 892, 191, 979, 1759, 149, 1315, 893, 689, 929, 174, 323, 872, 554, 861, 474, 849, 976, 1385, 115, 1713, 1641, 1240, 1107, 856, 1221, 1441, 496, 746, 616, 1398, 193, 573, 1809, 1378, 580, 1120, 1001, 1649, 282, 1602, 1673, 1112, 1296, 438, 536, 269, 1914, 1731, 1307, 447, 1133, 190, 1684, 181, 109, 1252, 790, 521, 1111, 713, 1355, 839, 497, 397, 1248, 661, 1902, 724, 1346, 113, 106, 218, 1547, 1181, 1119, 1621, 742, 1258, 1729, 775, 201, 1901, 808, 280, 920, 1480, 1049, 547, 383, 835, 1628, 486, 1667, 294, 128, 759, 834, 1143, 888, 1098, 1639, 1785, 672, 20, 504, 276, 1670, 782, 789, 1878, 1245, 771, 1593, 1361, 1841, 562, 1232, 135, 719]
labeling = [0, 1, 4, 6, 2, 0, 1, 5, 0, 8, 7, 0, 2, 10, 1, 0, 11, 1, 0, 1, 2, 9, 2, 3, 0, 1, 0, 7, 6, 2, 6, 4, 2, 0, 14, 3, 7, 2, 1, 0, 7, 2, 10, 7, 1, 3, 7, 5, 9, 2, 7, 8, 12, 2, 1, 2, 3, 4, 0, 1, 5, 4, 0, 1, 2, 4, 12, 4, 1, 2, 1, 4, 9, 7, 3, 6, 3, 11, 13, 9, 0, 2, 0, 1, 4, 1, 0, 1, 9, 3, 0, 6, 0, 6, 3, 5, 7, 2, 4, 0, 1, 0, 3, 11, 14, 1, 10, 6, 3, 12, 5, 2, 6, 10, 5, 13, 12, 7, 10, 0, 1, 4, 1, 2, 3, 0, 9, 7, 12, 11, 6, 0, 3, 10, 9, 12, 2, 1, 4, 7, 8, 3, 9, 4, 5, 11, 3, 4, 3, 6, 9, 1, 2, 3, 0, 10, 11, 2, 5, 8, 1, 10, 2, 6, 4, 2, 12, 5, 4, 2, 11, 10, 6, 7, 11, 0, 2, 9, 15, 1, 14, 10, 9, 0, 1, 9, 13, 11, 3, 7, 12, 7, 13, 11, 3, 6, 2, 3, 1, 5, 2, 1, 0, 4, 1, 10, 6, 7, 4, 11, 4, 9, 5, 3, 4, 12, 2, 12, 10, 4, 8, 10, 1, 12, 0, 12, 5, 6, 5, 1, 7, 2, 10, 0, 9, 0, 1, 0, 5, 11, 7, 9, 1, 9, 0, 3, 5, 6, 9, 4, 2, 1, 0, 7, 2, 7, 0, 9, 6, 0, 1, 6, 10, 5, 1, 0, 1, 4, 9, 10, 0, 1, 9, 7, 1, 12, 1, 0, 12, 4, 9, 13, 12, 10, 7, 10, 7, 5, 4, 0, 6, 9, 1, 7, 2, 1, 5, 1, 0, 11, 4, 12, 0, 1, 10, 2, 6, 5, 2, 5, 7, 5, 0, 1, 0, 3, 10, 4, 3, 4, 5, 1, 2, 13, 5, 2, 12, 10, 6, 3, 4, 10, 14, 7, 11, 3, 1, 11, 8, 0, 6, 8, 7, 3, 5, 6, 11, 6, 8, 2, 1, 11, 7, 5, 3, 2, 3, 2, 1, 7, 9, 5, 4, 0, 9, 13, 2, 0, 1, 2, 6, 5, 6, 7, 9, 0, 12, 2, 7, 2, 1, 0, 0, 12, 8, 3, 0, 14, 4, 5, 3, 0, 4, 0, 1, 11, 12, 15, 11, 6, 1, 4, 1, 10, 4, 13, 9, 0, 1, 0, 4, 3, 2, 1, 4, 1, 4, 12, 1, 0, 13, 2, 5, 2, 12, 2, 13, 0, 7, 3, 10, 2, 1, 12, 7, 4, 0, 12, 13, 9, 5, 1, 1, 2, 8, 9, 5, 14, 5, 6, 10, 6, 1, 2, 0, 10, 3, 11, 9, 10, 12, 6, 0, 1, 9, 5, 6, 4, 6, 11, 7, 1, 3, 6, 1, 1, 4, 0, 2, 1, 0, 9, 0, 1, 3, 10, 0, 7, 14, 3, 5, 8, 5, 0, 7, 1, 12, 3, 5, 0, 8, 2, 8, 4, 6, 2, 9, 7, 0, 4, 0, 4, 9, 7, 5, 6, 11, 0, 3, 4, 1, 7, 1, 0, 3, 2, 0, 12, 11, 3, 8, 5, 0, 1, 8, 10, 15, 11, 9, 0, 7, 4, 5, 9, 8, 5, 2, 7, 7, 0, 1, 9, 6, 10, 7, 2, 8, 10, 1, 1, 6, 2, 6, 3, 8, 7, 0, 11, 3, 9, 0, 2, 3, 0, 2, 11, 5, 4, 0, 6, 13, 2, 3, 1, 0, 7, 1, 11, 6, 10, 0, 8, 9, 11, 13, 7, 1, 0, 12, 1, 5, 11, 0, 1, 3, 0, 8, 0, 7, 0, 2, 13, 1, 5, 0, 7, 13, 1, 4, 0, 1, 2, 1, 3, 1, 14, 9, 5, 4, 7, 4, 5, 2, 5, 6, 5, 0, 6, 10, 9, 5, 4, 8, 1, 3, 7, 0, 7, 3, 10, 9, 5, 1, 2, 8, 9, 1, 4, 9, 11, 10, 2, 5, 6, 3, 0, 0, 12, 3, 1, 0, 4, 7, 4, 0, 3, 1, 4, 6, 3, 2, 3, 1, 5, 0, 6, 12, 13, 8, 10, 4, 15, 5, 7, 14, 9, 4, 3, 0, 14, 13, 6, 10, 8, 6, 5, 4, 5, 6, 9, 0, 5, 9, 15, 5, 0, 3, 4, 10, 15, 3, 8, 7, 8, 10, 8, 12, 4, 0, 4, 8, 2, 6, 12, 8, 6, 11, 2, 0, 1, 0, 9, 5, 6, 7, 5, 9, 6, 5, 10, 6, 3, 4, 7, 1, 5, 4, 3, 2, 0, 1, 10, 4, 2, 3, 9, 10, 0, 3, 9, 7, 12, 8, 10, 2, 13, 14, 4, 3, 2, 8, 1, 14, 7, 13, 12, 11, 9, 0, 12, 13, 12, 5, 1, 8, 4, 6, 5, 5, 4, 5, 6, 2, 1, 0, 14, 0, 7, 13, 8, 11, 10, 8, 11, 12, 4, 6, 11, 8, 3, 0, 8, 10, 4, 5, 6, 0, 11, 13, 5, 3, 2, 0, 3, 13, 12, 0, 5, 6, 12, 2, 8, 3, 4, 7, 5, 9, 7, 2, 0, 9, 5, 4, 9, 4, 6, 15, 13, 12, 11, 7, 15, 14, 6, 7, 6, 9, 8, 0, 2, 1, 2, 12, 11, 0, 1, 0, 9, 6, 8, 1, 2, 5, 4, 10, 2, 8, 0, 13, 2, 12, 5, 14, 15, 4, 2, 12, 13, 8, 2, 15, 0, 5, 5, 3, 8, 0, 3, 4, 6, 11, 6, 7, 10, 4, 0, 3, 6, 0, 11, 13, 9, 2, 1, 3, 10, 11, 6, 7, 12, 3, 4, 11, 3, 10, 6, 4, 6, 10, 2, 1, 2, 7, 13, 0, 5, 12, 8, 6, 9, 1, 11, 5, 13, 5, 7, 3, 4, 15, 0, 6, 7, 3, 5, 0, 11, 2, 10, 12, 9, 0, 7, 9, 8, 0, 8, 14, 0, 8, 11, 6, 4, 3, 13, 8, 2, 0, 9, 8, 0, 12, 9, 5, 9, 5, 13, 1, 13, 8, 1, 3, 9, 11, 3, 8, 2, 1, 7, 3, 2, 9, 14, 13, 5, 8, 10, 12, 3, 7, 1, 2, 7, 6, 4, 8, 6, 10, 12, 0, 9, 2, 5, 12, 5, 10, 4, 0, 7, 3, 4, 10, 6, 8, 4, 9, 7, 0, 9, 10, 11, 5, 7, 1, 13, 15, 11, 7, 10, 4, 8, 10, 4, 3, 5, 11, 1, 5, 11, 6, 11, 6, 8, 9, 2, 9, 0, 7, 0, 8, 6, 3, 11, 0, 12, 5, 3, 9, 0, 12, 10, 0, 5, 0, 8, 12, 11, 3, 0, 1, 2, 8, 2, 9, 4, 8, 5, 1, 7, 6, 4, 10, 11, 13, 2, 1, 2, 10, 4, 9, 11, 10, 8, 3, 6, 2, 9, 10, 12, 3, 7, 10, 5, 6, 14, 3, 11, 15, 3, 10, 8, 2, 7, 5, 13, 7, 11, 4, 13, 2, 9, 4, 3, 2, 8, 9, 2, 11, 4, 3, 0, 4, 12, 10, 6, 3, 5, 3, 0, 8, 4, 6, 7, 1, 3, 6, 4, 2, 5, 1, 5, 11, 14, 1, 7, 0, 2, 0, 10, 5, 11, 12, 4, 8, 12, 5, 6, 8, 3, 4, 1, 11, 3, 2, 7, 5, 7, 2, 0, 0, 7, 0, 9, 8, 1, 0, 6, 10, 9, 10, 9, 15, 12, 2, 10, 5, 13, 4, 11, 8, 4, 10, 9, 14, 6, 4, 10, 6, 5, 6, 5, 13, 11, 4, 3, 2, 14, 2, 11, 10, 6, 5, 12, 13, 6, 12, 4, 12, 2, 9, 8, 7, 8, 3, 2, 3, 12, 6, 0, 11, 13, 4, 0, 11, 2, 1, 6, 0, 3, 9, 4, 5, 4, 8, 11, 7, 2, 12, 7, 9, 10, 3, 5, 8, 3, 0, 2, 9, 8, 7, 10, 11, 9, 6, 8, 9, 6, 3, 12, 7, 12, 3, 10, 5, 4, 6, 9, 8, 7, 11, 1, 12, 13, 2, 1, 11, 4, 0, 9, 8, 6, 12, 0, 1, 0, 11, 3, 5, 6, 8, 0, 6, 10, 2, 10, 0, 8, 13, 6, 10, 5, 4, 0, 1, 10, 2, 7, 2, 10, 6, 6, 11, 14, 8, 9, 6, 4, 3, 0, 5, 4, 8, 11, 12, 8, 0, 11, 3, 4, 12, 3, 8, 9, 7, 11, 5, 10, 2, 1, 8, 4, 10, 8, 1, 0, 7, 10, 7, 12, 13, 5, 12, 11, 5, 2, 1, 6, 0, 7, 1, 13, 7, 6, 10, 9, 2, 5, 7, 6, 3, 6, 7, 8, 4, 3, 9, 15, 1, 11, 9, 7, 1, 0, 8, 3, 9, 10, 4, 7, 12, 13, 9, 2, 1, 2, 5, 0, 4, 14, 0, 1, 6, 1, 9, 4, 1, 0, 9, 0, 9, 8, 0, 11, 10, 14, 6, 5, 8, 5, 9, 5, 8, 3, 8, 6, 10, 5, 11, 0, 3, 7, 13, 12, 7, 6, 13, 10, 2, 11, 0, 8, 10, 4, 7, 13, 4, 3, 10, 4, 9, 13, 3, 0, 3, 11, 10, 13, 7, 1, 2, 13, 9, 3, 4, 1, 6, 9, 11, 2, 8, 4, 5, 4, 7, 9, 7, 3, 9, 0, 1, 8, 6, 8, 5, 12, 8, 2, 10, 2, 8, 7, 5, 6, 9, 0, 11, 8, 0, 14, 2, 12, 13, 5, 8, 3, 15, 9, 11, 12, 8, 13, 8, 2, 13, 12, 3, 5, 9, 7, 6, 0, 3, 9, 11, 3, 2, 6, 12, 11, 5, 2, 15, 3, 9, 10, 1, 11, 4, 7, 13, 0, 11, 3, 0, 15, 2, 7, 10, 9, 5, 11, 14, 13, 14, 0, 8, 1, 4, 10, 4, 11, 5, 0, 12, 11, 0, 8, 0, 6, 8, 10, 0, 14, 11, 5, 2, 8, 6, 3, 13, 0, 8, 3, 4, 10, 3, 10, 1, 6, 9, 10, 5, 9, 9, 6, 4, 1, 6, 11, 1, 12, 14, 5, 1, 3, 3, 0, 14, 10, 8, 4, 9, 2, 12, 0, 1, 8, 7, 13, 7, 2, 13, 10, 7, 13, 2, 13, 2, 6, 5, 9, 4, 6, 3, 13, 3, 0, 8, 6, 2, 6, 1, 8, 8, 6, 11, 9, 3, 8, 3, 11, 3, 5, 11, 10, 4, 6, 10, 11, 9, 4, 5, 0, 7, 5, 2, 8, 5, 4, 2, 7, 2, 3, 5, 0, 7, 8, 7, 8, 0, 13, 4, 12, 0, 3, 12, 7, 13, 3, 8, 1, 3, 7, 8, 4, 10, 9, 0, 12, 1, 3, 6, 5, 9, 8, 11, 4, 6, 7, 5, 11, 4, 0, 1, 11, 5, 6, 13, 7, 6, 2, 10, 2, 10, 1, 14, 13, 0, 10, 6, 7, 6, 13, 10, 1, 5, 14, 0, 0, 12, 8, 14, 7, 2, 5, 10, 11, 2, 4, 9, 6, 1, 2, 13, 6, 7, 13, 3, 1, 0, 12, 3, 12, 7, 8, 0, 1, 9, 5, 2, 0, 4, 5, 4, 5, 9, 4, 9, 6, 11, 4, 9, 10, 12, 7, 5, 3, 13, 2, 5, 12, 3, 15, 0, 6, 3, 4, 6, 7, 3, 7, 4, 2, 7, 8, 2, 1, 2, 8, 6, 0, 8, 9, 6, 12, 9, 3, 2, 4, 9, 7, 10, 8, 4, 0, 6, 0, 3, 0, 15, 0, 10, 8, 7, 8, 2, 1, 3, 13, 1, 0, 9, 4, 8, 4, 8, 2, 11, 7, 10, 2, 6, 15, 14, 4, 6, 0, 3, 0, 1, 7, 13, 1, 0, 5, 9, 2, 5, 7, 10]
convergência = [15, 15, 15, 15, 15, 15, 15, 15, 15, 15, 15, 15, 15, 15, 15, 15, 15, 15, 15, 15, 15, 15, 15, 15, 15, 15, 15, 15, 15, 15, 15, 15, 15, 15, 15, 15, 15, 15, 15, 15, 15, 15, 15, 15, 15, 15, 15, 15, 15, 15, 15, 15, 15, 15, 15, 15, 15, 15, 15, 15, 15, 15, 15, 15, 15, 15, 15, 15, 15, 15, 15, 15, 15, 15, 15, 15, 15, 15, 15, 15, 15, 15, 15, 15, 15, 15, 15, 15, 15, 15, 15, 15, 15, 15, 15, 15, 15, 15, 15, 15, 15, 15, 15, 15, 15, 15, 15, 15, 15, 15, 15, 15, 15, 15, 15, 15, 15, 15, 15, 15, 15, 15, 15, 15]

===== FIM =====
