===== RESULTADO BRKGA L(2,1) =====
Arquivo: /Users/mateuspedrosa/Documents/TCC-II/BRKGA/data/Harwell-Boeing_cleaned/plskz362_clean.mtx

----- Execução #1 -----
[INFO] Parou por estagnação.
Tempo de execução: 21342ms
Span (lambda): 13
best_order = [208, 85, 223, 204, 321, 361, 325, 146, 358, 126, 101, 92, 130, 345, 167, 57, 98, 162, 254, 81, 6, 331, 200, 47, 153, 175, 264, 245, 65, 284, 249, 236, 84, 255, 201, 165, 225, 265, 282, 174, 27, 354, 163, 169, 114, 324, 332, 234, 297, 253, 50, 339, 145, 247, 132, 188, 122, 14, 138, 290, 166, 53, 61, 266, 267, 356, 348, 327, 76, 164, 83, 44, 78, 212, 80, 349, 26, 66, 241, 250, 139, 186, 87, 274, 291, 183, 120, 41, 42, 224, 34, 276, 248, 227, 211, 56, 257, 10, 338, 7, 347, 336, 238, 210, 277, 317, 29, 118, 184, 177, 316, 357, 222, 124, 128, 319, 58, 119, 168, 300, 15, 328, 221, 197, 288, 190, 20, 335, 226, 313, 51, 117, 263, 21, 189, 46, 31, 303, 18, 79, 33, 352, 75, 8, 54, 24, 237, 304, 337, 113, 322, 244, 340, 161, 310, 242, 28, 259, 178, 195, 341, 350, 39, 159, 269, 240, 157, 343, 90, 149, 23, 261, 243, 209, 301, 0, 307, 45, 2, 295, 156, 231, 176, 95, 144, 299, 359, 283, 141, 151, 278, 72, 97, 100, 275, 32, 63, 171, 106, 272, 70, 311, 96, 147, 194, 62, 215, 109, 60, 306, 158, 229, 314, 312, 152, 148, 86, 315, 48, 22, 198, 214, 121, 180, 110, 69, 207, 30, 181, 25, 140, 218, 129, 287, 329, 74, 49, 285, 125, 294, 286, 330, 279, 160, 318, 135, 334, 271, 233, 309, 293, 292, 258, 360, 320, 11, 5, 111, 150, 115, 155, 52, 182, 112, 93, 185, 235, 216, 154, 252, 4, 193, 136, 353, 220, 71, 230, 323, 280, 333, 99, 217, 35, 134, 105, 170, 192, 326, 213, 302, 281, 298, 342, 37, 173, 67, 38, 232, 16, 196, 36, 116, 142, 268, 260, 55, 17, 191, 308, 64, 219, 289, 133, 13, 305, 199, 3, 256, 351, 108, 68, 344, 88, 19, 143, 12, 246, 228, 172, 43, 137, 270, 355, 107, 206, 40, 102, 73, 203, 273, 77, 123, 251, 202, 239, 89, 91, 262, 9, 94, 296, 104, 179, 1, 82, 59, 346, 205, 103, 187, 131, 127]
labeling = [4, 5, 4, 10, 6, 5, 2, 4, 6, 11, 3, 4, 9, 4, 3, 0, 9, 12, 5, 12, 0, 1, 8, 0, 6, 7, 4, 0, 6, 4, 1, 2, 7, 1, 4, 8, 12, 3, 7, 5, 7, 3, 5, 6, 0, 5, 1, 0, 8, 9, 0, 6, 10, 4, 1, 2, 1, 0, 5, 3, 7, 1, 0, 5, 9, 0, 1, 0, 13, 8, 4, 11, 5, 8, 1, 0, 4, 12, 0, 1, 6, 4, 9, 0, 1, 2, 9, 1, 9, 11, 7, 4, 0, 12, 8, 2, 8, 4, 0, 2, 4, 0, 12, 11, 9, 11, 1, 7, 4, 3, 1, 3, 4, 5, 3, 8, 12, 4, 3, 4, 0, 0, 3, 11, 7, 1, 2, 1, 1, 7, 0, 7, 2, 8, 10, 3, 6, 8, 3, 1, 11, 2, 4, 7, 10, 5, 0, 9, 10, 3, 10, 5, 2, 1, 10, 7, 8, 6, 11, 4, 3, 7, 0, 5, 6, 1, 2, 0, 7, 0, 11, 8, 13, 9, 4, 0, 6, 1, 8, 10, 7, 6, 12, 2, 1, 5, 4, 7, 0, 2, 3, 13, 11, 10, 6, 2, 3, 2, 9, 12, 1, 5, 13, 12, 0, 11, 3, 7, 0, 6, 3, 7, 5, 12, 9, 1, 13, 12, 10, 6, 8, 2, 5, 0, 4, 0, 7, 5, 11, 7, 10, 1, 8, 7, 1, 10, 0, 6, 2, 10, 6, 2, 9, 5, 4, 2, 12, 3, 1, 0, 5, 13, 8, 0, 0, 1, 12, 7, 6, 7, 6, 2, 13, 8, 3, 2, 3, 1, 8, 6, 12, 10, 9, 13, 1, 10, 4, 2, 9, 13, 9, 13, 2, 3, 2, 11, 12, 8, 4, 12, 2, 3, 4, 10, 6, 7, 10, 2, 10, 3, 6, 5, 9, 3, 4, 12, 9, 0, 9, 4, 7, 6, 8, 7, 2, 10, 8, 7, 6, 5, 10, 3, 8, 5, 3, 2, 1, 3, 4, 11, 10, 0, 1, 10, 6, 7, 3, 7, 6, 2, 9, 0, 12, 8, 10, 2, 12, 5, 3, 2, 1, 9, 5, 6, 1, 9, 4, 6, 0, 8, 8, 0]
convergência = [14, 14, 14, 14, 14, 14, 14, 14, 14, 13, 13, 13, 13, 13, 13, 13, 13, 13, 13, 13, 13, 13, 13, 13, 13, 13, 13, 13, 13, 13, 13, 13, 13, 13, 13, 13, 13, 13, 13, 13, 13, 13, 13, 13, 13, 13, 13, 13, 13, 13, 13, 13, 13, 13, 13, 13, 13, 13, 13, 13, 13, 13, 13, 13, 13, 13, 13, 13, 13, 13, 13, 13, 13, 13, 13, 13, 13, 13, 13, 13, 13, 13, 13, 13, 13, 13, 13, 13, 13, 13, 13, 13, 13, 13, 13, 13, 13, 13, 13, 13, 13, 13, 13, 13, 13, 13, 13, 13, 13, 13, 13, 13, 13, 13, 13, 13, 13, 13, 13, 13, 13, 13, 13, 13, 13, 13, 13, 13, 13, 13, 13, 13, 13]

===== FIM =====
