===== RESULTADO BRKGA L(2,1) =====
Arquivo: /Users/mateuspedrosa/Documents/TCC-II/BRKGA/data/Harwell-Boeing_cleaned/pores_1_clean.mtx

----- Execução #1 -----
[INFO] Parou por estagnação.
Tempo de execução: 863ms
Span (lambda): 12
best_order = [2, 15, 14, 26, 24, 0, 12, 10, 13, 7, 4, 1, 21, 17, 19, 22, 9, 16, 27, 5, 3, 18, 8, 20, 25, 28, 23, 6, 11, 29]
labeling = [2, 9, 0, 12, 7, 10, 5, 2, 8, 0, 4, 11, 6, 8, 3, 1, 11, 9, 6, 4, 7, 0, 2, 10, 5, 12, 0, 7, 2, 10]
convergência = [14, 13, 13, 13, 13, 13, 13, 12, 12, 12, 12, 12, 12, 12, 12, 12, 12, 12, 12, 12, 12, 12, 12, 12, 12, 12, 12, 12, 12, 12, 12, 12, 12, 12, 12, 12, 12, 12, 12, 12, 12, 12, 12, 12, 12, 12, 12, 12, 12, 12, 12, 12, 12, 12, 12, 12, 12, 12, 12, 12, 12, 12, 12, 12, 12, 12, 12, 12, 12, 12, 12, 12, 12, 12, 12, 12, 12, 12, 12, 12, 12, 12, 12, 12, 12, 12, 12, 12, 12, 12, 12, 12, 12, 12, 12, 12, 12, 12, 12, 12, 12, 12, 12, 12, 12, 12, 12, 12, 12, 12, 12, 12, 12, 12, 12, 12, 12, 12, 12, 12, 12, 12, 12, 12, 12, 12, 12, 12, 12, 12, 12]

===== FIM =====
