===== RESULTADO BRKGA L(2,1) =====
Arquivo: /Users/mateuspedrosa/Documents/TCC-II/BRKGA/data/Harwell-Boeing_cleaned/pores_3_clean.mtx

----- Execução #1 -----
[INFO] Parou por estagnação.
Tempo de execução: 49429ms
Span (lambda): 20
best_order = [404, 317, 441, 162, 306, 325, 129, 338, 153, 99, 209, 147, 528, 254, 326, 420, 63, 2, 107, 218, 88, 331, 313, 275, 123, 335, 443, 36, 17, 291, 324, 397, 410, 492, 199, 496, 105, 113, 278, 57, 226, 279, 75, 505, 171, 181, 200, 247, 193, 40, 89, 47, 207, 235, 52, 340, 137, 462, 159, 309, 437, 208, 95, 21, 522, 72, 519, 286, 217, 300, 497, 375, 166, 101, 198, 182, 323, 44, 360, 475, 363, 418, 372, 13, 213, 1, 244, 464, 225, 498, 374, 494, 349, 71, 83, 216, 242, 232, 402, 408, 330, 524, 409, 376, 55, 187, 432, 224, 146, 407, 474, 176, 459, 219, 258, 353, 56, 108, 390, 423, 142, 236, 386, 84, 466, 272, 65, 214, 22, 145, 8, 96, 403, 469, 322, 357, 525, 158, 361, 67, 283, 290, 378, 212, 364, 271, 10, 506, 64, 444, 320, 414, 489, 392, 157, 240, 495, 34, 514, 362, 458, 434, 262, 289, 222, 509, 180, 520, 26, 149, 265, 38, 210, 92, 299, 253, 31, 104, 439, 393, 27, 477, 504, 523, 202, 119, 491, 257, 20, 269, 73, 368, 150, 431, 447, 516, 417, 252, 68, 66, 250, 80, 352, 127, 194, 230, 452, 227, 33, 400, 163, 178, 312, 32, 490, 204, 14, 5, 482, 334, 367, 62, 87, 229, 395, 90, 396, 336, 513, 344, 186, 245, 449, 196, 351, 183, 173, 70, 259, 86, 430, 424, 28, 425, 311, 243, 6, 165, 440, 12, 58, 3, 69, 347, 103, 128, 438, 0, 484, 305, 152, 251, 131, 359, 319, 7, 369, 394, 168, 97, 468, 241, 91, 316, 345, 405, 39, 276, 174, 43, 358, 341, 188, 480, 531, 42, 54, 391, 160, 384, 436, 470, 151, 118, 526, 184, 270, 419, 302, 379, 50, 478, 461, 428, 120, 328, 51, 383, 327, 100, 465, 221, 125, 448, 415, 115, 298, 476, 132, 203, 281, 310, 76, 41, 138, 82, 177, 416, 373, 268, 446, 24, 98, 124, 314, 211, 206, 4, 284, 527, 37, 473, 260, 483, 371, 228, 59, 399, 515, 500, 191, 267, 456, 11, 521, 164, 117, 133, 231, 130, 143, 155, 248, 154, 507, 292, 315, 529, 282, 78, 381, 106, 111, 205, 9, 192, 264, 321, 303, 451, 93, 85, 49, 463, 175, 48, 161, 18, 238, 460, 15, 220, 488, 139, 30, 61, 493, 46, 296, 481, 233, 109, 288, 472, 457, 332, 510, 502, 114, 377, 261, 318, 53, 136, 79, 453, 380, 427, 467, 249, 501, 25, 274, 223, 116, 295, 122, 45, 479, 255, 19, 29, 179, 350, 337, 23, 301, 442, 512, 74, 503, 215, 287, 140, 433, 170, 273, 246, 266, 126, 435, 263, 201, 471, 343, 455, 16, 412, 499, 365, 401, 389, 256, 112, 148, 411, 517, 81, 304, 156, 144, 382, 354, 60, 485, 185, 346, 429, 297, 35, 387, 308, 121, 293, 134, 366, 348, 189, 102, 508, 385, 486, 445, 190, 388, 167, 280, 406, 197, 356, 398, 234, 169, 141, 239, 110, 94, 370, 426, 294, 77, 421, 355, 450, 172, 285, 195, 487, 339, 277, 518, 237, 135, 307, 422, 454, 333, 413, 329, 342, 511, 530]
labeling = [3, 1, 0, 2, 5, 1, 3, 1, 0, 4, 2, 5, 4, 0, 1, 3, 7, 0, 5, 0, 3, 0, 1, 5, 4, 2, 0, 2, 3, 1, 6, 0, 4, 0, 2, 5, 0, 4, 3, 5, 1, 5, 4, 0, 2, 0, 7, 0, 5, 0, 2, 4, 0, 3, 5, 1, 2, 0, 4, 0, 7, 0, 5, 0, 2, 0, 4, 0, 1, 3, 8, 4, 2, 6, 9, 0, 3, 9, 7, 16, 0, 18, 11, 4, 6, 14, 10, 8, 1, 3, 9, 12, 6, 14, 17, 3, 5, 9, 15, 0, 8, 3, 17, 5, 7, 2, 11, 0, 3, 8, 13, 5, 11, 0, 6, 2, 13, 9, 7, 3, 11, 16, 14, 1, 12, 10, 16, 2, 4, 0, 15, 7, 9, 11, 2, 14, 5, 0, 10, 12, 16, 18, 3, 8, 7, 0, 2, 0, 8, 1, 3, 5, 5, 0, 14, 12, 20, 9, 7, 2, 12, 16, 0, 4, 13, 11, 2, 18, 8, 16, 10, 0, 20, 7, 13, 17, 1, 10, 12, 14, 9, 4, 6, 13, 10, 20, 7, 1, 9, 15, 17, 4, 11, 0, 5, 19, 9, 13, 7, 3, 5, 15, 8, 11, 6, 17, 13, 2, 4, 0, 6, 12, 9, 3, 7, 15, 4, 2, 0, 6, 9, 1, 6, 0, 4, 2, 0, 7, 8, 2, 6, 10, 4, 13, 18, 0, 3, 9, 15, 19, 8, 17, 6, 14, 4, 12, 19, 2, 14, 16, 9, 11, 7, 4, 0, 16, 18, 11, 8, 15, 12, 17, 3, 19, 13, 5, 8, 1, 16, 6, 14, 2, 4, 17, 11, 0, 9, 13, 1, 3, 12, 10, 16, 5, 14, 19, 1, 17, 13, 11, 5, 0, 14, 17, 19, 11, 5, 0, 10, 7, 1, 13, 9, 11, 14, 4, 0, 18, 16, 2, 10, 8, 5, 1, 7, 11, 4, 0, 20, 16, 10, 18, 8, 6, 4, 0, 2, 15, 13, 18, 6, 3, 14, 20, 10, 1, 5, 7, 0, 16, 2, 10, 19, 15, 9, 13, 18, 11, 20, 1, 15, 8, 6, 2, 14, 16, 18, 4, 11, 9, 3, 7, 10, 5, 8, 18, 20, 12, 3, 9, 16, 13, 1, 4, 3, 0, 5, 0, 2, 4, 12, 7, 15, 9, 6, 19, 4, 17, 20, 15, 3, 13, 6, 9, 11, 2, 5, 0, 15, 13, 9, 17, 5, 7, 0, 11, 17, 9, 5, 7, 3, 13, 15, 18, 4, 12, 14, 8, 3, 5, 0, 17, 15, 8, 3, 5, 19, 13, 11, 17, 9, 7, 0, 13, 6, 15, 18, 1, 16, 12, 14, 0, 17, 2, 5, 15, 10, 8, 6, 0, 9, 0, 7, 1, 10, 0, 5, 10, 3, 1, 13, 8, 0, 11, 2, 7, 5, 10, 12, 1, 4, 14, 9, 7, 3, 1, 12, 6, 10, 14, 3, 8, 1, 12, 10, 15, 17, 19, 8, 1, 10, 6, 0, 16, 7, 9, 2, 4, 6, 13, 9, 11, 7, 16, 4, 0, 2, 12, 8, 5, 10, 17, 13, 4, 2, 8, 6, 10, 13, 4, 7, 11, 0, 3, 2, 4, 5, 1, 0, 6, 8, 3]
convergência = [20, 20, 20, 20, 20, 20, 20, 20, 20, 20, 20, 20, 20, 20, 20, 20, 20, 20, 20, 20, 20, 20, 20, 20, 20, 20, 20, 20, 20, 20, 20, 20, 20, 20, 20, 20, 20, 20, 20, 20, 20, 20, 20, 20, 20, 20, 20, 20, 20, 20, 20, 20, 20, 20, 20, 20, 20, 20, 20, 20, 20, 20, 20, 20, 20, 20, 20, 20, 20, 20, 20, 20, 20, 20, 20, 20, 20, 20, 20, 20, 20, 20, 20, 20, 20, 20, 20, 20, 20, 20, 20, 20, 20, 20, 20, 20, 20, 20, 20, 20, 20, 20, 20, 20, 20, 20, 20, 20, 20, 20, 20, 20, 20, 20, 20, 20, 20, 20, 20, 20, 20, 20, 20, 20]

===== FIM =====
