===== RESULTADO BRKGA L(2,1) =====
Arquivo: /Users/mateuspedrosa/Documents/TCC-II/BRKGA/data/Harwell-Boeing_cleaned/psmigr_1_clean.mtx

----- Execução #1 -----
[INFO] Time limit atingido: 15 minutos. Esgotado durante a inicialização da população.
Tempo de execução: 900535ms
Span (lambda): 2791
best_order = [1528, 2633, 2063, 2079, 273, 1051, 1736, 3109, 2720, 2004, 824, 1498, 2365, 1730, 229, 1306, 873, 1409, 1524, 87, 1145, 902, 3030, 2411, 96, 45, 244, 1070, 504, 1807, 726, 1255, 631, 519, 135, 2263, 2042, 1597, 2606, 2797, 2850, 2887, 1658, 370, 2733, 3106, 1276, 1818, 981, 1596, 2629, 1845, 157, 1466, 557, 2781, 180, 1906, 131, 2085, 211, 2569, 1158, 437, 1836, 476, 752, 1100, 2338, 1185, 2756, 2342, 1732, 1215, 3061, 1834, 2675, 2990, 929, 238, 780, 2401, 3064, 1210, 699, 1985, 16, 657, 2596, 779, 506, 245, 2189, 25, 1646, 1558, 2665, 2511, 538, 2111, 1876, 1139, 577, 412, 1585, 1061, 2478, 1884, 1905, 1108, 3037, 3033, 107, 2692, 1279, 1419, 1032, 1353, 2110, 1878, 690, 1717, 225, 1537, 2435, 264, 706, 1047, 2467, 260, 2210, 1723, 702, 1642, 2177, 3099, 2498, 2096, 770, 2631, 788, 1904, 1065, 3056, 530, 573, 280, 1497, 1382, 2923, 335, 566, 1763, 2223, 1084, 2445, 1586, 1877, 2836, 924, 163, 2974, 2744, 1491, 1781, 1895, 843, 256, 1018, 2653, 2969, 553, 2282, 57, 161, 1344, 2807, 2808, 2420, 2507, 323, 3004, 2667, 670, 2552, 1371, 1761, 1809, 1587, 2097, 1383, 2321, 2114, 3023, 1617, 1452, 1725, 703, 2198, 2929, 1779, 106, 2434, 1693, 1541, 878, 2607, 1921, 2426, 972, 874, 688, 1963, 2789, 234, 2759, 938, 1040, 1370, 1287, 1168, 46, 460, 1404, 112, 1846, 2912, 311, 1239, 1830, 753, 2934, 1231, 1545, 2885, 1295, 2228, 2635, 2561, 2095, 707, 552, 1272, 773, 880, 296, 1426, 681, 241, 1977, 2735, 792, 2048, 3005, 1298, 2840, 2930, 2713, 1591, 1212, 728, 1609, 1372, 1476, 825, 2884, 882, 1080, 147, 615, 2710, 1941, 2275, 1325, 2916, 1909, 601, 2903, 1149, 796, 115, 402, 514, 2020, 985, 2517, 580, 683, 182, 1421, 433, 2747, 2485, 464, 376, 174, 3006, 1525, 88, 898, 3000, 2811, 1734, 996, 1552, 2433, 1194, 1131, 982, 2443, 198, 1565, 1764, 1127, 2424, 60, 2292, 1269, 2449, 1632, 2699, 704, 1068, 1743, 2599, 1595, 2813, 654, 2230, 2618, 2978, 2986, 2109, 2537, 2470, 2960, 1692, 1282, 1425, 2303, 619, 1762, 3010, 809, 1962, 2007, 588, 1751, 3126, 355, 755, 776, 2248, 2900, 767, 1704, 3103, 658, 2133, 2461, 350, 986, 2732, 1064, 1369, 2234, 537, 1868, 200, 2052, 2469, 473, 35, 1140, 1970, 1011, 2398, 127, 461, 331, 2950, 1418, 911, 153, 2208, 562, 963, 2078, 2378, 419, 682, 2746, 641, 2477, 2316, 2721, 862, 1716, 1104, 432, 554, 1683, 1914, 738, 1790, 1172, 426, 257, 2538, 362, 1899, 718, 2898, 1989, 2310, 2920, 2070, 467, 282, 2373, 1664, 2176, 1570, 633, 740, 116, 1059, 2448, 390, 1321, 479, 745, 2219, 805, 2492, 105, 2593, 2346, 1478, 1001, 1656, 2518, 2567, 1343, 2546, 143, 905, 813, 97, 2115, 2149, 1240, 2661, 1994, 2610, 290, 2748, 2967, 1698, 2250, 2922, 1832, 2577, 1959, 3046, 689, 3131, 2222, 1855, 2945, 977, 2645, 1713, 2314, 91, 692, 1387, 2370, 2272, 2320, 418, 2758, 1675, 1635, 2522, 2446, 2829, 2861, 2685, 2695, 1887, 1563, 1486, 2315, 3012, 2598, 205, 730, 1802, 2823, 3024, 1835, 675, 984, 2162, 561, 513, 965, 66, 1025, 210, 251, 2362, 3028, 1228, 722, 2778, 590, 2843, 2065, 719, 346, 2371, 2866, 1414, 162, 2563, 2160, 2683, 1034, 918, 899, 1745, 848, 455, 2819, 1881, 123, 2489, 1960, 3036, 325, 141, 709, 1910, 313, 839, 1501, 3070, 714, 206, 2615, 1808, 2860, 1133, 2780, 2357, 1568, 1356, 798, 516, 2679, 1820, 2034, 1339, 403, 997, 2812, 377, 3091, 148, 1093, 2494, 947, 139, 448, 2361, 62, 2776, 358, 2906, 1831, 114, 3120, 1174, 2648, 1669, 78, 876, 1873, 2266, 1817, 248, 1582, 891, 2484, 534, 1814, 1359, 2087, 1331, 2883, 2600, 1002, 2244, 1603, 649, 1480, 1020, 375, 1160, 572, 2534, 1860, 2436, 1431, 1580, 2706, 2376, 2527, 37, 2608, 1840, 2080, 1724, 544, 1857, 217, 2536, 2582, 962, 1510, 754, 1151, 1571, 2767, 152, 1786, 2194, 2959, 1006, 990, 1492, 2544, 3107, 1337, 617, 517, 169, 786, 591, 1175, 1432, 979, 913, 2973, 1249, 82, 2651, 528, 1950, 2982, 2037, 167, 870, 2508, 525, 1841, 1049, 472, 1401, 815, 2867, 381, 1085, 3002, 2333, 1290, 51, 1936, 2460, 1467, 1572, 1852, 1607, 1927, 3066, 1412, 1125, 2142, 2017, 1026, 1292, 934, 398, 2229, 1753, 1769, 3075, 2520, 850, 2068, 2182, 1462, 1250, 1323, 2575, 890, 1293, 2354, 2841, 1958, 86, 2809, 717, 1180, 3027, 669, 1824, 1562, 807, 2907, 1796, 1464, 1534, 1610, 452, 3113, 691, 2018, 1598, 1776, 887, 215, 1601, 2940, 59, 1661, 2717, 959, 232, 177, 889, 1365, 502, 2307, 701, 2530, 2473, 2239, 844, 333, 2268, 1338, 1075, 1920, 1171, 2503, 721, 2584, 1660, 1000, 2560, 3021, 3067, 1951, 327, 551, 2476, 242, 371, 31, 1050, 1583, 380, 1340, 2159, 1433, 1484, 302, 895, 2241, 2698, 3123, 83, 1056, 1844, 628, 1731, 3110, 838, 2178, 2412, 382, 3065, 2872, 2132, 724, 56, 2652, 345, 1230, 1058, 777, 992, 2826, 50, 1021, 2621, 2574, 328, 775, 818, 2359, 2946, 2992, 958, 1815, 1400, 3097, 521, 1218, 1652, 1791, 369, 651, 255, 2441, 1919, 2985, 2073, 1237, 743, 263, 2566, 1504, 612, 2605, 3016, 2117, 477, 24, 1184, 620, 1411, 410, 593, 268, 1073, 1827, 1300, 1864, 378, 2624, 1955, 3080, 858, 1155, 1016, 266, 1121, 2571, 443, 2013, 110, 2033, 1394, 568, 1257, 2257, 2402, 771, 2551, 2211, 920, 750, 1680, 1069, 1471, 1364, 720, 108, 542, 445, 1223, 1302, 258, 799, 483, 2947, 851, 1795, 2386, 497, 676, 1627, 645, 2944, 2613, 2457, 966, 2936, 3032, 1500, 351, 2271, 2917, 1241, 1472, 1848, 2814, 2293, 435, 2262, 2279, 2225, 872, 1097, 1942, 475, 2479, 2768, 1626, 3138, 2622, 533, 1393, 2757, 2701, 1771, 548, 2926, 1130, 2464, 2700, 1662, 603, 2786, 2965, 1181, 2010, 1303, 2107, 567, 2487, 2156, 2943, 463, 176, 2502, 1946, 2356, 364, 128, 1454, 939, 2247, 960, 964, 1263, 1308, 1197, 1618, 2029, 2140, 80, 422, 1089, 639, 133, 863, 1969, 2305, 833, 2369, 942, 925, 1289, 498, 908, 1243, 3051, 1608, 1167, 3, 613, 1008, 405, 1341, 2416, 2854, 2588, 2938, 1430, 2227, 945, 2326, 2035, 2894, 2490, 3054, 201, 1788, 1978, 317, 2026, 1589, 2941, 414, 1612, 2911, 2739, 1816, 3128, 65, 1470, 2072, 731, 1082, 2999, 1354, 1997, 733, 2045, 2255, 1445, 2329, 291, 801, 2932, 2540, 2183, 2914, 2350, 2975, 2859, 1248, 817, 974, 1944, 1489, 348, 2213, 1767, 2011, 2822, 3078, 1700, 1714, 2414, 1666, 154, 1812, 2137, 1871, 43, 2658, 1694, 1625, 2654, 2504, 1201, 2976, 749, 40, 2874, 482, 2634, 950, 1755, 2597, 2676, 3059, 983, 570, 1828, 1880, 393, 2694, 2444, 2865, 2375, 2450, 1156, 2285, 748, 1410, 515, 1126, 2125, 192, 2656, 2180, 2135, 454, 1079, 2452, 1320, 53, 1896, 304, 459, 903, 769, 1096, 1234, 2785, 2238, 1954, 349, 2251, 1687, 2752, 407, 2126, 723, 2374, 2742, 2671, 1095, 2188, 1310, 3017, 314, 2627, 1718, 823, 3111, 19, 2428, 3137, 388, 387, 2896, 2324, 250, 808, 1152, 1199, 2091, 1883, 1214, 1515, 52, 2447, 647, 1187, 778, 550, 875, 1443, 1202, 2931, 3020, 1132, 2740, 2185, 1546, 2987, 2006, 3127, 2481, 906, 2483, 2405, 2662, 614, 2636, 886, 474, 1630, 936, 2764, 1284, 2366, 1458, 338, 829, 2206, 1110, 2620, 1349, 1035, 915, 2568, 361, 2064, 1806, 2579, 2751, 1741, 1203, 279, 1957, 2380, 1029, 2995, 999, 142, 3009, 2773, 2572, 38, 222, 2265, 2647, 1057, 1332, 995, 2384, 32, 491, 1746, 1437, 329, 144, 3045, 64, 1728, 847, 3077, 729, 1106, 2668, 955, 2703, 2763, 1217, 2783, 2619, 832, 2948, 2804, 783, 2981, 3086, 3060, 1189, 499, 2669, 1696, 944, 372, 1530, 666, 948, 2341, 1576, 79, 2766, 336, 1493, 2071, 2431, 2988, 384, 2463, 247, 2062, 1348, 760, 732, 3039, 178, 2674, 1702, 1863, 841, 193, 30, 70, 165, 2440, 102, 49, 184, 1407, 1710, 2617, 2276, 2868, 2510, 281, 1747, 967, 1526, 429, 3041, 1329, 224, 2337, 2382, 3093, 446, 2215, 879, 1186, 1482, 2147, 2036, 1712, 2573, 2179, 1031, 910, 447, 103, 151, 2765, 569, 1039, 1328, 478, 2296, 299, 1631, 2466, 2556, 3025, 1843, 1013, 2340, 2961, 1577, 1943, 1912, 855, 2642, 1760, 1826, 1147, 928, 2170, 1399, 315, 20, 857, 1319, 1204, 3034, 2152, 1519, 2640, 2419, 1847, 896, 1494, 166, 1837, 425, 2430, 2335, 713, 1101, 2403, 686, 1737, 1561, 471, 2351, 861, 2028, 2722, 2782, 816, 1294, 1076, 2069, 1280, 926, 2001, 540, 2762, 853, 1333, 2702, 1679, 2719, 94, 842, 427, 968, 1634, 2664, 1888, 1275, 2643, 789, 3085, 343, 1996, 3055, 2871, 954, 1268, 2958, 923, 415, 1042, 2116, 973, 2805, 1670, 2741, 2580, 2775, 1780, 1506, 1688, 93, 2372, 1822, 2585, 2294, 2680, 2203, 1533, 125, 1019, 624, 1715, 2396, 1513, 535, 14, 2714, 650, 2845, 656, 2488, 2054, 1503, 2513, 6, 1004, 2030, 2288, 787, 2595, 3014, 395, 2539, 2304, 2650, 1352, 1200, 1636, 1640, 622, 305, 132, 430, 3074, 1453, 1380, 1813, 1129, 2166, 2528, 3052, 1648, 2173, 373, 341, 2368, 2099, 2902, 1345, 1707, 2779, 1485, 512, 1009, 1870, 1602, 1819, 2348, 2355, 1221, 642, 1971, 3108, 316, 2591, 2383, 574, 2888, 1191, 438, 2628, 2521, 969, 2407, 2497, 2289, 28, 3053, 705, 2047, 549, 2870, 2286, 1442, 1758, 2242, 509, 1357, 563, 3019, 2678, 1351, 2957, 289, 2046, 1628, 1122, 1367, 1474, 637, 2512, 1317, 1633, 356, 1886, 1177, 2220, 276, 751, 998, 179, 1428, 746, 2578, 2130, 1010, 1645, 1405, 1285, 2104, 277, 2824, 2157, 3089, 511, 1153, 1161, 1318, 140, 3044, 2693, 1542, 122, 2123, 309, 539, 1925, 988, 113, 1053, 2161, 2216, 270, 646, 1389, 826, 830, 2328, 2558, 2784, 2711, 741, 2139, 932, 439, 2088, 1511, 420, 790, 1882, 2009, 2937, 1220, 2404, 164, 2696, 2589, 1288, 1739, 1682, 2553, 1134, 1579, 794, 1523, 1242, 3134, 287, 2514, 2022, 1727, 2825, 1729, 1413, 888, 55, 949, 2531, 481, 194, 1663, 2235, 2406, 160, 434, 930, 976, 1858, 2592, 1967, 109, 2290, 659, 2150, 1559, 1296, 2192, 1262, 444, 2754, 2012, 312, 1304, 1222, 2323, 1621, 3049, 2939, 2803, 191, 585, 213, 1647, 643, 795, 2422, 2690, 2603, 501, 23, 3068, 2712, 100, 2082, 2025, 933, 679, 1787, 330, 907, 41, 1123, 1099, 2525, 1188, 711, 834, 2455, 3104, 763, 286, 75, 2051, 120, 22, 946, 3135, 2524, 2334, 27, 1361, 712, 914, 785, 508, 424, 308, 1313, 1750, 1334, 1395, 623, 1975, 991, 852, 1903, 2252, 2322, 2408, 352, 1046, 2325, 2723, 616, 1170, 716, 2016, 2168, 1195, 1003, 1922, 1980, 236, 2806, 2657, 2358, 611, 1246, 209, 2128, 1616, 2482, 1391, 1173, 2910, 1159, 2008, 2623, 155, 1770, 546, 664, 2103, 1902, 1286, 2199, 3079, 3071, 2153, 2032, 630, 2731, 1330, 687, 1557, 2792, 1376, 2330, 3115, 571, 2998, 2796, 2793, 1518, 496, 2750, 48, 2273, 677, 1773, 104, 2141, 246, 1081, 3124, 297, 684, 1613, 134, 10, 493, 927, 2880, 421, 2516, 1226, 2245, 2345, 2771, 1907, 758, 2716, 678, 1584, 2151, 828, 2164, 1415, 1416, 2557, 2846, 2106, 450, 1976, 860, 2031, 47, 253, 1138, 3050, 1691, 2499, 1939, 1695, 781, 2505, 2725, 2727, 1105, 522, 2625, 3035, 3132, 2429, 1644, 2397, 2278, 2927, 1030, 2427, 2127, 1861, 1879, 2728, 1247, 921, 1894, 2458, 2897, 1118, 2655, 2810, 340, 2890, 449, 3018, 1726, 3083, 951, 2308, 1072, 2827, 2837, 575, 503, 11, 2122, 3042, 1111, 1164, 2590, 1800, 1114, 1211, 2672, 2790, 821, 564, 1937, 2459, 423, 1777, 1322, 916, 458, 1508, 1165, 9, 2236, 219, 252, 486, 2609, 854, 1706, 2243, 196, 1911, 672, 1066, 2830, 1379, 592, 1757, 2928, 2059, 1038, 866, 1588, 3114, 1435, 531, 2737, 1309, 385, 2454, 764, 980, 961, 1875, 2834, 1594, 216, 2425, 1448, 367, 188, 2202, 1355, 610, 2086, 1803, 84, 1798, 594, 1178, 2136, 1740, 1703, 2565, 1908, 1113, 2820, 1023, 1792, 411, 2549, 2491, 2788, 172, 2799, 737, 2736, 739, 2281, 1311, 3008, 306, 2602, 1733, 1148, 1874, 2919, 489, 2769, 2949, 1789, 1749, 3058, 1236, 2496, 3125, 827, 1799, 2968, 186, 1600, 3098, 1205, 653, 1154, 1455, 1420, 3087, 2772, 957, 1966, 1752, 2119, 2381, 1457, 2794, 1916, 2892, 2815, 1274, 4, 867, 124, 391, 1473, 2339, 1124, 39, 2058, 249, 1938, 1686, 3094, 1360, 2415, 2280, 1801, 2200, 765, 1531, 2630, 1258, 42, 2729, 1449, 2344, 2924, 919, 1838, 2839, 2259, 1033, 379, 1182, 1451, 2261, 1930, 417, 3121, 1373, 1972, 2500, 366, 1169, 339, 2207, 1529, 2336, 1291, 1224, 2587, 1897, 1488, 710, 2594, 428, 2081, 1900, 1254, 671, 1982, 85, 1650, 383, 2121, 1417, 625, 1833, 1532, 2409, 2688, 2077, 1999, 820, 303, 158, 394, 541, 1429, 662, 1637, 1676, 2283, 1543, 2708, 640, 2456, 2649, 1028, 2253, 1440, 3031, 2163, 293, 2777, 2134, 1055, 119, 1804, 547, 632, 275, 2659, 2299, 2832, 596, 1856, 145, 1697, 2956, 1264, 137, 2318, 2842, 693, 2495, 283, 1450, 811, 2933, 1522, 1918, 608, 1651, 2187, 1207, 2559, 2364, 2705, 1619, 621, 1665, 1423, 261, 2471, 1091, 836, 2493, 2905, 2352, 2881, 2996, 1007, 3095, 2942, 406, 89, 374, 2129, 310, 1162, 2175, 1784, 931, 2385, 1892, 618, 2506, 884, 532, 1684, 408, 1931, 1509, 589, 1948, 197, 1120, 3022, 1794, 1078, 2000, 1592, 2637, 602, 1947, 54, 1923, 1502, 2049, 5, 1434, 2743, 2501, 660, 181, 810, 1166, 1611, 940, 2526, 845, 2562, 2817, 3136, 332, 1074, 1929, 495, 1017, 744, 1839, 12, 111, 1398, 2317, 2113, 1143, 2277, 1362, 292, 1805, 1146, 1483, 2201, 2480, 1564, 756, 344, 2118, 782, 285, 1347, 2145, 560, 1459, 2966, 1495, 1548, 2753, 2704, 1862, 199, 661, 2295, 747, 130, 2541, 1744, 2154, 1363, 1689, 2864, 2844, 556, 505, 2858, 987, 772, 1163, 2327, 1719, 937, 1403, 202, 2300, 7, 2021, 3117, 761, 791, 2800, 67, 1590, 2666, 953, 368, 904, 3084, 1112, 1797, 126, 1547, 2691, 3007, 288, 187, 2214, 243, 1987, 1141, 2067, 715, 2270, 2191, 1540, 488, 2519, 1206, 1945, 2761, 254, 81, 2061, 1823, 8, 793, 34, 897, 2646, 2908, 1260, 1043, 1889, 68, 1785, 685, 324, 1378, 644, 1742, 1283, 326, 2237, 1622, 1150, 2581, 2050, 2724, 1638, 1427, 320, 214, 2297, 1915, 1810, 2869, 2855, 1027, 2604, 3102, 2171, 469, 74, 1052, 1266, 2167, 1479, 1299, 1974, 1015, 1245, 146, 2287, 2913, 2155, 2038, 2689, 1512, 609, 397, 500, 1481, 208, 2212, 259, 386, 1107, 2570, 1935, 2003, 1853, 2442, 507, 3081, 1783, 1520, 15, 440, 494, 441, 1949, 2970, 230, 1436, 1527, 1872, 727, 1678, 442, 1655, 2925, 1701, 768, 295, 1720, 814, 1990, 725, 1048, 272, 2962, 2260, 235, 396, 2509, 3122, 1350, 3062, 1385, 2410, 1103, 69, 409, 587, 2196, 1505, 952, 2853, 136, 2891, 1854, 1550, 2770, 2851, 1014, 2074, 892, 819, 2774, 2638, 1098, 774, 1756, 627, 2172, 1671, 2626, 2332, 156, 2663, 2963, 1538, 2795, 1775, 1566, 1581, 2718, 667, 2682, 1575, 271, 840, 1928, 1041, 1366, 2677, 1077, 2174, 2331, 2684, 581, 1128, 1176, 1721, 1981, 2697, 1469, 1024, 1117, 665, 2523, 846, 3096, 2313, 2918, 3116, 1261, 1774, 1192, 2612, 2024, 1071, 1766, 2873, 1849, 3101, 1865, 1157, 465, 185, 1643, 1270, 401, 2101, 2392, 2014, 831, 2993, 3040, 1037, 3001, 2893, 1251, 3100, 1063, 204, 2066, 1992, 2264, 1821, 1674, 2547, 1539, 2533, 58, 2977, 2015, 2221, 1556, 1375, 1940, 2056, 1932, 1090, 2991, 2787, 599, 2390, 400, 2673, 1654, 2360, 1869, 1961, 922, 1406, 2387, 1229, 2877, 1179, 416, 970, 3105, 1995, 2532, 1593, 392, 1973, 2952, 1926, 492, 1667, 267, 1278, 1233, 2146, 2347, 883, 1708, 1392, 1507, 629, 2053, 797, 2955, 2462, 173, 864, 1438, 2439, 212, 2269, 2432, 2231, 3129, 901, 2102, 1475, 3069, 1388, 636, 278, 1988, 2437, 2715, 2284, 943, 2889, 3112, 804, 2670, 2105, 1653, 2554, 399, 1901, 2899, 1544, 1624, 1463, 183, 2745, 2639, 2291, 2849, 1315, 1327, 576, 784, 2875, 518, 218, 1555, 2838, 2043, 2472, 2835, 2413, 1054, 220, 3011, 2953, 3013, 762, 1196, 837, 175, 1772, 1305, 2828, 2418, 877, 2240, 2852, 466, 168, 1005, 118, 2027, 917, 1641, 2391, 389, 2576, 2583, 269, 1316, 2614, 63, 2302, 1312, 1336, 1549, 1709, 2548, 360, 2076, 2831, 2393, 1968, 1499, 149, 2184, 129, 1599, 1735, 1891, 1209, 1690, 470, 353, 2535, 579, 1045, 239, 2002, 1193, 2399, 3026, 1324, 894, 2319, 2632, 436, 359, 1402, 231, 912, 583, 1983, 1487, 2169, 3139, 802, 195, 2686, 1623, 2394, 3038, 318, 487, 227, 265, 2909, 117, 61, 1560, 150, 71, 1384, 18, 2195, 431, 2964, 1551, 1668, 1933, 2039, 1346, 1620, 1335, 800, 1993, 1615, 1649, 2586, 2848, 680, 736, 600, 2542, 2094, 2983, 2862, 2190, 2951, 2090, 2098, 1554, 1722, 1606, 2400, 33, 697, 1953, 1271, 859, 1913, 1277, 1136, 803, 1119, 2816, 582, 2205, 1368, 77, 2798, 1235, 849, 334, 1681, 1219, 2935, 2895, 1468, 598, 2749, 2186, 2417, 2886, 170, 2120, 203, 2249, 3090, 2997, 909, 2529, 2209, 759, 1244, 1850, 1326, 1859, 1998, 2863, 1314, 1094, 1273, 871, 1711, 2423, 536, 337, 2083, 2833, 1144, 527, 2274, 1088, 893, 1477, 2193, 3092, 1062, 2044, 978, 2092, 668, 2395, 1604, 2181, 2226, 2218, 2994, 2165, 1979, 2421, 1265, 865, 138, 2367, 1535, 226, 2791, 1044, 2904, 1213, 2709, 578, 2486, 1424, 92, 1782, 21, 1629, 956, 1086, 742, 1965, 2644, 597, 1465, 1390, 1109, 1890, 510, 1685, 2204, 3130, 881, 44, 2108, 1012, 607, 2438, 1087, 1578, 1381, 301, 2453, 3048, 2451, 700, 1183, 900, 2343, 2148, 2093, 223, 1342, 13, 2641, 638, 1102, 1952, 635, 2915, 3082, 159, 2267, 72, 1917, 2882, 307, 2246, 545, 1964, 365, 2353, 76, 975, 1490, 2232, 822, 207, 2980, 1256, 2312, 885, 994, 2377, 1639, 559, 2233, 17, 694, 1441, 1060, 1374, 1116, 2856, 101, 1521, 2258, 648, 357, 2055, 2388, 2601, 2818, 935, 2311, 698, 2349, 1893, 322, 2112, 1397, 2801, 2298, 1137, 233, 1232, 171, 1115, 2802, 1657, 2144, 480, 2005, 228, 237, 1036, 3133, 354, 652, 2060, 2306, 989, 1705, 1252, 1444, 835, 2124, 3118, 2019, 1227, 2057, 2755, 1672, 294, 2847, 1984, 3063, 1422, 240, 451, 3076, 2545, 2954, 757, 663, 2075, 26, 3057, 95, 300, 1225, 524, 1605, 1496, 1842, 526, 1460, 1673, 543, 1377, 1754, 655, 1456, 2084, 73, 1142, 1614, 2217, 604, 484, 284, 1516, 36, 708, 565, 1659, 2143, 1190, 993, 1738, 1301, 2389, 319, 869, 2465, 1022, 3119, 735, 674, 2660, 626, 1092, 555, 1867, 2515, 2564, 1986, 812, 2984, 1569, 2040, 1811, 274, 3073, 3003, 2309, 1198, 1924, 2971, 1386, 558, 2707, 2972, 1536, 462, 2681, 941, 1396, 2878, 1208, 90, 1307, 1778, 2821, 1517, 490, 1358, 1677, 190, 523, 1446, 2041, 2555, 2879, 2543, 971, 2857, 342, 262, 605, 1768, 2901, 2363, 98, 1793, 2474, 485, 2197, 595, 696, 1991, 2734, 2876, 856, 2921, 404, 99, 1253, 1829, 121, 189, 2254, 2687, 806, 2301, 413, 2475, 2616, 1851, 2089, 2, 1825, 2550, 1956, 586, 1574, 2468, 634, 1567, 1447, 347, 766, 1461, 2138, 1759, 1553, 3088, 2730, 0, 453, 1238, 2158, 3047, 1267, 1083, 3029, 1699, 1898, 1934, 695, 2131, 2224, 1408, 298, 734, 606, 1514, 456, 520, 1573, 2023, 1866, 2611, 1281, 1297, 363, 673, 2726, 868, 1135, 2738, 1439, 2379, 29, 1885, 1216, 457, 321, 3043, 1067, 221, 2100, 2989, 2256, 1259, 584, 2979, 468, 2760, 529, 3015, 1, 1748, 1765, 3072]
labeling = [2741, 2792, 2724, 900, 1766, 1922, 1295, 1989, 2026, 1678, 1598, 1662, 1941, 2524, 127, 2091, 86, 2553, 2378, 1028, 1213, 2489, 1513, 1488, 775, 92, 2613, 1517, 1351, 2772, 1154, 708, 1098, 1174, 2028, 345, 2637, 574, 1091, 1771, 972, 1500, 1785, 966, 2505, 25, 207, 1623, 1587, 1159, 741, 624, 1041, 1001, 1919, 1448, 735, 164, 2213, 679, 293, 2369, 531, 2326, 1105, 926, 469, 1995, 2035, 784, 1155, 2376, 2532, 2115, 2062, 1509, 2537, 2419, 541, 1133, 883, 2023, 610, 721, 1715, 1823, 658, 19, 277, 1896, 2679, 439, 2487, 1219, 1069, 2618, 24, 413, 2699, 2710, 1490, 2559, 1158, 1188, 1591, 402, 190, 109, 807, 1461, 795, 1943, 210, 1405, 535, 261, 394, 2373, 2318, 1854, 1510, 2713, 1400, 495, 1768, 1282, 2004, 350, 870, 2337, 1973, 58, 1311, 887, 1599, 34, 2126, 1866, 2478, 528, 1396, 499, 1086, 410, 1103, 1863, 2071, 250, 526, 2335, 2375, 1189, 590, 356, 961, 1560, 2144, 52, 1835, 2531, 1455, 165, 484, 151, 1428, 1156, 1223, 613, 2316, 602, 2433, 2578, 1726, 2260, 274, 2308, 867, 684, 1148, 1378, 56, 1926, 268, 2289, 1160, 2192, 96, 2009, 1707, 2714, 2687, 1480, 995, 1153, 1451, 2364, 1687, 1913, 288, 1970, 341, 916, 1987, 2436, 2204, 458, 507, 2543, 2080, 1551, 472, 60, 2264, 1474, 2054, 676, 1704, 582, 2296, 1680, 2302, 2780, 1092, 2522, 1173, 119, 2480, 2370, 2585, 14, 2096, 2357, 683, 2577, 201, 2114, 1544, 2587, 79, 2344, 2608, 232, 706, 2012, 26, 90, 1593, 1142, 546, 1774, 1033, 314, 1681, 1624, 1699, 758, 158, 378, 812, 1333, 125, 1887, 1904, 768, 120, 2372, 792, 2247, 781, 25, 1408, 2155, 2110, 4, 2664, 1857, 1375, 1389, 2274, 661, 141, 1165, 251, 1871, 2635, 1959, 1508, 1441, 2008, 902, 420, 940, 1948, 1851, 2603, 2106, 229, 1596, 1285, 1195, 2615, 2515, 716, 1649, 1003, 1309, 1734, 2536, 1523, 1403, 1899, 214, 1470, 502, 1025, 1212, 1338, 921, 2368, 1167, 2052, 2776, 2572, 172, 2036, 498, 2042, 705, 746, 1101, 1497, 352, 1934, 691, 2423, 144, 1135, 2455, 1069, 1806, 1652, 1323, 2694, 1258, 1956, 737, 481, 2733, 953, 1010, 335, 306, 1533, 2343, 2586, 324, 355, 2563, 534, 2355, 2331, 1077, 380, 2765, 872, 2542, 1804, 1709, 1999, 759, 43, 707, 1127, 1321, 1897, 563, 273, 524, 784, 1794, 711, 623, 730, 1824, 1140, 1700, 176, 758, 295, 2321, 248, 1769, 2242, 983, 801, 1301, 2115, 473, 643, 2285, 2226, 2193, 262, 521, 2709, 902, 1895, 1014, 251, 2122, 779, 1722, 101, 2719, 512, 1266, 240, 1800, 445, 362, 1422, 1603, 884, 465, 1522, 1225, 19, 1249, 1817, 1169, 1310, 2379, 372, 271, 153, 835, 2354, 62, 1343, 1420, 2090, 2094, 2102, 793, 1467, 809, 117, 1187, 529, 1655, 1619, 2609, 671, 2742, 581, 492, 2756, 2774, 1086, 1004, 209, 351, 2674, 49, 272, 2191, 965, 158, 2788, 2061, 2342, 1232, 619, 344, 865, 41, 65, 774, 1193, 286, 2583, 1362, 323, 815, 1155, 2703, 1682, 72, 1236, 1737, 2685, 1099, 882, 1600, 2092, 1936, 1583, 813, 895, 1123, 1896, 1486, 391, 1661, 28, 1979, 89, 52, 742, 460, 2501, 1392, 1329, 468, 48, 50, 517, 23, 958, 33, 2757, 754, 1634, 2688, 358, 615, 2622, 2459, 78, 2779, 139, 1699, 1908, 329, 550, 1287, 10, 6, 96, 1402, 1243, 1836, 808, 2625, 579, 2540, 1562, 1850, 851, 521, 1046, 704, 220, 162, 373, 2654, 1978, 54, 2670, 296, 1426, 467, 358, 1359, 3, 2638, 103, 864, 797, 1191, 981, 1579, 565, 140, 1341, 1659, 2294, 100, 2485, 1229, 266, 2164, 2416, 2354, 2786, 1472, 2727, 2124, 321, 1911, 477, 601, 1693, 780, 1714, 2704, 1861, 2495, 2429, 2224, 2393, 258, 1918, 856, 2634, 2695, 2754, 2509, 1877, 2078, 1712, 1547, 769, 901, 1061, 251, 1536, 599, 1905, 316, 777, 1882, 1308, 1529, 1285, 1827, 2652, 2138, 724, 2255, 1572, 32, 1856, 392, 2730, 2528, 2272, 1369, 2526, 886, 1843, 366, 1336, 1483, 2039, 822, 1409, 1043, 2562, 560, 1289, 761, 2589, 1749, 304, 2628, 1291, 87, 332, 1463, 1925, 1969, 1838, 2614, 1563, 2173, 1130, 2152, 2468, 662, 173, 1821, 1690, 2767, 2650, 464, 820, 1589, 1610, 1494, 2391, 231, 363, 267, 1597, 2034, 1229, 1575, 199, 430, 116, 673, 440, 1869, 2554, 2750, 2705, 2406, 2567, 84, 2518, 688, 128, 187, 299, 1353, 122, 225, 2639, 500, 1815, 1503, 1519, 1230, 506, 2015, 1538, 659, 382, 480, 806, 697, 476, 1016, 734, 2109, 30, 2100, 242, 1109, 459, 931, 1147, 935, 2753, 2649, 2392, 1727, 375, 1729, 393, 1417, 2493, 766, 1938, 398, 1380, 1972, 991, 971, 804, 1376, 66, 215, 586, 325, 1954, 2612, 1609, 2443, 1145, 1992, 2305, 1507, 1703, 1781, 2734, 330, 2105, 1006, 135, 477, 1982, 227, 2136, 748, 326, 740, 1045, 76, 80, 1630, 1958, 1118, 2295, 1521, 603, 1298, 134, 1256, 1423, 1993, 234, 2027, 1437, 1481, 259, 2257, 516, 814, 2387, 941, 2363, 2413, 2280, 400, 2717, 665, 1034, 319, 1927, 1873, 2659, 412, 2108, 621, 1237, 950, 747, 2135, 1834, 1671, 2545, 1026, 10, 247, 1411, 1745, 1613, 1070, 1413, 2195, 1114, 891, 1504, 2596, 1889, 2307, 727, 503, 2156, 1152, 1251, 157, 690, 1930, 2172, 1107, 491, 2422, 648, 817, 1530, 1245, 1684, 1204, 2708, 1214, 790, 2408, 1621, 1234, 369, 888, 2261, 1253, 1695, 1767, 2766, 2645, 616, 2453, 839, 16, 198, 1047, 542, 2313, 194, 1177, 228, 2504, 249, 2252, 1907, 2548, 1063, 675, 1447, 685, 655, 548, 2134, 394, 2351, 717, 1060, 2029, 278, 490, 2508, 53, 22, 1005, 2000, 411, 1058, 1499, 732, 557, 1186, 355, 2358, 608, 1520, 1076, 1675, 776, 488, 1790, 343, 1646, 2231, 1265, 150, 472, 248, 1601, 1210, 78, 1456, 1903, 1418, 1493, 642, 294, 1065, 1985, 202, 272, 1929, 2676, 893, 2277, 1126, 910, 1512, 527, 1129, 1449, 975, 1653, 1329, 1998, 1262, 1110, 2490, 1755, 750, 682, 875, 1600, 585, 359, 877, 470, 825, 1167, 1252, 1349, 2237, 2692, 196, 1270, 62, 2539, 1458, 434, 2466, 606, 1702, 48, 286, 980, 465, 264, 336, 1981, 450, 2592, 595, 857, 307, 2640, 2549, 704, 281, 522, 1377, 1087, 699, 406, 557, 1542, 1296, 2317, 594, 1892, 903, 1330, 1383, 348, 2507, 1199, 2132, 2069, 662, 1937, 159, 1283, 562, 99, 2647, 1721, 2170, 471, 640, 2057, 6, 302, 457, 1185, 112, 1793, 486, 1075, 2588, 2200, 1694, 821, 204, 2158, 423, 2033, 264, 2347, 1535, 123, 2111, 368, 709, 5, 2063, 791, 2301, 1142, 722, 1093, 738, 395, 2556, 103, 2464, 2203, 337, 137, 147, 2778, 300, 175, 27, 2184, 121, 782, 689, 297, 1239, 400, 1916, 997, 248, 1594, 932, 1515, 16, 625, 2491, 2513, 2460, 885, 88, 1271, 2653, 437, 2451, 1019, 1007, 180, 2096, 1496, 67, 434, 2527, 2120, 371, 575, 805, 2081, 4, 2498, 1072, 1664, 2002, 1720, 1668, 2579, 2558, 2171, 1650, 2414, 1914, 168, 1366, 1501, 1772, 637, 993, 291, 2165, 1316, 852, 285, 1052, 511, 1435, 2769, 2412, 2575, 1625, 99, 346, 2014, 2631, 1940, 2458, 20, 1951, 1209, 1735, 260, 2045, 587, 1035, 1393, 1751, 791, 860, 2182, 63, 1558, 564, 1395, 1900, 1983, 1666, 1677, 1928, 899, 206, 1805, 1537, 694, 376, 1556, 538, 604, 2166, 1373, 1716, 2236, 660, 859, 1795, 2519, 776, 69, 1178, 1044, 1502, 1121, 2643, 1344, 2183, 2348, 284, 1541, 2306, 879, 2667, 1036, 1306, 970, 1049, 1083, 1216, 1750, 2020, 1881, 2678, 2340, 83, 1669, 241, 2484, 1040, 73, 2775, 388, 755, 2425, 1427, 1334, 1473, 810, 1811, 2619, 1605, 2599, 475, 2234, 736, 218, 2576, 2248, 562, 2421, 1742, 765, 2743, 213, 417, 833, 1439, 896, 2444, 2070, 1549, 1534, 949, 609, 652, 2201, 2595, 2711, 1819, 31, 2546, 799, 1784, 2785, 2032, 2179, 1468, 876, 1865, 2477, 2065, 1339, 1263, 295, 2188, 2409, 226, 2452, 1765, 762, 46, 2411, 2249, 111, 1241, 2762, 313, 2041, 1067, 1386, 1566, 55, 1431, 894, 628, 1810, 641, 656, 1238, 221, 1466, 2764, 236, 2067, 785, 2644, 811, 861, 1471, 2310, 15, 2680, 878, 1701, 1021, 1728, 2328, 1524, 2449, 2291, 2324, 1370, 1394, 1215, 1000, 397, 1674, 653, 2350, 254, 2445, 2293, 1192, 1171, 1574, 554, 1096, 1246, 1525, 2386, 595, 600, 692, 520, 712, 904, 2523, 409, 166, 1325, 2384, 1960, 1144, 1073, 2117, 1362, 1305, 113, 934, 1711, 515, 1357, 2684, 552, 1777, 1518, 1947, 1977, 805, 686, 2159, 1367, 2417, 338, 205, 176, 245, 1801, 2557, 2219, 1578, 2626, 2038, 1692, 1314, 2514, 143, 181, 2377, 2118, 2669, 441, 1343, 1410, 2497, 1555, 2254, 847, 798, 1527, 2677, 2571, 1945, 1211, 752, 620, 2356, 1986, 208, 1385, 2232, 1161, 2752, 17, 992, 778, 634, 1445, 483, 1615, 1291, 1449, 354, 110, 1754, 269, 2606, 1886, 2486, 314, 230, 2050, 1379, 1837, 907, 569, 605, 714, 1923, 1698, 2097, 1102, 2262, 2771, 1847, 2555, 1356, 1048, 2593, 938, 2689, 2732, 1708, 1787, 1872, 1796, 184, 1313, 873, 1752, 2629, 1760, 1068, 1962, 2623, 2735, 650, 2288, 668, 2496, 53, 631, 2428, 2169, 928, 198, 826, 1770, 1368, 2269, 244, 2461, 405, 2066, 561, 2079, 1179, 1953, 715, 1328, 456, 2360, 1814, 952, 2544, 154, 596, 1136, 1222, 1964, 2617, 142, 11, 2334, 830, 504, 1920, 1294, 770, 2123, 1274, 2253, 1676, 1910, 583, 1310, 2077, 1286, 2755, 1039, 2636, 2682, 1585, 1206, 2088, 2560, 1875, 1438, 18, 276, 1168, 2098, 0, 1808, 1128, 1782, 1829, 1281, 669, 2435, 2673, 121, 2146, 2211, 2018, 193, 1399, 1841, 2287, 219, 1055, 2005, 1965, 2329, 2129, 2382, 282, 2738, 2401, 2298, 2214, 1577, 93, 1464, 2374, 1231, 664, 454, 1955, 289, 2149, 2731, 514, 2661, 391, 588, 632, 2758, 2728, 2154, 1132, 1202, 2512, 1436, 570, 2151, 547, 710, 1611, 102, 148, 178, 1696, 920, 1996, 240, 51, 2241, 1706, 302, 49, 37, 555, 2338, 226, 678, 1323, 558, 2469, 2620, 2404, 622, 898, 243, 670, 1032, 922, 10, 2632, 2389, 1553, 5, 880, 1885, 51, 1476, 2044, 2366, 1172, 895, 844, 821, 1365, 2, 1064, 1196, 298, 1371, 435, 448, 1307, 1839, 2049, 2551, 1161, 2319, 96, 335, 1583, 1384, 4, 1482, 1193, 25, 1825, 1, 756, 2283, 44, 50, 279, 2581, 41, 453, 698, 680, 855, 1452, 389, 1884, 108, 2246, 2383, 540, 1269, 2140, 2602, 2624, 2209, 447, 107, 2686, 2101, 1248, 253, 2424, 1433, 159, 1102, 2500, 643, 1012, 820, 744, 2341, 1627, 312, 85, 967, 911, 1125, 56, 423, 2747, 958, 2104, 1150, 17, 329, 2594, 1686, 1326, 274, 2, 1, 2454, 1182, 437, 959, 1284, 370, 117, 283, 354, 2107, 1243, 2403, 127, 578, 186, 27, 1444, 1106, 1446, 13, 725, 72, 1732, 262, 1826, 6, 28, 2642, 1432, 1718, 1081, 2040, 106, 1974, 489, 1100, 1166, 2791, 774, 935, 322, 1757, 644, 2627, 976, 2137, 1689, 132, 2737, 1207, 177, 317, 145, 290, 2793, 2186, 955, 2696, 645, 1561, 850, 2309, 1590, 2181, 2148, 674, 1673, 2681, 191, 1273, 155, 2488, 2089, 1902, 2037, 592, 1495, 917, 1741, 377, 757, 1723, 2701, 1915, 818, 667, 2003, 625, 1746, 1667, 1779, 460, 33, 1855, 1949, 1078, 29, 509, 179, 2055, 2663, 962, 1315, 551, 751, 924, 545, 47, 1332, 518, 2208, 1276, 2025, 663, 2725, 1208, 783, 982, 2712, 216, 536, 426, 1828, 75, 462, 64, 1224, 1791, 1939, 576, 618, 2621, 1198, 723, 51, 211, 1221, 834, 2187, 2446, 2721, 633, 2084, 2128, 433, 1862, 580, 1459, 2448, 568, 1644, 1968, 1151, 786, 2189, 2760, 2655, 340, 2229, 1331, 964, 2099, 543, 1736, 1705, 98, 149, 115, 1645, 984, 494, 1424, 1038, 105, 2773, 1372, 452, 1254, 1399, 2499, 2339, 1904, 2570, 1647, 156, 1002, 1813, 2748, 381, 1820, 654, 1565, 1526, 136, 106, 57, 1608, 698, 256, 501, 1688, 1205, 2410, 374, 2053, 1762, 2533, 1876, 760, 695, 195, 1543, 39, 408, 1404, 2245, 635, 2157, 1935, 1798, 1909, 2216, 1675, 394, 2085, 630, 1672, 1097, 1629, 2220, 253, 841, 1203, 951, 2021, 869, 606, 1912, 2093, 611, 703, 2029, 2407, 1009, 788, 2726, 1084, 488, 427, 496, 2230, 320, 200, 2535, 2492, 1756, 1460, 2333, 889, 347, 967, 1802, 2243, 2068, 38, 1620, 233, 919, 2475, 1545, 2167, 1822, 2359, 2604, 85, 2658, 2011, 2271, 384, 32, 2706, 2206, 2388, 418, 2239, 1259, 67, 2447, 1833, 233, 1242, 1250, 159, 9, 1985, 983, 167, 44, 1425, 860, 956, 1067, 794, 2194, 2217, 1539, 639, 94, 46, 263, 1990, 1443, 2759, 88, 1492, 918, 202, 1115, 881, 28, 1622, 1571, 796, 519, 912, 1181, 614, 2075, 2385, 2662, 2690, 35, 2299, 2465, 936, 1364, 1354, 235, 1921, 2047, 1511, 342, 2256, 1293, 2564, 2221, 2601, 1773, 1691, 2590, 2024, 1143, 1, 1079, 479, 2205, 2013, 649, 1240, 387, 1137, 930, 764, 2133, 2607, 2332, 1832, 360, 3, 577, 1818, 1491, 2456, 2630, 59, 1713, 553, 1421, 2722, 2400, 1037, 2467, 2521, 2395, 224, 133, 180, 2402, 1322, 2782, 2190, 2267, 1564, 1388, 2282, 1618, 862, 2506, 309, 114, 97, 2574, 1944, 183, 415, 1268, 773, 1957, 1758, 2434, 1826, 1663, 1401, 2597, 994, 1015, 1643, 1552, 1898, 1382, 2749, 733, 333, 1852, 998, 1717, 963, 2736, 1419, 882, 1592, 638, 2641, 2582, 1961, 2250, 1180, 2520, 414, 1169, 1612, 1217, 1570, 1976, 2074, 865, 1390, 2744, 713, 487, 1406, 466, 1849, 1614, 2474, 1317, 2064, 1540, 2361, 792, 2060, 2139, 1320, 2161, 1901, 390, 129, 728, 1184, 996, 2470, 651, 944, 2336, 1054, 2431, 1879, 1022, 91, 2398, 2016, 1465, 2462, 591, 2380, 2121, 2702, 188, 1567, 1780, 1952, 1710, 1280, 2502, 2418, 1071, 1807, 357, 2442, 126, 803, 2082, 954, 2010, 1176, 1407, 2633, 2473, 399, 1374, 2218, 432, 146, 2751, 837, 2471, 909, 222, 351, 305, 2266, 2193, 2552, 339, 1453, 1679, 2043, 1008, 517, 2314, 718, 1358, 1685, 559, 1607, 2538, 874, 327, 2438, 424, 1011, 1528, 1846, 2715, 937, 2784, 800, 2561, 1792, 2113, 1797, 838, 36, 2207, 1094, 544, 1129, 693, 1937, 2017, 831, 443, 1588, 794, 255, 1163, 1946, 1640, 840, 1778, 1731, 163, 1840, 2276, 990, 1355, 2072, 1297, 1350, 1462, 2292, 294, 828, 1278, 1971, 1194, 2051, 2573, 1859, 1988, 2718, 2327, 315, 1303, 890, 2591, 687, 1657, 2666, 385, 2568, 2547, 2174, 438, 223, 367, 1942, 1867, 2353, 444, 182, 1531, 1475, 1032, 1012, 911, 1984, 1412, 939, 1580, 2162, 2142, 627, 1516, 1228, 1809, 1172, 68, 1732, 1200, 1131, 71, 1454, 1788, 88, 403, 2251, 1333, 2569, 946, 1233, 1891, 2510, 657, 1335, 871, 513, 1550, 742, 2228, 530, 473, 2698, 1883, 12, 549, 2479, 33, 892, 442, 482, 1275, 388, 1017, 988, 572, 2550, 361, 2770, 708, 1759, 1174, 1339, 1097, 782, 819, 2233, 95, 497, 2225, 2320, 567, 156, 1304, 42, 550, 1639, 349, 2349, 2405, 81, 801, 1227, 1429, 182, 1454, 1345, 1532, 1830, 1090, 23, 729, 334, 960, 1775, 271, 337, 2312, 1220, 168, 2476, 1484, 8, 292, 77, 197, 1642, 1029, 1638, 1226, 1138, 2265, 283, 192, 118, 567, 2273, 2511, 2263, 1157, 763, 2086, 287, 986, 147, 321, 1042, 396, 296, 989, 2517, 999, 2437, 1632, 1505, 1844, 824, 1648, 93, 629, 334, 2259, 1141, 853, 2646, 771, 124, 2729, 343, 310, 1888, 2300, 370, 2700, 2720, 519, 365, 104, 842, 1950, 959, 1554, 1059, 549, 270, 2483, 863, 1292, 37, 914, 1725, 401, 788, 10, 1870, 1743, 1347, 131, 1628, 1803, 1924, 868, 696, 968, 1631, 1906, 170, 617, 2116, 19, 95, 278, 978, 1442, 2656, 1604, 265, 407, 2019, 647, 1348, 449, 2175, 1515, 1498, 1793, 573, 1318, 2441, 689, 1450, 2240, 2212, 566, 2345, 581, 1, 379, 1302, 943, 1975, 2394, 2136, 597, 2610, 124, 2210, 2330, 1724, 2723, 802, 175, 1434, 2284, 2691, 1197, 1616, 1414, 1878, 700, 57, 1931, 485, 2657, 1719, 767, 408, 224, 61, 2083, 134, 1090, 1183, 745, 654, 2322, 428, 1381, 1080, 442, 2046, 584, 2323, 298, 1277, 2390, 1812, 906, 1254, 1665, 1340, 1457, 404, 1816, 1299, 88, 977, 457, 301, 556, 2565, 1730, 1487, 2058, 771, 38, 27, 575, 1683, 419, 2761, 2185, 823, 2325, 508, 2483, 1162, 306, 1115, 1074, 743, 845, 1559, 787, 1635, 2141, 1024, 1346, 50, 1783, 132, 2352, 2, 974, 223, 1062, 1917, 49, 1890, 1219, 2525, 1140, 1255, 2494, 436, 2030, 1095, 539, 1845, 1304, 19, 51, 160, 263, 17, 750, 1548, 965, 1858, 2651, 416, 1060, 2143, 1253, 94, 1997, 171, 46, 1124, 2281, 1020, 1670, 2227, 1149, 76, 978, 2160, 1361, 28, 1279, 2675, 2153, 142, 2163, 451, 2365, 2716, 1831, 2076, 1485, 2006, 42, 1398, 985, 453, 1430, 2168, 719, 297, 854, 849, 1247, 1111, 1967, 1880, 571, 2671, 1842, 2078, 252, 1416, 373, 238, 1288, 2275, 5, 681, 2150, 1250, 8, 368, 1235, 1534, 2048, 1632, 2763, 1633, 295, 1786, 2740, 1573, 85, 44, 2485, 33, 16, 289, 2768, 927, 1053, 1271, 1018, 10, 153, 2290, 364, 122, 421, 2430, 1586, 1082, 1013, 1966, 1469, 2600, 70, 848, 446, 203, 2789, 2022, 1244, 1113, 1066, 1190, 1134, 589, 843, 1738, 2130, 1606, 312, 1088, 1404, 1272, 533, 1853, 227, 1327, 512, 55, 1236, 1112, 1415, 246, 857, 2223, 144, 6, 372, 2482, 1576, 1584, 1761, 2147, 1582, 39, 2420, 1661, 1994, 261, 2580, 1479, 1117, 1267, 1546, 167, 169, 361, 1651, 280, 523, 303, 836, 1764, 2415, 1932, 2566, 493, 881, 2683, 81, 461, 1387, 583, 739, 1658, 2311, 450, 1126, 1110, 1860, 2457, 1269, 379, 132, 1660, 2297, 475, 237, 414, 1868, 478, 1882, 1290, 1617, 525, 434, 1361, 40, 2131, 2315, 2125, 905, 356, 2022, 2693, 1980, 948, 510, 12, 2397, 2450, 27, 987, 100, 622, 1164, 2056, 484, 1261, 732, 797, 973, 716, 2707, 2235, 1400, 37, 1602, 1890, 2534, 555, 246, 220, 2432, 42, 1342, 2278, 1654, 2127, 1763, 2199, 913, 2426, 1031, 1649, 383, 2286, 328, 2697, 1324, 257, 2481, 644, 532, 666, 2031, 2371, 1557, 925, 212, 2073, 945, 2529, 244, 832, 2177, 103, 386, 2025, 425, 5, 1789, 2103, 466, 1641, 167, 189, 239, 1050, 942, 1874, 217, 2427, 827, 1426, 908, 1478, 677, 923, 1894, 866, 658, 435, 744, 816, 1116, 1739, 353, 2399, 2244, 2304, 2611, 2258, 1864, 1363, 1264, 593, 311, 1201, 2112, 2145, 2381, 858, 1963, 422, 1748, 161, 2095, 2668, 2672, 607, 152, 947, 969, 2215, 307, 2787, 2541, 1119, 612, 2396, 2660, 762, 308, 1056, 1139, 2783, 77, 2222, 749, 2196, 2472, 1085, 1878, 2439, 168, 933, 279, 2197, 626, 439, 174, 193, 275, 2007, 1733, 1089, 318, 2044, 455, 2303, 1300, 2790, 772, 1023, 1656, 1360, 1051, 701, 819, 185, 463, 731, 2346, 661, 474, 2746, 21, 1848, 829, 108, 1218, 1636, 497, 107, 2367, 1146, 2198, 1170, 1458, 2777, 1397, 1104, 429, 2745, 2516, 1477, 1626, 897, 1319, 1352, 915, 1260, 138, 2616, 1740, 979, 1122, 74, 2119, 2092, 82, 731, 636, 702, 1489, 2270, 505, 1569, 2794, 2665, 1312, 646, 2605, 1108, 957, 1568, 789, 2087, 2530, 1608, 2001, 1257, 1120, 1753, 2739, 1391, 2440, 525, 2463, 1175, 1776, 1893, 2176, 753, 1747, 130, 2202, 2180, 2059, 331, 1506, 2238, 45, 598, 1337, 7, 726, 1027, 2279, 672, 1697, 1581, 2178, 1991, 2598, 2648, 537, 1799, 1486, 720, 1595, 1744, 323, 1057, 929, 2268, 2503, 431, 1637, 2584, 1440, 1514, 1933, 1030, 846, 2362]
convergência = []

===== FIM =====
