===== RESULTADO BRKGA L(2,1) =====
Arquivo: /Users/mateuspedrosa/Documents/TCC-II/BRKGA/data/Harwell-Boeing_cleaned/psmigr_3_clean.mtx

----- Execução #1 -----
[INFO] Time limit atingido: 15 minutos. Esgotado durante a inicialização da população.
Tempo de execução: 904633ms
Span (lambda): 2791
best_order = [1983, 711, 2874, 2804, 1816, 278, 1845, 775, 1773, 995, 939, 1822, 416, 973, 2176, 1039, 527, 2044, 2707, 1296, 2877, 2549, 3009, 1832, 452, 2605, 1638, 327, 2300, 3030, 3058, 3078, 1843, 920, 1397, 570, 858, 2091, 3132, 1929, 3133, 1889, 1037, 217, 2148, 1923, 1440, 1243, 2964, 2384, 210, 2105, 1866, 2055, 3119, 893, 234, 39, 801, 1541, 1798, 1447, 1451, 2293, 2686, 731, 2110, 335, 2542, 1792, 2477, 962, 1539, 646, 2421, 2739, 1639, 2099, 1941, 1729, 225, 614, 2821, 2552, 281, 2395, 2716, 61, 2113, 295, 1261, 1019, 1774, 492, 186, 918, 861, 2279, 2406, 2928, 2530, 1939, 3074, 483, 242, 1722, 1249, 3135, 1652, 1575, 2682, 1504, 2781, 2460, 1473, 2623, 2179, 2672, 2688, 1430, 1287, 1245, 917, 3089, 2353, 1813, 2027, 578, 2374, 1593, 2107, 933, 1279, 3015, 759, 2511, 1520, 1791, 599, 2276, 435, 2705, 2506, 959, 940, 2434, 1687, 2789, 1347, 2115, 133, 2346, 2204, 384, 1074, 167, 260, 2068, 15, 2981, 1519, 290, 108, 1263, 2104, 1387, 2427, 109, 1517, 2057, 3056, 2493, 2337, 1615, 1684, 2101, 1545, 1014, 2019, 990, 2533, 1250, 561, 985, 2731, 1182, 379, 2498, 916, 1794, 1002, 1737, 582, 1207, 1572, 3072, 486, 243, 628, 373, 1865, 504, 405, 1025, 1417, 758, 689, 658, 2378, 1610, 3131, 148, 1423, 107, 204, 1702, 1083, 197, 1505, 1024, 2132, 2079, 1052, 2100, 3071, 713, 1360, 596, 1618, 1535, 1782, 3075, 785, 3051, 215, 1560, 1284, 2939, 86, 610, 1190, 1422, 1768, 1006, 1109, 1009, 1048, 1283, 1111, 1920, 884, 2978, 2517, 2867, 1457, 1308, 2954, 1053, 235, 2829, 2894, 1856, 765, 2589, 1821, 2071, 1700, 2755, 2518, 2579, 899, 2677, 967, 2745, 1135, 2645, 440, 2641, 2, 3070, 95, 1862, 453, 124, 999, 2666, 747, 2568, 2484, 1605, 2696, 2423, 629, 1124, 134, 2611, 2347, 91, 1154, 1060, 5, 2635, 503, 85, 1349, 1653, 1458, 2120, 1424, 1981, 1238, 1412, 902, 2211, 1485, 2129, 2850, 2751, 536, 1316, 2741, 957, 900, 2202, 1007, 1825, 2416, 249, 1183, 1695, 122, 2196, 2149, 1772, 1761, 1437, 2989, 468, 535, 2407, 608, 2787, 3081, 3067, 1704, 1707, 2237, 732, 2168, 1179, 2214, 1757, 1558, 2341, 82, 2535, 2264, 329, 1375, 1016, 1149, 2882, 898, 466, 286, 1711, 1683, 1003, 2472, 2060, 1869, 869, 2914, 78, 409, 1743, 505, 1471, 1301, 2581, 2037, 495, 179, 1903, 334, 1156, 1373, 2189, 2512, 494, 1895, 1621, 1, 3112, 2728, 700, 2904, 1208, 2852, 2503, 1367, 1342, 370, 267, 2072, 2394, 348, 938, 2366, 485, 645, 1251, 1405, 2328, 2869, 1310, 75, 2167, 2067, 2584, 80, 970, 1155, 352, 1571, 2971, 3043, 3120, 229, 131, 1274, 2732, 3012, 1971, 1617, 2810, 2042, 2262, 1323, 555, 1938, 147, 3093, 359, 127, 2737, 2373, 1965, 1802, 1281, 1045, 1629, 386, 2570, 302, 2349, 2004, 413, 3035, 2906, 506, 2239, 1886, 2722, 1607, 2539, 1906, 1161, 430, 2959, 2271, 2457, 2431, 2244, 1017, 47, 764, 2740, 2784, 1178, 3011, 2958, 2633, 690, 1836, 669, 411, 1362, 607, 2320, 1994, 673, 1812, 2217, 1899, 2192, 1531, 1097, 1858, 2097, 1913, 983, 1036, 2046, 345, 2379, 2673, 1515, 2555, 2020, 2545, 461, 2288, 613, 2351, 316, 2546, 381, 2945, 1435, 2043, 3020, 2322, 2883, 1369, 1264, 1828, 2601, 788, 177, 376, 2761, 445, 1640, 1176, 723, 2536, 1419, 1872, 2155, 1164, 1935, 328, 1091, 412, 611, 2979, 2291, 974, 2305, 1038, 849, 3103, 678, 2642, 1616, 2432, 2391, 851, 625, 1969, 1032, 2519, 2565, 2779, 2137, 219, 1295, 2648, 1990, 717, 1696, 2908, 926, 2280, 2692, 2318, 90, 1955, 1381, 191, 2893, 1676, 1675, 3105, 891, 2516, 2609, 1472, 1591, 31, 429, 2417, 2118, 2630, 2634, 2111, 942, 1864, 986, 1258, 1123, 2315, 57, 1184, 1753, 2333, 3137, 1879, 2430, 1563, 115, 2206, 2229, 314, 2299, 1620, 663, 594, 1317, 958, 2098, 2838, 1026, 1977, 3094, 1714, 211, 792, 1709, 1378, 305, 1286, 844, 3107, 1004, 2862, 632, 1901, 563, 850, 2443, 1382, 1712, 1949, 2325, 45, 1066, 1577, 616, 816, 666, 564, 1555, 1313, 2607, 2571, 803, 1799, 487, 551, 2231, 1837, 1559, 2653, 2721, 2661, 3073, 1614, 88, 767, 1681, 1538, 480, 2338, 65, 2331, 1085, 2853, 2629, 2651, 705, 1557, 2638, 2800, 2437, 1395, 354, 1840, 2032, 79, 114, 2205, 901, 3136, 2998, 3062, 1787, 510, 2577, 2824, 2600, 1839, 2153, 1153, 2966, 954, 3017, 1355, 1894, 477, 2538, 1022, 1205, 2586, 1467, 2504, 2708, 1516, 292, 1898, 300, 2620, 193, 1126, 573, 446, 1394, 2990, 574, 692, 1459, 2879, 259, 639, 1818, 2268, 326, 1315, 2534, 2487, 418, 1972, 1603, 961, 2843, 699, 1445, 2969, 320, 2566, 2162, 1229, 1054, 947, 3128, 915, 691, 2186, 2710, 163, 66, 2684, 1850, 2454, 2238, 2376, 2771, 547, 414, 1455, 22, 2213, 1973, 221, 2513, 2438, 1147, 2009, 2955, 1115, 1548, 476, 387, 2540, 1861, 311, 2425, 132, 2999, 1566, 766, 118, 652, 824, 1884, 1691, 1112, 937, 1223, 92, 2880, 2543, 1829, 1664, 2411, 106, 289, 1553, 1783, 1611, 2644, 1760, 513, 1666, 994, 1158, 1637, 479, 2753, 583, 2523, 2909, 2121, 218, 1831, 1873, 668, 562, 2935, 2273, 606, 2127, 269, 126, 220, 3077, 496, 537, 52, 1481, 439, 1282, 2699, 3102, 3046, 2392, 686, 2614, 1219, 2251, 2036, 3000, 2814, 1227, 949, 1917, 1118, 129, 1522, 2114, 475, 2597, 1842, 2827, 3033, 804, 2471, 2261, 609, 11, 1741, 205, 3087, 2654, 3124, 2588, 68, 1651, 1220, 1755, 2119, 1996, 2703, 856, 2178, 2767, 1735, 878, 1668, 2158, 1565, 1300, 2087, 3034, 1438, 1717, 1967, 1542, 3106, 642, 2282, 1464, 285, 2559, 795, 407, 1253, 1997, 520, 2786, 2842, 2122, 1468, 1346, 3111, 2982, 140, 1148, 2159, 1029, 1498, 1218, 2408, 251, 3130, 84, 2521, 2759, 1958, 1574, 2738, 3088, 1824, 1769, 1040, 637, 1701, 2435, 1765, 1512, 1172, 2931, 846, 394, 526, 2329, 1950, 1366, 2527, 872, 2733, 910, 992, 1018, 755, 3117, 128, 2849, 2950, 2499, 1351, 906, 1462, 337, 598, 2640, 490, 762, 2309, 2308, 3110, 1117, 1592, 2905, 1314, 1897, 3025, 1391, 826, 1213, 1927, 165, 2190, 1008, 2403, 1489, 2491, 1127, 1689, 2656, 1034, 667, 1984, 1434, 542, 657, 2860, 423, 813, 2494, 2801, 840, 2968, 2222, 450, 2890, 432, 1428, 1748, 27, 1357, 1507, 1338, 1277, 1846, 2895, 2363, 2701, 2243, 2455, 2922, 2681, 2480, 2941, 696, 1770, 1892, 904, 1547, 2826, 2585, 1145, 1598, 1151, 2246, 2980, 1807, 2997, 1058, 1838, 1021, 1674, 830, 347, 770, 3114, 1682, 1736, 2830, 722, 1103, 149, 2514, 1107, 1231, 1386, 2947, 2975, 1817, 2465, 2029, 2125, 3040, 2317, 2146, 2147, 2047, 1540, 2208, 1450, 2400, 2252, 2061, 2185, 744, 279, 2934, 2808, 2587, 2537, 2270, 1319, 1524, 2410, 1795, 3004, 2643, 1361, 1956, 1166, 2963, 2551, 1968, 46, 1582, 2558, 660, 1646, 1196, 1952, 517, 1766, 2074, 38, 615, 1374, 1242, 1945, 1497, 1415, 1449, 734, 2987, 2130, 1943, 2166, 2841, 24, 1953, 2442, 1441, 1912, 515, 2735, 3068, 2529, 1426, 721, 2228, 2742, 3121, 960, 2515, 2304, 2984, 174, 671, 2180, 1081, 2859, 408, 1746, 1388, 2785, 1985, 206, 2923, 2415, 529, 190, 2974, 35, 2961, 2878, 650, 1815, 1353, 74, 1461, 2626, 400, 2311, 627, 2840, 306, 2541, 10, 410, 676, 1398, 1217, 662, 1814, 507, 1613, 661, 2469, 865, 3001, 2357, 180, 272, 2298, 1612, 113, 580, 2709, 1904, 2241, 1922, 248, 2459, 194, 2075, 1252, 2350, 2695, 1262, 444, 2960, 2260, 338, 2646, 2056, 1841, 150, 240, 2418, 1926, 2402, 497, 2621, 743, 2488, 1186, 737, 3139, 927, 557, 2316, 2659, 2227, 880, 1200, 8, 1677, 2128, 672, 1944, 802, 812, 1529, 565, 2637, 502, 1228, 1001, 3005, 1854, 1947, 2005, 1175, 2195, 222, 2399, 1478, 116, 499, 2668, 1834, 183, 2405, 2414, 1514, 981, 44, 779, 3045, 1280, 2177, 2972, 3091, 2053, 1797, 404, 2063, 262, 349, 43, 560, 912, 175, 1908, 303, 2569, 192, 945, 2678, 2871, 784, 431, 2865, 199, 2531, 1747, 523, 630, 2290, 1627, 715, 541, 2910, 987, 822, 1930, 2636, 677, 2380, 1304, 1403, 1138, 2949, 793, 378, 1030, 659, 1100, 741, 2344, 623, 2413, 2683, 137, 1860, 2481, 275, 1076, 2612, 1738, 2561, 740, 2368, 9, 3127, 482, 1448, 1552, 1465, 831, 1713, 2038, 21, 1033, 460, 3036, 1732, 1206, 2429, 2040, 71, 1727, 1788, 1678, 239, 1302, 895, 2283, 2748, 2365, 1146, 169, 1596, 357, 94, 964, 99, 1224, 3108, 654, 2831, 592, 2797, 368, 1914, 1393, 2319, 2942, 778, 2631, 988, 2008, 1385, 2937, 201, 185, 2870, 1619, 2985, 714, 1980, 799, 1311, 2918, 848, 1414, 834, 135, 929, 156, 1660, 728, 2994, 2746, 2593, 748, 40, 577, 2625, 1633, 2758, 2106, 2576, 815, 2970, 1726, 2664, 805, 3129, 968, 2026, 2193, 2301, 2269, 1513, 330, 556, 3092, 341, 1870, 2428, 2034, 2124, 922, 2596, 1269, 146, 139, 1389, 546, 2006, 1810, 1764, 170, 1786, 1202, 2805, 105, 1776, 369, 1844, 1044, 956, 244, 383, 567, 161, 1431, 911, 1716, 32, 2254, 1594, 3018, 1680, 2868, 993, 7, 847, 587, 2615, 972, 1655, 491, 979, 2210, 1470, 1784, 1106, 648, 2209, 212, 845, 2580, 3054, 2962, 3026, 421, 2054, 575, 1622, 101, 2560, 1999, 1390, 0, 1762, 2528, 2763, 392, 2613, 827, 2377, 2713, 102, 2548, 2915, 941, 735, 855, 3113, 1995, 2750, 2670, 2736, 2846, 2887, 470, 301, 631, 154, 1669, 209, 1654, 20, 2553, 1645, 1881, 837, 1936, 701, 2698, 2184, 70, 1105, 1216, 3123, 3116, 1763, 41, 1139, 83, 1694, 1578, 1476, 1503, 1410, 1672, 3049, 1479, 2420, 2064, 2590, 273, 2028, 1169, 2900, 693, 1233, 207, 2886, 3047, 707, 579, 730, 385, 1298, 1203, 1606, 2606, 2089, 365, 130, 1005, 1152, 2093, 1093, 787, 2856, 3008, 2307, 1327, 571, 37, 2813, 3059, 2031, 2295, 2278, 1084, 463, 684, 1195, 1966, 2756, 1358, 2419, 1404, 2891, 2547, 152, 76, 2135, 619, 2574, 651, 2502, 2500, 3118, 925, 1292, 424, 1632, 2078, 977, 1826, 2221, 3061, 2266, 2675, 2439, 2649, 3104, 2714, 923, 2898, 745, 554, 1562, 1688, 997, 695, 729, 2462, 559, 2836, 164, 593, 828, 3083, 2965, 2284, 2858, 1974, 943, 835, 1752, 2458, 2163, 1041, 2065, 401, 2706, 1050, 1644, 1705, 2409, 1413, 2126, 1241, 525, 2267, 2544, 1874, 832, 2650, 3031, 1059, 1852, 2281, 814, 1339, 2108, 2624, 2496, 3023, 1453, 14, 1080, 2436, 2330, 196, 682, 1648, 1268, 1723, 1408, 226, 2335, 2170, 772, 2058, 2255, 2817, 1088, 67, 1098, 50, 1924, 426, 2077, 2896, 1835, 3050, 2250, 761, 2872, 2592, 2003, 1488, 294, 1335, 1600, 2326, 1143, 283, 2501, 2752, 2901, 3122, 597, 819, 2933, 807, 3038, 1887, 1964, 1297, 2485, 2820, 393, 1806, 195, 2743, 213, 2327, 3138, 178, 2386, 1077, 978, 3041, 1951, 448, 1690, 1089, 325, 396, 2508, 2685, 1530, 350, 3037, 887, 1350, 2256, 1406, 2348, 1659, 1833, 2080, 1779, 2776, 2117, 265, 789, 1225, 3125, 1027, 1785, 569, 1608, 1720, 2944, 543, 1907, 2474, 1474, 1521, 2554, 1466, 1492, 1486, 2393, 484, 890, 1363, 2109, 1982, 1212, 1777, 1305, 1328, 2793, 2461, 1157, 1896, 331, 1561, 1329, 214, 1160, 750, 1232, 2700, 1991, 1706, 843, 2157, 112, 2404, 297, 363, 2652, 1043, 1567, 944, 1226, 991, 601, 1407, 1409, 388, 2863, 811, 2470, 852, 2875, 2925, 2441, 333, 2188, 438, 2851, 716, 604, 1921, 2103, 842, 1071, 680, 3080, 2049, 1267, 2354, 2815, 2907, 2884, 511, 2312, 1745, 1356, 2324, 1247, 2383, 1334, 2622, 1900, 618, 1354, 702, 1211, 2223, 687, 336, 188, 857, 1631, 36, 780, 360, 1170, 203, 2791, 2660, 2234, 2257, 3095, 2917, 2727, 2973, 1288, 2359, 935, 552, 1544, 2183, 1728, 2203, 1756, 1959, 159, 586, 694, 2730, 1536, 2235, 1185, 1919, 1191, 2927, 2444, 602, 96, 110, 2083, 1456, 489, 1549, 1803, 2389, 1031, 3109, 2143, 246, 1266, 2926, 773, 17, 1165, 1035, 2084, 643, 166, 2888, 975, 2522, 2076, 474, 2233, 868, 2397, 155, 59, 1891, 683, 2286, 1809, 1163, 1496, 1987, 157, 1989, 1710, 2468, 459, 2007, 1332, 1502, 2573, 1954, 963, 2811, 1320, 2343, 685, 1370, 1778, 712, 2602, 2724, 1509, 1260, 123, 1086, 1371, 1131, 1460, 1662, 398, 2165, 1101, 854, 591, 1715, 2362, 2306, 231, 1523, 1501, 28, 1443, 550, 261, 274, 2445, 1494, 1051, 1299, 1992, 2464, 2339, 532, 2367, 1248, 998, 2766, 1073, 54, 3024, 996, 1129, 472, 2680, 1805, 2848, 2447, 2085, 1234, 1442, 704, 1222, 2216, 1506, 1739, 277, 1110, 158, 1961, 2475, 768, 312, 1771, 2835, 1427, 3084, 2704, 3042, 1177, 1094, 2495, 280, 1078, 1602, 1931, 1789, 2375, 2274, 1307, 3, 2371, 1275, 1173, 1526, 603, 2292, 2777, 1420, 145, 889, 808, 1673, 2139, 2847, 1312, 760, 309, 1096, 1993, 621, 2236, 605, 1120, 2323, 2052, 3010, 1975, 1528, 1979, 2825, 2314, 1587, 1011, 1140, 725, 1343, 377, 876, 1322, 346, 60, 417, 443, 1801, 2169, 534, 2936, 1583, 34, 2773, 753, 442, 488, 1998, 2289, 2156, 1537, 1257, 1767, 1564, 2452, 2476, 1731, 539, 1871, 1383, 422, 2892, 1916, 2466, 1446, 1775, 540, 189, 1392, 1020, 2247, 1667, 2876, 892, 1028, 727, 2857, 2783, 2617, 1324, 1960, 921, 1624, 402, 2245, 2035, 2385, 51, 2818, 2929, 2433, 2364, 1876, 449, 469, 1087, 733, 2081, 250, 332, 56, 458, 2899, 2449, 2796, 930, 2844, 1121, 1851, 2583, 2015, 1421, 1092, 2050, 2033, 1318, 2358, 1650, 1340, 375, 2066, 3053, 1067, 1730, 1698, 1671, 2355, 2689, 1480, 223, 1937, 72, 2510, 2001, 655, 23, 1125, 2946, 419, 1063, 1609, 1781, 437, 2456, 1255, 2803, 839, 771, 2016, 2953, 2792, 950, 2582, 2302, 1192, 2174, 1230, 1518, 287, 966, 965, 1586, 340, 1625, 2924, 1246, 1432, 1724, 697, 2164, 501, 464, 2765, 2757, 2823, 30, 456, 361, 934, 2591, 2412, 2725, 1384, 2102, 1699, 644, 2770, 2864, 380, 1656, 1948, 3055, 2557, 1918, 914, 2715, 1934, 751, 1237, 2932, 797, 1604, 600, 1986, 433, 395, 2152, 1136, 473, 447, 3063, 471, 2212, 253, 208, 1527, 371, 403, 2248, 1811, 2062, 1352, 1823, 1075, 2387, 2181, 656, 1204, 500, 2073, 3014, 948, 2002, 2138, 1197, 16, 2604, 1885, 1235, 144, 2287, 1855, 829, 1372, 1368, 1463, 1568, 2920, 3100, 1556, 168, 121, 1012, 307, 2897, 391, 800, 886, 2505, 519, 2837, 2719, 25, 2259, 2490, 2215, 853, 3060, 173, 1484, 2225, 1364, 533, 1425, 909, 1344, 2662, 522, 224, 588, 238, 2691, 1079, 3097, 1348, 2988, 514, 2790, 1069, 2069, 1909, 1827, 1128, 2802, 860, 2532, 1144, 315, 521, 216, 1171, 1500, 3085, 2520, 2112, 62, 462, 581, 1957, 2616, 1657, 1293, 1102, 2618, 2171, 1579, 406, 1988, 2463, 2639, 270, 2249, 1963, 3064, 1116, 2263, 871, 1294, 754, 1401, 2450, 870, 151, 2806, 1259, 3048, 1576, 1137, 2809, 313, 2769, 952, 2473, 1469, 26, 2198, 726, 2478, 545, 1911, 2772, 1439, 879, 1754, 33, 284, 2297, 2983, 1569, 1491, 1452, 2855, 2340, 1733, 3021, 3029, 756, 3079, 200, 2676, 257, 2992, 636, 1359, 1692, 783, 1064, 77, 1857, 905, 2370, 6, 2799, 568, 2995, 1331, 2095, 2131, 2930, 1580, 441, 2051, 774, 2952, 2940, 742, 2360, 2396, 2483, 69, 2296, 2013, 258, 528, 2956, 749, 946, 2957, 478, 2482, 1289, 3096, 119, 763, 1759, 2424, 55, 1910, 2734, 1641, 1623, 374, 2564, 136, 1697, 2996, 3126, 1134, 1418, 2059, 1333, 1291, 576, 617, 796, 111, 103, 1090, 2575, 1534, 1271, 585, 888, 1240, 187, 2092, 1493, 698, 2082, 2819, 544, 2991, 2976, 2285, 1543, 1589, 2390, 1888, 1265, 454, 344, 2175, 2024, 1303, 2702, 1584, 1890, 291, 153, 1377, 1940, 1508, 2497, 509, 1214, 897, 2451, 2986, 1000, 1061, 548, 3016, 720, 2619, 1188, 951, 2747, 1167, 736, 2567, 1721, 1877, 2018, 98, 908, 863, 2507, 2798, 81, 2665, 2608, 3027, 356, 3006, 1336, 2258, 18, 2690, 1962, 2240, 2760, 1376, 1628, 2070, 2201, 1663, 818, 2762, 1013, 1883, 2550, 1719, 3028, 263, 2096, 2422, 681, 1396, 2794, 382, 718, 1499, 1168, 434, 984, 688, 516, 3098, 2913, 1055, 2352, 1221, 171, 1585, 1068, 1734, 2845, 1581, 1749, 264, 1345, 355, 2161, 674, 2142, 782, 867, 2010, 1933, 739, 1928, 2903, 3032, 324, 2726, 2218, 1082, 1893, 1023, 1272, 271, 709, 2398, 230, 298, 2116, 2191, 233, 3019, 1256, 953, 42, 2744, 719, 1130, 276, 2717, 882, 141, 2182, 1819, 397, 1830, 308, 2563, 138, 420, 1046, 451, 1010, 841, 3065, 2226, 589, 817, 877, 2448, 1181, 3003, 724, 1325, 2854, 425, 1875, 2045, 1070, 530, 549, 2086, 969, 2197, 1270, 2524, 1946, 2313, 1790, 786, 493, 931, 1487, 875, 2943, 1113, 1570, 1201, 236, 862, 1159, 2822, 1477, 1847, 885, 776, 321, 457, 2275, 1925, 2022, 1306, 323, 2912, 2603, 1150, 13, 1049, 1878, 2948, 3007, 1187, 777, 176, 2828, 1978, 1454, 1863, 1750, 710, 317, 142, 93, 1665, 810, 572, 2140, 553, 798, 894, 2345, 1902, 2780, 2599, 1636, 859, 1337, 2479, 2136, 1490, 531, 228, 2021, 626, 2764, 2426, 1642, 184, 241, 1853, 1915, 198, 3022, 1588, 296, 2199, 2788, 612, 358, 2679, 2144, 2768, 362, 1708, 2334, 2361, 1590, 781, 584, 2332, 1634, 1321, 120, 919, 1285, 1062, 1533, 821, 2336, 63, 1744, 647, 1309, 1546, 738, 310, 1751, 1849, 353, 620, 2720, 823, 428, 806, 1326, 1194, 2861, 1905, 12, 1072, 1635, 1718, 980, 1047, 2509, 566, 633, 1122, 2526, 3090, 1626, 160, 1551, 896, 322, 3086, 351, 2572, 2000, 2816, 1380, 649, 465, 2342, 364, 3069, 1601, 367, 162, 1495, 2778, 1880, 2440, 1800, 2694, 2658, 989, 2446, 932, 838, 455, 2774, 825, 2697, 366, 1042, 2492, 2242, 757, 3052, 2674, 29, 1290, 590, 2048, 282, 2873, 670, 1056, 820, 1119, 2014, 1411, 247, 866, 3082, 1429, 2369, 1015, 339, 1254, 237, 2749, 3076, 2977, 2012, 2712, 372, 622, 1550, 1244, 1210, 73, 2303, 58, 982, 1661, 1868, 3039, 2993, 1215, 1273, 1970, 2321, 708, 752, 1399, 1758, 1239, 227, 1793, 2219, 2090, 1278, 48, 1670, 976, 881, 2094, 1649, 1685, 1820, 2011, 1104, 524, 2647, 53, 1703, 907, 664, 100, 971, 1554, 2938, 936, 1511, 1365, 2610, 2595, 809, 1483, 2187, 1848, 2277, 538, 2881, 2667, 2030, 2832, 1416, 2145, 883, 1679, 1174, 2294, 2578, 624, 1180, 2889, 2453, 2723, 1780, 1647, 481, 498, 304, 2556, 1341, 1932, 1099, 2693, 746, 913, 2833, 125, 2173, 19, 1132, 1436, 2039, 2401, 245, 2782, 2525, 3134, 181, 2951, 2172, 665, 1643, 2919, 2356, 1193, 172, 4, 635, 675, 2253, 343, 254, 2467, 873, 1859, 1141, 64, 2133, 2220, 97, 1867, 2151, 2754, 319, 634, 2807, 266, 2486, 924, 1482, 1108, 2017, 2598, 1532, 2372, 255, 2839, 2834, 87, 1599, 2562, 2134, 2911, 2885, 3066, 89, 182, 3099, 2388, 293, 1209, 2729, 2902, 703, 1693, 1400, 2123, 2310, 1686, 638, 2382, 3013, 2023, 1525, 928, 2967, 1199, 790, 794, 874, 2916, 2224, 1276, 2230, 2663, 427, 1740, 1976, 1510, 508, 2025, 143, 1573, 2671, 1742, 1236, 2812, 1057, 2489, 864, 288, 389, 2632, 2160, 1189, 2594, 791, 706, 202, 1804, 2627, 769, 2711, 679, 1882, 3057, 518, 1330, 49, 1595, 1725, 955, 2775, 3044, 2657, 2687, 2141, 1597, 2207, 903, 3002, 2669, 2154, 436, 2655, 595, 1095, 1133, 117, 1475, 256, 2628, 2194, 252, 2718, 1402, 2232, 399, 390, 653, 512, 1796, 415, 3115, 2921, 2381, 232, 1114, 2272, 104, 2150, 2200, 2265, 2866, 1630, 641, 3101, 2795, 1065, 1942, 1198, 299, 467, 1444, 2041, 268, 836, 1162, 558, 640, 2088, 1808, 1379, 1658, 342, 1142, 318, 833, 1433]
labeling = [1331, 363, 258, 1823, 2651, 280, 2167, 1307, 1105, 1187, 1053, 785, 2493, 2412, 606, 145, 2039, 1711, 2276, 2635, 1357, 1194, 699, 1950, 1013, 2065, 2134, 911, 1767, 2537, 1988, 540, 1302, 1193, 1868, 1040, 1663, 1410, 1000, 52, 1255, 1371, 2344, 1143, 1131, 589, 992, 436, 2586, 2736, 1512, 1905, 757, 2592, 1784, 2197, 1918, 551, 2565, 1724, 1861, 81, 2102, 2475, 2660, 613, 690, 1510, 793, 1173, 1365, 1202, 1947, 1553, 1045, 384, 1426, 2163, 347, 625, 388, 2273, 331, 1373, 835, 282, 222, 2677, 607, 2032, 529, 276, 724, 2200, 1083, 262, 1699, 2663, 2267, 1217, 2595, 1327, 1341, 2218, 2775, 1290, 730, 198, 150, 154, 1700, 2216, 1611, 1069, 626, 559, 1124, 2756, 717, 2194, 2468, 2055, 307, 1750, 265, 2633, 753, 408, 866, 776, 1402, 396, 712, 138, 274, 1244, 2205, 1179, 2355, 1282, 829, 2351, 2424, 2713, 2043, 1832, 1280, 405, 195, 951, 1087, 2125, 1425, 2246, 1354, 1723, 1246, 1732, 1802, 1687, 2503, 1298, 2517, 689, 1454, 890, 1715, 142, 2054, 1214, 1286, 2306, 2650, 2071, 1029, 1144, 2418, 484, 1544, 356, 1064, 2644, 2683, 1127, 2448, 1233, 87, 2224, 1660, 1888, 1038, 531, 1147, 656, 1074, 1540, 1497, 202, 2452, 1154, 2154, 1229, 2728, 1668, 199, 787, 1034, 1388, 2021, 1356, 47, 573, 1320, 1542, 1602, 219, 2095, 41, 745, 521, 755, 702, 1122, 1946, 2078, 76, 1503, 2579, 2444, 395, 1508, 1764, 2772, 2340, 53, 241, 2395, 2555, 2080, 1206, 1088, 2449, 96, 182, 1294, 2640, 1707, 2547, 1073, 306, 1916, 756, 2761, 1316, 643, 2676, 2758, 2156, 2187, 528, 143, 1770, 928, 2293, 2315, 1569, 2669, 373, 2788, 165, 2113, 2335, 1065, 1181, 1771, 1182, 2348, 1800, 6, 976, 1815, 80, 1200, 1524, 2143, 816, 339, 1971, 2721, 731, 146, 2245, 652, 2685, 1521, 83, 2454, 1603, 2323, 2785, 654, 1352, 416, 1145, 2624, 574, 1052, 2057, 2356, 1839, 2485, 713, 1806, 2131, 562, 2093, 475, 2425, 2799, 1247, 679, 2402, 2506, 2408, 2328, 1552, 667, 26, 500, 333, 1271, 1598, 1917, 1627, 357, 63, 1659, 872, 1083, 2553, 1976, 674, 2797, 2655, 2239, 463, 1859, 944, 375, 1141, 1557, 299, 390, 2487, 623, 2316, 303, 1215, 2457, 407, 1666, 1989, 2460, 1615, 2514, 1400, 2531, 2518, 1223, 1293, 371, 2019, 2561, 185, 2202, 1935, 490, 1856, 1173, 172, 1999, 478, 2298, 1296, 141, 1393, 37, 305, 811, 2722, 104, 2058, 1335, 1538, 853, 2014, 1553, 465, 1757, 2764, 1048, 1469, 1902, 2022, 1139, 186, 2110, 818, 117, 348, 1056, 447, 501, 420, 174, 2769, 10, 1863, 671, 1953, 2358, 1324, 1883, 175, 1435, 2373, 43, 2708, 2489, 541, 429, 1151, 906, 2012, 8, 129, 2752, 1957, 1626, 759, 256, 2176, 1870, 1865, 1080, 489, 25, 2018, 1549, 1909, 820, 2360, 22, 264, 424, 2528, 1987, 2403, 687, 1735, 1196, 471, 2100, 416, 1983, 2512, 222, 748, 314, 1912, 869, 2020, 1788, 2016, 1669, 214, 709, 643, 2190, 740, 611, 2322, 274, 95, 294, 377, 181, 79, 1095, 1703, 875, 1311, 60, 2387, 360, 353, 756, 1091, 2335, 1125, 2032, 1528, 731, 201, 183, 350, 422, 6, 1679, 599, 631, 1642, 2766, 736, 555, 51, 2304, 149, 451, 2062, 821, 2094, 2077, 1156, 318, 1476, 855, 15, 358, 1037, 2377, 2443, 1778, 320, 1817, 315, 34, 200, 1090, 1881, 1887, 1161, 900, 1578, 2230, 2139, 1283, 697, 2256, 1506, 1769, 599, 1680, 2430, 1448, 404, 1269, 1099, 2791, 871, 441, 167, 748, 583, 18, 1113, 823, 1297, 2169, 1575, 34, 1409, 2427, 657, 661, 1326, 2213, 1250, 116, 159, 1070, 2103, 177, 56, 2465, 2221, 1688, 1309, 2079, 2366, 2539, 1760, 1221, 1455, 567, 2753, 214, 1529, 873, 127, 2010, 1619, 1697, 1828, 1631, 1843, 750, 450, 317, 784, 223, 502, 2456, 474, 77, 1001, 592, 2214, 1653, 1428, 2482, 1234, 2558, 1178, 2616, 514, 2440, 1050, 184, 272, 1157, 1353, 582, 2498, 2667, 2652, 2158, 845, 2695, 664, 2792, 2779, 813, 1714, 1997, 378, 71, 2477, 1317, 2511, 1042, 1430, 718, 2765, 1220, 1949, 2031, 901, 192, 1174, 995, 1060, 1055, 565, 2594, 2647, 594, 897, 746, 446, 2541, 1030, 1108, 454, 2318, 2654, 1058, 1167, 506, 2733, 1636, 2297, 1496, 1726, 1415, 1743, 763, 1658, 2303, 191, 443, 686, 662, 1386, 1689, 1451, 926, 1981, 2227, 676, 365, 1363, 1655, 2689, 1795, 617, 2261, 1391, 2574, 2336, 2422, 1, 1746, 210, 1236, 1160, 1630, 524, 2299, 2346, 2258, 1022, 950, 493, 2370, 1854, 2136, 1895, 1248, 1453, 1392, 61, 324, 1914, 1007, 1345, 2262, 1097, 2483, 2324, 1186, 1176, 2180, 1094, 975, 1447, 2631, 268, 1254, 2186, 1605, 1616, 2575, 1869, 2121, 863, 2152, 2535, 190, 123, 1838, 1517, 876, 2195, 437, 244, 716, 608, 1805, 2731, 945, 591, 1507, 1667, 726, 7, 2401, 2417, 1230, 486, 1665, 2464, 2320, 2161, 1150, 217, 2384, 1401, 482, 1570, 2702, 2727, 575, 1172, 2703, 817, 2215, 2008, 2431, 1239, 2059, 54, 1110, 597, 781, 1263, 2488, 1533, 1834, 2604, 2428, 1621, 1112, 903, 1489, 1260, 593, 2365, 2286, 1531, 2543, 2472, 1164, 2486, 719, 2529, 885, 1337, 1456, 2045, 943, 1192, 1481, 2801, 1243, 1463, 2789, 1361, 2526, 1961, 904, 2362, 1634, 1609, 578, 1319, 852, 1308, 1241, 508, 584, 513, 1623, 2069, 1759, 1346, 797, 1661, 35, 2437, 2091, 89, 2397, 2268, 2720, 895, 2548, 2321, 1721, 343, 2124, 2119, 859, 2657, 2700, 2390, 1857, 2367, 801, 2142, 1103, 2582, 2350, 2613, 234, 2400, 2060, 1559, 2222, 1833, 1588, 535, 1894, 14, 2432, 1208, 2505, 2252, 338, 252, 300, 60, 291, 2748, 929, 2165, 870, 2593, 1426, 1016, 861, 1299, 1142, 2630, 2004, 685, 174, 15, 88, 2469, 32, 1901, 1277, 1445, 2670, 47, 89, 1098, 2698, 1245, 1922, 2388, 2527, 120, 1990, 176, 2601, 349, 376, 10, 134, 1344, 546, 1462, 948, 1148, 2188, 683, 2035, 188, 1965, 2260, 838, 2343, 639, 2740, 1292, 299, 561, 132, 1025, 674, 67, 1740, 1216, 1975, 1973, 254, 1265, 2379, 389, 2596, 1312, 12, 52, 1717, 366, 1437, 1546, 1001, 2495, 1130, 2566, 461, 2302, 169, 548, 1163, 883, 2525, 165, 822, 235, 1275, 737, 8, 1786, 1450, 1781, 266, 2255, 1116, 176, 341, 580, 1399, 227, 302, 889, 230, 2361, 1852, 2056, 2288, 164, 2552, 116, 435, 862, 85, 1890, 398, 645, 2333, 204, 189, 569, 1573, 100, 68, 800, 1705, 516, 1195, 896, 1713, 462, 40, 504, 14, 844, 1467, 523, 1612, 169, 413, 2359, 2496, 231, 1925, 1471, 1498, 207, 240, 88, 2285, 2542, 2719, 940, 1484, 279, 1365, 2471, 1954, 2162, 2782, 33, 1938, 2310, 300, 2376, 1635, 136, 1783, 92, 404, 1183, 388, 1816, 2082, 997, 1032, 2331, 201, 6, 615, 1752, 1913, 1506, 1551, 24, 298, 1928, 624, 1813, 2754, 1840, 303, 1508, 2628, 1175, 1437, 2079, 952, 2590, 248, 1316, 955, 609, 228, 1801, 232, 722, 2392, 2774, 707, 2117, 880, 774, 2544, 1844, 215, 2499, 550, 273, 1951, 658, 894, 2088, 1787, 2347, 1754, 2636, 2755, 2208, 257, 2015, 2130, 1170, 1372, 1853, 2659, 2798, 1523, 2092, 933, 1212, 704, 830, 336, 2411, 935, 1403, 637, 278, 240, 131, 1596, 738, 2396, 1604, 428, 2790, 1729, 498, 1709, 988, 2263, 2301, 1385, 1664, 2096, 850, 1826, 2617, 1120, 492, 1812, 439, 326, 2619, 2369, 171, 308, 552, 1693, 1093, 2416, 2259, 2724, 224, 1695, 1969, 2649, 2491, 1417, 996, 2038, 2784, 2701, 1104, 2394, 1288, 1395, 2033, 647, 1199, 178, 367, 2686, 2563, 1656, 1590, 886, 2251, 2570, 1367, 409, 834, 766, 795, 2311, 1796, 723, 1218, 1571, 1617, 772, 1115, 682, 1970, 956, 1601, 1387, 1793, 2042, 2717, 2006, 289, 2577, 2223, 1479, 1003, 44, 2562, 112, 1978, 1648, 1780, 98, 168, 379, 1077, 819, 2554, 1959, 2342, 1874, 549, 2127, 1751, 84, 1079, 148, 487, 2238, 1710, 733, 1499, 1279, 2381, 2220, 2334, 2571, 397, 1825, 2705, 915, 2585, 121, 1133, 412, 760, 229, 87, 2470, 577, 91, 1678, 2192, 2538, 2212, 1434, 2106, 2120, 522, 18, 1535, 1394, 1774, 806, 351, 1207, 2241, 1168, 1591, 2407, 1822, 238, 2479, 383, 1238, 1837, 596, 881, 668, 297, 563, 1931, 981, 1742, 2467, 1858, 403, 1899, 2371, 2490, 1407, 1593, 1600, 2737, 2171, 1736, 2211, 1650, 1522, 939, 2439, 914, 1486, 1934, 2626, 372, 1855, 2076, 2314, 826, 136, 2084, 283, 1560, 869, 2027, 1044, 1654, 641, 1645, 912, 1420, 2160, 212, 986, 448, 1585, 2074, 2602, 857, 370, 2050, 477, 1744, 1753, 2048, 358, 1002, 335, 2281, 2247, 576, 2796, 2510, 530, 586, 1882, 1995, 1227, 953, 152, 614, 1281, 1330, 884, 1889, 1225, 659, 621, 2296, 33, 1059, 2576, 2690, 2122, 2763, 1169, 1422, 380, 1562, 1616, 1501, 1618, 1378, 2546, 290, 1474, 1242, 1006, 2031, 188, 2209, 495, 1831, 1927, 225, 197, 287, 2075, 1021, 1807, 908, 2550, 111, 1300, 1979, 2800, 899, 480, 2637, 161, 810, 2138, 42, 1017, 1794, 1768, 2786, 677, 1885, 57, 1189, 1008, 970, 58, 2147, 1493, 2420, 698, 1702, 237, 285, 663, 1755, 1046, 871, 2047, 815, 1191, 1583, 648, 825, 2133, 1314, 349, 538, 107, 1580, 2757, 1375, 2398, 1123, 1380, 1944, 758, 2671, 2605, 2072, 293, 1586, 2389, 1520, 892, 2442, 2148, 1584, 2226, 1773, 2520, 1730, 1005, 832, 2300, 2097, 1766, 1737, 1376, 103, 203, 1798, 913, 2249, 1749, 2711, 2600, 849, 1270, 1129, 467, 651, 155, 1972, 149, 125, 1581, 773, 1765, 982, 2697, 1827, 2023, 1848, 1111, 1556, 457, 2674, 2473, 2219, 216, 1691, 1873, 610, 69, 968, 55, 811, 2234, 1681, 163, 2481, 930, 708, 1704, 2560, 2504, 1190, 732, 2598, 595, 2053, 618, 329, 602, 220, 1599, 1449, 558, 1878, 804, 715, 1614, 2049, 2146, 2393, 391, 179, 2714, 839, 100, 2129, 591, 1374, 2109, 2175, 2312, 993, 1864, 2243, 2308, 1974, 1850, 2453, 2235, 2463, 539, 109, 118, 1305, 2738, 1213, 2746, 934, 2678, 61, 2516, 1817, 673, 2009, 270, 1396, 425, 1576, 1955, 194, 400, 1068, 8, 606, 160, 510, 63, 211, 1235, 95, 362, 1231, 2203, 1482, 1349, 2502, 1159, 2282, 0, 2778, 1662, 536, 1252, 148, 2494, 2436, 739, 25, 70, 491, 2201, 355, 1357, 1472, 1359, 32, 2622, 1498, 48, 1933, 5, 101, 284, 31, 2, 473, 1757, 2793, 646, 1247, 2567, 1756, 2285, 729, 2426, 230, 1892, 802, 1355, 2580, 1941, 1379, 1835, 942, 532, 116, 1106, 1205, 2615, 81, 609, 947, 186, 161, 2587, 784, 135, 693, 110, 1550, 721, 2159, 250, 387, 305, 525, 104, 1940, 1993, 248, 846, 200, 93, 320, 1473, 1608, 322, 256, 0, 40, 340, 587, 874, 572, 1761, 1301, 807, 855, 111, 1577, 1887, 97, 1500, 1980, 2739, 64, 1203, 1683, 75, 1939, 1875, 1198, 1777, 1902, 800, 949, 33, 1185, 1799, 2709, 786, 2715, 59, 2476, 1646, 1035, 1152, 910, 581, 1914, 2478, 1464, 553, 2140, 790, 1684, 328, 361, 2196, 735, 312, 1332, 1370, 1285, 848, 998, 1876, 226, 843, 927, 1808, 310, 9, 86, 1886, 1291, 1592, 1745, 1566, 2623, 1956, 213, 734, 1315, 1574, 1287, 628, 1204, 1820, 2386, 126, 65, 2581, 175, 983, 2767, 1138, 56, 598, 2519, 1860, 411, 22, 2729, 1790, 1539, 938, 2795, 1727, 1284, 2025, 455, 115, 1057, 1043, 4, 959, 665, 2353, 2588, 246, 11, 2028, 842, 304, 1439, 2089, 488, 727, 2354, 747, 23, 1564, 1126, 1513, 445, 601, 941, 635, 622, 1086, 778, 30, 1295, 5, 916, 2399, 2608, 2480, 692, 1924, 1485, 2450, 1118, 2046, 243, 2164, 458, 2658, 1180, 711, 263, 2423, 547, 187, 49, 2664, 2568, 346, 1273, 1879, 496, 744, 1480, 2374, 1911, 2265, 2413, 556, 2521, 1360, 2734, 2290, 720, 2041, 423, 1534, 2237, 32, 2244, 1725, 928, 2332, 642, 361, 1597, 882, 653, 456, 1652, 398, 2433, 355, 1066, 2492, 427, 1457, 961, 2087, 2199, 2141, 1019, 460, 1224, 2451, 1884, 771, 2003, 1694, 233, 1632, 1072, 11, 254, 2406, 1089, 888, 2325, 38, 1165, 1818, 2627, 2323, 282, 499, 1362, 1945, 45, 93, 2248, 73, 2783, 1011, 1109, 1004, 2383, 281, 2000, 588, 856, 1548, 997, 1015, 1739, 158, 987, 2104, 838, 1686, 1900, 1803, 2278, 2115, 1536, 410, 1418, 809, 991, 515, 2572, 120, 672, 701, 1461, 494, 2710, 570, 2421, 1849, 1237, 288, 1589, 0, 898, 328, 2011, 1731, 2111, 1733, 14, 1607, 1775, 1841, 453, 1348, 794, 820, 1871, 1329, 570, 1948, 590, 114, 418, 862, 183, 779, 92, 705, 2322, 2589, 2062, 1821, 2545, 1926, 1962, 2672, 2266, 2, 469, 2445, 2405, 2694, 174, 2712, 1266, 5, 725, 961, 87, 1413, 624, 1930, 1275, 1904, 768, 354, 1193, 2638, 1201, 2787, 401, 481, 16, 2375, 464, 966, 2540, 1640, 1929, 2177, 1846, 1137, 1325, 50, 1085, 156, 1502, 2210, 344, 973, 2026, 1140, 1382, 1468, 1936, 385, 144, 2086, 2283, 247, 374, 2034, 999, 1075, 1719, 1514, 1436, 206, 1565, 1915, 2228, 1701, 1712, 1792, 2378, 808, 2794, 1398, 2578, 36, 2225, 1404, 2584, 2172, 2295, 459, 566, 74, 208, 162, 1996, 1633, 151, 48, 1257, 119, 1491, 1587, 62, 544, 2101, 82, 775, 137, 2338, 1568, 542, 792, 286, 731, 824, 2691, 1276, 962, 1477, 752, 1107, 294, 1010, 2173, 205, 2661, 2680, 1427, 2441, 520, 2037, 1836, 2429, 2745, 2319, 1708, 2458, 2612, 965, 967, 43, 311, 2773, 2665, 2013, 636, 2751, 497, 1793, 1610, 803, 831, 2725, 2317, 681, 1466, 1982, 1758, 1012, 386, 325, 1862, 491, 2108, 2646, 2634, 1968, 2240, 13, 1134, 798, 108, 1031, 2030, 2352, 1682, 1366, 974, 687, 2606, 1629, 359, 887, 2339, 451, 1267, 2760, 1119, 309, 2380, 2135, 2455, 2776, 2284, 301, 1685, 140, 627, 560, 2747, 969, 1318, 1313, 292, 2017, 700, 327, 2068, 1797, 449, 2330, 2583, 2662, 1438, 907, 1657, 2704, 2073, 2364, 1102, 1023, 471, 2706, 600, 1469, 1720, 1672, 1692, 1842, 323, 694, 421, 2279, 1071, 2533, 919, 433, 1903, 936, 1891, 2024, 2114, 1516, 767, 972, 2653, 1303, 1509, 1561, 1673, 2275, 2066, 1082, 783, 402, 2118, 334, 2777, 1442, 587, 666, 435, 980, 431, 2771, 751, 1821, 2404, 128, 2610, 1416, 90, 527, 1487, 814, 1209, 1459, 2233, 1728, 2044, 472, 1872, 1158, 505, 1829, 59, 2618, 1414, 2185, 2144, 1067, 564, 28, 1268, 1967, 2564, 1027, 507, 1763, 1408, 879, 877, 2693, 1049, 1644, 2385, 1851, 106, 1100, 964, 528, 1226, 452, 2573, 485, 1845, 1647, 590, 929, 1541, 381, 854, 1495, 614, 2466, 554, 2461, 1505, 2474, 159, 612, 1777, 2149, 330, 2513, 934, 1177, 108, 139, 277, 1563, 417, 1076, 476, 2309, 114, 1637, 1942, 2648, 1063, 1932, 1679, 2182, 2462, 1762, 918, 1910, 1211, 73, 1779, 22, 2551, 2166, 1824, 2675, 409, 117, 1819, 695, 1338, 193, 465, 540, 2770, 2692, 1649, 45, 1058, 1545, 2029, 124, 186, 2236, 512, 489, 269, 360, 8, 2184, 1722, 2337, 1121, 971, 2639, 853, 891, 1613, 427, 91, 316, 833, 1475, 201, 728, 1991, 139, 1128, 1036, 303, 52, 1090, 1421, 1381, 68, 2292, 14, 2198, 19, 2447, 153, 1274, 1200, 557, 434, 511, 1907, 133, 847, 1494, 620, 703, 1232, 2522, 1625, 1014, 585, 1698, 1772, 1738, 1791, 2368, 1920, 2123, 2253, 1880, 2620, 693, 921, 1958, 432, 1465, 103, 105, 1595, 1452, 2112, 1776, 960, 373, 2656, 1734, 1061, 1622, 782, 342, 859, 1579, 1804, 932, 66, 2137, 2438, 924, 1181, 2191, 2183, 269, 1537, 2105, 669, 1096, 83, 2067, 893, 2532, 158, 34, 1814, 1490, 2250, 173, 868, 1433, 1525, 1431, 369, 650, 2061, 131, 2269, 1554, 2497, 43, 124, 56, 245, 954, 1026, 536, 236, 250, 518, 2098, 836, 1718, 743, 2382, 2642, 2500, 858, 1333, 1018, 92, 1155, 1405, 166, 670, 332, 494, 31, 644, 426, 710, 1054, 64, 726, 1478, 470, 135, 1424, 1343, 20, 2289, 990, 79, 1358, 1582, 468, 2625, 2002, 994, 572, 1328, 204, 2679, 2357, 2204, 517, 680, 2264, 25, 1146, 415, 91, 2508, 1738, 1429, 2217, 1259, 632, 2614, 251, 114, 352, 1966, 1925, 387, 932, 646, 979, 791, 245, 1383, 1992, 1519, 1253, 2726, 2597, 1278, 777, 2673, 2435, 634, 479, 1747, 2409, 2040, 24, 1397, 0, 2270, 537, 2603, 275, 1184, 1336, 765, 1310, 2105, 1898, 2107, 1731, 655, 1092, 1651, 106, 1488, 1256, 1047, 2730, 2759, 616, 543, 553, 2723, 444, 545, 281, 1166, 1114, 3, 1061, 874, 260, 141, 985, 733, 259, 1084, 2591, 523, 1440, 1482, 34, 129, 603, 70, 850, 895, 2743, 2524, 1101, 1671, 605, 1550, 2707, 1262, 1338, 267, 2609, 48, 2750, 1349, 2716, 109, 466, 2536, 459, 2155, 253, 740, 446, 1789, 923, 102, 117, 691, 1555, 60, 2744, 110, 1943, 2277, 2081, 136, 2629, 2523, 1078, 271, 2530, 1364, 761, 1606, 920, 2242, 796, 1810, 130, 1470, 17, 649, 769, 688, 2732, 705, 1339, 1444, 2005, 8, 2349, 2762, 2064, 2484, 429, 424, 1648, 1748, 1994, 2329, 1676, 18, 2687, 1690, 170, 398, 860, 2200, 10, 355, 54, 840, 72, 438, 298, 1020, 157, 2345, 255, 1251, 2261, 1210, 2556, 1342, 296, 1526, 741, 2666, 249, 1419, 1985, 1258, 837, 2280, 486, 2287, 1334, 2446, 1984, 1782, 799, 2459, 2132, 1998, 696, 742, 1867, 2406, 2741, 1567, 1830, 614, 519, 2434, 104, 2641, 1897, 440, 615, 822, 318, 261, 5, 423, 1670, 1964, 1594, 2294, 2781, 1921, 1222, 2271, 2168, 619, 8, 2090, 1960, 3, 1289, 2126, 2668, 978, 976, 400, 1741, 2718, 1411, 770, 1639, 2509, 1504, 1906, 2229, 411, 78, 595, 1986, 633, 513, 931, 779, 2419, 55, 948, 457, 2611, 2632, 2580, 106, 311, 2063, 568, 298, 1051, 253, 823, 675, 1923, 2313, 1350, 297, 204, 865, 295, 1628, 368, 561, 2372, 245, 1405, 1896, 1460, 1033, 902, 10, 581, 1620, 42, 1153, 535, 24, 1304, 382, 1232, 1149, 1518, 1278, 2, 425, 1893, 19, 307, 47, 725, 2607, 337, 421, 1643, 1680, 1389, 1351, 1716, 2621, 909, 1423, 1877, 533, 242, 917, 1511, 1145, 1446, 1919, 1384, 1527, 2688, 2326, 366, 193, 419, 1641, 526, 742, 1162, 2681, 2410, 2307, 345, 1340, 1375, 1675, 1240, 179, 2051, 2009, 922, 135, 1977, 1624, 654, 1696, 18, 1908, 2174, 851, 2007, 1530, 977, 749, 1866, 1231, 2599, 221, 2179, 925, 1228, 2391, 1159, 473, 1952, 957, 2414, 1171, 867, 2645, 2178, 1963, 239, 706, 2189, 2181, 442, 430, 1081, 1041, 1322, 989, 46, 1458, 638, 2699, 905, 678, 1261, 392, 1135, 1677, 1039, 958, 2232, 2559, 235, 503, 937, 147, 828, 2145, 1028, 1234, 2254, 1009, 2085, 313, 660, 2231, 2157, 2500, 1249, 2170, 2206, 939, 64, 714, 769, 1062, 2749, 276, 984, 1117, 2274, 2415, 1406, 21, 1847, 441, 399, 2696, 2036, 122, 2257, 640, 1306, 2341, 483, 2150, 846, 1492, 1785, 883, 1323, 2272, 2291, 2151, 27, 1483, 2327, 780, 805, 414, 1197, 1558, 1532, 2569, 963, 1547, 1811, 393, 2742, 1132, 764, 1390, 2128, 1377, 1515, 218, 2534, 1937, 1321, 2001, 157, 2735, 29, 1412, 2070, 1441, 630, 1195, 2116, 2363, 2682, 321, 1016, 2515, 261, 209, 180, 604, 94, 215, 2557, 754, 31, 2153, 1638, 319, 2549, 1457, 1809, 2099, 2507, 788, 841, 113, 2501, 1136, 1272, 406, 571, 1674, 2193, 2083, 2305, 2684, 2052, 2780, 762, 509, 1443, 534, 812, 579, 1219, 1706, 878, 827, 364, 1347, 946, 2768, 1369, 864, 1432, 51, 394, 1024, 1528, 1368, 789, 1572, 2207, 1188, 684, 1264, 541, 196, 37, 39, 2643, 99, 629, 555, 1543, 1095]
convergência = []

===== FIM =====
