===== RESULTADO BRKGA L(2,1) =====
Arquivo: /Users/mateuspedrosa/Documents/TCC-II/BRKGA/data/NR_DIMACS_cleaned/san1000_clean.mtx

----- Execução #1 -----
[INFO] Time limit atingido: 15 minutos. Esgotado durante a inicialização da população.
Tempo de execução: 900477ms
Span (lambda): 999
best_order = [634, 24, 907, 721, 492, 241, 786, 380, 743, 981, 195, 555, 186, 352, 109, 466, 446, 854, 889, 27, 184, 922, 740, 536, 686, 910, 65, 249, 471, 416, 393, 604, 49, 119, 225, 218, 985, 44, 245, 122, 857, 129, 116, 238, 169, 643, 479, 114, 370, 933, 371, 783, 500, 220, 403, 222, 233, 904, 858, 556, 546, 736, 148, 71, 813, 552, 503, 448, 266, 324, 330, 955, 644, 275, 696, 891, 708, 465, 814, 273, 566, 460, 821, 588, 26, 691, 6, 45, 582, 77, 805, 959, 666, 257, 645, 39, 809, 807, 54, 852, 906, 501, 391, 988, 866, 653, 301, 271, 559, 662, 132, 670, 205, 551, 214, 710, 82, 987, 819, 423, 794, 723, 354, 782, 609, 934, 735, 18, 133, 250, 572, 494, 361, 841, 215, 798, 829, 531, 875, 115, 632, 138, 329, 521, 871, 890, 585, 93, 641, 451, 11, 359, 13, 350, 639, 246, 159, 998, 59, 347, 579, 982, 436, 647, 34, 229, 673, 461, 134, 627, 690, 795, 467, 95, 263, 767, 92, 539, 253, 915, 247, 533, 823, 368, 317, 941, 197, 232, 498, 916, 320, 568, 657, 110, 835, 716, 620, 812, 950, 70, 553, 920, 754, 447, 251, 619, 204, 424, 969, 256, 902, 86, 630, 107, 484, 432, 427, 562, 430, 73, 367, 201, 113, 886, 727, 508, 713, 897, 48, 149, 267, 731, 748, 931, 674, 760, 161, 381, 640, 364, 286, 991, 822, 728, 32, 903, 270, 803, 909, 528, 290, 280, 587, 337, 158, 550, 408, 397, 343, 968, 413, 85, 335, 707, 679, 600, 164, 949, 385, 892, 476, 974, 687, 346, 327, 388, 787, 808, 244, 825, 578, 315, 187, 111, 389, 704, 872, 527, 166, 801, 69, 709, 868, 237, 328, 682, 775, 444, 450, 61, 145, 530, 124, 751, 480, 281, 375, 170, 676, 784, 681, 363, 304, 762, 29, 399, 927, 356, 189, 146, 428, 757, 441, 87, 697, 921, 339, 384, 718, 260, 72, 792, 618, 669, 497, 118, 14, 520, 482, 715, 394, 67, 654, 401, 860, 279, 224, 41, 294, 194, 1, 178, 693, 993, 853, 175, 659, 28, 53, 837, 597, 288, 898, 181, 663, 297, 144, 544, 996, 629, 68, 584, 954, 345, 411, 121, 485, 258, 425, 97, 409, 548, 744, 123, 227, 160, 311, 796, 152, 745, 128, 374, 637, 512, 747, 398, 541, 667, 4, 291, 486, 603, 7, 832, 880, 963, 254, 938, 992, 665, 811, 926, 564, 804, 635, 917, 838, 449, 518, 623, 213, 538, 127, 558, 878, 888, 510, 677, 557, 463, 514, 472, 373, 25, 994, 706, 155, 458, 17, 136, 563, 962, 834, 580, 984, 549, 622, 50, 793, 10, 117, 764, 268, 376, 729, 217, 183, 610, 141, 856, 592, 180, 824, 769, 40, 459, 978, 937, 689, 284, 828, 975, 165, 964, 305, 143, 574, 605, 400, 943, 595, 759, 750, 636, 590, 167, 861, 231, 800, 650, 390, 314, 278, 316, 21, 611, 176, 651, 608, 206, 768, 60, 405, 126, 282, 296, 737, 612, 971, 901, 262, 999, 453, 207, 203, 420, 719, 360, 196, 90, 255, 276, 817, 870, 571, 209, 358, 379, 470, 944, 355, 62, 864, 781, 613, 561, 668, 765, 242, 429, 235, 264, 407, 843, 392, 958, 815, 598, 990, 332, 778, 243, 576, 230, 199, 683, 473, 631, 862, 198, 646, 487, 756, 422, 733, 66, 344, 191, 22, 714, 851, 226, 349, 867, 475, 216, 642, 331, 607, 799, 362, 302, 63, 565, 414, 945, 79, 91, 535, 946, 685, 953, 881, 495, 722, 656, 848, 269, 108, 779, 3, 366, 438, 884, 125, 935, 960, 995, 293, 700, 628, 712, 303, 190, 554, 621, 911, 660, 202, 575, 462, 505, 513, 772, 879, 924, 791, 410, 849, 491, 844, 840, 695, 836, 908, 434, 517, 406, 313, 956, 483, 154, 617, 64, 859, 818, 973, 454, 369, 308, 80, 31, 96, 977, 827, 615, 850, 560, 616, 240, 942, 810, 351, 172, 806, 720, 746, 30, 8, 589, 726, 23, 2, 464, 658, 81, 457, 678, 509, 970, 396, 965, 417, 173, 523, 816, 84, 919, 208, 638, 876, 577, 74, 732, 547, 863, 469, 325, 601, 516, 150, 545, 120, 887, 701, 496, 699, 348, 57, 771, 626, 532, 869, 78, 739, 507, 88, 252, 168, 102, 236, 248, 395, 433, 37, 525, 773, 481, 419, 83, 940, 883, 334, 515, 913, 47, 519, 56, 842, 19, 283, 688, 633, 382, 529, 749, 703, 986, 522, 455, 873, 997, 506, 386, 680, 9, 12, 526, 923, 219, 499, 402, 845, 274, 177, 46, 692, 983, 36, 387, 437, 193, 826, 139, 477, 292, 741, 776, 939, 493, 318, 100, 952, 774, 717, 542, 602, 648, 442, 930, 338, 89, 468, 912, 43, 333, 511, 35, 319, 452, 914, 543, 162, 52, 730, 504, 200, 606, 894, 780, 702, 321, 322, 265, 285, 131, 675, 489, 655, 649, 569, 287, 163, 326, 725, 20, 925, 900, 440, 570, 534, 16, 135, 488, 661, 404, 212, 342, 537, 966, 474, 153, 594, 418, 174, 573, 192, 234, 156, 365, 228, 951, 583, 445, 223, 51, 383, 671, 948, 694, 752, 893, 306, 353, 312, 75, 788, 947, 421, 855, 967, 918, 33, 865, 839, 259, 929, 502, 820, 540, 377, 439, 412, 896, 185, 705, 524, 140, 435, 415, 599, 310, 357, 105, 684, 802, 833, 58, 989, 147, 341, 130, 94, 724, 847, 336, 961, 42, 106, 976, 188, 15, 761, 789, 763, 372, 972, 171, 797, 221, 790, 490, 76, 298, 137, 830, 104, 443, 586, 742, 426, 112, 846, 323, 295, 210, 905, 478, 734, 581, 874, 777, 785, 624, 753, 755, 142, 652, 431, 877, 928, 758, 211, 378, 261, 239, 766, 5, 980, 932, 299, 672, 770, 711, 936, 101, 98, 272, 0, 698, 979, 157, 103, 596, 289, 738, 593, 885, 456, 309, 151, 567, 307, 277, 899, 957, 182, 55, 99, 882, 625, 38, 300, 831, 614, 591, 895, 179, 664, 340]
labeling = [931, 345, 657, 608, 384, 991, 89, 403, 684, 774, 452, 153, 775, 155, 341, 947, 858, 438, 129, 754, 801, 497, 570, 655, 2, 437, 87, 20, 358, 320, 682, 662, 245, 907, 167, 761, 790, 737, 1021, 94, 466, 351, 942, 757, 40, 91, 734, 750, 229, 31, 441, 811, 833, 359, 100, 1018, 752, 695, 857, 161, 505, 295, 536, 587, 654, 19, 563, 334, 369, 287, 195, 66, 330, 220, 676, 895, 884, 85, 699, 589, 641, 661, 117, 712, 669, 259, 212, 321, 726, 821, 527, 591, 180, 149, 861, 168, 664, 381, 929, 962, 804, 999, 731, 1007, 894, 849, 869, 216, 607, 11, 191, 282, 959, 223, 42, 141, 47, 447, 339, 36, 715, 377, 41, 385, 303, 616, 498, 422, 391, 45, 938, 786, 111, 125, 171, 803, 439, 890, 145, 747, 924, 457, 916, 475, 366, 301, 311, 934, 65, 231, 711, 946, 390, 872, 624, 434, 882, 1005, 255, 152, 387, 230, 769, 791, 267, 473, 290, 487, 729, 35, 308, 879, 643, 696, 807, 355, 488, 739, 352, 969, 464, 360, 960, 460, 22, 920, 7, 283, 945, 317, 596, 568, 815, 792, 343, 12, 525, 188, 562, 552, 773, 221, 600, 504, 204, 113, 503, 521, 671, 520, 965, 914, 864, 419, 115, 136, 578, 458, 26, 781, 57, 888, 52, 886, 349, 38, 572, 382, 818, 169, 555, 485, 181, 60, 880, 539, 733, 296, 33, 987, 637, 6, 540, 553, 277, 37, 158, 172, 735, 21, 130, 197, 727, 182, 401, 529, 208, 90, 376, 911, 333, 985, 502, 170, 541, 784, 69, 233, 454, 605, 247, 101, 1001, 73, 736, 74, 512, 1012, 494, 340, 252, 305, 509, 721, 470, 780, 238, 850, 363, 935, 250, 400, 751, 618, 348, 963, 500, 365, 955, 993, 952, 105, 585, 625, 316, 471, 889, 1010, 660, 1009, 928, 389, 893, 647, 492, 281, 496, 185, 802, 765, 190, 778, 842, 900, 64, 709, 852, 273, 291, 147, 71, 580, 548, 759, 744, 263, 867, 253, 819, 324, 1023, 936, 866, 262, 565, 371, 274, 159, 691, 573, 156, 639, 16, 891, 123, 522, 322, 847, 535, 148, 510, 131, 584, 314, 241, 883, 610, 219, 179, 658, 53, 44, 949, 426, 393, 306, 456, 917, 983, 514, 10, 237, 730, 813, 329, 266, 770, 743, 275, 285, 490, 103, 545, 23, 332, 706, 692, 260, 397, 309, 478, 346, 785, 58, 862, 507, 622, 543, 258, 378, 613, 375, 843, 254, 575, 926, 34, 667, 876, 728, 523, 901, 561, 120, 206, 379, 898, 217, 323, 534, 215, 977, 213, 708, 645, 851, 157, 745, 612, 918, 799, 319, 816, 896, 293, 820, 13, 207, 68, 417, 300, 146, 767, 508, 656, 764, 939, 663, 432, 467, 86, 164, 609, 435, 686, 82, 17, 177, 823, 685, 524, 32, 436, 556, 870, 576, 270, 794, 904, 51, 304, 710, 336, 651, 211, 373, 402, 559, 859, 844, 953, 636, 3, 800, 132, 599, 718, 337, 189, 783, 54, 98, 913, 61, 834, 631, 768, 704, 227, 690, 429, 827, 395, 633, 424, 746, 687, 628, 418, 719, 342, 138, 762, 698, 845, 738, 777, 288, 249, 755, 302, 135, 693, 186, 856, 593, 27, 868, 421, 176, 915, 396, 763, 831, 367, 713, 50, 707, 380, 446, 256, 112, 67, 199, 627, 14, 48, 433, 423, 107, 673, 532, 218, 440, 407, 586, 75, 948, 192, 848, 854, 533, 127, 878, 477, 606, 550, 705, 280, 163, 444, 970, 81, 885, 372, 144, 892, 251, 83, 650, 486, 964, 453, 954, 874, 476, 933, 357, 542, 841, 264, 683, 812, 399, 29, 479, 836, 582, 493, 124, 455, 499, 513, 530, 958, 670, 675, 652, 335, 202, 200, 602, 448, 420, 908, 950, 724, 173, 621, 370, 214, 558, 143, 725, 0, 414, 484, 392, 674, 150, 239, 151, 579, 49, 72, 97, 557, 165, 814, 788, 483, 501, 921, 108, 338, 846, 601, 194, 659, 356, 604, 860, 109, 362, 971, 410, 95, 398, 537, 326, 110, 824, 925, 162, 234, 797, 310, 431, 688, 261, 772, 307, 298, 554, 853, 597, 28, 271, 723, 468, 175, 79, 741, 350, 826, 640, 76, 325, 1003, 720, 620, 717, 840, 758, 284, 922, 430, 265, 80, 294, 114, 997, 623, 224, 569, 344, 198, 810, 331, 506, 679, 4, 583, 122, 863, 782, 653, 225, 244, 451, 771, 228, 678, 566, 968, 128, 56, 511, 944, 701, 25, 753, 902, 9, 383, 388, 681, 394, 235, 756, 481, 297, 887, 910, 205, 975, 564, 313, 981, 482, 232, 871, 318, 875, 449, 538, 989, 178, 495, 463, 995, 722, 615, 740, 808, 299, 796, 906, 551, 588, 838, 528, 121, 46, 312, 973, 8, 276, 897, 873, 951, 617, 328, 450, 119, 166, 386, 881, 137, 567, 491, 292, 855, 248, 413, 88, 648, 92, 278, 99, 677, 411, 193, 59, 84, 547, 700, 518, 632, 116, 837, 77, 243, 174, 459, 279, 749, 668, 472, 133, 957, 956, 404, 930, 443, 196, 642, 361, 415, 832, 626, 134, 716, 544, 638, 787, 961, 865, 603, 619, 672, 571, 102, 353, 15, 903, 462, 43, 63, 630, 347, 489, 560, 680, 526, 909, 106, 574, 289, 697, 531, 140, 286, 732, 972, 139, 703, 979, 425, 634, 405, 598, 1020, 714, 614, 937, 222, 689, 427, 18, 142, 78, 268, 828, 776, 967, 839, 226, 364, 1014, 795, 517, 210, 242, 62, 966, 96, 1, 644, 246, 30, 629, 825, 748, 829, 184, 187, 416, 905, 702, 203, 327, 24, 779, 611, 793, 412, 315, 912, 835, 817, 236, 923, 55, 126, 590, 927, 465, 408, 798, 742, 183, 646, 480, 516, 577, 595, 899, 822, 269, 201, 809, 806, 581, 374, 70, 649, 1016, 546, 93, 592, 940, 442, 406, 474, 694, 805, 830, 257, 209, 665, 515, 877, 635, 272, 469, 943, 666, 461, 941, 919, 5, 154, 789, 445, 39, 760, 118, 104, 932, 549, 240, 409, 354, 428, 594, 368, 766, 160, 519]
convergência = []

===== FIM =====
