===== RESULTADO BRKGA L(2,1) =====
Arquivo: /Users/mateuspedrosa/Documents/TCC-II/BRKGA/data/NR_DIMACS_cleaned/san200-0-7-2_clean.mtx

----- Execução #1 -----
[INFO] Time limit atingido: 15 minutos. Interrompido no meio de uma geração.
Tempo de execução: 900023ms
Span (lambda): 219
best_order = [48, 17, 108, 1, 144, 63, 159, 50, 104, 131, 83, 37, 107, 32, 136, 16, 93, 3, 9, 106, 169, 80, 99, 147, 22, 24, 184, 161, 4, 61, 145, 85, 71, 152, 175, 126, 124, 74, 81, 199, 78, 165, 110, 87, 12, 75, 92, 69, 86, 44, 195, 189, 132, 31, 172, 27, 197, 10, 88, 176, 187, 90, 5, 148, 82, 113, 154, 115, 162, 67, 103, 59, 160, 42, 143, 51, 121, 191, 55, 158, 23, 102, 117, 140, 45, 142, 72, 186, 43, 28, 49, 84, 62, 36, 25, 138, 6, 58, 177, 46, 157, 151, 33, 76, 119, 0, 20, 181, 166, 13, 112, 150, 18, 26, 155, 65, 97, 34, 95, 89, 192, 14, 64, 2, 193, 190, 163, 123, 129, 111, 19, 15, 134, 91, 21, 7, 39, 29, 35, 135, 168, 173, 153, 98, 122, 149, 182, 77, 194, 164, 47, 100, 128, 105, 198, 52, 57, 53, 178, 96, 127, 179, 41, 120, 156, 141, 180, 101, 133, 137, 40, 146, 174, 118, 38, 114, 116, 11, 66, 139, 171, 94, 56, 109, 170, 185, 167, 73, 54, 183, 30, 70, 79, 125, 196, 130, 188, 60, 68, 8]
labeling = [117, 6, 134, 21, 34, 70, 78, 149, 226, 23, 65, 199, 52, 121, 133, 110, 18, 2, 102, 144, 119, 118, 30, 93, 22, 82, 125, 51, 103, 153, 215, 61, 3, 111, 130, 154, 75, 16, 196, 151, 150, 181, 83, 67, 20, 98, 109, 169, 0, 57, 12, 85, 129, 174, 212, 89, 207, 173, 86, 81, 224, 35, 106, 8, 99, 128, 201, 79, 165, 56, 217, 38, 100, 146, 42, 43, 113, 112, 48, 219, 28, 44, 72, 14, 104, 5, 58, 50, 66, 80, 69, 147, 54, 19, 148, 122, 176, 105, 162, 26, 126, 138, 95, 62, 11, 132, 25, 17, 4, 209, 7, 120, 97, 74, 197, 76, 159, 45, 194, 115, 183, 87, 164, 140, 39, 161, 29, 177, 171, 142, 222, 9, 60, 188, 145, 107, 13, 190, 108, 203, 96, 141, 37, 59, 1, 36, 192, 15, 71, 166, 123, 94, 40, 160, 55, 127, 185, 90, 91, 10, 53, 33, 77, 139, 167, 47, 88, 155, 156, 27, 210, 205, 63, 158, 143, 41, 49, 84, 136, 179, 186, 92, 116, 214, 31, 152, 101, 68, 223, 32, 137, 73, 131, 135, 124, 24, 220, 64, 114, 46]
convergência = [240, 240, 239, 239, 237, 237, 236, 232, 232, 232, 232, 232, 231, 226, 225, 224, 223, 223, 223, 223, 222, 222, 220]

===== FIM =====
