===== RESULTADO BRKGA L(2,1) =====
Arquivo: /Users/mateuspedrosa/Documents/TCC-II/BRKGA/data/NR_DIMACS_cleaned/san200-0-9-3_clean.mtx

----- Execução #1 -----
[INFO] Time limit atingido: 15 minutos. Interrompido no meio de uma geração.
Tempo de execução: 900029ms
Span (lambda): 230
best_order = [127, 90, 94, 128, 151, 88, 106, 181, 115, 107, 126, 70, 178, 98, 197, 180, 79, 42, 8, 77, 139, 179, 119, 49, 123, 154, 56, 51, 43, 12, 21, 192, 4, 140, 18, 146, 16, 198, 57, 89, 177, 143, 171, 64, 50, 71, 125, 194, 1, 176, 46, 129, 66, 173, 105, 165, 191, 147, 95, 164, 69, 132, 175, 68, 152, 121, 120, 186, 5, 39, 149, 19, 63, 82, 74, 159, 59, 92, 61, 174, 184, 168, 144, 72, 109, 133, 172, 122, 48, 130, 27, 30, 65, 193, 53, 141, 189, 80, 44, 75, 100, 169, 101, 157, 38, 163, 108, 102, 199, 116, 81, 135, 24, 85, 15, 145, 187, 148, 167, 183, 73, 17, 34, 117, 91, 54, 112, 22, 23, 170, 35, 182, 67, 131, 84, 25, 111, 7, 41, 83, 86, 103, 196, 104, 2, 166, 190, 110, 134, 28, 162, 136, 32, 20, 153, 58, 155, 118, 40, 47, 62, 99, 138, 55, 10, 26, 11, 93, 150, 158, 36, 114, 87, 96, 33, 6, 185, 142, 31, 52, 124, 29, 137, 156, 3, 0, 78, 161, 195, 60, 76, 45, 113, 37, 14, 188, 9, 97, 160, 13]
labeling = [182, 79, 163, 237, 59, 104, 97, 175, 36, 248, 215, 219, 54, 242, 246, 157, 63, 164, 53, 99, 200, 56, 133, 174, 156, 181, 217, 125, 194, 235, 128, 229, 198, 225, 166, 176, 25, 245, 144, 13, 129, 23, 34, 15, 119, 243, 81, 206, 49, 44, 11, 52, 231, 134, 170, 213, 50, 67, 203, 110, 105, 112, 208, 64, 68, 130, 83, 177, 80, 94, 22, 75, 118, 103, 19, 138, 85, 5, 239, 32, 9, 154, 108, 111, 179, 76, 183, 193, 10, 69, 2, 141, 45, 221, 4, 90, 223, 250, 26, 210, 140, 51, 41, 185, 189, 82, 12, 18, 148, 120, 192, 143, 172, 62, 89, 16, 152, 168, 205, 42, 100, 7, 109, 46, 233, 77, 20, 0, 6, 21, 126, 155, 96, 122, 188, 145, 169, 147, 211, 38, 31, 17, 227, 73, 116, 159, 61, 88, 160, 106, 60, 8, 98, 201, 48, 121, 218, 142, 1, 33, 252, 35, 196, 146, 92, 86, 191, 139, 115, 123, 39, 74, 124, 84, 114, 29, 72, 71, 24, 40, 30, 14, 43, 162, 27, 173, 102, 117, 236, 136, 186, 87, 58, 132, 47, 241, 187, 28, 65, 150]
convergência = [236, 236, 236, 236, 236, 235, 235, 235, 235, 235, 233, 233, 233, 230, 230]

===== FIM =====
