===== RESULTADO BRKGA L(2,1) =====
Arquivo: /Users/mateuspedrosa/Documents/TCC-II/BRKGA/data/NR_DIMACS_cleaned/san200-0-9-2_clean.mtx

----- Execução #1 -----
[INFO] Time limit atingido: 15 minutos. Interrompido no meio de uma geração.
Tempo de execução: 900033ms
Span (lambda): 232
best_order = [62, 140, 136, 176, 195, 185, 83, 93, 157, 145, 89, 47, 38, 159, 34, 146, 141, 123, 187, 167, 181, 128, 139, 116, 156, 111, 1, 147, 161, 115, 152, 59, 31, 5, 158, 109, 30, 77, 120, 45, 196, 13, 99, 155, 40, 14, 119, 133, 104, 198, 153, 48, 166, 102, 86, 183, 32, 163, 7, 189, 10, 169, 148, 172, 100, 81, 70, 87, 4, 160, 26, 92, 175, 170, 58, 134, 35, 113, 3, 54, 63, 60, 79, 197, 44, 199, 144, 23, 168, 122, 65, 57, 11, 142, 101, 42, 192, 137, 191, 6, 80, 97, 74, 193, 103, 20, 78, 82, 90, 64, 105, 114, 39, 91, 177, 22, 17, 178, 43, 29, 164, 174, 61, 9, 27, 106, 151, 96, 69, 94, 55, 67, 37, 18, 8, 25, 19, 33, 180, 53, 127, 126, 21, 0, 150, 12, 16, 171, 135, 85, 66, 56, 46, 112, 88, 76, 68, 132, 84, 52, 41, 49, 24, 194, 107, 75, 117, 186, 124, 15, 129, 125, 179, 51, 121, 98, 71, 36, 138, 28, 50, 110, 182, 184, 72, 108, 188, 73, 2, 190, 131, 162, 165, 95, 154, 118, 173, 143, 130, 149]
labeling = [18, 31, 74, 72, 109, 54, 153, 92, 188, 187, 95, 141, 174, 67, 75, 228, 93, 181, 160, 203, 161, 164, 179, 66, 180, 201, 111, 138, 235, 58, 57, 52, 90, 91, 7, 121, 22, 199, 23, 173, 73, 214, 147, 76, 131, 63, 106, 21, 85, 216, 244, 236, 162, 205, 125, 82, 126, 139, 117, 50, 41, 60, 0, 100, 68, 137, 142, 197, 26, 193, 105, 172, 194, 229, 49, 220, 96, 59, 163, 127, 155, 103, 165, 11, 98, 190, 88, 107, 80, 19, 167, 175, 113, 13, 195, 257, 191, 157, 240, 69, 101, 145, 55, 89, 79, 169, 189, 218, 245, 35, 148, 42, 24, 123, 171, 46, 38, 222, 227, 33, 61, 238, 62, 16, 226, 232, 130, 207, 34, 230, 261, 251, 212, 77, 119, 210, 4, 102, 242, 36, 2, 12, 143, 259, 135, 17, 27, 1, 39, 263, 200, 182, 48, 83, 9, 71, 40, 15, 56, 25, 51, 44, 253, 53, 168, 255, 87, 30, 112, 97, 43, 209, 99, 154, 185, 115, 6, 177, 183, 234, 158, 32, 47, 86, 5, 10, 224, 28, 247, 94, 249, 151, 149, 159, 37, 8, 65, 129, 81, 133]
convergência = [241, 241, 241, 238, 237, 237, 237, 237, 237, 237, 234, 234, 233, 232, 232]

===== FIM =====
