===== RESULTADO BRKGA L(2,1) =====
Arquivo: /Users/mateuspedrosa/Documents/TCC-II/BRKGA/data/NR_DIMACS_cleaned/san400-0-7-1_clean.mtx

----- Execução #1 -----
[INFO] Time limit atingido: 15 minutos. Interrompido no meio de uma geração.
Tempo de execução: 900294ms
Span (lambda): 399
best_order = [375, 48, 182, 327, 356, 315, 264, 9, 178, 340, 290, 76, 119, 3, 246, 148, 330, 75, 6, 335, 301, 286, 35, 236, 377, 194, 24, 213, 346, 357, 79, 343, 97, 151, 360, 249, 328, 154, 374, 153, 162, 105, 98, 87, 23, 373, 363, 291, 274, 308, 215, 150, 231, 342, 207, 353, 311, 399, 43, 358, 253, 125, 17, 210, 94, 192, 121, 185, 61, 384, 287, 350, 243, 305, 63, 294, 4, 73, 91, 82, 7, 292, 44, 241, 386, 306, 40, 226, 21, 289, 113, 190, 128, 39, 278, 320, 398, 117, 12, 30, 68, 26, 240, 31, 254, 37, 368, 179, 204, 100, 92, 300, 143, 139, 25, 29, 230, 250, 378, 232, 115, 41, 38, 199, 214, 388, 304, 324, 107, 283, 96, 164, 180, 62, 53, 19, 279, 396, 347, 352, 34, 0, 298, 223, 195, 55, 303, 276, 317, 137, 77, 261, 167, 203, 262, 367, 296, 206, 106, 295, 57, 72, 299, 319, 123, 81, 242, 325, 127, 256, 267, 130, 349, 395, 198, 135, 348, 385, 225, 252, 50, 271, 281, 155, 268, 355, 114, 147, 345, 78, 316, 282, 217, 314, 111, 90, 22, 138, 218, 80, 354, 382, 193, 390, 392, 49, 272, 389, 362, 224, 257, 104, 181, 333, 247, 188, 108, 312, 183, 259, 83, 307, 222, 238, 132, 52, 175, 163, 60, 88, 219, 209, 381, 170, 133, 332, 200, 297, 322, 366, 45, 42, 334, 339, 323, 158, 165, 344, 361, 302, 258, 228, 359, 69, 394, 102, 234, 211, 13, 239, 202, 383, 235, 269, 93, 275, 184, 309, 71, 397, 149, 331, 144, 221, 126, 318, 156, 172, 216, 160, 370, 336, 145, 131, 28, 379, 120, 288, 285, 244, 329, 326, 201, 191, 141, 54, 70, 293, 171, 157, 277, 369, 227, 168, 124, 32, 101, 233, 341, 8, 46, 205, 136, 391, 103, 15, 208, 146, 16, 51, 5, 187, 2, 313, 351, 58, 84, 116, 161, 152, 338, 251, 134, 66, 387, 59, 270, 89, 85, 18, 65, 27, 10, 173, 310, 140, 284, 33, 265, 64, 159, 237, 177, 20, 220, 255, 99, 365, 176, 372, 36, 129, 67, 371, 47, 212, 245, 1, 74, 166, 263, 142, 95, 380, 109, 260, 174, 56, 186, 112, 280, 321, 118, 110, 273, 11, 169, 86, 229, 393, 122, 266, 248, 376, 337, 196, 197, 14, 364, 189]
labeling = [157, 331, 330, 17, 85, 328, 23, 84, 315, 10, 322, 391, 104, 263, 390, 308, 327, 68, 337, 147, 362, 95, 197, 52, 26, 123, 111, 350, 291, 75, 109, 106, 278, 354, 155, 20, 369, 116, 130, 102, 93, 129, 228, 64, 91, 234, 317, 364, 2, 185, 192, 310, 233, 146, 287, 145, 384, 141, 314, 333, 237, 78, 144, 69, 358, 348, 342, 373, 96, 251, 305, 274, 154, 87, 377, 21, 12, 163, 128, 35, 199, 175, 86, 231, 332, 346, 380, 51, 239, 344, 183, 42, 100, 270, 72, 355, 131, 39, 50, 365, 77, 302, 245, 306, 221, 32, 170, 138, 227, 382, 389, 181, 376, 97, 196, 114, 320, 71, 387, 16, 294, 74, 366, 174, 293, 66, 279, 166, 101, 371, 168, 285, 216, 224, 340, 173, 304, 139, 206, 121, 339, 303, 368, 112, 277, 290, 325, 198, 18, 272, 62, 41, 334, 30, 36, 88, 283, 307, 249, 360, 284, 318, 48, 230, 133, 207, 357, 167, 312, 392, 246, 300, 280, 326, 378, 235, 367, 335, 11, 118, 142, 210, 1, 229, 273, 76, 372, 316, 212, 404, 99, 301, 67, 211, 22, 148, 370, 388, 184, 132, 218, 299, 171, 124, 120, 319, 160, 38, 323, 243, 70, 262, 347, 33, 134, 40, 282, 204, 122, 241, 345, 266, 232, 158, 219, 190, 82, 313, 256, 394, 117, 53, 127, 264, 189, 267, 31, 353, 191, 265, 113, 90, 176, 73, 295, 361, 3, 225, 398, 45, 119, 338, 179, 61, 115, 363, 178, 205, 255, 201, 351, 165, 152, 379, 8, 356, 396, 180, 194, 268, 341, 156, 215, 386, 49, 271, 150, 309, 103, 149, 383, 187, 195, 140, 343, 261, 29, 65, 296, 94, 14, 58, 89, 289, 83, 162, 126, 226, 79, 172, 108, 27, 253, 159, 135, 81, 63, 220, 60, 269, 352, 9, 222, 329, 7, 6, 202, 161, 281, 143, 105, 385, 238, 240, 136, 164, 298, 4, 28, 297, 19, 259, 242, 223, 250, 25, 288, 402, 336, 236, 13, 254, 55, 37, 247, 200, 15, 153, 186, 177, 80, 276, 137, 46, 208, 193, 5, 34, 57, 258, 43, 252, 214, 56, 397, 349, 248, 169, 98, 311, 286, 375, 359, 54, 47, 0, 400, 24, 125, 292, 381, 244, 209, 257, 44, 188, 92, 324, 110, 217, 203, 321, 213, 374, 260, 182, 151, 275, 107, 59]
convergência = [399]

===== FIM =====
