===== RESULTADO BRKGA L(2,1) =====
Arquivo: /Users/mateuspedrosa/Documents/TCC-II/BRKGA/data/NR_DIMACS_cleaned/san400-0-5-1_clean.mtx

----- Execução #1 -----
[INFO] Time limit atingido: 15 minutos. Interrompido no meio de uma geração.
Tempo de execução: 900095ms
Span (lambda): 399
best_order = [375, 126, 5, 385, 166, 232, 324, 302, 96, 145, 157, 245, 306, 379, 317, 285, 288, 206, 265, 238, 154, 31, 299, 82, 289, 298, 331, 140, 95, 353, 213, 269, 17, 37, 356, 357, 161, 8, 153, 128, 313, 193, 211, 277, 44, 226, 110, 25, 220, 246, 72, 329, 258, 131, 287, 267, 47, 205, 46, 200, 167, 208, 320, 233, 165, 227, 172, 114, 2, 235, 36, 142, 40, 372, 188, 391, 15, 358, 337, 43, 252, 339, 67, 177, 76, 283, 387, 20, 334, 264, 63, 305, 231, 35, 293, 41, 4, 79, 240, 212, 395, 350, 74, 376, 50, 48, 23, 228, 263, 381, 69, 125, 186, 32, 236, 68, 180, 250, 45, 168, 270, 199, 218, 224, 262, 151, 253, 84, 86, 389, 90, 61, 152, 397, 325, 16, 101, 85, 323, 14, 130, 173, 371, 282, 204, 274, 184, 216, 116, 359, 97, 190, 175, 73, 286, 362, 338, 54, 209, 58, 242, 346, 52, 261, 105, 276, 239, 244, 219, 120, 29, 185, 42, 260, 310, 307, 273, 108, 361, 112, 65, 217, 303, 318, 155, 255, 363, 7, 156, 241, 102, 314, 295, 1, 399, 294, 163, 341, 24, 297, 214, 189, 83, 348, 301, 202, 159, 162, 390, 378, 248, 315, 0, 321, 309, 336, 70, 284, 27, 367, 296, 66, 182, 328, 122, 100, 349, 223, 139, 366, 229, 136, 373, 103, 247, 198, 196, 354, 326, 383, 290, 191, 300, 59, 347, 6, 3, 127, 146, 132, 237, 222, 118, 384, 141, 78, 30, 345, 19, 104, 327, 343, 312, 147, 271, 92, 230, 322, 77, 257, 187, 38, 55, 150, 292, 12, 26, 342, 164, 340, 176, 278, 377, 135, 174, 249, 316, 115, 133, 143, 106, 207, 57, 179, 88, 171, 398, 368, 259, 107, 121, 117, 11, 360, 134, 194, 33, 394, 62, 87, 192, 335, 351, 144, 311, 256, 53, 393, 210, 28, 234, 369, 160, 13, 178, 56, 365, 392, 138, 280, 10, 333, 119, 380, 75, 149, 94, 386, 225, 113, 268, 51, 21, 352, 137, 124, 201, 308, 183, 364, 382, 148, 158, 93, 99, 81, 370, 39, 251, 374, 80, 195, 91, 169, 203, 60, 266, 22, 279, 49, 272, 34, 109, 215, 344, 221, 281, 319, 98, 330, 123, 170, 332, 181, 71, 64, 388, 304, 89, 275, 396, 254, 243, 355, 291, 129, 9, 18, 111, 197]
labeling = [214, 193, 77, 250, 85, 2, 248, 188, 37, 385, 324, 303, 277, 327, 143, 84, 128, 33, 390, 263, 95, 346, 376, 103, 195, 50, 278, 217, 320, 170, 262, 16, 117, 304, 363, 100, 58, 32, 270, 362, 62, 102, 171, 70, 46, 123, 63, 59, 94, 380, 110, 339, 158, 317, 153, 275, 331, 297, 160, 247, 372, 137, 308, 98, 398, 179, 219, 74, 107, 101, 211, 396, 47, 145, 106, 333, 92, 267, 260, 104, 355, 351, 21, 203, 118, 141, 134, 309, 294, 400, 120, 368, 253, 349, 330, 30, 7, 152, 388, 358, 224, 130, 191, 233, 257, 164, 293, 301, 178, 384, 48, 406, 176, 342, 60, 288, 148, 292, 249, 336, 169, 302, 225, 391, 341, 99, 1, 242, 39, 404, 144, 55, 254, 289, 296, 285, 231, 347, 322, 227, 23, 255, 81, 291, 314, 9, 252, 268, 354, 312, 272, 131, 126, 38, 22, 185, 189, 10, 356, 199, 325, 36, 208, 198, 281, 71, 3, 56, 125, 370, 393, 299, 75, 136, 287, 156, 274, 53, 329, 298, 121, 395, 221, 350, 142, 172, 111, 273, 83, 202, 154, 243, 311, 42, 307, 366, 234, 387, 236, 127, 65, 348, 206, 361, 146, 61, 18, 295, 66, 161, 319, 43, 91, 29, 197, 357, 149, 181, 122, 168, 49, 365, 258, 228, 129, 340, 41, 73, 112, 229, 269, 82, 6, 69, 321, 79, 119, 256, 20, 166, 96, 190, 163, 402, 167, 11, 52, 235, 210, 284, 114, 364, 72, 132, 379, 183, 315, 271, 51, 300, 173, 162, 116, 113, 78, 19, 374, 44, 344, 31, 109, 261, 382, 177, 147, 373, 165, 45, 280, 378, 326, 367, 140, 76, 213, 15, 157, 57, 17, 26, 241, 383, 276, 87, 196, 187, 222, 201, 28, 24, 245, 207, 5, 182, 371, 80, 12, 174, 343, 215, 175, 316, 266, 40, 192, 212, 286, 13, 184, 386, 68, 216, 264, 138, 8, 124, 239, 265, 223, 54, 389, 25, 369, 328, 97, 313, 218, 88, 159, 90, 283, 200, 279, 259, 359, 251, 155, 244, 205, 226, 105, 310, 335, 27, 237, 381, 34, 35, 86, 150, 305, 180, 151, 186, 345, 332, 230, 220, 240, 323, 360, 133, 64, 232, 353, 0, 108, 282, 204, 14, 338, 115, 352, 238, 246, 4, 337, 93, 375, 135, 209, 67, 334, 318, 306, 89, 377, 139, 290, 194]
convergência = [399, 399, 399, 399]

===== FIM =====
