===== RESULTADO BRKGA L(2,1) =====
Arquivo: /Users/mateuspedrosa/Documents/TCC-II/BRKGA/data/NR_DIMACS_cleaned/san400-0-7-2_clean.mtx

----- Execução #1 -----
[INFO] Time limit atingido: 15 minutos. Interrompido no meio de uma geração.
Tempo de execução: 900269ms
Span (lambda): 399
best_order = [106, 303, 151, 336, 205, 186, 50, 361, 197, 126, 108, 232, 135, 254, 162, 122, 208, 270, 261, 354, 287, 316, 347, 146, 119, 0, 216, 138, 234, 152, 88, 38, 87, 104, 307, 274, 43, 265, 178, 249, 396, 212, 158, 217, 49, 344, 2, 243, 57, 332, 27, 241, 142, 272, 327, 5, 329, 64, 379, 102, 37, 92, 227, 386, 349, 53, 160, 194, 85, 300, 308, 7, 301, 98, 199, 75, 369, 385, 71, 324, 174, 81, 166, 91, 230, 273, 397, 315, 342, 221, 391, 374, 383, 235, 258, 262, 353, 352, 280, 114, 256, 376, 173, 30, 334, 133, 103, 28, 191, 228, 163, 90, 118, 176, 46, 395, 21, 314, 250, 281, 259, 31, 320, 129, 305, 99, 388, 378, 40, 169, 291, 97, 393, 82, 16, 382, 93, 56, 387, 181, 392, 229, 337, 65, 175, 141, 325, 330, 150, 263, 333, 117, 358, 107, 312, 8, 1, 278, 94, 289, 190, 297, 317, 100, 294, 220, 52, 310, 22, 68, 202, 271, 73, 44, 365, 134, 153, 177, 188, 345, 356, 131, 185, 394, 371, 276, 275, 293, 156, 172, 167, 29, 372, 242, 207, 196, 171, 168, 58, 357, 269, 223, 247, 180, 210, 17, 45, 62, 42, 203, 225, 192, 322, 233, 154, 143, 55, 298, 260, 343, 84, 257, 350, 209, 290, 77, 187, 120, 339, 184, 80, 213, 206, 268, 115, 359, 51, 390, 222, 144, 32, 328, 113, 86, 132, 83, 125, 245, 389, 15, 179, 127, 165, 20, 239, 128, 78, 70, 41, 23, 363, 193, 366, 109, 338, 130, 96, 266, 112, 69, 318, 236, 10, 35, 231, 215, 238, 360, 201, 18, 145, 309, 355, 351, 348, 279, 33, 101, 183, 286, 384, 240, 74, 288, 226, 59, 285, 25, 3, 299, 323, 140, 244, 246, 4, 105, 237, 79, 36, 295, 204, 335, 136, 380, 149, 12, 364, 370, 211, 282, 377, 60, 292, 252, 195, 367, 277, 214, 264, 321, 137, 200, 373, 63, 66, 9, 326, 164, 218, 304, 340, 296, 313, 24, 14, 302, 255, 170, 39, 148, 121, 283, 123, 61, 267, 157, 116, 399, 6, 159, 224, 198, 251, 311, 89, 147, 346, 284, 26, 34, 110, 76, 189, 67, 341, 13, 182, 306, 248, 11, 331, 19, 375, 47, 72, 368, 362, 161, 48, 219, 155, 111, 398, 95, 54, 319, 124, 139, 253, 381]
labeling = [37, 166, 26, 280, 310, 46, 341, 50, 146, 328, 272, 382, 317, 371, 334, 256, 141, 207, 287, 383, 255, 125, 178, 262, 347, 307, 363, 61, 98, 201, 114, 122, 234, 286, 372, 279, 304, 56, 45, 354, 108, 260, 217, 51, 179, 213, 100, 387, 373, 57, 9, 242, 176, 79, 397, 222, 145, 59, 196, 288, 327, 358, 215, 340, 69, 154, 342, 376, 180, 257, 249, 64, 389, 163, 294, 66, 368, 231, 259, 306, 218, 58, 126, 254, 220, 54, 250, 47, 24, 369, 118, 89, 73, 138, 169, 392, 270, 111, 62, 133, 172, 299, 71, 117, 28, 302, 0, 155, 15, 269, 374, 385, 261, 248, 107, 227, 362, 164, 121, 35, 235, 355, 8, 343, 400, 253, 13, 225, 258, 120, 273, 191, 252, 116, 171, 19, 251, 336, 39, 401, 265, 156, 44, 173, 246, 289, 18, 361, 351, 316, 159, 3, 43, 184, 221, 390, 197, 360, 55, 364, 81, 388, 23, 104, 346, 232, 91, 190, 204, 136, 337, 134, 199, 112, 90, 132, 123, 186, 53, 236, 211, 148, 380, 301, 223, 192, 7, 233, 167, 375, 140, 119, 202, 266, 48, 312, 181, 10, 353, 84, 330, 285, 153, 200, 311, 6, 239, 194, 25, 183, 205, 323, 52, 237, 314, 283, 16, 34, 348, 393, 174, 97, 229, 208, 326, 219, 298, 75, 87, 142, 93, 281, 17, 209, 41, 85, 277, 300, 263, 247, 305, 63, 203, 22, 309, 243, 290, 210, 377, 20, 129, 365, 322, 403, 21, 332, 109, 226, 101, 106, 212, 27, 94, 160, 333, 2, 274, 339, 238, 198, 12, 177, 65, 72, 49, 195, 158, 331, 168, 297, 92, 102, 320, 356, 370, 282, 303, 31, 278, 170, 230, 137, 324, 185, 149, 308, 318, 161, 175, 284, 83, 80, 349, 1, 350, 131, 379, 5, 60, 291, 113, 367, 151, 345, 127, 74, 14, 144, 275, 399, 82, 335, 214, 296, 88, 128, 344, 42, 241, 67, 157, 384, 30, 162, 96, 313, 4, 152, 271, 216, 352, 378, 76, 224, 36, 188, 357, 33, 295, 38, 228, 293, 105, 103, 29, 267, 189, 206, 130, 240, 276, 11, 391, 264, 319, 182, 268, 329, 366, 78, 321, 165, 187, 338, 70, 386, 110, 325, 124, 40, 315, 405, 143, 68, 292, 86, 77, 147, 135, 245, 244, 99, 150, 139, 193, 115, 32, 95, 395, 359]
convergência = [399]

===== FIM =====
