===== RESULTADO BRKGA L(2,1) =====
Arquivo: /Users/mateuspedrosa/Documents/TCC-II/BRKGA/data/NR_DIMACS_cleaned/sanr200-0-7_clean.mtx

----- Execução #1 -----
[INFO] Time limit atingido: 15 minutos. Interrompido no meio de uma geração.
Tempo de execução: 900017ms
Span (lambda): 199
best_order = [123, 180, 71, 77, 87, 182, 86, 97, 121, 22, 111, 187, 41, 28, 34, 50, 56, 193, 61, 75, 35, 149, 51, 93, 21, 68, 146, 169, 135, 192, 197, 140, 15, 143, 20, 23, 181, 172, 139, 17, 40, 94, 2, 150, 79, 128, 89, 27, 43, 132, 145, 10, 133, 74, 160, 117, 194, 178, 62, 134, 9, 1, 198, 109, 72, 156, 47, 88, 157, 115, 173, 59, 78, 48, 64, 38, 102, 130, 95, 119, 152, 82, 167, 116, 164, 129, 183, 24, 191, 131, 69, 66, 168, 4, 84, 37, 45, 141, 142, 8, 60, 176, 189, 90, 81, 83, 196, 65, 124, 125, 55, 188, 54, 3, 92, 108, 16, 179, 122, 106, 49, 163, 138, 44, 101, 107, 190, 18, 42, 70, 153, 112, 199, 175, 171, 170, 127, 67, 5, 162, 19, 144, 120, 12, 76, 105, 155, 96, 147, 151, 11, 98, 32, 186, 161, 136, 57, 195, 165, 6, 7, 159, 26, 158, 99, 52, 177, 166, 137, 154, 63, 39, 85, 0, 25, 14, 104, 73, 13, 185, 100, 80, 53, 33, 126, 30, 114, 113, 58, 118, 29, 91, 110, 46, 148, 31, 184, 174, 36, 103]
labeling = [179, 69, 51, 118, 101, 146, 167, 169, 89, 68, 56, 144, 129, 186, 182, 40, 122, 48, 134, 148, 44, 27, 11, 23, 96, 181, 152, 53, 17, 202, 174, 178, 154, 193, 18, 19, 205, 104, 74, 166, 50, 10, 136, 55, 121, 106, 192, 49, 67, 126, 20, 14, 173, 191, 114, 117, 16, 163, 199, 79, 110, 22, 64, 177, 82, 115, 70, 145, 29, 76, 97, 4, 73, 184, 12, 24, 137, 6, 80, 35, 185, 63, 37, 113, 103, 142, 5, 7, 75, 45, 91, 180, 120, 21, 30, 88, 135, 1, 155, 160, 189, 116, 84, 207, 183, 140, 107, 132, 100, 71, 176, 13, 133, 197, 168, 54, 90, 39, 200, 72, 151, 8, 124, 0, 109, 93, 195, 143, 28, 94, 86, 99, 57, 60, 66, 34, 161, 158, 130, 33, 25, 95, 108, 42, 150, 58, 31, 111, 190, 26, 41, 153, 85, 138, 175, 147, 61, 65, 171, 156, 62, 159, 131, 128, 92, 149, 170, 81, 87, 32, 141, 119, 43, 77, 204, 125, 78, 172, 47, 123, 2, 46, 9, 83, 162, 188, 157, 15, 102, 112, 127, 98, 36, 3, 52, 165, 105, 38, 59, 139]
convergência = [199, 199, 199, 199, 199, 199, 199, 199, 199, 199, 199, 199, 199, 199, 199, 199, 199, 199, 199, 199, 199, 199, 199]

===== FIM =====
