===== RESULTADO BRKGA L(2,1) =====
Arquivo: /Users/mateuspedrosa/Documents/TCC-II/BRKGA/data/NR_DIMACS_cleaned/sanr200-0-9_clean.mtx

----- Execução #1 -----
[INFO] Time limit atingido: 15 minutos. Interrompido no meio de uma geração.
Tempo de execução: 900039ms
Span (lambda): 227
best_order = [38, 195, 120, 77, 59, 125, 9, 14, 128, 182, 144, 34, 169, 95, 98, 141, 162, 102, 188, 116, 55, 17, 151, 31, 93, 137, 48, 6, 74, 29, 19, 45, 23, 140, 62, 148, 52, 133, 37, 80, 51, 159, 142, 47, 139, 21, 147, 15, 64, 121, 49, 43, 105, 129, 33, 16, 165, 192, 103, 189, 184, 198, 86, 113, 131, 124, 136, 85, 44, 54, 10, 106, 88, 39, 194, 186, 178, 101, 180, 46, 117, 153, 190, 89, 109, 28, 99, 0, 22, 104, 150, 110, 111, 94, 168, 155, 78, 149, 119, 132, 1, 97, 82, 18, 179, 161, 5, 185, 65, 84, 160, 69, 127, 67, 199, 40, 58, 50, 158, 11, 63, 191, 118, 60, 87, 32, 36, 183, 146, 164, 68, 156, 108, 96, 57, 172, 66, 3, 75, 163, 41, 73, 157, 61, 130, 100, 193, 196, 197, 173, 107, 27, 30, 112, 138, 152, 181, 4, 177, 115, 70, 56, 7, 176, 83, 92, 171, 35, 81, 53, 76, 154, 174, 143, 135, 2, 90, 24, 134, 25, 126, 166, 167, 145, 114, 122, 71, 72, 187, 8, 26, 13, 91, 175, 12, 170, 20, 42, 123, 79]
labeling = [66, 9, 234, 116, 134, 151, 45, 218, 178, 10, 110, 163, 255, 251, 12, 79, 13, 6, 130, 51, 213, 68, 88, 55, 194, 240, 249, 209, 135, 49, 44, 38, 173, 91, 20, 182, 138, 63, 0, 117, 156, 126, 258, 85, 109, 53, 96, 73, 43, 83, 161, 67, 21, 176, 111, 34, 216, 183, 159, 7, 169, 195, 59, 70, 81, 153, 185, 155, 177, 98, 198, 247, 118, 191, 47, 187, 80, 5, 11, 262, 65, 226, 94, 220, 150, 107, 101, 171, 115, 131, 236, 206, 222, 40, 145, 24, 181, 149, 25, 137, 197, 123, 26, 64, 139, 87, 113, 207, 179, 133, 141, 143, 211, 1, 221, 214, 32, 127, 167, 74, 3, 37, 245, 260, 103, 8, 241, 122, 14, 89, 170, 56, 120, 60, 238, 232, 105, 41, 162, 75, 57, 27, 71, 230, 18, 239, 102, 77, 61, 147, 136, 36, 212, 112, 30, 100, 46, 193, 144, 69, 39, 106, 29, 189, 175, 93, 243, 28, 33, 22, 257, 224, 140, 205, 228, 253, 219, 200, 84, 50, 125, 72, 16, 17, 4, 82, 121, 148, 31, 97, 129, 165, 95, 199, 119, 2, 201, 203, 99, 157]
convergência = [237, 237, 237, 232, 232, 229, 227, 227, 227, 227, 227, 227, 227, 227, 227]

===== FIM =====
