===== RESULTADO BRKGA L(2,1) =====
Arquivo: /Users/mateuspedrosa/Documents/TCC-II/BRKGA/data/Harwell-Boeing_cleaned/saylr1_clean.mtx

----- Execução #1 -----
[INFO] Parou por estagnação.
Tempo de execução: 7309ms
Span (lambda): 10
best_order = [1, 117, 52, 72, 138, 232, 74, 35, 18, 87, 204, 174, 70, 141, 205, 66, 25, 170, 225, 164, 191, 112, 34, 129, 31, 143, 203, 27, 196, 121, 59, 43, 110, 60, 215, 40, 11, 115, 6, 73, 184, 9, 37, 101, 62, 165, 106, 4, 100, 222, 8, 188, 78, 168, 144, 132, 210, 84, 68, 153, 65, 226, 169, 57, 149, 135, 233, 148, 119, 118, 155, 113, 23, 21, 75, 175, 214, 98, 46, 217, 45, 102, 171, 108, 192, 228, 187, 99, 42, 137, 160, 107, 123, 125, 90, 56, 120, 202, 154, 17, 134, 39, 231, 7, 224, 182, 230, 41, 133, 104, 28, 189, 221, 96, 235, 95, 53, 29, 36, 178, 172, 80, 97, 103, 219, 223, 5, 44, 12, 81, 157, 33, 211, 89, 116, 176, 20, 50, 227, 86, 51, 71, 185, 26, 48, 213, 77, 229, 207, 93, 128, 142, 195, 24, 127, 124, 38, 83, 147, 201, 216, 54, 32, 190, 234, 63, 152, 16, 199, 64, 114, 22, 206, 218, 159, 163, 67, 131, 146, 197, 3, 130, 30, 145, 61, 13, 198, 85, 162, 186, 161, 212, 237, 94, 139, 151, 111, 55, 220, 69, 58, 193, 126, 47, 236, 181, 158, 49, 82, 10, 109, 122, 166, 209, 177, 91, 88, 136, 92, 140, 2, 105, 183, 15, 167, 0, 180, 173, 200, 156, 14, 76, 19, 179, 150, 79, 208, 194]
labeling = [3, 0, 8, 5, 2, 4, 0, 6, 2, 0, 7, 2, 4, 7, 5, 2, 6, 3, 0, 10, 7, 4, 8, 3, 5, 0, 6, 1, 1, 4, 9, 1, 8, 5, 2, 0, 5, 1, 8, 4, 2, 5, 3, 0, 5, 7, 2, 9, 4, 10, 2, 7, 0, 6, 8, 3, 5, 2, 10, 3, 5, 7, 0, 5, 8, 4, 2, 9, 0, 6, 1, 8, 0, 6, 1, 3, 8, 2, 0, 10, 5, 7, 10, 1, 3, 10, 4, 2, 10, 5, 1, 4, 9, 6, 8, 0, 3, 5, 5, 7, 1, 5, 7, 2, 6, 8, 1, 4, 2, 9, 1, 7, 0, 2, 8, 3, 9, 0, 4, 2, 5, 0, 10, 6, 8, 2, 3, 6, 4, 0, 6, 3, 1, 9, 7, 3, 8, 4, 0, 5, 9, 0, 7, 2, 4, 8, 6, 0, 4, 1, 5, 7, 3, 1, 7, 5, 9, 6, 10, 2, 4, 8, 2, 6, 0, 2, 5, 7, 1, 3, 0, 4, 1, 6, 0, 3, 5, 8, 4, 6, 9, 2, 4, 9, 2, 7, 9, 4, 2, 7, 9, 0, 2, 8, 3, 0, 0, 7, 4, 0, 5, 8, 6, 4, 1, 3, 7, 5, 10, 6, 2, 5, 10, 8, 2, 0, 9, 2, 7, 5, 9, 2, 0, 3, 4, 0, 2, 6, 4, 7, 1, 5, 0, 2, 6, 4, 7, 1]
convergência = [10, 10, 10, 10, 10, 10, 10, 10, 10, 10, 10, 10, 10, 10, 10, 10, 10, 10, 10, 10, 10, 10, 10, 10, 10, 10, 10, 10, 10, 10, 10, 10, 10, 10, 10, 10, 10, 10, 10, 10, 10, 10, 10, 10, 10, 10, 10, 10, 10, 10, 10, 10, 10, 10, 10, 10, 10, 10, 10, 10, 10, 10, 10, 10, 10, 10, 10, 10, 10, 10, 10, 10, 10, 10, 10, 10, 10, 10, 10, 10, 10, 10, 10, 10, 10, 10, 10, 10, 10, 10, 10, 10, 10, 10, 10, 10, 10, 10, 10, 10, 10, 10, 10, 10, 10, 10, 10, 10, 10, 10, 10, 10, 10, 10, 10, 10, 10, 10, 10, 10, 10, 10, 10, 10]

===== FIM =====
