===== RESULTADO BRKGA L(2,1) =====
Arquivo: /Users/mateuspedrosa/Documents/TCC-II/BRKGA/data/Harwell-Boeing_cleaned/saylr4_clean.mtx

----- Execução #1 -----
[INFO] Parou por estagnação.
Tempo de execução: 248685ms
Span (lambda): 17
best_order = [1892, 1973, 1596, 1683, 1102, 401, 1623, 2557, 341, 2818, 1504, 2898, 474, 640, 659, 2290, 1071, 1646, 2693, 704, 1443, 2968, 1022, 2323, 2032, 2609, 3193, 2725, 1771, 1220, 2159, 2732, 1969, 2477, 1964, 2670, 3439, 2065, 1404, 1271, 3117, 636, 1970, 288, 1852, 768, 1003, 3284, 2375, 2430, 3164, 1827, 3507, 2406, 209, 2858, 3390, 904, 256, 1574, 1462, 2341, 767, 1974, 2225, 297, 706, 1358, 1447, 3150, 3290, 2101, 2045, 1621, 3235, 1242, 890, 3147, 2293, 2155, 2887, 3267, 655, 62, 1084, 2058, 2017, 1856, 378, 926, 1575, 938, 1502, 3192, 3319, 2093, 467, 71, 3279, 1287, 719, 2631, 70, 2523, 1686, 1183, 2911, 329, 559, 1119, 246, 3083, 1277, 3318, 594, 1500, 1219, 1081, 2056, 3219, 2461, 1709, 1390, 464, 1171, 1070, 3173, 397, 1373, 1977, 1191, 632, 431, 547, 472, 3102, 983, 2937, 1681, 186, 974, 348, 380, 2359, 1053, 815, 2551, 1214, 1762, 901, 2519, 1002, 2019, 314, 2505, 814, 2099, 1753, 2706, 484, 1008, 707, 2268, 1320, 854, 3255, 2153, 1531, 1705, 1811, 3455, 2487, 2248, 42, 2129, 1726, 3073, 296, 1125, 3165, 3517, 2038, 3530, 590, 107, 1738, 1046, 3045, 170, 2573, 687, 2342, 2821, 3321, 1536, 1180, 2066, 1774, 765, 2028, 2292, 3200, 3534, 1913, 3545, 2188, 3324, 1618, 1353, 1638, 2186, 1599, 364, 2184, 700, 3043, 1351, 996, 152, 1935, 1919, 3449, 500, 1156, 3039, 1790, 2068, 1013, 1072, 1061, 2380, 2875, 3516, 1410, 2215, 1540, 762, 3076, 2516, 2090, 1295, 3320, 3473, 19, 2035, 1554, 2698, 2318, 2074, 2604, 2843, 2023, 1412, 1526, 1658, 2460, 955, 44, 1240, 963, 1743, 3392, 2325, 519, 46, 1602, 2610, 2615, 2871, 1741, 2884, 2138, 1909, 796, 2948, 3239, 463, 1066, 408, 2972, 114, 2371, 354, 3131, 2646, 1189, 2722, 3078, 1516, 1591, 601, 514, 1739, 697, 1096, 1628, 2657, 961, 775, 2042, 1689, 1433, 338, 1883, 2645, 1545, 3425, 2483, 2440, 1803, 2797, 2894, 1901, 287, 138, 662, 1209, 2605, 1547, 189, 609, 1565, 1812, 2183, 653, 3198, 774, 1025, 1997, 3296, 1954, 3337, 1846, 2005, 125, 1896, 3375, 1403, 1226, 2903, 518, 1857, 2546, 2990, 3316, 469, 546, 2836, 3046, 137, 866, 2275, 1742, 1149, 2317, 3074, 155, 1237, 3414, 323, 164, 3072, 1791, 953, 64, 942, 2584, 3421, 83, 1600, 1731, 333, 2720, 2572, 1475, 1421, 1455, 2143, 513, 570, 1696, 1272, 1011, 1943, 1327, 588, 1698, 40, 2029, 587, 2402, 2932, 374, 3085, 1115, 966, 490, 529, 1468, 358, 3331, 973, 1234, 2520, 2618, 2986, 465, 2902, 232, 2356, 1424, 3475, 1194, 2673, 3289, 3401, 1445, 379, 1199, 2568, 106, 2336, 2133, 2508, 2828, 3366, 2127, 2164, 1783, 1509, 1950, 1283, 718, 389, 1054, 3094, 1059, 2962, 1647, 176, 1467, 2439, 3262, 3405, 763, 2786, 1577, 3095, 2859, 307, 320, 359, 2144, 1845, 2210, 1389, 440, 1582, 3015, 911, 235, 1586, 1819, 1907, 899, 1537, 2571, 915, 551, 1229, 3056, 557, 728, 1745, 3522, 1305, 3535, 157, 1755, 1991, 2312, 1560, 1249, 988, 1090, 693, 756, 1042, 2764, 2941, 2769, 857, 3561, 2052, 3259, 1333, 75, 1984, 2510, 2126, 1576, 2565, 2350, 1899, 3063, 32, 1417, 1120, 2287, 3396, 1153, 2799, 737, 2953, 2104, 1799, 2659, 783, 2271, 940, 1842, 856, 620, 2254, 999, 1592, 2758, 403, 2454, 2458, 1406, 298, 2771, 3003, 3241, 2039, 1243, 1428, 2442, 864, 1568, 875, 2947, 1107, 2644, 1630, 1442, 813, 2, 21, 1431, 1332, 1584, 319, 2072, 2775, 2556, 1113, 658, 286, 959, 743, 1205, 800, 1703, 438, 1299, 3077, 3127, 247, 1456, 598, 952, 727, 422, 2233, 2020, 234, 3428, 534, 1302, 1133, 2113, 711, 3291, 956, 2883, 193, 369, 859, 1543, 2999, 1930, 919, 573, 2492, 3404, 2283, 612, 2784, 1539, 3357, 571, 1684, 384, 2077, 960, 2759, 1615, 3222, 2299, 2054, 268, 1023, 1541, 780, 2092, 1637, 1175, 2599, 2358, 778, 410, 4, 3313, 3490, 2780, 2607, 3300, 1849, 2339, 2957, 3146, 685, 2542, 2924, 388, 39, 2237, 1300, 2529, 1559, 2498, 1114, 628, 1375, 1604, 112, 390, 548, 436, 1871, 1401, 906, 1491, 1832, 3292, 1326, 57, 552, 3061, 889, 370, 3550, 3277, 2750, 792, 2258, 3298, 1338, 657, 27, 2246, 3497, 1795, 1382, 669, 2388, 1550, 301, 1105, 947, 244, 1863, 1644, 437, 759, 2866, 2598, 2686, 965, 2152, 346, 3270, 583, 842, 2549, 3359, 3205, 3325, 1538, 584, 2462, 579, 292, 3504, 3304, 2501, 2382, 207, 2667, 589, 2521, 2369, 1940, 1385, 964, 219, 1617, 3388, 2825, 1213, 821, 2526, 1959, 761, 3389, 11, 770, 455, 3526, 528, 639, 212, 2197, 394, 1542, 2398, 1578, 2901, 651, 2951, 199, 2619, 1858, 1173, 2913, 2922, 2629, 679, 1460, 3079, 2525, 1886, 2933, 2349, 1598, 2955, 1472, 1928, 3141, 1009, 1936, 118, 2991, 2676, 898, 3492, 3306, 275, 733, 3500, 2261, 2815, 637, 1697, 2047, 1207, 277, 3209, 1916, 3011, 1321, 3026, 930, 1490, 1188, 3101, 2547, 2910, 1157, 828, 367, 284, 979, 3381, 1168, 1469, 1823, 127, 2218, 1911, 3206, 1665, 2124, 1817, 2149, 2414, 1217, 834, 1203, 1840, 921, 510, 1639, 1062, 2276, 1432, 2981, 3344, 935, 1510, 2289, 503, 1383, 108, 717, 3190, 398, 392, 1750, 2393, 591, 3261, 3437, 2980, 416, 2006, 3098, 2050, 3202, 721, 2419, 967, 3060, 1764, 2001, 2833, 3468, 2361, 722, 2807, 3467, 764, 2031, 3471, 3135, 897, 2514, 3433, 2713, 1715, 282, 2597, 2796, 3411, 3234, 1942, 516, 3096, 3413, 3075, 23, 479, 41, 35, 324, 1067, 1487, 1069, 1601, 1407, 1633, 2745, 3247, 501, 166, 236, 245, 1824, 1776, 1834, 1728, 3432, 2774, 1097, 158, 2370, 3275, 2632, 255, 1979, 457, 2301, 2907, 1496, 832, 3144, 3024, 3238, 2897, 3342, 2583, 3323, 50, 2324, 1400, 2145, 1548, 592, 2219, 2399, 2226, 1192, 3269, 2721, 3201, 2170, 3536, 76, 210, 870, 2793, 3552, 1298, 3191, 3295, 3373, 2291, 2811, 2593, 869, 3, 1971, 1331, 1854, 3360, 439, 1095, 684, 356, 3533, 522, 167, 201, 1870, 352, 2160, 3103, 3082, 1654, 822, 399, 2110, 117, 310, 3249, 2447, 2175, 2449, 2650, 462, 429, 2444, 789, 2506, 1757, 3544, 1108, 2172, 2661, 406, 2806, 1528, 2040, 69, 2668, 135, 56, 423, 3512, 313, 2069, 2034, 3398, 833, 2316, 1701, 3477, 230, 1308, 1043, 1585, 2365, 1920, 66, 336, 3128, 1139, 1150, 2824, 1128, 263, 3022, 757, 1344, 1777, 2352, 3463, 556, 231, 3491, 3023, 428, 2468, 593, 1881, 1922, 1117, 248, 2778, 1796, 2893, 1807, 2217, 450, 2435, 1408, 2672, 2899, 178, 2423, 2448, 1140, 868, 2265, 3542, 366, 803, 934, 2755, 2754, 2030, 3054, 2243, 2562, 1885, 2314, 1675, 3007, 2697, 1653, 2554, 2344, 1597, 1306, 459, 3383, 1294, 2354, 3268, 2637, 3377, 2250, 1111, 2025, 663, 1296, 1364, 3308, 3461, 909, 2467, 1478, 784, 1661, 992, 377, 1363, 2707, 3364, 97, 3086, 1312, 1454, 1572, 896, 562, 3016, 477, 1937, 873, 1605, 2228, 1370, 2395, 3044, 1772, 820, 385, 3528, 1529, 29, 347, 565, 3212, 3541, 407, 2476, 2331, 3355, 2853, 2934, 1566, 3365, 608, 495, 2062, 134, 2680, 2274, 184, 1405, 1904, 2407, 2847, 1962, 614, 1461, 782, 1721, 2620, 2751, 827, 1672, 1422, 1164, 3226, 154, 177, 3314, 1754, 3378, 1317, 2714, 555, 2753, 2608, 668, 2239, 1624, 1476, 2103, 33, 799, 270, 688, 702, 2202, 36, 3090, 1357, 1708, 1564, 1588, 3151, 311, 491, 2920, 2428, 229, 1429, 2923, 3347, 3032, 2391, 3274, 1625, 2915, 3210, 905, 3049, 1307, 725, 3434, 690, 1668, 2043, 2559, 678, 2165, 1427, 3178, 2816, 1169, 664, 1398, 2613, 1187, 2762, 1269, 1551, 2533, 3385, 316, 830, 2033, 94, 3309, 3157, 1518, 1843, 93, 3246, 1608, 2263, 478, 944, 2179, 182, 3452, 883, 2834, 2499, 1268, 308, 2739, 1163, 2682, 344, 3177, 2889, 2790, 447, 1098, 2839, 2346, 3424, 910, 2224, 252, 1965, 2878, 2422, 3372, 123, 1337, 325, 2891, 3547, 2993, 2260, 240, 1143, 150, 1137, 2338, 373, 505, 1861, 3410, 549, 1366, 1976, 169, 2763, 291, 2959, 1485, 1736, 3121, 3513, 1966, 595, 1323, 1354, 1724, 2048, 165, 1185, 2628, 984, 3260, 2669, 1497, 933, 1275, 2738, 596, 2570, 72, 3001, 2869, 1440, 2070, 2782, 3089, 2727, 63, 2008, 2376, 676, 2192, 1435, 1190, 1318, 2830, 1270, 1155, 3266, 2507, 156, 1893, 2881, 3525, 171, 122, 2689, 391, 3027, 1513, 3064, 2743, 2810, 2798, 260, 746, 376, 2979, 361, 3395, 2208, 918, 2925, 2627, 1076, 1292, 1336, 480, 2235, 238, 271, 1690, 3367, 521, 2704, 1579, 2229, 3353, 2716, 1719, 2384, 3171, 538, 1436, 2975, 1682, 3119, 3330, 1439, 2426, 980, 317, 1430, 243, 2230, 1802, 3557, 1202, 867, 2096, 3236, 625, 2392, 900, 2403, 1921, 302, 1515, 1224, 1222, 2988, 1616, 121, 2761, 2633, 2240, 553, 1933, 404, 1692, 1609, 1838, 3004, 322, 1239, 2334, 1365, 545, 414, 25, 466, 499, 2614, 371, 2654, 1769, 2479, 849, 989, 2041, 3529, 1894, 2575, 1678, 3166, 3336, 82, 750, 3100, 2558, 1092, 1613, 1057, 818, 1279, 2601, 650, 2685, 2586, 1756, 1903, 2539, 575, 476, 2503, 2278, 2856, 3126, 190, 1925, 254, 1457, 2728, 2231, 3345, 1614, 837, 1319, 2491, 1473, 2383, 627, 994, 1032, 1862, 807, 18, 3071, 1441, 1949, 2700, 3055, 3069, 3358, 532, 1258, 3154, 2582, 1524, 84, 508, 2064, 1109, 1310, 3176, 3225, 2752, 836, 3307, 1254, 194, 3443, 3559, 969, 2137, 1737, 2489, 1580, 1075, 2532, 3474, 3221, 2537, 498, 3251, 1910, 1418, 1324, 2877, 3351, 567, 2022, 1860, 2241, 3444, 2123, 2805, 2500, 2950, 2195, 2400, 2845, 1372, 382, 871, 886, 1027, 1573, 863, 1759, 2355, 1285, 2343, 1316, 2002, 839, 2085, 3080, 1720, 3109, 3067, 3457, 1325, 509, 1640, 881, 2084, 877, 2307, 2515, 1048, 139, 892, 188, 2569, 3215, 2417, 3248, 1711, 696, 163, 3469, 2463, 81, 931, 3031, 3021, 3223, 617, 2733, 572, 79, 261, 2737, 1039, 1482, 475, 917, 52, 2212, 1453, 1020, 3263, 2389, 3048, 2723, 3429, 2088, 3132, 1238, 2181, 1525, 1521, 239, 3009, 773, 162, 3430, 2079, 1987, 2083, 744, 2543, 2201, 2109, 1371, 2131, 3213, 2649, 972, 1142, 1798, 3506, 1556, 2310, 760, 3521, 1018, 119, 1594, 2983, 2209, 211, 3285, 3511, 2730, 907, 2513, 2427, 1488, 183, 672, 442, 1806, 1773, 1770, 2437, 133, 646, 1388, 2457, 2865, 1165, 2480, 2840, 3220, 2854, 343, 213, 2238, 2390, 1778, 434, 3092, 321, 2262, 599, 673, 2977, 781, 3335, 2014, 1304, 3301, 748, 223, 622, 1733, 251, 2199, 54, 2684, 1983, 754, 3138, 1620, 1549, 1110, 1356, 1869, 142, 3312, 2016, 2453, 3470, 1674, 862, 2434, 92, 2333, 1865, 2886, 2660, 159, 3005, 2579, 720, 2589, 337, 1635, 816, 109, 6, 986, 3374, 2973, 3195, 259, 3380, 3258, 2135, 1250, 2954, 1864, 174, 621, 2671, 2574, 2535, 7, 1641, 419, 2432, 99, 2687, 1958, 143, 3514, 1695, 1494, 1676, 1251, 2156, 2917, 2652, 1555, 1767, 3407, 3423, 2600, 1643, 365, 843, 305, 204, 493, 2870, 2471, 2578, 675, 997, 2416, 531, 888, 1651, 3145, 226, 932, 1349, 1732, 222, 3419, 3440, 2168, 1636, 2067, 729, 2115, 2518, 1888, 1931, 1671, 1952, 3113, 2746, 340, 1290, 543, 1917, 3310, 2656, 643, 2541, 3315, 1402, 2699, 1727, 3137, 3538, 2245, 3442, 487, 363, 96, 2814, 426, 2221, 197, 2653, 424, 2295, 1906, 473, 145, 3068, 2410, 1829, 1029, 318, 2003, 2071, 3062, 2756, 2132, 3465, 1158, 1947, 2742, 1659, 2808, 2882, 3010, 2880, 1581, 2256, 1926, 452, 925, 0, 1844, 2908, 2919, 1938, 1648, 3237, 2485, 2956, 295, 131, 1693, 460, 2163, 2303, 611, 2214, 267, 2281, 600, 2134, 2279, 1855, 202, 3087, 3495, 3124, 2666, 1050, 2517, 375, 3070, 716, 1127, 2141, 412, 642, 1182, 3256, 537, 421, 101, 1626, 3523, 2892, 489, 2094, 1929, 2900, 2974, 435, 550, 1990, 1026, 1257, 1348, 2918, 2257, 3368, 2080, 1437, 2018, 766, 1612, 3254, 3136, 228, 3122, 2679, 1688, 126, 2106, 1498, 104, 3438, 89, 826, 2789, 893, 738, 13, 2928, 3170, 1679, 3445, 581, 1787, 2642, 161, 1932, 2705, 2639, 1065, 2550, 1660, 454, 801, 2053, 3161, 1381, 1875, 1330, 2122, 1037, 102, 540, 3409, 709, 2726, 2675, 1815, 482, 692, 1311, 3250, 1087, 2111, 2592, 2862, 1322, 2009, 3501, 2590, 1992, 1985, 958, 817, 2347, 3017, 2436, 2740, 2180, 861, 2581, 758, 1948, 3224, 90, 1562, 2270, 3216, 1458, 2118, 795, 2222, 3104, 3207, 1664, 3114, 2269, 1291, 2555, 3037, 3519, 1274, 2308, 1346, 331, 1603, 1289, 120, 1159, 1376, 895, 691, 1181, 3230, 196, 948, 449, 1288, 2252, 3472, 3416, 110, 3155, 3013, 2459, 602, 1176, 3030, 24, 1805, 417, 2148, 1955, 1486, 860, 3153, 1649, 1532, 2766, 2912, 1895, 3426, 2311, 2024, 3503, 560, 1195, 3053, 1747, 1083, 2826, 2421, 266, 103, 3188, 1520, 2603, 2674, 443, 680, 1915, 1284, 3196, 257, 806, 2587, 1957, 2431, 1282, 1204, 3563, 2621, 2335, 1001, 523, 524, 2779, 1712, 269, 381, 2381, 3280, 95, 471, 45, 1673, 200, 1380, 2812, 3123, 2107, 2412, 2553, 1879, 1019, 2174, 2867, 1583, 823, 981, 3384, 2470, 3036, 2112, 3029, 1522, 2929, 461, 400, 2305, 2450, 2478, 3149, 3394, 262, 2198, 3287, 1511, 1041, 1848, 1038, 3065, 353, 61, 3349, 3505, 1897, 1627, 1374, 3058, 1103, 1223, 689, 1261, 1878, 2203, 577, 195, 3509, 1233, 2767, 2366, 3486, 3322, 698, 3548, 735, 3142, 2996, 47, 1286, 351, 2196, 2176, 786, 1986, 3415, 2472, 3286, 686, 1264, 1953, 2809, 753, 1131, 2563, 1051, 1419, 610, 1841, 1247, 3244, 1118, 1982, 3203, 1512, 3393, 1781, 3057, 1492, 2702, 3454, 2345, 1123, 3093, 3502, 2446, 506, 3352, 2455, 2641, 1035, 1146, 638, 3097, 2328, 280, 148, 2452, 985, 3451, 2982, 1082, 3363, 215, 144, 1702, 954, 1552, 852, 3278, 2394, 941, 705, 2273, 2125, 927, 701, 1088, 1898, 3485, 1760, 2216, 808, 1826, 1379, 1821, 554, 1129, 2173, 3162, 1339, 2802, 1765, 273, 2564, 147, 1210, 38, 971, 582, 3130, 723, 3159, 1816, 2154, 1434, 2896, 2340, 633, 1723, 520, 2837, 3431, 1260, 1343, 1384, 791, 3282, 1963, 3120, 1934, 1265, 2205, 1996, 671, 3332, 2469, 1999, 2294, 3187, 3498, 1489, 2617, 1006, 173, 1086, 2150, 580, 68, 285, 2272, 1063, 2411, 3182, 3139, 2561, 1740, 2433, 17, 2681, 3184, 1130, 10, 3047, 1749, 891, 1201, 2800, 2167, 1416, 3197, 309, 3551, 3339, 2788, 1561, 741, 3240, 1960, 2026, 3000, 2220, 613, 670, 3107, 1135, 2930, 315, 224, 1752, 3343, 1000, 2073, 1859, 1134, 626, 1341, 1151, 2655, 3326, 3189, 175, 755, 1028, 1099, 2445, 242, 2921, 787, 923, 2329, 65, 2926, 258, 2643, 1595, 1211, 3181, 445, 339, 26, 1685, 1293, 2909, 950, 1784, 1425, 3556, 2385, 3458, 205, 2997, 745, 451, 1170, 332, 2585, 2540, 420, 3163, 1716, 2861, 2420, 1797, 1527, 1908, 876, 2185, 15, 3518, 3520, 2386, 1810, 1068, 2719, 1831, 2940, 3118, 2013, 1905, 250, 3543, 1814, 1335, 2300, 2522, 1718, 2715, 2374, 1839, 1884, 517, 1012, 2063, 1867, 1093, 2634, 141, 2484, 3091, 3211, 2524, 2927, 3489, 3400, 3172, 179, 51, 2567, 1328, 2626, 654, 335, 3025, 2495, 1972, 825, 3379, 1073, 2964, 3408, 2677, 603, 874, 1656, 2695, 2438, 3417, 360, 453, 1622, 2302, 2544, 2348, 1629, 1245, 3302, 444, 2904, 2441, 3338, 2012, 2497, 116, 2536, 1193, 3051, 5, 1397, 2813, 1228, 3496, 2960, 1100, 993, 1409, 1106, 1253, 2952, 1519, 2822, 3175, 1005, 2879, 3340, 274, 3334, 1822, 3232, 2121, 2694, 1751, 3483, 2868, 2944, 515, 1231, 3362, 848, 3006, 1914, 2379, 2994, 494, 2091, 77, 3116, 3019, 1010, 2213, 1399, 2965, 2315, 703, 342, 578, 2021, 2768, 1230, 1900, 1047, 3412, 132, 1687, 1631, 2914, 1828, 3264, 3356, 660, 415, 3386, 3329, 1517, 2036, 2749, 1994, 3555, 2829, 1256, 2396, 2595, 395, 1414, 2963, 3217, 962, 3152, 3108, 1793, 2322, 2120, 731, 3532, 3034, 3134, 1634, 387, 3042, 2332, 1112, 569, 1413, 2157, 3448, 283, 3420, 327, 990, 2488, 1927, 2942, 724, 623, 470, 976, 1535, 1309, 306, 2724, 2187, 2353, 699, 368, 2970, 3446, 2234, 1735, 1882, 2081, 1775, 208, 1313, 74, 172, 1423, 2916, 597, 1378, 1748, 1887, 2378, 1699, 641, 1094, 1446, 939, 3333, 3233, 2792, 793, 2552, 411, 2791, 937, 1889, 1610, 3169, 130, 488, 585, 1368, 1669, 1880, 80, 2102, 2873, 1872, 1763, 882, 1124, 2089, 2832, 3387, 1873, 794, 1197, 1704, 845, 1853, 2309, 708, 3493, 2509, 432, 2466, 1786, 2404, 2169, 3397, 2128, 1746, 2298, 3354, 902, 739, 2010, 1680, 884, 2087, 1179, 1074, 8, 3476, 2772, 2255, 951, 2474, 544, 2787, 2530, 2046, 3403, 2191, 2710, 2429, 1691, 2906, 37, 539, 2534, 2658, 3436, 840, 393, 2783, 3418, 28, 1670, 1499, 2760, 2037, 629, 1459, 294, 2397, 2709, 3140, 606, 198, 2055, 2266, 1216, 3265, 858, 656, 2207, 1393, 2189, 3050, 809, 2992, 3231, 3243, 928, 1975, 402, 2095, 2611, 1944, 2863, 2136, 710, 2531, 237, 2849, 2890, 418, 1722, 3186, 86, 1652, 1493, 1162, 3361, 667, 278, 566, 146, 2931, 3081, 396, 714, 2296, 2885, 2612, 1876, 1794, 712, 1818, 681, 2372, 2692, 2320, 3229, 2408, 88, 1825, 1396, 2841, 3370, 20, 1147, 1632, 3112, 1, 1208, 1314, 2744, 1961, 2580, 1466, 1481, 425, 34, 1546, 293, 1122, 2857, 3158, 2253, 1923, 2691, 3499, 1241, 644, 751, 838, 217, 2949, 1040, 790, 2801, 853, 3035, 3148, 3257, 1941, 3558, 328, 2708, 272, 1297, 677, 2846, 2566, 1334, 2935, 1567, 43, 2966, 1912, 3456, 3174, 1262, 1956, 2486, 3059, 357, 2664, 2418, 2747, 265, 1891, 3466, 2413, 87, 1177, 3303, 742, 1619, 1650, 2097, 1052, 1706, 129, 386, 1138, 1851, 3028, 1049, 1126, 30, 1154, 216, 914, 2244, 2193, 2116, 1593, 665, 1278, 203, 2105, 630, 3527, 2696, 1874, 1248, 2995, 2098, 2493, 73, 1347, 78, 2606, 3115, 486, 49, 2011, 3371, 3038, 2946, 2804, 3168, 2232, 1866, 2630, 3133, 777, 1479, 1452, 290, 140, 924, 771, 912, 2905, 1507, 1967, 2851, 991, 1004, 3382, 1104, 2850, 1465, 153, 3453, 1587, 2602, 1030, 785, 736, 1998, 2405, 2938, 2596, 3218, 1266, 1196, 1951, 3450, 1968, 3008, 1141, 3014, 1036, 2998, 1558, 2364, 1694, 427, 299, 2939, 1506, 1329, 2835, 1391, 1918, 3110, 1450, 2678, 1255, 1160, 113, 67, 3185, 187, 2651, 2961, 1484, 2872, 3276, 2306, 2286, 330, 2327, 1662, 3560, 1837, 3012, 605, 3402, 1007, 2622, 1780, 2795, 128, 1281, 1589, 2362, 970, 312, 3143, 1215, 2987, 1033, 2075, 3531, 2337, 481, 1666, 1395, 2741, 2748, 2473, 2781, 2647, 2465, 1426, 1544, 3435, 1474, 2512, 2969, 1730, 1480, 841, 2683, 1345, 1868, 279, 1508, 3180, 2616, 1939, 2100, 2139, 2888, 1080, 3311, 2712, 456, 851, 3348, 2146, 326, 695, 1394, 3106, 1206, 607, 1186, 111, 2624, 2663, 3294, 3066, 1017, 372, 2690, 3088, 1236, 304, 2548, 1031, 289, 2594, 525, 987, 879, 3271, 2282, 1161, 3537, 2855, 574, 1449, 3460, 14, 1714, 975, 694, 1606, 433, 2757, 3481, 512, 2662, 253, 3041, 1761, 878, 3464, 885, 136, 2817, 1808, 2636, 2528, 647, 2967, 2451, 1448, 2511, 3156, 847, 618, 2015, 3228, 2838, 3160, 894, 59, 1235, 2304, 1016, 3253, 1924, 3297, 666, 3125, 2360, 1342, 2363, 191, 1369, 1438, 492, 2194, 1978, 1360, 619, 3487, 1534, 844, 811, 2711, 730, 916, 2297, 468, 1483, 2326, 2729, 682, 922, 2051, 3346, 2984, 53, 998, 1263, 2443, 180, 2277, 1877, 1392, 661, 1801, 2357, 1988, 1989, 2321, 2936, 3002, 1667, 835, 977, 1830, 2082, 802, 3208, 2004, 185, 1132, 2313, 563, 558, 772, 3204, 1766, 1495, 1212, 1835, 846, 2078, 1785, 740, 2158, 2803, 1077, 1045, 1645, 2490, 747, 3018, 2200, 1273, 2827, 1218, 48, 1340, 1303, 2147, 1227, 2820, 2424, 805, 561, 2178, 1172, 2204, 1014, 2190, 2288, 1813, 220, 1387, 1198, 1995, 920, 124, 3482, 2401, 1079, 2387, 2635, 3515, 2538, 383, 225, 2481, 249, 2943, 1021, 1710, 3447, 3317, 105, 3199, 2086, 1267, 1514, 1850, 2373, 1221, 2044, 1571, 1148, 22, 652, 635, 3459, 674, 2701, 2989, 160, 812, 855, 2560, 3478, 880, 1064, 1768, 2864, 2945, 732, 98, 91, 3553, 526, 1533, 2545, 3441, 1315, 350, 1847, 1034, 214, 1981, 2823, 3040, 1607, 2591, 3327, 3350, 1530, 2351, 536, 3479, 1557, 2776, 227, 3488, 1121, 1505, 458, 2000, 616, 1809, 3508, 3129, 1642, 3084, 2482, 496, 355, 1792, 3462, 1101, 2860, 2588, 1377, 1136, 300, 1744, 55, 1116, 1570, 533, 485, 3283, 1091, 2142, 1056, 511, 995, 1470, 1058, 1386, 1464, 448, 1078, 779, 2819, 2140, 16, 1184, 649, 3252, 2852, 1301, 218, 908, 1060, 2773, 281, 1144, 2765, 1362, 3214, 2319, 1246, 1244, 1420, 1563, 535, 957, 497, 2640, 3194, 2177, 1553, 3341, 1804, 1713, 2059, 3562, 3328, 2504, 409, 3376, 1451, 2717, 634, 1501, 2247, 749, 1993, 1259, 1232, 2367, 831, 2985, 2108, 945, 2648, 58, 3305, 2227, 3391, 206, 2151, 829, 968, 2251, 726, 1788, 1946, 769, 192, 586, 2874, 405, 1569, 2777, 810, 1200, 1902, 2794, 3494, 1725, 221, 2734, 3227, 1945, 2061, 872, 2267, 564, 1782, 149, 3273, 85, 2242, 645, 3183, 2958, 3554, 624, 276, 3369, 2285, 1717, 362, 2182, 2076, 2119, 2527, 2264, 2409, 2377, 1089, 3540, 1890, 2280, 1800, 3179, 3281, 2206, 2368, 1367, 2415, 1225, 2494, 2027, 797, 949, 1590, 3052, 264, 1503, 1355, 3105, 3422, 1758, 2785, 913, 2831, 568, 943, 946, 1729, 3020, 3399, 349, 1280, 887, 115, 1477, 3484, 2464, 865, 3272, 1015, 2876, 2638, 1677, 1178, 2117, 2171, 1523, 31, 3111, 502, 2284, 100, 2130, 1166, 1044, 2770, 1820, 2057, 2703, 530, 3406, 978, 3099, 1463, 3245, 2162, 527, 3524, 1411, 1734, 151, 2625, 1055, 819, 2895, 576, 1471, 929, 2665, 303, 798, 1663, 2731, 2249, 504, 1611, 936, 2502, 2623, 3299, 1359, 233, 1444, 2736, 413, 2735, 752, 713, 1174, 1252, 1779, 1415, 2161, 2223, 683, 3288, 2425, 824, 12, 2259, 2718, 2475, 3033, 2330, 1145, 2166, 2978, 241, 2236, 3480, 615, 2496, 734, 1167, 542, 1085, 2060, 334, 1024, 850, 1789, 2114, 483, 776, 1350, 2576, 2007, 631, 1833, 168, 715, 3510, 3242, 430, 1361, 2844, 345, 2049, 2971, 1836, 1352, 2848, 1700, 2211, 804, 3293, 2842, 3167, 507, 2577, 1276, 3427, 3549, 2688, 9, 788, 1657, 3546, 541, 1980, 903, 1152, 181, 441, 1655, 982, 3539, 2976, 648, 2456, 60, 604, 446, 1707]
labeling = [2, 7, 0, 3, 1, 9, 4, 6, 9, 4, 6, 3, 9, 6, 10, 1, 1, 6, 4, 0, 5, 1, 6, 0, 10, 3, 6, 0, 7, 2, 11, 13, 0, 9, 11, 4, 8, 10, 7, 2, 0, 3, 0, 9, 1, 4, 0, 3, 11, 7, 2, 9, 2, 11, 8, 2, 5, 2, 7, 12, 4, 9, 0, 4, 1, 8, 1, 8, 10, 6, 2, 0, 6, 11, 8, 2, 5, 12, 14, 7, 9, 6, 3, 0, 7, 14, 9, 13, 7, 11, 6, 15, 3, 1, 6, 8, 6, 3, 10, 3, 12, 0, 4, 8, 5, 9, 2, 0, 4, 7, 10, 16, 1, 12, 0, 13, 10, 4, 0, 5, 2, 10, 8, 4, 11, 0, 10, 2, 4, 11, 9, 4, 8, 6, 6, 2, 10, 3, 1, 4, 9, 6, 1, 8, 2, 4, 10, 3, 1, 12, 6, 9, 1, 4, 6, 1, 7, 3, 5, 8, 11, 7, 0, 5, 1, 5, 2, 4, 11, 7, 0, 5, 7, 2, 0, 10, 4, 6, 0, 7, 5, 9, 4, 8, 2, 3, 0, 8, 3, 0, 6, 9, 6, 1, 3, 9, 7, 3, 4, 5, 9, 6, 4, 13, 1, 10, 12, 1, 10, 0, 5, 8, 4, 7, 11, 8, 13, 11, 14, 3, 12, 14, 8, 5, 10, 14, 5, 12, 9, 6, 3, 7, 3, 13, 0, 0, 3, 12, 7, 7, 5, 15, 8, 7, 2, 6, 0, 0, 5, 15, 9, 7, 5, 10, 7, 4, 1, 8, 11, 1, 3, 7, 11, 5, 10, 6, 7, 9, 5, 11, 4, 9, 15, 11, 13, 3, 9, 4, 1, 13, 9, 11, 3, 12, 0, 11, 4, 2, 0, 13, 6, 7, 4, 10, 10, 8, 2, 0, 4, 11, 13, 1, 7, 0, 12, 5, 14, 2, 5, 11, 6, 3, 11, 7, 2, 9, 6, 3, 8, 1, 5, 10, 8, 2, 5, 8, 13, 1, 6, 0, 11, 9, 3, 0, 15, 9, 6, 8, 1, 10, 9, 0, 13, 9, 5, 9, 5, 8, 1, 14, 12, 10, 3, 11, 2, 14, 7, 12, 0, 2, 8, 3, 10, 3, 0, 8, 5, 2, 11, 3, 0, 4, 7, 5, 2, 8, 3, 2, 0, 3, 0, 10, 4, 6, 2, 5, 13, 8, 1, 4, 3, 9, 6, 11, 1, 6, 9, 0, 4, 1, 7, 0, 11, 3, 4, 13, 8, 4, 1, 12, 2, 14, 3, 12, 3, 8, 0, 7, 4, 1, 12, 7, 3, 1, 8, 4, 2, 12, 1, 5, 10, 2, 11, 13, 6, 8, 5, 1, 3, 6, 2, 10, 5, 9, 12, 10, 7, 1, 14, 3, 1, 6, 9, 14, 11, 5, 13, 6, 11, 0, 9, 7, 3, 1, 0, 4, 10, 1, 16, 2, 6, 9, 1, 7, 0, 11, 7, 5, 1, 4, 8, 10, 6, 14, 0, 12, 16, 9, 14, 10, 2, 5, 13, 1, 11, 6, 8, 5, 2, 12, 3, 5, 10, 3, 0, 4, 9, 14, 8, 10, 2, 17, 15, 5, 2, 9, 5, 11, 3, 1, 12, 4, 3, 12, 9, 7, 14, 8, 4, 2, 10, 7, 4, 14, 2, 13, 11, 8, 6, 11, 3, 12, 12, 7, 0, 10, 3, 0, 4, 7, 9, 0, 4, 6, 11, 9, 7, 4, 10, 0, 4, 7, 5, 1, 9, 6, 5, 7, 15, 9, 3, 1, 7, 0, 10, 6, 11, 8, 13, 6, 12, 8, 11, 1, 2, 10, 15, 2, 0, 5, 0, 3, 5, 2, 0, 6, 8, 10, 3, 5, 7, 0, 6, 11, 14, 12, 7, 9, 5, 0, 6, 1, 0, 6, 2, 10, 8, 5, 9, 13, 0, 5, 3, 7, 10, 5, 8, 8, 4, 12, 14, 16, 2, 10, 15, 9, 0, 4, 9, 3, 0, 11, 8, 2, 9, 12, 4, 5, 15, 13, 3, 0, 8, 2, 9, 0, 9, 4, 2, 0, 11, 14, 3, 6, 8, 12, 14, 12, 4, 2, 10, 5, 6, 13, 15, 3, 7, 14, 2, 0, 8, 3, 10, 15, 7, 4, 12, 1, 8, 3, 6, 10, 5, 1, 10, 13, 9, 0, 9, 11, 0, 7, 5, 8, 0, 10, 4, 1, 0, 9, 12, 7, 13, 11, 1, 16, 9, 5, 2, 0, 11, 6, 1, 12, 4, 2, 9, 6, 4, 11, 13, 1, 8, 3, 15, 13, 12, 2, 1, 6, 3, 10, 13, 4, 11, 9, 6, 12, 5, 14, 8, 13, 15, 4, 10, 13, 2, 7, 9, 0, 3, 7, 0, 3, 3, 0, 5, 2, 0, 10, 4, 9, 2, 8, 4, 2, 7, 8, 1, 13, 0, 3, 4, 0, 3, 9, 7, 1, 9, 6, 13, 11, 2, 9, 11, 4, 0, 10, 14, 4, 1, 9, 3, 1, 13, 4, 7, 2, 4, 7, 4, 10, 7, 6, 2, 0, 6, 1, 4, 8, 1, 0, 3, 1, 10, 10, 7, 5, 1, 9, 4, 12, 2, 7, 5, 11, 7, 5, 10, 1, 13, 15, 3, 6, 13, 9, 11, 5, 7, 2, 16, 13, 6, 12, 2, 13, 6, 4, 0, 2, 9, 13, 11, 6, 1, 16, 0, 8, 6, 3, 1, 8, 12, 6, 10, 1, 11, 5, 12, 7, 1, 4, 9, 6, 15, 17, 10, 7, 11, 8, 1, 3, 5, 7, 15, 4, 2, 7, 4, 2, 11, 1, 13, 16, 2, 7, 4, 0, 16, 9, 8, 0, 9, 3, 11, 0, 14, 10, 8, 4, 14, 3, 13, 10, 12, 8, 0, 6, 8, 11, 5, 10, 12, 9, 7, 5, 11, 9, 0, 8, 3, 6, 0, 2, 3, 14, 7, 1, 10, 16, 5, 12, 2, 0, 8, 1, 5, 6, 10, 2, 4, 1, 6, 2, 8, 6, 4, 2, 0, 3, 5, 10, 6, 5, 1, 10, 4, 9, 16, 0, 6, 2, 12, 0, 3, 8, 4, 11, 3, 0, 6, 13, 2, 12, 6, 3, 0, 6, 16, 0, 6, 4, 2, 0, 13, 11, 0, 9, 1, 5, 0, 4, 9, 3, 10, 7, 2, 12, 4, 6, 5, 7, 0, 1, 17, 0, 10, 2, 7, 5, 11, 14, 3, 9, 13, 11, 14, 5, 9, 6, 15, 8, 3, 6, 16, 12, 1, 8, 4, 10, 1, 9, 8, 1, 3, 8, 9, 4, 16, 3, 15, 0, 3, 8, 17, 10, 2, 0, 7, 4, 2, 0, 3, 11, 14, 7, 1, 13, 15, 6, 13, 0, 7, 3, 0, 4, 15, 12, 6, 13, 0, 2, 5, 10, 12, 9, 1, 5, 7, 12, 8, 14, 0, 9, 11, 5, 13, 1, 4, 10, 6, 0, 8, 3, 5, 2, 15, 7, 9, 0, 2, 14, 7, 11, 13, 1, 14, 3, 0, 7, 14, 3, 15, 1, 4, 7, 5, 1, 7, 2, 7, 11, 5, 4, 9, 16, 12, 8, 11, 1, 5, 3, 12, 4, 8, 4, 1, 5, 10, 7, 9, 10, 3, 9, 1, 6, 9, 12, 1, 3, 3, 0, 9, 3, 13, 2, 7, 5, 3, 7, 1, 4, 6, 0, 7, 5, 10, 6, 4, 0, 5, 1, 4, 8, 2, 8, 11, 4, 12, 0, 5, 3, 9, 4, 13, 5, 10, 7, 9, 2, 6, 8, 12, 0, 0, 7, 11, 2, 12, 4, 2, 8, 2, 11, 8, 13, 1, 15, 4, 1, 8, 1, 15, 9, 1, 17, 15, 1, 7, 4, 1, 13, 0, 3, 14, 6, 13, 8, 4, 3, 5, 7, 15, 5, 5, 15, 13, 0, 9, 16, 12, 10, 13, 15, 7, 10, 12, 11, 6, 7, 9, 0, 0, 15, 11, 4, 17, 0, 11, 3, 14, 6, 8, 1, 13, 9, 0, 1, 8, 6, 11, 1, 5, 14, 6, 0, 2, 14, 4, 2, 5, 14, 2, 12, 10, 3, 6, 8, 2, 7, 4, 7, 10, 4, 11, 14, 6, 4, 5, 7, 3, 5, 9, 3, 6, 8, 4, 2, 8, 11, 9, 6, 0, 3, 11, 9, 4, 8, 5, 9, 12, 10, 15, 13, 5, 2, 0, 13, 10, 8, 9, 0, 10, 0, 7, 11, 8, 2, 0, 1, 11, 15, 13, 4, 2, 8, 6, 0, 7, 10, 6, 1, 7, 0, 0, 2, 10, 14, 11, 7, 9, 4, 1, 3, 8, 1, 9, 9, 7, 3, 0, 5, 13, 10, 0, 13, 9, 3, 8, 11, 7, 2, 11, 3, 0, 4, 1, 5, 0, 10, 2, 11, 3, 10, 8, 13, 9, 0, 6, 6, 4, 1, 6, 11, 3, 6, 12, 7, 2, 5, 7, 4, 6, 0, 12, 8, 10, 12, 14, 10, 8, 11, 4, 0, 17, 5, 12, 1, 16, 14, 11, 3, 2, 7, 5, 2, 4, 7, 9, 1, 4, 6, 0, 16, 0, 8, 13, 4, 2, 5, 7, 5, 2, 6, 2, 2, 5, 15, 2, 0, 10, 7, 3, 16, 12, 8, 10, 3, 9, 8, 0, 3, 11, 14, 8, 10, 1, 6, 10, 3, 0, 6, 1, 9, 0, 15, 13, 10, 12, 1, 8, 12, 5, 2, 11, 1, 1, 9, 6, 12, 0, 7, 10, 10, 6, 0, 1, 4, 2, 8, 12, 1, 6, 15, 13, 11, 2, 4, 1, 1, 5, 7, 3, 6, 9, 3, 12, 0, 5, 7, 3, 2, 4, 6, 1, 5, 3, 9, 7, 3, 0, 7, 5, 10, 4, 2, 5, 1, 3, 8, 12, 9, 3, 8, 1, 0, 4, 2, 0, 8, 10, 13, 2, 5, 3, 5, 2, 0, 3, 10, 15, 1, 5, 7, 0, 5, 0, 9, 5, 0, 4, 7, 2, 8, 3, 7, 2, 12, 4, 8, 1, 14, 6, 4, 7, 5, 1, 1, 0, 14, 10, 1, 8, 0, 3, 9, 12, 14, 2, 10, 3, 11, 14, 6, 0, 5, 6, 0, 1, 5, 7, 9, 12, 7, 2, 13, 0, 2, 8, 10, 11, 9, 12, 8, 6, 17, 11, 6, 2, 10, 3, 4, 14, 17, 9, 8, 10, 3, 1, 11, 8, 3, 9, 11, 3, 1, 4, 9, 3, 5, 10, 0, 4, 0, 2, 7, 0, 11, 9, 1, 4, 12, 1, 6, 13, 9, 2, 7, 5, 14, 16, 4, 2, 5, 11, 1, 5, 14, 11, 0, 13, 7, 9, 16, 15, 2, 9, 14, 11, 5, 2, 4, 13, 9, 7, 14, 0, 10, 3, 16, 12, 1, 7, 5, 14, 7, 7, 9, 3, 2, 10, 3, 5, 1, 15, 4, 14, 9, 11, 5, 0, 13, 9, 0, 6, 2, 5, 5, 9, 3, 12, 7, 0, 8, 3, 9, 12, 6, 10, 2, 5, 0, 9, 8, 1, 10, 4, 6, 12, 8, 4, 7, 10, 1, 9, 12, 8, 0, 3, 9, 2, 4, 10, 7, 13, 2, 8, 3, 8, 5, 14, 11, 5, 0, 13, 5, 0, 6, 11, 3, 9, 1, 3, 9, 4, 5, 8, 4, 7, 5, 16, 7, 13, 6, 8, 16, 11, 1, 12, 6, 9, 12, 2, 16, 4, 14, 16, 10, 2, 11, 4, 9, 0, 4, 7, 5, 1, 13, 7, 3, 15, 11, 0, 13, 5, 10, 0, 0, 5, 6, 3, 5, 4, 1, 5, 8, 10, 9, 12, 5, 7, 0, 13, 7, 14, 6, 11, 11, 8, 6, 11, 4, 12, 1, 6, 4, 2, 12, 8, 9, 15, 8, 0, 7, 8, 10, 3, 11, 13, 0, 6, 3, 17, 4, 3, 9, 5, 2, 8, 1, 6, 3, 12, 0, 13, 10, 3, 8, 14, 0, 3, 6, 4, 11, 13, 4, 11, 14, 5, 13, 2, 9, 11, 1, 10, 0, 6, 8, 1, 12, 7, 10, 5, 2, 10, 16, 8, 3, 7, 5, 2, 7, 8, 10, 1, 8, 2, 5, 6, 1, 3, 15, 11, 4, 0, 2, 4, 6, 8, 2, 4, 6, 9, 0, 2, 13, 7, 0, 11, 1, 2, 11, 7, 3, 6, 4, 10, 7, 11, 13, 5, 1, 6, 14, 1, 12, 10, 0, 12, 9, 13, 2, 7, 3, 10, 2, 7, 13, 5, 8, 10, 12, 7, 0, 6, 10, 0, 2, 9, 1, 4, 14, 10, 3, 9, 4, 7, 13, 0, 1, 6, 3, 0, 8, 6, 4, 9, 14, 0, 3, 8, 10, 2, 7, 4, 0, 9, 1, 5, 13, 7, 15, 3, 12, 5, 6, 1, 13, 0, 2, 15, 10, 3, 12, 7, 2, 4, 9, 2, 5, 8, 10, 5, 12, 0, 4, 13, 2, 14, 2, 8, 11, 2, 10, 8, 6, 1, 7, 3, 11, 2, 10, 4, 1, 8, 15, 5, 9, 14, 1, 15, 0, 13, 6, 3, 11, 4, 9, 10, 0, 7, 9, 11, 0, 14, 4, 12, 13, 9, 11, 10, 1, 9, 7, 5, 9, 3, 6, 10, 1, 13, 5, 8, 2, 12, 10, 4, 0, 1, 0, 14, 8, 5, 4, 6, 1, 4, 9, 6, 1, 4, 12, 3, 0, 6, 0, 0, 13, 6, 0, 9, 8, 11, 7, 0, 3, 11, 5, 7, 11, 2, 8, 6, 10, 3, 2, 8, 10, 6, 0, 4, 1, 9, 2, 0, 12, 1, 9, 0, 3, 9, 11, 6, 8, 5, 11, 7, 1, 6, 4, 14, 0, 1, 4, 12, 9, 1, 13, 4, 8, 1, 11, 3, 13, 6, 4, 11, 5, 2, 7, 12, 8, 6, 2, 5, 0, 4, 13, 8, 5, 10, 2, 13, 1, 11, 3, 15, 6, 11, 3, 0, 9, 11, 6, 5, 7, 2, 10, 1, 17, 8, 14, 10, 14, 4, 11, 8, 10, 3, 7, 6, 4, 11, 8, 15, 7, 12, 14, 0, 5, 9, 1, 14, 12, 5, 0, 4, 10, 4, 6, 15, 5, 14, 0, 9, 15, 5, 0, 9, 6, 0, 5, 2, 0, 10, 3, 12, 6, 10, 3, 8, 2, 13, 0, 16, 11, 15, 8, 10, 12, 7, 9, 1, 13, 0, 11, 7, 4, 2, 13, 12, 14, 12, 2, 8, 4, 13, 12, 6, 2, 14, 4, 9, 1, 7, 11, 3, 12, 6, 1, 3, 1, 3, 5, 2, 7, 3, 3, 9, 1, 6, 9, 3, 10, 2, 7, 4, 12, 7, 2, 4, 1, 8, 10, 6, 0, 3, 5, 14, 5, 4, 0, 9, 9, 6, 0, 3, 10, 2, 5, 0, 7, 3, 6, 4, 6, 10, 14, 0, 3, 4, 0, 3, 1, 9, 3, 3, 7, 2, 4, 8, 11, 0, 2, 7, 9, 0, 6, 3, 8, 8, 11, 9, 13, 1, 14, 11, 9, 1, 5, 12, 10, 8, 2, 9, 16, 10, 12, 6, 14, 0, 9, 6, 10, 2, 8, 13, 5, 11, 3, 1, 10, 1, 13, 4, 12, 8, 6, 4, 0, 6, 16, 9, 2, 4, 13, 16, 5, 1, 7, 2, 0, 5, 2, 17, 3, 12, 7, 4, 10, 8, 6, 10, 15, 13, 12, 2, 0, 7, 3, 9, 15, 13, 3, 12, 7, 5, 1, 9, 7, 14, 9, 3, 14, 10, 3, 16, 6, 0, 5, 10, 2, 14, 3, 17, 1, 3, 5, 4, 11, 3, 11, 14, 2, 5, 8, 0, 6, 4, 0, 3, 6, 13, 1, 11, 5, 0, 13, 7, 0, 13, 11, 9, 4, 6, 7, 9, 4, 6, 8, 11, 8, 0, 5, 1, 8, 0, 3, 11, 4, 8, 1, 12, 10, 0, 10, 3, 0, 1, 4, 11, 5, 3, 4, 8, 0, 7, 9, 1, 5, 2, 0, 4, 2, 0, 6, 7, 8, 6, 4, 12, 9, 7, 3, 1, 8, 5, 9, 12, 2, 6, 12, 5, 0, 15, 5, 10, 1, 5, 3, 7, 5, 3, 6, 2, 4, 0, 2, 4, 0, 2, 11, 9, 6, 3, 0, 8, 11, 0, 3, 6, 10, 7, 14, 2, 16, 13, 10, 8, 3, 8, 0, 6, 1, 15, 10, 8, 5, 13, 7, 6, 11, 9, 5, 5, 3, 1, 10, 12, 2, 6, 13, 9, 11, 1, 12, 10, 0, 8, 3, 12, 6, 15, 10, 14, 16, 11, 4, 0, 2, 0, 8, 1, 0, 7, 12, 1, 10, 13, 11, 4, 8, 0, 14, 3, 7, 5, 3, 16, 7, 15, 12, 5, 0, 13, 8, 7, 3, 1, 8, 6, 5, 12, 14, 6, 9, 2, 5, 15, 9, 12, 16, 14, 2, 5, 10, 2, 8, 14, 12, 0, 5, 2, 8, 10, 1, 9, 5, 3, 16, 6, 12, 0, 2, 15, 0, 16, 10, 7, 6, 3, 10, 6, 2, 7, 6, 9, 1, 12, 9, 5, 2, 9, 6, 8, 4, 6, 13, 3, 2, 10, 6, 1, 4, 2, 13, 8, 10, 6, 3, 13, 5, 9, 11, 5, 0, 10, 12, 0, 11, 1, 11, 7, 10, 2, 13, 1, 4, 8, 4, 1, 6, 8, 1, 14, 11, 7, 1, 4, 0, 8, 10, 7, 12, 5, 7, 1, 3, 6, 1, 7, 2, 13, 10, 6, 2, 4, 11, 0, 15, 13, 1, 6, 14, 2, 5, 11, 5, 2, 13, 8, 16, 11, 1, 4, 14, 0, 9, 10, 5, 7, 11, 13, 0, 16, 5, 15, 4, 16, 7, 1, 14, 6, 2, 4, 13, 5, 11, 1, 3, 13, 4, 9, 12, 5, 9, 3, 11, 11, 5, 3, 3, 0, 14, 16, 2, 15, 9, 7, 13, 11, 8, 10, 4, 2, 11, 8, 0, 10, 0, 9, 7, 10, 0, 1, 15, 7, 3, 0, 7, 9, 4, 2, 0, 7, 10, 1, 4, 6, 8, 3, 0, 9, 1, 12, 6, 11, 7, 7, 3, 6, 12, 4, 6, 3, 8, 11, 13, 10, 5, 9, 14, 1, 5, 7, 12, 15, 1, 12, 16, 8, 0, 4, 12, 4, 7, 5, 3, 1, 8, 3, 1, 10, 1, 9, 2, 10, 0, 4, 2, 5, 14, 0, 11, 3, 13, 8, 10, 0, 1, 3, 13, 0, 3, 7, 2, 13, 3, 12, 8, 4, 1, 8, 5, 7, 14, 0, 9, 3, 12, 0, 3, 9, 9, 12, 5, 8, 10, 12, 0, 4, 2, 7, 0, 6, 8, 10, 4, 11, 8, 6, 2, 14, 10, 13, 0, 3, 9, 11, 7, 15, 10, 7, 9, 6, 12, 0, 10, 14, 12, 6, 5, 2, 16, 11, 13, 8, 15, 17, 1, 9, 9, 14, 1, 8, 0, 3, 5, 10, 8, 12, 5, 14, 8, 1, 0, 4, 8, 1, 6, 5, 3, 10, 2, 8, 13, 1, 9, 6, 5, 13, 11, 3, 0, 4, 6, 3, 5, 2, 6, 1, 12, 6, 1, 13, 2, 2, 6, 12, 2, 5, 7, 3, 12, 0, 1, 5, 10, 6, 12, 7, 4, 0, 2, 9, 15, 13, 1, 10, 8, 12, 16, 14, 9, 2, 13, 10, 0, 9, 7, 11, 8, 10, 12, 4, 15, 7, 2, 4, 16, 12, 3, 9, 14, 10, 4, 6, 0, 5, 7, 11, 0, 2, 10, 0, 7, 4, 0, 11, 4, 2, 5, 13, 0, 4, 6, 9, 0, 12, 9, 13, 6, 9, 5, 0, 2, 6, 8, 5, 8, 6, 1, 9, 0, 6, 8, 5, 2, 6, 14, 12, 9, 0, 8, 5, 2, 11, 9, 7, 10, 5, 7, 3, 0, 6, 1, 3, 9, 1, 5, 0, 2, 2, 4, 15, 2, 5, 10, 14, 0, 4, 12, 3, 7, 13, 5, 4, 9, 12, 0, 4, 2, 2, 8, 13, 8, 4, 9, 13, 10, 7, 13, 8, 3, 4, 0, 10, 12, 7, 1, 12, 4, 10, 9, 1, 11, 4, 2, 7, 1, 3, 3, 9, 13, 6, 0, 4, 9, 11, 1, 7, 4, 1, 5, 10, 12, 1, 1, 9, 7, 5, 14, 14, 15, 9, 7, 12, 4, 7, 0, 10, 14, 11, 5, 0, 4, 10, 8, 13, 2, 0, 4, 6, 13, 8, 3, 0, 14, 3, 9, 3, 5, 12, 10, 4, 12, 2, 11, 4, 6, 10, 13, 8, 1, 5, 8, 1, 14, 2, 0, 4, 1, 8, 6, 1, 8, 10, 6, 17, 11, 5, 1, 7, 7, 1, 8, 2, 1, 8, 4, 6, 13, 3, 12, 2, 5, 14, 7, 12, 3, 4, 6, 9, 2, 11, 3, 10, 5, 3, 0, 2, 14, 9, 7, 4, 2, 0, 1, 3, 8, 4, 7, 4, 2, 7, 0, 11, 2, 3, 11, 6, 2, 10, 0, 5, 1, 3, 12, 2, 4, 1, 10, 2, 9, 7, 5, 3, 9, 2, 9, 5, 0, 6, 10, 3, 1, 9, 3, 8, 9, 5, 1, 4, 3, 0, 6, 4, 2, 10, 5, 7, 0, 10, 12, 6, 0, 3, 12, 0, 6, 4, 7, 6, 3, 8, 14, 0, 6, 5, 0, 6, 11, 7, 0, 6, 9, 11, 12, 8, 1, 11, 7, 1, 9, 6, 1, 0, 8, 11, 6, 9, 2, 15, 0, 5, 8, 11, 4, 2, 8, 10, 3, 12, 1, 5, 2, 9, 3, 5, 8, 2, 10, 6, 8, 14, 11, 3, 12, 5, 7, 2, 4, 1, 5, 10, 4, 8, 2, 10, 7, 1, 6, 11, 7, 0, 5, 8, 0, 15, 4, 11, 7, 3, 6, 4, 9, 5, 3, 9, 5, 10, 2, 3, 0, 12, 3, 0, 7, 2, 6, 0, 0, 3, 5, 0, 3, 5, 9, 1, 11, 7, 1, 0, 9, 2, 0, 9, 0, 2, 10, 1, 7, 0, 6, 4, 11, 7, 5, 8, 4, 12, 0, 9, 5]
convergência = [17, 17, 17, 17, 17, 17, 17, 17, 17, 17, 17, 17, 17, 17, 17, 17, 17, 17, 17, 17, 17, 17, 17, 17, 17, 17, 17, 17, 17, 17, 17, 17, 17, 17, 17, 17, 17, 17, 17, 17, 17, 17, 17, 17, 17, 17, 17, 17, 17, 17, 17, 17, 17, 17, 17, 17, 17, 17, 17, 17, 17, 17, 17, 17, 17, 17, 17, 17, 17, 17, 17, 17, 17, 17, 17, 17, 17, 17, 17, 17, 17, 17, 17, 17, 17, 17, 17, 17, 17, 17, 17, 17, 17, 17, 17, 17, 17, 17, 17, 17, 17, 17, 17, 17, 17, 17, 17, 17, 17, 17, 17, 17, 17, 17, 17, 17, 17, 17, 17, 17, 17, 17, 17, 17]

===== FIM =====
