===== RESULTADO BRKGA L(2,1) =====
Arquivo: /Users/mateuspedrosa/Documents/TCC-II/BRKGA/data/Harwell-Boeing_cleaned/sherman5_clean.mtx

----- Execução #1 -----
[INFO] Parou por estagnação.
Tempo de execução: 847423ms
Span (lambda): 37
best_order = [3261, 1510, 3130, 28, 94, 1828, 816, 135, 2381, 2788, 3308, 987, 2574, 2407, 2980, 2780, 2246, 80, 2483, 2763, 2751, 2454, 1988, 440, 1422, 1699, 1921, 96, 1703, 125, 936, 2203, 2287, 1909, 2487, 847, 1666, 3282, 874, 1838, 2304, 369, 1621, 789, 1168, 228, 2582, 2048, 843, 462, 1291, 2784, 1715, 340, 1442, 1122, 976, 2074, 1219, 2134, 2844, 2862, 2292, 3288, 1146, 1334, 833, 989, 1697, 719, 1983, 1194, 198, 1336, 2109, 61, 3112, 2337, 2072, 1468, 975, 1438, 2868, 2169, 1808, 2252, 484, 3274, 2357, 2204, 333, 56, 2735, 2023, 2690, 1172, 1835, 1222, 2723, 3057, 368, 1709, 172, 1282, 2498, 1391, 2575, 1263, 2190, 1363, 252, 202, 1402, 1070, 885, 3270, 1802, 2847, 1394, 1665, 2891, 1096, 1114, 2912, 2545, 527, 3294, 2211, 3298, 1866, 2524, 1255, 3044, 1853, 1684, 2795, 3030, 558, 1440, 2325, 149, 2159, 3192, 386, 2372, 2405, 438, 1984, 2604, 158, 964, 1233, 2781, 187, 2797, 1256, 3210, 799, 701, 1887, 2906, 2632, 2300, 599, 2022, 3001, 702, 3299, 3304, 3253, 231, 1846, 1150, 1841, 901, 2873, 1529, 403, 444, 763, 2002, 1448, 1537, 1793, 2350, 3002, 395, 1657, 2938, 2360, 2427, 3078, 82, 2031, 3232, 287, 562, 2015, 943, 3139, 1707, 2855, 2558, 814, 1243, 742, 177, 1004, 563, 1890, 2879, 3307, 2597, 1943, 2146, 514, 2767, 1959, 2551, 197, 2920, 2451, 3121, 2104, 85, 1223, 3055, 213, 2077, 2993, 238, 84, 2646, 2846, 1800, 322, 2076, 1961, 381, 2085, 2936, 2465, 1616, 2518, 2228, 1476, 1473, 3071, 3113, 517, 2316, 3034, 406, 1761, 2923, 2294, 3223, 204, 646, 307, 2777, 825, 2028, 3162, 2157, 1407, 2319, 908, 1517, 3152, 1617, 2473, 960, 1789, 736, 694, 519, 1608, 1480, 185, 230, 354, 3145, 154, 3052, 738, 900, 2533, 664, 647, 1747, 405, 1454, 1511, 2013, 3286, 3284, 348, 2394, 1568, 2932, 2762, 2415, 2317, 3245, 1547, 2258, 2730, 1078, 2806, 2861, 141, 1580, 1299, 1977, 1254, 1325, 1302, 1439, 1276, 2902, 375, 1249, 3058, 3211, 93, 838, 998, 1861, 2125, 2093, 1655, 786, 272, 1982, 1795, 2752, 2460, 2716, 2261, 254, 957, 2236, 1884, 426, 784, 1799, 570, 1041, 8, 2707, 1663, 2313, 3305, 188, 63, 780, 433, 2552, 2352, 118, 2675, 2030, 1590, 2840, 1279, 99, 2121, 988, 2110, 858, 2979, 294, 3279, 1234, 3, 887, 358, 2997, 897, 2199, 1549, 2609, 1731, 1991, 1330, 1312, 3309, 2005, 79, 153, 690, 1980, 1086, 576, 2479, 2691, 1295, 1121, 3215, 2943, 669, 2055, 2988, 879, 325, 3200, 1612, 3172, 1069, 1719, 2396, 208, 801, 533, 739, 3107, 938, 810, 2758, 2323, 1945, 1338, 2467, 3228, 1430, 1245, 240, 2338, 745, 1524, 39, 2701, 1925, 2213, 581, 2883, 1636, 2143, 1548, 51, 3185, 1956, 1082, 2566, 1189, 3241, 1232, 1388, 2962, 295, 1247, 893, 214, 1018, 2201, 1824, 2538, 241, 637, 292, 2892, 624, 2756, 2442, 1025, 1105, 2032, 2772, 2389, 2534, 1847, 3181, 1553, 3204, 2647, 1964, 2382, 2507, 732, 1112, 985, 116, 3264, 326, 791, 124, 2602, 49, 614, 2376, 2815, 329, 103, 1379, 1773, 3047, 1744, 2362, 6, 359, 1730, 2713, 1054, 1628, 2672, 1746, 3297, 508, 2924, 2369, 560, 425, 2297, 1040, 179, 21, 1035, 1242, 1601, 2935, 3156, 2922, 1324, 468, 465, 1594, 1060, 2142, 2897, 2757, 1649, 2436, 2180, 2963, 2649, 1609, 756, 830, 2391, 3184, 196, 896, 2527, 32, 2766, 933, 194, 757, 583, 1417, 1720, 777, 3042, 2088, 1280, 2896, 3306, 2000, 78, 363, 2546, 3100, 542, 1997, 762, 2459, 1385, 2482, 741, 1523, 472, 2464, 604, 803, 518, 2581, 992, 2017, 822, 1487, 3272, 3186, 2164, 3260, 771, 579, 1475, 3203, 1530, 2291, 2377, 1494, 1322, 2697, 1084, 1313, 566, 282, 883, 2050, 1308, 2039, 1899, 1431, 1869, 2244, 2731, 11, 22, 616, 4, 1455, 166, 2926, 3237, 2580, 3075, 945, 2208, 1634, 1856, 1759, 1711, 414, 3079, 417, 1371, 2782, 1904, 156, 86, 1749, 2607, 1812, 2586, 2041, 3252, 297, 1285, 1133, 1881, 3188, 225, 2839, 3049, 437, 2617, 633, 1852, 1933, 2345, 2562, 1106, 2869, 783, 1757, 25, 0, 1169, 1453, 886, 138, 1093, 898, 2810, 2530, 1071, 1413, 3165, 1564, 144, 2490, 2588, 2747, 220, 666, 788, 905, 1681, 1490, 2101, 87, 2187, 3153, 3077, 2132, 920, 2681, 502, 283, 43, 3285, 617, 1625, 3239, 845, 399, 2206, 2153, 2102, 928, 1825, 1087, 2802, 1827, 1027, 2484, 1664, 651, 2224, 2514, 67, 2168, 2392, 965, 1153, 3023, 3150, 1632, 1182, 1307, 2544, 1622, 1637, 1791, 1426, 926, 1341, 2603, 1447, 66, 1532, 2078, 2042, 2928, 1896, 349, 677, 2895, 1801, 1803, 1021, 2172, 2673, 1573, 3147, 1405, 536, 1659, 2706, 3254, 2499, 364, 2094, 3197, 2250, 3094, 478, 1862, 1401, 3050, 3003, 1585, 1883, 450, 1309, 1688, 3082, 445, 353, 274, 3133, 1760, 2572, 689, 2220, 3174, 1340, 460, 2692, 793, 1272, 991, 2650, 30, 2471, 402, 1050, 621, 109, 2894, 1672, 2555, 2269, 639, 2584, 2265, 1306, 34, 2500, 912, 2578, 147, 2850, 3061, 1251, 630, 1427, 2656, 1910, 2449, 422, 3251, 2398, 1075, 728, 1716, 427, 687, 2167, 1893, 2872, 280, 100, 2197, 596, 3105, 1140, 3037, 1499, 660, 3229, 2888, 2351, 1180, 1125, 76, 1845, 1077, 1871, 2899, 390, 692, 485, 781, 2263, 449, 1081, 1951, 1472, 53, 446, 475, 64, 380, 2001, 2353, 2502, 2670, 279, 1870, 713, 2842, 376, 108, 2598, 2158, 1173, 2375, 559, 243, 170, 1917, 7, 2284, 1253, 2118, 3028, 387, 592, 2970, 2974, 1266, 610, 1686, 2995, 1202, 1618, 670, 1714, 1342, 2135, 1167, 2303, 1544, 504, 522, 2843, 2824, 122, 550, 1819, 1525, 2893, 899, 2243, 1968, 1275, 1736, 2084, 1420, 2342, 2371, 2750, 133, 2717, 2677, 1376, 1162, 2136, 1489, 962, 1215, 2908, 1235, 2856, 1650, 918, 2664, 3007, 1360, 993, 3125, 1604, 1748, 2329, 2878, 2112, 2207, 2058, 1289, 2115, 787, 1350, 2472, 1927, 1851, 1053, 1386, 226, 878, 1857, 2302, 2501, 1268, 3221, 2765, 1283, 3131, 1658, 2644, 3275, 1850, 2549, 1712, 2416, 2177, 1020, 904, 3010, 2859, 2569, 3249, 409, 2959, 106, 1, 1798, 3085, 2218, 680, 1809, 2804, 554, 1704, 16, 1208, 83, 3177, 2298, 2123, 1361, 1252, 338, 1347, 3016, 999, 3166, 782, 2540, 959, 2075, 1889, 1395, 1685, 2587, 2986, 1805, 3167, 891, 1344, 2728, 2661, 574, 2270, 2799, 2917, 95, 337, 1449, 1366, 234, 2940, 411, 3124, 420, 1859, 2434, 591, 1049, 3095, 3089, 986, 71, 1689, 3119, 453, 1098, 548, 1810, 1293, 1878, 1403, 2816, 1185, 1209, 1790, 3175, 1892, 2841, 608, 565, 1950, 2047, 872, 192, 769, 1373, 1734, 1651, 2450, 159, 2565, 2009, 1464, 953, 2370, 145, 1478, 469, 948, 178, 1116, 1259, 3041, 2648, 24, 216, 571, 1051, 3068, 2809, 3303, 686, 1414, 1578, 1270, 3014, 235, 3134, 2989, 2535, 2393, 2754, 1513, 1938, 3240, 850, 3099, 72, 2996, 42, 1483, 1080, 3140, 2161, 2790, 1652, 351, 2965, 265, 2916, 2659, 2330, 184, 2694, 271, 2733, 695, 2798, 2413, 1011, 1130, 293, 2823, 1355, 837, 345, 3149, 2622, 1400, 3158, 2964, 743, 698, 419, 927, 691, 1928, 2746, 142, 852, 3179, 711, 2011, 3289, 2198, 1066, 2881, 289, 2520, 2117, 532, 2025, 233, 466, 284, 861, 2914, 441, 657, 744, 455, 97, 1149, 2958, 3048, 3098, 530, 130, 1377, 500, 2890, 2696, 956, 3126, 2036, 1575, 3097, 2532, 2831, 1277, 1592, 760, 916, 812, 2254, 1201, 996, 1064, 3032, 882, 2276, 907, 2196, 2242, 653, 2635, 89, 1017, 3011, 2791, 1429, 2179, 479, 2202, 3300, 477, 2014, 2057, 2857, 2296, 2510, 2539, 443, 1174, 611, 2541, 1764, 1929, 1779, 2640, 2739, 2583, 2905, 258, 1960, 2688, 1593, 1456, 2764, 881, 1854, 2601, 1768, 278, 1396, 2738, 1159, 1241, 1829, 3283, 862, 3086, 2266, 1364, 1305, 855, 551, 3296, 3290, 1656, 1514, 3178, 2200, 3009, 2092, 1955, 2399, 3281, 668, 1556, 1599, 2506, 968, 260, 1008, 2432, 1103, 1300, 316, 2455, 2761, 1875, 1092, 1507, 2145, 1732, 2828, 3109, 1315, 1319, 2380, 1912, 173, 2423, 2124, 1143, 2528, 2973, 176, 790, 259, 3214, 2645, 2626, 5, 2485, 1261, 3096, 2605, 835, 1867, 1365, 2660, 906, 1387, 2277, 2288, 2727, 1644, 820, 2225, 720, 3012, 305, 631, 2114, 29, 1428, 2116, 1822, 454, 770, 389, 1986, 1450, 2921, 1019, 2189, 3157, 917, 3180, 715, 1246, 1484, 503, 1038, 2755, 2641, 332, 1349, 734, 1607, 1220, 1777, 3128, 1745, 3277, 245, 1062, 2749, 2851, 3021, 1046, 1331, 848, 2463, 1320, 3019, 2676, 3301, 823, 2257, 3090, 2505, 1369, 1554, 3043, 2209, 1119, 870, 341, 1399, 628, 211, 2064, 2285, 9, 1378, 1558, 963, 2811, 1957, 1059, 2318, 1294, 3046, 994, 343, 1833, 3080, 940, 1421, 1012, 553, 3123, 627, 1321, 45, 3255, 2945, 3160, 2275, 673, 1039, 35, 1886, 1383, 1526, 1477, 334, 1179, 569, 1160, 712, 2704, 981, 636, 2255, 2826, 2262, 162, 2925, 1423, 473, 1557, 2184, 1132, 759, 1410, 2082, 3063, 2509, 543, 978, 2271, 2491, 356, 1855, 1318, 1767, 308, 807, 2105, 391, 1503, 242, 111, 1743, 1303, 92, 2702, 2743, 982, 1120, 3193, 2711, 2554, 2071, 1753, 961, 513, 263, 2953, 2156, 2336, 2240, 1382, 1024, 2448, 2944, 1148, 1052, 2934, 1674, 2705, 1128, 1471, 1061, 794, 1444, 854, 1642, 2086, 2108, 826, 1905, 3101, 2043, 1963, 2007, 1551, 327, 1374, 609, 2390, 2130, 925, 674, 1505, 57, 330, 2563, 1721, 755, 1101, 613, 2026, 2404, 2068, 2655, 851, 313, 535, 2653, 2441, 1860, 1533, 3263, 1520, 377, 2175, 398, 2548, 3218, 2344, 2634, 910, 3310, 1952, 1458, 2081, 3246, 143, 703, 2561, 1954, 2368, 1648, 1740, 635, 2035, 146, 707, 1569, 1048, 1782, 227, 696, 3206, 361, 1419, 2056, 1661, 1200, 1958, 667, 2080, 1623, 2148, 2216, 3259, 929, 1390, 2295, 1493, 1231, 2773, 301, 191, 2183, 2503, 2987, 2537, 3026, 577, 1108, 1584, 370, 1316, 461, 2053, 2073, 3154, 107, 924, 2051, 3006, 2999, 2334, 1323, 3040, 844, 934, 1512, 2335, 2789, 2639, 3271, 2624, 2616, 1756, 2543, 3209, 615, 1940, 1354, 1206, 748, 2173, 429, 1864, 1002, 1996, 3244, 2060, 2814, 1337, 625, 1443, 2693, 2508, 1885, 2070, 2700, 1597, 273, 2494, 528, 2401, 2315, 1671, 2424, 183, 2040, 3170, 2049, 1566, 362, 2714, 716, 2149, 209, 1669, 1708, 2684, 840, 1262, 662, 2808, 3278, 365, 1107, 1384, 509, 1094, 2321, 572, 2489, 1817, 524, 1972, 983, 1083, 1794, 797, 1278, 1044, 2346, 1181, 2668, 2919, 675, 281, 201, 2341, 573, 1356, 1820, 1136, 212, 41, 1204, 1250, 1304, 2880, 880, 374, 856, 665, 55, 1705, 2975, 48, 3291, 2786, 2699, 1772, 1154, 888, 2830, 476, 2160, 2779, 1985, 1903, 90, 73, 1741, 1165, 659, 1301, 1067, 2363, 1602, 1339, 303, 1785, 1485, 2033, 299, 394, 2388, 2165, 1418, 1751, 1033, 3176, 520, 1579, 127, 1935, 1519, 2268, 2347, 1210, 2286, 126, 1009, 1646, 1971, 3257, 1111, 2113, 2138, 2950, 1737, 1492, 795, 2063, 3202, 1581, 2437, 1682, 1990, 2279, 796, 1946, 1102, 255, 480, 328, 679, 1563, 1891, 1811, 2724, 1501, 1015, 1610, 2954, 3227, 2686, 2576, 3127, 3018, 3238, 2904, 1630, 594, 1482, 2195, 950, 2708, 10, 3146, 648, 3250, 1056, 2884, 1981, 2633, 1541, 545, 3213, 1937, 947, 451, 612, 257, 853, 2812, 2305, 1459, 2331, 1900, 1348, 1134, 314, 1055, 733, 3280, 309, 3135, 2837, 737, 3136, 2865, 2272, 1500, 3287, 2144, 2636, 2495, 1131, 2062, 2181, 175, 1765, 2214, 643, 2836, 2968, 2067, 493, 3132, 367, 69, 1001, 768, 3231, 1028, 3226, 2260, 410, 2386, 1754, 2910, 33, 223, 2090, 1457, 705, 382, 2526, 1016, 1992, 2476, 324, 1155, 1352, 1193, 1962, 2947, 2666, 2907, 849, 817, 1531, 1947, 276, 2770, 2978, 452, 923, 1097, 2946, 2606, 671, 2658, 2931, 2817, 1416, 1876, 2119, 620, 2215, 1226, 1195, 2349, 244, 1739, 2107, 3092, 2366, 458, 913, 1460, 626, 2901, 1555, 819, 3106, 2608, 842, 547, 684, 723, 2674, 3268, 2695, 2100, 2431, 2805, 404, 1692, 1742, 935, 1683, 3091, 1787, 2324, 1953, 1151, 914, 1606, 81, 2061, 1582, 434, 2096, 1221, 640, 2725, 2942, 846, 2103, 641, 2740, 2599, 13, 2638, 101, 366, 2983, 2547, 2458, 497, 969, 2027, 2933, 1924, 19, 3074, 1700, 1161, 2870, 1370, 2511, 2769, 1858, 2133, 1007, 218, 2832, 2497, 2435, 3276, 2468, 765, 264, 525, 2486, 2140, 470, 730, 2307, 798, 2251, 2004, 2948, 3053, 661, 68, 523, 877, 1115, 2854, 1498, 1171, 1329, 889, 2679, 2414, 3236, 811, 14, 104, 735, 3054, 1527, 973, 98, 1367, 655, 3104, 2643, 2339, 239, 1240, 1926, 2949, 1562, 3198, 393, 408, 1327, 1931, 930, 2845, 2882, 1437, 1775, 1164, 1409, 1781, 3084, 699, 373, 3114, 672, 2421, 1826, 3067, 603, 764, 2875, 718, 2012, 1615, 12, 323, 1538, 1190, 1239, 1831, 2741, 3194, 2889, 2433, 1696, 1127, 3302, 2685, 919, 1843, 436, 1089, 1815, 3137, 1724, 584, 921, 663, 2241, 52, 1898, 2557, 498, 3222, 941, 3143, 2230, 1842, 379, 2234, 221, 2185, 2474, 2411, 232, 774, 261, 344, 2127, 2523, 829, 423, 2320, 1949, 1380, 1627, 556, 1914, 3072, 1979, 77, 489, 2016, 1124, 2469, 1317, 17, 1110, 168, 1372, 3031, 1865, 1727, 2417, 448, 1698, 937, 1109, 792, 3060, 1595, 1786, 1948, 2475, 3017, 967, 1332, 1695, 2038, 2128, 1710, 2877, 471, 117, 224, 2003, 977, 3033, 2982, 2801, 2194, 1673, 2613, 207, 1000, 335, 2419, 1872, 1074, 1144, 171, 2178, 1229, 3169, 722, 2991, 2720, 237, 1351, 815, 1432, 595, 2340, 3004, 1849, 867, 1976, 2573, 2274, 1550, 970, 3000, 2867, 1922, 1481, 1821, 266, 585, 310, 413, 1897, 1368, 2152, 1129, 2137, 3122, 432, 2903, 1218, 2774, 2592, 60, 1629, 1138, 1406, 884, 253, 903, 1908, 751, 501, 1237, 1788, 995, 2018, 952, 2006, 1465, 2440, 139, 456, 62, 2024, 248, 2151, 2385, 2402, 447, 1187, 546, 275, 1640, 1196, 298, 3087, 481, 3273, 2155, 2221, 496, 1273, 808, 2513, 1518, 2170, 1032, 2311, 2443, 634, 2193, 1434, 1552, 1755, 288, 2249, 180, 1598, 3173, 506, 1944, 360, 2667, 2852, 2874, 2951, 1844, 1643, 1156, 1088, 1203, 435, 269, 2182, 1559, 828, 1574, 2150, 1135, 1589, 868, 1863, 1702, 622, 2687, 3027, 350, 805, 2577, 521, 2918, 1874, 2871, 1783, 165, 944, 3243, 431, 2397, 2759, 355, 439, 600, 2046, 1244, 708, 3148, 859, 1286, 2737, 1670, 1941, 3168, 1923, 120, 336, 909, 418, 2438, 1792, 459, 1326, 186, 539, 644, 1479, 296, 388, 1934, 464, 766, 1258, 3311, 2504, 1079, 2481, 804, 2977, 1546, 1723, 1916, 2785, 1152, 2290, 1653, 773, 2990, 761, 1496, 2838, 1978, 605, 2403, 731, 2021, 2322, 428, 3035, 199, 3025, 875, 681, 1769, 2682, 864, 3163, 1192, 193, 169, 2793, 492, 3093, 2611, 2492, 131, 2217, 2915, 863, 2087, 2019, 2637, 2466, 3216, 1274, 2052, 2981, 541, 18, 832, 151, 2886, 2259, 1441, 2629, 725, 632, 2559, 2480, 1311, 215, 575, 2596, 1281, 871, 693, 3233, 182, 555, 1717, 318, 1328, 922, 2718, 629, 128, 160, 1839, 724, 1260, 2192, 619, 1424, 2154, 2488, 1694, 236, 598, 2453, 1393, 2379, 642, 315, 3110, 2778, 1600, 857, 1117, 2066, 1445, 2219, 1718, 2253, 526, 2579, 3073, 2972, 890, 2278, 23, 3129, 831, 2726, 2045, 2387, 157, 342, 1679, 1345, 2, 2709, 2966, 1620, 1491, 2083, 1057, 1545, 2095, 1830, 2233, 65, 3088, 2171, 1668, 590, 549, 1907, 2409, 195, 597, 1214, 1191, 706, 163, 347, 2461, 593, 1466, 1693, 2227, 1090, 3138, 3242, 2719, 2312, 1224, 2614, 839, 400, 2678, 2835, 515, 1680, 2328, 1488, 990, 152, 866, 1392, 2998, 246, 1762, 578, 1068, 1198, 2264, 2930, 3258, 91, 1375, 1216, 286, 3038, 2283, 1264, 3266, 1796, 1778, 190, 1691, 2957, 1535, 1010, 2553, 1145, 113, 809, 463, 1175, 2281, 3269, 876, 2034, 2422, 2876, 1467, 1807, 31, 161, 2212, 2595, 1645, 1013, 1141, 2710, 2446, 1879, 767, 1199, 2232, 3159, 776, 779, 2913, 2310, 2141, 1029, 250, 2860, 1780, 487, 2669, 2776, 1522, 972, 1560, 1970, 2521, 2515, 1725, 114, 2010, 1624, 2729, 40, 1813, 2542, 304, 1022, 2122, 1939, 1076, 2445, 984, 2355, 2426, 2593, 1446, 3005, 1868, 3045, 1065, 1873, 1463, 2536, 1118, 2079, 1461, 1230, 1335, 2106, 534, 1147, 2517, 1818, 167, 1100, 1613, 3144, 2301, 3108, 3248, 2147, 2406, 892, 2822, 3066, 105, 2496, 2359, 1974, 1611, 2734, 1848, 2333, 37, 1228, 3059, 1614, 2671, 3069, 2887, 59, 2821, 1676, 357, 1776, 1677, 654, 700, 2037, 2722, 531, 3056, 1408, 3015, 1470, 2829, 3083, 749, 1091, 2020, 2615, 457, 2742, 74, 824, 1690, 860, 44, 1894, 2654, 2186, 1639, 3036, 1031, 483, 2273, 1398, 467, 1987, 1837, 717, 3115, 210, 2760, 352, 442, 1037, 1474, 415, 2768, 949, 1104, 2237, 2120, 2365, 607, 88, 1911, 1357, 1023, 1389, 2560, 1435, 1504, 2248, 285, 544, 134, 2775, 267, 1006, 2898, 2833, 2827, 1729, 174, 2425, 1641, 1516, 2967, 1565, 2952, 752, 2332, 2529, 2378, 2807, 2522, 3293, 2412, 3102, 1186, 1647, 490, 1451, 1502, 2848, 1177, 505, 2205, 3267, 2383, 2929, 2091, 1515, 2373, 729, 3013, 1543, 2444, 1506, 339, 2222, 1969, 2567, 50, 3020, 1836, 1238, 1433, 54, 1919, 3191, 2744, 3262, 140, 678, 3295, 1706, 1509, 270, 2267, 2439, 1205, 1797, 70, 785, 229, 582, 416, 1995, 939, 311, 2623, 778, 222, 474, 1298, 75, 955, 1381, 3219, 1271, 1333, 1404, 346, 1895, 697, 155, 1804, 2680, 1619, 586, 2550, 430, 1814, 2619, 129, 2400, 1902, 2308, 1005, 401, 966, 865, 494, 740, 385, 2231, 3081, 821, 971, 2794, 1605, 1290, 1752, 396, 688, 537, 2326, 2129, 2900, 1654, 3225, 1157, 1918, 2428, 268, 568, 491, 38, 2585, 1217, 1626, 2429, 772, 2610, 2395, 200, 371, 3164, 1678, 262, 119, 1166, 247, 2927, 1774, 2796, 1936, 392, 2361, 1469, 2293, 1178, 2568, 3196, 1999, 721, 1660, 1197, 1998, 1942, 2410, 3256, 1397, 3208, 2590, 997, 181, 20, 1227, 2029, 895, 1631, 1994, 618, 1687, 1003, 3205, 3076, 1163, 1880, 2753, 1043, 319, 2139, 510, 277, 302, 1412, 2853, 2956, 2651, 495, 1635, 1248, 2689, 3024, 2343, 2256, 3064, 2600, 1832, 800, 1571, 946, 2226, 2625, 3217, 1975, 974, 1675, 2306, 1170, 2374, 424, 1411, 645, 1415, 1269, 564, 658, 606, 3247, 2131, 2976, 1993, 1973, 2516, 656, 3118, 2564, 2939, 47, 954, 2992, 1036, 1042, 2787, 2665, 746, 1989, 3171, 1063, 102, 3201, 2163, 2662, 747, 2885, 1284, 1603, 827, 3116, 150, 2955, 407, 1267, 552, 3187, 3183, 2299, 3117, 754, 2525, 1073, 2418, 2631, 1497, 2245, 2783, 2176, 2512, 1176, 2985, 511, 1126, 3189, 1823, 2683, 3151, 2282, 873, 2800, 1638, 1425, 2663, 3029, 2239, 2984, 2358, 2736, 1123, 2531, 894, 802, 2803, 942, 1095, 2712, 1158, 189, 27, 2420, 601, 2748, 1763, 2478, 1058, 3039, 1521, 1840, 488, 3207, 1462, 567, 3161, 1288, 2698, 2229, 3190, 1570, 1586, 602, 1834, 291, 2715, 2863, 652, 2745, 2960, 775, 507, 2059, 115, 1353, 1257, 2162, 1296, 2327, 137, 557, 1207, 1085, 132, 1587, 397, 2971, 1882, 2909, 320, 2589, 1738, 818, 1596, 1072, 1346, 2612, 710, 2820, 378, 2223, 26, 2642, 806, 3234, 2174, 3155, 15, 2703, 1495, 1534, 1930, 383, 499, 638, 2166, 3195, 2864, 1728, 1701, 2556, 2367, 2818, 251, 2348, 2044, 915, 300, 3141, 3103, 1667, 1588, 112, 321, 676, 205, 2247, 3212, 813, 1014, 1561, 1913, 1436, 2309, 561, 1045, 1901, 1770, 3070, 2191, 1183, 1784, 650, 2849, 2280, 2457, 136, 1662, 1265, 1508, 1877, 1310, 2628, 2621, 1297, 834, 3111, 2470, 750, 2961, 3065, 836, 331, 1343, 3199, 2630, 1452, 1212, 2937, 3051, 1026, 482, 3142, 1314, 727, 1211, 1362, 2477, 2652, 312, 758, 2126, 726, 979, 1966, 2314, 980, 2792, 1965, 1713, 2098, 1358, 1572, 3235, 1726, 3062, 1137, 2941, 1528, 2721, 1758, 1591, 1633, 1359, 2858, 1750, 2819, 110, 2618, 148, 249, 589, 1583, 2099, 206, 540, 3230, 2594, 46, 2732, 164, 2069, 1542, 256, 1287, 2065, 1806, 1540, 1139, 421, 2994, 2657, 2519, 1539, 3220, 588, 1047, 486, 2354, 2408, 3265, 123, 1967, 2384, 384, 2210, 2452, 2771, 2813, 2097, 2834, 2493, 58, 2111, 911, 3008, 683, 1188, 1888, 1816, 2591, 2447, 1766, 306, 1733, 3182, 2289, 1236, 2969, 1920, 2238, 121, 372, 2188, 649, 704, 1915, 682, 1577, 869, 2054, 1030, 685, 529, 2364, 317, 587, 714, 2911, 2008, 2430, 1292, 931, 902, 36, 2462, 1536, 516, 2235, 1034, 2571, 709, 2866, 1576, 1213, 3292, 3120, 1771, 512, 1906, 2627, 1567, 1184, 1735, 2456, 538, 841, 932, 3224, 958, 217, 290, 1142, 623, 219, 412, 203, 3022, 1099, 2356, 753, 1113, 2570, 2620, 1722, 2825, 1486, 951, 580, 1932, 1225, 2089]
labeling = [0, 0, 0, 0, 0, 0, 0, 0, 0, 0, 0, 0, 0, 0, 0, 0, 0, 0, 0, 0, 0, 0, 0, 0, 0, 0, 0, 0, 0, 0, 0, 0, 0, 0, 0, 0, 0, 0, 0, 0, 0, 0, 0, 0, 0, 0, 0, 0, 0, 0, 0, 0, 0, 0, 0, 0, 0, 0, 0, 0, 0, 0, 0, 0, 0, 0, 0, 0, 0, 0, 0, 0, 0, 0, 0, 0, 0, 0, 0, 0, 0, 0, 0, 0, 0, 0, 0, 0, 0, 0, 0, 0, 0, 0, 0, 0, 0, 0, 0, 0, 0, 0, 0, 0, 0, 0, 0, 0, 0, 0, 0, 2, 11, 5, 7, 13, 0, 0, 0, 0, 0, 0, 0, 22, 3, 0, 11, 5, 13, 16, 8, 18, 12, 1, 4, 0, 10, 22, 7, 11, 26, 3, 13, 15, 0, 0, 0, 0, 0, 0, 0, 0, 0, 0, 0, 0, 0, 0, 0, 8, 14, 21, 10, 19, 26, 12, 3, 22, 16, 4, 7, 20, 2, 14, 25, 17, 9, 3, 15, 6, 14, 19, 24, 18, 16, 8, 23, 1, 5, 29, 12, 9, 0, 0, 0, 0, 0, 0, 0, 0, 0, 0, 0, 0, 0, 0, 0, 4, 1, 12, 24, 5, 17, 0, 2, 27, 10, 33, 13, 35, 5, 18, 30, 12, 23, 11, 1, 20, 0, 33, 9, 6, 30, 21, 17, 19, 28, 20, 4, 7, 0, 0, 0, 0, 0, 0, 0, 0, 0, 0, 0, 0, 0, 0, 0, 16, 26, 18, 7, 15, 9, 23, 32, 11, 20, 6, 28, 31, 22, 25, 34, 4, 0, 13, 10, 26, 29, 32, 18, 14, 12, 27, 9, 11, 22, 24, 13, 2, 0, 0, 0, 0, 0, 0, 0, 0, 0, 0, 0, 0, 0, 0, 0, 14, 23, 8, 35, 2, 4, 19, 1, 25, 34, 3, 17, 10, 7, 29, 8, 24, 36, 31, 2, 21, 25, 5, 7, 23, 13, 3, 20, 29, 15, 0, 0, 0, 0, 0, 0, 0, 0, 0, 0, 0, 0, 0, 0, 0, 0, 0, 0, 11, 15, 5, 0, 18, 13, 30, 7, 9, 27, 12, 14, 5, 1, 19, 15, 13, 3, 0, 18, 28, 33, 22, 20, 1, 10, 16, 26, 24, 7, 0, 0, 0, 0, 0, 0, 0, 0, 0, 0, 0, 0, 0, 0, 0, 21, 25, 9, 3, 19, 30, 8, 1, 23, 4, 2, 33, 24, 10, 18, 8, 31, 21, 6, 27, 29, 10, 24, 16, 14, 8, 12, 25, 27, 5, 3, 13, 22, 0, 0, 0, 0, 0, 0, 0, 0, 0, 0, 0, 0, 0, 0, 0, 0, 7, 12, 26, 24, 10, 5, 17, 21, 11, 16, 13, 26, 28, 20, 23, 3, 12, 0, 4, 25, 5, 9, 13, 3, 15, 21, 23, 7, 17, 20, 4, 9, 0, 0, 0, 0, 0, 0, 0, 0, 0, 0, 0, 0, 0, 0, 0, 17, 6, 30, 32, 27, 15, 2, 28, 9, 25, 1, 18, 4, 29, 14, 34, 2, 16, 32, 19, 37, 17, 8, 22, 34, 0, 10, 2, 19, 26, 0, 0, 0, 0, 0, 0, 0, 0, 0, 0, 0, 0, 0, 0, 0, 0, 0, 0, 24, 8, 2, 4, 25, 19, 23, 11, 6, 21, 0, 15, 31, 12, 8, 24, 13, 36, 1, 15, 10, 33, 3, 6, 31, 14, 12, 24, 18, 9, 0, 0, 0, 0, 0, 0, 0, 0, 0, 0, 0, 0, 0, 0, 0, 7, 10, 15, 35, 33, 21, 12, 5, 14, 16, 18, 8, 13, 10, 4, 20, 32, 34, 7, 5, 26, 28, 21, 18, 20, 11, 13, 22, 15, 4, 16, 0, 6, 0, 0, 0, 0, 0, 0, 0, 0, 0, 0, 0, 0, 0, 0, 0, 0, 9, 4, 13, 1, 29, 10, 20, 26, 30, 3, 28, 33, 1, 7, 14, 2, 36, 0, 17, 12, 25, 4, 30, 9, 1, 16, 2, 21, 7, 0, 0, 0, 0, 0, 0, 0, 0, 0, 0, 0, 0, 0, 0, 0, 8, 5, 2, 26, 34, 32, 15, 36, 3, 19, 31, 17, 0, 23, 13, 25, 5, 20, 11, 27, 8, 23, 28, 3, 5, 10, 32, 19, 12, 14, 23, 3, 28, 0, 0, 0, 0, 0, 0, 0, 0, 0, 0, 0, 0, 0, 0, 0, 31, 16, 0, 21, 7, 11, 9, 5, 18, 27, 6, 24, 8, 11, 36, 14, 2, 22, 16, 6, 31, 33, 7, 21, 26, 18, 24, 0, 0, 0, 0, 0, 0, 0, 0, 0, 0, 0, 0, 0, 0, 0, 0, 0, 0, 4, 6, 17, 15, 22, 20, 1, 27, 24, 4, 14, 16, 12, 2, 30, 10, 5, 15, 0, 3, 7, 25, 1, 13, 17, 5, 15, 11, 0, 20, 0, 0, 0, 0, 0, 0, 0, 0, 0, 0, 0, 0, 0, 0, 0, 0, 0, 0, 8, 1, 10, 5, 7, 25, 3, 12, 29, 22, 11, 8, 28, 21, 0, 31, 17, 34, 12, 4, 23, 8, 29, 18, 0, 0, 0, 0, 0, 0, 0, 0, 0, 0, 0, 0, 0, 0, 0, 0, 0, 0, 0, 0, 0, 0, 0, 0, 16, 2, 26, 13, 19, 11, 36, 0, 32, 26, 18, 5, 7, 15, 13, 9, 3, 20, 1, 10, 6, 14, 0, 16, 0, 0, 0, 0, 0, 0, 0, 0, 0, 0, 0, 0, 0, 0, 0, 0, 0, 0, 0, 0, 0, 0, 0, 0, 22, 3, 6, 9, 4, 1, 27, 34, 15, 21, 17, 3, 11, 1, 19, 23, 28, 30, 0, 0, 0, 0, 0, 0, 0, 0, 0, 0, 0, 0, 0, 0, 0, 0, 0, 0, 0, 0, 0, 0, 0, 0, 0, 0, 0, 0, 0, 0, 0, 0, 0, 25, 20, 12, 18, 22, 30, 28, 24, 33, 2, 0, 26, 4, 6, 12, 0, 0, 0, 0, 0, 0, 0, 0, 0, 0, 0, 0, 0, 0, 0, 0, 0, 0, 0, 0, 0, 0, 0, 0, 0, 0, 0, 0, 0, 0, 0, 0, 0, 0, 0, 0, 14, 4, 16, 9, 7, 19, 22, 8, 5, 0, 0, 0, 0, 0, 0, 0, 0, 0, 0, 0, 0, 0, 0, 0, 0, 0, 0, 0, 0, 0, 0, 0, 0, 0, 0, 0, 0, 0, 0, 0, 0, 0, 0, 0, 0, 0, 0, 0, 23, 6, 10, 15, 3, 1, 0, 0, 0, 0, 0, 0, 0, 0, 0, 0, 0, 0, 0, 0, 0, 0, 0, 0, 0, 0, 0, 0, 0, 0, 0, 0, 0, 0, 0, 0, 0, 0, 0, 0, 0, 0, 0, 0, 0, 0, 0, 0, 0, 0, 0, 0, 0, 0, 0, 0, 0, 0, 0, 0, 0, 0, 0, 0, 0, 0, 0, 0, 0, 0, 0, 0, 0, 0, 0, 0, 0, 0, 0, 0, 0, 0, 0, 0, 0, 0, 0, 0, 0, 0, 0, 0, 0, 0, 0, 0, 0, 0, 0, 0, 0, 0, 0, 0, 0, 0, 0, 0, 0, 0, 0, 0, 0, 0, 0, 0, 0, 0, 0, 0, 0, 0, 0, 0, 0, 0, 0, 0, 0, 0, 0, 0, 0, 0, 0, 0, 0, 0, 0, 0, 0, 0, 0, 0, 0, 0, 0, 0, 0, 0, 0, 0, 0, 0, 0, 0, 0, 0, 0, 0, 0, 0, 0, 0, 0, 0, 0, 0, 0, 0, 0, 9, 6, 23, 20, 3, 15, 4, 2, 24, 8, 17, 10, 0, 0, 0, 0, 0, 0, 0, 0, 0, 0, 0, 0, 0, 0, 0, 0, 13, 24, 4, 15, 6, 30, 9, 28, 5, 0, 21, 10, 1, 12, 16, 4, 7, 27, 0, 13, 30, 10, 21, 36, 28, 12, 27, 0, 31, 14, 18, 6, 0, 0, 0, 0, 0, 0, 0, 0, 0, 0, 0, 0, 0, 0, 0, 22, 2, 7, 32, 11, 20, 25, 18, 14, 17, 19, 8, 15, 6, 3, 26, 21, 28, 24, 5, 18, 15, 35, 2, 32, 4, 23, 8, 26, 13, 11, 15, 22, 0, 0, 0, 0, 0, 0, 0, 0, 0, 0, 0, 0, 0, 0, 0, 25, 5, 10, 34, 0, 13, 16, 3, 21, 30, 2, 26, 9, 23, 13, 19, 32, 11, 16, 6, 3, 31, 34, 22, 20, 25, 7, 16, 18, 3, 19, 5, 0, 0, 0, 0, 0, 0, 0, 0, 0, 0, 0, 0, 0, 0, 0, 0, 3, 24, 20, 17, 30, 27, 5, 12, 33, 24, 4, 22, 20, 0, 16, 1, 18, 27, 23, 12, 14, 19, 17, 0, 9, 26, 33, 27, 1, 31, 0, 0, 0, 0, 0, 0, 0, 0, 0, 0, 0, 0, 0, 0, 0, 0, 0, 0, 1, 7, 9, 19, 16, 21, 26, 35, 23, 11, 8, 29, 25, 2, 34, 30, 17, 7, 5, 26, 9, 3, 11, 15, 30, 6, 28, 21, 12, 19, 0, 0, 0, 0, 0, 0, 0, 0, 0, 0, 0, 0, 0, 0, 0, 16, 11, 18, 12, 27, 14, 29, 10, 36, 31, 0, 6, 15, 9, 13, 28, 26, 4, 23, 11, 14, 32, 25, 1, 7, 4, 18, 20, 34, 2, 8, 17, 10, 0, 0, 0, 0, 0, 0, 0, 0, 0, 0, 0, 0, 0, 0, 0, 4, 2, 23, 20, 28, 6, 18, 25, 15, 8, 3, 27, 30, 35, 22, 10, 7, 32, 21, 36, 2, 19, 33, 28, 30, 6, 24, 11, 35, 32, 5, 14, 0, 0, 0, 0, 0, 0, 0, 0, 0, 0, 0, 0, 0, 0, 0, 0, 25, 5, 21, 13, 29, 8, 22, 30, 4, 33, 23, 20, 0, 6, 17, 27, 9, 25, 29, 18, 5, 7, 11, 31, 27, 1, 13, 15, 22, 4, 0, 0, 0, 0, 0, 0, 0, 0, 0, 0, 0, 0, 0, 0, 0, 0, 0, 0, 15, 26, 18, 31, 1, 10, 12, 14, 17, 28, 32, 7, 19, 3, 10, 14, 30, 21, 34, 8, 12, 4, 0, 26, 29, 16, 23, 17, 7, 20, 0, 0, 0, 0, 0, 0, 0, 0, 0, 0, 0, 0, 0, 0, 0, 5, 20, 13, 23, 32, 30, 28, 24, 3, 26, 0, 20, 35, 22, 2, 15, 18, 29, 4, 23, 1, 24, 9, 16, 35, 10, 2, 8, 19, 25, 1, 3, 11, 0, 0, 0, 0, 0, 0, 0, 0, 0, 0, 0, 0, 0, 0, 0, 19, 28, 22, 11, 16, 25, 21, 8, 18, 6, 4, 15, 11, 23, 19, 31, 21, 25, 27, 22, 10, 33, 7, 13, 5, 23, 28, 12, 14, 31, 0, 0, 0, 0, 0, 0, 0, 0, 0, 0, 0, 0, 0, 0, 0, 4, 11, 30, 17, 6, 24, 27, 7, 20, 14, 29, 5, 22, 2, 35, 37, 17, 9, 4, 13, 0, 15, 30, 18, 29, 20, 1, 8, 11, 17, 0, 4, 26, 0, 0, 0, 0, 0, 0, 0, 0, 0, 0, 0, 0, 0, 0, 0, 18, 12, 28, 14, 33, 2, 31, 22, 0, 34, 37, 3, 30, 28, 32, 18, 1, 12, 29, 26, 20, 11, 9, 2, 16, 12, 6, 0, 0, 0, 0, 0, 0, 0, 0, 0, 0, 0, 0, 0, 0, 0, 0, 0, 0, 7, 11, 29, 13, 23, 26, 8, 34, 10, 6, 21, 19, 1, 36, 9, 4, 24, 13, 16, 33, 35, 10, 27, 23, 4, 19, 31, 14, 3, 8, 0, 0, 0, 0, 0, 0, 0, 0, 0, 0, 0, 0, 0, 0, 0, 0, 0, 0, 21, 12, 3, 17, 0, 9, 15, 18, 20, 35, 13, 27, 23, 33, 25, 6, 22, 19, 26, 30, 2, 28, 5, 21, 0, 0, 0, 0, 0, 0, 0, 0, 0, 0, 0, 0, 0, 0, 0, 0, 0, 0, 0, 0, 0, 0, 0, 0, 18, 14, 23, 31, 33, 27, 6, 30, 22, 14, 24, 10, 2, 4, 17, 11, 27, 0, 29, 18, 8, 3, 31, 24, 0, 0, 0, 0, 0, 0, 0, 0, 0, 0, 0, 0, 0, 0, 0, 0, 0, 0, 0, 0, 0, 0, 0, 0, 15, 11, 20, 7, 5, 29, 19, 2, 25, 8, 32, 12, 5, 9, 22, 25, 15, 13, 0, 0, 0, 0, 0, 0, 0, 0, 0, 0, 0, 0, 0, 0, 0, 0, 0, 0, 0, 0, 0, 0, 0, 0, 0, 0, 0, 0, 0, 0, 0, 0, 0, 16, 0, 3, 23, 1, 13, 6, 4, 15, 30, 10, 18, 16, 21, 8, 0, 0, 0, 0, 0, 0, 0, 0, 0, 0, 0, 0, 0, 0, 0, 0, 0, 0, 0, 0, 0, 0, 0, 0, 0, 0, 0, 0, 0, 0, 0, 0, 0, 0, 0, 0, 5, 26, 11, 17, 2, 29, 14, 20, 24, 0, 0, 0, 0, 0, 0, 0, 0, 0, 0, 0, 0, 0, 0, 0, 0, 0, 0, 0, 0, 0, 0, 0, 0, 0, 0, 0, 0, 0, 0, 0, 0, 0, 0, 0, 0, 0, 0, 0, 0, 18, 20, 8, 12, 22, 0, 0, 0, 0, 0, 0, 0, 0, 0, 0, 0, 0, 0, 0, 0, 0, 0, 0, 0, 0, 0, 0, 0, 0, 0, 0, 0, 0, 0, 0, 0, 0, 0, 0, 0, 0, 0, 0, 0, 0, 0, 0, 0, 0, 0, 0, 0, 0, 0, 0, 0, 0, 0, 0, 0, 0, 0, 0, 0, 0, 0, 0, 0, 0, 0, 0, 0, 0, 0, 0, 0, 0, 0, 0, 0, 0, 0, 0, 0, 0, 0, 0, 0, 0, 0, 0, 0, 0, 0, 0, 0, 0, 0, 0, 0, 0, 0, 0, 0, 0, 0, 0, 0, 0, 0, 0, 0, 0, 0, 0, 0, 0, 0, 0, 0, 0, 0, 0, 0, 0, 0, 0, 0, 0, 0, 0, 0, 0, 0, 0, 0, 0, 0, 0, 0, 0, 0, 0, 0, 0, 0, 0, 0, 0, 0, 0, 0, 0, 0, 0, 0, 0, 0, 0, 0, 0, 0, 0, 0, 0, 0, 0, 0, 0, 0, 0, 0, 0, 25, 17, 5, 19, 21, 28, 23, 0, 12, 0, 0, 0, 0, 0, 0, 0, 0, 0, 0, 0, 0, 0, 0, 0, 17, 10, 5, 0, 0, 0, 0, 0, 0, 0, 0, 0, 0, 0, 0, 3, 5, 23, 20, 11, 25, 18, 1, 16, 9, 2, 14, 3, 22, 7, 25, 1, 16, 0, 0, 0, 0, 0, 0, 0, 0, 0, 0, 0, 0, 0, 0, 0, 3, 9, 14, 28, 16, 30, 22, 10, 6, 11, 20, 27, 0, 24, 29, 34, 1, 9, 22, 4, 14, 7, 19, 29, 34, 27, 11, 5, 20, 30, 9, 2, 28, 0, 0, 0, 0, 0, 0, 0, 0, 0, 0, 0, 0, 0, 0, 0, 12, 6, 1, 26, 4, 18, 24, 29, 8, 5, 1, 14, 17, 7, 33, 31, 2, 25, 27, 8, 0, 9, 13, 24, 1, 28, 15, 10, 6, 23, 7, 4, 12, 0, 0, 0, 0, 0, 0, 0, 0, 0, 0, 0, 0, 0, 0, 0, 15, 29, 22, 7, 11, 32, 2, 0, 36, 9, 18, 28, 12, 3, 26, 21, 5, 15, 30, 11, 32, 16, 4, 6, 12, 29, 21, 0, 14, 8, 0, 0, 0, 0, 0, 0, 0, 0, 0, 0, 0, 0, 0, 0, 0, 0, 0, 0, 18, 25, 13, 3, 5, 28, 10, 1, 15, 20, 7, 31, 23, 6, 14, 0, 4, 19, 22, 13, 24, 10, 8, 1, 17, 7, 23, 2, 11, 4, 0, 0, 0, 0, 0, 0, 0, 0, 0, 0, 0, 0, 0, 0, 0, 0, 5, 7, 4, 17, 2, 26, 20, 33, 12, 18, 22, 5, 3, 25, 33, 30, 36, 10, 31, 16, 20, 12, 35, 27, 5, 29, 31, 0, 13, 6, 1, 15, 0, 0, 0, 0, 0, 0, 0, 0, 0, 0, 0, 0, 0, 0, 0, 27, 1, 19, 22, 9, 30, 13, 0, 11, 4, 32, 36, 1, 34, 16, 19, 13, 24, 8, 26, 6, 4, 15, 0, 14, 9, 22, 16, 26, 3, 18, 7, 12, 0, 0, 0, 0, 0, 0, 0, 0, 0, 0, 0, 0, 0, 0, 0, 14, 3, 10, 26, 16, 18, 6, 1, 24, 29, 31, 14, 7, 2, 21, 35, 4, 11, 20, 23, 14, 34, 16, 2, 17, 19, 25, 8, 6, 28, 0, 0, 0, 0, 0, 0, 0, 0, 0, 0, 0, 0, 0, 0, 0, 0, 0, 0, 20, 12, 7, 0, 5, 33, 15, 19, 3, 11, 9, 25, 27, 13, 5, 0, 18, 16, 7, 3, 28, 13, 9, 24, 5, 10, 21, 12, 2, 0, 0, 0, 0, 0, 0, 0, 0, 0, 0, 0, 0, 0, 0, 0, 0, 16, 18, 2, 27, 4, 9, 11, 25, 22, 7, 34, 13, 21, 6, 30, 24, 17, 8, 20, 25, 33, 22, 6, 11, 17, 29, 37, 32, 30, 27, 9, 4, 14, 0, 0, 0, 0, 0, 0, 0, 0, 0, 0, 0, 0, 0, 0, 0, 14, 10, 12, 0, 15, 6, 2, 30, 35, 9, 17, 27, 32, 3, 0, 12, 16, 34, 14, 29, 5, 0, 26, 31, 15, 34, 20, 1, 3, 18, 0, 0, 0, 0, 0, 0, 0, 0, 0, 0, 0, 0, 0, 0, 0, 23, 16, 9, 21, 5, 1, 8, 13, 18, 16, 12, 10, 20, 1, 33, 24, 7, 29, 10, 6, 2, 21, 8, 32, 19, 25, 3, 24, 6, 22, 5, 2, 9, 0, 0, 0, 0, 0, 0, 0, 0, 0, 0, 0, 0, 0, 0, 0, 15, 3, 6, 35, 4, 27, 11, 36, 24, 7, 21, 19, 23, 0, 25, 27, 4, 31, 33, 5, 15, 28, 17, 23, 13, 10, 30, 0, 0, 0, 0, 0, 0, 0, 0, 0, 0, 0, 0, 0, 0, 0, 0, 0, 0, 2, 0, 9, 24, 19, 32, 30, 12, 17, 3, 15, 26, 22, 28, 5, 34, 8, 11, 6, 20, 14, 18, 0, 3, 12, 16, 25, 5, 1, 21, 0, 0, 0, 0, 0, 0, 0, 0, 0, 0, 0, 0, 0, 0, 0, 0, 0, 0, 13, 6, 15, 1, 22, 11, 7, 2, 25, 32, 0, 29, 18, 12, 10, 3, 15, 1, 24, 17, 9, 13, 7, 11, 0, 0, 0, 0, 0, 0, 0, 0, 0, 0, 0, 0, 0, 0, 0, 0, 0, 0, 0, 0, 0, 0, 0, 0, 5, 7, 10, 3, 8, 16, 28, 4, 13, 23, 1, 20, 8, 31, 6, 14, 16, 21, 19, 4, 12, 15, 6, 1, 0, 0, 0, 0, 0, 0, 0, 0, 0, 0, 0, 0, 0, 0, 0, 0, 0, 0, 0, 0, 0, 0, 0, 0, 17, 12, 1, 14, 26, 21, 31, 0, 10, 27, 16, 18, 24, 26, 29, 17, 2, 10, 0, 0, 0, 0, 0, 0, 0, 0, 0, 0, 0, 0, 0, 0, 0, 0, 0, 0, 0, 0, 0, 0, 0, 0, 0, 0, 0, 0, 0, 0, 0, 0, 0, 6, 11, 24, 8, 20, 17, 22, 9, 34, 32, 7, 3, 1, 19, 5, 0, 0, 0, 0, 0, 0, 0, 0, 0, 0, 0, 0, 0, 0, 0, 0, 0, 0, 0, 0, 0, 0, 0, 0, 0, 0, 0, 0, 0, 0, 0, 0, 0, 0, 0, 0, 21, 19, 15, 1, 10, 25, 12, 0, 16, 0, 0, 0, 0, 0, 0, 0, 0, 0, 0, 0, 0, 0, 0, 0, 0, 0, 0, 0, 0, 0, 0, 0, 0, 0, 0, 0, 0, 0, 0, 0, 0, 0, 0, 0, 0, 0, 0, 0, 7, 2, 4, 11, 6, 14, 0, 0, 0, 0, 0, 0, 0, 0, 0, 0, 0, 0, 0, 0, 0, 0, 0, 0, 0, 0, 0, 0, 0, 0, 0, 0, 0, 0, 0, 0, 0, 0, 0]
convergência = [38, 38, 38, 38, 38, 38, 38, 38, 38, 38, 38, 38, 38, 38, 38, 38, 38, 38, 38, 38, 38, 38, 38, 38, 38, 38, 38, 38, 38, 38, 38, 38, 38, 38, 38, 38, 38, 38, 38, 38, 38, 38, 38, 38, 38, 38, 38, 38, 38, 38, 38, 38, 38, 38, 38, 38, 38, 38, 38, 38, 38, 38, 38, 38, 38, 38, 38, 38, 38, 37, 37, 37, 37, 37, 37, 37, 37, 37, 37, 37, 37, 37, 37, 37, 37, 37, 37, 37, 37, 37, 37, 37, 37, 37, 37, 37, 37, 37, 37, 37, 37, 37, 37, 37, 37, 37, 37, 37, 37, 37, 37, 37, 37, 37, 37, 37, 37, 37, 37, 37, 37, 37, 37, 37, 37, 37, 37, 37, 37, 37, 37, 37, 37, 37, 37, 37, 37, 37, 37, 37, 37, 37, 37, 37, 37, 37, 37, 37, 37, 37, 37, 37, 37, 37, 37, 37, 37, 37, 37, 37, 37, 37, 37, 37, 37, 37, 37, 37, 37, 37, 37, 37, 37, 37, 37, 37, 37, 37, 37, 37, 37, 37, 37, 37, 37, 37, 37, 37, 37, 37, 37, 37, 37]

===== FIM =====
