===== RESULTADO BRKGA L(2,1) =====
Arquivo: /Users/mateuspedrosa/Documents/TCC-II/BRKGA/data/Harwell-Boeing_cleaned/sherman4_clean.mtx

----- Execução #1 -----
[INFO] Parou por estagnação.
Tempo de execução: 37174ms
Span (lambda): 14
best_order = [608, 773, 757, 987, 772, 633, 187, 659, 172, 271, 353, 288, 125, 191, 560, 894, 550, 258, 1035, 984, 371, 687, 630, 793, 227, 620, 235, 819, 1033, 512, 862, 730, 114, 784, 365, 171, 195, 179, 834, 409, 612, 20, 1047, 59, 1048, 462, 573, 682, 870, 983, 835, 695, 233, 458, 898, 878, 887, 836, 601, 787, 276, 340, 173, 160, 805, 939, 194, 52, 600, 379, 871, 84, 737, 78, 1102, 799, 688, 867, 857, 1029, 963, 435, 804, 570, 183, 22, 124, 447, 545, 587, 975, 999, 157, 796, 343, 925, 224, 496, 700, 178, 247, 493, 626, 1103, 744, 533, 610, 136, 880, 368, 780, 838, 706, 280, 631, 839, 304, 140, 944, 1017, 182, 1091, 1007, 918, 32, 978, 595, 50, 1069, 1052, 647, 77, 661, 863, 738, 756, 1098, 511, 455, 251, 906, 1070, 120, 928, 1027, 957, 1023, 948, 440, 820, 535, 253, 499, 1056, 910, 56, 177, 1074, 6, 349, 328, 429, 386, 243, 1004, 568, 151, 73, 933, 607, 615, 1045, 794, 622, 487, 810, 388, 923, 583, 318, 503, 1079, 282, 413, 161, 552, 913, 837, 675, 246, 958, 445, 105, 193, 777, 1100, 330, 639, 297, 934, 705, 697, 296, 763, 703, 477, 576, 285, 257, 163, 507, 920, 1014, 411, 869, 345, 762, 402, 1099, 879, 955, 324, 516, 760, 669, 1055, 142, 228, 76, 376, 373, 323, 214, 444, 811, 509, 743, 1015, 751, 574, 138, 1073, 798, 586, 208, 634, 68, 378, 846, 989, 678, 956, 561, 348, 526, 792, 240, 654, 1071, 935, 660, 638, 816, 91, 657, 854, 1019, 609, 936, 432, 899, 924, 1083, 950, 269, 389, 457, 366, 196, 279, 953, 840, 351, 656, 853, 498, 532, 558, 1028, 267, 581, 83, 1025, 538, 67, 728, 860, 1087, 598, 463, 719, 1031, 260, 1051, 321, 679, 1057, 39, 1016, 54, 766, 680, 514, 892, 168, 979, 789, 480, 213, 1078, 949, 765, 308, 873, 35, 175, 988, 748, 451, 3, 14, 42, 53, 41, 468, 812, 9, 29, 46, 1085, 422, 421, 972, 815, 1043, 822, 33, 782, 745, 98, 919, 1040, 1010, 131, 1013, 130, 571, 616, 202, 542, 48, 1053, 635, 143, 370, 584, 475, 537, 481, 264, 469, 859, 791, 64, 940, 391, 272, 352, 248, 149, 141, 216, 524, 1006, 374, 645, 238, 303, 245, 567, 36, 832, 17, 643, 398, 996, 201, 795, 1, 113, 500, 890, 408, 460, 640, 283, 852, 433, 1030, 184, 768, 275, 990, 109, 476, 12, 471, 239, 1009, 976, 966, 30, 774, 764, 317, 943, 293, 881, 28, 94, 540, 895, 991, 103, 704, 624, 255, 128, 467, 473, 250, 575, 821, 364, 122, 95, 242, 967, 734, 254, 1084, 664, 761, 856, 594, 554, 127, 268, 724, 424, 665, 602, 89, 446, 646, 375, 158, 1041, 437, 170, 907, 914, 901, 166, 739, 826, 1061, 693, 1075, 119, 912, 256, 1093, 517, 1065, 781, 295, 922, 717, 1044, 1000, 566, 985, 993, 1058, 1082, 866, 790, 494, 699, 813, 727, 980, 466, 307, 606, 212, 442, 11, 450, 722, 43, 241, 593, 263, 686, 802, 629, 585, 25, 79, 449, 277, 755, 536, 470, 1064, 970, 63, 932, 623, 883, 1039, 771, 387, 81, 893, 4, 531, 897, 217, 930, 430, 406, 145, 825, 65, 38, 439, 909, 316, 937, 319, 270, 129, 395, 489, 783, 701, 218, 718, 726, 917, 927, 769, 186, 436, 86, 628, 938, 40, 491, 605, 1022, 508, 998, 749, 747, 180, 407, 115, 681, 74, 655, 833, 156, 741, 1090, 1060, 479, 405, 969, 694, 484, 453, 350, 746, 530, 287, 582, 1072, 889, 298, 800, 60, 210, 332, 313, 1101, 45, 486, 420, 75, 653, 549, 720, 1062, 1094, 300, 416, 848, 539, 290, 88, 87, 951, 265, 237, 809, 921, 522, 401, 714, 334, 579, 689, 981, 513, 23, 336, 502, 952, 926, 523, 278, 19, 167, 915, 417, 192, 1011, 199, 207, 396, 418, 13, 847, 971, 968, 482, 110, 564, 16, 69, 203, 261, 528, 320, 55, 621, 590, 670, 702, 849, 945, 123, 845, 44, 93, 62, 877, 85, 778, 814, 485, 333, 960, 392, 393, 226, 888, 219, 15, 1026, 181, 874, 92, 291, 674, 965, 556, 478, 329, 692, 117, 666, 57, 964, 414, 559, 385, 24, 335, 21, 112, 150, 916, 613, 824, 49, 588, 855, 758, 1068, 1024, 597, 592, 133, 974, 428, 34, 667, 443, 676, 292, 691, 671, 715, 668, 310, 146, 652, 26, 104, 434, 708, 841, 1012, 198, 885, 641, 0, 1089, 190, 232, 902, 403, 1076, 569, 977, 342, 721, 884, 185, 165, 580, 31, 346, 490, 843, 521, 797, 801, 259, 438, 384, 982, 380, 325, 459, 464, 252, 775, 331, 997, 642, 696, 1005, 900, 828, 577, 116, 305, 189, 1077, 1059, 632, 137, 148, 121, 547, 829, 107, 541, 431, 229, 806, 27, 1008, 896, 249, 515, 904, 599, 404, 713, 544, 731, 281, 1036, 497, 8, 546, 51, 504, 135, 1066, 474, 786, 986, 169, 683, 360, 221, 994, 850, 472, 750, 591, 410, 390, 205, 492, 711, 80, 188, 159, 37, 70, 495, 858, 808, 312, 66, 286, 1001, 1092, 209, 662, 106, 1032, 483, 759, 1049, 358, 690, 644, 1003, 206, 355, 753, 1067, 817, 942, 1086, 383, 637, 236, 200, 1050, 830, 311, 959, 519, 299, 543, 338, 712, 619, 394, 326, 1054, 941, 725, 454, 931, 456, 1037, 658, 234, 176, 118, 625, 96, 197, 1002, 1034, 1097, 425, 448, 779, 315, 733, 572, 452, 465, 153, 97, 273, 823, 399, 102, 520, 314, 961, 377, 562, 347, 534, 876, 126, 1080, 618, 865, 47, 359, 7, 90, 1088, 1020, 742, 381, 284, 505, 754, 995, 864, 1021, 139, 367, 962, 1095, 108, 596, 578, 767, 529, 426, 525, 230, 872, 929, 677, 776, 100, 369, 99, 244, 1042, 274, 740, 82, 636, 372, 946, 61, 231, 735, 337, 723, 698, 164, 344, 400, 72, 1046, 729, 908, 553, 501, 204, 18, 363, 134, 154, 327, 973, 868, 563, 266, 506, 361, 262, 341, 225, 651, 419, 589, 289, 604, 551, 162, 807, 548, 527, 339, 1038, 302, 803, 412, 309, 58, 111, 357, 423, 736, 611, 992, 649, 648, 732, 1081, 301, 844, 2, 886, 891, 818, 144, 356, 716, 614, 827, 557, 362, 770, 152, 911, 954, 673, 397, 488, 461, 101, 322, 220, 510, 831, 603, 617, 415, 1018, 382, 5, 875, 947, 215, 672, 684, 650, 223, 174, 427, 555, 132, 1063, 294, 147, 10, 685, 709, 785, 1096, 663, 903, 861, 441, 518, 627, 788, 752, 851, 155, 882, 842, 306, 211, 222, 354, 71, 710, 565, 707, 905]
labeling = [0, 0, 0, 0, 0, 0, 0, 0, 0, 0, 0, 0, 0, 0, 0, 0, 0, 0, 0, 0, 0, 0, 0, 0, 0, 0, 0, 0, 0, 0, 0, 0, 0, 0, 0, 0, 0, 0, 5, 0, 0, 3, 1, 4, 2, 5, 0, 8, 0, 0, 0, 0, 0, 3, 1, 6, 0, 5, 10, 0, 8, 11, 6, 3, 0, 0, 0, 0, 0, 5, 10, 13, 11, 2, 4, 9, 6, 3, 1, 9, 0, 0, 0, 0, 0, 7, 2, 8, 4, 6, 14, 1, 10, 8, 5, 7, 0, 0, 0, 0, 0, 11, 5, 3, 9, 0, 8, 11, 13, 4, 2, 0, 0, 0, 0, 0, 0, 1, 10, 7, 2, 10, 3, 7, 2, 0, 9, 0, 0, 0, 0, 0, 10, 6, 4, 9, 0, 4, 1, 12, 4, 7, 1, 0, 0, 0, 0, 0, 7, 2, 0, 3, 14, 8, 11, 5, 9, 2, 6, 0, 0, 0, 0, 0, 12, 10, 5, 8, 4, 10, 6, 3, 1, 4, 0, 0, 0, 0, 0, 0, 0, 7, 3, 1, 6, 2, 9, 0, 11, 6, 0, 0, 0, 0, 0, 1, 3, 11, 6, 4, 9, 5, 3, 10, 5, 2, 0, 0, 0, 0, 0, 10, 7, 5, 0, 14, 2, 11, 8, 12, 14, 0, 0, 0, 0, 0, 9, 0, 4, 10, 7, 11, 8, 1, 10, 0, 2, 0, 0, 0, 0, 0, 6, 2, 8, 6, 2, 0, 6, 9, 3, 0, 0, 0, 0, 0, 0, 3, 0, 10, 3, 1, 5, 9, 4, 7, 12, 0, 0, 0, 0, 0, 0, 6, 4, 7, 0, 10, 12, 3, 0, 0, 0, 0, 0, 0, 0, 0, 0, 10, 2, 9, 12, 7, 1, 5, 2, 0, 0, 0, 0, 0, 0, 0, 0, 3, 8, 1, 5, 13, 3, 0, 0, 0, 0, 0, 0, 0, 0, 0, 0, 0, 0, 4, 2, 8, 5, 0, 0, 0, 0, 0, 0, 0, 0, 0, 0, 0, 0, 7, 0, 6, 0, 0, 0, 0, 0, 0, 0, 0, 0, 0, 0, 0, 0, 2, 5, 0, 0, 0, 0, 0, 0, 0, 0, 0, 0, 0, 0, 0, 0, 0, 0, 0, 0, 0, 0, 0, 0, 0, 0, 0, 0, 0, 0, 0, 0, 0, 0, 0, 0, 0, 0, 0, 0, 0, 0, 0, 0, 0, 0, 0, 0, 0, 0, 0, 0, 0, 0, 0, 0, 0, 7, 3, 11, 1, 0, 0, 0, 0, 0, 6, 4, 8, 3, 9, 12, 3, 10, 1, 9, 12, 0, 0, 0, 0, 0, 9, 7, 5, 1, 13, 7, 11, 2, 5, 7, 2, 0, 0, 0, 0, 0, 4, 11, 0, 7, 3, 0, 13, 4, 11, 0, 4, 0, 0, 0, 0, 0, 0, 8, 6, 11, 5, 12, 2, 6, 1, 8, 0, 0, 0, 0, 0, 0, 9, 3, 1, 4, 7, 9, 5, 10, 3, 6, 0, 0, 0, 0, 0, 4, 11, 7, 5, 8, 11, 13, 0, 8, 5, 10, 0, 0, 0, 0, 0, 0, 5, 14, 10, 12, 0, 7, 10, 3, 11, 4, 0, 0, 0, 0, 0, 3, 1, 11, 2, 7, 5, 2, 8, 5, 7, 0, 0, 0, 0, 0, 0, 13, 9, 0, 5, 3, 8, 4, 13, 9, 12, 0, 0, 0, 0, 0, 7, 10, 14, 8, 10, 0, 12, 1, 6, 3, 0, 0, 0, 0, 0, 0, 5, 12, 2, 11, 1, 7, 9, 5, 2, 8, 0, 0, 0, 0, 0, 7, 3, 14, 8, 3, 13, 5, 3, 7, 13, 5, 0, 0, 0, 0, 0, 4, 9, 0, 11, 14, 8, 10, 13, 11, 0, 0, 0, 0, 0, 0, 11, 2, 14, 7, 9, 0, 6, 12, 0, 2, 0, 0, 0, 0, 0, 0, 8, 10, 5, 13, 6, 8, 1, 9, 0, 0, 0, 0, 0, 0, 0, 0, 1, 12, 0, 4, 2, 10, 12, 4, 0, 0, 0, 0, 0, 0, 0, 0, 11, 6, 3, 11, 9, 0, 0, 0, 0, 0, 0, 0, 0, 0, 0, 0, 0, 10, 8, 6, 4, 2, 0, 0, 0, 0, 0, 0, 0, 0, 0, 0, 0, 0, 11, 3, 10, 0, 0, 0, 0, 0, 0, 0, 0, 0, 0, 0, 0, 0, 4, 1, 0, 0, 0, 0, 0, 0, 0, 0, 0, 0, 0, 0, 0, 0, 0, 0, 0, 0, 0, 0, 0, 0, 0, 0, 0, 0, 0, 0, 0, 0, 0, 0, 0, 0, 0, 0, 0, 0, 0, 0, 0, 0, 0, 0, 0, 0, 0, 0, 0, 0, 0, 0, 0, 0, 0, 0, 6, 4, 7, 0, 0, 0, 0, 0, 2, 0, 0, 0, 0, 1, 8, 0, 12, 2, 0, 0, 0, 0, 0, 0, 0, 3, 12, 10, 8, 3, 5, 7, 9, 11, 5, 0, 0, 0, 0, 0, 8, 6, 9, 5, 1, 6, 10, 1, 3, 6, 1, 0, 0, 0, 0, 0, 3, 1, 4, 2, 9, 4, 8, 12, 7, 4, 0, 0, 0, 0, 0, 0, 7, 5, 8, 6, 0, 11, 3, 0, 13, 1, 0, 0, 0, 0, 0, 9, 2, 0, 3, 10, 2, 5, 7, 11, 9, 3, 0, 0, 0, 0, 0, 6, 8, 12, 1, 4, 6, 3, 12, 1, 6, 0, 0, 0, 0, 0, 0, 10, 4, 7, 13, 11, 14, 0, 6, 10, 3, 0, 0, 0, 0, 0, 0, 8, 6, 2, 9, 1, 10, 7, 2, 4, 1, 0, 0, 0, 0, 0, 2, 5, 1, 4, 6, 8, 2, 9, 0, 7, 5, 0, 0, 0, 0, 0, 8, 0, 9, 7, 3, 10, 0, 11, 4, 1, 0, 0, 0, 0, 0, 10, 1, 6, 4, 0, 9, 12, 6, 1, 8, 3, 0, 0, 0, 0, 0, 0, 5, 3, 7, 5, 2, 0, 4, 9, 0, 0, 0, 0, 0, 0, 7, 9, 11, 1, 12, 10, 4, 8, 10, 5, 0, 0, 0, 0, 0, 0, 5, 1, 8, 10, 4, 2, 7, 5, 0, 0, 0, 0, 0, 0, 0, 0, 3, 7, 2, 6, 0, 5, 3, 0, 0, 0, 0, 0, 0, 0, 0, 0, 0, 9, 5, 8, 3, 11, 0, 0, 0, 0, 0, 0, 0, 0, 0, 0, 0, 1, 12, 10, 1, 6, 0, 0, 0, 0, 0, 0, 0, 0, 0, 0, 0, 0, 2, 5, 7, 0, 0, 0, 0, 0, 0, 0, 0, 0, 0, 0, 0, 0, 0, 8, 0, 0, 0, 0, 0, 0, 0, 0, 0, 0, 0]
convergência = [15, 15, 15, 15, 15, 15, 15, 14, 14, 14, 14, 14, 14, 14, 14, 14, 14, 14, 14, 14, 14, 14, 14, 14, 14, 14, 14, 14, 14, 14, 14, 14, 14, 14, 14, 14, 14, 14, 14, 14, 14, 14, 14, 14, 14, 14, 14, 14, 14, 14, 14, 14, 14, 14, 14, 14, 14, 14, 14, 14, 14, 14, 14, 14, 14, 14, 14, 14, 14, 14, 14, 14, 14, 14, 14, 14, 14, 14, 14, 14, 14, 14, 14, 14, 14, 14, 14, 14, 14, 14, 14, 14, 14, 14, 14, 14, 14, 14, 14, 14, 14, 14, 14, 14, 14, 14, 14, 14, 14, 14, 14, 14, 14, 14, 14, 14, 14, 14, 14, 14, 14, 14, 14, 14, 14, 14, 14, 14, 14, 14, 14]

===== FIM =====
