===== RESULTADO BRKGA L(2,1) =====
Arquivo: /Users/mateuspedrosa/Documents/TCC-II/BRKGA/data/Harwell-Boeing_cleaned/sherman1_clean.mtx

----- Execução #1 -----
[INFO] Parou por estagnação.
Tempo de execução: 36721ms
Span (lambda): 12
best_order = [279, 915, 504, 529, 62, 766, 837, 151, 920, 768, 266, 101, 311, 940, 104, 801, 773, 612, 796, 199, 321, 716, 666, 186, 121, 602, 20, 386, 578, 135, 903, 997, 543, 398, 919, 794, 218, 674, 126, 742, 767, 687, 878, 772, 532, 826, 798, 294, 409, 113, 162, 457, 566, 926, 47, 235, 461, 626, 87, 947, 189, 941, 978, 946, 732, 478, 593, 955, 425, 105, 303, 968, 491, 479, 662, 34, 508, 896, 932, 201, 720, 980, 657, 192, 977, 25, 833, 814, 646, 175, 197, 741, 221, 553, 763, 693, 559, 193, 142, 458, 960, 625, 315, 573, 395, 368, 583, 871, 256, 498, 996, 171, 255, 35, 649, 872, 564, 789, 274, 518, 524, 143, 943, 322, 401, 945, 109, 220, 600, 661, 909, 70, 358, 942, 875, 213, 275, 957, 73, 370, 647, 877, 198, 160, 272, 51, 130, 907, 431, 906, 254, 448, 360, 815, 69, 375, 293, 876, 405, 155, 500, 775, 159, 831, 1, 140, 263, 911, 28, 167, 402, 749, 453, 411, 816, 391, 17, 656, 569, 917, 84, 966, 781, 818, 41, 471, 43, 757, 278, 128, 682, 233, 550, 203, 214, 733, 928, 473, 243, 95, 399, 904, 802, 594, 948, 277, 637, 317, 217, 771, 809, 190, 208, 889, 244, 790, 576, 310, 421, 987, 711, 333, 611, 937, 847, 468, 349, 695, 137, 510, 12, 930, 15, 131, 292, 484, 517, 307, 961, 678, 632, 739, 782, 616, 477, 596, 304, 725, 388, 346, 180, 525, 850, 671, 963, 734, 330, 834, 31, 147, 620, 123, 615, 865, 994, 376, 172, 228, 892, 227, 898, 475, 545, 265, 149, 419, 633, 764, 354, 464, 7, 758, 835, 133, 16, 115, 735, 727, 787, 676, 302, 56, 422, 624, 37, 397, 374, 434, 848, 939, 258, 905, 283, 176, 918, 690, 547, 231, 888, 528, 211, 58, 61, 688, 229, 324, 423, 570, 127, 582, 3, 291, 634, 670, 680, 843, 972, 287, 737, 309, 502, 253, 660, 496, 356, 993, 921, 88, 970, 531, 71, 403, 49, 163, 78, 535, 745, 392, 225, 706, 887, 590, 838, 195, 68, 173, 509, 348, 965, 276, 94, 702, 247, 731, 438, 462, 658, 298, 80, 874, 641, 82, 852, 744, 601, 296, 599, 586, 60, 372, 74, 779, 956, 442, 721, 931, 129, 610, 546, 262, 933, 212, 589, 426, 701, 705, 503, 854, 206, 102, 483, 332, 819, 454, 577, 285, 146, 23, 652, 480, 325, 516, 962, 922, 40, 407, 788, 364, 571, 59, 999, 384, 390, 382, 282, 267, 703, 608, 161, 813, 990, 588, 103, 765, 174, 30, 636, 934, 417, 618, 881, 22, 492, 585, 117, 230, 114, 367, 832, 64, 520, 686, 481, 486, 567, 385, 562, 862, 713, 988, 561, 394, 485, 974, 495, 27, 116, 39, 868, 958, 923, 810, 239, 726, 202, 964, 232, 614, 653, 712, 776, 673, 474, 691, 295, 177, 924, 969, 910, 75, 938, 396, 447, 681, 4, 46, 168, 902, 558, 584, 842, 642, 560, 353, 845, 355, 281, 954, 340, 98, 446, 748, 246, 260, 2, 259, 995, 623, 572, 85, 797, 0, 851, 248, 791, 188, 549, 722, 72, 429, 991, 451, 204, 237, 856, 313, 883, 377, 270, 698, 363, 437, 971, 430, 645, 568, 250, 935, 770, 655, 169, 181, 269, 156, 785, 817, 606, 540, 755, 50, 326, 271, 651, 927, 556, 476, 780, 345, 986, 884, 912, 118, 45, 286, 280, 406, 839, 799, 21, 134, 8, 820, 786, 677, 194, 985, 96, 869, 860, 859, 699, 777, 200, 380, 107, 178, 979, 369, 692, 76, 450, 191, 715, 669, 53, 639, 635, 86, 65, 183, 427, 241, 144, 357, 187, 574, 858, 439, 433, 944, 665, 493, 290, 449, 350, 24, 795, 152, 685, 14, 880, 870, 273, 138, 857, 488, 840, 224, 515, 456, 245, 249, 754, 908, 900, 511, 435, 548, 234, 629, 855, 289, 424, 591, 216, 226, 106, 165, 432, 153, 327, 466, 125, 507, 630, 638, 512, 482, 463, 242, 9, 897, 667, 36, 537, 222, 57, 598, 728, 38, 761, 5, 361, 841, 663, 336, 672, 534, 219, 379, 950, 792, 824, 99, 984, 836, 959, 575, 389, 297, 619, 551, 359, 124, 750, 952, 668, 890, 112, 784, 891, 236, 312, 89, 998, 490, 828, 684, 52, 697, 736, 729, 747, 207, 844, 338, 506, 347, 718, 899, 440, 319, 182, 418, 415, 66, 803, 714, 48, 365, 371, 252, 120, 157, 579, 393, 622, 467, 812, 264, 522, 329, 93, 170, 753, 428, 565, 885, 148, 501, 404, 595, 544, 538, 223, 505, 628, 949, 967, 805, 886, 32, 936, 621, 723, 341, 240, 452, 526, 983, 122, 110, 381, 54, 489, 314, 607, 420, 362, 650, 323, 689, 717, 343, 342, 139, 67, 268, 916, 631, 141, 709, 861, 648, 444, 539, 914, 953, 521, 707, 929, 150, 136, 822, 416, 659, 710, 100, 92, 352, 164, 730, 973, 895, 119, 756, 925, 644, 867, 807, 605, 530, 873, 400, 26, 19, 806, 83, 378, 866, 436, 410, 774, 145, 951, 759, 63, 760, 581, 804, 79, 320, 185, 154, 554, 829, 724, 337, 10, 514, 696, 617, 366, 694, 901, 740, 33, 704, 209, 306, 604, 849, 413, 455, 90, 894, 81, 497, 344, 301, 288, 196, 300, 811, 179, 738, 184, 284, 913, 158, 97, 470, 459, 719, 412, 989, 762, 769, 683, 13, 982, 29, 132, 643, 351, 210, 11, 708, 783, 882, 613, 563, 469, 827, 603, 746, 6, 821, 830, 597, 879, 992, 443, 541, 251, 339, 513, 77, 592, 536, 299, 752, 383, 557, 800, 793, 976, 580, 328, 334, 664, 445, 975, 373, 166, 460, 499, 487, 627, 108, 308, 55, 519, 494, 111, 808, 18, 587, 215, 331, 42, 863, 542, 44, 387, 318, 864, 257, 981, 679, 654, 778, 91, 609, 675, 441, 823, 552, 408, 846, 305, 414, 238, 640, 472, 316, 743, 465, 533, 523, 205, 853, 700, 893, 751, 555, 261, 527, 335, 825]
labeling = [1, 3, 5, 2, 4, 6, 8, 3, 5, 0, 4, 6, 1, 12, 10, 0, 4, 1, 8, 2, 0, 9, 4, 6, 8, 2, 12, 10, 0, 6, 3, 7, 0, 9, 1, 4, 9, 5, 7, 4, 1, 4, 6, 2, 10, 8, 6, 0, 9, 2, 9, 2, 10, 7, 0, 12, 2, 7, 3, 6, 7, 5, 0, 11, 5, 10, 0, 11, 5, 0, 0, 3, 7, 1, 3, 6, 4, 9, 1, 4, 2, 6, 4, 8, 0, 9, 2, 0, 3, 9, 4, 8, 0, 2, 4, 1, 6, 8, 5, 7, 0, 0, 0, 0, 0, 0, 0, 7, 0, 0, 0, 10, 0, 0, 0, 0, 0, 5, 0, 0, 0, 1, 0, 3, 0, 7, 0, 8, 0, 0, 0, 5, 0, 5, 0, 0, 0, 1, 0, 0, 0, 10, 0, 0, 0, 3, 0, 3, 0, 0, 0, 0, 0, 9, 0, 1, 0, 9, 0, 1, 0, 8, 0, 4, 0, 8, 0, 0, 0, 3, 0, 1, 0, 6, 0, 0, 0, 0, 0, 7, 0, 0, 0, 3, 0, 11, 0, 0, 0, 2, 0, 0, 0, 0, 0, 3, 0, 0, 0, 0, 4, 2, 9, 4, 1, 3, 0, 9, 2, 7, 8, 5, 7, 2, 5, 9, 7, 3, 0, 5, 0, 3, 10, 8, 0, 4, 1, 6, 4, 1, 4, 8, 6, 1, 7, 2, 11, 9, 12, 3, 6, 2, 9, 3, 5, 9, 7, 5, 2, 7, 1, 7, 11, 6, 0, 4, 2, 12, 0, 4, 4, 12, 5, 2, 9, 6, 0, 8, 10, 6, 6, 9, 0, 11, 1, 3, 7, 4, 2, 0, 10, 2, 8, 5, 12, 8, 5, 0, 6, 4, 3, 0, 4, 2, 0, 6, 2, 7, 1, 8, 0, 0, 0, 0, 0, 0, 0, 4, 0, 0, 0, 0, 0, 6, 0, 0, 0, 1, 0, 0, 0, 0, 0, 11, 0, 6, 0, 10, 0, 0, 1, 0, 0, 4, 0, 8, 0, 0, 0, 0, 3, 0, 0, 12, 0, 0, 0, 11, 0, 0, 5, 0, 0, 8, 0, 7, 0, 3, 0, 0, 2, 0, 0, 10, 7, 1, 0, 1, 0, 0, 0, 0, 3, 4, 4, 5, 0, 6, 0, 5, 8, 0, 6, 0, 2, 10, 0, 0, 0, 7, 1, 0, 1, 0, 5, 1, 0, 0, 0, 2, 4, 0, 2, 4, 7, 1, 6, 2, 10, 0, 7, 3, 9, 0, 10, 3, 9, 5, 8, 2, 2, 5, 1, 3, 5, 0, 2, 7, 11, 4, 6, 0, 8, 6, 2, 4, 10, 3, 1, 6, 9, 11, 2, 9, 7, 12, 8, 6, 4, 8, 7, 3, 6, 0, 5, 10, 4, 0, 2, 10, 11, 0, 4, 12, 3, 8, 6, 10, 5, 7, 9, 2, 11, 1, 6, 2, 9, 3, 0, 2, 4, 7, 9, 3, 0, 12, 7, 11, 6, 9, 6, 0, 5, 7, 9, 3, 0, 4, 1, 5, 0, 0, 0, 0, 0, 0, 0, 0, 1, 0, 0, 0, 0, 0, 4, 0, 0, 0, 3, 0, 0, 11, 0, 0, 1, 0, 4, 0, 0, 0, 0, 2, 0, 0, 10, 0, 7, 0, 7, 0, 5, 8, 0, 0, 0, 0, 3, 0, 0, 0, 0, 1, 0, 0, 9, 0, 0, 0, 0, 0, 6, 6, 0, 0, 0, 0, 0, 0, 0, 3, 1, 8, 0, 0, 0, 0, 1, 0, 0, 6, 11, 12, 0, 0, 0, 0, 4, 0, 0, 4, 2, 10, 0, 0, 0, 0, 0, 0, 0, 0, 0, 5, 2, 11, 3, 10, 1, 7, 4, 8, 6, 3, 0, 7, 9, 5, 3, 9, 6, 0, 1, 8, 4, 10, 6, 2, 0, 11, 8, 2, 7, 10, 1, 3, 8, 11, 9, 6, 3, 5, 2, 4, 6, 9, 2, 6, 1, 4, 9, 1, 9, 7, 3, 1, 11, 8, 5, 2, 7, 11, 4, 2, 0, 5, 7, 4, 0, 8, 10, 5, 7, 5, 10, 3, 0, 10, 3, 5, 1, 9, 3, 9, 2, 11, 4, 8, 6, 0, 3, 7, 0, 4, 7, 0, 6, 1, 9, 7, 5, 2, 0, 0, 0, 0, 0, 0, 0, 0, 0, 5, 0, 0, 0, 0, 0, 7, 0, 0, 0, 9, 0, 5, 0, 0, 0, 4, 0, 0, 0, 6, 0, 3, 0, 0, 0, 0, 0, 0, 0, 0, 0, 0, 0, 0, 0, 3, 0, 8, 0, 3, 0, 12, 0, 0, 0, 10, 0, 6, 0, 8, 0, 8, 0, 0, 0, 6, 0, 1, 0, 0, 0, 3, 0, 0, 0, 2, 0, 7, 0, 0, 0, 1, 0, 0, 0, 0, 0, 2, 0, 0, 0, 6, 0, 0, 0, 0, 0, 4, 0, 0, 7, 0, 2, 6, 11, 8, 10, 3, 8, 1, 1, 9, 7, 4, 1, 3, 5, 7, 0, 3, 4, 11, 3, 8, 6, 12, 1, 10, 5, 8, 6, 1, 5, 0, 2, 5, 3, 0, 2, 4, 8, 10, 7, 3, 9, 7, 10, 5, 7, 9, 2, 5, 0, 10, 1, 12, 2, 9, 1, 5, 6, 11, 4, 6, 8, 3, 7, 11, 6, 2, 8, 0, 2, 9, 4, 0, 5, 3, 0, 7, 2, 4, 6, 3, 1, 7, 9, 6, 4, 1, 5, 8, 0, 10, 6, 4, 0, 8, 2, 5, 5, 0, 0, 0, 0, 0, 0, 0, 6, 0, 3, 0, 0, 0, 0, 0, 0, 2, 4, 0, 0, 0, 0, 0, 0, 10, 0, 8, 1, 0, 0, 0, 0, 4, 0, 8, 0, 4, 6, 0, 0, 0, 0, 1, 0, 2, 0, 1, 3, 0, 4, 0, 0, 5, 0, 0, 0, 0, 8, 7, 1, 0, 0, 0, 0, 5, 0, 0, 4, 0, 3, 0, 0, 7, 0, 8, 0, 5, 2, 3, 0, 0, 0, 5, 0, 3, 0, 0, 2, 6, 0, 0, 0, 1, 0, 1, 0, 0, 2, 0]
convergência = [13, 13, 13, 13, 13, 13, 13, 13, 13, 12, 12, 12, 12, 12, 12, 12, 12, 12, 12, 12, 12, 12, 12, 12, 12, 12, 12, 12, 12, 12, 12, 12, 12, 12, 12, 12, 12, 12, 12, 12, 12, 12, 12, 12, 12, 12, 12, 12, 12, 12, 12, 12, 12, 12, 12, 12, 12, 12, 12, 12, 12, 12, 12, 12, 12, 12, 12, 12, 12, 12, 12, 12, 12, 12, 12, 12, 12, 12, 12, 12, 12, 12, 12, 12, 12, 12, 12, 12, 12, 12, 12, 12, 12, 12, 12, 12, 12, 12, 12, 12, 12, 12, 12, 12, 12, 12, 12, 12, 12, 12, 12, 12, 12, 12, 12, 12, 12, 12, 12, 12, 12, 12, 12, 12, 12, 12, 12, 12, 12, 12, 12, 12, 12]

===== FIM =====
