===== RESULTADO BRKGA L(2,1) =====
Arquivo: /Users/mateuspedrosa/Documents/TCC-II/BRKGA/data/Harwell-Boeing_cleaned/shl_0_clean.mtx

----- Execução #1 -----
[INFO] Parou por estagnação.
Tempo de execução: 180294ms
Span (lambda): 422
best_order = [539, 201, 515, 176, 333, 220, 554, 207, 411, 208, 368, 29, 85, 511, 227, 146, 592, 447, 558, 553, 47, 244, 230, 254, 261, 343, 540, 570, 369, 657, 387, 392, 238, 462, 12, 591, 264, 31, 521, 4, 577, 457, 8, 361, 121, 89, 506, 175, 234, 454, 517, 441, 269, 453, 455, 150, 288, 406, 437, 199, 419, 82, 372, 589, 637, 57, 157, 613, 15, 640, 40, 610, 263, 481, 624, 301, 250, 206, 43, 92, 402, 327, 97, 448, 505, 310, 166, 630, 219, 139, 493, 512, 189, 99, 125, 357, 415, 364, 115, 636, 23, 346, 524, 445, 306, 112, 3, 286, 661, 91, 359, 608, 293, 440, 277, 240, 466, 389, 262, 237, 289, 143, 328, 492, 488, 196, 162, 71, 66, 599, 658, 302, 604, 464, 428, 164, 323, 413, 224, 144, 291, 229, 198, 140, 259, 25, 168, 339, 376, 316, 202, 35, 552, 129, 625, 442, 626, 1, 382, 303, 18, 581, 587, 584, 528, 191, 571, 496, 296, 62, 100, 443, 358, 597, 480, 63, 186, 309, 348, 559, 14, 499, 317, 522, 123, 588, 308, 433, 568, 332, 645, 502, 490, 551, 156, 461, 107, 147, 50, 204, 246, 330, 223, 193, 210, 380, 536, 379, 17, 519, 576, 7, 409, 486, 580, 314, 195, 28, 634, 619, 68, 292, 236, 410, 471, 226, 416, 362, 74, 6, 430, 450, 214, 534, 594, 192, 307, 384, 278, 533, 329, 363, 347, 538, 473, 562, 652, 628, 337, 593, 590, 203, 549, 569, 545, 341, 70, 456, 564, 182, 239, 26, 113, 609, 537, 467, 188, 212, 116, 184, 249, 602, 566, 163, 542, 65, 134, 513, 160, 647, 655, 651, 295, 55, 476, 633, 56, 381, 131, 520, 483, 420, 73, 41, 360, 313, 477, 373, 601, 468, 104, 367, 621, 241, 595, 388, 119, 122, 181, 565, 167, 648, 560, 662, 60, 424, 235, 583, 504, 252, 48, 145, 653, 174, 205, 435, 22, 77, 287, 64, 108, 117, 532, 5, 76, 427, 355, 169, 211, 200, 38, 120, 556, 247, 80, 141, 95, 13, 383, 418, 340, 53, 260, 127, 607, 654, 642, 315, 84, 265, 137, 432, 614, 603, 356, 312, 46, 270, 284, 390, 21, 155, 400, 646, 508, 318, 124, 90, 20, 37, 525, 305, 531, 11, 550, 159, 179, 641, 606, 627, 177, 370, 398, 225, 245, 136, 404, 248, 300, 470, 458, 103, 474, 514, 345, 128, 228, 258, 423, 114, 530, 451, 87, 33, 222, 132, 267, 173, 575, 130, 616, 194, 253, 273, 431, 78, 573, 231, 255, 460, 555, 221, 171, 429, 24, 403, 232, 426, 49, 149, 172, 110, 497, 311, 280, 109, 656, 650, 10, 102, 643, 567, 9, 563, 42, 81, 620, 183, 507, 527, 351, 44, 138, 494, 635, 209, 585, 541, 334, 414, 498, 67, 395, 469, 500, 272, 52, 629, 618, 487, 61, 391, 393, 543, 495, 165, 385, 644, 152, 281, 422, 276, 444, 283, 622, 268, 491, 484, 93, 407, 436, 320, 54, 111, 503, 118, 612, 639, 366, 548, 161, 446, 649, 243, 257, 88, 352, 30, 659, 27, 275, 586, 321, 408, 579, 605, 324, 523, 86, 459, 574, 478, 279, 405, 399, 475, 34, 638, 463, 233, 299, 304, 72, 325, 434, 2, 218, 126, 516, 452, 106, 331, 529, 83, 69, 338, 251, 142, 148, 180, 45, 213, 32, 425, 631, 342, 611, 417, 216, 546, 153, 401, 349, 582, 39, 75, 294, 485, 94, 158, 660, 271, 242, 510, 489, 190, 482, 623, 105, 36, 412, 322, 285, 535, 326, 374, 396, 561, 59, 465, 632, 336, 578, 19, 596, 58, 51, 598, 421, 178, 547, 615, 354, 344, 526, 154, 600, 297, 617, 282, 557, 274, 319, 509, 217, 298, 215, 98, 371, 133, 572, 170, 266, 350, 501, 378, 135, 151, 397, 16, 518, 197, 353, 394, 101, 386, 479, 335, 365, 185, 290, 187, 438, 79, 256, 96, 375, 472, 439, 544, 449, 0, 377]
labeling = [422, 0, 4, 0, 3, 6, 2, 4, 2, 1, 5, 7, 1, 4, 1, 3, 2, 0, 3, 0, 0, 2, 3, 2, 1, 0, 0, 0, 1, 0, 2, 0, 2, 2, 0, 0, 3, 0, 0, 3, 2, 0, 1, 0, 2, 2, 1, 0, 2, 1, 0, 2, 1, 0, 2, 2, 3, 2, 1, 2, 1, 3, 0, 0, 1, 2, 0, 3, 2, 0, 3, 1, 3, 1, 3, 1, 0, 4, 1, 3, 2, 0, 0, 0, 3, 0, 5, 3, 8, 0, 3, 3, 2, 5, 3, 2, 6, 2, 8, 5, 2, 5, 0, 5, 3, 0, 1, 0, 1, 1, 0, 2, 1, 0, 2, 0, 1, 2, 1, 0, 1, 0, 1, 2, 3, 1, 2, 0, 3, 4, 0, 187, 258, 398, 179, 405, 247, 0, 5, 52, 1, 218, 347, 71, 84, 206, 5, 124, 348, 273, 28, 406, 300, 356, 388, 233, 122, 37, 361, 239, 180, 316, 75, 177, 82, 297, 50, 201, 88, 214, 400, 271, 274, 260, 207, 22, 1, 244, 382, 240, 349, 199, 170, 283, 175, 411, 109, 413, 174, 54, 365, 101, 149, 128, 263, 137, 74, 407, 86, 32, 215, 0, 4, 163, 125, 208, 46, 0, 0, 3, 1, 3, 1, 5, 6, 3, 7, 0, 6, 0, 0, 6, 4, 5, 1, 7, 4, 0, 5, 0, 1, 3, 4, 6, 1, 4, 1, 69, 0, 2, 4, 4, 364, 319, 10, 246, 126, 217, 249, 176, 45, 346, 205, 264, 11, 268, 415, 320, 255, 87, 222, 12, 68, 41, 18, 225, 401, 259, 306, 25, 231, 363, 292, 265, 394, 323, 302, 67, 152, 5, 1, 301, 392, 304, 232, 370, 1, 210, 29, 70, 412, 85, 140, 64, 359, 184, 104, 390, 396, 338, 250, 44, 78, 96, 339, 4, 0, 150, 116, 110, 49, 276, 230, 191, 136, 224, 91, 113, 235, 395, 4, 324, 369, 3, 328, 340, 372, 47, 0, 2, 127, 343, 119, 2, 287, 410, 377, 160, 345, 89, 221, 167, 352, 13, 386, 254, 59, 155, 111, 357, 402, 2, 321, 408, 385, 213, 229, 55, 106, 63, 190, 21, 144, 154, 57, 0, 314, 196, 1, 0, 245, 397, 34, 193, 373, 416, 90, 4, 404, 132, 129, 2, 95, 219, 151, 298, 5, 1, 2, 2, 4, 2, 0, 1, 6, 5, 6, 5, 3, 334, 4, 3, 0, 2, 248, 333, 30, 309, 325, 133, 141, 4, 368, 83, 288, 56, 143, 354, 220, 33, 189, 381, 3, 0, 203, 350, 272, 212, 81, 2, 145, 266, 226, 117, 341, 209, 310, 31, 414, 418, 65, 0, 1, 105, 303, 61, 317, 7, 48, 420, 146, 257, 342, 26, 23, 27, 168, 20, 252, 330, 269, 123, 16, 337, 80, 375, 66, 173, 195, 290, 251, 142, 417, 0, 253, 335, 185, 192, 332, 409, 108, 42, 366, 188, 308, 360, 134, 294, 73, 4, 0, 307, 72, 53, 0, 296, 103, 275, 289, 112, 291, 403, 120, 311, 0, 5, 1, 6, 2, 7, 6, 0, 2, 1, 5, 0, 2, 24, 7, 1, 6, 0, 114, 329, 60, 236, 387, 284, 100, 344, 256, 237, 211, 153, 147, 371, 130, 172, 156, 0, 14, 286, 178, 295, 419, 166, 355, 383, 315, 164, 238, 121, 92, 9, 3, 270, 216, 393, 8, 2, 4, 374, 157, 281, 169, 200, 0, 280, 118, 165, 15, 102, 399, 267, 331, 261, 131, 19, 378, 326, 135, 97, 358, 204, 99, 0, 3, 98, 115, 35, 162, 17, 6, 161, 148, 198, 379, 107, 380, 76, 389, 194, 4, 227, 79, 327, 242, 4, 1, 171, 40, 353, 312, 38, 228, 384, 262, 391, 293, 139, 282, 197, 305, 367, 43, 93, 94, 243, 159, 5, 51, 351, 376, 186, 138, 285, 58, 36, 336, 313, 39, 241, 4, 279, 299, 0, 234, 181, 202, 318, 278, 183, 158, 2, 223, 182, 277, 0, 77, 322, 362, 62, 1]
convergência = [422, 422, 422, 422, 422, 422, 422, 422, 422, 422, 422, 422, 422, 422, 422, 422, 422, 422, 422, 422, 422, 422, 422, 422, 422, 422, 422, 422, 422, 422, 422, 422, 422, 422, 422, 422, 422, 422, 422, 422, 422, 422, 422, 422, 422, 422, 422, 422, 422, 422, 422, 422, 422, 422, 422, 422, 422, 422, 422, 422, 422, 422, 422, 422, 422, 422, 422, 422, 422, 422, 422, 422, 422, 422, 422, 422, 422, 422, 422, 422, 422, 422, 422, 422, 422, 422, 422, 422, 422, 422, 422, 422, 422, 422, 422, 422, 422, 422, 422, 422, 422, 422, 422, 422, 422, 422, 422, 422, 422, 422, 422, 422, 422, 422, 422, 422, 422, 422, 422, 422, 422, 422, 422, 422]

===== FIM =====
