===== RESULTADO BRKGA L(2,1) =====
Arquivo: /Users/mateuspedrosa/Documents/TCC-II/BRKGA/data/Harwell-Boeing_cleaned/shl_200_clean.mtx

----- Execução #1 -----
[INFO] Parou por estagnação.
Tempo de execução: 196074ms
Span (lambda): 440
best_order = [539, 201, 515, 176, 333, 220, 554, 207, 411, 208, 368, 29, 85, 511, 227, 146, 592, 447, 558, 553, 47, 244, 230, 254, 261, 343, 540, 570, 369, 657, 387, 392, 238, 462, 12, 591, 264, 31, 521, 4, 577, 457, 8, 361, 121, 89, 506, 175, 234, 454, 517, 441, 269, 453, 455, 150, 288, 406, 437, 199, 419, 82, 372, 589, 637, 57, 157, 613, 15, 640, 40, 610, 263, 481, 624, 301, 250, 206, 43, 92, 402, 327, 97, 448, 505, 310, 166, 630, 219, 139, 493, 512, 189, 99, 125, 357, 415, 364, 115, 636, 23, 346, 524, 445, 306, 112, 3, 286, 661, 91, 359, 608, 293, 440, 277, 240, 466, 389, 262, 237, 289, 143, 328, 492, 488, 196, 162, 71, 66, 599, 658, 302, 604, 464, 428, 164, 323, 413, 224, 144, 291, 229, 198, 140, 259, 25, 168, 339, 376, 316, 202, 35, 552, 129, 625, 442, 626, 1, 382, 303, 18, 581, 587, 584, 528, 191, 571, 496, 296, 62, 100, 443, 358, 597, 480, 63, 186, 309, 348, 559, 14, 499, 317, 522, 123, 588, 308, 433, 568, 332, 645, 502, 490, 551, 156, 461, 107, 147, 50, 204, 246, 330, 223, 193, 210, 380, 536, 379, 17, 519, 576, 7, 409, 486, 580, 314, 195, 28, 634, 619, 68, 292, 236, 410, 471, 226, 416, 362, 74, 6, 430, 450, 214, 534, 594, 192, 307, 384, 278, 533, 329, 363, 347, 538, 473, 562, 652, 628, 337, 593, 590, 203, 549, 569, 545, 341, 70, 456, 564, 182, 239, 26, 113, 609, 537, 467, 188, 212, 116, 184, 249, 602, 566, 163, 542, 65, 134, 513, 160, 647, 655, 651, 295, 55, 476, 633, 56, 381, 131, 520, 483, 420, 73, 41, 360, 313, 477, 373, 601, 468, 104, 367, 621, 241, 595, 388, 119, 122, 181, 565, 167, 648, 560, 662, 60, 424, 235, 583, 504, 252, 48, 145, 653, 174, 205, 435, 22, 77, 287, 64, 108, 117, 532, 5, 76, 427, 355, 169, 211, 200, 38, 120, 556, 247, 80, 141, 95, 13, 383, 418, 340, 53, 260, 127, 607, 654, 642, 315, 84, 265, 137, 432, 614, 603, 356, 312, 46, 270, 284, 390, 21, 155, 400, 646, 508, 318, 124, 90, 20, 37, 525, 305, 531, 11, 550, 159, 179, 641, 606, 627, 177, 370, 398, 225, 245, 136, 404, 248, 300, 470, 458, 103, 474, 514, 345, 128, 228, 258, 423, 114, 530, 451, 87, 33, 222, 132, 267, 173, 575, 130, 616, 194, 253, 273, 431, 78, 573, 231, 255, 460, 555, 221, 171, 429, 24, 403, 232, 426, 49, 149, 172, 110, 497, 311, 280, 109, 656, 650, 10, 102, 643, 567, 9, 563, 42, 81, 620, 183, 507, 527, 351, 44, 138, 494, 635, 209, 585, 541, 334, 414, 498, 67, 395, 469, 500, 272, 52, 629, 618, 487, 61, 391, 393, 543, 495, 165, 385, 644, 152, 281, 422, 276, 444, 283, 622, 268, 491, 484, 93, 407, 436, 320, 54, 111, 503, 118, 612, 639, 366, 548, 161, 446, 649, 243, 257, 88, 352, 30, 659, 27, 275, 586, 321, 408, 579, 605, 324, 523, 86, 459, 574, 478, 279, 405, 399, 475, 34, 638, 463, 233, 299, 304, 72, 325, 434, 2, 218, 126, 516, 452, 106, 331, 529, 83, 69, 338, 251, 142, 148, 180, 45, 213, 32, 425, 631, 342, 611, 417, 216, 546, 153, 401, 349, 582, 39, 75, 294, 485, 94, 158, 660, 271, 242, 510, 489, 190, 482, 623, 105, 36, 412, 322, 285, 535, 326, 374, 396, 561, 59, 465, 632, 336, 578, 19, 596, 58, 51, 598, 421, 178, 547, 615, 354, 344, 526, 154, 600, 297, 617, 282, 557, 274, 319, 509, 217, 298, 215, 98, 371, 133, 572, 170, 266, 350, 501, 378, 135, 151, 397, 16, 518, 197, 353, 394, 101, 386, 479, 335, 365, 185, 290, 187, 438, 79, 256, 96, 375, 472, 439, 544, 449, 0, 377]
labeling = [440, 0, 2, 1, 19, 220, 148, 4, 2, 297, 293, 4, 0, 4, 3, 0, 0, 1, 3, 2, 1, 0, 2, 1, 2, 3, 0, 0, 1, 0, 1, 0, 2, 1, 0, 0, 2, 0, 0, 1, 1, 0, 1, 0, 2, 2, 1, 0, 1, 286, 127, 1, 1, 2, 5, 2, 3, 1, 5, 1, 0, 1, 0, 0, 1, 1, 0, 2, 4, 4, 0, 1, 2, 1, 3, 1, 221, 216, 1, 432, 2, 0, 0, 1, 3, 0, 6, 3, 4, 0, 0, 0, 0, 5, 3, 2, 6, 0, 6, 2, 3, 5, 294, 264, 3, 384, 1, 125, 218, 1, 0, 2, 1, 0, 1, 0, 1, 2, 1, 0, 1, 0, 0, 2, 3, 1, 5, 0, 4, 4, 0, 192, 271, 416, 183, 422, 258, 236, 3, 0, 1, 228, 363, 73, 86, 211, 6, 126, 364, 287, 30, 423, 317, 371, 405, 243, 123, 39, 376, 250, 185, 332, 77, 181, 84, 314, 52, 206, 90, 224, 418, 284, 288, 273, 213, 23, 2, 255, 399, 251, 365, 204, 174, 300, 178, 428, 110, 430, 177, 56, 381, 103, 153, 131, 276, 140, 76, 424, 1, 34, 225, 0, 3, 167, 128, 214, 48, 0, 0, 2, 2, 4, 0, 5, 0, 3, 5, 2, 358, 0, 0, 5, 4, 4, 1, 5, 1, 0, 3, 88, 1, 280, 4, 3, 24, 3, 1, 71, 0, 3, 3, 3, 379, 335, 10, 257, 129, 227, 260, 179, 47, 1, 210, 277, 11, 281, 433, 336, 268, 89, 232, 12, 70, 43, 18, 235, 419, 272, 323, 0, 241, 378, 310, 4, 411, 339, 319, 69, 156, 5, 1, 318, 409, 321, 242, 387, 1, 217, 31, 72, 429, 87, 143, 66, 374, 189, 105, 407, 414, 354, 261, 46, 80, 98, 355, 4, 0, 154, 117, 111, 51, 290, 240, 196, 139, 234, 93, 114, 246, 412, 3, 340, 386, 3, 344, 356, 389, 49, 0, 2, 130, 360, 120, 3, 305, 427, 394, 164, 362, 91, 231, 171, 368, 13, 403, 267, 61, 159, 112, 372, 420, 1, 337, 425, 402, 223, 238, 57, 107, 65, 195, 22, 147, 158, 59, 2, 331, 201, 1, 0, 256, 415, 36, 198, 390, 434, 92, 3, 6, 135, 132, 7, 97, 229, 155, 315, 5, 1, 3, 1, 5, 2, 0, 2, 5, 2, 3, 5, 3, 350, 4, 0, 2, 4, 259, 349, 32, 326, 341, 136, 144, 0, 385, 85, 306, 58, 146, 3, 230, 35, 194, 398, 1, 3, 208, 366, 285, 222, 83, 4, 149, 278, 237, 118, 357, 215, 327, 33, 431, 436, 67, 27, 1, 106, 320, 63, 333, 8, 50, 438, 150, 270, 359, 28, 25, 29, 172, 21, 263, 346, 282, 124, 16, 353, 82, 392, 68, 176, 200, 308, 262, 145, 435, 3, 265, 351, 190, 197, 348, 426, 109, 44, 382, 193, 325, 375, 137, 312, 75, 5, 0, 324, 74, 54, 0, 0, 1, 289, 307, 113, 309, 421, 121, 328, 0, 2, 0, 9, 245, 413, 380, 5, 55, 184, 266, 1, 2, 26, 7, 1, 5, 0, 115, 345, 62, 247, 404, 301, 102, 361, 269, 248, 219, 157, 151, 388, 133, 6, 160, 0, 14, 304, 182, 313, 437, 170, 370, 400, 1, 168, 249, 122, 94, 0, 4, 283, 226, 410, 9, 1, 2, 391, 161, 298, 173, 205, 0, 296, 119, 169, 15, 104, 417, 279, 347, 274, 134, 20, 395, 342, 138, 99, 373, 209, 101, 303, 3, 100, 116, 37, 166, 17, 7, 165, 152, 203, 396, 108, 397, 78, 406, 199, 180, 1, 81, 343, 253, 3, 1, 175, 42, 369, 329, 40, 239, 401, 275, 408, 311, 142, 299, 202, 322, 383, 45, 95, 96, 254, 163, 6, 53, 367, 393, 191, 141, 302, 60, 38, 352, 330, 41, 252, 4, 295, 316, 0, 244, 186, 207, 334, 292, 188, 162, 212, 233, 187, 291, 0, 79, 338, 377, 64, 1]
convergência = [440, 440, 440, 440, 440, 440, 440, 440, 440, 440, 440, 440, 440, 440, 440, 440, 440, 440, 440, 440, 440, 440, 440, 440, 440, 440, 440, 440, 440, 440, 440, 440, 440, 440, 440, 440, 440, 440, 440, 440, 440, 440, 440, 440, 440, 440, 440, 440, 440, 440, 440, 440, 440, 440, 440, 440, 440, 440, 440, 440, 440, 440, 440, 440, 440, 440, 440, 440, 440, 440, 440, 440, 440, 440, 440, 440, 440, 440, 440, 440, 440, 440, 440, 440, 440, 440, 440, 440, 440, 440, 440, 440, 440, 440, 440, 440, 440, 440, 440, 440, 440, 440, 440, 440, 440, 440, 440, 440, 440, 440, 440, 440, 440, 440, 440, 440, 440, 440, 440, 440, 440, 440, 440, 440]

===== FIM =====
