===== RESULTADO BRKGA L(2,1) =====
Arquivo: /Users/mateuspedrosa/Documents/TCC-II/BRKGA/data/Harwell-Boeing_cleaned/shl_400_clean.mtx

----- Execução #1 -----
[INFO] Parou por estagnação.
Tempo de execução: 185515ms
Span (lambda): 426
best_order = [435, 385, 569, 348, 432, 152, 580, 574, 143, 231, 206, 614, 541, 502, 450, 166, 50, 485, 442, 70, 174, 367, 535, 400, 335, 243, 643, 304, 409, 331, 319, 74, 421, 332, 37, 49, 172, 87, 268, 428, 287, 635, 192, 22, 114, 101, 393, 381, 151, 278, 306, 299, 201, 493, 360, 556, 572, 120, 28, 53, 112, 105, 494, 387, 5, 359, 500, 523, 559, 448, 466, 517, 171, 177, 81, 330, 615, 321, 218, 7, 310, 565, 347, 277, 575, 82, 487, 627, 232, 262, 158, 309, 117, 281, 211, 86, 189, 551, 632, 209, 35, 579, 54, 307, 396, 536, 548, 414, 245, 202, 18, 394, 610, 9, 509, 98, 284, 308, 157, 364, 415, 296, 252, 248, 142, 645, 616, 200, 207, 115, 290, 595, 163, 72, 301, 295, 479, 97, 106, 288, 397, 234, 542, 71, 418, 619, 214, 362, 27, 297, 585, 230, 513, 298, 581, 95, 140, 491, 69, 12, 511, 416, 634, 528, 406, 293, 46, 126, 320, 176, 366, 136, 587, 280, 89, 267, 352, 424, 38, 512, 84, 32, 422, 104, 58, 519, 52, 2, 222, 601, 365, 249, 592, 499, 507, 446, 549, 190, 6, 597, 227, 451, 571, 51, 411, 137, 598, 354, 107, 250, 251, 341, 156, 504, 594, 431, 180, 110, 395, 371, 45, 144, 219, 1, 29, 590, 217, 263, 24, 55, 660, 302, 380, 378, 246, 92, 486, 236, 168, 621, 164, 498, 178, 488, 474, 326, 123, 194, 323, 434, 78, 224, 480, 605, 492, 508, 91, 433, 658, 470, 591, 339, 646, 562, 33, 68, 534, 413, 133, 478, 596, 40, 129, 437, 482, 215, 654, 609, 457, 578, 229, 570, 79, 408, 259, 116, 620, 656, 90, 294, 353, 476, 125, 13, 165, 329, 328, 391, 373, 441, 212, 554, 465, 60, 407, 264, 338, 19, 376, 501, 453, 425, 464, 191, 417, 384, 289, 356, 625, 244, 505, 650, 239, 258, 398, 533, 662, 63, 272, 624, 375, 526, 349, 85, 273, 128, 653, 265, 305, 561, 10, 269, 370, 343, 568, 633, 256, 346, 403, 613, 640, 389, 337, 340, 235, 113, 563, 537, 42, 181, 631, 447, 146, 639, 481, 355, 525, 21, 334, 427, 532, 419, 345, 199, 449, 167, 607, 238, 255, 204, 300, 96, 368, 429, 205, 88, 127, 390, 475, 260, 186, 169, 242, 644, 647, 555, 402, 8, 386, 271, 515, 454, 405, 103, 210, 584, 518, 383, 31, 558, 276, 261, 655, 286, 59, 187, 439, 26, 34, 138, 473, 372, 196, 430, 149, 170, 524, 404, 472, 477, 161, 539, 44, 108, 162, 467, 649, 121, 30, 436, 153, 629, 94, 547, 388, 254, 173, 47, 57, 333, 469, 514, 292, 80, 426, 154, 520, 399, 363, 540, 622, 184, 317, 312, 75, 66, 604, 618, 175, 612, 553, 303, 392, 216, 159, 440, 253, 139, 327, 132, 586, 503, 3, 275, 311, 109, 626, 203, 459, 510, 61, 552, 460, 237, 102, 39, 15, 545, 401, 73, 369, 279, 99, 182, 652, 316, 589, 641, 529, 582, 111, 455, 483, 659, 220, 617, 516, 240, 76, 637, 444, 17, 122, 611, 420, 183, 657, 318, 336, 283, 495, 593, 544, 41, 134, 463, 274, 193, 546, 506, 208, 313, 452, 583, 93, 188, 241, 65, 195, 266, 118, 314, 16, 564, 147, 145, 64, 325, 67, 606, 530, 11, 538, 344, 282, 484, 438, 521, 291, 588, 160, 423, 213, 567, 361, 382, 566, 410, 602, 257, 522, 458, 48, 543, 445, 661, 119, 636, 247, 100, 573, 315, 56, 233, 20, 135, 185, 322, 179, 221, 197, 374, 62, 14, 351, 226, 225, 630, 462, 557, 576, 223, 490, 23, 155, 77, 350, 150, 228, 443, 141, 527, 608, 25, 560, 468, 43, 357, 342, 550, 642, 638, 577, 461, 412, 623, 198, 600, 648, 36, 456, 496, 497, 471, 148, 379, 377, 285, 489, 124, 4, 270, 131, 603, 628, 599, 130, 531, 651, 83, 0, 324, 358]
labeling = [426, 140, 116, 4, 417, 44, 124, 1, 3, 73, 219, 6, 0, 1, 6, 2, 1, 4, 1, 2, 3, 0, 0, 3, 0, 4, 1, 0, 1, 1, 1, 0, 0, 0, 2, 4, 2, 0, 1, 2, 1, 3, 0, 0, 2, 0, 0, 3, 1, 29, 16, 1, 115, 0, 1, 2, 3, 5, 2, 1, 0, 0, 4, 0, 1, 3, 0, 0, 1, 2, 0, 3, 0, 4, 0, 0, 335, 393, 1, 182, 3, 0, 0, 1, 1, 5, 1, 0, 5, 3, 4, 3, 2, 5, 0, 2, 4, 0, 0, 1, 7, 0, 323, 262, 2, 43, 1, 131, 282, 1, 0, 2, 0, 1, 0, 1, 0, 0, 1, 2, 0, 1, 3, 0, 1, 0, 0, 0, 1, 0, 5, 419, 314, 171, 346, 383, 111, 128, 2, 312, 4, 398, 83, 8, 139, 359, 235, 358, 414, 274, 395, 36, 5, 287, 296, 392, 134, 77, 62, 309, 369, 280, 283, 88, 150, 190, 15, 247, 148, 255, 275, 51, 30, 290, 18, 306, 109, 52, 152, 386, 137, 232, 325, 340, 301, 384, 254, 269, 353, 65, 123, 203, 35, 349, 156, 354, 272, 387, 3, 245, 85, 0, 0, 317, 249, 251, 10, 3, 7, 0, 6, 1, 4, 6, 3, 5, 6, 1, 55, 1, 5, 7, 2, 4, 3, 3, 4, 4, 396, 180, 2, 9, 0, 0, 93, 5, 2, 322, 4, 1, 334, 4, 256, 22, 208, 71, 146, 380, 82, 118, 132, 2, 81, 311, 289, 248, 224, 374, 3, 184, 253, 266, 0, 142, 196, 217, 355, 4, 31, 2, 418, 259, 212, 5, 348, 0, 2, 59, 37, 1, 113, 64, 364, 343, 75, 416, 268, 33, 92, 205, 86, 367, 294, 108, 187, 90, 80, 97, 100, 39, 250, 89, 144, 308, 0, 2, 38, 69, 76, 63, 56, 2, 303, 351, 356, 382, 1, 302, 341, 26, 0, 54, 385, 157, 5, 360, 155, 313, 0, 5, 1, 25, 28, 291, 240, 21, 342, 228, 197, 167, 229, 133, 402, 220, 363, 244, 225, 58, 3, 216, 394, 0, 114, 188, 130, 238, 206, 401, 423, 45, 41, 371, 96, 298, 78, 0, 110, 19, 1, 2, 221, 138, 271, 191, 388, 214, 198, 5, 0, 415, 145, 0, 372, 264, 204, 1, 5, 0, 3, 5, 2, 3, 4, 2, 1, 2, 0, 0, 3, 297, 0, 6, 3, 2, 277, 2, 107, 195, 183, 24, 3, 2, 407, 4, 1, 79, 104, 2, 1, 243, 339, 27, 2, 6, 2, 201, 295, 241, 32, 3, 273, 136, 4, 163, 158, 0, 286, 174, 366, 270, 310, 192, 0, 397, 337, 1, 121, 234, 48, 246, 14, 126, 4, 200, 261, 330, 411, 178, 376, 318, 321, 406, 390, 347, 202, 194, 49, 284, 400, 292, 165, 413, 278, 3, 154, 252, 189, 279, 172, 91, 159, 237, 175, 331, 365, 17, 147, 3, 153, 1, 3, 102, 161, 40, 0, 2, 2, 412, 151, 120, 46, 199, 13, 315, 0, 2, 1, 3, 162, 74, 319, 103, 1, 99, 293, 260, 0, 50, 5, 0, 2, 5, 375, 47, 276, 239, 215, 399, 106, 328, 362, 422, 242, 210, 170, 20, 70, 231, 4, 281, 299, 12, 94, 377, 345, 324, 350, 288, 0, 122, 403, 66, 320, 4, 193, 2, 2, 0, 265, 0, 4, 218, 169, 230, 357, 57, 373, 370, 222, 2, 181, 127, 42, 381, 7, 60, 391, 405, 179, 68, 6, 101, 329, 352, 263, 98, 6, 112, 368, 327, 141, 166, 119, 344, 135, 87, 173, 125, 129, 421, 409, 117, 6, 8, 304, 160, 361, 2, 4, 177, 72, 338, 307, 226, 11, 53, 84, 333, 305, 95, 185, 149, 300, 408, 213, 207, 316, 61, 420, 6, 389, 233, 67, 223, 105, 34, 379, 336, 404, 236, 227, 1, 3, 23, 257, 0, 168, 258, 410, 285, 209, 424, 326, 0, 176, 267, 186, 2, 164, 332, 143, 378, 211]
convergência = [426, 426, 426, 426, 426, 426, 426, 426, 426, 426, 426, 426, 426, 426, 426, 426, 426, 426, 426, 426, 426, 426, 426, 426, 426, 426, 426, 426, 426, 426, 426, 426, 426, 426, 426, 426, 426, 426, 426, 426, 426, 426, 426, 426, 426, 426, 426, 426, 426, 426, 426, 426, 426, 426, 426, 426, 426, 426, 426, 426, 426, 426, 426, 426, 426, 426, 426, 426, 426, 426, 426, 426, 426, 426, 426, 426, 426, 426, 426, 426, 426, 426, 426, 426, 426, 426, 426, 426, 426, 426, 426, 426, 426, 426, 426, 426, 426, 426, 426, 426, 426, 426, 426, 426, 426, 426, 426, 426, 426, 426, 426, 426, 426, 426, 426, 426, 426, 426, 426, 426, 426, 426, 426, 426]

===== FIM =====
