===== RESULTADO BRKGA L(2,1) =====
Arquivo: /Users/mateuspedrosa/Documents/TCC-II/BRKGA/data/Harwell-Boeing_cleaned/steam3_clean.mtx

----- Execução #1 -----
[INFO] Parou por estagnação.
Tempo de execução: 5435ms
Span (lambda): 18
best_order = [44, 10, 61, 6, 3, 47, 64, 27, 38, 60, 39, 17, 25, 1, 13, 66, 33, 49, 77, 29, 62, 53, 65, 52, 35, 67, 24, 41, 55, 40, 32, 58, 43, 63, 46, 73, 45, 7, 28, 18, 21, 4, 12, 57, 75, 54, 72, 36, 0, 51, 70, 74, 56, 9, 42, 76, 22, 19, 14, 69, 20, 11, 16, 2, 59, 30, 78, 34, 8, 31, 15, 23, 48, 71, 37, 50, 79, 68, 5, 26]
labeling = [4, 2, 13, 0, 14, 18, 3, 12, 15, 11, 2, 13, 10, 1, 14, 16, 17, 0, 9, 15, 16, 8, 14, 18, 15, 7, 17, 3, 6, 4, 16, 18, 5, 1, 17, 3, 13, 18, 0, 2, 8, 6, 16, 10, 0, 9, 7, 5, 8, 4, 18, 6, 5, 3, 12, 7, 6, 4, 2, 11, 5, 0, 10, 12, 1, 11, 9, 13, 14, 10, 8, 12, 11, 7, 15, 9, 6, 4, 8, 10]
convergência = [21, 20, 20, 20, 20, 20, 20, 20, 20, 20, 20, 20, 20, 20, 20, 20, 20, 19, 19, 19, 19, 19, 19, 18, 18, 18, 18, 18, 18, 18, 18, 18, 18, 18, 18, 18, 18, 18, 18, 18, 18, 18, 18, 18, 18, 18, 18, 18, 18, 18, 18, 18, 18, 18, 18, 18, 18, 18, 18, 18, 18, 18, 18, 18, 18, 18, 18, 18, 18, 18, 18, 18, 18, 18, 18, 18, 18, 18, 18, 18, 18, 18, 18, 18, 18, 18, 18, 18, 18, 18, 18, 18, 18, 18, 18, 18, 18, 18, 18, 18, 18, 18, 18, 18, 18, 18, 18, 18, 18, 18, 18, 18, 18, 18, 18, 18, 18, 18, 18, 18, 18, 18, 18, 18, 18, 18, 18, 18, 18, 18, 18, 18, 18, 18, 18, 18, 18, 18, 18, 18, 18, 18, 18, 18, 18, 18, 18]

===== FIM =====
