===== RESULTADO BRKGA L(2,1) =====
Arquivo: /Users/mateuspedrosa/Documents/TCC-II/BRKGA/data/Harwell-Boeing_cleaned/steam2_clean.mtx

----- Execução #1 -----
[INFO] Parou por estagnação.
Tempo de execução: 569854ms
Span (lambda): 49
best_order = [549, 409, 163, 147, 311, 203, 386, 115, 186, 244, 68, 125, 370, 301, 429, 235, 224, 7, 161, 130, 246, 394, 266, 257, 265, 49, 538, 251, 237, 525, 437, 117, 286, 469, 452, 139, 450, 167, 408, 355, 532, 110, 354, 489, 183, 22, 100, 519, 28, 410, 552, 18, 188, 184, 513, 170, 546, 59, 3, 526, 82, 172, 104, 173, 225, 67, 120, 50, 166, 255, 491, 196, 524, 45, 32, 359, 348, 335, 108, 580, 504, 427, 419, 19, 595, 263, 412, 337, 86, 345, 534, 289, 47, 149, 374, 378, 501, 48, 142, 288, 143, 365, 431, 341, 55, 185, 557, 459, 498, 213, 122, 103, 157, 75, 571, 281, 432, 364, 503, 340, 430, 116, 438, 455, 508, 334, 449, 44, 177, 66, 96, 398, 331, 566, 460, 193, 179, 414, 477, 330, 537, 169, 43, 322, 274, 276, 461, 317, 233, 70, 241, 499, 30, 321, 189, 481, 368, 393, 550, 111, 211, 465, 218, 136, 231, 562, 548, 343, 105, 271, 588, 258, 536, 247, 377, 563, 484, 124, 383, 178, 282, 221, 31, 205, 220, 577, 192, 267, 565, 57, 270, 360, 89, 351, 475, 399, 507, 51, 300, 487, 16, 319, 109, 570, 488, 470, 523, 361, 65, 210, 403, 228, 581, 313, 413, 561, 485, 522, 227, 40, 448, 9, 596, 389, 510, 58, 586, 76, 113, 505, 132, 323, 245, 468, 239, 573, 21, 490, 273, 397, 12, 495, 98, 232, 91, 584, 551, 433, 496, 575, 20, 512, 428, 574, 308, 418, 395, 39, 162, 391, 554, 236, 195, 145, 217, 277, 439, 466, 146, 226, 268, 590, 214, 198, 493, 589, 373, 435, 407, 33, 492, 107, 371, 453, 292, 118, 63, 480, 26, 29, 42, 291, 206, 8, 486, 494, 528, 295, 78, 533, 73, 199, 324, 500, 567, 352, 182, 463, 578, 421, 14, 353, 436, 230, 296, 253, 446, 254, 329, 553, 349, 180, 90, 290, 482, 572, 165, 150, 591, 420, 342, 121, 175, 209, 344, 327, 34, 583, 527, 474, 53, 238, 269, 535, 576, 261, 363, 379, 24, 153, 440, 56, 423, 77, 356, 283, 366, 456, 434, 442, 204, 302, 479, 88, 37, 497, 1, 46, 144, 119, 568, 425, 0, 62, 375, 159, 315, 168, 256, 69, 312, 483, 422, 36, 585, 131, 242, 176, 426, 248, 471, 64, 381, 473, 285, 84, 320, 560, 350, 464, 541, 191, 346, 284, 298, 325, 13, 593, 506, 278, 384, 592, 462, 229, 194, 515, 307, 207, 234, 545, 279, 272, 385, 99, 516, 559, 358, 454, 347, 223, 181, 52, 309, 444, 219, 558, 587, 392, 275, 411, 101, 445, 152, 260, 380, 27, 305, 388, 129, 10, 310, 154, 123, 72, 156, 443, 216, 372, 404, 520, 134, 518, 93, 23, 416, 171, 511, 85, 201, 514, 71, 509, 357, 332, 441, 208, 458, 94, 95, 135, 597, 164, 547, 106, 114, 478, 202, 339, 582, 521, 314, 306, 148, 4, 451, 80, 299, 316, 264, 457, 87, 540, 197, 280, 287, 297, 249, 564, 160, 502, 387, 594, 83, 406, 336, 200, 79, 530, 539, 400, 424, 128, 531, 222, 35, 155, 141, 401, 17, 543, 190, 369, 517, 529, 303, 542, 472, 304, 569, 598, 38, 174, 417, 362, 415, 294, 396, 158, 252, 250, 15, 333, 140, 556, 476, 74, 41, 81, 54, 187, 243, 367, 215, 544, 555, 390, 5, 102, 405, 293, 240, 133, 259, 92, 112, 262, 382, 467, 447, 97, 25, 2, 318, 376, 599, 127, 338, 326, 328, 138, 126, 61, 402, 579, 11, 6, 137, 212, 151, 60]
labeling = [13, 10, 15, 4, 22, 28, 38, 3, 11, 5, 32, 42, 14, 31, 20, 40, 22, 31, 1, 7, 19, 16, 2, 35, 18, 38, 12, 27, 0, 23, 8, 10, 6, 15, 30, 39, 23, 21, 41, 2, 24, 38, 28, 14, 18, 9, 33, 13, 17, 1, 3, 22, 37, 28, 39, 4, 16, 11, 13, 3, 49, 36, 32, 25, 34, 24, 20, 8, 0, 36, 7, 40, 17, 9, 19, 6, 1, 21, 19, 36, 35, 42, 11, 37, 38, 40, 12, 45, 29, 14, 27, 16, 38, 26, 34, 36, 12, 46, 15, 17, 7, 39, 48, 19, 6, 23, 44, 32, 8, 25, 5, 18, 45, 10, 27, 0, 4, 2, 6, 18, 9, 33, 11, 43, 21, 2, 49, 47, 41, 37, 1, 32, 2, 38, 14, 33, 14, 43, 20, 3, 41, 36, 13, 15, 37, 31, 33, 1, 39, 12, 24, 49, 32, 7, 35, 37, 40, 5, 45, 29, 42, 4, 30, 0, 43, 38, 11, 7, 40, 9, 6, 42, 1, 3, 44, 5, 27, 10, 14, 12, 31, 36, 29, 3, 8, 13, 0, 27, 4, 18, 43, 28, 15, 12, 29, 23, 8, 35, 16, 26, 44, 32, 34, 2, 20, 4, 14, 22, 41, 34, 21, 19, 38, 2, 16, 33, 41, 28, 15, 37, 21, 5, 46, 39, 2, 12, 29, 23, 22, 32, 30, 20, 6, 4, 14, 0, 22, 1, 26, 20, 49, 6, 32, 47, 1, 19, 3, 14, 24, 26, 44, 2, 33, 12, 18, 6, 35, 3, 11, 45, 42, 39, 47, 0, 27, 3, 1, 15, 25, 30, 14, 7, 37, 24, 10, 41, 11, 13, 28, 36, 36, 5, 13, 31, 33, 25, 0, 35, 4, 1, 26, 8, 12, 40, 38, 23, 9, 42, 17, 27, 7, 1, 17, 36, 40, 29, 38, 27, 8, 22, 33, 0, 25, 13, 34, 18, 26, 10, 44, 12, 35, 20, 16, 26, 24, 37, 47, 28, 45, 25, 9, 6, 18, 34, 9, 5, 43, 11, 45, 39, 10, 5, 30, 14, 15, 2, 21, 24, 3, 31, 33, 17, 21, 27, 4, 2, 32, 43, 35, 8, 0, 7, 31, 19, 8, 6, 32, 40, 22, 44, 1, 30, 42, 29, 15, 36, 46, 20, 11, 34, 32, 30, 41, 13, 21, 23, 0, 27, 41, 16, 46, 28, 38, 13, 4, 26, 43, 27, 12, 23, 25, 35, 47, 4, 26, 39, 28, 7, 5, 0, 9, 24, 3, 25, 18, 47, 42, 45, 21, 10, 5, 2, 16, 14, 34, 25, 31, 10, 27, 2, 21, 17, 14, 28, 40, 35, 29, 3, 15, 22, 17, 24, 19, 21, 35, 37, 20, 47, 25, 18, 7, 45, 5, 19, 34, 16, 20, 45, 30, 11, 7, 9, 31, 26, 33, 1, 23, 38, 20, 6, 11, 39, 46, 41, 27, 17, 47, 0, 44, 26, 23, 12, 28, 30, 19, 24, 32, 22, 23, 9, 26, 13, 33, 31, 36, 18, 25, 38, 14, 16, 27, 8, 35, 10, 6, 17, 33, 8, 15, 43, 24, 41, 21, 10, 39, 35, 36, 46, 40, 6, 32, 34, 20, 18, 10, 0, 4, 30, 8, 48, 25, 42, 6, 32, 9, 37, 13, 11, 5, 24, 21, 19, 31, 29, 49, 35, 3, 44, 19, 0, 17, 27, 7, 34, 26, 45, 47, 9, 41, 39, 34, 18, 9, 11, 44, 16, 8, 28, 22, 31, 17, 5, 28, 16, 23, 21, 31, 14, 29, 49, 8, 18, 25, 20, 22, 33, 20, 39, 3, 21, 15, 30, 19, 7, 23, 2, 6, 32, 34, 36]
convergência = [51, 51, 51, 51, 51, 51, 51, 50, 50, 50, 50, 50, 50, 50, 50, 50, 50, 50, 50, 50, 50, 50, 50, 50, 50, 50, 50, 50, 50, 50, 50, 50, 50, 50, 50, 50, 50, 50, 50, 50, 50, 50, 50, 50, 50, 49, 49, 49, 49, 49, 49, 49, 49, 49, 49, 49, 49, 49, 49, 49, 49, 49, 49, 49, 49, 49, 49, 49, 49, 49, 49, 49, 49, 49, 49, 49, 49, 49, 49, 49, 49, 49, 49, 49, 49, 49, 49, 49, 49, 49, 49, 49, 49, 49, 49, 49, 49, 49, 49, 49, 49, 49, 49, 49, 49, 49, 49, 49, 49, 49, 49, 49, 49, 49, 49, 49, 49, 49, 49, 49, 49, 49, 49, 49, 49, 49, 49, 49, 49, 49, 49, 49, 49, 49, 49, 49, 49, 49, 49, 49, 49, 49, 49, 49, 49, 49, 49, 49, 49, 49, 49, 49, 49, 49, 49, 49, 49, 49, 49, 49, 49, 49, 49, 49, 49, 49, 49, 49, 49]

===== FIM =====
