===== RESULTADO BRKGA L(2,1) =====
Arquivo: /Users/mateuspedrosa/Documents/TCC-II/BRKGA/data/Harwell-Boeing_cleaned/str_600_clean.mtx

----- Execução #1 -----
[INFO] Parou por estagnação.
Tempo de execução: 333979ms
Span (lambda): 75
best_order = [41, 362, 131, 249, 70, 287, 345, 44, 175, 170, 360, 187, 105, 137, 25, 279, 239, 347, 336, 51, 146, 116, 107, 52, 354, 40, 53, 244, 238, 183, 61, 50, 303, 315, 325, 237, 117, 119, 57, 194, 231, 13, 351, 182, 196, 268, 126, 215, 168, 24, 226, 219, 284, 2, 140, 172, 139, 318, 274, 352, 288, 29, 37, 103, 302, 134, 147, 266, 198, 79, 96, 243, 306, 164, 31, 108, 32, 95, 258, 260, 10, 14, 329, 104, 9, 281, 176, 357, 58, 202, 271, 106, 143, 286, 228, 300, 82, 253, 72, 242, 65, 150, 294, 296, 350, 4, 307, 97, 23, 301, 80, 359, 337, 84, 81, 109, 262, 56, 236, 212, 136, 30, 326, 138, 11, 158, 267, 201, 229, 209, 304, 189, 206, 255, 111, 222, 335, 338, 214, 213, 334, 100, 340, 247, 292, 141, 361, 171, 93, 280, 130, 39, 135, 112, 16, 322, 77, 290, 261, 265, 263, 341, 289, 125, 68, 285, 317, 224, 221, 333, 275, 346, 312, 192, 293, 208, 3, 36, 200, 19, 220, 154, 344, 28, 252, 127, 218, 178, 35, 342, 20, 305, 98, 251, 179, 33, 190, 149, 76, 313, 184, 75, 233, 177, 320, 163, 34, 323, 99, 102, 132, 316, 223, 195, 282, 277, 67, 6, 269, 88, 227, 133, 153, 230, 113, 22, 63, 241, 156, 42, 78, 191, 92, 60, 343, 256, 83, 162, 115, 38, 0, 7, 157, 118, 309, 270, 49, 48, 87, 203, 161, 353, 155, 356, 27, 74, 114, 144, 152, 332, 248, 45, 129, 1, 21, 259, 121, 186, 85, 331, 273, 264, 205, 291, 94, 254, 89, 128, 166, 235, 18, 217, 211, 122, 66, 46, 15, 349, 17, 59, 207, 5, 180, 160, 188, 278, 328, 169, 142, 69, 204, 298, 250, 234, 120, 311, 240, 348, 358, 167, 71, 199, 185, 174, 246, 197, 101, 62, 90, 339, 319, 47, 327, 245, 283, 330, 148, 257, 12, 308, 297, 165, 299, 26, 54, 110, 355, 225, 232, 314, 210, 151, 324, 64, 86, 159, 8, 321, 216, 173, 295, 124, 91, 55, 276, 43, 272, 310, 73, 145, 123, 181, 193]
labeling = [0, 11, 8, 32, 14, 18, 48, 62, 75, 17, 19, 34, 74, 12, 24, 68, 36, 69, 13, 28, 8, 9, 28, 30, 7, 2, 1, 31, 49, 10, 31, 10, 0, 1, 58, 56, 47, 11, 5, 2, 4, 0, 15, 64, 2, 65, 9, 17, 29, 10, 3, 1, 0, 2, 16, 75, 19, 5, 6, 51, 43, 11, 59, 41, 68, 17, 56, 37, 46, 62, 2, 32, 1, 3, 39, 31, 31, 25, 28, 22, 25, 2, 2, 3, 0, 58, 74, 45, 34, 65, 11, 35, 14, 22, 61, 0, 18, 7, 27, 15, 13, 4, 16, 1, 1, 0, 3, 3, 23, 17, 39, 3, 42, 38, 31, 30, 2, 4, 63, 6, 51, 45, 37, 44, 0, 0, 0, 9, 67, 66, 35, 0, 10, 14, 21, 13, 1, 0, 7, 16, 15, 12, 40, 20, 5, 11, 1, 0, 5, 0, 18, 17, 34, 24, 29, 6, 20, 15, 4, 0, 1, 3, 23, 7, 4, 44, 38, 56, 12, 43, 6, 14, 17, 70, 62, 5, 25, 27, 26, 7, 9, 33, 0, 1, 0, 20, 7, 0, 34, 7, 0, 20, 10, 28, 3, 37, 11, 40, 9, 9, 5, 27, 0, 10, 19, 41, 1, 11, 13, 11, 5, 22, 8, 13, 2, 7, 19, 9, 31, 5, 45, 43, 37, 51, 41, 74, 14, 56, 27, 36, 59, 11, 75, 47, 16, 8, 0, 2, 10, 8, 9, 61, 28, 20, 9, 73, 71, 33, 64, 1, 70, 57, 55, 26, 63, 1, 5, 16, 5, 6, 12, 1, 6, 3, 7, 4, 5, 4, 2, 2, 2, 6, 2, 20, 1, 50, 45, 41, 36, 6, 30, 15, 14, 43, 13, 48, 23, 3, 12, 17, 28, 49, 21, 26, 29, 19, 21, 67, 49, 71, 16, 20, 9, 8, 21, 35, 22, 24, 66, 33, 73, 61, 13, 3, 30, 0, 59, 23, 19, 54, 29, 64, 21, 32, 49, 8, 9, 60, 46, 5, 69, 58, 55, 18, 25, 38, 2, 32, 39, 72, 40, 44, 54, 60, 53, 4, 52, 7, 42, 22, 3, 4, 3, 33, 0, 3, 2, 10, 15, 8, 2, 6, 0]
convergência = [81, 81, 81, 81, 81, 80, 80, 80, 79, 79, 79, 79, 79, 79, 78, 78, 78, 78, 78, 78, 78, 77, 77, 77, 77, 77, 77, 77, 77, 77, 76, 76, 76, 76, 76, 76, 76, 76, 76, 76, 76, 76, 76, 76, 76, 76, 76, 76, 76, 76, 76, 76, 76, 76, 76, 76, 76, 76, 75, 75, 75, 75, 75, 75, 75, 75, 75, 75, 75, 75, 75, 75, 75, 75, 75, 75, 75, 75, 75, 75, 75, 75, 75, 75, 75, 75, 75, 75, 75, 75, 75, 75, 75, 75, 75, 75, 75, 75, 75, 75, 75, 75, 75, 75, 75, 75, 75, 75, 75, 75, 75, 75, 75, 75, 75, 75, 75, 75, 75, 75, 75, 75, 75, 75, 75, 75, 75, 75, 75, 75, 75, 75, 75, 75, 75, 75, 75, 75, 75, 75, 75, 75, 75, 75, 75, 75, 75, 75, 75, 75, 75, 75, 75, 75, 75, 75, 75, 75, 75, 75, 75, 75, 75, 75, 75, 75, 75, 75, 75, 75, 75, 75, 75, 75, 75, 75, 75, 75, 75, 75, 75, 75]

===== FIM =====
