===== RESULTADO BRKGA L(2,1) =====
Arquivo: /Users/mateuspedrosa/Documents/TCC-II/BRKGA/data/Harwell-Boeing_cleaned/str_200_clean.mtx

----- Execução #1 -----
[INFO] Parou por estagnação.
Tempo de execução: 280016ms
Span (lambda): 68
best_order = [20, 281, 335, 309, 179, 77, 242, 319, 16, 291, 203, 76, 227, 10, 183, 302, 275, 220, 133, 207, 247, 52, 252, 338, 154, 266, 87, 49, 251, 246, 344, 155, 222, 138, 330, 2, 151, 73, 51, 200, 311, 28, 341, 337, 347, 217, 142, 249, 223, 224, 187, 221, 265, 126, 361, 40, 105, 93, 30, 237, 283, 315, 171, 62, 115, 121, 316, 177, 99, 15, 276, 50, 116, 282, 290, 59, 216, 326, 293, 269, 259, 91, 153, 329, 196, 362, 300, 135, 134, 248, 327, 277, 7, 72, 45, 172, 8, 191, 54, 267, 273, 230, 307, 188, 272, 234, 240, 47, 110, 139, 318, 197, 37, 23, 158, 289, 106, 202, 78, 61, 80, 357, 268, 129, 57, 353, 176, 117, 166, 107, 140, 68, 27, 301, 137, 108, 104, 71, 178, 322, 351, 190, 241, 260, 320, 136, 193, 243, 60, 324, 229, 198, 256, 201, 97, 254, 356, 56, 143, 284, 144, 250, 228, 360, 58, 156, 34, 19, 174, 313, 225, 286, 226, 95, 69, 90, 211, 152, 26, 103, 185, 239, 199, 167, 339, 312, 159, 164, 150, 219, 359, 96, 209, 118, 17, 123, 100, 21, 22, 157, 162, 345, 332, 132, 173, 170, 346, 328, 44, 102, 308, 41, 244, 355, 147, 184, 42, 186, 314, 161, 125, 11, 331, 24, 63, 255, 94, 131, 9, 180, 14, 165, 181, 280, 98, 13, 130, 86, 145, 85, 36, 232, 298, 287, 299, 342, 306, 305, 296, 66, 128, 25, 264, 182, 4, 79, 257, 67, 149, 238, 253, 271, 245, 114, 81, 235, 169, 270, 236, 349, 89, 343, 348, 218, 127, 38, 206, 64, 32, 358, 29, 101, 304, 195, 35, 18, 262, 194, 274, 303, 119, 33, 88, 109, 258, 214, 141, 189, 340, 321, 48, 294, 285, 120, 3, 350, 310, 31, 333, 83, 213, 204, 278, 352, 160, 263, 12, 210, 231, 92, 5, 82, 233, 55, 215, 46, 317, 192, 65, 295, 212, 297, 1, 39, 208, 74, 292, 113, 334, 0, 124, 288, 70, 75, 163, 146, 205, 112, 175, 6, 84, 323, 122, 336, 43, 168, 148, 261, 354, 325, 53, 279, 111]
labeling = [1, 15, 6, 53, 45, 61, 66, 23, 28, 41, 6, 55, 59, 44, 43, 25, 4, 33, 58, 2, 0, 3, 12, 0, 0, 3, 5, 3, 16, 0, 17, 1, 0, 3, 30, 57, 47, 2, 5, 7, 2, 12, 6, 54, 7, 21, 9, 8, 3, 0, 3, 1, 3, 10, 7, 67, 21, 18, 22, 14, 19, 15, 10, 28, 51, 68, 47, 61, 36, 33, 17, 16, 13, 3, 64, 1, 0, 0, 0, 1, 17, 13, 8, 5, 0, 53, 52, 4, 30, 32, 7, 1, 28, 7, 34, 4, 49, 7, 7, 0, 11, 4, 12, 0, 4, 5, 1, 1, 37, 42, 14, 65, 44, 57, 18, 23, 24, 17, 50, 43, 33, 10, 51, 15, 13, 6, 1, 2, 60, 34, 1, 56, 25, 0, 26, 0, 0, 1, 1, 29, 35, 52, 8, 1, 10, 8, 14, 0, 13, 4, 19, 0, 14, 3, 2, 0, 8, 5, 4, 9, 8, 8, 5, 1, 39, 51, 14, 20, 62, 23, 21, 8, 11, 47, 43, 68, 28, 13, 18, 0, 4, 5, 16, 0, 22, 0, 0, 4, 4, 1, 25, 16, 26, 12, 52, 57, 9, 19, 7, 8, 0, 39, 2, 1, 17, 61, 12, 0, 21, 7, 7, 4, 8, 13, 2, 6, 3, 2, 31, 32, 8, 22, 13, 19, 21, 45, 47, 4, 43, 41, 30, 61, 57, 66, 10, 40, 31, 5, 2, 48, 24, 38, 3, 40, 54, 63, 12, 5, 27, 20, 46, 11, 9, 62, 42, 15, 10, 20, 10, 7, 39, 5, 5, 27, 3, 1, 1, 6, 13, 12, 24, 19, 11, 2, 6, 7, 23, 29, 30, 43, 56, 1, 24, 15, 44, 65, 42, 58, 35, 33, 12, 2, 55, 25, 38, 16, 36, 63, 38, 54, 26, 37, 5, 3, 40, 60, 59, 31, 48, 2, 55, 6, 0, 4, 36, 2, 22, 59, 32, 3, 31, 54, 34, 55, 6, 38, 5, 16, 25, 9, 15, 19, 45, 46, 47, 0, 68, 17, 10, 49, 64, 16, 50, 53, 14, 51, 52, 18, 38, 35, 12, 3, 10, 26, 11, 9, 8, 27, 3, 31, 1, 1, 0]
convergência = [76, 75, 75, 75, 73, 73, 73, 73, 73, 73, 73, 71, 71, 71, 71, 71, 71, 71, 71, 71, 70, 70, 70, 70, 70, 70, 70, 70, 70, 70, 70, 70, 69, 69, 69, 69, 69, 69, 69, 69, 69, 69, 69, 69, 69, 68, 68, 68, 68, 68, 68, 68, 68, 68, 68, 68, 68, 68, 68, 68, 68, 68, 68, 68, 68, 68, 68, 68, 68, 68, 68, 68, 68, 68, 68, 68, 68, 68, 68, 68, 68, 68, 68, 68, 68, 68, 68, 68, 68, 68, 68, 68, 68, 68, 68, 68, 68, 68, 68, 68, 68, 68, 68, 68, 68, 68, 68, 68, 68, 68, 68, 68, 68, 68, 68, 68, 68, 68, 68, 68, 68, 68, 68, 68, 68, 68, 68, 68, 68, 68, 68, 68, 68, 68, 68, 68, 68, 68, 68, 68, 68, 68, 68, 68, 68, 68, 68, 68, 68, 68, 68, 68, 68, 68, 68, 68, 68, 68, 68, 68, 68, 68, 68, 68, 68, 68, 68, 68, 68]

===== FIM =====
