===== RESULTADO BRKGA L(2,1) =====
Arquivo: /Users/mateuspedrosa/Documents/TCC-II/BRKGA/data/Harwell-Boeing_cleaned/str_0_clean.mtx

----- Execução #1 -----
[INFO] Parou por estagnação.
Tempo de execução: 183023ms
Span (lambda): 52
best_order = [89, 6, 68, 119, 102, 170, 59, 34, 70, 42, 112, 362, 288, 279, 285, 252, 100, 55, 242, 17, 79, 160, 317, 294, 257, 187, 289, 40, 261, 286, 158, 309, 278, 342, 282, 125, 353, 43, 357, 92, 280, 124, 246, 11, 8, 201, 253, 32, 57, 255, 361, 275, 343, 36, 41, 240, 308, 153, 312, 85, 31, 161, 273, 171, 51, 227, 86, 220, 356, 320, 60, 305, 195, 109, 162, 245, 185, 188, 46, 208, 243, 244, 339, 327, 203, 233, 156, 76, 65, 213, 249, 103, 63, 266, 7, 152, 72, 88, 281, 326, 45, 334, 335, 319, 91, 283, 13, 178, 290, 347, 274, 298, 284, 120, 330, 133, 164, 197, 172, 15, 223, 321, 193, 358, 26, 247, 165, 248, 129, 241, 207, 167, 99, 135, 299, 221, 134, 292, 56, 205, 90, 25, 329, 360, 318, 137, 322, 48, 226, 52, 98, 54, 121, 37, 139, 61, 131, 96, 212, 222, 295, 0, 82, 346, 174, 16, 143, 71, 3, 176, 293, 198, 271, 115, 33, 127, 177, 10, 314, 218, 116, 214, 204, 277, 256, 215, 190, 113, 297, 306, 39, 216, 78, 47, 269, 301, 217, 270, 219, 24, 229, 328, 44, 313, 236, 148, 168, 355, 19, 1, 20, 18, 307, 118, 234, 157, 69, 154, 181, 323, 316, 38, 267, 231, 83, 107, 23, 199, 296, 140, 104, 263, 28, 345, 311, 67, 141, 260, 235, 130, 50, 74, 276, 239, 138, 123, 73, 128, 64, 225, 251, 337, 75, 22, 333, 106, 206, 338, 349, 146, 62, 126, 101, 300, 184, 149, 254, 114, 191, 5, 336, 344, 209, 142, 200, 304, 192, 179, 163, 265, 94, 80, 237, 108, 196, 175, 66, 58, 77, 145, 315, 202, 29, 9, 228, 144, 105, 348, 351, 331, 111, 21, 332, 4, 310, 341, 173, 352, 166, 87, 189, 325, 250, 151, 27, 262, 132, 210, 264, 84, 302, 272, 259, 93, 211, 224, 81, 35, 238, 354, 303, 232, 169, 324, 117, 2, 147, 359, 287, 186, 340, 53, 97, 182, 14, 30, 194, 183, 258, 291, 110, 122, 95, 155, 268, 136, 159, 350, 49, 180, 12, 150, 230]
labeling = [1, 3, 3, 3, 39, 33, 0, 11, 10, 40, 31, 5, 52, 13, 51, 22, 23, 2, 32, 8, 6, 6, 15, 3, 3, 3, 9, 3, 8, 15, 3, 3, 3, 3, 1, 41, 18, 20, 7, 5, 0, 1, 3, 0, 0, 12, 5, 14, 2, 14, 4, 1, 4, 4, 8, 8, 37, 18, 47, 2, 22, 38, 45, 28, 43, 23, 46, 41, 1, 40, 4, 3, 3, 3, 4, 29, 4, 3, 29, 3, 29, 8, 4, 29, 29, 20, 21, 42, 15, 0, 1, 4, 2, 11, 3, 4, 39, 5, 3, 10, 6, 3, 0, 3, 3, 4, 11, 8, 4, 2, 45, 33, 3, 32, 31, 12, 13, 52, 30, 0, 11, 29, 44, 38, 5, 4, 4, 5, 5, 10, 5, 5, 6, 5, 6, 4, 9, 4, 9, 14, 28, 37, 43, 4, 2, 21, 1, 3, 3, 6, 46, 9, 3, 2, 14, 8, 15, 7, 4, 3, 0, 0, 2, 5, 20, 21, 38, 22, 29, 47, 2, 0, 1, 39, 11, 31, 28, 14, 12, 8, 15, 5, 8, 27, 8, 4, 6, 4, 10, 15, 10, 15, 24, 6, 40, 3, 37, 23, 9, 8, 19, 2, 9, 8, 4, 13, 15, 5, 1, 23, 6, 19, 6, 4, 6, 10, 7, 8, 24, 28, 8, 15, 21, 4, 23, 11, 7, 1, 13, 2, 20, 12, 22, 5, 10, 44, 10, 7, 4, 48, 19, 36, 9, 25, 26, 24, 16, 34, 35, 27, 50, 49, 7, 17, 30, 6, 19, 1, 12, 22, 9, 1, 7, 6, 36, 21, 8, 18, 48, 9, 17, 0, 34, 3, 4, 1, 46, 39, 2, 0, 14, 30, 13, 31, 32, 5, 12, 52, 4, 11, 10, 26, 25, 7, 6, 6, 6, 19, 9, 16, 23, 17, 25, 35, 24, 22, 40, 41, 21, 6, 26, 20, 0, 10, 24, 35, 42, 5, 25, 16, 9, 17, 26, 34, 51, 45, 18, 7, 33, 18, 17, 21, 36, 19, 10, 20, 28, 26, 27, 16, 47, 37, 7, 15, 44, 43, 38, 29, 35, 25, 6, 9, 3, 8, 1, 1, 1, 7, 2, 42, 3, 1, 0]
convergência = [58, 58, 58, 58, 58, 58, 58, 58, 57, 57, 57, 57, 56, 56, 56, 56, 55, 55, 55, 55, 55, 55, 55, 55, 55, 55, 55, 55, 54, 54, 54, 54, 53, 53, 53, 53, 53, 52, 52, 52, 52, 52, 52, 52, 52, 52, 52, 52, 52, 52, 52, 52, 52, 52, 52, 52, 52, 52, 52, 52, 52, 52, 52, 52, 52, 52, 52, 52, 52, 52, 52, 52, 52, 52, 52, 52, 52, 52, 52, 52, 52, 52, 52, 52, 52, 52, 52, 52, 52, 52, 52, 52, 52, 52, 52, 52, 52, 52, 52, 52, 52, 52, 52, 52, 52, 52, 52, 52, 52, 52, 52, 52, 52, 52, 52, 52, 52, 52, 52, 52, 52, 52, 52, 52, 52, 52, 52, 52, 52, 52, 52, 52, 52, 52, 52, 52, 52, 52, 52, 52, 52, 52, 52, 52, 52, 52, 52, 52, 52, 52, 52, 52, 52, 52, 52, 52, 52, 52, 52, 52, 52]

===== FIM =====
