===== RESULTADO BRKGA L(2,1) =====
Arquivo: /Users/mateuspedrosa/Documents/TCC-II/BRKGA/data/Harwell-Boeing_cleaned/str_400_clean.mtx

----- Execução #1 -----
[INFO] Parou por estagnação.
Tempo de execução: 489439ms
Span (lambda): 72
best_order = [84, 245, 343, 57, 264, 142, 242, 269, 29, 359, 279, 16, 338, 221, 66, 83, 302, 168, 175, 270, 345, 248, 249, 74, 222, 305, 214, 192, 316, 275, 322, 256, 344, 212, 40, 228, 79, 347, 130, 243, 285, 231, 60, 33, 69, 78, 180, 47, 106, 284, 220, 92, 102, 267, 36, 342, 223, 287, 128, 169, 82, 90, 70, 319, 324, 313, 254, 116, 306, 89, 298, 112, 98, 207, 210, 188, 139, 295, 155, 320, 63, 268, 14, 108, 7, 27, 12, 247, 41, 44, 208, 13, 225, 138, 148, 325, 297, 126, 2, 15, 132, 161, 311, 72, 0, 239, 28, 191, 244, 159, 350, 141, 304, 241, 77, 17, 260, 56, 143, 218, 96, 354, 293, 193, 190, 62, 289, 158, 206, 235, 136, 113, 133, 198, 125, 119, 179, 262, 32, 181, 348, 200, 358, 234, 296, 281, 266, 331, 151, 189, 123, 290, 46, 317, 9, 321, 114, 55, 154, 8, 140, 75, 273, 105, 131, 91, 129, 147, 238, 50, 101, 184, 86, 11, 53, 162, 117, 253, 24, 227, 30, 135, 277, 318, 76, 51, 334, 26, 237, 164, 314, 346, 45, 87, 328, 22, 48, 336, 339, 232, 104, 97, 257, 144, 167, 185, 307, 23, 286, 73, 1, 187, 219, 49, 68, 312, 186, 246, 294, 356, 177, 265, 341, 165, 292, 274, 118, 121, 283, 362, 146, 107, 171, 211, 20, 300, 308, 259, 303, 64, 230, 39, 34, 115, 217, 233, 272, 353, 152, 173, 99, 261, 160, 352, 103, 65, 327, 178, 10, 199, 349, 137, 255, 122, 355, 271, 299, 124, 93, 18, 330, 38, 301, 134, 172, 149, 333, 80, 252, 52, 309, 194, 100, 351, 59, 282, 170, 310, 280, 163, 250, 204, 109, 58, 3, 4, 329, 174, 335, 240, 120, 361, 288, 340, 95, 111, 182, 201, 337, 43, 42, 153, 276, 332, 71, 54, 197, 203, 226, 88, 61, 357, 150, 209, 37, 213, 35, 157, 202, 19, 224, 196, 360, 229, 315, 127, 6, 183, 326, 236, 156, 291, 263, 110, 5, 251, 205, 145, 25, 216, 81, 67, 21, 31, 94, 258, 215, 176, 166, 195, 278, 85, 323]
labeling = [0, 16, 11, 32, 48, 61, 62, 24, 26, 39, 60, 45, 13, 14, 27, 34, 6, 25, 57, 2, 8, 11, 12, 19, 5, 1, 2, 7, 36, 2, 44, 35, 9, 1, 47, 59, 23, 70, 3, 7, 4, 16, 5, 35, 1, 41, 11, 2, 5, 10, 3, 9, 6, 1, 20, 39, 17, 2, 57, 52, 7, 60, 34, 14, 48, 59, 5, 69, 53, 13, 1, 10, 1, 11, 8, 36, 15, 1, 3, 4, 1, 8, 1, 0, 0, 70, 45, 47, 64, 10, 1, 14, 3, 31, 54, 3, 41, 4, 0, 11, 3, 0, 0, 4, 0, 0, 0, 5, 32, 50, 48, 64, 30, 18, 14, 25, 29, 17, 55, 36, 24, 49, 47, 13, 8, 9, 4, 15, 20, 43, 21, 42, 15, 15, 63, 9, 0, 11, 3, 31, 40, 16, 1, 7, 2, 15, 14, 2, 0, 0, 69, 2, 7, 16, 21, 5, 18, 20, 7, 7, 4, 0, 6, 6, 39, 49, 66, 46, 1, 5, 13, 52, 59, 50, 64, 7, 72, 47, 51, 11, 0, 12, 6, 22, 15, 22, 0, 19, 2, 4, 8, 4, 3, 6, 17, 70, 67, 48, 3, 1, 7, 58, 12, 4, 10, 65, 4, 2, 5, 15, 4, 2, 0, 8, 2, 9, 0, 7, 22, 52, 15, 2, 5, 17, 70, 23, 64, 47, 13, 69, 57, 14, 48, 58, 8, 11, 3, 0, 44, 35, 6, 38, 3, 22, 37, 0, 54, 33, 11, 12, 65, 71, 56, 46, 28, 8, 2, 1, 9, 8, 39, 11, 3, 18, 0, 5, 12, 5, 3, 0, 1, 5, 12, 3, 6, 16, 17, 15, 69, 5, 63, 28, 62, 40, 25, 24, 30, 26, 52, 31, 21, 38, 32, 20, 29, 0, 20, 4, 7, 44, 33, 53, 3, 38, 20, 6, 27, 42, 43, 60, 62, 22, 2, 0, 24, 1, 14, 19, 34, 11, 9, 33, 10, 54, 20, 21, 37, 35, 32, 47, 61, 13, 56, 23, 48, 66, 50, 68, 8, 51, 67, 55, 10, 1, 18, 9, 49, 19, 29, 30, 0, 12, 9, 26, 1, 4, 1, 40, 2, 4, 0, 8, 6]
convergência = [80, 78, 78, 77, 77, 77, 77, 77, 77, 77, 77, 77, 77, 77, 77, 77, 76, 76, 76, 76, 76, 76, 76, 76, 76, 75, 75, 75, 75, 74, 74, 74, 74, 74, 74, 74, 74, 74, 74, 74, 74, 74, 74, 74, 73, 73, 73, 73, 73, 73, 73, 73, 73, 73, 73, 73, 73, 73, 73, 73, 73, 73, 73, 73, 73, 73, 73, 73, 73, 73, 73, 73, 73, 73, 73, 73, 73, 73, 73, 73, 73, 73, 73, 73, 73, 73, 73, 73, 73, 73, 73, 73, 73, 73, 73, 73, 73, 73, 73, 73, 73, 73, 73, 73, 73, 73, 73, 73, 73, 73, 73, 73, 73, 73, 73, 73, 73, 73, 73, 73, 73, 73, 73, 73, 73, 73, 73, 73, 73, 73, 73, 73, 73, 73, 73, 73, 73, 73, 73, 73, 73, 73, 73, 73, 73, 73, 73, 73, 73, 73, 73, 73, 73, 73, 73, 73, 73, 73, 73, 72, 72, 72, 72, 72, 72, 72, 72, 72, 72, 72, 72, 72, 72, 72, 72, 72, 72, 72, 72, 72, 72, 72, 72, 72, 72, 72, 72, 72, 72, 72, 72, 72, 72, 72, 72, 72, 72, 72, 72, 72, 72, 72, 72, 72, 72, 72, 72, 72, 72, 72, 72, 72, 72, 72, 72, 72, 72, 72, 72, 72, 72, 72, 72, 72, 72, 72, 72, 72, 72, 72, 72, 72, 72, 72, 72, 72, 72, 72, 72, 72, 72, 72, 72, 72, 72, 72, 72, 72, 72, 72, 72, 72, 72, 72, 72, 72, 72, 72, 72, 72, 72, 72, 72, 72, 72, 72, 72, 72, 72, 72, 72, 72, 72, 72, 72, 72, 72, 72, 72, 72, 72, 72, 72]

===== FIM =====
