===== RESULTADO BRKGA L(2,1) =====
Arquivo: /Users/mateuspedrosa/Documents/TCC-II/BRKGA/data/Harwell-Boeing_cleaned/watt_2_clean.mtx

----- Execução #1 -----
[INFO] Parou por estagnação.
Tempo de execução: 126470ms
Span (lambda): 128
best_order = [736, 632, 1450, 1090, 44, 1843, 515, 1275, 1292, 1256, 1776, 249, 230, 1375, 20, 644, 1246, 1813, 1578, 292, 1805, 900, 1778, 310, 492, 1364, 1775, 1651, 1508, 1005, 748, 1203, 1614, 1545, 753, 300, 1415, 160, 618, 973, 827, 1621, 404, 58, 1445, 1389, 1371, 1761, 48, 927, 1165, 1239, 296, 684, 1107, 1084, 1229, 175, 1574, 1582, 1618, 961, 811, 638, 1058, 477, 189, 414, 1829, 54, 1715, 1231, 1831, 1700, 734, 1497, 524, 146, 436, 1046, 832, 481, 371, 1812, 1631, 1772, 1504, 903, 1456, 1544, 1523, 1034, 512, 376, 814, 1454, 609, 1188, 362, 1546, 1015, 640, 1581, 593, 666, 1763, 1692, 264, 1180, 56, 1232, 1426, 41, 651, 1708, 937, 1530, 835, 875, 1201, 1662, 288, 867, 1731, 1671, 109, 1423, 1267, 1799, 1533, 1031, 104, 1297, 38, 1122, 1793, 240, 727, 1509, 1439, 1096, 469, 1755, 1532, 88, 1617, 1183, 239, 561, 801, 1079, 856, 1205, 592, 70, 1528, 1320, 702, 1704, 1043, 28, 934, 1691, 1599, 1368, 1049, 1234, 1321, 1247, 1191, 1323, 173, 197, 661, 57, 897, 451, 1398, 1106, 1470, 1575, 853, 161, 1226, 729, 949, 674, 712, 209, 271, 1819, 1230, 253, 548, 921, 446, 269, 192, 339, 933, 758, 1178, 1489, 812, 298, 840, 682, 550, 1241, 1194, 169, 992, 1300, 1029, 560, 1750, 155, 234, 1711, 1681, 603, 957, 746, 998, 1118, 1035, 721, 1243, 914, 1009, 1266, 167, 1559, 1333, 1120, 84, 798, 1198, 1434, 641, 1306, 328, 1572, 1403, 1340, 25, 1547, 495, 664, 1248, 131, 1762, 1037, 1407, 147, 1208, 1388, 1828, 1351, 1679, 1569, 963, 614, 799, 1235, 401, 1338, 1751, 259, 1707, 475, 1535, 1441, 396, 1373, 1825, 387, 1127, 1362, 1694, 1387, 776, 1143, 960, 397, 1446, 892, 976, 683, 932, 829, 879, 1814, 659, 1394, 821, 286, 718, 1007, 930, 1816, 392, 608, 1336, 955, 624, 1214, 848, 1149, 1718, 1396, 184, 1327, 297, 1468, 569, 1433, 1151, 1839, 50, 854, 595, 216, 156, 582, 222, 1298, 1749, 1688, 1172, 522, 301, 23, 1794, 1257, 589, 1474, 126, 1505, 15, 1498, 694, 1491, 1592, 723, 1175, 1758, 568, 1431, 317, 1648, 36, 1698, 1391, 426, 268, 1125, 1510, 1655, 1410, 49, 634, 304, 208, 981, 1480, 1283, 891, 1147, 435, 417, 1736, 188, 402, 144, 1080, 1637, 1437, 1042, 834, 129, 1562, 606, 691, 65, 837, 1282, 425, 517, 658, 441, 178, 547, 1570, 320, 321, 1334, 119, 333, 1218, 1765, 868, 513, 1395, 1126, 491, 1629, 701, 1425, 928, 1157, 367, 72, 101, 1516, 1140, 1020, 291, 1610, 1296, 62, 1488, 1585, 541, 1244, 280, 1011, 1624, 1442, 403, 448, 1404, 880, 767, 163, 483, 141, 895, 1625, 952, 18, 689, 1137, 1052, 861, 965, 1134, 389, 411, 1187, 1350, 818, 341, 1087, 1065, 1769, 935, 1271, 183, 1224, 1628, 1466, 743, 115, 1584, 207, 1040, 314, 1082, 1611, 66, 59, 92, 692, 1435, 576, 1596, 1660, 357, 1841, 1785, 1675, 598, 463, 1836, 338, 450, 1835, 1826, 1602, 782, 807, 1458, 154, 1083, 1196, 1800, 1133, 179, 1190, 845, 986, 265, 394, 1414, 1081, 1284, 1217, 318, 596, 1089, 215, 1376, 720, 747, 1268, 1791, 1177, 918, 1659, 1770, 138, 781, 1110, 274, 413, 1138, 1161, 874, 1352, 1542, 327, 165, 1342, 287, 942, 299, 1254, 870, 379, 785, 1379, 1021, 575, 759, 671, 1103, 1820, 19, 1455, 1412, 1317, 420, 1155, 654, 1555, 1802, 174, 487, 770, 1598, 1748, 228, 110, 242, 922, 1219, 293, 100, 332, 1310, 405, 373, 1515, 330, 716, 953, 672, 1730, 1413, 1047, 1063, 225, 355, 803, 1264, 1397, 1238, 1326, 665, 494, 123, 1206, 865, 1663, 336, 1359, 1117, 352, 1666, 421, 1382, 458, 711, 617, 690, 1719, 1757, 80, 440, 612, 974, 1314, 913, 570, 99, 34, 1148, 486, 1242, 1543, 79, 1639, 1341, 1179, 813, 1192, 1092, 1290, 95, 316, 959, 1657, 1561, 1136, 1716, 374, 679, 762, 1853, 1216, 566, 12, 1850, 16, 591, 1440, 261, 1123, 311, 555, 1766, 152, 5, 1773, 563, 1607, 1222, 1060, 325, 295, 324, 37, 1556, 972, 1554, 857, 1008, 1104, 1486, 1548, 615, 498, 1746, 1285, 353, 149, 1309, 1626, 493, 1428, 988, 1635, 1557, 206, 1502, 506, 46, 805, 869, 1821, 238, 703, 995, 465, 1703, 586, 31, 1788, 1000, 1734, 1332, 1552, 1130, 1115, 1536, 695, 113, 1680, 1033, 1702, 408, 780, 1645, 1493, 1685, 1564, 536, 63, 792, 229, 950, 1520, 1727, 120, 1153, 1597, 361, 1061, 1424, 1315, 1777, 1113, 437, 941, 194, 233, 1854, 533, 967, 1804, 623, 1353, 1790, 1174, 1811, 1623, 345, 130, 107, 822, 1513, 983, 75, 181, 1436, 621, 474, 859, 980, 828, 1308, 1197, 538, 266, 838, 1102, 940, 1658, 896, 1577, 1517, 1494, 580, 1834, 384, 906, 273, 235, 1706, 1262, 1529, 1006, 946, 40, 1464, 1039, 1432, 1670, 599, 675, 1166, 1358, 1732, 83, 635, 650, 911, 1028, 530, 482, 1590, 1032, 466, 224, 619, 1745, 337, 90, 1112, 247, 989, 354, 444, 1701, 1390, 652, 1170, 305, 1207, 170, 939, 1576, 1810, 653, 1202, 1605, 1524, 1370, 480, 312, 971, 1303, 497, 806, 499, 1653, 1638, 1452, 262, 1693, 931, 1519, 823, 1534, 1501, 467, 1195, 1717, 1723, 1448, 1176, 1461, 605, 1003, 1771, 289, 1286, 929, 438, 669, 881, 1677, 223, 1302, 22, 745, 1044, 714, 472, 427, 32, 795, 1573, 1768, 1538, 1405, 53, 1288, 656, 250, 1001, 1676, 365, 752, 1571, 557, 923, 1251, 464, 1737, 350, 579, 1055, 1837, 1462, 136, 630, 509, 1186, 1725, 713, 1537, 766, 257, 1684, 195, 1823, 1048, 1672, 756, 103, 260, 114, 817, 1507, 1255, 347, 180, 106, 681, 1237, 769, 1531, 71, 1774, 1787, 1304, 602, 601, 764, 501, 885, 871, 13, 1634, 78, 1400, 970, 137, 488, 445, 1142, 1541, 904, 1319, 883, 172, 177, 1683, 1710, 648, 1101, 176, 1013, 744, 198, 757, 61, 844, 760, 368, 307, 203, 1475, 588, 647, 52, 777, 872, 210, 866, 717, 969, 670, 406, 1253, 649, 1109, 1583, 878, 546, 1363, 926, 1249, 219, 1372, 719, 1100, 551, 1085, 796, 429, 400, 860, 673, 218, 51, 460, 616, 245, 1, 1059, 540, 1116, 622, 789, 660, 1612, 887, 2, 1365, 1636, 1789, 562, 419, 1277, 217, 1335, 1654, 1420, 1378, 1713, 1167, 1280, 1481, 1720, 1024, 303, 1722, 1803, 732, 820, 905, 587, 202, 993, 1786, 399, 1490, 157, 151, 1097, 825, 1550, 489, 893, 395, 954, 991, 1656, 96, 816, 1260, 510, 449, 1767, 685, 731, 256, 142, 1847, 1272, 1712, 423, 1511, 1587, 559, 93, 523, 705, 833, 122, 1263, 447, 319, 1852, 1088, 139, 1797, 815, 912, 964, 1601, 1383, 1643, 457, 626, 1057, 248, 979, 1521, 948, 456, 1071, 516, 529, 1223, 1844, 236, 381, 1467, 526, 214, 356, 700, 1233, 1709, 407, 1210, 1487, 331, 30, 783, 1759, 431, 1374, 1747, 1162, 697, 370, 1339, 977, 810, 915, 1215, 1840, 348, 1185, 962, 43, 1644, 797, 1754, 1121, 1764, 1274, 1168, 283, 852, 521, 899, 920, 430, 804, 1036, 1182, 1041, 1408, 200, 1305, 1459, 765, 1019, 531, 1307, 1259, 944, 1686, 1673, 1744, 366, 505, 1591, 1558, 527, 876, 855, 1124, 415, 1343, 894, 1228, 590, 704, 909, 1595, 1105, 999, 1447, 1193, 1361, 309, 737, 990, 375, 1551, 1324, 323, 686, 45, 1068, 459, 1444, 824, 901, 544, 1312, 35, 1756, 597, 281, 153, 1181, 584, 1356, 372, 1588, 1139, 1422, 1457, 232, 1832, 26, 1357, 455, 1613, 677, 148, 1652, 836, 1346, 1077, 841, 1325, 773, 724, 77, 1809, 1291, 1667, 1842, 982, 7, 1792, 285, 17, 863, 255, 849, 1476, 1721, 847, 1027, 862, 187, 1072, 1160, 1740, 846, 1154, 351, 642, 329, 1252, 1615, 1522, 64, 409, 994, 1565, 478, 476, 246, 349, 1806, 380, 864, 276, 1687, 1579, 27, 943, 1697, 1114, 132, 564, 1838, 1108, 1566, 888, 418, 6, 877, 902, 761, 581, 968, 1038, 643, 1726, 212, 1402, 344, 886, 730, 1665, 1074, 1417, 1016, 708, 1620, 1062, 1817, 1212, 284, 553, 554, 710, 1322, 1674, 925, 1641, 1580, 1647, 657, 10, 1347, 1330, 1053, 646, 830, 1132, 1337, 779, 410, 4, 1289, 1209, 535, 127, 1669, 1649, 1430, 182, 308, 490, 808, 1014, 1815, 908, 69, 556, 168, 1366, 1163, 1855, 1471, 453, 1429, 1661, 631, 936, 133, 627, 1807, 1500, 858, 1818, 377, 29, 775, 850, 1010, 1367, 424, 525, 613, 1328, 306, 1131, 687, 81, 735, 254, 1150, 1586, 134, 205, 343, 385, 1783, 221, 1752, 252, 794, 707, 1483, 1492, 1563, 1739, 1827, 1419, 519, 1477, 628, 1600, 1381, 898, 1411, 680, 1213, 227, 391, 85, 1484, 302, 1724, 1164, 1801, 542, 793, 1453, 543, 741, 1056, 1553, 534, 1549, 696, 9, 432, 678, 1619, 594, 1204, 461, 158, 577, 1808, 1384, 1735, 558, 1067, 1512, 1091, 786, 958, 1479, 213, 733, 1316, 956, 164, 739, 496, 1784, 1527, 945, 313, 662, 1369, 1833, 1418, 1496, 1851, 784, 1729, 1199, 890, 60, 978, 574, 1738, 277, 1741, 231, 1478, 125, 185, 1171, 620, 186, 1220, 1460, 428, 676, 1200, 258, 470, 984, 502, 1830, 364, 819, 1269, 504, 1261, 116, 693, 454, 1499, 610, 1265, 360, 1279, 55, 196, 1355, 910, 1714, 166, 118, 740, 629, 1301, 552, 82, 1795, 508, 1344, 382, 985, 358, 639, 1141, 267, 1594, 378, 1095, 452, 94, 150, 1525, 1273, 1184, 1189, 241, 201, 1022, 199, 755, 1696, 290, 749, 484, 39, 1313, 573, 383, 1393, 1406, 839, 439, 340, 851, 1349, 1427, 105, 528, 1779, 393, 244, 1227, 108, 532, 462, 1345, 98, 226, 335, 1640, 334, 24, 1070, 1385, 1728, 537, 1646, 1360, 322, 572, 263, 754, 1066, 1848, 1377, 1603, 1025, 996, 251, 633, 21, 726, 68, 951, 826, 1399, 520, 1225, 1627, 1485, 742, 1401, 204, 1849, 275, 1606, 843, 919, 171, 706, 89, 1045, 1076, 433, 1099, 565, 545, 1152, 788, 611, 442, 1642, 468, 600, 1451, 1245, 882, 1287, 637, 97, 135, 14, 1503, 1293, 1781, 8, 500, 1699, 688, 514, 1156, 1589, 1094, 124, 802, 1568, 1086, 1144, 1392, 326, 1443, 578, 1416, 193, 751, 938, 771, 1331, 663, 1002, 145, 1146, 916, 1664, 121, 422, 1650, 699, 1560, 511, 1482, 1845, 1526, 1380, 750, 471, 842, 47, 112, 1798, 1822, 388, 1409, 1514, 1111, 1609, 117, 1159, 346, 162, 1469, 272, 583, 1690, 800, 1169, 342, 128, 390, 1278, 1250, 1622, 1054, 1348, 585, 636, 1760, 416, 211, 1782, 1633, 1026, 1093, 1846, 479, 1567, 1463, 907, 1051, 1281, 889, 975, 1506, 87, 1004, 143, 1668, 443, 873, 3, 294, 698, 1050, 539, 787, 1780, 1276, 1473, 1211, 159, 1678, 1145, 1616, 607, 1329, 1753, 1294, 778, 1128, 1449, 768, 772, 1632, 237, 1135, 140, 1018, 1540, 1295, 604, 1608, 386, 831, 76, 1518, 774, 738, 190, 1593, 1630, 667, 1472, 73, 884, 359, 315, 987, 1743, 102, 1236, 1689, 191, 668, 279, 1069, 1017, 1465, 518, 725, 434, 363, 1119, 473, 74, 42, 728, 809, 549, 111, 715, 1421, 278, 91, 966, 947, 567, 1258, 1030, 412, 1604, 220, 86, 1311, 1682, 1064, 625, 282, 369, 1173, 1733, 1539, 1705, 1742, 1075, 1386, 243, 67, 1078, 11, 1318, 1098, 791, 398, 1299, 1824, 1438, 924, 1495, 571, 1270, 655, 503, 917, 485, 1354, 763, 1012, 997, 709, 1073, 1796, 1023, 1695, 1129, 790, 507, 270, 1221, 645, 33, 722, 1240, 1158, 0]
labeling = [128, 67, 68, 115, 84, 43, 82, 78, 108, 90, 83, 125, 41, 62, 106, 19, 42, 79, 27, 32, 1, 103, 55, 17, 102, 15, 76, 81, 12, 87, 72, 46, 56, 126, 38, 75, 20, 44, 9, 98, 52, 6, 120, 73, 0, 74, 45, 111, 3, 21, 16, 66, 65, 57, 4, 94, 5, 13, 2, 30, 91, 64, 26, 48, 80, 22, 29, 124, 104, 86, 11, 60, 24, 117, 119, 51, 116, 77, 63, 39, 36, 88, 96, 53, 14, 89, 123, 114, 10, 105, 54, 122, 31, 70, 97, 40, 69, 107, 101, 37, 34, 25, 118, 58, 8, 99, 61, 50, 100, 7, 33, 121, 112, 47, 59, 28, 93, 113, 95, 23, 49, 110, 71, 35, 109, 92, 18, 85, 4, 2, 6, 0, 3, 5, 1, 6, 6, 8, 4, 9, 13, 2, 4, 9, 2, 13, 0, 3, 6, 0, 14, 7, 7, 9, 6, 1, 4, 8, 10, 12, 0, 2, 10, 5, 12, 6, 13, 3, 13, 4, 7, 2, 10, 1, 5, 0, 9, 6, 1, 4, 6, 8, 2, 4, 2, 8, 10, 7, 3, 0, 7, 10, 1, 10, 3, 5, 7, 0, 3, 8, 9, 12, 7, 2, 11, 9, 6, 2, 5, 1, 9, 13, 1, 12, 8, 5, 3, 11, 2, 7, 16, 14, 4, 1, 9, 6, 13, 11, 3, 9, 0, 10, 11, 8, 0, 9, 5, 15, 7, 2, 1, 10, 5, 13, 1, 10, 13, 8, 7, 0, 3, 11, 8, 2, 9, 6, 8, 6, 13, 1, 9, 4, 7, 10, 0, 3, 11, 14, 3, 1, 16, 0, 12, 8, 6, 16, 5, 15, 13, 3, 6, 0, 15, 10, 8, 11, 2, 6, 2, 10, 8, 4, 0, 7, 14, 4, 0, 5, 3, 6, 2, 4, 11, 9, 3, 7, 12, 8, 14, 12, 0, 5, 5, 9, 1, 4, 0, 5, 3, 1, 5, 0, 2, 7, 5, 2, 14, 1, 2, 13, 9, 12, 8, 6, 12, 7, 7, 10, 4, 1, 10, 3, 5, 10, 9, 3, 11, 6, 4, 13, 7, 0, 4, 7, 5, 9, 11, 1, 3, 11, 12, 9, 1, 15, 13, 9, 6, 1, 6, 2, 10, 0, 6, 2, 4, 10, 0, 4, 6, 2, 10, 7, 11, 8, 7, 3, 11, 4, 12, 0, 16, 5, 4, 15, 6, 10, 2, 4, 18, 2, 11, 0, 2, 5, 0, 7, 9, 4, 1, 5, 14, 8, 15, 5, 1, 8, 13, 2, 12, 0, 2, 8, 15, 6, 10, 6, 4, 10, 7, 11, 13, 4, 8, 12, 14, 3, 1, 5, 7, 12, 3, 1, 8, 11, 4, 9, 0, 2, 2, 8, 5, 2, 10, 6, 9, 3, 6, 11, 0, 15, 5, 8, 11, 0, 9, 3, 10, 12, 9, 2, 13, 7, 7, 12, 4, 2, 6, 0, 10, 16, 5, 0, 9, 7, 12, 16, 5, 2, 1, 8, 16, 5, 0, 6, 3, 0, 11, 4, 2, 9, 11, 8, 10, 14, 9, 7, 0, 15, 6, 1, 4, 6, 0, 4, 10, 0, 8, 3, 13, 1, 3, 9, 2, 7, 1, 12, 6, 8, 12, 5, 8, 14, 16, 5, 15, 2, 0, 2, 6, 10, 8, 3, 12, 14, 9, 4, 11, 3, 1, 13, 0, 7, 6, 12, 14, 8, 10, 4, 14, 9, 2, 0, 10, 1, 3, 15, 2, 4, 5, 3, 6, 13, 0, 10, 7, 1, 5, 12, 1, 6, 4, 7, 0, 5, 7, 14, 4, 11, 9, 2, 10, 3, 2, 0, 13, 5, 7, 11, 1, 6, 6, 9, 3, 1, 12, 6, 4, 9, 3, 1, 7, 14, 4, 10, 2, 5, 8, 5, 0, 11, 13, 0, 8, 1, 4, 14, 12, 5, 8, 11, 6, 10, 0, 8, 1, 3, 12, 14, 0, 3, 1, 3, 11, 9, 0, 5, 9, 2, 10, 5, 8, 1, 6, 8, 4, 13, 8, 12, 6, 3, 10, 0, 12, 10, 1, 7, 0, 15, 17, 2, 7, 3, 5, 11, 2, 10, 8, 5, 14, 0, 12, 9, 4, 7, 2, 9, 11, 13, 10, 2, 8, 0, 6, 13, 4, 8, 6, 4, 11, 9, 1, 5, 2, 6, 8, 10, 4, 7, 2, 13, 6, 0, 0, 7, 2, 12, 4, 10, 2, 5, 6, 4, 11, 0, 8, 16, 9, 1, 12, 2, 9, 6, 3, 14, 0, 8, 0, 8, 16, 13, 15, 12, 4, 2, 7, 3, 6, 9, 0, 17, 15, 5, 5, 0, 13, 11, 3, 10, 1, 3, 1, 9, 3, 15, 8, 12, 7, 0, 12, 5, 0, 10, 12, 7, 10, 3, 4, 9, 17, 5, 1, 3, 0, 7, 11, 0, 7, 16, 14, 6, 15, 11, 3, 10, 4, 2, 0, 8, 2, 4, 6, 1, 12, 5, 11, 1, 10, 6, 11, 16, 10, 1, 4, 7, 0, 11, 8, 4, 2, 14, 12, 5, 9, 7, 3, 7, 5, 0, 6, 2, 4, 10, 0, 7, 3, 1, 9, 2, 4, 8, 2, 12, 14, 11, 7, 5, 13, 10, 5, 8, 2, 9, 12, 0, 3, 6, 0, 6, 11, 7, 10, 4, 12, 9, 9, 4, 8, 0, 2, 9, 7, 3, 2, 14, 5, 3, 14, 16, 4, 1, 0, 6, 12, 7, 9, 11, 13, 5, 5, 10, 8, 4, 1, 7, 0, 2, 5, 2, 8, 5, 0, 6, 9, 0, 7, 10, 6, 16, 2, 8, 11, 2, 9, 4, 0, 3, 15, 10, 5, 12, 11, 2, 5, 13, 1, 6, 8, 0, 3, 7, 1, 11, 5, 3, 1, 5, 10, 0, 13, 9, 7, 10, 6, 12, 7, 11, 4, 15, 13, 1, 8, 15, 1, 3, 0, 2, 8, 3, 10, 4, 3, 0, 4, 2, 10, 4, 7, 5, 15, 13, 11, 9, 6, 0, 3, 14, 1, 7, 14, 12, 8, 2, 13, 4, 4, 12, 3, 16, 4, 9, 11, 7, 0, 10, 6, 2, 10, 14, 4, 10, 5, 8, 15, 4, 16, 0, 9, 3, 3, 1, 9, 0, 2, 12, 14, 0, 6, 13, 11, 7, 4, 6, 1, 7, 1, 12, 9, 11, 7, 2, 13, 1, 8, 6, 1, 4, 12, 5, 9, 7, 3, 10, 5, 2, 10, 15, 0, 2, 6, 1, 9, 14, 0, 13, 16, 5, 11, 5, 0, 8, 3, 7, 12, 1, 14, 3, 10, 12, 1, 17, 15, 6, 8, 12, 6, 14, 7, 5, 18, 2, 0, 4, 1, 5, 0, 8, 3, 5, 7, 2, 0, 5, 1, 12, 10, 3, 0, 9, 14, 16, 3, 8, 6, 0, 5, 12, 3, 0, 7, 11, 3, 10, 9, 7, 13, 10, 12, 6, 1, 8, 1, 15, 2, 6, 9, 2, 5, 3, 12, 17, 7, 0, 11, 4, 7, 13, 6, 2, 4, 9, 3, 13, 9, 4, 9, 7, 10, 2, 6, 1, 11, 0, 12, 6, 10, 2, 6, 3, 7, 12, 10, 3, 7, 11, 13, 0, 11, 8, 7, 15, 9, 14, 5, 16, 9, 5, 2, 5, 0, 8, 2, 4, 12, 2, 16, 13, 11, 4, 0, 13, 8, 0, 5, 9, 3, 10, 5, 9, 1, 11, 10, 0, 8, 1, 12, 0, 5, 7, 1, 3, 6, 4, 8, 10, 2, 9, 4, 1, 5, 7, 10, 13, 0, 6, 2, 16, 0, 15, 8, 2, 5, 3, 0, 10, 2, 4, 12, 10, 7, 1, 12, 3, 7, 1, 6, 15, 0, 4, 4, 8, 14, 9, 11, 5, 2, 6, 0, 6, 16, 7, 1, 14, 10, 3, 3, 11, 5, 3, 6, 8, 15, 1, 5, 13, 9, 0, 11, 4, 12, 5, 0, 11, 3, 1, 4, 6, 9, 11, 5, 13, 8, 5, 0, 11, 14, 0, 3, 1, 6, 10, 3, 13, 2, 8, 6, 11, 4, 12, 9, 7, 5, 11, 9, 15, 1, 5, 14, 3, 13, 9, 2, 4, 9, 0, 8, 12, 7, 0, 7, 16, 12, 14, 10, 2, 4, 8, 0, 6, 2, 5, 3, 0, 6, 2, 7, 9, 6, 8, 12, 10, 1, 3, 1, 4, 15, 2, 6, 4, 8, 6, 8, 12, 3, 7, 1, 9, 12, 14, 0, 14, 9, 0, 11, 2, 10, 0, 5, 17, 11, 8, 16, 6, 8, 4, 10, 7, 13, 4, 2, 0, 11, 2, 12, 1, 3, 7, 5, 9, 1, 12, 2, 8, 11, 1, 8, 11, 13, 0, 3, 14, 2, 5, 0, 2, 4, 0, 12, 10, 13, 11, 3, 7, 10, 2, 2, 7, 0, 14, 5, 11, 0, 5, 10, 5, 2, 6, 8, 4, 13, 3, 8, 3, 7, 17, 13, 1, 5, 11, 6, 12, 0, 15, 9, 14, 3, 6, 0, 10, 8, 12, 0, 6, 10, 14, 4, 13, 5, 10, 4, 15, 2, 5, 1, 11, 0, 3, 6, 8, 12, 10, 4, 8, 6, 9, 12, 0, 3, 7, 6, 3, 12, 2, 10, 6, 8, 11, 12, 0, 4, 18, 15, 9, 1, 6, 1, 6, 14, 12, 0, 3, 7, 9, 11, 4, 9, 3, 5, 8, 15, 0, 7, 2, 11, 1, 7, 11, 13, 7, 1, 6, 0, 8, 2, 0, 8, 3, 5, 9, 7, 11, 9, 4, 1, 3, 2, 0, 3, 1, 5, 11, 6, 9, 8, 13, 10, 4, 0, 3, 10, 1, 14, 9, 6, 16, 11, 14, 4, 8, 4, 2, 8, 10, 2, 12, 0, 3, 9, 7, 1, 13, 15, 4, 2, 5, 5, 0, 6, 4, 9, 14, 6, 9, 3, 8, 2, 11, 5, 7, 4, 1, 0, 3, 1, 4, 12, 2, 9, 5, 7, 11, 5, 7, 10, 8, 0, 11, 10, 2, 0, 12, 14, 1, 15, 4, 0, 5, 3, 1, 9, 7, 11, 0, 15, 13, 11, 6, 13, 5, 9, 6, 6, 10, 14, 8, 10, 0, 12, 10, 2, 4, 16, 0, 12, 2, 8, 3, 7, 1, 5, 3, 1, 13, 0, 5, 11, 8, 6, 9, 1, 7, 4, 0, 3, 1, 10, 2, 6, 3, 16, 2, 6, 4, 16, 8, 11, 9, 13, 6, 2, 15, 13, 4, 2, 12, 3, 14, 8, 6, 1, 12, 0, 10, 7, 4, 1, 16, 9, 5, 3, 13, 5, 2, 10, 8, 13, 2, 6, 4, 1, 6, 5, 12, 10, 7, 14, 9, 11, 8, 4, 10, 3, 0, 4, 12, 2, 6, 0, 5, 13, 11, 8, 10, 14, 8, 9, 7, 1, 6, 3, 5, 1, 3, 4, 11, 8, 0, 10, 8, 6, 11, 10, 0, 4, 2, 7, 4, 2, 9, 5, 3, 7, 10, 1, 6, 8, 0, 0, 6, 1, 12, 8, 11, 13, 10, 9, 4, 8, 5, 2, 7, 3, 1, 1, 0, 1, 2, 2, 0, 0, 1, 2, 2, 0, 1, 0, 0, 0, 0, 1, 0, 3, 2, 0, 0, 4, 0, 0, 1, 2, 3, 1, 0, 0, 0, 1, 2, 6, 5, 3, 0, 0, 1, 2, 1, 0, 0, 4, 0, 1, 3, 2, 2, 3, 0, 0, 0, 0, 2, 1, 0, 0, 0, 0, 0, 0, 4]
convergência = [128, 128, 128, 128, 128, 128, 128, 128, 128, 128, 128, 128, 128, 128, 128, 128, 128, 128, 128, 128, 128, 128, 128, 128, 128, 128, 128, 128, 128, 128, 128, 128, 128, 128, 128, 128, 128, 128, 128, 128, 128, 128, 128, 128, 128, 128, 128, 128, 128, 128, 128, 128, 128, 128, 128, 128, 128, 128, 128, 128, 128, 128, 128, 128, 128, 128, 128, 128, 128, 128, 128, 128, 128, 128, 128, 128, 128, 128, 128, 128, 128, 128, 128, 128, 128, 128, 128, 128, 128, 128, 128, 128, 128, 128, 128, 128, 128, 128, 128, 128, 128, 128, 128, 128, 128, 128, 128, 128, 128, 128, 128, 128, 128, 128, 128, 128, 128, 128, 128, 128, 128, 128, 128, 128]

===== FIM =====
