===== RESULTADO BRKGA L(2,1) =====
Arquivo: /Users/mateuspedrosa/Documents/TCC-II/BRKGA/data/Harwell-Boeing_cleaned/west0989_clean.mtx

----- Execução #1 -----
[INFO] Parou por estagnação.
Tempo de execução: 143943ms
Span (lambda): 36
best_order = [244, 345, 38, 112, 273, 183, 229, 848, 814, 425, 211, 789, 37, 859, 132, 833, 522, 268, 855, 607, 577, 828, 906, 536, 1, 894, 118, 310, 884, 535, 189, 317, 382, 130, 627, 348, 4, 259, 754, 661, 356, 725, 698, 64, 208, 626, 730, 201, 773, 360, 702, 275, 381, 429, 148, 590, 816, 496, 3, 874, 802, 459, 520, 476, 114, 420, 100, 41, 574, 980, 912, 323, 529, 346, 898, 324, 604, 696, 886, 554, 146, 240, 664, 513, 748, 29, 338, 489, 835, 209, 20, 986, 141, 205, 545, 811, 645, 106, 762, 576, 250, 313, 756, 238, 15, 298, 963, 88, 710, 327, 778, 57, 553, 720, 71, 866, 961, 853, 101, 905, 214, 181, 224, 557, 749, 525, 591, 278, 252, 691, 907, 246, 878, 52, 512, 206, 970, 162, 91, 517, 204, 534, 260, 514, 721, 837, 966, 959, 506, 727, 523, 85, 290, 616, 316, 136, 160, 887, 979, 159, 860, 575, 714, 215, 885, 379, 276, 74, 396, 284, 646, 258, 681, 776, 532, 767, 36, 67, 231, 699, 902, 22, 302, 266, 170, 210, 465, 519, 603, 849, 417, 188, 521, 406, 297, 48, 736, 600, 586, 539, 415, 122, 895, 245, 639, 11, 110, 383, 879, 203, 913, 329, 694, 35, 154, 87, 121, 419, 480, 705, 169, 412, 288, 929, 432, 335, 668, 355, 676, 637, 76, 708, 468, 292, 473, 7, 472, 367, 747, 667, 139, 680, 499, 363, 167, 640, 334, 757, 602, 643, 128, 163, 196, 397, 94, 142, 79, 449, 92, 940, 54, 939, 242, 353, 581, 965, 903, 947, 927, 58, 212, 594, 375, 568, 192, 944, 26, 402, 235, 164, 277, 882, 890, 780, 924, 687, 985, 50, 389, 960, 953, 588, 918, 910, 751, 270, 390, 566, 216, 134, 631, 926, 291, 784, 729, 801, 97, 711, 326, 156, 815, 538, 620, 569, 864, 403, 666, 738, 13, 442, 892, 983, 357, 89, 777, 497, 494, 282, 69, 766, 320, 249, 80, 653, 328, 597, 55, 896, 25, 45, 104, 564, 59, 374, 228, 817, 611, 870, 184, 178, 285, 977, 582, 971, 234, 179, 16, 193, 190, 237, 18, 978, 662, 257, 572, 883, 863, 716, 684, 401, 332, 73, 149, 251, 30, 541, 109, 61, 636, 781, 359, 820, 810, 424, 32, 421, 60, 753, 510, 578, 51, 533, 904, 713, 732, 308, 964, 438, 923, 584, 478, 423, 439, 674, 351, 618, 717, 782, 407, 671, 172, 239, 267, 430, 889, 908, 868, 647, 949, 427, 17, 241, 877, 952, 562, 263, 408, 441, 550, 501, 728, 10, 942, 33, 12, 571, 657, 70, 830, 274, 615, 138, 221, 409, 724, 872, 558, 243, 692, 635, 679, 448, 44, 931, 659, 120, 783, 452, 649, 418, 358, 261, 914, 628, 495, 617, 741, 540, 68, 861, 928, 377, 175, 593, 827, 796, 295, 650, 648, 384, 304, 385, 483, 587, 350, 585, 255, 254, 398, 333, 505, 187, 504, 486, 644, 609, 530, 943, 935, 394, 116, 934, 314, 342, 226, 951, 818, 349, 225, 856, 150, 376, 988, 516, 840, 531, 806, 182, 283, 78, 561, 299, 2, 72, 793, 464, 932, 126, 547, 405, 621, 981, 893, 264, 595, 460, 227, 0, 612, 197, 760, 551, 127, 280, 34, 875, 440, 467, 759, 341, 958, 976, 490, 675, 186, 922, 798, 19, 938, 768, 9, 457, 325, 422, 247, 755, 703, 155, 158, 366, 548, 758, 331, 709, 845, 42, 656, 733, 166, 102, 82, 24, 608, 750, 792, 788, 911, 672, 388, 834, 485, 322, 528, 414, 81, 213, 869, 199, 443, 731, 474, 491, 312, 508, 606, 865, 950, 598, 718, 300, 107, 984, 787, 685, 479, 56, 670, 133, 580, 719, 601, 690, 945, 369, 413, 775, 973, 955, 901, 223, 378, 370, 641, 972, 202, 948, 309, 704, 803, 458, 854, 399, 217, 463, 410, 677, 697, 542, 236, 605, 799, 839, 66, 39, 27, 723, 294, 876, 125, 804, 715, 272, 946, 565, 825, 583, 77, 124, 63, 722, 220, 843, 271, 365, 770, 771, 841, 763, 852, 838, 53, 462, 805, 400, 507, 98, 555, 686, 471, 707, 941, 391, 921, 62, 131, 683, 925, 40, 31, 842, 797, 466, 484, 305, 669, 746, 630, 144, 808, 371, 654, 147, 296, 850, 194, 362, 673, 614, 969, 807, 311, 14, 739, 453, 956, 503, 90, 339, 456, 851, 900, 137, 937, 638, 83, 920, 974, 790, 65, 891, 368, 836, 319, 936, 917, 84, 765, 549, 651, 447, 173, 682, 416, 469, 119, 433, 232, 642, 678, 493, 772, 470, 361, 737, 847, 916, 527, 281, 444, 823, 455, 652, 395, 610, 663, 622, 844, 794, 152, 689, 492, 93, 824, 734, 200, 113, 303, 428, 596, 700, 123, 624, 454, 437, 207, 821, 706, 318, 795, 526, 915, 352, 445, 502, 655, 115, 219, 573, 461, 665, 567, 279, 301, 982, 330, 75, 354, 185, 23, 404, 117, 411, 435, 625, 387, 693, 742, 930, 321, 871, 735, 570, 343, 380, 477, 962, 49, 180, 43, 744, 518, 764, 151, 560, 632, 306, 347, 488, 899, 105, 86, 46, 822, 880, 857, 695, 967, 5, 987, 761, 819, 95, 660, 623, 511, 482, 286, 262, 975, 177, 426, 157, 500, 862, 269, 289, 96, 195, 8, 831, 658, 47, 265, 336, 436, 140, 634, 143, 633, 393, 688, 222, 957, 888, 165, 498, 740, 337, 108, 103, 171, 364, 6, 544, 386, 745, 774, 198, 786, 450, 475, 537, 743, 546, 619, 434, 392, 373, 785, 315, 174, 954, 340, 599, 563, 559, 919, 129, 897, 372, 712, 543, 509, 812, 153, 28, 515, 629, 791, 21, 344, 933, 481, 287, 701, 846, 218, 613, 589, 145, 826, 307, 293, 769, 256, 99, 752, 800, 176, 161, 579, 556, 592, 248, 968, 111, 858, 779, 726, 230, 431, 813, 832, 867, 168, 135, 809, 191, 909, 253, 524, 446, 873, 233, 451, 829, 487, 881, 552]
labeling = [1, 0, 6, 0, 1, 11, 10, 8, 18, 12, 10, 2, 6, 5, 9, 4, 7, 12, 0, 2, 4, 8, 4, 15, 11, 5, 3, 4, 15, 3, 4, 0, 10, 9, 9, 7, 6, 1, 0, 12, 17, 2, 14, 15, 7, 0, 16, 18, 3, 19, 3, 10, 2, 12, 2, 4, 0, 0, 4, 9, 5, 6, 6, 11, 0, 19, 15, 0, 8, 3, 5, 1, 13, 11, 0, 1, 5, 13, 10, 1, 8, 9, 16, 18, 17, 7, 8, 8, 5, 16, 27, 10, 14, 30, 7, 32, 29, 1, 26, 34, 3, 8, 21, 35, 13, 16, 1, 24, 33, 18, 12, 31, 0, 23, 5, 28, 19, 29, 0, 26, 14, 1, 6, 11, 16, 3, 7, 9, 4, 10, 3, 26, 2, 25, 15, 19, 11, 27, 20, 6, 30, 7, 13, 19, 2, 35, 4, 23, 1, 5, 8, 11, 9, 2, 12, 24, 13, 21, 7, 6, 1, 15, 2, 5, 13, 20, 12, 3, 9, 8, 6, 12, 8, 26, 25, 11, 33, 32, 12, 17, 4, 2, 10, 0, 16, 6, 2, 2, 5, 1, 13, 10, 0, 5, 7, 8, 1, 20, 30, 16, 9, 0, 12, 7, 4, 2, 3, 32, 1, 1, 1, 0, 11, 17, 6, 9, 13, 19, 31, 29, 23, 18, 35, 26, 9, 12, 8, 22, 5, 1, 7, 6, 27, 26, 5, 0, 25, 17, 9, 7, 7, 18, 10, 16, 0, 11, 5, 2, 8, 10, 4, 12, 4, 10, 1, 0, 14, 11, 6, 1, 6, 20, 33, 16, 4, 28, 2, 0, 0, 26, 10, 7, 0, 1, 11, 3, 8, 0, 1, 1, 6, 19, 4, 14, 2, 3, 25, 34, 1, 2, 0, 6, 7, 29, 18, 12, 10, 4, 1, 2, 15, 18, 8, 12, 21, 23, 27, 29, 18, 3, 1, 22, 16, 6, 9, 5, 4, 0, 25, 28, 8, 19, 6, 1, 2, 23, 14, 3, 15, 10, 32, 18, 0, 4, 7, 11, 28, 30, 2, 8, 3, 3, 10, 4, 1, 0, 1, 30, 3, 14, 2, 15, 13, 9, 19, 6, 2, 3, 18, 7, 4, 28, 20, 3, 0, 26, 20, 8, 21, 17, 11, 2, 32, 33, 16, 15, 1, 4, 21, 4, 30, 3, 0, 0, 0, 13, 15, 28, 21, 9, 10, 25, 32, 28, 0, 4, 0, 3, 6, 7, 23, 8, 4, 14, 12, 17, 5, 9, 11, 16, 10, 29, 7, 20, 22, 6, 22, 4, 1, 0, 2, 9, 19, 13, 12, 0, 31, 4, 15, 3, 11, 27, 4, 12, 20, 18, 21, 9, 3, 8, 8, 7, 6, 7, 16, 22, 29, 22, 10, 6, 0, 25, 3, 2, 19, 17, 11, 5, 13, 4, 12, 1, 2, 18, 16, 1, 14, 9, 8, 15, 13, 18, 13, 12, 7, 34, 2, 21, 15, 22, 6, 28, 24, 5, 0, 25, 19, 35, 30, 1, 21, 23, 24, 2, 16, 17, 3, 14, 33, 0, 32, 6, 25, 27, 11, 13, 0, 2, 18, 6, 8, 31, 4, 0, 6, 22, 21, 9, 29, 10, 1, 12, 0, 0, 25, 5, 20, 28, 22, 5, 21, 17, 11, 17, 5, 2, 0, 16, 14, 1, 19, 15, 22, 25, 7, 4, 32, 10, 3, 10, 8, 20, 26, 7, 4, 24, 13, 0, 14, 18, 34, 21, 19, 36, 6, 25, 4, 10, 0, 0, 11, 7, 9, 33, 2, 3, 6, 0, 18, 14, 24, 11, 8, 26, 15, 20, 4, 5, 10, 14, 1, 2, 15, 17, 7, 22, 31, 5, 23, 13, 7, 24, 7, 4, 3, 26, 23, 1, 14, 0, 19, 13, 1, 6, 24, 19, 9, 21, 18, 36, 13, 22, 14, 36, 31, 32, 0, 2, 20, 27, 3, 11, 29, 31, 3, 8, 0, 11, 18, 10, 12, 25, 2, 4, 14, 1, 5, 14, 19, 15, 18, 29, 7, 9, 4, 1, 10, 6, 34, 16, 33, 0, 14, 31, 3, 4, 8, 6, 5, 28, 24, 13, 26, 0, 15, 10, 1, 18, 2, 9, 7, 0, 30, 27, 11, 12, 22, 5, 0, 19, 14, 2, 10, 21, 9, 5, 3, 12, 1, 5, 17, 28, 0, 12, 22, 6, 27, 25, 4, 22, 3, 1, 33, 11, 5, 15, 6, 15, 21, 1, 3, 8, 27, 20, 13, 1, 29, 4, 9, 5, 2, 12, 13, 16, 23, 26, 4, 22, 5, 21, 3, 6, 9, 29, 25, 27, 20, 9, 5, 8, 17, 6, 32, 12, 4, 19, 3, 9, 15, 0, 23, 34, 6, 1, 13, 1, 10, 6, 14, 30, 1, 2, 11, 2, 15, 18, 3, 8, 2, 17, 1, 11, 5, 2, 6, 4, 13, 16, 15, 0, 18, 30, 10, 13, 4, 14, 7, 10, 9, 4, 22, 6, 3, 9, 21, 5, 8, 24, 9, 20, 11, 5, 23, 21, 0, 8, 0, 9, 10, 27, 12, 25, 26, 9, 13, 6, 0, 6, 0, 17, 8, 29, 3, 1, 10, 2, 23, 3, 22, 13, 2, 19, 21, 17, 24, 11, 15, 24, 0, 7, 4, 17, 20, 7, 14, 0, 16, 19, 24, 2, 7, 20, 26, 16, 14, 21, 8, 13, 12, 22, 3, 1, 7, 28, 5, 19, 26, 19, 9, 13, 15, 23, 17, 3, 0, 11, 6, 10, 35, 16, 13, 6, 8, 12, 0, 12, 15, 27, 4, 24, 26, 15, 9, 5, 14, 1, 0, 2, 16, 31, 5, 12, 1, 0, 2, 5, 29, 28, 13, 33, 27, 24, 20, 2, 12, 25, 13, 11, 18, 5, 27, 3, 21, 25, 1, 3, 17, 9, 22, 10, 6, 23, 17, 7, 10, 22, 10, 9, 21, 8, 18, 17, 16, 4, 7, 0, 3, 11, 7, 1, 10, 7, 29, 4, 14, 6, 0, 26, 25, 7, 0, 13, 24, 19, 4, 15, 25, 11, 8, 7, 0, 20, 28, 11, 22, 12, 2, 30, 19]
convergência = [36, 36, 36, 36, 36, 36, 36, 36, 36, 36, 36, 36, 36, 36, 36, 36, 36, 36, 36, 36, 36, 36, 36, 36, 36, 36, 36, 36, 36, 36, 36, 36, 36, 36, 36, 36, 36, 36, 36, 36, 36, 36, 36, 36, 36, 36, 36, 36, 36, 36, 36, 36, 36, 36, 36, 36, 36, 36, 36, 36, 36, 36, 36, 36, 36, 36, 36, 36, 36, 36, 36, 36, 36, 36, 36, 36, 36, 36, 36, 36, 36, 36, 36, 36, 36, 36, 36, 36, 36, 36, 36, 36, 36, 36, 36, 36, 36, 36, 36, 36, 36, 36, 36, 36, 36, 36, 36, 36, 36, 36, 36, 36, 36, 36, 36, 36, 36, 36, 36, 36, 36, 36, 36, 36]

===== FIM =====
