===== RESULTADO BRKGA L(2,1) =====
Arquivo: /Users/mateuspedrosa/Documents/TCC-II/BRKGA/data/irace_training/west0167_clean.mtx

----- Execução #1 -----
[INFO] Parou por estagnação.
Tempo de execução: 63833ms
Span (lambda): 21
best_order = [151, 43, 112, 79, 32, 72, 44, 123, 30, 28, 11, 38, 149, 58, 143, 94, 53, 27, 103, 31, 26, 9, 64, 139, 16, 15, 87, 14, 29, 74, 158, 95, 1, 90, 89, 81, 61, 124, 93, 98, 8, 17, 113, 86, 156, 3, 116, 142, 78, 85, 104, 127, 40, 82, 125, 132, 56, 52, 130, 108, 21, 34, 13, 22, 105, 12, 37, 73, 5, 162, 0, 60, 144, 4, 119, 161, 18, 164, 134, 115, 126, 76, 96, 25, 145, 153, 75, 157, 2, 154, 10, 141, 159, 117, 59, 111, 138, 66, 50, 152, 36, 19, 77, 69, 137, 6, 146, 128, 48, 71, 91, 33, 55, 109, 131, 68, 129, 92, 118, 23, 160, 107, 35, 140, 155, 163, 54, 102, 24, 135, 20, 97, 136, 80, 47, 63, 114, 122, 99, 42, 65, 67, 51, 46, 150, 70, 45, 165, 57, 148, 121, 49, 39, 88, 62, 166, 84, 41, 83, 100, 110, 101, 7, 133, 147, 106, 120]
labeling = [9, 2, 17, 7, 11, 10, 4, 21, 8, 1, 0, 3, 12, 0, 3, 2, 6, 5, 13, 18, 4, 9, 10, 8, 18, 9, 4, 3, 2, 4, 0, 1, 0, 6, 7, 14, 11, 6, 4, 19, 3, 3, 15, 0, 1, 11, 0, 8, 9, 16, 12, 19, 3, 2, 10, 1, 7, 5, 0, 8, 2, 1, 9, 8, 5, 13, 11, 14, 6, 4, 12, 0, 2, 8, 5, 4, 13, 15, 6, 0, 1, 3, 8, 19, 10, 6, 5, 1, 15, 2, 2, 10, 9, 7, 0, 5, 16, 14, 6, 11, 19, 18, 10, 0, 1, 9, 17, 8, 7, 4, 5, 13, 0, 6, 15, 12, 3, 11, 19, 10, 21, 8, 20, 1, 5, 7, 14, 0, 17, 16, 9, 13, 4, 20, 15, 0, 11, 9, 12, 4, 17, 7, 2, 1, 14, 8, 5, 16, 6, 2, 21, 0, 15, 11, 7, 20, 6, 14, 4, 1, 16, 11, 3, 0, 0, 13, 18]
convergência = [22, 22, 21, 21, 21, 21, 21, 21, 21, 21, 21, 21, 21, 21, 21, 21, 21, 21, 21, 21, 21, 21, 21, 21, 21, 21, 21, 21, 21, 21, 21, 21, 21, 21, 21, 21, 21, 21, 21, 21, 21, 21, 21, 21, 21, 21, 21, 21, 21, 21, 21, 21, 21, 21, 21, 21, 21, 21, 21, 21, 21, 21, 21, 21, 21, 21, 21, 21, 21, 21, 21, 21, 21, 21, 21, 21, 21, 21, 21, 21, 21, 21, 21, 21, 21, 21, 21, 21, 21, 21, 21, 21, 21, 21, 21, 21, 21, 21, 21, 21, 21, 21, 21, 21, 21, 21, 21, 21, 21, 21, 21, 21, 21, 21, 21, 21, 21, 21, 21, 21, 21, 21, 21, 21, 21, 21, 21, 21, 21, 21, 21, 21, 21, 21, 21, 21, 21, 21, 21, 21, 21, 21, 21, 21, 21, 21, 21, 21, 21, 21, 21, 21, 21, 21, 21, 21, 21, 21, 21, 21, 21, 21, 21, 21, 21, 21, 21, 21, 21, 21, 21, 21, 21, 21, 21, 21, 21, 21, 21, 21, 21, 21, 21, 21, 21, 21, 21, 21, 21, 21, 21, 21, 21, 21, 21, 21, 21, 21, 21, 21, 21, 21, 21, 21, 21, 21, 21, 21, 21, 21, 21, 21, 21, 21, 21, 21, 21, 21, 21, 21, 21, 21, 21, 21, 21, 21, 21, 21, 21, 21, 21, 21, 21, 21, 21, 21, 21, 21, 21, 21, 21, 21, 21, 21, 21, 21, 21, 21, 21, 21, 21, 21, 21, 21, 21, 21, 21, 21, 21, 21, 21, 21, 21, 21, 21, 21, 21, 21, 21, 21, 21, 21, 21, 21, 21, 21, 21, 21, 21, 21, 21, 21, 21, 21, 21, 21, 21, 21, 21, 21, 21, 21, 21, 21, 21, 21, 21, 21, 21, 21, 21, 21, 21, 21, 21, 21, 21, 21, 21, 21, 21, 21, 21, 21, 21, 21, 21, 21, 21, 21, 21, 21, 21, 21, 21, 21, 21, 21, 21, 21, 21, 21, 21, 21, 21, 21, 21, 21, 21, 21, 21, 21, 21, 21, 21, 21, 21, 21, 21, 21, 21, 21, 21, 21, 21, 21, 21, 21, 21, 21, 21, 21, 21, 21, 21, 21, 21, 21, 21, 21, 21, 21, 21, 21, 21, 21, 21, 21, 21, 21, 21, 21, 21, 21, 21, 21, 21, 21, 21, 21, 21, 21, 21, 21, 21, 21, 21, 21, 21, 21, 21, 21, 21, 21, 21, 21, 21, 21, 21, 21, 21, 21, 21, 21, 21, 21, 21, 21, 21, 21, 21, 21, 21, 21, 21, 21, 21, 21, 21, 21, 21, 21, 21, 21, 21, 21, 21, 21, 21, 21, 21, 21, 21, 21, 21, 21, 21, 21, 21, 21, 21, 21, 21, 21, 21, 21, 21, 21, 21, 21, 21, 21, 21, 21, 21, 21, 21, 21, 21, 21, 21, 21, 21, 21, 21, 21, 21, 21, 21, 21, 21, 21, 21, 21, 21, 21, 21, 21, 21, 21, 21, 21, 21, 21, 21, 21, 21, 21, 21, 21, 21, 21, 21, 21, 21, 21, 21, 21, 21, 21, 21, 21, 21, 21, 21, 21, 21, 21, 21, 21, 21, 21, 21, 21, 21, 21, 21, 21, 21, 21, 21, 21, 21, 21, 21, 21, 21, 21, 21, 21, 21, 21, 21, 21, 21, 21, 21, 21, 21, 21, 21, 21, 21, 21, 21, 21, 21, 21, 21, 21, 21, 21, 21, 21, 21, 21, 21, 21, 21, 21, 21, 21, 21, 21, 21, 21, 21, 21, 21, 21, 21, 21, 21, 21, 21, 21, 21, 21, 21, 21, 21, 21, 21, 21, 21, 21, 21, 21, 21, 21, 21, 21, 21, 21, 21, 21, 21, 21, 21, 21, 21, 21, 21, 21, 21, 21, 21, 21, 21, 21, 21, 21, 21, 21, 21, 21, 21, 21, 21, 21, 21, 21, 21, 21, 21, 21, 21, 21, 21, 21, 21, 21, 21, 21, 21, 21, 21, 21, 21, 21, 21, 21, 21, 21, 21, 21, 21, 21, 21, 21, 21, 21, 21, 21, 21, 21, 21, 21, 21, 21, 21, 21, 21, 21, 21, 21, 21, 21, 21, 21, 21, 21, 21, 21, 21, 21, 21, 21, 21, 21, 21, 21, 21, 21, 21, 21, 21, 21, 21, 21, 21, 21, 21, 21, 21, 21, 21, 21, 21]

===== FIM =====
