===== RESULTADO BRKGA L(2,1) =====
Arquivo: /Users/mateuspedrosa/Documents/TCC-II/BRKGA/data/Harwell-Boeing_cleaned/west0497_clean.mtx

----- Execução #1 -----
[INFO] Parou por estagnação.
Tempo de execução: 75649ms
Span (lambda): 58
best_order = [123, 181, 35, 305, 495, 297, 349, 484, 87, 310, 41, 471, 143, 270, 492, 245, 256, 360, 139, 287, 307, 292, 92, 203, 465, 358, 267, 103, 167, 309, 313, 379, 306, 17, 339, 46, 226, 343, 303, 39, 294, 426, 351, 211, 217, 60, 445, 332, 348, 298, 479, 155, 220, 135, 496, 108, 161, 50, 62, 491, 177, 97, 81, 236, 285, 443, 187, 173, 206, 420, 188, 212, 201, 401, 186, 230, 371, 170, 252, 43, 483, 458, 194, 451, 482, 20, 407, 269, 324, 64, 390, 183, 449, 199, 36, 174, 228, 308, 57, 218, 447, 275, 391, 385, 434, 493, 463, 8, 461, 3, 154, 25, 377, 99, 325, 442, 364, 266, 80, 392, 232, 61, 150, 311, 79, 462, 477, 77, 215, 430, 344, 320, 180, 280, 131, 262, 333, 140, 162, 213, 98, 268, 178, 223, 429, 185, 295, 439, 466, 109, 352, 296, 243, 304, 319, 271, 55, 337, 488, 89, 342, 418, 132, 366, 257, 346, 355, 283, 84, 10, 234, 184, 65, 130, 193, 124, 88, 171, 363, 244, 74, 334, 481, 127, 56, 474, 421, 415, 204, 367, 274, 118, 378, 457, 32, 288, 489, 432, 259, 382, 365, 27, 399, 369, 129, 73, 19, 359, 85, 59, 327, 121, 26, 454, 347, 23, 410, 441, 253, 290, 104, 330, 29, 70, 473, 33, 116, 431, 112, 260, 222, 255, 126, 250, 58, 106, 210, 149, 100, 398, 357, 423, 237, 120, 195, 345, 165, 487, 282, 169, 196, 340, 373, 435, 142, 464, 394, 281, 323, 433, 172, 78, 68, 494, 34, 272, 1, 12, 456, 207, 144, 148, 198, 159, 202, 386, 446, 478, 372, 42, 400, 4, 163, 208, 90, 326, 329, 246, 63, 240, 94, 322, 397, 76, 276, 472, 192, 67, 9, 72, 101, 412, 95, 128, 235, 374, 166, 460, 384, 24, 289, 238, 216, 52, 45, 263, 231, 14, 219, 468, 111, 380, 13, 138, 53, 40, 179, 422, 389, 387, 47, 160, 117, 254, 273, 356, 341, 291, 476, 409, 315, 137, 11, 317, 453, 353, 321, 51, 388, 438, 113, 227, 395, 205, 225, 258, 424, 375, 284, 302, 82, 278, 156, 182, 241, 6, 221, 459, 190, 102, 486, 417, 393, 49, 110, 136, 248, 15, 450, 467, 301, 370, 416, 470, 480, 141, 251, 414, 277, 28, 30, 427, 38, 362, 0, 336, 239, 114, 300, 318, 197, 485, 83, 22, 402, 31, 86, 54, 312, 16, 214, 396, 152, 286, 7, 265, 404, 436, 200, 66, 428, 107, 469, 405, 406, 125, 93, 354, 264, 37, 145, 299, 44, 335, 261, 279, 2, 242, 376, 153, 151, 316, 293, 448, 176, 338, 440, 224, 350, 146, 164, 437, 71, 490, 419, 411, 48, 5, 91, 115, 147, 75, 209, 403, 157, 175, 158, 368, 229, 21, 133, 105, 119, 381, 452, 122, 191, 233, 69, 18, 331, 96, 134, 444, 455, 328, 361, 168, 189, 247, 383, 314, 475, 249, 413, 408, 425]
labeling = [15, 3, 6, 1, 5, 10, 1, 5, 0, 10, 3, 14, 9, 13, 11, 22, 15, 0, 20, 4, 2, 18, 16, 6, 0, 5, 0, 4, 4, 2, 4, 6, 2, 5, 0, 0, 3, 2, 23, 0, 19, 1, 14, 5, 6, 9, 3, 10, 11, 5, 3, 21, 16, 17, 24, 9, 13, 8, 12, 11, 2, 7, 4, 15, 6, 10, 17, 3, 8, 11, 7, 9, 2, 4, 12, 26, 31, 13, 20, 11, 10, 7, 37, 35, 19, 23, 33, 1, 20, 7, 13, 33, 3, 46, 18, 30, 37, 11, 1, 6, 24, 27, 34, 0, 15, 36, 2, 12, 1, 4, 6, 10, 22, 29, 43, 44, 21, 28, 2, 13, 5, 1, 9, 0, 12, 9, 1, 21, 25, 11, 10, 15, 19, 29, 34, 5, 25, 24, 21, 1, 6, 15, 2, 0, 5, 49, 55, 56, 32, 27, 14, 17, 16, 5, 7, 2, 13, 22, 19, 9, 10, 4, 8, 12, 32, 19, 23, 1, 3, 7, 5, 12, 9, 0, 7, 57, 53, 6, 17, 29, 14, 0, 29, 4, 24, 18, 11, 9, 10, 40, 32, 6, 2, 16, 8, 18, 26, 43, 27, 9, 45, 5, 28, 2, 11, 37, 2, 4, 9, 13, 0, 1, 0, 2, 8, 4, 19, 2, 13, 35, 4, 41, 25, 16, 49, 38, 1, 36, 12, 50, 7, 34, 14, 39, 15, 31, 3, 11, 32, 42, 12, 40, 48, 17, 22, 0, 29, 51, 0, 20, 21, 1, 5, 6, 2, 5, 3, 1, 39, 23, 24, 47, 15, 33, 46, 44, 0, 3, 8, 14, 4, 22, 31, 35, 26, 13, 34, 43, 41, 52, 16, 29, 8, 2, 14, 5, 3, 2, 14, 19, 15, 4, 1, 14, 9, 18, 19, 3, 10, 50, 45, 42, 40, 8, 20, 2, 5, 6, 12, 4, 2, 15, 47, 3, 58, 37, 9, 38, 46, 21, 17, 39, 33, 30, 0, 7, 26, 13, 20, 8, 6, 19, 6, 1, 25, 51, 44, 23, 54, 7, 28, 36, 12, 8, 16, 24, 13, 16, 5, 1, 11, 1, 10, 0, 9, 0, 7, 8, 2, 7, 0, 11, 6, 4, 3, 6, 12, 13, 21, 16, 24, 2, 10, 1, 18, 0, 12, 4, 5, 0, 20, 28, 14, 30, 18, 9, 22, 19, 26, 23, 3, 1, 11, 27, 14, 2, 6, 16, 1, 8, 13, 6, 26, 1, 17, 48, 8, 13, 23, 2, 7, 15, 16, 6, 1, 5, 11, 5, 4, 10, 12, 9, 34, 25, 36, 52, 3, 43, 44, 5, 15, 23, 22, 28, 3, 14, 17, 18, 21, 16, 8, 11, 9, 2, 12, 1, 30, 9, 47, 8, 40, 7, 49, 35, 16, 50, 29, 19, 4, 38, 33, 12, 14, 10, 27, 4, 17, 41, 20, 45, 42, 0, 32, 24, 20, 51, 5, 15, 25, 2, 22, 8, 6, 3, 0, 24, 39, 26, 18, 21, 48, 6, 2, 11, 1, 0, 5]
convergência = [58, 58, 58, 58, 58, 58, 58, 58, 58, 58, 58, 58, 58, 58, 58, 58, 58, 58, 58, 58, 58, 58, 58, 58, 58, 58, 58, 58, 58, 58, 58, 58, 58, 58, 58, 58, 58, 58, 58, 58, 58, 58, 58, 58, 58, 58, 58, 58, 58, 58, 58, 58, 58, 58, 58, 58, 58, 58, 58, 58, 58, 58, 58, 58, 58, 58, 58, 58, 58, 58, 58, 58, 58, 58, 58, 58, 58, 58, 58, 58, 58, 58, 58, 58, 58, 58, 58, 58, 58, 58, 58, 58, 58, 58, 58, 58, 58, 58, 58, 58, 58, 58, 58, 58, 58, 58, 58, 58, 58, 58, 58, 58, 58, 58, 58, 58, 58, 58, 58, 58, 58, 58, 58, 58]

===== FIM =====
