===== RESULTADO BRKGA L(2,1) =====
Arquivo: /Users/mateuspedrosa/Documents/TCC-II/BRKGA/data/Harwell-Boeing_cleaned/west0479_clean.mtx

----- Execução #1 -----
[INFO] Parou por estagnação.
Tempo de execução: 79336ms
Span (lambda): 39
best_order = [285, 343, 197, 87, 467, 72, 459, 61, 94, 97, 249, 472, 203, 125, 305, 105, 432, 93, 407, 418, 107, 301, 449, 45, 469, 119, 454, 254, 150, 365, 39, 58, 83, 90, 429, 265, 329, 471, 475, 468, 179, 24, 208, 388, 465, 201, 456, 373, 379, 10, 222, 63, 112, 460, 317, 382, 297, 98, 108, 270, 323, 29, 212, 73, 224, 140, 19, 339, 101, 259, 243, 398, 8, 447, 349, 335, 368, 115, 152, 110, 350, 374, 363, 113, 348, 392, 121, 102, 109, 332, 414, 205, 356, 182, 132, 431, 50, 226, 43, 16, 345, 361, 198, 160, 336, 75, 390, 470, 219, 380, 437, 127, 157, 170, 165, 316, 187, 261, 428, 242, 394, 223, 312, 473, 241, 239, 71, 377, 89, 342, 131, 442, 49, 293, 21, 424, 302, 324, 375, 260, 430, 135, 340, 385, 149, 130, 347, 457, 271, 458, 55, 405, 466, 7, 433, 217, 251, 294, 6, 419, 74, 445, 12, 246, 172, 142, 396, 346, 227, 123, 104, 292, 355, 286, 250, 333, 406, 236, 289, 218, 60, 38, 366, 436, 14, 280, 194, 450, 78, 421, 189, 291, 235, 181, 27, 247, 221, 52, 283, 41, 188, 25, 185, 415, 48, 57, 452, 266, 84, 191, 40, 232, 134, 195, 278, 274, 11, 114, 86, 422, 384, 417, 288, 100, 412, 220, 153, 268, 372, 311, 148, 1, 262, 62, 158, 399, 282, 357, 327, 117, 444, 331, 358, 304, 85, 66, 4, 20, 31, 82, 443, 91, 124, 334, 240, 230, 196, 434, 163, 174, 369, 65, 306, 310, 360, 321, 364, 204, 77, 33, 166, 325, 370, 96, 252, 9, 408, 225, 402, 256, 238, 146, 438, 76, 354, 229, 171, 37, 70, 234, 263, 51, 138, 257, 95, 290, 397, 328, 18, 186, 451, 400, 156, 378, 214, 103, 207, 59, 425, 393, 176, 381, 273, 175, 5, 64, 300, 215, 202, 341, 106, 209, 322, 279, 416, 56, 435, 23, 88, 453, 477, 299, 173, 129, 213, 154, 159, 47, 275, 389, 367, 141, 387, 420, 151, 446, 143, 81, 464, 244, 440, 318, 344, 403, 168, 69, 383, 352, 264, 126, 36, 80, 161, 211, 272, 298, 410, 177, 463, 44, 53, 28, 147, 303, 116, 413, 22, 439, 190, 192, 200, 111, 162, 34, 401, 276, 462, 359, 145, 245, 184, 193, 13, 248, 216, 474, 178, 376, 314, 79, 133, 137, 139, 448, 169, 427, 362, 228, 269, 42, 99, 287, 0, 255, 426, 199, 307, 461, 206, 120, 423, 441, 164, 404, 315, 313, 478, 30, 455, 338, 386, 308, 118, 68, 326, 233, 3, 46, 26, 155, 210, 167, 253, 277, 309, 15, 237, 54, 371, 319, 337, 320, 128, 391, 92, 183, 295, 267, 122, 281, 17, 67, 284, 353, 395, 231, 32, 180, 136, 258, 296, 144, 330, 351, 409, 35, 476, 411, 2]
labeling = [4, 22, 17, 4, 5, 28, 12, 4, 3, 9, 1, 0, 2, 8, 3, 1, 11, 16, 6, 0, 8, 5, 14, 15, 0, 3, 3, 2, 9, 2, 8, 4, 13, 7, 2, 6, 10, 12, 4, 0, 10, 9, 17, 0, 10, 3, 22, 15, 4, 2, 3, 11, 7, 1, 6, 3, 20, 6, 1, 16, 8, 2, 11, 1, 5, 2, 4, 0, 5, 10, 8, 4, 0, 6, 5, 4, 7, 10, 5, 14, 0, 7, 14, 1, 9, 13, 6, 0, 11, 0, 4, 19, 29, 2, 1, 27, 25, 2, 5, 25, 20, 3, 11, 24, 13, 4, 1, 5, 7, 10, 7, 23, 1, 8, 2, 5, 26, 12, 35, 6, 37, 12, 36, 15, 18, 2, 28, 10, 25, 22, 12, 16, 14, 32, 20, 15, 36, 31, 22, 32, 11, 29, 17, 8, 30, 13, 19, 22, 8, 3, 1, 18, 4, 6, 3, 1, 17, 2, 11, 12, 0, 14, 18, 13, 19, 2, 6, 17, 16, 26, 1, 1, 2, 10, 15, 23, 21, 2, 0, 0, 0, 4, 6, 18, 34, 21, 24, 1, 2, 3, 7, 8, 1, 22, 14, 8, 15, 0, 10, 2, 4, 3, 21, 0, 11, 6, 13, 12, 5, 14, 32, 7, 0, 0, 16, 10, 19, 0, 15, 5, 8, 9, 0, 6, 4, 17, 8, 4, 6, 19, 18, 31, 13, 27, 18, 14, 1, 29, 9, 7, 20, 13, 5, 6, 31, 10, 4, 17, 30, 2, 17, 9, 22, 32, 3, 24, 0, 6, 14, 4, 12, 8, 10, 14, 27, 7, 1, 16, 9, 18, 8, 11, 28, 24, 12, 26, 25, 34, 16, 20, 13, 2, 16, 19, 34, 0, 18, 10, 0, 9, 17, 6, 3, 7, 11, 2, 38, 1, 30, 2, 19, 0, 16, 21, 0, 3, 0, 33, 34, 27, 22, 14, 3, 13, 4, 24, 12, 3, 13, 33, 34, 23, 7, 2, 9, 5, 25, 21, 28, 6, 9, 8, 3, 19, 7, 9, 7, 26, 17, 1, 11, 24, 14, 0, 16, 1, 5, 16, 5, 9, 5, 35, 15, 19, 17, 1, 1, 4, 2, 21, 5, 5, 29, 10, 25, 5, 0, 6, 4, 4, 7, 30, 2, 8, 6, 4, 25, 3, 0, 0, 0, 2, 2, 26, 15, 13, 33, 14, 9, 21, 9, 30, 7, 22, 13, 34, 19, 29, 4, 24, 7, 8, 9, 11, 24, 7, 20, 2, 25, 31, 16, 33, 23, 16, 8, 21, 11, 22, 3, 18, 30, 4, 12, 28, 3, 7, 24, 20, 15, 6, 17, 11, 1, 9, 16, 15, 8, 13, 23, 33, 30, 38, 15, 7, 5, 3, 6, 1, 10, 4, 20, 26, 9, 17, 5, 39, 1, 16, 18, 1, 10, 36, 31, 32, 0, 3, 7, 0, 1, 1, 4, 7, 3, 14, 35, 8, 10, 6, 25]
convergência = [39, 39, 39, 39, 39, 39, 39, 39, 39, 39, 39, 39, 39, 39, 39, 39, 39, 39, 39, 39, 39, 39, 39, 39, 39, 39, 39, 39, 39, 39, 39, 39, 39, 39, 39, 39, 39, 39, 39, 39, 39, 39, 39, 39, 39, 39, 39, 39, 39, 39, 39, 39, 39, 39, 39, 39, 39, 39, 39, 39, 39, 39, 39, 39, 39, 39, 39, 39, 39, 39, 39, 39, 39, 39, 39, 39, 39, 39, 39, 39, 39, 39, 39, 39, 39, 39, 39, 39, 39, 39, 39, 39, 39, 39, 39, 39, 39, 39, 39, 39, 39, 39, 39, 39, 39, 39, 39, 39, 39, 39, 39, 39, 39, 39, 39, 39, 39, 39, 39, 39, 39, 39, 39, 39]

===== FIM =====
