===== RESULTADO BRKGA L(2,1) =====
Arquivo: /Users/mateuspedrosa/Documents/TCC-II/BRKGA/data/Harwell-Boeing_cleaned/west0132_clean.mtx

----- Execução #1 -----
[INFO] Parou por estagnação.
Tempo de execução: 16101ms
Span (lambda): 23
best_order = [27, 41, 12, 75, 67, 33, 130, 71, 93, 47, 61, 118, 69, 40, 79, 32, 53, 39, 14, 131, 104, 87, 48, 19, 95, 113, 64, 115, 126, 54, 31, 114, 2, 110, 121, 101, 5, 45, 120, 77, 129, 35, 109, 81, 6, 85, 49, 30, 38, 11, 90, 128, 76, 107, 36, 15, 106, 21, 17, 97, 55, 91, 22, 78, 100, 57, 52, 94, 82, 50, 58, 26, 116, 96, 24, 20, 8, 34, 43, 42, 18, 62, 46, 56, 105, 92, 125, 66, 29, 108, 3, 89, 1, 16, 63, 37, 4, 122, 0, 74, 68, 25, 83, 65, 59, 88, 73, 7, 123, 10, 80, 98, 13, 112, 102, 44, 84, 119, 99, 9, 111, 72, 103, 60, 28, 127, 70, 117, 51, 124, 86, 23]
labeling = [9, 7, 1, 2, 6, 5, 4, 12, 9, 15, 13, 7, 0, 14, 2, 6, 0, 2, 3, 0, 9, 4, 8, 16, 10, 8, 6, 0, 12, 11, 5, 4, 3, 1, 15, 11, 5, 20, 13, 0, 2, 0, 14, 9, 3, 8, 18, 1, 3, 3, 6, 5, 10, 2, 7, 16, 10, 4, 7, 20, 5, 0, 11, 19, 2, 21, 15, 2, 10, 4, 14, 3, 6, 22, 21, 1, 12, 6, 15, 3, 23, 2, 5, 19, 17, 9, 19, 6, 4, 19, 3, 11, 14, 4, 9, 4, 13, 12, 8, 21, 17, 4, 16, 0, 5, 14, 7, 15, 17, 4, 9, 6, 18, 5, 8, 2, 19, 23, 2, 3, 10, 9, 10, 7, 22, 20, 7, 22, 14, 9, 1, 6]
convergência = [24, 24, 24, 24, 24, 24, 24, 24, 24, 24, 24, 24, 24, 24, 24, 24, 24, 24, 23, 23, 23, 23, 23, 23, 23, 23, 23, 23, 23, 23, 23, 23, 23, 23, 23, 23, 23, 23, 23, 23, 23, 23, 23, 23, 23, 23, 23, 23, 23, 23, 23, 23, 23, 23, 23, 23, 23, 23, 23, 23, 23, 23, 23, 23, 23, 23, 23, 23, 23, 23, 23, 23, 23, 23, 23, 23, 23, 23, 23, 23, 23, 23, 23, 23, 23, 23, 23, 23, 23, 23, 23, 23, 23, 23, 23, 23, 23, 23, 23, 23, 23, 23, 23, 23, 23, 23, 23, 23, 23, 23, 23, 23, 23, 23, 23, 23, 23, 23, 23, 23, 23, 23, 23, 23, 23, 23, 23, 23, 23, 23, 23, 23, 23, 23, 23, 23, 23, 23, 23, 23, 23, 23]

===== FIM =====
