===== RESULTADO BRKGA L(2,1) =====
Arquivo: /Users/mateuspedrosa/Documents/TCC-II/BRKGA/data/Harwell-Boeing_cleaned/west0067_clean.mtx

----- Execução #1 -----
[INFO] Parou por estagnação.
Tempo de execução: 5681ms
Span (lambda): 22
best_order = [24, 12, 21, 36, 43, 38, 17, 34, 32, 19, 37, 2, 57, 29, 40, 47, 65, 0, 15, 59, 14, 16, 41, 52, 54, 5, 30, 48, 66, 63, 33, 6, 13, 1, 8, 20, 10, 42, 61, 18, 28, 62, 53, 25, 50, 49, 46, 64, 60, 4, 22, 23, 44, 58, 39, 55, 3, 31, 35, 56, 51, 7, 11, 26, 27, 9, 45]
labeling = [8, 11, 7, 20, 19, 4, 2, 12, 15, 22, 4, 19, 1, 13, 10, 9, 12, 3, 17, 6, 2, 1, 12, 15, 0, 11, 18, 21, 20, 8, 14, 19, 5, 10, 4, 22, 2, 5, 3, 21, 0, 11, 18, 1, 14, 10, 8, 0, 16, 19, 5, 17, 4, 15, 9, 0, 17, 3, 22, 7, 16, 7, 12, 13, 20, 6, 2]
convergência = [25, 25, 25, 24, 24, 24, 24, 24, 24, 24, 24, 24, 24, 24, 24, 24, 24, 24, 24, 24, 24, 24, 24, 24, 24, 23, 23, 23, 23, 23, 23, 23, 23, 23, 23, 23, 23, 23, 23, 23, 23, 23, 23, 23, 23, 23, 23, 23, 23, 23, 23, 23, 23, 23, 23, 23, 23, 23, 23, 23, 23, 23, 23, 23, 23, 23, 23, 23, 23, 23, 23, 23, 23, 23, 23, 23, 23, 23, 23, 23, 23, 23, 23, 23, 23, 23, 23, 23, 23, 23, 23, 23, 23, 23, 23, 23, 23, 23, 23, 23, 23, 23, 23, 22, 22, 22, 22, 22, 22, 22, 22, 22, 22, 22, 22, 22, 22, 22, 22, 22, 22, 22, 22, 22, 22, 22, 22, 22, 22, 22, 22, 22, 22, 22, 22, 22, 22, 22, 22, 22, 22, 22, 22, 22, 22, 22, 22, 22, 22, 22, 22, 22, 22, 22, 22, 22, 22, 22, 22, 22, 22, 22, 22, 22, 22, 22, 22, 22, 22, 22, 22, 22, 22, 22, 22, 22, 22, 22, 22, 22, 22, 22, 22, 22, 22, 22, 22, 22, 22, 22, 22, 22, 22, 22, 22, 22, 22, 22, 22, 22, 22, 22, 22, 22, 22, 22, 22, 22, 22, 22, 22, 22, 22, 22, 22, 22, 22, 22, 22, 22, 22, 22, 22, 22, 22, 22, 22]

===== FIM =====
