===== RESULTADO BRKGA L(2,1) =====
Arquivo: /Users/mateuspedrosa/Documents/TCC-II/BRKGA/data/Harwell-Boeing_cleaned/west0381_clean.mtx

----- Execução #1 -----
[INFO] Parou por estagnação.
Tempo de execução: 260471ms
Span (lambda): 62
best_order = [3, 203, 17, 254, 94, 199, 165, 118, 116, 278, 307, 76, 217, 56, 274, 6, 163, 225, 15, 91, 144, 281, 362, 297, 188, 73, 84, 145, 109, 78, 183, 110, 355, 85, 130, 159, 364, 336, 161, 131, 310, 321, 27, 59, 312, 351, 239, 115, 263, 299, 19, 14, 324, 349, 292, 289, 191, 11, 224, 372, 88, 244, 75, 320, 95, 65, 141, 342, 26, 113, 365, 360, 25, 47, 344, 21, 242, 137, 156, 117, 335, 266, 322, 153, 112, 142, 168, 264, 69, 24, 190, 170, 347, 253, 304, 262, 38, 34, 90, 240, 93, 169, 127, 120, 361, 226, 107, 100, 9, 214, 5, 340, 284, 187, 357, 151, 129, 208, 301, 157, 343, 234, 146, 171, 29, 135, 305, 126, 332, 308, 252, 379, 300, 326, 295, 114, 80, 251, 303, 28, 371, 348, 232, 37, 223, 43, 149, 158, 319, 352, 186, 288, 33, 327, 139, 20, 377, 30, 248, 271, 52, 273, 206, 192, 313, 50, 133, 298, 49, 67, 265, 180, 71, 132, 177, 150, 216, 255, 268, 121, 380, 330, 119, 66, 366, 31, 82, 185, 314, 1, 106, 179, 197, 211, 182, 354, 55, 51, 293, 227, 369, 229, 309, 350, 44, 68, 61, 210, 346, 101, 74, 58, 367, 99, 338, 358, 207, 45, 89, 331, 96, 260, 294, 376, 272, 92, 285, 261, 275, 246, 302, 98, 359, 23, 315, 18, 337, 205, 287, 276, 245, 172, 122, 136, 204, 257, 123, 46, 86, 166, 228, 375, 81, 368, 128, 233, 178, 374, 12, 4, 241, 10, 258, 97, 243, 373, 105, 143, 48, 79, 363, 212, 147, 339, 0, 267, 378, 279, 13, 353, 286, 176, 173, 222, 345, 270, 184, 195, 311, 64, 231, 306, 282, 325, 164, 333, 39, 175, 111, 22, 8, 323, 328, 291, 103, 140, 283, 167, 53, 249, 341, 87, 16, 296, 36, 370, 235, 356, 219, 194, 209, 63, 42, 317, 269, 247, 77, 138, 189, 256, 215, 318, 201, 57, 202, 41, 40, 174, 329, 280, 125, 35, 60, 237, 70, 108, 198, 83, 72, 124, 7, 102, 155, 259, 154, 316, 334, 236, 200, 134, 213, 230, 221, 218, 162, 277, 181, 196, 2, 32, 152, 62, 220, 250, 104, 54, 193, 290, 148, 238, 160]
labeling = [40, 6, 62, 0, 25, 15, 4, 53, 51, 18, 43, 9, 39, 48, 13, 3, 57, 1, 22, 8, 26, 10, 50, 21, 5, 11, 7, 2, 33, 10, 12, 13, 56, 14, 8, 46, 25, 18, 1, 16, 36, 23, 26, 4, 15, 22, 19, 3, 37, 11, 20, 28, 24, 47, 62, 27, 5, 39, 36, 7, 49, 41, 58, 42, 38, 16, 14, 12, 29, 2, 55, 21, 61, 8, 40, 15, 3, 60, 4, 54, 31, 50, 39, 62, 9, 10, 48, 57, 13, 43, 21, 6, 44, 22, 1, 16, 19, 25, 23, 17, 11, 5, 60, 39, 53, 28, 22, 13, 48, 7, 8, 43, 15, 14, 24, 12, 3, 1, 2, 38, 23, 37, 45, 46, 59, 49, 29, 24, 47, 27, 11, 12, 36, 35, 58, 28, 41, 14, 56, 30, 55, 17, 19, 32, 2, 6, 18, 22, 25, 15, 21, 0, 34, 10, 26, 24, 11, 16, 12, 8, 29, 7, 28, 2, 27, 1, 23, 17, 4, 15, 6, 9, 33, 42, 53, 43, 39, 31, 52, 16, 34, 49, 40, 5, 44, 32, 10, 26, 7, 48, 8, 3, 20, 61, 37, 36, 60, 27, 58, 1, 57, 46, 54, 0, 24, 29, 11, 28, 13, 47, 30, 23, 45, 62, 25, 41, 14, 2, 15, 16, 38, 48, 8, 4, 9, 3, 12, 7, 35, 22, 43, 32, 19, 26, 10, 34, 53, 33, 44, 5, 1, 18, 0, 6, 7, 15, 3, 17, 9, 23, 8, 2, 11, 20, 1, 25, 14, 23, 29, 30, 12, 13, 8, 6, 18, 9, 3, 15, 33, 44, 41, 16, 26, 17, 5, 34, 35, 54, 4, 50, 56, 6, 19, 51, 9, 21, 25, 27, 11, 10, 57, 42, 14, 38, 46, 30, 58, 7, 36, 12, 29, 28, 47, 32, 17, 20, 56, 2, 27, 42, 11, 55, 5, 34, 37, 49, 62, 59, 28, 23, 8, 1, 7, 26, 3, 24, 14, 19, 11, 61, 27, 5, 12, 41, 55, 16, 2, 39, 36, 46, 20, 54, 13, 25, 18, 53, 44, 19, 23, 8, 43, 10, 26, 52, 40, 6, 57, 22, 45, 48, 15, 21, 4, 51, 9, 17, 35, 34, 50, 42, 44, 18, 13, 38, 49, 47, 25, 33, 53, 31, 31]
convergência = [68, 67, 66, 66, 66, 66, 66, 66, 66, 66, 66, 66, 66, 66, 66, 66, 66, 65, 65, 65, 65, 65, 65, 65, 65, 65, 65, 65, 65, 64, 64, 64, 64, 64, 64, 64, 64, 64, 64, 64, 64, 64, 64, 64, 64, 64, 64, 64, 64, 64, 64, 64, 64, 64, 64, 64, 64, 64, 64, 64, 64, 64, 64, 64, 64, 63, 63, 63, 63, 63, 63, 63, 63, 63, 63, 63, 63, 63, 63, 63, 63, 63, 63, 63, 63, 63, 63, 63, 63, 63, 63, 63, 63, 63, 63, 63, 63, 63, 63, 63, 63, 63, 63, 63, 63, 63, 63, 63, 63, 63, 63, 63, 63, 63, 63, 63, 63, 63, 63, 63, 63, 63, 63, 63, 63, 63, 63, 63, 63, 63, 63, 63, 63, 63, 63, 63, 63, 63, 63, 63, 63, 63, 63, 63, 63, 63, 63, 63, 63, 63, 63, 63, 63, 63, 63, 63, 63, 63, 63, 62, 62, 62, 62, 62, 62, 62, 62, 62, 62, 62, 62, 62, 62, 62, 62, 62, 62, 62, 62, 62, 62, 62, 62, 62, 62, 62, 62, 62, 62, 62, 62, 62, 62, 62, 62, 62, 62, 62, 62, 62, 62, 62, 62, 62, 62, 62, 62, 62, 62, 62, 62, 62, 62, 62, 62, 62, 62, 62, 62, 62, 62, 62, 62, 62, 62, 62, 62, 62, 62, 62, 62, 62, 62, 62, 62, 62, 62, 62, 62, 62, 62, 62, 62, 62, 62, 62, 62, 62, 62, 62, 62, 62, 62, 62, 62, 62, 62, 62, 62, 62, 62, 62, 62, 62, 62, 62, 62, 62, 62, 62, 62, 62, 62, 62, 62, 62, 62, 62, 62, 62, 62, 62, 62]

===== FIM =====
