===== RESULTADO BRKGA L(2,1) =====
Arquivo: /Users/mateuspedrosa/Documents/TCC-II/BRKGA/data/Harwell-Boeing_cleaned/west0156_clean.mtx

----- Execução #1 -----
[INFO] Parou por estagnação.
Tempo de execução: 10614ms
Span (lambda): 14
best_order = [4, 74, 132, 137, 138, 77, 40, 7, 110, 118, 63, 96, 116, 25, 5, 78, 149, 94, 35, 75, 39, 29, 85, 105, 120, 115, 99, 58, 11, 127, 16, 143, 133, 82, 66, 20, 71, 128, 83, 139, 67, 32, 51, 89, 17, 154, 3, 37, 22, 72, 19, 103, 108, 6, 62, 56, 153, 97, 92, 8, 142, 9, 65, 15, 44, 131, 79, 106, 45, 48, 0, 130, 41, 14, 124, 111, 140, 68, 53, 148, 126, 26, 73, 155, 121, 150, 101, 33, 81, 86, 144, 104, 50, 28, 117, 59, 47, 1, 100, 113, 109, 30, 52, 151, 42, 12, 93, 107, 95, 102, 136, 88, 80, 2, 146, 129, 87, 141, 34, 31, 90, 119, 55, 123, 21, 135, 122, 125, 91, 61, 147, 134, 84, 24, 54, 46, 57, 18, 145, 10, 23, 27, 76, 114, 112, 152, 69, 13, 36, 64, 43, 38, 70, 49, 60, 98]
labeling = [6, 12, 7, 1, 0, 4, 8, 0, 5, 3, 7, 1, 6, 13, 5, 4, 4, 2, 0, 5, 7, 3, 6, 8, 14, 3, 9, 10, 9, 1, 7, 6, 6, 0, 4, 0, 4, 2, 13, 2, 1, 0, 2, 12, 3, 10, 10, 7, 6, 14, 9, 4, 12, 8, 10, 7, 6, 13, 2, 9, 14, 6, 2, 0, 7, 5, 4, 3, 2, 10, 14, 6, 8, 1, 0, 3, 9, 0, 2, 3, 9, 2, 2, 6, 3, 1, 11, 8, 4, 1, 11, 12, 5, 4, 4, 8, 1, 0, 11, 2, 6, 10, 11, 5, 7, 0, 3, 5, 7, 5, 0, 8, 13, 11, 13, 0, 3, 0, 2, 11, 3, 7, 10, 12, 0, 13, 8, 4, 5, 2, 9, 1, 0, 1, 5, 9, 11, 1, 2, 4, 6, 3, 7, 5, 11, 12, 9, 4, 9, 0, 5, 5, 12, 3, 3, 10]
convergência = [15, 15, 15, 15, 15, 15, 15, 14, 14, 14, 14, 14, 14, 14, 14, 14, 14, 14, 14, 14, 14, 14, 14, 14, 14, 14, 14, 14, 14, 14, 14, 14, 14, 14, 14, 14, 14, 14, 14, 14, 14, 14, 14, 14, 14, 14, 14, 14, 14, 14, 14, 14, 14, 14, 14, 14, 14, 14, 14, 14, 14, 14, 14, 14, 14, 14, 14, 14, 14, 14, 14, 14, 14, 14, 14, 14, 14, 14, 14, 14, 14, 14, 14, 14, 14, 14, 14, 14, 14, 14, 14, 14, 14, 14, 14, 14, 14, 14, 14, 14, 14, 14, 14, 14, 14, 14, 14, 14, 14, 14, 14, 14, 14, 14, 14, 14, 14, 14, 14, 14, 14, 14, 14, 14, 14, 14, 14, 14, 14, 14, 14]

===== FIM =====
