===== RESULTADO BRKGA L(2,1) =====
Arquivo: /Users/mateuspedrosa/Documents/TCC-II/BRKGA/data/Harwell-Boeing_cleaned/west1505_clean.mtx

----- Execução #1 -----
[INFO] Parou por estagnação.
Tempo de execução: 239544ms
Span (lambda): 36
best_order = [247, 1195, 4, 1019, 952, 1266, 797, 768, 1142, 1009, 1117, 380, 1101, 113, 1159, 933, 790, 811, 870, 1426, 15, 49, 421, 1031, 322, 1503, 623, 1050, 959, 1496, 1256, 478, 1387, 46, 62, 130, 135, 542, 1459, 176, 989, 803, 83, 1146, 22, 756, 1491, 642, 729, 496, 45, 707, 863, 929, 872, 629, 29, 110, 231, 1190, 921, 186, 534, 722, 1161, 1214, 1154, 8, 540, 1090, 508, 550, 1155, 718, 655, 1215, 1365, 1197, 17, 368, 956, 583, 276, 1386, 760, 1068, 275, 1433, 949, 1457, 148, 836, 809, 860, 800, 596, 94, 245, 170, 844, 1390, 527, 319, 954, 241, 295, 238, 974, 451, 890, 273, 1311, 1226, 711, 1134, 915, 1477, 41, 367, 1026, 648, 666, 1132, 1308, 1397, 761, 538, 224, 435, 927, 1463, 1121, 726, 279, 257, 305, 1172, 445, 1097, 999, 1469, 1053, 423, 1462, 641, 230, 1330, 1133, 1309, 1150, 817, 191, 762, 1432, 1007, 814, 348, 424, 1492, 304, 1420, 841, 825, 1260, 364, 1185, 489, 1352, 1116, 1421, 1296, 64, 36, 652, 270, 1407, 769, 1072, 415, 39, 1193, 856, 1237, 357, 403, 51, 265, 600, 1468, 818, 1350, 474, 1074, 885, 909, 392, 328, 263, 734, 258, 1203, 233, 656, 970, 1085, 816, 1004, 232, 1120, 447, 92, 1329, 193, 391, 120, 532, 910, 91, 334, 670, 1069, 1434, 1112, 1106, 1029, 1502, 924, 471, 37, 79, 1280, 714, 835, 128, 78, 805, 147, 1205, 757, 587, 866, 832, 306, 953, 141, 1408, 266, 1302, 1429, 1041, 127, 350, 1244, 638, 852, 323, 833, 1261, 396, 1164, 209, 1243, 448, 1315, 1450, 880, 687, 876, 547, 720, 545, 331, 172, 434, 284, 132, 123, 1284, 503, 1250, 422, 650, 1011, 354, 539, 69, 386, 313, 1092, 660, 529, 77, 559, 324, 1025, 381, 1212, 630, 196, 1334, 1269, 572, 1286, 1417, 96, 992, 1414, 669, 704, 1020, 248, 1147, 575, 950, 1043, 577, 359, 457, 1467, 1287, 561, 1346, 606, 1341, 157, 1274, 1128, 1213, 55, 906, 481, 414, 1075, 220, 73, 1458, 1063, 822, 475, 766, 698, 1188, 724, 640, 235, 763, 514, 1443, 1136, 815, 976, 1129, 390, 87, 417, 696, 152, 674, 839, 737, 622, 685, 611, 34, 715, 339, 363, 346, 1228, 1487, 450, 1055, 1105, 544, 498, 748, 142, 598, 557, 185, 947, 126, 228, 289, 1342, 1109, 470, 239, 567, 402, 347, 1196, 1236, 1143, 736, 11, 1378, 109, 537, 556, 1427, 1423, 691, 755, 673, 1356, 302, 721, 118, 847, 219, 1363, 1249, 1327, 644, 893, 1406, 137, 1369, 979, 574, 1473, 1005, 1474, 936, 618, 117, 1081, 1013, 684, 967, 1333, 453, 821, 507, 1071, 592, 1064, 280, 590, 1024, 1145, 1273, 701, 973, 828, 951, 1035, 1028, 708, 1165, 225, 104, 116, 1191, 56, 1377, 486, 1184, 783, 960, 58, 1400, 946, 1267, 1152, 576, 824, 1169, 1379, 48, 253, 242, 1234, 635, 1235, 904, 838, 252, 19, 197, 581, 1348, 1148, 1461, 16, 1405, 1037, 85, 86, 213, 89, 458, 377, 168, 1382, 990, 823, 827, 218, 925, 765, 25, 38, 916, 511, 1307, 393, 719, 178, 855, 1304, 1361, 72, 1489, 1485, 1014, 632, 1376, 1419, 483, 165, 439, 1139, 1275, 912, 791, 657, 1178, 758, 884, 1294, 1375, 1122, 159, 898, 1483, 337, 882, 269, 1380, 578, 706, 1464, 1383, 604, 376, 441, 506, 1288, 1210, 918, 68, 1495, 1103, 1283, 517, 565, 211, 1008, 1079, 1314, 244, 903, 1441, 1217, 297, 217, 495, 1422, 461, 566, 229, 948, 358, 473, 429, 47, 161, 33, 873, 569, 504, 1389, 899, 1082, 1359, 1347, 865, 1466, 50, 664, 384, 513, 926, 862, 579, 480, 362, 972, 281, 1370, 682, 1091, 221, 340, 980, 1021, 183, 1416, 1316, 338, 459, 151, 883, 932, 236, 88, 742, 703, 717, 627, 608, 1107, 702, 24, 940, 1322, 477, 1183, 1052, 462, 1388, 612, 1174, 770, 375, 156, 1278, 1098, 804, 1022, 621, 679, 1017, 121, 1343, 153, 342, 808, 907, 993, 493, 112, 108, 789, 667, 1435, 399, 454, 1016, 456, 1176, 301, 1465, 801, 432, 913, 1336, 373, 93, 296, 1481, 412, 568, 858, 772, 1448, 1077, 179, 145, 634, 1225, 743, 431, 344, 329, 774, 1344, 138, 837, 1289, 896, 619, 969, 455, 1471, 1500, 26, 1010, 753, 1179, 741, 597, 410, 131, 227, 732, 366, 826, 9, 731, 1239, 695, 57, 1062, 81, 1338, 661, 106, 620, 114, 571, 1264, 320, 293, 1127, 1255, 645, 778, 1048, 1357, 683, 352, 374, 1065, 878, 978, 1252, 314, 1501, 1412, 66, 533, 20, 1303, 143, 466, 771, 476, 1366, 749, 519, 1295, 798, 1430, 1439, 1046, 1331, 370, 937, 365, 681, 164, 843, 71, 588, 134, 773, 796, 1001, 160, 920, 1259, 1410, 1194, 63, 173, 646, 886, 981, 658, 595, 1141, 1126, 223, 1251, 1328, 283, 739, 680, 586, 730, 1340, 60, 436, 1151, 848, 750, 1305, 573, 300, 1003, 1168, 167, 1039, 615, 398, 1060, 425, 382, 1114, 1270, 991, 472, 700, 397, 675, 1045, 914, 879, 968, 509, 268, 1399, 1089, 891, 177, 995, 379, 902, 1403, 1073, 589, 341, 1227, 1368, 274, 1083, 775, 1404, 1135, 516, 184, 388, 846, 1023, 80, 659, 895, 788, 745, 869, 1478, 1396, 312, 1248, 810, 1058, 1345, 1415, 501, 626, 206, 1339, 988, 240, 1413, 1018, 616, 1119, 767, 1373, 671, 984, 793, 1157, 1061, 272, 1428, 1171, 908, 964, 1144, 639, 54, 237, 115, 1306, 1124, 419, 994, 1360, 194, 1444, 1033, 546, 1209, 795, 723, 1490, 857, 125, 479, 215, 1409, 582, 1138, 174, 1094, 199, 14, 1472, 505, 122, 427, 877, 494, 1038, 1208, 1216, 977, 941, 1189, 207, 1321, 243, 930, 580, 943, 438, 1130, 316, 1425, 651, 957, 1000, 1475, 286, 1268, 1056, 443, 563, 1312, 962, 460, 881, 21, 1451, 1049, 958, 1504, 330, 1398, 530, 1279, 1402, 1087, 162, 262, 1460, 188, 136, 246, 53, 40, 754, 725, 923, 1364, 101, 1310, 733, 1335, 859, 171, 944, 1182, 1223, 13, 820, 264, 1282, 813, 607, 353, 1100, 321, 10, 6, 1332, 1498, 1317, 418, 1486, 849, 764, 1218, 955, 601, 308, 1299, 520, 299, 997, 378, 267, 433, 1099, 1323, 875, 133, 463, 1088, 705, 782, 637, 203, 1078, 52, 416, 210, 5, 1493, 531, 610, 446, 558, 668, 1454, 889, 1276, 349, 934, 942, 1170, 564, 465, 254, 1447, 663, 315, 643, 400, 82, 1290, 226, 672, 928, 484, 74, 787, 738, 551, 30, 204, 488, 693, 2, 356, 1254, 413, 1030, 1446, 1391, 1118, 166, 613, 710, 76, 440, 294, 260, 892, 709, 728, 395, 1076, 1211, 536, 549, 1123, 1240, 497, 591, 894, 201, 1158, 288, 1351, 518, 716, 854, 1263, 935, 28, 901, 1453, 383, 1482, 1455, 332, 200, 430, 35, 1285, 1353, 555, 146, 1456, 1313, 1156, 665, 256, 1047, 987, 1479, 874, 1385, 107, 751, 212, 625, 372, 636, 394, 59, 692, 1067, 444, 1258, 688, 662, 192, 1, 631, 521, 1494, 806, 1257, 1292, 67, 1181, 1125, 1349, 971, 1080, 100, 1411, 1324, 752, 541, 850, 512, 1431, 250, 449, 1401, 1367, 428, 900, 983, 317, 1372, 785, 1355, 1298, 1300, 216, 303, 1202, 499, 492, 1220, 1163, 599, 548, 966, 1436, 917, 676, 144, 180, 195, 552, 1231, 1219, 829, 996, 1418, 1198, 905, 1177, 1173, 409, 360, 888, 99, 1149, 311, 747, 97, 945, 523, 861, 1111, 70, 1224, 812, 129, 234, 677, 1318, 727, 291, 633, 776, 426, 1392, 1200, 1199, 998, 12, 32, 169, 1281, 467, 326, 1221, 385, 807, 1242, 712, 404, 1445, 515, 187, 343, 1440, 1241, 298, 1277, 617, 802, 1131, 1293, 982, 1438, 487, 1140, 139, 278, 694, 490, 442, 975, 1153, 1104, 335, 1452, 746, 345, 624, 1449, 1042, 605, 111, 1036, 95, 1297, 713, 939, 602, 603, 1059, 842, 285, 562, 1115, 609, 75, 794, 1499, 1012, 27, 502, 44, 485, 208, 407, 1354, 327, 593, 919, 1187, 1204, 154, 868, 1238, 1034, 1206, 371, 181, 528, 351, 585, 261, 310, 307, 1320, 1084, 553, 124, 799, 686, 98, 887, 1480, 524, 897, 780, 103, 961, 150, 1054, 271, 526, 198, 255, 1358, 1096, 468, 1272, 222, 845, 259, 90, 149, 1167, 1051, 649, 522, 781, 554, 464, 744, 1057, 140, 922, 1222, 931, 614, 102, 1162, 784, 871, 1230, 1108, 336, 1301, 355, 678, 535, 1175, 369, 1086, 406, 1015, 189, 1265, 1484, 1291, 500, 840, 31, 1319, 1325, 543, 1180, 1160, 1186, 867, 1066, 292, 777, 65, 318, 482, 249, 405, 401, 1394, 437, 0, 1470, 325, 1247, 911, 105, 309, 420, 1113, 1137, 786, 411, 1040, 1002, 986, 1442, 1381, 408, 1371, 735, 155, 1102, 1393, 251, 1093, 1027, 389, 864, 1384, 594, 525, 361, 119, 23, 1095, 830, 163, 963, 387, 1232, 1246, 654, 570, 834, 158, 1070, 831, 452, 689, 1006, 740, 510, 647, 985, 1192, 819, 560, 277, 282, 1166, 18, 61, 333, 1201, 1488, 1253, 628, 1245, 1110, 1271, 1362, 214, 1395, 1207, 759, 690, 290, 7, 584, 1497, 202, 1233, 1476, 965, 182, 287, 205, 1437, 699, 175, 1424, 792, 1032, 653, 1229, 469, 1326, 190, 491, 1374, 851, 3, 43, 1337, 853, 42, 779, 84, 1044, 1262, 938, 697]
labeling = [6, 10, 4, 7, 0, 7, 2, 17, 1, 8, 12, 6, 13, 5, 11, 0, 9, 3, 14, 4, 7, 10, 0, 15, 3, 6, 0, 1, 5, 2, 1, 5, 12, 11, 2, 1, 4, 8, 10, 6, 14, 4, 19, 16, 9, 0, 1, 11, 6, 0, 6, 4, 12, 15, 8, 6, 3, 0, 6, 14, 13, 10, 2, 4, 2, 16, 10, 2, 1, 0, 7, 3, 5, 7, 7, 15, 8, 5, 2, 1, 15, 3, 16, 3, 17, 9, 15, 10, 18, 16, 25, 12, 11, 20, 5, 35, 13, 26, 24, 34, 29, 27, 35, 36, 17, 18, 14, 32, 19, 15, 4, 31, 19, 0, 22, 26, 16, 9, 2, 22, 2, 16, 25, 9, 6, 5, 0, 7, 4, 21, 1, 21, 10, 29, 22, 2, 28, 7, 11, 27, 31, 7, 2, 2, 9, 16, 18, 6, 0, 3, 3, 7, 0, 1, 30, 23, 13, 3, 22, 6, 5, 9, 13, 35, 17, 4, 0, 6, 3, 13, 2, 15, 0, 10, 10, 35, 0, 25, 12, 6, 16, 2, 9, 6, 18, 1, 0, 3, 21, 22, 27, 0, 13, 1, 3, 2, 0, 12, 31, 24, 22, 27, 11, 6, 15, 3, 14, 24, 28, 1, 0, 4, 14, 5, 22, 23, 31, 15, 17, 14, 11, 19, 33, 5, 3, 4, 21, 20, 14, 8, 1, 5, 10, 7, 9, 5, 13, 25, 1, 7, 27, 3, 8, 10, 16, 6, 27, 0, 5, 24, 18, 22, 0, 2, 6, 19, 10, 4, 6, 33, 21, 32, 24, 8, 18, 5, 0, 12, 16, 15, 9, 6, 1, 0, 22, 5, 4, 4, 2, 0, 7, 8, 11, 18, 2, 27, 19, 17, 18, 8, 6, 15, 33, 16, 26, 0, 1, 6, 19, 17, 8, 11, 12, 28, 7, 10, 12, 26, 30, 8, 0, 18, 9, 4, 9, 0, 1, 13, 20, 3, 6, 3, 2, 5, 7, 2, 30, 31, 0, 17, 22, 6, 5, 3, 2, 1, 31, 11, 4, 4, 4, 9, 8, 14, 18, 31, 7, 14, 11, 27, 1, 32, 20, 25, 1, 9, 24, 3, 8, 5, 32, 36, 16, 4, 2, 25, 24, 3, 2, 35, 21, 26, 19, 20, 22, 17, 3, 7, 15, 11, 0, 3, 0, 1, 0, 9, 3, 11, 19, 16, 12, 6, 4, 5, 18, 8, 6, 10, 17, 15, 0, 3, 0, 2, 18, 27, 5, 2, 7, 13, 14, 15, 10, 15, 0, 2, 21, 9, 3, 2, 7, 0, 6, 5, 1, 12, 9, 15, 18, 2, 22, 21, 17, 31, 11, 9, 24, 34, 14, 7, 0, 14, 23, 3, 3, 0, 10, 6, 1, 6, 2, 4, 35, 9, 21, 18, 15, 5, 13, 19, 24, 4, 10, 17, 24, 23, 15, 12, 0, 14, 8, 9, 18, 10, 7, 10, 21, 20, 4, 19, 14, 8, 24, 13, 15, 30, 7, 19, 4, 5, 31, 34, 3, 4, 27, 18, 1, 28, 12, 24, 33, 3, 29, 7, 13, 3, 8, 7, 0, 16, 22, 5, 5, 0, 6, 12, 1, 16, 31, 23, 24, 33, 9, 30, 32, 20, 32, 8, 30, 5, 5, 11, 6, 22, 3, 4, 4, 0, 5, 6, 2, 18, 3, 32, 9, 12, 23, 2, 7, 16, 2, 25, 28, 7, 2, 6, 5, 3, 11, 2, 29, 5, 33, 30, 31, 14, 4, 2, 7, 5, 9, 8, 8, 24, 11, 5, 6, 6, 13, 3, 26, 12, 10, 0, 4, 28, 23, 0, 7, 21, 3, 4, 1, 25, 27, 17, 3, 18, 9, 11, 4, 23, 24, 3, 7, 27, 9, 18, 15, 19, 26, 13, 6, 4, 33, 22, 23, 25, 14, 23, 10, 8, 0, 2, 29, 27, 21, 11, 26, 1, 0, 25, 17, 23, 4, 9, 11, 16, 0, 14, 6, 4, 0, 11, 8, 4, 20, 36, 7, 34, 8, 26, 1, 10, 8, 0, 3, 6, 21, 24, 5, 11, 19, 29, 12, 9, 0, 15, 4, 3, 2, 25, 30, 0, 6, 17, 5, 8, 9, 9, 22, 19, 13, 14, 6, 5, 20, 3, 19, 17, 25, 8, 16, 12, 18, 2, 0, 10, 1, 7, 15, 5, 7, 10, 11, 28, 9, 0, 4, 14, 15, 1, 24, 21, 1, 3, 18, 12, 4, 1, 9, 2, 1, 13, 6, 20, 4, 23, 11, 2, 24, 15, 12, 25, 2, 31, 10, 9, 16, 14, 26, 0, 1, 10, 32, 13, 27, 31, 13, 21, 23, 8, 29, 22, 25, 16, 3, 5, 15, 13, 3, 8, 10, 2, 1, 5, 4, 17, 0, 1, 11, 8, 6, 12, 19, 11, 24, 31, 2, 33, 30, 8, 1, 12, 12, 10, 25, 19, 9, 3, 2, 14, 32, 10, 1, 14, 7, 2, 12, 25, 1, 8, 5, 0, 18, 0, 20, 16, 11, 4, 13, 0, 21, 16, 5, 10, 4, 3, 6, 35, 16, 11, 8, 12, 10, 1, 2, 2, 4, 9, 29, 34, 4, 9, 33, 5, 0, 8, 13, 10, 30, 2, 27, 17, 1, 32, 20, 12, 7, 6, 8, 29, 7, 36, 19, 14, 3, 12, 4, 22, 1, 21, 5, 0, 27, 4, 6, 7, 28, 13, 0, 14, 1, 7, 24, 15, 9, 29, 13, 19, 2, 26, 18, 20, 17, 9, 14, 25, 10, 30, 4, 12, 6, 6, 14, 20, 16, 23, 2, 12, 1, 11, 28, 11, 8, 30, 7, 21, 19, 0, 2, 33, 4, 7, 24, 5, 11, 25, 13, 23, 18, 2, 32, 13, 6, 10, 0, 4, 20, 1, 12, 5, 4, 0, 7, 12, 2, 6, 35, 31, 9, 18, 28, 7, 15, 25, 9, 8, 18, 2, 4, 7, 0, 11, 1, 14, 2, 4, 6, 1, 14, 28, 20, 35, 22, 31, 12, 6, 21, 2, 3, 24, 10, 9, 0, 23, 4, 8, 3, 5, 6, 20, 26, 25, 23, 30, 5, 24, 22, 1, 16, 27, 7, 20, 29, 28, 14, 30, 32, 2, 4, 16, 33, 26, 5, 15, 35, 4, 18, 0, 23, 8, 30, 2, 17, 32, 22, 3, 24, 0, 7, 6, 5, 8, 10, 6, 0, 34, 15, 5, 13, 2, 35, 5, 21, 4, 17, 0, 14, 0, 9, 1, 7, 4, 23, 6, 8, 20, 15, 19, 2, 23, 8, 3, 26, 0, 15, 18, 13, 19, 2, 10, 14, 1, 2, 1, 3, 16, 1, 7, 24, 9, 2, 13, 4, 2, 24, 8, 21, 6, 23, 4, 5, 3, 11, 3, 4, 9, 14, 16, 2, 15, 5, 34, 18, 11, 31, 3, 2, 25, 19, 1, 33, 5, 16, 8, 1, 7, 3, 6, 35, 12, 5, 26, 10, 15, 4, 0, 20, 15, 9, 0, 13, 21, 19, 5, 16, 11, 0, 1, 17, 22, 7, 8, 6, 29, 11, 26, 13, 12, 34, 25, 1, 10, 18, 16, 0, 7, 17, 29, 5, 1, 3, 23, 5, 6, 20, 17, 9, 0, 22, 1, 27, 19, 8, 7, 13, 23, 1, 9, 7, 5, 0, 11, 15, 28, 12, 25, 14, 14, 31, 5, 17, 11, 8, 4, 32, 24, 9, 1, 2, 3, 9, 0, 16, 0, 3, 1, 16, 26, 21, 10, 15, 5, 24, 2, 22, 23, 15, 11, 13, 4, 1, 2, 0, 2, 17, 0, 16, 20, 32, 28, 28, 17, 8, 7, 1, 20, 4, 30, 26, 5, 15, 35, 8, 3, 2, 1, 19, 14, 19, 25, 21, 6, 0, 11, 34, 29, 16, 5, 2, 17, 21, 35, 2, 10, 1, 6, 14, 7, 6, 4, 26, 28, 18, 31, 0, 5, 25, 9, 21, 36, 33, 12, 13, 2, 26, 30, 16, 15, 4, 7, 22, 14, 1, 19, 11, 5, 10, 8, 3, 28, 23, 26, 10, 15, 6, 0, 20, 2, 23, 13, 1, 19, 11, 21, 26, 10, 3, 5, 2, 1, 22, 3, 4, 0, 9, 14, 2, 18, 28, 0, 2, 4, 0, 24, 30, 7, 20, 8, 4, 6, 27, 6, 3, 24, 9, 33, 13, 21, 11, 1, 3, 1, 14, 2, 5, 10, 6, 17, 3, 26, 2, 6, 28, 27, 5, 15, 30, 8, 23, 4, 19, 12, 4, 0, 11, 11, 22, 11, 9, 31, 29, 15, 8, 16, 19, 6, 5, 8, 12, 27, 15, 2, 34, 25, 1, 0, 16, 13, 0, 18, 23, 34, 22, 28, 6, 2, 20, 0, 7, 25, 21, 17, 8, 14, 13, 1, 1, 1, 2, 24, 16, 23, 1, 19, 11, 8, 27, 7, 5, 3, 17, 12, 35, 15, 0, 2, 3, 9, 4, 4, 1, 0, 7, 17, 25, 34, 32, 0, 31, 13, 1, 6, 18, 23, 21, 16, 11, 28, 1, 19, 21, 4, 20, 24, 26, 4, 8, 2, 7, 14, 5, 0, 9, 10, 6, 1, 7, 1, 0, 8, 13, 2, 5, 17, 12, 4, 13, 28, 19, 15, 5, 14, 13, 10, 11, 3, 20, 5, 4, 3, 6, 20, 7, 10, 1, 35, 18, 23, 2, 16, 7, 0, 22]
convergência = [37, 37, 37, 37, 37, 37, 36, 36, 36, 36, 36, 36, 36, 36, 36, 36, 36, 36, 36, 36, 36, 36, 36, 36, 36, 36, 36, 36, 36, 36, 36, 36, 36, 36, 36, 36, 36, 36, 36, 36, 36, 36, 36, 36, 36, 36, 36, 36, 36, 36, 36, 36, 36, 36, 36, 36, 36, 36, 36, 36, 36, 36, 36, 36, 36, 36, 36, 36, 36, 36, 36, 36, 36, 36, 36, 36, 36, 36, 36, 36, 36, 36, 36, 36, 36, 36, 36, 36, 36, 36, 36, 36, 36, 36, 36, 36, 36, 36, 36, 36, 36, 36, 36, 36, 36, 36, 36, 36, 36, 36, 36, 36, 36, 36, 36, 36, 36, 36, 36, 36, 36, 36, 36, 36, 36, 36, 36, 36, 36, 36]

===== FIM =====
