===== RESULTADO BRKGA L(2,1) =====
Arquivo: /Users/mateuspedrosa/Documents/TCC-II/BRKGA/data/Harwell-Boeing_cleaned/west2021_clean.mtx

----- Execução #1 -----
[INFO] Parou por estagnação.
Tempo de execução: 320150ms
Span (lambda): 36
best_order = [580, 984, 1264, 1558, 313, 222, 120, 1113, 204, 565, 41, 425, 1543, 1300, 1211, 1877, 1534, 1583, 1658, 1123, 450, 1002, 234, 1491, 1754, 1949, 1803, 961, 790, 65, 637, 1495, 1145, 1017, 7, 1423, 1746, 282, 1561, 69, 297, 482, 1085, 571, 1198, 1743, 689, 1875, 1996, 1204, 178, 264, 672, 494, 1794, 1115, 301, 1661, 563, 1023, 1241, 574, 521, 531, 1653, 1594, 1937, 1131, 2005, 1925, 1679, 1329, 1884, 1234, 1010, 1, 1232, 1726, 385, 1439, 487, 677, 723, 1642, 290, 1627, 983, 1375, 921, 392, 622, 737, 375, 1516, 1840, 363, 1028, 1476, 1236, 1285, 16, 665, 348, 60, 541, 1276, 587, 1038, 1267, 1811, 104, 1284, 1235, 525, 1180, 1374, 1278, 527, 564, 223, 748, 123, 478, 528, 1867, 278, 1254, 749, 1908, 1789, 1161, 231, 454, 599, 801, 1124, 73, 1685, 462, 1190, 1890, 1163, 552, 1705, 1544, 334, 1359, 1079, 633, 976, 136, 794, 1580, 752, 1460, 706, 873, 326, 618, 1060, 235, 917, 1438, 1407, 1414, 426, 919, 1081, 1870, 866, 1593, 1455, 1576, 837, 459, 1387, 1093, 4, 1630, 1684, 443, 1320, 1481, 1249, 477, 783, 670, 894, 797, 813, 1651, 1510, 1138, 1533, 1588, 1501, 561, 277, 799, 1220, 966, 1409, 153, 1413, 1310, 168, 347, 680, 1298, 1322, 1029, 1824, 1221, 1619, 1448, 1078, 1785, 1755, 255, 1711, 1668, 139, 503, 401, 1244, 857, 1233, 1194, 428, 1027, 878, 39, 306, 1365, 246, 1686, 805, 1389, 1672, 1733, 1602, 349, 558, 1334, 267, 1274, 1667, 1166, 1632, 992, 1110, 741, 1499, 147, 1820, 960, 1900, 1578, 191, 1504, 583, 1990, 94, 1039, 148, 488, 1073, 164, 1520, 1911, 380, 1043, 1420, 1053, 671, 1815, 1283, 35, 1317, 122, 1199, 793, 1430, 1507, 251, 1823, 1765, 1572, 1332, 327, 1857, 1735, 702, 1396, 1485, 512, 1275, 1094, 1292, 1770, 479, 1315, 1568, 610, 1915, 1160, 889, 2016, 1694, 914, 641, 1164, 1327, 1269, 1934, 650, 1784, 1935, 872, 270, 991, 993, 1988, 2018, 128, 498, 101, 1985, 1536, 1422, 661, 504, 1601, 530, 457, 987, 291, 271, 1226, 551, 1449, 885, 1492, 782, 1939, 46, 1134, 1291, 1546, 1346, 1195, 1435, 1873, 952, 1129, 1394, 1636, 954, 262, 1335, 731, 986, 1787, 1120, 406, 768, 381, 517, 1577, 481, 1474, 1582, 1938, 1641, 852, 520, 1486, 228, 1059, 143, 1833, 570, 227, 439, 233, 127, 1699, 499, 823, 996, 298, 403, 1783, 1425, 31, 1011, 829, 1736, 423, 1597, 779, 1822, 415, 29, 955, 163, 908, 268, 858, 61, 435, 1302, 1411, 32, 1046, 1828, 389, 645, 1521, 1768, 53, 1487, 1660, 293, 1723, 626, 130, 1598, 1774, 1997, 0, 205, 183, 674, 338, 286, 990, 639, 1472, 390, 833, 1956, 1645, 1966, 1379, 1398, 172, 985, 703, 1026, 1229, 1859, 67, 84, 968, 1477, 1240, 491, 847, 1731, 1611, 1586, 1579, 1852, 510, 758, 589, 1052, 877, 50, 1553, 2003, 305, 995, 757, 1626, 1961, 518, 868, 1307, 646, 1786, 1777, 108, 1618, 1431, 943, 1273, 1878, 447, 346, 649, 1037, 1306, 27, 550, 1147, 345, 154, 378, 835, 614, 769, 5, 1149, 1465, 764, 796, 668, 523, 1242, 152, 1880, 10, 1674, 1927, 1333, 1835, 816, 314, 1416, 1634, 1258, 1404, 1384, 1863, 669, 336, 879, 116, 1213, 1671, 430, 772, 131, 1885, 569, 1464, 1341, 713, 1792, 750, 433, 546, 296, 1609, 1014, 280, 729, 360, 838, 1762, 804, 738, 408, 1066, 197, 1830, 939, 1916, 681, 252, 1209, 1090, 358, 686, 332, 212, 977, 998, 1903, 944, 1071, 90, 774, 40, 1929, 14, 1207, 1708, 732, 1506, 1539, 1681, 1855, 1631, 839, 897, 1614, 1316, 1326, 636, 1652, 642, 1188, 1428, 909, 215, 1714, 1126, 337, 497, 1604, 1655, 1825, 1193, 466, 781, 821, 522, 1837, 379, 751, 867, 937, 1896, 1555, 1461, 1790, 221, 1157, 1189, 595, 760, 1000, 1370, 324, 1810, 1729, 1277, 74, 1224, 1225, 1256, 367, 1348, 455, 696, 1035, 1952, 1312, 1103, 675, 678, 78, 1721, 1613, 1698, 1057, 1901, 1141, 1347, 1467, 238, 862, 585, 1995, 1712, 1665, 1919, 1009, 959, 144, 91, 1584, 1088, 121, 1752, 1471, 1725, 38, 394, 509, 43, 371, 1271, 284, 1352, 1377, 70, 1557, 1168, 1946, 1730, 1662, 1689, 1075, 970, 1426, 989, 1673, 1526, 1918, 920, 1391, 3, 1760, 370, 616, 540, 1656, 755, 374, 874, 1745, 630, 451, 822, 1522, 1727, 58, 320, 24, 1551, 1419, 982, 402, 1250, 1462, 245, 1564, 1914, 511, 853, 19, 1654, 1128, 470, 716, 225, 542, 1836, 1570, 1737, 1259, 824, 1886, 1664, 47, 519, 352, 1779, 735, 967, 1718, 506, 388, 364, 1100, 475, 1605, 261, 335, 1991, 434, 1659, 932, 1381, 1304, 1893, 1323, 1063, 103, 578, 1930, 1571, 409, 449, 841, 1139, 1757, 1793, 881, 1351, 361, 918, 1436, 1171, 739, 1503, 1861, 949, 1083, 1165, 1625, 562, 316, 1118, 1871, 341, 1862, 240, 863, 1523, 1005, 1592, 1376, 884, 1215, 500, 975, 1695, 448, 350, 1450, 1480, 1493, 573, 465, 910, 586, 800, 438, 1556, 1061, 1713, 294, 1669, 86, 596, 1132, 906, 187, 718, 1116, 1031, 572, 1025, 1156, 112, 1421, 663, 321, 1001, 1965, 315, 1913, 1906, 1829, 736, 391, 6, 625, 687, 843, 1218, 700, 557, 1574, 1780, 1125, 1856, 1541, 627, 107, 1415, 1819, 1606, 1788, 1951, 413, 182, 1443, 1473, 317, 302, 901, 1182, 1621, 927, 1983, 200, 213, 1309, 1926, 1841, 1262, 1928, 241, 795, 1883, 416, 602, 965, 536, 1843, 953, 1799, 1395, 1505, 819, 1191, 1091, 1845, 590, 539, 1948, 1343, 1222, 484, 611, 1392, 1469, 743, 1638, 356, 1054, 1174, 603, 606, 1036, 126, 1566, 1170, 545, 2013, 767, 940, 1945, 1227, 869, 820, 1639, 206, 1850, 193, 747, 141, 387, 856, 1844, 516, 1527, 1183, 418, 410, 704, 1548, 109, 1345, 2, 188, 1936, 1751, 397, 1488, 1122, 1550, 1791, 1280, 1447, 543, 1058, 319, 495, 1107, 1159, 803, 1342, 1272, 958, 711, 592, 186, 924, 1603, 724, 1142, 256, 929, 926, 1203, 893, 180, 628, 1050, 1371, 1080, 303, 1518, 851, 1648, 708, 1809, 1643, 275, 942, 1087, 1405, 1942, 2014, 1457, 441, 218, 513, 1767, 1324, 1424, 1759, 1764, 1849, 1537, 1294, 132, 898, 260, 655, 870, 1070, 242, 1282, 1018, 815, 1144, 445, 1367, 508, 733, 844, 643, 1152, 666, 773, 1623, 1257, 274, 891, 1847, 1040, 15, 1263, 411, 555, 1808, 1980, 1801, 880, 1742, 1364, 420, 766, 903, 648, 1490, 145, 1303, 812, 660, 33, 1047, 36, 1904, 1349, 544, 1960, 685, 96, 1056, 22, 1388, 142, 1456, 114, 220, 1756, 1693, 1445, 105, 761, 964, 1143, 214, 165, 1738, 1196, 951, 2008, 1805, 219, 1622, 1769, 87, 44, 1177, 1804, 1210, 1958, 941, 629, 106, 30, 1286, 1868, 1675, 1173, 1982, 304, 745, 259, 1535, 656, 896, 432, 1151, 1864, 2007, 1402, 1876, 211, 473, 1045, 601, 174, 1451, 431, 1701, 1569, 1158, 1749, 535, 1957, 657, 1357, 1096, 1816, 1003, 1065, 93, 647, 1683, 1452, 1970, 1509, 1702, 1150, 279, 620, 357, 2020, 468, 2011, 436, 203, 1372, 199, 1338, 230, 1758, 786, 1912, 1130, 1530, 1383, 1716, 1542, 865, 1515, 938, 876, 1931, 1796, 1981, 899, 912, 362, 115, 2019, 936, 1019, 1390, 1881, 1967, 1575, 1202, 1453, 395, 444, 789, 1750, 83, 765, 1512, 1907, 1993, 947, 1399, 452, 617, 1101, 771, 594, 759, 1869, 1620, 414, 331, 566, 1888, 493, 683, 831, 149, 77, 175, 1140, 1024, 624, 980, 644, 560, 243, 1704, 1994, 818, 1466, 933, 547, 1108, 1540, 2015, 11, 272, 458, 1022, 1741, 396, 864, 1894, 1872, 840, 1112, 1228, 1848, 1444, 489, 146, 1633, 1082, 1616, 1969, 604, 1517, 684, 1319, 994, 13, 1478, 1887, 810, 322, 258, 1337, 355, 969, 285, 999, 900, 1356, 173, 1252, 1201, 1361, 1397, 1127, 89, 1184, 1999, 1944, 276, 568, 1318, 1251, 421, 529, 1976, 1069, 791, 1186, 1599, 1502, 915, 1380, 292, 179, 18, 244, 237, 916, 777, 1393, 1697, 1511, 1608, 846, 422, 1612, 726, 1874, 111, 95, 486, 1882, 2010, 167, 715, 140, 1314, 1943, 1417, 1827, 690, 608, 934, 1105, 1595, 253, 1989, 1344, 1763, 490, 198, 192, 817, 1095, 850, 746, 931, 1042, 1728, 651, 1109, 134, 780, 1354, 1807, 1007, 232, 727, 1706, 904, 935, 26, 945, 330, 1955, 48, 1350, 1964, 137, 1155, 1179, 792, 1454, 1268, 1403, 559, 849, 1004, 417, 848, 113, 1589, 1260, 201, 1538, 461, 100, 1072, 567, 1311, 691, 202, 2001, 1846, 476, 318, 88, 1074, 340, 217, 1366, 1437, 1484, 1238, 802, 827, 1954, 1532, 76, 860, 1986, 1494, 1624, 263, 404, 323, 825, 196, 150, 1432, 1482, 697, 1030, 1818, 2017, 82, 299, 117, 1963, 1831, 1565, 1734, 997, 328, 2002, 12, 185, 1353, 383, 1559, 1975, 756, 845, 474, 1111, 207, 400, 631, 1629, 581, 1585, 1406, 1635, 502, 605, 1363, 1739, 1223, 1427, 351, 467, 1657, 1468, 854, 1064, 930, 1892, 1902, 613, 1133, 125, 1077, 1205, 859, 928, 344, 1688, 1369, 1051, 612, 281, 97, 1185, 1216, 1826, 1248, 393, 1617, 75, 712, 763, 138, 377, 1237, 1331, 1897, 1910, 55, 353, 492, 440, 92, 654, 118, 1821, 1479, 1771, 1048, 8, 950, 23, 133, 1400, 923, 135, 63, 354, 1489, 1607, 257, 1547, 1513, 2006, 524, 962, 1640, 607, 169, 1255, 224, 1851, 638, 1208, 855, 249, 505, 707, 85, 1984, 1628, 785, 57, 442, 1798, 1838, 667, 1853, 1015, 21, 437, 1293, 1812, 56, 66, 1137, 533, 343, 776, 1709, 1590, 725, 1748, 907, 640, 399, 1176, 1545, 1842, 1446, 1162, 1373, 956, 1529, 1281, 1178, 226, 20, 1076, 1773, 834, 1775, 886, 1977, 1700, 1289, 1978, 532, 828, 1321, 45, 575, 28, 1832, 1959, 483, 427, 582, 1243, 635, 156, 1596, 1114, 1761, 99, 1301, 888, 1795, 778, 62, 1898, 1067, 208, 911, 1146, 1766, 295, 1680, 705, 384, 1692, 9, 1219, 554, 2000, 809, 1998, 1382, 1923, 623, 1410, 1682, 170, 1567, 1953, 1362, 1386, 576, 1033, 1905, 699, 1554, 762, 1889, 1549, 54, 556, 1442, 72, 1325, 693, 42, 1703, 1971, 1531, 1055, 342, 151, 534, 429, 176, 210, 1717, 1519, 329, 598, 1169, 1175, 463, 775, 673, 309, 1086, 1987, 1563, 1463, 283, 913, 1979, 1968, 407, 988, 679, 1308, 209, 1153, 717, 1600, 579, 682, 289, 1879, 254, 734, 1581, 1524, 1044, 1313, 1206, 1297, 1092, 64, 1181, 382, 922, 1089, 1834, 1696, 1433, 710, 1378, 1246, 1732, 485, 754, 1941, 1974, 1691, 1245, 981, 895, 266, 902, 155, 1336, 1508, 49, 971, 248, 597, 1562, 59, 247, 692, 157, 1895, 871, 537, 1006, 1434, 376, 720, 1802, 1814, 1722, 1497, 1899, 807, 1973, 1663, 548, 287, 171, 721, 386, 842, 659, 514, 1441, 808, 740, 1498, 1950, 1136, 507, 1247, 553, 1265, 1891, 273, 1296, 2009, 892, 1797, 887, 446, 372, 1573, 972, 882, 1013, 1687, 288, 1591, 333, 979, 1924, 974, 1355, 694, 957, 1084, 1496, 1720, 359, 577, 1099, 1800, 1172, 662, 405, 826, 1328, 1097, 1459, 1560, 1670, 1782, 181, 464, 1610, 373, 1418, 17, 549, 1932, 1865, 861, 1253, 1866, 632, 1217, 526, 1340, 744, 1305, 1020, 80, 973, 695, 963, 311, 1330, 129, 925, 588, 1212, 836, 51, 1740, 1500, 1270, 269, 634, 68, 742, 1992, 890, 806, 1360, 98, 722, 1525, 1104, 730, 307, 600, 469, 1650, 1933, 1514, 1677, 229, 698, 1917, 1412, 1649, 190, 471, 978, 658, 1032, 1008, 1034, 946, 472, 784, 1098, 1239, 1817, 948, 2004, 1753, 1922, 591, 830, 1772, 1290, 770, 158, 1197, 1368, 159, 162, 177, 308, 1707, 1068, 1615, 676, 366, 1806, 719, 1214, 1102, 814, 609, 1719, 1528, 1440, 160, 1106, 1858, 312, 905, 1148, 1778, 1408, 1062, 1647, 1710, 664, 81, 300, 1470, 1921, 1458, 788, 1646, 811, 875, 1666, 1287, 1041, 652, 189, 1429, 1813, 1676, 1972, 71, 501, 798, 310, 1678, 34, 216, 1016, 1776, 653, 538, 714, 52, 195, 496, 480, 25, 1781, 1012, 325, 1119, 265, 593, 615, 1288, 1860, 369, 1295, 1715, 412, 1385, 1637, 1947, 1187, 184, 161, 1920, 701, 619, 194, 584, 368, 1587, 1299, 1644, 419, 883, 1724, 1962, 124, 1339, 1261, 753, 728, 1230, 398, 1909, 1266, 456, 166, 515, 1167, 1121, 1049, 1744, 1747, 688, 621, 339, 709, 1690, 1401, 1279, 239, 1358, 365, 1117, 1192, 1135, 1021, 2012, 1475, 1839, 79, 37, 1940, 453, 102, 110, 1483, 250, 1552, 1154, 1854, 832, 460, 1200, 424, 787, 1231, 119, 236]
labeling = [1, 0, 3, 4, 0, 8, 6, 1, 14, 3, 4, 12, 5, 13, 6, 10, 2, 20, 9, 0, 8, 0, 1, 9, 6, 8, 6, 2, 7, 5, 10, 4, 7, 11, 6, 2, 10, 13, 9, 3, 8, 0, 19, 1, 6, 11, 3, 8, 10, 14, 5, 15, 20, 0, 13, 11, 9, 8, 2, 18, 2, 0, 6, 9, 7, 1, 10, 6, 13, 0, 4, 10, 16, 4, 6, 0, 1, 5, 3, 19, 14, 7, 17, 9, 7, 12, 6, 19, 18, 19, 18, 15, 16, 28, 1, 19, 7, 27, 11, 31, 26, 5, 33, 20, 3, 6, 4, 23, 13, 24, 12, 24, 17, 23, 23, 27, 16, 29, 0, 32, 0, 11, 2, 1, 2, 11, 15, 9, 7, 14, 10, 14, 25, 28, 31, 21, 0, 30, 28, 2, 13, 5, 14, 2, 9, 21, 23, 6, 3, 0, 5, 21, 1, 0, 11, 34, 33, 17, 25, 18, 8, 21, 13, 10, 5, 25, 8, 7, 0, 18, 2, 6, 3, 22, 6, 12, 33, 35, 2, 22, 1, 23, 11, 2, 25, 5, 0, 0, 16, 34, 27, 0, 4, 7, 33, 29, 18, 15, 30, 26, 16, 26, 11, 10, 1, 10, 19, 21, 25, 4, 3, 4, 6, 2, 18, 10, 15, 28, 15, 24, 21, 7, 0, 4, 29, 12, 17, 8, 6, 1, 12, 7, 27, 11, 0, 2, 30, 26, 17, 18, 16, 18, 17, 21, 22, 19, 8, 5, 0, 23, 32, 7, 0, 6, 6, 3, 4, 10, 12, 25, 19, 14, 10, 29, 1, 31, 12, 3, 3, 33, 2, 0, 0, 9, 5, 17, 22, 2, 0, 4, 2, 9, 1, 26, 7, 22, 5, 22, 33, 13, 0, 1, 18, 9, 13, 3, 3, 1, 5, 12, 17, 2, 14, 14, 25, 12, 9, 19, 34, 18, 7, 22, 30, 0, 0, 7, 5, 13, 17, 11, 3, 2, 6, 14, 0, 12, 7, 11, 15, 28, 23, 17, 6, 16, 1, 11, 9, 10, 0, 20, 3, 12, 19, 9, 15, 10, 15, 8, 3, 6, 1, 30, 12, 23, 14, 0, 4, 7, 6, 17, 5, 12, 11, 4, 2, 29, 30, 14, 28, 36, 17, 11, 16, 31, 13, 3, 9, 4, 0, 10, 6, 3, 8, 5, 5, 1, 13, 16, 0, 5, 13, 19, 2, 7, 12, 7, 9, 7, 23, 22, 1, 1, 3, 6, 21, 26, 2, 7, 0, 0, 8, 1, 31, 18, 20, 6, 11, 27, 0, 8, 10, 20, 16, 8, 0, 0, 1, 13, 6, 19, 0, 15, 20, 14, 17, 12, 23, 27, 5, 2, 1, 22, 24, 0, 8, 2, 32, 10, 21, 2, 0, 1, 7, 15, 0, 10, 34, 7, 22, 1, 16, 2, 0, 3, 28, 6, 8, 6, 5, 9, 5, 13, 24, 17, 23, 11, 30, 6, 0, 10, 34, 7, 0, 26, 14, 20, 2, 2, 3, 18, 25, 15, 16, 10, 3, 22, 36, 12, 8, 9, 19, 23, 24, 3, 11, 1, 1, 33, 16, 6, 1, 0, 0, 5, 11, 17, 0, 9, 13, 19, 11, 4, 8, 14, 30, 0, 8, 1, 6, 23, 0, 0, 29, 17, 31, 2, 0, 9, 18, 13, 4, 3, 12, 21, 14, 6, 5, 9, 4, 0, 13, 5, 2, 14, 9, 1, 18, 8, 7, 2, 4, 1, 18, 2, 5, 0, 21, 9, 8, 8, 3, 0, 3, 1, 1, 19, 10, 27, 6, 4, 0, 24, 26, 7, 33, 15, 20, 5, 28, 8, 9, 19, 0, 31, 25, 3, 9, 10, 13, 0, 17, 19, 10, 20, 25, 29, 21, 26, 25, 32, 2, 16, 8, 6, 11, 14, 9, 1, 4, 35, 24, 10, 1, 27, 19, 14, 7, 19, 22, 14, 15, 28, 30, 5, 1, 4, 1, 0, 25, 2, 10, 2, 3, 15, 7, 4, 12, 15, 20, 13, 10, 11, 33, 13, 10, 17, 3, 19, 0, 0, 0, 1, 24, 5, 0, 0, 3, 5, 1, 2, 3, 8, 0, 28, 12, 10, 5, 1, 5, 32, 5, 10, 12, 12, 3, 11, 6, 7, 26, 0, 6, 18, 28, 32, 21, 29, 4, 7, 22, 13, 9, 9, 0, 4, 11, 21, 3, 8, 7, 1, 10, 2, 1, 5, 29, 23, 6, 3, 13, 19, 5, 4, 31, 2, 7, 7, 1, 1, 15, 4, 28, 5, 15, 26, 33, 7, 22, 1, 2, 18, 31, 3, 6, 15, 34, 27, 29, 21, 4, 5, 12, 4, 6, 36, 28, 16, 32, 4, 8, 3, 13, 26, 29, 10, 0, 6, 18, 17, 3, 9, 35, 14, 8, 16, 0, 27, 15, 9, 22, 4, 14, 1, 0, 0, 7, 25, 10, 31, 26, 11, 2, 20, 21, 5, 0, 12, 7, 1, 24, 1, 8, 0, 1, 10, 7, 4, 16, 11, 1, 23, 13, 29, 10, 2, 19, 18, 9, 3, 24, 17, 18, 11, 1, 8, 7, 12, 16, 4, 5, 2, 34, 23, 35, 9, 19, 14, 33, 1, 7, 2, 5, 15, 32, 16, 21, 12, 13, 7, 15, 11, 0, 10, 6, 12, 29, 31, 20, 4, 7, 22, 20, 29, 11, 8, 19, 16, 2, 1, 3, 12, 7, 14, 6, 1, 15, 35, 22, 12, 9, 4, 2, 20, 32, 36, 17, 10, 28, 3, 4, 10, 35, 23, 0, 3, 0, 27, 22, 6, 13, 12, 1, 8, 32, 7, 16, 29, 14, 17, 3, 1, 9, 26, 9, 3, 1, 23, 27, 2, 4, 5, 4, 0, 28, 4, 8, 31, 13, 10, 23, 7, 24, 2, 9, 17, 13, 10, 0, 10, 18, 5, 6, 15, 9, 7, 3, 23, 24, 21, 30, 11, 24, 18, 4, 2, 0, 1, 0, 9, 10, 10, 5, 2, 32, 36, 20, 12, 2, 14, 9, 19, 8, 28, 29, 33, 16, 13, 4, 2, 10, 35, 22, 27, 7, 1, 0, 6, 7, 5, 34, 6, 14, 10, 6, 11, 21, 16, 0, 20, 8, 6, 5, 9, 1, 19, 27, 9, 31, 22, 35, 11, 2, 13, 30, 31, 17, 30, 29, 1, 23, 25, 32, 1, 14, 1, 20, 18, 15, 5, 3, 5, 11, 16, 7, 23, 28, 8, 9, 6, 1, 0, 4, 5, 5, 2, 3, 15, 5, 14, 29, 36, 12, 24, 4, 3, 7, 8, 18, 2, 11, 4, 1, 14, 27, 7, 11, 5, 0, 19, 32, 20, 17, 10, 12, 6, 25, 11, 23, 19, 6, 1, 14, 5, 2, 3, 11, 0, 10, 7, 12, 25, 10, 16, 30, 4, 7, 3, 20, 29, 9, 28, 11, 21, 33, 1, 14, 23, 1, 9, 6, 10, 8, 22, 17, 0, 24, 0, 12, 36, 13, 16, 11, 34, 17, 1, 6, 12, 9, 25, 4, 3, 13, 3, 21, 27, 8, 35, 26, 25, 1, 19, 29, 16, 20, 22, 12, 2, 3, 11, 30, 14, 16, 11, 5, 24, 32, 13, 10, 5, 1, 2, 0, 4, 25, 2, 8, 12, 6, 32, 0, 4, 3, 5, 8, 6, 16, 30, 28, 18, 24, 21, 1, 19, 15, 20, 4, 22, 19, 31, 14, 4, 2, 15, 22, 9, 5, 5, 17, 27, 0, 7, 36, 10, 15, 16, 0, 9, 31, 11, 14, 6, 21, 0, 12, 4, 7, 11, 10, 27, 12, 26, 8, 1, 13, 25, 2, 8, 2, 7, 17, 7, 28, 32, 1, 9, 3, 2, 4, 6, 12, 5, 4, 1, 3, 23, 3, 18, 22, 9, 31, 2, 18, 26, 24, 33, 1, 29, 10, 3, 7, 11, 25, 34, 19, 22, 1, 32, 35, 0, 28, 9, 33, 17, 22, 14, 4, 0, 5, 16, 6, 2, 2, 3, 20, 7, 5, 1, 21, 11, 3, 25, 20, 12, 8, 34, 13, 36, 0, 3, 4, 19, 0, 20, 9, 15, 5, 21, 18, 4, 23, 11, 2, 17, 10, 29, 16, 4, 7, 3, 4, 3, 5, 2, 3, 15, 8, 14, 6, 2, 24, 3, 15, 12, 7, 8, 1, 2, 27, 18, 5, 33, 9, 0, 7, 0, 7, 1, 0, 13, 9, 18, 20, 11, 10, 3, 17, 29, 22, 19, 34, 4, 23, 20, 24, 10, 2, 5, 9, 11, 25, 21, 6, 14, 15, 9, 6, 4, 7, 8, 25, 3, 16, 18, 23, 2, 6, 29, 1, 2, 19, 4, 17, 5, 21, 28, 2, 14, 0, 15, 13, 20, 26, 29, 19, 28, 2, 23, 30, 8, 3, 4, 0, 7, 20, 1, 0, 6, 5, 12, 25, 4, 2, 10, 9, 0, 14, 5, 4, 4, 4, 6, 3, 0, 21, 18, 29, 5, 13, 20, 4, 0, 32, 23, 0, 12, 17, 15, 22, 14, 7, 11, 10, 6, 23, 8, 19, 1, 16, 13, 25, 14, 3, 7, 11, 24, 11, 7, 14, 8, 20, 9, 17, 13, 0, 6, 1, 21, 0, 5, 27, 29, 12, 3, 17, 32, 19, 6, 2, 4, 10, 9, 14, 0, 9, 1, 4, 1, 25, 23, 26, 6, 15, 1, 13, 3, 8, 3, 12, 11, 29, 23, 7, 24, 4, 17, 34, 5, 0, 26, 21, 28, 5, 7, 16, 15, 30, 12, 14, 17, 35, 31, 25, 26, 27, 1, 0, 24, 10, 8, 0, 5, 18, 10, 22, 3, 4, 6, 5, 21, 4, 24, 13, 7, 27, 4, 19, 1, 0, 2, 0, 15, 12, 2, 25, 17, 16, 21, 14, 18, 4, 6, 9, 7, 1, 26, 10, 11, 0, 1, 7, 0, 2, 13, 1, 0, 5, 15, 3, 20, 2, 11, 22, 30, 16, 3, 0, 20, 31, 6, 5, 9, 10, 2, 4, 7, 9, 18, 19, 26, 23, 12, 32, 6, 26, 15, 8, 33, 22, 24, 7, 0, 18, 7, 5, 9, 24, 14, 8, 1, 30, 21, 4, 6, 3, 22, 2, 24, 3, 33, 6, 18, 25, 5, 1, 20, 4, 0, 32, 26, 19, 27, 34, 8, 9, 2, 3, 16, 15, 30, 1, 17, 5, 0, 1, 32, 18, 6, 14, 0, 1, 8, 11, 4, 10, 7, 0, 11, 25, 22, 32, 2, 26, 0, 27, 10, 6, 3, 0, 31, 21, 5, 35, 30, 23, 20, 6, 18, 13, 3, 4, 1, 26, 6, 12, 7, 14, 2, 21, 28, 6, 4, 7, 4, 8, 11, 5, 34, 20, 2, 10, 23, 32, 7, 20, 5, 22, 8, 1, 9, 19, 6, 8, 2, 12, 4, 18, 3, 12, 17, 16, 26, 7, 17, 23, 0, 34, 9, 0, 6, 19, 25, 26, 1, 6, 22, 0, 2, 13, 11, 15, 12, 9, 11, 16, 7, 20, 3, 26, 19, 15, 22, 6, 9, 34, 0, 2, 24, 35, 13, 31, 3, 18, 33, 30, 4, 12, 10, 7, 4, 17, 2, 14, 0, 11, 19, 2, 0, 1, 1, 24, 18, 28, 21, 27, 0, 4, 23, 15, 19, 16, 8, 6, 2, 18, 4, 5, 0, 9, 15, 17, 10, 0, 20, 13, 6, 3, 7, 10, 12, 9, 0, 5, 17, 22, 4, 8, 1, 12, 0, 8, 5, 0, 11, 23, 13, 15, 14, 21, 5, 17, 14, 20, 29, 7, 31, 35, 11, 5, 0, 14, 2, 11, 12, 12, 8, 22, 26, 23, 3, 21, 6, 4, 14, 5, 6, 28, 1, 24, 0, 8, 16, 2, 15, 7, 11, 2, 9, 13, 27, 26, 16, 4, 29, 22, 13, 23, 20, 5, 12, 24, 16, 4, 7, 0, 2, 16, 25, 14, 10, 2, 35, 15, 0, 11, 9, 11, 1, 2, 26, 6, 3, 6, 23, 30, 3, 11, 1, 4, 1, 19, 4, 8, 21, 3, 18, 9, 2, 10, 1, 5, 4, 25, 23, 0, 4, 2, 1, 2, 10, 9, 0, 21, 10, 7, 8, 22, 4, 3, 12, 0, 17, 11, 6, 24, 12, 16, 8, 1, 4, 24, 12, 14, 15, 30, 28, 27, 4, 9, 25, 24, 23, 7, 13, 12, 4, 21, 4, 3, 14, 2, 5, 3, 9, 2, 10, 22, 8, 0, 5, 8, 14, 25, 9, 19, 6, 24, 1, 0, 18, 17, 24, 13, 7, 12, 15, 20, 11, 3, 22, 1, 23, 21]
convergência = [37, 37, 37, 36, 36, 36, 36, 36, 36, 36, 36, 36, 36, 36, 36, 36, 36, 36, 36, 36, 36, 36, 36, 36, 36, 36, 36, 36, 36, 36, 36, 36, 36, 36, 36, 36, 36, 36, 36, 36, 36, 36, 36, 36, 36, 36, 36, 36, 36, 36, 36, 36, 36, 36, 36, 36, 36, 36, 36, 36, 36, 36, 36, 36, 36, 36, 36, 36, 36, 36, 36, 36, 36, 36, 36, 36, 36, 36, 36, 36, 36, 36, 36, 36, 36, 36, 36, 36, 36, 36, 36, 36, 36, 36, 36, 36, 36, 36, 36, 36, 36, 36, 36, 36, 36, 36, 36, 36, 36, 36, 36, 36, 36, 36, 36, 36, 36, 36, 36, 36, 36, 36, 36, 36, 36, 36, 36]

===== FIM =====
