===== RESULTADO BRKGA L(2,1) =====
Arquivo: /Users/mateuspedrosa/Documents/TCC-II/BRKGA/data/Harwell-Boeing_cleaned/will199_clean.mtx

----- Execução #1 -----
[INFO] Parou por estagnação.
Tempo de execução: 28794ms
Span (lambda): 20
best_order = [95, 10, 11, 180, 157, 182, 191, 85, 141, 100, 117, 110, 194, 65, 14, 136, 134, 72, 74, 57, 187, 184, 76, 59, 60, 183, 5, 189, 103, 186, 80, 89, 101, 151, 112, 192, 131, 139, 167, 27, 29, 46, 37, 41, 188, 77, 116, 125, 28, 79, 18, 179, 66, 2, 8, 146, 36, 17, 150, 88, 0, 50, 70, 174, 22, 30, 114, 158, 38, 172, 122, 154, 98, 35, 78, 49, 25, 111, 161, 34, 73, 45, 163, 105, 81, 13, 94, 62, 86, 196, 4, 170, 23, 58, 123, 33, 140, 63, 176, 128, 147, 82, 7, 97, 69, 93, 40, 177, 42, 108, 31, 48, 107, 149, 84, 91, 152, 198, 106, 153, 52, 195, 64, 53, 173, 121, 39, 193, 155, 56, 165, 132, 90, 96, 1, 129, 178, 190, 83, 127, 168, 20, 138, 133, 16, 26, 143, 44, 67, 104, 137, 61, 124, 135, 9, 175, 68, 197, 92, 162, 6, 75, 120, 171, 113, 148, 3, 166, 102, 109, 144, 156, 19, 43, 71, 119, 15, 99, 21, 55, 12, 87, 164, 47, 159, 130, 126, 32, 24, 115, 169, 142, 118, 185, 54, 51, 181, 145, 160]
labeling = [6, 14, 6, 19, 15, 3, 19, 14, 3, 18, 1, 2, 18, 11, 4, 20, 13, 7, 0, 11, 13, 14, 8, 9, 20, 11, 16, 7, 6, 7, 7, 4, 16, 3, 8, 11, 9, 5, 7, 16, 13, 8, 4, 3, 17, 9, 1, 18, 10, 1, 10, 20, 10, 15, 8, 2, 15, 4, 9, 1, 3, 13, 9, 7, 10, 5, 7, 16, 0, 4, 6, 17, 1, 12, 3, 18, 0, 2, 11, 5, 5, 8, 13, 14, 16, 0, 12, 17, 10, 5, 10, 8, 18, 15, 13, 0, 14, 1, 9, 20, 3, 6, 10, 6, 11, 4, 11, 10, 5, 16, 1, 2, 0, 18, 8, 19, 5, 2, 11, 15, 17, 0, 9, 14, 17, 4, 15, 11, 12, 10, 17, 4, 17, 0, 2, 17, 0, 12, 15, 5, 12, 4, 19, 6, 17, 9, 0, 13, 19, 14, 9, 1, 5, 13, 3, 8, 12, 1, 2, 19, 14, 3, 6, 7, 1, 8, 17, 6, 16, 20, 11, 16, 7, 14, 6, 18, 7, 15, 11, 8, 0, 18, 2, 0, 2, 6, 2, 3, 4, 0, 12, 0, 2, 13, 0, 4, 7, 3, 9]
convergência = [21, 21, 21, 21, 21, 21, 21, 21, 21, 21, 21, 21, 21, 21, 21, 21, 21, 21, 21, 21, 21, 21, 21, 21, 21, 21, 21, 21, 21, 21, 21, 21, 21, 21, 21, 21, 21, 21, 21, 21, 21, 21, 21, 21, 20, 20, 20, 20, 20, 20, 20, 20, 20, 20, 20, 20, 20, 20, 20, 20, 20, 20, 20, 20, 20, 20, 20, 20, 20, 20, 20, 20, 20, 20, 20, 20, 20, 20, 20, 20, 20, 20, 20, 20, 20, 20, 20, 20, 20, 20, 20, 20, 20, 20, 20, 20, 20, 20, 20, 20, 20, 20, 20, 20, 20, 20, 20, 20, 20, 20, 20, 20, 20, 20, 20, 20, 20, 20, 20, 20, 20, 20, 20, 20, 20, 20, 20, 20, 20, 20, 20, 20, 20, 20, 20, 20, 20, 20, 20, 20, 20, 20, 20, 20, 20, 20, 20, 20, 20, 20, 20, 20, 20, 20, 20, 20, 20, 20, 20, 20, 20, 20, 20, 20, 20, 20, 20, 20]

===== FIM =====
