===== RESULTADO BRKGA L(2,1) =====
Arquivo: /Users/mateuspedrosa/Documents/TCC-II/BRKGA/data/Harwell-Boeing_cleaned/young3c_clean.mtx

----- Execução #1 -----
[INFO] Parou por estagnação.
Tempo de execução: 29307ms
Span (lambda): 12
best_order = [15, 224, 357, 450, 633, 402, 658, 253, 407, 411, 158, 306, 588, 96, 304, 193, 766, 167, 305, 501, 256, 399, 28, 495, 674, 227, 315, 67, 52, 279, 811, 77, 827, 409, 488, 182, 129, 787, 627, 655, 575, 30, 610, 688, 463, 320, 511, 152, 754, 318, 116, 84, 689, 810, 331, 680, 460, 194, 672, 621, 651, 794, 545, 133, 726, 691, 439, 204, 469, 85, 457, 646, 433, 250, 124, 521, 180, 559, 252, 339, 722, 349, 554, 557, 676, 503, 298, 474, 656, 122, 529, 119, 535, 600, 547, 733, 768, 3, 239, 82, 271, 550, 100, 552, 199, 262, 539, 112, 286, 513, 608, 203, 46, 418, 323, 412, 396, 740, 786, 71, 246, 176, 405, 12, 115, 834, 134, 632, 570, 283, 351, 494, 500, 800, 175, 400, 538, 196, 414, 173, 215, 560, 385, 695, 159, 86, 269, 617, 662, 742, 223, 94, 431, 202, 395, 472, 343, 663, 63, 0, 534, 69, 118, 146, 55, 8, 11, 338, 5, 319, 25, 29, 812, 452, 671, 576, 251, 125, 828, 110, 492, 778, 109, 73, 225, 729, 226, 508, 736, 458, 526, 389, 477, 354, 447, 6, 564, 649, 10, 303, 142, 636, 502, 366, 230, 648, 314, 345, 470, 278, 615, 347, 81, 311, 350, 543, 568, 89, 716, 421, 245, 435, 155, 725, 14, 514, 316, 589, 209, 42, 59, 9, 706, 718, 123, 451, 229, 436, 391, 121, 290, 603, 423, 590, 163, 756, 761, 35, 835, 681, 614, 282, 380, 325, 386, 346, 444, 721, 585, 75, 660, 548, 505, 157, 791, 156, 161, 479, 702, 485, 151, 171, 105, 136, 713, 620, 140, 57, 837, 775, 342, 701, 496, 583, 579, 561, 387, 104, 735, 540, 771, 710, 808, 356, 322, 265, 746, 493, 840, 53, 268, 131, 419, 378, 732, 284, 476, 333, 258, 27, 352, 619, 779, 195, 309, 398, 525, 818, 220, 780, 164, 622, 631, 601, 515, 628, 577, 531, 141, 291, 668, 734, 287, 334, 759, 741, 684, 233, 275, 533, 751, 13, 337, 707, 697, 184, 815, 762, 49, 744, 569, 587, 74, 683, 39, 510, 162, 465, 839, 263, 562, 297, 293, 618, 546, 530, 630, 606, 832, 31, 757, 372, 98, 772, 698, 302, 248, 797, 335, 2, 191, 679, 816, 148, 103, 769, 428, 7, 483, 653, 475, 669, 573, 111, 813, 459, 822, 556, 44, 448, 517, 106, 22, 38, 68, 238, 379, 172, 197, 93, 712, 97, 613, 528, 675, 216, 382, 831, 686, 403, 682, 798, 665, 824, 169, 833, 242, 654, 120, 666, 36, 360, 257, 254, 344, 777, 181, 401, 355, 445, 696, 192, 362, 464, 326, 16, 312, 624, 571, 381, 211, 584, 51, 294, 145, 430, 47, 20, 659, 232, 518, 752, 519, 137, 586, 790, 364, 228, 90, 168, 453, 280, 78, 80, 782, 422, 371, 507, 661, 328, 34, 406, 234, 604, 747, 801, 731, 489, 667, 468, 719, 491, 438, 392, 241, 623, 591, 705, 76, 634, 802, 153, 427, 276, 417, 174, 599, 499, 809, 359, 375, 289, 582, 188, 424, 605, 657, 795, 101, 4, 367, 369, 442, 592, 231, 728, 685, 273, 720, 247, 536, 48, 717, 321, 272, 629, 1, 694, 60, 91, 677, 139, 365, 340, 138, 692, 218, 598, 390, 107, 819, 310, 750, 301, 449, 730, 330, 551, 332, 830, 644, 642, 79, 408, 274, 130, 313, 221, 23, 516, 482, 260, 792, 626, 270, 807, 198, 327, 217, 581, 625, 704, 43, 549, 166, 643, 774, 737, 454, 64, 425, 165, 317, 522, 753, 594, 509, 373, 416, 738, 432, 572, 441, 147, 693, 324, 54, 473, 466, 565, 281, 455, 361, 542, 440, 612, 376, 70, 266, 261, 358, 481, 189, 678, 743, 149, 368, 566, 462, 126, 563, 527, 393, 420, 770, 637, 113, 471, 413, 170, 789, 504, 19, 26, 285, 143, 61, 383, 295, 783, 132, 555, 128, 24, 41, 796, 62, 763, 66, 597, 429, 785, 300, 714, 788, 767, 664, 784, 593, 537, 724, 95, 467, 288, 776, 187, 299, 523, 803, 410, 249, 244, 114, 404, 558, 394, 804, 437, 446, 799, 687, 185, 210, 595, 723, 602, 652, 255, 45, 83, 154, 377, 635, 222, 836, 497, 33, 641, 127, 781, 487, 179, 58, 208, 486, 214, 160, 201, 647, 645, 821, 480, 532, 240, 498, 748, 826, 461, 580, 745, 484, 574, 578, 108, 329, 296, 765, 150, 758, 235, 607, 711, 92, 212, 700, 190, 764, 520, 99, 838, 639, 544, 805, 50, 553, 709, 177, 703, 823, 243, 205, 186, 478, 348, 40, 640, 353, 596, 117, 292, 829, 793, 760, 426, 237, 102, 236, 616, 670, 200, 341, 434, 567, 56, 144, 277, 374, 267, 397, 336, 443, 817, 690, 17, 72, 264, 708, 673, 18, 524, 650, 207, 490, 638, 415, 506, 87, 715, 183, 512, 773, 307, 21, 755, 363, 370, 699, 456, 820, 219, 384, 308, 749, 88, 611, 65, 178, 388, 259, 727, 806, 32, 213, 825, 739, 814, 609, 541, 37, 135, 206]
labeling = [1, 4, 2, 0, 4, 1, 3, 7, 0, 6, 4, 2, 0, 5, 2, 0, 3, 5, 1, 7, 3, 8, 1, 6, 2, 0, 7, 4, 0, 3, 0, 5, 8, 2, 7, 5, 1, 10, 8, 0, 10, 8, 3, 7, 5, 8, 0, 3, 5, 1, 6, 3, 0, 4, 6, 3, 8, 6, 5, 2, 7, 3, 5, 0, 2, 8, 4, 2, 5, 1, 6, 0, 9, 1, 4, 2, 8, 0, 4, 9, 7, 5, 1, 8, 0, 2, 4, 8, 11, 4, 6, 1, 10, 7, 3, 6, 0, 7, 3, 9, 4, 6, 11, 9, 7, 5, 3, 6, 11, 1, 3, 6, 2, 7, 5, 0, 0, 9, 2, 0, 4, 2, 0, 5, 2, 4, 10, 12, 7, 2, 8, 4, 6, 0, 2, 9, 0, 2, 4, 7, 0, 5, 1, 3, 7, 7, 5, 8, 3, 7, 9, 6, 1, 9, 6, 0, 2, 4, 0, 3, 10, 1, 8, 4, 6, 12, 10, 0, 5, 3, 7, 4, 6, 1, 9, 3, 1, 5, 10, 0, 2, 7, 0, 10, 3, 5, 9, 6, 1, 5, 12, 3, 7, 0, 2, 8, 3, 1, 8, 0, 10, 8, 3, 2, 0, 9, 11, 2, 8, 4, 10, 3, 1, 11, 8, 0, 4, 7, 2, 8, 0, 5, 10, 6, 0, 5, 7, 2, 6, 3, 0, 5, 6, 4, 7, 0, 5, 11, 6, 0, 8, 5, 2, 10, 7, 2, 0, 4, 1, 6, 2, 7, 4, 2, 9, 11, 0, 4, 1, 11, 7, 8, 1, 3, 6, 1, 3, 12, 4, 2, 7, 0, 3, 5, 9, 6, 8, 5, 3, 0, 9, 11, 8, 0, 6, 8, 2, 6, 9, 2, 5, 7, 11, 2, 4, 8, 10, 6, 0, 9, 4, 6, 2, 4, 1, 3, 0, 7, 10, 4, 6, 1, 5, 9, 3, 0, 4, 7, 0, 3, 0, 9, 7, 0, 5, 2, 8, 10, 2, 11, 9, 0, 8, 5, 7, 2, 9, 6, 2, 0, 7, 2, 4, 1, 6, 2, 5, 3, 9, 2, 5, 3, 8, 11, 0, 3, 5, 0, 3, 7, 4, 10, 2, 9, 5, 0, 4, 7, 9, 5, 10, 8, 5, 9, 11, 0, 6, 7, 4, 8, 6, 10, 3, 7, 9, 2, 4, 1, 10, 2, 6, 0, 4, 1, 8, 2, 0, 11, 3, 0, 2, 7, 0, 4, 7, 2, 5, 0, 10, 1, 7, 0, 2, 5, 0, 10, 8, 6, 0, 4, 8, 2, 6, 4, 7, 3, 1, 6, 4, 11, 9, 3, 6, 1, 8, 1, 3, 6, 4, 2, 8, 6, 3, 8, 1, 5, 9, 3, 7, 5, 0, 3, 1, 5, 9, 4, 8, 1, 3, 5, 1, 9, 5, 0, 7, 5, 8, 10, 5, 1, 4, 7, 2, 9, 3, 0, 6, 1, 9, 4, 12, 10, 8, 2, 6, 0, 10, 7, 0, 8, 12, 2, 4, 4, 2, 0, 3, 7, 12, 9, 5, 0, 6, 1, 8, 4, 10, 3, 1, 8, 6, 0, 7, 1, 4, 6, 9, 3, 5, 7, 11, 1, 0, 7, 10, 5, 1, 10, 7, 3, 10, 8, 11, 5, 2, 0, 5, 7, 3, 1, 5, 3, 9, 2, 11, 0, 6, 2, 0, 8, 3, 3, 1, 8, 0, 9, 6, 1, 11, 2, 4, 0, 7, 10, 3, 8, 2, 6, 4, 2, 0, 6, 8, 4, 10, 1, 4, 6, 10, 5, 8, 6, 4, 2, 7, 4, 8, 5, 0, 6, 2, 9, 6, 11, 0, 5, 1, 11, 9, 7, 1, 3, 0, 5, 7, 10, 2, 4, 0, 2, 0, 11, 9, 5, 0, 2, 10, 3, 9, 7, 4, 0, 5, 7, 3, 9, 7, 0, 5, 12, 10, 8, 2, 0, 8, 11, 1, 7, 4, 7, 3, 0, 8, 10, 5, 7, 1, 5, 3, 1, 10, 2, 9, 1, 5, 2, 4, 8, 0, 4, 6, 9, 3, 5, 9, 3, 5, 0, 2, 5, 10, 3, 1, 8, 0, 4, 2, 6, 8, 4, 0, 3, 8, 0, 6, 9, 3, 7, 1, 3, 11, 1, 7, 4, 6, 0, 6, 4, 0, 2, 6, 4, 2, 6, 10, 8, 0, 5, 1, 9, 5, 2, 7, 3, 11, 5, 2, 6, 0, 4, 6, 2, 0, 8, 3, 3, 1, 9, 7, 1, 8, 5, 3, 0, 6, 4, 2, 7, 3, 10, 0, 5, 1, 6, 0, 8, 3, 5, 1, 10, 8, 3, 5, 1, 0, 10, 3, 5, 9, 2, 10, 1, 4, 9, 11, 6, 0, 8, 1, 6, 9, 4, 2, 10, 4, 0, 7, 3, 0, 5, 1, 7, 4, 4, 8, 6, 2, 0, 4, 7, 5, 2, 7, 3, 1, 4, 6, 3, 8, 11, 0, 5, 7, 9, 2, 10, 5, 7, 3, 6, 2, 0, 1, 3, 0, 4, 6, 8, 0, 3, 6, 4, 0, 5, 2, 9, 5, 0, 2, 6, 8, 3, 1, 4, 0, 2, 4, 0, 8, 5, 3]
convergência = [12, 12, 12, 12, 12, 12, 12, 12, 12, 12, 12, 12, 12, 12, 12, 12, 12, 12, 12, 12, 12, 12, 12, 12, 12, 12, 12, 12, 12, 12, 12, 12, 12, 12, 12, 12, 12, 12, 12, 12, 12, 12, 12, 12, 12, 12, 12, 12, 12, 12, 12, 12, 12, 12, 12, 12, 12, 12, 12, 12, 12, 12, 12, 12, 12, 12, 12, 12, 12, 12, 12, 12, 12, 12, 12, 12, 12, 12, 12, 12, 12, 12, 12, 12, 12, 12, 12, 12, 12, 12, 12, 12, 12, 12, 12, 12, 12, 12, 12, 12, 12, 12, 12, 12, 12, 12, 12, 12, 12, 12, 12, 12, 12, 12, 12, 12, 12, 12, 12, 12, 12, 12, 12, 12]

===== FIM =====
