===== RESULTADO BRKGA L(2,1) =====
Arquivo: /Users/mateuspedrosa/Documents/TCC-II/BRKGA/data/irace_training/zenios_clean.mtx

----- Execução #1 -----
[INFO] Time limit atingido: 15 minutos. Interrompido no meio de uma geração.
Tempo de execução: 900015ms
Span (lambda): 51
best_order = [1787, 1515, 2047, 2225, 1001, 399, 970, 1367, 1024, 2010, 1801, 2030, 995, 1243, 1261, 608, 2441, 2708, 2329, 2666, 180, 411, 1818, 1395, 715, 2838, 2177, 1715, 372, 859, 1041, 2233, 2060, 1230, 603, 2716, 1547, 2821, 1326, 2657, 2281, 475, 1197, 405, 1746, 2472, 834, 1998, 2339, 131, 522, 2399, 2459, 35, 1201, 1606, 137, 2127, 2861, 728, 1966, 2819, 429, 5, 2043, 624, 1146, 2434, 2034, 644, 169, 1906, 1164, 2111, 2623, 1376, 536, 320, 2027, 617, 204, 1562, 152, 646, 1440, 2190, 814, 2737, 741, 1884, 308, 239, 2151, 2069, 398, 1563, 1725, 2549, 1680, 1798, 1682, 1485, 1424, 2719, 1635, 525, 569, 697, 2805, 948, 1702, 53, 960, 1313, 450, 798, 383, 2495, 2701, 2119, 1941, 2728, 2774, 352, 2643, 2095, 1810, 212, 1121, 2591, 144, 753, 1219, 1583, 1452, 227, 1067, 1882, 2239, 2527, 797, 1782, 776, 2845, 638, 284, 2697, 1224, 1436, 549, 1744, 2507, 2660, 1026, 699, 1584, 983, 1730, 1246, 1843, 1213, 2285, 2313, 2401, 2703, 822, 2618, 893, 2718, 2337, 2804, 783, 1462, 839, 2002, 679, 2290, 1528, 448, 2277, 636, 64, 904, 516, 1232, 2011, 2744, 465, 1857, 1489, 1819, 1629, 1926, 1329, 2853, 255, 922, 1665, 136, 453, 724, 1660, 327, 500, 16, 2170, 762, 466, 1059, 2223, 2726, 2748, 1173, 330, 157, 2287, 2352, 436, 459, 867, 2576, 908, 2691, 1423, 1289, 738, 981, 1366, 791, 356, 767, 635, 1905, 1061, 351, 2499, 197, 1280, 1754, 40, 1585, 924, 2263, 1762, 607, 1863, 444, 205, 1300, 1192, 2137, 153, 2129, 1215, 2240, 1474, 422, 889, 694, 2779, 1411, 1097, 2446, 2172, 1476, 1429, 1933, 2820, 117, 2097, 2149, 857, 1365, 1634, 1934, 1501, 719, 38, 2184, 555, 373, 494, 1028, 1781, 98, 253, 2132, 2761, 365, 751, 963, 1922, 162, 1435, 1013, 324, 2086, 1159, 186, 2179, 809, 1019, 1333, 2835, 2286, 910, 2836, 1604, 269, 1605, 155, 2376, 87, 1368, 2253, 561, 2476, 2037, 2812, 2799, 90, 2042, 2403, 1327, 1791, 2182, 1766, 2760, 1189, 1277, 165, 873, 2284, 2186, 2224, 242, 690, 678, 1704, 539, 865, 1384, 1771, 1873, 657, 1450, 1342, 1483, 1470, 353, 1711, 1900, 1102, 705, 1304, 2348, 202, 1556, 1891, 1497, 1268, 601, 2764, 726, 2414, 803, 802, 2259, 1535, 1156, 792, 409, 2053, 1119, 1904, 194, 2048, 2062, 903, 1617, 1033, 1000, 2496, 2775, 1498, 2386, 381, 760, 1140, 989, 1085, 881, 2617, 305, 2521, 548, 1942, 2110, 1851, 2474, 377, 1339, 687, 1332, 1035, 41, 1348, 2218, 2226, 1251, 533, 530, 2675, 1615, 1130, 1391, 2806, 531, 1636, 515, 369, 656, 1687, 540, 2262, 2100, 588, 1745, 2780, 2394, 1169, 1736, 222, 2588, 1670, 1386, 323, 1291, 1036, 1021, 1555, 1477, 1721, 1679, 139, 1979, 2616, 410, 606, 901, 1574, 1749, 1187, 1526, 2247, 1104, 1686, 1226, 1460, 755, 1320, 2214, 1131, 1347, 401, 256, 2255, 1590, 1134, 1743, 2552, 523, 2696, 1506, 1683, 1031, 19, 1273, 2771, 838, 2678, 565, 1136, 1111, 1002, 611, 50, 221, 1050, 829, 1718, 1106, 1205, 766, 1836, 2742, 899, 2430, 182, 2565, 944, 1378, 1569, 62, 660, 833, 2834, 2288, 2795, 2557, 2266, 1066, 1296, 1558, 1779, 2669, 2632, 1999, 2248, 1108, 1286, 491, 114, 2770, 1565, 2626, 254, 878, 2727, 1240, 1145, 1984, 2342, 541, 276, 2232, 378, 691, 2843, 1872, 1042, 1734, 763, 1596, 1448, 2655, 2550, 2514, 156, 2558, 2656, 2101, 1971, 1516, 1191, 501, 1738, 440, 2141, 1399, 225, 2785, 739, 384, 2217, 1254, 716, 1475, 1361, 2535, 519, 2644, 363, 1459, 1229, 743, 1382, 1729, 2126, 2520, 1534, 2163, 1542, 1416, 1548, 731, 1931, 1141, 982, 1598, 602, 688, 400, 1789, 1336, 220, 2102, 1493, 1388, 1761, 1317, 2677, 2080, 1259, 291, 1025, 181, 524, 689, 1234, 2333, 1369, 1381, 845, 2334, 2075, 902, 21, 9, 2283, 1284, 1654, 2807, 1039, 2317, 805, 1432, 1890, 1174, 272, 1835, 2754, 1288, 512, 1272, 955, 2637, 1249, 379, 2094, 1807, 563, 1392, 1527, 856, 1016, 1455, 2477, 492, 2705, 1407, 1271, 1599, 213, 1540, 2346, 2067, 1960, 2788, 228, 1855, 2553, 2864, 2207, 509, 248, 1020, 1871, 2604, 2647, 1812, 1070, 942, 1115, 1974, 556, 1379, 1692, 2749, 1531, 850, 1053, 2371, 2222, 1283, 66, 808, 840, 458, 1842, 1312, 1803, 1986, 2242, 2091, 992, 2580, 2586, 2250, 2431, 614, 1352, 249, 1830, 118, 2107, 2662, 234, 298, 1439, 506, 557, 567, 990, 215, 2797, 1464, 1610, 1322, 2354, 2205, 1965, 2631, 2121, 2052, 597, 2768, 2191, 2667, 2664, 268, 1785, 184, 1287, 2155, 2438, 975, 816, 2261, 651, 502, 1110, 103, 1478, 2724, 534, 1541, 2560, 1335, 746, 141, 359, 2497, 1994, 2609, 1457, 2759, 1408, 1337, 2796, 395, 1597, 92, 2668, 198, 587, 280, 2444, 517, 289, 781, 598, 2122, 2832, 2766, 481, 355, 2567, 1697, 1777, 445, 937, 1511, 47, 2113, 1196, 2426, 639, 1092, 1353, 2007, 2462, 674, 431, 314, 547, 2304, 196, 2707, 2029, 49, 576, 1899, 112, 709, 2319, 2658, 1047, 449, 2652, 796, 713, 2315, 1325, 1105, 116, 44, 113, 550, 2142, 1060, 423, 1911, 319, 773, 980, 34, 2289, 2427, 558, 2292, 2400, 574, 2869, 2798, 301, 2490, 32, 1239, 2391, 1417, 209, 1701, 675, 1956, 999, 1098, 434, 1292, 2118, 1879, 1054, 1603, 387, 468, 2236, 736, 282, 647, 1804, 164, 1859, 1467, 2026, 2046, 8, 1693, 454, 2585, 1193, 150, 2036, 1737, 740, 1504, 2676, 1155, 974, 413, 868, 883, 1132, 51, 1422, 1112, 827, 1323, 60, 1633, 1310, 2200, 993, 2762, 1075, 104, 1666, 1765, 457, 245, 237, 1397, 1290, 621, 2204, 406, 2057, 748, 439, 650, 671, 84, 2185, 1938, 1178, 214, 1425, 2602, 2786, 265, 2463, 1792, 1113, 177, 1831, 424, 1901, 2439, 91, 134, 435, 1473, 2300, 349, 2559, 2693, 2714, 2767, 28, 1494, 123, 2480, 1770, 2274, 510, 2049, 1667, 2484, 628, 315, 471, 1209, 230, 815, 2153, 1096, 537, 1063, 29, 2518, 1860, 1049, 915, 1885, 637, 1398, 744, 1839, 2380, 2076, 1496, 1674, 1052, 2078, 1521, 2195, 1231, 1263, 2203, 1991, 774, 1612, 592, 267, 1103, 133, 1328, 572, 2841, 1800, 425, 1094, 1572, 317, 1266, 1648, 1252, 1675, 545, 1321, 360, 894, 1065, 259, 1561, 417, 1909, 1274, 2464, 1581, 1814, 2452, 2206, 2815, 2509, 821, 1116, 972, 1293, 2152, 1250, 1560, 1343, 403, 1387, 2411, 2063, 310, 1010, 1133, 2792, 1471, 121, 1577, 2649, 961, 1245, 1481, 142, 1043, 1303, 2619, 1588, 1972, 495, 505, 2763, 909, 581, 2599, 346, 1185, 764, 2448, 418, 426, 2099, 2264, 2321, 470, 290, 2323, 701, 852, 1813, 2831, 962, 877, 149, 1876, 2231, 2818, 1428, 2135, 83, 1752, 830, 996, 2369, 2356, 2563, 2209, 1390, 2745, 730, 1492, 2383, 1338, 932, 2194, 2867, 52, 2345, 2148, 2489, 2680, 2606, 59, 427, 2582, 585, 2641, 1992, 1978, 18, 1620, 938, 841, 1148, 1740, 2221, 2071, 1578, 2189, 1168, 1545, 2837, 693, 2001, 777, 858, 2672, 1265, 2554, 578, 195, 2173, 1539, 331, 1301, 685, 2306, 2596, 2681, 1418, 2033, 1449, 2312, 2092, 2085, 1269, 661, 73, 296, 2278, 55, 1195, 1592, 1403, 1595, 789, 2858, 304, 1532, 1034, 2542, 2614, 1970, 2128, 997, 1759, 2146, 497, 99, 1203, 1559, 1126, 1883, 1402, 842, 270, 681, 604, 187, 421, 1889, 2220, 1672, 1127, 1685, 70, 1356, 2833, 562, 361, 1850, 2362, 1228, 1691, 2436, 965, 176, 329, 2844, 1944, 1118, 1655, 2276, 2473, 1363, 885, 2293, 2144, 2211, 2485, 600, 251, 389, 375, 293, 672, 2840, 655, 870, 1609, 61, 1370, 950, 941, 1700, 2349, 496, 1083, 702, 1087, 1614, 2407, 1045, 240, 2628, 2492, 2735, 1875, 1903, 2158, 2633, 31, 727, 200, 1959, 1924, 2739, 1710, 1525, 279, 2432, 72, 860, 801, 2740, 499, 837, 461, 1518, 1299, 2569, 1869, 2504, 490, 2104, 2851, 1551, 261, 1602, 2201, 229, 2229, 2603, 1793, 643, 649, 521, 1345, 1983, 80, 586, 2417, 2327, 906, 551, 1069, 1907, 1894, 2522, 1973, 1733, 1188, 2454, 1442, 1651, 503, 2653, 2112, 704, 2331, 1441, 2443, 1927, 571, 13, 79, 625, 544, 1756, 940, 848, 2513, 1244, 404, 1865, 1853, 1948, 1177, 1165, 1639, 128, 283, 367, 2765, 737, 968, 236, 2188, 2282, 2612, 2082, 337, 2854, 1420, 2500, 623, 864, 2271, 344, 1502, 2389, 986, 1017, 297, 1982, 2478, 2015, 2397, 1783, 1253, 991, 345, 2169, 1622, 1732, 1936, 1472, 1308, 2529, 385, 734, 1658, 2721, 1443, 22, 2751, 2694, 1508, 2000, 2143, 2465, 620, 1695, 2468, 1870, 318, 2123, 1825, 508, 2584, 416, 714, 1699, 1109, 954, 1949, 1311, 2537, 2698, 2175, 357, 1833, 63, 919, 1954, 1923, 1935, 42, 807, 247, 477, 364, 1488, 1316, 1967, 69, 2829, 2670, 775, 520, 931, 2814, 1817, 231, 2511, 2108, 1755, 2028, 2824, 1383, 2012, 733, 479, 325, 1176, 1834, 2408, 1120, 2161, 2196, 1963, 1257, 2570, 2772, 2467, 455, 1490, 1517, 2755, 2295, 1780, 1579, 2424, 1809, 800, 1302, 223, 374, 1553, 2712, 953, 504, 2150, 2021, 935, 480, 2734, 1714, 2018, 1589, 735, 1854, 2813, 1262, 695, 1437, 1919, 88, 430, 1008, 749, 2842, 1200, 2302, 2828, 2154, 2548, 583, 2517, 1454, 362, 813, 2096, 1166, 441, 193, 1306, 2311, 2598, 95, 2081, 1210, 2050, 23, 880, 875, 2583, 2357, 140, 2811, 145, 1638, 916, 2674, 2412, 312, 1874, 2044, 1673, 1430, 890, 1444, 483, 2402, 1456, 645, 1093, 1029, 478, 559, 2041, 464, 2279, 511, 634, 432, 825, 1183, 2157, 1446, 1939, 2699, 1747, 2686, 336, 1886, 2375, 1764, 1594, 1557, 2165, 2587, 2638, 271, 1962, 26, 210, 925, 2406, 1652, 126, 1642, 2382, 1908, 725, 1248, 1554, 2124, 609, 1344, 12, 2009, 1214, 2630, 1656, 835, 2379, 959, 371, 920, 926, 2695, 998, 518, 927, 2456, 2502, 2273, 879, 553, 987, 2193, 2800, 1056, 673, 7, 768, 1848, 226, 1509, 2648, 2636, 1167, 532, 2541, 2702, 1309, 1351, 1307, 1206, 1221, 2455, 929, 1276, 2574, 2868, 1480, 1406, 1101, 2870, 185, 1888, 2213, 2561, 1824, 207, 2180, 348, 742, 1892, 2491, 2600, 2350, 2470, 1716, 1619, 2651, 708, 1315, 2025, 476, 1319, 1864, 2555, 1153, 115, 2114, 109, 2532, 2410, 1355, 2608, 1362, 2650, 2090, 2294, 2629, 2871, 2545, 135, 1538, 1728, 2296, 2857, 1758, 493, 2103, 2752, 2722, 43, 402, 278, 2405, 732, 2014, 2684, 683, 2298, 2328, 1237, 474, 2809, 1137, 1371, 2013, 2419, 642, 232, 2291, 2802, 2267, 45, 2872, 484, 2487, 1786, 1152, 1895, 1426, 1990, 1953, 2530, 2134, 2088, 2825, 2654, 1712, 2700, 1720, 1235, 2531, 10, 2392, 1078, 2445, 1826, 2846, 2566, 2540, 1077, 633, 1644, 2197, 1776, 1220, 203, 1862, 1769, 122, 2741, 175, 2732, 1297, 1499, 2156, 238, 2093, 1037, 1373, 1980, 2307, 2715, 528, 2016, 2109, 2528, 2747, 1419, 2061, 2673, 1057, 1510, 1867, 2801, 1084, 2058, 758, 1270, 2855, 769, 1445, 68, 1678, 2131, 2859, 1628, 618, 1741, 1593, 1739, 2481, 322, 947, 1893, 2704, 2145, 2003, 794, 1512, 1427, 2125, 2256, 871, 887, 956, 258, 1180, 2863, 306, 891, 2743, 463, 1519, 917, 2839, 632, 570, 1550, 1925, 1147, 216, 2089, 1653, 1247, 2475, 1082, 1465, 2320, 1486, 460, 2355, 905, 2351, 1144, 1808, 1458, 2515, 564, 2506, 1079, 958, 1943, 2458, 2595, 1236, 659, 1172, 2823, 1753, 2105, 1659, 747, 333, 486, 412, 696, 391, 707, 2523, 667, 946, 653, 971, 394, 513, 1294, 386, 1281, 1957, 895, 86, 1484, 560, 2388, 826, 756, 2538, 1158, 666, 1117, 1723, 1393, 765, 1582, 244, 2639, 1400, 1996, 680, 1997, 388, 2054, 2133, 1778, 1129, 964, 1202, 129, 2330, 1763, 246, 2038, 1708, 1621, 1575, 1797, 1703, 218, 102, 907, 2079, 612, 2866, 376, 2510, 1099, 1401, 1089, 25, 233, 1505, 1671, 1091, 2524, 771, 2198, 1032, 1624, 39, 1055, 1788, 2, 1359, 2023, 328, 912, 2645, 2035, 640, 2803, 2316, 2140, 2208, 2784, 654, 2625, 1123, 664, 2215, 37, 1241, 2241, 235, 1225, 1921, 2471, 1823, 81, 921, 396, 1643, 2646, 686, 2322, 2711, 1821, 945, 2782, 2413, 832, 949, 1223, 1163, 933, 0, 266, 1573, 286, 1073, 2461, 1500, 994, 75, 711, 2856, 2006, 120, 482, 1005, 273, 2162, 1811, 199, 684, 2249, 1887, 1007, 1175, 338, 943, 2746, 288, 105, 2816, 1726, 2756, 722, 799, 2106, 780, 2252, 1930, 2325, 596, 2318, 1987, 1608, 1011, 2539, 2776, 584, 2794, 900, 1816, 2020, 2683, 1058, 1421, 1160, 1340, 2425, 2324, 2308, 326, 1331, 20, 287, 2393, 127, 415, 2501, 1520, 1586, 2423, 1100, 1731, 1143, 1012, 939, 2575, 160, 793, 1015, 2064, 2508, 2187, 1227, 1150, 2753, 1217, 2228, 605, 2310, 1945, 2387, 2230, 818, 263, 2437, 1677, 2166, 1537, 1858, 2547, 1661, 1354, 2498, 2116, 2713, 2687, 2613, 159, 1827, 408, 1601, 2087, 1664, 568, 2479, 2384, 2610, 2573, 1242, 217, 2268, 2056, 2344, 174, 2235, 779, 295, 2246, 1138, 300, 2336, 2098, 2171, 1412, 2428, 2505, 1207, 201, 1396, 3, 1952, 2634, 2736, 2564, 1915, 2516, 2622, 2592, 447, 2269, 2338, 2136, 1275, 652, 2219, 1081, 2420, 1009, 2486, 93, 882, 370, 2589, 1062, 1627, 2690, 168, 1198, 27, 2370, 2005, 2692, 2303, 1877, 250, 718, 1881, 2551, 390, 1048, 778, 24, 1107, 1372, 2750, 1844, 658, 1190, 844, 2849, 2074, 2210, 1358, 1194, 820, 787, 1487, 663, 167, 2449, 2601, 1006, 146, 1898, 2051, 2607, 806, 2365, 985, 354, 71, 613, 2817, 1208, 526, 1394, 1775, 1928, 1389, 89, 1071, 1139, 911, 812, 1950, 1211, 1790, 2620, 1157, 1640, 2453, 2390, 1742, 2689, 1523, 277, 179, 2723, 579, 2377, 1233, 1267, 2176, 1847, 552, 2378, 759, 594, 599, 498, 1613, 1018, 243, 2305, 335, 1090, 566, 1468, 1951, 1958, 2270, 554, 967, 2778, 67, 2178, 1961, 1513, 2068, 2556, 1995, 1607, 817, 1256, 1491, 2216, 1285, 2568, 1768, 757, 676, 1838, 206, 2297, 1529, 2624, 1625, 2621, 2385, 710, 1404, 2730, 2120, 2534, 1852, 302, 593, 2416, 828, 2347, 1086, 677, 2168, 1255, 2024, 595, 1380, 1453, 2139, 1688, 2084, 241, 2435, 2642, 124, 831, 1676, 2358, 443, 1993, 861, 2827, 485, 1044, 2659, 1861, 138, 1985, 535, 1618, 433, 2404, 1914, 670, 1709, 2258, 886, 2579, 2593, 851, 784, 2415, 110, 1414, 2482, 469, 1433, 662, 1095, 2251, 1751, 1360, 2483, 1611, 321, 467, 1689, 2077, 1341, 2032, 76, 1735, 65, 1794, 1820, 1003, 260, 316, 350, 1849, 2396, 392, 966, 2627, 1161, 1179, 1375, 294, 988, 782, 1989, 1282, 2040, 1647, 720, 106, 11, 2562, 591, 130, 2147, 2440, 2605, 2808, 1482, 1080, 1623, 665, 1238, 2460, 936, 1357, 2353, 2372, 1128, 54, 1698, 1503, 1522, 1645, 2019, 1580, 380, 1694, 869, 252, 4, 2275, 1988, 1829, 928, 307, 872, 166, 2442, 111, 147, 487, 2688, 2793, 208, 1947, 1218, 2272, 1182, 1434, 538, 2790, 2083, 914, 420, 1438, 148, 1880, 580, 1295, 2332, 1154, 1968, 2783, 1727, 1068, 2065, 1724, 339, 626, 2847, 627, 1748, 1530, 631, 2503, 795, 1641, 2791, 1258, 957, 1431, 2733, 2640, 1514, 343, 1463, 1264, 285, 1122, 2360, 1868, 382, 2055, 700, 2469, 2865, 610, 1181, 1149, 2572, 2597, 1533, 2571, 1976, 1135, 2022, 191, 1630, 2368, 1713, 2409, 2160, 582, 2729, 2663, 192, 1767, 108, 836, 1805, 15, 1564, 615, 706, 74, 190, 1461, 414, 161, 951, 721, 2212, 257, 1910, 2343, 573, 804, 977, 1932, 58, 2361, 847, 1, 1632, 1896, 489, 2830, 2615, 2374, 1913, 2543, 546, 1772, 2340, 1415, 2004, 2848, 854, 2581, 589, 2710, 754, 2398, 1413, 97, 1840, 171, 1845, 2181, 2017, 2493, 892, 107, 1802, 1587, 1916, 1705, 1350, 1567, 786, 2822, 934, 811, 2045, 132, 1668, 151, 1566, 1552, 1199, 393, 2167, 2773, 57, 622, 952, 2183, 1600, 1222, 2066, 703, 2363, 1631, 1981, 397, 2237, 264, 274, 1750, 2665, 2301, 979, 2860, 2685, 1722, 1837, 2533, 178, 1051, 1799, 2243, 14, 2852, 1410, 1447, 788, 85, 2359, 1088, 1184, 1706, 1662, 1637, 342, 2519, 888, 1616, 2008, 56, 94, 898, 2457, 2706, 1536, 1204, 154, 1524, 616, 745, 451, 1681, 2373, 158, 1170, 1969, 1576, 224, 1314, 2679, 446, 1046, 1669, 2787, 2635, 1912, 30, 303, 2682, 1278, 2661, 2260, 1684, 2244, 2418, 896, 488, 1038, 125, 2234, 292, 1918, 452, 682, 143, 1074, 1570, 2862, 1544, 472, 2578, 2117, 1451, 96, 1125, 2725, 77, 1964, 462, 419, 442, 332, 590, 2546, 2494, 2265, 1707, 340, 1374, 170, 1324, 1784, 1405, 785, 973, 507, 1690, 173, 299, 1377, 2227, 2611, 1162, 1822, 876, 2731, 2512, 819, 2073, 752, 692, 189, 930, 2450, 723, 824, 119, 2720, 313, 1260, 630, 918, 2594, 36, 2525, 1937, 1828, 1004, 100, 2738, 101, 1216, 1466, 823, 2781, 2789, 1946, 1479, 2364, 1543, 729, 1815, 1806, 1760, 2138, 407, 1832, 1346, 1318, 853, 438, 2039, 1279, 2826, 641, 341, 2671, 1546, 2395, 1717, 978, 1757, 46, 2421, 1878, 1171, 2130, 527, 575, 2159, 1385, 529, 1940, 1040, 1856, 2709, 2199, 874, 281, 1495, 2590, 976, 183, 17, 1657, 1796, 2757, 2850, 2466, 866, 2341, 1212, 1186, 1774, 577, 717, 1649, 543, 1902, 2070, 2031, 2115, 1305, 542, 1841, 2335, 358, 219, 2367, 428, 668, 2536, 1975, 2059, 1364, 473, 1626, 1955, 1591, 1663, 1920, 2299, 1977, 2174, 1507, 1330, 514, 1568, 772, 1409, 969, 863, 884, 984, 275, 1072, 2429, 2309, 2072, 810, 82, 1334, 334, 211, 712, 1023, 33, 2769, 2164, 2314, 48, 1142, 897, 648, 188, 2326, 698, 78, 2810, 2381, 309, 761, 2254, 1030, 1469, 1027, 750, 923, 311, 2422, 366, 2433, 1897, 862, 2366, 1014, 1646, 2202, 1795, 629, 172, 2777, 1064, 790, 163, 368, 2526, 2280, 1719, 1846, 2544, 1696, 456, 437, 2447, 1298, 1929, 2238, 1124, 2717, 262, 855, 1917, 849, 2758, 619, 1114, 6, 843, 846, 1571, 913, 1076, 1022, 347, 2488, 669, 1650, 770, 2245, 1866, 1773, 2577, 1349, 1549, 2257, 2451, 2192, 1151]
labeling = [0, 7, 13, 15, 0, 0, 0, 0, 0, 5, 7, 25, 0, 12, 31, 31, 0, 1, 36, 0, 23, 1, 1, 0, 28, 9, 13, 0, 26, 11, 36, 0, 15, 50, 11, 0, 36, 41, 5, 0, 8, 16, 22, 0, 19, 34, 2, 0, 40, 26, 9, 0, 0, 0, 0, 29, 49, 45, 0, 4, 2, 0, 0, 8, 0, 0, 0, 8, 0, 0, 31, 25, 6, 0, 47, 44, 41, 0, 3, 5, 5, 0, 51, 27, 12, 0, 2, 1, 7, 0, 4, 1, 4, 0, 25, 15, 29, 0, 2, 4, 10, 0, 11, 1, 9, 0, 6, 21, 22, 0, 12, 29, 8, 0, 0, 20, 0, 0, 2, 3, 0, 15, 24, 10, 0, 34, 20, 19, 0, 3, 8, 0, 0, 7, 15, 14, 0, 1, 34, 2, 0, 10, 17, 21, 0, 3, 0, 0, 33, 19, 9, 0, 0, 1, 10, 0, 8, 3, 30, 0, 28, 25, 0, 0, 3, 0, 4, 0, 1, 0, 7, 0, 38, 32, 9, 0, 6, 0, 0, 22, 2, 0, 0, 6, 3, 0, 4, 17, 21, 0, 34, 19, 0, 27, 1, 14, 0, 2, 4, 8, 0, 38, 7, 18, 0, 0, 32, 16, 0, 16, 15, 28, 0, 7, 7, 5, 0, 42, 30, 36, 0, 14, 9, 0, 19, 3, 0, 0, 4, 9, 9, 0, 35, 39, 10, 0, 23, 20, 0, 3, 25, 39, 0, 8, 13, 5, 0, 25, 18, 8, 0, 6, 15, 0, 0, 0, 5, 17, 0, 17, 50, 22, 0, 4, 0, 0, 12, 12, 4, 0, 26, 31, 1, 0, 42, 34, 0, 6, 0, 0, 5, 20, 7, 0, 1, 2, 4, 0, 16, 13, 23, 0, 44, 11, 36, 0, 0, 7, 3, 0, 6, 14, 0, 31, 22, 4, 0, 36, 0, 39, 0, 48, 32, 0, 5, 20, 32, 0, 21, 18, 3, 0, 23, 12, 6, 0, 32, 8, 25, 0, 1, 23, 40, 0, 47, 40, 27, 0, 9, 13, 8, 0, 4, 43, 0, 26, 21, 44, 0, 17, 36, 0, 0, 9, 37, 2, 0, 0, 11, 2, 0, 20, 24, 9, 0, 7, 41, 15, 0, 10, 33, 26, 0, 5, 22, 0, 6, 3, 4, 0, 10, 1, 14, 0, 10, 10, 4, 0, 1, 14, 12, 0, 8, 19, 21, 0, 25, 10, 0, 0, 4, 8, 19, 0, 16, 0, 0, 2, 0, 0, 2, 0, 8, 0, 26, 27, 6, 0, 11, 20, 19, 0, 2, 13, 11, 0, 16, 10, 9, 0, 7, 6, 15, 0, 13, 4, 2, 0, 29, 11, 0, 0, 16, 11, 1, 0, 0, 0, 0, 0, 0, 21, 17, 0, 10, 16, 38, 0, 2, 3, 11, 0, 10, 17, 6, 0, 4, 24, 7, 0, 4, 0, 15, 0, 21, 0, 20, 0, 5, 10, 9, 0, 1, 14, 3, 0, 8, 17, 0, 20, 15, 6, 0, 9, 6, 10, 0, 12, 8, 0, 0, 0, 10, 6, 0, 4, 5, 21, 0, 8, 0, 3, 0, 24, 28, 4, 0, 7, 11, 7, 0, 10, 2, 0, 3, 0, 22, 0, 20, 25, 2, 0, 15, 5, 2, 0, 3, 8, 13, 0, 0, 0, 0, 21, 9, 6, 0, 1, 5, 2, 0, 11, 17, 12, 0, 4, 7, 4, 0, 16, 18, 1, 0, 6, 8, 1, 0, 0, 16, 1, 0, 12, 9, 26, 0, 31, 11, 32, 0, 1, 14, 5, 0, 14, 20, 17, 0, 1, 3, 16, 0, 27, 13, 23, 0, 0, 18, 0, 8, 21, 14, 0, 0, 0, 9, 0, 1, 1, 0, 0, 28, 3, 20, 0, 6, 14, 27, 0, 18, 0, 0, 10, 45, 20, 0, 21, 23, 27, 0, 53, 47, 0, 0, 6, 0, 6, 6, 14, 0, 0, 8, 10, 0, 0, 0, 0, 3, 11, 0, 6, 2, 0, 0, 18, 4, 9, 0, 8, 46, 26, 0, 19, 48, 32, 0, 30, 40, 33, 0, 53, 47, 15, 0, 6, 4, 2, 0, 8, 2, 0, 0, 10, 46, 28, 0, 19, 38, 8, 0, 12, 3, 0, 28, 14, 3, 0, 12, 2, 31, 0, 14, 11, 5, 0, 8, 3, 15, 0, 16, 13, 4, 0, 38, 5, 3, 0, 0, 0, 0, 0, 30, 43, 29, 0, 3, 21, 7, 0, 0, 53, 0, 18, 38, 24, 0, 33, 28, 18, 0, 13, 30, 0, 0, 16, 34, 48, 0, 35, 32, 26, 0, 9, 51, 4, 0, 18, 35, 3, 0, 41, 14, 52, 0, 1, 0, 0, 12, 9, 21, 0, 5, 11, 9, 0, 4, 0, 0, 3, 7, 0, 0, 11, 20, 0, 0, 5, 48, 23, 0, 8, 14, 0, 0, 23, 40, 27, 0, 0, 0, 10, 0, 9, 2, 1, 0, 9, 13, 13, 0, 1, 11, 7, 0, 2, 2, 11, 0, 22, 26, 24, 0, 13, 1, 26, 0, 0, 21, 0, 5, 0, 4, 0, 23, 7, 0, 0, 36, 22, 4, 0, 2, 4, 6, 0, 27, 9, 33, 0, 18, 39, 6, 0, 16, 36, 28, 0, 4, 0, 0, 0, 18, 15, 0, 3, 9, 2, 0, 2, 10, 22, 0, 27, 24, 1, 0, 11, 9, 0, 0, 4, 0, 0, 0, 14, 31, 8, 0, 5, 0, 0, 11, 26, 0, 0, 5, 10, 0, 46, 34, 4, 0, 12, 13, 0, 5, 27, 20, 0, 0, 11, 0, 0, 39, 55, 41, 0, 29, 37, 34, 0, 33, 42, 6, 0, 3, 15, 7, 0, 45, 33, 50, 0, 15, 44, 0, 13, 9, 0, 0, 3, 8, 3, 0, 41, 12, 37, 0, 37, 2, 0, 13, 52, 45, 0, 9, 6, 20, 0, 26, 29, 3, 0, 7, 1, 22, 0, 11, 16, 18, 0, 0, 38, 21, 0, 3, 0, 0, 11, 19, 10, 0, 6, 13, 0, 0, 12, 30, 0, 5, 0, 0, 6, 2, 8, 0, 0, 7, 1, 0, 8, 3, 0, 0, 34, 48, 18, 0, 4, 3, 7, 0, 3, 27, 0, 0, 7, 12, 0, 38, 10, 14, 0, 49, 31, 0, 13, 4, 42, 0, 28, 51, 10, 0, 11, 25, 5, 0, 33, 45, 0, 0, 0, 9, 18, 0, 22, 35, 13, 0, 5, 0, 7, 0, 14, 15, 0, 31, 29, 31, 0, 13, 1, 0, 0, 44, 19, 6, 0, 13, 12, 6, 0, 19, 31, 23, 0, 34, 16, 8, 0, 21, 12, 14, 0, 13, 0, 0, 14, 28, 23, 0, 20, 11, 15, 0, 21, 13, 0, 0, 18, 24, 17, 0, 9, 4, 5, 0, 20, 3, 0, 0, 5, 15, 9, 0, 7, 12, 0, 2, 0, 0, 1, 1, 7, 0, 29, 12, 5, 0, 14, 4, 5, 0, 11, 7, 22, 0, 14, 13, 8, 0, 6, 34, 26, 0, 6, 0, 1, 0, 28, 28, 1, 0, 19, 26, 9, 0, 0, 0, 0, 0, 25, 30, 24, 0, 17, 19, 18, 0, 3, 4, 19, 0, 0, 8, 17, 0, 15, 10, 30, 0, 11, 2, 15, 0, 11, 32, 2, 0, 2, 15, 5, 0, 7, 18, 4, 0, 0, 13, 0, 16, 4, 19, 0, 26, 7, 1, 0, 15, 2, 1, 0, 16, 0, 9, 0, 5, 11, 19, 0, 16, 11, 2, 0, 1, 16, 5, 0, 12, 5, 0, 0, 5, 13, 0, 4, 17, 14, 0, 9, 3, 10, 0, 0, 11, 8, 0, 22, 10, 8, 0, 0, 0, 0, 7, 19, 14, 0, 5, 9, 21, 0, 12, 3, 16, 0, 10, 22, 3, 0, 17, 5, 11, 0, 10, 12, 9, 0, 6, 22, 2, 0, 24, 8, 7, 0, 3, 10, 9, 0, 7, 5, 0, 0, 21, 24, 5, 0, 5, 2, 3, 0, 15, 12, 2, 0, 0, 19, 0, 17, 7, 10, 0, 0, 6, 4, 0, 4, 23, 16, 0, 11, 2, 8, 0, 7, 0, 3, 0, 1, 0, 0, 11, 3, 50, 0, 20, 24, 16, 0, 37, 46, 0, 0, 10, 0, 49, 20, 1, 0, 12, 9, 2, 0, 17, 8, 0, 29, 30, 0, 12, 3, 0, 0, 44, 3, 2, 0, 7, 16, 29, 0, 43, 35, 48, 0, 2, 41, 9, 0, 29, 15, 11, 0, 2, 16, 0, 0, 4, 11, 4, 0, 15, 34, 21, 0, 41, 14, 16, 0, 16, 26, 0, 13, 22, 34, 0, 8, 5, 36, 0, 3, 20, 17, 0, 19, 7, 4, 0, 0, 19, 3, 24, 8, 2, 2, 4, 2, 27, 10, 28, 45, 22, 39, 43, 12, 4, 39, 43, 22, 0, 19, 31, 37, 30, 17, 35, 47, 14, 29, 6, 34, 2, 37, 17, 10, 10, 19, 42, 8, 2, 0, 1, 36, 3, 13, 12, 6, 5, 0, 0, 3, 0, 10, 0, 1, 4, 7, 7, 14, 6, 5, 16, 5, 18, 0, 3, 9, 6, 1, 2, 28, 18, 5, 4, 5, 0, 5, 6, 16, 25, 4, 12, 31, 13, 17, 0, 38, 4, 10, 8, 12, 25, 13, 35, 0, 3, 6, 7, 5, 26, 16, 20, 24, 33, 11, 6, 12, 1, 11, 0, 9, 21, 27, 2, 4, 6, 20, 23, 5, 8, 7, 2, 8, 8, 0, 2, 0, 0, 41, 23, 0, 10, 0, 31, 11, 2, 11, 2, 21, 22, 12, 1, 0, 47, 14, 43, 18, 28, 1, 51, 54, 17, 28, 10, 35, 49, 24, 25, 10, 24, 6, 22, 4, 5, 4, 43, 26, 8, 2, 1, 22, 14, 18, 21, 27, 9, 1, 11, 17, 38, 10, 4, 5, 6, 8, 2, 8, 14, 16, 3, 9, 10, 24, 28, 7, 2, 0, 10, 9, 9, 36, 26, 8, 25, 42, 4, 0, 2, 0, 13, 15, 5, 0, 3, 2, 1, 45, 16, 19, 0, 12, 6, 2, 30, 6, 53, 38, 17, 49, 46, 24, 27, 37, 11, 20, 29, 47, 24, 39, 1, 33, 27, 38, 35, 3, 8, 11, 23, 36, 3, 16, 8, 2, 8, 10, 25, 28, 17, 2, 0, 0, 1, 5, 21, 12, 6, 2, 18, 9, 7, 9, 7, 2, 2, 1, 9, 6, 15, 13, 18, 7, 0, 22, 3, 27, 26, 11, 15, 25, 14, 3, 20, 24, 16, 0, 0, 17, 9, 28, 8, 5, 3, 0, 21, 2, 6, 19, 8, 4, 2, 9, 13, 6, 11, 18, 0, 6, 2, 23, 12, 22, 14, 4, 0, 3, 0, 0, 27, 8, 32, 0, 0, 0, 1, 17, 14, 31, 20, 12, 12, 3, 1, 10, 12, 7, 5, 25, 25, 6, 6, 3, 29, 23, 27, 7, 9, 4, 4, 2, 7, 1, 2, 14, 18, 9, 18, 0, 11, 6, 3, 0, 6, 13, 13, 0, 10, 18, 0, 19, 0, 0, 23, 6, 11, 21, 18, 6, 12, 3, 2, 15, 8, 14, 15, 20, 10, 7, 2, 1, 20, 1, 0, 14, 6, 11, 4, 8, 18, 18, 4, 3, 29, 15, 21, 5, 4, 28, 9, 7, 3, 3, 5, 0, 23, 26, 34, 25, 19, 25, 4, 1, 1, 13, 17, 12, 2, 1, 10, 9, 9, 22, 0, 0, 16, 11, 11, 0, 0, 0, 14, 5, 6, 2, 8, 9, 5, 13, 4, 0, 0, 39, 4, 17, 2, 25, 32, 21, 23, 2, 6, 7, 33, 15, 11, 8, 8, 39, 32, 14, 5, 5, 12, 2, 10, 5, 0, 20, 31, 19, 32, 19, 47, 40, 44, 30, 43, 55, 34, 7, 17, 5, 0, 9, 2, 35, 6, 22, 42, 54, 29, 4, 18, 3, 1, 16, 7, 27, 8, 13, 23, 0, 4, 13, 10, 6, 30, 0, 0, 0, 0, 0, 0, 0, 0, 0, 0, 0, 0, 0, 0, 0, 0, 0, 0, 0, 0, 0, 0, 0, 0, 0, 0, 0, 0, 0, 0, 0, 0, 0, 0, 0, 0, 0, 0, 0, 0, 0, 0, 0, 0, 0, 0, 0, 0, 0, 0, 0, 0, 0, 0, 0, 0, 0, 0, 0, 0, 0, 0, 0, 0, 0, 0, 0, 0, 0, 0, 0, 0, 0, 0, 0, 0, 0, 0, 0, 0, 0, 0, 0, 0, 0, 0, 0, 0, 0, 0, 0, 0, 0, 0, 0, 0, 0, 0, 0, 0, 0, 0, 0, 0, 0, 0, 0, 0, 0, 0, 0, 0, 0, 0, 0, 0, 0, 0, 0, 0, 0, 0, 0, 0, 0, 0, 0, 0, 0, 0, 0, 0, 0, 0, 0, 0, 0, 0, 0, 0, 0, 0, 0, 0, 0, 0, 0, 0, 0, 0, 0, 0, 0, 0, 0, 0, 0, 0, 0, 0, 0, 0, 0, 0, 0, 0, 0, 0, 0, 0, 0, 0, 0, 0, 0, 0, 0, 0, 0, 0, 0, 0, 0, 0, 0, 0, 0, 0, 0, 0, 0, 0, 0, 0, 0, 0, 0, 0, 0, 0, 0, 0, 0, 0, 0, 0, 0, 0, 0, 0, 0, 0, 0, 0, 0, 0, 0, 0, 0, 0, 0, 0, 0, 0, 0, 0, 0, 0, 0, 0, 0, 0, 0, 0, 0, 0, 0, 0, 0, 0, 0, 0, 0, 0, 0, 0, 0, 0, 0, 0, 0, 0, 0, 0, 0, 0, 0, 0, 0, 0, 0, 0, 0, 0, 0, 0, 0, 0, 0, 0, 0, 0, 0, 0, 0, 0, 0, 0, 0, 0, 0, 0, 0, 0, 0, 0, 0, 0, 0, 0, 0, 0, 0, 0, 0, 0, 0, 0, 0, 0, 0, 0, 0, 0, 0, 0, 0, 0, 0, 0, 0, 0, 0, 0, 0, 0, 0, 0, 0, 0, 0, 0, 0, 0, 0, 0, 0, 0, 0, 0, 0, 0, 0, 0, 0, 0, 0, 0, 0, 0, 0, 0, 0, 0, 0, 0, 0, 0, 0, 0, 0, 0, 0, 0, 0, 0, 0, 0, 0, 0, 0, 0, 0, 0, 0, 0, 0, 0, 0, 0, 0, 0, 0, 0, 0, 0, 0, 0, 0, 0, 0, 0, 0, 0, 0, 0, 0, 0, 0, 0, 0, 0, 0, 0, 0, 0, 0, 0, 0, 0, 0, 0, 0, 0, 0, 0, 0, 0, 0, 0, 0, 0, 0, 0, 0, 0, 0, 0, 0, 0, 0, 0, 0, 0, 0, 0, 0, 0, 0, 0, 0, 0, 0, 0, 0, 0, 0, 0, 0, 0, 0, 0, 0, 0, 0, 0, 0, 0, 0, 0, 0, 0, 0, 0, 0, 0, 0, 0, 0, 0, 0, 0, 0, 0, 0, 0, 0, 0, 0, 0, 0, 0, 0, 0, 0, 0, 0, 0, 0, 0, 0, 0, 0, 0, 0, 0, 0, 0, 0, 0, 0, 0, 0, 0, 0, 0, 0, 0, 0, 0, 0, 0, 0, 0, 0, 0, 0, 0, 0, 0, 0, 0, 0, 0, 0, 0, 0, 0, 0, 0, 0, 0, 0, 0, 0, 0, 0, 0, 0, 0, 0, 0, 0, 0, 0, 0, 0, 0, 0, 0, 0, 0, 0, 0, 0, 0, 0, 0, 0, 0, 0, 0, 0, 0, 0, 0, 0, 0, 0, 0, 0, 0, 0, 0, 0, 0, 0, 0, 0, 0, 0, 0, 0, 0, 0, 0, 0, 0, 0, 0, 0, 0, 0, 0, 0, 0, 0, 0, 0, 0, 0, 0, 0, 0, 0, 0, 0, 0, 0, 0, 0, 0, 0, 0, 0, 0, 0, 0, 0, 0, 0, 0, 0, 0, 0, 0, 0, 0, 0, 0, 0, 0, 0, 0, 0, 0, 0, 0, 0, 0, 0, 0, 0, 0, 0, 0, 0, 0, 0, 0, 0, 0, 0, 0, 0, 0, 0, 0, 0, 0, 0, 0, 0, 0, 0, 0, 0, 0, 0, 0, 0, 0, 0, 0, 0, 0, 0, 0, 0, 0, 0, 0, 0, 0, 0, 0, 0, 0, 0, 0, 0, 0, 0, 0, 0, 0, 0, 0, 0, 0, 0, 0, 0, 0, 0, 0, 0, 0, 0, 0, 0, 0, 0, 0, 0, 0, 0, 0, 0, 0, 0, 0, 0, 0, 0, 0, 0, 0, 0, 0, 0, 0, 0, 0, 0, 0, 0, 0, 0, 0, 0, 0, 0, 0, 0, 0, 0, 0, 0, 0, 0, 0, 0, 0, 0, 0, 0, 0, 0, 0, 0, 0, 0, 0, 0, 0, 0, 0, 0, 0, 0, 0, 0, 0, 0, 0, 0, 0, 0, 0, 0, 0, 0, 0, 0, 0, 0, 0, 0, 0, 0, 0, 0, 0, 0, 0, 0, 0, 0, 0, 0, 0, 0, 0, 0, 0, 0, 0, 0, 0, 0, 0, 0, 0, 0, 0, 0, 0, 0, 0, 0, 0, 0, 0, 0, 0, 0, 0, 0, 0, 0, 0, 0, 0, 0, 0, 0, 0, 0, 0, 0, 0, 0, 0, 0, 0, 0, 0, 0, 0, 0, 0, 0, 0, 0, 0, 0, 0, 0, 0, 0, 0, 0, 0, 0, 0, 0, 0, 0, 0, 0, 0, 0, 0, 0, 0, 0, 0, 0, 0, 0, 0, 0, 0, 0, 0, 0, 0, 0, 0, 0, 0, 0, 0, 0, 0, 0, 0, 0, 0, 0, 0, 0, 0, 0, 0, 0, 0, 0, 0, 0, 0, 0, 0, 0, 0, 0, 0, 0, 0, 0, 0, 0, 0, 0, 0, 0, 0, 0, 0, 0, 0, 0, 0, 0, 0]
convergência = [57, 56, 56, 56, 56, 56, 56, 56, 55, 55, 55, 54, 54, 54, 54, 54, 54, 54, 54, 54, 54, 54, 54, 54, 54, 54, 53, 53, 53, 53, 53, 53, 53, 53, 53, 53, 53, 53, 53, 53, 53, 53, 53, 53, 53, 53, 53, 53, 53, 53, 52, 52, 52, 52, 52, 52, 52, 52, 52, 52, 52, 52, 52, 52, 52, 52, 52, 52, 52, 52, 52, 52, 52, 52, 52, 52, 52, 52, 52, 52, 52, 52, 52, 52, 52, 52, 52, 52, 52, 52, 52, 52, 52, 52, 52, 52, 52, 52, 52, 52, 52, 52, 52, 52, 52, 52, 52, 52, 52, 52, 52, 52, 52, 52, 52, 51, 51, 51, 51, 51, 51, 51, 51, 51, 51, 51, 51]

===== FIM =====
, 52, 52, 52, 52, 52, 52, 52, 52, 52, 52, 52, 52, 52, 52, 52, 52, 52, 52, 52, 52, 52, 52, 52, 52, 52, 52, 52, 52, 52, 52, 52, 52, 52, 52, 52, 52, 52, 52, 52, 52, 52, 52, 52, 52, 52, 52, 52, 52, 52]

===== FIM =====
