===== RESULTADO GA L(2,1) =====
Arquivo: /Users/mateuspedrosa/Documents/TCC-II/BOGA/data/Harwell-Boeing_cleaned/1138_bus_clean.mtx (undirected)
Crossover: cx | Mutação: em | pop=30 | gens=53 | mut=0.446 | cr=0.5724 | runs=1 | max-stagt=1031

----- Execução #1 -----
Span (lambda): 13
Parada: MAX_GENS (geração 53)
best_order = [9, 493, 1121, 93, 213, 996, 487, 303, 483, 626, 455, 166, 474, 1037, 165, 604, 1075, 683, 306, 96, 1019, 260, 345, 88, 711, 338, 929, 1118, 937, 572, 103, 958, 909, 374, 821, 779, 887, 489, 549, 699, 118, 991, 963, 452, 730, 1103, 1114, 658, 100, 656, 276, 479, 934, 554, 164, 950, 708, 171, 804, 877, 848, 1025, 736, 509, 98, 350, 54, 646, 596, 627, 666, 467, 259, 633, 583, 238, 812, 927, 721, 370, 436, 536, 312, 762, 512, 714, 984, 594, 503, 393, 300, 798, 519, 1093, 154, 295, 426, 1060, 106, 432, 1101, 453, 562, 44, 293, 707, 870, 245, 70, 368, 421, 514, 756, 944, 1080, 769, 761, 121, 174, 267, 356, 1120, 1132, 458, 1029, 808, 949, 1057, 609, 315, 343, 1130, 82, 129, 635, 776, 83, 653, 619, 1064, 774, 400, 689, 291, 625, 475, 199, 5, 853, 271, 212, 87, 335, 1090, 327, 1020, 543, 1083, 1099, 787, 462, 680, 1003, 900, 904, 888, 640, 865, 12, 417, 1032, 1092, 951, 449, 825, 894, 51, 598, 193, 78, 39, 297, 445, 1012, 513, 450, 1005, 765, 112, 726, 860, 203, 1081, 940, 1097, 1004, 976, 344, 28, 66, 953, 1072, 336, 7, 77, 823, 141, 882, 690, 298, 323, 279, 895, 42, 131, 186, 491, 1041, 524, 694, 337, 225, 850, 119, 317, 422, 611, 837, 270, 715, 214, 539, 162, 508, 884, 516, 132, 218, 285, 441, 731, 361, 19, 978, 807, 506, 546, 764, 1035, 793, 643, 208, 1077, 1053, 1113, 60, 1062, 268, 86, 703, 405, 91, 114, 243, 1006, 755, 1031, 183, 473, 123, 624, 248, 321, 696, 1018, 0, 8, 892, 29, 251, 469, 444, 858, 511, 324, 719, 936, 692, 451, 292, 414, 1071, 116, 579, 342, 152, 228, 490, 630, 429, 783, 72, 99, 305, 1110, 621, 307, 586, 517, 763, 81, 296, 90, 553, 64, 686, 120, 1065, 791, 161, 188, 981, 883, 160, 754, 220, 538, 641, 948, 655, 967, 824, 1027, 470, 30, 389, 928, 758, 868, 750, 1125, 34, 73, 961, 768, 1039, 797, 1088, 1136, 498, 163, 494, 592, 975, 485, 547, 354, 217, 737, 773, 340, 252, 328, 1061, 548, 425, 437, 924, 1052, 1036, 875, 880, 792, 829, 831, 1050, 177, 157, 748, 375, 395, 24, 921, 702, 733, 325, 391, 235, 140, 945, 170, 313, 135, 200, 209, 866, 802, 716, 1127, 439, 966, 636, 195, 1014, 369, 757, 1028, 629, 92, 1096, 558, 801, 394, 747, 384, 371, 614, 712, 447, 740, 50, 318, 525, 930, 319, 644, 1063, 815, 1135, 478, 623, 925, 434, 314, 189, 169, 814, 167, 175, 502, 181, 1105, 818, 326, 847, 205, 211, 745, 660, 442, 283, 381, 1056, 332, 115, 520, 348, 1000, 767, 770, 233, 781, 339, 266, 724, 1087, 891, 782, 785, 185, 398, 198, 650, 713, 210, 606, 168, 424, 555, 130, 843, 67, 905, 841, 290, 1030, 965, 665, 544, 125, 1084, 1033, 752, 591, 365, 438, 552, 947, 1024, 778, 799, 1104, 1059, 1070, 459, 26, 617, 941, 230, 943, 187, 800, 697, 613, 477, 946, 913, 695, 537, 407, 834, 289, 223, 576, 986, 1134, 379, 563, 573, 607, 488, 281, 464, 386, 527, 1111, 1001, 1122, 789, 670, 215, 1078, 40, 263, 1010, 262, 580, 784, 1089, 602, 872, 1055, 861, 190, 863, 1009, 320, 734, 935, 404, 1109, 669, 401, 382, 723, 816, 672, 38, 117, 14, 330, 480, 647, 1015, 134, 954, 435, 973, 652, 911, 1007, 515, 172, 678, 557, 1069, 278, 237, 178, 589, 896, 482, 828, 654, 191, 222, 486, 1021, 567, 399, 1017, 65, 584, 997, 805, 102, 1051, 347, 983, 466, 574, 1108, 760, 833, 182, 1106, 582, 842, 471, 522, 844, 642, 219, 645, 638, 383, 964, 679, 89, 461, 111, 628, 1117, 568, 304, 1086, 809, 969, 992, 264, 585, 806, 373, 795, 1013, 504, 581, 351, 876, 846, 545, 431, 456, 588, 869, 499, 1054, 253, 1049, 1045, 1119, 392, 419, 359, 851, 27, 612, 110, 871, 879, 917, 18, 62, 751, 352, 910, 907, 353, 497, 15, 1048, 820, 577, 886, 632, 423, 465, 334, 367, 610, 360, 1067, 989, 541, 500, 687, 406, 35, 597, 717, 255, 560, 403, 1123, 701, 1131, 408, 955, 74, 180, 179, 11, 16, 85, 845, 71, 739, 75, 346, 146, 226, 47, 402, 599, 1022, 901, 600, 6, 830, 743, 593, 565, 718, 914, 349, 357, 1074, 874, 457, 676, 46, 76, 742, 999, 126, 246, 897, 153, 533, 685, 864, 729, 1085, 287, 741, 681, 684, 889, 409, 510, 173, 608, 728, 933, 492, 1011, 988, 939, 207, 786, 744, 556, 308, 59, 661, 239, 128, 979, 994, 1026, 331, 388, 590, 571, 1100, 32, 700, 794, 1016, 250, 460, 749, 79, 358, 136, 446, 274, 534, 385, 518, 746, 691, 852, 720, 529, 84, 155, 826, 1079, 36, 915, 390, 412, 284, 1112, 151, 706, 890, 221, 43, 827, 564, 775, 732, 194, 1023, 420, 682, 1044, 790, 803, 454, 972, 25, 159, 108, 2, 998, 968, 1094, 838, 122, 620, 137, 440, 476, 595, 277, 906, 366, 813, 411, 885, 333, 526, 147, 184, 893, 133, 57, 772, 21, 443, 410, 261, 52, 58, 197, 759, 247, 985, 1124, 45, 311, 777, 977, 938, 587, 97, 530, 648, 673, 675, 309, 68, 17, 839, 637, 275, 48, 1133, 472, 569, 639, 873, 735, 258, 107, 698, 448, 109, 463, 301, 94, 139, 1107, 931, 667, 138, 310, 240, 995, 618, 282, 496, 916, 80, 257, 817, 316, 970, 3, 372, 433, 923, 1115, 603, 95, 1076, 1047, 236, 531, 495, 920, 903, 1098, 1082, 272, 341, 709, 13, 23, 1073, 840, 387, 105, 269, 363, 481, 329, 912, 753, 69, 605, 1034, 302, 980, 908, 229, 299, 242, 859, 631, 523, 822, 362, 20, 1043, 1008, 56, 241, 535, 622, 484, 1002, 158, 415, 559, 704, 688, 256, 926, 280, 232, 1095, 898, 144, 671, 987, 918, 819, 651, 1066, 959, 150, 788, 49, 63, 551, 990, 428, 31, 244, 10, 780, 578, 254, 881, 149, 148, 738, 380, 41, 952, 273, 962, 1068, 427, 1038, 664, 570, 615, 355, 960, 528, 854, 1, 550, 521, 766, 836, 104, 993, 957, 532, 216, 1128, 849, 971, 932, 288, 416, 61, 418, 867, 294, 378, 616, 1040, 1137, 37, 55, 810, 677, 505, 176, 204, 796, 142, 919, 22, 376, 265, 982, 1129, 878, 710, 1116, 771, 974, 1091, 862, 201, 224, 430, 468, 124, 542, 127, 705, 693, 53, 662, 956, 377, 659, 857, 922, 1042, 832, 942, 196, 396, 674, 899, 1102, 727, 507, 234, 722, 1058, 856, 1126, 4, 501, 206, 249, 540, 156, 668, 855, 601, 725, 835, 811, 397, 113, 231, 663, 561, 202, 33, 145, 634, 1046, 566, 364, 143, 101, 227, 192, 575, 322, 657, 286, 649, 902, 413]
labeling = [2, 4, 6, 7, 4, 1, 4, 0, 3, 0, 8, 0, 0, 2, 0, 3, 4, 5, 2, 1, 4, 0, 0, 2, 0, 2, 3, 0, 1, 0, 4, 0, 5, 5, 4, 0, 6, 6, 2, 2, 5, 0, 4, 7, 0, 2, 0, 0, 4, 2, 0, 0, 2, 7, 0, 4, 1, 3, 3, 5, 0, 0, 2, 6, 0, 4, 0, 2, 4, 6, 0, 6, 1, 7, 3, 1, 3, 4, 2, 5, 3, 2, 0, 1, 0, 9, 2, 0, 0, 6, 1, 5, 10, 0, 4, 4, 0, 3, 0, 2, 0, 9, 2, 2, 3, 0, 0, 2, 1, 4, 1, 5, 2, 6, 4, 2, 0, 0, 0, 0, 4, 1, 5, 3, 8, 4, 0, 2, 6, 2, 4, 0, 1, 3, 0, 2, 3, 4, 5, 2, 0, 1, 2, 5, 3, 6, 0, 2, 0, 1, 0, 0, 1, 0, 0, 0, 3, 2, 1, 0, 0, 3, 0, 2, 2, 0, 0, 4, 5, 0, 4, 0, 8, 1, 4, 5, 0, 2, 1, 5, 0, 2, 7, 6, 4, 3, 0, 2, 0, 0, 4, 7, 9, 5, 6, 1, 7, 0, 2, 0, 5, 2, 4, 0, 3, 2, 3, 1, 1, 6, 2, 0, 4, 0, 0, 4, 1, 3, 0, 4, 0, 4, 6, 2, 7, 0, 1, 4, 0, 2, 0, 2, 6, 2, 10, 2, 5, 4, 0, 0, 13, 8, 4, 0, 1, 0, 3, 0, 0, 7, 0, 7, 5, 2, 6, 3, 1, 4, 6, 1, 0, 5, 0, 3, 0, 10, 6, 2, 0, 8, 4, 0, 6, 4, 5, 2, 0, 4, 6, 1, 2, 2, 0, 2, 2, 0, 3, 0, 3, 0, 7, 2, 4, 1, 3, 0, 2, 1, 3, 6, 0, 1, 2, 0, 5, 0, 0, 0, 2, 11, 2, 0, 0, 3, 3, 1, 5, 0, 4, 3, 1, 6, 12, 3, 8, 0, 2, 0, 2, 0, 0, 7, 0, 3, 5, 0, 2, 4, 0, 6, 1, 8, 3, 0, 2, 0, 5, 1, 4, 1, 0, 2, 4, 7, 0, 9, 2, 2, 0, 3, 2, 3, 6, 2, 0, 3, 6, 3, 0, 1, 0, 2, 1, 0, 0, 2, 0, 5, 0, 3, 0, 0, 4, 6, 1, 8, 2, 10, 4, 0, 1, 0, 1, 0, 5, 3, 2, 0, 7, 0, 2, 0, 0, 0, 8, 1, 9, 0, 5, 3, 5, 4, 0, 7, 3, 6, 5, 0, 0, 4, 2, 0, 1, 0, 4, 2, 0, 2, 0, 0, 4, 0, 1, 5, 3, 0, 0, 0, 3, 0, 4, 1, 3, 2, 2, 0, 1, 1, 3, 0, 2, 6, 0, 0, 3, 0, 0, 7, 1, 5, 0, 3, 0, 4, 2, 6, 0, 0, 0, 1, 4, 0, 6, 3, 0, 0, 1, 6, 6, 0, 6, 0, 6, 0, 8, 2, 0, 0, 0, 0, 3, 2, 0, 0, 4, 0, 0, 2, 0, 3, 8, 7, 0, 1, 6, 3, 5, 9, 3, 0, 7, 0, 0, 2, 1, 5, 4, 0, 5, 2, 3, 7, 4, 2, 0, 2, 4, 3, 0, 4, 2, 7, 0, 6, 1, 10, 0, 4, 0, 3, 1, 5, 3, 2, 2, 1, 6, 0, 3, 0, 8, 6, 3, 0, 1, 4, 4, 2, 2, 3, 0, 2, 0, 4, 1, 3, 5, 3, 0, 5, 0, 2, 0, 2, 4, 2, 2, 0, 7, 1, 2, 0, 2, 1, 3, 2, 0, 3, 0, 0, 2, 0, 1, 5, 1, 4, 0, 2, 0, 1, 4, 2, 3, 5, 0, 3, 2, 2, 0, 0, 2, 0, 5, 0, 2, 2, 0, 1, 2, 0, 6, 3, 5, 0, 1, 2, 0, 0, 4, 3, 2, 4, 0, 0, 5, 0, 0, 2, 0, 0, 1, 3, 2, 0, 0, 1, 0, 0, 6, 4, 0, 5, 1, 0, 2, 0, 0, 11, 0, 2, 1, 5, 10, 3, 6, 3, 0, 4, 4, 2, 0, 9, 1, 2, 3, 2, 3, 6, 2, 4, 0, 4, 1, 0, 3, 7, 0, 3, 6, 0, 0, 4, 4, 8, 2, 0, 3, 1, 5, 0, 3, 1, 0, 2, 1, 0, 7, 0, 2, 7, 9, 0, 4, 8, 1, 0, 4, 0, 2, 0, 3, 0, 10, 7, 1, 3, 0, 0, 0, 0, 0, 0, 1, 5, 0, 0, 0, 0, 0, 0, 0, 2, 2, 0, 0, 0, 0, 0, 0, 0, 0, 0, 0, 0, 2, 0, 0, 0, 0, 0, 0, 0, 0, 0, 0, 0, 0, 0, 0, 0, 0, 0, 0, 0, 0, 0, 0, 0, 0, 0, 0, 3, 0, 0, 0, 0, 0, 0, 0, 0, 0, 0, 0, 0, 5, 5, 1, 0, 0, 0, 0, 1, 0, 0, 0, 0, 0, 0, 1, 0, 0, 0, 0, 0, 0, 0, 0, 0, 2, 0, 0, 0, 0, 0, 0, 0, 1, 0, 0, 0, 0, 0, 0, 0, 0, 0, 0, 0, 0, 0, 0, 0, 0, 0, 0, 0, 0, 0, 0, 0, 0, 0, 0, 0, 0, 0, 0, 0, 0, 0, 0, 0, 0, 0, 0, 0, 0, 0, 0, 0, 0, 0, 0, 0, 0, 0, 0, 0, 0, 0, 0, 1, 0, 0, 0, 0, 0, 0, 0, 0, 0, 0, 0, 0, 0, 0, 0, 0, 0, 0, 0, 0, 0, 0, 0, 0, 0, 0, 0, 0, 0, 1, 0, 0, 0, 0, 0, 0, 0, 0, 0, 0, 0, 0, 0, 0, 0, 0, 0, 0, 0, 0, 6, 0, 0, 0, 0, 0, 0, 0, 0, 0, 0, 0, 0, 0, 0, 2, 0, 0, 0, 0, 0, 0, 0, 0, 0, 0, 0, 0, 0, 0, 0, 0, 0, 0, 0, 0, 0, 0, 0, 0, 0, 0, 0, 0, 0, 0, 0, 0, 0, 0, 0, 0, 0, 5, 0, 0, 0, 0, 7, 0, 0, 0, 0, 0, 0, 0, 0, 4, 0, 0, 0, 0, 0, 0, 0, 0, 0, 0, 0, 0, 0, 0, 0, 0, 0, 0, 0, 0, 0, 0, 0, 0, 0, 0, 0, 0, 0, 0, 0, 0, 0, 0, 0, 0, 0, 0, 0, 0, 5, 0, 0, 0, 0, 0, 11, 3, 3, 0, 0, 2, 2, 0, 0, 0, 2, 0, 0, 0, 0, 0, 0, 0, 0, 0, 0, 0, 0, 0, 0, 0, 0, 4, 0, 0, 0, 0, 0, 0, 0, 0, 0, 0, 0, 0, 0, 0, 0, 4, 0, 0, 0, 0, 0, 0, 0, 0, 0, 0, 0, 0, 0, 0, 0, 0, 0, 0, 0, 0, 0, 0, 0, 0, 0, 0, 0, 0, 0, 0, 0, 0, 0, 1, 0, 0, 0, 0, 0, 0, 0, 0, 0, 0, 0, 0, 0, 0]
convergência = [13, 13, 13, 13, 13, 13, 13, 13, 13, 13, 13, 13, 13, 13, 13, 13, 13, 13, 13, 13, 13, 13, 13, 13, 13, 13, 13, 13, 13, 13, 13, 13, 13, 13, 13, 13, 13, 13, 13, 13, 13, 13, 13, 13, 13, 13, 13, 13, 13, 13, 13, 13, 13]
================================

----- Melhor execução -----
Span (lambda): 13
best_order = [9, 493, 1121, 93, 213, 996, 487, 303, 483, 626, 455, 166, 474, 1037, 165, 604, 1075, 683, 306, 96, 1019, 260, 345, 88, 711, 338, 929, 1118, 937, 572, 103, 958, 909, 374, 821, 779, 887, 489, 549, 699, 118, 991, 963, 452, 730, 1103, 1114, 658, 100, 656, 276, 479, 934, 554, 164, 950, 708, 171, 804, 877, 848, 1025, 736, 509, 98, 350, 54, 646, 596, 627, 666, 467, 259, 633, 583, 238, 812, 927, 721, 370, 436, 536, 312, 762, 512, 714, 984, 594, 503, 393, 300, 798, 519, 1093, 154, 295, 426, 1060, 106, 432, 1101, 453, 562, 44, 293, 707, 870, 245, 70, 368, 421, 514, 756, 944, 1080, 769, 761, 121, 174, 267, 356, 1120, 1132, 458, 1029, 808, 949, 1057, 609, 315, 343, 1130, 82, 129, 635, 776, 83, 653, 619, 1064, 774, 400, 689, 291, 625, 475, 199, 5, 853, 271, 212, 87, 335, 1090, 327, 1020, 543, 1083, 1099, 787, 462, 680, 1003, 900, 904, 888, 640, 865, 12, 417, 1032, 1092, 951, 449, 825, 894, 51, 598, 193, 78, 39, 297, 445, 1012, 513, 450, 1005, 765, 112, 726, 860, 203, 1081, 940, 1097, 1004, 976, 344, 28, 66, 953, 1072, 336, 7, 77, 823, 141, 882, 690, 298, 323, 279, 895, 42, 131, 186, 491, 1041, 524, 694, 337, 225, 850, 119, 317, 422, 611, 837, 270, 715, 214, 539, 162, 508, 884, 516, 132, 218, 285, 441, 731, 361, 19, 978, 807, 506, 546, 764, 1035, 793, 643, 208, 1077, 1053, 1113, 60, 1062, 268, 86, 703, 405, 91, 114, 243, 1006, 755, 1031, 183, 473, 123, 624, 248, 321, 696, 1018, 0, 8, 892, 29, 251, 469, 444, 858, 511, 324, 719, 936, 692, 451, 292, 414, 1071, 116, 579, 342, 152, 228, 490, 630, 429, 783, 72, 99, 305, 1110, 621, 307, 586, 517, 763, 81, 296, 90, 553, 64, 686, 120, 1065, 791, 161, 188, 981, 883, 160, 754, 220, 538, 641, 948, 655, 967, 824, 1027, 470, 30, 389, 928, 758, 868, 750, 1125, 34, 73, 961, 768, 1039, 797, 1088, 1136, 498, 163, 494, 592, 975, 485, 547, 354, 217, 737, 773, 340, 252, 328, 1061, 548, 425, 437, 924, 1052, 1036, 875, 880, 792, 829, 831, 1050, 177, 157, 748, 375, 395, 24, 921, 702, 733, 325, 391, 235, 140, 945, 170, 313, 135, 200, 209, 866, 802, 716, 1127, 439, 966, 636, 195, 1014, 369, 757, 1028, 629, 92, 1096, 558, 801, 394, 747, 384, 371, 614, 712, 447, 740, 50, 318, 525, 930, 319, 644, 1063, 815, 1135, 478, 623, 925, 434, 314, 189, 169, 814, 167, 175, 502, 181, 1105, 818, 326, 847, 205, 211, 745, 660, 442, 283, 381, 1056, 332, 115, 520, 348, 1000, 767, 770, 233, 781, 339, 266, 724, 1087, 891, 782, 785, 185, 398, 198, 650, 713, 210, 606, 168, 424, 555, 130, 843, 67, 905, 841, 290, 1030, 965, 665, 544, 125, 1084, 1033, 752, 591, 365, 438, 552, 947, 1024, 778, 799, 1104, 1059, 1070, 459, 26, 617, 941, 230, 943, 187, 800, 697, 613, 477, 946, 913, 695, 537, 407, 834, 289, 223, 576, 986, 1134, 379, 563, 573, 607, 488, 281, 464, 386, 527, 1111, 1001, 1122, 789, 670, 215, 1078, 40, 263, 1010, 262, 580, 784, 1089, 602, 872, 1055, 861, 190, 863, 1009, 320, 734, 935, 404, 1109, 669, 401, 382, 723, 816, 672, 38, 117, 14, 330, 480, 647, 1015, 134, 954, 435, 973, 652, 911, 1007, 515, 172, 678, 557, 1069, 278, 237, 178, 589, 896, 482, 828, 654, 191, 222, 486, 1021, 567, 399, 1017, 65, 584, 997, 805, 102, 1051, 347, 983, 466, 574, 1108, 760, 833, 182, 1106, 582, 842, 471, 522, 844, 642, 219, 645, 638, 383, 964, 679, 89, 461, 111, 628, 1117, 568, 304, 1086, 809, 969, 992, 264, 585, 806, 373, 795, 1013, 504, 581, 351, 876, 846, 545, 431, 456, 588, 869, 499, 1054, 253, 1049, 1045, 1119, 392, 419, 359, 851, 27, 612, 110, 871, 879, 917, 18, 62, 751, 352, 910, 907, 353, 497, 15, 1048, 820, 577, 886, 632, 423, 465, 334, 367, 610, 360, 1067, 989, 541, 500, 687, 406, 35, 597, 717, 255, 560, 403, 1123, 701, 1131, 408, 955, 74, 180, 179, 11, 16, 85, 845, 71, 739, 75, 346, 146, 226, 47, 402, 599, 1022, 901, 600, 6, 830, 743, 593, 565, 718, 914, 349, 357, 1074, 874, 457, 676, 46, 76, 742, 999, 126, 246, 897, 153, 533, 685, 864, 729, 1085, 287, 741, 681, 684, 889, 409, 510, 173, 608, 728, 933, 492, 1011, 988, 939, 207, 786, 744, 556, 308, 59, 661, 239, 128, 979, 994, 1026, 331, 388, 590, 571, 1100, 32, 700, 794, 1016, 250, 460, 749, 79, 358, 136, 446, 274, 534, 385, 518, 746, 691, 852, 720, 529, 84, 155, 826, 1079, 36, 915, 390, 412, 284, 1112, 151, 706, 890, 221, 43, 827, 564, 775, 732, 194, 1023, 420, 682, 1044, 790, 803, 454, 972, 25, 159, 108, 2, 998, 968, 1094, 838, 122, 620, 137, 440, 476, 595, 277, 906, 366, 813, 411, 885, 333, 526, 147, 184, 893, 133, 57, 772, 21, 443, 410, 261, 52, 58, 197, 759, 247, 985, 1124, 45, 311, 777, 977, 938, 587, 97, 530, 648, 673, 675, 309, 68, 17, 839, 637, 275, 48, 1133, 472, 569, 639, 873, 735, 258, 107, 698, 448, 109, 463, 301, 94, 139, 1107, 931, 667, 138, 310, 240, 995, 618, 282, 496, 916, 80, 257, 817, 316, 970, 3, 372, 433, 923, 1115, 603, 95, 1076, 1047, 236, 531, 495, 920, 903, 1098, 1082, 272, 341, 709, 13, 23, 1073, 840, 387, 105, 269, 363, 481, 329, 912, 753, 69, 605, 1034, 302, 980, 908, 229, 299, 242, 859, 631, 523, 822, 362, 20, 1043, 1008, 56, 241, 535, 622, 484, 1002, 158, 415, 559, 704, 688, 256, 926, 280, 232, 1095, 898, 144, 671, 987, 918, 819, 651, 1066, 959, 150, 788, 49, 63, 551, 990, 428, 31, 244, 10, 780, 578, 254, 881, 149, 148, 738, 380, 41, 952, 273, 962, 1068, 427, 1038, 664, 570, 615, 355, 960, 528, 854, 1, 550, 521, 766, 836, 104, 993, 957, 532, 216, 1128, 849, 971, 932, 288, 416, 61, 418, 867, 294, 378, 616, 1040, 1137, 37, 55, 810, 677, 505, 176, 204, 796, 142, 919, 22, 376, 265, 982, 1129, 878, 710, 1116, 771, 974, 1091, 862, 201, 224, 430, 468, 124, 542, 127, 705, 693, 53, 662, 956, 377, 659, 857, 922, 1042, 832, 942, 196, 396, 674, 899, 1102, 727, 507, 234, 722, 1058, 856, 1126, 4, 501, 206, 249, 540, 156, 668, 855, 601, 725, 835, 811, 397, 113, 231, 663, 561, 202, 33, 145, 634, 1046, 566, 364, 143, 101, 227, 192, 575, 322, 657, 286, 649, 902, 413]
labeling = [2, 4, 6, 7, 4, 1, 4, 0, 3, 0, 8, 0, 0, 2, 0, 3, 4, 5, 2, 1, 4, 0, 0, 2, 0, 2, 3, 0, 1, 0, 4, 0, 5, 5, 4, 0, 6, 6, 2, 2, 5, 0, 4, 7, 0, 2, 0, 0, 4, 2, 0, 0, 2, 7, 0, 4, 1, 3, 3, 5, 0, 0, 2, 6, 0, 4, 0, 2, 4, 6, 0, 6, 1, 7, 3, 1, 3, 4, 2, 5, 3, 2, 0, 1, 0, 9, 2, 0, 0, 6, 1, 5, 10, 0, 4, 4, 0, 3, 0, 2, 0, 9, 2, 2, 3, 0, 0, 2, 1, 4, 1, 5, 2, 6, 4, 2, 0, 0, 0, 0, 4, 1, 5, 3, 8, 4, 0, 2, 6, 2, 4, 0, 1, 3, 0, 2, 3, 4, 5, 2, 0, 1, 2, 5, 3, 6, 0, 2, 0, 1, 0, 0, 1, 0, 0, 0, 3, 2, 1, 0, 0, 3, 0, 2, 2, 0, 0, 4, 5, 0, 4, 0, 8, 1, 4, 5, 0, 2, 1, 5, 0, 2, 7, 6, 4, 3, 0, 2, 0, 0, 4, 7, 9, 5, 6, 1, 7, 0, 2, 0, 5, 2, 4, 0, 3, 2, 3, 1, 1, 6, 2, 0, 4, 0, 0, 4, 1, 3, 0, 4, 0, 4, 6, 2, 7, 0, 1, 4, 0, 2, 0, 2, 6, 2, 10, 2, 5, 4, 0, 0, 13, 8, 4, 0, 1, 0, 3, 0, 0, 7, 0, 7, 5, 2, 6, 3, 1, 4, 6, 1, 0, 5, 0, 3, 0, 10, 6, 2, 0, 8, 4, 0, 6, 4, 5, 2, 0, 4, 6, 1, 2, 2, 0, 2, 2, 0, 3, 0, 3, 0, 7, 2, 4, 1, 3, 0, 2, 1, 3, 6, 0, 1, 2, 0, 5, 0, 0, 0, 2, 11, 2, 0, 0, 3, 3, 1, 5, 0, 4, 3, 1, 6, 12, 3, 8, 0, 2, 0, 2, 0, 0, 7, 0, 3, 5, 0, 2, 4, 0, 6, 1, 8, 3, 0, 2, 0, 5, 1, 4, 1, 0, 2, 4, 7, 0, 9, 2, 2, 0, 3, 2, 3, 6, 2, 0, 3, 6, 3, 0, 1, 0, 2, 1, 0, 0, 2, 0, 5, 0, 3, 0, 0, 4, 6, 1, 8, 2, 10, 4, 0, 1, 0, 1, 0, 5, 3, 2, 0, 7, 0, 2, 0, 0, 0, 8, 1, 9, 0, 5, 3, 5, 4, 0, 7, 3, 6, 5, 0, 0, 4, 2, 0, 1, 0, 4, 2, 0, 2, 0, 0, 4, 0, 1, 5, 3, 0, 0, 0, 3, 0, 4, 1, 3, 2, 2, 0, 1, 1, 3, 0, 2, 6, 0, 0, 3, 0, 0, 7, 1, 5, 0, 3, 0, 4, 2, 6, 0, 0, 0, 1, 4, 0, 6, 3, 0, 0, 1, 6, 6, 0, 6, 0, 6, 0, 8, 2, 0, 0, 0, 0, 3, 2, 0, 0, 4, 0, 0, 2, 0, 3, 8, 7, 0, 1, 6, 3, 5, 9, 3, 0, 7, 0, 0, 2, 1, 5, 4, 0, 5, 2, 3, 7, 4, 2, 0, 2, 4, 3, 0, 4, 2, 7, 0, 6, 1, 10, 0, 4, 0, 3, 1, 5, 3, 2, 2, 1, 6, 0, 3, 0, 8, 6, 3, 0, 1, 4, 4, 2, 2, 3, 0, 2, 0, 4, 1, 3, 5, 3, 0, 5, 0, 2, 0, 2, 4, 2, 2, 0, 7, 1, 2, 0, 2, 1, 3, 2, 0, 3, 0, 0, 2, 0, 1, 5, 1, 4, 0, 2, 0, 1, 4, 2, 3, 5, 0, 3, 2, 2, 0, 0, 2, 0, 5, 0, 2, 2, 0, 1, 2, 0, 6, 3, 5, 0, 1, 2, 0, 0, 4, 3, 2, 4, 0, 0, 5, 0, 0, 2, 0, 0, 1, 3, 2, 0, 0, 1, 0, 0, 6, 4, 0, 5, 1, 0, 2, 0, 0, 11, 0, 2, 1, 5, 10, 3, 6, 3, 0, 4, 4, 2, 0, 9, 1, 2, 3, 2, 3, 6, 2, 4, 0, 4, 1, 0, 3, 7, 0, 3, 6, 0, 0, 4, 4, 8, 2, 0, 3, 1, 5, 0, 3, 1, 0, 2, 1, 0, 7, 0, 2, 7, 9, 0, 4, 8, 1, 0, 4, 0, 2, 0, 3, 0, 10, 7, 1, 3, 0, 0, 0, 0, 0, 0, 1, 5, 0, 0, 0, 0, 0, 0, 0, 2, 2, 0, 0, 0, 0, 0, 0, 0, 0, 0, 0, 0, 2, 0, 0, 0, 0, 0, 0, 0, 0, 0, 0, 0, 0, 0, 0, 0, 0, 0, 0, 0, 0, 0, 0, 0, 0, 0, 0, 3, 0, 0, 0, 0, 0, 0, 0, 0, 0, 0, 0, 0, 5, 5, 1, 0, 0, 0, 0, 1, 0, 0, 0, 0, 0, 0, 1, 0, 0, 0, 0, 0, 0, 0, 0, 0, 2, 0, 0, 0, 0, 0, 0, 0, 1, 0, 0, 0, 0, 0, 0, 0, 0, 0, 0, 0, 0, 0, 0, 0, 0, 0, 0, 0, 0, 0, 0, 0, 0, 0, 0, 0, 0, 0, 0, 0, 0, 0, 0, 0, 0, 0, 0, 0, 0, 0, 0, 0, 0, 0, 0, 0, 0, 0, 0, 0, 0, 0, 0, 1, 0, 0, 0, 0, 0, 0, 0, 0, 0, 0, 0, 0, 0, 0, 0, 0, 0, 0, 0, 0, 0, 0, 0, 0, 0, 0, 0, 0, 0, 1, 0, 0, 0, 0, 0, 0, 0, 0, 0, 0, 0, 0, 0, 0, 0, 0, 0, 0, 0, 0, 6, 0, 0, 0, 0, 0, 0, 0, 0, 0, 0, 0, 0, 0, 0, 2, 0, 0, 0, 0, 0, 0, 0, 0, 0, 0, 0, 0, 0, 0, 0, 0, 0, 0, 0, 0, 0, 0, 0, 0, 0, 0, 0, 0, 0, 0, 0, 0, 0, 0, 0, 0, 0, 5, 0, 0, 0, 0, 7, 0, 0, 0, 0, 0, 0, 0, 0, 4, 0, 0, 0, 0, 0, 0, 0, 0, 0, 0, 0, 0, 0, 0, 0, 0, 0, 0, 0, 0, 0, 0, 0, 0, 0, 0, 0, 0, 0, 0, 0, 0, 0, 0, 0, 0, 0, 0, 0, 0, 5, 0, 0, 0, 0, 0, 11, 3, 3, 0, 0, 2, 2, 0, 0, 0, 2, 0, 0, 0, 0, 0, 0, 0, 0, 0, 0, 0, 0, 0, 0, 0, 0, 4, 0, 0, 0, 0, 0, 0, 0, 0, 0, 0, 0, 0, 0, 0, 0, 4, 0, 0, 0, 0, 0, 0, 0, 0, 0, 0, 0, 0, 0, 0, 0, 0, 0, 0, 0, 0, 0, 0, 0, 0, 0, 0, 0, 0, 0, 0, 0, 0, 0, 1, 0, 0, 0, 0, 0, 0, 0, 0, 0, 0, 0, 0, 0, 0]
