===== RESULTADO GA L(2,1) =====
Arquivo: /Users/mateuspedrosa/Documents/TCC-II/BOGA/data/Harwell-Boeing_cleaned/494_bus_clean.mtx (undirected)
Crossover: cx | Mutação: em | pop=30 | gens=53 | mut=0.446 | cr=0.5724 | runs=1 | max-stagt=1031

----- Execução #1 -----
Span (lambda): 7
Parada: MAX_GENS (geração 53)
best_order = [481, 239, 40, 278, 431, 111, 453, 16, 389, 375, 215, 395, 185, 255, 194, 273, 55, 408, 455, 228, 407, 202, 417, 459, 126, 146, 425, 400, 401, 473, 279, 218, 472, 182, 350, 174, 413, 190, 23, 437, 424, 36, 79, 263, 205, 475, 144, 130, 376, 198, 423, 87, 180, 343, 106, 342, 209, 39, 466, 227, 324, 409, 469, 429, 121, 19, 383, 313, 268, 226, 203, 270, 41, 77, 208, 480, 132, 220, 309, 288, 320, 275, 421, 43, 44, 449, 103, 158, 454, 404, 382, 261, 6, 426, 81, 312, 346, 247, 380, 345, 32, 140, 493, 412, 304, 357, 482, 266, 337, 83, 489, 207, 349, 51, 189, 370, 300, 165, 178, 73, 257, 390, 295, 48, 467, 137, 22, 69, 315, 211, 259, 63, 316, 396, 62, 478, 92, 212, 156, 393, 229, 240, 34, 26, 100, 186, 150, 64, 147, 414, 17, 253, 151, 68, 252, 213, 359, 171, 406, 61, 386, 49, 224, 433, 374, 451, 416, 183, 53, 360, 71, 289, 113, 76, 303, 456, 66, 291, 217, 356, 369, 125, 163, 236, 168, 474, 187, 391, 78, 348, 7, 84, 5, 272, 175, 46, 80, 231, 57, 373, 167, 65, 296, 325, 154, 277, 225, 139, 371, 118, 260, 276, 419, 120, 124, 341, 317, 129, 271, 74, 434, 112, 308, 233, 379, 292, 246, 418, 131, 452, 444, 86, 127, 136, 441, 322, 443, 177, 310, 243, 354, 248, 464, 471, 93, 216, 98, 27, 338, 184, 238, 282, 38, 458, 445, 331, 161, 244, 492, 427, 262, 387, 274, 269, 364, 439, 362, 110, 311, 234, 3, 363, 399, 430, 323, 241, 89, 302, 479, 428, 361, 204, 306, 91, 90, 210, 450, 377, 159, 197, 372, 321, 10, 115, 13, 25, 281, 101, 326, 94, 351, 164, 397, 254, 196, 173, 293, 267, 223, 30, 307, 297, 2, 138, 21, 191, 487, 219, 485, 24, 490, 256, 56, 58, 155, 116, 37, 283, 327, 422, 237, 206, 264, 0, 410, 285, 249, 176, 169, 448, 335, 477, 104, 355, 463, 188, 33, 117, 142, 318, 221, 85, 88, 491, 1, 367, 403, 45, 381, 405, 107, 340, 4, 145, 135, 332, 319, 8, 179, 193, 70, 172, 50, 18, 476, 214, 35, 105, 392, 230, 446, 436, 222, 462, 440, 97, 378, 181, 195, 470, 442, 284, 483, 460, 122, 102, 128, 20, 333, 166, 96, 438, 290, 149, 242, 298, 201, 109, 31, 299, 280, 250, 465, 329, 67, 245, 251, 388, 11, 286, 330, 192, 14, 265, 411, 160, 54, 468, 457, 432, 170, 301, 199, 72, 123, 420, 235, 141, 95, 287, 82, 143, 402, 12, 152, 108, 305, 42, 334, 47, 294, 488, 366, 352, 52, 358, 328, 486, 29, 59, 365, 9, 339, 60, 114, 384, 344, 447, 314, 133, 368, 75, 484, 28, 200, 134, 461, 415, 153, 394, 385, 157, 119, 258, 347, 353, 162, 435, 15, 148, 232, 99, 398, 336]
labeling = [3, 2, 4, 0, 1, 0, 2, 0, 5, 4, 0, 4, 1, 0, 1, 6, 0, 4, 0, 2, 0, 3, 0, 0, 3, 0, 0, 5, 0, 3, 0, 2, 0, 2, 0, 3, 2, 0, 2, 0, 0, 0, 2, 0, 2, 1, 3, 7, 2, 4, 3, 1, 7, 0, 4, 0, 2, 0, 2, 2, 2, 0, 3, 1, 1, 3, 3, 7, 1, 0, 5, 4, 2, 0, 0, 2, 4, 1, 5, 3, 2, 1, 3, 0, 3, 0, 4, 1, 2, 2, 4, 2, 0, 1, 4, 0, 6, 2, 2, 0, 0, 2, 1, 2, 5, 0, 0, 5, 5, 4, 2, 0, 0, 0, 3, 7, 4, 3, 2, 7, 4, 2, 7, 2, 2, 0, 0, 4, 0, 2, 0, 3, 1, 0, 0, 5, 4, 2, 4, 2, 0, 6, 2, 1, 0, 5, 0, 0, 4, 2, 1, 2, 5, 6, 4, 0, 1, 3, 2, 6, 2, 2, 4, 2, 5, 0, 0, 4, 2, 5, 4, 2, 3, 4, 0, 0, 5, 0, 3, 2, 0, 2, 0, 3, 4, 0, 2, 0, 2, 0, 0, 4, 0, 1, 0, 6, 2, 2, 0, 3, 4, 2, 0, 2, 5, 0, 6, 3, 0, 0, 3, 1, 2, 1, 2, 0, 4, 3, 2, 6, 0, 2, 2, 4, 1, 3, 2, 0, 0, 2, 4, 0, 4, 2, 4, 6, 0, 6, 0, 0, 0, 5, 4, 0, 2, 2, 0, 4, 0, 2, 0, 6, 3, 2, 4, 0, 4, 0, 6, 2, 3, 0, 2, 0, 5, 1, 0, 0, 1, 0, 3, 5, 0, 0, 6, 0, 2, 3, 0, 1, 4, 5, 0, 1, 6, 6, 3, 4, 0, 1, 2, 0, 0, 2, 2, 1, 4, 3, 5, 0, 2, 2, 0, 4, 0, 6, 4, 3, 2, 0, 5, 3, 1, 0, 4, 0, 1, 5, 2, 6, 2, 4, 2, 2, 0, 0, 0, 2, 2, 0, 0, 0, 0, 0, 0, 0, 4, 0, 1, 2, 2, 0, 0, 0, 0, 0, 0, 0, 0, 0, 0, 0, 1, 5, 0, 0, 0, 0, 0, 0, 0, 0, 0, 3, 0, 0, 2, 0, 0, 0, 0, 0, 1, 0, 0, 0, 1, 4, 0, 3, 0, 0, 0, 0, 3, 0, 0, 0, 0, 0, 4, 5, 1, 0, 0, 0, 3, 0, 0, 0, 0, 0, 0, 2, 0, 2, 2, 0, 0, 0, 0, 0, 0, 0, 0, 3, 2, 0, 0, 0, 0, 3, 0, 0, 0, 0, 0, 4, 5, 0, 4, 0, 3, 2, 0, 4, 0, 0, 0, 0, 0, 0, 2, 0, 0, 0, 0, 0, 0, 0, 0, 0, 0, 0, 0, 0, 1, 0, 0, 0, 0, 0, 0, 6, 0, 0, 0, 0, 0, 0, 0, 0, 0, 0, 0, 0, 0, 0, 1, 1, 0, 0, 0, 0, 0, 0, 3, 0, 0, 0, 0, 0, 0, 0]
convergência = [8, 7, 7, 7, 7, 7, 7, 7, 7, 7, 7, 7, 7, 7, 7, 7, 7, 7, 7, 7, 7, 7, 7, 7, 7, 7, 7, 7, 7, 7, 7, 7, 7, 7, 7, 7, 7, 7, 7, 7, 7, 7, 7, 7, 7, 7, 7, 7, 7, 7, 7, 7, 7]
================================

----- Melhor execução -----
Span (lambda): 7
best_order = [481, 239, 40, 278, 431, 111, 453, 16, 389, 375, 215, 395, 185, 255, 194, 273, 55, 408, 455, 228, 407, 202, 417, 459, 126, 146, 425, 400, 401, 473, 279, 218, 472, 182, 350, 174, 413, 190, 23, 437, 424, 36, 79, 263, 205, 475, 144, 130, 376, 198, 423, 87, 180, 343, 106, 342, 209, 39, 466, 227, 324, 409, 469, 429, 121, 19, 383, 313, 268, 226, 203, 270, 41, 77, 208, 480, 132, 220, 309, 288, 320, 275, 421, 43, 44, 449, 103, 158, 454, 404, 382, 261, 6, 426, 81, 312, 346, 247, 380, 345, 32, 140, 493, 412, 304, 357, 482, 266, 337, 83, 489, 207, 349, 51, 189, 370, 300, 165, 178, 73, 257, 390, 295, 48, 467, 137, 22, 69, 315, 211, 259, 63, 316, 396, 62, 478, 92, 212, 156, 393, 229, 240, 34, 26, 100, 186, 150, 64, 147, 414, 17, 253, 151, 68, 252, 213, 359, 171, 406, 61, 386, 49, 224, 433, 374, 451, 416, 183, 53, 360, 71, 289, 113, 76, 303, 456, 66, 291, 217, 356, 369, 125, 163, 236, 168, 474, 187, 391, 78, 348, 7, 84, 5, 272, 175, 46, 80, 231, 57, 373, 167, 65, 296, 325, 154, 277, 225, 139, 371, 118, 260, 276, 419, 120, 124, 341, 317, 129, 271, 74, 434, 112, 308, 233, 379, 292, 246, 418, 131, 452, 444, 86, 127, 136, 441, 322, 443, 177, 310, 243, 354, 248, 464, 471, 93, 216, 98, 27, 338, 184, 238, 282, 38, 458, 445, 331, 161, 244, 492, 427, 262, 387, 274, 269, 364, 439, 362, 110, 311, 234, 3, 363, 399, 430, 323, 241, 89, 302, 479, 428, 361, 204, 306, 91, 90, 210, 450, 377, 159, 197, 372, 321, 10, 115, 13, 25, 281, 101, 326, 94, 351, 164, 397, 254, 196, 173, 293, 267, 223, 30, 307, 297, 2, 138, 21, 191, 487, 219, 485, 24, 490, 256, 56, 58, 155, 116, 37, 283, 327, 422, 237, 206, 264, 0, 410, 285, 249, 176, 169, 448, 335, 477, 104, 355, 463, 188, 33, 117, 142, 318, 221, 85, 88, 491, 1, 367, 403, 45, 381, 405, 107, 340, 4, 145, 135, 332, 319, 8, 179, 193, 70, 172, 50, 18, 476, 214, 35, 105, 392, 230, 446, 436, 222, 462, 440, 97, 378, 181, 195, 470, 442, 284, 483, 460, 122, 102, 128, 20, 333, 166, 96, 438, 290, 149, 242, 298, 201, 109, 31, 299, 280, 250, 465, 329, 67, 245, 251, 388, 11, 286, 330, 192, 14, 265, 411, 160, 54, 468, 457, 432, 170, 301, 199, 72, 123, 420, 235, 141, 95, 287, 82, 143, 402, 12, 152, 108, 305, 42, 334, 47, 294, 488, 366, 352, 52, 358, 328, 486, 29, 59, 365, 9, 339, 60, 114, 384, 344, 447, 314, 133, 368, 75, 484, 28, 200, 134, 461, 415, 153, 394, 385, 157, 119, 258, 347, 353, 162, 435, 15, 148, 232, 99, 398, 336]
labeling = [3, 2, 4, 0, 1, 0, 2, 0, 5, 4, 0, 4, 1, 0, 1, 6, 0, 4, 0, 2, 0, 3, 0, 0, 3, 0, 0, 5, 0, 3, 0, 2, 0, 2, 0, 3, 2, 0, 2, 0, 0, 0, 2, 0, 2, 1, 3, 7, 2, 4, 3, 1, 7, 0, 4, 0, 2, 0, 2, 2, 2, 0, 3, 1, 1, 3, 3, 7, 1, 0, 5, 4, 2, 0, 0, 2, 4, 1, 5, 3, 2, 1, 3, 0, 3, 0, 4, 1, 2, 2, 4, 2, 0, 1, 4, 0, 6, 2, 2, 0, 0, 2, 1, 2, 5, 0, 0, 5, 5, 4, 2, 0, 0, 0, 3, 7, 4, 3, 2, 7, 4, 2, 7, 2, 2, 0, 0, 4, 0, 2, 0, 3, 1, 0, 0, 5, 4, 2, 4, 2, 0, 6, 2, 1, 0, 5, 0, 0, 4, 2, 1, 2, 5, 6, 4, 0, 1, 3, 2, 6, 2, 2, 4, 2, 5, 0, 0, 4, 2, 5, 4, 2, 3, 4, 0, 0, 5, 0, 3, 2, 0, 2, 0, 3, 4, 0, 2, 0, 2, 0, 0, 4, 0, 1, 0, 6, 2, 2, 0, 3, 4, 2, 0, 2, 5, 0, 6, 3, 0, 0, 3, 1, 2, 1, 2, 0, 4, 3, 2, 6, 0, 2, 2, 4, 1, 3, 2, 0, 0, 2, 4, 0, 4, 2, 4, 6, 0, 6, 0, 0, 0, 5, 4, 0, 2, 2, 0, 4, 0, 2, 0, 6, 3, 2, 4, 0, 4, 0, 6, 2, 3, 0, 2, 0, 5, 1, 0, 0, 1, 0, 3, 5, 0, 0, 6, 0, 2, 3, 0, 1, 4, 5, 0, 1, 6, 6, 3, 4, 0, 1, 2, 0, 0, 2, 2, 1, 4, 3, 5, 0, 2, 2, 0, 4, 0, 6, 4, 3, 2, 0, 5, 3, 1, 0, 4, 0, 1, 5, 2, 6, 2, 4, 2, 2, 0, 0, 0, 2, 2, 0, 0, 0, 0, 0, 0, 0, 4, 0, 1, 2, 2, 0, 0, 0, 0, 0, 0, 0, 0, 0, 0, 0, 1, 5, 0, 0, 0, 0, 0, 0, 0, 0, 0, 3, 0, 0, 2, 0, 0, 0, 0, 0, 1, 0, 0, 0, 1, 4, 0, 3, 0, 0, 0, 0, 3, 0, 0, 0, 0, 0, 4, 5, 1, 0, 0, 0, 3, 0, 0, 0, 0, 0, 0, 2, 0, 2, 2, 0, 0, 0, 0, 0, 0, 0, 0, 3, 2, 0, 0, 0, 0, 3, 0, 0, 0, 0, 0, 4, 5, 0, 4, 0, 3, 2, 0, 4, 0, 0, 0, 0, 0, 0, 2, 0, 0, 0, 0, 0, 0, 0, 0, 0, 0, 0, 0, 0, 1, 0, 0, 0, 0, 0, 0, 6, 0, 0, 0, 0, 0, 0, 0, 0, 0, 0, 0, 0, 0, 0, 1, 1, 0, 0, 0, 0, 0, 0, 3, 0, 0, 0, 0, 0, 0, 0]
