===== RESULTADO GA L(2,1) =====
Arquivo: /Users/mateuspedrosa/Documents/TCC-II/BOGA/data/Harwell-Boeing_cleaned/662_bus_clean.mtx (undirected)
Crossover: cx | Mutação: em | pop=30 | gens=53 | mut=0.446 | cr=0.5724 | runs=1 | max-stagt=1031

----- Execução #1 -----
Span (lambda): 9
Parada: MAX_GENS (geração 53)
best_order = [629, 188, 490, 591, 230, 114, 646, 642, 654, 303, 476, 223, 555, 540, 118, 30, 316, 537, 65, 615, 585, 335, 547, 530, 93, 203, 209, 430, 204, 587, 6, 510, 63, 345, 572, 40, 333, 531, 300, 489, 87, 375, 124, 236, 226, 543, 389, 164, 512, 358, 339, 329, 99, 269, 560, 102, 535, 529, 323, 384, 205, 365, 77, 631, 437, 152, 589, 628, 165, 104, 334, 586, 442, 527, 31, 452, 144, 633, 369, 450, 438, 207, 340, 238, 157, 657, 249, 471, 279, 25, 562, 600, 327, 147, 557, 421, 135, 618, 185, 28, 173, 305, 658, 382, 505, 570, 228, 395, 80, 435, 583, 24, 472, 577, 552, 146, 32, 288, 328, 292, 612, 211, 575, 296, 463, 105, 655, 532, 433, 287, 419, 417, 418, 111, 315, 519, 143, 15, 429, 500, 661, 446, 90, 75, 0, 492, 121, 83, 252, 648, 515, 120, 50, 260, 627, 69, 393, 78, 650, 155, 623, 469, 255, 291, 352, 42, 551, 390, 351, 622, 542, 636, 504, 366, 373, 550, 247, 222, 477, 559, 82, 212, 614, 44, 440, 448, 27, 383, 598, 239, 43, 244, 293, 307, 483, 248, 261, 649, 56, 439, 594, 190, 567, 126, 470, 37, 310, 270, 97, 20, 331, 573, 593, 457, 26, 95, 283, 478, 473, 404, 22, 113, 494, 356, 60, 81, 128, 289, 458, 294, 70, 64, 108, 424, 234, 318, 194, 229, 160, 425, 621, 295, 411, 344, 23, 558, 191, 322, 52, 268, 464, 86, 343, 506, 159, 299, 145, 17, 394, 474, 503, 41, 92, 499, 609, 426, 526, 362, 101, 507, 342, 428, 479, 602, 141, 528, 309, 36, 599, 304, 325, 167, 549, 221, 79, 574, 313, 455, 402, 590, 641, 182, 186, 262, 508, 11, 336, 224, 179, 258, 187, 584, 103, 169, 29, 227, 33, 1, 565, 72, 156, 263, 109, 465, 548, 215, 533, 484, 7, 139, 431, 132, 520, 181, 250, 136, 184, 53, 385, 610, 272, 554, 367, 563, 617, 96, 49, 409, 406, 432, 9, 153, 630, 166, 162, 196, 346, 198, 172, 106, 150, 51, 556, 133, 613, 277, 576, 151, 73, 651, 3, 497, 59, 397, 18, 206, 392, 281, 241, 321, 564, 496, 259, 480, 514, 606, 130, 68, 202, 347, 374, 275, 381, 48, 368, 243, 319, 625, 233, 107, 386, 276, 123, 338, 61, 595, 509, 242, 62, 656, 647, 125, 399, 434, 355, 568, 376, 100, 88, 582, 35, 284, 638, 246, 538, 459, 447, 74, 142, 254, 407, 354, 566, 517, 578, 539, 607, 314, 320, 498, 639, 286, 195, 486, 416, 256, 330, 251, 177, 257, 371, 525, 225, 337, 604, 47, 312, 326, 546, 488, 596, 4, 14, 208, 396, 278, 427, 482, 569, 317, 306, 524, 19, 522, 415, 168, 361, 401, 387, 2, 232, 199, 364, 350, 456, 180, 89, 94, 626, 640, 460, 603, 616, 220, 297, 645, 619, 240, 348, 57, 632, 403, 536, 267, 461, 13, 360, 660, 45, 117, 76, 493, 237, 652, 422, 98, 410, 175, 601, 274, 592, 414, 308, 127, 115, 210, 451, 462, 213, 301, 46, 171, 579, 58, 405, 129, 445, 158, 491, 140, 122, 502, 475, 138, 311, 119, 112, 21, 55, 341, 280, 545, 197, 231, 290, 39, 253, 5, 34, 176, 332, 466, 273, 487, 541, 363, 324, 436, 216, 518, 581, 85, 163, 449, 10, 377, 453, 495, 380, 516, 620, 217, 148, 444, 71, 400, 580, 372, 154, 110, 398, 285, 378, 412, 513, 441, 359, 302, 454, 282, 357, 137, 84, 298, 38, 643, 634, 264, 353, 170, 91, 161, 131, 597, 67, 611, 54, 388, 271, 635, 183, 420, 501, 370, 116, 391, 624, 659, 200, 134, 523, 349, 467, 8, 149, 189, 637, 608, 265, 235, 219, 644, 571, 485, 423, 408, 468, 266, 521, 544, 511, 193, 534, 413, 553, 588, 178, 66, 653, 174, 12, 245, 605, 16, 214, 218, 379, 443, 481, 201, 192, 561]
labeling = [0, 6, 2, 4, 2, 4, 0, 4, 8, 2, 5, 4, 6, 5, 7, 0, 5, 0, 0, 2, 2, 4, 1, 1, 1, 2, 1, 3, 0, 0, 0, 0, 1, 6, 0, 0, 1, 2, 2, 4, 0, 1, 0, 1, 2, 3, 4, 3, 4, 1, 0, 3, 0, 0, 5, 4, 2, 3, 5, 2, 2, 2, 0, 0, 2, 0, 3, 6, 3, 0, 3, 6, 2, 3, 7, 0, 1, 0, 0, 2, 0, 0, 0, 0, 3, 3, 1, 0, 3, 0, 3, 1, 0, 0, 4, 2, 3, 3, 0, 0, 1, 3, 0, 0, 0, 0, 4, 2, 0, 0, 5, 0, 2, 2, 0, 4, 8, 3, 0, 2, 0, 0, 3, 2, 0, 0, 0, 6, 0, 0, 1, 1, 1, 2, 7, 0, 2, 7, 1, 0, 4, 4, 4, 2, 4, 4, 2, 0, 6, 5, 0, 0, 3, 5, 3, 1, 5, 0, 7, 0, 4, 5, 2, 5, 4, 0, 2, 2, 3, 5, 8, 4, 1, 0, 5, 2, 0, 2, 2, 1, 7, 2, 2, 3, 3, 0, 0, 6, 0, 6, 0, 4, 7, 5, 2, 0, 2, 2, 6, 8, 6, 4, 4, 0, 1, 2, 5, 0, 0, 0, 1, 0, 2, 5, 6, 2, 5, 0, 7, 4, 4, 2, 1, 0, 0, 2, 0, 4, 0, 3, 0, 6, 3, 5, 1, 0, 0, 5, 0, 0, 4, 2, 0, 6, 0, 0, 3, 1, 0, 0, 2, 2, 2, 3, 6, 2, 4, 1, 2, 3, 1, 0, 1, 3, 5, 4, 7, 3, 1, 0, 2, 6, 5, 4, 4, 4, 5, 0, 6, 0, 3, 3, 4, 1, 3, 0, 4, 1, 3, 1, 5, 0, 0, 2, 4, 0, 0, 3, 4, 0, 0, 2, 5, 0, 6, 0, 1, 3, 8, 4, 1, 8, 1, 0, 6, 0, 0, 5, 2, 2, 4, 1, 0, 0, 7, 3, 2, 1, 0, 0, 3, 5, 5, 0, 2, 0, 5, 7, 2, 0, 0, 0, 2, 0, 4, 2, 0, 0, 2, 9, 4, 1, 0, 0, 3, 2, 1, 1, 1, 6, 2, 0, 6, 0, 2, 0, 3, 0, 4, 0, 8, 0, 0, 2, 4, 1, 5, 2, 6, 4, 7, 3, 3, 3, 3, 3, 7, 0, 8, 0, 2, 6, 5, 3, 5, 1, 0, 6, 2, 5, 5, 7, 4, 7, 4, 9, 0, 2, 1, 7, 4, 2, 7, 9, 4, 7, 8, 0, 1, 2, 7, 2, 7, 6, 0, 2, 0, 8, 3, 1, 0, 4, 0, 4, 6, 0, 3, 1, 0, 2, 1, 8, 0, 2, 5, 3, 0, 2, 0, 2, 0, 2, 0, 0, 0, 0, 0, 0, 0, 0, 0, 0, 0, 0, 0, 0, 0, 0, 0, 0, 0, 0, 0, 0, 0, 0, 0, 0, 0, 0, 0, 0, 0, 2, 0, 0, 0, 0, 0, 0, 0, 0, 0, 0, 0, 0, 0, 0, 0, 0, 0, 2, 2, 0, 0, 0, 0, 0, 0, 0, 0, 0, 0, 0, 0, 0, 0, 0, 0, 0, 0, 0, 0, 0, 0, 0, 0, 0, 0, 0, 0, 0, 0, 0, 0, 0, 0, 0, 0, 0, 0, 0, 0, 0, 0, 0, 0, 0, 0, 0, 0, 0, 0, 0, 2, 0, 0, 0, 0, 0, 0, 0, 0, 0, 0, 0, 0, 0, 0, 0, 1, 2, 0, 0, 0, 0, 0, 0, 0, 0, 0, 0, 0, 0, 0, 0, 0, 0, 0, 0, 0, 0, 0, 0, 0, 0, 0, 0, 0, 0, 0, 0, 0, 0, 0, 0, 0, 0, 0, 0, 0, 0, 2, 0, 0, 0, 0, 0, 0, 0, 0, 0, 0, 0, 0, 0, 0, 0, 0, 0, 0, 0, 0, 0, 0, 0, 0, 0, 0, 0, 0, 0, 0, 0, 3, 0, 0, 0, 0, 2, 0, 0, 0, 0, 0, 0, 0, 0, 0, 0, 0, 0]
convergência = [9, 9, 9, 9, 9, 9, 9, 9, 9, 9, 9, 9, 9, 9, 9, 9, 9, 9, 9, 9, 9, 9, 9, 9, 9, 9, 9, 9, 9, 9, 9, 9, 9, 9, 9, 9, 9, 9, 9, 9, 9, 9, 9, 9, 9, 9, 9, 9, 9, 9, 9, 9, 9]
================================

----- Melhor execução -----
Span (lambda): 9
best_order = [629, 188, 490, 591, 230, 114, 646, 642, 654, 303, 476, 223, 555, 540, 118, 30, 316, 537, 65, 615, 585, 335, 547, 530, 93, 203, 209, 430, 204, 587, 6, 510, 63, 345, 572, 40, 333, 531, 300, 489, 87, 375, 124, 236, 226, 543, 389, 164, 512, 358, 339, 329, 99, 269, 560, 102, 535, 529, 323, 384, 205, 365, 77, 631, 437, 152, 589, 628, 165, 104, 334, 586, 442, 527, 31, 452, 144, 633, 369, 450, 438, 207, 340, 238, 157, 657, 249, 471, 279, 25, 562, 600, 327, 147, 557, 421, 135, 618, 185, 28, 173, 305, 658, 382, 505, 570, 228, 395, 80, 435, 583, 24, 472, 577, 552, 146, 32, 288, 328, 292, 612, 211, 575, 296, 463, 105, 655, 532, 433, 287, 419, 417, 418, 111, 315, 519, 143, 15, 429, 500, 661, 446, 90, 75, 0, 492, 121, 83, 252, 648, 515, 120, 50, 260, 627, 69, 393, 78, 650, 155, 623, 469, 255, 291, 352, 42, 551, 390, 351, 622, 542, 636, 504, 366, 373, 550, 247, 222, 477, 559, 82, 212, 614, 44, 440, 448, 27, 383, 598, 239, 43, 244, 293, 307, 483, 248, 261, 649, 56, 439, 594, 190, 567, 126, 470, 37, 310, 270, 97, 20, 331, 573, 593, 457, 26, 95, 283, 478, 473, 404, 22, 113, 494, 356, 60, 81, 128, 289, 458, 294, 70, 64, 108, 424, 234, 318, 194, 229, 160, 425, 621, 295, 411, 344, 23, 558, 191, 322, 52, 268, 464, 86, 343, 506, 159, 299, 145, 17, 394, 474, 503, 41, 92, 499, 609, 426, 526, 362, 101, 507, 342, 428, 479, 602, 141, 528, 309, 36, 599, 304, 325, 167, 549, 221, 79, 574, 313, 455, 402, 590, 641, 182, 186, 262, 508, 11, 336, 224, 179, 258, 187, 584, 103, 169, 29, 227, 33, 1, 565, 72, 156, 263, 109, 465, 548, 215, 533, 484, 7, 139, 431, 132, 520, 181, 250, 136, 184, 53, 385, 610, 272, 554, 367, 563, 617, 96, 49, 409, 406, 432, 9, 153, 630, 166, 162, 196, 346, 198, 172, 106, 150, 51, 556, 133, 613, 277, 576, 151, 73, 651, 3, 497, 59, 397, 18, 206, 392, 281, 241, 321, 564, 496, 259, 480, 514, 606, 130, 68, 202, 347, 374, 275, 381, 48, 368, 243, 319, 625, 233, 107, 386, 276, 123, 338, 61, 595, 509, 242, 62, 656, 647, 125, 399, 434, 355, 568, 376, 100, 88, 582, 35, 284, 638, 246, 538, 459, 447, 74, 142, 254, 407, 354, 566, 517, 578, 539, 607, 314, 320, 498, 639, 286, 195, 486, 416, 256, 330, 251, 177, 257, 371, 525, 225, 337, 604, 47, 312, 326, 546, 488, 596, 4, 14, 208, 396, 278, 427, 482, 569, 317, 306, 524, 19, 522, 415, 168, 361, 401, 387, 2, 232, 199, 364, 350, 456, 180, 89, 94, 626, 640, 460, 603, 616, 220, 297, 645, 619, 240, 348, 57, 632, 403, 536, 267, 461, 13, 360, 660, 45, 117, 76, 493, 237, 652, 422, 98, 410, 175, 601, 274, 592, 414, 308, 127, 115, 210, 451, 462, 213, 301, 46, 171, 579, 58, 405, 129, 445, 158, 491, 140, 122, 502, 475, 138, 311, 119, 112, 21, 55, 341, 280, 545, 197, 231, 290, 39, 253, 5, 34, 176, 332, 466, 273, 487, 541, 363, 324, 436, 216, 518, 581, 85, 163, 449, 10, 377, 453, 495, 380, 516, 620, 217, 148, 444, 71, 400, 580, 372, 154, 110, 398, 285, 378, 412, 513, 441, 359, 302, 454, 282, 357, 137, 84, 298, 38, 643, 634, 264, 353, 170, 91, 161, 131, 597, 67, 611, 54, 388, 271, 635, 183, 420, 501, 370, 116, 391, 624, 659, 200, 134, 523, 349, 467, 8, 149, 189, 637, 608, 265, 235, 219, 644, 571, 485, 423, 408, 468, 266, 521, 544, 511, 193, 534, 413, 553, 588, 178, 66, 653, 174, 12, 245, 605, 16, 214, 218, 379, 443, 481, 201, 192, 561]
labeling = [0, 6, 2, 4, 2, 4, 0, 4, 8, 2, 5, 4, 6, 5, 7, 0, 5, 0, 0, 2, 2, 4, 1, 1, 1, 2, 1, 3, 0, 0, 0, 0, 1, 6, 0, 0, 1, 2, 2, 4, 0, 1, 0, 1, 2, 3, 4, 3, 4, 1, 0, 3, 0, 0, 5, 4, 2, 3, 5, 2, 2, 2, 0, 0, 2, 0, 3, 6, 3, 0, 3, 6, 2, 3, 7, 0, 1, 0, 0, 2, 0, 0, 0, 0, 3, 3, 1, 0, 3, 0, 3, 1, 0, 0, 4, 2, 3, 3, 0, 0, 1, 3, 0, 0, 0, 0, 4, 2, 0, 0, 5, 0, 2, 2, 0, 4, 8, 3, 0, 2, 0, 0, 3, 2, 0, 0, 0, 6, 0, 0, 1, 1, 1, 2, 7, 0, 2, 7, 1, 0, 4, 4, 4, 2, 4, 4, 2, 0, 6, 5, 0, 0, 3, 5, 3, 1, 5, 0, 7, 0, 4, 5, 2, 5, 4, 0, 2, 2, 3, 5, 8, 4, 1, 0, 5, 2, 0, 2, 2, 1, 7, 2, 2, 3, 3, 0, 0, 6, 0, 6, 0, 4, 7, 5, 2, 0, 2, 2, 6, 8, 6, 4, 4, 0, 1, 2, 5, 0, 0, 0, 1, 0, 2, 5, 6, 2, 5, 0, 7, 4, 4, 2, 1, 0, 0, 2, 0, 4, 0, 3, 0, 6, 3, 5, 1, 0, 0, 5, 0, 0, 4, 2, 0, 6, 0, 0, 3, 1, 0, 0, 2, 2, 2, 3, 6, 2, 4, 1, 2, 3, 1, 0, 1, 3, 5, 4, 7, 3, 1, 0, 2, 6, 5, 4, 4, 4, 5, 0, 6, 0, 3, 3, 4, 1, 3, 0, 4, 1, 3, 1, 5, 0, 0, 2, 4, 0, 0, 3, 4, 0, 0, 2, 5, 0, 6, 0, 1, 3, 8, 4, 1, 8, 1, 0, 6, 0, 0, 5, 2, 2, 4, 1, 0, 0, 7, 3, 2, 1, 0, 0, 3, 5, 5, 0, 2, 0, 5, 7, 2, 0, 0, 0, 2, 0, 4, 2, 0, 0, 2, 9, 4, 1, 0, 0, 3, 2, 1, 1, 1, 6, 2, 0, 6, 0, 2, 0, 3, 0, 4, 0, 8, 0, 0, 2, 4, 1, 5, 2, 6, 4, 7, 3, 3, 3, 3, 3, 7, 0, 8, 0, 2, 6, 5, 3, 5, 1, 0, 6, 2, 5, 5, 7, 4, 7, 4, 9, 0, 2, 1, 7, 4, 2, 7, 9, 4, 7, 8, 0, 1, 2, 7, 2, 7, 6, 0, 2, 0, 8, 3, 1, 0, 4, 0, 4, 6, 0, 3, 1, 0, 2, 1, 8, 0, 2, 5, 3, 0, 2, 0, 2, 0, 2, 0, 0, 0, 0, 0, 0, 0, 0, 0, 0, 0, 0, 0, 0, 0, 0, 0, 0, 0, 0, 0, 0, 0, 0, 0, 0, 0, 0, 0, 0, 0, 2, 0, 0, 0, 0, 0, 0, 0, 0, 0, 0, 0, 0, 0, 0, 0, 0, 0, 2, 2, 0, 0, 0, 0, 0, 0, 0, 0, 0, 0, 0, 0, 0, 0, 0, 0, 0, 0, 0, 0, 0, 0, 0, 0, 0, 0, 0, 0, 0, 0, 0, 0, 0, 0, 0, 0, 0, 0, 0, 0, 0, 0, 0, 0, 0, 0, 0, 0, 0, 0, 0, 2, 0, 0, 0, 0, 0, 0, 0, 0, 0, 0, 0, 0, 0, 0, 0, 1, 2, 0, 0, 0, 0, 0, 0, 0, 0, 0, 0, 0, 0, 0, 0, 0, 0, 0, 0, 0, 0, 0, 0, 0, 0, 0, 0, 0, 0, 0, 0, 0, 0, 0, 0, 0, 0, 0, 0, 0, 0, 2, 0, 0, 0, 0, 0, 0, 0, 0, 0, 0, 0, 0, 0, 0, 0, 0, 0, 0, 0, 0, 0, 0, 0, 0, 0, 0, 0, 0, 0, 0, 0, 3, 0, 0, 0, 0, 2, 0, 0, 0, 0, 0, 0, 0, 0, 0, 0, 0, 0]
