===== RESULTADO GA L(2,1) =====
Arquivo: /Users/mateuspedrosa/Documents/TCC-II/BOGA/data/Harwell-Boeing_cleaned/685_bus_clean.mtx (undirected)
Crossover: cx | Mutação: em | pop=30 | gens=53 | mut=0.446 | cr=0.5724 | runs=1 | max-stagt=1031

----- Execução #1 -----
Span (lambda): 12
Parada: MAX_GENS (geração 53)
best_order = [241, 258, 109, 622, 543, 245, 27, 677, 98, 116, 330, 612, 601, 242, 73, 591, 523, 603, 22, 657, 193, 224, 175, 19, 567, 55, 585, 155, 514, 150, 602, 180, 300, 672, 472, 324, 492, 11, 650, 561, 125, 565, 56, 337, 490, 271, 250, 536, 43, 178, 651, 441, 74, 229, 598, 427, 456, 582, 333, 678, 439, 417, 515, 121, 205, 235, 604, 238, 618, 610, 551, 479, 436, 478, 571, 495, 290, 634, 106, 97, 240, 426, 493, 597, 126, 107, 361, 265, 216, 45, 354, 54, 512, 118, 580, 491, 137, 681, 336, 628, 204, 537, 458, 522, 545, 662, 433, 589, 642, 420, 231, 305, 88, 529, 484, 152, 191, 59, 623, 660, 487, 631, 347, 165, 388, 476, 51, 412, 541, 222, 661, 148, 257, 40, 39, 233, 648, 41, 583, 653, 532, 620, 576, 352, 671, 294, 85, 553, 530, 430, 100, 140, 317, 669, 128, 641, 264, 278, 68, 211, 177, 400, 187, 676, 226, 371, 259, 214, 158, 539, 670, 47, 301, 592, 263, 62, 525, 588, 461, 624, 629, 574, 172, 378, 243, 664, 667, 153, 320, 115, 103, 299, 625, 680, 557, 519, 138, 418, 36, 586, 563, 94, 201, 516, 415, 314, 486, 181, 524, 236, 633, 329, 452, 143, 374, 639, 87, 616, 71, 142, 627, 171, 397, 392, 593, 52, 70, 249, 640, 111, 483, 96, 291, 195, 466, 559, 154, 164, 313, 334, 303, 652, 122, 584, 384, 643, 75, 192, 340, 159, 253, 221, 288, 644, 405, 145, 166, 413, 552, 219, 117, 256, 645, 176, 364, 366, 316, 399, 307, 500, 323, 93, 398, 296, 341, 410, 23, 174, 445, 474, 72, 1, 404, 102, 359, 322, 162, 394, 506, 285, 262, 80, 387, 225, 674, 210, 260, 570, 65, 342, 658, 230, 24, 518, 481, 311, 321, 558, 63, 203, 355, 81, 284, 196, 189, 86, 611, 590, 4, 218, 139, 182, 104, 453, 149, 619, 353, 84, 562, 213, 477, 77, 37, 6, 17, 663, 173, 275, 568, 468, 546, 510, 498, 520, 428, 555, 343, 3, 129, 499, 183, 82, 573, 504, 200, 16, 246, 655, 297, 48, 110, 587, 467, 268, 566, 254, 538, 454, 599, 331, 526, 521, 223, 46, 280, 632, 422, 184, 190, 448, 594, 234, 649, 659, 237, 535, 617, 179, 127, 123, 621, 533, 411, 2, 132, 10, 308, 119, 547, 423, 319, 443, 438, 167, 470, 440, 20, 274, 683, 489, 459, 679, 147, 379, 33, 217, 279, 534, 554, 485, 473, 488, 437, 513, 349, 503, 386, 449, 391, 0, 579, 120, 273, 527, 389, 28, 407, 367, 626, 497, 18, 227, 383, 287, 66, 480, 613, 556, 185, 464, 186, 684, 124, 606, 255, 432, 144, 544, 396, 469, 656, 326, 31, 32, 344, 636, 421, 295, 220, 654, 507, 207, 609, 228, 112, 419, 450, 136, 327, 615, 608, 393, 328, 289, 89, 673, 630, 269, 239, 315, 5, 429, 21, 14, 325, 90, 251, 607, 569, 408, 560, 170, 76, 202, 277, 9, 232, 57, 578, 215, 447, 682, 108, 141, 502, 99, 460, 58, 395, 416, 318, 146, 310, 188, 357, 360, 67, 442, 646, 7, 358, 60, 451, 64, 169, 248, 309, 402, 380, 463, 351, 435, 675, 508, 92, 382, 614, 83, 209, 304, 406, 668, 425, 332, 29, 665, 157, 199, 267, 298, 151, 501, 348, 95, 42, 49, 69, 312, 281, 270, 8, 455, 494, 511, 276, 247, 581, 282, 91, 363, 113, 595, 376, 596, 434, 638, 13, 252, 30, 577, 130, 206, 293, 161, 517, 372, 647, 168, 482, 605, 531, 339, 61, 53, 35, 356, 377, 390, 133, 292, 50, 509, 403, 465, 373, 156, 462, 79, 345, 549, 457, 131, 15, 44, 414, 635, 475, 114, 666, 26, 286, 365, 528, 34, 101, 496, 302, 385, 338, 548, 261, 572, 431, 564, 306, 134, 135, 12, 25, 600, 375, 266, 575, 272, 637, 163, 368, 370, 160, 401, 38, 346, 194, 244, 362, 446, 505, 283, 471, 381, 78, 444, 208, 409, 105, 542, 198, 197, 212, 424, 369, 550, 540, 335, 350]
labeling = [2, 1, 4, 4, 0, 0, 3, 4, 0, 5, 1, 1, 7, 7, 5, 2, 5, 2, 4, 0, 0, 3, 0, 3, 1, 7, 7, 0, 4, 6, 0, 2, 1, 3, 2, 5, 1, 3, 2, 0, 0, 0, 5, 0, 6, 1, 3, 1, 4, 5, 0, 0, 3, 5, 0, 1, 0, 0, 2, 3, 4, 7, 0, 3, 4, 2, 5, 3, 2, 9, 4, 6, 2, 0, 1, 2, 8, 3, 10, 8, 6, 3, 8, 4, 2, 0, 5, 7, 0, 4, 0, 3, 7, 1, 5, 7, 6, 1, 1, 6, 1, 12, 5, 3, 3, 9, 3, 5, 1, 0, 8, 3, 11, 9, 11, 4, 0, 2, 2, 10, 0, 1, 7, 8, 5, 0, 4, 0, 3, 5, 6, 6, 5, 9, 7, 2, 2, 2, 0, 6, 4, 0, 4, 0, 5, 1, 8, 9, 0, 4, 1, 7, 0, 0, 3, 0, 0, 4, 2, 1, 5, 0, 4, 0, 0, 1, 3, 4, 3, 2, 6, 4, 2, 6, 5, 0, 4, 2, 0, 5, 0, 2, 0, 1, 6, 3, 4, 2, 4, 7, 5, 0, 2, 0, 8, 2, 5, 7, 5, 3, 1, 0, 6, 0, 0, 0, 7, 2, 2, 8, 5, 2, 3, 5, 4, 0, 0, 5, 4, 3, 2, 0, 3, 3, 0, 6, 5, 4, 9, 1, 0, 3, 7, 0, 4, 0, 0, 8, 1, 9, 3, 0, 0, 1, 5, 1, 5, 8, 3, 2, 0, 3, 10, 4, 7, 7, 0, 2, 0, 1, 6, 11, 4, 2, 5, 2, 0, 6, 6, 6, 4, 0, 12, 2, 0, 0, 10, 8, 0, 1, 2, 12, 10, 4, 7, 5, 11, 11, 4, 7, 0, 3, 2, 4, 1, 6, 3, 9, 2, 2, 0, 1, 5, 3, 7, 0, 1, 5, 1, 10, 8, 4, 9, 0, 2, 0, 6, 0, 4, 8, 4, 1, 7, 6, 0, 1, 0, 5, 5, 3, 0, 1, 6, 0, 4, 12, 2, 1, 10, 5, 3, 0, 4, 8, 10, 3, 5, 1, 5, 1, 4, 3, 0, 2, 1, 5, 11, 8, 10, 1, 0, 0, 12, 2, 0, 9, 4, 0, 7, 7, 3, 0, 11, 2, 0, 8, 7, 6, 0, 2, 5, 0, 2, 4, 1, 0, 7, 1, 0, 3, 11, 8, 5, 9, 1, 2, 0, 2, 3, 2, 0, 2, 7, 12, 3, 2, 7, 5, 2, 9, 4, 2, 0, 3, 3, 1, 6, 0, 2, 5, 1, 4, 0, 2, 0, 2, 2, 0, 6, 0, 3, 3, 3, 0, 2, 7, 1, 9, 2, 0, 9, 0, 2, 0, 3, 2, 4, 0, 0, 0, 0, 0, 0, 0, 0, 3, 0, 0, 0, 0, 0, 0, 0, 0, 0, 0, 0, 0, 0, 0, 0, 0, 0, 0, 0, 0, 0, 0, 0, 0, 0, 0, 0, 0, 0, 0, 0, 0, 0, 0, 0, 0, 0, 0, 0, 0, 0, 0, 0, 0, 0, 0, 0, 0, 0, 0, 0, 0, 0, 0, 0, 0, 0, 0, 0, 0, 0, 0, 0, 0, 0, 0, 0, 0, 0, 0, 0, 0, 0, 0, 0, 0, 0, 0, 0, 0, 0, 0, 0, 0, 4, 0, 0, 0, 0, 0, 0, 0, 0, 0, 0, 0, 0, 0, 0, 0, 0, 0, 0, 0, 0, 0, 0, 0, 0, 0, 0, 0, 0, 0, 0, 0, 0, 0, 0, 0, 0, 0, 0, 0, 0, 0, 0, 0, 0, 0, 0, 0, 0, 0, 0, 0, 0, 0, 0, 0, 0, 0, 0, 0, 0, 0, 0, 0, 0, 0, 0, 0, 0, 0, 0, 0, 0, 0, 0, 0, 0, 0, 0, 0, 0, 0, 0, 0, 0, 0, 0, 0, 0, 0, 0, 0, 0, 0, 0, 0, 0, 0, 0, 0, 0, 0, 0, 0, 0, 0, 0, 0, 0, 0, 0, 0, 0, 0, 0, 0, 0, 0, 0, 0, 0, 0, 0, 0, 0, 0, 0, 0, 0, 0, 1, 0, 0, 0, 4, 3, 5, 0, 3, 2, 0, 0, 4, 0, 4]
convergência = [13, 13, 13, 13, 13, 13, 13, 13, 13, 13, 13, 12, 12, 12, 12, 12, 12, 12, 12, 12, 12, 12, 12, 12, 12, 12, 12, 12, 12, 12, 12, 12, 12, 12, 12, 12, 12, 12, 12, 12, 12, 12, 12, 12, 12, 12, 12, 12, 12, 12, 12, 12, 12]
================================

----- Melhor execução -----
Span (lambda): 12
best_order = [241, 258, 109, 622, 543, 245, 27, 677, 98, 116, 330, 612, 601, 242, 73, 591, 523, 603, 22, 657, 193, 224, 175, 19, 567, 55, 585, 155, 514, 150, 602, 180, 300, 672, 472, 324, 492, 11, 650, 561, 125, 565, 56, 337, 490, 271, 250, 536, 43, 178, 651, 441, 74, 229, 598, 427, 456, 582, 333, 678, 439, 417, 515, 121, 205, 235, 604, 238, 618, 610, 551, 479, 436, 478, 571, 495, 290, 634, 106, 97, 240, 426, 493, 597, 126, 107, 361, 265, 216, 45, 354, 54, 512, 118, 580, 491, 137, 681, 336, 628, 204, 537, 458, 522, 545, 662, 433, 589, 642, 420, 231, 305, 88, 529, 484, 152, 191, 59, 623, 660, 487, 631, 347, 165, 388, 476, 51, 412, 541, 222, 661, 148, 257, 40, 39, 233, 648, 41, 583, 653, 532, 620, 576, 352, 671, 294, 85, 553, 530, 430, 100, 140, 317, 669, 128, 641, 264, 278, 68, 211, 177, 400, 187, 676, 226, 371, 259, 214, 158, 539, 670, 47, 301, 592, 263, 62, 525, 588, 461, 624, 629, 574, 172, 378, 243, 664, 667, 153, 320, 115, 103, 299, 625, 680, 557, 519, 138, 418, 36, 586, 563, 94, 201, 516, 415, 314, 486, 181, 524, 236, 633, 329, 452, 143, 374, 639, 87, 616, 71, 142, 627, 171, 397, 392, 593, 52, 70, 249, 640, 111, 483, 96, 291, 195, 466, 559, 154, 164, 313, 334, 303, 652, 122, 584, 384, 643, 75, 192, 340, 159, 253, 221, 288, 644, 405, 145, 166, 413, 552, 219, 117, 256, 645, 176, 364, 366, 316, 399, 307, 500, 323, 93, 398, 296, 341, 410, 23, 174, 445, 474, 72, 1, 404, 102, 359, 322, 162, 394, 506, 285, 262, 80, 387, 225, 674, 210, 260, 570, 65, 342, 658, 230, 24, 518, 481, 311, 321, 558, 63, 203, 355, 81, 284, 196, 189, 86, 611, 590, 4, 218, 139, 182, 104, 453, 149, 619, 353, 84, 562, 213, 477, 77, 37, 6, 17, 663, 173, 275, 568, 468, 546, 510, 498, 520, 428, 555, 343, 3, 129, 499, 183, 82, 573, 504, 200, 16, 246, 655, 297, 48, 110, 587, 467, 268, 566, 254, 538, 454, 599, 331, 526, 521, 223, 46, 280, 632, 422, 184, 190, 448, 594, 234, 649, 659, 237, 535, 617, 179, 127, 123, 621, 533, 411, 2, 132, 10, 308, 119, 547, 423, 319, 443, 438, 167, 470, 440, 20, 274, 683, 489, 459, 679, 147, 379, 33, 217, 279, 534, 554, 485, 473, 488, 437, 513, 349, 503, 386, 449, 391, 0, 579, 120, 273, 527, 389, 28, 407, 367, 626, 497, 18, 227, 383, 287, 66, 480, 613, 556, 185, 464, 186, 684, 124, 606, 255, 432, 144, 544, 396, 469, 656, 326, 31, 32, 344, 636, 421, 295, 220, 654, 507, 207, 609, 228, 112, 419, 450, 136, 327, 615, 608, 393, 328, 289, 89, 673, 630, 269, 239, 315, 5, 429, 21, 14, 325, 90, 251, 607, 569, 408, 560, 170, 76, 202, 277, 9, 232, 57, 578, 215, 447, 682, 108, 141, 502, 99, 460, 58, 395, 416, 318, 146, 310, 188, 357, 360, 67, 442, 646, 7, 358, 60, 451, 64, 169, 248, 309, 402, 380, 463, 351, 435, 675, 508, 92, 382, 614, 83, 209, 304, 406, 668, 425, 332, 29, 665, 157, 199, 267, 298, 151, 501, 348, 95, 42, 49, 69, 312, 281, 270, 8, 455, 494, 511, 276, 247, 581, 282, 91, 363, 113, 595, 376, 596, 434, 638, 13, 252, 30, 577, 130, 206, 293, 161, 517, 372, 647, 168, 482, 605, 531, 339, 61, 53, 35, 356, 377, 390, 133, 292, 50, 509, 403, 465, 373, 156, 462, 79, 345, 549, 457, 131, 15, 44, 414, 635, 475, 114, 666, 26, 286, 365, 528, 34, 101, 496, 302, 385, 338, 548, 261, 572, 431, 564, 306, 134, 135, 12, 25, 600, 375, 266, 575, 272, 637, 163, 368, 370, 160, 401, 38, 346, 194, 244, 362, 446, 505, 283, 471, 381, 78, 444, 208, 409, 105, 542, 198, 197, 212, 424, 369, 550, 540, 335, 350]
labeling = [2, 1, 4, 4, 0, 0, 3, 4, 0, 5, 1, 1, 7, 7, 5, 2, 5, 2, 4, 0, 0, 3, 0, 3, 1, 7, 7, 0, 4, 6, 0, 2, 1, 3, 2, 5, 1, 3, 2, 0, 0, 0, 5, 0, 6, 1, 3, 1, 4, 5, 0, 0, 3, 5, 0, 1, 0, 0, 2, 3, 4, 7, 0, 3, 4, 2, 5, 3, 2, 9, 4, 6, 2, 0, 1, 2, 8, 3, 10, 8, 6, 3, 8, 4, 2, 0, 5, 7, 0, 4, 0, 3, 7, 1, 5, 7, 6, 1, 1, 6, 1, 12, 5, 3, 3, 9, 3, 5, 1, 0, 8, 3, 11, 9, 11, 4, 0, 2, 2, 10, 0, 1, 7, 8, 5, 0, 4, 0, 3, 5, 6, 6, 5, 9, 7, 2, 2, 2, 0, 6, 4, 0, 4, 0, 5, 1, 8, 9, 0, 4, 1, 7, 0, 0, 3, 0, 0, 4, 2, 1, 5, 0, 4, 0, 0, 1, 3, 4, 3, 2, 6, 4, 2, 6, 5, 0, 4, 2, 0, 5, 0, 2, 0, 1, 6, 3, 4, 2, 4, 7, 5, 0, 2, 0, 8, 2, 5, 7, 5, 3, 1, 0, 6, 0, 0, 0, 7, 2, 2, 8, 5, 2, 3, 5, 4, 0, 0, 5, 4, 3, 2, 0, 3, 3, 0, 6, 5, 4, 9, 1, 0, 3, 7, 0, 4, 0, 0, 8, 1, 9, 3, 0, 0, 1, 5, 1, 5, 8, 3, 2, 0, 3, 10, 4, 7, 7, 0, 2, 0, 1, 6, 11, 4, 2, 5, 2, 0, 6, 6, 6, 4, 0, 12, 2, 0, 0, 10, 8, 0, 1, 2, 12, 10, 4, 7, 5, 11, 11, 4, 7, 0, 3, 2, 4, 1, 6, 3, 9, 2, 2, 0, 1, 5, 3, 7, 0, 1, 5, 1, 10, 8, 4, 9, 0, 2, 0, 6, 0, 4, 8, 4, 1, 7, 6, 0, 1, 0, 5, 5, 3, 0, 1, 6, 0, 4, 12, 2, 1, 10, 5, 3, 0, 4, 8, 10, 3, 5, 1, 5, 1, 4, 3, 0, 2, 1, 5, 11, 8, 10, 1, 0, 0, 12, 2, 0, 9, 4, 0, 7, 7, 3, 0, 11, 2, 0, 8, 7, 6, 0, 2, 5, 0, 2, 4, 1, 0, 7, 1, 0, 3, 11, 8, 5, 9, 1, 2, 0, 2, 3, 2, 0, 2, 7, 12, 3, 2, 7, 5, 2, 9, 4, 2, 0, 3, 3, 1, 6, 0, 2, 5, 1, 4, 0, 2, 0, 2, 2, 0, 6, 0, 3, 3, 3, 0, 2, 7, 1, 9, 2, 0, 9, 0, 2, 0, 3, 2, 4, 0, 0, 0, 0, 0, 0, 0, 0, 3, 0, 0, 0, 0, 0, 0, 0, 0, 0, 0, 0, 0, 0, 0, 0, 0, 0, 0, 0, 0, 0, 0, 0, 0, 0, 0, 0, 0, 0, 0, 0, 0, 0, 0, 0, 0, 0, 0, 0, 0, 0, 0, 0, 0, 0, 0, 0, 0, 0, 0, 0, 0, 0, 0, 0, 0, 0, 0, 0, 0, 0, 0, 0, 0, 0, 0, 0, 0, 0, 0, 0, 0, 0, 0, 0, 0, 0, 0, 0, 0, 0, 0, 0, 0, 4, 0, 0, 0, 0, 0, 0, 0, 0, 0, 0, 0, 0, 0, 0, 0, 0, 0, 0, 0, 0, 0, 0, 0, 0, 0, 0, 0, 0, 0, 0, 0, 0, 0, 0, 0, 0, 0, 0, 0, 0, 0, 0, 0, 0, 0, 0, 0, 0, 0, 0, 0, 0, 0, 0, 0, 0, 0, 0, 0, 0, 0, 0, 0, 0, 0, 0, 0, 0, 0, 0, 0, 0, 0, 0, 0, 0, 0, 0, 0, 0, 0, 0, 0, 0, 0, 0, 0, 0, 0, 0, 0, 0, 0, 0, 0, 0, 0, 0, 0, 0, 0, 0, 0, 0, 0, 0, 0, 0, 0, 0, 0, 0, 0, 0, 0, 0, 0, 0, 0, 0, 0, 0, 0, 0, 0, 0, 0, 0, 0, 1, 0, 0, 0, 4, 3, 5, 0, 3, 2, 0, 0, 4, 0, 4]
