===== RESULTADO GA L(2,1) =====
Arquivo: /Users/mateuspedrosa/Documents/TCC-II/BOGA/data/Harwell-Boeing_cleaned/arc130_clean.mtx (undirected)
Crossover: cx | Mutação: em | pop=30 | gens=53 | mut=0.446 | cr=0.5724 | runs=1 | max-stagt=1031

----- Execução #1 -----
Span (lambda): 72
Parada: MAX_GENS (geração 53)
best_order = [30, 97, 22, 5, 89, 87, 48, 20, 93, 98, 73, 29, 104, 109, 101, 75, 72, 42, 58, 95, 111, 128, 85, 82, 36, 1, 118, 77, 99, 45, 8, 43, 114, 37, 54, 125, 35, 110, 10, 7, 6, 96, 117, 108, 126, 34, 4, 39, 69, 17, 31, 12, 50, 119, 71, 122, 78, 18, 25, 52, 70, 59, 16, 62, 88, 56, 112, 116, 21, 91, 2, 0, 26, 46, 64, 13, 129, 66, 105, 120, 90, 100, 81, 55, 86, 11, 47, 68, 27, 9, 83, 80, 24, 103, 92, 107, 53, 40, 74, 124, 38, 84, 65, 19, 49, 44, 60, 57, 113, 121, 67, 51, 102, 79, 3, 123, 32, 115, 76, 94, 41, 15, 28, 23, 63, 14, 61, 127, 106, 33]
labeling = [39, 14, 19, 64, 16, 2, 10, 22, 8, 48, 23, 45, 32, 41, 30, 68, 28, 29, 35, 55, 2, 7, 0, 15, 8, 36, 25, 47, 56, 7, 0, 31, 54, 72, 25, 21, 0, 19, 20, 26, 13, 67, 3, 18, 13, 17, 11, 46, 0, 57, 5, 62, 6, 52, 5, 44, 4, 58, 3, 37, 15, 70, 7, 69, 6, 53, 17, 61, 13, 27, 6, 34, 2, 6, 10, 10, 24, 15, 11, 63, 12, 43, 4, 49, 12, 13, 21, 4, 12, 3, 9, 38, 9, 5, 15, 11, 1, 1, 1, 16, 11, 9, 10, 50, 0, 42, 26, 51, 9, 8, 4, 12, 8, 59, 4, 65, 5, 24, 7, 33, 7, 60, 5, 66, 11, 20, 3, 71, 4, 40]
convergência = [73, 73, 73, 73, 73, 73, 73, 73, 73, 73, 73, 73, 73, 73, 73, 73, 73, 73, 73, 72, 72, 72, 72, 72, 72, 72, 72, 72, 72, 72, 72, 72, 72, 72, 72, 72, 72, 72, 72, 72, 72, 72, 72, 72, 72, 72, 72, 72, 72, 72, 72, 72, 72]
================================

----- Melhor execução -----
Span (lambda): 72
best_order = [30, 97, 22, 5, 89, 87, 48, 20, 93, 98, 73, 29, 104, 109, 101, 75, 72, 42, 58, 95, 111, 128, 85, 82, 36, 1, 118, 77, 99, 45, 8, 43, 114, 37, 54, 125, 35, 110, 10, 7, 6, 96, 117, 108, 126, 34, 4, 39, 69, 17, 31, 12, 50, 119, 71, 122, 78, 18, 25, 52, 70, 59, 16, 62, 88, 56, 112, 116, 21, 91, 2, 0, 26, 46, 64, 13, 129, 66, 105, 120, 90, 100, 81, 55, 86, 11, 47, 68, 27, 9, 83, 80, 24, 103, 92, 107, 53, 40, 74, 124, 38, 84, 65, 19, 49, 44, 60, 57, 113, 121, 67, 51, 102, 79, 3, 123, 32, 115, 76, 94, 41, 15, 28, 23, 63, 14, 61, 127, 106, 33]
labeling = [39, 14, 19, 64, 16, 2, 10, 22, 8, 48, 23, 45, 32, 41, 30, 68, 28, 29, 35, 55, 2, 7, 0, 15, 8, 36, 25, 47, 56, 7, 0, 31, 54, 72, 25, 21, 0, 19, 20, 26, 13, 67, 3, 18, 13, 17, 11, 46, 0, 57, 5, 62, 6, 52, 5, 44, 4, 58, 3, 37, 15, 70, 7, 69, 6, 53, 17, 61, 13, 27, 6, 34, 2, 6, 10, 10, 24, 15, 11, 63, 12, 43, 4, 49, 12, 13, 21, 4, 12, 3, 9, 38, 9, 5, 15, 11, 1, 1, 1, 16, 11, 9, 10, 50, 0, 42, 26, 51, 9, 8, 4, 12, 8, 59, 4, 65, 5, 24, 7, 33, 7, 60, 5, 66, 11, 20, 3, 71, 4, 40]
