===== RESULTADO GA L(2,1) =====
Arquivo: /Users/mateuspedrosa/Documents/TCC-II/BOGA/data/Harwell-Boeing_cleaned/bcspwr03_clean.mtx (undirected)
Crossover: cx | Mutação: em | pop=30 | gens=53 | mut=0.446 | cr=0.5724 | runs=1 | max-stagt=1031

----- Execução #1 -----
Span (lambda): 99
Parada: MAX_GENS (geração 53)
best_order = [0, 1, 2, 3, 4, 5, 6, 7, 8, 9, 10, 11, 12, 13, 14, 15, 16, 17, 18, 19, 20, 21, 22, 23, 24, 25, 26, 27, 28, 29, 30, 31, 32, 33, 34, 35, 36, 37, 38, 39, 40, 41, 42, 43, 44, 45, 46, 47, 48, 49, 50, 51, 52, 53, 54, 55, 56, 57, 58, 59, 60, 61, 62, 63, 64, 65, 66, 67, 68, 69, 70, 71, 72, 73, 74, 75, 76, 77, 78, 79, 80, 81, 82, 83, 84, 85, 86, 87, 88, 89, 90, 91, 92, 93, 94, 95, 96, 97, 98, 99, 100, 101, 102, 103, 104, 105, 106, 107, 108, 109, 110, 111, 112, 113, 114, 115, 116, 117]
labeling = [0, 2, 4, 3, 5, 6, 7, 8, 10, 9, 11, 13, 15, 12, 14, 16, 18, 17, 19, 1, 20, 21, 22, 23, 25, 24, 26, 27, 28, 29, 31, 30, 32, 34, 36, 37, 33, 35, 38, 40, 39, 41, 42, 43, 45, 44, 46, 47, 48, 50, 49, 51, 52, 53, 54, 55, 56, 58, 60, 57, 59, 61, 62, 63, 65, 64, 66, 67, 68, 69, 1, 70, 72, 73, 71, 74, 75, 77, 76, 78, 79, 80, 81, 1, 82, 83, 85, 0, 0, 86, 84, 87, 88, 0, 0, 0, 0, 0, 0, 0, 0, 0, 0, 0, 0, 89, 90, 91, 1, 92, 93, 94, 1, 95, 96, 97, 98, 99]
convergência = [99, 99, 99, 99, 99, 99, 99, 99, 99, 99, 99, 99, 99, 99, 99, 99, 99, 99, 99, 99, 99, 99, 99, 99, 99, 99, 99, 99, 99, 99, 99, 99, 99, 99, 99, 99, 99, 99, 99, 99, 99, 99, 99, 99, 99, 99, 99, 99, 99, 99, 99, 99, 99]
================================

----- Melhor execução -----
Span (lambda): 99
best_order = [0, 1, 2, 3, 4, 5, 6, 7, 8, 9, 10, 11, 12, 13, 14, 15, 16, 17, 18, 19, 20, 21, 22, 23, 24, 25, 26, 27, 28, 29, 30, 31, 32, 33, 34, 35, 36, 37, 38, 39, 40, 41, 42, 43, 44, 45, 46, 47, 48, 49, 50, 51, 52, 53, 54, 55, 56, 57, 58, 59, 60, 61, 62, 63, 64, 65, 66, 67, 68, 69, 70, 71, 72, 73, 74, 75, 76, 77, 78, 79, 80, 81, 82, 83, 84, 85, 86, 87, 88, 89, 90, 91, 92, 93, 94, 95, 96, 97, 98, 99, 100, 101, 102, 103, 104, 105, 106, 107, 108, 109, 110, 111, 112, 113, 114, 115, 116, 117]
labeling = [0, 2, 4, 3, 5, 6, 7, 8, 10, 9, 11, 13, 15, 12, 14, 16, 18, 17, 19, 1, 20, 21, 22, 23, 25, 24, 26, 27, 28, 29, 31, 30, 32, 34, 36, 37, 33, 35, 38, 40, 39, 41, 42, 43, 45, 44, 46, 47, 48, 50, 49, 51, 52, 53, 54, 55, 56, 58, 60, 57, 59, 61, 62, 63, 65, 64, 66, 67, 68, 69, 1, 70, 72, 73, 71, 74, 75, 77, 76, 78, 79, 80, 81, 1, 82, 83, 85, 0, 0, 86, 84, 87, 88, 0, 0, 0, 0, 0, 0, 0, 0, 0, 0, 0, 0, 89, 90, 91, 1, 92, 93, 94, 1, 95, 96, 97, 98, 99]
