===== RESULTADO GA L(2,1) =====
Arquivo: /Users/mateuspedrosa/Documents/TCC-II/BOGA/data/Harwell-Boeing_cleaned/bcspwr04_clean.mtx (undirected)
Crossover: cx | Mutação: em | pop=30 | gens=53 | mut=0.446 | cr=0.5724 | runs=1 | max-stagt=1031

----- Execução #1 -----
Span (lambda): 233
Parada: MAX_GENS (geração 53)
best_order = [0, 1, 2, 3, 4, 5, 6, 7, 8, 9, 10, 11, 12, 13, 14, 15, 16, 17, 18, 19, 20, 21, 22, 23, 24, 25, 26, 27, 28, 29, 30, 31, 32, 33, 34, 35, 36, 37, 38, 39, 40, 41, 42, 43, 44, 45, 46, 47, 48, 49, 50, 51, 52, 53, 54, 55, 56, 57, 58, 59, 60, 61, 62, 63, 64, 65, 66, 67, 68, 69, 70, 71, 72, 73, 74, 75, 76, 77, 78, 79, 80, 81, 82, 83, 84, 85, 86, 87, 88, 89, 90, 91, 92, 93, 94, 95, 96, 97, 98, 99, 100, 101, 102, 103, 104, 105, 106, 107, 108, 109, 110, 111, 112, 113, 114, 115, 116, 117, 118, 119, 120, 121, 122, 123, 124, 125, 126, 127, 128, 129, 130, 131, 132, 133, 134, 135, 136, 137, 138, 139, 140, 141, 142, 143, 144, 145, 146, 147, 148, 149, 150, 151, 152, 153, 154, 155, 156, 157, 158, 159, 160, 161, 162, 163, 164, 165, 166, 167, 168, 169, 170, 171, 172, 173, 174, 175, 176, 177, 178, 179, 180, 181, 182, 183, 184, 185, 186, 187, 188, 189, 190, 191, 192, 193, 194, 195, 196, 197, 198, 199, 200, 201, 202, 203, 204, 205, 206, 207, 208, 209, 210, 211, 212, 213, 214, 215, 216, 217, 218, 219, 220, 221, 222, 223, 224, 225, 226, 227, 228, 229, 230, 231, 232, 233, 234, 235, 236, 237, 238, 239, 240, 241, 242, 243, 244, 245, 246, 247, 248, 249, 250, 251, 252, 253, 254, 255, 256, 257, 258, 259, 260, 261, 262, 263, 264, 265, 266, 267, 268, 269, 270, 271, 272, 273]
labeling = [0, 2, 3, 4, 5, 6, 8, 7, 9, 10, 11, 12, 13, 14, 15, 17, 16, 18, 19, 20, 21, 22, 23, 1, 25, 24, 26, 27, 28, 29, 30, 31, 32, 0, 33, 34, 35, 37, 39, 36, 38, 40, 41, 42, 43, 44, 45, 47, 49, 1, 50, 46, 51, 48, 52, 53, 1, 54, 2, 55, 56, 57, 58, 60, 59, 1, 61, 62, 63, 64, 65, 66, 67, 68, 69, 70, 71, 72, 73, 75, 77, 74, 76, 78, 79, 80, 81, 82, 83, 85, 84, 86, 87, 1, 88, 90, 89, 91, 92, 93, 94, 95, 1, 96, 97, 98, 99, 100, 101, 102, 103, 104, 105, 107, 106, 108, 109, 110, 111, 112, 113, 114, 115, 1, 116, 117, 118, 0, 119, 120, 121, 122, 123, 124, 125, 126, 127, 128, 129, 130, 131, 132, 133, 134, 135, 136, 137, 138, 139, 141, 140, 142, 1, 143, 144, 145, 146, 147, 149, 148, 150, 151, 153, 152, 154, 1, 155, 156, 157, 158, 159, 160, 162, 161, 163, 164, 166, 167, 168, 165, 169, 170, 171, 172, 174, 1, 176, 177, 173, 178, 0, 175, 179, 180, 181, 2, 1, 182, 183, 184, 185, 1, 0, 186, 187, 188, 189, 190, 191, 0, 192, 0, 193, 194, 195, 196, 197, 198, 0, 0, 2, 199, 0, 200, 1, 201, 202, 1, 203, 1, 204, 2, 205, 206, 207, 0, 1, 208, 0, 1, 209, 210, 211, 0, 212, 1, 213, 214, 0, 215, 216, 0, 217, 0, 1, 218, 219, 220, 2, 221, 222, 223, 224, 225, 0, 226, 0, 227, 228, 229, 230, 231, 232, 233]
convergência = [233, 233, 233, 233, 233, 233, 233, 233, 233, 233, 233, 233, 233, 233, 233, 233, 233, 233, 233, 233, 233, 233, 233, 233, 233, 233, 233, 233, 233, 233, 233, 233, 233, 233, 233, 233, 233, 233, 233, 233, 233, 233, 233, 233, 233, 233, 233, 233, 233, 233, 233, 233, 233]
================================

----- Melhor execução -----
Span (lambda): 233
best_order = [0, 1, 2, 3, 4, 5, 6, 7, 8, 9, 10, 11, 12, 13, 14, 15, 16, 17, 18, 19, 20, 21, 22, 23, 24, 25, 26, 27, 28, 29, 30, 31, 32, 33, 34, 35, 36, 37, 38, 39, 40, 41, 42, 43, 44, 45, 46, 47, 48, 49, 50, 51, 52, 53, 54, 55, 56, 57, 58, 59, 60, 61, 62, 63, 64, 65, 66, 67, 68, 69, 70, 71, 72, 73, 74, 75, 76, 77, 78, 79, 80, 81, 82, 83, 84, 85, 86, 87, 88, 89, 90, 91, 92, 93, 94, 95, 96, 97, 98, 99, 100, 101, 102, 103, 104, 105, 106, 107, 108, 109, 110, 111, 112, 113, 114, 115, 116, 117, 118, 119, 120, 121, 122, 123, 124, 125, 126, 127, 128, 129, 130, 131, 132, 133, 134, 135, 136, 137, 138, 139, 140, 141, 142, 143, 144, 145, 146, 147, 148, 149, 150, 151, 152, 153, 154, 155, 156, 157, 158, 159, 160, 161, 162, 163, 164, 165, 166, 167, 168, 169, 170, 171, 172, 173, 174, 175, 176, 177, 178, 179, 180, 181, 182, 183, 184, 185, 186, 187, 188, 189, 190, 191, 192, 193, 194, 195, 196, 197, 198, 199, 200, 201, 202, 203, 204, 205, 206, 207, 208, 209, 210, 211, 212, 213, 214, 215, 216, 217, 218, 219, 220, 221, 222, 223, 224, 225, 226, 227, 228, 229, 230, 231, 232, 233, 234, 235, 236, 237, 238, 239, 240, 241, 242, 243, 244, 245, 246, 247, 248, 249, 250, 251, 252, 253, 254, 255, 256, 257, 258, 259, 260, 261, 262, 263, 264, 265, 266, 267, 268, 269, 270, 271, 272, 273]
labeling = [0, 2, 3, 4, 5, 6, 8, 7, 9, 10, 11, 12, 13, 14, 15, 17, 16, 18, 19, 20, 21, 22, 23, 1, 25, 24, 26, 27, 28, 29, 30, 31, 32, 0, 33, 34, 35, 37, 39, 36, 38, 40, 41, 42, 43, 44, 45, 47, 49, 1, 50, 46, 51, 48, 52, 53, 1, 54, 2, 55, 56, 57, 58, 60, 59, 1, 61, 62, 63, 64, 65, 66, 67, 68, 69, 70, 71, 72, 73, 75, 77, 74, 76, 78, 79, 80, 81, 82, 83, 85, 84, 86, 87, 1, 88, 90, 89, 91, 92, 93, 94, 95, 1, 96, 97, 98, 99, 100, 101, 102, 103, 104, 105, 107, 106, 108, 109, 110, 111, 112, 113, 114, 115, 1, 116, 117, 118, 0, 119, 120, 121, 122, 123, 124, 125, 126, 127, 128, 129, 130, 131, 132, 133, 134, 135, 136, 137, 138, 139, 141, 140, 142, 1, 143, 144, 145, 146, 147, 149, 148, 150, 151, 153, 152, 154, 1, 155, 156, 157, 158, 159, 160, 162, 161, 163, 164, 166, 167, 168, 165, 169, 170, 171, 172, 174, 1, 176, 177, 173, 178, 0, 175, 179, 180, 181, 2, 1, 182, 183, 184, 185, 1, 0, 186, 187, 188, 189, 190, 191, 0, 192, 0, 193, 194, 195, 196, 197, 198, 0, 0, 2, 199, 0, 200, 1, 201, 202, 1, 203, 1, 204, 2, 205, 206, 207, 0, 1, 208, 0, 1, 209, 210, 211, 0, 212, 1, 213, 214, 0, 215, 216, 0, 217, 0, 1, 218, 219, 220, 2, 221, 222, 223, 224, 225, 0, 226, 0, 227, 228, 229, 230, 231, 232, 233]
