===== RESULTADO GA L(2,1) =====
Arquivo: /Users/mateuspedrosa/Documents/TCC-II/BOGA/data/Harwell-Boeing_cleaned/bcsstk01_clean.mtx (undirected)
Crossover: cx | Mutação: em | pop=30 | gens=53 | mut=0.446 | cr=0.5724 | runs=1 | max-stagt=1031

----- Execução #1 -----
Span (lambda): 8
Parada: MAX_GENS (geração 53)
best_order = [30, 32, 25, 20, 31, 42, 23, 26, 19, 28, 47, 0, 34, 7, 13, 4, 35, 1, 43, 38, 14, 5, 8, 21, 45, 9, 12, 24, 27, 36, 41, 37, 33, 3, 46, 44, 16, 10, 18, 17, 11, 2, 39, 15, 40, 29, 22, 6]
labeling = [2, 5, 0, 8, 4, 5, 8, 3, 2, 4, 8, 5, 1, 0, 5, 7, 1, 3, 7, 1, 0, 2, 6, 0, 6, 0, 0, 6, 1, 3, 0, 1, 0, 7, 3, 2, 3, 4, 2, 0, 0, 0, 0, 0, 0, 0, 0, 0]
convergência = [9, 9, 9, 8, 8, 8, 8, 8, 8, 8, 8, 8, 8, 8, 8, 8, 8, 8, 8, 8, 8, 8, 8, 8, 8, 8, 8, 8, 8, 8, 8, 8, 8, 8, 8, 8, 8, 8, 8, 8, 8, 8, 8, 8, 8, 8, 8, 8, 8, 8, 8, 8, 8]
================================

----- Melhor execução -----
Span (lambda): 8
best_order = [30, 32, 25, 20, 31, 42, 23, 26, 19, 28, 47, 0, 34, 7, 13, 4, 35, 1, 43, 38, 14, 5, 8, 21, 45, 9, 12, 24, 27, 36, 41, 37, 33, 3, 46, 44, 16, 10, 18, 17, 11, 2, 39, 15, 40, 29, 22, 6]
labeling = [2, 5, 0, 8, 4, 5, 8, 3, 2, 4, 8, 5, 1, 0, 5, 7, 1, 3, 7, 1, 0, 2, 6, 0, 6, 0, 0, 6, 1, 3, 0, 1, 0, 7, 3, 2, 3, 4, 2, 0, 0, 0, 0, 0, 0, 0, 0, 0]
