===== RESULTADO GA L(2,1) =====
Arquivo: /Users/mateuspedrosa/Documents/TCC-II/BOGA/data/Harwell-Boeing_cleaned/bcsstk02_clean.mtx (undirected)
Crossover: cx | Mutação: em | pop=30 | gens=53 | mut=0.446 | cr=0.5724 | runs=1 | max-stagt=1031

----- Execução #1 -----
Span (lambda): 53
Parada: MAX_GENS (geração 53)
best_order = [59, 65, 26, 10, 50, 64, 29, 31, 38, 35, 22, 12, 34, 63, 2, 14, 62, 51, 7, 30, 15, 11, 0, 19, 32, 54, 55, 46, 57, 52, 17, 33, 20, 48, 6, 61, 3, 25, 4, 28, 41, 36, 53, 18, 58, 1, 44, 5, 56, 21, 47, 16, 8, 42, 60, 45, 49, 40, 27, 37, 24, 43, 13, 23, 9, 39]
labeling = [19, 32, 12, 29, 25, 42, 17, 16, 45, 53, 1, 22, 9, 51, 13, 20, 43, 21, 39, 24, 15, 34, 7, 40, 52, 30, 0, 36, 31, 4, 18, 6, 3, 23, 11, 10, 35, 49, 8, 46, 50, 33, 44, 38, 41, 47, 26, 27, 28, 48, 2, 14, 5, 37, 0, 0, 0, 0, 0, 0, 0, 16, 0, 0, 0, 0]
convergência = [54, 53, 53, 53, 53, 53, 53, 53, 53, 53, 53, 53, 53, 53, 53, 53, 53, 53, 53, 53, 53, 53, 53, 53, 53, 53, 53, 53, 53, 53, 53, 53, 53, 53, 53, 53, 53, 53, 53, 53, 53, 53, 53, 53, 53, 53, 53, 53, 53, 53, 53, 53, 53]
================================

----- Melhor execução -----
Span (lambda): 53
best_order = [59, 65, 26, 10, 50, 64, 29, 31, 38, 35, 22, 12, 34, 63, 2, 14, 62, 51, 7, 30, 15, 11, 0, 19, 32, 54, 55, 46, 57, 52, 17, 33, 20, 48, 6, 61, 3, 25, 4, 28, 41, 36, 53, 18, 58, 1, 44, 5, 56, 21, 47, 16, 8, 42, 60, 45, 49, 40, 27, 37, 24, 43, 13, 23, 9, 39]
labeling = [19, 32, 12, 29, 25, 42, 17, 16, 45, 53, 1, 22, 9, 51, 13, 20, 43, 21, 39, 24, 15, 34, 7, 40, 52, 30, 0, 36, 31, 4, 18, 6, 3, 23, 11, 10, 35, 49, 8, 46, 50, 33, 44, 38, 41, 47, 26, 27, 28, 48, 2, 14, 5, 37, 0, 0, 0, 0, 0, 0, 0, 16, 0, 0, 0, 0]
