===== RESULTADO GA L(2,1) =====
Arquivo: /Users/mateuspedrosa/Documents/TCC-II/BOGA/data/Harwell-Boeing_cleaned/bcsstk26_clean.mtx (undirected)
Crossover: cx | Mutação: em | pop=30 | gens=53 | mut=0.446 | cr=0.5724 | runs=1 | max-stagt=1031

----- Execução #1 -----
Span (lambda): 10
Parada: MAX_GENS (geração 53)
best_order = [141, 48, 1593, 600, 24, 245, 1056, 197, 60, 226, 891, 94, 1066, 773, 1883, 263, 276, 635, 488, 1873, 1163, 499, 713, 142, 1680, 166, 1765, 1263, 1386, 1544, 115, 863, 695, 1871, 590, 261, 247, 961, 179, 1533, 399, 461, 164, 1796, 52, 1061, 1570, 409, 553, 563, 1309, 1913, 1088, 1316, 1777, 1622, 1213, 1258, 1361, 1290, 1185, 948, 617, 630, 1692, 1491, 1600, 1328, 1506, 830, 242, 260, 741, 121, 1693, 898, 1571, 106, 1223, 1038, 34, 1528, 1121, 315, 134, 1115, 1314, 50, 1407, 969, 589, 605, 105, 743, 1837, 1828, 1190, 778, 1107, 1826, 862, 1916, 1217, 432, 1105, 12, 237, 1173, 289, 1556, 1501, 255, 1126, 1653, 396, 18, 393, 881, 871, 1455, 448, 1728, 642, 694, 497, 273, 1628, 264, 715, 887, 1524, 1051, 889, 701, 1233, 1596, 1890, 560, 1300, 22, 1339, 479, 918, 1108, 1022, 896, 76, 45, 1591, 766, 922, 1583, 1420, 916, 379, 522, 212, 200, 1347, 73, 702, 1748, 531, 1199, 481, 950, 150, 813, 652, 1142, 784, 1052, 441, 1864, 852, 742, 162, 464, 1441, 663, 250, 1423, 1444, 1630, 1389, 278, 514, 1424, 1541, 1402, 682, 748, 1893, 288, 1676, 119, 681, 1834, 62, 1440, 1254, 680, 790, 375, 529, 1492, 338, 1770, 1527, 1639, 1425, 909, 1881, 1882, 648, 845, 872, 1575, 490, 469, 839, 147, 911, 857, 1170, 667, 1240, 1500, 203, 995, 1582, 764, 457, 415, 1146, 1060, 180, 731, 678, 254, 1714, 817, 39, 1498, 1574, 1343, 530, 1206, 154, 112, 610, 74, 29, 1294, 1567, 1020, 1360, 1405, 1602, 1270, 593, 634, 149, 1885, 1604, 314, 1128, 381, 709, 573, 103, 669, 1584, 140, 1713, 1592, 707, 1644, 1306, 1413, 1786, 625, 1234, 733, 535, 1850, 117, 401, 676, 1024, 802, 1016, 1125, 1226, 248, 1281, 1468, 1814, 228, 618, 947, 330, 1331, 1329, 619, 502, 1494, 739, 412, 125, 622, 138, 542, 1077, 451, 1463, 1530, 127, 1333, 428, 1775, 831, 533, 511, 1184, 1710, 1358, 1721, 1502, 675, 445, 1238, 1906, 1382, 356, 493, 69, 1780, 1861, 1352, 377, 1041, 1548, 384, 1763, 1561, 905, 1069, 1004, 719, 859, 1087, 1156, 886, 870, 498, 1579, 598, 1899, 1887, 946, 704, 302, 171, 90, 1229, 1880, 581, 689, 1345, 89, 1348, 1017, 1305, 500, 1510, 565, 1626, 1595, 213, 1645, 155, 240, 1791, 1075, 687, 993, 1350, 697, 49, 444, 1084, 963, 1760, 1398, 325, 1810, 403, 312, 794, 1919, 847, 193, 1295, 749, 1668, 1504, 1720, 1307, 414, 984, 1228, 988, 1888, 489, 1862, 176, 54, 954, 1749, 668, 728, 580, 1002, 181, 1678, 838, 83, 1117, 1648, 201, 1685, 1164, 1141, 544, 275, 284, 1215, 353, 1481, 971, 1892, 372, 223, 1299, 996, 1042, 233, 960, 1351, 1805, 421, 641, 1855, 1102, 1792, 329, 1404, 214, 1089, 1114, 1166, 1145, 1605, 1140, 43, 1820, 840, 765, 1055, 53, 371, 400, 1367, 361, 1844, 639, 816, 427, 654, 1342, 1910, 173, 526, 730, 374, 616, 1393, 508, 768, 650, 981, 104, 1496, 1704, 1165, 1875, 207, 1322, 718, 1537, 584, 1297, 1250, 846, 16, 59, 473, 44, 1368, 547, 1106, 658, 1133, 601, 1819, 1658, 1761, 411, 656, 1192, 1673, 38, 1589, 1456, 1907, 99, 781, 1078, 1652, 762, 1754, 1829, 152, 1915, 477, 549, 753, 1612, 1034, 310, 224, 439, 1154, 1795, 1793, 320, 1608, 227, 230, 1174, 505, 1378, 1847, 810, 752, 491, 86, 774, 1317, 910, 446, 333, 324, 512, 1392, 482, 244, 1247, 17, 1489, 1755, 194, 1474, 1218, 1914, 1273, 1136, 269, 735, 1804, 1535, 1707, 664, 349, 1671, 1050, 1460, 788, 1312, 1697, 985, 385, 1067, 1201, 424, 1912, 1609, 51, 343, 799, 1090, 991, 1181, 1872, 63, 915, 795, 239, 1737, 1255, 10, 1759, 1472, 902, 303, 37, 1865, 468, 1369, 1023, 1019, 1469, 624, 360, 28, 604, 1103, 1079, 280, 1839, 205, 1529, 1018, 1321, 1825, 962, 1649, 436, 404, 796, 413, 185, 1093, 1783, 983, 435, 1168, 809, 998, 1030, 594, 1643, 856, 1059, 267, 1852, 1320, 1101, 1111, 1414, 1062, 175, 651, 1709, 1009, 1778, 383, 1094, 345, 72, 387, 684, 876, 1555, 1448, 1356, 1169, 677, 1874, 342, 717, 1633, 35, 323, 470, 163, 1353, 137, 1519, 1606, 271, 327, 1135, 1284, 220, 157, 1782, 1813, 1080, 98, 1015, 352, 579, 822, 1751, 972, 82, 350, 1905, 416, 1265, 1493, 1745, 358, 551, 390, 1039, 122, 476, 279, 1536, 712, 1807, 1667, 1057, 1289, 1302, 942, 1642, 1177, 913, 97, 558, 1118, 156, 1503, 779, 1122, 566, 895, 402, 884, 1465, 19, 1363, 47, 169, 959, 703, 736, 754, 1119, 1415, 975, 1664, 1416, 1092, 388, 1909, 992, 1505, 407, 973, 1526, 537, 1717, 397, 504, 1377, 693, 698, 1614, 422, 14, 1674, 1696, 70, 899, 1511, 925, 1227, 1670, 130, 1292, 800, 1033, 144, 952, 1237, 1049, 1256, 1512, 1854, 1869, 459, 1193, 199, 118, 976, 1274, 906, 914, 721, 943, 120, 539, 1371, 1767, 215, 79, 1818, 270, 1580, 615, 934, 599, 834, 188, 1708, 1100, 1715, 346, 923, 737, 85, 272, 1495, 798, 218, 720, 853, 937, 1610, 644, 987, 32, 759, 534, 1376, 1650, 751, 1545, 1324, 724, 1225, 1638, 1766, 1355, 786, 1711, 1611, 1675, 520, 1615, 1453, 955, 331, 1208, 296, 274, 123, 198, 1315, 1900, 33, 745, 209, 277, 1619, 882, 541, 608, 509, 1744, 595, 986, 128, 1470, 908, 513, 449, 940, 1457, 808, 65, 1000, 1249, 1131, 1323, 77, 262, 1617, 313, 1162, 1113, 732, 124, 1540, 1134, 57, 1408, 96, 1431, 1764, 236, 744, 20, 337, 1286, 219, 953, 564, 640, 1661, 893, 486, 1422, 1554, 1817, 1522, 1797, 661, 1144, 1762, 1381, 1758, 854, 1878, 710, 182, 1858, 1006, 184, 1167, 420, 1546, 1025, 1705, 293, 241, 1753, 1747, 540, 484, 217, 1230, 1178, 1200, 1473, 1569, 93, 1461, 389, 657, 858, 772, 334, 1298, 4, 1682, 1830, 88, 36, 1196, 1076, 1260, 1662, 1665, 373, 229, 495, 1372, 1836, 1742, 1040, 1175, 688, 861, 1701, 1291, 552, 291, 621, 1161, 480, 868, 1216, 957, 190, 1313, 308, 536, 1462, 1901, 463, 151, 1809, 1187, 41, 13, 977, 1523, 25, 1815, 576, 1467, 1082, 1641, 111, 1365, 221, 1029, 1432, 1547, 1219, 1253, 1091, 851, 974, 1689, 257, 1898, 907, 216, 792, 1845, 612, 9, 340, 61, 873, 1768, 1509, 1045, 1148, 1904, 1480, 1842, 1259, 819, 1336, 2, 929, 550, 562, 101, 1640, 1490, 321, 917, 1288, 623, 673, 722, 1549, 586, 485, 1235, 208, 132, 3, 997, 826, 1150, 496, 1421, 196, 575, 283, 967, 875, 629, 1811, 901, 1406, 1388, 1085, 1064, 614, 1304, 1903, 1798, 306, 725, 1521, 1412, 1222, 281, 369, 328, 1773, 1007, 1856, 1451, 1293, 1585, 1012, 770, 1896, 287, 968, 1790, 1157, 938, 437, 1477, 897, 1769, 528, 1525, 1338, 821, 507, 1435, 1920, 1303, 442, 1918, 548, 1364, 1104, 370, 1275, 1437, 1311, 1027, 475, 517, 307, 113, 964, 1396, 67, 1374, 1838, 408, 1188, 1003, 1137, 1564, 1434, 487, 1010, 791, 108, 1438, 301, 410, 572, 1241, 294, 1738, 1635, 1330, 1886, 665, 1703, 1557, 958, 761, 1636, 1863, 1552, 1719, 1179, 883, 7, 620, 1375, 1319, 1822, 1785, 168, 286, 256, 949, 471, 518, 990, 835, 1654, 454, 708, 1669, 832, 1859, 903, 691, 27, 1109, 1902, 525, 1897, 738, 1679, 1660, 1129, 1538, 462, 300, 447, 231, 1447, 546, 1124, 1385, 1821, 178, 666, 501, 1722, 592, 855, 1517, 1835, 1594, 378, 1417, 699, 607, 1565, 602, 797, 1613, 186, 1261, 1155, 585, 1427, 696, 232, 1046, 793, 1008, 1730, 1149, 1672, 815, 1011, 683, 1637, 1403, 430, 941, 1895, 382, 1868, 183, 1794, 56, 1816, 944, 970, 638, 71, 1849, 1194, 578, 1401, 419, 787, 319, 1568, 1071, 1482, 355, 1340, 801, 211, 311, 646, 1449, 860, 1860, 1354, 238, 1359, 1740, 1439, 251, 1428, 763, 1357, 1132, 297, 1251, 1362, 782, 532, 1894, 775, 494, 866, 789, 1558, 1063, 366, 1483, 1205, 690, 1597, 926, 1620, 1058, 1712, 460, 466, 305, 1221, 1191, 1054, 1373, 1366, 747, 849, 391, 1074, 1746, 1750, 1332, 1572, 1688, 285, 1687, 632, 1243, 543, 966, 877, 519, 723, 1143, 1390, 225, 1723, 351, 1908, 1756, 956, 965, 100, 1647, 192, 359, 335, 1209, 726, 1800, 418, 803, 1397, 425, 714, 1220, 1718, 438, 336, 348, 700, 266, 467, 1189, 1198, 1624, 647, 1341, 1573, 376, 68, 472, 1384, 344, 1454, 195, 1031, 1741, 1891, 1044, 1127, 1677, 1507, 1625, 1280, 1843, 1877, 1202, 705, 1917, 1808, 1158, 453, 1459, 1551, 1520, 836, 740, 1772, 1487, 1026, 364, 920, 165, 191, 458, 1099, 386, 1112, 1429, 1452, 1123, 1120, 1147, 930, 131, 1160, 1257, 561, 1486, 66, 434, 727, 750, 932, 1857, 177, 843, 433, 1172, 268, 848, 368, 1001, 1036, 1086, 1210, 1812, 1337, 1096, 1349, 980, 643, 1478, 1272, 15, 904, 1276, 636, 1823, 1921, 11, 1700, 557, 867, 554, 1072, 771, 626, 222, 1603, 1743, 1301, 1203, 1543, 92, 1458, 426, 655, 265, 102, 398, 627, 571, 1446, 1308, 136, 1083, 153, 1484, 812, 1848, 574, 1197, 1799, 1598, 1151, 160, 1563, 1021, 828, 672, 1130, 1097, 1734, 1576, 1399, 204, 243, 1788, 806, 577, 556, 1695, 1716, 760, 1475, 5, 339, 1269, 1631, 679, 1043, 143, 1232, 516, 1433, 1183, 631, 1616, 1464, 1532, 0, 755, 1824, 1607, 894, 1070, 1138, 1073, 928, 1152, 1450, 1531, 1248, 783, 1032, 1683, 1587, 1410, 1497, 880, 80, 1239, 1264, 567, 1476, 820, 1550, 1774, 1153, 1911, 864, 1186, 206, 603, 1344, 258, 1426, 538, 1702, 21, 126, 210, 326, 780, 1430, 591, 417, 440, 900, 450, 58, 757, 637, 1724, 309, 1733, 1681, 78, 172, 844, 1380, 842, 362, 850, 304, 874, 1562, 114, 758, 1634, 878, 1394, 6, 1870, 1559, 332, 394, 42, 841, 1014, 890, 365, 829, 583, 1690, 474, 1739, 1841, 999, 989, 582, 347, 246, 1560, 919, 924, 1629, 26, 729, 978, 1725, 506, 145, 1840, 1889, 587, 1488, 483, 1334, 823, 1266, 527, 825, 1028, 1287, 1686, 456, 609, 64, 833, 1542, 1779, 545, 692, 776, 1803, 1285, 1236, 1471, 1623, 159, 814, 363, 1277, 1391, 1851, 1053, 671, 523, 109, 299, 1698, 1081, 380, 1318, 824, 1588, 879, 1207, 298, 1831, 1731, 933, 869, 982, 322, 1204, 1663, 1409, 1379, 1684, 1245, 1310, 951, 1706, 1776, 1691, 662, 318, 1781, 1214, 1508, 633, 1884, 354, 87, 1657, 1876, 1726, 1047, 811, 1479, 804, 1729, 95, 1037, 1757, 202, 443, 767, 685, 613, 596, 341, 406, 290, 1242, 1411, 8, 1176, 1436, 568, 524, 912, 1601, 161, 259, 465, 1445, 670, 807, 1252, 1279, 1513, 139, 367, 1048, 81, 1212, 1262, 1171, 653, 1789, 170, 31, 405, 1246, 1516, 189, 158, 569, 1282, 1801, 1727, 1784, 588, 837, 1787, 129, 659, 234, 429, 746, 936, 706, 1466, 1443, 945, 431, 892, 769, 597, 1335, 295, 174, 885, 716, 357, 734, 1110, 510, 1752, 1370, 1224, 686, 1387, 805, 1736, 1771, 1655, 91, 316, 1694, 110, 1068, 1621, 1866, 1418, 55, 1618, 135, 570, 674, 167, 1833, 1327, 1846, 1442, 939, 606, 1231, 1566, 1296, 1182, 1539, 515, 1499, 1581, 1732, 1627, 1867, 235, 1180, 1283, 1278, 921, 1400, 645, 1806, 455, 1656, 1651, 1159, 107, 1, 649, 979, 1346, 1383, 492, 75, 317, 187, 1268, 888, 1699, 1098, 1632, 1515, 1666, 711, 395, 1735, 1267, 1195, 1244, 133, 252, 818, 927, 660, 1879, 84, 1013, 452, 559, 116, 1646, 1005, 1395, 1514, 1553, 1534, 40, 30, 1419, 1271, 146, 1095, 521, 478, 1590, 148, 1853, 756, 292, 1326, 1139, 253, 1518, 1065, 1827, 249, 1116, 827, 1577, 1578, 555, 392, 1035, 1325, 785, 1599, 1659, 931, 1832, 282, 777, 1586, 994, 611, 935, 23, 503, 865, 1485, 423, 46, 628, 1802, 1211]
labeling = [9, 10, 6, 3, 4, 5, 7, 8, 8, 0, 2, 0, 0, 1, 0, 1, 1, 0, 0, 0, 0, 0, 0, 0, 0, 0, 0, 0, 0, 0, 0, 0, 0, 0, 0, 0, 0, 0, 0, 0, 0, 0, 0, 0, 0, 0, 0, 0, 0, 0, 0, 0, 0, 0, 0, 0, 0, 0, 0, 0, 0, 0, 0, 0, 0, 0, 0, 0, 0, 0, 0, 0, 0, 0, 0, 0, 0, 0, 0, 0, 0, 0, 0, 0, 0, 0, 0, 0, 0, 0, 0, 0, 0, 0, 0, 0, 0, 0, 0, 0, 0, 0, 0, 0, 0, 0, 0, 0, 0, 0, 0, 0, 0, 0, 0, 0, 0, 0, 0, 0, 0, 0, 0, 0, 0, 0, 0, 0, 0, 0, 0, 0, 0, 0, 0, 0, 0, 0, 0, 0, 0, 0, 0, 0, 0, 0, 0, 0, 0, 0, 0, 0, 0, 0, 0, 0, 0, 0, 0, 0, 0, 0, 0, 0, 0, 0, 0, 0, 0, 0, 0, 0, 0, 0, 0, 0, 0, 0, 0, 0, 0, 0, 0, 0, 0, 0, 0, 0, 0, 0, 0, 0, 0, 0, 0, 0, 0, 0, 0, 0, 0, 0, 0, 0, 0, 0, 0, 0, 0, 0, 0, 0, 0, 0, 0, 0, 0, 0, 0, 0, 0, 0, 0, 0, 0, 0, 0, 0, 0, 0, 0, 0, 0, 0, 0, 0, 0, 0, 0, 0, 0, 0, 0, 0, 0, 0, 0, 0, 0, 0, 0, 0, 0, 0, 0, 0, 0, 0, 0, 0, 0, 0, 0, 0, 0, 0, 0, 0, 0, 0, 0, 0, 0, 0, 0, 0, 0, 0, 0, 0, 0, 0, 0, 0, 0, 0, 0, 0, 0, 0, 0, 0, 0, 0, 0, 0, 0, 0, 0, 0, 0, 0, 0, 0, 0, 0, 0, 0, 0, 0, 0, 0, 0, 0, 0, 0, 0, 0, 0, 0, 0, 0, 0, 0, 0, 0, 0, 0, 0, 0, 0, 0, 0, 0, 0, 0, 0, 0, 0, 0, 0, 0, 0, 0, 0, 0, 0, 0, 0, 0, 0, 0, 0, 0, 0, 0, 0, 0, 0, 0, 0, 0, 0, 0, 0, 0, 0, 0, 0, 0, 0, 0, 0, 0, 0, 0, 0, 0, 0, 0, 0, 0, 0, 0, 0, 0, 0, 0, 0, 0, 0, 0, 0, 0, 0, 0, 0, 0, 0, 0, 0, 0, 0, 0, 0, 0, 0, 0, 0, 0, 0, 0, 0, 0, 0, 0, 0, 0, 0, 0, 0, 0, 0, 0, 0, 0, 0, 0, 0, 0, 0, 0, 0, 0, 0, 0, 0, 0, 0, 0, 0, 0, 0, 0, 0, 0, 0, 0, 0, 0, 0, 0, 0, 0, 0, 0, 0, 0, 0, 0, 0, 0, 0, 0, 0, 0, 0, 0, 0, 0, 0, 0, 0, 0, 0, 0, 0, 0, 0, 0, 0, 0, 0, 0, 0, 0, 0, 0, 0, 0, 0, 0, 0, 0, 0, 0, 0, 0, 0, 0, 0, 0, 0, 0, 0, 0, 0, 0, 0, 0, 0, 0, 0, 0, 0, 0, 0, 0, 0, 0, 0, 0, 0, 0, 0, 0, 0, 0, 0, 0, 0, 0, 0, 0, 0, 0, 0, 0, 0, 0, 0, 0, 0, 0, 0, 0, 0, 0, 0, 0, 0, 0, 0, 0, 0, 0, 0, 0, 0, 0, 0, 0, 0, 0, 0, 0, 0, 0, 0, 0, 0, 0, 0, 0, 0, 0, 0, 0, 0, 0, 0, 0, 0, 0, 0, 0, 0, 0, 0, 0, 0, 0, 0, 0, 0, 0, 0, 0, 0, 0, 0, 0, 0, 0, 0, 0, 0, 0, 0, 0, 0, 0, 0, 0, 0, 0, 0, 0, 0, 0, 0, 0, 0, 0, 0, 0, 0, 0, 0, 0, 0, 0, 0, 0, 0, 0, 0, 0, 0, 0, 0, 0, 0, 0, 0, 0, 0, 0, 0, 0, 0, 0, 0, 0, 0, 0, 0, 0, 0, 0, 0, 0, 0, 0, 0, 0, 0, 0, 0, 0, 0, 0, 0, 0, 0, 0, 0, 0, 0, 0, 0, 0, 0, 0, 0, 0, 0, 0, 0, 0, 0, 0, 0, 0, 0, 0, 0, 0, 0, 0, 0, 0, 0, 0, 0, 0, 0, 0, 0, 0, 0, 0, 0, 0, 0, 0, 0, 0, 0, 0, 0, 0, 0, 0, 0, 0, 0, 0, 0, 0, 0, 0, 0, 0, 0, 0, 0, 0, 0, 0, 0, 0, 0, 0, 0, 0, 0, 0, 0, 0, 0, 0, 0, 0, 0, 0, 0, 0, 0, 0, 0, 0, 0, 0, 0, 0, 0, 0, 0, 0, 0, 0, 0, 0, 0, 0, 0, 0, 0, 0, 0, 0, 0, 0, 0, 0, 0, 0, 0, 0, 0, 0, 0, 0, 0, 0, 0, 0, 0, 0, 0, 0, 0, 0, 0, 0, 0, 0, 0, 0, 0, 0, 0, 0, 0, 0, 0, 0, 0, 0, 0, 0, 0, 0, 0, 0, 0, 0, 0, 0, 0, 0, 0, 0, 0, 0, 0, 0, 0, 0, 0, 0, 0, 0, 0, 0, 0, 0, 0, 0, 0, 0, 0, 0, 0, 0, 0, 0, 0, 0, 0, 0, 0, 0, 0, 0, 0, 0, 0, 0, 0, 0, 0, 0, 0, 0, 0, 0, 0, 0, 0, 0, 0, 0, 0, 0, 0, 0, 0, 0, 0, 0, 0, 0, 0, 0, 0, 0, 0, 0, 0, 0, 0, 0, 0, 0, 0, 0, 0, 0, 0, 0, 0, 0, 0, 0, 0, 0, 0, 0, 0, 0, 0, 0, 0, 0, 0, 0, 0, 0, 0, 0, 0, 0, 0, 0, 0, 0, 0, 0, 0, 0, 0, 0, 0, 0, 0, 0, 0, 0, 0, 0, 0, 0, 0, 0, 0, 0, 0, 0, 0, 0, 0, 0, 0, 0, 0, 0, 0, 0, 0, 0, 0, 0, 0, 0, 0, 0, 0, 0, 0, 0, 0, 0, 0, 0, 0, 0, 0, 0, 0, 0, 0, 0, 0, 0, 0, 0, 0, 0, 0, 0, 0, 0, 0, 0, 0, 0, 0, 0, 0, 0, 0, 0, 0, 0, 0, 0, 0, 0, 0, 0, 0, 0, 0, 0, 0, 0, 0, 0, 0, 0, 0, 0, 0, 0, 0, 0, 0, 0, 0, 0, 0, 0, 0, 0, 0, 0, 0, 0, 0, 0, 0, 0, 0, 0, 0, 0, 0, 0, 0, 0, 0, 0, 0, 0, 0, 0, 0, 0, 0, 0, 0, 0, 0, 0, 0, 0, 0, 0, 0, 0, 0, 0, 0, 0, 0, 0, 0, 0, 0, 0, 0, 0, 0, 0, 0, 0, 0, 0, 0, 0, 0, 0, 0, 0, 0, 0, 0, 0, 0, 0, 0, 0, 0, 0, 0, 0, 0, 0, 0, 0, 0, 0, 0, 0, 0, 0, 0, 0, 0, 0, 0, 0, 0, 0, 0, 0, 0, 0, 0, 0, 0, 0, 0, 0, 0, 0, 0, 0, 0, 0, 0, 0, 0, 0, 0, 0, 0, 0, 0, 0, 0, 0, 0, 0, 0, 0, 0, 0, 0, 0, 0, 0, 0, 0, 0, 0, 0, 0, 0, 0, 0, 0, 0, 0, 0, 0, 0, 0, 0, 0, 0, 0, 0, 0, 0, 0, 0, 0, 0, 0, 0, 0, 0, 0, 0, 0, 0, 0, 0, 0, 0, 0, 0, 0, 0, 0, 0, 0, 0, 0, 0, 0, 0, 0, 0, 0, 0, 0, 0, 0, 0, 0, 0, 0, 0, 0, 0, 0, 0, 0, 0, 0, 0, 0, 0, 0, 0, 0, 0, 0, 0, 0, 0, 0, 0, 0, 0, 0, 0, 0, 0, 0, 0, 0, 0, 0, 0, 0, 0, 0, 0, 0, 0, 0, 0, 0, 0, 0, 0, 0, 0, 0, 0, 0, 0, 0, 0, 0, 0, 0, 0, 0, 0, 0, 0, 0, 0, 0, 0, 0, 0, 0, 0, 0, 0, 0, 0, 0, 0, 0, 0, 0, 0, 0, 0, 0, 0, 0, 0, 0, 0, 0, 0, 0, 0, 0, 0, 0, 0, 0, 0, 0, 0, 0, 0, 0, 0, 0, 0, 0, 0, 0, 0, 0, 0, 0, 0, 0, 0, 0, 0, 0, 0, 0, 0, 0, 0, 0, 0, 0, 0, 0, 0, 0, 0, 0, 0, 0, 0, 0, 0, 0, 0, 0, 0, 0, 0, 0, 0, 0, 0, 0, 0, 0, 0, 0, 0, 0, 0, 0, 0, 0, 0, 0, 0, 0, 0, 0, 0, 0, 0, 0, 0, 0, 0, 0, 0, 0, 0, 0, 0, 0, 0, 0, 0, 0, 0, 0, 0, 0, 0, 0, 0, 0, 0, 0, 0, 0, 0, 0, 0, 0, 0, 0, 0, 0, 0, 0, 0, 0, 0, 0, 0, 0, 0, 0, 0, 0, 0, 0, 0, 0, 0, 0, 0, 0, 0, 0, 0, 0, 0, 0, 0, 0, 0, 0, 0, 0, 0, 0, 0, 0, 0, 0, 0, 0, 0, 0, 0, 0, 0, 0, 0, 0, 0, 0, 0, 0, 0, 0, 0, 0, 0, 0, 0, 0, 0, 0, 0, 0, 0, 0, 0, 0, 0, 0, 0, 0, 0, 0, 0, 0, 0, 0, 0, 0, 0, 0, 0, 0, 0, 0, 0, 0, 0, 0, 0, 0, 0, 0, 0, 0, 0, 0, 0, 0, 0, 0, 0, 0, 0, 0, 0, 0, 0, 0, 0, 0, 0, 0, 0, 0, 0, 0, 0, 0, 0, 0, 0, 0, 0, 0, 0, 0, 0, 0, 0, 0, 0, 0, 0, 0, 0, 0, 0, 0, 0, 0, 0, 0, 0, 0, 0, 0, 0, 0, 0, 0, 0, 0, 0, 0, 0, 0, 0, 0, 0, 0, 0, 0, 0, 0, 0, 0, 0, 0, 0, 0, 0, 0, 0, 0, 0, 0, 0, 0, 0, 0, 0, 0, 0, 0, 0, 0, 0, 0, 0, 0, 0, 0, 0, 0, 0, 0, 0, 0, 0, 0, 0, 0, 0, 0, 0, 0, 0, 0, 0, 0, 0, 0, 0, 0, 0, 0, 0, 0, 0, 0, 0, 0, 0, 0, 0, 0, 0, 0, 0, 0, 0, 0, 0, 0, 0, 0, 0, 0, 0, 0, 0, 0, 0, 0, 0, 0, 0, 0, 0, 0, 0, 0, 0, 0, 0, 0, 0, 0, 0, 0, 0, 0, 0, 0, 0, 0, 0, 0, 0, 0, 0, 0, 0, 0, 0, 0, 0, 0, 0, 0, 0, 0, 0, 0, 0, 0, 0, 0, 0, 0, 0, 0, 0, 0, 0, 0, 0, 0, 0, 0, 0, 0, 0, 0, 0, 0, 0, 0, 0, 0, 0, 0, 0, 0, 0, 0, 0, 0, 0, 0, 0, 0, 0, 0, 0, 0, 0, 0, 0, 0, 0, 0, 0, 0, 0, 0, 0, 0, 0, 0, 0, 0, 0, 0, 0, 0, 0, 0, 0, 0, 0, 0, 0, 0, 0, 0, 0, 0, 0, 0, 0, 0, 0, 0, 0, 0, 0, 0, 0, 0, 0, 0, 0, 0, 0, 0, 0, 0, 0, 0, 0, 0, 0, 0, 0, 0, 0, 0, 0, 0, 0, 0, 0, 0, 0, 0, 0, 0, 0, 0, 0, 0, 0, 0, 0, 0, 0, 0, 0, 0, 0, 0, 0, 0, 0, 0, 0, 0, 0, 0, 0, 0, 0, 0, 0, 0, 0, 0, 0, 0, 0, 0, 0, 0, 0, 0, 0, 0, 0, 0, 0, 0, 0, 0, 0, 0, 0, 0, 0, 0, 0, 0, 0, 0, 0, 0, 0, 0, 0, 0, 0, 0, 0, 0, 0, 0, 0, 0, 0, 0, 0, 0, 0, 0, 0, 0, 0, 0, 0, 0, 0, 0]
convergência = [10, 10, 10, 10, 10, 10, 10, 10, 10, 10, 10, 10, 10, 10, 10, 10, 10, 10, 10, 10, 10, 10, 10, 10, 10, 10, 10, 10, 10, 10, 10, 10, 10, 10, 10, 10, 10, 10, 10, 10, 10, 10, 10, 10, 10, 10, 10, 10, 10, 10, 10, 10, 10]
================================

----- Melhor execução -----
Span (lambda): 10
best_order = [141, 48, 1593, 600, 24, 245, 1056, 197, 60, 226, 891, 94, 1066, 773, 1883, 263, 276, 635, 488, 1873, 1163, 499, 713, 142, 1680, 166, 1765, 1263, 1386, 1544, 115, 863, 695, 1871, 590, 261, 247, 961, 179, 1533, 399, 461, 164, 1796, 52, 1061, 1570, 409, 553, 563, 1309, 1913, 1088, 1316, 1777, 1622, 1213, 1258, 1361, 1290, 1185, 948, 617, 630, 1692, 1491, 1600, 1328, 1506, 830, 242, 260, 741, 121, 1693, 898, 1571, 106, 1223, 1038, 34, 1528, 1121, 315, 134, 1115, 1314, 50, 1407, 969, 589, 605, 105, 743, 1837, 1828, 1190, 778, 1107, 1826, 862, 1916, 1217, 432, 1105, 12, 237, 1173, 289, 1556, 1501, 255, 1126, 1653, 396, 18, 393, 881, 871, 1455, 448, 1728, 642, 694, 497, 273, 1628, 264, 715, 887, 1524, 1051, 889, 701, 1233, 1596, 1890, 560, 1300, 22, 1339, 479, 918, 1108, 1022, 896, 76, 45, 1591, 766, 922, 1583, 1420, 916, 379, 522, 212, 200, 1347, 73, 702, 1748, 531, 1199, 481, 950, 150, 813, 652, 1142, 784, 1052, 441, 1864, 852, 742, 162, 464, 1441, 663, 250, 1423, 1444, 1630, 1389, 278, 514, 1424, 1541, 1402, 682, 748, 1893, 288, 1676, 119, 681, 1834, 62, 1440, 1254, 680, 790, 375, 529, 1492, 338, 1770, 1527, 1639, 1425, 909, 1881, 1882, 648, 845, 872, 1575, 490, 469, 839, 147, 911, 857, 1170, 667, 1240, 1500, 203, 995, 1582, 764, 457, 415, 1146, 1060, 180, 731, 678, 254, 1714, 817, 39, 1498, 1574, 1343, 530, 1206, 154, 112, 610, 74, 29, 1294, 1567, 1020, 1360, 1405, 1602, 1270, 593, 634, 149, 1885, 1604, 314, 1128, 381, 709, 573, 103, 669, 1584, 140, 1713, 1592, 707, 1644, 1306, 1413, 1786, 625, 1234, 733, 535, 1850, 117, 401, 676, 1024, 802, 1016, 1125, 1226, 248, 1281, 1468, 1814, 228, 618, 947, 330, 1331, 1329, 619, 502, 1494, 739, 412, 125, 622, 138, 542, 1077, 451, 1463, 1530, 127, 1333, 428, 1775, 831, 533, 511, 1184, 1710, 1358, 1721, 1502, 675, 445, 1238, 1906, 1382, 356, 493, 69, 1780, 1861, 1352, 377, 1041, 1548, 384, 1763, 1561, 905, 1069, 1004, 719, 859, 1087, 1156, 886, 870, 498, 1579, 598, 1899, 1887, 946, 704, 302, 171, 90, 1229, 1880, 581, 689, 1345, 89, 1348, 1017, 1305, 500, 1510, 565, 1626, 1595, 213, 1645, 155, 240, 1791, 1075, 687, 993, 1350, 697, 49, 444, 1084, 963, 1760, 1398, 325, 1810, 403, 312, 794, 1919, 847, 193, 1295, 749, 1668, 1504, 1720, 1307, 414, 984, 1228, 988, 1888, 489, 1862, 176, 54, 954, 1749, 668, 728, 580, 1002, 181, 1678, 838, 83, 1117, 1648, 201, 1685, 1164, 1141, 544, 275, 284, 1215, 353, 1481, 971, 1892, 372, 223, 1299, 996, 1042, 233, 960, 1351, 1805, 421, 641, 1855, 1102, 1792, 329, 1404, 214, 1089, 1114, 1166, 1145, 1605, 1140, 43, 1820, 840, 765, 1055, 53, 371, 400, 1367, 361, 1844, 639, 816, 427, 654, 1342, 1910, 173, 526, 730, 374, 616, 1393, 508, 768, 650, 981, 104, 1496, 1704, 1165, 1875, 207, 1322, 718, 1537, 584, 1297, 1250, 846, 16, 59, 473, 44, 1368, 547, 1106, 658, 1133, 601, 1819, 1658, 1761, 411, 656, 1192, 1673, 38, 1589, 1456, 1907, 99, 781, 1078, 1652, 762, 1754, 1829, 152, 1915, 477, 549, 753, 1612, 1034, 310, 224, 439, 1154, 1795, 1793, 320, 1608, 227, 230, 1174, 505, 1378, 1847, 810, 752, 491, 86, 774, 1317, 910, 446, 333, 324, 512, 1392, 482, 244, 1247, 17, 1489, 1755, 194, 1474, 1218, 1914, 1273, 1136, 269, 735, 1804, 1535, 1707, 664, 349, 1671, 1050, 1460, 788, 1312, 1697, 985, 385, 1067, 1201, 424, 1912, 1609, 51, 343, 799, 1090, 991, 1181, 1872, 63, 915, 795, 239, 1737, 1255, 10, 1759, 1472, 902, 303, 37, 1865, 468, 1369, 1023, 1019, 1469, 624, 360, 28, 604, 1103, 1079, 280, 1839, 205, 1529, 1018, 1321, 1825, 962, 1649, 436, 404, 796, 413, 185, 1093, 1783, 983, 435, 1168, 809, 998, 1030, 594, 1643, 856, 1059, 267, 1852, 1320, 1101, 1111, 1414, 1062, 175, 651, 1709, 1009, 1778, 383, 1094, 345, 72, 387, 684, 876, 1555, 1448, 1356, 1169, 677, 1874, 342, 717, 1633, 35, 323, 470, 163, 1353, 137, 1519, 1606, 271, 327, 1135, 1284, 220, 157, 1782, 1813, 1080, 98, 1015, 352, 579, 822, 1751, 972, 82, 350, 1905, 416, 1265, 1493, 1745, 358, 551, 390, 1039, 122, 476, 279, 1536, 712, 1807, 1667, 1057, 1289, 1302, 942, 1642, 1177, 913, 97, 558, 1118, 156, 1503, 779, 1122, 566, 895, 402, 884, 1465, 19, 1363, 47, 169, 959, 703, 736, 754, 1119, 1415, 975, 1664, 1416, 1092, 388, 1909, 992, 1505, 407, 973, 1526, 537, 1717, 397, 504, 1377, 693, 698, 1614, 422, 14, 1674, 1696, 70, 899, 1511, 925, 1227, 1670, 130, 1292, 800, 1033, 144, 952, 1237, 1049, 1256, 1512, 1854, 1869, 459, 1193, 199, 118, 976, 1274, 906, 914, 721, 943, 120, 539, 1371, 1767, 215, 79, 1818, 270, 1580, 615, 934, 599, 834, 188, 1708, 1100, 1715, 346, 923, 737, 85, 272, 1495, 798, 218, 720, 853, 937, 1610, 644, 987, 32, 759, 534, 1376, 1650, 751, 1545, 1324, 724, 1225, 1638, 1766, 1355, 786, 1711, 1611, 1675, 520, 1615, 1453, 955, 331, 1208, 296, 274, 123, 198, 1315, 1900, 33, 745, 209, 277, 1619, 882, 541, 608, 509, 1744, 595, 986, 128, 1470, 908, 513, 449, 940, 1457, 808, 65, 1000, 1249, 1131, 1323, 77, 262, 1617, 313, 1162, 1113, 732, 124, 1540, 1134, 57, 1408, 96, 1431, 1764, 236, 744, 20, 337, 1286, 219, 953, 564, 640, 1661, 893, 486, 1422, 1554, 1817, 1522, 1797, 661, 1144, 1762, 1381, 1758, 854, 1878, 710, 182, 1858, 1006, 184, 1167, 420, 1546, 1025, 1705, 293, 241, 1753, 1747, 540, 484, 217, 1230, 1178, 1200, 1473, 1569, 93, 1461, 389, 657, 858, 772, 334, 1298, 4, 1682, 1830, 88, 36, 1196, 1076, 1260, 1662, 1665, 373, 229, 495, 1372, 1836, 1742, 1040, 1175, 688, 861, 1701, 1291, 552, 291, 621, 1161, 480, 868, 1216, 957, 190, 1313, 308, 536, 1462, 1901, 463, 151, 1809, 1187, 41, 13, 977, 1523, 25, 1815, 576, 1467, 1082, 1641, 111, 1365, 221, 1029, 1432, 1547, 1219, 1253, 1091, 851, 974, 1689, 257, 1898, 907, 216, 792, 1845, 612, 9, 340, 61, 873, 1768, 1509, 1045, 1148, 1904, 1480, 1842, 1259, 819, 1336, 2, 929, 550, 562, 101, 1640, 1490, 321, 917, 1288, 623, 673, 722, 1549, 586, 485, 1235, 208, 132, 3, 997, 826, 1150, 496, 1421, 196, 575, 283, 967, 875, 629, 1811, 901, 1406, 1388, 1085, 1064, 614, 1304, 1903, 1798, 306, 725, 1521, 1412, 1222, 281, 369, 328, 1773, 1007, 1856, 1451, 1293, 1585, 1012, 770, 1896, 287, 968, 1790, 1157, 938, 437, 1477, 897, 1769, 528, 1525, 1338, 821, 507, 1435, 1920, 1303, 442, 1918, 548, 1364, 1104, 370, 1275, 1437, 1311, 1027, 475, 517, 307, 113, 964, 1396, 67, 1374, 1838, 408, 1188, 1003, 1137, 1564, 1434, 487, 1010, 791, 108, 1438, 301, 410, 572, 1241, 294, 1738, 1635, 1330, 1886, 665, 1703, 1557, 958, 761, 1636, 1863, 1552, 1719, 1179, 883, 7, 620, 1375, 1319, 1822, 1785, 168, 286, 256, 949, 471, 518, 990, 835, 1654, 454, 708, 1669, 832, 1859, 903, 691, 27, 1109, 1902, 525, 1897, 738, 1679, 1660, 1129, 1538, 462, 300, 447, 231, 1447, 546, 1124, 1385, 1821, 178, 666, 501, 1722, 592, 855, 1517, 1835, 1594, 378, 1417, 699, 607, 1565, 602, 797, 1613, 186, 1261, 1155, 585, 1427, 696, 232, 1046, 793, 1008, 1730, 1149, 1672, 815, 1011, 683, 1637, 1403, 430, 941, 1895, 382, 1868, 183, 1794, 56, 1816, 944, 970, 638, 71, 1849, 1194, 578, 1401, 419, 787, 319, 1568, 1071, 1482, 355, 1340, 801, 211, 311, 646, 1449, 860, 1860, 1354, 238, 1359, 1740, 1439, 251, 1428, 763, 1357, 1132, 297, 1251, 1362, 782, 532, 1894, 775, 494, 866, 789, 1558, 1063, 366, 1483, 1205, 690, 1597, 926, 1620, 1058, 1712, 460, 466, 305, 1221, 1191, 1054, 1373, 1366, 747, 849, 391, 1074, 1746, 1750, 1332, 1572, 1688, 285, 1687, 632, 1243, 543, 966, 877, 519, 723, 1143, 1390, 225, 1723, 351, 1908, 1756, 956, 965, 100, 1647, 192, 359, 335, 1209, 726, 1800, 418, 803, 1397, 425, 714, 1220, 1718, 438, 336, 348, 700, 266, 467, 1189, 1198, 1624, 647, 1341, 1573, 376, 68, 472, 1384, 344, 1454, 195, 1031, 1741, 1891, 1044, 1127, 1677, 1507, 1625, 1280, 1843, 1877, 1202, 705, 1917, 1808, 1158, 453, 1459, 1551, 1520, 836, 740, 1772, 1487, 1026, 364, 920, 165, 191, 458, 1099, 386, 1112, 1429, 1452, 1123, 1120, 1147, 930, 131, 1160, 1257, 561, 1486, 66, 434, 727, 750, 932, 1857, 177, 843, 433, 1172, 268, 848, 368, 1001, 1036, 1086, 1210, 1812, 1337, 1096, 1349, 980, 643, 1478, 1272, 15, 904, 1276, 636, 1823, 1921, 11, 1700, 557, 867, 554, 1072, 771, 626, 222, 1603, 1743, 1301, 1203, 1543, 92, 1458, 426, 655, 265, 102, 398, 627, 571, 1446, 1308, 136, 1083, 153, 1484, 812, 1848, 574, 1197, 1799, 1598, 1151, 160, 1563, 1021, 828, 672, 1130, 1097, 1734, 1576, 1399, 204, 243, 1788, 806, 577, 556, 1695, 1716, 760, 1475, 5, 339, 1269, 1631, 679, 1043, 143, 1232, 516, 1433, 1183, 631, 1616, 1464, 1532, 0, 755, 1824, 1607, 894, 1070, 1138, 1073, 928, 1152, 1450, 1531, 1248, 783, 1032, 1683, 1587, 1410, 1497, 880, 80, 1239, 1264, 567, 1476, 820, 1550, 1774, 1153, 1911, 864, 1186, 206, 603, 1344, 258, 1426, 538, 1702, 21, 126, 210, 326, 780, 1430, 591, 417, 440, 900, 450, 58, 757, 637, 1724, 309, 1733, 1681, 78, 172, 844, 1380, 842, 362, 850, 304, 874, 1562, 114, 758, 1634, 878, 1394, 6, 1870, 1559, 332, 394, 42, 841, 1014, 890, 365, 829, 583, 1690, 474, 1739, 1841, 999, 989, 582, 347, 246, 1560, 919, 924, 1629, 26, 729, 978, 1725, 506, 145, 1840, 1889, 587, 1488, 483, 1334, 823, 1266, 527, 825, 1028, 1287, 1686, 456, 609, 64, 833, 1542, 1779, 545, 692, 776, 1803, 1285, 1236, 1471, 1623, 159, 814, 363, 1277, 1391, 1851, 1053, 671, 523, 109, 299, 1698, 1081, 380, 1318, 824, 1588, 879, 1207, 298, 1831, 1731, 933, 869, 982, 322, 1204, 1663, 1409, 1379, 1684, 1245, 1310, 951, 1706, 1776, 1691, 662, 318, 1781, 1214, 1508, 633, 1884, 354, 87, 1657, 1876, 1726, 1047, 811, 1479, 804, 1729, 95, 1037, 1757, 202, 443, 767, 685, 613, 596, 341, 406, 290, 1242, 1411, 8, 1176, 1436, 568, 524, 912, 1601, 161, 259, 465, 1445, 670, 807, 1252, 1279, 1513, 139, 367, 1048, 81, 1212, 1262, 1171, 653, 1789, 170, 31, 405, 1246, 1516, 189, 158, 569, 1282, 1801, 1727, 1784, 588, 837, 1787, 129, 659, 234, 429, 746, 936, 706, 1466, 1443, 945, 431, 892, 769, 597, 1335, 295, 174, 885, 716, 357, 734, 1110, 510, 1752, 1370, 1224, 686, 1387, 805, 1736, 1771, 1655, 91, 316, 1694, 110, 1068, 1621, 1866, 1418, 55, 1618, 135, 570, 674, 167, 1833, 1327, 1846, 1442, 939, 606, 1231, 1566, 1296, 1182, 1539, 515, 1499, 1581, 1732, 1627, 1867, 235, 1180, 1283, 1278, 921, 1400, 645, 1806, 455, 1656, 1651, 1159, 107, 1, 649, 979, 1346, 1383, 492, 75, 317, 187, 1268, 888, 1699, 1098, 1632, 1515, 1666, 711, 395, 1735, 1267, 1195, 1244, 133, 252, 818, 927, 660, 1879, 84, 1013, 452, 559, 116, 1646, 1005, 1395, 1514, 1553, 1534, 40, 30, 1419, 1271, 146, 1095, 521, 478, 1590, 148, 1853, 756, 292, 1326, 1139, 253, 1518, 1065, 1827, 249, 1116, 827, 1577, 1578, 555, 392, 1035, 1325, 785, 1599, 1659, 931, 1832, 282, 777, 1586, 994, 611, 935, 23, 503, 865, 1485, 423, 46, 628, 1802, 1211]
labeling = [9, 10, 6, 3, 4, 5, 7, 8, 8, 0, 2, 0, 0, 1, 0, 1, 1, 0, 0, 0, 0, 0, 0, 0, 0, 0, 0, 0, 0, 0, 0, 0, 0, 0, 0, 0, 0, 0, 0, 0, 0, 0, 0, 0, 0, 0, 0, 0, 0, 0, 0, 0, 0, 0, 0, 0, 0, 0, 0, 0, 0, 0, 0, 0, 0, 0, 0, 0, 0, 0, 0, 0, 0, 0, 0, 0, 0, 0, 0, 0, 0, 0, 0, 0, 0, 0, 0, 0, 0, 0, 0, 0, 0, 0, 0, 0, 0, 0, 0, 0, 0, 0, 0, 0, 0, 0, 0, 0, 0, 0, 0, 0, 0, 0, 0, 0, 0, 0, 0, 0, 0, 0, 0, 0, 0, 0, 0, 0, 0, 0, 0, 0, 0, 0, 0, 0, 0, 0, 0, 0, 0, 0, 0, 0, 0, 0, 0, 0, 0, 0, 0, 0, 0, 0, 0, 0, 0, 0, 0, 0, 0, 0, 0, 0, 0, 0, 0, 0, 0, 0, 0, 0, 0, 0, 0, 0, 0, 0, 0, 0, 0, 0, 0, 0, 0, 0, 0, 0, 0, 0, 0, 0, 0, 0, 0, 0, 0, 0, 0, 0, 0, 0, 0, 0, 0, 0, 0, 0, 0, 0, 0, 0, 0, 0, 0, 0, 0, 0, 0, 0, 0, 0, 0, 0, 0, 0, 0, 0, 0, 0, 0, 0, 0, 0, 0, 0, 0, 0, 0, 0, 0, 0, 0, 0, 0, 0, 0, 0, 0, 0, 0, 0, 0, 0, 0, 0, 0, 0, 0, 0, 0, 0, 0, 0, 0, 0, 0, 0, 0, 0, 0, 0, 0, 0, 0, 0, 0, 0, 0, 0, 0, 0, 0, 0, 0, 0, 0, 0, 0, 0, 0, 0, 0, 0, 0, 0, 0, 0, 0, 0, 0, 0, 0, 0, 0, 0, 0, 0, 0, 0, 0, 0, 0, 0, 0, 0, 0, 0, 0, 0, 0, 0, 0, 0, 0, 0, 0, 0, 0, 0, 0, 0, 0, 0, 0, 0, 0, 0, 0, 0, 0, 0, 0, 0, 0, 0, 0, 0, 0, 0, 0, 0, 0, 0, 0, 0, 0, 0, 0, 0, 0, 0, 0, 0, 0, 0, 0, 0, 0, 0, 0, 0, 0, 0, 0, 0, 0, 0, 0, 0, 0, 0, 0, 0, 0, 0, 0, 0, 0, 0, 0, 0, 0, 0, 0, 0, 0, 0, 0, 0, 0, 0, 0, 0, 0, 0, 0, 0, 0, 0, 0, 0, 0, 0, 0, 0, 0, 0, 0, 0, 0, 0, 0, 0, 0, 0, 0, 0, 0, 0, 0, 0, 0, 0, 0, 0, 0, 0, 0, 0, 0, 0, 0, 0, 0, 0, 0, 0, 0, 0, 0, 0, 0, 0, 0, 0, 0, 0, 0, 0, 0, 0, 0, 0, 0, 0, 0, 0, 0, 0, 0, 0, 0, 0, 0, 0, 0, 0, 0, 0, 0, 0, 0, 0, 0, 0, 0, 0, 0, 0, 0, 0, 0, 0, 0, 0, 0, 0, 0, 0, 0, 0, 0, 0, 0, 0, 0, 0, 0, 0, 0, 0, 0, 0, 0, 0, 0, 0, 0, 0, 0, 0, 0, 0, 0, 0, 0, 0, 0, 0, 0, 0, 0, 0, 0, 0, 0, 0, 0, 0, 0, 0, 0, 0, 0, 0, 0, 0, 0, 0, 0, 0, 0, 0, 0, 0, 0, 0, 0, 0, 0, 0, 0, 0, 0, 0, 0, 0, 0, 0, 0, 0, 0, 0, 0, 0, 0, 0, 0, 0, 0, 0, 0, 0, 0, 0, 0, 0, 0, 0, 0, 0, 0, 0, 0, 0, 0, 0, 0, 0, 0, 0, 0, 0, 0, 0, 0, 0, 0, 0, 0, 0, 0, 0, 0, 0, 0, 0, 0, 0, 0, 0, 0, 0, 0, 0, 0, 0, 0, 0, 0, 0, 0, 0, 0, 0, 0, 0, 0, 0, 0, 0, 0, 0, 0, 0, 0, 0, 0, 0, 0, 0, 0, 0, 0, 0, 0, 0, 0, 0, 0, 0, 0, 0, 0, 0, 0, 0, 0, 0, 0, 0, 0, 0, 0, 0, 0, 0, 0, 0, 0, 0, 0, 0, 0, 0, 0, 0, 0, 0, 0, 0, 0, 0, 0, 0, 0, 0, 0, 0, 0, 0, 0, 0, 0, 0, 0, 0, 0, 0, 0, 0, 0, 0, 0, 0, 0, 0, 0, 0, 0, 0, 0, 0, 0, 0, 0, 0, 0, 0, 0, 0, 0, 0, 0, 0, 0, 0, 0, 0, 0, 0, 0, 0, 0, 0, 0, 0, 0, 0, 0, 0, 0, 0, 0, 0, 0, 0, 0, 0, 0, 0, 0, 0, 0, 0, 0, 0, 0, 0, 0, 0, 0, 0, 0, 0, 0, 0, 0, 0, 0, 0, 0, 0, 0, 0, 0, 0, 0, 0, 0, 0, 0, 0, 0, 0, 0, 0, 0, 0, 0, 0, 0, 0, 0, 0, 0, 0, 0, 0, 0, 0, 0, 0, 0, 0, 0, 0, 0, 0, 0, 0, 0, 0, 0, 0, 0, 0, 0, 0, 0, 0, 0, 0, 0, 0, 0, 0, 0, 0, 0, 0, 0, 0, 0, 0, 0, 0, 0, 0, 0, 0, 0, 0, 0, 0, 0, 0, 0, 0, 0, 0, 0, 0, 0, 0, 0, 0, 0, 0, 0, 0, 0, 0, 0, 0, 0, 0, 0, 0, 0, 0, 0, 0, 0, 0, 0, 0, 0, 0, 0, 0, 0, 0, 0, 0, 0, 0, 0, 0, 0, 0, 0, 0, 0, 0, 0, 0, 0, 0, 0, 0, 0, 0, 0, 0, 0, 0, 0, 0, 0, 0, 0, 0, 0, 0, 0, 0, 0, 0, 0, 0, 0, 0, 0, 0, 0, 0, 0, 0, 0, 0, 0, 0, 0, 0, 0, 0, 0, 0, 0, 0, 0, 0, 0, 0, 0, 0, 0, 0, 0, 0, 0, 0, 0, 0, 0, 0, 0, 0, 0, 0, 0, 0, 0, 0, 0, 0, 0, 0, 0, 0, 0, 0, 0, 0, 0, 0, 0, 0, 0, 0, 0, 0, 0, 0, 0, 0, 0, 0, 0, 0, 0, 0, 0, 0, 0, 0, 0, 0, 0, 0, 0, 0, 0, 0, 0, 0, 0, 0, 0, 0, 0, 0, 0, 0, 0, 0, 0, 0, 0, 0, 0, 0, 0, 0, 0, 0, 0, 0, 0, 0, 0, 0, 0, 0, 0, 0, 0, 0, 0, 0, 0, 0, 0, 0, 0, 0, 0, 0, 0, 0, 0, 0, 0, 0, 0, 0, 0, 0, 0, 0, 0, 0, 0, 0, 0, 0, 0, 0, 0, 0, 0, 0, 0, 0, 0, 0, 0, 0, 0, 0, 0, 0, 0, 0, 0, 0, 0, 0, 0, 0, 0, 0, 0, 0, 0, 0, 0, 0, 0, 0, 0, 0, 0, 0, 0, 0, 0, 0, 0, 0, 0, 0, 0, 0, 0, 0, 0, 0, 0, 0, 0, 0, 0, 0, 0, 0, 0, 0, 0, 0, 0, 0, 0, 0, 0, 0, 0, 0, 0, 0, 0, 0, 0, 0, 0, 0, 0, 0, 0, 0, 0, 0, 0, 0, 0, 0, 0, 0, 0, 0, 0, 0, 0, 0, 0, 0, 0, 0, 0, 0, 0, 0, 0, 0, 0, 0, 0, 0, 0, 0, 0, 0, 0, 0, 0, 0, 0, 0, 0, 0, 0, 0, 0, 0, 0, 0, 0, 0, 0, 0, 0, 0, 0, 0, 0, 0, 0, 0, 0, 0, 0, 0, 0, 0, 0, 0, 0, 0, 0, 0, 0, 0, 0, 0, 0, 0, 0, 0, 0, 0, 0, 0, 0, 0, 0, 0, 0, 0, 0, 0, 0, 0, 0, 0, 0, 0, 0, 0, 0, 0, 0, 0, 0, 0, 0, 0, 0, 0, 0, 0, 0, 0, 0, 0, 0, 0, 0, 0, 0, 0, 0, 0, 0, 0, 0, 0, 0, 0, 0, 0, 0, 0, 0, 0, 0, 0, 0, 0, 0, 0, 0, 0, 0, 0, 0, 0, 0, 0, 0, 0, 0, 0, 0, 0, 0, 0, 0, 0, 0, 0, 0, 0, 0, 0, 0, 0, 0, 0, 0, 0, 0, 0, 0, 0, 0, 0, 0, 0, 0, 0, 0, 0, 0, 0, 0, 0, 0, 0, 0, 0, 0, 0, 0, 0, 0, 0, 0, 0, 0, 0, 0, 0, 0, 0, 0, 0, 0, 0, 0, 0, 0, 0, 0, 0, 0, 0, 0, 0, 0, 0, 0, 0, 0, 0, 0, 0, 0, 0, 0, 0, 0, 0, 0, 0, 0, 0, 0, 0, 0, 0, 0, 0, 0, 0, 0, 0, 0, 0, 0, 0, 0, 0, 0, 0, 0, 0, 0, 0, 0, 0, 0, 0, 0, 0, 0, 0, 0, 0, 0, 0, 0, 0, 0, 0, 0, 0, 0, 0, 0, 0, 0, 0, 0, 0, 0, 0, 0, 0, 0, 0, 0, 0, 0, 0, 0, 0, 0, 0, 0, 0, 0, 0, 0, 0, 0, 0, 0, 0, 0, 0, 0, 0, 0, 0, 0, 0, 0, 0, 0, 0, 0, 0, 0, 0, 0, 0, 0, 0, 0, 0, 0, 0, 0, 0, 0, 0, 0, 0, 0, 0, 0, 0, 0, 0, 0, 0, 0, 0, 0, 0, 0, 0, 0, 0, 0, 0, 0, 0, 0, 0, 0, 0, 0, 0, 0, 0, 0, 0, 0, 0, 0, 0, 0, 0, 0, 0, 0, 0, 0, 0, 0, 0, 0, 0, 0, 0, 0, 0, 0, 0, 0, 0, 0, 0, 0, 0, 0, 0, 0, 0, 0, 0, 0, 0, 0, 0, 0, 0, 0, 0, 0, 0, 0, 0, 0, 0, 0, 0, 0, 0, 0, 0, 0, 0, 0, 0, 0, 0, 0, 0, 0, 0, 0, 0, 0, 0, 0, 0, 0, 0, 0, 0, 0, 0, 0, 0, 0, 0, 0, 0, 0, 0, 0, 0, 0, 0, 0, 0, 0, 0, 0, 0, 0, 0, 0, 0, 0, 0, 0, 0, 0, 0, 0, 0, 0, 0, 0, 0, 0, 0, 0, 0, 0, 0, 0, 0, 0, 0, 0, 0, 0, 0, 0, 0, 0, 0, 0, 0, 0, 0, 0, 0, 0, 0, 0, 0, 0, 0, 0, 0, 0, 0, 0, 0, 0, 0, 0, 0, 0, 0, 0, 0, 0, 0, 0, 0, 0, 0, 0, 0, 0, 0, 0, 0, 0, 0, 0, 0, 0, 0, 0, 0, 0, 0, 0, 0, 0, 0, 0, 0, 0, 0, 0, 0, 0, 0, 0, 0, 0, 0, 0, 0, 0, 0, 0, 0, 0, 0, 0, 0, 0, 0, 0, 0, 0, 0, 0, 0, 0, 0, 0, 0, 0, 0, 0, 0, 0, 0, 0, 0, 0, 0, 0, 0, 0, 0, 0, 0, 0, 0, 0, 0, 0, 0, 0, 0, 0, 0, 0, 0, 0, 0, 0, 0, 0, 0, 0, 0, 0, 0, 0, 0, 0, 0, 0, 0, 0, 0, 0, 0, 0, 0, 0, 0, 0, 0, 0, 0, 0, 0, 0, 0, 0, 0, 0, 0, 0, 0, 0, 0, 0, 0, 0, 0, 0, 0, 0, 0, 0, 0, 0, 0, 0, 0, 0, 0, 0, 0, 0, 0, 0, 0, 0, 0, 0, 0, 0, 0, 0, 0, 0, 0, 0, 0, 0, 0, 0, 0, 0, 0, 0, 0, 0, 0, 0, 0, 0, 0, 0, 0, 0, 0, 0, 0, 0, 0, 0, 0, 0, 0, 0, 0, 0, 0, 0, 0, 0, 0, 0, 0, 0, 0, 0, 0, 0, 0, 0, 0, 0, 0, 0, 0, 0, 0, 0, 0, 0, 0, 0, 0, 0, 0, 0, 0, 0, 0, 0, 0, 0, 0, 0, 0, 0, 0, 0, 0, 0, 0, 0, 0]
