===== RESULTADO GA L(2,1) =====
Arquivo: /Users/mateuspedrosa/Documents/TCC-II/BOGA/data/Harwell-Boeing_cleaned/bcsstk15_clean.mtx (undirected)
Crossover: cx | Mutação: em | pop=30 | gens=53 | mut=0.446 | cr=0.5724 | runs=1 | max-stagt=1031

----- Execução #1 -----
Span (lambda): 189
Parada: MAX_GENS (geração 53)
best_order = [1242, 1890, 2002, 1110, 2857, 1717, 1401, 3796, 761, 2868, 3938, 649, 512, 3351, 3200, 238, 2736, 424, 3146, 3707, 2801, 3886, 1387, 2581, 2641, 3332, 1351, 593, 3675, 3408, 2273, 3059, 303, 105, 1273, 1408, 1605, 660, 2791, 3210, 1952, 1219, 2451, 3797, 491, 1015, 1837, 3453, 3265, 2691, 76, 1686, 3724, 2402, 3215, 789, 2485, 2636, 1151, 587, 3279, 3718, 930, 2251, 230, 586, 2664, 341, 1046, 3364, 1455, 2997, 2914, 1598, 306, 833, 309, 296, 497, 2891, 2197, 2542, 648, 865, 551, 66, 2353, 1785, 2061, 2453, 348, 2696, 2904, 836, 1620, 2389, 1470, 437, 1657, 892, 3324, 1112, 2731, 1443, 2630, 2195, 3437, 794, 2474, 2654, 218, 1970, 927, 657, 34, 3396, 829, 3542, 2566, 3043, 661, 3353, 1344, 1087, 904, 3300, 3344, 1693, 1842, 1143, 3600, 175, 627, 3907, 995, 2938, 364, 1078, 3445, 2619, 2276, 977, 1509, 3526, 3179, 3176, 2188, 448, 2599, 2261, 793, 848, 2207, 404, 2411, 1526, 3720, 2934, 832, 3381, 2520, 3073, 2394, 2887, 2925, 2770, 2421, 1148, 395, 3719, 2126, 2617, 3136, 2296, 486, 2220, 2721, 598, 928, 1610, 53, 1423, 3787, 1601, 1149, 438, 522, 3557, 1146, 1187, 260, 2876, 1185, 3937, 3398, 1020, 2391, 1563, 3203, 2234, 2083, 3145, 663, 2140, 2902, 1940, 908, 1041, 3008, 2658, 1172, 1618, 1173, 2555, 3560, 845, 74, 165, 3323, 899, 2056, 740, 3339, 2390, 3415, 798, 2228, 305, 1637, 2501, 259, 2302, 3406, 1522, 2624, 271, 1278, 3567, 3291, 3070, 2025, 1491, 3945, 893, 2841, 786, 1975, 561, 1285, 1471, 1034, 732, 1330, 592, 3098, 3280, 1089, 3297, 1259, 3018, 2734, 2475, 1528, 2362, 2675, 3737, 1138, 3602, 518, 2473, 3205, 446, 2460, 3140, 2649, 1002, 2988, 1589, 2183, 690, 1456, 1982, 1382, 2625, 139, 1441, 2930, 3383, 2316, 2344, 2657, 1482, 2243, 2677, 197, 88, 524, 3355, 839, 3744, 2110, 1718, 73, 1721, 1347, 3071, 1427, 3814, 3829, 3642, 999, 1561, 884, 2945, 2644, 264, 2855, 681, 43, 4, 172, 3935, 964, 3343, 1158, 2085, 2255, 3208, 200, 1806, 392, 3521, 1279, 2395, 3051, 1581, 3809, 3182, 975, 701, 3656, 2713, 969, 1127, 376, 3429, 3767, 3603, 3361, 1493, 560, 357, 2356, 3394, 276, 3384, 2383, 2481, 2676, 266, 1960, 3655, 3476, 771, 2060, 3836, 2766, 3539, 3363, 2666, 1202, 2219, 1517, 21, 1787, 2037, 1255, 2926, 1826, 2158, 1784, 471, 1535, 3612, 727, 3588, 1759, 3775, 631, 3857, 174, 3568, 1990, 1402, 3393, 2992, 3409, 2457, 1557, 1519, 345, 50, 3921, 3467, 261, 205, 2872, 2103, 2786, 1311, 2265, 3407, 1159, 2559, 1410, 2741, 607, 1867, 1481, 3659, 3606, 3585, 1042, 1478, 2315, 3509, 1905, 1391, 28, 2809, 2328, 3692, 185, 2027, 2897, 2594, 2364, 2650, 2218, 3549, 361, 399, 1312, 2064, 3336, 178, 358, 3795, 3887, 2016, 3559, 610, 2889, 898, 3553, 505, 1931, 1123, 428, 2114, 1913, 1796, 2131, 2799, 1739, 548, 1431, 2423, 2363, 2699, 2502, 919, 2920, 890, 2121, 2942, 1781, 1338, 2294, 790, 2838, 3691, 1668, 2151, 3923, 823, 3572, 3650, 2939, 1705, 2119, 3133, 2853, 485, 352, 2932, 1211, 2372, 871, 3903, 1736, 3263, 89, 2193, 19, 2645, 1264, 3199, 3833, 203, 2432, 3571, 2782, 2726, 1221, 1097, 2991, 206, 1772, 422, 317, 3392, 1550, 155, 1435, 324, 764, 2318, 3621, 1059, 137, 1681, 1466, 59, 1504, 1767, 3104, 3424, 843, 2039, 3714, 1771, 1231, 1495, 375, 3929, 1323, 822, 3869, 3895, 3769, 993, 3202, 423, 201, 1398, 641, 3883, 3638, 3033, 2090, 584, 3488, 1660, 1385, 3252, 3931, 414, 2290, 1652, 2440, 637, 2690, 1628, 78, 2105, 2935, 302, 2479, 1301, 3878, 3147, 2846, 3374, 3583, 3891, 3428, 1551, 707, 3134, 2130, 435, 1728, 1286, 3698, 1643, 1985, 1592, 710, 3670, 862, 997, 3510, 3255, 1903, 3756, 173, 883, 2428, 3728, 2001, 852, 900, 753, 1524, 2642, 372, 3791, 1079, 588, 429, 540, 258, 2674, 2990, 656, 2669, 1064, 3772, 1962, 1240, 1547, 1503, 1379, 7, 1566, 687, 2145, 99, 499, 3874, 1253, 189, 2963, 1629, 3712, 1052, 2587, 3939, 3286, 756, 1218, 854, 2724, 32, 3385, 2735, 2053, 1780, 3868, 752, 3528, 1958, 235, 736, 1661, 1210, 3736, 3127, 1895, 3915, 1585, 1209, 3426, 1082, 567, 2042, 3289, 1738, 3727, 2259, 3597, 3537, 1113, 2232, 2687, 275, 192, 2944, 3627, 2704, 774, 2862, 1546, 3318, 642, 2414, 754, 954, 2754, 3784, 2113, 2386, 2662, 3577, 1150, 1732, 1505, 2842, 3185, 3564, 2737, 297, 3630, 3592, 2828, 3827, 2653, 991, 1745, 1507, 1602, 1031, 3865, 2787, 1404, 2236, 1828, 599, 2288, 2907, 3108, 3504, 492, 20, 889, 3050, 1004, 2081, 3759, 12, 1029, 3849, 2216, 2921, 2155, 3699, 994, 2275, 1565, 3922, 3785, 2448, 87, 914, 2777, 3811, 543, 3762, 3653, 936, 2605, 3042, 676, 3760, 575, 2132, 2544, 2120, 134, 1692, 2187, 1778, 2733, 3946, 274, 3458, 2333, 1309, 729, 3536, 2239, 2384, 1622, 3792, 3800, 1627, 3308, 1492, 3646, 644, 2561, 2036, 3331, 3703, 3375, 475, 2565, 1361, 942, 1118, 881, 2308, 3848, 674, 432, 3309, 739, 1122, 253, 623, 3636, 1388, 3713, 3634, 1296, 573, 10, 1501, 1215, 113, 1935, 467, 2206, 3518, 1691, 2588, 2133, 3574, 368, 2793, 1901, 1428, 2893, 3517, 3474, 3126, 3067, 3643, 3460, 2171, 2458, 3529, 3497, 3293, 1808, 2604, 1579, 1170, 1624, 1452, 94, 2639, 331, 3296, 785, 3405, 381, 3036, 129, 1711, 2681, 1217, 1358, 387, 2129, 568, 3783, 1448, 3174, 1068, 2117, 1477, 292, 2700, 1353, 1527, 451, 1924, 2611, 3097, 3726, 1683, 3377, 1392, 3159, 190, 3233, 1071, 1131, 539, 3278, 534, 1310, 2975, 365, 130, 3299, 1458, 1265, 2412, 1749, 1016, 620, 3906, 2831, 2980, 2584, 1234, 937, 1356, 1332, 2689, 391, 2762, 77, 629, 1576, 3706, 3111, 2825, 3817, 622, 1277, 1855, 1647, 1533, 3556, 1224, 2022, 231, 2490, 49, 2359, 3442, 1208, 1816, 3801, 2408, 18, 2708, 3625, 2848, 2712, 948, 1543, 2539, 685, 2164, 1473, 3613, 2826, 495, 3425, 1366, 1154, 765, 2209, 2505, 2692, 1028, 163, 3389, 2522, 559, 3417, 2823, 3732, 1284, 3190, 2146, 2287, 3786, 1434, 2148, 3183, 112, 3668, 1638, 3418, 3911, 2977, 743, 3875, 3473, 1930, 2348, 957, 3269, 323, 1178, 1331, 3287, 2480, 831, 2186, 2978, 2813, 1480, 935, 566, 3725, 3925, 3452, 2128, 347, 1839, 971, 1248, 3543, 3414, 3150, 705, 3548, 2063, 295, 267, 1, 590, 1568, 783, 3619, 1992, 3230, 849, 468, 3541, 3573, 1171, 109, 3805, 2498, 2720, 3186, 0, 2909, 2257, 82, 1872, 3115, 1544, 1258, 3851, 2369, 938, 866, 2254, 780, 811, 248, 3821, 1614, 2330, 3501, 262, 79, 571, 3251, 2753, 3936, 2931, 3823, 1916, 613, 2901, 2174, 92, 2249, 209, 3193, 2445, 152, 2633, 2738, 1070, 3367, 69, 3794, 1756, 1027, 3100, 1606, 3313, 1276, 3109, 3012, 177, 210, 327, 3776, 1588, 943, 1704, 2885, 473, 3666, 549, 2794, 310, 1957, 1574, 123, 3904, 682, 2491, 1500, 821, 1038, 1942, 1936, 2903, 2023, 2227, 71, 2106, 2091, 337, 314, 1237, 3450, 211, 3378, 3397, 1184, 3160, 279, 29, 1782, 638, 1432, 3492, 698, 2985, 3264, 3090, 118, 2442, 1274, 2757, 268, 242, 287, 2396, 2881, 1506, 3285, 301, 3085, 3107, 3484, 3644, 3178, 2292, 1367, 3771, 826, 1018, 2789, 3512, 1420, 2618, 2437, 1748, 1043, 990, 3546, 1790, 2211, 136, 1048, 2111, 1160, 2834, 2156, 2059, 3702, 2335, 3920, 2711, 207, 3729, 606, 3206, 1870, 2123, 2562, 1021, 2253, 2298, 807, 717, 1578, 1794, 934, 3234, 2744, 1729, 102, 488, 1873, 1571, 1644, 2100, 1380, 876, 992, 3679, 1447, 1418, 460, 2201, 1371, 2055, 810, 1838, 72, 224, 2968, 30, 1254, 3017, 2996, 1403, 1822, 386, 394, 696, 1617, 1818, 3135, 1062, 3304, 2956, 1849, 1609, 1086, 3227, 1863, 239, 3475, 1368, 1005, 3373, 1779, 958, 1003, 3561, 1316, 3498, 834, 835, 3515, 2629, 917, 3892, 828, 3319, 940, 3828, 3748, 2340, 3747, 3731, 1365, 1039, 3155, 2461, 2830, 132, 2150, 2776, 3917, 332, 2427, 2651, 1406, 3740, 1947, 2805, 2577, 2646, 2534, 3579, 1074, 2166, 514, 1372, 864, 1291, 2007, 2524, 706, 367, 617, 3028, 2792, 1411, 983, 2277, 3451, 2076, 1564, 1268, 1303, 1703, 2004, 870, 2446, 232, 2829, 558, 596, 3432, 1814, 3847, 447, 2510, 3872, 3350, 2157, 2852, 1424, 1632, 68, 2142, 3889, 600, 8, 2954, 2434, 1457, 1672, 665, 3124, 3632, 2279, 669, 775, 3595, 2972, 2515, 715, 3842, 2807, 2285, 1824, 3305, 3942, 3918, 2406, 3212, 1416, 91, 714, 3894, 3235, 3591, 3411, 1799, 1641, 3647, 2707, 1249, 2222, 1362, 2601, 3658, 1328, 1941, 3623, 3686, 2971, 1690, 343, 529, 3838, 3688, 1583, 1047, 2467, 141, 2326, 1223, 322, 1260, 2176, 3164, 374, 393, 1854, 2958, 38, 2667, 2755, 3346, 738, 591, 3416, 3283, 3818, 3433, 3084, 3928, 3236, 1191, 594, 2124, 844, 3436, 968, 2609, 742, 3019, 2343, 550, 724, 2013, 1165, 2452, 1227, 979, 2346, 3044, 506, 3824, 3026, 960, 3119, 1345, 2890, 1645, 2487, 2875, 1706, 633, 149, 3229, 2854, 3093, 160, 2516, 3288, 3551, 2497, 17, 1334, 1484, 2221, 3072, 1676, 2256, 2519, 1032, 2400, 1357, 2621, 354, 229, 2906, 1677, 3256, 110, 2585, 2966, 3943, 3379, 1414, 988, 1948, 3295, 3652, 3853, 1967, 326, 536, 1951, 1608, 533, 1979, 1407, 1162, 2355, 23, 151, 1959, 2867, 1813, 1302, 1201, 1671, 3594, 3861, 861, 233, 64, 3905, 3154, 2899, 2354, 3716, 952, 1425, 1658, 2879, 3151, 2047, 2204, 449, 3499, 552, 3890, 3840, 2670, 2682, 3023, 2122, 1494, 565, 2548, 3443, 626, 3001, 3704, 2368, 819, 1928, 328, 433, 1684, 3241, 3812, 2538, 2205, 654, 2005, 553, 1109, 3225, 2240, 653, 1584, 1069, 25, 744, 3106, 3615, 3220, 2774, 920, 3218, 3148, 2185, 398, 3879, 1459, 2898, 949, 3224, 3930, 2282, 2066, 2955, 2465, 2447, 1534, 3054, 2905, 782, 3041, 2913, 3223, 2028, 3114, 2532, 2845, 2798, 3598, 1829, 2870, 2041, 3910, 1010, 1695, 3532, 2245, 1152, 1230, 3258, 1633, 1250, 2886, 2026, 1326, 1793, 2152, 362, 3487, 1352, 3899, 1421, 2928, 1710, 1001, 2138, 2101, 2908, 3806, 321, 2009, 1238, 639, 1397, 2802, 2420, 2280, 344, 378, 3835, 3250, 2546, 2, 3927, 283, 311, 905, 967, 1623, 2422, 618, 3884, 3485, 984, 2192, 2865, 3677, 2632, 3239, 2181, 3825, 1135, 2523, 3530, 3873, 507, 820, 1417, 3734, 2274, 2324, 2377, 397, 2215, 1995, 1800, 1876, 1572, 555, 2097, 459, 2504, 1955, 1321, 3547, 2549, 2370, 2518, 1741, 1289, 417, 244, 2827, 925, 3101, 3194, 465, 2760, 241, 921, 1175, 1293, 48, 2877, 513, 103, 3854, 650, 3006, 117, 2436, 2054, 6, 3599, 1169, 420, 1844, 763, 2671, 3360, 2600, 3216, 2403, 1910, 3137, 1603, 3461, 2278, 3284, 3580, 3496, 3356, 1599, 877, 519, 114, 2843, 509, 2550, 3755, 2716, 56, 2663, 3340, 3540, 3037, 838, 3826, 1167, 2172, 421, 1451, 3766, 2387, 951, 847, 3081, 2419, 3247, 1450, 1057, 2916, 545, 1204, 1464, 3099, 2861, 932, 1354, 3808, 2597, 3446, 737, 840, 2283, 3673, 2444, 162, 2756, 581, 401, 2883, 1858, 3330, 1283, 1612, 817, 63, 2688, 2168, 583, 1770, 1922, 1436, 2456, 1430, 47, 2953, 2638, 3094, 1300, 360, 1871, 1821, 652, 2381, 3742, 1619, 13, 1539, 1350, 382, 2189, 503, 60, 1758, 521, 2494, 2718, 797, 3248, 2866, 1381, 718, 1197, 1333, 3607, 3020, 2878, 1373, 462, 1573, 1542, 1304, 981, 3130, 1611, 2159, 472, 3025, 3014, 1892, 779, 2593, 1512, 1093, 454, 1269, 1832, 1764, 2468, 2062, 2052, 1827, 1776, 3803, 3047, 2693, 1545, 3030, 2580, 3764, 3166, 359, 2284, 2983, 1688, 290, 3855, 1055, 176, 140, 384, 1272, 1859, 2999, 722, 2407, 695, 2116, 349, 2322, 2144, 2317, 1920, 2685, 2858, 1724, 2293, 1017, 480, 3399, 998, 45, 2382, 39, 616, 556, 1977, 2729, 144, 1763, 2202, 2112, 1659, 3897, 601, 3141, 3739, 878, 57, 1877, 501, 2471, 2575, 3507, 3386, 180, 2454, 691, 1559, 2819, 2078, 3260, 3723, 2627, 1968, 1530, 2418, 1734, 3669, 3391, 2880, 1742, 2817, 1923, 3329, 3782, 3701, 2528, 3167, 1101, 2602, 237, 1229, 1155, 2844, 868, 2357, 2511, 1370, 469, 1287, 2231, 1164, 1377, 3454, 2011, 3387, 773, 2710, 3470, 570, 673, 1949, 1861, 319, 2170, 1938, 2488, 1548, 2224, 3091, 1245, 3608, 1934, 1893, 1092, 3362, 1228, 2099, 1019, 723, 3830, 75, 3587, 3807, 1540, 680, 3156, 3152, 1650, 3569, 2300, 2984, 2482, 3503, 265, 2134, 1812, 1256, 470, 1157, 3586, 1950, 713, 1788, 150, 605, 256, 3053, 1777, 2307, 1462, 288, 510, 2946, 1869, 3790, 3320, 1376, 689, 294, 1911, 3354, 1981, 167, 809, 2986, 3926, 1307, 827, 2286, 1715, 2247, 748, 1889, 974, 1252, 1762, 3110, 419, 3820, 3335, 3934, 1851, 597, 1196, 1673, 293, 3083, 1714, 3201, 1594, 1065, 379, 122, 2994, 966, 3622, 1474, 2727, 1562, 2380, 2040, 2349, 1105, 3228, 760, 24, 2535, 3912, 897, 2304, 636, 2107, 1194, 2162, 520, 1846, 3169, 164, 1188, 1675, 2957, 339, 2352, 2072, 2892, 1497, 1102, 2334, 2912, 3778, 3493, 3708, 3804, 3207, 580, 1973, 377, 2808, 3102, 3074, 1820, 634, 3211, 1340, 335, 3120, 2680, 3123, 3480, 3359, 755, 1722, 234, 316, 3086, 3328, 2961, 2198, 2093, 694, 2804, 2924, 3657, 614, 3069, 1802, 511, 880, 824, 3312, 716, 523, 22, 3463, 3022, 3441, 3932, 621, 3779, 3232, 609, 2213, 3244, 2803, 1233, 1868, 1108, 3371, 856, 1945, 2941, 872, 2661, 2310, 1511, 3462, 1386, 431, 1375, 3157, 2410, 647, 1446, 223, 1216, 2596, 1743, 595, 959, 1014, 3274, 1803, 2564, 1857, 1147, 3527, 846, 2312, 80, 2660, 1737, 869, 2686, 3062, 3240, 2225, 286, 1322, 3558, 1222, 3138, 1654, 1882, 1189, 2415, 2730, 802, 2320, 3376, 3901, 2979, 2543, 978, 1914, 3639, 945, 2371, 1444, 409, 121, 666, 1538, 2950, 1753, 721, 3261, 3057, 3075, 3024, 1214, 857, 1132, 3277, 1035, 3345, 146, 2981, 373, 1833, 2583, 1817, 3885, 2573, 3738, 1044, 2049, 1880, 2915, 3665, 3092, 1965, 35, 1045, 3852, 891, 1747, 1320, 1054, 1831, 3116, 3158, 2350, 1757, 2136, 1755, 541, 2578, 3404, 1168, 3524, 1904, 3347, 2606, 3327, 589, 2540, 643, 2235, 3481, 2595, 2778, 3242, 1486, 441, 2652, 263, 630, 1765, 2705, 269, 1696, 2332, 1653, 246, 2109, 2775, 1664, 3189, 2568, 3275, 1798, 3144, 1235, 2388, 356, 98, 3117, 3056, 436, 3761, 1625, 483, 1978, 179, 3010, 255, 1095, 240, 143, 125, 947, 3841, 1399, 646, 2088, 225, 1415, 1433, 612, 3153, 3434, 1937, 484, 671, 766, 2272, 1999, 3523, 1613, 2586, 198, 220, 2477, 2466, 37, 1761, 1848, 3338, 3314, 2783, 212, 1496, 61, 3357, 3322, 2771, 3777, 2161, 903, 918, 3582, 1723, 1886, 683, 1555, 2960, 2709, 2266, 1104, 444, 498, 2096, 1915, 3730, 3845, 2603, 1063, 2297, 3563, 1685, 2598, 1393, 3198, 1514, 1085, 3709, 3810, 1744, 481, 3822, 2180, 3877, 3626, 1181, 1022, 1190, 2529, 214, 3204, 3459, 750, 440, 1596, 2910, 3837, 913, 2305, 788, 2533, 3163, 494, 2147, 933, 1651, 1775, 1177, 734, 1587, 901, 611, 1468, 3112, 1797, 2835, 923, 1907, 664, 973, 2608, 1972, 3850, 1648, 525, 1998, 2917, 3118, 3629, 699, 953, 3195, 1193, 2614, 2863, 2051, 412, 1075, 2413, 926, 3581, 1523, 3900, 54, 2430, 1865, 3494, 1727, 138, 2141, 2592, 227, 2952, 667, 410, 3867, 697, 1469, 2570, 1136, 1280, 2761, 3641, 1467, 2496, 2492, 2263, 2949, 542, 1308, 2374, 1342, 3888, 2092, 688, 1324, 3570, 1760, 3403, 1713, 222, 562, 730, 941, 2558, 1630, 245, 427, 818, 3142, 530, 273, 3168, 1656, 1166, 403, 2751, 3661, 3321, 3181, 3533, 2832, 2404, 2557, 1198, 3282, 2837, 2697, 3722, 554, 411, 101, 2175, 2314, 1513, 1983, 2075, 2911, 3370, 487, 1751, 2970, 1369, 2104, 1241, 1412, 578, 3217, 800, 3471, 982, 2620, 1098, 1679, 2940, 1305, 298, 2647, 805, 3237, 204, 1298, 1115, 2365, 2656, 2678, 2267, 1631, 407, 1182, 3197, 2046, 2637, 119, 416, 1037, 907, 3802, 1987, 1225, 97, 3843, 67, 1117, 2050, 320, 3267, 236, 3774, 1897, 2484, 911, 515, 3611, 2822, 3337, 931, 3447, 1183, 2045, 3065, 2859, 2780, 2563, 1917, 874, 3667, 3219, 3040, 1894, 2351, 194, 557, 3789, 195, 1419, 1111, 3076, 2264, 1600, 708, 2526, 418, 3077, 2033, 2214, 3372, 1213, 3421, 702, 3294, 2347, 769, 1195, 2483, 733, 2179, 989, 1341, 3758, 963, 3683, 3717, 2077, 3590, 1554, 1716, 3113, 2043, 1207, 2513, 1699, 3469, 1144, 1483, 282, 1847, 3700, 1396, 812, 1051, 452, 1023, 3268, 970, 44, 3798, 2499, 2020, 1488, 3525, 389, 625, 2203, 3689, 2572, 2702, 2982, 413, 1621, 772, 1205, 3016, 3576, 226, 285, 615, 3191, 882, 2840, 700, 3457, 2399, 2509, 3896, 703, 1299, 1730, 1050, 159, 458, 1655, 1986, 2725, 2044, 3947, 402, 308, 3618, 3819, 1454, 1885, 3302, 478, 741, 3187, 1939, 1766, 830, 90, 3834, 2196, 477, 1212, 2439, 574, 1516, 3272, 166, 1232, 388, 1267, 1128, 3944, 3021, 445, 1061, 3009, 1582, 3184, 3390, 336, 466, 1556, 3249, 100, 1067, 3649, 2547, 1919, 1084, 1126, 746, 3088, 1422, 1220, 2229, 1363, 1499, 776, 3431, 3663, 2450, 3129, 1271, 2246, 2301, 3815, 1909, 1437, 2331, 1678, 2922, 3933, 3366, 16, 217, 792, 450, 1096, 3369, 1125, 169, 3132, 2569, 371, 3079, 3770, 3412, 58, 1663, 3103, 1680, 1819, 456, 2425, 924, 3781, 2476, 40, 145, 2745, 1056, 2631, 2874, 2616, 1969, 1318, 3005, 1329, 330, 1449, 3027, 3495, 1072, 228, 350, 1088, 658, 912, 3664, 3940, 3924, 1413, 879, 1719, 655, 1327, 1591, 1898, 2525, 3066, 300, 31, 1244, 2269, 2281, 1251, 2462, 3505, 1426, 1891, 2184, 1560, 2153, 154, 1176, 3015, 3472, 777, 390, 538, 1694, 366, 3139, 1825, 2541, 3349, 2974, 751, 3596, 3751, 2489, 2856, 2560, 1510, 106, 1243, 1120, 5, 1461, 3866, 2087, 1570, 2607, 2262, 2327, 2143, 1883, 2217, 2398, 2545, 187, 2706, 3430, 2493, 2739, 3002, 569, 3545, 3365, 3039, 1033, 2339, 3681, 1682, 55, 3676, 1786, 1773, 142, 1896, 1961, 3048, 1639, 2812, 2169, 3508, 3680, 1531, 1297, 3871, 1804, 537, 2537, 490, 1502, 803, 3685, 527, 425, 191, 131, 3750, 603, 2248, 2779, 1130, 2579, 3604, 2768, 535, 3478, 1263, 1525, 3617, 370, 3034, 2948, 252, 2102, 2165, 3316, 2919, 3307, 2839, 1348, 825, 2329, 2079, 1282, 2989, 1374, 2784, 2740, 1026, 504, 768, 3422, 2785, 3799, 2299, 2242, 3486, 2987, 985, 1180, 1270, 3246, 2342, 799, 1823, 3423, 1669, 1536, 3672, 2554, 1665, 2167, 3303, 1153, 2742, 2358, 2019, 1315, 2589, 837, 156, 1355, 3870, 1049, 3500, 3864, 1590, 1888, 3105, 1994, 2008, 1129, 2048, 651, 2530, 791, 3660, 1634, 463, 1116, 929, 2311, 1156, 1025, 678, 281, 2514, 1830, 2763, 342, 2486, 3038, 720, 2610, 2567, 3352, 439, 1604, 81, 1791, 3096, 3170, 915, 2884, 2655, 3449, 3440, 1549, 3400, 193, 2058, 1921, 3693, 3209, 1360, 980, 735, 3214, 3464, 1580, 1964, 2746, 221, 369, 2811, 2160, 3192, 62, 3687, 442, 956, 946, 1864, 950, 2017, 334, 1792, 860, 2527, 3435, 640, 2065, 2190, 1750, 3266, 2694, 2378, 396, 2074, 778, 3520, 186, 1490, 1709, 1080, 2613, 3609, 1840, 3631, 1789, 1976, 2082, 2553, 3624, 2764, 3654, 65, 2199, 2615, 2319, 3773, 2435, 1479, 1856, 2125, 385, 254, 2237, 2139, 1795, 1349, 745, 1134, 3342, 576, 3913, 3222, 1091, 2433, 3231, 1083, 147, 1636, 2233, 93, 284, 2814, 2574, 157, 1649, 1852, 1836, 2416, 1518, 1515, 415, 496, 333, 400, 107, 3831, 2701, 3143, 3128, 2531, 3635, 3858, 795, 128, 2417, 2426, 2367, 2337, 508, 1103, 608, 3029, 2973, 2073, 26, 3593, 1290, 582, 2918, 2191, 426, 2030, 916, 1521, 340, 1030, 2648, 863, 712, 692, 3358, 318, 3765, 2223, 2071, 1275, 2385, 3684, 2933, 572, 3651, 770, 249, 2967, 3188, 1807, 124, 2749, 3254, 1121, 1179, 2969, 133, 887, 885, 563, 3334, 3238, 2098, 2431, 3757, 353, 3122, 14, 2683, 96, 85, 585, 2295, 2154, 2313, 2409, 111, 1145, 801, 1966, 1006, 270, 670, 3882, 1577, 3003, 247, 2506, 312, 2210, 1875, 895, 1537, 2668, 3341, 2507, 3511, 602, 1752, 628, 183, 2728, 3465, 3601, 2628, 3368, 3832, 2341, 1405, 3013, 2006, 1943, 2765, 325, 3317, 1099, 1597, 719, 2115, 2226, 2976, 3226, 3908, 1325, 1390, 3395, 619, 2821, 1689, 3876, 675, 3089, 1463, 9, 216, 1335, 1929, 1912, 2323, 1465, 1487, 2472, 1485, 2244, 1666, 257, 351, 2943, 3419, 1262, 3695, 3516, 457, 2089, 2469, 120, 1009, 304, 2135, 355, 1007, 1314, 3270, 987, 2212, 2626, 2177, 277, 289, 2258, 3276, 851, 808, 1841, 482, 3172, 1989, 1281, 3746, 1667, 2788, 2888, 2067, 3315, 1843, 1899, 1963, 338, 1294, 2463, 1783, 3671, 2500, 1731, 251, 2773, 2824, 2057, 2289, 1346, 3455, 2947, 2590, 2962, 2936, 1635, 502, 1200, 2900, 126, 526, 2818, 1860, 3173, 1862, 1107, 158, 1073, 3513, 3448, 2752, 3589, 3004, 346, 1319, 430, 1946, 896, 1384, 3620, 3087, 1453, 1400, 2965, 1139, 2634, 2069, 3032, 3813, 2896, 3301, 3690, 3253, 1383, 1740, 532, 853, 668, 2424, 2000, 3491, 1206, 3916, 2995, 3292, 380, 3290, 3171, 153, 1247, 2536, 3616, 2032, 461, 1119, 3221, 3735, 1137, 3052, 1996, 2270, 2622, 564, 747, 965, 972, 2767, 2810, 42, 2797, 850, 2937, 2517, 1142, 1558, 1646, 2200, 1801, 2806, 2635, 3711, 434, 2964, 84, 3149, 3281, 1100, 2781, 493, 3522, 3715, 1879, 2871, 1257, 3696, 41, 546, 909, 3562, 3550, 1133, 11, 2376, 3000, 2684, 181, 1674, 2084, 1163, 1768, 2012, 2178, 1769, 464, 3175, 3645, 272, 1508, 1997, 2241, 2375, 3380, 86, 2429, 3031, 1908, 1226, 2521, 2360, 2441, 3125, 1926, 2163, 2556, 1735, 2659, 2137, 489, 726, 1884, 1409, 1429, 1090, 1141, 684, 1106, 215, 2673, 906, 711, 2748, 2723, 1292, 3637, 1445, 922, 1725, 3121, 3535, 3413, 1040, 116, 2068, 1199, 3898, 1984, 2959, 2003, 1932, 3846, 2679, 406, 3080, 405, 3919, 3628, 3662, 859, 1670, 2470, 1707, 3749, 3880, 1815, 299, 3348, 1012, 784, 1060, 2591, 1595, 1389, 2495, 2373, 453, 3844, 2018, 2014, 662, 3438, 3161, 3439, 686, 3754, 2722, 2309, 278, 3427, 2860, 2715, 3743, 2750, 3466, 1927, 1066, 213, 2035, 2508, 1439, 3180, 3682, 1394, 604, 1954, 1925, 1687, 2345, 1607, 2194, 1378, 632, 2393, 3035, 3859, 3741, 749, 1313, 1236, 3311, 188, 731, 2927, 1266, 3382, 383, 3575, 1708, 2769, 1953, 2118, 280, 2672, 2571, 894, 2743, 2291, 329, 3552, 1900, 202, 3273, 1971, 2993, 3055, 577, 2405, 1991, 2665, 1076, 3177, 2758, 2759, 804, 547, 3578, 3068, 955, 1853, 3862, 635, 3243, 1339, 3793, 902, 1720, 291, 1805, 1140, 867, 516, 1640, 3941, 3165, 1288, 2321, 1956, 2869, 2695, 531, 2438, 944, 2034, 2024, 3078, 1336, 1541, 2459, 171, 2095, 1186, 2094, 1395, 219, 1442, 2923, 3477, 3763, 2873, 1203, 2864, 3131, 1593, 1850, 2379, 1246, 1697, 757, 2208, 363, 875, 704, 1011, 3257, 2850, 3259, 2851, 2998, 1835, 3745, 2108, 3519, 1615, 3483, 3856, 3095, 3082, 3045, 1726, 855, 3271, 1306, 1000, 3333, 815, 3538, 307, 3490, 2021, 2703, 2238, 1476, 1809, 873, 1161, 1811, 3049, 3914, 1174, 2271, 1974, 1810, 1887, 1460, 3245, 184, 3733, 2443, 517, 2847, 408, 1881, 2361, 3444, 2796, 3610, 3213, 104, 624, 2612, 1343, 3694, 3674, 3565, 250, 1472, 2833, 3325, 1008, 1586, 1192, 3752, 2182, 2820, 2478, 3554, 1662, 1438, 1498, 1712, 2790, 3768, 2747, 2336, 2015, 672, 2643, 2576, 1575, 3482, 3678, 709, 148, 1988, 3410, 2464, 3388, 1440, 758, 2551, 962, 1520, 1489, 1626, 2366, 1733, 3310, 3011, 2732, 2401, 2252, 1036, 3420, 1866, 313, 986, 858, 2640, 976, 1114, 168, 15, 2303, 2306, 3721, 36, 3506, 2397, 2029, 1532, 3705, 1906, 3860, 443, 3640, 2127, 3, 95, 2717, 2230, 1239, 1081, 315, 1944, 3648, 3902, 841, 1567, 1874, 996, 2250, 2951, 961, 806, 659, 3064, 2260, 1993, 762, 2086, 1553, 2338, 2455, 2816, 888, 1077, 2894, 1359, 3614, 3479, 3788, 1261, 1124, 2503, 1902, 3262, 1013, 579, 3489, 2714, 528, 2623, 1746, 3401, 127, 3046, 677, 3584, 196, 474, 1980, 3196, 1754, 3402, 3058, 2268, 2031, 3710, 2895, 816, 1878, 500, 725, 679, 2849, 2719, 2325, 813, 1024, 1295, 3531, 1058, 455, 2698, 51, 1569, 2772, 3060, 3881, 1642, 3298, 3061, 1702, 1933, 1845, 1053, 1700, 910, 2800, 2512, 2449, 3839, 1552, 693, 70, 814, 3326, 2815, 1918, 728, 796, 161, 2552, 2070, 781, 3697, 1364, 3605, 3863, 2392, 3753, 3780, 1094, 1317, 2080, 3306, 1834, 787, 3063, 199, 1774, 1698, 2173, 52, 544, 3456, 3502, 3007, 759, 645, 479, 115, 208, 886, 3514, 2929, 3555, 3534, 3893, 3633, 243, 476, 2038, 33, 1475, 2149, 3544, 1529, 939, 2582, 842, 3468, 3816, 1701, 46, 2836, 27, 182, 83, 135, 2010, 1616, 3566, 170, 767, 3909, 2795, 2882, 1337, 3162, 108]
labeling = [45, 43, 67, 181, 19, 110, 61, 25, 59, 157, 35, 135, 30, 69, 155, 179, 130, 53, 33, 19, 31, 4, 91, 45, 82, 6, 101, 108, 13, 37, 47, 16, 27, 129, 3, 89, 107, 7, 40, 72, 95, 133, 115, 9, 121, 79, 187, 1, 60, 2, 13, 128, 136, 4, 99, 25, 48, 51, 91, 21, 68, 104, 144, 70, 63, 7, 0, 17, 57, 48, 183, 8, 51, 0, 15, 83, 5, 37, 1, 46, 93, 141, 44, 131, 22, 86, 165, 32, 17, 14, 23, 9, 14, 83, 7, 144, 3, 11, 96, 26, 129, 106, 44, 62, 142, 1, 97, 119, 4, 33, 55, 117, 41, 18, 5, 149, 138, 66, 38, 108, 14, 87, 3, 1, 154, 97, 131, 10, 90, 28, 36, 115, 46, 17, 15, 111, 50, 12, 101, 8, 78, 41, 134, 94, 69, 1, 84, 100, 123, 54, 22, 56, 46, 162, 132, 16, 116, 11, 112, 86, 57, 147, 66, 39, 84, 6, 127, 78, 141, 0, 120, 121, 10, 24, 14, 3, 71, 29, 18, 93, 73, 28, 134, 105, 132, 16, 120, 19, 117, 26, 35, 113, 30, 93, 115, 117, 182, 4, 28, 41, 18, 16, 173, 5, 30, 9, 22, 37, 1, 32, 44, 49, 102, 170, 106, 118, 39, 87, 10, 176, 101, 103, 82, 77, 54, 99, 122, 85, 27, 53, 6, 40, 55, 58, 16, 29, 116, 81, 2, 47, 21, 60, 42, 147, 63, 100, 20, 125, 34, 104, 113, 130, 36, 25, 94, 75, 8, 127, 11, 6, 4, 12, 18, 91, 0, 74, 2, 39, 35, 92, 26, 7, 29, 84, 22, 11, 4, 99, 169, 45, 172, 98, 24, 59, 147, 13, 95, 40, 76, 19, 67, 106, 34, 81, 79, 32, 9, 30, 113, 2, 34, 36, 27, 0, 158, 6, 2, 116, 123, 8, 49, 52, 28, 124, 50, 180, 87, 17, 122, 4, 82, 55, 52, 22, 20, 110, 62, 47, 64, 139, 114, 8, 17, 14, 98, 84, 111, 7, 114, 45, 108, 0, 118, 34, 62, 7, 127, 31, 2, 11, 96, 16, 23, 123, 51, 9, 57, 12, 22, 67, 63, 4, 60, 122, 5, 27, 23, 11, 36, 143, 138, 15, 5, 88, 44, 15, 9, 83, 13, 78, 161, 38, 76, 119, 24, 23, 19, 27, 38, 34, 28, 29, 8, 53, 16, 2, 25, 58, 66, 21, 150, 27, 35, 76, 13, 120, 166, 80, 23, 80, 109, 111, 108, 60, 7, 109, 114, 64, 118, 15, 12, 20, 24, 26, 4, 19, 27, 105, 10, 19, 107, 85, 14, 54, 126, 17, 26, 3, 0, 93, 98, 79, 31, 143, 20, 109, 7, 48, 1, 50, 26, 12, 120, 167, 77, 130, 6, 129, 91, 56, 44, 124, 10, 92, 164, 69, 128, 18, 9, 67, 82, 5, 20, 34, 145, 21, 186, 13, 124, 148, 16, 61, 160, 97, 100, 15, 5, 78, 52, 67, 136, 2, 9, 102, 105, 42, 149, 4, 0, 0, 0, 80, 30, 4, 26, 5, 60, 68, 151, 12, 6, 19, 1, 70, 10, 7, 174, 178, 16, 72, 5, 61, 2, 90, 8, 81, 18, 137, 25, 43, 13, 96, 22, 17, 28, 89, 29, 135, 133, 26, 9, 90, 14, 31, 137, 13, 136, 15, 23, 25, 58, 1, 52, 58, 107, 65, 43, 25, 39, 10, 20, 6, 110, 30, 132, 56, 42, 28, 33, 21, 70, 13, 153, 8, 126, 17, 121, 92, 15, 19, 85, 14, 24, 18, 25, 49, 7, 0, 5, 9, 33, 6, 2, 0, 12, 86, 10, 74, 0, 15, 13, 64, 30, 89, 19, 75, 9, 7, 152, 94, 3, 79, 25, 32, 22, 86, 17, 36, 14, 16, 39, 92, 41, 24, 31, 18, 12, 4, 26, 10, 17, 2, 171, 61, 86, 115, 21, 14, 51, 59, 148, 20, 1, 9, 34, 185, 98, 68, 3, 0, 71, 140, 75, 54, 18, 85, 28, 11, 131, 125, 1, 3, 168, 14, 107, 46, 20, 22, 159, 56, 156, 76, 30, 72, 23, 87, 4, 32, 23, 146, 16, 8, 10, 95, 28, 29, 134, 21, 12, 77, 6, 71, 26, 119, 18, 68, 9, 12, 4, 10, 13, 3, 17, 19, 177, 23, 38, 11, 16, 140, 13, 94, 25, 8, 7, 48, 89, 41, 15, 27, 12, 8, 4, 6, 2, 10, 12, 5, 184, 33, 7, 9, 3, 6, 10, 142, 8, 1, 11, 4, 6, 125, 13, 1, 15, 1, 19, 163, 17, 3, 3, 112, 18, 24, 0, 15, 3, 106, 13, 9, 0, 0, 12, 55, 3, 4, 3, 189, 1, 11, 8, 0, 5, 14, 4, 49, 0, 20, 0, 65, 6, 121, 5, 5, 5, 1, 2, 0, 104, 3, 3, 90, 0, 1, 1, 100, 0, 64, 0, 0, 112, 2, 14, 81, 3, 3, 110, 20, 3, 80, 1, 3, 119, 24, 9, 97, 3, 2, 102, 12, 0, 0, 5, 0, 88, 139, 0, 0, 0, 0, 0, 0, 0, 0, 10, 2, 2, 10, 16, 5, 0, 0, 0, 0, 0, 0, 13, 12, 12, 9, 5, 95, 1, 2, 29, 15, 2, 9, 0, 0, 7, 3, 0, 0, 6, 0, 1, 11, 10, 8, 8, 3, 3, 14, 10, 12, 4, 0, 74, 9, 0, 7, 0, 4, 1, 3, 0, 6, 0, 2, 1, 1, 0, 5, 7, 3, 7, 4, 2, 2, 0, 5, 27, 77, 0, 57, 18, 1, 1, 113, 19, 83, 0, 78, 3, 7, 0, 35, 4, 12, 65, 54, 6, 64, 1, 1, 6, 0, 0, 117, 0, 89, 74, 75, 5, 30, 6, 1, 43, 122, 1, 70, 6, 16, 175, 72, 7, 59, 2, 9, 146, 73, 9, 66, 5, 2, 145, 37, 8, 50, 0, 0, 0, 0, 0, 0, 0, 0, 0, 0, 0, 0, 0, 0, 0, 0, 0, 0, 0, 0, 0, 0, 0, 0, 0, 0, 0, 0, 0, 0, 8, 8, 53, 6, 2, 4, 7, 2, 4, 0, 2, 11, 1, 43, 2, 40, 1, 24, 5, 128, 3, 14, 2, 9, 0, 1, 0, 7, 1, 0, 0, 3, 103, 2, 0, 10, 3, 2, 0, 0, 0, 1, 0, 0, 0, 0, 0, 0, 0, 0, 0, 0, 0, 0, 0, 0, 0, 0, 0, 0, 0, 0, 0, 0, 0, 0, 0, 0, 0, 0, 0, 0, 0, 0, 0, 0, 0, 0, 0, 0, 0, 0, 0, 0, 0, 0, 0, 0, 0, 0, 0, 0, 0, 0, 0, 0, 0, 0, 0, 0, 0, 0, 0, 0, 0, 0, 0, 0, 0, 0, 0, 0, 0, 0, 0, 0, 0, 0, 0, 0, 0, 0, 0, 0, 0, 0, 0, 0, 0, 0, 0, 0, 0, 0, 0, 0, 0, 0, 0, 0, 0, 0, 0, 0, 0, 0, 0, 0, 0, 0, 0, 0, 0, 0, 0, 0, 0, 0, 0, 0, 0, 0, 0, 0, 0, 0, 0, 0, 0, 0, 0, 0, 0, 0, 0, 0, 0, 0, 0, 0, 0, 0, 0, 0, 0, 0, 0, 0, 0, 0, 0, 0, 0, 0, 0, 0, 0, 0, 0, 0, 0, 0, 0, 0, 0, 0, 0, 0, 0, 0, 0, 0, 0, 0, 0, 0, 0, 0, 0, 0, 0, 0, 0, 0, 0, 0, 0, 0, 0, 0, 0, 0, 0, 0, 0, 0, 0, 0, 0, 0, 0, 0, 0, 0, 0, 0, 0, 0, 0, 0, 0, 0, 0, 0, 0, 0, 0, 0, 0, 0, 0, 0, 0, 0, 0, 0, 0, 0, 0, 0, 0, 0, 0, 0, 0, 0, 0, 0, 0, 0, 0, 0, 0, 0, 0, 0, 0, 0, 0, 0, 0, 0, 0, 0, 0, 0, 0, 0, 0, 0, 0, 0, 0, 0, 0, 0, 0, 0, 0, 0, 0, 0, 0, 0, 0, 0, 0, 0, 0, 0, 0, 0, 0, 0, 0, 0, 0, 0, 0, 0, 0, 0, 0, 0, 0, 0, 0, 0, 0, 0, 0, 0, 0, 0, 0, 0, 0, 0, 0, 0, 0, 0, 0, 0, 0, 0, 0, 0, 0, 0, 0, 0, 0, 0, 0, 0, 0, 0, 0, 0, 0, 0, 0, 0, 0, 0, 0, 0, 0, 0, 0, 0, 0, 0, 0, 0, 0, 0, 0, 0, 0, 0, 0, 0, 0, 0, 0, 0, 0, 0, 0, 0, 0, 0, 0, 0, 0, 0, 0, 0, 0, 0, 0, 0, 0, 0, 0, 0, 0, 0, 0, 0, 0, 0, 0, 0, 0, 0, 0, 0, 0, 0, 0, 0, 0, 0, 0, 0, 0, 0, 0, 0, 0, 0, 0, 0, 0, 0, 0, 0, 0, 0, 0, 0, 0, 0, 0, 0, 0, 0, 0, 0, 0, 0, 0, 0, 0, 0, 0, 0, 0, 0, 0, 0, 0, 0, 0, 0, 0, 0, 0, 0, 0, 0, 0, 0, 0, 0, 0, 0, 0, 0, 0, 0, 0, 0, 0, 0, 0, 0, 0, 0, 0, 0, 0, 0, 0, 0, 0, 0, 0, 0, 0, 0, 0, 0, 0, 0, 0, 0, 0, 0, 0, 0, 0, 0, 0, 0, 0, 0, 0, 0, 0, 0, 0, 0, 0, 0, 0, 0, 0, 0, 0, 0, 0, 0, 0, 0, 0, 0, 0, 0, 0, 0, 0, 0, 0, 0, 0, 0, 0, 0, 0, 0, 0, 0, 0, 0, 0, 0, 0, 0, 0, 0, 0, 0, 0, 0, 0, 0, 0, 0, 0, 0, 0, 0, 0, 0, 0, 0, 0, 0, 0, 0, 0, 0, 0, 0, 0, 0, 0, 0, 0, 0, 0, 0, 0, 0, 0, 0, 0, 0, 0, 0, 21, 0, 0, 0, 0, 0, 0, 0, 0, 0, 0, 0, 0, 0, 0, 0, 0, 0, 0, 0, 0, 0, 0, 0, 0, 0, 0, 0, 0, 0, 0, 0, 0, 0, 0, 0, 0, 0, 0, 0, 0, 0, 0, 0, 0, 0, 0, 0, 0, 0, 0, 0, 0, 0, 0, 0, 0, 0, 0, 0, 0, 0, 0, 0, 0, 0, 0, 0, 0, 0, 0, 0, 4, 0, 0, 0, 0, 0, 0, 0, 0, 0, 0, 0, 0, 0, 0, 0, 0, 0, 0, 0, 0, 0, 0, 0, 0, 0, 0, 0, 0, 0, 0, 0, 0, 0, 0, 0, 0, 0, 0, 0, 0, 0, 0, 0, 0, 0, 0, 0, 0, 0, 0, 0, 0, 0, 0, 0, 0, 0, 0, 0, 0, 0, 0, 0, 0, 0, 0, 0, 0, 0, 0, 0, 0, 0, 0, 0, 0, 0, 0, 0, 0, 0, 0, 0, 0, 0, 0, 0, 0, 0, 0, 0, 0, 0, 0, 0, 0, 0, 0, 0, 0, 0, 0, 0, 0, 0, 0, 0, 0, 0, 0, 0, 0, 0, 0, 0, 0, 0, 0, 0, 0, 0, 0, 0, 0, 0, 0, 0, 0, 0, 0, 0, 0, 0, 0, 0, 0, 0, 0, 0, 0, 0, 0, 0, 0, 0, 0, 0, 0, 0, 0, 0, 0, 0, 0, 0, 0, 0, 0, 0, 0, 0, 0, 0, 0, 0, 0, 0, 0, 0, 0, 0, 0, 0, 0, 0, 0, 0, 0, 0, 0, 0, 0, 0, 0, 0, 0, 0, 0, 0, 0, 0, 88, 0, 0, 0, 0, 0, 0, 0, 0, 0, 0, 0, 0, 0, 0, 0, 0, 0, 0, 0, 0, 0, 0, 0, 0, 0, 0, 0, 0, 0, 0, 0, 0, 0, 0, 0, 0, 0, 0, 0, 0, 0, 0, 0, 0, 0, 0, 0, 0, 0, 0, 0, 0, 0, 0, 0, 0, 0, 0, 0, 0, 0, 0, 0, 0, 0, 0, 0, 0, 0, 0, 0, 0, 0, 0, 0, 0, 0, 0, 0, 0, 0, 0, 0, 0, 0, 0, 0, 0, 0, 0, 0, 0, 0, 0, 0, 0, 0, 0, 0, 0, 0, 0, 0, 0, 0, 0, 0, 0, 0, 0, 0, 0, 0, 0, 0, 0, 0, 0, 0, 0, 0, 0, 0, 0, 0, 0, 0, 0, 0, 0, 0, 0, 0, 0, 0, 0, 0, 0, 0, 0, 0, 0, 0, 0, 0, 0, 0, 0, 0, 0, 0, 0, 0, 0, 0, 0, 0, 0, 0, 0, 0, 0, 0, 0, 0, 0, 0, 0, 0, 0, 0, 0, 0, 0, 0, 0, 0, 0, 0, 0, 0, 0, 0, 0, 0, 0, 0, 0, 0, 0, 0, 0, 0, 0, 0, 0, 0, 0, 0, 0, 0, 0, 0, 0, 0, 0, 0, 0, 0, 0, 0, 0, 0, 0, 0, 0, 0, 0, 0, 0, 0, 0, 0, 0, 0, 0, 0, 0, 0, 0, 0, 0, 0, 0, 0, 0, 0, 0, 0, 0, 0, 0, 0, 0, 0, 0, 0, 0, 0, 0, 0, 0, 0, 0, 0, 0, 0, 0, 0, 0, 0, 0, 0, 0, 0, 0, 0, 0, 0, 0, 0, 0, 0, 0, 0, 0, 0, 0, 0, 0, 0, 0, 0, 0, 0, 0, 0, 0, 0, 0, 0, 0, 0, 0, 0, 0, 0, 0, 0, 0, 0, 0, 0, 0, 0, 0, 0, 0, 0, 0, 0, 0, 0, 0, 0, 0, 0, 0, 0, 0, 0, 0, 0, 0, 0, 0, 0, 0, 0, 0, 0, 0, 0, 0, 0, 0, 0, 0, 0, 0, 0, 0, 0, 0, 0, 0, 0, 0, 0, 0, 0, 0, 0, 0, 0, 0, 0, 0, 0, 0, 0, 0, 0, 0, 0, 0, 0, 0, 0, 0, 0, 0, 0, 0, 0, 0, 0, 0, 0, 0, 0, 0, 0, 0, 0, 0, 0, 0, 0, 0, 0, 0, 0, 0, 0, 0, 0, 0, 0, 0, 0, 0, 0, 0, 0, 0, 0, 0, 0, 0, 0, 0, 0, 0, 0, 0, 0, 0, 0, 0, 0, 0, 0, 0, 0, 0, 0, 0, 0, 0, 0, 0, 0, 0, 0, 0, 0, 0, 0, 0, 0, 0, 0, 0, 0, 0, 0, 0, 0, 0, 0, 0, 21, 0, 0, 0, 0, 0, 0, 0, 0, 0, 0, 0, 0, 0, 0, 0, 0, 0, 0, 0, 0, 0, 0, 0, 0, 0, 0, 0, 0, 0, 0, 0, 0, 0, 0, 0, 0, 0, 0, 0, 0, 0, 0, 0, 0, 0, 0, 0, 0, 0, 0, 0, 0, 0, 0, 0, 0, 0, 0, 0, 0, 0, 0, 0, 0, 0, 0, 0, 0, 0, 0, 0, 0, 0, 0, 0, 0, 0, 0, 0, 0, 0, 0, 0, 0, 0, 0, 0, 0, 0, 0, 0, 0, 0, 0, 0, 0, 0, 0, 0, 0, 0, 0, 0, 0, 0, 0, 0, 0, 0, 0, 0, 0, 0, 0, 0, 0, 0, 2, 0, 0, 0, 0, 0, 0, 0, 0, 0, 0, 0, 0, 0, 0, 0, 0, 0, 0, 0, 0, 0, 0, 0, 0, 0, 0, 0, 0, 0, 0, 0, 0, 0, 0, 0, 0, 0, 0, 0, 0, 0, 0, 0, 0, 0, 0, 0, 0, 0, 0, 0, 0, 0, 0, 0, 0, 0, 0, 0, 0, 0, 0, 0, 0, 0, 0, 0, 0, 0, 0, 0, 0, 0, 0, 0, 0, 0, 0, 0, 0, 0, 0, 0, 0, 0, 0, 0, 0, 0, 0, 0, 0, 0, 0, 0, 0, 0, 0, 0, 0, 0, 0, 0, 0, 0, 0, 0, 0, 0, 0, 0, 0, 0, 0, 0, 0, 0, 0, 0, 0, 0, 0, 0, 0, 0, 0, 0, 0, 0, 0, 0, 0, 0, 0, 0, 0, 0, 0, 0, 0, 0, 0, 0, 0, 0, 0, 0, 0, 0, 0, 0, 0, 0, 0, 0, 0, 0, 0, 0, 0, 0, 0, 0, 0, 0, 0, 0, 0, 0, 0, 0, 0, 0, 0, 0, 0, 0, 0, 0, 0, 0, 0, 0, 0, 0, 0, 0, 0, 0, 0, 0, 0, 0, 0, 0, 0, 0, 0, 0, 0, 0, 0, 0, 0, 0, 0, 0, 0, 0, 0, 0, 0, 0, 0, 0, 0, 0, 11, 0, 0, 0, 0, 0, 0, 0, 0, 0, 0, 0, 0, 0, 0, 0, 0, 0, 0, 0, 0, 0, 0, 0, 0, 0, 0, 0, 0, 0, 0, 0, 0, 0, 0, 0, 0, 0, 0, 0, 0, 0, 0, 0, 0, 0, 0, 0, 0, 0, 0, 0, 0, 0, 0, 0, 0, 0, 0, 0, 0, 0, 0, 0, 0, 0, 0, 0, 0, 0, 0, 0, 0, 0, 0, 0, 0, 0, 0, 0, 0, 0, 0, 0, 0, 0, 0, 0, 0, 0, 0, 0, 0, 0, 0, 0, 0, 0, 0, 0, 0, 0, 0, 0, 0, 0, 0, 0, 0, 0, 0, 0, 0, 0, 0, 0, 0, 0, 0, 0, 0, 0, 0, 0, 0, 0, 0, 0, 0, 0, 0, 0, 0, 0, 0, 0, 0, 0, 0, 0, 0, 0, 0, 0, 0, 0, 0, 0, 0, 0, 0, 0, 0, 0, 0, 0, 0, 0, 0, 0, 0, 0, 0, 0, 0, 0, 0, 0, 0, 0, 0, 0, 0, 0, 0, 0, 0, 0, 0, 0, 0, 0, 0, 0, 0, 0, 0, 0, 0, 0, 0, 0, 0, 0, 0, 0, 0, 0, 0, 0, 0, 0, 0, 0, 0, 0, 0, 0, 0, 0, 0, 0, 0, 0, 0, 0, 0, 0, 0, 0, 0, 0, 0, 0, 0, 0, 0, 0, 0, 0, 0, 0, 0, 0, 0, 0, 0, 0, 0, 0, 0, 0, 0, 0, 0, 0, 0, 0, 0, 0, 0, 0, 0, 0, 0, 0, 0, 0, 0, 0, 0, 0, 0, 0, 0, 0, 0, 0, 0, 0, 0, 0, 0, 0, 0, 0, 0, 0, 0, 0, 0, 0, 0, 0, 0, 0, 0, 0, 0, 0, 0, 0, 0, 0, 0, 0, 0, 0, 0, 0, 0, 0, 0, 0, 0, 0, 0, 0, 0, 0, 0, 0, 0, 0, 0, 0, 0, 0, 0, 0, 0, 0, 0, 0, 0, 0, 0, 0, 0, 0, 0, 0, 0, 0, 0, 0, 0, 0, 0, 0, 0, 0, 0, 0, 0, 0, 0, 0, 0, 0, 0, 0, 0, 0, 0, 0, 0, 0, 0, 0, 0, 0, 0, 0, 0, 0, 0, 0, 0, 0, 0, 0, 0, 0, 0, 0, 0, 0, 0, 0, 0, 0, 0, 0, 0, 0, 0, 0, 0, 0, 0, 0, 0, 0, 0, 0, 0, 0, 0, 0, 0, 0, 0, 0, 0, 0, 0, 0, 0, 0, 0, 0, 0, 0, 0, 0, 0, 0, 0, 0, 0, 0, 0, 0, 0, 0, 0, 0, 0, 0, 0, 0, 0, 0, 0, 0, 0, 0, 0, 0, 0, 0, 0, 0, 0, 0, 0, 0, 0, 0, 0, 0, 0, 0, 0, 0, 0, 0, 0, 0, 0, 0, 0, 0, 0, 0, 0, 0, 0, 0, 0, 0, 0, 0, 0, 0, 0, 0, 0, 0, 0, 0, 0, 0, 0, 0, 0, 0, 0, 0, 0, 0, 0, 0, 0, 0, 0, 0, 0, 0, 0, 0, 0, 0, 0, 0, 0, 0, 0, 0, 0, 0, 0, 0, 0, 0, 0, 0, 0, 0, 0, 0, 0, 0, 0, 0, 0, 0, 0, 0, 0, 0, 0, 0, 0, 0, 0, 0, 0, 0, 0, 0, 0, 0, 0, 0, 0, 0, 0, 0, 0, 0, 0, 0, 0, 0, 0, 0, 0, 0, 0, 0, 0, 0, 0, 0, 0, 0, 0, 0, 0, 0, 0, 0, 0, 0, 0, 0, 0, 0, 0, 0, 0, 0, 0, 0, 0, 0, 0, 0, 0, 0, 0, 0, 0, 0, 0, 0, 0, 0, 0, 0, 0, 0, 0, 0, 0, 0, 0, 0, 0, 0, 0, 0, 0, 0, 0, 0, 0, 0, 0, 0, 0, 0, 0, 0, 0, 0, 0, 0, 0, 0, 0, 0, 0, 0, 0, 0, 0, 0, 0, 0, 0, 0, 0, 0, 0, 0, 0, 0, 0, 0, 0, 0, 0, 0, 0, 0, 0, 0, 0, 0, 0, 0, 0, 0, 0, 0, 0, 0, 0, 0, 0, 0, 0, 0, 0, 0, 0, 0, 0, 0, 0, 0, 0, 0, 0, 0, 0, 0, 0, 0, 0, 0, 0, 0, 0, 0, 0, 0, 0, 0, 0, 0, 0, 0, 0, 0, 0, 0, 0, 0, 0, 0, 0, 0, 0, 0, 0, 0, 0, 0, 0, 0, 0, 0, 0, 0, 0, 0, 0, 0, 0, 0, 0, 0, 0, 0, 0, 0, 0, 0, 0, 0, 0, 0, 0, 0, 0, 0, 0, 0, 0, 0, 0, 0, 0, 0, 0, 0, 0, 0, 0, 0, 0, 0, 0, 0, 0, 0, 0, 0, 0, 0, 0, 0, 0, 0, 0, 0, 0, 0, 0, 0, 0, 0, 0, 0, 0, 0, 0, 0, 0, 0, 0, 0, 0, 0, 0, 0, 0, 0, 0, 0, 0, 0, 0, 0, 0, 0, 0, 0, 0, 0, 0, 0, 0, 0, 0, 0, 0, 0, 0, 0, 0, 0, 0, 0, 0, 0, 0, 0, 0, 0, 0, 0, 0, 0, 0, 0, 0, 0, 0, 0, 0, 0, 0, 0, 0, 0, 0, 0, 0, 0, 0, 0, 0, 0, 0, 33, 0, 0, 0, 0, 0, 0, 0, 0, 0, 0, 0, 0, 0, 0, 0, 0, 0, 0, 0, 0, 0, 0, 0, 0, 0, 0, 0, 0, 0, 0, 0, 0, 0, 0, 0, 0, 0, 0, 0, 0, 0, 0, 0, 0, 0, 0, 0, 0, 0, 0, 0, 0, 0, 0, 0, 0, 0, 0, 0, 0, 0, 0, 0, 0, 0, 0, 0, 0, 0, 0, 0, 0, 0, 0, 0, 0, 0, 0, 0, 0, 0, 0, 0, 0, 0, 0, 0, 0, 0, 0, 0, 0, 0, 0, 0, 0, 0, 0, 0, 0, 0, 0, 0, 0, 0, 0, 0, 0, 0, 0, 0, 0, 0, 0, 0, 0, 0, 0, 0, 0, 0, 0, 0, 0, 0, 0, 0, 0, 0, 0, 0, 0, 0, 0, 0, 0, 0, 0, 0, 0, 0, 0, 0, 0, 0, 0, 0, 0, 0, 0, 0, 0, 0, 0, 0, 0, 0, 0, 0, 0, 0, 0, 0, 0, 0, 0, 0, 0, 0, 0, 0, 0, 0, 0, 0, 0, 0, 0, 0, 0, 0, 0, 0, 0, 0, 0, 0, 0, 0, 0, 0, 0, 0, 0, 0, 0, 0, 0, 0, 0, 0, 0, 0, 0, 0, 0, 0, 0, 0, 0, 0, 0, 0, 0, 0, 0, 0, 0, 0, 0, 0, 0, 0, 0, 0, 0, 0, 0, 0, 0, 0, 0, 0, 0, 0, 0, 0, 0, 0, 0, 0, 0, 0, 0, 0, 0, 0, 0, 0, 0, 0, 0, 0, 0, 0, 0, 0, 0, 0, 0, 0, 0, 0, 0, 0, 0, 0, 0, 0, 0, 0, 0, 0, 0, 0, 0, 0, 0, 0, 0, 0, 0, 0, 7, 0, 0, 0, 0, 0, 0, 0, 0, 0, 0, 0, 0, 0, 0, 0, 0, 0, 0, 0, 0, 0, 0, 0, 0, 0, 0, 0, 0, 0, 0, 0, 0, 0, 0, 0, 0, 0, 0, 0, 0, 0, 0, 0, 0, 0, 0, 0, 0, 0, 0, 0, 0, 0, 0, 0, 0, 0, 0, 0, 0, 0, 0, 0, 0, 0, 0, 0, 0, 0, 0, 0, 0, 0, 0, 0, 0, 0, 0, 0, 0, 0, 0, 0, 0, 0, 0, 0, 0, 0, 0, 0, 0, 0, 0, 0, 0, 0, 0, 0, 0, 0, 0, 0, 0, 0, 0, 0, 0, 0, 0, 0, 0, 0, 0, 0, 0, 0, 0, 0, 0, 0, 0, 0, 0, 0, 0, 0, 0, 0, 0, 0, 0, 0, 0, 0, 0, 0, 0, 0, 0, 0, 0, 0, 0, 0, 0, 0]
convergência = [190, 189, 189, 189, 189, 189, 189, 189, 189, 189, 189, 189, 189, 189, 189, 189, 189, 189, 189, 189, 189, 189, 189, 189, 189, 189, 189, 189, 189, 189, 189, 189, 189, 189, 189, 189, 189, 189, 189, 189, 189, 189, 189, 189, 189, 189, 189, 189, 189, 189, 189, 189, 189]
================================

----- Melhor execução -----
Span (lambda): 189
best_order = [1242, 1890, 2002, 1110, 2857, 1717, 1401, 3796, 761, 2868, 3938, 649, 512, 3351, 3200, 238, 2736, 424, 3146, 3707, 2801, 3886, 1387, 2581, 2641, 3332, 1351, 593, 3675, 3408, 2273, 3059, 303, 105, 1273, 1408, 1605, 660, 2791, 3210, 1952, 1219, 2451, 3797, 491, 1015, 1837, 3453, 3265, 2691, 76, 1686, 3724, 2402, 3215, 789, 2485, 2636, 1151, 587, 3279, 3718, 930, 2251, 230, 586, 2664, 341, 1046, 3364, 1455, 2997, 2914, 1598, 306, 833, 309, 296, 497, 2891, 2197, 2542, 648, 865, 551, 66, 2353, 1785, 2061, 2453, 348, 2696, 2904, 836, 1620, 2389, 1470, 437, 1657, 892, 3324, 1112, 2731, 1443, 2630, 2195, 3437, 794, 2474, 2654, 218, 1970, 927, 657, 34, 3396, 829, 3542, 2566, 3043, 661, 3353, 1344, 1087, 904, 3300, 3344, 1693, 1842, 1143, 3600, 175, 627, 3907, 995, 2938, 364, 1078, 3445, 2619, 2276, 977, 1509, 3526, 3179, 3176, 2188, 448, 2599, 2261, 793, 848, 2207, 404, 2411, 1526, 3720, 2934, 832, 3381, 2520, 3073, 2394, 2887, 2925, 2770, 2421, 1148, 395, 3719, 2126, 2617, 3136, 2296, 486, 2220, 2721, 598, 928, 1610, 53, 1423, 3787, 1601, 1149, 438, 522, 3557, 1146, 1187, 260, 2876, 1185, 3937, 3398, 1020, 2391, 1563, 3203, 2234, 2083, 3145, 663, 2140, 2902, 1940, 908, 1041, 3008, 2658, 1172, 1618, 1173, 2555, 3560, 845, 74, 165, 3323, 899, 2056, 740, 3339, 2390, 3415, 798, 2228, 305, 1637, 2501, 259, 2302, 3406, 1522, 2624, 271, 1278, 3567, 3291, 3070, 2025, 1491, 3945, 893, 2841, 786, 1975, 561, 1285, 1471, 1034, 732, 1330, 592, 3098, 3280, 1089, 3297, 1259, 3018, 2734, 2475, 1528, 2362, 2675, 3737, 1138, 3602, 518, 2473, 3205, 446, 2460, 3140, 2649, 1002, 2988, 1589, 2183, 690, 1456, 1982, 1382, 2625, 139, 1441, 2930, 3383, 2316, 2344, 2657, 1482, 2243, 2677, 197, 88, 524, 3355, 839, 3744, 2110, 1718, 73, 1721, 1347, 3071, 1427, 3814, 3829, 3642, 999, 1561, 884, 2945, 2644, 264, 2855, 681, 43, 4, 172, 3935, 964, 3343, 1158, 2085, 2255, 3208, 200, 1806, 392, 3521, 1279, 2395, 3051, 1581, 3809, 3182, 975, 701, 3656, 2713, 969, 1127, 376, 3429, 3767, 3603, 3361, 1493, 560, 357, 2356, 3394, 276, 3384, 2383, 2481, 2676, 266, 1960, 3655, 3476, 771, 2060, 3836, 2766, 3539, 3363, 2666, 1202, 2219, 1517, 21, 1787, 2037, 1255, 2926, 1826, 2158, 1784, 471, 1535, 3612, 727, 3588, 1759, 3775, 631, 3857, 174, 3568, 1990, 1402, 3393, 2992, 3409, 2457, 1557, 1519, 345, 50, 3921, 3467, 261, 205, 2872, 2103, 2786, 1311, 2265, 3407, 1159, 2559, 1410, 2741, 607, 1867, 1481, 3659, 3606, 3585, 1042, 1478, 2315, 3509, 1905, 1391, 28, 2809, 2328, 3692, 185, 2027, 2897, 2594, 2364, 2650, 2218, 3549, 361, 399, 1312, 2064, 3336, 178, 358, 3795, 3887, 2016, 3559, 610, 2889, 898, 3553, 505, 1931, 1123, 428, 2114, 1913, 1796, 2131, 2799, 1739, 548, 1431, 2423, 2363, 2699, 2502, 919, 2920, 890, 2121, 2942, 1781, 1338, 2294, 790, 2838, 3691, 1668, 2151, 3923, 823, 3572, 3650, 2939, 1705, 2119, 3133, 2853, 485, 352, 2932, 1211, 2372, 871, 3903, 1736, 3263, 89, 2193, 19, 2645, 1264, 3199, 3833, 203, 2432, 3571, 2782, 2726, 1221, 1097, 2991, 206, 1772, 422, 317, 3392, 1550, 155, 1435, 324, 764, 2318, 3621, 1059, 137, 1681, 1466, 59, 1504, 1767, 3104, 3424, 843, 2039, 3714, 1771, 1231, 1495, 375, 3929, 1323, 822, 3869, 3895, 3769, 993, 3202, 423, 201, 1398, 641, 3883, 3638, 3033, 2090, 584, 3488, 1660, 1385, 3252, 3931, 414, 2290, 1652, 2440, 637, 2690, 1628, 78, 2105, 2935, 302, 2479, 1301, 3878, 3147, 2846, 3374, 3583, 3891, 3428, 1551, 707, 3134, 2130, 435, 1728, 1286, 3698, 1643, 1985, 1592, 710, 3670, 862, 997, 3510, 3255, 1903, 3756, 173, 883, 2428, 3728, 2001, 852, 900, 753, 1524, 2642, 372, 3791, 1079, 588, 429, 540, 258, 2674, 2990, 656, 2669, 1064, 3772, 1962, 1240, 1547, 1503, 1379, 7, 1566, 687, 2145, 99, 499, 3874, 1253, 189, 2963, 1629, 3712, 1052, 2587, 3939, 3286, 756, 1218, 854, 2724, 32, 3385, 2735, 2053, 1780, 3868, 752, 3528, 1958, 235, 736, 1661, 1210, 3736, 3127, 1895, 3915, 1585, 1209, 3426, 1082, 567, 2042, 3289, 1738, 3727, 2259, 3597, 3537, 1113, 2232, 2687, 275, 192, 2944, 3627, 2704, 774, 2862, 1546, 3318, 642, 2414, 754, 954, 2754, 3784, 2113, 2386, 2662, 3577, 1150, 1732, 1505, 2842, 3185, 3564, 2737, 297, 3630, 3592, 2828, 3827, 2653, 991, 1745, 1507, 1602, 1031, 3865, 2787, 1404, 2236, 1828, 599, 2288, 2907, 3108, 3504, 492, 20, 889, 3050, 1004, 2081, 3759, 12, 1029, 3849, 2216, 2921, 2155, 3699, 994, 2275, 1565, 3922, 3785, 2448, 87, 914, 2777, 3811, 543, 3762, 3653, 936, 2605, 3042, 676, 3760, 575, 2132, 2544, 2120, 134, 1692, 2187, 1778, 2733, 3946, 274, 3458, 2333, 1309, 729, 3536, 2239, 2384, 1622, 3792, 3800, 1627, 3308, 1492, 3646, 644, 2561, 2036, 3331, 3703, 3375, 475, 2565, 1361, 942, 1118, 881, 2308, 3848, 674, 432, 3309, 739, 1122, 253, 623, 3636, 1388, 3713, 3634, 1296, 573, 10, 1501, 1215, 113, 1935, 467, 2206, 3518, 1691, 2588, 2133, 3574, 368, 2793, 1901, 1428, 2893, 3517, 3474, 3126, 3067, 3643, 3460, 2171, 2458, 3529, 3497, 3293, 1808, 2604, 1579, 1170, 1624, 1452, 94, 2639, 331, 3296, 785, 3405, 381, 3036, 129, 1711, 2681, 1217, 1358, 387, 2129, 568, 3783, 1448, 3174, 1068, 2117, 1477, 292, 2700, 1353, 1527, 451, 1924, 2611, 3097, 3726, 1683, 3377, 1392, 3159, 190, 3233, 1071, 1131, 539, 3278, 534, 1310, 2975, 365, 130, 3299, 1458, 1265, 2412, 1749, 1016, 620, 3906, 2831, 2980, 2584, 1234, 937, 1356, 1332, 2689, 391, 2762, 77, 629, 1576, 3706, 3111, 2825, 3817, 622, 1277, 1855, 1647, 1533, 3556, 1224, 2022, 231, 2490, 49, 2359, 3442, 1208, 1816, 3801, 2408, 18, 2708, 3625, 2848, 2712, 948, 1543, 2539, 685, 2164, 1473, 3613, 2826, 495, 3425, 1366, 1154, 765, 2209, 2505, 2692, 1028, 163, 3389, 2522, 559, 3417, 2823, 3732, 1284, 3190, 2146, 2287, 3786, 1434, 2148, 3183, 112, 3668, 1638, 3418, 3911, 2977, 743, 3875, 3473, 1930, 2348, 957, 3269, 323, 1178, 1331, 3287, 2480, 831, 2186, 2978, 2813, 1480, 935, 566, 3725, 3925, 3452, 2128, 347, 1839, 971, 1248, 3543, 3414, 3150, 705, 3548, 2063, 295, 267, 1, 590, 1568, 783, 3619, 1992, 3230, 849, 468, 3541, 3573, 1171, 109, 3805, 2498, 2720, 3186, 0, 2909, 2257, 82, 1872, 3115, 1544, 1258, 3851, 2369, 938, 866, 2254, 780, 811, 248, 3821, 1614, 2330, 3501, 262, 79, 571, 3251, 2753, 3936, 2931, 3823, 1916, 613, 2901, 2174, 92, 2249, 209, 3193, 2445, 152, 2633, 2738, 1070, 3367, 69, 3794, 1756, 1027, 3100, 1606, 3313, 1276, 3109, 3012, 177, 210, 327, 3776, 1588, 943, 1704, 2885, 473, 3666, 549, 2794, 310, 1957, 1574, 123, 3904, 682, 2491, 1500, 821, 1038, 1942, 1936, 2903, 2023, 2227, 71, 2106, 2091, 337, 314, 1237, 3450, 211, 3378, 3397, 1184, 3160, 279, 29, 1782, 638, 1432, 3492, 698, 2985, 3264, 3090, 118, 2442, 1274, 2757, 268, 242, 287, 2396, 2881, 1506, 3285, 301, 3085, 3107, 3484, 3644, 3178, 2292, 1367, 3771, 826, 1018, 2789, 3512, 1420, 2618, 2437, 1748, 1043, 990, 3546, 1790, 2211, 136, 1048, 2111, 1160, 2834, 2156, 2059, 3702, 2335, 3920, 2711, 207, 3729, 606, 3206, 1870, 2123, 2562, 1021, 2253, 2298, 807, 717, 1578, 1794, 934, 3234, 2744, 1729, 102, 488, 1873, 1571, 1644, 2100, 1380, 876, 992, 3679, 1447, 1418, 460, 2201, 1371, 2055, 810, 1838, 72, 224, 2968, 30, 1254, 3017, 2996, 1403, 1822, 386, 394, 696, 1617, 1818, 3135, 1062, 3304, 2956, 1849, 1609, 1086, 3227, 1863, 239, 3475, 1368, 1005, 3373, 1779, 958, 1003, 3561, 1316, 3498, 834, 835, 3515, 2629, 917, 3892, 828, 3319, 940, 3828, 3748, 2340, 3747, 3731, 1365, 1039, 3155, 2461, 2830, 132, 2150, 2776, 3917, 332, 2427, 2651, 1406, 3740, 1947, 2805, 2577, 2646, 2534, 3579, 1074, 2166, 514, 1372, 864, 1291, 2007, 2524, 706, 367, 617, 3028, 2792, 1411, 983, 2277, 3451, 2076, 1564, 1268, 1303, 1703, 2004, 870, 2446, 232, 2829, 558, 596, 3432, 1814, 3847, 447, 2510, 3872, 3350, 2157, 2852, 1424, 1632, 68, 2142, 3889, 600, 8, 2954, 2434, 1457, 1672, 665, 3124, 3632, 2279, 669, 775, 3595, 2972, 2515, 715, 3842, 2807, 2285, 1824, 3305, 3942, 3918, 2406, 3212, 1416, 91, 714, 3894, 3235, 3591, 3411, 1799, 1641, 3647, 2707, 1249, 2222, 1362, 2601, 3658, 1328, 1941, 3623, 3686, 2971, 1690, 343, 529, 3838, 3688, 1583, 1047, 2467, 141, 2326, 1223, 322, 1260, 2176, 3164, 374, 393, 1854, 2958, 38, 2667, 2755, 3346, 738, 591, 3416, 3283, 3818, 3433, 3084, 3928, 3236, 1191, 594, 2124, 844, 3436, 968, 2609, 742, 3019, 2343, 550, 724, 2013, 1165, 2452, 1227, 979, 2346, 3044, 506, 3824, 3026, 960, 3119, 1345, 2890, 1645, 2487, 2875, 1706, 633, 149, 3229, 2854, 3093, 160, 2516, 3288, 3551, 2497, 17, 1334, 1484, 2221, 3072, 1676, 2256, 2519, 1032, 2400, 1357, 2621, 354, 229, 2906, 1677, 3256, 110, 2585, 2966, 3943, 3379, 1414, 988, 1948, 3295, 3652, 3853, 1967, 326, 536, 1951, 1608, 533, 1979, 1407, 1162, 2355, 23, 151, 1959, 2867, 1813, 1302, 1201, 1671, 3594, 3861, 861, 233, 64, 3905, 3154, 2899, 2354, 3716, 952, 1425, 1658, 2879, 3151, 2047, 2204, 449, 3499, 552, 3890, 3840, 2670, 2682, 3023, 2122, 1494, 565, 2548, 3443, 626, 3001, 3704, 2368, 819, 1928, 328, 433, 1684, 3241, 3812, 2538, 2205, 654, 2005, 553, 1109, 3225, 2240, 653, 1584, 1069, 25, 744, 3106, 3615, 3220, 2774, 920, 3218, 3148, 2185, 398, 3879, 1459, 2898, 949, 3224, 3930, 2282, 2066, 2955, 2465, 2447, 1534, 3054, 2905, 782, 3041, 2913, 3223, 2028, 3114, 2532, 2845, 2798, 3598, 1829, 2870, 2041, 3910, 1010, 1695, 3532, 2245, 1152, 1230, 3258, 1633, 1250, 2886, 2026, 1326, 1793, 2152, 362, 3487, 1352, 3899, 1421, 2928, 1710, 1001, 2138, 2101, 2908, 3806, 321, 2009, 1238, 639, 1397, 2802, 2420, 2280, 344, 378, 3835, 3250, 2546, 2, 3927, 283, 311, 905, 967, 1623, 2422, 618, 3884, 3485, 984, 2192, 2865, 3677, 2632, 3239, 2181, 3825, 1135, 2523, 3530, 3873, 507, 820, 1417, 3734, 2274, 2324, 2377, 397, 2215, 1995, 1800, 1876, 1572, 555, 2097, 459, 2504, 1955, 1321, 3547, 2549, 2370, 2518, 1741, 1289, 417, 244, 2827, 925, 3101, 3194, 465, 2760, 241, 921, 1175, 1293, 48, 2877, 513, 103, 3854, 650, 3006, 117, 2436, 2054, 6, 3599, 1169, 420, 1844, 763, 2671, 3360, 2600, 3216, 2403, 1910, 3137, 1603, 3461, 2278, 3284, 3580, 3496, 3356, 1599, 877, 519, 114, 2843, 509, 2550, 3755, 2716, 56, 2663, 3340, 3540, 3037, 838, 3826, 1167, 2172, 421, 1451, 3766, 2387, 951, 847, 3081, 2419, 3247, 1450, 1057, 2916, 545, 1204, 1464, 3099, 2861, 932, 1354, 3808, 2597, 3446, 737, 840, 2283, 3673, 2444, 162, 2756, 581, 401, 2883, 1858, 3330, 1283, 1612, 817, 63, 2688, 2168, 583, 1770, 1922, 1436, 2456, 1430, 47, 2953, 2638, 3094, 1300, 360, 1871, 1821, 652, 2381, 3742, 1619, 13, 1539, 1350, 382, 2189, 503, 60, 1758, 521, 2494, 2718, 797, 3248, 2866, 1381, 718, 1197, 1333, 3607, 3020, 2878, 1373, 462, 1573, 1542, 1304, 981, 3130, 1611, 2159, 472, 3025, 3014, 1892, 779, 2593, 1512, 1093, 454, 1269, 1832, 1764, 2468, 2062, 2052, 1827, 1776, 3803, 3047, 2693, 1545, 3030, 2580, 3764, 3166, 359, 2284, 2983, 1688, 290, 3855, 1055, 176, 140, 384, 1272, 1859, 2999, 722, 2407, 695, 2116, 349, 2322, 2144, 2317, 1920, 2685, 2858, 1724, 2293, 1017, 480, 3399, 998, 45, 2382, 39, 616, 556, 1977, 2729, 144, 1763, 2202, 2112, 1659, 3897, 601, 3141, 3739, 878, 57, 1877, 501, 2471, 2575, 3507, 3386, 180, 2454, 691, 1559, 2819, 2078, 3260, 3723, 2627, 1968, 1530, 2418, 1734, 3669, 3391, 2880, 1742, 2817, 1923, 3329, 3782, 3701, 2528, 3167, 1101, 2602, 237, 1229, 1155, 2844, 868, 2357, 2511, 1370, 469, 1287, 2231, 1164, 1377, 3454, 2011, 3387, 773, 2710, 3470, 570, 673, 1949, 1861, 319, 2170, 1938, 2488, 1548, 2224, 3091, 1245, 3608, 1934, 1893, 1092, 3362, 1228, 2099, 1019, 723, 3830, 75, 3587, 3807, 1540, 680, 3156, 3152, 1650, 3569, 2300, 2984, 2482, 3503, 265, 2134, 1812, 1256, 470, 1157, 3586, 1950, 713, 1788, 150, 605, 256, 3053, 1777, 2307, 1462, 288, 510, 2946, 1869, 3790, 3320, 1376, 689, 294, 1911, 3354, 1981, 167, 809, 2986, 3926, 1307, 827, 2286, 1715, 2247, 748, 1889, 974, 1252, 1762, 3110, 419, 3820, 3335, 3934, 1851, 597, 1196, 1673, 293, 3083, 1714, 3201, 1594, 1065, 379, 122, 2994, 966, 3622, 1474, 2727, 1562, 2380, 2040, 2349, 1105, 3228, 760, 24, 2535, 3912, 897, 2304, 636, 2107, 1194, 2162, 520, 1846, 3169, 164, 1188, 1675, 2957, 339, 2352, 2072, 2892, 1497, 1102, 2334, 2912, 3778, 3493, 3708, 3804, 3207, 580, 1973, 377, 2808, 3102, 3074, 1820, 634, 3211, 1340, 335, 3120, 2680, 3123, 3480, 3359, 755, 1722, 234, 316, 3086, 3328, 2961, 2198, 2093, 694, 2804, 2924, 3657, 614, 3069, 1802, 511, 880, 824, 3312, 716, 523, 22, 3463, 3022, 3441, 3932, 621, 3779, 3232, 609, 2213, 3244, 2803, 1233, 1868, 1108, 3371, 856, 1945, 2941, 872, 2661, 2310, 1511, 3462, 1386, 431, 1375, 3157, 2410, 647, 1446, 223, 1216, 2596, 1743, 595, 959, 1014, 3274, 1803, 2564, 1857, 1147, 3527, 846, 2312, 80, 2660, 1737, 869, 2686, 3062, 3240, 2225, 286, 1322, 3558, 1222, 3138, 1654, 1882, 1189, 2415, 2730, 802, 2320, 3376, 3901, 2979, 2543, 978, 1914, 3639, 945, 2371, 1444, 409, 121, 666, 1538, 2950, 1753, 721, 3261, 3057, 3075, 3024, 1214, 857, 1132, 3277, 1035, 3345, 146, 2981, 373, 1833, 2583, 1817, 3885, 2573, 3738, 1044, 2049, 1880, 2915, 3665, 3092, 1965, 35, 1045, 3852, 891, 1747, 1320, 1054, 1831, 3116, 3158, 2350, 1757, 2136, 1755, 541, 2578, 3404, 1168, 3524, 1904, 3347, 2606, 3327, 589, 2540, 643, 2235, 3481, 2595, 2778, 3242, 1486, 441, 2652, 263, 630, 1765, 2705, 269, 1696, 2332, 1653, 246, 2109, 2775, 1664, 3189, 2568, 3275, 1798, 3144, 1235, 2388, 356, 98, 3117, 3056, 436, 3761, 1625, 483, 1978, 179, 3010, 255, 1095, 240, 143, 125, 947, 3841, 1399, 646, 2088, 225, 1415, 1433, 612, 3153, 3434, 1937, 484, 671, 766, 2272, 1999, 3523, 1613, 2586, 198, 220, 2477, 2466, 37, 1761, 1848, 3338, 3314, 2783, 212, 1496, 61, 3357, 3322, 2771, 3777, 2161, 903, 918, 3582, 1723, 1886, 683, 1555, 2960, 2709, 2266, 1104, 444, 498, 2096, 1915, 3730, 3845, 2603, 1063, 2297, 3563, 1685, 2598, 1393, 3198, 1514, 1085, 3709, 3810, 1744, 481, 3822, 2180, 3877, 3626, 1181, 1022, 1190, 2529, 214, 3204, 3459, 750, 440, 1596, 2910, 3837, 913, 2305, 788, 2533, 3163, 494, 2147, 933, 1651, 1775, 1177, 734, 1587, 901, 611, 1468, 3112, 1797, 2835, 923, 1907, 664, 973, 2608, 1972, 3850, 1648, 525, 1998, 2917, 3118, 3629, 699, 953, 3195, 1193, 2614, 2863, 2051, 412, 1075, 2413, 926, 3581, 1523, 3900, 54, 2430, 1865, 3494, 1727, 138, 2141, 2592, 227, 2952, 667, 410, 3867, 697, 1469, 2570, 1136, 1280, 2761, 3641, 1467, 2496, 2492, 2263, 2949, 542, 1308, 2374, 1342, 3888, 2092, 688, 1324, 3570, 1760, 3403, 1713, 222, 562, 730, 941, 2558, 1630, 245, 427, 818, 3142, 530, 273, 3168, 1656, 1166, 403, 2751, 3661, 3321, 3181, 3533, 2832, 2404, 2557, 1198, 3282, 2837, 2697, 3722, 554, 411, 101, 2175, 2314, 1513, 1983, 2075, 2911, 3370, 487, 1751, 2970, 1369, 2104, 1241, 1412, 578, 3217, 800, 3471, 982, 2620, 1098, 1679, 2940, 1305, 298, 2647, 805, 3237, 204, 1298, 1115, 2365, 2656, 2678, 2267, 1631, 407, 1182, 3197, 2046, 2637, 119, 416, 1037, 907, 3802, 1987, 1225, 97, 3843, 67, 1117, 2050, 320, 3267, 236, 3774, 1897, 2484, 911, 515, 3611, 2822, 3337, 931, 3447, 1183, 2045, 3065, 2859, 2780, 2563, 1917, 874, 3667, 3219, 3040, 1894, 2351, 194, 557, 3789, 195, 1419, 1111, 3076, 2264, 1600, 708, 2526, 418, 3077, 2033, 2214, 3372, 1213, 3421, 702, 3294, 2347, 769, 1195, 2483, 733, 2179, 989, 1341, 3758, 963, 3683, 3717, 2077, 3590, 1554, 1716, 3113, 2043, 1207, 2513, 1699, 3469, 1144, 1483, 282, 1847, 3700, 1396, 812, 1051, 452, 1023, 3268, 970, 44, 3798, 2499, 2020, 1488, 3525, 389, 625, 2203, 3689, 2572, 2702, 2982, 413, 1621, 772, 1205, 3016, 3576, 226, 285, 615, 3191, 882, 2840, 700, 3457, 2399, 2509, 3896, 703, 1299, 1730, 1050, 159, 458, 1655, 1986, 2725, 2044, 3947, 402, 308, 3618, 3819, 1454, 1885, 3302, 478, 741, 3187, 1939, 1766, 830, 90, 3834, 2196, 477, 1212, 2439, 574, 1516, 3272, 166, 1232, 388, 1267, 1128, 3944, 3021, 445, 1061, 3009, 1582, 3184, 3390, 336, 466, 1556, 3249, 100, 1067, 3649, 2547, 1919, 1084, 1126, 746, 3088, 1422, 1220, 2229, 1363, 1499, 776, 3431, 3663, 2450, 3129, 1271, 2246, 2301, 3815, 1909, 1437, 2331, 1678, 2922, 3933, 3366, 16, 217, 792, 450, 1096, 3369, 1125, 169, 3132, 2569, 371, 3079, 3770, 3412, 58, 1663, 3103, 1680, 1819, 456, 2425, 924, 3781, 2476, 40, 145, 2745, 1056, 2631, 2874, 2616, 1969, 1318, 3005, 1329, 330, 1449, 3027, 3495, 1072, 228, 350, 1088, 658, 912, 3664, 3940, 3924, 1413, 879, 1719, 655, 1327, 1591, 1898, 2525, 3066, 300, 31, 1244, 2269, 2281, 1251, 2462, 3505, 1426, 1891, 2184, 1560, 2153, 154, 1176, 3015, 3472, 777, 390, 538, 1694, 366, 3139, 1825, 2541, 3349, 2974, 751, 3596, 3751, 2489, 2856, 2560, 1510, 106, 1243, 1120, 5, 1461, 3866, 2087, 1570, 2607, 2262, 2327, 2143, 1883, 2217, 2398, 2545, 187, 2706, 3430, 2493, 2739, 3002, 569, 3545, 3365, 3039, 1033, 2339, 3681, 1682, 55, 3676, 1786, 1773, 142, 1896, 1961, 3048, 1639, 2812, 2169, 3508, 3680, 1531, 1297, 3871, 1804, 537, 2537, 490, 1502, 803, 3685, 527, 425, 191, 131, 3750, 603, 2248, 2779, 1130, 2579, 3604, 2768, 535, 3478, 1263, 1525, 3617, 370, 3034, 2948, 252, 2102, 2165, 3316, 2919, 3307, 2839, 1348, 825, 2329, 2079, 1282, 2989, 1374, 2784, 2740, 1026, 504, 768, 3422, 2785, 3799, 2299, 2242, 3486, 2987, 985, 1180, 1270, 3246, 2342, 799, 1823, 3423, 1669, 1536, 3672, 2554, 1665, 2167, 3303, 1153, 2742, 2358, 2019, 1315, 2589, 837, 156, 1355, 3870, 1049, 3500, 3864, 1590, 1888, 3105, 1994, 2008, 1129, 2048, 651, 2530, 791, 3660, 1634, 463, 1116, 929, 2311, 1156, 1025, 678, 281, 2514, 1830, 2763, 342, 2486, 3038, 720, 2610, 2567, 3352, 439, 1604, 81, 1791, 3096, 3170, 915, 2884, 2655, 3449, 3440, 1549, 3400, 193, 2058, 1921, 3693, 3209, 1360, 980, 735, 3214, 3464, 1580, 1964, 2746, 221, 369, 2811, 2160, 3192, 62, 3687, 442, 956, 946, 1864, 950, 2017, 334, 1792, 860, 2527, 3435, 640, 2065, 2190, 1750, 3266, 2694, 2378, 396, 2074, 778, 3520, 186, 1490, 1709, 1080, 2613, 3609, 1840, 3631, 1789, 1976, 2082, 2553, 3624, 2764, 3654, 65, 2199, 2615, 2319, 3773, 2435, 1479, 1856, 2125, 385, 254, 2237, 2139, 1795, 1349, 745, 1134, 3342, 576, 3913, 3222, 1091, 2433, 3231, 1083, 147, 1636, 2233, 93, 284, 2814, 2574, 157, 1649, 1852, 1836, 2416, 1518, 1515, 415, 496, 333, 400, 107, 3831, 2701, 3143, 3128, 2531, 3635, 3858, 795, 128, 2417, 2426, 2367, 2337, 508, 1103, 608, 3029, 2973, 2073, 26, 3593, 1290, 582, 2918, 2191, 426, 2030, 916, 1521, 340, 1030, 2648, 863, 712, 692, 3358, 318, 3765, 2223, 2071, 1275, 2385, 3684, 2933, 572, 3651, 770, 249, 2967, 3188, 1807, 124, 2749, 3254, 1121, 1179, 2969, 133, 887, 885, 563, 3334, 3238, 2098, 2431, 3757, 353, 3122, 14, 2683, 96, 85, 585, 2295, 2154, 2313, 2409, 111, 1145, 801, 1966, 1006, 270, 670, 3882, 1577, 3003, 247, 2506, 312, 2210, 1875, 895, 1537, 2668, 3341, 2507, 3511, 602, 1752, 628, 183, 2728, 3465, 3601, 2628, 3368, 3832, 2341, 1405, 3013, 2006, 1943, 2765, 325, 3317, 1099, 1597, 719, 2115, 2226, 2976, 3226, 3908, 1325, 1390, 3395, 619, 2821, 1689, 3876, 675, 3089, 1463, 9, 216, 1335, 1929, 1912, 2323, 1465, 1487, 2472, 1485, 2244, 1666, 257, 351, 2943, 3419, 1262, 3695, 3516, 457, 2089, 2469, 120, 1009, 304, 2135, 355, 1007, 1314, 3270, 987, 2212, 2626, 2177, 277, 289, 2258, 3276, 851, 808, 1841, 482, 3172, 1989, 1281, 3746, 1667, 2788, 2888, 2067, 3315, 1843, 1899, 1963, 338, 1294, 2463, 1783, 3671, 2500, 1731, 251, 2773, 2824, 2057, 2289, 1346, 3455, 2947, 2590, 2962, 2936, 1635, 502, 1200, 2900, 126, 526, 2818, 1860, 3173, 1862, 1107, 158, 1073, 3513, 3448, 2752, 3589, 3004, 346, 1319, 430, 1946, 896, 1384, 3620, 3087, 1453, 1400, 2965, 1139, 2634, 2069, 3032, 3813, 2896, 3301, 3690, 3253, 1383, 1740, 532, 853, 668, 2424, 2000, 3491, 1206, 3916, 2995, 3292, 380, 3290, 3171, 153, 1247, 2536, 3616, 2032, 461, 1119, 3221, 3735, 1137, 3052, 1996, 2270, 2622, 564, 747, 965, 972, 2767, 2810, 42, 2797, 850, 2937, 2517, 1142, 1558, 1646, 2200, 1801, 2806, 2635, 3711, 434, 2964, 84, 3149, 3281, 1100, 2781, 493, 3522, 3715, 1879, 2871, 1257, 3696, 41, 546, 909, 3562, 3550, 1133, 11, 2376, 3000, 2684, 181, 1674, 2084, 1163, 1768, 2012, 2178, 1769, 464, 3175, 3645, 272, 1508, 1997, 2241, 2375, 3380, 86, 2429, 3031, 1908, 1226, 2521, 2360, 2441, 3125, 1926, 2163, 2556, 1735, 2659, 2137, 489, 726, 1884, 1409, 1429, 1090, 1141, 684, 1106, 215, 2673, 906, 711, 2748, 2723, 1292, 3637, 1445, 922, 1725, 3121, 3535, 3413, 1040, 116, 2068, 1199, 3898, 1984, 2959, 2003, 1932, 3846, 2679, 406, 3080, 405, 3919, 3628, 3662, 859, 1670, 2470, 1707, 3749, 3880, 1815, 299, 3348, 1012, 784, 1060, 2591, 1595, 1389, 2495, 2373, 453, 3844, 2018, 2014, 662, 3438, 3161, 3439, 686, 3754, 2722, 2309, 278, 3427, 2860, 2715, 3743, 2750, 3466, 1927, 1066, 213, 2035, 2508, 1439, 3180, 3682, 1394, 604, 1954, 1925, 1687, 2345, 1607, 2194, 1378, 632, 2393, 3035, 3859, 3741, 749, 1313, 1236, 3311, 188, 731, 2927, 1266, 3382, 383, 3575, 1708, 2769, 1953, 2118, 280, 2672, 2571, 894, 2743, 2291, 329, 3552, 1900, 202, 3273, 1971, 2993, 3055, 577, 2405, 1991, 2665, 1076, 3177, 2758, 2759, 804, 547, 3578, 3068, 955, 1853, 3862, 635, 3243, 1339, 3793, 902, 1720, 291, 1805, 1140, 867, 516, 1640, 3941, 3165, 1288, 2321, 1956, 2869, 2695, 531, 2438, 944, 2034, 2024, 3078, 1336, 1541, 2459, 171, 2095, 1186, 2094, 1395, 219, 1442, 2923, 3477, 3763, 2873, 1203, 2864, 3131, 1593, 1850, 2379, 1246, 1697, 757, 2208, 363, 875, 704, 1011, 3257, 2850, 3259, 2851, 2998, 1835, 3745, 2108, 3519, 1615, 3483, 3856, 3095, 3082, 3045, 1726, 855, 3271, 1306, 1000, 3333, 815, 3538, 307, 3490, 2021, 2703, 2238, 1476, 1809, 873, 1161, 1811, 3049, 3914, 1174, 2271, 1974, 1810, 1887, 1460, 3245, 184, 3733, 2443, 517, 2847, 408, 1881, 2361, 3444, 2796, 3610, 3213, 104, 624, 2612, 1343, 3694, 3674, 3565, 250, 1472, 2833, 3325, 1008, 1586, 1192, 3752, 2182, 2820, 2478, 3554, 1662, 1438, 1498, 1712, 2790, 3768, 2747, 2336, 2015, 672, 2643, 2576, 1575, 3482, 3678, 709, 148, 1988, 3410, 2464, 3388, 1440, 758, 2551, 962, 1520, 1489, 1626, 2366, 1733, 3310, 3011, 2732, 2401, 2252, 1036, 3420, 1866, 313, 986, 858, 2640, 976, 1114, 168, 15, 2303, 2306, 3721, 36, 3506, 2397, 2029, 1532, 3705, 1906, 3860, 443, 3640, 2127, 3, 95, 2717, 2230, 1239, 1081, 315, 1944, 3648, 3902, 841, 1567, 1874, 996, 2250, 2951, 961, 806, 659, 3064, 2260, 1993, 762, 2086, 1553, 2338, 2455, 2816, 888, 1077, 2894, 1359, 3614, 3479, 3788, 1261, 1124, 2503, 1902, 3262, 1013, 579, 3489, 2714, 528, 2623, 1746, 3401, 127, 3046, 677, 3584, 196, 474, 1980, 3196, 1754, 3402, 3058, 2268, 2031, 3710, 2895, 816, 1878, 500, 725, 679, 2849, 2719, 2325, 813, 1024, 1295, 3531, 1058, 455, 2698, 51, 1569, 2772, 3060, 3881, 1642, 3298, 3061, 1702, 1933, 1845, 1053, 1700, 910, 2800, 2512, 2449, 3839, 1552, 693, 70, 814, 3326, 2815, 1918, 728, 796, 161, 2552, 2070, 781, 3697, 1364, 3605, 3863, 2392, 3753, 3780, 1094, 1317, 2080, 3306, 1834, 787, 3063, 199, 1774, 1698, 2173, 52, 544, 3456, 3502, 3007, 759, 645, 479, 115, 208, 886, 3514, 2929, 3555, 3534, 3893, 3633, 243, 476, 2038, 33, 1475, 2149, 3544, 1529, 939, 2582, 842, 3468, 3816, 1701, 46, 2836, 27, 182, 83, 135, 2010, 1616, 3566, 170, 767, 3909, 2795, 2882, 1337, 3162, 108]
labeling = [45, 43, 67, 181, 19, 110, 61, 25, 59, 157, 35, 135, 30, 69, 155, 179, 130, 53, 33, 19, 31, 4, 91, 45, 82, 6, 101, 108, 13, 37, 47, 16, 27, 129, 3, 89, 107, 7, 40, 72, 95, 133, 115, 9, 121, 79, 187, 1, 60, 2, 13, 128, 136, 4, 99, 25, 48, 51, 91, 21, 68, 104, 144, 70, 63, 7, 0, 17, 57, 48, 183, 8, 51, 0, 15, 83, 5, 37, 1, 46, 93, 141, 44, 131, 22, 86, 165, 32, 17, 14, 23, 9, 14, 83, 7, 144, 3, 11, 96, 26, 129, 106, 44, 62, 142, 1, 97, 119, 4, 33, 55, 117, 41, 18, 5, 149, 138, 66, 38, 108, 14, 87, 3, 1, 154, 97, 131, 10, 90, 28, 36, 115, 46, 17, 15, 111, 50, 12, 101, 8, 78, 41, 134, 94, 69, 1, 84, 100, 123, 54, 22, 56, 46, 162, 132, 16, 116, 11, 112, 86, 57, 147, 66, 39, 84, 6, 127, 78, 141, 0, 120, 121, 10, 24, 14, 3, 71, 29, 18, 93, 73, 28, 134, 105, 132, 16, 120, 19, 117, 26, 35, 113, 30, 93, 115, 117, 182, 4, 28, 41, 18, 16, 173, 5, 30, 9, 22, 37, 1, 32, 44, 49, 102, 170, 106, 118, 39, 87, 10, 176, 101, 103, 82, 77, 54, 99, 122, 85, 27, 53, 6, 40, 55, 58, 16, 29, 116, 81, 2, 47, 21, 60, 42, 147, 63, 100, 20, 125, 34, 104, 113, 130, 36, 25, 94, 75, 8, 127, 11, 6, 4, 12, 18, 91, 0, 74, 2, 39, 35, 92, 26, 7, 29, 84, 22, 11, 4, 99, 169, 45, 172, 98, 24, 59, 147, 13, 95, 40, 76, 19, 67, 106, 34, 81, 79, 32, 9, 30, 113, 2, 34, 36, 27, 0, 158, 6, 2, 116, 123, 8, 49, 52, 28, 124, 50, 180, 87, 17, 122, 4, 82, 55, 52, 22, 20, 110, 62, 47, 64, 139, 114, 8, 17, 14, 98, 84, 111, 7, 114, 45, 108, 0, 118, 34, 62, 7, 127, 31, 2, 11, 96, 16, 23, 123, 51, 9, 57, 12, 22, 67, 63, 4, 60, 122, 5, 27, 23, 11, 36, 143, 138, 15, 5, 88, 44, 15, 9, 83, 13, 78, 161, 38, 76, 119, 24, 23, 19, 27, 38, 34, 28, 29, 8, 53, 16, 2, 25, 58, 66, 21, 150, 27, 35, 76, 13, 120, 166, 80, 23, 80, 109, 111, 108, 60, 7, 109, 114, 64, 118, 15, 12, 20, 24, 26, 4, 19, 27, 105, 10, 19, 107, 85, 14, 54, 126, 17, 26, 3, 0, 93, 98, 79, 31, 143, 20, 109, 7, 48, 1, 50, 26, 12, 120, 167, 77, 130, 6, 129, 91, 56, 44, 124, 10, 92, 164, 69, 128, 18, 9, 67, 82, 5, 20, 34, 145, 21, 186, 13, 124, 148, 16, 61, 160, 97, 100, 15, 5, 78, 52, 67, 136, 2, 9, 102, 105, 42, 149, 4, 0, 0, 0, 80, 30, 4, 26, 5, 60, 68, 151, 12, 6, 19, 1, 70, 10, 7, 174, 178, 16, 72, 5, 61, 2, 90, 8, 81, 18, 137, 25, 43, 13, 96, 22, 17, 28, 89, 29, 135, 133, 26, 9, 90, 14, 31, 137, 13, 136, 15, 23, 25, 58, 1, 52, 58, 107, 65, 43, 25, 39, 10, 20, 6, 110, 30, 132, 56, 42, 28, 33, 21, 70, 13, 153, 8, 126, 17, 121, 92, 15, 19, 85, 14, 24, 18, 25, 49, 7, 0, 5, 9, 33, 6, 2, 0, 12, 86, 10, 74, 0, 15, 13, 64, 30, 89, 19, 75, 9, 7, 152, 94, 3, 79, 25, 32, 22, 86, 17, 36, 14, 16, 39, 92, 41, 24, 31, 18, 12, 4, 26, 10, 17, 2, 171, 61, 86, 115, 21, 14, 51, 59, 148, 20, 1, 9, 34, 185, 98, 68, 3, 0, 71, 140, 75, 54, 18, 85, 28, 11, 131, 125, 1, 3, 168, 14, 107, 46, 20, 22, 159, 56, 156, 76, 30, 72, 23, 87, 4, 32, 23, 146, 16, 8, 10, 95, 28, 29, 134, 21, 12, 77, 6, 71, 26, 119, 18, 68, 9, 12, 4, 10, 13, 3, 17, 19, 177, 23, 38, 11, 16, 140, 13, 94, 25, 8, 7, 48, 89, 41, 15, 27, 12, 8, 4, 6, 2, 10, 12, 5, 184, 33, 7, 9, 3, 6, 10, 142, 8, 1, 11, 4, 6, 125, 13, 1, 15, 1, 19, 163, 17, 3, 3, 112, 18, 24, 0, 15, 3, 106, 13, 9, 0, 0, 12, 55, 3, 4, 3, 189, 1, 11, 8, 0, 5, 14, 4, 49, 0, 20, 0, 65, 6, 121, 5, 5, 5, 1, 2, 0, 104, 3, 3, 90, 0, 1, 1, 100, 0, 64, 0, 0, 112, 2, 14, 81, 3, 3, 110, 20, 3, 80, 1, 3, 119, 24, 9, 97, 3, 2, 102, 12, 0, 0, 5, 0, 88, 139, 0, 0, 0, 0, 0, 0, 0, 0, 10, 2, 2, 10, 16, 5, 0, 0, 0, 0, 0, 0, 13, 12, 12, 9, 5, 95, 1, 2, 29, 15, 2, 9, 0, 0, 7, 3, 0, 0, 6, 0, 1, 11, 10, 8, 8, 3, 3, 14, 10, 12, 4, 0, 74, 9, 0, 7, 0, 4, 1, 3, 0, 6, 0, 2, 1, 1, 0, 5, 7, 3, 7, 4, 2, 2, 0, 5, 27, 77, 0, 57, 18, 1, 1, 113, 19, 83, 0, 78, 3, 7, 0, 35, 4, 12, 65, 54, 6, 64, 1, 1, 6, 0, 0, 117, 0, 89, 74, 75, 5, 30, 6, 1, 43, 122, 1, 70, 6, 16, 175, 72, 7, 59, 2, 9, 146, 73, 9, 66, 5, 2, 145, 37, 8, 50, 0, 0, 0, 0, 0, 0, 0, 0, 0, 0, 0, 0, 0, 0, 0, 0, 0, 0, 0, 0, 0, 0, 0, 0, 0, 0, 0, 0, 0, 0, 8, 8, 53, 6, 2, 4, 7, 2, 4, 0, 2, 11, 1, 43, 2, 40, 1, 24, 5, 128, 3, 14, 2, 9, 0, 1, 0, 7, 1, 0, 0, 3, 103, 2, 0, 10, 3, 2, 0, 0, 0, 1, 0, 0, 0, 0, 0, 0, 0, 0, 0, 0, 0, 0, 0, 0, 0, 0, 0, 0, 0, 0, 0, 0, 0, 0, 0, 0, 0, 0, 0, 0, 0, 0, 0, 0, 0, 0, 0, 0, 0, 0, 0, 0, 0, 0, 0, 0, 0, 0, 0, 0, 0, 0, 0, 0, 0, 0, 0, 0, 0, 0, 0, 0, 0, 0, 0, 0, 0, 0, 0, 0, 0, 0, 0, 0, 0, 0, 0, 0, 0, 0, 0, 0, 0, 0, 0, 0, 0, 0, 0, 0, 0, 0, 0, 0, 0, 0, 0, 0, 0, 0, 0, 0, 0, 0, 0, 0, 0, 0, 0, 0, 0, 0, 0, 0, 0, 0, 0, 0, 0, 0, 0, 0, 0, 0, 0, 0, 0, 0, 0, 0, 0, 0, 0, 0, 0, 0, 0, 0, 0, 0, 0, 0, 0, 0, 0, 0, 0, 0, 0, 0, 0, 0, 0, 0, 0, 0, 0, 0, 0, 0, 0, 0, 0, 0, 0, 0, 0, 0, 0, 0, 0, 0, 0, 0, 0, 0, 0, 0, 0, 0, 0, 0, 0, 0, 0, 0, 0, 0, 0, 0, 0, 0, 0, 0, 0, 0, 0, 0, 0, 0, 0, 0, 0, 0, 0, 0, 0, 0, 0, 0, 0, 0, 0, 0, 0, 0, 0, 0, 0, 0, 0, 0, 0, 0, 0, 0, 0, 0, 0, 0, 0, 0, 0, 0, 0, 0, 0, 0, 0, 0, 0, 0, 0, 0, 0, 0, 0, 0, 0, 0, 0, 0, 0, 0, 0, 0, 0, 0, 0, 0, 0, 0, 0, 0, 0, 0, 0, 0, 0, 0, 0, 0, 0, 0, 0, 0, 0, 0, 0, 0, 0, 0, 0, 0, 0, 0, 0, 0, 0, 0, 0, 0, 0, 0, 0, 0, 0, 0, 0, 0, 0, 0, 0, 0, 0, 0, 0, 0, 0, 0, 0, 0, 0, 0, 0, 0, 0, 0, 0, 0, 0, 0, 0, 0, 0, 0, 0, 0, 0, 0, 0, 0, 0, 0, 0, 0, 0, 0, 0, 0, 0, 0, 0, 0, 0, 0, 0, 0, 0, 0, 0, 0, 0, 0, 0, 0, 0, 0, 0, 0, 0, 0, 0, 0, 0, 0, 0, 0, 0, 0, 0, 0, 0, 0, 0, 0, 0, 0, 0, 0, 0, 0, 0, 0, 0, 0, 0, 0, 0, 0, 0, 0, 0, 0, 0, 0, 0, 0, 0, 0, 0, 0, 0, 0, 0, 0, 0, 0, 0, 0, 0, 0, 0, 0, 0, 0, 0, 0, 0, 0, 0, 0, 0, 0, 0, 0, 0, 0, 0, 0, 0, 0, 0, 0, 0, 0, 0, 0, 0, 0, 0, 0, 0, 0, 0, 0, 0, 0, 0, 0, 0, 0, 0, 0, 0, 0, 0, 0, 0, 0, 0, 0, 0, 0, 0, 0, 0, 0, 0, 0, 0, 0, 0, 0, 0, 0, 0, 0, 0, 0, 0, 0, 0, 0, 0, 0, 0, 0, 0, 0, 0, 0, 0, 0, 0, 0, 0, 0, 0, 0, 0, 0, 0, 0, 0, 0, 0, 0, 0, 0, 0, 0, 0, 0, 0, 0, 0, 0, 0, 0, 0, 0, 0, 0, 0, 0, 0, 0, 0, 0, 0, 0, 0, 0, 0, 0, 0, 0, 0, 0, 0, 0, 0, 0, 0, 0, 0, 0, 0, 0, 0, 0, 0, 0, 0, 0, 0, 0, 0, 0, 0, 0, 0, 0, 0, 0, 0, 0, 0, 0, 0, 0, 21, 0, 0, 0, 0, 0, 0, 0, 0, 0, 0, 0, 0, 0, 0, 0, 0, 0, 0, 0, 0, 0, 0, 0, 0, 0, 0, 0, 0, 0, 0, 0, 0, 0, 0, 0, 0, 0, 0, 0, 0, 0, 0, 0, 0, 0, 0, 0, 0, 0, 0, 0, 0, 0, 0, 0, 0, 0, 0, 0, 0, 0, 0, 0, 0, 0, 0, 0, 0, 0, 0, 0, 4, 0, 0, 0, 0, 0, 0, 0, 0, 0, 0, 0, 0, 0, 0, 0, 0, 0, 0, 0, 0, 0, 0, 0, 0, 0, 0, 0, 0, 0, 0, 0, 0, 0, 0, 0, 0, 0, 0, 0, 0, 0, 0, 0, 0, 0, 0, 0, 0, 0, 0, 0, 0, 0, 0, 0, 0, 0, 0, 0, 0, 0, 0, 0, 0, 0, 0, 0, 0, 0, 0, 0, 0, 0, 0, 0, 0, 0, 0, 0, 0, 0, 0, 0, 0, 0, 0, 0, 0, 0, 0, 0, 0, 0, 0, 0, 0, 0, 0, 0, 0, 0, 0, 0, 0, 0, 0, 0, 0, 0, 0, 0, 0, 0, 0, 0, 0, 0, 0, 0, 0, 0, 0, 0, 0, 0, 0, 0, 0, 0, 0, 0, 0, 0, 0, 0, 0, 0, 0, 0, 0, 0, 0, 0, 0, 0, 0, 0, 0, 0, 0, 0, 0, 0, 0, 0, 0, 0, 0, 0, 0, 0, 0, 0, 0, 0, 0, 0, 0, 0, 0, 0, 0, 0, 0, 0, 0, 0, 0, 0, 0, 0, 0, 0, 0, 0, 0, 0, 0, 0, 0, 0, 88, 0, 0, 0, 0, 0, 0, 0, 0, 0, 0, 0, 0, 0, 0, 0, 0, 0, 0, 0, 0, 0, 0, 0, 0, 0, 0, 0, 0, 0, 0, 0, 0, 0, 0, 0, 0, 0, 0, 0, 0, 0, 0, 0, 0, 0, 0, 0, 0, 0, 0, 0, 0, 0, 0, 0, 0, 0, 0, 0, 0, 0, 0, 0, 0, 0, 0, 0, 0, 0, 0, 0, 0, 0, 0, 0, 0, 0, 0, 0, 0, 0, 0, 0, 0, 0, 0, 0, 0, 0, 0, 0, 0, 0, 0, 0, 0, 0, 0, 0, 0, 0, 0, 0, 0, 0, 0, 0, 0, 0, 0, 0, 0, 0, 0, 0, 0, 0, 0, 0, 0, 0, 0, 0, 0, 0, 0, 0, 0, 0, 0, 0, 0, 0, 0, 0, 0, 0, 0, 0, 0, 0, 0, 0, 0, 0, 0, 0, 0, 0, 0, 0, 0, 0, 0, 0, 0, 0, 0, 0, 0, 0, 0, 0, 0, 0, 0, 0, 0, 0, 0, 0, 0, 0, 0, 0, 0, 0, 0, 0, 0, 0, 0, 0, 0, 0, 0, 0, 0, 0, 0, 0, 0, 0, 0, 0, 0, 0, 0, 0, 0, 0, 0, 0, 0, 0, 0, 0, 0, 0, 0, 0, 0, 0, 0, 0, 0, 0, 0, 0, 0, 0, 0, 0, 0, 0, 0, 0, 0, 0, 0, 0, 0, 0, 0, 0, 0, 0, 0, 0, 0, 0, 0, 0, 0, 0, 0, 0, 0, 0, 0, 0, 0, 0, 0, 0, 0, 0, 0, 0, 0, 0, 0, 0, 0, 0, 0, 0, 0, 0, 0, 0, 0, 0, 0, 0, 0, 0, 0, 0, 0, 0, 0, 0, 0, 0, 0, 0, 0, 0, 0, 0, 0, 0, 0, 0, 0, 0, 0, 0, 0, 0, 0, 0, 0, 0, 0, 0, 0, 0, 0, 0, 0, 0, 0, 0, 0, 0, 0, 0, 0, 0, 0, 0, 0, 0, 0, 0, 0, 0, 0, 0, 0, 0, 0, 0, 0, 0, 0, 0, 0, 0, 0, 0, 0, 0, 0, 0, 0, 0, 0, 0, 0, 0, 0, 0, 0, 0, 0, 0, 0, 0, 0, 0, 0, 0, 0, 0, 0, 0, 0, 0, 0, 0, 0, 0, 0, 0, 0, 0, 0, 0, 0, 0, 0, 0, 0, 0, 0, 0, 0, 0, 0, 0, 0, 0, 0, 0, 0, 0, 0, 0, 0, 0, 0, 0, 0, 0, 0, 0, 0, 0, 0, 0, 0, 0, 0, 0, 0, 0, 0, 0, 0, 0, 0, 0, 0, 0, 0, 0, 0, 0, 0, 0, 0, 0, 0, 0, 0, 0, 0, 0, 0, 0, 0, 0, 0, 0, 0, 0, 0, 0, 0, 21, 0, 0, 0, 0, 0, 0, 0, 0, 0, 0, 0, 0, 0, 0, 0, 0, 0, 0, 0, 0, 0, 0, 0, 0, 0, 0, 0, 0, 0, 0, 0, 0, 0, 0, 0, 0, 0, 0, 0, 0, 0, 0, 0, 0, 0, 0, 0, 0, 0, 0, 0, 0, 0, 0, 0, 0, 0, 0, 0, 0, 0, 0, 0, 0, 0, 0, 0, 0, 0, 0, 0, 0, 0, 0, 0, 0, 0, 0, 0, 0, 0, 0, 0, 0, 0, 0, 0, 0, 0, 0, 0, 0, 0, 0, 0, 0, 0, 0, 0, 0, 0, 0, 0, 0, 0, 0, 0, 0, 0, 0, 0, 0, 0, 0, 0, 0, 0, 2, 0, 0, 0, 0, 0, 0, 0, 0, 0, 0, 0, 0, 0, 0, 0, 0, 0, 0, 0, 0, 0, 0, 0, 0, 0, 0, 0, 0, 0, 0, 0, 0, 0, 0, 0, 0, 0, 0, 0, 0, 0, 0, 0, 0, 0, 0, 0, 0, 0, 0, 0, 0, 0, 0, 0, 0, 0, 0, 0, 0, 0, 0, 0, 0, 0, 0, 0, 0, 0, 0, 0, 0, 0, 0, 0, 0, 0, 0, 0, 0, 0, 0, 0, 0, 0, 0, 0, 0, 0, 0, 0, 0, 0, 0, 0, 0, 0, 0, 0, 0, 0, 0, 0, 0, 0, 0, 0, 0, 0, 0, 0, 0, 0, 0, 0, 0, 0, 0, 0, 0, 0, 0, 0, 0, 0, 0, 0, 0, 0, 0, 0, 0, 0, 0, 0, 0, 0, 0, 0, 0, 0, 0, 0, 0, 0, 0, 0, 0, 0, 0, 0, 0, 0, 0, 0, 0, 0, 0, 0, 0, 0, 0, 0, 0, 0, 0, 0, 0, 0, 0, 0, 0, 0, 0, 0, 0, 0, 0, 0, 0, 0, 0, 0, 0, 0, 0, 0, 0, 0, 0, 0, 0, 0, 0, 0, 0, 0, 0, 0, 0, 0, 0, 0, 0, 0, 0, 0, 0, 0, 0, 0, 0, 0, 0, 0, 0, 0, 11, 0, 0, 0, 0, 0, 0, 0, 0, 0, 0, 0, 0, 0, 0, 0, 0, 0, 0, 0, 0, 0, 0, 0, 0, 0, 0, 0, 0, 0, 0, 0, 0, 0, 0, 0, 0, 0, 0, 0, 0, 0, 0, 0, 0, 0, 0, 0, 0, 0, 0, 0, 0, 0, 0, 0, 0, 0, 0, 0, 0, 0, 0, 0, 0, 0, 0, 0, 0, 0, 0, 0, 0, 0, 0, 0, 0, 0, 0, 0, 0, 0, 0, 0, 0, 0, 0, 0, 0, 0, 0, 0, 0, 0, 0, 0, 0, 0, 0, 0, 0, 0, 0, 0, 0, 0, 0, 0, 0, 0, 0, 0, 0, 0, 0, 0, 0, 0, 0, 0, 0, 0, 0, 0, 0, 0, 0, 0, 0, 0, 0, 0, 0, 0, 0, 0, 0, 0, 0, 0, 0, 0, 0, 0, 0, 0, 0, 0, 0, 0, 0, 0, 0, 0, 0, 0, 0, 0, 0, 0, 0, 0, 0, 0, 0, 0, 0, 0, 0, 0, 0, 0, 0, 0, 0, 0, 0, 0, 0, 0, 0, 0, 0, 0, 0, 0, 0, 0, 0, 0, 0, 0, 0, 0, 0, 0, 0, 0, 0, 0, 0, 0, 0, 0, 0, 0, 0, 0, 0, 0, 0, 0, 0, 0, 0, 0, 0, 0, 0, 0, 0, 0, 0, 0, 0, 0, 0, 0, 0, 0, 0, 0, 0, 0, 0, 0, 0, 0, 0, 0, 0, 0, 0, 0, 0, 0, 0, 0, 0, 0, 0, 0, 0, 0, 0, 0, 0, 0, 0, 0, 0, 0, 0, 0, 0, 0, 0, 0, 0, 0, 0, 0, 0, 0, 0, 0, 0, 0, 0, 0, 0, 0, 0, 0, 0, 0, 0, 0, 0, 0, 0, 0, 0, 0, 0, 0, 0, 0, 0, 0, 0, 0, 0, 0, 0, 0, 0, 0, 0, 0, 0, 0, 0, 0, 0, 0, 0, 0, 0, 0, 0, 0, 0, 0, 0, 0, 0, 0, 0, 0, 0, 0, 0, 0, 0, 0, 0, 0, 0, 0, 0, 0, 0, 0, 0, 0, 0, 0, 0, 0, 0, 0, 0, 0, 0, 0, 0, 0, 0, 0, 0, 0, 0, 0, 0, 0, 0, 0, 0, 0, 0, 0, 0, 0, 0, 0, 0, 0, 0, 0, 0, 0, 0, 0, 0, 0, 0, 0, 0, 0, 0, 0, 0, 0, 0, 0, 0, 0, 0, 0, 0, 0, 0, 0, 0, 0, 0, 0, 0, 0, 0, 0, 0, 0, 0, 0, 0, 0, 0, 0, 0, 0, 0, 0, 0, 0, 0, 0, 0, 0, 0, 0, 0, 0, 0, 0, 0, 0, 0, 0, 0, 0, 0, 0, 0, 0, 0, 0, 0, 0, 0, 0, 0, 0, 0, 0, 0, 0, 0, 0, 0, 0, 0, 0, 0, 0, 0, 0, 0, 0, 0, 0, 0, 0, 0, 0, 0, 0, 0, 0, 0, 0, 0, 0, 0, 0, 0, 0, 0, 0, 0, 0, 0, 0, 0, 0, 0, 0, 0, 0, 0, 0, 0, 0, 0, 0, 0, 0, 0, 0, 0, 0, 0, 0, 0, 0, 0, 0, 0, 0, 0, 0, 0, 0, 0, 0, 0, 0, 0, 0, 0, 0, 0, 0, 0, 0, 0, 0, 0, 0, 0, 0, 0, 0, 0, 0, 0, 0, 0, 0, 0, 0, 0, 0, 0, 0, 0, 0, 0, 0, 0, 0, 0, 0, 0, 0, 0, 0, 0, 0, 0, 0, 0, 0, 0, 0, 0, 0, 0, 0, 0, 0, 0, 0, 0, 0, 0, 0, 0, 0, 0, 0, 0, 0, 0, 0, 0, 0, 0, 0, 0, 0, 0, 0, 0, 0, 0, 0, 0, 0, 0, 0, 0, 0, 0, 0, 0, 0, 0, 0, 0, 0, 0, 0, 0, 0, 0, 0, 0, 0, 0, 0, 0, 0, 0, 0, 0, 0, 0, 0, 0, 0, 0, 0, 0, 0, 0, 0, 0, 0, 0, 0, 0, 0, 0, 0, 0, 0, 0, 0, 0, 0, 0, 0, 0, 0, 0, 0, 0, 0, 0, 0, 0, 0, 0, 0, 0, 0, 0, 0, 0, 0, 0, 0, 0, 0, 0, 0, 0, 0, 0, 0, 0, 0, 0, 0, 0, 0, 0, 0, 0, 0, 0, 0, 0, 0, 0, 0, 0, 0, 0, 0, 0, 0, 0, 0, 0, 0, 0, 0, 0, 0, 0, 0, 0, 0, 0, 0, 0, 0, 0, 0, 0, 0, 0, 0, 0, 0, 0, 0, 0, 0, 0, 0, 0, 0, 0, 0, 0, 0, 0, 0, 0, 0, 0, 0, 0, 0, 0, 0, 0, 0, 0, 0, 0, 0, 0, 0, 0, 0, 0, 0, 0, 0, 0, 0, 0, 0, 0, 0, 0, 0, 0, 0, 0, 0, 0, 0, 0, 0, 0, 0, 0, 0, 0, 0, 0, 0, 0, 0, 0, 0, 0, 0, 0, 0, 0, 0, 0, 0, 0, 0, 0, 0, 0, 0, 0, 0, 0, 0, 0, 0, 0, 0, 0, 0, 0, 0, 0, 0, 0, 0, 0, 0, 0, 0, 0, 0, 0, 0, 0, 0, 0, 0, 0, 0, 0, 0, 0, 0, 0, 0, 0, 0, 0, 0, 0, 0, 0, 33, 0, 0, 0, 0, 0, 0, 0, 0, 0, 0, 0, 0, 0, 0, 0, 0, 0, 0, 0, 0, 0, 0, 0, 0, 0, 0, 0, 0, 0, 0, 0, 0, 0, 0, 0, 0, 0, 0, 0, 0, 0, 0, 0, 0, 0, 0, 0, 0, 0, 0, 0, 0, 0, 0, 0, 0, 0, 0, 0, 0, 0, 0, 0, 0, 0, 0, 0, 0, 0, 0, 0, 0, 0, 0, 0, 0, 0, 0, 0, 0, 0, 0, 0, 0, 0, 0, 0, 0, 0, 0, 0, 0, 0, 0, 0, 0, 0, 0, 0, 0, 0, 0, 0, 0, 0, 0, 0, 0, 0, 0, 0, 0, 0, 0, 0, 0, 0, 0, 0, 0, 0, 0, 0, 0, 0, 0, 0, 0, 0, 0, 0, 0, 0, 0, 0, 0, 0, 0, 0, 0, 0, 0, 0, 0, 0, 0, 0, 0, 0, 0, 0, 0, 0, 0, 0, 0, 0, 0, 0, 0, 0, 0, 0, 0, 0, 0, 0, 0, 0, 0, 0, 0, 0, 0, 0, 0, 0, 0, 0, 0, 0, 0, 0, 0, 0, 0, 0, 0, 0, 0, 0, 0, 0, 0, 0, 0, 0, 0, 0, 0, 0, 0, 0, 0, 0, 0, 0, 0, 0, 0, 0, 0, 0, 0, 0, 0, 0, 0, 0, 0, 0, 0, 0, 0, 0, 0, 0, 0, 0, 0, 0, 0, 0, 0, 0, 0, 0, 0, 0, 0, 0, 0, 0, 0, 0, 0, 0, 0, 0, 0, 0, 0, 0, 0, 0, 0, 0, 0, 0, 0, 0, 0, 0, 0, 0, 0, 0, 0, 0, 0, 0, 0, 0, 0, 0, 0, 0, 0, 0, 0, 0, 0, 0, 7, 0, 0, 0, 0, 0, 0, 0, 0, 0, 0, 0, 0, 0, 0, 0, 0, 0, 0, 0, 0, 0, 0, 0, 0, 0, 0, 0, 0, 0, 0, 0, 0, 0, 0, 0, 0, 0, 0, 0, 0, 0, 0, 0, 0, 0, 0, 0, 0, 0, 0, 0, 0, 0, 0, 0, 0, 0, 0, 0, 0, 0, 0, 0, 0, 0, 0, 0, 0, 0, 0, 0, 0, 0, 0, 0, 0, 0, 0, 0, 0, 0, 0, 0, 0, 0, 0, 0, 0, 0, 0, 0, 0, 0, 0, 0, 0, 0, 0, 0, 0, 0, 0, 0, 0, 0, 0, 0, 0, 0, 0, 0, 0, 0, 0, 0, 0, 0, 0, 0, 0, 0, 0, 0, 0, 0, 0, 0, 0, 0, 0, 0, 0, 0, 0, 0, 0, 0, 0, 0, 0, 0, 0, 0, 0, 0, 0, 0]
