===== RESULTADO GA L(2,1) =====
Arquivo: /Users/mateuspedrosa/Documents/TCC-II/BOGA/data/Harwell-Boeing_cleaned/bcsstm13_clean.mtx (undirected)
Crossover: cx | Mutação: em | pop=30 | gens=53 | mut=0.446 | cr=0.5724 | runs=1 | max-stagt=1031

----- Execução #1 -----
Span (lambda): 76
Parada: MAX_GENS (geração 53)
best_order = [0, 319, 1227, 3, 1909, 5, 6, 7, 693, 9, 10, 11, 850, 738, 14, 15, 178, 17, 1636, 1118, 1695, 344, 973, 23, 24, 908, 26, 877, 28, 1574, 30, 31, 32, 296, 34, 35, 275, 1350, 1625, 1877, 40, 20, 42, 43, 44, 1944, 46, 1138, 1865, 53, 1582, 51, 19, 813, 401, 55, 56, 57, 1505, 59, 199, 1225, 62, 63, 64, 65, 66, 525, 68, 513, 1668, 1716, 1869, 73, 426, 75, 76, 77, 78, 79, 1490, 523, 1794, 299, 1927, 85, 1761, 1894, 88, 633, 612, 707, 399, 383, 94, 95, 1475, 539, 586, 1715, 1315, 101, 1247, 1863, 104, 105, 1181, 1480, 1460, 1264, 110, 1765, 1033, 113, 114, 1117, 116, 690, 118, 119, 120, 694, 596, 123, 124, 960, 126, 929, 128, 129, 1791, 131, 769, 133, 1137, 1609, 1870, 137, 1170, 139, 920, 141, 60, 776, 144, 765, 1689, 1182, 148, 1462, 38, 151, 1226, 153, 1962, 155, 156, 157, 1493, 673, 1596, 733, 162, 163, 71, 359, 976, 606, 168, 1053, 1016, 1955, 172, 298, 174, 84, 1866, 341, 263, 179, 1658, 181, 182, 638, 184, 185, 1215, 47, 188, 716, 190, 191, 800, 362, 160, 948, 196, 197, 198, 646, 121, 201, 202, 203, 1223, 205, 1977, 1047, 605, 82, 1527, 211, 1451, 1471, 1450, 1372, 216, 1871, 365, 918, 1214, 221, 222, 1485, 224, 225, 1163, 227, 361, 1929, 230, 231, 232, 233, 234, 235, 236, 1371, 726, 239, 909, 241, 1203, 171, 244, 245, 246, 247, 248, 1263, 1831, 1346, 1650, 253, 581, 255, 256, 968, 430, 1375, 777, 261, 262, 602, 264, 265, 192, 267, 268, 1277, 270, 1814, 1293, 488, 433, 1032, 276, 799, 278, 381, 1168, 281, 97, 283, 885, 315, 286, 1739, 288, 1132, 290, 291, 292, 1313, 294, 1000, 480, 297, 1426, 722, 1381, 301, 1812, 303, 304, 305, 869, 402, 1205, 1709, 978, 1195, 1234, 1684, 1100, 218, 925, 317, 664, 661, 400, 1056, 322, 228, 1669, 598, 326, 902, 328, 1854, 330, 331, 873, 333, 50, 1268, 336, 337, 90, 798, 340, 1405, 342, 1281, 1750, 345, 346, 347, 348, 349, 436, 351, 1031, 965, 953, 355, 72, 578, 272, 146, 360, 279, 991, 363, 316, 532, 860, 367, 368, 1923, 370, 371, 372, 4, 374, 1231, 376, 1458, 378, 679, 1333, 1905, 1113, 1172, 384, 472, 386, 608, 388, 106, 1712, 1068, 1924, 393, 287, 395, 1532, 397, 1300, 1044, 1539, 421, 147, 403, 1074, 405, 1107, 407, 791, 409, 1571, 411, 412, 455, 414, 415, 561, 642, 562, 419, 420, 1065, 1945, 1082, 1928, 425, 2001, 427, 570, 1941, 1815, 431, 1343, 252, 434, 980, 1140, 200, 358, 96, 1795, 441, 1513, 443, 1311, 1360, 1395, 447, 448, 1554, 450, 451, 452, 453, 454, 540, 456, 457, 458, 1019, 1080, 888, 547, 463, 464, 465, 466, 467, 468, 1188, 509, 843, 1576, 1778, 1533, 1595, 476, 640, 1950, 1193, 597, 1155, 482, 1873, 1218, 485, 1984, 487, 435, 489, 490, 491, 1834, 1066, 494, 1876, 496, 187, 498, 499, 266, 1820, 1958, 503, 504, 1525, 506, 507, 508, 828, 510, 889, 1861, 1092, 514, 515, 516, 603, 518, 519, 996, 521, 1702, 398, 394, 159, 1580, 527, 528, 529, 564, 459, 445, 1160, 534, 535, 29, 537, 538, 1478, 1836, 541, 1380, 543, 544, 1036, 546, 81, 1835, 462, 1577, 551, 552, 1530, 554, 1932, 556, 912, 558, 311, 560, 756, 1384, 563, 1710, 1682, 566, 1500, 568, 479, 893, 571, 572, 511, 574, 575, 576, 577, 1420, 1012, 634, 522, 1570, 1469, 584, 585, 484, 587, 990, 1377, 1304, 591, 1444, 1587, 213, 595, 555, 950, 1759, 1356, 998, 601, 259, 1391, 695, 1557, 1049, 607, 952, 122, 610, 611, 69, 807, 614, 364, 616, 698, 618, 730, 620, 621, 622, 623, 321, 1717, 300, 627, 628, 629, 630, 542, 1280, 1903, 186, 635, 1745, 637, 837, 639, 1367, 930, 208, 1472, 834, 1891, 780, 1851, 648, 649, 650, 1641, 652, 357, 654, 760, 656, 657, 658, 1156, 660, 313, 711, 663, 593, 665, 1191, 667, 668, 1456, 70, 671, 672, 1212, 1843, 675, 1634, 1735, 678, 1797, 680, 219, 682, 1960, 684, 1093, 686, 1219, 688, 1771, 1028, 1366, 617, 1064, 609, 651, 696, 1025, 1105, 699, 700, 701, 1528, 703, 704, 705, 1806, 1706, 1425, 709, 1357, 1803, 712, 963, 1751, 440, 392, 1266, 718, 161, 49, 721, 691, 565, 1267, 1802, 1220, 177, 692, 314, 432, 731, 732, 790, 36, 735, 1404, 1448, 715, 739, 52, 1713, 742, 743, 744, 745, 746, 1755, 748, 645, 750, 751, 752, 1410, 783, 755, 58, 955, 379, 1, 1133, 761, 762, 1985, 764, 416, 766, 1379, 1007, 753, 770, 771, 772, 142, 774, 810, 444, 582, 778, 779, 1017, 1726, 369, 1307, 784, 180, 1633, 1531, 788, 789, 1792, 439, 792, 289, 1895, 795, 796, 797, 870, 907, 736, 1388, 802, 803, 804, 723, 727, 1094, 808, 25, 1114, 1991, 719, 625, 747, 974, 429, 817, 215, 819, 91, 821, 1085, 164, 824, 1517, 826, 1940, 636, 829, 830, 825, 832, 833, 862, 835, 836, 647, 569, 1878, 1501, 841, 842, 984, 844, 845, 846, 847, 1789, 849, 242, 1768, 852, 853, 1683, 855, 856, 857, 858, 859, 1537, 729, 757, 1276, 864, 865, 942, 867, 868, 501, 103, 871, 872, 1004, 874, 1738, 876, 659, 878, 1288, 880, 881, 882, 1434, 884, 1817, 886, 1217, 1139, 1370, 1111, 891, 892, 1392, 1752, 895, 896, 1674, 898, 1879, 127, 1564, 1282, 903, 904, 1880, 325, 1782, 1081, 697, 910, 911, 801, 437, 914, 915, 604, 175, 793, 919, 1390, 921, 922, 923, 1743, 74, 926, 927, 1607, 689, 1345, 931, 932, 1807, 1749, 924, 936, 937, 1336, 939, 940, 941, 1398, 1786, 1254, 1523, 946, 207, 1287, 949, 150, 951, 1949, 879, 681, 1608, 956, 839, 958, 959, 1495, 961, 962, 1707, 964, 1996, 966, 967, 1422, 969, 214, 152, 1776, 626, 573, 1805, 1457, 977, 1488, 979, 1061, 981, 982, 983, 1308, 985, 986, 987, 988, 989, 531, 249, 992, 2002, 994, 1990, 717, 997, 335, 999, 767, 1001, 45, 1003, 1351, 280, 1006, 87, 1008, 285, 1317, 1601, 768, 1013, 1679, 1319, 740, 1901, 1611, 1671, 1020, 1021, 1022, 1011, 1446, 500, 1443, 1606, 619, 109, 1030, 1982, 307, 99, 1034, 754, 1654, 1037, 1038, 1110, 545, 334, 1042, 838, 67, 1197, 1296, 1463, 135, 1653, 1060, 685, 1052, 1439, 495, 1055, 517, 1057, 1058, 775, 410, 1043, 1062, 1063, 1073, 212, 1233, 1067, 785, 737, 822, 1071, 158, 957, 277, 811, 1076, 183, 1078, 1079, 749, 1364, 1274, 1083, 1084, 102, 1423, 1087, 1088, 677, 1090, 1859, 1240, 1746, 600, 189, 1096, 1427, 1257, 1099, 1801, 1101, 1102, 48, 1104, 1491, 1518, 1568, 1354, 1109, 1029, 905, 89, 1926, 536, 1115, 1116, 2000, 2, 93, 1120, 1121, 1122, 1123, 1124, 1125, 1040, 1127, 993, 1129, 1130, 913, 1936, 1651, 1134, 1135, 373, 1874, 1150, 1476, 1316, 1141, 1142, 1143, 1144, 1145, 1146, 1147, 1148, 1149, 417, 1151, 1152, 1153, 1154, 308, 1788, 1656, 1158, 1734, 220, 787, 1162, 1784, 1041, 478, 1507, 1455, 1764, 1169, 460, 1171, 734, 809, 1174, 1175, 1176, 107, 1499, 1179, 1180, 1948, 258, 1994, 1184, 1185, 1018, 83, 343, 324, 1190, 1763, 1048, 1543, 1194, 1136, 1089, 662, 1198, 210, 1200, 1201, 1202, 353, 1204, 1514, 1206, 1207, 1208, 928, 1210, 1211, 1937, 1199, 653, 1598, 1216, 1918, 533, 1294, 61, 1221, 1989, 1737, 193, 502, 1541, 1997, 1898, 1229, 1166, 901, 8, 1246, 1986, 1235, 1236, 1237, 641, 1239, 1023, 1241, 1242, 1243, 1244, 1245, 1775, 356, 1248, 1249, 1250, 1251, 1252, 1253, 377, 1916, 1256, 477, 1258, 1259, 1260, 41, 1157, 1054, 851, 806, 814, 390, 442, 1269, 1270, 848, 1272, 1273, 580, 1275, 1526, 1177, 1562, 1279, 380, 1655, 550, 1283, 1284, 1285, 1286, 1969, 782, 1289, 1290, 1291, 1292, 1553, 136, 1295, 861, 708, 1917, 1299, 706, 632, 173, 710, 1086, 1875, 1723, 16, 1915, 1309, 100, 1167, 1312, 674, 1314, 1403, 944, 446, 666, 408, 1320, 1321, 1696, 1323, 1324, 1045, 310, 1327, 1328, 1329, 1325, 154, 1332, 1943, 1334, 1335, 899, 1337, 1338, 1339, 1340, 1310, 1342, 204, 1630, 237, 1213, 669, 1348, 1349, 254, 827, 1352, 1353, 223, 1355, 1097, 759, 486, 1359, 887, 1361, 1362, 1363, 945, 406, 1617, 1378, 1368, 1306, 125, 786, 1409, 1373, 1374, 493, 1322, 39, 1573, 1885, 1449, 169, 1382, 530, 240, 1128, 1386, 1387, 238, 1965, 1774, 92, 323, 1393, 1394, 947, 391, 1397, 1026, 413, 590, 1401, 483, 524, 1772, 1893, 1406, 1622, 1993, 890, 1209, 1646, 1412, 815, 1810, 1415, 1112, 1417, 1418, 1419, 758, 130, 250, 1119, 1424, 1559, 917, 970, 1882, 1429, 1430, 1431, 1432, 1298, 1522, 1793, 1436, 1437, 1887, 194, 1440, 1441, 971, 166, 475, 1445, 1400, 1447, 1010, 1126, 424, 863, 1627, 1453, 1454, 1844, 713, 683, 1602, 1459, 1705, 1461, 935, 781, 1464, 1224, 1466, 1161, 1467, 1956, 1550, 655, 461, 1473, 1474, 1971, 972, 1477, 229, 1479, 1389, 1481, 643, 1483, 1484, 631, 1486, 1196, 938, 474, 318, 1808, 293, 1690, 1494, 1106, 1496, 1497, 1498, 418, 1303, 1165, 1502, 1503, 1504, 670, 1506, 1708, 1508, 115, 1510, 1511, 1512, 1408, 1344, 1515, 1516, 320, 138, 1519, 1520, 1521, 1159, 875, 1524, 1645, 594, 143, 1091, 206, 1465, 422, 1813, 140, 1534, 1535, 1536, 1005, 1538, 1187, 1540, 1178, 1542, 1027, 1544, 1545, 1546, 1547, 1858, 1549, 812, 1551, 1385, 1846, 1046, 1555, 1556, 1614, 382, 1681, 1560, 1561, 1626, 1563, 80, 1565, 1566, 1567, 1799, 438, 1189, 302, 1572, 1164, 720, 1433, 773, 1261, 1578, 1579, 1740, 1581, 1845, 1583, 1548, 505, 1586, 332, 1341, 1589, 1590, 257, 1592, 1593, 1594, 176, 1676, 1416, 1297, 1599, 1600, 741, 1818, 1603, 1604, 134, 1758, 27, 149, 794, 1610, 354, 1612, 1613, 1585, 1615, 350, 1730, 1904, 1619, 1620, 492, 1767, 1623, 1624, 687, 1967, 1059, 1628, 1629, 816, 1631, 1632, 284, 975, 1635, 469, 1637, 1638, 1639, 1640, 1575, 1642, 1643, 1644, 1704, 1569, 724, 1648, 1649, 295, 271, 1652, 54, 1024, 1482, 1848, 1657, 1238, 1659, 1660, 1661, 1662, 1605, 1664, 1665, 1014, 1667, 1183, 725, 428, 1015, 1672, 1414, 273, 1675, 132, 1039, 1678, 1383, 1680, 1953, 165, 1326, 1262, 1685, 1686, 1687, 1688, 1265, 1908, 1691, 1692, 1693, 1694, 1452, 1369, 12, 1698, 1699, 1700, 900, 943, 1703, 112, 1035, 37, 897, 624, 471, 592, 352, 676, 1413, 1714, 111, 1701, 449, 1069, 1719, 1720, 1721, 1722, 170, 1724, 1725, 145, 1727, 1728, 1729, 714, 1731, 1732, 1733, 1095, 21, 1736, 840, 728, 1833, 481, 1741, 1742, 1077, 1744, 1396, 805, 1747, 1748, 1421, 1912, 1407, 1051, 1753, 1754, 226, 1756, 1757, 1331, 933, 1098, 579, 1762, 1222, 1824, 1002, 1766, 702, 1399, 1769, 1770, 1872, 1988, 1773, 1718, 1618, 1302, 1777, 1783, 1779, 1780, 1781, 934, 557, 22, 1785, 389, 1787, 548, 195, 1790, 251, 1826, 1330, 1186, 1558, 1796, 327, 1798, 583, 1591, 33, 1902, 309, 1804, 1489, 329, 1670, 385, 1809, 1358, 1811, 1487, 1271, 549, 423, 1816, 613, 117, 1819, 1435, 1821, 1822, 1823, 269, 1825, 916, 1827, 1828, 1829, 1830, 1896, 1832, 599, 1230, 1402, 387, 1837, 1838, 1839, 1840, 1841, 1842, 312, 1255, 1847, 520, 274, 1428, 854, 1588, 894, 1852, 1853, 1050, 1855, 1856, 1857, 1800, 108, 1860, 1711, 1862, 1070, 1864, 567, 13, 1867, 1868, 470, 1621, 553, 1470, 497, 1673, 1697, 1552, 1347, 86, 1103, 1305, 1442, 1663, 1883, 1884, 644, 1597, 1376, 1888, 1889, 1890, 1075, 1892, 1647, 1301, 763, 1509, 1897, 167, 1899, 1900, 1616, 1881, 1411, 954, 209, 1906, 1907, 526, 306, 1910, 1911, 1919, 1913, 1914, 818, 831, 588, 1760, 396, 1920, 1921, 1922, 98, 375, 1925, 339, 1529, 1228, 1666, 1930, 1931, 1232, 1933, 1934, 1935, 512, 1365, 906, 1939, 1009, 589, 1942, 1938, 1108, 1131, 1946, 1947, 615, 1072, 243, 1951, 18, 883, 1954, 1584, 559, 1957, 1677, 1959, 1850, 1961, 366, 1963, 1964, 1173, 1966, 404, 1968, 1952, 1970, 1492, 1972, 1973, 1974, 1975, 1976, 820, 1978, 1979, 1980, 1981, 260, 1983, 473, 866, 1318, 1987, 823, 1438, 1849, 1278, 1992, 1468, 995, 1995, 338, 1192, 1998, 1999, 217, 282, 1886]
labeling = [0, 0, 0, 0, 0, 0, 0, 0, 0, 0, 0, 0, 0, 0, 0, 0, 0, 0, 0, 0, 0, 0, 0, 0, 0, 0, 0, 0, 0, 0, 0, 0, 0, 0, 0, 0, 0, 0, 0, 0, 0, 0, 0, 0, 0, 0, 0, 0, 0, 0, 0, 0, 0, 0, 0, 0, 0, 0, 0, 0, 0, 0, 0, 0, 0, 0, 0, 0, 0, 0, 0, 0, 0, 0, 0, 0, 0, 0, 0, 0, 0, 0, 0, 0, 0, 0, 0, 0, 0, 0, 0, 0, 0, 0, 0, 0, 0, 0, 0, 0, 0, 0, 0, 0, 0, 0, 0, 0, 0, 0, 0, 0, 0, 0, 0, 0, 0, 0, 0, 0, 0, 0, 0, 0, 0, 0, 0, 0, 0, 0, 0, 0, 0, 0, 0, 0, 0, 0, 0, 0, 0, 0, 0, 0, 0, 0, 0, 0, 0, 0, 0, 0, 0, 0, 0, 0, 0, 0, 0, 0, 0, 0, 0, 0, 0, 0, 0, 0, 0, 0, 0, 0, 0, 0, 0, 0, 0, 0, 0, 0, 0, 0, 0, 0, 0, 0, 0, 0, 0, 0, 0, 0, 0, 0, 0, 0, 0, 0, 0, 0, 0, 0, 0, 0, 2, 0, 0, 0, 0, 0, 0, 0, 0, 0, 0, 0, 0, 2, 0, 0, 0, 0, 0, 2, 0, 0, 0, 0, 0, 0, 0, 0, 0, 0, 0, 0, 0, 0, 0, 0, 0, 0, 0, 0, 0, 0, 0, 0, 0, 0, 0, 0, 0, 0, 0, 0, 0, 0, 0, 0, 0, 0, 0, 0, 0, 0, 0, 0, 0, 0, 0, 2, 0, 0, 0, 0, 2, 0, 0, 0, 0, 0, 0, 0, 0, 0, 0, 0, 0, 0, 0, 0, 0, 0, 0, 0, 0, 0, 0, 0, 0, 0, 0, 0, 0, 0, 0, 2, 0, 0, 0, 0, 0, 0, 0, 0, 0, 0, 0, 0, 0, 0, 0, 0, 0, 0, 0, 0, 0, 0, 0, 0, 0, 0, 0, 0, 0, 0, 0, 0, 0, 0, 0, 0, 0, 0, 0, 0, 0, 0, 0, 0, 0, 0, 0, 0, 0, 0, 0, 0, 0, 0, 0, 0, 0, 0, 0, 0, 0, 0, 0, 0, 0, 0, 0, 0, 0, 0, 0, 0, 0, 0, 0, 0, 0, 0, 0, 0, 0, 0, 0, 0, 0, 0, 0, 0, 0, 0, 0, 0, 0, 0, 0, 0, 0, 0, 0, 0, 0, 0, 0, 0, 0, 0, 0, 0, 0, 0, 0, 0, 0, 0, 0, 0, 0, 0, 0, 0, 0, 0, 0, 0, 0, 0, 0, 0, 0, 0, 0, 0, 0, 0, 0, 0, 0, 0, 0, 0, 0, 0, 0, 0, 0, 0, 0, 0, 0, 0, 0, 0, 0, 0, 0, 0, 0, 0, 0, 0, 0, 0, 0, 2, 0, 0, 0, 0, 0, 0, 0, 0, 0, 0, 0, 0, 0, 0, 0, 0, 0, 0, 0, 0, 0, 0, 0, 0, 0, 0, 0, 0, 0, 0, 0, 0, 0, 0, 0, 0, 0, 0, 0, 0, 0, 0, 0, 0, 0, 0, 0, 0, 2, 0, 0, 0, 0, 0, 2, 0, 0, 0, 0, 0, 0, 0, 0, 0, 0, 0, 0, 0, 0, 0, 0, 0, 0, 0, 0, 0, 0, 0, 0, 0, 0, 0, 0, 0, 0, 0, 0, 0, 0, 2, 0, 0, 0, 0, 0, 2, 0, 0, 0, 0, 0, 0, 0, 0, 0, 0, 0, 0, 0, 0, 0, 0, 0, 0, 0, 0, 0, 0, 0, 0, 0, 0, 0, 0, 0, 0, 0, 0, 0, 0, 0, 0, 0, 0, 0, 0, 0, 0, 0, 0, 0, 0, 0, 0, 0, 0, 0, 0, 0, 0, 0, 0, 0, 0, 0, 0, 0, 0, 0, 0, 0, 0, 0, 0, 0, 0, 0, 0, 0, 0, 0, 0, 0, 0, 0, 0, 0, 0, 0, 0, 0, 0, 0, 0, 0, 0, 0, 0, 0, 0, 0, 0, 0, 0, 0, 0, 0, 0, 0, 0, 0, 2, 0, 0, 0, 0, 0, 2, 0, 0, 0, 0, 0, 0, 0, 0, 0, 0, 0, 0, 0, 0, 0, 0, 0, 0, 0, 0, 0, 0, 0, 0, 0, 0, 0, 0, 0, 0, 0, 0, 0, 0, 0, 2, 0, 0, 0, 0, 2, 0, 0, 0, 0, 0, 0, 0, 0, 0, 0, 0, 0, 0, 0, 0, 0, 0, 0, 0, 0, 0, 0, 0, 0, 0, 0, 0, 0, 0, 0, 0, 0, 0, 0, 0, 0, 0, 0, 0, 0, 0, 0, 0, 0, 0, 0, 0, 0, 0, 0, 0, 0, 0, 0, 0, 0, 0, 0, 0, 0, 0, 0, 0, 0, 0, 0, 0, 0, 0, 0, 0, 0, 0, 0, 0, 0, 0, 0, 0, 0, 0, 0, 0, 0, 0, 0, 0, 0, 0, 0, 0, 0, 0, 0, 0, 0, 0, 0, 0, 0, 0, 0, 0, 0, 0, 0, 0, 0, 0, 0, 0, 0, 0, 0, 0, 0, 0, 0, 0, 0, 0, 0, 0, 0, 0, 0, 0, 0, 11, 0, 0, 0, 0, 65, 16, 26, 27, 28, 24, 2, 54, 6, 0, 0, 0, 0, 30, 13, 9, 23, 31, 29, 12, 33, 53, 0, 0, 0, 0, 22, 11, 32, 74, 26, 7, 0, 0, 0, 0, 57, 23, 34, 21, 67, 18, 21, 0, 0, 0, 0, 51, 1, 36, 37, 45, 66, 17, 0, 4, 38, 0, 0, 0, 34, 39, 71, 59, 7, 40, 3, 41, 28, 27, 31, 10, 30, 36, 50, 0, 0, 0, 0, 72, 71, 64, 38, 39, 60, 42, 0, 0, 0, 57, 54, 0, 0, 0, 0, 10, 6, 25, 5, 4, 54, 20, 18, 9, 14, 0, 0, 0, 0, 7, 8, 8, 22, 12, 6, 24, 25, 41, 0, 0, 0, 0, 2, 3, 0, 18, 0, 0, 0, 0, 0, 0, 21, 26, 9, 0, 0, 0, 0, 0, 0, 0, 0, 0, 0, 7, 8, 0, 0, 0, 0, 58, 13, 12, 7, 62, 56, 15, 17, 23, 8, 36, 2, 4, 8, 2, 25, 0, 0, 0, 0, 18, 55, 0, 0, 0, 0, 13, 1, 1, 43, 0, 0, 0, 20, 62, 20, 44, 44, 43, 11, 53, 34, 4, 26, 19, 67, 21, 30, 5, 0, 0, 0, 22, 10, 48, 28, 6, 3, 0, 0, 0, 0, 0, 0, 0, 0, 29, 68, 14, 0, 0, 0, 0, 42, 46, 13, 32, 10, 43, 16, 0, 0, 0, 33, 30, 16, 55, 3, 5, 12, 28, 4, 21, 0, 0, 0, 0, 23, 64, 0, 0, 0, 1, 0, 0, 0, 0, 61, 14, 25, 46, 48, 5, 1, 63, 29, 35, 31, 22, 27, 37, 32, 0, 0, 0, 0, 0, 0, 0, 0, 0, 0, 0, 0, 16, 14, 17, 32, 0, 0, 0, 0, 34, 3, 41, 39, 24, 45, 40, 0, 0, 0, 0, 47, 33, 15, 65, 46, 9, 70, 0, 0, 0, 0, 49, 6, 51, 16, 76, 52, 35, 0, 0, 0, 0, 45, 4, 8, 0, 0, 0, 0, 68, 19, 69, 0, 0, 0, 0, 0, 0, 0, 0, 0, 0, 0, 0, 0, 0, 0, 0, 49, 50, 52, 62, 47, 53, 0, 0, 0, 0, 55, 35, 15, 19, 20, 56, 67, 0, 0, 0, 0, 0, 74, 27, 69, 2, 66, 40, 0, 0, 0, 0, 61, 49, 19, 45, 47, 7, 39, 23, 20, 1, 36, 28, 0, 0, 0, 0, 13, 0, 0, 0, 0, 0, 0, 0, 0, 0, 0, 0, 0, 0, 0, 0, 0, 0, 0, 0, 0, 0, 10, 2, 17, 0, 0, 0, 0, 24, 23, 25, 25, 18, 15, 50, 51, 26, 6, 3, 15, 0, 0, 0, 0, 26, 4, 51, 29, 0, 0, 0, 56, 6, 18, 52, 57, 11, 54, 5, 30, 2, 4, 7, 62, 0, 0, 0, 59, 28, 54, 36, 0, 0, 0, 32, 31, 63, 50, 0, 0, 0, 26, 22, 30, 0, 0, 0, 0, 8, 66, 20, 10, 75, 44, 53, 2, 24, 0, 0, 0, 0, 17, 20, 36, 37, 18, 56, 43, 58, 37, 0, 0, 0, 0, 63, 26, 8, 8, 12, 24, 10, 0, 0, 0, 22, 1, 11, 60, 70, 17, 65, 5, 45, 24, 36, 0, 0, 0, 0, 0, 0, 0, 0, 21, 51, 0, 0, 0, 0, 0, 0, 0, 0, 0, 0, 0, 0, 0, 0, 0, 0, 0, 0, 33, 34, 13, 0, 0, 0, 0, 7, 9, 29, 73, 39, 41, 34, 38, 57, 12, 72, 40, 0, 0, 0, 0, 38, 42, 28, 16, 0, 0, 0, 0, 31, 6, 3, 71, 64, 54, 21, 17, 0, 0, 0, 0, 42, 7, 27, 62, 67, 29, 30, 59, 3, 60, 9, 13, 28, 0, 0, 0, 0, 11, 16, 4, 32, 0, 0, 0, 0, 40, 59, 21, 44, 0, 17, 41, 0, 0, 0, 0, 23, 10, 9, 12, 13, 14, 6, 19, 0, 0, 0, 0, 43, 33, 33, 0, 0, 0, 0, 0, 21, 22, 25, 38, 42, 28, 0, 0, 0, 0, 0, 4, 46, 6, 7, 1, 1, 19, 0, 0, 0, 0, 2, 44, 14, 33, 12, 0, 0, 0, 0, 0, 12, 0, 0, 0, 0, 0, 0, 0, 0, 0, 0, 0, 0, 0, 0, 0, 0, 0, 0, 0, 0, 0, 0, 0, 0, 0, 0, 0, 0, 6, 11, 1, 0, 0, 0, 0, 10, 8, 4, 0, 0, 0, 0, 0, 7, 4, 0, 0, 0, 4, 8, 13, 3, 2, 6, 0, 12, 3, 0, 0, 0, 0, 0, 0, 0, 2, 0, 20, 0, 0, 0, 0, 0, 0, 0, 0, 0, 0, 0, 2, 0, 0, 0, 0, 0, 0, 0, 0, 0, 0, 0, 0, 0, 0, 0, 0, 0, 0, 14, 10, 0, 0, 0, 0, 0, 0, 0, 0, 14, 1, 16, 9, 0, 0, 0, 19, 23, 23, 11, 0, 0, 18, 0, 0, 0, 0, 8, 0, 0, 0, 0, 15, 3, 3, 2, 0, 0, 0, 0, 17, 0, 5, 1, 3, 4, 0, 0, 0, 0, 0, 0, 0, 0, 0, 0, 0, 0, 0, 0, 0, 0, 0, 0, 0, 0, 0, 0, 0, 0, 15, 25, 14, 0, 0, 0, 0, 0, 0, 0, 0, 19, 15, 0, 0, 0, 0, 0, 25, 2, 0, 0, 0, 0, 0, 0, 0, 0, 0, 0, 0, 0, 0, 0, 0, 0, 0, 0, 0, 0, 0, 0, 0, 0, 0, 0, 0, 0, 0, 0, 0, 27, 16, 0, 0, 0, 0, 0, 14, 29, 0, 0, 0, 0, 0, 0, 0, 0, 0, 0, 0, 4, 34, 1, 0, 0, 0, 0, 14, 5, 0, 0, 0, 0, 0, 0, 0, 0, 0, 0, 0, 0, 0, 0, 0, 0, 0, 0, 5, 15, 19, 0, 0, 0, 0, 0, 0, 0, 15, 31, 0, 0, 0, 0, 0, 1, 1, 0, 0, 0, 0, 0, 0, 0, 0, 0, 0, 0, 0, 0, 0, 0, 0, 0, 30, 9, 0, 0, 0, 0, 0, 0, 0, 0, 0, 0, 0, 0, 2, 6, 0, 0, 0, 0, 0, 0, 0, 11, 3, 0, 0, 0, 0, 0, 0, 0, 0, 0, 0, 0, 0, 0, 0, 0, 0, 0, 0, 0, 16, 28, 7, 0, 0, 0, 0, 0, 0, 0, 0, 0, 13, 0, 5, 0, 0, 0, 0, 0, 0, 0, 0, 27, 16, 17, 0, 0, 0, 0, 0, 0, 0, 0, 0, 0, 0, 0, 14, 35, 3, 0, 0, 0, 0, 0, 0, 0, 0, 0, 0, 0, 0, 0, 0, 0, 3, 5, 0, 0, 0, 0, 0, 0, 0, 0, 0, 0, 0, 0, 0, 0, 0, 0, 0, 0, 0, 4, 0, 0, 0, 0, 0, 0, 0, 0, 0, 0, 0, 0, 0, 0, 0, 0, 0, 9, 3, 0, 4, 30, 7, 0, 0, 0, 0, 0, 0]
convergência = [79, 79, 79, 78, 78, 77, 77, 77, 77, 77, 77, 77, 77, 77, 77, 77, 77, 77, 77, 77, 77, 77, 77, 77, 77, 77, 77, 77, 77, 77, 77, 77, 77, 77, 77, 77, 77, 77, 77, 77, 77, 77, 77, 77, 76, 76, 76, 76, 76, 76, 76, 76, 76]
================================

----- Melhor execução -----
Span (lambda): 76
best_order = [0, 319, 1227, 3, 1909, 5, 6, 7, 693, 9, 10, 11, 850, 738, 14, 15, 178, 17, 1636, 1118, 1695, 344, 973, 23, 24, 908, 26, 877, 28, 1574, 30, 31, 32, 296, 34, 35, 275, 1350, 1625, 1877, 40, 20, 42, 43, 44, 1944, 46, 1138, 1865, 53, 1582, 51, 19, 813, 401, 55, 56, 57, 1505, 59, 199, 1225, 62, 63, 64, 65, 66, 525, 68, 513, 1668, 1716, 1869, 73, 426, 75, 76, 77, 78, 79, 1490, 523, 1794, 299, 1927, 85, 1761, 1894, 88, 633, 612, 707, 399, 383, 94, 95, 1475, 539, 586, 1715, 1315, 101, 1247, 1863, 104, 105, 1181, 1480, 1460, 1264, 110, 1765, 1033, 113, 114, 1117, 116, 690, 118, 119, 120, 694, 596, 123, 124, 960, 126, 929, 128, 129, 1791, 131, 769, 133, 1137, 1609, 1870, 137, 1170, 139, 920, 141, 60, 776, 144, 765, 1689, 1182, 148, 1462, 38, 151, 1226, 153, 1962, 155, 156, 157, 1493, 673, 1596, 733, 162, 163, 71, 359, 976, 606, 168, 1053, 1016, 1955, 172, 298, 174, 84, 1866, 341, 263, 179, 1658, 181, 182, 638, 184, 185, 1215, 47, 188, 716, 190, 191, 800, 362, 160, 948, 196, 197, 198, 646, 121, 201, 202, 203, 1223, 205, 1977, 1047, 605, 82, 1527, 211, 1451, 1471, 1450, 1372, 216, 1871, 365, 918, 1214, 221, 222, 1485, 224, 225, 1163, 227, 361, 1929, 230, 231, 232, 233, 234, 235, 236, 1371, 726, 239, 909, 241, 1203, 171, 244, 245, 246, 247, 248, 1263, 1831, 1346, 1650, 253, 581, 255, 256, 968, 430, 1375, 777, 261, 262, 602, 264, 265, 192, 267, 268, 1277, 270, 1814, 1293, 488, 433, 1032, 276, 799, 278, 381, 1168, 281, 97, 283, 885, 315, 286, 1739, 288, 1132, 290, 291, 292, 1313, 294, 1000, 480, 297, 1426, 722, 1381, 301, 1812, 303, 304, 305, 869, 402, 1205, 1709, 978, 1195, 1234, 1684, 1100, 218, 925, 317, 664, 661, 400, 1056, 322, 228, 1669, 598, 326, 902, 328, 1854, 330, 331, 873, 333, 50, 1268, 336, 337, 90, 798, 340, 1405, 342, 1281, 1750, 345, 346, 347, 348, 349, 436, 351, 1031, 965, 953, 355, 72, 578, 272, 146, 360, 279, 991, 363, 316, 532, 860, 367, 368, 1923, 370, 371, 372, 4, 374, 1231, 376, 1458, 378, 679, 1333, 1905, 1113, 1172, 384, 472, 386, 608, 388, 106, 1712, 1068, 1924, 393, 287, 395, 1532, 397, 1300, 1044, 1539, 421, 147, 403, 1074, 405, 1107, 407, 791, 409, 1571, 411, 412, 455, 414, 415, 561, 642, 562, 419, 420, 1065, 1945, 1082, 1928, 425, 2001, 427, 570, 1941, 1815, 431, 1343, 252, 434, 980, 1140, 200, 358, 96, 1795, 441, 1513, 443, 1311, 1360, 1395, 447, 448, 1554, 450, 451, 452, 453, 454, 540, 456, 457, 458, 1019, 1080, 888, 547, 463, 464, 465, 466, 467, 468, 1188, 509, 843, 1576, 1778, 1533, 1595, 476, 640, 1950, 1193, 597, 1155, 482, 1873, 1218, 485, 1984, 487, 435, 489, 490, 491, 1834, 1066, 494, 1876, 496, 187, 498, 499, 266, 1820, 1958, 503, 504, 1525, 506, 507, 508, 828, 510, 889, 1861, 1092, 514, 515, 516, 603, 518, 519, 996, 521, 1702, 398, 394, 159, 1580, 527, 528, 529, 564, 459, 445, 1160, 534, 535, 29, 537, 538, 1478, 1836, 541, 1380, 543, 544, 1036, 546, 81, 1835, 462, 1577, 551, 552, 1530, 554, 1932, 556, 912, 558, 311, 560, 756, 1384, 563, 1710, 1682, 566, 1500, 568, 479, 893, 571, 572, 511, 574, 575, 576, 577, 1420, 1012, 634, 522, 1570, 1469, 584, 585, 484, 587, 990, 1377, 1304, 591, 1444, 1587, 213, 595, 555, 950, 1759, 1356, 998, 601, 259, 1391, 695, 1557, 1049, 607, 952, 122, 610, 611, 69, 807, 614, 364, 616, 698, 618, 730, 620, 621, 622, 623, 321, 1717, 300, 627, 628, 629, 630, 542, 1280, 1903, 186, 635, 1745, 637, 837, 639, 1367, 930, 208, 1472, 834, 1891, 780, 1851, 648, 649, 650, 1641, 652, 357, 654, 760, 656, 657, 658, 1156, 660, 313, 711, 663, 593, 665, 1191, 667, 668, 1456, 70, 671, 672, 1212, 1843, 675, 1634, 1735, 678, 1797, 680, 219, 682, 1960, 684, 1093, 686, 1219, 688, 1771, 1028, 1366, 617, 1064, 609, 651, 696, 1025, 1105, 699, 700, 701, 1528, 703, 704, 705, 1806, 1706, 1425, 709, 1357, 1803, 712, 963, 1751, 440, 392, 1266, 718, 161, 49, 721, 691, 565, 1267, 1802, 1220, 177, 692, 314, 432, 731, 732, 790, 36, 735, 1404, 1448, 715, 739, 52, 1713, 742, 743, 744, 745, 746, 1755, 748, 645, 750, 751, 752, 1410, 783, 755, 58, 955, 379, 1, 1133, 761, 762, 1985, 764, 416, 766, 1379, 1007, 753, 770, 771, 772, 142, 774, 810, 444, 582, 778, 779, 1017, 1726, 369, 1307, 784, 180, 1633, 1531, 788, 789, 1792, 439, 792, 289, 1895, 795, 796, 797, 870, 907, 736, 1388, 802, 803, 804, 723, 727, 1094, 808, 25, 1114, 1991, 719, 625, 747, 974, 429, 817, 215, 819, 91, 821, 1085, 164, 824, 1517, 826, 1940, 636, 829, 830, 825, 832, 833, 862, 835, 836, 647, 569, 1878, 1501, 841, 842, 984, 844, 845, 846, 847, 1789, 849, 242, 1768, 852, 853, 1683, 855, 856, 857, 858, 859, 1537, 729, 757, 1276, 864, 865, 942, 867, 868, 501, 103, 871, 872, 1004, 874, 1738, 876, 659, 878, 1288, 880, 881, 882, 1434, 884, 1817, 886, 1217, 1139, 1370, 1111, 891, 892, 1392, 1752, 895, 896, 1674, 898, 1879, 127, 1564, 1282, 903, 904, 1880, 325, 1782, 1081, 697, 910, 911, 801, 437, 914, 915, 604, 175, 793, 919, 1390, 921, 922, 923, 1743, 74, 926, 927, 1607, 689, 1345, 931, 932, 1807, 1749, 924, 936, 937, 1336, 939, 940, 941, 1398, 1786, 1254, 1523, 946, 207, 1287, 949, 150, 951, 1949, 879, 681, 1608, 956, 839, 958, 959, 1495, 961, 962, 1707, 964, 1996, 966, 967, 1422, 969, 214, 152, 1776, 626, 573, 1805, 1457, 977, 1488, 979, 1061, 981, 982, 983, 1308, 985, 986, 987, 988, 989, 531, 249, 992, 2002, 994, 1990, 717, 997, 335, 999, 767, 1001, 45, 1003, 1351, 280, 1006, 87, 1008, 285, 1317, 1601, 768, 1013, 1679, 1319, 740, 1901, 1611, 1671, 1020, 1021, 1022, 1011, 1446, 500, 1443, 1606, 619, 109, 1030, 1982, 307, 99, 1034, 754, 1654, 1037, 1038, 1110, 545, 334, 1042, 838, 67, 1197, 1296, 1463, 135, 1653, 1060, 685, 1052, 1439, 495, 1055, 517, 1057, 1058, 775, 410, 1043, 1062, 1063, 1073, 212, 1233, 1067, 785, 737, 822, 1071, 158, 957, 277, 811, 1076, 183, 1078, 1079, 749, 1364, 1274, 1083, 1084, 102, 1423, 1087, 1088, 677, 1090, 1859, 1240, 1746, 600, 189, 1096, 1427, 1257, 1099, 1801, 1101, 1102, 48, 1104, 1491, 1518, 1568, 1354, 1109, 1029, 905, 89, 1926, 536, 1115, 1116, 2000, 2, 93, 1120, 1121, 1122, 1123, 1124, 1125, 1040, 1127, 993, 1129, 1130, 913, 1936, 1651, 1134, 1135, 373, 1874, 1150, 1476, 1316, 1141, 1142, 1143, 1144, 1145, 1146, 1147, 1148, 1149, 417, 1151, 1152, 1153, 1154, 308, 1788, 1656, 1158, 1734, 220, 787, 1162, 1784, 1041, 478, 1507, 1455, 1764, 1169, 460, 1171, 734, 809, 1174, 1175, 1176, 107, 1499, 1179, 1180, 1948, 258, 1994, 1184, 1185, 1018, 83, 343, 324, 1190, 1763, 1048, 1543, 1194, 1136, 1089, 662, 1198, 210, 1200, 1201, 1202, 353, 1204, 1514, 1206, 1207, 1208, 928, 1210, 1211, 1937, 1199, 653, 1598, 1216, 1918, 533, 1294, 61, 1221, 1989, 1737, 193, 502, 1541, 1997, 1898, 1229, 1166, 901, 8, 1246, 1986, 1235, 1236, 1237, 641, 1239, 1023, 1241, 1242, 1243, 1244, 1245, 1775, 356, 1248, 1249, 1250, 1251, 1252, 1253, 377, 1916, 1256, 477, 1258, 1259, 1260, 41, 1157, 1054, 851, 806, 814, 390, 442, 1269, 1270, 848, 1272, 1273, 580, 1275, 1526, 1177, 1562, 1279, 380, 1655, 550, 1283, 1284, 1285, 1286, 1969, 782, 1289, 1290, 1291, 1292, 1553, 136, 1295, 861, 708, 1917, 1299, 706, 632, 173, 710, 1086, 1875, 1723, 16, 1915, 1309, 100, 1167, 1312, 674, 1314, 1403, 944, 446, 666, 408, 1320, 1321, 1696, 1323, 1324, 1045, 310, 1327, 1328, 1329, 1325, 154, 1332, 1943, 1334, 1335, 899, 1337, 1338, 1339, 1340, 1310, 1342, 204, 1630, 237, 1213, 669, 1348, 1349, 254, 827, 1352, 1353, 223, 1355, 1097, 759, 486, 1359, 887, 1361, 1362, 1363, 945, 406, 1617, 1378, 1368, 1306, 125, 786, 1409, 1373, 1374, 493, 1322, 39, 1573, 1885, 1449, 169, 1382, 530, 240, 1128, 1386, 1387, 238, 1965, 1774, 92, 323, 1393, 1394, 947, 391, 1397, 1026, 413, 590, 1401, 483, 524, 1772, 1893, 1406, 1622, 1993, 890, 1209, 1646, 1412, 815, 1810, 1415, 1112, 1417, 1418, 1419, 758, 130, 250, 1119, 1424, 1559, 917, 970, 1882, 1429, 1430, 1431, 1432, 1298, 1522, 1793, 1436, 1437, 1887, 194, 1440, 1441, 971, 166, 475, 1445, 1400, 1447, 1010, 1126, 424, 863, 1627, 1453, 1454, 1844, 713, 683, 1602, 1459, 1705, 1461, 935, 781, 1464, 1224, 1466, 1161, 1467, 1956, 1550, 655, 461, 1473, 1474, 1971, 972, 1477, 229, 1479, 1389, 1481, 643, 1483, 1484, 631, 1486, 1196, 938, 474, 318, 1808, 293, 1690, 1494, 1106, 1496, 1497, 1498, 418, 1303, 1165, 1502, 1503, 1504, 670, 1506, 1708, 1508, 115, 1510, 1511, 1512, 1408, 1344, 1515, 1516, 320, 138, 1519, 1520, 1521, 1159, 875, 1524, 1645, 594, 143, 1091, 206, 1465, 422, 1813, 140, 1534, 1535, 1536, 1005, 1538, 1187, 1540, 1178, 1542, 1027, 1544, 1545, 1546, 1547, 1858, 1549, 812, 1551, 1385, 1846, 1046, 1555, 1556, 1614, 382, 1681, 1560, 1561, 1626, 1563, 80, 1565, 1566, 1567, 1799, 438, 1189, 302, 1572, 1164, 720, 1433, 773, 1261, 1578, 1579, 1740, 1581, 1845, 1583, 1548, 505, 1586, 332, 1341, 1589, 1590, 257, 1592, 1593, 1594, 176, 1676, 1416, 1297, 1599, 1600, 741, 1818, 1603, 1604, 134, 1758, 27, 149, 794, 1610, 354, 1612, 1613, 1585, 1615, 350, 1730, 1904, 1619, 1620, 492, 1767, 1623, 1624, 687, 1967, 1059, 1628, 1629, 816, 1631, 1632, 284, 975, 1635, 469, 1637, 1638, 1639, 1640, 1575, 1642, 1643, 1644, 1704, 1569, 724, 1648, 1649, 295, 271, 1652, 54, 1024, 1482, 1848, 1657, 1238, 1659, 1660, 1661, 1662, 1605, 1664, 1665, 1014, 1667, 1183, 725, 428, 1015, 1672, 1414, 273, 1675, 132, 1039, 1678, 1383, 1680, 1953, 165, 1326, 1262, 1685, 1686, 1687, 1688, 1265, 1908, 1691, 1692, 1693, 1694, 1452, 1369, 12, 1698, 1699, 1700, 900, 943, 1703, 112, 1035, 37, 897, 624, 471, 592, 352, 676, 1413, 1714, 111, 1701, 449, 1069, 1719, 1720, 1721, 1722, 170, 1724, 1725, 145, 1727, 1728, 1729, 714, 1731, 1732, 1733, 1095, 21, 1736, 840, 728, 1833, 481, 1741, 1742, 1077, 1744, 1396, 805, 1747, 1748, 1421, 1912, 1407, 1051, 1753, 1754, 226, 1756, 1757, 1331, 933, 1098, 579, 1762, 1222, 1824, 1002, 1766, 702, 1399, 1769, 1770, 1872, 1988, 1773, 1718, 1618, 1302, 1777, 1783, 1779, 1780, 1781, 934, 557, 22, 1785, 389, 1787, 548, 195, 1790, 251, 1826, 1330, 1186, 1558, 1796, 327, 1798, 583, 1591, 33, 1902, 309, 1804, 1489, 329, 1670, 385, 1809, 1358, 1811, 1487, 1271, 549, 423, 1816, 613, 117, 1819, 1435, 1821, 1822, 1823, 269, 1825, 916, 1827, 1828, 1829, 1830, 1896, 1832, 599, 1230, 1402, 387, 1837, 1838, 1839, 1840, 1841, 1842, 312, 1255, 1847, 520, 274, 1428, 854, 1588, 894, 1852, 1853, 1050, 1855, 1856, 1857, 1800, 108, 1860, 1711, 1862, 1070, 1864, 567, 13, 1867, 1868, 470, 1621, 553, 1470, 497, 1673, 1697, 1552, 1347, 86, 1103, 1305, 1442, 1663, 1883, 1884, 644, 1597, 1376, 1888, 1889, 1890, 1075, 1892, 1647, 1301, 763, 1509, 1897, 167, 1899, 1900, 1616, 1881, 1411, 954, 209, 1906, 1907, 526, 306, 1910, 1911, 1919, 1913, 1914, 818, 831, 588, 1760, 396, 1920, 1921, 1922, 98, 375, 1925, 339, 1529, 1228, 1666, 1930, 1931, 1232, 1933, 1934, 1935, 512, 1365, 906, 1939, 1009, 589, 1942, 1938, 1108, 1131, 1946, 1947, 615, 1072, 243, 1951, 18, 883, 1954, 1584, 559, 1957, 1677, 1959, 1850, 1961, 366, 1963, 1964, 1173, 1966, 404, 1968, 1952, 1970, 1492, 1972, 1973, 1974, 1975, 1976, 820, 1978, 1979, 1980, 1981, 260, 1983, 473, 866, 1318, 1987, 823, 1438, 1849, 1278, 1992, 1468, 995, 1995, 338, 1192, 1998, 1999, 217, 282, 1886]
labeling = [0, 0, 0, 0, 0, 0, 0, 0, 0, 0, 0, 0, 0, 0, 0, 0, 0, 0, 0, 0, 0, 0, 0, 0, 0, 0, 0, 0, 0, 0, 0, 0, 0, 0, 0, 0, 0, 0, 0, 0, 0, 0, 0, 0, 0, 0, 0, 0, 0, 0, 0, 0, 0, 0, 0, 0, 0, 0, 0, 0, 0, 0, 0, 0, 0, 0, 0, 0, 0, 0, 0, 0, 0, 0, 0, 0, 0, 0, 0, 0, 0, 0, 0, 0, 0, 0, 0, 0, 0, 0, 0, 0, 0, 0, 0, 0, 0, 0, 0, 0, 0, 0, 0, 0, 0, 0, 0, 0, 0, 0, 0, 0, 0, 0, 0, 0, 0, 0, 0, 0, 0, 0, 0, 0, 0, 0, 0, 0, 0, 0, 0, 0, 0, 0, 0, 0, 0, 0, 0, 0, 0, 0, 0, 0, 0, 0, 0, 0, 0, 0, 0, 0, 0, 0, 0, 0, 0, 0, 0, 0, 0, 0, 0, 0, 0, 0, 0, 0, 0, 0, 0, 0, 0, 0, 0, 0, 0, 0, 0, 0, 0, 0, 0, 0, 0, 0, 0, 0, 0, 0, 0, 0, 0, 0, 0, 0, 0, 0, 0, 0, 0, 0, 0, 0, 2, 0, 0, 0, 0, 0, 0, 0, 0, 0, 0, 0, 0, 2, 0, 0, 0, 0, 0, 2, 0, 0, 0, 0, 0, 0, 0, 0, 0, 0, 0, 0, 0, 0, 0, 0, 0, 0, 0, 0, 0, 0, 0, 0, 0, 0, 0, 0, 0, 0, 0, 0, 0, 0, 0, 0, 0, 0, 0, 0, 0, 0, 0, 0, 0, 0, 0, 2, 0, 0, 0, 0, 2, 0, 0, 0, 0, 0, 0, 0, 0, 0, 0, 0, 0, 0, 0, 0, 0, 0, 0, 0, 0, 0, 0, 0, 0, 0, 0, 0, 0, 0, 0, 2, 0, 0, 0, 0, 0, 0, 0, 0, 0, 0, 0, 0, 0, 0, 0, 0, 0, 0, 0, 0, 0, 0, 0, 0, 0, 0, 0, 0, 0, 0, 0, 0, 0, 0, 0, 0, 0, 0, 0, 0, 0, 0, 0, 0, 0, 0, 0, 0, 0, 0, 0, 0, 0, 0, 0, 0, 0, 0, 0, 0, 0, 0, 0, 0, 0, 0, 0, 0, 0, 0, 0, 0, 0, 0, 0, 0, 0, 0, 0, 0, 0, 0, 0, 0, 0, 0, 0, 0, 0, 0, 0, 0, 0, 0, 0, 0, 0, 0, 0, 0, 0, 0, 0, 0, 0, 0, 0, 0, 0, 0, 0, 0, 0, 0, 0, 0, 0, 0, 0, 0, 0, 0, 0, 0, 0, 0, 0, 0, 0, 0, 0, 0, 0, 0, 0, 0, 0, 0, 0, 0, 0, 0, 0, 0, 0, 0, 0, 0, 0, 0, 0, 0, 0, 0, 0, 0, 0, 0, 0, 0, 0, 0, 0, 2, 0, 0, 0, 0, 0, 0, 0, 0, 0, 0, 0, 0, 0, 0, 0, 0, 0, 0, 0, 0, 0, 0, 0, 0, 0, 0, 0, 0, 0, 0, 0, 0, 0, 0, 0, 0, 0, 0, 0, 0, 0, 0, 0, 0, 0, 0, 0, 0, 2, 0, 0, 0, 0, 0, 2, 0, 0, 0, 0, 0, 0, 0, 0, 0, 0, 0, 0, 0, 0, 0, 0, 0, 0, 0, 0, 0, 0, 0, 0, 0, 0, 0, 0, 0, 0, 0, 0, 0, 0, 2, 0, 0, 0, 0, 0, 2, 0, 0, 0, 0, 0, 0, 0, 0, 0, 0, 0, 0, 0, 0, 0, 0, 0, 0, 0, 0, 0, 0, 0, 0, 0, 0, 0, 0, 0, 0, 0, 0, 0, 0, 0, 0, 0, 0, 0, 0, 0, 0, 0, 0, 0, 0, 0, 0, 0, 0, 0, 0, 0, 0, 0, 0, 0, 0, 0, 0, 0, 0, 0, 0, 0, 0, 0, 0, 0, 0, 0, 0, 0, 0, 0, 0, 0, 0, 0, 0, 0, 0, 0, 0, 0, 0, 0, 0, 0, 0, 0, 0, 0, 0, 0, 0, 0, 0, 0, 0, 0, 0, 0, 0, 0, 2, 0, 0, 0, 0, 0, 2, 0, 0, 0, 0, 0, 0, 0, 0, 0, 0, 0, 0, 0, 0, 0, 0, 0, 0, 0, 0, 0, 0, 0, 0, 0, 0, 0, 0, 0, 0, 0, 0, 0, 0, 0, 2, 0, 0, 0, 0, 2, 0, 0, 0, 0, 0, 0, 0, 0, 0, 0, 0, 0, 0, 0, 0, 0, 0, 0, 0, 0, 0, 0, 0, 0, 0, 0, 0, 0, 0, 0, 0, 0, 0, 0, 0, 0, 0, 0, 0, 0, 0, 0, 0, 0, 0, 0, 0, 0, 0, 0, 0, 0, 0, 0, 0, 0, 0, 0, 0, 0, 0, 0, 0, 0, 0, 0, 0, 0, 0, 0, 0, 0, 0, 0, 0, 0, 0, 0, 0, 0, 0, 0, 0, 0, 0, 0, 0, 0, 0, 0, 0, 0, 0, 0, 0, 0, 0, 0, 0, 0, 0, 0, 0, 0, 0, 0, 0, 0, 0, 0, 0, 0, 0, 0, 0, 0, 0, 0, 0, 0, 0, 0, 0, 0, 0, 0, 0, 0, 11, 0, 0, 0, 0, 65, 16, 26, 27, 28, 24, 2, 54, 6, 0, 0, 0, 0, 30, 13, 9, 23, 31, 29, 12, 33, 53, 0, 0, 0, 0, 22, 11, 32, 74, 26, 7, 0, 0, 0, 0, 57, 23, 34, 21, 67, 18, 21, 0, 0, 0, 0, 51, 1, 36, 37, 45, 66, 17, 0, 4, 38, 0, 0, 0, 34, 39, 71, 59, 7, 40, 3, 41, 28, 27, 31, 10, 30, 36, 50, 0, 0, 0, 0, 72, 71, 64, 38, 39, 60, 42, 0, 0, 0, 57, 54, 0, 0, 0, 0, 10, 6, 25, 5, 4, 54, 20, 18, 9, 14, 0, 0, 0, 0, 7, 8, 8, 22, 12, 6, 24, 25, 41, 0, 0, 0, 0, 2, 3, 0, 18, 0, 0, 0, 0, 0, 0, 21, 26, 9, 0, 0, 0, 0, 0, 0, 0, 0, 0, 0, 7, 8, 0, 0, 0, 0, 58, 13, 12, 7, 62, 56, 15, 17, 23, 8, 36, 2, 4, 8, 2, 25, 0, 0, 0, 0, 18, 55, 0, 0, 0, 0, 13, 1, 1, 43, 0, 0, 0, 20, 62, 20, 44, 44, 43, 11, 53, 34, 4, 26, 19, 67, 21, 30, 5, 0, 0, 0, 22, 10, 48, 28, 6, 3, 0, 0, 0, 0, 0, 0, 0, 0, 29, 68, 14, 0, 0, 0, 0, 42, 46, 13, 32, 10, 43, 16, 0, 0, 0, 33, 30, 16, 55, 3, 5, 12, 28, 4, 21, 0, 0, 0, 0, 23, 64, 0, 0, 0, 1, 0, 0, 0, 0, 61, 14, 25, 46, 48, 5, 1, 63, 29, 35, 31, 22, 27, 37, 32, 0, 0, 0, 0, 0, 0, 0, 0, 0, 0, 0, 0, 16, 14, 17, 32, 0, 0, 0, 0, 34, 3, 41, 39, 24, 45, 40, 0, 0, 0, 0, 47, 33, 15, 65, 46, 9, 70, 0, 0, 0, 0, 49, 6, 51, 16, 76, 52, 35, 0, 0, 0, 0, 45, 4, 8, 0, 0, 0, 0, 68, 19, 69, 0, 0, 0, 0, 0, 0, 0, 0, 0, 0, 0, 0, 0, 0, 0, 0, 49, 50, 52, 62, 47, 53, 0, 0, 0, 0, 55, 35, 15, 19, 20, 56, 67, 0, 0, 0, 0, 0, 74, 27, 69, 2, 66, 40, 0, 0, 0, 0, 61, 49, 19, 45, 47, 7, 39, 23, 20, 1, 36, 28, 0, 0, 0, 0, 13, 0, 0, 0, 0, 0, 0, 0, 0, 0, 0, 0, 0, 0, 0, 0, 0, 0, 0, 0, 0, 0, 10, 2, 17, 0, 0, 0, 0, 24, 23, 25, 25, 18, 15, 50, 51, 26, 6, 3, 15, 0, 0, 0, 0, 26, 4, 51, 29, 0, 0, 0, 56, 6, 18, 52, 57, 11, 54, 5, 30, 2, 4, 7, 62, 0, 0, 0, 59, 28, 54, 36, 0, 0, 0, 32, 31, 63, 50, 0, 0, 0, 26, 22, 30, 0, 0, 0, 0, 8, 66, 20, 10, 75, 44, 53, 2, 24, 0, 0, 0, 0, 17, 20, 36, 37, 18, 56, 43, 58, 37, 0, 0, 0, 0, 63, 26, 8, 8, 12, 24, 10, 0, 0, 0, 22, 1, 11, 60, 70, 17, 65, 5, 45, 24, 36, 0, 0, 0, 0, 0, 0, 0, 0, 21, 51, 0, 0, 0, 0, 0, 0, 0, 0, 0, 0, 0, 0, 0, 0, 0, 0, 0, 0, 33, 34, 13, 0, 0, 0, 0, 7, 9, 29, 73, 39, 41, 34, 38, 57, 12, 72, 40, 0, 0, 0, 0, 38, 42, 28, 16, 0, 0, 0, 0, 31, 6, 3, 71, 64, 54, 21, 17, 0, 0, 0, 0, 42, 7, 27, 62, 67, 29, 30, 59, 3, 60, 9, 13, 28, 0, 0, 0, 0, 11, 16, 4, 32, 0, 0, 0, 0, 40, 59, 21, 44, 0, 17, 41, 0, 0, 0, 0, 23, 10, 9, 12, 13, 14, 6, 19, 0, 0, 0, 0, 43, 33, 33, 0, 0, 0, 0, 0, 21, 22, 25, 38, 42, 28, 0, 0, 0, 0, 0, 4, 46, 6, 7, 1, 1, 19, 0, 0, 0, 0, 2, 44, 14, 33, 12, 0, 0, 0, 0, 0, 12, 0, 0, 0, 0, 0, 0, 0, 0, 0, 0, 0, 0, 0, 0, 0, 0, 0, 0, 0, 0, 0, 0, 0, 0, 0, 0, 0, 0, 6, 11, 1, 0, 0, 0, 0, 10, 8, 4, 0, 0, 0, 0, 0, 7, 4, 0, 0, 0, 4, 8, 13, 3, 2, 6, 0, 12, 3, 0, 0, 0, 0, 0, 0, 0, 2, 0, 20, 0, 0, 0, 0, 0, 0, 0, 0, 0, 0, 0, 2, 0, 0, 0, 0, 0, 0, 0, 0, 0, 0, 0, 0, 0, 0, 0, 0, 0, 0, 14, 10, 0, 0, 0, 0, 0, 0, 0, 0, 14, 1, 16, 9, 0, 0, 0, 19, 23, 23, 11, 0, 0, 18, 0, 0, 0, 0, 8, 0, 0, 0, 0, 15, 3, 3, 2, 0, 0, 0, 0, 17, 0, 5, 1, 3, 4, 0, 0, 0, 0, 0, 0, 0, 0, 0, 0, 0, 0, 0, 0, 0, 0, 0, 0, 0, 0, 0, 0, 0, 0, 15, 25, 14, 0, 0, 0, 0, 0, 0, 0, 0, 19, 15, 0, 0, 0, 0, 0, 25, 2, 0, 0, 0, 0, 0, 0, 0, 0, 0, 0, 0, 0, 0, 0, 0, 0, 0, 0, 0, 0, 0, 0, 0, 0, 0, 0, 0, 0, 0, 0, 0, 27, 16, 0, 0, 0, 0, 0, 14, 29, 0, 0, 0, 0, 0, 0, 0, 0, 0, 0, 0, 4, 34, 1, 0, 0, 0, 0, 14, 5, 0, 0, 0, 0, 0, 0, 0, 0, 0, 0, 0, 0, 0, 0, 0, 0, 0, 0, 5, 15, 19, 0, 0, 0, 0, 0, 0, 0, 15, 31, 0, 0, 0, 0, 0, 1, 1, 0, 0, 0, 0, 0, 0, 0, 0, 0, 0, 0, 0, 0, 0, 0, 0, 0, 30, 9, 0, 0, 0, 0, 0, 0, 0, 0, 0, 0, 0, 0, 2, 6, 0, 0, 0, 0, 0, 0, 0, 11, 3, 0, 0, 0, 0, 0, 0, 0, 0, 0, 0, 0, 0, 0, 0, 0, 0, 0, 0, 0, 16, 28, 7, 0, 0, 0, 0, 0, 0, 0, 0, 0, 13, 0, 5, 0, 0, 0, 0, 0, 0, 0, 0, 27, 16, 17, 0, 0, 0, 0, 0, 0, 0, 0, 0, 0, 0, 0, 14, 35, 3, 0, 0, 0, 0, 0, 0, 0, 0, 0, 0, 0, 0, 0, 0, 0, 3, 5, 0, 0, 0, 0, 0, 0, 0, 0, 0, 0, 0, 0, 0, 0, 0, 0, 0, 0, 0, 4, 0, 0, 0, 0, 0, 0, 0, 0, 0, 0, 0, 0, 0, 0, 0, 0, 0, 9, 3, 0, 4, 30, 7, 0, 0, 0, 0, 0, 0]
