===== RESULTADO GA L(2,1) =====
Arquivo: /Users/mateuspedrosa/Documents/TCC-II/BOGA/data/Harwell-Boeing_cleaned/bcsstk22_clean.mtx (undirected)
Crossover: cx | Mutação: em | pop=30 | gens=53 | mut=0.446 | cr=0.5724 | runs=1 | max-stagt=1031

----- Execução #1 -----
Span (lambda): 10
Parada: MAX_GENS (geração 53)
best_order = [66, 60, 88, 81, 108, 40, 38, 31, 99, 18, 44, 73, 28, 111, 61, 65, 2, 63, 51, 0, 11, 114, 129, 131, 119, 74, 113, 78, 15, 100, 50, 49, 77, 86, 52, 134, 132, 27, 126, 115, 7, 36, 46, 118, 87, 105, 136, 57, 58, 94, 71, 125, 13, 5, 17, 16, 104, 98, 122, 83, 117, 109, 55, 32, 130, 12, 67, 72, 25, 79, 22, 64, 80, 135, 48, 75, 26, 34, 21, 4, 102, 6, 59, 10, 110, 53, 42, 133, 107, 33, 62, 30, 93, 39, 70, 92, 24, 1, 84, 20, 91, 8, 95, 43, 69, 3, 120, 101, 41, 103, 54, 116, 112, 35, 45, 68, 47, 37, 89, 127, 9, 76, 96, 137, 123, 56, 90, 124, 19, 29, 23, 82, 97, 106, 14, 128, 85, 121]
labeling = [3, 1, 1, 7, 5, 3, 2, 1, 6, 6, 4, 0, 7, 1, 2, 0, 5, 3, 0, 10, 7, 1, 0, 8, 3, 6, 2, 0, 0, 6, 5, 1, 3, 0, 4, 6, 0, 5, 0, 0, 0, 8, 3, 9, 1, 5, 6, 7, 2, 2, 3, 0, 5, 8, 5, 0, 10, 3, 3, 7, 0, 1, 9, 2, 5, 0, 0, 2, 10, 3, 8, 5, 1, 0, 1, 4, 7, 4, 2, 2, 0, 0, 6, 5, 3, 8, 2, 4, 0, 2, 2, 4, 2, 0, 0, 6, 0, 0, 0, 0, 0, 0, 0, 0, 0, 0, 0, 0, 0, 0, 0, 0, 2, 2, 0, 0, 0, 0, 0, 0, 0, 0, 0, 0, 0, 0, 0, 0, 0, 0, 0, 0, 0, 0, 0, 0, 0, 2]
convergência = [10, 10, 10, 10, 10, 10, 10, 10, 10, 10, 10, 10, 10, 10, 10, 10, 10, 10, 10, 10, 10, 10, 10, 10, 10, 10, 10, 10, 10, 10, 10, 10, 10, 10, 10, 10, 10, 10, 10, 10, 10, 10, 10, 10, 10, 10, 10, 10, 10, 10, 10, 10, 10]
================================

----- Melhor execução -----
Span (lambda): 10
best_order = [66, 60, 88, 81, 108, 40, 38, 31, 99, 18, 44, 73, 28, 111, 61, 65, 2, 63, 51, 0, 11, 114, 129, 131, 119, 74, 113, 78, 15, 100, 50, 49, 77, 86, 52, 134, 132, 27, 126, 115, 7, 36, 46, 118, 87, 105, 136, 57, 58, 94, 71, 125, 13, 5, 17, 16, 104, 98, 122, 83, 117, 109, 55, 32, 130, 12, 67, 72, 25, 79, 22, 64, 80, 135, 48, 75, 26, 34, 21, 4, 102, 6, 59, 10, 110, 53, 42, 133, 107, 33, 62, 30, 93, 39, 70, 92, 24, 1, 84, 20, 91, 8, 95, 43, 69, 3, 120, 101, 41, 103, 54, 116, 112, 35, 45, 68, 47, 37, 89, 127, 9, 76, 96, 137, 123, 56, 90, 124, 19, 29, 23, 82, 97, 106, 14, 128, 85, 121]
labeling = [3, 1, 1, 7, 5, 3, 2, 1, 6, 6, 4, 0, 7, 1, 2, 0, 5, 3, 0, 10, 7, 1, 0, 8, 3, 6, 2, 0, 0, 6, 5, 1, 3, 0, 4, 6, 0, 5, 0, 0, 0, 8, 3, 9, 1, 5, 6, 7, 2, 2, 3, 0, 5, 8, 5, 0, 10, 3, 3, 7, 0, 1, 9, 2, 5, 0, 0, 2, 10, 3, 8, 5, 1, 0, 1, 4, 7, 4, 2, 2, 0, 0, 6, 5, 3, 8, 2, 4, 0, 2, 2, 4, 2, 0, 0, 6, 0, 0, 0, 0, 0, 0, 0, 0, 0, 0, 0, 0, 0, 0, 0, 0, 2, 2, 0, 0, 0, 0, 0, 0, 0, 0, 0, 0, 0, 0, 0, 0, 0, 0, 0, 0, 0, 0, 0, 0, 0, 2]
