===== RESULTADO GA L(2,1) =====
Arquivo: /Users/mateuspedrosa/Documents/TCC-II/BOGA/data/Harwell-Boeing_cleaned/bcsstk07_clean.mtx (undirected)
Crossover: cx | Mutação: em | pop=30 | gens=53 | mut=0.446 | cr=0.5724 | runs=1 | max-stagt=1031

----- Execução #1 -----
Span (lambda): 36
Parada: MAX_GENS (geração 53)
best_order = [0, 1, 2, 3, 235, 5, 6, 95, 8, 9, 384, 11, 12, 13, 14, 15, 16, 17, 18, 120, 20, 21, 22, 23, 24, 33, 35, 209, 28, 29, 372, 31, 32, 110, 34, 279, 36, 37, 38, 39, 40, 41, 69, 43, 44, 45, 82, 47, 48, 49, 50, 51, 52, 53, 54, 55, 56, 4, 58, 59, 60, 61, 62, 63, 64, 65, 66, 67, 231, 323, 70, 214, 247, 376, 74, 75, 76, 77, 78, 79, 80, 81, 308, 83, 84, 85, 86, 87, 88, 89, 90, 91, 92, 93, 94, 331, 96, 97, 98, 99, 100, 101, 303, 103, 104, 105, 403, 107, 108, 109, 318, 111, 112, 113, 114, 150, 175, 26, 118, 119, 19, 239, 122, 115, 124, 46, 126, 127, 128, 129, 130, 131, 132, 133, 134, 135, 136, 137, 138, 10, 140, 141, 142, 379, 162, 145, 146, 147, 148, 149, 272, 121, 152, 153, 154, 155, 156, 157, 415, 405, 160, 161, 413, 163, 164, 125, 166, 167, 168, 169, 170, 171, 172, 173, 106, 73, 176, 177, 178, 179, 180, 181, 182, 183, 184, 201, 186, 187, 188, 189, 190, 191, 192, 193, 139, 281, 196, 197, 198, 199, 200, 71, 202, 244, 204, 205, 206, 396, 208, 185, 25, 211, 212, 213, 401, 215, 216, 217, 218, 219, 220, 221, 222, 223, 224, 225, 27, 227, 228, 229, 295, 364, 232, 233, 234, 278, 284, 237, 123, 207, 240, 397, 242, 243, 349, 245, 246, 294, 248, 249, 250, 251, 252, 253, 254, 255, 241, 257, 258, 259, 260, 373, 262, 358, 264, 265, 266, 267, 165, 269, 270, 271, 317, 273, 391, 275, 276, 277, 400, 144, 280, 174, 282, 283, 338, 285, 286, 287, 288, 289, 290, 291, 292, 238, 274, 302, 296, 297, 298, 299, 300, 301, 316, 350, 304, 305, 306, 307, 385, 309, 310, 311, 312, 313, 314, 315, 195, 143, 226, 319, 320, 321, 322, 293, 324, 325, 326, 327, 328, 329, 330, 158, 332, 333, 334, 370, 336, 337, 7, 339, 340, 341, 342, 343, 344, 345, 346, 347, 348, 256, 42, 351, 352, 353, 354, 355, 356, 357, 263, 359, 360, 361, 362, 363, 194, 365, 366, 367, 368, 335, 72, 371, 151, 210, 374, 375, 102, 377, 378, 236, 380, 381, 382, 383, 369, 261, 386, 387, 388, 389, 390, 57, 392, 393, 394, 395, 117, 68, 398, 399, 230, 116, 402, 268, 404, 159, 406, 407, 408, 409, 410, 411, 412, 417, 414, 203, 416, 30, 418, 419]
labeling = [0, 0, 0, 2, 21, 4, 6, 32, 8, 1, 29, 10, 12, 3, 14, 5, 0, 7, 16, 26, 18, 2, 0, 9, 4, 29, 25, 23, 3, 6, 27, 8, 11, 0, 5, 1, 7, 3, 13, 1, 5, 1, 3, 0, 1, 9, 30, 11, 13, 15, 17, 19, 20, 22, 24, 25, 27, 32, 23, 6, 28, 11, 30, 13, 12, 15, 17, 19, 36, 10, 14, 31, 33, 30, 21, 12, 9, 16, 18, 20, 22, 2, 2, 4, 1, 3, 4, 7, 18, 23, 5, 26, 28, 2, 8, 0, 16, 4, 31, 9, 3, 14, 35, 8, 21, 5, 27, 20, 24, 22, 1, 7, 4, 2, 26, 28, 35, 32, 6, 11, 0, 15, 8, 10, 1, 1, 0, 3, 4, 10, 12, 14, 20, 32, 21, 16, 6, 11, 1, 34, 29, 12, 17, 33, 36, 7, 19, 10, 16, 18, 6, 30, 25, 13, 9, 23, 17, 19, 34, 30, 5, 21, 3, 24, 27, 12, 1, 1, 4, 6, 7, 13, 9, 17, 31, 2, 8, 5, 3, 15, 18, 10, 22, 20, 24, 27, 26, 4, 28, 2, 8, 11, 14, 21, 35, 33, 1, 29, 12, 15, 31, 4, 7, 36, 10, 14, 18, 2, 0, 0, 18, 1, 3, 5, 0, 11, 7, 16, 19, 13, 12, 25, 14, 30, 32, 6, 31, 9, 17, 6, 36, 0, 3, 5, 19, 0, 24, 10, 17, 3, 12, 13, 22, 6, 9, 16, 20, 2, 23, 0, 0, 4, 1, 3, 4, 8, 24, 6, 10, 21, 23, 29, 18, 34, 13, 5, 27, 11, 22, 15, 20, 12, 2, 10, 16, 18, 23, 13, 7, 1, 4, 5, 14, 7, 8, 0, 1, 11, 1, 4, 15, 0, 0, 0, 0, 0, 0, 0, 1, 9, 0, 2, 2, 0, 0, 1, 0, 1, 0, 0, 0, 0, 0, 4, 1, 0, 4, 1, 0, 9, 2, 0, 0, 0, 0, 1, 2, 0, 0, 0, 0, 0, 0, 0, 0, 0, 0, 0, 0, 0, 0, 0, 0, 0, 0, 0, 0, 0, 0, 0, 0, 0, 0, 0, 0, 0, 0, 0, 0, 0, 0, 0, 0, 0, 0, 0, 0, 0, 0, 0, 0, 0, 0, 0, 0, 0, 0, 0, 0, 0, 0, 0, 0, 0, 0, 0, 0, 0, 0, 0, 0, 0, 0, 0, 0, 0, 0, 0, 0, 0, 0, 0, 0, 0, 0, 0, 0, 0, 0, 0, 0, 0, 0, 0, 0, 0, 0, 0, 0, 0]
convergência = [38, 38, 38, 38, 38, 38, 38, 38, 38, 38, 38, 37, 37, 37, 37, 37, 37, 37, 37, 37, 37, 37, 37, 37, 37, 37, 37, 37, 37, 36, 36, 36, 36, 36, 36, 36, 36, 36, 36, 36, 36, 36, 36, 36, 36, 36, 36, 36, 36, 36, 36, 36, 36]
================================

----- Melhor execução -----
Span (lambda): 36
best_order = [0, 1, 2, 3, 235, 5, 6, 95, 8, 9, 384, 11, 12, 13, 14, 15, 16, 17, 18, 120, 20, 21, 22, 23, 24, 33, 35, 209, 28, 29, 372, 31, 32, 110, 34, 279, 36, 37, 38, 39, 40, 41, 69, 43, 44, 45, 82, 47, 48, 49, 50, 51, 52, 53, 54, 55, 56, 4, 58, 59, 60, 61, 62, 63, 64, 65, 66, 67, 231, 323, 70, 214, 247, 376, 74, 75, 76, 77, 78, 79, 80, 81, 308, 83, 84, 85, 86, 87, 88, 89, 90, 91, 92, 93, 94, 331, 96, 97, 98, 99, 100, 101, 303, 103, 104, 105, 403, 107, 108, 109, 318, 111, 112, 113, 114, 150, 175, 26, 118, 119, 19, 239, 122, 115, 124, 46, 126, 127, 128, 129, 130, 131, 132, 133, 134, 135, 136, 137, 138, 10, 140, 141, 142, 379, 162, 145, 146, 147, 148, 149, 272, 121, 152, 153, 154, 155, 156, 157, 415, 405, 160, 161, 413, 163, 164, 125, 166, 167, 168, 169, 170, 171, 172, 173, 106, 73, 176, 177, 178, 179, 180, 181, 182, 183, 184, 201, 186, 187, 188, 189, 190, 191, 192, 193, 139, 281, 196, 197, 198, 199, 200, 71, 202, 244, 204, 205, 206, 396, 208, 185, 25, 211, 212, 213, 401, 215, 216, 217, 218, 219, 220, 221, 222, 223, 224, 225, 27, 227, 228, 229, 295, 364, 232, 233, 234, 278, 284, 237, 123, 207, 240, 397, 242, 243, 349, 245, 246, 294, 248, 249, 250, 251, 252, 253, 254, 255, 241, 257, 258, 259, 260, 373, 262, 358, 264, 265, 266, 267, 165, 269, 270, 271, 317, 273, 391, 275, 276, 277, 400, 144, 280, 174, 282, 283, 338, 285, 286, 287, 288, 289, 290, 291, 292, 238, 274, 302, 296, 297, 298, 299, 300, 301, 316, 350, 304, 305, 306, 307, 385, 309, 310, 311, 312, 313, 314, 315, 195, 143, 226, 319, 320, 321, 322, 293, 324, 325, 326, 327, 328, 329, 330, 158, 332, 333, 334, 370, 336, 337, 7, 339, 340, 341, 342, 343, 344, 345, 346, 347, 348, 256, 42, 351, 352, 353, 354, 355, 356, 357, 263, 359, 360, 361, 362, 363, 194, 365, 366, 367, 368, 335, 72, 371, 151, 210, 374, 375, 102, 377, 378, 236, 380, 381, 382, 383, 369, 261, 386, 387, 388, 389, 390, 57, 392, 393, 394, 395, 117, 68, 398, 399, 230, 116, 402, 268, 404, 159, 406, 407, 408, 409, 410, 411, 412, 417, 414, 203, 416, 30, 418, 419]
labeling = [0, 0, 0, 2, 21, 4, 6, 32, 8, 1, 29, 10, 12, 3, 14, 5, 0, 7, 16, 26, 18, 2, 0, 9, 4, 29, 25, 23, 3, 6, 27, 8, 11, 0, 5, 1, 7, 3, 13, 1, 5, 1, 3, 0, 1, 9, 30, 11, 13, 15, 17, 19, 20, 22, 24, 25, 27, 32, 23, 6, 28, 11, 30, 13, 12, 15, 17, 19, 36, 10, 14, 31, 33, 30, 21, 12, 9, 16, 18, 20, 22, 2, 2, 4, 1, 3, 4, 7, 18, 23, 5, 26, 28, 2, 8, 0, 16, 4, 31, 9, 3, 14, 35, 8, 21, 5, 27, 20, 24, 22, 1, 7, 4, 2, 26, 28, 35, 32, 6, 11, 0, 15, 8, 10, 1, 1, 0, 3, 4, 10, 12, 14, 20, 32, 21, 16, 6, 11, 1, 34, 29, 12, 17, 33, 36, 7, 19, 10, 16, 18, 6, 30, 25, 13, 9, 23, 17, 19, 34, 30, 5, 21, 3, 24, 27, 12, 1, 1, 4, 6, 7, 13, 9, 17, 31, 2, 8, 5, 3, 15, 18, 10, 22, 20, 24, 27, 26, 4, 28, 2, 8, 11, 14, 21, 35, 33, 1, 29, 12, 15, 31, 4, 7, 36, 10, 14, 18, 2, 0, 0, 18, 1, 3, 5, 0, 11, 7, 16, 19, 13, 12, 25, 14, 30, 32, 6, 31, 9, 17, 6, 36, 0, 3, 5, 19, 0, 24, 10, 17, 3, 12, 13, 22, 6, 9, 16, 20, 2, 23, 0, 0, 4, 1, 3, 4, 8, 24, 6, 10, 21, 23, 29, 18, 34, 13, 5, 27, 11, 22, 15, 20, 12, 2, 10, 16, 18, 23, 13, 7, 1, 4, 5, 14, 7, 8, 0, 1, 11, 1, 4, 15, 0, 0, 0, 0, 0, 0, 0, 1, 9, 0, 2, 2, 0, 0, 1, 0, 1, 0, 0, 0, 0, 0, 4, 1, 0, 4, 1, 0, 9, 2, 0, 0, 0, 0, 1, 2, 0, 0, 0, 0, 0, 0, 0, 0, 0, 0, 0, 0, 0, 0, 0, 0, 0, 0, 0, 0, 0, 0, 0, 0, 0, 0, 0, 0, 0, 0, 0, 0, 0, 0, 0, 0, 0, 0, 0, 0, 0, 0, 0, 0, 0, 0, 0, 0, 0, 0, 0, 0, 0, 0, 0, 0, 0, 0, 0, 0, 0, 0, 0, 0, 0, 0, 0, 0, 0, 0, 0, 0, 0, 0, 0, 0, 0, 0, 0, 0, 0, 0, 0, 0, 0, 0, 0, 0, 0, 0, 0, 0, 0]
