===== RESULTADO GA L(2,1) =====
Arquivo: /Users/mateuspedrosa/Documents/TCC-II/BOGA/data/Harwell-Boeing_cleaned/bcsstm27_clean.mtx (undirected)
Crossover: cx | Mutação: em | pop=30 | gens=53 | mut=0.446 | cr=0.5724 | runs=1 | max-stagt=1031

----- Execução #1 -----
Span (lambda): 526
Parada: MAX_GENS (geração 53)
best_order = [0, 1, 2, 3, 4, 5, 6, 7, 8, 9, 10, 11, 12, 13, 14, 15, 16, 17, 18, 19, 20, 21, 22, 23, 24, 25, 26, 27, 28, 29, 30, 31, 32, 33, 34, 35, 36, 37, 38, 39, 40, 41, 42, 43, 44, 45, 46, 47, 48, 49, 50, 51, 52, 53, 54, 55, 56, 57, 58, 59, 60, 61, 62, 63, 64, 65, 66, 67, 68, 69, 70, 71, 72, 73, 74, 75, 76, 77, 78, 79, 80, 81, 82, 83, 84, 85, 86, 87, 88, 89, 90, 91, 92, 93, 94, 95, 96, 97, 98, 99, 100, 101, 102, 103, 104, 105, 106, 107, 108, 109, 110, 111, 112, 113, 114, 115, 116, 117, 118, 119, 120, 121, 122, 123, 124, 125, 126, 127, 128, 129, 130, 131, 132, 133, 134, 135, 136, 137, 138, 139, 140, 141, 142, 143, 144, 145, 146, 147, 148, 149, 150, 151, 152, 153, 154, 155, 156, 157, 158, 159, 160, 161, 162, 163, 164, 165, 166, 167, 168, 169, 170, 171, 172, 173, 174, 175, 176, 177, 178, 179, 180, 181, 182, 183, 184, 185, 186, 187, 188, 189, 190, 191, 192, 193, 194, 195, 196, 197, 198, 199, 200, 201, 202, 203, 204, 205, 206, 207, 208, 209, 210, 211, 212, 213, 214, 215, 216, 217, 218, 219, 220, 221, 222, 223, 224, 225, 226, 227, 228, 229, 230, 231, 232, 233, 234, 235, 236, 237, 238, 239, 240, 241, 242, 243, 244, 245, 246, 247, 248, 249, 250, 251, 252, 253, 254, 255, 256, 257, 258, 259, 260, 261, 262, 263, 264, 265, 266, 267, 268, 269, 270, 271, 272, 273, 274, 275, 276, 277, 278, 279, 280, 281, 282, 283, 284, 285, 286, 287, 288, 289, 290, 291, 292, 293, 294, 295, 296, 297, 298, 299, 300, 301, 302, 303, 304, 305, 306, 307, 308, 309, 310, 311, 312, 313, 314, 315, 316, 317, 318, 319, 320, 321, 322, 323, 324, 325, 326, 327, 328, 329, 330, 331, 332, 333, 334, 335, 336, 337, 338, 339, 340, 341, 342, 343, 344, 345, 346, 347, 348, 349, 350, 351, 352, 353, 354, 355, 356, 357, 358, 359, 360, 361, 362, 363, 364, 365, 366, 367, 368, 369, 370, 371, 372, 373, 374, 375, 376, 377, 378, 379, 380, 381, 382, 383, 384, 385, 386, 387, 388, 389, 390, 391, 392, 393, 394, 395, 396, 397, 398, 399, 400, 401, 402, 403, 404, 405, 406, 407, 408, 409, 410, 411, 412, 413, 414, 415, 416, 417, 418, 419, 420, 421, 422, 423, 424, 425, 426, 427, 428, 429, 430, 431, 432, 433, 434, 435, 436, 437, 438, 439, 440, 441, 442, 443, 444, 445, 446, 447, 448, 449, 450, 451, 452, 453, 454, 455, 456, 457, 458, 459, 460, 461, 462, 463, 464, 465, 466, 467, 468, 469, 470, 471, 472, 473, 474, 475, 476, 477, 478, 479, 480, 481, 482, 483, 484, 485, 486, 487, 488, 489, 490, 491, 492, 493, 494, 495, 496, 497, 498, 499, 500, 501, 502, 503, 504, 505, 506, 507, 508, 509, 510, 511, 512, 513, 514, 515, 516, 517, 518, 519, 520, 521, 522, 523, 524, 525, 526, 527, 528, 529, 530, 531, 532, 533, 534, 535, 536, 537, 538, 539, 540, 541, 542, 543, 544, 545, 546, 547, 548, 549, 550, 551, 552, 553, 554, 555, 556, 557, 558, 559, 560, 561, 562, 563, 564, 565, 566, 567, 568, 569, 570, 571, 572, 573, 574, 575, 576, 577, 578, 579, 580, 581, 582, 583, 584, 585, 586, 587, 588, 589, 590, 591, 592, 593, 594, 595, 596, 597, 598, 599, 600, 601, 602, 603, 604, 605, 606, 607, 608, 609, 610, 611, 612, 613, 614, 615, 616, 617, 618, 619, 620, 621, 622, 623, 624, 625, 626, 627, 628, 629, 630, 631, 632, 633, 634, 635, 636, 637, 638, 639, 640, 641, 642, 643, 644, 645, 646, 647, 648, 649, 650, 651, 652, 653, 654, 655, 656, 657, 658, 659, 660, 661, 662, 663, 664, 665, 666, 667, 668, 669, 670, 671, 672, 673, 674, 675, 676, 677, 678, 679, 680, 681, 682, 683, 684, 685, 686, 687, 688, 689, 690, 691, 692, 693, 694, 695, 696, 697, 698, 699, 700, 701, 702, 703, 704, 705, 706, 707, 708, 709, 710, 711, 712, 713, 714, 715, 716, 717, 718, 719, 720, 721, 722, 723, 724, 725, 726, 727, 728, 729, 730, 731, 732, 733, 734, 735, 736, 737, 738, 739, 740, 741, 742, 743, 744, 745, 746, 747, 748, 749, 750, 751, 752, 753, 754, 755, 756, 757, 758, 759, 760, 761, 762, 763, 764, 765, 766, 767, 768, 769, 770, 771, 772, 773, 774, 775, 776, 777, 778, 779, 780, 781, 782, 783, 784, 785, 786, 787, 788, 789, 790, 791, 792, 793, 794, 795, 796, 797, 798, 799, 800, 801, 802, 803, 804, 805, 806, 807, 808, 809, 810, 811, 812, 813, 814, 815, 816, 817, 818, 819, 820, 821, 822, 823, 824, 825, 826, 827, 828, 829, 830, 831, 832, 833, 834, 835, 836, 837, 838, 839, 840, 841, 842, 843, 844, 845, 846, 847, 848, 849, 850, 851, 852, 853, 854, 855, 856, 857, 858, 859, 860, 861, 862, 863, 864, 865, 866, 867, 868, 869, 870, 871, 872, 873, 874, 875, 876, 877, 878, 879, 880, 881, 882, 883, 884, 885, 886, 887, 888, 889, 890, 891, 892, 893, 894, 895, 896, 897, 898, 899, 900, 901, 902, 903, 904, 905, 906, 907, 908, 909, 910, 911, 912, 913, 914, 915, 916, 917, 918, 919, 920, 921, 922, 923, 924, 925, 926, 927, 928, 929, 930, 931, 932, 933, 934, 935, 936, 937, 938, 939, 940, 941, 942, 943, 944, 945, 946, 947, 948, 949, 950, 951, 952, 953, 954, 955, 956, 957, 958, 959, 960, 961, 962, 963, 964, 965, 966, 967, 968, 969, 970, 971, 972, 973, 974, 975, 976, 977, 978, 979, 980, 981, 982, 983, 984, 985, 986, 987, 988, 989, 990, 991, 992, 993, 994, 995, 996, 997, 998, 999, 1000, 1001, 1002, 1003, 1004, 1005, 1006, 1007, 1008, 1009, 1010, 1011, 1012, 1013, 1014, 1015, 1016, 1017, 1018, 1019, 1020, 1021, 1022, 1023, 1024, 1025, 1026, 1027, 1028, 1029, 1030, 1031, 1032, 1033, 1034, 1035, 1036, 1037, 1038, 1039, 1040, 1041, 1042, 1043, 1044, 1045, 1046, 1047, 1048, 1049, 1050, 1051, 1052, 1053, 1054, 1055, 1056, 1057, 1058, 1059, 1060, 1061, 1062, 1063, 1064, 1065, 1066, 1067, 1068, 1069, 1070, 1071, 1072, 1073, 1074, 1075, 1076, 1077, 1078, 1079, 1080, 1081, 1082, 1083, 1084, 1085, 1086, 1087, 1088, 1089, 1090, 1091, 1092, 1093, 1094, 1095, 1096, 1097, 1098, 1099, 1100, 1101, 1102, 1103, 1104, 1105, 1106, 1107, 1108, 1109, 1110, 1111, 1112, 1113, 1114, 1115, 1116, 1117, 1118, 1119, 1120, 1121, 1122, 1123, 1124, 1125, 1126, 1127, 1128, 1129, 1130, 1131, 1132, 1133, 1134, 1135, 1136, 1137, 1138, 1139, 1140, 1141, 1142, 1143, 1144, 1145, 1146, 1147, 1148, 1149, 1150, 1151, 1152, 1153, 1154, 1155, 1156, 1157, 1158, 1159, 1160, 1161, 1162, 1163, 1164, 1165, 1166, 1167, 1168, 1169, 1170, 1171, 1172, 1173, 1174, 1175, 1176, 1177, 1178, 1179, 1180, 1181, 1182, 1183, 1184, 1185, 1186, 1187, 1188, 1189, 1190, 1191, 1192, 1193, 1194, 1195, 1196, 1197, 1198, 1199, 1200, 1201, 1202, 1203, 1204, 1205, 1206, 1207, 1208, 1209, 1210, 1211, 1212, 1213, 1214, 1215, 1216, 1217, 1218, 1219, 1220, 1221, 1222, 1223]
labeling = [0, 2, 3, 5, 7, 9, 11, 1, 13, 4, 6, 8, 10, 15, 12, 17, 19, 14, 16, 18, 20, 22, 24, 26, 28, 30, 32, 21, 34, 19, 36, 38, 39, 23, 20, 25, 27, 29, 31, 33, 35, 37, 40, 42, 43, 45, 22, 47, 24, 28, 32, 41, 35, 10, 44, 46, 48, 50, 52, 54, 56, 58, 60, 62, 64, 66, 68, 49, 51, 53, 55, 70, 72, 57, 59, 61, 63, 65, 67, 52, 50, 54, 69, 71, 73, 27, 17, 67, 69, 74, 76, 78, 71, 80, 82, 84, 86, 88, 90, 92, 94, 75, 77, 79, 81, 44, 96, 83, 85, 87, 89, 91, 93, 95, 6, 97, 26, 12, 99, 4, 37, 55, 98, 100, 13, 102, 59, 47, 104, 36, 106, 108, 110, 112, 114, 39, 101, 103, 116, 118, 120, 105, 107, 109, 111, 113, 122, 64, 34, 66, 23, 40, 115, 23, 16, 41, 117, 119, 33, 121, 18, 123, 125, 65, 127, 54, 129, 131, 133, 124, 135, 137, 139, 141, 143, 126, 82, 128, 130, 68, 132, 90, 92, 134, 136, 138, 43, 45, 43, 49, 56, 140, 58, 142, 113, 144, 146, 148, 150, 152, 154, 156, 158, 145, 160, 162, 164, 166, 168, 147, 151, 149, 76, 25, 153, 155, 157, 159, 161, 163, 165, 151, 62, 74, 78, 167, 51, 169, 171, 80, 173, 175, 63, 177, 61, 179, 70, 170, 172, 181, 183, 57, 85, 174, 176, 178, 38, 69, 185, 180, 182, 31, 187, 189, 191, 15, 40, 88, 46, 184, 29, 186, 188, 190, 192, 194, 47, 196, 21, 198, 75, 200, 202, 204, 206, 107, 136, 193, 195, 197, 41, 81, 208, 199, 201, 84, 203, 205, 210, 17, 97, 71, 48, 207, 37, 209, 211, 213, 215, 217, 79, 219, 87, 221, 95, 212, 214, 223, 161, 225, 227, 216, 218, 220, 76, 90, 229, 222, 224, 8, 168, 52, 226, 55, 44, 73, 82, 155, 66, 228, 230, 232, 234, 236, 98, 238, 171, 240, 131, 231, 233, 242, 180, 101, 189, 235, 237, 239, 108, 244, 114, 241, 246, 86, 248, 97, 250, 25, 77, 94, 75, 125, 89, 243, 245, 247, 249, 251, 253, 255, 257, 259, 59, 261, 263, 265, 112, 110, 116, 252, 254, 256, 92, 258, 134, 260, 262, 187, 264, 53, 266, 43, 96, 99, 58, 133, 50, 267, 227, 269, 271, 273, 275, 277, 279, 281, 93, 268, 270, 283, 123, 121, 129, 272, 274, 225, 103, 276, 138, 278, 280, 282, 284, 286, 288, 47, 54, 60, 105, 188, 285, 287, 102, 289, 291, 293, 295, 297, 299, 301, 106, 290, 156, 303, 118, 109, 111, 292, 294, 35, 83, 296, 146, 298, 300, 302, 304, 306, 308, 57, 62, 65, 100, 305, 307, 309, 122, 311, 313, 315, 317, 319, 321, 144, 120, 310, 203, 312, 130, 115, 135, 314, 316, 318, 320, 322, 173, 324, 326, 328, 330, 332, 334, 84, 59, 104, 128, 323, 325, 327, 96, 329, 331, 333, 335, 149, 337, 178, 127, 339, 205, 341, 107, 137, 140, 336, 343, 345, 347, 349, 244, 338, 340, 351, 353, 355, 357, 61, 56, 64, 141, 342, 344, 346, 163, 348, 350, 352, 354, 211, 356, 183, 132, 358, 230, 360, 142, 152, 154, 362, 364, 366, 368, 370, 258, 359, 372, 12, 374, 376, 378, 40, 77, 72, 143, 361, 363, 365, 117, 367, 369, 371, 373, 240, 375, 221, 119, 377, 245, 379, 139, 157, 186, 381, 383, 385, 387, 389, 248, 391, 393, 27, 395, 397, 399, 91, 63, 49, 159, 380, 382, 384, 150, 386, 388, 390, 392, 243, 394, 247, 124, 396, 250, 398, 101, 166, 182, 401, 403, 405, 407, 409, 264, 411, 413, 167, 415, 417, 419, 110, 15, 51, 138, 400, 402, 404, 200, 406, 408, 410, 412, 259, 414, 206, 137, 416, 266, 418, 126, 160, 179, 421, 423, 425, 427, 429, 246, 431, 433, 169, 435, 437, 439, 37, 21, 86, 176, 420, 422, 424, 238, 426, 428, 430, 432, 274, 434, 242, 142, 436, 283, 438, 130, 162, 184, 441, 443, 445, 447, 449, 276, 451, 453, 8, 455, 457, 459, 41, 26, 50, 164, 440, 442, 444, 446, 448, 450, 452, 454, 267, 456, 255, 285, 458, 265, 281, 95, 177, 195, 461, 463, 465, 467, 469, 294, 471, 473, 44, 475, 477, 479, 45, 30, 92, 145, 460, 462, 464, 466, 468, 470, 472, 474, 287, 476, 210, 289, 478, 303, 277, 108, 181, 147, 481, 483, 485, 487, 489, 284, 491, 493, 52, 495, 497, 499, 480, 33, 79, 148, 482, 484, 486, 488, 42, 490, 492, 494, 282, 496, 226, 307, 498, 311, 309, 123, 198, 153, 501, 503, 505, 507, 509, 232, 511, 513, 64, 515, 517, 519, 500, 23, 121, 152, 502, 504, 506, 508, 74, 510, 512, 514, 304, 77, 31, 40, 516, 13, 6, 8, 10, 15, 201, 520, 521, 17, 522, 1, 46, 39, 523, 6, 524, 12, 518, 1, 38, 54, 525, 4, 8, 31, 80, 14, 526, 29, 1, 9, 70, 19, 2, 1, 4, 6, 9, 10, 0, 0, 0, 0, 0, 0, 0, 0, 0, 0, 0, 0, 0, 0, 0, 0, 0, 0, 0, 0, 0, 0, 0, 0, 0, 0, 0, 0, 0, 0, 0, 0, 0, 0, 0, 0, 0, 0, 0, 0, 0, 0, 0, 0, 0, 0, 0, 0, 0, 0, 0, 0, 0, 0, 0, 0, 0, 0, 0, 0, 0, 0, 0, 0, 0, 0, 0, 0, 0, 0, 0, 0, 0, 0, 0, 0, 0, 0, 0, 0, 0, 0, 0, 0, 0, 0, 0, 0, 0, 0, 0, 0, 0, 0, 0, 0, 0, 0, 0, 0, 0, 0, 0, 0, 0, 0, 0, 0, 0, 0, 0, 0, 0, 0, 0, 0, 0, 0, 0, 0, 0, 0, 0, 0, 0, 0, 0, 0, 0, 0, 0, 0, 0, 0, 0, 0, 0, 0, 0, 0, 0, 0, 0, 0, 0, 0, 0, 0, 0, 0, 0, 0, 0, 0, 0, 0, 0, 0, 0, 0, 0, 0, 0, 0, 0, 0, 0, 0, 0, 0, 0, 0, 0, 0, 0, 0, 0, 0, 0, 0, 0, 0, 0, 0, 0, 0, 0, 0, 0, 0, 0, 0, 0, 0, 0, 0, 0, 0, 0, 0, 0, 0, 0, 0, 0, 0, 0, 0, 0, 0, 0, 0, 0, 0, 0, 0, 0, 0, 0, 0, 0, 0, 0, 0, 0, 0, 0, 0, 0, 0, 0, 0, 0, 0, 0, 0, 0, 0, 0, 0, 0, 0, 0, 0, 0, 0, 0, 0, 0, 0, 0, 0, 0, 0, 0, 0, 0, 0, 0, 0, 0, 0, 0, 0, 0, 0, 0, 0, 0, 0, 0, 0, 0, 0, 0, 0, 0, 0, 0, 0, 0, 0, 0, 0, 0, 0, 0, 0, 0, 0, 0, 0, 0, 0, 0, 0, 0, 0, 0, 0, 0, 0, 0, 0, 0, 0, 0, 0, 0, 0, 0, 0, 0, 0, 0, 0, 0, 0, 0, 0, 0, 0, 0, 0, 0, 0, 0, 0, 0, 0, 0, 0, 0, 0, 0, 0, 0, 0, 0, 0, 0, 0, 0, 0, 0, 0, 0, 0, 0, 0, 0, 0, 0, 0, 0, 0, 0, 0, 0, 0, 0, 0, 0, 0, 0, 0, 0, 0, 0]
convergência = [526, 526, 526, 526, 526, 526, 526, 526, 526, 526, 526, 526, 526, 526, 526, 526, 526, 526, 526, 526, 526, 526, 526, 526, 526, 526, 526, 526, 526, 526, 526, 526, 526, 526, 526, 526, 526, 526, 526, 526, 526, 526, 526, 526, 526, 526, 526, 526, 526, 526, 526, 526, 526]
================================

----- Melhor execução -----
Span (lambda): 526
best_order = [0, 1, 2, 3, 4, 5, 6, 7, 8, 9, 10, 11, 12, 13, 14, 15, 16, 17, 18, 19, 20, 21, 22, 23, 24, 25, 26, 27, 28, 29, 30, 31, 32, 33, 34, 35, 36, 37, 38, 39, 40, 41, 42, 43, 44, 45, 46, 47, 48, 49, 50, 51, 52, 53, 54, 55, 56, 57, 58, 59, 60, 61, 62, 63, 64, 65, 66, 67, 68, 69, 70, 71, 72, 73, 74, 75, 76, 77, 78, 79, 80, 81, 82, 83, 84, 85, 86, 87, 88, 89, 90, 91, 92, 93, 94, 95, 96, 97, 98, 99, 100, 101, 102, 103, 104, 105, 106, 107, 108, 109, 110, 111, 112, 113, 114, 115, 116, 117, 118, 119, 120, 121, 122, 123, 124, 125, 126, 127, 128, 129, 130, 131, 132, 133, 134, 135, 136, 137, 138, 139, 140, 141, 142, 143, 144, 145, 146, 147, 148, 149, 150, 151, 152, 153, 154, 155, 156, 157, 158, 159, 160, 161, 162, 163, 164, 165, 166, 167, 168, 169, 170, 171, 172, 173, 174, 175, 176, 177, 178, 179, 180, 181, 182, 183, 184, 185, 186, 187, 188, 189, 190, 191, 192, 193, 194, 195, 196, 197, 198, 199, 200, 201, 202, 203, 204, 205, 206, 207, 208, 209, 210, 211, 212, 213, 214, 215, 216, 217, 218, 219, 220, 221, 222, 223, 224, 225, 226, 227, 228, 229, 230, 231, 232, 233, 234, 235, 236, 237, 238, 239, 240, 241, 242, 243, 244, 245, 246, 247, 248, 249, 250, 251, 252, 253, 254, 255, 256, 257, 258, 259, 260, 261, 262, 263, 264, 265, 266, 267, 268, 269, 270, 271, 272, 273, 274, 275, 276, 277, 278, 279, 280, 281, 282, 283, 284, 285, 286, 287, 288, 289, 290, 291, 292, 293, 294, 295, 296, 297, 298, 299, 300, 301, 302, 303, 304, 305, 306, 307, 308, 309, 310, 311, 312, 313, 314, 315, 316, 317, 318, 319, 320, 321, 322, 323, 324, 325, 326, 327, 328, 329, 330, 331, 332, 333, 334, 335, 336, 337, 338, 339, 340, 341, 342, 343, 344, 345, 346, 347, 348, 349, 350, 351, 352, 353, 354, 355, 356, 357, 358, 359, 360, 361, 362, 363, 364, 365, 366, 367, 368, 369, 370, 371, 372, 373, 374, 375, 376, 377, 378, 379, 380, 381, 382, 383, 384, 385, 386, 387, 388, 389, 390, 391, 392, 393, 394, 395, 396, 397, 398, 399, 400, 401, 402, 403, 404, 405, 406, 407, 408, 409, 410, 411, 412, 413, 414, 415, 416, 417, 418, 419, 420, 421, 422, 423, 424, 425, 426, 427, 428, 429, 430, 431, 432, 433, 434, 435, 436, 437, 438, 439, 440, 441, 442, 443, 444, 445, 446, 447, 448, 449, 450, 451, 452, 453, 454, 455, 456, 457, 458, 459, 460, 461, 462, 463, 464, 465, 466, 467, 468, 469, 470, 471, 472, 473, 474, 475, 476, 477, 478, 479, 480, 481, 482, 483, 484, 485, 486, 487, 488, 489, 490, 491, 492, 493, 494, 495, 496, 497, 498, 499, 500, 501, 502, 503, 504, 505, 506, 507, 508, 509, 510, 511, 512, 513, 514, 515, 516, 517, 518, 519, 520, 521, 522, 523, 524, 525, 526, 527, 528, 529, 530, 531, 532, 533, 534, 535, 536, 537, 538, 539, 540, 541, 542, 543, 544, 545, 546, 547, 548, 549, 550, 551, 552, 553, 554, 555, 556, 557, 558, 559, 560, 561, 562, 563, 564, 565, 566, 567, 568, 569, 570, 571, 572, 573, 574, 575, 576, 577, 578, 579, 580, 581, 582, 583, 584, 585, 586, 587, 588, 589, 590, 591, 592, 593, 594, 595, 596, 597, 598, 599, 600, 601, 602, 603, 604, 605, 606, 607, 608, 609, 610, 611, 612, 613, 614, 615, 616, 617, 618, 619, 620, 621, 622, 623, 624, 625, 626, 627, 628, 629, 630, 631, 632, 633, 634, 635, 636, 637, 638, 639, 640, 641, 642, 643, 644, 645, 646, 647, 648, 649, 650, 651, 652, 653, 654, 655, 656, 657, 658, 659, 660, 661, 662, 663, 664, 665, 666, 667, 668, 669, 670, 671, 672, 673, 674, 675, 676, 677, 678, 679, 680, 681, 682, 683, 684, 685, 686, 687, 688, 689, 690, 691, 692, 693, 694, 695, 696, 697, 698, 699, 700, 701, 702, 703, 704, 705, 706, 707, 708, 709, 710, 711, 712, 713, 714, 715, 716, 717, 718, 719, 720, 721, 722, 723, 724, 725, 726, 727, 728, 729, 730, 731, 732, 733, 734, 735, 736, 737, 738, 739, 740, 741, 742, 743, 744, 745, 746, 747, 748, 749, 750, 751, 752, 753, 754, 755, 756, 757, 758, 759, 760, 761, 762, 763, 764, 765, 766, 767, 768, 769, 770, 771, 772, 773, 774, 775, 776, 777, 778, 779, 780, 781, 782, 783, 784, 785, 786, 787, 788, 789, 790, 791, 792, 793, 794, 795, 796, 797, 798, 799, 800, 801, 802, 803, 804, 805, 806, 807, 808, 809, 810, 811, 812, 813, 814, 815, 816, 817, 818, 819, 820, 821, 822, 823, 824, 825, 826, 827, 828, 829, 830, 831, 832, 833, 834, 835, 836, 837, 838, 839, 840, 841, 842, 843, 844, 845, 846, 847, 848, 849, 850, 851, 852, 853, 854, 855, 856, 857, 858, 859, 860, 861, 862, 863, 864, 865, 866, 867, 868, 869, 870, 871, 872, 873, 874, 875, 876, 877, 878, 879, 880, 881, 882, 883, 884, 885, 886, 887, 888, 889, 890, 891, 892, 893, 894, 895, 896, 897, 898, 899, 900, 901, 902, 903, 904, 905, 906, 907, 908, 909, 910, 911, 912, 913, 914, 915, 916, 917, 918, 919, 920, 921, 922, 923, 924, 925, 926, 927, 928, 929, 930, 931, 932, 933, 934, 935, 936, 937, 938, 939, 940, 941, 942, 943, 944, 945, 946, 947, 948, 949, 950, 951, 952, 953, 954, 955, 956, 957, 958, 959, 960, 961, 962, 963, 964, 965, 966, 967, 968, 969, 970, 971, 972, 973, 974, 975, 976, 977, 978, 979, 980, 981, 982, 983, 984, 985, 986, 987, 988, 989, 990, 991, 992, 993, 994, 995, 996, 997, 998, 999, 1000, 1001, 1002, 1003, 1004, 1005, 1006, 1007, 1008, 1009, 1010, 1011, 1012, 1013, 1014, 1015, 1016, 1017, 1018, 1019, 1020, 1021, 1022, 1023, 1024, 1025, 1026, 1027, 1028, 1029, 1030, 1031, 1032, 1033, 1034, 1035, 1036, 1037, 1038, 1039, 1040, 1041, 1042, 1043, 1044, 1045, 1046, 1047, 1048, 1049, 1050, 1051, 1052, 1053, 1054, 1055, 1056, 1057, 1058, 1059, 1060, 1061, 1062, 1063, 1064, 1065, 1066, 1067, 1068, 1069, 1070, 1071, 1072, 1073, 1074, 1075, 1076, 1077, 1078, 1079, 1080, 1081, 1082, 1083, 1084, 1085, 1086, 1087, 1088, 1089, 1090, 1091, 1092, 1093, 1094, 1095, 1096, 1097, 1098, 1099, 1100, 1101, 1102, 1103, 1104, 1105, 1106, 1107, 1108, 1109, 1110, 1111, 1112, 1113, 1114, 1115, 1116, 1117, 1118, 1119, 1120, 1121, 1122, 1123, 1124, 1125, 1126, 1127, 1128, 1129, 1130, 1131, 1132, 1133, 1134, 1135, 1136, 1137, 1138, 1139, 1140, 1141, 1142, 1143, 1144, 1145, 1146, 1147, 1148, 1149, 1150, 1151, 1152, 1153, 1154, 1155, 1156, 1157, 1158, 1159, 1160, 1161, 1162, 1163, 1164, 1165, 1166, 1167, 1168, 1169, 1170, 1171, 1172, 1173, 1174, 1175, 1176, 1177, 1178, 1179, 1180, 1181, 1182, 1183, 1184, 1185, 1186, 1187, 1188, 1189, 1190, 1191, 1192, 1193, 1194, 1195, 1196, 1197, 1198, 1199, 1200, 1201, 1202, 1203, 1204, 1205, 1206, 1207, 1208, 1209, 1210, 1211, 1212, 1213, 1214, 1215, 1216, 1217, 1218, 1219, 1220, 1221, 1222, 1223]
labeling = [0, 2, 3, 5, 7, 9, 11, 1, 13, 4, 6, 8, 10, 15, 12, 17, 19, 14, 16, 18, 20, 22, 24, 26, 28, 30, 32, 21, 34, 19, 36, 38, 39, 23, 20, 25, 27, 29, 31, 33, 35, 37, 40, 42, 43, 45, 22, 47, 24, 28, 32, 41, 35, 10, 44, 46, 48, 50, 52, 54, 56, 58, 60, 62, 64, 66, 68, 49, 51, 53, 55, 70, 72, 57, 59, 61, 63, 65, 67, 52, 50, 54, 69, 71, 73, 27, 17, 67, 69, 74, 76, 78, 71, 80, 82, 84, 86, 88, 90, 92, 94, 75, 77, 79, 81, 44, 96, 83, 85, 87, 89, 91, 93, 95, 6, 97, 26, 12, 99, 4, 37, 55, 98, 100, 13, 102, 59, 47, 104, 36, 106, 108, 110, 112, 114, 39, 101, 103, 116, 118, 120, 105, 107, 109, 111, 113, 122, 64, 34, 66, 23, 40, 115, 23, 16, 41, 117, 119, 33, 121, 18, 123, 125, 65, 127, 54, 129, 131, 133, 124, 135, 137, 139, 141, 143, 126, 82, 128, 130, 68, 132, 90, 92, 134, 136, 138, 43, 45, 43, 49, 56, 140, 58, 142, 113, 144, 146, 148, 150, 152, 154, 156, 158, 145, 160, 162, 164, 166, 168, 147, 151, 149, 76, 25, 153, 155, 157, 159, 161, 163, 165, 151, 62, 74, 78, 167, 51, 169, 171, 80, 173, 175, 63, 177, 61, 179, 70, 170, 172, 181, 183, 57, 85, 174, 176, 178, 38, 69, 185, 180, 182, 31, 187, 189, 191, 15, 40, 88, 46, 184, 29, 186, 188, 190, 192, 194, 47, 196, 21, 198, 75, 200, 202, 204, 206, 107, 136, 193, 195, 197, 41, 81, 208, 199, 201, 84, 203, 205, 210, 17, 97, 71, 48, 207, 37, 209, 211, 213, 215, 217, 79, 219, 87, 221, 95, 212, 214, 223, 161, 225, 227, 216, 218, 220, 76, 90, 229, 222, 224, 8, 168, 52, 226, 55, 44, 73, 82, 155, 66, 228, 230, 232, 234, 236, 98, 238, 171, 240, 131, 231, 233, 242, 180, 101, 189, 235, 237, 239, 108, 244, 114, 241, 246, 86, 248, 97, 250, 25, 77, 94, 75, 125, 89, 243, 245, 247, 249, 251, 253, 255, 257, 259, 59, 261, 263, 265, 112, 110, 116, 252, 254, 256, 92, 258, 134, 260, 262, 187, 264, 53, 266, 43, 96, 99, 58, 133, 50, 267, 227, 269, 271, 273, 275, 277, 279, 281, 93, 268, 270, 283, 123, 121, 129, 272, 274, 225, 103, 276, 138, 278, 280, 282, 284, 286, 288, 47, 54, 60, 105, 188, 285, 287, 102, 289, 291, 293, 295, 297, 299, 301, 106, 290, 156, 303, 118, 109, 111, 292, 294, 35, 83, 296, 146, 298, 300, 302, 304, 306, 308, 57, 62, 65, 100, 305, 307, 309, 122, 311, 313, 315, 317, 319, 321, 144, 120, 310, 203, 312, 130, 115, 135, 314, 316, 318, 320, 322, 173, 324, 326, 328, 330, 332, 334, 84, 59, 104, 128, 323, 325, 327, 96, 329, 331, 333, 335, 149, 337, 178, 127, 339, 205, 341, 107, 137, 140, 336, 343, 345, 347, 349, 244, 338, 340, 351, 353, 355, 357, 61, 56, 64, 141, 342, 344, 346, 163, 348, 350, 352, 354, 211, 356, 183, 132, 358, 230, 360, 142, 152, 154, 362, 364, 366, 368, 370, 258, 359, 372, 12, 374, 376, 378, 40, 77, 72, 143, 361, 363, 365, 117, 367, 369, 371, 373, 240, 375, 221, 119, 377, 245, 379, 139, 157, 186, 381, 383, 385, 387, 389, 248, 391, 393, 27, 395, 397, 399, 91, 63, 49, 159, 380, 382, 384, 150, 386, 388, 390, 392, 243, 394, 247, 124, 396, 250, 398, 101, 166, 182, 401, 403, 405, 407, 409, 264, 411, 413, 167, 415, 417, 419, 110, 15, 51, 138, 400, 402, 404, 200, 406, 408, 410, 412, 259, 414, 206, 137, 416, 266, 418, 126, 160, 179, 421, 423, 425, 427, 429, 246, 431, 433, 169, 435, 437, 439, 37, 21, 86, 176, 420, 422, 424, 238, 426, 428, 430, 432, 274, 434, 242, 142, 436, 283, 438, 130, 162, 184, 441, 443, 445, 447, 449, 276, 451, 453, 8, 455, 457, 459, 41, 26, 50, 164, 440, 442, 444, 446, 448, 450, 452, 454, 267, 456, 255, 285, 458, 265, 281, 95, 177, 195, 461, 463, 465, 467, 469, 294, 471, 473, 44, 475, 477, 479, 45, 30, 92, 145, 460, 462, 464, 466, 468, 470, 472, 474, 287, 476, 210, 289, 478, 303, 277, 108, 181, 147, 481, 483, 485, 487, 489, 284, 491, 493, 52, 495, 497, 499, 480, 33, 79, 148, 482, 484, 486, 488, 42, 490, 492, 494, 282, 496, 226, 307, 498, 311, 309, 123, 198, 153, 501, 503, 505, 507, 509, 232, 511, 513, 64, 515, 517, 519, 500, 23, 121, 152, 502, 504, 506, 508, 74, 510, 512, 514, 304, 77, 31, 40, 516, 13, 6, 8, 10, 15, 201, 520, 521, 17, 522, 1, 46, 39, 523, 6, 524, 12, 518, 1, 38, 54, 525, 4, 8, 31, 80, 14, 526, 29, 1, 9, 70, 19, 2, 1, 4, 6, 9, 10, 0, 0, 0, 0, 0, 0, 0, 0, 0, 0, 0, 0, 0, 0, 0, 0, 0, 0, 0, 0, 0, 0, 0, 0, 0, 0, 0, 0, 0, 0, 0, 0, 0, 0, 0, 0, 0, 0, 0, 0, 0, 0, 0, 0, 0, 0, 0, 0, 0, 0, 0, 0, 0, 0, 0, 0, 0, 0, 0, 0, 0, 0, 0, 0, 0, 0, 0, 0, 0, 0, 0, 0, 0, 0, 0, 0, 0, 0, 0, 0, 0, 0, 0, 0, 0, 0, 0, 0, 0, 0, 0, 0, 0, 0, 0, 0, 0, 0, 0, 0, 0, 0, 0, 0, 0, 0, 0, 0, 0, 0, 0, 0, 0, 0, 0, 0, 0, 0, 0, 0, 0, 0, 0, 0, 0, 0, 0, 0, 0, 0, 0, 0, 0, 0, 0, 0, 0, 0, 0, 0, 0, 0, 0, 0, 0, 0, 0, 0, 0, 0, 0, 0, 0, 0, 0, 0, 0, 0, 0, 0, 0, 0, 0, 0, 0, 0, 0, 0, 0, 0, 0, 0, 0, 0, 0, 0, 0, 0, 0, 0, 0, 0, 0, 0, 0, 0, 0, 0, 0, 0, 0, 0, 0, 0, 0, 0, 0, 0, 0, 0, 0, 0, 0, 0, 0, 0, 0, 0, 0, 0, 0, 0, 0, 0, 0, 0, 0, 0, 0, 0, 0, 0, 0, 0, 0, 0, 0, 0, 0, 0, 0, 0, 0, 0, 0, 0, 0, 0, 0, 0, 0, 0, 0, 0, 0, 0, 0, 0, 0, 0, 0, 0, 0, 0, 0, 0, 0, 0, 0, 0, 0, 0, 0, 0, 0, 0, 0, 0, 0, 0, 0, 0, 0, 0, 0, 0, 0, 0, 0, 0, 0, 0, 0, 0, 0, 0, 0, 0, 0, 0, 0, 0, 0, 0, 0, 0, 0, 0, 0, 0, 0, 0, 0, 0, 0, 0, 0, 0, 0, 0, 0, 0, 0, 0, 0, 0, 0, 0, 0, 0, 0, 0, 0, 0, 0, 0, 0, 0, 0, 0, 0, 0, 0, 0, 0, 0, 0, 0, 0, 0, 0, 0, 0, 0, 0, 0, 0, 0, 0, 0, 0, 0, 0, 0, 0, 0, 0, 0, 0, 0, 0, 0, 0, 0, 0, 0, 0, 0, 0]
