===== RESULTADO GA L(2,1) =====
Arquivo: /Users/mateuspedrosa/Documents/TCC-II/BOGA/data/Harwell-Boeing_cleaned/bcsstk27_clean.mtx (undirected)
Crossover: cx | Mutação: em | pop=30 | gens=53 | mut=0.446 | cr=0.5724 | runs=1 | max-stagt=1031

----- Execução #1 -----
Span (lambda): 199
Parada: MAX_GENS (geração 53)
best_order = [0, 1, 2, 3, 482, 5, 6, 7, 8, 9, 571, 11, 12, 13, 14, 15, 16, 17, 18, 19, 20, 21, 22, 23, 24, 25, 487, 484, 28, 29, 30, 31, 32, 33, 34, 1128, 36, 456, 38, 39, 40, 41, 42, 1208, 44, 45, 46, 47, 48, 49, 50, 51, 52, 53, 54, 736, 1039, 611, 58, 59, 671, 61, 62, 63, 64, 65, 66, 192, 68, 1117, 398, 71, 72, 56, 74, 75, 76, 77, 607, 79, 80, 81, 82, 83, 73, 85, 271, 1018, 88, 89, 90, 91, 92, 93, 94, 95, 1104, 97, 98, 250, 100, 101, 887, 1067, 104, 105, 589, 107, 108, 109, 1172, 1105, 112, 78, 114, 115, 116, 117, 546, 119, 893, 121, 122, 123, 124, 125, 1210, 360, 128, 129, 130, 131, 132, 179, 134, 135, 136, 137, 138, 139, 140, 332, 142, 143, 1169, 145, 146, 493, 148, 149, 150, 784, 152, 153, 154, 155, 55, 157, 158, 159, 160, 1178, 162, 163, 164, 165, 166, 167, 168, 169, 170, 171, 172, 173, 925, 175, 176, 637, 178, 621, 180, 181, 182, 183, 1076, 185, 186, 187, 188, 808, 190, 191, 557, 779, 194, 195, 196, 197, 198, 199, 200, 309, 202, 203, 204, 633, 206, 207, 208, 209, 210, 211, 212, 844, 214, 215, 216, 217, 37, 219, 220, 221, 1058, 223, 224, 225, 1005, 227, 228, 229, 494, 231, 232, 233, 234, 235, 236, 237, 238, 239, 240, 241, 242, 243, 1059, 849, 246, 247, 1122, 249, 965, 251, 252, 253, 867, 255, 256, 257, 258, 518, 260, 261, 262, 339, 1162, 265, 266, 267, 268, 269, 270, 189, 272, 273, 274, 275, 276, 277, 278, 279, 280, 281, 282, 836, 284, 285, 505, 287, 407, 289, 290, 291, 865, 293, 294, 295, 296, 297, 298, 299, 300, 301, 302, 303, 304, 305, 306, 1051, 308, 127, 310, 311, 312, 313, 314, 525, 1205, 317, 318, 319, 320, 102, 322, 323, 324, 325, 326, 327, 328, 329, 330, 331, 948, 333, 334, 335, 336, 1156, 338, 147, 340, 871, 342, 343, 344, 345, 346, 347, 348, 349, 368, 351, 352, 353, 354, 355, 356, 357, 87, 359, 1116, 361, 362, 363, 364, 365, 366, 367, 205, 369, 370, 69, 372, 373, 374, 375, 376, 377, 84, 379, 380, 381, 382, 383, 10, 385, 386, 103, 388, 389, 390, 391, 392, 393, 394, 395, 396, 397, 60, 399, 400, 401, 402, 403, 404, 701, 406, 1213, 408, 409, 699, 411, 1131, 413, 414, 415, 526, 417, 418, 1209, 420, 421, 422, 423, 908, 425, 43, 350, 428, 713, 430, 431, 432, 433, 434, 316, 436, 437, 438, 439, 440, 378, 442, 427, 444, 445, 446, 447, 448, 449, 450, 451, 452, 646, 454, 455, 599, 457, 458, 126, 460, 461, 315, 463, 464, 465, 466, 467, 468, 469, 263, 471, 472, 473, 474, 475, 476, 477, 478, 479, 480, 481, 1038, 483, 35, 485, 486, 635, 488, 264, 490, 491, 492, 864, 794, 495, 860, 497, 498, 499, 1025, 501, 502, 503, 504, 723, 506, 507, 508, 509, 510, 511, 512, 513, 514, 244, 516, 517, 549, 519, 57, 521, 522, 523, 524, 647, 213, 527, 286, 529, 530, 531, 532, 533, 534, 535, 536, 537, 538, 539, 1113, 541, 542, 543, 544, 545, 979, 547, 548, 651, 550, 551, 552, 553, 554, 555, 556, 441, 558, 559, 560, 561, 562, 563, 564, 565, 566, 567, 568, 569, 570, 99, 572, 573, 574, 575, 576, 577, 578, 579, 580, 581, 582, 583, 584, 585, 586, 587, 588, 27, 590, 591, 592, 593, 594, 595, 596, 597, 598, 858, 600, 601, 602, 603, 1145, 605, 606, 627, 608, 609, 757, 975, 612, 613, 614, 615, 616, 617, 618, 619, 620, 841, 622, 623, 624, 625, 626, 106, 628, 629, 630, 631, 307, 435, 634, 1152, 636, 902, 638, 639, 640, 641, 642, 643, 644, 645, 161, 740, 648, 174, 650, 371, 1015, 653, 654, 655, 656, 657, 658, 659, 660, 661, 662, 663, 664, 665, 666, 667, 668, 770, 670, 854, 672, 673, 674, 675, 676, 677, 678, 669, 680, 681, 822, 683, 748, 685, 686, 687, 688, 689, 690, 691, 692, 693, 1009, 842, 696, 697, 698, 735, 700, 405, 141, 776, 704, 705, 706, 707, 462, 709, 710, 711, 712, 489, 714, 715, 795, 717, 718, 719, 763, 721, 722, 909, 750, 725, 726, 727, 728, 729, 730, 731, 732, 733, 734, 1034, 739, 737, 738, 1168, 520, 741, 742, 743, 744, 745, 746, 747, 814, 749, 724, 751, 752, 753, 754, 755, 756, 684, 758, 759, 760, 761, 762, 1085, 764, 765, 766, 767, 768, 769, 702, 771, 772, 773, 774, 775, 67, 777, 778, 1095, 780, 781, 782, 783, 1120, 785, 786, 787, 788, 789, 790, 791, 792, 921, 222, 1149, 796, 797, 798, 799, 800, 801, 802, 803, 804, 805, 806, 807, 410, 809, 810, 811, 812, 813, 610, 815, 816, 817, 818, 819, 820, 821, 652, 823, 824, 111, 826, 827, 828, 829, 830, 831, 832, 833, 834, 825, 412, 837, 838, 839, 840, 70, 1173, 201, 900, 845, 846, 847, 848, 453, 96, 851, 852, 853, 341, 855, 856, 857, 288, 859, 144, 861, 862, 863, 632, 835, 866, 443, 868, 869, 870, 1142, 872, 873, 292, 416, 876, 877, 878, 879, 880, 881, 882, 883, 884, 885, 886, 151, 254, 889, 890, 1196, 892, 528, 894, 895, 896, 897, 898, 899, 459, 901, 133, 903, 904, 905, 906, 907, 515, 184, 910, 911, 912, 913, 914, 915, 916, 917, 850, 919, 920, 874, 922, 923, 86, 682, 926, 927, 928, 929, 930, 931, 932, 933, 934, 935, 936, 937, 938, 939, 940, 941, 942, 943, 1019, 945, 946, 947, 1100, 949, 950, 951, 952, 953, 954, 695, 956, 957, 958, 959, 960, 961, 962, 963, 964, 387, 966, 967, 968, 969, 970, 971, 972, 973, 974, 283, 976, 977, 978, 156, 980, 981, 982, 983, 984, 985, 986, 987, 988, 989, 990, 991, 992, 993, 994, 995, 996, 177, 337, 999, 1000, 1001, 1002, 997, 1004, 1167, 1088, 1007, 1008, 1160, 1010, 1011, 1012, 1013, 1014, 944, 1016, 1017, 384, 248, 1020, 1021, 1022, 1023, 1024, 500, 1026, 226, 1028, 1029, 1030, 1031, 1032, 1033, 716, 113, 1036, 1037, 875, 918, 1040, 1041, 1042, 1043, 1044, 1045, 1046, 1047, 1048, 1049, 1050, 321, 1052, 1053, 1054, 1055, 1056, 1057, 1006, 1003, 1060, 1061, 1062, 1063, 703, 1065, 1066, 1125, 1068, 245, 1070, 1071, 1072, 1073, 1074, 1075, 604, 1077, 1078, 1079, 1080, 1081, 1082, 1083, 1084, 955, 1086, 1087, 230, 1089, 1090, 1091, 1092, 1093, 1094, 193, 1096, 1097, 1098, 1099, 496, 1101, 1102, 1103, 998, 358, 1106, 1107, 1108, 1109, 1110, 1111, 1112, 679, 1114, 1115, 1069, 26, 1118, 1119, 720, 1121, 429, 1123, 1124, 924, 1126, 1127, 888, 1129, 1130, 1027, 1132, 1133, 843, 1135, 1136, 1137, 1138, 1139, 1140, 1141, 1035, 118, 1144, 470, 1146, 1147, 1148, 419, 1150, 1151, 1197, 1153, 1154, 1155, 426, 1157, 1158, 1159, 649, 1161, 708, 1163, 1164, 1165, 1166, 120, 793, 259, 1170, 1171, 424, 540, 1174, 1175, 1176, 1177, 891, 1179, 1180, 1181, 1182, 1183, 1184, 1185, 1186, 1187, 1188, 1189, 1190, 1191, 1192, 1193, 1194, 1195, 1064, 4, 1198, 1199, 1200, 1201, 1202, 1203, 1204, 1134, 1206, 1207, 218, 1143, 694, 1211, 1212, 110, 1214, 1215, 1216, 1217, 1218, 1219, 1220, 1221, 1222, 1223]
labeling = [0, 2, 3, 5, 198, 7, 9, 10, 4, 6, 149, 8, 11, 12, 14, 16, 18, 8, 13, 15, 17, 19, 21, 23, 25, 27, 195, 169, 29, 31, 32, 34, 35, 22, 24, 163, 26, 107, 37, 30, 39, 33, 41, 153, 43, 36, 45, 47, 49, 51, 53, 38, 44, 40, 36, 93, 65, 152, 46, 48, 129, 50, 54, 52, 56, 58, 60, 184, 62, 126, 189, 64, 66, 76, 59, 55, 57, 68, 82, 63, 61, 70, 72, 74, 129, 6, 145, 102, 14, 71, 67, 69, 73, 75, 77, 79, 191, 20, 81, 167, 83, 85, 132, 136, 87, 89, 176, 38, 78, 80, 199, 186, 28, 196, 84, 65, 21, 42, 183, 24, 123, 1, 86, 37, 88, 90, 155, 128, 16, 53, 92, 94, 96, 187, 98, 100, 102, 104, 106, 108, 40, 138, 44, 91, 190, 97, 1, 18, 73, 33, 13, 192, 47, 70, 40, 44, 118, 42, 68, 78, 61, 148, 46, 48, 84, 110, 112, 114, 116, 26, 118, 120, 122, 124, 172, 51, 95, 194, 69, 30, 59, 9, 57, 37, 152, 86, 5, 17, 13, 34, 25, 20, 55, 163, 82, 97, 73, 99, 101, 103, 52, 180, 50, 67, 79, 144, 72, 74, 19, 34, 90, 88, 105, 165, 39, 20, 99, 41, 93, 53, 25, 22, 85, 9, 95, 47, 187, 109, 111, 113, 190, 77, 115, 93, 117, 119, 87, 54, 121, 123, 125, 127, 96, 83, 161, 193, 111, 113, 183, 31, 28, 1, 81, 76, 167, 16, 36, 12, 24, 185, 51, 39, 70, 157, 124, 104, 129, 131, 133, 135, 42, 29, 137, 139, 141, 143, 33, 44, 78, 91, 69, 109, 62, 124, 119, 85, 164, 95, 106, 14, 45, 28, 49, 59, 94, 55, 112, 90, 21, 63, 108, 106, 126, 145, 72, 86, 114, 170, 147, 101, 118, 122, 130, 97, 132, 160, 151, 67, 71, 11, 134, 173, 15, 4, 38, 41, 43, 80, 103, 98, 116, 119, 23, 66, 123, 121, 136, 195, 17, 49, 138, 168, 128, 81, 57, 64, 140, 110, 105, 142, 155, 87, 73, 76, 120, 27, 61, 35, 16, 82, 6, 75, 130, 91, 127, 140, 58, 111, 100, 95, 146, 178, 71, 125, 117, 115, 133, 144, 158, 79, 98, 148, 103, 92, 182, 70, 84, 166, 100, 36, 107, 63, 29, 78, 3, 124, 142, 108, 42, 118, 40, 135, 77, 28, 150, 181, 152, 10, 139, 154, 188, 131, 176, 82, 122, 151, 193, 156, 96, 118, 124, 67, 130, 113, 126, 13, 192, 47, 15, 20, 98, 45, 96, 137, 22, 145, 94, 64, 157, 114, 68, 173, 143, 179, 110, 147, 62, 87, 91, 99, 159, 80, 37, 41, 74, 101, 28, 31, 57, 36, 26, 49, 8, 101, 109, 72, 134, 91, 74, 160, 196, 107, 162, 164, 85, 78, 117, 166, 168, 170, 83, 89, 1, 161, 20, 103, 163, 6, 16, 46, 76, 43, 24, 4, 62, 33, 69, 97, 138, 99, 194, 55, 103, 121, 146, 31, 172, 174, 61, 92, 131, 123, 139, 135, 50, 175, 148, 125, 105, 142, 53, 153, 51, 71, 85, 3, 32, 43, 140, 59, 15, 77, 86, 106, 88, 154, 71, 133, 110, 150, 197, 127, 42, 57, 112, 48, 63, 27, 34, 39, 114, 144, 151, 100, 44, 21, 81, 26, 59, 55, 65, 57, 66, 41, 17, 96, 156, 74, 49, 113, 47, 3, 137, 141, 160, 158, 32, 80, 95, 166, 168, 147, 73, 109, 162, 138, 124, 155, 67, 2, 75, 37, 61, 104, 33, 6, 87, 51, 21, 13, 143, 119, 165, 123, 153, 102, 116, 28, 171, 149, 61, 1, 173, 131, 175, 177, 20, 83, 157, 106, 159, 30, 90, 28, 87, 98, 120, 14, 43, 18, 56, 30, 42, 75, 135, 34, 155, 45, 59, 112, 99, 70, 140, 125, 82, 161, 134, 93, 151, 197, 167, 51, 185, 100, 179, 136, 9, 16, 45, 39, 76, 63, 35, 5, 90, 37, 27, 157, 96, 92, 170, 15, 52, 105, 118, 130, 180, 172, 32, 164, 182, 107, 176, 38, 89, 33, 158, 3, 109, 154, 78, 56, 53, 68, 170, 117, 47, 115, 54, 33, 11, 61, 183, 142, 120, 109, 77, 132, 192, 162, 174, 159, 114, 5, 121, 24, 184, 84, 69, 86, 190, 166, 173, 94, 115, 30, 97, 88, 42, 15, 83, 69, 9, 95, 3, 1, 42, 125, 122, 49, 136, 59, 148, 150, 177, 117, 73, 146, 102, 45, 139, 134, 75, 141, 175, 99, 181, 171, 178, 35, 113, 161, 151, 11, 13, 14, 46, 116, 19, 127, 112, 166, 144, 158, 91, 131, 164, 110, 182, 89, 79, 95, 154, 126, 66, 104, 185, 60, 128, 111, 108, 187, 22, 50, 20, 53, 144, 183, 9, 31, 83, 132, 24, 8, 186, 119, 156, 188, 22, 34, 133, 114, 173, 26, 6, 24, 10, 25, 12, 37, 2, 7, 4, 3, 64, 38, 21, 14, 1, 5, 30, 6, 5, 4, 10, 1, 1, 5, 20, 18, 13, 9, 4, 15, 5, 3, 15, 11, 16, 1, 17, 0, 7, 2, 3, 0, 0, 0, 0, 0, 0, 0, 0, 1, 0, 0, 0, 0, 0, 0, 0, 2, 0, 0, 0, 0, 1, 0, 1, 4, 0, 0, 0, 0, 0, 0, 0, 0, 0, 0, 0, 0, 0, 0, 1, 0, 0, 0, 0, 0, 2, 0, 0, 0, 0, 0, 0, 0, 0, 0, 0, 0, 0, 0, 0, 0, 0, 0, 0, 0, 0, 0, 0, 0, 11, 0, 0, 0, 1, 0, 0, 0, 0, 0, 0, 0, 0, 0, 0, 0, 0, 0, 0, 0, 0, 3, 0, 0, 0, 0, 1, 0, 0, 0, 0, 6, 0, 0, 0, 0, 0, 0, 2, 0, 0, 3, 0, 0, 0, 0, 0, 0, 0, 0, 0, 0, 1, 0, 0, 1, 0, 4, 0, 0, 1, 0, 0, 0, 0, 0, 2, 0, 0, 0, 1, 0, 2, 0, 2, 0, 5, 0, 0, 0, 2, 0, 0, 0, 2, 0, 12, 0, 0, 0, 0, 0, 0, 0, 0, 0, 0, 2, 0, 2, 3, 0, 3, 0, 0, 0, 2, 3, 2, 0, 0, 1, 0, 0, 0, 0, 0, 1, 0, 0, 0, 1, 0, 1, 0, 0, 0, 0, 1, 1, 0, 1, 0, 1, 0, 0, 3, 0, 0, 0, 1, 0, 3, 1, 0, 0, 0, 0, 0, 1, 0, 0, 0, 2, 0, 0, 2, 0, 0, 0, 0, 0, 0, 0, 0, 0, 0, 0, 2, 1, 0, 0, 0, 0, 0, 0, 0, 0, 0, 4, 0, 1, 2, 2, 2, 0, 0, 0, 0, 0, 0, 0, 0, 0, 0, 2, 0, 0, 0, 0, 0, 0, 0, 0, 0, 0, 0, 0, 0, 0, 0, 3, 0, 0, 0, 2, 2, 0, 0, 12, 4, 1, 2, 0, 0, 0, 2, 2, 0, 0, 1, 0, 0, 2, 0, 0, 0, 0, 0, 6, 0, 6, 0, 0, 0, 0, 0, 0, 1, 0, 4, 2, 0, 0, 0, 0, 4, 0, 1, 0, 0, 0, 0, 2, 2, 1, 0, 1, 0, 0, 0, 0, 7, 0, 0, 1, 0, 0, 0, 2, 0, 0, 4, 0, 0, 0, 0, 0, 1, 1, 0, 0, 1, 0, 2, 1, 0, 4, 0, 0]
convergência = [208, 208, 208, 207, 202, 201, 201, 201, 201, 201, 201, 201, 201, 201, 201, 201, 199, 199, 199, 199, 199, 199, 199, 199, 199, 199, 199, 199, 199, 199, 199, 199, 199, 199, 199, 199, 199, 199, 199, 199, 199, 199, 199, 199, 199, 199, 199, 199, 199, 199, 199, 199, 199]
================================

----- Melhor execução -----
Span (lambda): 199
best_order = [0, 1, 2, 3, 482, 5, 6, 7, 8, 9, 571, 11, 12, 13, 14, 15, 16, 17, 18, 19, 20, 21, 22, 23, 24, 25, 487, 484, 28, 29, 30, 31, 32, 33, 34, 1128, 36, 456, 38, 39, 40, 41, 42, 1208, 44, 45, 46, 47, 48, 49, 50, 51, 52, 53, 54, 736, 1039, 611, 58, 59, 671, 61, 62, 63, 64, 65, 66, 192, 68, 1117, 398, 71, 72, 56, 74, 75, 76, 77, 607, 79, 80, 81, 82, 83, 73, 85, 271, 1018, 88, 89, 90, 91, 92, 93, 94, 95, 1104, 97, 98, 250, 100, 101, 887, 1067, 104, 105, 589, 107, 108, 109, 1172, 1105, 112, 78, 114, 115, 116, 117, 546, 119, 893, 121, 122, 123, 124, 125, 1210, 360, 128, 129, 130, 131, 132, 179, 134, 135, 136, 137, 138, 139, 140, 332, 142, 143, 1169, 145, 146, 493, 148, 149, 150, 784, 152, 153, 154, 155, 55, 157, 158, 159, 160, 1178, 162, 163, 164, 165, 166, 167, 168, 169, 170, 171, 172, 173, 925, 175, 176, 637, 178, 621, 180, 181, 182, 183, 1076, 185, 186, 187, 188, 808, 190, 191, 557, 779, 194, 195, 196, 197, 198, 199, 200, 309, 202, 203, 204, 633, 206, 207, 208, 209, 210, 211, 212, 844, 214, 215, 216, 217, 37, 219, 220, 221, 1058, 223, 224, 225, 1005, 227, 228, 229, 494, 231, 232, 233, 234, 235, 236, 237, 238, 239, 240, 241, 242, 243, 1059, 849, 246, 247, 1122, 249, 965, 251, 252, 253, 867, 255, 256, 257, 258, 518, 260, 261, 262, 339, 1162, 265, 266, 267, 268, 269, 270, 189, 272, 273, 274, 275, 276, 277, 278, 279, 280, 281, 282, 836, 284, 285, 505, 287, 407, 289, 290, 291, 865, 293, 294, 295, 296, 297, 298, 299, 300, 301, 302, 303, 304, 305, 306, 1051, 308, 127, 310, 311, 312, 313, 314, 525, 1205, 317, 318, 319, 320, 102, 322, 323, 324, 325, 326, 327, 328, 329, 330, 331, 948, 333, 334, 335, 336, 1156, 338, 147, 340, 871, 342, 343, 344, 345, 346, 347, 348, 349, 368, 351, 352, 353, 354, 355, 356, 357, 87, 359, 1116, 361, 362, 363, 364, 365, 366, 367, 205, 369, 370, 69, 372, 373, 374, 375, 376, 377, 84, 379, 380, 381, 382, 383, 10, 385, 386, 103, 388, 389, 390, 391, 392, 393, 394, 395, 396, 397, 60, 399, 400, 401, 402, 403, 404, 701, 406, 1213, 408, 409, 699, 411, 1131, 413, 414, 415, 526, 417, 418, 1209, 420, 421, 422, 423, 908, 425, 43, 350, 428, 713, 430, 431, 432, 433, 434, 316, 436, 437, 438, 439, 440, 378, 442, 427, 444, 445, 446, 447, 448, 449, 450, 451, 452, 646, 454, 455, 599, 457, 458, 126, 460, 461, 315, 463, 464, 465, 466, 467, 468, 469, 263, 471, 472, 473, 474, 475, 476, 477, 478, 479, 480, 481, 1038, 483, 35, 485, 486, 635, 488, 264, 490, 491, 492, 864, 794, 495, 860, 497, 498, 499, 1025, 501, 502, 503, 504, 723, 506, 507, 508, 509, 510, 511, 512, 513, 514, 244, 516, 517, 549, 519, 57, 521, 522, 523, 524, 647, 213, 527, 286, 529, 530, 531, 532, 533, 534, 535, 536, 537, 538, 539, 1113, 541, 542, 543, 544, 545, 979, 547, 548, 651, 550, 551, 552, 553, 554, 555, 556, 441, 558, 559, 560, 561, 562, 563, 564, 565, 566, 567, 568, 569, 570, 99, 572, 573, 574, 575, 576, 577, 578, 579, 580, 581, 582, 583, 584, 585, 586, 587, 588, 27, 590, 591, 592, 593, 594, 595, 596, 597, 598, 858, 600, 601, 602, 603, 1145, 605, 606, 627, 608, 609, 757, 975, 612, 613, 614, 615, 616, 617, 618, 619, 620, 841, 622, 623, 624, 625, 626, 106, 628, 629, 630, 631, 307, 435, 634, 1152, 636, 902, 638, 639, 640, 641, 642, 643, 644, 645, 161, 740, 648, 174, 650, 371, 1015, 653, 654, 655, 656, 657, 658, 659, 660, 661, 662, 663, 664, 665, 666, 667, 668, 770, 670, 854, 672, 673, 674, 675, 676, 677, 678, 669, 680, 681, 822, 683, 748, 685, 686, 687, 688, 689, 690, 691, 692, 693, 1009, 842, 696, 697, 698, 735, 700, 405, 141, 776, 704, 705, 706, 707, 462, 709, 710, 711, 712, 489, 714, 715, 795, 717, 718, 719, 763, 721, 722, 909, 750, 725, 726, 727, 728, 729, 730, 731, 732, 733, 734, 1034, 739, 737, 738, 1168, 520, 741, 742, 743, 744, 745, 746, 747, 814, 749, 724, 751, 752, 753, 754, 755, 756, 684, 758, 759, 760, 761, 762, 1085, 764, 765, 766, 767, 768, 769, 702, 771, 772, 773, 774, 775, 67, 777, 778, 1095, 780, 781, 782, 783, 1120, 785, 786, 787, 788, 789, 790, 791, 792, 921, 222, 1149, 796, 797, 798, 799, 800, 801, 802, 803, 804, 805, 806, 807, 410, 809, 810, 811, 812, 813, 610, 815, 816, 817, 818, 819, 820, 821, 652, 823, 824, 111, 826, 827, 828, 829, 830, 831, 832, 833, 834, 825, 412, 837, 838, 839, 840, 70, 1173, 201, 900, 845, 846, 847, 848, 453, 96, 851, 852, 853, 341, 855, 856, 857, 288, 859, 144, 861, 862, 863, 632, 835, 866, 443, 868, 869, 870, 1142, 872, 873, 292, 416, 876, 877, 878, 879, 880, 881, 882, 883, 884, 885, 886, 151, 254, 889, 890, 1196, 892, 528, 894, 895, 896, 897, 898, 899, 459, 901, 133, 903, 904, 905, 906, 907, 515, 184, 910, 911, 912, 913, 914, 915, 916, 917, 850, 919, 920, 874, 922, 923, 86, 682, 926, 927, 928, 929, 930, 931, 932, 933, 934, 935, 936, 937, 938, 939, 940, 941, 942, 943, 1019, 945, 946, 947, 1100, 949, 950, 951, 952, 953, 954, 695, 956, 957, 958, 959, 960, 961, 962, 963, 964, 387, 966, 967, 968, 969, 970, 971, 972, 973, 974, 283, 976, 977, 978, 156, 980, 981, 982, 983, 984, 985, 986, 987, 988, 989, 990, 991, 992, 993, 994, 995, 996, 177, 337, 999, 1000, 1001, 1002, 997, 1004, 1167, 1088, 1007, 1008, 1160, 1010, 1011, 1012, 1013, 1014, 944, 1016, 1017, 384, 248, 1020, 1021, 1022, 1023, 1024, 500, 1026, 226, 1028, 1029, 1030, 1031, 1032, 1033, 716, 113, 1036, 1037, 875, 918, 1040, 1041, 1042, 1043, 1044, 1045, 1046, 1047, 1048, 1049, 1050, 321, 1052, 1053, 1054, 1055, 1056, 1057, 1006, 1003, 1060, 1061, 1062, 1063, 703, 1065, 1066, 1125, 1068, 245, 1070, 1071, 1072, 1073, 1074, 1075, 604, 1077, 1078, 1079, 1080, 1081, 1082, 1083, 1084, 955, 1086, 1087, 230, 1089, 1090, 1091, 1092, 1093, 1094, 193, 1096, 1097, 1098, 1099, 496, 1101, 1102, 1103, 998, 358, 1106, 1107, 1108, 1109, 1110, 1111, 1112, 679, 1114, 1115, 1069, 26, 1118, 1119, 720, 1121, 429, 1123, 1124, 924, 1126, 1127, 888, 1129, 1130, 1027, 1132, 1133, 843, 1135, 1136, 1137, 1138, 1139, 1140, 1141, 1035, 118, 1144, 470, 1146, 1147, 1148, 419, 1150, 1151, 1197, 1153, 1154, 1155, 426, 1157, 1158, 1159, 649, 1161, 708, 1163, 1164, 1165, 1166, 120, 793, 259, 1170, 1171, 424, 540, 1174, 1175, 1176, 1177, 891, 1179, 1180, 1181, 1182, 1183, 1184, 1185, 1186, 1187, 1188, 1189, 1190, 1191, 1192, 1193, 1194, 1195, 1064, 4, 1198, 1199, 1200, 1201, 1202, 1203, 1204, 1134, 1206, 1207, 218, 1143, 694, 1211, 1212, 110, 1214, 1215, 1216, 1217, 1218, 1219, 1220, 1221, 1222, 1223]
labeling = [0, 2, 3, 5, 198, 7, 9, 10, 4, 6, 149, 8, 11, 12, 14, 16, 18, 8, 13, 15, 17, 19, 21, 23, 25, 27, 195, 169, 29, 31, 32, 34, 35, 22, 24, 163, 26, 107, 37, 30, 39, 33, 41, 153, 43, 36, 45, 47, 49, 51, 53, 38, 44, 40, 36, 93, 65, 152, 46, 48, 129, 50, 54, 52, 56, 58, 60, 184, 62, 126, 189, 64, 66, 76, 59, 55, 57, 68, 82, 63, 61, 70, 72, 74, 129, 6, 145, 102, 14, 71, 67, 69, 73, 75, 77, 79, 191, 20, 81, 167, 83, 85, 132, 136, 87, 89, 176, 38, 78, 80, 199, 186, 28, 196, 84, 65, 21, 42, 183, 24, 123, 1, 86, 37, 88, 90, 155, 128, 16, 53, 92, 94, 96, 187, 98, 100, 102, 104, 106, 108, 40, 138, 44, 91, 190, 97, 1, 18, 73, 33, 13, 192, 47, 70, 40, 44, 118, 42, 68, 78, 61, 148, 46, 48, 84, 110, 112, 114, 116, 26, 118, 120, 122, 124, 172, 51, 95, 194, 69, 30, 59, 9, 57, 37, 152, 86, 5, 17, 13, 34, 25, 20, 55, 163, 82, 97, 73, 99, 101, 103, 52, 180, 50, 67, 79, 144, 72, 74, 19, 34, 90, 88, 105, 165, 39, 20, 99, 41, 93, 53, 25, 22, 85, 9, 95, 47, 187, 109, 111, 113, 190, 77, 115, 93, 117, 119, 87, 54, 121, 123, 125, 127, 96, 83, 161, 193, 111, 113, 183, 31, 28, 1, 81, 76, 167, 16, 36, 12, 24, 185, 51, 39, 70, 157, 124, 104, 129, 131, 133, 135, 42, 29, 137, 139, 141, 143, 33, 44, 78, 91, 69, 109, 62, 124, 119, 85, 164, 95, 106, 14, 45, 28, 49, 59, 94, 55, 112, 90, 21, 63, 108, 106, 126, 145, 72, 86, 114, 170, 147, 101, 118, 122, 130, 97, 132, 160, 151, 67, 71, 11, 134, 173, 15, 4, 38, 41, 43, 80, 103, 98, 116, 119, 23, 66, 123, 121, 136, 195, 17, 49, 138, 168, 128, 81, 57, 64, 140, 110, 105, 142, 155, 87, 73, 76, 120, 27, 61, 35, 16, 82, 6, 75, 130, 91, 127, 140, 58, 111, 100, 95, 146, 178, 71, 125, 117, 115, 133, 144, 158, 79, 98, 148, 103, 92, 182, 70, 84, 166, 100, 36, 107, 63, 29, 78, 3, 124, 142, 108, 42, 118, 40, 135, 77, 28, 150, 181, 152, 10, 139, 154, 188, 131, 176, 82, 122, 151, 193, 156, 96, 118, 124, 67, 130, 113, 126, 13, 192, 47, 15, 20, 98, 45, 96, 137, 22, 145, 94, 64, 157, 114, 68, 173, 143, 179, 110, 147, 62, 87, 91, 99, 159, 80, 37, 41, 74, 101, 28, 31, 57, 36, 26, 49, 8, 101, 109, 72, 134, 91, 74, 160, 196, 107, 162, 164, 85, 78, 117, 166, 168, 170, 83, 89, 1, 161, 20, 103, 163, 6, 16, 46, 76, 43, 24, 4, 62, 33, 69, 97, 138, 99, 194, 55, 103, 121, 146, 31, 172, 174, 61, 92, 131, 123, 139, 135, 50, 175, 148, 125, 105, 142, 53, 153, 51, 71, 85, 3, 32, 43, 140, 59, 15, 77, 86, 106, 88, 154, 71, 133, 110, 150, 197, 127, 42, 57, 112, 48, 63, 27, 34, 39, 114, 144, 151, 100, 44, 21, 81, 26, 59, 55, 65, 57, 66, 41, 17, 96, 156, 74, 49, 113, 47, 3, 137, 141, 160, 158, 32, 80, 95, 166, 168, 147, 73, 109, 162, 138, 124, 155, 67, 2, 75, 37, 61, 104, 33, 6, 87, 51, 21, 13, 143, 119, 165, 123, 153, 102, 116, 28, 171, 149, 61, 1, 173, 131, 175, 177, 20, 83, 157, 106, 159, 30, 90, 28, 87, 98, 120, 14, 43, 18, 56, 30, 42, 75, 135, 34, 155, 45, 59, 112, 99, 70, 140, 125, 82, 161, 134, 93, 151, 197, 167, 51, 185, 100, 179, 136, 9, 16, 45, 39, 76, 63, 35, 5, 90, 37, 27, 157, 96, 92, 170, 15, 52, 105, 118, 130, 180, 172, 32, 164, 182, 107, 176, 38, 89, 33, 158, 3, 109, 154, 78, 56, 53, 68, 170, 117, 47, 115, 54, 33, 11, 61, 183, 142, 120, 109, 77, 132, 192, 162, 174, 159, 114, 5, 121, 24, 184, 84, 69, 86, 190, 166, 173, 94, 115, 30, 97, 88, 42, 15, 83, 69, 9, 95, 3, 1, 42, 125, 122, 49, 136, 59, 148, 150, 177, 117, 73, 146, 102, 45, 139, 134, 75, 141, 175, 99, 181, 171, 178, 35, 113, 161, 151, 11, 13, 14, 46, 116, 19, 127, 112, 166, 144, 158, 91, 131, 164, 110, 182, 89, 79, 95, 154, 126, 66, 104, 185, 60, 128, 111, 108, 187, 22, 50, 20, 53, 144, 183, 9, 31, 83, 132, 24, 8, 186, 119, 156, 188, 22, 34, 133, 114, 173, 26, 6, 24, 10, 25, 12, 37, 2, 7, 4, 3, 64, 38, 21, 14, 1, 5, 30, 6, 5, 4, 10, 1, 1, 5, 20, 18, 13, 9, 4, 15, 5, 3, 15, 11, 16, 1, 17, 0, 7, 2, 3, 0, 0, 0, 0, 0, 0, 0, 0, 1, 0, 0, 0, 0, 0, 0, 0, 2, 0, 0, 0, 0, 1, 0, 1, 4, 0, 0, 0, 0, 0, 0, 0, 0, 0, 0, 0, 0, 0, 0, 1, 0, 0, 0, 0, 0, 2, 0, 0, 0, 0, 0, 0, 0, 0, 0, 0, 0, 0, 0, 0, 0, 0, 0, 0, 0, 0, 0, 0, 0, 11, 0, 0, 0, 1, 0, 0, 0, 0, 0, 0, 0, 0, 0, 0, 0, 0, 0, 0, 0, 0, 3, 0, 0, 0, 0, 1, 0, 0, 0, 0, 6, 0, 0, 0, 0, 0, 0, 2, 0, 0, 3, 0, 0, 0, 0, 0, 0, 0, 0, 0, 0, 1, 0, 0, 1, 0, 4, 0, 0, 1, 0, 0, 0, 0, 0, 2, 0, 0, 0, 1, 0, 2, 0, 2, 0, 5, 0, 0, 0, 2, 0, 0, 0, 2, 0, 12, 0, 0, 0, 0, 0, 0, 0, 0, 0, 0, 2, 0, 2, 3, 0, 3, 0, 0, 0, 2, 3, 2, 0, 0, 1, 0, 0, 0, 0, 0, 1, 0, 0, 0, 1, 0, 1, 0, 0, 0, 0, 1, 1, 0, 1, 0, 1, 0, 0, 3, 0, 0, 0, 1, 0, 3, 1, 0, 0, 0, 0, 0, 1, 0, 0, 0, 2, 0, 0, 2, 0, 0, 0, 0, 0, 0, 0, 0, 0, 0, 0, 2, 1, 0, 0, 0, 0, 0, 0, 0, 0, 0, 4, 0, 1, 2, 2, 2, 0, 0, 0, 0, 0, 0, 0, 0, 0, 0, 2, 0, 0, 0, 0, 0, 0, 0, 0, 0, 0, 0, 0, 0, 0, 0, 3, 0, 0, 0, 2, 2, 0, 0, 12, 4, 1, 2, 0, 0, 0, 2, 2, 0, 0, 1, 0, 0, 2, 0, 0, 0, 0, 0, 6, 0, 6, 0, 0, 0, 0, 0, 0, 1, 0, 4, 2, 0, 0, 0, 0, 4, 0, 1, 0, 0, 0, 0, 2, 2, 1, 0, 1, 0, 0, 0, 0, 7, 0, 0, 1, 0, 0, 0, 2, 0, 0, 4, 0, 0, 0, 0, 0, 1, 1, 0, 0, 1, 0, 2, 1, 0, 4, 0, 0]
