===== RESULTADO GA L(2,1) =====
Arquivo: /Users/mateuspedrosa/Documents/TCC-II/BOGA/data/Harwell-Boeing_cleaned/bcsstk08_clean.mtx (undirected)
Crossover: cx | Mutação: em | pop=30 | gens=53 | mut=0.446 | cr=0.5724 | runs=1 | max-stagt=1031

----- Execução #1 -----
Span (lambda): 170
Parada: MAX_GENS (geração 53)
best_order = [0, 877, 1031, 138, 669, 5, 6, 134, 206, 597, 99, 793, 205, 529, 1053, 1069, 659, 17, 462, 123, 392, 11, 965, 74, 68, 25, 782, 929, 520, 29, 30, 817, 376, 774, 34, 274, 549, 37, 95, 617, 1014, 41, 42, 43, 44, 254, 596, 690, 1071, 336, 1011, 600, 70, 268, 918, 193, 56, 916, 802, 397, 969, 829, 15, 63, 64, 65, 255, 769, 993, 580, 872, 900, 88, 73, 13, 625, 76, 144, 504, 523, 80, 810, 728, 432, 84, 238, 86, 87, 854, 948, 90, 749, 440, 299, 982, 1068, 4, 108, 551, 868, 168, 27, 537, 642, 475, 896, 106, 901, 216, 622, 700, 593, 112, 22, 528, 115, 989, 167, 996, 1024, 120, 272, 122, 986, 401, 771, 759, 102, 406, 129, 694, 131, 132, 636, 111, 851, 415, 409, 85, 72, 140, 141, 972, 143, 870, 372, 305, 595, 148, 455, 150, 78, 179, 912, 990, 983, 732, 157, 674, 1059, 724, 182, 162, 927, 794, 136, 166, 322, 699, 221, 784, 547, 172, 744, 174, 175, 176, 71, 1035, 859, 800, 181, 825, 94, 158, 185, 186, 118, 734, 762, 190, 191, 192, 159, 194, 445, 739, 197, 198, 199, 200, 1025, 202, 119, 204, 57, 319, 790, 578, 209, 210, 801, 717, 436, 466, 630, 48, 456, 387, 219, 220, 614, 93, 359, 224, 576, 468, 227, 516, 531, 703, 231, 232, 686, 978, 225, 347, 237, 435, 860, 720, 552, 311, 562, 170, 245, 246, 323, 248, 308, 1007, 364, 252, 253, 58, 629, 355, 257, 443, 259, 695, 968, 262, 263, 408, 49, 266, 267, 479, 371, 270, 271, 1023, 273, 9, 554, 276, 275, 491, 92, 559, 828, 282, 283, 269, 574, 458, 234, 288, 652, 18, 291, 292, 861, 294, 610, 296, 297, 998, 737, 239, 19, 142, 373, 304, 1049, 306, 995, 514, 169, 310, 36, 351, 500, 889, 315, 62, 317, 318, 898, 249, 12, 279, 866, 324, 653, 326, 327, 583, 329, 473, 733, 524, 302, 66, 687, 677, 878, 763, 748, 60, 834, 416, 1066, 410, 77, 69, 1004, 309, 349, 915, 649, 116, 385, 921, 163, 881, 100, 553, 427, 55, 161, 241, 363, 307, 365, 611, 367, 368, 369, 110, 579, 59, 960, 374, 375, 725, 293, 378, 753, 184, 446, 711, 383, 892, 358, 974, 981, 388, 389, 741, 391, 160, 251, 45, 226, 301, 581, 398, 399, 400, 873, 348, 403, 434, 405, 352, 407, 979, 752, 813, 390, 277, 525, 704, 1054, 40, 417, 418, 287, 448, 421, 422, 423, 738, 905, 426, 1036, 428, 380, 430, 431, 632, 344, 1058, 173, 1006, 437, 714, 442, 909, 566, 1010, 463, 940, 228, 517, 447, 715, 109, 450, 777, 333, 874, 454, 609, 24, 457, 658, 82, 459, 188, 53, 988, 464, 465, 412, 816, 997, 153, 470, 755, 472, 757, 250, 480, 476, 83, 478, 451, 312, 481, 482, 477, 484, 356, 486, 7, 488, 842, 490, 303, 492, 38, 779, 832, 496, 340, 125, 499, 841, 361, 502, 503, 888, 691, 506, 507, 760, 332, 510, 331, 512, 513, 934, 835, 758, 285, 546, 35, 953, 521, 453, 511, 261, 145, 984, 527, 789, 1001, 985, 146, 314, 533, 1029, 535, 1, 189, 538, 81, 493, 541, 487, 469, 635, 545, 207, 208, 548, 1000, 1034, 97, 467, 230, 869, 555, 556, 335, 558, 542, 943, 561, 746, 563, 564, 495, 54, 824, 568, 386, 362, 692, 572, 573, 485, 575, 615, 577, 743, 127, 203, 1070, 582, 438, 584, 585, 39, 587, 588, 589, 433, 591, 222, 707, 594, 885, 419, 1039, 298, 599, 654, 601, 602, 357, 604, 605, 113, 607, 124, 330, 414, 644, 671, 613, 91, 937, 639, 354, 618, 619, 337, 621, 61, 623, 807, 402, 666, 627, 628, 382, 603, 631, 856, 633, 852, 280, 710, 637, 139, 494, 640, 321, 320, 643, 353, 645, 8, 647, 676, 281, 117, 651, 925, 522, 377, 89, 926, 806, 51, 681, 660, 155, 557, 663, 519, 684, 460, 667, 907, 539, 213, 101, 765, 673, 697, 675, 706, 919, 678, 679, 242, 420, 126, 891, 67, 128, 1060, 31, 850, 689, 876, 413, 767, 693, 809, 165, 696, 75, 121, 792, 879, 701, 1048, 171, 152, 705, 592, 530, 708, 709, 836, 350, 914, 899, 840, 634, 716, 526, 718, 719, 1061, 721, 393, 780, 3, 235, 858, 727, 28, 381, 444, 731, 1012, 598, 16, 735, 736, 1013, 698, 941, 14, 954, 853, 196, 1042, 1045, 233, 626, 411, 474, 750, 565, 471, 212, 754, 648, 338, 26, 612, 215, 849, 761, 217, 284, 497, 847, 766, 570, 768, 822, 770, 178, 772, 773, 240, 775, 776, 650, 396, 313, 544, 702, 429, 783, 951, 785, 786, 787, 104, 567, 672, 791, 811, 682, 586, 795, 796, 1063, 999, 532, 424, 712, 722, 803, 243, 826, 1032, 229, 808, 1022, 483, 571, 812, 723, 814, 295, 98, 425, 818, 747, 820, 821, 1044, 638, 114, 441, 211, 827, 798, 395, 830, 831, 1020, 833, 664, 260, 300, 837, 137, 839, 439, 683, 729, 730, 844, 845, 154, 764, 848, 641, 147, 1002, 923, 928, 661, 903, 32, 857, 550, 50, 452, 79, 195, 863, 325, 865, 1064, 461, 846, 501, 218, 922, 346, 180, 1051, 177, 823, 742, 895, 341, 130, 569, 882, 883, 884, 534, 886, 2, 536, 670, 890, 105, 745, 893, 894, 244, 543, 20, 187, 366, 316, 1056, 902, 862, 904, 685, 345, 963, 908, 799, 910, 911, 258, 913, 680, 449, 1057, 917, 343, 107, 920, 1021, 855, 949, 924, 223, 560, 151, 328, 515, 930, 931, 932, 933, 183, 935, 936, 751, 938, 939, 838, 1016, 942, 133, 286, 945, 946, 947, 880, 489, 950, 781, 952, 540, 875, 955, 956, 957, 958, 959, 804, 961, 962, 655, 964, 334, 379, 967, 867, 665, 970, 971, 370, 973, 47, 975, 976, 977, 23, 1038, 980, 290, 201, 616, 606, 339, 590, 987, 1028, 10, 819, 33, 992, 843, 994, 726, 278, 394, 756, 864, 264, 247, 797, 1003, 944, 1005, 966, 103, 1008, 1009, 1065, 778, 657, 498, 342, 1015, 164, 1017, 1018, 1019, 384, 518, 289, 256, 788, 52, 1026, 1027, 887, 96, 1030, 135, 662, 360, 991, 620, 713, 1037, 805, 608, 21, 1041, 265, 1043, 688, 46, 1046, 1047, 646, 214, 1050, 871, 1052, 897, 509, 1055, 505, 1040, 156, 508, 404, 236, 1062, 149, 740, 656, 624, 1067, 815, 668, 906, 1033, 1072, 1073]
labeling = [0, 106, 56, 134, 14, 0, 2, 99, 40, 0, 161, 0, 0, 11, 48, 0, 137, 0, 0, 64, 57, 0, 16, 0, 0, 3, 49, 0, 135, 0, 0, 129, 53, 0, 4, 0, 0, 5, 30, 0, 88, 0, 0, 0, 0, 0, 169, 59, 0, 0, 0, 0, 167, 0, 0, 74, 5, 0, 49, 0, 0, 121, 19, 0, 7, 0, 0, 128, 2, 0, 6, 0, 0, 10, 1, 0, 12, 0, 0, 151, 7, 0, 97, 0, 0, 19, 8, 0, 9, 0, 0, 119, 18, 0, 28, 0, 0, 110, 51, 0, 72, 0, 0, 0, 0, 0, 13, 58, 0, 96, 0, 0, 15, 38, 0, 17, 0, 0, 29, 16, 0, 131, 0, 0, 116, 31, 0, 112, 0, 0, 153, 10, 0, 159, 0, 0, 24, 52, 0, 124, 1, 0, 65, 13, 0, 105, 0, 0, 21, 62, 0, 158, 0, 0, 149, 42, 0, 23, 0, 0, 83, 21, 0, 71, 0, 130, 0, 18, 0, 22, 44, 0, 0, 94, 0, 10, 26, 0, 0, 22, 55, 27, 0, 0, 81, 15, 0, 155, 0, 107, 0, 0, 30, 4, 31, 0, 0, 33, 0, 11, 34, 0, 35, 35, 0, 2, 0, 108, 34, 0, 36, 0, 139, 43, 0, 140, 0, 141, 0, 0, 39, 5, 114, 0, 0, 42, 23, 40, 0, 144, 0, 18, 41, 0, 59, 46, 170, 0, 0, 63, 0, 75, 45, 0, 154, 0, 45, 60, 46, 0, 37, 84, 0, 48, 3, 8, 0, 0, 157, 0, 146, 32, 51, 0, 163, 53, 0, 53, 0, 58, 20, 54, 0, 55, 1, 0, 56, 27, 162, 24, 123, 0, 0, 57, 50, 104, 0, 90, 21, 166, 0, 60, 0, 33, 61, 0, 62, 0, 115, 9, 147, 0, 26, 100, 0, 20, 0, 31, 47, 0, 67, 0, 39, 143, 0, 68, 50, 69, 0, 0, 125, 43, 25, 0, 0, 152, 0, 70, 0, 25, 117, 0, 103, 0, 51, 111, 0, 120, 0, 52, 102, 0, 164, 0, 34, 156, 0, 43, 0, 29, 132, 0, 0, 126, 0, 50, 0, 41, 82, 0, 168, 0, 40, 76, 0, 77, 0, 32, 78, 0, 160, 0, 3, 66, 0, 79, 0, 44, 80, 0, 0, 136, 0, 0, 165, 20, 0, 38, 0, 0, 87, 22, 0, 133, 0, 0, 142, 6, 0, 85, 0, 0, 122, 24, 0, 86, 0, 0, 52, 12, 0, 138, 0, 0, 118, 11, 0, 89, 0, 0, 127, 28, 0, 92, 0, 145, 0, 73, 0, 47, 93, 0, 0, 113, 0, 19, 37, 0, 0, 148, 0, 48, 95, 0, 0, 32, 0, 36, 91, 0, 0, 98, 0, 0, 0, 0, 0, 0, 0, 0, 0, 0, 0, 0, 0, 0, 0, 0, 0, 0, 0, 0, 0, 0, 0, 0, 0, 0, 0, 0, 0, 0, 0, 0, 0, 0, 0, 0, 0, 0, 0, 17, 101, 0, 0, 0, 0, 0, 0, 0, 0, 0, 0, 0, 0, 0, 0, 0, 0, 0, 0, 0, 0, 0, 0, 0, 0, 0, 0, 0, 0, 0, 0, 0, 0, 0, 0, 0, 0, 0, 0, 0, 0, 0, 0, 0, 0, 0, 0, 0, 0, 0, 0, 0, 0, 0, 0, 0, 109, 2, 150, 0, 0, 0, 0, 0, 0, 0, 0, 0, 0, 0, 0, 0, 0, 0, 0, 0, 0, 0, 0, 0, 0, 0, 0, 0, 0, 0, 0, 0, 0, 0, 0, 0, 0, 0, 0, 0, 0, 0, 0, 36, 46, 0, 0, 0, 0, 0, 0, 0, 0, 0, 0, 0, 0, 0, 0, 0, 0, 0, 0, 0, 0, 0, 0, 0, 0, 0, 0, 0, 0, 0, 0, 0, 0, 0, 0, 0, 0, 0, 0, 0, 0, 0, 0, 0, 0, 0, 0, 0, 0, 0, 0, 0, 0, 0, 0, 0, 0, 0, 0, 0, 0, 0, 0, 0, 0, 0, 0, 0, 0, 0, 0, 0, 0, 0, 0, 0, 0, 0, 0, 0, 0, 0, 0, 0, 0, 0, 0, 0, 0, 0, 0, 0, 0, 0, 0, 0, 0, 0, 0, 0, 0, 0, 0, 0, 0, 0, 0, 0, 0, 0, 0, 0, 0, 0, 0, 0, 0, 0, 0, 0, 0, 0, 0, 0, 0, 0, 0, 0, 0, 0, 0, 0, 0, 0, 0, 0, 0, 0, 0, 0, 0, 0, 0, 0, 0, 0, 0, 0, 0, 0, 0, 0, 0, 0, 0, 0, 0, 0, 0, 0, 0, 0, 0, 0, 0, 29, 0, 0, 0, 0, 0, 0, 0, 0, 0, 0, 0, 0, 0, 0, 0, 0, 0, 0, 0, 0, 0, 0, 0, 0, 0, 1, 0, 0, 0, 0, 0, 0, 0, 0, 0, 0, 0, 0, 0, 0, 0, 0, 0, 0, 0, 0, 0, 0, 0, 0, 0, 0, 0, 0, 0, 0, 0, 0, 0, 0, 0, 0, 0, 0, 0, 0, 0, 0, 0, 0, 0, 0, 0, 0, 0, 0, 0, 0, 0, 0, 0, 0, 0, 0, 0, 0, 0, 0, 0, 0, 0, 0, 0, 0, 0, 0, 0, 0, 0, 0, 0, 0, 0, 0, 0, 0, 0, 0, 0, 0, 0, 0, 0, 0, 0, 0, 0, 0, 0, 0, 0, 0, 0, 0, 0, 0, 0, 0, 0, 0, 0, 0, 0, 0, 0, 0, 0, 0, 0, 0, 0, 0, 0, 0, 0, 0, 0, 0, 0, 0, 0, 0, 0, 0, 0, 0, 0, 0, 0, 0, 0, 0, 0, 0, 0, 0, 0, 0, 0, 0, 0, 0, 0, 0, 0, 0, 0, 0, 0, 0, 0, 0, 0, 0, 0, 0, 0, 0, 0, 0, 0, 0, 0, 0, 0, 0, 0, 0, 0, 0, 0, 0, 0, 0, 0, 0, 0, 0, 0, 0, 0, 0, 0, 0, 0, 0, 0, 0, 0, 0, 0, 0, 0, 0, 0, 0, 0, 0, 0, 0, 0, 0, 0, 0, 0, 0, 0, 0, 0, 0, 0, 0, 0, 0, 0, 0, 0, 0, 0, 0, 0, 0, 0, 0, 0, 0, 0, 0, 0, 0, 0, 0, 0, 0, 0, 0, 0, 0, 0, 0, 0, 0, 0, 0, 0, 0, 0, 0, 0, 0, 0, 0, 0, 0, 0, 0, 0, 0, 0, 0, 0, 0, 0, 0, 0, 0, 0, 0, 0, 0, 0, 0, 0, 0, 0, 0, 0, 0, 0, 0, 0, 0, 0, 0, 0, 0]
convergência = [171, 171, 171, 171, 171, 170, 170, 170, 170, 170, 170, 170, 170, 170, 170, 170, 170, 170, 170, 170, 170, 170, 170, 170, 170, 170, 170, 170, 170, 170, 170, 170, 170, 170, 170, 170, 170, 170, 170, 170, 170, 170, 170, 170, 170, 170, 170, 170, 170, 170, 170, 170, 170]
================================

----- Melhor execução -----
Span (lambda): 170
best_order = [0, 877, 1031, 138, 669, 5, 6, 134, 206, 597, 99, 793, 205, 529, 1053, 1069, 659, 17, 462, 123, 392, 11, 965, 74, 68, 25, 782, 929, 520, 29, 30, 817, 376, 774, 34, 274, 549, 37, 95, 617, 1014, 41, 42, 43, 44, 254, 596, 690, 1071, 336, 1011, 600, 70, 268, 918, 193, 56, 916, 802, 397, 969, 829, 15, 63, 64, 65, 255, 769, 993, 580, 872, 900, 88, 73, 13, 625, 76, 144, 504, 523, 80, 810, 728, 432, 84, 238, 86, 87, 854, 948, 90, 749, 440, 299, 982, 1068, 4, 108, 551, 868, 168, 27, 537, 642, 475, 896, 106, 901, 216, 622, 700, 593, 112, 22, 528, 115, 989, 167, 996, 1024, 120, 272, 122, 986, 401, 771, 759, 102, 406, 129, 694, 131, 132, 636, 111, 851, 415, 409, 85, 72, 140, 141, 972, 143, 870, 372, 305, 595, 148, 455, 150, 78, 179, 912, 990, 983, 732, 157, 674, 1059, 724, 182, 162, 927, 794, 136, 166, 322, 699, 221, 784, 547, 172, 744, 174, 175, 176, 71, 1035, 859, 800, 181, 825, 94, 158, 185, 186, 118, 734, 762, 190, 191, 192, 159, 194, 445, 739, 197, 198, 199, 200, 1025, 202, 119, 204, 57, 319, 790, 578, 209, 210, 801, 717, 436, 466, 630, 48, 456, 387, 219, 220, 614, 93, 359, 224, 576, 468, 227, 516, 531, 703, 231, 232, 686, 978, 225, 347, 237, 435, 860, 720, 552, 311, 562, 170, 245, 246, 323, 248, 308, 1007, 364, 252, 253, 58, 629, 355, 257, 443, 259, 695, 968, 262, 263, 408, 49, 266, 267, 479, 371, 270, 271, 1023, 273, 9, 554, 276, 275, 491, 92, 559, 828, 282, 283, 269, 574, 458, 234, 288, 652, 18, 291, 292, 861, 294, 610, 296, 297, 998, 737, 239, 19, 142, 373, 304, 1049, 306, 995, 514, 169, 310, 36, 351, 500, 889, 315, 62, 317, 318, 898, 249, 12, 279, 866, 324, 653, 326, 327, 583, 329, 473, 733, 524, 302, 66, 687, 677, 878, 763, 748, 60, 834, 416, 1066, 410, 77, 69, 1004, 309, 349, 915, 649, 116, 385, 921, 163, 881, 100, 553, 427, 55, 161, 241, 363, 307, 365, 611, 367, 368, 369, 110, 579, 59, 960, 374, 375, 725, 293, 378, 753, 184, 446, 711, 383, 892, 358, 974, 981, 388, 389, 741, 391, 160, 251, 45, 226, 301, 581, 398, 399, 400, 873, 348, 403, 434, 405, 352, 407, 979, 752, 813, 390, 277, 525, 704, 1054, 40, 417, 418, 287, 448, 421, 422, 423, 738, 905, 426, 1036, 428, 380, 430, 431, 632, 344, 1058, 173, 1006, 437, 714, 442, 909, 566, 1010, 463, 940, 228, 517, 447, 715, 109, 450, 777, 333, 874, 454, 609, 24, 457, 658, 82, 459, 188, 53, 988, 464, 465, 412, 816, 997, 153, 470, 755, 472, 757, 250, 480, 476, 83, 478, 451, 312, 481, 482, 477, 484, 356, 486, 7, 488, 842, 490, 303, 492, 38, 779, 832, 496, 340, 125, 499, 841, 361, 502, 503, 888, 691, 506, 507, 760, 332, 510, 331, 512, 513, 934, 835, 758, 285, 546, 35, 953, 521, 453, 511, 261, 145, 984, 527, 789, 1001, 985, 146, 314, 533, 1029, 535, 1, 189, 538, 81, 493, 541, 487, 469, 635, 545, 207, 208, 548, 1000, 1034, 97, 467, 230, 869, 555, 556, 335, 558, 542, 943, 561, 746, 563, 564, 495, 54, 824, 568, 386, 362, 692, 572, 573, 485, 575, 615, 577, 743, 127, 203, 1070, 582, 438, 584, 585, 39, 587, 588, 589, 433, 591, 222, 707, 594, 885, 419, 1039, 298, 599, 654, 601, 602, 357, 604, 605, 113, 607, 124, 330, 414, 644, 671, 613, 91, 937, 639, 354, 618, 619, 337, 621, 61, 623, 807, 402, 666, 627, 628, 382, 603, 631, 856, 633, 852, 280, 710, 637, 139, 494, 640, 321, 320, 643, 353, 645, 8, 647, 676, 281, 117, 651, 925, 522, 377, 89, 926, 806, 51, 681, 660, 155, 557, 663, 519, 684, 460, 667, 907, 539, 213, 101, 765, 673, 697, 675, 706, 919, 678, 679, 242, 420, 126, 891, 67, 128, 1060, 31, 850, 689, 876, 413, 767, 693, 809, 165, 696, 75, 121, 792, 879, 701, 1048, 171, 152, 705, 592, 530, 708, 709, 836, 350, 914, 899, 840, 634, 716, 526, 718, 719, 1061, 721, 393, 780, 3, 235, 858, 727, 28, 381, 444, 731, 1012, 598, 16, 735, 736, 1013, 698, 941, 14, 954, 853, 196, 1042, 1045, 233, 626, 411, 474, 750, 565, 471, 212, 754, 648, 338, 26, 612, 215, 849, 761, 217, 284, 497, 847, 766, 570, 768, 822, 770, 178, 772, 773, 240, 775, 776, 650, 396, 313, 544, 702, 429, 783, 951, 785, 786, 787, 104, 567, 672, 791, 811, 682, 586, 795, 796, 1063, 999, 532, 424, 712, 722, 803, 243, 826, 1032, 229, 808, 1022, 483, 571, 812, 723, 814, 295, 98, 425, 818, 747, 820, 821, 1044, 638, 114, 441, 211, 827, 798, 395, 830, 831, 1020, 833, 664, 260, 300, 837, 137, 839, 439, 683, 729, 730, 844, 845, 154, 764, 848, 641, 147, 1002, 923, 928, 661, 903, 32, 857, 550, 50, 452, 79, 195, 863, 325, 865, 1064, 461, 846, 501, 218, 922, 346, 180, 1051, 177, 823, 742, 895, 341, 130, 569, 882, 883, 884, 534, 886, 2, 536, 670, 890, 105, 745, 893, 894, 244, 543, 20, 187, 366, 316, 1056, 902, 862, 904, 685, 345, 963, 908, 799, 910, 911, 258, 913, 680, 449, 1057, 917, 343, 107, 920, 1021, 855, 949, 924, 223, 560, 151, 328, 515, 930, 931, 932, 933, 183, 935, 936, 751, 938, 939, 838, 1016, 942, 133, 286, 945, 946, 947, 880, 489, 950, 781, 952, 540, 875, 955, 956, 957, 958, 959, 804, 961, 962, 655, 964, 334, 379, 967, 867, 665, 970, 971, 370, 973, 47, 975, 976, 977, 23, 1038, 980, 290, 201, 616, 606, 339, 590, 987, 1028, 10, 819, 33, 992, 843, 994, 726, 278, 394, 756, 864, 264, 247, 797, 1003, 944, 1005, 966, 103, 1008, 1009, 1065, 778, 657, 498, 342, 1015, 164, 1017, 1018, 1019, 384, 518, 289, 256, 788, 52, 1026, 1027, 887, 96, 1030, 135, 662, 360, 991, 620, 713, 1037, 805, 608, 21, 1041, 265, 1043, 688, 46, 1046, 1047, 646, 214, 1050, 871, 1052, 897, 509, 1055, 505, 1040, 156, 508, 404, 236, 1062, 149, 740, 656, 624, 1067, 815, 668, 906, 1033, 1072, 1073]
labeling = [0, 106, 56, 134, 14, 0, 2, 99, 40, 0, 161, 0, 0, 11, 48, 0, 137, 0, 0, 64, 57, 0, 16, 0, 0, 3, 49, 0, 135, 0, 0, 129, 53, 0, 4, 0, 0, 5, 30, 0, 88, 0, 0, 0, 0, 0, 169, 59, 0, 0, 0, 0, 167, 0, 0, 74, 5, 0, 49, 0, 0, 121, 19, 0, 7, 0, 0, 128, 2, 0, 6, 0, 0, 10, 1, 0, 12, 0, 0, 151, 7, 0, 97, 0, 0, 19, 8, 0, 9, 0, 0, 119, 18, 0, 28, 0, 0, 110, 51, 0, 72, 0, 0, 0, 0, 0, 13, 58, 0, 96, 0, 0, 15, 38, 0, 17, 0, 0, 29, 16, 0, 131, 0, 0, 116, 31, 0, 112, 0, 0, 153, 10, 0, 159, 0, 0, 24, 52, 0, 124, 1, 0, 65, 13, 0, 105, 0, 0, 21, 62, 0, 158, 0, 0, 149, 42, 0, 23, 0, 0, 83, 21, 0, 71, 0, 130, 0, 18, 0, 22, 44, 0, 0, 94, 0, 10, 26, 0, 0, 22, 55, 27, 0, 0, 81, 15, 0, 155, 0, 107, 0, 0, 30, 4, 31, 0, 0, 33, 0, 11, 34, 0, 35, 35, 0, 2, 0, 108, 34, 0, 36, 0, 139, 43, 0, 140, 0, 141, 0, 0, 39, 5, 114, 0, 0, 42, 23, 40, 0, 144, 0, 18, 41, 0, 59, 46, 170, 0, 0, 63, 0, 75, 45, 0, 154, 0, 45, 60, 46, 0, 37, 84, 0, 48, 3, 8, 0, 0, 157, 0, 146, 32, 51, 0, 163, 53, 0, 53, 0, 58, 20, 54, 0, 55, 1, 0, 56, 27, 162, 24, 123, 0, 0, 57, 50, 104, 0, 90, 21, 166, 0, 60, 0, 33, 61, 0, 62, 0, 115, 9, 147, 0, 26, 100, 0, 20, 0, 31, 47, 0, 67, 0, 39, 143, 0, 68, 50, 69, 0, 0, 125, 43, 25, 0, 0, 152, 0, 70, 0, 25, 117, 0, 103, 0, 51, 111, 0, 120, 0, 52, 102, 0, 164, 0, 34, 156, 0, 43, 0, 29, 132, 0, 0, 126, 0, 50, 0, 41, 82, 0, 168, 0, 40, 76, 0, 77, 0, 32, 78, 0, 160, 0, 3, 66, 0, 79, 0, 44, 80, 0, 0, 136, 0, 0, 165, 20, 0, 38, 0, 0, 87, 22, 0, 133, 0, 0, 142, 6, 0, 85, 0, 0, 122, 24, 0, 86, 0, 0, 52, 12, 0, 138, 0, 0, 118, 11, 0, 89, 0, 0, 127, 28, 0, 92, 0, 145, 0, 73, 0, 47, 93, 0, 0, 113, 0, 19, 37, 0, 0, 148, 0, 48, 95, 0, 0, 32, 0, 36, 91, 0, 0, 98, 0, 0, 0, 0, 0, 0, 0, 0, 0, 0, 0, 0, 0, 0, 0, 0, 0, 0, 0, 0, 0, 0, 0, 0, 0, 0, 0, 0, 0, 0, 0, 0, 0, 0, 0, 0, 0, 0, 0, 17, 101, 0, 0, 0, 0, 0, 0, 0, 0, 0, 0, 0, 0, 0, 0, 0, 0, 0, 0, 0, 0, 0, 0, 0, 0, 0, 0, 0, 0, 0, 0, 0, 0, 0, 0, 0, 0, 0, 0, 0, 0, 0, 0, 0, 0, 0, 0, 0, 0, 0, 0, 0, 0, 0, 0, 0, 109, 2, 150, 0, 0, 0, 0, 0, 0, 0, 0, 0, 0, 0, 0, 0, 0, 0, 0, 0, 0, 0, 0, 0, 0, 0, 0, 0, 0, 0, 0, 0, 0, 0, 0, 0, 0, 0, 0, 0, 0, 0, 0, 36, 46, 0, 0, 0, 0, 0, 0, 0, 0, 0, 0, 0, 0, 0, 0, 0, 0, 0, 0, 0, 0, 0, 0, 0, 0, 0, 0, 0, 0, 0, 0, 0, 0, 0, 0, 0, 0, 0, 0, 0, 0, 0, 0, 0, 0, 0, 0, 0, 0, 0, 0, 0, 0, 0, 0, 0, 0, 0, 0, 0, 0, 0, 0, 0, 0, 0, 0, 0, 0, 0, 0, 0, 0, 0, 0, 0, 0, 0, 0, 0, 0, 0, 0, 0, 0, 0, 0, 0, 0, 0, 0, 0, 0, 0, 0, 0, 0, 0, 0, 0, 0, 0, 0, 0, 0, 0, 0, 0, 0, 0, 0, 0, 0, 0, 0, 0, 0, 0, 0, 0, 0, 0, 0, 0, 0, 0, 0, 0, 0, 0, 0, 0, 0, 0, 0, 0, 0, 0, 0, 0, 0, 0, 0, 0, 0, 0, 0, 0, 0, 0, 0, 0, 0, 0, 0, 0, 0, 0, 0, 0, 0, 0, 0, 0, 0, 29, 0, 0, 0, 0, 0, 0, 0, 0, 0, 0, 0, 0, 0, 0, 0, 0, 0, 0, 0, 0, 0, 0, 0, 0, 0, 1, 0, 0, 0, 0, 0, 0, 0, 0, 0, 0, 0, 0, 0, 0, 0, 0, 0, 0, 0, 0, 0, 0, 0, 0, 0, 0, 0, 0, 0, 0, 0, 0, 0, 0, 0, 0, 0, 0, 0, 0, 0, 0, 0, 0, 0, 0, 0, 0, 0, 0, 0, 0, 0, 0, 0, 0, 0, 0, 0, 0, 0, 0, 0, 0, 0, 0, 0, 0, 0, 0, 0, 0, 0, 0, 0, 0, 0, 0, 0, 0, 0, 0, 0, 0, 0, 0, 0, 0, 0, 0, 0, 0, 0, 0, 0, 0, 0, 0, 0, 0, 0, 0, 0, 0, 0, 0, 0, 0, 0, 0, 0, 0, 0, 0, 0, 0, 0, 0, 0, 0, 0, 0, 0, 0, 0, 0, 0, 0, 0, 0, 0, 0, 0, 0, 0, 0, 0, 0, 0, 0, 0, 0, 0, 0, 0, 0, 0, 0, 0, 0, 0, 0, 0, 0, 0, 0, 0, 0, 0, 0, 0, 0, 0, 0, 0, 0, 0, 0, 0, 0, 0, 0, 0, 0, 0, 0, 0, 0, 0, 0, 0, 0, 0, 0, 0, 0, 0, 0, 0, 0, 0, 0, 0, 0, 0, 0, 0, 0, 0, 0, 0, 0, 0, 0, 0, 0, 0, 0, 0, 0, 0, 0, 0, 0, 0, 0, 0, 0, 0, 0, 0, 0, 0, 0, 0, 0, 0, 0, 0, 0, 0, 0, 0, 0, 0, 0, 0, 0, 0, 0, 0, 0, 0, 0, 0, 0, 0, 0, 0, 0, 0, 0, 0, 0, 0, 0, 0, 0, 0, 0, 0, 0, 0, 0, 0, 0, 0, 0, 0, 0, 0, 0, 0, 0, 0, 0, 0, 0, 0, 0, 0, 0, 0, 0, 0, 0, 0, 0, 0, 0]
