===== RESULTADO GA L(2,1) =====
Arquivo: /Users/mateuspedrosa/Documents/TCC-II/BOGA/data/Harwell-Boeing_cleaned/bcsstk11_clean.mtx (undirected)
Crossover: cx | Mutação: em | pop=30 | gens=53 | mut=0.446 | cr=0.5724 | runs=1 | max-stagt=1031

----- Execução #1 -----
Span (lambda): 41
Parada: MAX_GENS (geração 53)
best_order = [0, 1, 2, 3, 4, 5, 296, 7, 557, 1143, 10, 11, 12, 13, 1060, 15, 16, 1274, 18, 1431, 20, 21, 22, 23, 24, 25, 26, 27, 28, 29, 30, 834, 32, 1289, 34, 35, 36, 1024, 38, 39, 755, 41, 42, 43, 44, 45, 46, 47, 48, 49, 50, 51, 52, 53, 54, 752, 56, 57, 58, 59, 60, 61, 62, 63, 64, 65, 66, 67, 68, 745, 70, 71, 72, 73, 74, 75, 1429, 77, 78, 1097, 1009, 81, 306, 83, 84, 85, 86, 87, 88, 89, 90, 91, 542, 93, 94, 95, 96, 97, 98, 1255, 100, 101, 102, 103, 104, 105, 106, 424, 108, 109, 110, 111, 112, 113, 114, 115, 116, 117, 118, 119, 1244, 1059, 122, 123, 124, 125, 126, 127, 128, 1266, 130, 131, 132, 133, 134, 135, 136, 137, 138, 139, 140, 141, 142, 143, 1408, 145, 146, 147, 148, 1144, 150, 151, 152, 221, 154, 262, 156, 157, 158, 17, 160, 161, 258, 1460, 164, 165, 166, 167, 426, 169, 170, 171, 172, 993, 912, 175, 176, 177, 178, 179, 162, 181, 182, 183, 1083, 185, 186, 187, 206, 189, 1421, 191, 969, 193, 626, 195, 327, 197, 198, 391, 200, 968, 202, 203, 204, 205, 608, 913, 208, 209, 37, 211, 212, 213, 214, 215, 216, 217, 218, 219, 220, 439, 222, 210, 224, 225, 226, 227, 228, 229, 230, 231, 232, 233, 234, 235, 236, 237, 238, 239, 1303, 241, 242, 243, 244, 245, 246, 247, 248, 249, 250, 79, 252, 253, 254, 255, 256, 257, 76, 259, 260, 261, 880, 263, 264, 265, 266, 267, 268, 269, 270, 155, 1378, 273, 274, 275, 276, 277, 278, 279, 280, 281, 282, 1149, 284, 285, 286, 287, 288, 289, 290, 294, 292, 293, 168, 295, 797, 720, 298, 299, 196, 55, 302, 303, 304, 305, 352, 307, 648, 309, 310, 311, 312, 313, 314, 315, 316, 317, 283, 319, 320, 321, 322, 323, 324, 325, 326, 336, 328, 363, 1173, 331, 861, 333, 334, 552, 192, 337, 144, 841, 14, 341, 342, 343, 344, 345, 346, 347, 348, 349, 350, 351, 664, 353, 354, 355, 356, 357, 358, 359, 360, 361, 362, 534, 364, 624, 366, 367, 368, 369, 370, 371, 372, 373, 374, 723, 628, 377, 378, 379, 1104, 381, 382, 383, 301, 385, 386, 387, 388, 389, 390, 1139, 392, 393, 1101, 395, 396, 397, 398, 1316, 400, 401, 402, 403, 404, 405, 406, 407, 408, 409, 410, 411, 1223, 413, 414, 415, 416, 417, 418, 789, 420, 421, 422, 423, 450, 425, 375, 427, 428, 429, 430, 431, 432, 433, 1147, 435, 436, 437, 438, 6, 1263, 340, 442, 443, 444, 960, 446, 1154, 448, 449, 1145, 1417, 452, 453, 804, 455, 456, 457, 458, 459, 460, 461, 462, 463, 464, 465, 1459, 467, 468, 1226, 470, 471, 472, 207, 474, 475, 476, 477, 478, 479, 480, 481, 482, 483, 484, 485, 620, 487, 488, 489, 490, 1030, 492, 493, 494, 495, 129, 497, 498, 499, 500, 501, 502, 503, 504, 505, 506, 507, 508, 509, 510, 511, 512, 513, 514, 515, 516, 1081, 466, 519, 643, 521, 522, 523, 524, 1259, 526, 527, 528, 529, 530, 531, 532, 533, 1095, 535, 536, 537, 538, 539, 540, 541, 251, 543, 544, 545, 9, 547, 548, 549, 376, 753, 445, 553, 554, 555, 932, 1376, 558, 559, 560, 561, 562, 563, 667, 565, 566, 1237, 568, 569, 570, 571, 572, 573, 574, 575, 576, 577, 578, 579, 580, 581, 153, 583, 584, 585, 586, 587, 588, 589, 590, 591, 592, 593, 594, 595, 596, 597, 598, 599, 600, 601, 602, 603, 604, 605, 606, 607, 701, 1394, 610, 611, 272, 613, 614, 615, 616, 617, 618, 619, 330, 621, 622, 623, 1428, 625, 1321, 627, 1142, 629, 630, 631, 632, 633, 634, 635, 636, 637, 638, 639, 640, 641, 642, 1135, 644, 897, 646, 647, 727, 649, 650, 651, 652, 190, 654, 655, 656, 657, 612, 1134, 660, 661, 662, 663, 713, 665, 666, 550, 668, 669, 670, 671, 672, 440, 674, 675, 676, 677, 338, 679, 680, 681, 682, 683, 684, 685, 686, 687, 688, 689, 690, 691, 692, 773, 694, 695, 696, 697, 698, 699, 700, 1424, 441, 703, 704, 705, 706, 707, 708, 709, 710, 711, 712, 673, 31, 715, 716, 717, 718, 719, 297, 995, 722, 1028, 724, 725, 726, 1343, 728, 729, 730, 731, 732, 1465, 734, 735, 736, 737, 738, 739, 740, 741, 645, 743, 744, 394, 746, 747, 748, 749, 1032, 751, 173, 867, 754, 1155, 756, 757, 758, 759, 760, 761, 762, 763, 764, 765, 766, 767, 768, 769, 770, 771, 1236, 33, 774, 775, 546, 777, 778, 779, 780, 781, 782, 783, 784, 785, 1277, 787, 788, 419, 790, 791, 792, 793, 794, 795, 796, 564, 798, 799, 800, 801, 802, 803, 862, 805, 806, 807, 194, 809, 810, 811, 812, 813, 814, 815, 816, 817, 818, 819, 820, 821, 822, 180, 824, 825, 826, 827, 828, 829, 830, 831, 832, 833, 332, 835, 836, 837, 838, 839, 840, 900, 842, 107, 451, 845, 846, 847, 329, 849, 850, 851, 852, 853, 854, 855, 856, 857, 556, 859, 860, 473, 1125, 863, 864, 865, 866, 496, 868, 869, 870, 903, 872, 873, 874, 1380, 876, 877, 878, 879, 1018, 881, 882, 883, 884, 885, 886, 887, 888, 889, 890, 891, 892, 893, 894, 895, 896, 844, 898, 899, 962, 901, 902, 1186, 904, 905, 906, 907, 92, 909, 910, 911, 174, 1089, 914, 915, 916, 917, 918, 919, 920, 921, 922, 923, 924, 99, 223, 927, 928, 929, 930, 931, 786, 159, 934, 935, 936, 937, 938, 939, 940, 941, 942, 943, 944, 945, 946, 947, 948, 949, 950, 951, 1066, 953, 954, 955, 956, 957, 958, 959, 1400, 961, 1471, 1096, 964, 965, 966, 967, 952, 678, 308, 971, 972, 973, 525, 975, 976, 977, 978, 979, 469, 981, 982, 983, 984, 985, 986, 987, 988, 989, 990, 991, 992, 1052, 163, 412, 996, 997, 998, 999, 1000, 1001, 1002, 1003, 1004, 1005, 1006, 1007, 1008, 980, 1010, 1011, 1012, 1013, 1014, 1015, 1016, 1017, 1153, 1019, 1046, 1021, 1022, 1023, 858, 750, 1026, 1027, 518, 1029, 486, 1031, 659, 1033, 1034, 1035, 1036, 1037, 1038, 1039, 517, 1041, 1042, 1043, 1044, 1045, 69, 1047, 1333, 1049, 1345, 1051, 1413, 19, 1054, 1055, 1056, 1057, 1150, 121, 318, 1061, 1062, 1063, 1064, 1065, 1187, 1067, 1068, 1265, 1070, 1071, 8, 1073, 1074, 1075, 1076, 1077, 1078, 1079, 1080, 120, 1082, 184, 1084, 1085, 1086, 1087, 1088, 742, 1090, 1091, 1092, 1093, 1094, 1326, 963, 1048, 1098, 1099, 1100, 970, 1102, 1103, 1188, 1105, 1106, 1107, 1108, 1109, 1110, 1111, 1112, 1113, 1114, 1115, 1116, 1117, 1118, 1119, 1120, 1121, 1122, 1123, 1124, 994, 1126, 1127, 1128, 1040, 1130, 1131, 1132, 1133, 399, 1200, 1136, 1137, 1138, 1381, 1140, 1141, 1328, 291, 1251, 567, 1146, 271, 1148, 380, 653, 1151, 1152, 714, 447, 1258, 1156, 1157, 1158, 1159, 1160, 1161, 1162, 1163, 1164, 1165, 658, 1167, 1168, 1169, 1170, 1171, 1172, 1407, 1174, 1175, 1176, 1177, 1178, 1179, 1180, 1181, 1305, 1183, 1184, 1185, 808, 199, 551, 1189, 1190, 1191, 1192, 1193, 1194, 1195, 1196, 1197, 1198, 1199, 1020, 1201, 1202, 1203, 1204, 1205, 1206, 1207, 1208, 1209, 1210, 1211, 1212, 1213, 1214, 1215, 1216, 1217, 1218, 1219, 1220, 1221, 1222, 926, 1224, 1225, 1129, 1227, 1228, 1229, 1230, 1231, 1232, 1233, 1234, 1235, 40, 201, 1238, 1239, 1240, 1241, 1242, 1243, 520, 1245, 1246, 1247, 1248, 1249, 1250, 721, 1252, 1253, 1254, 702, 1256, 1257, 1058, 1314, 1260, 1261, 1262, 1425, 1264, 240, 1332, 1267, 1268, 1269, 1270, 1271, 1272, 1273, 974, 1275, 1276, 1281, 1278, 1279, 1280, 1166, 1282, 1283, 1284, 1285, 1286, 1287, 1288, 1468, 1290, 1291, 1292, 1293, 1294, 1295, 1296, 1297, 1298, 1299, 1300, 1301, 1302, 1306, 1304, 1182, 776, 1307, 1308, 1309, 1310, 1311, 1312, 1313, 925, 1315, 300, 1317, 1318, 1319, 1320, 582, 1322, 1323, 1324, 1325, 908, 1327, 434, 1329, 1330, 1331, 365, 80, 1334, 1335, 1336, 1337, 1338, 1339, 1340, 1341, 1342, 491, 1344, 1364, 1346, 1347, 1348, 1349, 1350, 1351, 1352, 1353, 1354, 1355, 1356, 1357, 1358, 1359, 1360, 1361, 1362, 1363, 1050, 1365, 1366, 1367, 1368, 1369, 1370, 1371, 1372, 1373, 1374, 1375, 454, 1377, 1401, 1379, 1069, 339, 1382, 1383, 1384, 1385, 1386, 1387, 1388, 1389, 1390, 1391, 1392, 1393, 609, 1395, 1396, 1397, 1398, 1399, 1053, 848, 1402, 1403, 1404, 1405, 1406, 772, 384, 1409, 1410, 1411, 1412, 82, 1414, 1415, 1416, 1025, 1418, 1419, 1420, 843, 1422, 1423, 733, 1072, 1426, 1427, 823, 335, 1430, 871, 1432, 1433, 1434, 1435, 1436, 1437, 1438, 1439, 1440, 1441, 1442, 1443, 1444, 1445, 1446, 1447, 1448, 1449, 1450, 1451, 1452, 1453, 1454, 1455, 1456, 1457, 1458, 933, 188, 1461, 1462, 1463, 1464, 875, 1466, 1467, 693, 1469, 1470, 149, 1472]
labeling = [0, 2, 4, 6, 8, 10, 21, 1, 2, 30, 3, 11, 0, 5, 24, 1, 4, 28, 3, 25, 6, 0, 8, 2, 4, 1, 10, 3, 6, 9, 0, 26, 5, 28, 2, 4, 1, 30, 6, 0, 25, 3, 5, 7, 9, 1, 4, 0, 2, 10, 12, 12, 14, 16, 17, 33, 18, 5, 13, 0, 15, 20, 19, 7, 9, 13, 16, 12, 18, 35, 14, 20, 17, 19, 22, 11, 33, 13, 7, 31, 38, 12, 40, 14, 8, 10, 16, 11, 13, 18, 14, 15, 23, 16, 19, 20, 11, 13, 0, 32, 18, 22, 1, 7, 9, 22, 23, 35, 24, 26, 0, 25, 27, 29, 2, 31, 17, 21, 23, 26, 40, 39, 7, 5, 24, 27, 15, 29, 16, 35, 18, 20, 22, 23, 25, 27, 19, 29, 21, 24, 31, 5, 26, 9, 37, 28, 8, 0, 6, 3, 24, 27, 30, 30, 3, 28, 4, 0, 6, 32, 2, 2, 34, 38, 8, 10, 5, 32, 28, 3, 0, 30, 11, 34, 36, 2, 9, 0, 4, 8, 32, 6, 1, 3, 37, 9, 17, 2, 34, 7, 38, 32, 35, 1, 40, 3, 33, 12, 10, 31, 1, 29, 17, 6, 12, 14, 10, 36, 16, 18, 21, 11, 4, 13, 20, 19, 15, 12, 24, 18, 6, 1, 13, 38, 20, 17, 12, 22, 14, 19, 26, 10, 11, 21, 12, 13, 24, 4, 15, 8, 11, 10, 14, 16, 18, 20, 7, 22, 2, 13, 1, 2, 14, 19, 25, 7, 2, 22, 5, 25, 9, 6, 1, 0, 27, 29, 31, 2, 22, 17, 4, 35, 33, 15, 25, 23, 3, 5, 7, 27, 29, 31, 16, 25, 33, 18, 28, 23, 5, 19, 26, 39, 6, 29, 21, 24, 0, 30, 4, 9, 8, 26, 0, 5, 11, 15, 0, 3, 34, 7, 8, 10, 28, 14, 30, 9, 11, 21, 39, 32, 34, 35, 1, 8, 6, 9, 20, 0, 2, 36, 34, 31, 32, 17, 33, 41, 12, 27, 35, 36, 23, 12, 6, 13, 16, 18, 24, 26, 20, 36, 37, 13, 2, 17, 4, 22, 19, 11, 14, 15, 24, 12, 30, 3, 7, 38, 1, 10, 14, 4, 8, 19, 4, 1, 6, 20, 28, 9, 5, 3, 3, 15, 11, 17, 41, 4, 19, 3, 22, 5, 12, 0, 15, 7, 33, 10, 3, 23, 5, 37, 16, 21, 18, 25, 26, 5, 22, 9, 16, 13, 28, 6, 29, 11, 0, 2, 15, 5, 7, 3, 3, 9, 12, 7, 0, 13, 2, 22, 24, 8, 10, 0, 14, 26, 38, 7, 21, 10, 25, 1, 32, 35, 27, 14, 8, 30, 29, 41, 28, 25, 1, 35, 31, 2, 39, 13, 20, 32, 33, 23, 17, 35, 21, 24, 25, 18, 34, 27, 10, 17, 0, 20, 14, 23, 16, 18, 27, 25, 29, 12, 19, 11, 2, 31, 33, 34, 36, 6, 16, 18, 23, 40, 2, 11, 20, 4, 39, 6, 17, 19, 22, 11, 15, 27, 4, 6, 7, 10, 8, 29, 1, 3, 12, 30, 7, 37, 32, 41, 33, 1, 15, 2, 8, 5, 16, 35, 3, 5, 6, 9, 15, 4, 12, 4, 1, 20, 23, 4, 8, 11, 13, 28, 0, 9, 15, 24, 37, 5, 12, 18, 34, 38, 3, 9, 21, 24, 36, 0, 14, 16, 18, 5, 22, 26, 39, 9, 11, 36, 13, 19, 3, 7, 0, 22, 12, 26, 2, 8, 11, 17, 26, 13, 36, 14, 0, 30, 21, 32, 14, 7, 22, 10, 17, 19, 21, 26, 30, 0, 7, 14, 13, 16, 23, 26, 28, 20, 30, 5, 2, 34, 11, 32, 21, 20, 23, 15, 17, 28, 24, 31, 4, 8, 10, 2, 2, 29, 0, 19, 0, 22, 24, 10, 28, 7, 29, 2, 25, 16, 27, 5, 12, 34, 36, 3, 38, 27, 32, 25, 2, 4, 11, 6, 10, 35, 8, 25, 33, 15, 39, 37, 7, 13, 10, 1, 0, 3, 25, 6, 33, 34, 18, 10, 1, 20, 4, 5, 14, 16, 37, 9, 18, 6, 0, 15, 8, 13, 20, 18, 9, 24, 15, 12, 22, 38, 17, 19, 21, 9, 27, 18, 12, 4, 41, 19, 22, 16, 14, 27, 12, 30, 29, 3, 5, 1, 28, 7, 9, 2, 6, 0, 0, 32, 10, 2, 6, 5, 8, 3, 11, 13, 7, 15, 4, 36, 9, 6, 5, 11, 7, 10, 12, 4, 33, 8, 6, 0, 11, 9, 7, 13, 33, 10, 2, 5, 8, 0, 7, 11, 0, 6, 12, 14, 11, 13, 15, 17, 18, 20, 12, 14, 0, 22, 39, 4, 12, 14, 38, 16, 17, 19, 10, 21, 23, 14, 18, 24, 34, 16, 20, 2, 13, 22, 15, 14, 17, 19, 20, 3, 16, 22, 24, 18, 4, 21, 3, 23, 17, 13, 24, 0, 19, 22, 25, 8, 23, 21, 24, 25, 27, 10, 3, 2, 29, 41, 31, 26, 9, 33, 28, 30, 35, 31, 25, 37, 0, 27, 29, 30, 32, 19, 25, 1, 23, 36, 31, 27, 5, 29, 34, 12, 26, 28, 30, 15, 32, 27, 34, 29, 20, 16, 2, 1, 9, 31, 16, 6, 19, 5, 30, 34, 7, 15, 4, 36, 37, 40, 3, 6, 8, 5, 1, 11, 2, 7, 13, 4, 9, 6, 3, 11, 5, 7, 21, 33, 9, 4, 18, 1, 2, 11, 4, 22, 19, 17, 26, 23, 7, 28, 37, 3, 5, 29, 1, 0, 14, 16, 23, 24, 29, 31, 32, 11, 34, 35, 8, 26, 24, 5, 4, 20, 3, 5, 0, 30, 7, 13, 1, 4, 0, 16, 21, 24, 14, 10, 29, 25, 31, 33, 11, 1, 21, 32, 36, 34, 8, 10, 20, 7, 25, 26, 2, 13, 5, 37, 6, 15, 17, 9, 3, 1, 18, 13, 2, 7, 7, 0, 0, 0, 0, 0, 0, 9, 6, 10, 8, 15, 9, 12, 0, 0, 18, 3, 27, 0, 0, 2, 6, 3, 8, 6, 4, 9, 13, 2, 15, 4, 4, 12, 12, 0, 17, 1, 18, 3, 0, 19, 10, 21, 4, 22, 6, 23, 3, 6, 0, 10, 0, 0, 0, 0, 0, 0, 0, 0, 0, 0, 0, 0, 0, 0, 0, 0, 0, 0, 0, 0, 0, 0, 0, 0, 0, 0, 0, 0, 0, 0, 0, 0, 0, 0, 0, 0, 0, 0, 0, 0, 0, 0, 0, 0, 0, 0, 0, 0, 0, 0, 0, 0, 0, 0, 0, 0, 0, 0, 0, 0, 0, 0, 0, 0, 0, 0, 0, 0, 0, 0, 0, 0, 0, 0, 0, 0, 0, 0, 0, 0, 0, 0, 0, 0, 0, 0, 0, 0, 0, 0, 0, 0, 0, 0, 0, 0, 0, 0, 0, 0, 0, 0, 0, 0, 0, 0, 0, 0, 0, 0, 0, 0, 0, 0, 0, 0, 0, 0, 0, 0, 0, 0, 0, 0, 0, 0, 0, 0, 0, 0, 0, 0, 0, 0, 0, 0, 0, 0, 0, 0, 0, 0, 0, 0, 0, 0, 0, 0, 0, 0, 0, 0, 0, 0, 0, 0, 0, 0, 0, 0, 0, 0, 0, 0, 0, 0, 0, 0, 0, 0, 0, 0, 0, 0, 0, 0, 0, 0, 0, 0, 0, 0, 0, 0, 0, 0, 0, 0, 0, 0, 0, 0, 0, 0, 0, 0, 0, 0, 0, 0, 0, 0, 0, 0, 0, 0, 0, 0, 0, 0, 0, 0, 0, 0, 0, 0, 0, 0, 0, 0, 0, 0, 0, 0, 0, 0, 0, 0, 0, 0, 0, 0, 0, 0, 0, 0, 0, 0, 0, 0, 0, 0, 0, 0, 0, 0, 0, 0, 0, 0, 0, 0, 0, 0, 0, 0, 0, 0, 0, 0, 0, 0, 0, 0, 0, 0, 0, 0, 0, 0, 0, 0, 0, 0, 0, 0, 0, 0, 0, 0, 0, 0, 0, 0, 0, 0, 0, 0, 0, 0, 0, 0, 0, 0, 0, 0, 0, 0, 0, 0, 0, 0, 0, 0, 0, 0, 0, 0, 0, 0, 0, 0, 0, 0, 0, 0, 0, 0, 0, 0, 0, 0, 0, 0, 0, 0, 0, 8, 16, 16, 19, 19, 21, 4, 13, 2, 15, 23, 9, 24, 13, 25, 20, 0, 25, 1, 0, 22, 2, 17, 1, 19, 0, 25, 18, 0, 21, 18, 1, 21, 23, 2, 25, 25, 5, 26, 15, 15, 1, 20, 2, 27, 0, 1, 2, 1, 16, 4, 6, 2, 8, 0, 0, 1, 1, 2, 2, 5, 2, 6, 0, 0, 4, 4, 7, 0, 9, 2, 2, 1, 11, 4, 1, 0, 0, 0, 7, 10, 14, 12, 15, 15, 16, 16, 17, 10, 18, 17, 14, 18, 15, 10, 16, 12, 0, 13, 2, 0, 3, 6, 0, 11, 0, 0, 0, 0, 0, 0, 0, 0, 0, 0, 0, 0, 0, 0, 0]
convergência = [43, 43, 43, 42, 42, 42, 42, 42, 42, 42, 42, 42, 42, 42, 42, 42, 42, 42, 42, 42, 42, 42, 42, 42, 42, 42, 42, 42, 42, 42, 42, 42, 42, 42, 42, 42, 42, 42, 42, 42, 42, 42, 42, 42, 42, 42, 42, 42, 41, 41, 41, 41, 41]
================================

----- Melhor execução -----
Span (lambda): 41
best_order = [0, 1, 2, 3, 4, 5, 296, 7, 557, 1143, 10, 11, 12, 13, 1060, 15, 16, 1274, 18, 1431, 20, 21, 22, 23, 24, 25, 26, 27, 28, 29, 30, 834, 32, 1289, 34, 35, 36, 1024, 38, 39, 755, 41, 42, 43, 44, 45, 46, 47, 48, 49, 50, 51, 52, 53, 54, 752, 56, 57, 58, 59, 60, 61, 62, 63, 64, 65, 66, 67, 68, 745, 70, 71, 72, 73, 74, 75, 1429, 77, 78, 1097, 1009, 81, 306, 83, 84, 85, 86, 87, 88, 89, 90, 91, 542, 93, 94, 95, 96, 97, 98, 1255, 100, 101, 102, 103, 104, 105, 106, 424, 108, 109, 110, 111, 112, 113, 114, 115, 116, 117, 118, 119, 1244, 1059, 122, 123, 124, 125, 126, 127, 128, 1266, 130, 131, 132, 133, 134, 135, 136, 137, 138, 139, 140, 141, 142, 143, 1408, 145, 146, 147, 148, 1144, 150, 151, 152, 221, 154, 262, 156, 157, 158, 17, 160, 161, 258, 1460, 164, 165, 166, 167, 426, 169, 170, 171, 172, 993, 912, 175, 176, 177, 178, 179, 162, 181, 182, 183, 1083, 185, 186, 187, 206, 189, 1421, 191, 969, 193, 626, 195, 327, 197, 198, 391, 200, 968, 202, 203, 204, 205, 608, 913, 208, 209, 37, 211, 212, 213, 214, 215, 216, 217, 218, 219, 220, 439, 222, 210, 224, 225, 226, 227, 228, 229, 230, 231, 232, 233, 234, 235, 236, 237, 238, 239, 1303, 241, 242, 243, 244, 245, 246, 247, 248, 249, 250, 79, 252, 253, 254, 255, 256, 257, 76, 259, 260, 261, 880, 263, 264, 265, 266, 267, 268, 269, 270, 155, 1378, 273, 274, 275, 276, 277, 278, 279, 280, 281, 282, 1149, 284, 285, 286, 287, 288, 289, 290, 294, 292, 293, 168, 295, 797, 720, 298, 299, 196, 55, 302, 303, 304, 305, 352, 307, 648, 309, 310, 311, 312, 313, 314, 315, 316, 317, 283, 319, 320, 321, 322, 323, 324, 325, 326, 336, 328, 363, 1173, 331, 861, 333, 334, 552, 192, 337, 144, 841, 14, 341, 342, 343, 344, 345, 346, 347, 348, 349, 350, 351, 664, 353, 354, 355, 356, 357, 358, 359, 360, 361, 362, 534, 364, 624, 366, 367, 368, 369, 370, 371, 372, 373, 374, 723, 628, 377, 378, 379, 1104, 381, 382, 383, 301, 385, 386, 387, 388, 389, 390, 1139, 392, 393, 1101, 395, 396, 397, 398, 1316, 400, 401, 402, 403, 404, 405, 406, 407, 408, 409, 410, 411, 1223, 413, 414, 415, 416, 417, 418, 789, 420, 421, 422, 423, 450, 425, 375, 427, 428, 429, 430, 431, 432, 433, 1147, 435, 436, 437, 438, 6, 1263, 340, 442, 443, 444, 960, 446, 1154, 448, 449, 1145, 1417, 452, 453, 804, 455, 456, 457, 458, 459, 460, 461, 462, 463, 464, 465, 1459, 467, 468, 1226, 470, 471, 472, 207, 474, 475, 476, 477, 478, 479, 480, 481, 482, 483, 484, 485, 620, 487, 488, 489, 490, 1030, 492, 493, 494, 495, 129, 497, 498, 499, 500, 501, 502, 503, 504, 505, 506, 507, 508, 509, 510, 511, 512, 513, 514, 515, 516, 1081, 466, 519, 643, 521, 522, 523, 524, 1259, 526, 527, 528, 529, 530, 531, 532, 533, 1095, 535, 536, 537, 538, 539, 540, 541, 251, 543, 544, 545, 9, 547, 548, 549, 376, 753, 445, 553, 554, 555, 932, 1376, 558, 559, 560, 561, 562, 563, 667, 565, 566, 1237, 568, 569, 570, 571, 572, 573, 574, 575, 576, 577, 578, 579, 580, 581, 153, 583, 584, 585, 586, 587, 588, 589, 590, 591, 592, 593, 594, 595, 596, 597, 598, 599, 600, 601, 602, 603, 604, 605, 606, 607, 701, 1394, 610, 611, 272, 613, 614, 615, 616, 617, 618, 619, 330, 621, 622, 623, 1428, 625, 1321, 627, 1142, 629, 630, 631, 632, 633, 634, 635, 636, 637, 638, 639, 640, 641, 642, 1135, 644, 897, 646, 647, 727, 649, 650, 651, 652, 190, 654, 655, 656, 657, 612, 1134, 660, 661, 662, 663, 713, 665, 666, 550, 668, 669, 670, 671, 672, 440, 674, 675, 676, 677, 338, 679, 680, 681, 682, 683, 684, 685, 686, 687, 688, 689, 690, 691, 692, 773, 694, 695, 696, 697, 698, 699, 700, 1424, 441, 703, 704, 705, 706, 707, 708, 709, 710, 711, 712, 673, 31, 715, 716, 717, 718, 719, 297, 995, 722, 1028, 724, 725, 726, 1343, 728, 729, 730, 731, 732, 1465, 734, 735, 736, 737, 738, 739, 740, 741, 645, 743, 744, 394, 746, 747, 748, 749, 1032, 751, 173, 867, 754, 1155, 756, 757, 758, 759, 760, 761, 762, 763, 764, 765, 766, 767, 768, 769, 770, 771, 1236, 33, 774, 775, 546, 777, 778, 779, 780, 781, 782, 783, 784, 785, 1277, 787, 788, 419, 790, 791, 792, 793, 794, 795, 796, 564, 798, 799, 800, 801, 802, 803, 862, 805, 806, 807, 194, 809, 810, 811, 812, 813, 814, 815, 816, 817, 818, 819, 820, 821, 822, 180, 824, 825, 826, 827, 828, 829, 830, 831, 832, 833, 332, 835, 836, 837, 838, 839, 840, 900, 842, 107, 451, 845, 846, 847, 329, 849, 850, 851, 852, 853, 854, 855, 856, 857, 556, 859, 860, 473, 1125, 863, 864, 865, 866, 496, 868, 869, 870, 903, 872, 873, 874, 1380, 876, 877, 878, 879, 1018, 881, 882, 883, 884, 885, 886, 887, 888, 889, 890, 891, 892, 893, 894, 895, 896, 844, 898, 899, 962, 901, 902, 1186, 904, 905, 906, 907, 92, 909, 910, 911, 174, 1089, 914, 915, 916, 917, 918, 919, 920, 921, 922, 923, 924, 99, 223, 927, 928, 929, 930, 931, 786, 159, 934, 935, 936, 937, 938, 939, 940, 941, 942, 943, 944, 945, 946, 947, 948, 949, 950, 951, 1066, 953, 954, 955, 956, 957, 958, 959, 1400, 961, 1471, 1096, 964, 965, 966, 967, 952, 678, 308, 971, 972, 973, 525, 975, 976, 977, 978, 979, 469, 981, 982, 983, 984, 985, 986, 987, 988, 989, 990, 991, 992, 1052, 163, 412, 996, 997, 998, 999, 1000, 1001, 1002, 1003, 1004, 1005, 1006, 1007, 1008, 980, 1010, 1011, 1012, 1013, 1014, 1015, 1016, 1017, 1153, 1019, 1046, 1021, 1022, 1023, 858, 750, 1026, 1027, 518, 1029, 486, 1031, 659, 1033, 1034, 1035, 1036, 1037, 1038, 1039, 517, 1041, 1042, 1043, 1044, 1045, 69, 1047, 1333, 1049, 1345, 1051, 1413, 19, 1054, 1055, 1056, 1057, 1150, 121, 318, 1061, 1062, 1063, 1064, 1065, 1187, 1067, 1068, 1265, 1070, 1071, 8, 1073, 1074, 1075, 1076, 1077, 1078, 1079, 1080, 120, 1082, 184, 1084, 1085, 1086, 1087, 1088, 742, 1090, 1091, 1092, 1093, 1094, 1326, 963, 1048, 1098, 1099, 1100, 970, 1102, 1103, 1188, 1105, 1106, 1107, 1108, 1109, 1110, 1111, 1112, 1113, 1114, 1115, 1116, 1117, 1118, 1119, 1120, 1121, 1122, 1123, 1124, 994, 1126, 1127, 1128, 1040, 1130, 1131, 1132, 1133, 399, 1200, 1136, 1137, 1138, 1381, 1140, 1141, 1328, 291, 1251, 567, 1146, 271, 1148, 380, 653, 1151, 1152, 714, 447, 1258, 1156, 1157, 1158, 1159, 1160, 1161, 1162, 1163, 1164, 1165, 658, 1167, 1168, 1169, 1170, 1171, 1172, 1407, 1174, 1175, 1176, 1177, 1178, 1179, 1180, 1181, 1305, 1183, 1184, 1185, 808, 199, 551, 1189, 1190, 1191, 1192, 1193, 1194, 1195, 1196, 1197, 1198, 1199, 1020, 1201, 1202, 1203, 1204, 1205, 1206, 1207, 1208, 1209, 1210, 1211, 1212, 1213, 1214, 1215, 1216, 1217, 1218, 1219, 1220, 1221, 1222, 926, 1224, 1225, 1129, 1227, 1228, 1229, 1230, 1231, 1232, 1233, 1234, 1235, 40, 201, 1238, 1239, 1240, 1241, 1242, 1243, 520, 1245, 1246, 1247, 1248, 1249, 1250, 721, 1252, 1253, 1254, 702, 1256, 1257, 1058, 1314, 1260, 1261, 1262, 1425, 1264, 240, 1332, 1267, 1268, 1269, 1270, 1271, 1272, 1273, 974, 1275, 1276, 1281, 1278, 1279, 1280, 1166, 1282, 1283, 1284, 1285, 1286, 1287, 1288, 1468, 1290, 1291, 1292, 1293, 1294, 1295, 1296, 1297, 1298, 1299, 1300, 1301, 1302, 1306, 1304, 1182, 776, 1307, 1308, 1309, 1310, 1311, 1312, 1313, 925, 1315, 300, 1317, 1318, 1319, 1320, 582, 1322, 1323, 1324, 1325, 908, 1327, 434, 1329, 1330, 1331, 365, 80, 1334, 1335, 1336, 1337, 1338, 1339, 1340, 1341, 1342, 491, 1344, 1364, 1346, 1347, 1348, 1349, 1350, 1351, 1352, 1353, 1354, 1355, 1356, 1357, 1358, 1359, 1360, 1361, 1362, 1363, 1050, 1365, 1366, 1367, 1368, 1369, 1370, 1371, 1372, 1373, 1374, 1375, 454, 1377, 1401, 1379, 1069, 339, 1382, 1383, 1384, 1385, 1386, 1387, 1388, 1389, 1390, 1391, 1392, 1393, 609, 1395, 1396, 1397, 1398, 1399, 1053, 848, 1402, 1403, 1404, 1405, 1406, 772, 384, 1409, 1410, 1411, 1412, 82, 1414, 1415, 1416, 1025, 1418, 1419, 1420, 843, 1422, 1423, 733, 1072, 1426, 1427, 823, 335, 1430, 871, 1432, 1433, 1434, 1435, 1436, 1437, 1438, 1439, 1440, 1441, 1442, 1443, 1444, 1445, 1446, 1447, 1448, 1449, 1450, 1451, 1452, 1453, 1454, 1455, 1456, 1457, 1458, 933, 188, 1461, 1462, 1463, 1464, 875, 1466, 1467, 693, 1469, 1470, 149, 1472]
labeling = [0, 2, 4, 6, 8, 10, 21, 1, 2, 30, 3, 11, 0, 5, 24, 1, 4, 28, 3, 25, 6, 0, 8, 2, 4, 1, 10, 3, 6, 9, 0, 26, 5, 28, 2, 4, 1, 30, 6, 0, 25, 3, 5, 7, 9, 1, 4, 0, 2, 10, 12, 12, 14, 16, 17, 33, 18, 5, 13, 0, 15, 20, 19, 7, 9, 13, 16, 12, 18, 35, 14, 20, 17, 19, 22, 11, 33, 13, 7, 31, 38, 12, 40, 14, 8, 10, 16, 11, 13, 18, 14, 15, 23, 16, 19, 20, 11, 13, 0, 32, 18, 22, 1, 7, 9, 22, 23, 35, 24, 26, 0, 25, 27, 29, 2, 31, 17, 21, 23, 26, 40, 39, 7, 5, 24, 27, 15, 29, 16, 35, 18, 20, 22, 23, 25, 27, 19, 29, 21, 24, 31, 5, 26, 9, 37, 28, 8, 0, 6, 3, 24, 27, 30, 30, 3, 28, 4, 0, 6, 32, 2, 2, 34, 38, 8, 10, 5, 32, 28, 3, 0, 30, 11, 34, 36, 2, 9, 0, 4, 8, 32, 6, 1, 3, 37, 9, 17, 2, 34, 7, 38, 32, 35, 1, 40, 3, 33, 12, 10, 31, 1, 29, 17, 6, 12, 14, 10, 36, 16, 18, 21, 11, 4, 13, 20, 19, 15, 12, 24, 18, 6, 1, 13, 38, 20, 17, 12, 22, 14, 19, 26, 10, 11, 21, 12, 13, 24, 4, 15, 8, 11, 10, 14, 16, 18, 20, 7, 22, 2, 13, 1, 2, 14, 19, 25, 7, 2, 22, 5, 25, 9, 6, 1, 0, 27, 29, 31, 2, 22, 17, 4, 35, 33, 15, 25, 23, 3, 5, 7, 27, 29, 31, 16, 25, 33, 18, 28, 23, 5, 19, 26, 39, 6, 29, 21, 24, 0, 30, 4, 9, 8, 26, 0, 5, 11, 15, 0, 3, 34, 7, 8, 10, 28, 14, 30, 9, 11, 21, 39, 32, 34, 35, 1, 8, 6, 9, 20, 0, 2, 36, 34, 31, 32, 17, 33, 41, 12, 27, 35, 36, 23, 12, 6, 13, 16, 18, 24, 26, 20, 36, 37, 13, 2, 17, 4, 22, 19, 11, 14, 15, 24, 12, 30, 3, 7, 38, 1, 10, 14, 4, 8, 19, 4, 1, 6, 20, 28, 9, 5, 3, 3, 15, 11, 17, 41, 4, 19, 3, 22, 5, 12, 0, 15, 7, 33, 10, 3, 23, 5, 37, 16, 21, 18, 25, 26, 5, 22, 9, 16, 13, 28, 6, 29, 11, 0, 2, 15, 5, 7, 3, 3, 9, 12, 7, 0, 13, 2, 22, 24, 8, 10, 0, 14, 26, 38, 7, 21, 10, 25, 1, 32, 35, 27, 14, 8, 30, 29, 41, 28, 25, 1, 35, 31, 2, 39, 13, 20, 32, 33, 23, 17, 35, 21, 24, 25, 18, 34, 27, 10, 17, 0, 20, 14, 23, 16, 18, 27, 25, 29, 12, 19, 11, 2, 31, 33, 34, 36, 6, 16, 18, 23, 40, 2, 11, 20, 4, 39, 6, 17, 19, 22, 11, 15, 27, 4, 6, 7, 10, 8, 29, 1, 3, 12, 30, 7, 37, 32, 41, 33, 1, 15, 2, 8, 5, 16, 35, 3, 5, 6, 9, 15, 4, 12, 4, 1, 20, 23, 4, 8, 11, 13, 28, 0, 9, 15, 24, 37, 5, 12, 18, 34, 38, 3, 9, 21, 24, 36, 0, 14, 16, 18, 5, 22, 26, 39, 9, 11, 36, 13, 19, 3, 7, 0, 22, 12, 26, 2, 8, 11, 17, 26, 13, 36, 14, 0, 30, 21, 32, 14, 7, 22, 10, 17, 19, 21, 26, 30, 0, 7, 14, 13, 16, 23, 26, 28, 20, 30, 5, 2, 34, 11, 32, 21, 20, 23, 15, 17, 28, 24, 31, 4, 8, 10, 2, 2, 29, 0, 19, 0, 22, 24, 10, 28, 7, 29, 2, 25, 16, 27, 5, 12, 34, 36, 3, 38, 27, 32, 25, 2, 4, 11, 6, 10, 35, 8, 25, 33, 15, 39, 37, 7, 13, 10, 1, 0, 3, 25, 6, 33, 34, 18, 10, 1, 20, 4, 5, 14, 16, 37, 9, 18, 6, 0, 15, 8, 13, 20, 18, 9, 24, 15, 12, 22, 38, 17, 19, 21, 9, 27, 18, 12, 4, 41, 19, 22, 16, 14, 27, 12, 30, 29, 3, 5, 1, 28, 7, 9, 2, 6, 0, 0, 32, 10, 2, 6, 5, 8, 3, 11, 13, 7, 15, 4, 36, 9, 6, 5, 11, 7, 10, 12, 4, 33, 8, 6, 0, 11, 9, 7, 13, 33, 10, 2, 5, 8, 0, 7, 11, 0, 6, 12, 14, 11, 13, 15, 17, 18, 20, 12, 14, 0, 22, 39, 4, 12, 14, 38, 16, 17, 19, 10, 21, 23, 14, 18, 24, 34, 16, 20, 2, 13, 22, 15, 14, 17, 19, 20, 3, 16, 22, 24, 18, 4, 21, 3, 23, 17, 13, 24, 0, 19, 22, 25, 8, 23, 21, 24, 25, 27, 10, 3, 2, 29, 41, 31, 26, 9, 33, 28, 30, 35, 31, 25, 37, 0, 27, 29, 30, 32, 19, 25, 1, 23, 36, 31, 27, 5, 29, 34, 12, 26, 28, 30, 15, 32, 27, 34, 29, 20, 16, 2, 1, 9, 31, 16, 6, 19, 5, 30, 34, 7, 15, 4, 36, 37, 40, 3, 6, 8, 5, 1, 11, 2, 7, 13, 4, 9, 6, 3, 11, 5, 7, 21, 33, 9, 4, 18, 1, 2, 11, 4, 22, 19, 17, 26, 23, 7, 28, 37, 3, 5, 29, 1, 0, 14, 16, 23, 24, 29, 31, 32, 11, 34, 35, 8, 26, 24, 5, 4, 20, 3, 5, 0, 30, 7, 13, 1, 4, 0, 16, 21, 24, 14, 10, 29, 25, 31, 33, 11, 1, 21, 32, 36, 34, 8, 10, 20, 7, 25, 26, 2, 13, 5, 37, 6, 15, 17, 9, 3, 1, 18, 13, 2, 7, 7, 0, 0, 0, 0, 0, 0, 9, 6, 10, 8, 15, 9, 12, 0, 0, 18, 3, 27, 0, 0, 2, 6, 3, 8, 6, 4, 9, 13, 2, 15, 4, 4, 12, 12, 0, 17, 1, 18, 3, 0, 19, 10, 21, 4, 22, 6, 23, 3, 6, 0, 10, 0, 0, 0, 0, 0, 0, 0, 0, 0, 0, 0, 0, 0, 0, 0, 0, 0, 0, 0, 0, 0, 0, 0, 0, 0, 0, 0, 0, 0, 0, 0, 0, 0, 0, 0, 0, 0, 0, 0, 0, 0, 0, 0, 0, 0, 0, 0, 0, 0, 0, 0, 0, 0, 0, 0, 0, 0, 0, 0, 0, 0, 0, 0, 0, 0, 0, 0, 0, 0, 0, 0, 0, 0, 0, 0, 0, 0, 0, 0, 0, 0, 0, 0, 0, 0, 0, 0, 0, 0, 0, 0, 0, 0, 0, 0, 0, 0, 0, 0, 0, 0, 0, 0, 0, 0, 0, 0, 0, 0, 0, 0, 0, 0, 0, 0, 0, 0, 0, 0, 0, 0, 0, 0, 0, 0, 0, 0, 0, 0, 0, 0, 0, 0, 0, 0, 0, 0, 0, 0, 0, 0, 0, 0, 0, 0, 0, 0, 0, 0, 0, 0, 0, 0, 0, 0, 0, 0, 0, 0, 0, 0, 0, 0, 0, 0, 0, 0, 0, 0, 0, 0, 0, 0, 0, 0, 0, 0, 0, 0, 0, 0, 0, 0, 0, 0, 0, 0, 0, 0, 0, 0, 0, 0, 0, 0, 0, 0, 0, 0, 0, 0, 0, 0, 0, 0, 0, 0, 0, 0, 0, 0, 0, 0, 0, 0, 0, 0, 0, 0, 0, 0, 0, 0, 0, 0, 0, 0, 0, 0, 0, 0, 0, 0, 0, 0, 0, 0, 0, 0, 0, 0, 0, 0, 0, 0, 0, 0, 0, 0, 0, 0, 0, 0, 0, 0, 0, 0, 0, 0, 0, 0, 0, 0, 0, 0, 0, 0, 0, 0, 0, 0, 0, 0, 0, 0, 0, 0, 0, 0, 0, 0, 0, 0, 0, 0, 0, 0, 0, 0, 0, 0, 0, 0, 0, 0, 0, 0, 0, 0, 0, 0, 0, 0, 0, 0, 0, 0, 0, 0, 0, 0, 0, 0, 0, 0, 0, 0, 0, 0, 0, 0, 0, 0, 0, 0, 0, 0, 8, 16, 16, 19, 19, 21, 4, 13, 2, 15, 23, 9, 24, 13, 25, 20, 0, 25, 1, 0, 22, 2, 17, 1, 19, 0, 25, 18, 0, 21, 18, 1, 21, 23, 2, 25, 25, 5, 26, 15, 15, 1, 20, 2, 27, 0, 1, 2, 1, 16, 4, 6, 2, 8, 0, 0, 1, 1, 2, 2, 5, 2, 6, 0, 0, 4, 4, 7, 0, 9, 2, 2, 1, 11, 4, 1, 0, 0, 0, 7, 10, 14, 12, 15, 15, 16, 16, 17, 10, 18, 17, 14, 18, 15, 10, 16, 12, 0, 13, 2, 0, 3, 6, 0, 11, 0, 0, 0, 0, 0, 0, 0, 0, 0, 0, 0, 0, 0, 0, 0]
