===== RESULTADO GA L(2,1) =====
Arquivo: /Users/mateuspedrosa/Documents/TCC-II/BOGA/data/Harwell-Boeing_cleaned/bcsstk05_clean.mtx (undirected)
Crossover: cx | Mutação: em | pop=30 | gens=53 | mut=0.446 | cr=0.5724 | runs=1 | max-stagt=1031

----- Execução #1 -----
Span (lambda): 27
Parada: MAX_GENS (geração 53)
best_order = [68, 16, 37, 75, 119, 98, 42, 137, 31, 46, 116, 118, 61, 78, 126, 129, 140, 132, 73, 43, 59, 71, 144, 80, 9, 2, 141, 67, 101, 33, 91, 28, 122, 138, 22, 6, 109, 29, 115, 123, 92, 13, 131, 139, 90, 94, 17, 14, 70, 21, 11, 54, 48, 66, 146, 84, 64, 148, 124, 41, 89, 110, 38, 10, 112, 51, 53, 113, 5, 20, 100, 60, 103, 19, 74, 30, 27, 87, 105, 4, 69, 96, 120, 45, 86, 82, 15, 95, 40, 35, 47, 106, 99, 151, 23, 55, 125, 1, 32, 76, 49, 72, 102, 127, 107, 134, 121, 12, 56, 83, 25, 0, 44, 85, 147, 117, 152, 3, 36, 8, 58, 136, 108, 81, 150, 65, 24, 63, 114, 111, 133, 149, 130, 26, 128, 7, 34, 88, 50, 62, 143, 18, 142, 135, 39, 57, 97, 145, 79, 104, 52, 77, 93]
labeling = [19, 14, 4, 8, 3, 0, 6, 23, 21, 1, 11, 9, 15, 2, 6, 13, 0, 7, 17, 12, 10, 8, 5, 2, 8, 18, 10, 13, 7, 0, 8, 3, 17, 0, 19, 15, 13, 1, 11, 22, 14, 12, 2, 5, 20, 14, 4, 12, 10, 16, 6, 4, 26, 1, 4, 16, 20, 19, 1, 3, 0, 6, 21, 24, 9, 23, 13, 8, 0, 17, 9, 6, 11, 0, 7, 2, 18, 24, 5, 15, 3, 21, 20, 18, 15, 22, 19, 12, 25, 8, 9, 10, 7, 25, 12, 16, 10, 27, 1, 21, 11, 4, 15, 14, 23, 4, 5, 11, 23, 6, 14, 17, 3, 1, 0, 0, 0, 0, 0, 0, 8, 0, 2, 0, 3, 0, 0, 7, 0, 0, 0, 0, 0, 0, 0, 0, 0, 0, 0, 0, 0, 0, 0, 0, 0, 0, 0, 0, 0, 0, 0, 0, 0]
convergência = [28, 28, 28, 28, 28, 28, 28, 28, 28, 28, 28, 28, 28, 27, 27, 27, 27, 27, 27, 27, 27, 27, 27, 27, 27, 27, 27, 27, 27, 27, 27, 27, 27, 27, 27, 27, 27, 27, 27, 27, 27, 27, 27, 27, 27, 27, 27, 27, 27, 27, 27, 27, 27]
================================

----- Melhor execução -----
Span (lambda): 27
best_order = [68, 16, 37, 75, 119, 98, 42, 137, 31, 46, 116, 118, 61, 78, 126, 129, 140, 132, 73, 43, 59, 71, 144, 80, 9, 2, 141, 67, 101, 33, 91, 28, 122, 138, 22, 6, 109, 29, 115, 123, 92, 13, 131, 139, 90, 94, 17, 14, 70, 21, 11, 54, 48, 66, 146, 84, 64, 148, 124, 41, 89, 110, 38, 10, 112, 51, 53, 113, 5, 20, 100, 60, 103, 19, 74, 30, 27, 87, 105, 4, 69, 96, 120, 45, 86, 82, 15, 95, 40, 35, 47, 106, 99, 151, 23, 55, 125, 1, 32, 76, 49, 72, 102, 127, 107, 134, 121, 12, 56, 83, 25, 0, 44, 85, 147, 117, 152, 3, 36, 8, 58, 136, 108, 81, 150, 65, 24, 63, 114, 111, 133, 149, 130, 26, 128, 7, 34, 88, 50, 62, 143, 18, 142, 135, 39, 57, 97, 145, 79, 104, 52, 77, 93]
labeling = [19, 14, 4, 8, 3, 0, 6, 23, 21, 1, 11, 9, 15, 2, 6, 13, 0, 7, 17, 12, 10, 8, 5, 2, 8, 18, 10, 13, 7, 0, 8, 3, 17, 0, 19, 15, 13, 1, 11, 22, 14, 12, 2, 5, 20, 14, 4, 12, 10, 16, 6, 4, 26, 1, 4, 16, 20, 19, 1, 3, 0, 6, 21, 24, 9, 23, 13, 8, 0, 17, 9, 6, 11, 0, 7, 2, 18, 24, 5, 15, 3, 21, 20, 18, 15, 22, 19, 12, 25, 8, 9, 10, 7, 25, 12, 16, 10, 27, 1, 21, 11, 4, 15, 14, 23, 4, 5, 11, 23, 6, 14, 17, 3, 1, 0, 0, 0, 0, 0, 0, 8, 0, 2, 0, 3, 0, 0, 7, 0, 0, 0, 0, 0, 0, 0, 0, 0, 0, 0, 0, 0, 0, 0, 0, 0, 0, 0, 0, 0, 0, 0, 0, 0]
