===== RESULTADO GA L(2,1) =====
Arquivo: /Users/mateuspedrosa/Documents/TCC-II/BOGA/data/Harwell-Boeing_cleaned/bcsstm10_clean.mtx (undirected)
Crossover: cx | Mutação: em | pop=30 | gens=53 | mut=0.446 | cr=0.5724 | runs=1 | max-stagt=1031

----- Execução #1 -----
Span (lambda): 216
Parada: MAX_GENS (geração 53)
best_order = [595, 956, 577, 687, 316, 693, 147, 908, 4, 961, 684, 212, 11, 801, 211, 108, 839, 518, 1003, 195, 171, 330, 52, 73, 145, 596, 154, 366, 770, 112, 46, 975, 743, 237, 167, 128, 379, 56, 533, 22, 1062, 493, 859, 791, 551, 767, 138, 1079, 358, 552, 965, 333, 433, 948, 778, 190, 541, 915, 724, 630, 117, 606, 233, 331, 240, 434, 938, 844, 126, 1038, 904, 868, 21, 265, 949, 833, 356, 335, 107, 504, 516, 726, 495, 563, 578, 683, 367, 497, 714, 0, 223, 934, 712, 1025, 942, 323, 1048, 159, 664, 375, 500, 317, 953, 598, 442, 643, 116, 520, 544, 759, 1051, 986, 928, 1034, 492, 977, 679, 256, 967, 974, 58, 10, 1015, 23, 676, 984, 25, 1006, 924, 123, 136, 1013, 1078, 218, 1023, 748, 445, 324, 855, 460, 897, 592, 150, 296, 1008, 1, 900, 925, 617, 864, 165, 43, 849, 811, 1040, 14, 134, 764, 137, 409, 346, 546, 589, 565, 1035, 185, 326, 293, 310, 673, 15, 377, 538, 601, 790, 947, 777, 886, 573, 830, 449, 506, 757, 618, 427, 1041, 919, 585, 339, 863, 41, 251, 891, 954, 260, 728, 222, 163, 969, 878, 459, 957, 274, 383, 271, 882, 1030, 602, 756, 659, 895, 559, 152, 654, 1021, 95, 841, 248, 485, 347, 530, 194, 983, 1067, 667, 47, 996, 796, 1032, 66, 597, 869, 529, 1020, 899, 740, 609, 113, 1077, 82, 985, 887, 590, 853, 644, 716, 83, 988, 1043, 763, 411, 153, 823, 973, 431, 620, 457, 51, 278, 746, 976, 1070, 710, 48, 371, 257, 867, 566, 236, 355, 837, 769, 675, 829, 692, 93, 640, 351, 120, 178, 469, 80, 815, 742, 141, 267, 142, 374, 247, 707, 619, 672, 613, 614, 181, 54, 916, 424, 560, 761, 96, 779, 881, 189, 998, 476, 623, 410, 68, 439, 37, 661, 400, 637, 272, 127, 458, 1061, 114, 1065, 494, 970, 65, 157, 301, 13, 490, 183, 1002, 27, 628, 513, 144, 852, 656, 1022, 885, 291, 401, 739, 627, 697, 608, 982, 53, 572, 794, 729, 214, 1069, 332, 295, 299, 414, 376, 491, 118, 227, 816, 848, 851, 290, 663, 396, 515, 6, 443, 549, 749, 827, 297, 709, 415, 132, 754, 86, 484, 20, 283, 421, 1042, 600, 1071, 889, 652, 540, 199, 512, 38, 557, 479, 1000, 70, 1080, 547, 903, 488, 1039, 825, 717, 288, 345, 933, 482, 658, 102, 342, 893, 964, 392, 499, 569, 926, 507, 129, 19, 1054, 64, 782, 937, 473, 467, 253, 111, 624, 90, 426, 581, 94, 97, 173, 311, 244, 981, 968, 277, 704, 531, 651, 921, 906, 338, 184, 395, 562, 337, 789, 539, 564, 633, 314, 221, 842, 702, 234, 353, 604, 535, 834, 463, 649, 412, 994, 936, 898, 846, 561, 365, 626, 861, 1009, 322, 44, 12, 813, 1060, 289, 584, 1037, 131, 1056, 319, 405, 662, 543, 209, 631, 760, 876, 389, 980, 719, 690, 109, 922, 300, 217, 287, 146, 1004, 60, 480, 1049, 960, 874, 701, 718, 946, 92, 990, 892, 905, 281, 966, 399, 636, 625, 360, 245, 349, 62, 1007, 446, 63, 660, 466, 918, 250, 474, 913, 814, 808, 385, 451, 950, 567, 941, 42, 991, 845, 359, 388, 394, 896, 843, 498, 902, 1014, 732, 201, 695, 943, 230, 325, 232, 705, 5, 766, 437, 1068, 336, 836, 945, 655, 282, 736, 416, 461, 765, 932, 650, 438, 435, 665, 545, 753, 999, 992, 69, 879, 203, 408, 200, 804, 1005, 249, 404, 890, 657, 940, 148, 931, 653, 752, 807, 959, 103, 71, 45, 722, 382, 174, 634, 517, 258, 177, 151, 582, 340, 210, 110, 481, 464, 993, 681, 854, 280, 166, 304, 860, 734, 285, 1029, 341, 139, 622, 344, 76, 576, 160, 944, 202, 783, 213, 140, 611, 406, 901, 1055, 798, 1064, 1085, 786, 8, 641, 818, 269, 99, 273, 226, 417, 275, 832, 373, 1026, 978, 381, 571, 486, 583, 793, 593, 536, 1044, 747, 805, 3, 847, 522, 440, 880, 133, 89, 1046, 574, 496, 264, 122, 216, 738, 558, 971, 74, 475, 696, 912, 502, 784, 775, 838, 682, 191, 196, 370, 352, 78, 407, 503, 67, 647, 505, 989, 822, 639, 380, 534, 418, 856, 519, 616, 263, 958, 666, 923, 802, 104, 454, 733, 98, 350, 741, 397, 292, 220, 510, 580, 688, 436, 429, 857, 447, 730, 162, 294, 751, 720, 817, 1073, 262, 525, 750, 362, 59, 1057, 149, 1081, 800, 920, 678, 575, 555, 84, 537, 308, 413, 1074, 875, 266, 125, 514, 228, 242, 556, 85, 1084, 130, 771, 888, 286, 788, 780, 207, 268, 390, 334, 32, 831, 29, 175, 698, 706, 824, 1011, 870, 243, 599, 523, 470, 403, 471, 2, 629, 354, 444, 489, 239, 670, 312, 645, 57, 169, 528, 315, 9, 106, 259, 155, 208, 607, 187, 1010, 24, 781, 279, 686, 483, 246, 206, 694, 215, 979, 820, 453, 1066, 219, 917, 419, 1075, 261, 914, 610, 115, 161, 87, 386, 787, 270, 1024, 391, 570, 685, 799, 1052, 364, 929, 797, 785, 935, 744, 642, 792, 972, 170, 850, 398, 205, 1036, 16, 420, 186, 402, 77, 1076, 254, 501, 276, 30, 1059, 313, 828, 472, 588, 369, 1058, 1027, 691, 28, 238, 61, 997, 91, 762, 772, 550, 455, 36, 955, 450, 320, 197, 715, 1019, 774, 554, 318, 7, 745, 34, 284, 963, 321, 927, 553, 911, 677, 17, 894, 179, 735, 168, 231, 509, 586, 50, 368, 508, 302, 387, 1082, 873, 579, 632, 298, 193, 674, 1063, 26, 1047, 462, 699, 773, 182, 542, 198, 776, 883, 708, 75, 615, 329, 809, 255, 587, 309, 806, 1012, 648, 862, 33, 723, 812, 605, 225, 810, 241, 328, 795, 158, 81, 448, 465, 39, 1018, 423, 468, 511, 1016, 669, 737, 803, 452, 487, 821, 348, 866, 680, 378, 835, 121, 858, 425, 1001, 731, 224, 124, 877, 176, 621, 865, 235, 909, 135, 40, 758, 995, 689, 305, 711, 100, 88, 939, 384, 31, 143, 871, 119, 713, 49, 526, 826, 612, 548, 962, 428, 700, 393, 594, 521, 361, 646, 907, 951, 987, 180, 721, 725, 840, 327, 55, 101, 568, 252, 1031, 1050, 703, 930, 303, 79, 1033, 477, 18, 343, 306, 1045, 638, 668, 768, 188, 363, 727, 603, 204, 1083, 1072, 1053, 910, 164, 671, 156, 1028, 357, 430, 635, 172, 307, 755, 532, 524, 456, 192, 422, 952, 229, 478, 872, 35, 1017, 591, 372, 884, 819, 441, 72, 105, 432, 527]
labeling = [0, 18, 119, 4, 3, 87, 2, 182, 127, 115, 27, 2, 58, 64, 4, 5, 171, 116, 18, 51, 64, 20, 12, 1, 103, 26, 184, 54, 28, 96, 175, 201, 154, 111, 98, 215, 180, 28, 27, 124, 198, 43, 104, 3, 16, 114, 6, 31, 30, 130, 127, 42, 2, 44, 35, 145, 11, 120, 17, 26, 92, 66, 80, 47, 41, 62, 48, 85, 30, 74, 76, 112, 75, 6, 20, 185, 122, 110, 84, 132, 31, 109, 28, 32, 92, 90, 72, 96, 127, 19, 78, 177, 67, 21, 15, 46, 58, 33, 87, 52, 200, 208, 59, 32, 40, 216, 158, 9, 0, 64, 81, 62, 9, 29, 37, 94, 21, 12, 46, 6, 55, 193, 82, 13, 27, 149, 18, 38, 10, 25, 151, 86, 70, 60, 12, 197, 30, 16, 5, 79, 84, 36, 39, 125, 40, 7, 91, 2, 73, 3, 32, 113, 23, 16, 1, 160, 211, 49, 53, 4, 124, 166, 62, 14, 43, 35, 119, 5, 108, 99, 120, 5, 126, 55, 77, 92, 196, 68, 33, 14, 206, 57, 104, 22, 11, 37, 173, 78, 65, 9, 10, 137, 90, 40, 0, 3, 139, 45, 117, 52, 79, 70, 94, 74, 134, 97, 163, 81, 102, 0, 116, 4, 0, 37, 5, 164, 135, 72, 7, 13, 141, 83, 6, 2, 29, 189, 129, 28, 94, 136, 74, 105, 77, 8, 57, 56, 53, 9, 106, 10, 17, 190, 109, 42, 3, 98, 162, 34, 15, 23, 102, 44, 91, 21, 25, 187, 25, 19, 78, 101, 22, 93, 108, 88, 81, 14, 148, 25, 95, 6, 168, 45, 42, 40, 1, 130, 174, 65, 17, 31, 118, 95, 55, 12, 27, 120, 152, 46, 49, 63, 50, 44, 106, 21, 90, 47, 33, 55, 115, 4, 90, 63, 101, 45, 9, 199, 209, 93, 38, 20, 39, 81, 57, 36, 6, 156, 0, 15, 107, 65, 110, 118, 69, 14, 19, 75, 38, 116, 120, 16, 1, 15, 37, 2, 13, 22, 105, 35, 29, 0, 115, 121, 32, 42, 8, 77, 34, 23, 124, 67, 89, 29, 104, 58, 97, 23, 19, 108, 7, 5, 97, 203, 94, 63, 10, 84, 5, 8, 44, 15, 136, 51, 73, 22, 4, 20, 70, 1, 126, 3, 86, 78, 80, 27, 128, 67, 167, 102, 68, 1, 153, 169, 56, 61, 3, 82, 71, 76, 39, 6, 61, 68, 63, 34, 11, 87, 126, 40, 70, 22, 43, 1, 51, 93, 45, 46, 107, 48, 86, 12, 172, 73, 118, 54, 8, 194, 79, 14, 56, 24, 212, 50, 103, 0, 2, 109, 144, 38, 62, 42, 82, 130, 7, 47, 98, 16, 99, 65, 121, 0, 181, 103, 110, 51, 10, 179, 214, 19, 19, 5, 31, 108, 60, 13, 15, 191, 101, 22, 123, 34, 87, 102, 121, 53, 66, 77, 59, 105, 135, 2, 93, 117, 44, 49, 7, 47, 132, 89, 25, 28, 65, 69, 0, 3, 9, 2, 134, 11, 69, 61, 10, 100, 95, 85, 11, 83, 41, 50, 113, 9, 142, 192, 39, 14, 23, 67, 24, 53, 1, 21, 23, 204, 37, 31, 33, 145, 202, 82, 100, 24, 25, 34, 128, 4, 87, 71, 133, 79, 20, 16, 75, 13, 106, 36, 6, 111, 36, 29, 50, 10, 178, 7, 3, 37, 24, 147, 150, 33, 83, 26, 37, 55, 68, 12, 56, 17, 52, 43, 133, 0, 170, 131, 31, 8, 25, 146, 123, 1, 4, 29, 143, 80, 45, 26, 13, 42, 183, 49, 105, 23, 30, 129, 23, 80, 131, 0, 8, 28, 15, 2, 74, 40, 22, 64, 11, 188, 16, 77, 23, 1, 165, 125, 67, 9, 7, 186, 138, 18, 25, 41, 32, 123, 92, 36, 54, 76, 85, 18, 38, 9, 14, 88, 84, 34, 17, 213, 96, 30, 55, 14, 56, 128, 46, 5, 3, 159, 205, 48, 119, 60, 54, 48, 56, 75, 28, 51, 66, 78, 50, 6, 100, 60, 7, 24, 4, 110, 140, 17, 57, 32, 157, 210, 13, 8, 21, 54, 29, 59, 91, 16, 122, 65, 101, 13, 1, 15, 161, 1, 89, 10, 89, 176, 29, 0, 12, 31, 114, 0, 41, 16, 15, 94, 5, 45, 10, 4, 155, 7, 118, 48, 8, 125, 3, 129, 3, 22, 49, 13, 39, 8, 38, 207, 18, 5, 2, 43, 9, 9, 11, 7, 14, 195, 12, 18, 14, 8, 106, 30, 82, 0, 5, 35, 33, 2, 6, 5, 24, 11, 18, 5, 2, 61, 0, 4, 4, 0, 0, 0, 0, 0, 0, 0, 0, 0, 0, 0, 0, 0, 0, 0, 0, 0, 0, 0, 0, 0, 46, 0, 0, 0, 0, 0, 0, 0, 0, 0, 0, 0, 0, 0, 0, 0, 0, 0, 0, 0, 0, 0, 0, 0, 0, 0, 0, 0, 0, 0, 0, 0, 0, 0, 0, 0, 0, 0, 0, 0, 0, 0, 0, 0, 0, 0, 0, 0, 0, 0, 0, 0, 0, 0, 0, 0, 0, 0, 0, 0, 0, 0, 0, 0, 0, 0, 0, 0, 0, 0, 0, 0, 0, 0, 0, 0, 0, 0, 0, 0, 0, 0, 0, 0, 0, 0, 0, 0, 0, 0, 0, 0, 0, 0, 0, 0, 0, 0, 0, 0, 0, 0, 0, 0, 0, 0, 0, 0, 0, 0, 0, 0, 0, 0, 0, 0, 0, 0, 0, 0, 0, 0, 0, 0, 0, 0, 0, 0, 0, 0, 0, 0, 0, 0, 0, 0, 0, 0, 0, 0, 0, 0, 0, 0, 0, 0, 0, 0, 0, 0, 0, 0, 0, 0, 0, 0, 0, 0, 0, 0, 0, 0, 0, 0, 0, 0, 0, 0, 0, 0, 0, 0, 0, 0, 0, 0, 0, 0, 0, 0, 0, 0, 0, 0, 0, 0, 0, 0, 0, 0, 0, 0, 0, 0, 0, 0, 0, 0, 0, 0, 0, 0, 0, 0, 0, 0, 0, 0, 0, 0, 0, 0, 0, 0, 0, 0, 0, 0, 0, 0, 0, 45, 0, 0, 0, 0, 0, 0, 0, 0, 0, 0, 0, 0, 0, 0, 0, 0, 0, 0, 0, 0, 0, 0, 0, 0, 0, 0, 0, 0, 0, 0, 0, 0, 0, 0, 0, 12, 0, 0, 52, 0, 0, 0, 0, 0, 0, 0, 0, 0, 0, 0, 0, 0, 0, 0, 0, 0, 0, 0, 0, 0, 0, 0, 0, 0, 0, 0, 0, 0, 0, 0, 0, 0, 0, 0, 0, 0, 0, 0, 0, 0, 0, 0, 0, 0, 0, 0, 0, 0]
convergência = [216, 216, 216, 216, 216, 216, 216, 216, 216, 216, 216, 216, 216, 216, 216, 216, 216, 216, 216, 216, 216, 216, 216, 216, 216, 216, 216, 216, 216, 216, 216, 216, 216, 216, 216, 216, 216, 216, 216, 216, 216, 216, 216, 216, 216, 216, 216, 216, 216, 216, 216, 216, 216]
================================

----- Melhor execução -----
Span (lambda): 216
best_order = [595, 956, 577, 687, 316, 693, 147, 908, 4, 961, 684, 212, 11, 801, 211, 108, 839, 518, 1003, 195, 171, 330, 52, 73, 145, 596, 154, 366, 770, 112, 46, 975, 743, 237, 167, 128, 379, 56, 533, 22, 1062, 493, 859, 791, 551, 767, 138, 1079, 358, 552, 965, 333, 433, 948, 778, 190, 541, 915, 724, 630, 117, 606, 233, 331, 240, 434, 938, 844, 126, 1038, 904, 868, 21, 265, 949, 833, 356, 335, 107, 504, 516, 726, 495, 563, 578, 683, 367, 497, 714, 0, 223, 934, 712, 1025, 942, 323, 1048, 159, 664, 375, 500, 317, 953, 598, 442, 643, 116, 520, 544, 759, 1051, 986, 928, 1034, 492, 977, 679, 256, 967, 974, 58, 10, 1015, 23, 676, 984, 25, 1006, 924, 123, 136, 1013, 1078, 218, 1023, 748, 445, 324, 855, 460, 897, 592, 150, 296, 1008, 1, 900, 925, 617, 864, 165, 43, 849, 811, 1040, 14, 134, 764, 137, 409, 346, 546, 589, 565, 1035, 185, 326, 293, 310, 673, 15, 377, 538, 601, 790, 947, 777, 886, 573, 830, 449, 506, 757, 618, 427, 1041, 919, 585, 339, 863, 41, 251, 891, 954, 260, 728, 222, 163, 969, 878, 459, 957, 274, 383, 271, 882, 1030, 602, 756, 659, 895, 559, 152, 654, 1021, 95, 841, 248, 485, 347, 530, 194, 983, 1067, 667, 47, 996, 796, 1032, 66, 597, 869, 529, 1020, 899, 740, 609, 113, 1077, 82, 985, 887, 590, 853, 644, 716, 83, 988, 1043, 763, 411, 153, 823, 973, 431, 620, 457, 51, 278, 746, 976, 1070, 710, 48, 371, 257, 867, 566, 236, 355, 837, 769, 675, 829, 692, 93, 640, 351, 120, 178, 469, 80, 815, 742, 141, 267, 142, 374, 247, 707, 619, 672, 613, 614, 181, 54, 916, 424, 560, 761, 96, 779, 881, 189, 998, 476, 623, 410, 68, 439, 37, 661, 400, 637, 272, 127, 458, 1061, 114, 1065, 494, 970, 65, 157, 301, 13, 490, 183, 1002, 27, 628, 513, 144, 852, 656, 1022, 885, 291, 401, 739, 627, 697, 608, 982, 53, 572, 794, 729, 214, 1069, 332, 295, 299, 414, 376, 491, 118, 227, 816, 848, 851, 290, 663, 396, 515, 6, 443, 549, 749, 827, 297, 709, 415, 132, 754, 86, 484, 20, 283, 421, 1042, 600, 1071, 889, 652, 540, 199, 512, 38, 557, 479, 1000, 70, 1080, 547, 903, 488, 1039, 825, 717, 288, 345, 933, 482, 658, 102, 342, 893, 964, 392, 499, 569, 926, 507, 129, 19, 1054, 64, 782, 937, 473, 467, 253, 111, 624, 90, 426, 581, 94, 97, 173, 311, 244, 981, 968, 277, 704, 531, 651, 921, 906, 338, 184, 395, 562, 337, 789, 539, 564, 633, 314, 221, 842, 702, 234, 353, 604, 535, 834, 463, 649, 412, 994, 936, 898, 846, 561, 365, 626, 861, 1009, 322, 44, 12, 813, 1060, 289, 584, 1037, 131, 1056, 319, 405, 662, 543, 209, 631, 760, 876, 389, 980, 719, 690, 109, 922, 300, 217, 287, 146, 1004, 60, 480, 1049, 960, 874, 701, 718, 946, 92, 990, 892, 905, 281, 966, 399, 636, 625, 360, 245, 349, 62, 1007, 446, 63, 660, 466, 918, 250, 474, 913, 814, 808, 385, 451, 950, 567, 941, 42, 991, 845, 359, 388, 394, 896, 843, 498, 902, 1014, 732, 201, 695, 943, 230, 325, 232, 705, 5, 766, 437, 1068, 336, 836, 945, 655, 282, 736, 416, 461, 765, 932, 650, 438, 435, 665, 545, 753, 999, 992, 69, 879, 203, 408, 200, 804, 1005, 249, 404, 890, 657, 940, 148, 931, 653, 752, 807, 959, 103, 71, 45, 722, 382, 174, 634, 517, 258, 177, 151, 582, 340, 210, 110, 481, 464, 993, 681, 854, 280, 166, 304, 860, 734, 285, 1029, 341, 139, 622, 344, 76, 576, 160, 944, 202, 783, 213, 140, 611, 406, 901, 1055, 798, 1064, 1085, 786, 8, 641, 818, 269, 99, 273, 226, 417, 275, 832, 373, 1026, 978, 381, 571, 486, 583, 793, 593, 536, 1044, 747, 805, 3, 847, 522, 440, 880, 133, 89, 1046, 574, 496, 264, 122, 216, 738, 558, 971, 74, 475, 696, 912, 502, 784, 775, 838, 682, 191, 196, 370, 352, 78, 407, 503, 67, 647, 505, 989, 822, 639, 380, 534, 418, 856, 519, 616, 263, 958, 666, 923, 802, 104, 454, 733, 98, 350, 741, 397, 292, 220, 510, 580, 688, 436, 429, 857, 447, 730, 162, 294, 751, 720, 817, 1073, 262, 525, 750, 362, 59, 1057, 149, 1081, 800, 920, 678, 575, 555, 84, 537, 308, 413, 1074, 875, 266, 125, 514, 228, 242, 556, 85, 1084, 130, 771, 888, 286, 788, 780, 207, 268, 390, 334, 32, 831, 29, 175, 698, 706, 824, 1011, 870, 243, 599, 523, 470, 403, 471, 2, 629, 354, 444, 489, 239, 670, 312, 645, 57, 169, 528, 315, 9, 106, 259, 155, 208, 607, 187, 1010, 24, 781, 279, 686, 483, 246, 206, 694, 215, 979, 820, 453, 1066, 219, 917, 419, 1075, 261, 914, 610, 115, 161, 87, 386, 787, 270, 1024, 391, 570, 685, 799, 1052, 364, 929, 797, 785, 935, 744, 642, 792, 972, 170, 850, 398, 205, 1036, 16, 420, 186, 402, 77, 1076, 254, 501, 276, 30, 1059, 313, 828, 472, 588, 369, 1058, 1027, 691, 28, 238, 61, 997, 91, 762, 772, 550, 455, 36, 955, 450, 320, 197, 715, 1019, 774, 554, 318, 7, 745, 34, 284, 963, 321, 927, 553, 911, 677, 17, 894, 179, 735, 168, 231, 509, 586, 50, 368, 508, 302, 387, 1082, 873, 579, 632, 298, 193, 674, 1063, 26, 1047, 462, 699, 773, 182, 542, 198, 776, 883, 708, 75, 615, 329, 809, 255, 587, 309, 806, 1012, 648, 862, 33, 723, 812, 605, 225, 810, 241, 328, 795, 158, 81, 448, 465, 39, 1018, 423, 468, 511, 1016, 669, 737, 803, 452, 487, 821, 348, 866, 680, 378, 835, 121, 858, 425, 1001, 731, 224, 124, 877, 176, 621, 865, 235, 909, 135, 40, 758, 995, 689, 305, 711, 100, 88, 939, 384, 31, 143, 871, 119, 713, 49, 526, 826, 612, 548, 962, 428, 700, 393, 594, 521, 361, 646, 907, 951, 987, 180, 721, 725, 840, 327, 55, 101, 568, 252, 1031, 1050, 703, 930, 303, 79, 1033, 477, 18, 343, 306, 1045, 638, 668, 768, 188, 363, 727, 603, 204, 1083, 1072, 1053, 910, 164, 671, 156, 1028, 357, 430, 635, 172, 307, 755, 532, 524, 456, 192, 422, 952, 229, 478, 872, 35, 1017, 591, 372, 884, 819, 441, 72, 105, 432, 527]
labeling = [0, 18, 119, 4, 3, 87, 2, 182, 127, 115, 27, 2, 58, 64, 4, 5, 171, 116, 18, 51, 64, 20, 12, 1, 103, 26, 184, 54, 28, 96, 175, 201, 154, 111, 98, 215, 180, 28, 27, 124, 198, 43, 104, 3, 16, 114, 6, 31, 30, 130, 127, 42, 2, 44, 35, 145, 11, 120, 17, 26, 92, 66, 80, 47, 41, 62, 48, 85, 30, 74, 76, 112, 75, 6, 20, 185, 122, 110, 84, 132, 31, 109, 28, 32, 92, 90, 72, 96, 127, 19, 78, 177, 67, 21, 15, 46, 58, 33, 87, 52, 200, 208, 59, 32, 40, 216, 158, 9, 0, 64, 81, 62, 9, 29, 37, 94, 21, 12, 46, 6, 55, 193, 82, 13, 27, 149, 18, 38, 10, 25, 151, 86, 70, 60, 12, 197, 30, 16, 5, 79, 84, 36, 39, 125, 40, 7, 91, 2, 73, 3, 32, 113, 23, 16, 1, 160, 211, 49, 53, 4, 124, 166, 62, 14, 43, 35, 119, 5, 108, 99, 120, 5, 126, 55, 77, 92, 196, 68, 33, 14, 206, 57, 104, 22, 11, 37, 173, 78, 65, 9, 10, 137, 90, 40, 0, 3, 139, 45, 117, 52, 79, 70, 94, 74, 134, 97, 163, 81, 102, 0, 116, 4, 0, 37, 5, 164, 135, 72, 7, 13, 141, 83, 6, 2, 29, 189, 129, 28, 94, 136, 74, 105, 77, 8, 57, 56, 53, 9, 106, 10, 17, 190, 109, 42, 3, 98, 162, 34, 15, 23, 102, 44, 91, 21, 25, 187, 25, 19, 78, 101, 22, 93, 108, 88, 81, 14, 148, 25, 95, 6, 168, 45, 42, 40, 1, 130, 174, 65, 17, 31, 118, 95, 55, 12, 27, 120, 152, 46, 49, 63, 50, 44, 106, 21, 90, 47, 33, 55, 115, 4, 90, 63, 101, 45, 9, 199, 209, 93, 38, 20, 39, 81, 57, 36, 6, 156, 0, 15, 107, 65, 110, 118, 69, 14, 19, 75, 38, 116, 120, 16, 1, 15, 37, 2, 13, 22, 105, 35, 29, 0, 115, 121, 32, 42, 8, 77, 34, 23, 124, 67, 89, 29, 104, 58, 97, 23, 19, 108, 7, 5, 97, 203, 94, 63, 10, 84, 5, 8, 44, 15, 136, 51, 73, 22, 4, 20, 70, 1, 126, 3, 86, 78, 80, 27, 128, 67, 167, 102, 68, 1, 153, 169, 56, 61, 3, 82, 71, 76, 39, 6, 61, 68, 63, 34, 11, 87, 126, 40, 70, 22, 43, 1, 51, 93, 45, 46, 107, 48, 86, 12, 172, 73, 118, 54, 8, 194, 79, 14, 56, 24, 212, 50, 103, 0, 2, 109, 144, 38, 62, 42, 82, 130, 7, 47, 98, 16, 99, 65, 121, 0, 181, 103, 110, 51, 10, 179, 214, 19, 19, 5, 31, 108, 60, 13, 15, 191, 101, 22, 123, 34, 87, 102, 121, 53, 66, 77, 59, 105, 135, 2, 93, 117, 44, 49, 7, 47, 132, 89, 25, 28, 65, 69, 0, 3, 9, 2, 134, 11, 69, 61, 10, 100, 95, 85, 11, 83, 41, 50, 113, 9, 142, 192, 39, 14, 23, 67, 24, 53, 1, 21, 23, 204, 37, 31, 33, 145, 202, 82, 100, 24, 25, 34, 128, 4, 87, 71, 133, 79, 20, 16, 75, 13, 106, 36, 6, 111, 36, 29, 50, 10, 178, 7, 3, 37, 24, 147, 150, 33, 83, 26, 37, 55, 68, 12, 56, 17, 52, 43, 133, 0, 170, 131, 31, 8, 25, 146, 123, 1, 4, 29, 143, 80, 45, 26, 13, 42, 183, 49, 105, 23, 30, 129, 23, 80, 131, 0, 8, 28, 15, 2, 74, 40, 22, 64, 11, 188, 16, 77, 23, 1, 165, 125, 67, 9, 7, 186, 138, 18, 25, 41, 32, 123, 92, 36, 54, 76, 85, 18, 38, 9, 14, 88, 84, 34, 17, 213, 96, 30, 55, 14, 56, 128, 46, 5, 3, 159, 205, 48, 119, 60, 54, 48, 56, 75, 28, 51, 66, 78, 50, 6, 100, 60, 7, 24, 4, 110, 140, 17, 57, 32, 157, 210, 13, 8, 21, 54, 29, 59, 91, 16, 122, 65, 101, 13, 1, 15, 161, 1, 89, 10, 89, 176, 29, 0, 12, 31, 114, 0, 41, 16, 15, 94, 5, 45, 10, 4, 155, 7, 118, 48, 8, 125, 3, 129, 3, 22, 49, 13, 39, 8, 38, 207, 18, 5, 2, 43, 9, 9, 11, 7, 14, 195, 12, 18, 14, 8, 106, 30, 82, 0, 5, 35, 33, 2, 6, 5, 24, 11, 18, 5, 2, 61, 0, 4, 4, 0, 0, 0, 0, 0, 0, 0, 0, 0, 0, 0, 0, 0, 0, 0, 0, 0, 0, 0, 0, 0, 46, 0, 0, 0, 0, 0, 0, 0, 0, 0, 0, 0, 0, 0, 0, 0, 0, 0, 0, 0, 0, 0, 0, 0, 0, 0, 0, 0, 0, 0, 0, 0, 0, 0, 0, 0, 0, 0, 0, 0, 0, 0, 0, 0, 0, 0, 0, 0, 0, 0, 0, 0, 0, 0, 0, 0, 0, 0, 0, 0, 0, 0, 0, 0, 0, 0, 0, 0, 0, 0, 0, 0, 0, 0, 0, 0, 0, 0, 0, 0, 0, 0, 0, 0, 0, 0, 0, 0, 0, 0, 0, 0, 0, 0, 0, 0, 0, 0, 0, 0, 0, 0, 0, 0, 0, 0, 0, 0, 0, 0, 0, 0, 0, 0, 0, 0, 0, 0, 0, 0, 0, 0, 0, 0, 0, 0, 0, 0, 0, 0, 0, 0, 0, 0, 0, 0, 0, 0, 0, 0, 0, 0, 0, 0, 0, 0, 0, 0, 0, 0, 0, 0, 0, 0, 0, 0, 0, 0, 0, 0, 0, 0, 0, 0, 0, 0, 0, 0, 0, 0, 0, 0, 0, 0, 0, 0, 0, 0, 0, 0, 0, 0, 0, 0, 0, 0, 0, 0, 0, 0, 0, 0, 0, 0, 0, 0, 0, 0, 0, 0, 0, 0, 0, 0, 0, 0, 0, 0, 0, 0, 0, 0, 0, 0, 0, 0, 0, 0, 0, 0, 0, 45, 0, 0, 0, 0, 0, 0, 0, 0, 0, 0, 0, 0, 0, 0, 0, 0, 0, 0, 0, 0, 0, 0, 0, 0, 0, 0, 0, 0, 0, 0, 0, 0, 0, 0, 0, 12, 0, 0, 52, 0, 0, 0, 0, 0, 0, 0, 0, 0, 0, 0, 0, 0, 0, 0, 0, 0, 0, 0, 0, 0, 0, 0, 0, 0, 0, 0, 0, 0, 0, 0, 0, 0, 0, 0, 0, 0, 0, 0, 0, 0, 0, 0, 0, 0, 0, 0, 0, 0]
