===== RESULTADO GA L(2,1) =====
Arquivo: /Users/mateuspedrosa/Documents/TCC-II/BOGA/data/Harwell-Boeing_cleaned/bcsstk14_clean.mtx (undirected)
Crossover: cx | Mutação: em | pop=30 | gens=53 | mut=0.446 | cr=0.5724 | runs=1 | max-stagt=1031

----- Execução #1 -----
Span (lambda): 87
Parada: MAX_GENS (geração 53)
best_order = [0, 1, 2, 3, 4, 5, 6, 813, 8, 9, 10, 11, 12, 13, 14, 15, 16, 17, 18, 19, 20, 21, 22, 23, 24, 25, 26, 27, 28, 29, 30, 31, 1619, 33, 34, 35, 36, 37, 38, 39, 40, 41, 42, 43, 44, 45, 46, 47, 48, 49, 50, 51, 52, 53, 54, 55, 56, 57, 58, 59, 60, 61, 62, 63, 64, 65, 962, 67, 68, 69, 70, 71, 72, 73, 990, 75, 76, 1737, 78, 79, 80, 81, 82, 83, 84, 85, 86, 87, 88, 89, 90, 91, 92, 93, 94, 147, 96, 97, 98, 99, 100, 782, 102, 103, 104, 105, 106, 107, 108, 109, 1744, 111, 112, 113, 114, 115, 116, 117, 118, 119, 120, 121, 122, 123, 124, 125, 126, 127, 128, 129, 130, 131, 132, 133, 134, 135, 136, 137, 138, 139, 140, 141, 142, 1487, 144, 145, 146, 110, 148, 149, 150, 1087, 152, 153, 154, 155, 156, 157, 158, 159, 160, 161, 162, 638, 164, 165, 166, 167, 168, 169, 170, 1648, 172, 173, 174, 1004, 176, 177, 178, 179, 180, 181, 182, 183, 184, 185, 186, 187, 188, 189, 190, 191, 192, 193, 194, 195, 196, 197, 198, 199, 200, 201, 202, 1039, 204, 205, 206, 207, 208, 209, 210, 211, 212, 213, 214, 215, 1065, 217, 218, 219, 220, 221, 222, 223, 224, 225, 226, 227, 228, 229, 230, 231, 232, 233, 234, 235, 236, 237, 238, 239, 240, 241, 242, 243, 244, 245, 246, 247, 248, 249, 250, 251, 252, 253, 254, 255, 256, 257, 258, 259, 260, 261, 262, 263, 264, 265, 266, 267, 268, 269, 270, 271, 272, 273, 274, 275, 276, 277, 278, 279, 280, 281, 282, 283, 284, 285, 286, 287, 288, 289, 290, 291, 292, 293, 294, 295, 296, 297, 298, 299, 958, 301, 302, 303, 304, 305, 306, 307, 308, 309, 310, 311, 312, 313, 314, 315, 316, 317, 318, 319, 320, 321, 322, 323, 324, 583, 326, 327, 325, 329, 330, 331, 332, 333, 334, 335, 336, 337, 338, 339, 340, 341, 342, 343, 344, 345, 346, 347, 348, 349, 350, 351, 352, 353, 354, 355, 356, 357, 358, 359, 360, 361, 362, 363, 364, 365, 366, 367, 368, 369, 370, 371, 674, 373, 374, 375, 376, 377, 378, 379, 380, 381, 382, 424, 1187, 385, 386, 387, 388, 389, 390, 391, 392, 393, 394, 625, 396, 397, 398, 399, 400, 401, 402, 725, 404, 405, 406, 407, 408, 409, 410, 411, 412, 413, 414, 415, 416, 417, 418, 419, 420, 421, 422, 423, 383, 425, 426, 427, 428, 429, 430, 431, 432, 433, 434, 435, 436, 437, 914, 439, 440, 441, 442, 443, 444, 445, 446, 447, 448, 449, 450, 519, 452, 453, 454, 455, 456, 457, 458, 459, 460, 461, 462, 463, 464, 465, 466, 1707, 468, 469, 470, 471, 472, 473, 474, 475, 476, 477, 478, 479, 480, 481, 482, 483, 484, 485, 486, 487, 488, 489, 1365, 491, 492, 493, 494, 495, 496, 1266, 498, 499, 500, 501, 502, 503, 504, 505, 506, 507, 508, 467, 510, 511, 512, 513, 514, 515, 516, 517, 518, 1134, 520, 521, 522, 523, 524, 525, 526, 527, 528, 529, 530, 531, 532, 610, 534, 535, 536, 537, 538, 539, 540, 541, 542, 543, 544, 545, 546, 547, 548, 549, 550, 551, 552, 553, 554, 555, 556, 557, 558, 559, 560, 1289, 562, 328, 564, 565, 566, 567, 568, 569, 570, 571, 572, 573, 574, 575, 576, 577, 578, 579, 580, 581, 582, 664, 584, 585, 586, 587, 588, 589, 590, 591, 592, 593, 594, 595, 596, 597, 598, 599, 600, 601, 602, 603, 604, 605, 606, 607, 608, 609, 1676, 611, 612, 613, 614, 615, 616, 617, 618, 619, 620, 621, 622, 623, 624, 77, 626, 627, 628, 629, 630, 631, 632, 633, 1352, 635, 636, 637, 1319, 639, 640, 641, 642, 643, 644, 645, 646, 647, 648, 649, 650, 651, 652, 653, 654, 655, 656, 657, 658, 659, 660, 661, 662, 663, 95, 665, 666, 667, 668, 669, 670, 671, 672, 673, 497, 675, 676, 677, 678, 679, 680, 681, 682, 683, 684, 685, 686, 687, 688, 689, 690, 691, 692, 74, 694, 695, 696, 697, 698, 699, 700, 701, 702, 703, 704, 705, 706, 707, 708, 709, 710, 711, 490, 713, 714, 715, 716, 717, 718, 719, 720, 143, 722, 723, 724, 203, 726, 727, 728, 729, 730, 731, 732, 733, 734, 735, 736, 737, 738, 739, 740, 741, 742, 743, 744, 745, 746, 747, 748, 749, 750, 751, 752, 753, 754, 755, 756, 757, 758, 759, 760, 1405, 762, 763, 764, 765, 766, 767, 768, 769, 770, 771, 772, 773, 774, 775, 1449, 777, 778, 779, 780, 781, 1071, 783, 784, 785, 786, 787, 788, 789, 790, 791, 957, 793, 794, 795, 66, 797, 798, 799, 800, 801, 802, 1627, 804, 805, 806, 807, 808, 809, 810, 811, 812, 1681, 814, 815, 816, 817, 818, 819, 820, 821, 822, 823, 824, 825, 826, 827, 828, 829, 830, 831, 832, 833, 834, 835, 836, 837, 838, 839, 840, 841, 842, 843, 844, 845, 776, 1056, 848, 849, 850, 851, 852, 853, 854, 855, 856, 857, 858, 859, 860, 861, 862, 863, 864, 865, 866, 867, 868, 869, 870, 871, 872, 873, 874, 875, 876, 877, 878, 879, 880, 881, 882, 883, 884, 885, 886, 887, 888, 889, 890, 891, 892, 893, 894, 895, 896, 897, 898, 899, 900, 1647, 902, 903, 904, 905, 906, 907, 908, 909, 910, 911, 912, 913, 438, 915, 916, 917, 918, 919, 920, 921, 922, 923, 924, 1014, 926, 927, 928, 929, 930, 931, 932, 933, 934, 935, 936, 937, 938, 939, 940, 941, 942, 943, 944, 945, 946, 947, 948, 949, 950, 951, 952, 953, 954, 955, 956, 395, 300, 959, 960, 961, 533, 963, 1498, 965, 966, 967, 968, 969, 970, 971, 972, 973, 847, 975, 976, 977, 978, 979, 980, 981, 982, 983, 984, 985, 986, 987, 988, 989, 721, 991, 992, 993, 994, 995, 996, 997, 998, 964, 1000, 1001, 1002, 1003, 712, 1005, 1006, 1007, 1008, 1009, 1010, 1011, 1012, 1013, 1419, 1015, 1016, 1017, 1018, 1102, 1020, 1021, 1022, 1023, 1024, 1025, 1026, 1027, 1028, 1029, 1030, 1031, 1032, 1033, 1034, 1035, 1036, 1037, 1038, 1304, 1040, 1041, 1042, 1043, 1044, 1045, 1046, 1047, 1048, 1049, 1050, 1051, 1052, 1053, 1054, 1055, 846, 1057, 1058, 1059, 1060, 1061, 1062, 1063, 1064, 175, 1066, 1067, 1068, 1069, 1070, 796, 1072, 1073, 1074, 1075, 1076, 1077, 1078, 1079, 1080, 1081, 1082, 1083, 1084, 1085, 1086, 999, 1088, 1089, 1090, 1091, 1092, 1093, 403, 1095, 1096, 1097, 1098, 1099, 1100, 1101, 974, 1103, 1104, 1105, 1106, 1107, 1108, 1109, 1110, 1111, 1112, 1113, 372, 1115, 1116, 1117, 1118, 803, 1120, 1121, 1122, 1123, 1124, 1125, 1126, 1127, 1128, 1129, 1130, 1131, 1132, 1133, 1114, 1135, 1136, 1137, 1138, 1139, 1140, 1141, 1142, 1143, 1144, 1145, 1146, 1147, 1148, 1149, 1150, 1151, 1152, 1153, 1154, 1155, 1156, 1157, 1158, 1159, 1160, 1161, 1162, 1163, 1164, 1165, 1166, 1167, 1168, 1169, 1170, 1171, 1172, 1173, 1174, 1175, 1176, 1177, 1178, 1179, 1180, 1181, 1182, 1183, 1184, 1185, 1186, 384, 1188, 1189, 1190, 1191, 1192, 1193, 1194, 1195, 1196, 1197, 1198, 1199, 1200, 1201, 1202, 1203, 1204, 1205, 1206, 1207, 1208, 1209, 1210, 1211, 1212, 1213, 1214, 1215, 1216, 1217, 1218, 1219, 1220, 1221, 1222, 1223, 1224, 563, 1226, 1227, 1228, 1229, 1230, 1231, 1232, 1233, 1234, 1235, 1236, 1237, 1238, 1239, 1240, 1241, 1242, 1243, 1244, 1245, 1246, 1247, 1248, 1249, 1250, 1251, 1252, 1253, 1254, 1255, 1256, 1257, 1258, 1259, 1260, 1261, 1262, 1263, 1264, 1265, 1505, 1267, 1268, 1269, 1270, 1271, 1272, 1273, 1274, 1275, 1276, 1277, 1278, 1279, 1280, 1281, 1282, 1283, 1284, 1285, 1286, 1287, 1288, 32, 1290, 1291, 1292, 1293, 1294, 1295, 1296, 1297, 1298, 1299, 1300, 1301, 1302, 1303, 1675, 1305, 1306, 1307, 1308, 1309, 1310, 1311, 1312, 1313, 1314, 1315, 1316, 1317, 1318, 1556, 1506, 1321, 1322, 1323, 1324, 1325, 1326, 1327, 1328, 1329, 1330, 1331, 1332, 1333, 1334, 1335, 1336, 1337, 1338, 1339, 1340, 1341, 1342, 1343, 1344, 1345, 1346, 1347, 1348, 1349, 1350, 1351, 163, 1353, 1354, 1355, 1356, 1357, 1358, 1359, 1360, 1361, 1362, 1363, 1364, 101, 1366, 1367, 1368, 1369, 1370, 1371, 1372, 1373, 1374, 1375, 1376, 1377, 1378, 1379, 1380, 1381, 1382, 1383, 1384, 1385, 1386, 1387, 1793, 1389, 1390, 1391, 1392, 1393, 1394, 1395, 1396, 1397, 1398, 1399, 1400, 1401, 1402, 1403, 1404, 761, 1406, 1407, 1408, 1409, 1410, 1411, 1412, 1413, 1414, 1415, 1416, 1417, 1418, 1659, 1420, 1421, 1422, 1423, 1424, 1425, 1426, 1427, 1428, 1429, 1430, 1431, 1432, 1433, 1434, 925, 1436, 1437, 1438, 1439, 1440, 1441, 1442, 1443, 1444, 1445, 1446, 1447, 1448, 1094, 1450, 1451, 1452, 1453, 1454, 1455, 1456, 1457, 1458, 1459, 1460, 1461, 1462, 1463, 1464, 1465, 1466, 1467, 1468, 1469, 1470, 1471, 1472, 1473, 1474, 1475, 1476, 1477, 1478, 1479, 1480, 1481, 1482, 1483, 1484, 1485, 1486, 1724, 1488, 1489, 1490, 1491, 1492, 1493, 1494, 1495, 1496, 1497, 1641, 1499, 1500, 1501, 1585, 1503, 1504, 1775, 451, 1507, 1508, 1509, 1510, 1511, 1512, 1119, 1514, 1515, 1516, 1517, 1518, 1519, 1520, 1521, 1522, 1523, 1524, 1525, 1526, 1527, 1528, 1529, 1530, 1531, 1532, 1533, 1534, 1535, 1536, 1537, 1538, 1539, 1540, 1541, 1542, 1543, 1544, 1545, 1546, 1547, 1548, 1549, 1550, 1551, 1552, 1553, 1554, 1555, 7, 1557, 1558, 1559, 1560, 1561, 1562, 1563, 1564, 1565, 1566, 1567, 1568, 1569, 1570, 1571, 1572, 1573, 1574, 1575, 1576, 1577, 1578, 1579, 1580, 1581, 1582, 1583, 1584, 216, 1586, 1587, 1588, 1589, 1590, 1591, 1592, 1593, 1594, 1595, 1596, 1597, 1598, 1599, 1600, 1601, 1602, 1603, 1604, 1605, 1606, 1607, 1608, 1609, 1610, 1611, 1612, 1613, 1614, 1615, 1616, 1617, 1618, 634, 1620, 1621, 1622, 1623, 1624, 1625, 1626, 693, 1628, 1629, 1630, 1631, 1632, 1633, 1634, 1635, 1636, 1637, 1638, 1639, 1640, 509, 1642, 1643, 1644, 1645, 1646, 1388, 171, 1649, 1650, 1651, 1652, 1653, 1654, 1655, 1656, 1657, 1658, 1502, 1660, 1661, 1662, 1663, 1664, 1665, 1666, 1667, 1668, 1669, 1670, 1671, 1672, 1673, 1674, 1513, 1019, 1677, 1678, 1679, 1680, 1225, 1682, 1683, 1684, 1685, 1686, 1687, 1688, 1689, 1690, 1691, 1692, 1693, 1694, 1695, 1696, 1697, 1698, 1699, 1700, 1701, 1702, 1703, 1704, 1705, 1706, 1435, 1708, 1709, 1710, 1711, 1712, 1713, 1714, 1715, 1716, 1717, 1718, 1719, 1720, 1721, 1722, 1723, 901, 1725, 1726, 1727, 1728, 1729, 1730, 1731, 1732, 1733, 1734, 1735, 1736, 1320, 1738, 1739, 1740, 1741, 1742, 1743, 792, 1745, 1746, 1747, 1748, 1749, 1750, 1751, 1752, 1753, 1754, 1755, 1756, 1757, 1758, 1759, 1760, 1761, 1762, 1763, 1764, 1765, 1766, 1767, 1768, 1769, 1770, 1771, 1772, 1773, 1774, 151, 1776, 1777, 1778, 1779, 1780, 1781, 1782, 1783, 1784, 1785, 1786, 1787, 1788, 1789, 1790, 1791, 1792, 561, 1794, 1795, 1796, 1797, 1798, 1799, 1800, 1801, 1802, 1803, 1804, 1805]
labeling = [0, 0, 2, 3, 5, 7, 8, 83, 4, 6, 9, 11, 1, 10, 12, 14, 16, 18, 20, 21, 23, 25, 22, 27, 1, 0, 12, 7, 3, 14, 17, 29, 85, 31, 26, 33, 3, 0, 8, 6, 11, 19, 28, 30, 32, 34, 35, 37, 13, 15, 38, 36, 40, 42, 5, 2, 9, 0, 16, 13, 19, 10, 21, 24, 39, 41, 75, 44, 43, 46, 48, 50, 0, 4, 42, 5, 13, 59, 52, 9, 54, 2, 55, 56, 7, 0, 0, 3, 11, 8, 22, 27, 23, 18, 58, 73, 20, 15, 26, 29, 12, 59, 32, 6, 34, 37, 28, 45, 1, 11, 60, 25, 8, 53, 0, 0, 10, 7, 16, 17, 47, 12, 21, 24, 14, 26, 31, 33, 15, 49, 29, 38, 2, 6, 10, 22, 14, 17, 23, 31, 30, 35, 40, 49, 43, 47, 33, 17, 14, 50, 24, 67, 36, 38, 44, 41, 51, 55, 57, 62, 4, 64, 7, 71, 5, 10, 12, 16, 63, 65, 20, 76, 35, 17, 1, 55, 35, 4, 6, 8, 37, 19, 22, 30, 11, 39, 36, 34, 41, 45, 57, 66, 43, 9, 40, 50, 52, 58, 25, 0, 0, 13, 5, 39, 19, 33, 42, 43, 27, 16, 0, 9, 21, 3, 1, 54, 84, 9, 13, 30, 27, 22, 52, 8, 56, 58, 46, 53, 11, 7, 32, 34, 48, 60, 59, 61, 0, 42, 23, 39, 67, 48, 44, 32, 46, 69, 0, 2, 0, 2, 12, 14, 20, 25, 41, 44, 27, 3, 5, 13, 15, 32, 29, 28, 18, 51, 54, 62, 4, 55, 7, 23, 33, 38, 16, 49, 1, 3, 4, 8, 10, 6, 37, 15, 29, 20, 50, 45, 1, 24, 70, 72, 68, 15, 62, 35, 64, 66, 18, 23, 32, 0, 0, 17, 18, 2, 5, 7, 4, 9, 11, 12, 40, 20, 37, 49, 45, 63, 4, 3, 12, 54, 0, 6, 14, 30, 25, 39, 55, 13, 29, 31, 25, 19, 11, 33, 60, 74, 10, 64, 12, 75, 4, 5, 8, 11, 1, 13, 47, 17, 31, 36, 46, 53, 59, 65, 42, 68, 70, 71, 8, 30, 77, 78, 13, 80, 0, 2, 45, 14, 24, 56, 76, 24, 19, 16, 21, 26, 41, 9, 44, 31, 47, 53, 64, 20, 28, 22, 30, 13, 3, 0, 2, 14, 8, 21, 35, 23, 37, 39, 42, 25, 6, 33, 15, 27, 31, 10, 1, 0, 3, 9, 6, 10, 4, 14, 0, 7, 2, 12, 42, 17, 47, 57, 7, 21, 5, 38, 51, 28, 26, 34, 24, 9, 15, 65, 43, 36, 52, 19, 22, 27, 16, 33, 5, 11, 17, 46, 49, 48, 2, 16, 13, 18, 22, 4, 36, 21, 17, 9, 27, 47, 52, 34, 50, 41, 58, 43, 2, 0, 9, 0, 2, 7, 21, 15, 49, 26, 19, 30, 28, 39, 58, 34, 60, 63, 5, 32, 1, 37, 67, 15, 4, 11, 6, 18, 12, 25, 9, 16, 20, 22, 40, 43, 7, 40, 55, 12, 57, 82, 29, 51, 36, 58, 34, 59, 16, 26, 45, 12, 19, 17, 50, 18, 61, 54, 47, 56, 41, 63, 44, 65, 52, 80, 15, 23, 20, 27, 28, 24, 31, 29, 33, 34, 37, 42, 5, 0, 8, 10, 13, 16, 18, 30, 32, 38, 68, 40, 11, 9, 43, 53, 21, 45, 53, 1, 55, 58, 23, 46, 60, 29, 8, 62, 20, 31, 30, 44, 39, 48, 61, 66, 35, 2, 10, 37, 64, 0, 18, 30, 67, 28, 61, 50, 24, 59, 45, 14, 54, 56, 7, 26, 28, 51, 35, 22, 10, 11, 6, 8, 4, 14, 18, 12, 23, 27, 32, 35, 54, 10, 37, 7, 41, 51, 44, 3, 33, 29, 62, 5, 17, 31, 38, 33, 76, 46, 14, 13, 1, 27, 24, 48, 45, 1, 68, 70, 71, 73, 58, 53, 66, 64, 22, 7, 76, 24, 75, 78, 5, 11, 16, 14, 19, 46, 2, 49, 51, 25, 5, 8, 50, 48, 63, 62, 4, 39, 69, 68, 3, 6, 22, 24, 29, 26, 54, 44, 46, 36, 52, 56, 33, 13, 63, 86, 66, 39, 29, 36, 45, 53, 57, 59, 6, 19, 49, 15, 64, 11, 12, 3, 71, 40, 76, 14, 44, 6, 48, 16, 51, 69, 32, 68, 74, 25, 42, 0, 41, 26, 53, 24, 54, 32, 43, 15, 77, 47, 79, 56, 2, 4, 16, 20, 8, 62, 64, 69, 61, 40, 55, 12, 0, 0, 15, 13, 21, 2, 31, 28, 16, 37, 39, 52, 36, 24, 42, 45, 47, 48, 64, 39, 66, 11, 61, 50, 53, 46, 68, 56, 58, 59, 34, 3, 10, 41, 15, 49, 72, 18, 6, 67, 75, 77, 87, 20, 81, 60, 84, 62, 35, 70, 71, 74, 57, 83, 10, 6, 1, 12, 26, 21, 30, 36, 8, 0, 23, 25, 41, 13, 19, 67, 28, 72, 45, 15, 60, 47, 55, 77, 0, 0, 33, 31, 7, 10, 57, 28, 35, 10, 37, 38, 7, 18, 21, 34, 22, 43, 58, 65, 36, 61, 55, 30, 5, 5, 1, 9, 9, 13, 17, 27, 6, 29, 19, 31, 3, 12, 14, 17, 49, 5, 72, 29, 75, 38, 27, 57, 74, 40, 52, 64, 69, 83, 46, 14, 52, 13, 38, 44, 71, 24, 50, 37, 47, 73, 4, 27, 7, 9, 25, 12, 41, 57, 54, 67, 72, 19, 70, 74, 79, 80, 82, 22, 26, 12, 17, 35, 28, 55, 38, 1, 10, 32, 23, 40, 7, 54, 22, 4, 0, 25, 51, 30, 60, 43, 56, 52, 84, 37, 57, 31, 46, 73, 73, 61, 79, 18, 80, 65, 67, 5, 50, 59, 76, 33, 23, 64, 12, 3, 1, 14, 7, 54, 43, 82, 22, 84, 51, 29, 17, 11, 31, 58, 50, 15, 52, 62, 2, 25, 24, 20, 26, 39, 8, 41, 11, 32, 36, 49, 47, 51, 9, 42, 45, 31, 66, 70, 54, 3, 15, 42, 25, 53, 78, 13, 6, 16, 48, 35, 66, 9, 76, 18, 33, 57, 2, 28, 62, 35, 45, 68, 6, 0, 2, 18, 14, 8, 34, 16, 29, 31, 35, 37, 65, 5, 48, 43, 51, 69, 14, 0, 63, 71, 8, 20, 6, 13, 16, 18, 2, 11, 21, 36, 24, 44, 61, 47, 16, 13, 23, 61, 64, 48, 66, 25, 27, 3, 29, 19, 24, 37, 9, 4, 28, 38, 81, 19, 62, 44, 53, 86, 5, 0, 10, 26, 8, 21, 13, 2, 33, 36, 34, 6, 80, 56, 87, 11, 68, 60, 41, 49, 59, 83, 10, 20, 12, 15, 20, 30, 3, 39, 3, 12, 33, 14, 5, 19, 17, 44, 46, 80, 23, 30, 9, 1, 29, 27, 59, 65, 56, 6, 72, 37, 63, 67, 0, 7, 28, 34, 37, 40, 75, 21, 81, 74, 34, 77, 1, 7, 12, 39, 4, 43, 58, 51, 65, 1, 26, 46, 14, 17, 24, 6, 29, 26, 3, 10, 4, 12, 19, 23, 42, 20, 40, 45, 22, 53, 62, 39, 76, 46, 33, 60, 26, 15, 41, 7, 0, 0, 9, 9, 4, 22, 34, 34, 8, 4, 12, 52, 27, 12, 0, 11, 36, 34, 21, 8, 1, 5, 6, 6, 4, 7, 3, 10, 2, 11, 5, 12, 14, 0, 45, 10, 0, 21, 69, 11, 38, 2, 9, 3, 0, 16, 7, 19, 14, 18, 18, 22, 22, 23, 16, 1, 7, 4, 11, 10, 0, 21, 10, 6, 13, 16, 16, 17, 4, 13, 13, 15, 5, 22, 3, 2, 10, 0, 35, 0, 0, 0, 28, 2, 33, 8, 2, 2, 0, 4, 3, 15, 8, 5, 10, 8, 21, 10, 2, 19, 11, 9, 13, 4, 0, 11, 2, 22, 5, 16, 3, 3, 5, 9, 9, 19, 0, 23, 0, 13, 13, 0, 0, 0, 0, 0, 6, 0, 5, 13, 1, 25, 7, 1, 4, 2, 8, 14, 0, 4, 1, 1, 2, 17, 3, 3, 0, 5, 0, 0, 0, 0, 0, 0, 0, 0, 0, 0, 0, 0, 0, 0, 0, 0, 0, 0, 0, 0, 0, 0, 0, 0, 0, 0, 0, 0, 0, 0, 0, 0, 0, 0, 0, 0, 0, 0, 0, 0, 0, 0, 0, 0, 0, 0, 0, 31, 0, 0, 0, 0, 0, 0, 0, 0, 0, 0, 0, 0, 0, 0, 0, 0, 5, 0, 0, 0, 0, 2, 0, 0, 0, 0, 0, 0, 0, 0, 0, 0, 0, 0, 0, 0, 0, 0, 0, 0, 0, 0, 0, 85, 0, 0, 9, 0, 0, 0, 0, 0, 0, 0, 0, 0, 0, 0, 0, 0, 0, 0, 0, 0, 0, 0, 0, 0, 0, 0, 0, 0, 0, 0, 0, 0, 0, 0, 0, 0, 0, 0, 0, 0, 0, 0, 7, 0, 0, 0, 0, 0, 0, 0, 0, 0, 0, 0, 0, 0, 0, 0, 0, 0, 0, 0, 0, 0, 0, 0, 0, 0, 0, 0, 0, 0, 0, 0, 0, 0, 0, 0, 0, 0, 8, 0, 0, 0, 0, 0, 0, 0, 0, 0, 0, 0, 0, 0, 0, 0, 0, 0, 0, 0, 0, 0, 0, 0, 0, 0, 0, 0, 0, 0, 0, 0, 0, 0, 0, 0, 0, 0, 0, 0, 0, 0, 0, 0, 0, 9, 0, 0, 0, 0, 0, 0, 0, 0, 0, 0, 0, 0, 0, 0, 0, 0, 0, 0, 0, 0, 0, 0, 0, 0, 0, 0, 0, 0, 0, 0, 0, 0, 0, 0, 0, 0, 0, 0, 0, 0, 0, 0, 0, 0, 0, 0, 0, 0, 0, 0, 0, 0, 0, 0, 0, 0, 0, 0, 0, 0, 0, 0, 0, 0, 0, 0, 0, 0, 0, 0, 0, 0, 0, 0, 0, 2, 0, 4, 0, 0, 0, 0, 0, 0, 45, 0, 0, 0, 0, 0, 0, 0, 0, 0, 0, 0, 15, 0, 0, 0, 0, 0, 0, 0, 0, 0, 28, 0, 0, 0, 0, 0, 0, 0, 1, 0, 0, 0, 0, 0, 0, 0, 0, 0, 0, 0, 0, 0, 0, 0, 0, 0, 0, 0, 0, 0, 0, 0, 34, 0, 0, 0, 0, 0, 0, 0, 0, 0, 0, 0, 0, 0, 0, 0, 0, 0, 0, 0, 0, 0, 0, 0, 0, 0, 0, 0, 0, 0, 0, 0, 0, 0, 0, 0, 0, 7, 0, 0, 0, 0, 0, 0, 0, 32, 0, 0, 0, 0, 0, 3, 0, 0, 0, 1, 0, 0, 0, 0, 0, 0, 0, 0, 0, 0, 0, 0, 0, 0, 0, 0, 0, 0, 0, 0, 0, 0, 0, 0, 15, 0, 0, 0, 0, 0, 0, 0, 0, 0, 0, 0, 0, 0, 0, 0, 0, 0, 0, 0, 0, 0, 0, 0, 0, 0, 0, 0, 0, 0, 0, 0, 1, 0, 0, 0]
convergência = [89, 89, 89, 89, 89, 89, 89, 89, 89, 89, 89, 89, 89, 89, 88, 88, 88, 88, 88, 88, 88, 88, 88, 88, 88, 87, 87, 87, 87, 87, 87, 87, 87, 87, 87, 87, 87, 87, 87, 87, 87, 87, 87, 87, 87, 87, 87, 87, 87, 87, 87, 87, 87]
================================

----- Melhor execução -----
Span (lambda): 87
best_order = [0, 1, 2, 3, 4, 5, 6, 813, 8, 9, 10, 11, 12, 13, 14, 15, 16, 17, 18, 19, 20, 21, 22, 23, 24, 25, 26, 27, 28, 29, 30, 31, 1619, 33, 34, 35, 36, 37, 38, 39, 40, 41, 42, 43, 44, 45, 46, 47, 48, 49, 50, 51, 52, 53, 54, 55, 56, 57, 58, 59, 60, 61, 62, 63, 64, 65, 962, 67, 68, 69, 70, 71, 72, 73, 990, 75, 76, 1737, 78, 79, 80, 81, 82, 83, 84, 85, 86, 87, 88, 89, 90, 91, 92, 93, 94, 147, 96, 97, 98, 99, 100, 782, 102, 103, 104, 105, 106, 107, 108, 109, 1744, 111, 112, 113, 114, 115, 116, 117, 118, 119, 120, 121, 122, 123, 124, 125, 126, 127, 128, 129, 130, 131, 132, 133, 134, 135, 136, 137, 138, 139, 140, 141, 142, 1487, 144, 145, 146, 110, 148, 149, 150, 1087, 152, 153, 154, 155, 156, 157, 158, 159, 160, 161, 162, 638, 164, 165, 166, 167, 168, 169, 170, 1648, 172, 173, 174, 1004, 176, 177, 178, 179, 180, 181, 182, 183, 184, 185, 186, 187, 188, 189, 190, 191, 192, 193, 194, 195, 196, 197, 198, 199, 200, 201, 202, 1039, 204, 205, 206, 207, 208, 209, 210, 211, 212, 213, 214, 215, 1065, 217, 218, 219, 220, 221, 222, 223, 224, 225, 226, 227, 228, 229, 230, 231, 232, 233, 234, 235, 236, 237, 238, 239, 240, 241, 242, 243, 244, 245, 246, 247, 248, 249, 250, 251, 252, 253, 254, 255, 256, 257, 258, 259, 260, 261, 262, 263, 264, 265, 266, 267, 268, 269, 270, 271, 272, 273, 274, 275, 276, 277, 278, 279, 280, 281, 282, 283, 284, 285, 286, 287, 288, 289, 290, 291, 292, 293, 294, 295, 296, 297, 298, 299, 958, 301, 302, 303, 304, 305, 306, 307, 308, 309, 310, 311, 312, 313, 314, 315, 316, 317, 318, 319, 320, 321, 322, 323, 324, 583, 326, 327, 325, 329, 330, 331, 332, 333, 334, 335, 336, 337, 338, 339, 340, 341, 342, 343, 344, 345, 346, 347, 348, 349, 350, 351, 352, 353, 354, 355, 356, 357, 358, 359, 360, 361, 362, 363, 364, 365, 366, 367, 368, 369, 370, 371, 674, 373, 374, 375, 376, 377, 378, 379, 380, 381, 382, 424, 1187, 385, 386, 387, 388, 389, 390, 391, 392, 393, 394, 625, 396, 397, 398, 399, 400, 401, 402, 725, 404, 405, 406, 407, 408, 409, 410, 411, 412, 413, 414, 415, 416, 417, 418, 419, 420, 421, 422, 423, 383, 425, 426, 427, 428, 429, 430, 431, 432, 433, 434, 435, 436, 437, 914, 439, 440, 441, 442, 443, 444, 445, 446, 447, 448, 449, 450, 519, 452, 453, 454, 455, 456, 457, 458, 459, 460, 461, 462, 463, 464, 465, 466, 1707, 468, 469, 470, 471, 472, 473, 474, 475, 476, 477, 478, 479, 480, 481, 482, 483, 484, 485, 486, 487, 488, 489, 1365, 491, 492, 493, 494, 495, 496, 1266, 498, 499, 500, 501, 502, 503, 504, 505, 506, 507, 508, 467, 510, 511, 512, 513, 514, 515, 516, 517, 518, 1134, 520, 521, 522, 523, 524, 525, 526, 527, 528, 529, 530, 531, 532, 610, 534, 535, 536, 537, 538, 539, 540, 541, 542, 543, 544, 545, 546, 547, 548, 549, 550, 551, 552, 553, 554, 555, 556, 557, 558, 559, 560, 1289, 562, 328, 564, 565, 566, 567, 568, 569, 570, 571, 572, 573, 574, 575, 576, 577, 578, 579, 580, 581, 582, 664, 584, 585, 586, 587, 588, 589, 590, 591, 592, 593, 594, 595, 596, 597, 598, 599, 600, 601, 602, 603, 604, 605, 606, 607, 608, 609, 1676, 611, 612, 613, 614, 615, 616, 617, 618, 619, 620, 621, 622, 623, 624, 77, 626, 627, 628, 629, 630, 631, 632, 633, 1352, 635, 636, 637, 1319, 639, 640, 641, 642, 643, 644, 645, 646, 647, 648, 649, 650, 651, 652, 653, 654, 655, 656, 657, 658, 659, 660, 661, 662, 663, 95, 665, 666, 667, 668, 669, 670, 671, 672, 673, 497, 675, 676, 677, 678, 679, 680, 681, 682, 683, 684, 685, 686, 687, 688, 689, 690, 691, 692, 74, 694, 695, 696, 697, 698, 699, 700, 701, 702, 703, 704, 705, 706, 707, 708, 709, 710, 711, 490, 713, 714, 715, 716, 717, 718, 719, 720, 143, 722, 723, 724, 203, 726, 727, 728, 729, 730, 731, 732, 733, 734, 735, 736, 737, 738, 739, 740, 741, 742, 743, 744, 745, 746, 747, 748, 749, 750, 751, 752, 753, 754, 755, 756, 757, 758, 759, 760, 1405, 762, 763, 764, 765, 766, 767, 768, 769, 770, 771, 772, 773, 774, 775, 1449, 777, 778, 779, 780, 781, 1071, 783, 784, 785, 786, 787, 788, 789, 790, 791, 957, 793, 794, 795, 66, 797, 798, 799, 800, 801, 802, 1627, 804, 805, 806, 807, 808, 809, 810, 811, 812, 1681, 814, 815, 816, 817, 818, 819, 820, 821, 822, 823, 824, 825, 826, 827, 828, 829, 830, 831, 832, 833, 834, 835, 836, 837, 838, 839, 840, 841, 842, 843, 844, 845, 776, 1056, 848, 849, 850, 851, 852, 853, 854, 855, 856, 857, 858, 859, 860, 861, 862, 863, 864, 865, 866, 867, 868, 869, 870, 871, 872, 873, 874, 875, 876, 877, 878, 879, 880, 881, 882, 883, 884, 885, 886, 887, 888, 889, 890, 891, 892, 893, 894, 895, 896, 897, 898, 899, 900, 1647, 902, 903, 904, 905, 906, 907, 908, 909, 910, 911, 912, 913, 438, 915, 916, 917, 918, 919, 920, 921, 922, 923, 924, 1014, 926, 927, 928, 929, 930, 931, 932, 933, 934, 935, 936, 937, 938, 939, 940, 941, 942, 943, 944, 945, 946, 947, 948, 949, 950, 951, 952, 953, 954, 955, 956, 395, 300, 959, 960, 961, 533, 963, 1498, 965, 966, 967, 968, 969, 970, 971, 972, 973, 847, 975, 976, 977, 978, 979, 980, 981, 982, 983, 984, 985, 986, 987, 988, 989, 721, 991, 992, 993, 994, 995, 996, 997, 998, 964, 1000, 1001, 1002, 1003, 712, 1005, 1006, 1007, 1008, 1009, 1010, 1011, 1012, 1013, 1419, 1015, 1016, 1017, 1018, 1102, 1020, 1021, 1022, 1023, 1024, 1025, 1026, 1027, 1028, 1029, 1030, 1031, 1032, 1033, 1034, 1035, 1036, 1037, 1038, 1304, 1040, 1041, 1042, 1043, 1044, 1045, 1046, 1047, 1048, 1049, 1050, 1051, 1052, 1053, 1054, 1055, 846, 1057, 1058, 1059, 1060, 1061, 1062, 1063, 1064, 175, 1066, 1067, 1068, 1069, 1070, 796, 1072, 1073, 1074, 1075, 1076, 1077, 1078, 1079, 1080, 1081, 1082, 1083, 1084, 1085, 1086, 999, 1088, 1089, 1090, 1091, 1092, 1093, 403, 1095, 1096, 1097, 1098, 1099, 1100, 1101, 974, 1103, 1104, 1105, 1106, 1107, 1108, 1109, 1110, 1111, 1112, 1113, 372, 1115, 1116, 1117, 1118, 803, 1120, 1121, 1122, 1123, 1124, 1125, 1126, 1127, 1128, 1129, 1130, 1131, 1132, 1133, 1114, 1135, 1136, 1137, 1138, 1139, 1140, 1141, 1142, 1143, 1144, 1145, 1146, 1147, 1148, 1149, 1150, 1151, 1152, 1153, 1154, 1155, 1156, 1157, 1158, 1159, 1160, 1161, 1162, 1163, 1164, 1165, 1166, 1167, 1168, 1169, 1170, 1171, 1172, 1173, 1174, 1175, 1176, 1177, 1178, 1179, 1180, 1181, 1182, 1183, 1184, 1185, 1186, 384, 1188, 1189, 1190, 1191, 1192, 1193, 1194, 1195, 1196, 1197, 1198, 1199, 1200, 1201, 1202, 1203, 1204, 1205, 1206, 1207, 1208, 1209, 1210, 1211, 1212, 1213, 1214, 1215, 1216, 1217, 1218, 1219, 1220, 1221, 1222, 1223, 1224, 563, 1226, 1227, 1228, 1229, 1230, 1231, 1232, 1233, 1234, 1235, 1236, 1237, 1238, 1239, 1240, 1241, 1242, 1243, 1244, 1245, 1246, 1247, 1248, 1249, 1250, 1251, 1252, 1253, 1254, 1255, 1256, 1257, 1258, 1259, 1260, 1261, 1262, 1263, 1264, 1265, 1505, 1267, 1268, 1269, 1270, 1271, 1272, 1273, 1274, 1275, 1276, 1277, 1278, 1279, 1280, 1281, 1282, 1283, 1284, 1285, 1286, 1287, 1288, 32, 1290, 1291, 1292, 1293, 1294, 1295, 1296, 1297, 1298, 1299, 1300, 1301, 1302, 1303, 1675, 1305, 1306, 1307, 1308, 1309, 1310, 1311, 1312, 1313, 1314, 1315, 1316, 1317, 1318, 1556, 1506, 1321, 1322, 1323, 1324, 1325, 1326, 1327, 1328, 1329, 1330, 1331, 1332, 1333, 1334, 1335, 1336, 1337, 1338, 1339, 1340, 1341, 1342, 1343, 1344, 1345, 1346, 1347, 1348, 1349, 1350, 1351, 163, 1353, 1354, 1355, 1356, 1357, 1358, 1359, 1360, 1361, 1362, 1363, 1364, 101, 1366, 1367, 1368, 1369, 1370, 1371, 1372, 1373, 1374, 1375, 1376, 1377, 1378, 1379, 1380, 1381, 1382, 1383, 1384, 1385, 1386, 1387, 1793, 1389, 1390, 1391, 1392, 1393, 1394, 1395, 1396, 1397, 1398, 1399, 1400, 1401, 1402, 1403, 1404, 761, 1406, 1407, 1408, 1409, 1410, 1411, 1412, 1413, 1414, 1415, 1416, 1417, 1418, 1659, 1420, 1421, 1422, 1423, 1424, 1425, 1426, 1427, 1428, 1429, 1430, 1431, 1432, 1433, 1434, 925, 1436, 1437, 1438, 1439, 1440, 1441, 1442, 1443, 1444, 1445, 1446, 1447, 1448, 1094, 1450, 1451, 1452, 1453, 1454, 1455, 1456, 1457, 1458, 1459, 1460, 1461, 1462, 1463, 1464, 1465, 1466, 1467, 1468, 1469, 1470, 1471, 1472, 1473, 1474, 1475, 1476, 1477, 1478, 1479, 1480, 1481, 1482, 1483, 1484, 1485, 1486, 1724, 1488, 1489, 1490, 1491, 1492, 1493, 1494, 1495, 1496, 1497, 1641, 1499, 1500, 1501, 1585, 1503, 1504, 1775, 451, 1507, 1508, 1509, 1510, 1511, 1512, 1119, 1514, 1515, 1516, 1517, 1518, 1519, 1520, 1521, 1522, 1523, 1524, 1525, 1526, 1527, 1528, 1529, 1530, 1531, 1532, 1533, 1534, 1535, 1536, 1537, 1538, 1539, 1540, 1541, 1542, 1543, 1544, 1545, 1546, 1547, 1548, 1549, 1550, 1551, 1552, 1553, 1554, 1555, 7, 1557, 1558, 1559, 1560, 1561, 1562, 1563, 1564, 1565, 1566, 1567, 1568, 1569, 1570, 1571, 1572, 1573, 1574, 1575, 1576, 1577, 1578, 1579, 1580, 1581, 1582, 1583, 1584, 216, 1586, 1587, 1588, 1589, 1590, 1591, 1592, 1593, 1594, 1595, 1596, 1597, 1598, 1599, 1600, 1601, 1602, 1603, 1604, 1605, 1606, 1607, 1608, 1609, 1610, 1611, 1612, 1613, 1614, 1615, 1616, 1617, 1618, 634, 1620, 1621, 1622, 1623, 1624, 1625, 1626, 693, 1628, 1629, 1630, 1631, 1632, 1633, 1634, 1635, 1636, 1637, 1638, 1639, 1640, 509, 1642, 1643, 1644, 1645, 1646, 1388, 171, 1649, 1650, 1651, 1652, 1653, 1654, 1655, 1656, 1657, 1658, 1502, 1660, 1661, 1662, 1663, 1664, 1665, 1666, 1667, 1668, 1669, 1670, 1671, 1672, 1673, 1674, 1513, 1019, 1677, 1678, 1679, 1680, 1225, 1682, 1683, 1684, 1685, 1686, 1687, 1688, 1689, 1690, 1691, 1692, 1693, 1694, 1695, 1696, 1697, 1698, 1699, 1700, 1701, 1702, 1703, 1704, 1705, 1706, 1435, 1708, 1709, 1710, 1711, 1712, 1713, 1714, 1715, 1716, 1717, 1718, 1719, 1720, 1721, 1722, 1723, 901, 1725, 1726, 1727, 1728, 1729, 1730, 1731, 1732, 1733, 1734, 1735, 1736, 1320, 1738, 1739, 1740, 1741, 1742, 1743, 792, 1745, 1746, 1747, 1748, 1749, 1750, 1751, 1752, 1753, 1754, 1755, 1756, 1757, 1758, 1759, 1760, 1761, 1762, 1763, 1764, 1765, 1766, 1767, 1768, 1769, 1770, 1771, 1772, 1773, 1774, 151, 1776, 1777, 1778, 1779, 1780, 1781, 1782, 1783, 1784, 1785, 1786, 1787, 1788, 1789, 1790, 1791, 1792, 561, 1794, 1795, 1796, 1797, 1798, 1799, 1800, 1801, 1802, 1803, 1804, 1805]
labeling = [0, 0, 2, 3, 5, 7, 8, 83, 4, 6, 9, 11, 1, 10, 12, 14, 16, 18, 20, 21, 23, 25, 22, 27, 1, 0, 12, 7, 3, 14, 17, 29, 85, 31, 26, 33, 3, 0, 8, 6, 11, 19, 28, 30, 32, 34, 35, 37, 13, 15, 38, 36, 40, 42, 5, 2, 9, 0, 16, 13, 19, 10, 21, 24, 39, 41, 75, 44, 43, 46, 48, 50, 0, 4, 42, 5, 13, 59, 52, 9, 54, 2, 55, 56, 7, 0, 0, 3, 11, 8, 22, 27, 23, 18, 58, 73, 20, 15, 26, 29, 12, 59, 32, 6, 34, 37, 28, 45, 1, 11, 60, 25, 8, 53, 0, 0, 10, 7, 16, 17, 47, 12, 21, 24, 14, 26, 31, 33, 15, 49, 29, 38, 2, 6, 10, 22, 14, 17, 23, 31, 30, 35, 40, 49, 43, 47, 33, 17, 14, 50, 24, 67, 36, 38, 44, 41, 51, 55, 57, 62, 4, 64, 7, 71, 5, 10, 12, 16, 63, 65, 20, 76, 35, 17, 1, 55, 35, 4, 6, 8, 37, 19, 22, 30, 11, 39, 36, 34, 41, 45, 57, 66, 43, 9, 40, 50, 52, 58, 25, 0, 0, 13, 5, 39, 19, 33, 42, 43, 27, 16, 0, 9, 21, 3, 1, 54, 84, 9, 13, 30, 27, 22, 52, 8, 56, 58, 46, 53, 11, 7, 32, 34, 48, 60, 59, 61, 0, 42, 23, 39, 67, 48, 44, 32, 46, 69, 0, 2, 0, 2, 12, 14, 20, 25, 41, 44, 27, 3, 5, 13, 15, 32, 29, 28, 18, 51, 54, 62, 4, 55, 7, 23, 33, 38, 16, 49, 1, 3, 4, 8, 10, 6, 37, 15, 29, 20, 50, 45, 1, 24, 70, 72, 68, 15, 62, 35, 64, 66, 18, 23, 32, 0, 0, 17, 18, 2, 5, 7, 4, 9, 11, 12, 40, 20, 37, 49, 45, 63, 4, 3, 12, 54, 0, 6, 14, 30, 25, 39, 55, 13, 29, 31, 25, 19, 11, 33, 60, 74, 10, 64, 12, 75, 4, 5, 8, 11, 1, 13, 47, 17, 31, 36, 46, 53, 59, 65, 42, 68, 70, 71, 8, 30, 77, 78, 13, 80, 0, 2, 45, 14, 24, 56, 76, 24, 19, 16, 21, 26, 41, 9, 44, 31, 47, 53, 64, 20, 28, 22, 30, 13, 3, 0, 2, 14, 8, 21, 35, 23, 37, 39, 42, 25, 6, 33, 15, 27, 31, 10, 1, 0, 3, 9, 6, 10, 4, 14, 0, 7, 2, 12, 42, 17, 47, 57, 7, 21, 5, 38, 51, 28, 26, 34, 24, 9, 15, 65, 43, 36, 52, 19, 22, 27, 16, 33, 5, 11, 17, 46, 49, 48, 2, 16, 13, 18, 22, 4, 36, 21, 17, 9, 27, 47, 52, 34, 50, 41, 58, 43, 2, 0, 9, 0, 2, 7, 21, 15, 49, 26, 19, 30, 28, 39, 58, 34, 60, 63, 5, 32, 1, 37, 67, 15, 4, 11, 6, 18, 12, 25, 9, 16, 20, 22, 40, 43, 7, 40, 55, 12, 57, 82, 29, 51, 36, 58, 34, 59, 16, 26, 45, 12, 19, 17, 50, 18, 61, 54, 47, 56, 41, 63, 44, 65, 52, 80, 15, 23, 20, 27, 28, 24, 31, 29, 33, 34, 37, 42, 5, 0, 8, 10, 13, 16, 18, 30, 32, 38, 68, 40, 11, 9, 43, 53, 21, 45, 53, 1, 55, 58, 23, 46, 60, 29, 8, 62, 20, 31, 30, 44, 39, 48, 61, 66, 35, 2, 10, 37, 64, 0, 18, 30, 67, 28, 61, 50, 24, 59, 45, 14, 54, 56, 7, 26, 28, 51, 35, 22, 10, 11, 6, 8, 4, 14, 18, 12, 23, 27, 32, 35, 54, 10, 37, 7, 41, 51, 44, 3, 33, 29, 62, 5, 17, 31, 38, 33, 76, 46, 14, 13, 1, 27, 24, 48, 45, 1, 68, 70, 71, 73, 58, 53, 66, 64, 22, 7, 76, 24, 75, 78, 5, 11, 16, 14, 19, 46, 2, 49, 51, 25, 5, 8, 50, 48, 63, 62, 4, 39, 69, 68, 3, 6, 22, 24, 29, 26, 54, 44, 46, 36, 52, 56, 33, 13, 63, 86, 66, 39, 29, 36, 45, 53, 57, 59, 6, 19, 49, 15, 64, 11, 12, 3, 71, 40, 76, 14, 44, 6, 48, 16, 51, 69, 32, 68, 74, 25, 42, 0, 41, 26, 53, 24, 54, 32, 43, 15, 77, 47, 79, 56, 2, 4, 16, 20, 8, 62, 64, 69, 61, 40, 55, 12, 0, 0, 15, 13, 21, 2, 31, 28, 16, 37, 39, 52, 36, 24, 42, 45, 47, 48, 64, 39, 66, 11, 61, 50, 53, 46, 68, 56, 58, 59, 34, 3, 10, 41, 15, 49, 72, 18, 6, 67, 75, 77, 87, 20, 81, 60, 84, 62, 35, 70, 71, 74, 57, 83, 10, 6, 1, 12, 26, 21, 30, 36, 8, 0, 23, 25, 41, 13, 19, 67, 28, 72, 45, 15, 60, 47, 55, 77, 0, 0, 33, 31, 7, 10, 57, 28, 35, 10, 37, 38, 7, 18, 21, 34, 22, 43, 58, 65, 36, 61, 55, 30, 5, 5, 1, 9, 9, 13, 17, 27, 6, 29, 19, 31, 3, 12, 14, 17, 49, 5, 72, 29, 75, 38, 27, 57, 74, 40, 52, 64, 69, 83, 46, 14, 52, 13, 38, 44, 71, 24, 50, 37, 47, 73, 4, 27, 7, 9, 25, 12, 41, 57, 54, 67, 72, 19, 70, 74, 79, 80, 82, 22, 26, 12, 17, 35, 28, 55, 38, 1, 10, 32, 23, 40, 7, 54, 22, 4, 0, 25, 51, 30, 60, 43, 56, 52, 84, 37, 57, 31, 46, 73, 73, 61, 79, 18, 80, 65, 67, 5, 50, 59, 76, 33, 23, 64, 12, 3, 1, 14, 7, 54, 43, 82, 22, 84, 51, 29, 17, 11, 31, 58, 50, 15, 52, 62, 2, 25, 24, 20, 26, 39, 8, 41, 11, 32, 36, 49, 47, 51, 9, 42, 45, 31, 66, 70, 54, 3, 15, 42, 25, 53, 78, 13, 6, 16, 48, 35, 66, 9, 76, 18, 33, 57, 2, 28, 62, 35, 45, 68, 6, 0, 2, 18, 14, 8, 34, 16, 29, 31, 35, 37, 65, 5, 48, 43, 51, 69, 14, 0, 63, 71, 8, 20, 6, 13, 16, 18, 2, 11, 21, 36, 24, 44, 61, 47, 16, 13, 23, 61, 64, 48, 66, 25, 27, 3, 29, 19, 24, 37, 9, 4, 28, 38, 81, 19, 62, 44, 53, 86, 5, 0, 10, 26, 8, 21, 13, 2, 33, 36, 34, 6, 80, 56, 87, 11, 68, 60, 41, 49, 59, 83, 10, 20, 12, 15, 20, 30, 3, 39, 3, 12, 33, 14, 5, 19, 17, 44, 46, 80, 23, 30, 9, 1, 29, 27, 59, 65, 56, 6, 72, 37, 63, 67, 0, 7, 28, 34, 37, 40, 75, 21, 81, 74, 34, 77, 1, 7, 12, 39, 4, 43, 58, 51, 65, 1, 26, 46, 14, 17, 24, 6, 29, 26, 3, 10, 4, 12, 19, 23, 42, 20, 40, 45, 22, 53, 62, 39, 76, 46, 33, 60, 26, 15, 41, 7, 0, 0, 9, 9, 4, 22, 34, 34, 8, 4, 12, 52, 27, 12, 0, 11, 36, 34, 21, 8, 1, 5, 6, 6, 4, 7, 3, 10, 2, 11, 5, 12, 14, 0, 45, 10, 0, 21, 69, 11, 38, 2, 9, 3, 0, 16, 7, 19, 14, 18, 18, 22, 22, 23, 16, 1, 7, 4, 11, 10, 0, 21, 10, 6, 13, 16, 16, 17, 4, 13, 13, 15, 5, 22, 3, 2, 10, 0, 35, 0, 0, 0, 28, 2, 33, 8, 2, 2, 0, 4, 3, 15, 8, 5, 10, 8, 21, 10, 2, 19, 11, 9, 13, 4, 0, 11, 2, 22, 5, 16, 3, 3, 5, 9, 9, 19, 0, 23, 0, 13, 13, 0, 0, 0, 0, 0, 6, 0, 5, 13, 1, 25, 7, 1, 4, 2, 8, 14, 0, 4, 1, 1, 2, 17, 3, 3, 0, 5, 0, 0, 0, 0, 0, 0, 0, 0, 0, 0, 0, 0, 0, 0, 0, 0, 0, 0, 0, 0, 0, 0, 0, 0, 0, 0, 0, 0, 0, 0, 0, 0, 0, 0, 0, 0, 0, 0, 0, 0, 0, 0, 0, 0, 0, 0, 0, 31, 0, 0, 0, 0, 0, 0, 0, 0, 0, 0, 0, 0, 0, 0, 0, 0, 5, 0, 0, 0, 0, 2, 0, 0, 0, 0, 0, 0, 0, 0, 0, 0, 0, 0, 0, 0, 0, 0, 0, 0, 0, 0, 0, 85, 0, 0, 9, 0, 0, 0, 0, 0, 0, 0, 0, 0, 0, 0, 0, 0, 0, 0, 0, 0, 0, 0, 0, 0, 0, 0, 0, 0, 0, 0, 0, 0, 0, 0, 0, 0, 0, 0, 0, 0, 0, 0, 7, 0, 0, 0, 0, 0, 0, 0, 0, 0, 0, 0, 0, 0, 0, 0, 0, 0, 0, 0, 0, 0, 0, 0, 0, 0, 0, 0, 0, 0, 0, 0, 0, 0, 0, 0, 0, 0, 8, 0, 0, 0, 0, 0, 0, 0, 0, 0, 0, 0, 0, 0, 0, 0, 0, 0, 0, 0, 0, 0, 0, 0, 0, 0, 0, 0, 0, 0, 0, 0, 0, 0, 0, 0, 0, 0, 0, 0, 0, 0, 0, 0, 0, 9, 0, 0, 0, 0, 0, 0, 0, 0, 0, 0, 0, 0, 0, 0, 0, 0, 0, 0, 0, 0, 0, 0, 0, 0, 0, 0, 0, 0, 0, 0, 0, 0, 0, 0, 0, 0, 0, 0, 0, 0, 0, 0, 0, 0, 0, 0, 0, 0, 0, 0, 0, 0, 0, 0, 0, 0, 0, 0, 0, 0, 0, 0, 0, 0, 0, 0, 0, 0, 0, 0, 0, 0, 0, 0, 0, 2, 0, 4, 0, 0, 0, 0, 0, 0, 45, 0, 0, 0, 0, 0, 0, 0, 0, 0, 0, 0, 15, 0, 0, 0, 0, 0, 0, 0, 0, 0, 28, 0, 0, 0, 0, 0, 0, 0, 1, 0, 0, 0, 0, 0, 0, 0, 0, 0, 0, 0, 0, 0, 0, 0, 0, 0, 0, 0, 0, 0, 0, 0, 34, 0, 0, 0, 0, 0, 0, 0, 0, 0, 0, 0, 0, 0, 0, 0, 0, 0, 0, 0, 0, 0, 0, 0, 0, 0, 0, 0, 0, 0, 0, 0, 0, 0, 0, 0, 0, 7, 0, 0, 0, 0, 0, 0, 0, 32, 0, 0, 0, 0, 0, 3, 0, 0, 0, 1, 0, 0, 0, 0, 0, 0, 0, 0, 0, 0, 0, 0, 0, 0, 0, 0, 0, 0, 0, 0, 0, 0, 0, 0, 15, 0, 0, 0, 0, 0, 0, 0, 0, 0, 0, 0, 0, 0, 0, 0, 0, 0, 0, 0, 0, 0, 0, 0, 0, 0, 0, 0, 0, 0, 0, 0, 1, 0, 0, 0]
