===== RESULTADO GA L(2,1) =====
Arquivo: /Users/mateuspedrosa/Documents/TCC-II/BOGA/data/NR_DIMACS_cleaned/c-fat500-1_clean.mtx (undirected)
Crossover: cx | Mutação: em | pop=30 | gens=53 | mut=0.446 | cr=0.5724 | runs=1 | max-stagt=1031

----- Execução #1 -----
Span (lambda): 444
Parada: MAX_GENS (geração 53)
best_order = [0, 1, 2, 3, 4, 5, 6, 7, 8, 9, 10, 11, 12, 13, 14, 15, 16, 17, 18, 19, 20, 21, 22, 23, 24, 25, 26, 27, 28, 29, 30, 31, 32, 33, 34, 35, 36, 37, 38, 39, 40, 41, 42, 43, 44, 45, 46, 47, 48, 49, 50, 51, 52, 53, 54, 55, 56, 57, 58, 59, 60, 61, 62, 63, 64, 65, 66, 67, 68, 69, 70, 71, 72, 73, 74, 75, 76, 77, 78, 79, 80, 81, 82, 83, 84, 85, 86, 87, 88, 89, 90, 91, 92, 93, 94, 95, 96, 97, 98, 99, 100, 101, 102, 103, 104, 105, 106, 107, 108, 109, 110, 111, 112, 113, 114, 115, 116, 117, 118, 119, 120, 121, 122, 123, 124, 125, 126, 127, 128, 129, 130, 131, 132, 133, 134, 135, 136, 137, 138, 139, 140, 141, 142, 143, 144, 145, 146, 147, 148, 149, 150, 151, 152, 153, 154, 155, 156, 157, 158, 159, 160, 161, 162, 163, 164, 165, 166, 167, 168, 169, 170, 171, 172, 173, 174, 175, 176, 177, 178, 179, 180, 181, 182, 183, 184, 185, 186, 187, 188, 189, 190, 191, 192, 193, 194, 195, 196, 197, 198, 199, 200, 201, 202, 203, 204, 205, 206, 207, 208, 209, 210, 211, 212, 213, 214, 215, 216, 217, 218, 219, 220, 221, 222, 223, 224, 225, 226, 227, 228, 229, 230, 231, 232, 233, 234, 235, 236, 237, 238, 239, 240, 241, 242, 243, 244, 245, 246, 247, 248, 249, 250, 251, 252, 253, 254, 255, 256, 257, 258, 259, 260, 261, 262, 263, 264, 265, 266, 267, 268, 269, 270, 271, 272, 273, 274, 275, 276, 277, 278, 279, 280, 281, 282, 283, 284, 285, 286, 287, 288, 289, 290, 291, 292, 293, 294, 295, 296, 297, 298, 299, 300, 301, 302, 303, 304, 305, 306, 307, 308, 309, 310, 311, 312, 313, 314, 315, 316, 317, 318, 319, 320, 321, 322, 323, 324, 325, 326, 327, 328, 329, 330, 331, 332, 333, 334, 335, 336, 337, 338, 339, 340, 341, 342, 343, 344, 345, 346, 347, 348, 349, 350, 351, 352, 353, 354, 355, 356, 357, 358, 359, 360, 361, 362, 363, 364, 365, 366, 367, 368, 369, 370, 371, 372, 373, 374, 375, 376, 377, 378, 379, 380, 381, 382, 383, 384, 385, 386, 387, 388, 389, 390, 391, 392, 393, 394, 395, 396, 397, 398, 399, 400, 401, 402, 403, 404, 405, 406, 407, 408, 409, 410, 411, 412, 413, 414, 415, 416, 417, 418, 419, 420, 421, 422, 423, 424, 425, 426, 427, 428, 429, 430, 431, 432, 433, 434, 435, 436, 437, 438, 439, 440, 441, 442, 443, 444, 445, 446, 447, 448, 449, 450, 451, 452, 453, 454, 455, 456, 457, 458, 459, 460, 461, 462, 463, 464, 465, 466, 467, 468, 469, 470, 471, 472, 473, 474, 475, 476, 477, 478, 479, 480, 481, 482, 483, 484, 485, 486, 487, 488, 489, 490, 491, 492, 493, 494, 495, 496, 497, 498, 499]
labeling = [0, 2, 4, 6, 3, 5, 7, 9, 11, 8, 10, 12, 14, 16, 13, 15, 17, 19, 21, 18, 20, 22, 23, 25, 24, 26, 27, 29, 28, 30, 31, 33, 32, 34, 35, 37, 36, 38, 39, 41, 40, 42, 43, 45, 44, 46, 47, 49, 48, 50, 51, 53, 52, 54, 55, 57, 56, 58, 59, 61, 60, 62, 63, 65, 64, 66, 67, 69, 68, 70, 71, 73, 72, 74, 75, 77, 76, 78, 79, 81, 83, 80, 82, 84, 86, 88, 85, 87, 89, 91, 93, 90, 92, 94, 96, 98, 95, 97, 99, 101, 100, 102, 104, 103, 105, 106, 108, 107, 109, 110, 112, 111, 113, 114, 116, 115, 117, 118, 120, 119, 121, 122, 124, 123, 125, 126, 128, 127, 129, 130, 132, 131, 133, 134, 136, 135, 137, 138, 140, 139, 141, 142, 144, 143, 145, 146, 148, 147, 149, 150, 152, 151, 153, 154, 156, 155, 157, 158, 160, 162, 159, 161, 163, 165, 167, 164, 166, 168, 170, 172, 169, 171, 173, 175, 177, 174, 176, 178, 180, 182, 179, 181, 183, 185, 184, 186, 187, 189, 188, 190, 191, 193, 192, 194, 195, 197, 196, 198, 199, 201, 200, 202, 203, 205, 204, 206, 207, 209, 208, 210, 211, 213, 212, 214, 215, 217, 216, 218, 219, 221, 220, 222, 223, 225, 224, 226, 227, 229, 228, 230, 231, 233, 232, 234, 235, 237, 236, 238, 239, 241, 243, 240, 242, 244, 246, 248, 245, 247, 249, 251, 253, 250, 252, 254, 256, 258, 255, 257, 259, 261, 260, 262, 264, 263, 265, 266, 268, 267, 269, 270, 272, 271, 273, 274, 276, 275, 277, 278, 280, 279, 281, 282, 284, 283, 285, 286, 288, 287, 289, 290, 292, 291, 293, 294, 296, 295, 297, 298, 300, 299, 301, 302, 304, 303, 305, 306, 308, 307, 309, 310, 312, 311, 313, 314, 316, 315, 317, 318, 320, 322, 319, 321, 323, 325, 327, 324, 326, 328, 330, 332, 329, 331, 333, 335, 334, 336, 337, 338, 339, 340, 341, 342, 343, 1, 344, 2, 345, 1, 346, 2, 347, 1, 348, 2, 349, 1, 350, 2, 351, 1, 352, 2, 353, 1, 354, 2, 355, 1, 356, 2, 357, 1, 358, 2, 359, 1, 360, 2, 361, 1, 362, 2, 363, 1, 364, 2, 365, 1, 366, 2, 367, 1, 368, 2, 369, 1, 370, 2, 371, 372, 373, 374, 375, 376, 377, 378, 379, 380, 381, 382, 383, 384, 385, 386, 387, 388, 389, 390, 391, 392, 393, 394, 2, 395, 3, 396, 4, 397, 3, 398, 4, 399, 3, 400, 4, 401, 3, 402, 4, 403, 3, 404, 4, 405, 3, 406, 4, 407, 3, 408, 4, 409, 3, 410, 4, 411, 3, 412, 4, 413, 3, 414, 4, 415, 3, 416, 4, 417, 3, 418, 4, 419, 3, 420, 4, 421, 3, 422, 423, 424, 425, 426, 427, 428, 429, 430, 431, 432, 433, 434, 435, 436, 437, 438, 439, 440, 441, 442, 443, 444]
convergência = [444, 444, 444, 444, 444, 444, 444, 444, 444, 444, 444, 444, 444, 444, 444, 444, 444, 444, 444, 444, 444, 444, 444, 444, 444, 444, 444, 444, 444, 444, 444, 444, 444, 444, 444, 444, 444, 444, 444, 444, 444, 444, 444, 444, 444, 444, 444, 444, 444, 444, 444, 444, 444]
================================

----- Melhor execução -----
Span (lambda): 444
best_order = [0, 1, 2, 3, 4, 5, 6, 7, 8, 9, 10, 11, 12, 13, 14, 15, 16, 17, 18, 19, 20, 21, 22, 23, 24, 25, 26, 27, 28, 29, 30, 31, 32, 33, 34, 35, 36, 37, 38, 39, 40, 41, 42, 43, 44, 45, 46, 47, 48, 49, 50, 51, 52, 53, 54, 55, 56, 57, 58, 59, 60, 61, 62, 63, 64, 65, 66, 67, 68, 69, 70, 71, 72, 73, 74, 75, 76, 77, 78, 79, 80, 81, 82, 83, 84, 85, 86, 87, 88, 89, 90, 91, 92, 93, 94, 95, 96, 97, 98, 99, 100, 101, 102, 103, 104, 105, 106, 107, 108, 109, 110, 111, 112, 113, 114, 115, 116, 117, 118, 119, 120, 121, 122, 123, 124, 125, 126, 127, 128, 129, 130, 131, 132, 133, 134, 135, 136, 137, 138, 139, 140, 141, 142, 143, 144, 145, 146, 147, 148, 149, 150, 151, 152, 153, 154, 155, 156, 157, 158, 159, 160, 161, 162, 163, 164, 165, 166, 167, 168, 169, 170, 171, 172, 173, 174, 175, 176, 177, 178, 179, 180, 181, 182, 183, 184, 185, 186, 187, 188, 189, 190, 191, 192, 193, 194, 195, 196, 197, 198, 199, 200, 201, 202, 203, 204, 205, 206, 207, 208, 209, 210, 211, 212, 213, 214, 215, 216, 217, 218, 219, 220, 221, 222, 223, 224, 225, 226, 227, 228, 229, 230, 231, 232, 233, 234, 235, 236, 237, 238, 239, 240, 241, 242, 243, 244, 245, 246, 247, 248, 249, 250, 251, 252, 253, 254, 255, 256, 257, 258, 259, 260, 261, 262, 263, 264, 265, 266, 267, 268, 269, 270, 271, 272, 273, 274, 275, 276, 277, 278, 279, 280, 281, 282, 283, 284, 285, 286, 287, 288, 289, 290, 291, 292, 293, 294, 295, 296, 297, 298, 299, 300, 301, 302, 303, 304, 305, 306, 307, 308, 309, 310, 311, 312, 313, 314, 315, 316, 317, 318, 319, 320, 321, 322, 323, 324, 325, 326, 327, 328, 329, 330, 331, 332, 333, 334, 335, 336, 337, 338, 339, 340, 341, 342, 343, 344, 345, 346, 347, 348, 349, 350, 351, 352, 353, 354, 355, 356, 357, 358, 359, 360, 361, 362, 363, 364, 365, 366, 367, 368, 369, 370, 371, 372, 373, 374, 375, 376, 377, 378, 379, 380, 381, 382, 383, 384, 385, 386, 387, 388, 389, 390, 391, 392, 393, 394, 395, 396, 397, 398, 399, 400, 401, 402, 403, 404, 405, 406, 407, 408, 409, 410, 411, 412, 413, 414, 415, 416, 417, 418, 419, 420, 421, 422, 423, 424, 425, 426, 427, 428, 429, 430, 431, 432, 433, 434, 435, 436, 437, 438, 439, 440, 441, 442, 443, 444, 445, 446, 447, 448, 449, 450, 451, 452, 453, 454, 455, 456, 457, 458, 459, 460, 461, 462, 463, 464, 465, 466, 467, 468, 469, 470, 471, 472, 473, 474, 475, 476, 477, 478, 479, 480, 481, 482, 483, 484, 485, 486, 487, 488, 489, 490, 491, 492, 493, 494, 495, 496, 497, 498, 499]
labeling = [0, 2, 4, 6, 3, 5, 7, 9, 11, 8, 10, 12, 14, 16, 13, 15, 17, 19, 21, 18, 20, 22, 23, 25, 24, 26, 27, 29, 28, 30, 31, 33, 32, 34, 35, 37, 36, 38, 39, 41, 40, 42, 43, 45, 44, 46, 47, 49, 48, 50, 51, 53, 52, 54, 55, 57, 56, 58, 59, 61, 60, 62, 63, 65, 64, 66, 67, 69, 68, 70, 71, 73, 72, 74, 75, 77, 76, 78, 79, 81, 83, 80, 82, 84, 86, 88, 85, 87, 89, 91, 93, 90, 92, 94, 96, 98, 95, 97, 99, 101, 100, 102, 104, 103, 105, 106, 108, 107, 109, 110, 112, 111, 113, 114, 116, 115, 117, 118, 120, 119, 121, 122, 124, 123, 125, 126, 128, 127, 129, 130, 132, 131, 133, 134, 136, 135, 137, 138, 140, 139, 141, 142, 144, 143, 145, 146, 148, 147, 149, 150, 152, 151, 153, 154, 156, 155, 157, 158, 160, 162, 159, 161, 163, 165, 167, 164, 166, 168, 170, 172, 169, 171, 173, 175, 177, 174, 176, 178, 180, 182, 179, 181, 183, 185, 184, 186, 187, 189, 188, 190, 191, 193, 192, 194, 195, 197, 196, 198, 199, 201, 200, 202, 203, 205, 204, 206, 207, 209, 208, 210, 211, 213, 212, 214, 215, 217, 216, 218, 219, 221, 220, 222, 223, 225, 224, 226, 227, 229, 228, 230, 231, 233, 232, 234, 235, 237, 236, 238, 239, 241, 243, 240, 242, 244, 246, 248, 245, 247, 249, 251, 253, 250, 252, 254, 256, 258, 255, 257, 259, 261, 260, 262, 264, 263, 265, 266, 268, 267, 269, 270, 272, 271, 273, 274, 276, 275, 277, 278, 280, 279, 281, 282, 284, 283, 285, 286, 288, 287, 289, 290, 292, 291, 293, 294, 296, 295, 297, 298, 300, 299, 301, 302, 304, 303, 305, 306, 308, 307, 309, 310, 312, 311, 313, 314, 316, 315, 317, 318, 320, 322, 319, 321, 323, 325, 327, 324, 326, 328, 330, 332, 329, 331, 333, 335, 334, 336, 337, 338, 339, 340, 341, 342, 343, 1, 344, 2, 345, 1, 346, 2, 347, 1, 348, 2, 349, 1, 350, 2, 351, 1, 352, 2, 353, 1, 354, 2, 355, 1, 356, 2, 357, 1, 358, 2, 359, 1, 360, 2, 361, 1, 362, 2, 363, 1, 364, 2, 365, 1, 366, 2, 367, 1, 368, 2, 369, 1, 370, 2, 371, 372, 373, 374, 375, 376, 377, 378, 379, 380, 381, 382, 383, 384, 385, 386, 387, 388, 389, 390, 391, 392, 393, 394, 2, 395, 3, 396, 4, 397, 3, 398, 4, 399, 3, 400, 4, 401, 3, 402, 4, 403, 3, 404, 4, 405, 3, 406, 4, 407, 3, 408, 4, 409, 3, 410, 4, 411, 3, 412, 4, 413, 3, 414, 4, 415, 3, 416, 4, 417, 3, 418, 4, 419, 3, 420, 4, 421, 3, 422, 423, 424, 425, 426, 427, 428, 429, 430, 431, 432, 433, 434, 435, 436, 437, 438, 439, 440, 441, 442, 443, 444]
