===== RESULTADO GA L(2,1) =====
Arquivo: /Users/mateuspedrosa/Documents/TCC-II/BOGA/data/NR_DIMACS_cleaned/C250-9_clean.mtx (undirected)
Crossover: cx | Mutação: em | pop=30 | gens=53 | mut=0.446 | cr=0.5724 | runs=1 | max-stagt=1031

----- Execução #1 -----
Span (lambda): 250
Parada: TIME_LIMIT (geração 2)
best_order = [0, 1, 2, 3, 4, 5, 6, 7, 8, 9, 10, 11, 12, 13, 14, 15, 16, 17, 18, 19, 20, 21, 22, 23, 24, 25, 26, 27, 28, 29, 30, 31, 32, 33, 34, 35, 36, 37, 38, 39, 40, 41, 42, 43, 44, 45, 46, 47, 48, 49, 50, 51, 52, 53, 54, 55, 56, 57, 58, 59, 60, 61, 62, 63, 64, 65, 66, 67, 68, 69, 70, 71, 72, 73, 74, 75, 76, 77, 78, 79, 80, 81, 82, 83, 84, 85, 86, 87, 88, 89, 90, 91, 92, 93, 94, 95, 96, 97, 98, 99, 100, 101, 102, 103, 104, 105, 106, 107, 108, 109, 110, 111, 112, 113, 114, 115, 116, 117, 118, 119, 120, 121, 122, 123, 124, 125, 126, 127, 128, 129, 130, 131, 132, 133, 134, 135, 136, 137, 138, 139, 140, 141, 142, 143, 144, 145, 146, 147, 148, 149, 150, 151, 152, 153, 154, 155, 156, 157, 158, 159, 160, 161, 162, 163, 164, 165, 166, 167, 168, 169, 170, 171, 172, 173, 174, 175, 176, 177, 178, 179, 180, 181, 182, 183, 184, 185, 186, 187, 188, 189, 190, 191, 192, 193, 194, 195, 196, 197, 198, 199, 200, 201, 202, 203, 204, 205, 206, 207, 208, 209, 210, 211, 212, 213, 214, 215, 216, 217, 218, 219, 220, 221, 222, 223, 224, 225, 226, 227, 228, 229, 230, 231, 232, 233, 234, 235, 236, 237, 238, 239, 240, 241, 242, 243, 244, 245, 246, 247, 248, 249]
labeling = [0, 2, 3, 5, 6, 8, 4, 10, 11, 13, 15, 17, 19, 20, 7, 22, 24, 23, 26, 28, 27, 30, 32, 25, 34, 21, 16, 36, 38, 40, 12, 33, 42, 37, 44, 9, 29, 45, 47, 18, 14, 49, 39, 43, 50, 51, 35, 52, 31, 54, 46, 56, 58, 53, 60, 41, 62, 48, 55, 64, 66, 57, 67, 68, 70, 65, 71, 72, 74, 59, 76, 78, 80, 73, 61, 81, 82, 84, 86, 75, 63, 87, 89, 90, 83, 92, 93, 95, 96, 98, 94, 79, 100, 101, 69, 102, 104, 106, 107, 109, 85, 111, 91, 113, 88, 115, 110, 103, 117, 77, 112, 105, 119, 120, 122, 97, 124, 99, 116, 125, 127, 129, 131, 133, 132, 114, 130, 126, 121, 135, 137, 134, 139, 141, 136, 118, 138, 143, 145, 123, 146, 148, 149, 150, 151, 153, 154, 155, 157, 152, 158, 160, 147, 140, 108, 162, 164, 165, 167, 128, 169, 171, 159, 173, 175, 142, 161, 166, 163, 174, 144, 176, 170, 177, 178, 156, 179, 180, 181, 182, 172, 168, 183, 184, 185, 186, 187, 188, 189, 190, 191, 192, 193, 194, 195, 196, 197, 198, 199, 200, 201, 202, 203, 204, 205, 206, 207, 208, 209, 210, 211, 212, 213, 214, 215, 216, 217, 218, 219, 220, 221, 222, 223, 224, 225, 226, 227, 228, 229, 230, 231, 232, 233, 234, 235, 236, 237, 238, 239, 240, 241, 242, 243, 244, 245, 246, 247, 248, 249, 250]
convergência = [250, 250]
================================

----- Melhor execução -----
Span (lambda): 250
best_order = [0, 1, 2, 3, 4, 5, 6, 7, 8, 9, 10, 11, 12, 13, 14, 15, 16, 17, 18, 19, 20, 21, 22, 23, 24, 25, 26, 27, 28, 29, 30, 31, 32, 33, 34, 35, 36, 37, 38, 39, 40, 41, 42, 43, 44, 45, 46, 47, 48, 49, 50, 51, 52, 53, 54, 55, 56, 57, 58, 59, 60, 61, 62, 63, 64, 65, 66, 67, 68, 69, 70, 71, 72, 73, 74, 75, 76, 77, 78, 79, 80, 81, 82, 83, 84, 85, 86, 87, 88, 89, 90, 91, 92, 93, 94, 95, 96, 97, 98, 99, 100, 101, 102, 103, 104, 105, 106, 107, 108, 109, 110, 111, 112, 113, 114, 115, 116, 117, 118, 119, 120, 121, 122, 123, 124, 125, 126, 127, 128, 129, 130, 131, 132, 133, 134, 135, 136, 137, 138, 139, 140, 141, 142, 143, 144, 145, 146, 147, 148, 149, 150, 151, 152, 153, 154, 155, 156, 157, 158, 159, 160, 161, 162, 163, 164, 165, 166, 167, 168, 169, 170, 171, 172, 173, 174, 175, 176, 177, 178, 179, 180, 181, 182, 183, 184, 185, 186, 187, 188, 189, 190, 191, 192, 193, 194, 195, 196, 197, 198, 199, 200, 201, 202, 203, 204, 205, 206, 207, 208, 209, 210, 211, 212, 213, 214, 215, 216, 217, 218, 219, 220, 221, 222, 223, 224, 225, 226, 227, 228, 229, 230, 231, 232, 233, 234, 235, 236, 237, 238, 239, 240, 241, 242, 243, 244, 245, 246, 247, 248, 249]
labeling = [0, 2, 3, 5, 6, 8, 4, 10, 11, 13, 15, 17, 19, 20, 7, 22, 24, 23, 26, 28, 27, 30, 32, 25, 34, 21, 16, 36, 38, 40, 12, 33, 42, 37, 44, 9, 29, 45, 47, 18, 14, 49, 39, 43, 50, 51, 35, 52, 31, 54, 46, 56, 58, 53, 60, 41, 62, 48, 55, 64, 66, 57, 67, 68, 70, 65, 71, 72, 74, 59, 76, 78, 80, 73, 61, 81, 82, 84, 86, 75, 63, 87, 89, 90, 83, 92, 93, 95, 96, 98, 94, 79, 100, 101, 69, 102, 104, 106, 107, 109, 85, 111, 91, 113, 88, 115, 110, 103, 117, 77, 112, 105, 119, 120, 122, 97, 124, 99, 116, 125, 127, 129, 131, 133, 132, 114, 130, 126, 121, 135, 137, 134, 139, 141, 136, 118, 138, 143, 145, 123, 146, 148, 149, 150, 151, 153, 154, 155, 157, 152, 158, 160, 147, 140, 108, 162, 164, 165, 167, 128, 169, 171, 159, 173, 175, 142, 161, 166, 163, 174, 144, 176, 170, 177, 178, 156, 179, 180, 181, 182, 172, 168, 183, 184, 185, 186, 187, 188, 189, 190, 191, 192, 193, 194, 195, 196, 197, 198, 199, 200, 201, 202, 203, 204, 205, 206, 207, 208, 209, 210, 211, 212, 213, 214, 215, 216, 217, 218, 219, 220, 221, 222, 223, 224, 225, 226, 227, 228, 229, 230, 231, 232, 233, 234, 235, 236, 237, 238, 239, 240, 241, 242, 243, 244, 245, 246, 247, 248, 249, 250]
