===== RESULTADO GA L(2,1) =====
Arquivo: /Users/mateuspedrosa/Documents/TCC-II/BOGA/data/Harwell-Boeing_cleaned/can_73_clean.mtx (undirected)
Crossover: cx | Mutação: em | pop=30 | gens=53 | mut=0.446 | cr=0.5724 | runs=1 | max-stagt=1031

----- Execução #1 -----
Span (lambda): 48
Parada: MAX_GENS (geração 53)
best_order = [0, 1, 2, 3, 4, 5, 6, 7, 8, 9, 10, 11, 12, 13, 14, 15, 16, 17, 18, 19, 20, 21, 22, 23, 24, 25, 26, 27, 28, 29, 30, 31, 32, 33, 34, 35, 36, 37, 38, 39, 40, 41, 42, 43, 44, 45, 46, 47, 48, 49, 50, 51, 52, 53, 54, 55, 56, 57, 58, 59, 60, 61, 62, 63, 64, 65, 66, 67, 68, 69, 70, 71, 72]
labeling = [0, 2, 3, 5, 4, 6, 7, 9, 8, 10, 11, 13, 12, 14, 15, 16, 17, 18, 1, 19, 1, 20, 1, 21, 22, 23, 1, 24, 25, 26, 2, 27, 28, 29, 2, 30, 31, 32, 34, 33, 1, 35, 2, 36, 1, 37, 1, 38, 40, 39, 41, 2, 42, 43, 44, 2, 45, 46, 47, 1, 48, 0, 0, 0, 0, 0, 0, 0, 0, 0, 0, 0, 0]
convergência = [48, 48, 48, 48, 48, 48, 48, 48, 48, 48, 48, 48, 48, 48, 48, 48, 48, 48, 48, 48, 48, 48, 48, 48, 48, 48, 48, 48, 48, 48, 48, 48, 48, 48, 48, 48, 48, 48, 48, 48, 48, 48, 48, 48, 48, 48, 48, 48, 48, 48, 48, 48, 48]
================================

----- Melhor execução -----
Span (lambda): 48
best_order = [0, 1, 2, 3, 4, 5, 6, 7, 8, 9, 10, 11, 12, 13, 14, 15, 16, 17, 18, 19, 20, 21, 22, 23, 24, 25, 26, 27, 28, 29, 30, 31, 32, 33, 34, 35, 36, 37, 38, 39, 40, 41, 42, 43, 44, 45, 46, 47, 48, 49, 50, 51, 52, 53, 54, 55, 56, 57, 58, 59, 60, 61, 62, 63, 64, 65, 66, 67, 68, 69, 70, 71, 72]
labeling = [0, 2, 3, 5, 4, 6, 7, 9, 8, 10, 11, 13, 12, 14, 15, 16, 17, 18, 1, 19, 1, 20, 1, 21, 22, 23, 1, 24, 25, 26, 2, 27, 28, 29, 2, 30, 31, 32, 34, 33, 1, 35, 2, 36, 1, 37, 1, 38, 40, 39, 41, 2, 42, 43, 44, 2, 45, 46, 47, 1, 48, 0, 0, 0, 0, 0, 0, 0, 0, 0, 0, 0, 0]
