===== RESULTADO GA L(2,1) =====
Arquivo: /Users/mateuspedrosa/Documents/TCC-II/BOGA/data/Harwell-Boeing_cleaned/can_292_clean.mtx (undirected)
Crossover: cx | Mutação: em | pop=30 | gens=53 | mut=0.446 | cr=0.5724 | runs=1 | max-stagt=1031

----- Execução #1 -----
Span (lambda): 220
Parada: MAX_GENS (geração 53)
best_order = [0, 1, 2, 3, 4, 5, 6, 7, 8, 9, 10, 11, 12, 13, 14, 15, 16, 17, 18, 19, 20, 21, 22, 23, 24, 25, 26, 27, 28, 29, 30, 31, 32, 33, 34, 35, 36, 37, 38, 39, 40, 41, 42, 43, 44, 45, 46, 47, 48, 49, 50, 51, 52, 53, 54, 55, 56, 57, 58, 59, 60, 61, 62, 63, 64, 65, 66, 67, 68, 69, 70, 71, 72, 73, 74, 75, 76, 77, 78, 79, 80, 81, 82, 83, 84, 85, 86, 87, 88, 89, 90, 91, 92, 93, 94, 95, 96, 97, 98, 99, 100, 101, 102, 103, 104, 105, 106, 107, 108, 109, 110, 111, 112, 113, 114, 115, 116, 117, 118, 119, 120, 121, 122, 123, 124, 125, 126, 127, 128, 129, 130, 131, 132, 133, 134, 135, 136, 137, 138, 139, 140, 141, 142, 143, 144, 145, 146, 147, 148, 149, 150, 151, 152, 153, 154, 155, 156, 157, 158, 159, 160, 161, 162, 163, 164, 165, 166, 167, 168, 169, 170, 171, 172, 173, 174, 175, 176, 177, 178, 179, 180, 181, 182, 183, 184, 185, 186, 187, 188, 189, 190, 191, 192, 193, 194, 195, 196, 197, 198, 199, 200, 201, 202, 203, 204, 205, 206, 207, 208, 209, 210, 211, 212, 213, 214, 215, 216, 217, 218, 219, 220, 221, 222, 223, 224, 225, 226, 227, 228, 229, 230, 231, 232, 233, 234, 235, 236, 237, 238, 239, 240, 241, 242, 243, 244, 245, 246, 247, 248, 249, 250, 251, 252, 253, 254, 255, 256, 257, 258, 259, 260, 261, 262, 263, 264, 265, 266, 267, 268, 269, 270, 271, 272, 273, 274, 275, 276, 277, 278, 279, 280, 281, 282, 283, 284, 285, 286, 287, 288, 289, 290, 291]
labeling = [0, 2, 3, 4, 5, 6, 7, 8, 9, 11, 13, 10, 12, 14, 16, 18, 15, 17, 20, 22, 24, 19, 25, 27, 29, 21, 23, 31, 26, 28, 33, 35, 34, 30, 37, 32, 38, 39, 40, 42, 36, 41, 43, 45, 47, 44, 46, 48, 49, 50, 51, 52, 53, 54, 55, 56, 57, 58, 59, 60, 61, 62, 63, 64, 65, 67, 69, 66, 68, 71, 72, 73, 70, 74, 75, 77, 76, 78, 79, 81, 83, 80, 82, 85, 86, 87, 88, 90, 84, 89, 92, 91, 93, 94, 95, 96, 97, 98, 99, 100, 101, 102, 103, 104, 105, 106, 107, 108, 109, 110, 111, 112, 113, 115, 117, 114, 118, 119, 116, 120, 122, 121, 123, 124, 125, 126, 128, 130, 127, 129, 132, 133, 134, 131, 135, 137, 139, 138, 141, 136, 140, 142, 143, 144, 145, 146, 147, 148, 149, 150, 151, 152, 153, 154, 155, 156, 157, 158, 159, 160, 161, 162, 164, 166, 163, 167, 168, 165, 169, 171, 173, 170, 174, 175, 172, 176, 178, 180, 177, 181, 182, 179, 183, 184, 186, 188, 185, 190, 187, 189, 191, 192, 193, 194, 195, 196, 197, 198, 0, 0, 0, 0, 0, 0, 0, 0, 1, 199, 0, 0, 200, 201, 0, 0, 2, 202, 0, 0, 1, 203, 0, 0, 5, 204, 0, 0, 6, 205, 0, 0, 4, 206, 0, 0, 207, 208, 0, 0, 5, 209, 0, 0, 0, 0, 0, 0, 0, 0, 0, 0, 0, 0, 0, 1, 210, 0, 0, 211, 212, 0, 0, 2, 213, 0, 0, 1, 214, 0, 0, 2, 215, 0, 0, 3, 216, 0, 0, 1, 217, 0, 0, 218, 219, 0, 0, 2, 220, 0, 0, 0, 0, 0]
convergência = [220, 220, 220, 220, 220, 220, 220, 220, 220, 220, 220, 220, 220, 220, 220, 220, 220, 220, 220, 220, 220, 220, 220, 220, 220, 220, 220, 220, 220, 220, 220, 220, 220, 220, 220, 220, 220, 220, 220, 220, 220, 220, 220, 220, 220, 220, 220, 220, 220, 220, 220, 220, 220]
================================

----- Melhor execução -----
Span (lambda): 220
best_order = [0, 1, 2, 3, 4, 5, 6, 7, 8, 9, 10, 11, 12, 13, 14, 15, 16, 17, 18, 19, 20, 21, 22, 23, 24, 25, 26, 27, 28, 29, 30, 31, 32, 33, 34, 35, 36, 37, 38, 39, 40, 41, 42, 43, 44, 45, 46, 47, 48, 49, 50, 51, 52, 53, 54, 55, 56, 57, 58, 59, 60, 61, 62, 63, 64, 65, 66, 67, 68, 69, 70, 71, 72, 73, 74, 75, 76, 77, 78, 79, 80, 81, 82, 83, 84, 85, 86, 87, 88, 89, 90, 91, 92, 93, 94, 95, 96, 97, 98, 99, 100, 101, 102, 103, 104, 105, 106, 107, 108, 109, 110, 111, 112, 113, 114, 115, 116, 117, 118, 119, 120, 121, 122, 123, 124, 125, 126, 127, 128, 129, 130, 131, 132, 133, 134, 135, 136, 137, 138, 139, 140, 141, 142, 143, 144, 145, 146, 147, 148, 149, 150, 151, 152, 153, 154, 155, 156, 157, 158, 159, 160, 161, 162, 163, 164, 165, 166, 167, 168, 169, 170, 171, 172, 173, 174, 175, 176, 177, 178, 179, 180, 181, 182, 183, 184, 185, 186, 187, 188, 189, 190, 191, 192, 193, 194, 195, 196, 197, 198, 199, 200, 201, 202, 203, 204, 205, 206, 207, 208, 209, 210, 211, 212, 213, 214, 215, 216, 217, 218, 219, 220, 221, 222, 223, 224, 225, 226, 227, 228, 229, 230, 231, 232, 233, 234, 235, 236, 237, 238, 239, 240, 241, 242, 243, 244, 245, 246, 247, 248, 249, 250, 251, 252, 253, 254, 255, 256, 257, 258, 259, 260, 261, 262, 263, 264, 265, 266, 267, 268, 269, 270, 271, 272, 273, 274, 275, 276, 277, 278, 279, 280, 281, 282, 283, 284, 285, 286, 287, 288, 289, 290, 291]
labeling = [0, 2, 3, 4, 5, 6, 7, 8, 9, 11, 13, 10, 12, 14, 16, 18, 15, 17, 20, 22, 24, 19, 25, 27, 29, 21, 23, 31, 26, 28, 33, 35, 34, 30, 37, 32, 38, 39, 40, 42, 36, 41, 43, 45, 47, 44, 46, 48, 49, 50, 51, 52, 53, 54, 55, 56, 57, 58, 59, 60, 61, 62, 63, 64, 65, 67, 69, 66, 68, 71, 72, 73, 70, 74, 75, 77, 76, 78, 79, 81, 83, 80, 82, 85, 86, 87, 88, 90, 84, 89, 92, 91, 93, 94, 95, 96, 97, 98, 99, 100, 101, 102, 103, 104, 105, 106, 107, 108, 109, 110, 111, 112, 113, 115, 117, 114, 118, 119, 116, 120, 122, 121, 123, 124, 125, 126, 128, 130, 127, 129, 132, 133, 134, 131, 135, 137, 139, 138, 141, 136, 140, 142, 143, 144, 145, 146, 147, 148, 149, 150, 151, 152, 153, 154, 155, 156, 157, 158, 159, 160, 161, 162, 164, 166, 163, 167, 168, 165, 169, 171, 173, 170, 174, 175, 172, 176, 178, 180, 177, 181, 182, 179, 183, 184, 186, 188, 185, 190, 187, 189, 191, 192, 193, 194, 195, 196, 197, 198, 0, 0, 0, 0, 0, 0, 0, 0, 1, 199, 0, 0, 200, 201, 0, 0, 2, 202, 0, 0, 1, 203, 0, 0, 5, 204, 0, 0, 6, 205, 0, 0, 4, 206, 0, 0, 207, 208, 0, 0, 5, 209, 0, 0, 0, 0, 0, 0, 0, 0, 0, 0, 0, 0, 0, 1, 210, 0, 0, 211, 212, 0, 0, 2, 213, 0, 0, 1, 214, 0, 0, 2, 215, 0, 0, 3, 216, 0, 0, 1, 217, 0, 0, 218, 219, 0, 0, 2, 220, 0, 0, 0, 0, 0]
