===== RESULTADO GA L(2,1) =====
Arquivo: /Users/mateuspedrosa/Documents/TCC-II/BOGA/data/Harwell-Boeing_cleaned/can_1072_clean.mtx (undirected)
Crossover: cx | Mutação: em | pop=30 | gens=53 | mut=0.446 | cr=0.5724 | runs=1 | max-stagt=1031

----- Execução #1 -----
Span (lambda): 869
Parada: TIME_LIMIT (geração 35)
best_order = [0, 1, 2, 3, 4, 5, 6, 7, 8, 9, 10, 11, 12, 13, 14, 15, 16, 17, 18, 19, 20, 21, 22, 23, 24, 25, 26, 27, 28, 29, 30, 31, 32, 33, 34, 35, 36, 37, 38, 39, 40, 41, 42, 43, 44, 45, 46, 47, 48, 49, 50, 51, 52, 53, 54, 55, 56, 57, 58, 59, 60, 61, 62, 63, 64, 65, 66, 67, 68, 69, 70, 71, 72, 73, 74, 75, 76, 77, 78, 79, 80, 81, 82, 83, 84, 85, 86, 87, 88, 89, 90, 91, 92, 93, 94, 95, 96, 97, 98, 99, 100, 101, 102, 103, 104, 105, 106, 107, 108, 109, 110, 111, 112, 113, 114, 115, 116, 117, 118, 119, 120, 121, 122, 123, 124, 125, 126, 127, 128, 129, 130, 131, 132, 133, 134, 135, 136, 137, 138, 139, 140, 141, 142, 143, 144, 145, 146, 147, 148, 149, 150, 151, 152, 153, 154, 155, 156, 157, 158, 159, 160, 161, 162, 163, 164, 165, 166, 167, 168, 169, 170, 171, 172, 173, 174, 175, 176, 177, 178, 179, 180, 181, 182, 183, 184, 185, 186, 187, 188, 189, 190, 191, 192, 193, 194, 195, 196, 197, 198, 199, 200, 201, 202, 203, 204, 205, 206, 207, 208, 209, 210, 211, 212, 213, 214, 215, 216, 217, 218, 219, 220, 221, 222, 223, 224, 225, 226, 227, 228, 229, 230, 231, 232, 233, 234, 235, 236, 237, 238, 239, 240, 241, 242, 243, 244, 245, 246, 247, 248, 249, 250, 251, 252, 253, 254, 255, 256, 257, 258, 259, 260, 261, 262, 263, 264, 265, 266, 267, 268, 269, 270, 271, 272, 273, 274, 275, 276, 277, 278, 279, 280, 281, 282, 283, 284, 285, 286, 287, 288, 289, 290, 291, 292, 293, 294, 295, 296, 297, 298, 299, 300, 301, 302, 303, 304, 305, 306, 307, 308, 309, 310, 311, 312, 313, 314, 315, 316, 317, 318, 319, 320, 321, 322, 323, 324, 325, 326, 327, 328, 329, 330, 331, 332, 333, 334, 335, 336, 337, 338, 339, 340, 341, 342, 343, 344, 345, 346, 347, 348, 349, 350, 351, 352, 353, 354, 355, 356, 357, 358, 359, 360, 361, 362, 363, 364, 365, 366, 367, 368, 369, 370, 371, 372, 373, 374, 375, 376, 377, 378, 379, 380, 381, 382, 383, 384, 385, 386, 387, 388, 389, 390, 391, 392, 393, 394, 395, 396, 397, 398, 399, 400, 401, 402, 403, 404, 405, 406, 407, 408, 409, 410, 411, 412, 413, 414, 415, 416, 417, 418, 419, 420, 421, 422, 423, 424, 425, 426, 427, 428, 429, 430, 431, 432, 433, 434, 435, 436, 437, 438, 439, 440, 441, 442, 443, 444, 445, 446, 447, 448, 449, 450, 451, 452, 453, 454, 455, 456, 457, 458, 459, 460, 461, 462, 463, 464, 465, 466, 467, 468, 469, 470, 471, 472, 473, 474, 475, 476, 477, 478, 479, 480, 481, 482, 483, 484, 485, 486, 487, 488, 489, 490, 491, 492, 493, 494, 495, 496, 497, 498, 499, 500, 501, 502, 503, 504, 505, 506, 507, 508, 509, 510, 511, 512, 513, 514, 515, 516, 517, 518, 519, 520, 521, 522, 523, 524, 525, 526, 527, 528, 529, 530, 531, 532, 533, 534, 535, 536, 537, 538, 539, 540, 541, 542, 543, 544, 545, 546, 547, 548, 549, 550, 551, 552, 553, 554, 555, 556, 557, 558, 559, 560, 561, 562, 563, 564, 565, 566, 567, 568, 569, 570, 571, 572, 573, 574, 575, 576, 577, 578, 579, 580, 581, 582, 583, 584, 585, 586, 587, 588, 589, 590, 591, 592, 593, 594, 595, 596, 597, 598, 599, 600, 601, 602, 603, 604, 605, 606, 607, 608, 609, 610, 611, 612, 613, 614, 615, 616, 617, 618, 619, 620, 621, 622, 623, 624, 625, 626, 627, 628, 629, 630, 631, 632, 633, 634, 635, 636, 637, 638, 639, 640, 641, 642, 643, 644, 645, 646, 647, 648, 649, 650, 651, 652, 653, 654, 655, 656, 657, 658, 659, 660, 661, 662, 663, 664, 665, 666, 667, 668, 669, 670, 671, 672, 673, 674, 675, 676, 677, 678, 679, 680, 681, 682, 683, 684, 685, 686, 687, 688, 689, 690, 691, 692, 693, 694, 695, 696, 697, 698, 699, 700, 701, 702, 703, 704, 705, 706, 707, 708, 709, 710, 711, 712, 713, 714, 715, 716, 717, 718, 719, 720, 721, 722, 723, 724, 725, 726, 727, 728, 729, 730, 731, 732, 733, 734, 735, 736, 737, 738, 739, 740, 741, 742, 743, 744, 745, 746, 747, 748, 749, 750, 751, 752, 753, 754, 755, 756, 757, 758, 759, 760, 761, 762, 763, 764, 765, 766, 767, 768, 769, 770, 771, 772, 773, 774, 775, 776, 777, 778, 779, 780, 781, 782, 783, 784, 785, 786, 787, 788, 789, 790, 791, 792, 793, 794, 795, 796, 797, 798, 799, 800, 801, 802, 803, 804, 805, 806, 807, 808, 809, 810, 811, 812, 813, 814, 815, 816, 817, 818, 819, 820, 821, 822, 823, 824, 825, 826, 827, 828, 829, 830, 831, 832, 833, 834, 835, 836, 837, 838, 839, 840, 841, 842, 843, 844, 845, 846, 847, 848, 849, 850, 851, 852, 853, 854, 855, 856, 857, 858, 859, 860, 861, 862, 863, 864, 865, 866, 867, 868, 869, 870, 871, 872, 873, 874, 875, 876, 877, 878, 879, 880, 881, 882, 883, 884, 885, 886, 887, 888, 889, 890, 891, 892, 893, 894, 895, 896, 897, 898, 899, 900, 901, 902, 903, 904, 905, 906, 907, 908, 909, 910, 911, 912, 913, 914, 915, 916, 917, 918, 919, 920, 921, 922, 923, 924, 925, 926, 927, 928, 929, 930, 931, 932, 933, 934, 935, 936, 937, 938, 939, 940, 941, 942, 943, 944, 945, 946, 947, 948, 949, 950, 951, 952, 953, 954, 955, 956, 957, 958, 959, 960, 961, 962, 963, 964, 965, 966, 967, 968, 969, 970, 971, 972, 973, 974, 975, 976, 977, 978, 979, 980, 981, 982, 983, 984, 985, 986, 987, 988, 989, 990, 991, 992, 993, 994, 995, 996, 997, 998, 999, 1000, 1001, 1002, 1003, 1004, 1005, 1006, 1007, 1008, 1009, 1010, 1011, 1012, 1013, 1014, 1015, 1016, 1017, 1018, 1019, 1020, 1021, 1022, 1023, 1024, 1025, 1026, 1027, 1028, 1029, 1030, 1031, 1032, 1033, 1034, 1035, 1036, 1037, 1038, 1039, 1040, 1041, 1042, 1043, 1044, 1045, 1046, 1047, 1048, 1049, 1050, 1051, 1052, 1053, 1054, 1055, 1056, 1057, 1058, 1059, 1060, 1061, 1062, 1063, 1064, 1065, 1066, 1067, 1068, 1069, 1070, 1071]
labeling = [0, 2, 4, 3, 5, 7, 6, 8, 10, 11, 13, 12, 9, 15, 14, 17, 19, 21, 18, 16, 20, 23, 25, 26, 22, 24, 27, 29, 28, 31, 30, 33, 35, 36, 37, 32, 34, 38, 40, 41, 43, 42, 39, 44, 46, 45, 47, 48, 50, 52, 49, 54, 51, 53, 55, 57, 59, 56, 58, 60, 61, 62, 64, 66, 63, 65, 68, 67, 69, 71, 73, 70, 72, 74, 75, 76, 78, 77, 79, 80, 81, 83, 84, 82, 86, 88, 85, 87, 89, 90, 92, 93, 91, 95, 97, 94, 96, 99, 98, 101, 102, 100, 103, 104, 105, 107, 106, 108, 109, 110, 111, 112, 114, 113, 115, 116, 118, 120, 117, 119, 122, 121, 123, 125, 127, 124, 126, 128, 129, 130, 132, 134, 131, 133, 136, 135, 137, 139, 141, 138, 143, 140, 145, 142, 144, 146, 148, 150, 147, 149, 151, 153, 155, 152, 154, 156, 158, 160, 157, 159, 161, 163, 165, 162, 164, 166, 167, 168, 170, 172, 174, 169, 171, 173, 175, 176, 178, 180, 182, 177, 179, 181, 183, 184, 186, 188, 190, 185, 191, 187, 189, 192, 194, 193, 195, 196, 198, 200, 197, 202, 199, 201, 203, 205, 204, 206, 207, 208, 210, 212, 209, 214, 211, 213, 215, 217, 216, 218, 219, 220, 222, 224, 221, 226, 223, 225, 227, 229, 228, 230, 231, 232, 234, 236, 233, 238, 235, 237, 239, 241, 240, 242, 243, 244, 246, 245, 247, 249, 248, 251, 250, 252, 254, 253, 256, 255, 258, 257, 259, 261, 260, 263, 262, 264, 266, 268, 265, 269, 270, 267, 271, 273, 272, 275, 274, 276, 278, 279, 277, 281, 280, 282, 284, 286, 283, 285, 287, 289, 288, 290, 292, 294, 291, 293, 295, 297, 296, 298, 300, 302, 299, 304, 301, 303, 305, 307, 309, 311, 306, 308, 313, 310, 312, 315, 314, 317, 319, 316, 321, 318, 320, 322, 323, 325, 326, 328, 324, 329, 327, 330, 331, 333, 335, 332, 334, 336, 338, 337, 340, 339, 341, 343, 342, 344, 345, 346, 348, 350, 347, 351, 352, 349, 354, 353, 355, 357, 359, 358, 360, 356, 362, 364, 365, 361, 367, 363, 366, 369, 368, 370, 372, 371, 373, 375, 374, 377, 379, 376, 378, 381, 380, 383, 382, 384, 385, 386, 388, 387, 389, 390, 392, 394, 391, 396, 393, 395, 398, 397, 399, 401, 400, 402, 403, 404, 406, 408, 405, 409, 410, 407, 411, 413, 412, 415, 417, 414, 418, 416, 419, 420, 421, 422, 424, 425, 426, 423, 428, 427, 429, 430, 432, 431, 433, 434, 436, 438, 435, 437, 440, 442, 443, 439, 441, 444, 445, 447, 448, 449, 446, 450, 451, 453, 452, 454, 455, 457, 459, 456, 458, 460, 461, 463, 465, 462, 464, 467, 466, 469, 471, 468, 472, 473, 470, 474, 476, 478, 475, 480, 477, 479, 481, 482, 484, 483, 485, 486, 488, 487, 489, 490, 492, 491, 493, 494, 496, 495, 497, 498, 500, 502, 499, 501, 503, 504, 506, 505, 507, 508, 509, 511, 513, 510, 514, 512, 515, 516, 518, 520, 517, 521, 519, 522, 523, 525, 527, 528, 526, 524, 529, 531, 533, 530, 532, 534, 535, 537, 539, 536, 540, 541, 538, 542, 544, 546, 543, 548, 545, 549, 547, 550, 551, 552, 553, 555, 554, 556, 557, 558, 559, 560, 561, 562, 563, 564, 565, 566, 567, 568, 570, 569, 571, 573, 572, 574, 576, 575, 577, 578, 580, 582, 583, 579, 581, 584, 586, 587, 588, 585, 590, 592, 589, 591, 593, 595, 596, 594, 597, 598, 599, 600, 602, 604, 605, 606, 601, 603, 607, 608, 609, 610, 612, 613, 611, 614, 615, 616, 617, 619, 621, 622, 623, 618, 620, 624, 625, 626, 627, 628, 630, 631, 629, 632, 633, 634, 635, 637, 636, 638, 639, 641, 640, 642, 643, 645, 644, 646, 647, 648, 649, 650, 651, 652, 653, 654, 655, 656, 657, 658, 659, 660, 661, 662, 663, 664, 665, 666, 667, 668, 669, 670, 671, 672, 673, 674, 675, 676, 677, 678, 679, 680, 681, 682, 683, 684, 685, 686, 687, 688, 689, 690, 691, 692, 693, 694, 695, 696, 697, 698, 699, 700, 701, 702, 1, 703, 704, 705, 706, 707, 708, 709, 710, 711, 712, 1, 713, 714, 715, 716, 717, 1, 718, 719, 720, 721, 722, 723, 724, 725, 726, 0, 727, 728, 729, 0, 1, 0, 730, 0, 731, 0, 732, 0, 733, 0, 1, 0, 734, 0, 735, 0, 736, 0, 1, 0, 1, 0, 737, 738, 0, 0, 739, 0, 740, 741, 0, 0, 742, 0, 743, 744, 0, 0, 2, 0, 745, 746, 0, 0, 1, 0, 747, 748, 0, 0, 749, 0, 2, 750, 0, 0, 751, 0, 752, 1, 0, 0, 753, 0, 754, 755, 0, 0, 756, 0, 757, 758, 0, 0, 759, 0, 760, 761, 0, 0, 2, 0, 762, 3, 0, 0, 763, 0, 764, 765, 0, 0, 766, 0, 767, 3, 0, 0, 768, 2, 0, 0, 769, 3, 0, 0, 770, 3, 0, 0, 771, 772, 0, 2, 773, 0, 0, 0, 774, 775, 0, 0, 776, 3, 0, 0, 777, 778, 0, 2, 779, 0, 0, 0, 780, 2, 0, 0, 781, 1, 0, 0, 782, 783, 1, 784, 2, 785, 0, 0, 0, 0, 786, 787, 1, 788, 789, 1, 790, 1, 791, 792, 793, 1, 0, 794, 6, 0, 0, 0, 2, 0, 795, 3, 796, 0, 0, 797, 0, 4, 798, 3, 0, 0, 799, 0, 5, 800, 6, 0, 0, 801, 0, 802, 1, 0, 0, 0, 0, 0, 0, 0, 0, 0, 803, 1, 804, 2, 805, 806, 2, 0, 0, 0, 807, 0, 3, 808, 0, 0, 0, 809, 2, 810, 0, 3, 811, 0, 0, 0, 2, 812, 3, 0, 813, 4, 814, 0, 0, 2, 0, 815, 5, 816, 0, 0, 817, 0, 818, 1, 0, 819, 0, 820, 1, 0, 821, 0, 822, 823, 824, 825, 2, 0, 4, 0, 0, 0, 0, 0, 0, 0, 0, 0, 0, 0, 0, 0, 0, 0, 0, 0, 826, 827, 828, 829, 1, 830, 1, 831, 832, 833, 834, 835, 836, 837, 838, 1, 839, 840, 841, 842, 1, 843, 2, 844, 845, 2, 846, 847, 848, 849, 2, 850, 3, 851, 4, 852, 853, 854, 855, 856, 857, 858, 859, 860, 861, 862, 4, 1, 0, 863, 864, 865, 866, 867, 868, 869]
convergência = [869, 869, 869, 869, 869, 869, 869, 869, 869, 869, 869, 869, 869, 869, 869, 869, 869, 869, 869, 869, 869, 869, 869, 869, 869, 869, 869, 869, 869, 869, 869, 869, 869, 869, 869]
================================

----- Melhor execução -----
Span (lambda): 869
best_order = [0, 1, 2, 3, 4, 5, 6, 7, 8, 9, 10, 11, 12, 13, 14, 15, 16, 17, 18, 19, 20, 21, 22, 23, 24, 25, 26, 27, 28, 29, 30, 31, 32, 33, 34, 35, 36, 37, 38, 39, 40, 41, 42, 43, 44, 45, 46, 47, 48, 49, 50, 51, 52, 53, 54, 55, 56, 57, 58, 59, 60, 61, 62, 63, 64, 65, 66, 67, 68, 69, 70, 71, 72, 73, 74, 75, 76, 77, 78, 79, 80, 81, 82, 83, 84, 85, 86, 87, 88, 89, 90, 91, 92, 93, 94, 95, 96, 97, 98, 99, 100, 101, 102, 103, 104, 105, 106, 107, 108, 109, 110, 111, 112, 113, 114, 115, 116, 117, 118, 119, 120, 121, 122, 123, 124, 125, 126, 127, 128, 129, 130, 131, 132, 133, 134, 135, 136, 137, 138, 139, 140, 141, 142, 143, 144, 145, 146, 147, 148, 149, 150, 151, 152, 153, 154, 155, 156, 157, 158, 159, 160, 161, 162, 163, 164, 165, 166, 167, 168, 169, 170, 171, 172, 173, 174, 175, 176, 177, 178, 179, 180, 181, 182, 183, 184, 185, 186, 187, 188, 189, 190, 191, 192, 193, 194, 195, 196, 197, 198, 199, 200, 201, 202, 203, 204, 205, 206, 207, 208, 209, 210, 211, 212, 213, 214, 215, 216, 217, 218, 219, 220, 221, 222, 223, 224, 225, 226, 227, 228, 229, 230, 231, 232, 233, 234, 235, 236, 237, 238, 239, 240, 241, 242, 243, 244, 245, 246, 247, 248, 249, 250, 251, 252, 253, 254, 255, 256, 257, 258, 259, 260, 261, 262, 263, 264, 265, 266, 267, 268, 269, 270, 271, 272, 273, 274, 275, 276, 277, 278, 279, 280, 281, 282, 283, 284, 285, 286, 287, 288, 289, 290, 291, 292, 293, 294, 295, 296, 297, 298, 299, 300, 301, 302, 303, 304, 305, 306, 307, 308, 309, 310, 311, 312, 313, 314, 315, 316, 317, 318, 319, 320, 321, 322, 323, 324, 325, 326, 327, 328, 329, 330, 331, 332, 333, 334, 335, 336, 337, 338, 339, 340, 341, 342, 343, 344, 345, 346, 347, 348, 349, 350, 351, 352, 353, 354, 355, 356, 357, 358, 359, 360, 361, 362, 363, 364, 365, 366, 367, 368, 369, 370, 371, 372, 373, 374, 375, 376, 377, 378, 379, 380, 381, 382, 383, 384, 385, 386, 387, 388, 389, 390, 391, 392, 393, 394, 395, 396, 397, 398, 399, 400, 401, 402, 403, 404, 405, 406, 407, 408, 409, 410, 411, 412, 413, 414, 415, 416, 417, 418, 419, 420, 421, 422, 423, 424, 425, 426, 427, 428, 429, 430, 431, 432, 433, 434, 435, 436, 437, 438, 439, 440, 441, 442, 443, 444, 445, 446, 447, 448, 449, 450, 451, 452, 453, 454, 455, 456, 457, 458, 459, 460, 461, 462, 463, 464, 465, 466, 467, 468, 469, 470, 471, 472, 473, 474, 475, 476, 477, 478, 479, 480, 481, 482, 483, 484, 485, 486, 487, 488, 489, 490, 491, 492, 493, 494, 495, 496, 497, 498, 499, 500, 501, 502, 503, 504, 505, 506, 507, 508, 509, 510, 511, 512, 513, 514, 515, 516, 517, 518, 519, 520, 521, 522, 523, 524, 525, 526, 527, 528, 529, 530, 531, 532, 533, 534, 535, 536, 537, 538, 539, 540, 541, 542, 543, 544, 545, 546, 547, 548, 549, 550, 551, 552, 553, 554, 555, 556, 557, 558, 559, 560, 561, 562, 563, 564, 565, 566, 567, 568, 569, 570, 571, 572, 573, 574, 575, 576, 577, 578, 579, 580, 581, 582, 583, 584, 585, 586, 587, 588, 589, 590, 591, 592, 593, 594, 595, 596, 597, 598, 599, 600, 601, 602, 603, 604, 605, 606, 607, 608, 609, 610, 611, 612, 613, 614, 615, 616, 617, 618, 619, 620, 621, 622, 623, 624, 625, 626, 627, 628, 629, 630, 631, 632, 633, 634, 635, 636, 637, 638, 639, 640, 641, 642, 643, 644, 645, 646, 647, 648, 649, 650, 651, 652, 653, 654, 655, 656, 657, 658, 659, 660, 661, 662, 663, 664, 665, 666, 667, 668, 669, 670, 671, 672, 673, 674, 675, 676, 677, 678, 679, 680, 681, 682, 683, 684, 685, 686, 687, 688, 689, 690, 691, 692, 693, 694, 695, 696, 697, 698, 699, 700, 701, 702, 703, 704, 705, 706, 707, 708, 709, 710, 711, 712, 713, 714, 715, 716, 717, 718, 719, 720, 721, 722, 723, 724, 725, 726, 727, 728, 729, 730, 731, 732, 733, 734, 735, 736, 737, 738, 739, 740, 741, 742, 743, 744, 745, 746, 747, 748, 749, 750, 751, 752, 753, 754, 755, 756, 757, 758, 759, 760, 761, 762, 763, 764, 765, 766, 767, 768, 769, 770, 771, 772, 773, 774, 775, 776, 777, 778, 779, 780, 781, 782, 783, 784, 785, 786, 787, 788, 789, 790, 791, 792, 793, 794, 795, 796, 797, 798, 799, 800, 801, 802, 803, 804, 805, 806, 807, 808, 809, 810, 811, 812, 813, 814, 815, 816, 817, 818, 819, 820, 821, 822, 823, 824, 825, 826, 827, 828, 829, 830, 831, 832, 833, 834, 835, 836, 837, 838, 839, 840, 841, 842, 843, 844, 845, 846, 847, 848, 849, 850, 851, 852, 853, 854, 855, 856, 857, 858, 859, 860, 861, 862, 863, 864, 865, 866, 867, 868, 869, 870, 871, 872, 873, 874, 875, 876, 877, 878, 879, 880, 881, 882, 883, 884, 885, 886, 887, 888, 889, 890, 891, 892, 893, 894, 895, 896, 897, 898, 899, 900, 901, 902, 903, 904, 905, 906, 907, 908, 909, 910, 911, 912, 913, 914, 915, 916, 917, 918, 919, 920, 921, 922, 923, 924, 925, 926, 927, 928, 929, 930, 931, 932, 933, 934, 935, 936, 937, 938, 939, 940, 941, 942, 943, 944, 945, 946, 947, 948, 949, 950, 951, 952, 953, 954, 955, 956, 957, 958, 959, 960, 961, 962, 963, 964, 965, 966, 967, 968, 969, 970, 971, 972, 973, 974, 975, 976, 977, 978, 979, 980, 981, 982, 983, 984, 985, 986, 987, 988, 989, 990, 991, 992, 993, 994, 995, 996, 997, 998, 999, 1000, 1001, 1002, 1003, 1004, 1005, 1006, 1007, 1008, 1009, 1010, 1011, 1012, 1013, 1014, 1015, 1016, 1017, 1018, 1019, 1020, 1021, 1022, 1023, 1024, 1025, 1026, 1027, 1028, 1029, 1030, 1031, 1032, 1033, 1034, 1035, 1036, 1037, 1038, 1039, 1040, 1041, 1042, 1043, 1044, 1045, 1046, 1047, 1048, 1049, 1050, 1051, 1052, 1053, 1054, 1055, 1056, 1057, 1058, 1059, 1060, 1061, 1062, 1063, 1064, 1065, 1066, 1067, 1068, 1069, 1070, 1071]
labeling = [0, 2, 4, 3, 5, 7, 6, 8, 10, 11, 13, 12, 9, 15, 14, 17, 19, 21, 18, 16, 20, 23, 25, 26, 22, 24, 27, 29, 28, 31, 30, 33, 35, 36, 37, 32, 34, 38, 40, 41, 43, 42, 39, 44, 46, 45, 47, 48, 50, 52, 49, 54, 51, 53, 55, 57, 59, 56, 58, 60, 61, 62, 64, 66, 63, 65, 68, 67, 69, 71, 73, 70, 72, 74, 75, 76, 78, 77, 79, 80, 81, 83, 84, 82, 86, 88, 85, 87, 89, 90, 92, 93, 91, 95, 97, 94, 96, 99, 98, 101, 102, 100, 103, 104, 105, 107, 106, 108, 109, 110, 111, 112, 114, 113, 115, 116, 118, 120, 117, 119, 122, 121, 123, 125, 127, 124, 126, 128, 129, 130, 132, 134, 131, 133, 136, 135, 137, 139, 141, 138, 143, 140, 145, 142, 144, 146, 148, 150, 147, 149, 151, 153, 155, 152, 154, 156, 158, 160, 157, 159, 161, 163, 165, 162, 164, 166, 167, 168, 170, 172, 174, 169, 171, 173, 175, 176, 178, 180, 182, 177, 179, 181, 183, 184, 186, 188, 190, 185, 191, 187, 189, 192, 194, 193, 195, 196, 198, 200, 197, 202, 199, 201, 203, 205, 204, 206, 207, 208, 210, 212, 209, 214, 211, 213, 215, 217, 216, 218, 219, 220, 222, 224, 221, 226, 223, 225, 227, 229, 228, 230, 231, 232, 234, 236, 233, 238, 235, 237, 239, 241, 240, 242, 243, 244, 246, 245, 247, 249, 248, 251, 250, 252, 254, 253, 256, 255, 258, 257, 259, 261, 260, 263, 262, 264, 266, 268, 265, 269, 270, 267, 271, 273, 272, 275, 274, 276, 278, 279, 277, 281, 280, 282, 284, 286, 283, 285, 287, 289, 288, 290, 292, 294, 291, 293, 295, 297, 296, 298, 300, 302, 299, 304, 301, 303, 305, 307, 309, 311, 306, 308, 313, 310, 312, 315, 314, 317, 319, 316, 321, 318, 320, 322, 323, 325, 326, 328, 324, 329, 327, 330, 331, 333, 335, 332, 334, 336, 338, 337, 340, 339, 341, 343, 342, 344, 345, 346, 348, 350, 347, 351, 352, 349, 354, 353, 355, 357, 359, 358, 360, 356, 362, 364, 365, 361, 367, 363, 366, 369, 368, 370, 372, 371, 373, 375, 374, 377, 379, 376, 378, 381, 380, 383, 382, 384, 385, 386, 388, 387, 389, 390, 392, 394, 391, 396, 393, 395, 398, 397, 399, 401, 400, 402, 403, 404, 406, 408, 405, 409, 410, 407, 411, 413, 412, 415, 417, 414, 418, 416, 419, 420, 421, 422, 424, 425, 426, 423, 428, 427, 429, 430, 432, 431, 433, 434, 436, 438, 435, 437, 440, 442, 443, 439, 441, 444, 445, 447, 448, 449, 446, 450, 451, 453, 452, 454, 455, 457, 459, 456, 458, 460, 461, 463, 465, 462, 464, 467, 466, 469, 471, 468, 472, 473, 470, 474, 476, 478, 475, 480, 477, 479, 481, 482, 484, 483, 485, 486, 488, 487, 489, 490, 492, 491, 493, 494, 496, 495, 497, 498, 500, 502, 499, 501, 503, 504, 506, 505, 507, 508, 509, 511, 513, 510, 514, 512, 515, 516, 518, 520, 517, 521, 519, 522, 523, 525, 527, 528, 526, 524, 529, 531, 533, 530, 532, 534, 535, 537, 539, 536, 540, 541, 538, 542, 544, 546, 543, 548, 545, 549, 547, 550, 551, 552, 553, 555, 554, 556, 557, 558, 559, 560, 561, 562, 563, 564, 565, 566, 567, 568, 570, 569, 571, 573, 572, 574, 576, 575, 577, 578, 580, 582, 583, 579, 581, 584, 586, 587, 588, 585, 590, 592, 589, 591, 593, 595, 596, 594, 597, 598, 599, 600, 602, 604, 605, 606, 601, 603, 607, 608, 609, 610, 612, 613, 611, 614, 615, 616, 617, 619, 621, 622, 623, 618, 620, 624, 625, 626, 627, 628, 630, 631, 629, 632, 633, 634, 635, 637, 636, 638, 639, 641, 640, 642, 643, 645, 644, 646, 647, 648, 649, 650, 651, 652, 653, 654, 655, 656, 657, 658, 659, 660, 661, 662, 663, 664, 665, 666, 667, 668, 669, 670, 671, 672, 673, 674, 675, 676, 677, 678, 679, 680, 681, 682, 683, 684, 685, 686, 687, 688, 689, 690, 691, 692, 693, 694, 695, 696, 697, 698, 699, 700, 701, 702, 1, 703, 704, 705, 706, 707, 708, 709, 710, 711, 712, 1, 713, 714, 715, 716, 717, 1, 718, 719, 720, 721, 722, 723, 724, 725, 726, 0, 727, 728, 729, 0, 1, 0, 730, 0, 731, 0, 732, 0, 733, 0, 1, 0, 734, 0, 735, 0, 736, 0, 1, 0, 1, 0, 737, 738, 0, 0, 739, 0, 740, 741, 0, 0, 742, 0, 743, 744, 0, 0, 2, 0, 745, 746, 0, 0, 1, 0, 747, 748, 0, 0, 749, 0, 2, 750, 0, 0, 751, 0, 752, 1, 0, 0, 753, 0, 754, 755, 0, 0, 756, 0, 757, 758, 0, 0, 759, 0, 760, 761, 0, 0, 2, 0, 762, 3, 0, 0, 763, 0, 764, 765, 0, 0, 766, 0, 767, 3, 0, 0, 768, 2, 0, 0, 769, 3, 0, 0, 770, 3, 0, 0, 771, 772, 0, 2, 773, 0, 0, 0, 774, 775, 0, 0, 776, 3, 0, 0, 777, 778, 0, 2, 779, 0, 0, 0, 780, 2, 0, 0, 781, 1, 0, 0, 782, 783, 1, 784, 2, 785, 0, 0, 0, 0, 786, 787, 1, 788, 789, 1, 790, 1, 791, 792, 793, 1, 0, 794, 6, 0, 0, 0, 2, 0, 795, 3, 796, 0, 0, 797, 0, 4, 798, 3, 0, 0, 799, 0, 5, 800, 6, 0, 0, 801, 0, 802, 1, 0, 0, 0, 0, 0, 0, 0, 0, 0, 803, 1, 804, 2, 805, 806, 2, 0, 0, 0, 807, 0, 3, 808, 0, 0, 0, 809, 2, 810, 0, 3, 811, 0, 0, 0, 2, 812, 3, 0, 813, 4, 814, 0, 0, 2, 0, 815, 5, 816, 0, 0, 817, 0, 818, 1, 0, 819, 0, 820, 1, 0, 821, 0, 822, 823, 824, 825, 2, 0, 4, 0, 0, 0, 0, 0, 0, 0, 0, 0, 0, 0, 0, 0, 0, 0, 0, 0, 826, 827, 828, 829, 1, 830, 1, 831, 832, 833, 834, 835, 836, 837, 838, 1, 839, 840, 841, 842, 1, 843, 2, 844, 845, 2, 846, 847, 848, 849, 2, 850, 3, 851, 4, 852, 853, 854, 855, 856, 857, 858, 859, 860, 861, 862, 4, 1, 0, 863, 864, 865, 866, 867, 868, 869]
