===== RESULTADO GA L(2,1) =====
Arquivo: /Users/mateuspedrosa/Documents/TCC-II/BOGA/data/Harwell-Boeing_cleaned/can_634_clean.mtx (undirected)
Crossover: cx | Mutação: em | pop=30 | gens=53 | mut=0.446 | cr=0.5724 | runs=1 | max-stagt=1031

----- Execução #1 -----
Span (lambda): 540
Parada: MAX_GENS (geração 53)
best_order = [0, 1, 2, 3, 4, 5, 6, 7, 8, 9, 10, 11, 12, 13, 14, 15, 16, 17, 18, 19, 20, 21, 22, 23, 24, 25, 26, 27, 28, 29, 30, 31, 32, 33, 34, 35, 36, 37, 38, 39, 40, 41, 42, 43, 44, 45, 46, 47, 48, 49, 50, 51, 52, 53, 54, 55, 56, 57, 58, 59, 60, 61, 62, 63, 64, 65, 66, 67, 68, 69, 70, 71, 72, 73, 74, 75, 76, 77, 78, 79, 80, 81, 82, 83, 84, 85, 86, 87, 88, 89, 90, 91, 92, 93, 94, 95, 96, 97, 98, 99, 100, 101, 102, 103, 104, 105, 106, 107, 108, 109, 110, 111, 112, 113, 114, 115, 116, 117, 118, 119, 120, 121, 122, 123, 124, 125, 126, 127, 128, 129, 130, 131, 132, 133, 134, 135, 136, 137, 138, 139, 140, 141, 142, 143, 144, 145, 146, 147, 148, 149, 150, 151, 152, 153, 154, 155, 156, 157, 158, 159, 160, 161, 162, 163, 164, 165, 166, 167, 168, 169, 170, 171, 172, 173, 174, 175, 176, 177, 178, 179, 180, 181, 182, 183, 184, 185, 186, 187, 188, 189, 190, 191, 192, 193, 194, 195, 196, 197, 198, 199, 200, 201, 202, 203, 204, 205, 206, 207, 208, 209, 210, 211, 212, 213, 214, 215, 216, 217, 218, 219, 220, 221, 222, 223, 224, 225, 226, 227, 228, 229, 230, 231, 232, 233, 234, 235, 236, 237, 238, 239, 240, 241, 242, 243, 244, 245, 246, 247, 248, 249, 250, 251, 252, 253, 254, 255, 256, 257, 258, 259, 260, 261, 262, 263, 264, 265, 266, 267, 268, 269, 270, 271, 272, 273, 274, 275, 276, 277, 278, 279, 280, 281, 282, 283, 284, 285, 286, 287, 288, 289, 290, 291, 292, 293, 294, 295, 296, 297, 298, 299, 300, 301, 302, 303, 304, 305, 306, 307, 308, 309, 310, 311, 312, 313, 314, 315, 316, 317, 318, 319, 320, 321, 322, 323, 324, 325, 326, 327, 328, 329, 330, 331, 332, 333, 334, 335, 336, 337, 338, 339, 340, 341, 342, 343, 344, 345, 346, 347, 348, 349, 350, 351, 352, 353, 354, 355, 356, 357, 358, 359, 360, 361, 362, 363, 364, 365, 366, 367, 368, 369, 370, 371, 372, 373, 374, 375, 376, 377, 378, 379, 380, 381, 382, 383, 384, 385, 386, 387, 388, 389, 390, 391, 392, 393, 394, 395, 396, 397, 398, 399, 400, 401, 402, 403, 404, 405, 406, 407, 408, 409, 410, 411, 412, 413, 414, 415, 416, 417, 418, 419, 420, 421, 422, 423, 424, 425, 426, 427, 428, 429, 430, 431, 432, 433, 434, 435, 436, 437, 438, 439, 440, 441, 442, 443, 444, 445, 446, 447, 448, 449, 450, 451, 452, 453, 454, 455, 456, 457, 458, 459, 460, 461, 462, 463, 464, 465, 466, 467, 468, 469, 470, 471, 472, 473, 474, 475, 476, 477, 478, 479, 480, 481, 482, 483, 484, 485, 486, 487, 488, 489, 490, 491, 492, 493, 494, 495, 496, 497, 498, 499, 500, 501, 502, 503, 504, 505, 506, 507, 508, 509, 510, 511, 512, 513, 514, 515, 516, 517, 518, 519, 520, 521, 522, 523, 524, 525, 526, 527, 528, 529, 530, 531, 532, 533, 534, 535, 536, 537, 538, 539, 540, 541, 542, 543, 544, 545, 546, 547, 548, 549, 550, 551, 552, 553, 554, 555, 556, 557, 558, 559, 560, 561, 562, 563, 564, 565, 566, 567, 568, 569, 570, 571, 572, 573, 574, 575, 576, 577, 578, 579, 580, 581, 582, 583, 584, 585, 586, 587, 588, 589, 590, 591, 592, 593, 594, 595, 596, 597, 598, 599, 600, 601, 602, 603, 604, 605, 606, 607, 608, 609, 610, 611, 612, 613, 614, 615, 616, 617, 618, 619, 620, 621, 622, 623, 624, 625, 626, 627, 628, 629, 630, 631, 632, 633]
labeling = [0, 2, 4, 6, 3, 5, 7, 9, 11, 8, 10, 12, 13, 15, 17, 14, 16, 18, 19, 21, 20, 22, 23, 25, 24, 26, 27, 29, 28, 30, 31, 33, 35, 32, 34, 36, 38, 40, 37, 39, 41, 43, 42, 44, 45, 47, 49, 46, 48, 50, 52, 54, 51, 53, 55, 57, 59, 56, 58, 60, 62, 61, 63, 65, 67, 64, 66, 68, 69, 71, 73, 70, 72, 74, 76, 78, 75, 77, 79, 80, 82, 84, 81, 83, 85, 87, 89, 86, 88, 90, 92, 91, 93, 95, 97, 94, 96, 98, 100, 99, 101, 103, 102, 104, 105, 107, 109, 106, 108, 110, 111, 113, 112, 114, 116, 115, 117, 119, 121, 118, 120, 122, 124, 126, 123, 125, 127, 128, 130, 129, 131, 132, 133, 135, 134, 136, 137, 139, 141, 138, 140, 142, 144, 146, 143, 145, 147, 148, 150, 152, 149, 151, 153, 155, 154, 156, 158, 160, 157, 159, 161, 162, 164, 166, 163, 165, 167, 169, 168, 170, 171, 173, 175, 172, 174, 176, 178, 177, 179, 180, 182, 184, 181, 183, 185, 187, 189, 186, 188, 190, 192, 194, 191, 193, 195, 197, 199, 196, 198, 200, 202, 201, 203, 204, 206, 205, 207, 209, 208, 210, 211, 213, 215, 212, 214, 216, 218, 220, 217, 222, 219, 221, 223, 224, 226, 228, 225, 227, 229, 230, 232, 234, 236, 231, 233, 235, 237, 239, 241, 238, 243, 240, 242, 244, 245, 247, 246, 248, 250, 252, 249, 251, 253, 254, 256, 258, 260, 255, 257, 259, 261, 263, 265, 262, 264, 266, 268, 267, 269, 270, 272, 271, 273, 275, 277, 274, 276, 278, 280, 282, 279, 281, 283, 284, 285, 287, 289, 286, 288, 290, 292, 294, 291, 293, 295, 296, 298, 297, 299, 300, 302, 301, 303, 305, 307, 304, 306, 308, 310, 309, 311, 312, 314, 313, 315, 317, 319, 316, 318, 320, 322, 321, 323, 324, 326, 325, 327, 329, 331, 328, 330, 332, 334, 336, 333, 335, 337, 338, 340, 339, 341, 342, 344, 343, 345, 347, 349, 346, 348, 350, 352, 354, 351, 353, 355, 356, 357, 359, 361, 358, 360, 362, 364, 366, 363, 365, 367, 368, 370, 369, 371, 372, 374, 373, 375, 377, 379, 376, 378, 380, 382, 384, 381, 383, 385, 386, 387, 389, 388, 390, 392, 391, 393, 394, 396, 395, 397, 398, 400, 402, 399, 401, 403, 404, 406, 408, 405, 407, 409, 410, 412, 411, 413, 414, 416, 415, 417, 419, 421, 418, 420, 422, 424, 426, 423, 425, 427, 428, 429, 431, 433, 430, 432, 434, 436, 435, 0, 0, 0, 438, 437, 0, 0, 0, 439, 440, 0, 0, 0, 0, 441, 442, 0, 0, 0, 0, 1, 443, 444, 445, 446, 447, 448, 449, 450, 451, 452, 453, 454, 455, 456, 457, 458, 459, 460, 461, 462, 463, 464, 465, 466, 467, 0, 0, 0, 0, 468, 469, 0, 0, 0, 0, 470, 0, 0, 0, 0, 0, 0, 0, 0, 0, 0, 0, 0, 471, 0, 0, 0, 0, 472, 0, 0, 0, 0, 0, 0, 0, 0, 0, 0, 0, 0, 473, 0, 0, 0, 0, 474, 475, 0, 0, 0, 0, 476, 477, 478, 479, 480, 481, 482, 483, 0, 0, 0, 0, 484, 485, 486, 487, 1, 488, 489, 490, 0, 0, 0, 0, 0, 491, 492, 1, 493, 494, 495, 496, 497, 498, 499, 500, 501, 502, 503, 504, 505, 506, 507, 508, 509, 1, 510, 1, 1, 511, 1, 512, 513, 2, 514, 515, 516, 517, 518, 2, 3, 519, 2, 520, 521, 3, 522, 3, 523, 524, 525, 4, 526, 527, 528, 5, 4, 529, 5, 0, 530, 531, 532, 533, 1, 534, 535, 1, 536, 537, 538, 539, 540, 0, 0, 0, 0, 0, 0, 0]
convergência = [540, 540, 540, 540, 540, 540, 540, 540, 540, 540, 540, 540, 540, 540, 540, 540, 540, 540, 540, 540, 540, 540, 540, 540, 540, 540, 540, 540, 540, 540, 540, 540, 540, 540, 540, 540, 540, 540, 540, 540, 540, 540, 540, 540, 540, 540, 540, 540, 540, 540, 540, 540, 540]
================================

----- Melhor execução -----
Span (lambda): 540
best_order = [0, 1, 2, 3, 4, 5, 6, 7, 8, 9, 10, 11, 12, 13, 14, 15, 16, 17, 18, 19, 20, 21, 22, 23, 24, 25, 26, 27, 28, 29, 30, 31, 32, 33, 34, 35, 36, 37, 38, 39, 40, 41, 42, 43, 44, 45, 46, 47, 48, 49, 50, 51, 52, 53, 54, 55, 56, 57, 58, 59, 60, 61, 62, 63, 64, 65, 66, 67, 68, 69, 70, 71, 72, 73, 74, 75, 76, 77, 78, 79, 80, 81, 82, 83, 84, 85, 86, 87, 88, 89, 90, 91, 92, 93, 94, 95, 96, 97, 98, 99, 100, 101, 102, 103, 104, 105, 106, 107, 108, 109, 110, 111, 112, 113, 114, 115, 116, 117, 118, 119, 120, 121, 122, 123, 124, 125, 126, 127, 128, 129, 130, 131, 132, 133, 134, 135, 136, 137, 138, 139, 140, 141, 142, 143, 144, 145, 146, 147, 148, 149, 150, 151, 152, 153, 154, 155, 156, 157, 158, 159, 160, 161, 162, 163, 164, 165, 166, 167, 168, 169, 170, 171, 172, 173, 174, 175, 176, 177, 178, 179, 180, 181, 182, 183, 184, 185, 186, 187, 188, 189, 190, 191, 192, 193, 194, 195, 196, 197, 198, 199, 200, 201, 202, 203, 204, 205, 206, 207, 208, 209, 210, 211, 212, 213, 214, 215, 216, 217, 218, 219, 220, 221, 222, 223, 224, 225, 226, 227, 228, 229, 230, 231, 232, 233, 234, 235, 236, 237, 238, 239, 240, 241, 242, 243, 244, 245, 246, 247, 248, 249, 250, 251, 252, 253, 254, 255, 256, 257, 258, 259, 260, 261, 262, 263, 264, 265, 266, 267, 268, 269, 270, 271, 272, 273, 274, 275, 276, 277, 278, 279, 280, 281, 282, 283, 284, 285, 286, 287, 288, 289, 290, 291, 292, 293, 294, 295, 296, 297, 298, 299, 300, 301, 302, 303, 304, 305, 306, 307, 308, 309, 310, 311, 312, 313, 314, 315, 316, 317, 318, 319, 320, 321, 322, 323, 324, 325, 326, 327, 328, 329, 330, 331, 332, 333, 334, 335, 336, 337, 338, 339, 340, 341, 342, 343, 344, 345, 346, 347, 348, 349, 350, 351, 352, 353, 354, 355, 356, 357, 358, 359, 360, 361, 362, 363, 364, 365, 366, 367, 368, 369, 370, 371, 372, 373, 374, 375, 376, 377, 378, 379, 380, 381, 382, 383, 384, 385, 386, 387, 388, 389, 390, 391, 392, 393, 394, 395, 396, 397, 398, 399, 400, 401, 402, 403, 404, 405, 406, 407, 408, 409, 410, 411, 412, 413, 414, 415, 416, 417, 418, 419, 420, 421, 422, 423, 424, 425, 426, 427, 428, 429, 430, 431, 432, 433, 434, 435, 436, 437, 438, 439, 440, 441, 442, 443, 444, 445, 446, 447, 448, 449, 450, 451, 452, 453, 454, 455, 456, 457, 458, 459, 460, 461, 462, 463, 464, 465, 466, 467, 468, 469, 470, 471, 472, 473, 474, 475, 476, 477, 478, 479, 480, 481, 482, 483, 484, 485, 486, 487, 488, 489, 490, 491, 492, 493, 494, 495, 496, 497, 498, 499, 500, 501, 502, 503, 504, 505, 506, 507, 508, 509, 510, 511, 512, 513, 514, 515, 516, 517, 518, 519, 520, 521, 522, 523, 524, 525, 526, 527, 528, 529, 530, 531, 532, 533, 534, 535, 536, 537, 538, 539, 540, 541, 542, 543, 544, 545, 546, 547, 548, 549, 550, 551, 552, 553, 554, 555, 556, 557, 558, 559, 560, 561, 562, 563, 564, 565, 566, 567, 568, 569, 570, 571, 572, 573, 574, 575, 576, 577, 578, 579, 580, 581, 582, 583, 584, 585, 586, 587, 588, 589, 590, 591, 592, 593, 594, 595, 596, 597, 598, 599, 600, 601, 602, 603, 604, 605, 606, 607, 608, 609, 610, 611, 612, 613, 614, 615, 616, 617, 618, 619, 620, 621, 622, 623, 624, 625, 626, 627, 628, 629, 630, 631, 632, 633]
labeling = [0, 2, 4, 6, 3, 5, 7, 9, 11, 8, 10, 12, 13, 15, 17, 14, 16, 18, 19, 21, 20, 22, 23, 25, 24, 26, 27, 29, 28, 30, 31, 33, 35, 32, 34, 36, 38, 40, 37, 39, 41, 43, 42, 44, 45, 47, 49, 46, 48, 50, 52, 54, 51, 53, 55, 57, 59, 56, 58, 60, 62, 61, 63, 65, 67, 64, 66, 68, 69, 71, 73, 70, 72, 74, 76, 78, 75, 77, 79, 80, 82, 84, 81, 83, 85, 87, 89, 86, 88, 90, 92, 91, 93, 95, 97, 94, 96, 98, 100, 99, 101, 103, 102, 104, 105, 107, 109, 106, 108, 110, 111, 113, 112, 114, 116, 115, 117, 119, 121, 118, 120, 122, 124, 126, 123, 125, 127, 128, 130, 129, 131, 132, 133, 135, 134, 136, 137, 139, 141, 138, 140, 142, 144, 146, 143, 145, 147, 148, 150, 152, 149, 151, 153, 155, 154, 156, 158, 160, 157, 159, 161, 162, 164, 166, 163, 165, 167, 169, 168, 170, 171, 173, 175, 172, 174, 176, 178, 177, 179, 180, 182, 184, 181, 183, 185, 187, 189, 186, 188, 190, 192, 194, 191, 193, 195, 197, 199, 196, 198, 200, 202, 201, 203, 204, 206, 205, 207, 209, 208, 210, 211, 213, 215, 212, 214, 216, 218, 220, 217, 222, 219, 221, 223, 224, 226, 228, 225, 227, 229, 230, 232, 234, 236, 231, 233, 235, 237, 239, 241, 238, 243, 240, 242, 244, 245, 247, 246, 248, 250, 252, 249, 251, 253, 254, 256, 258, 260, 255, 257, 259, 261, 263, 265, 262, 264, 266, 268, 267, 269, 270, 272, 271, 273, 275, 277, 274, 276, 278, 280, 282, 279, 281, 283, 284, 285, 287, 289, 286, 288, 290, 292, 294, 291, 293, 295, 296, 298, 297, 299, 300, 302, 301, 303, 305, 307, 304, 306, 308, 310, 309, 311, 312, 314, 313, 315, 317, 319, 316, 318, 320, 322, 321, 323, 324, 326, 325, 327, 329, 331, 328, 330, 332, 334, 336, 333, 335, 337, 338, 340, 339, 341, 342, 344, 343, 345, 347, 349, 346, 348, 350, 352, 354, 351, 353, 355, 356, 357, 359, 361, 358, 360, 362, 364, 366, 363, 365, 367, 368, 370, 369, 371, 372, 374, 373, 375, 377, 379, 376, 378, 380, 382, 384, 381, 383, 385, 386, 387, 389, 388, 390, 392, 391, 393, 394, 396, 395, 397, 398, 400, 402, 399, 401, 403, 404, 406, 408, 405, 407, 409, 410, 412, 411, 413, 414, 416, 415, 417, 419, 421, 418, 420, 422, 424, 426, 423, 425, 427, 428, 429, 431, 433, 430, 432, 434, 436, 435, 0, 0, 0, 438, 437, 0, 0, 0, 439, 440, 0, 0, 0, 0, 441, 442, 0, 0, 0, 0, 1, 443, 444, 445, 446, 447, 448, 449, 450, 451, 452, 453, 454, 455, 456, 457, 458, 459, 460, 461, 462, 463, 464, 465, 466, 467, 0, 0, 0, 0, 468, 469, 0, 0, 0, 0, 470, 0, 0, 0, 0, 0, 0, 0, 0, 0, 0, 0, 0, 471, 0, 0, 0, 0, 472, 0, 0, 0, 0, 0, 0, 0, 0, 0, 0, 0, 0, 473, 0, 0, 0, 0, 474, 475, 0, 0, 0, 0, 476, 477, 478, 479, 480, 481, 482, 483, 0, 0, 0, 0, 484, 485, 486, 487, 1, 488, 489, 490, 0, 0, 0, 0, 0, 491, 492, 1, 493, 494, 495, 496, 497, 498, 499, 500, 501, 502, 503, 504, 505, 506, 507, 508, 509, 1, 510, 1, 1, 511, 1, 512, 513, 2, 514, 515, 516, 517, 518, 2, 3, 519, 2, 520, 521, 3, 522, 3, 523, 524, 525, 4, 526, 527, 528, 5, 4, 529, 5, 0, 530, 531, 532, 533, 1, 534, 535, 1, 536, 537, 538, 539, 540, 0, 0, 0, 0, 0, 0, 0]
