===== RESULTADO GA L(2,1) =====
Arquivo: /Users/mateuspedrosa/Documents/TCC-II/BOGA/data/Harwell-Boeing_cleaned/can_144_clean.mtx (undirected)
Crossover: cx | Mutação: em | pop=30 | gens=53 | mut=0.446 | cr=0.5724 | runs=1 | max-stagt=1031

----- Execução #1 -----
Span (lambda): 132
Parada: MAX_GENS (geração 53)
best_order = [0, 1, 2, 3, 4, 5, 6, 7, 8, 9, 10, 11, 12, 13, 14, 15, 16, 17, 18, 19, 20, 21, 22, 23, 24, 25, 26, 27, 28, 29, 30, 31, 32, 33, 34, 35, 36, 37, 38, 39, 40, 41, 42, 43, 44, 45, 46, 47, 48, 49, 50, 51, 52, 53, 54, 55, 56, 57, 58, 59, 60, 61, 62, 63, 64, 65, 66, 67, 68, 69, 70, 71, 72, 73, 74, 75, 76, 77, 78, 79, 80, 81, 82, 83, 84, 85, 86, 87, 88, 89, 90, 91, 92, 93, 94, 95, 96, 97, 98, 99, 100, 101, 102, 103, 104, 105, 106, 107, 108, 109, 110, 111, 112, 113, 114, 115, 116, 117, 118, 119, 120, 121, 122, 123, 124, 125, 126, 127, 128, 129, 130, 131, 132, 133, 134, 135, 136, 137, 138, 139, 140, 141, 142, 143]
labeling = [0, 2, 3, 5, 6, 8, 4, 10, 7, 12, 9, 14, 11, 16, 13, 18, 15, 20, 17, 22, 19, 24, 21, 26, 23, 28, 25, 30, 27, 32, 29, 34, 31, 36, 33, 38, 35, 40, 37, 42, 39, 44, 41, 46, 43, 48, 45, 50, 47, 49, 51, 53, 54, 52, 56, 57, 58, 55, 59, 61, 62, 60, 64, 65, 66, 63, 67, 69, 70, 68, 72, 73, 74, 71, 75, 77, 78, 76, 80, 81, 82, 79, 83, 85, 86, 84, 87, 88, 89, 1, 90, 2, 91, 92, 93, 94, 95, 1, 96, 2, 97, 98, 99, 100, 101, 1, 102, 2, 103, 104, 105, 106, 107, 1, 108, 2, 109, 110, 111, 112, 113, 1, 114, 2, 115, 116, 117, 118, 119, 1, 120, 2, 121, 122, 123, 124, 125, 126, 127, 128, 129, 130, 131, 132]
convergência = [132, 132, 132, 132, 132, 132, 132, 132, 132, 132, 132, 132, 132, 132, 132, 132, 132, 132, 132, 132, 132, 132, 132, 132, 132, 132, 132, 132, 132, 132, 132, 132, 132, 132, 132, 132, 132, 132, 132, 132, 132, 132, 132, 132, 132, 132, 132, 132, 132, 132, 132, 132, 132]
================================

----- Melhor execução -----
Span (lambda): 132
best_order = [0, 1, 2, 3, 4, 5, 6, 7, 8, 9, 10, 11, 12, 13, 14, 15, 16, 17, 18, 19, 20, 21, 22, 23, 24, 25, 26, 27, 28, 29, 30, 31, 32, 33, 34, 35, 36, 37, 38, 39, 40, 41, 42, 43, 44, 45, 46, 47, 48, 49, 50, 51, 52, 53, 54, 55, 56, 57, 58, 59, 60, 61, 62, 63, 64, 65, 66, 67, 68, 69, 70, 71, 72, 73, 74, 75, 76, 77, 78, 79, 80, 81, 82, 83, 84, 85, 86, 87, 88, 89, 90, 91, 92, 93, 94, 95, 96, 97, 98, 99, 100, 101, 102, 103, 104, 105, 106, 107, 108, 109, 110, 111, 112, 113, 114, 115, 116, 117, 118, 119, 120, 121, 122, 123, 124, 125, 126, 127, 128, 129, 130, 131, 132, 133, 134, 135, 136, 137, 138, 139, 140, 141, 142, 143]
labeling = [0, 2, 3, 5, 6, 8, 4, 10, 7, 12, 9, 14, 11, 16, 13, 18, 15, 20, 17, 22, 19, 24, 21, 26, 23, 28, 25, 30, 27, 32, 29, 34, 31, 36, 33, 38, 35, 40, 37, 42, 39, 44, 41, 46, 43, 48, 45, 50, 47, 49, 51, 53, 54, 52, 56, 57, 58, 55, 59, 61, 62, 60, 64, 65, 66, 63, 67, 69, 70, 68, 72, 73, 74, 71, 75, 77, 78, 76, 80, 81, 82, 79, 83, 85, 86, 84, 87, 88, 89, 1, 90, 2, 91, 92, 93, 94, 95, 1, 96, 2, 97, 98, 99, 100, 101, 1, 102, 2, 103, 104, 105, 106, 107, 1, 108, 2, 109, 110, 111, 112, 113, 1, 114, 2, 115, 116, 117, 118, 119, 1, 120, 2, 121, 122, 123, 124, 125, 126, 127, 128, 129, 130, 131, 132]
