===== RESULTADO GA L(2,1) =====
Arquivo: /Users/mateuspedrosa/Documents/TCC-II/BOGA/data/Harwell-Boeing_cleaned/curtis54_clean.mtx (undirected)
Crossover: cx | Mutação: em | pop=30 | gens=53 | mut=0.446 | cr=0.5724 | runs=1 | max-stagt=1031

----- Execução #1 -----
Span (lambda): 35
Parada: MAX_GENS (geração 53)
best_order = [50, 42, 0, 52, 23, 45, 41, 46, 29, 10, 12, 11, 6, 26, 4, 22, 35, 30, 1, 21, 43, 33, 48, 3, 28, 34, 20, 8, 16, 31, 51, 18, 25, 40, 27, 39, 19, 37, 36, 47, 9, 24, 7, 17, 44, 15, 5, 32, 13, 2, 49, 14, 38, 53]
labeling = [0, 12, 34, 16, 8, 31, 6, 28, 19, 26, 1, 5, 4, 33, 35, 30, 20, 29, 22, 25, 18, 13, 9, 2, 27, 23, 7, 24, 15, 3, 11, 21, 32, 14, 17, 10, 0, 0, 0, 0, 0, 0, 0, 0, 0, 0, 0, 0, 0, 0, 0, 0, 0, 0]
convergência = [35, 35, 35, 35, 35, 35, 35, 35, 35, 35, 35, 35, 35, 35, 35, 35, 35, 35, 35, 35, 35, 35, 35, 35, 35, 35, 35, 35, 35, 35, 35, 35, 35, 35, 35, 35, 35, 35, 35, 35, 35, 35, 35, 35, 35, 35, 35, 35, 35, 35, 35, 35, 35]
================================

----- Melhor execução -----
Span (lambda): 35
best_order = [50, 42, 0, 52, 23, 45, 41, 46, 29, 10, 12, 11, 6, 26, 4, 22, 35, 30, 1, 21, 43, 33, 48, 3, 28, 34, 20, 8, 16, 31, 51, 18, 25, 40, 27, 39, 19, 37, 36, 47, 9, 24, 7, 17, 44, 15, 5, 32, 13, 2, 49, 14, 38, 53]
labeling = [0, 12, 34, 16, 8, 31, 6, 28, 19, 26, 1, 5, 4, 33, 35, 30, 20, 29, 22, 25, 18, 13, 9, 2, 27, 23, 7, 24, 15, 3, 11, 21, 32, 14, 17, 10, 0, 0, 0, 0, 0, 0, 0, 0, 0, 0, 0, 0, 0, 0, 0, 0, 0, 0]
