===== RESULTADO GA L(2,1) =====
Arquivo: /Users/mateuspedrosa/Documents/TCC-II/BOGA/data/Harwell-Boeing_cleaned/dwt_346_clean.mtx (undirected)
Crossover: cx | Mutação: em | pop=30 | gens=53 | mut=0.446 | cr=0.5724 | runs=1 | max-stagt=1031

----- Execução #1 -----
Span (lambda): 248
Parada: MAX_GENS (geração 53)
best_order = [0, 1, 2, 3, 4, 5, 6, 7, 8, 9, 10, 11, 12, 13, 14, 15, 16, 17, 18, 19, 20, 21, 22, 23, 24, 25, 26, 27, 28, 29, 30, 31, 32, 33, 34, 35, 36, 37, 38, 39, 40, 41, 42, 43, 44, 45, 46, 47, 48, 49, 50, 51, 52, 53, 54, 55, 56, 57, 58, 59, 60, 61, 62, 63, 64, 65, 66, 67, 68, 69, 70, 71, 72, 73, 74, 75, 76, 77, 78, 79, 80, 81, 82, 83, 84, 85, 86, 87, 88, 89, 90, 91, 92, 93, 94, 95, 96, 97, 98, 99, 100, 101, 102, 103, 104, 105, 106, 107, 108, 109, 110, 111, 112, 113, 114, 115, 116, 117, 118, 119, 120, 121, 122, 123, 124, 125, 126, 127, 128, 129, 130, 131, 132, 133, 134, 135, 136, 137, 138, 139, 140, 141, 142, 143, 144, 145, 146, 147, 148, 149, 150, 151, 152, 153, 154, 155, 156, 157, 158, 159, 160, 161, 162, 163, 164, 165, 166, 167, 168, 169, 170, 171, 172, 173, 174, 175, 176, 177, 178, 179, 180, 181, 182, 183, 184, 185, 186, 187, 188, 189, 190, 191, 192, 193, 194, 195, 196, 197, 198, 199, 200, 201, 202, 203, 204, 205, 206, 207, 208, 209, 210, 211, 212, 213, 214, 215, 216, 217, 218, 219, 220, 221, 222, 223, 224, 225, 226, 227, 228, 229, 230, 231, 232, 233, 234, 235, 236, 237, 238, 239, 240, 241, 242, 243, 244, 245, 246, 247, 248, 249, 250, 251, 252, 253, 254, 255, 256, 257, 258, 259, 260, 261, 262, 263, 264, 265, 266, 267, 268, 269, 270, 271, 272, 273, 274, 275, 276, 277, 278, 279, 280, 281, 282, 283, 284, 285, 286, 287, 288, 289, 290, 291, 292, 293, 294, 295, 296, 297, 298, 299, 300, 301, 302, 303, 304, 305, 306, 307, 308, 309, 310, 311, 312, 313, 314, 315, 316, 317, 318, 319, 320, 321, 322, 323, 324, 325, 326, 327, 328, 329, 330, 331, 332, 333, 334, 335, 336, 337, 338, 339, 340, 341, 342, 343, 344, 345]
labeling = [0, 2, 4, 6, 5, 7, 9, 8, 3, 11, 13, 12, 14, 16, 15, 10, 17, 19, 21, 22, 18, 20, 23, 25, 27, 24, 26, 28, 30, 29, 31, 33, 32, 34, 36, 35, 37, 38, 39, 40, 41, 42, 43, 44, 45, 46, 47, 48, 49, 51, 53, 50, 52, 54, 55, 57, 56, 58, 59, 61, 63, 62, 64, 65, 67, 60, 66, 68, 70, 69, 71, 73, 75, 72, 74, 76, 77, 79, 78, 80, 82, 84, 81, 83, 85, 87, 86, 88, 90, 89, 91, 92, 94, 96, 93, 95, 97, 99, 98, 100, 101, 102, 104, 103, 106, 108, 105, 107, 109, 110, 111, 113, 112, 114, 115, 117, 119, 116, 118, 120, 121, 123, 125, 122, 124, 126, 128, 127, 129, 131, 133, 130, 132, 134, 135, 137, 136, 138, 140, 142, 139, 141, 143, 145, 144, 146, 148, 150, 147, 149, 151, 153, 155, 1, 152, 156, 154, 157, 159, 158, 160, 162, 161, 163, 165, 167, 164, 166, 168, 169, 171, 173, 170, 172, 174, 175, 177, 179, 176, 178, 180, 181, 182, 184, 183, 185, 186, 188, 190, 187, 192, 189, 191, 193, 195, 197, 194, 196, 198, 199, 200, 201, 202, 203, 205, 204, 207, 206, 208, 210, 212, 209, 214, 211, 216, 213, 215, 217, 218, 219, 220, 0, 221, 222, 223, 224, 0, 225, 0, 226, 227, 228, 229, 230, 231, 232, 233, 1, 234, 235, 236, 237, 0, 0, 0, 238, 239, 1, 0, 0, 1, 1, 240, 241, 2, 0, 242, 243, 0, 1, 244, 0, 0, 0, 0, 0, 0, 0, 0, 0, 0, 0, 0, 0, 0, 0, 0, 0, 0, 0, 0, 0, 0, 0, 0, 0, 0, 0, 0, 0, 0, 0, 0, 0, 0, 0, 0, 0, 0, 0, 0, 0, 0, 0, 0, 0, 0, 0, 0, 0, 0, 0, 0, 0, 0, 0, 0, 0, 0, 0, 0, 0, 0, 0, 0, 0, 0, 0, 0, 0, 0, 0, 0, 0, 0, 0, 0, 0, 0, 0, 1, 245, 246, 0, 247, 248]
convergência = [248, 248, 248, 248, 248, 248, 248, 248, 248, 248, 248, 248, 248, 248, 248, 248, 248, 248, 248, 248, 248, 248, 248, 248, 248, 248, 248, 248, 248, 248, 248, 248, 248, 248, 248, 248, 248, 248, 248, 248, 248, 248, 248, 248, 248, 248, 248, 248, 248, 248, 248, 248, 248]
================================

----- Melhor execução -----
Span (lambda): 248
best_order = [0, 1, 2, 3, 4, 5, 6, 7, 8, 9, 10, 11, 12, 13, 14, 15, 16, 17, 18, 19, 20, 21, 22, 23, 24, 25, 26, 27, 28, 29, 30, 31, 32, 33, 34, 35, 36, 37, 38, 39, 40, 41, 42, 43, 44, 45, 46, 47, 48, 49, 50, 51, 52, 53, 54, 55, 56, 57, 58, 59, 60, 61, 62, 63, 64, 65, 66, 67, 68, 69, 70, 71, 72, 73, 74, 75, 76, 77, 78, 79, 80, 81, 82, 83, 84, 85, 86, 87, 88, 89, 90, 91, 92, 93, 94, 95, 96, 97, 98, 99, 100, 101, 102, 103, 104, 105, 106, 107, 108, 109, 110, 111, 112, 113, 114, 115, 116, 117, 118, 119, 120, 121, 122, 123, 124, 125, 126, 127, 128, 129, 130, 131, 132, 133, 134, 135, 136, 137, 138, 139, 140, 141, 142, 143, 144, 145, 146, 147, 148, 149, 150, 151, 152, 153, 154, 155, 156, 157, 158, 159, 160, 161, 162, 163, 164, 165, 166, 167, 168, 169, 170, 171, 172, 173, 174, 175, 176, 177, 178, 179, 180, 181, 182, 183, 184, 185, 186, 187, 188, 189, 190, 191, 192, 193, 194, 195, 196, 197, 198, 199, 200, 201, 202, 203, 204, 205, 206, 207, 208, 209, 210, 211, 212, 213, 214, 215, 216, 217, 218, 219, 220, 221, 222, 223, 224, 225, 226, 227, 228, 229, 230, 231, 232, 233, 234, 235, 236, 237, 238, 239, 240, 241, 242, 243, 244, 245, 246, 247, 248, 249, 250, 251, 252, 253, 254, 255, 256, 257, 258, 259, 260, 261, 262, 263, 264, 265, 266, 267, 268, 269, 270, 271, 272, 273, 274, 275, 276, 277, 278, 279, 280, 281, 282, 283, 284, 285, 286, 287, 288, 289, 290, 291, 292, 293, 294, 295, 296, 297, 298, 299, 300, 301, 302, 303, 304, 305, 306, 307, 308, 309, 310, 311, 312, 313, 314, 315, 316, 317, 318, 319, 320, 321, 322, 323, 324, 325, 326, 327, 328, 329, 330, 331, 332, 333, 334, 335, 336, 337, 338, 339, 340, 341, 342, 343, 344, 345]
labeling = [0, 2, 4, 6, 5, 7, 9, 8, 3, 11, 13, 12, 14, 16, 15, 10, 17, 19, 21, 22, 18, 20, 23, 25, 27, 24, 26, 28, 30, 29, 31, 33, 32, 34, 36, 35, 37, 38, 39, 40, 41, 42, 43, 44, 45, 46, 47, 48, 49, 51, 53, 50, 52, 54, 55, 57, 56, 58, 59, 61, 63, 62, 64, 65, 67, 60, 66, 68, 70, 69, 71, 73, 75, 72, 74, 76, 77, 79, 78, 80, 82, 84, 81, 83, 85, 87, 86, 88, 90, 89, 91, 92, 94, 96, 93, 95, 97, 99, 98, 100, 101, 102, 104, 103, 106, 108, 105, 107, 109, 110, 111, 113, 112, 114, 115, 117, 119, 116, 118, 120, 121, 123, 125, 122, 124, 126, 128, 127, 129, 131, 133, 130, 132, 134, 135, 137, 136, 138, 140, 142, 139, 141, 143, 145, 144, 146, 148, 150, 147, 149, 151, 153, 155, 1, 152, 156, 154, 157, 159, 158, 160, 162, 161, 163, 165, 167, 164, 166, 168, 169, 171, 173, 170, 172, 174, 175, 177, 179, 176, 178, 180, 181, 182, 184, 183, 185, 186, 188, 190, 187, 192, 189, 191, 193, 195, 197, 194, 196, 198, 199, 200, 201, 202, 203, 205, 204, 207, 206, 208, 210, 212, 209, 214, 211, 216, 213, 215, 217, 218, 219, 220, 0, 221, 222, 223, 224, 0, 225, 0, 226, 227, 228, 229, 230, 231, 232, 233, 1, 234, 235, 236, 237, 0, 0, 0, 238, 239, 1, 0, 0, 1, 1, 240, 241, 2, 0, 242, 243, 0, 1, 244, 0, 0, 0, 0, 0, 0, 0, 0, 0, 0, 0, 0, 0, 0, 0, 0, 0, 0, 0, 0, 0, 0, 0, 0, 0, 0, 0, 0, 0, 0, 0, 0, 0, 0, 0, 0, 0, 0, 0, 0, 0, 0, 0, 0, 0, 0, 0, 0, 0, 0, 0, 0, 0, 0, 0, 0, 0, 0, 0, 0, 0, 0, 0, 0, 0, 0, 0, 0, 0, 0, 0, 0, 0, 0, 0, 0, 0, 0, 0, 1, 245, 246, 0, 247, 248]
