===== RESULTADO GA L(2,1) =====
Arquivo: /Users/mateuspedrosa/Documents/TCC-II/BOGA/data/Harwell-Boeing_cleaned/dwt_209_clean.mtx (undirected)
Crossover: cx | Mutação: em | pop=30 | gens=53 | mut=0.446 | cr=0.5724 | runs=1 | max-stagt=1031

----- Execução #1 -----
Span (lambda): 168
Parada: MAX_GENS (geração 53)
best_order = [0, 1, 2, 3, 4, 5, 6, 7, 8, 9, 10, 11, 12, 13, 14, 15, 16, 17, 18, 19, 20, 21, 22, 23, 24, 25, 26, 27, 28, 29, 30, 31, 32, 33, 34, 35, 36, 37, 38, 39, 40, 41, 42, 43, 44, 45, 46, 47, 48, 49, 50, 51, 52, 53, 54, 55, 56, 57, 58, 59, 60, 61, 62, 63, 64, 65, 66, 67, 68, 69, 70, 71, 72, 73, 74, 75, 76, 77, 78, 79, 80, 81, 82, 83, 84, 85, 86, 87, 88, 89, 90, 91, 92, 93, 94, 95, 96, 97, 98, 99, 100, 101, 102, 103, 104, 105, 106, 107, 108, 109, 110, 111, 112, 113, 114, 115, 116, 117, 118, 119, 120, 121, 122, 123, 124, 125, 126, 127, 128, 129, 130, 131, 132, 133, 134, 135, 136, 137, 138, 139, 140, 141, 142, 143, 144, 145, 146, 147, 148, 149, 150, 151, 152, 153, 154, 155, 156, 157, 158, 159, 160, 161, 162, 163, 164, 165, 166, 167, 168, 169, 170, 171, 172, 173, 174, 175, 176, 177, 178, 179, 180, 181, 182, 183, 184, 185, 186, 187, 188, 189, 190, 191, 192, 193, 194, 195, 196, 197, 198, 199, 200, 201, 202, 203, 204, 205, 206, 207, 208]
labeling = [0, 2, 4, 6, 3, 5, 7, 9, 11, 8, 10, 12, 14, 13, 15, 17, 18, 16, 20, 19, 21, 23, 25, 22, 24, 26, 28, 30, 27, 29, 31, 33, 35, 37, 32, 34, 36, 38, 40, 42, 39, 41, 43, 45, 44, 46, 47, 48, 50, 51, 49, 52, 53, 55, 57, 54, 56, 58, 60, 61, 59, 62, 64, 66, 63, 65, 67, 68, 69, 70, 72, 74, 71, 73, 75, 77, 79, 81, 82, 76, 78, 80, 83, 85, 87, 84, 86, 88, 89, 91, 90, 92, 93, 94, 96, 98, 95, 97, 99, 101, 103, 100, 102, 104, 106, 105, 107, 108, 110, 112, 109, 111, 113, 115, 117, 114, 116, 118, 119, 121, 120, 122, 124, 126, 123, 125, 127, 129, 131, 128, 130, 132, 134, 136, 133, 135, 137, 138, 139, 140, 141, 142, 143, 144, 145, 1, 1, 1, 146, 147, 148, 149, 150, 151, 152, 153, 154, 0, 0, 0, 0, 0, 0, 0, 0, 0, 0, 0, 0, 155, 156, 1, 157, 158, 2, 0, 0, 1, 1, 1, 1, 159, 1, 0, 0, 160, 161, 1, 1, 162, 1, 1, 163, 1, 164, 165, 1, 1, 1, 1, 1, 1, 1, 166, 1, 167, 1, 168, 0]
convergência = [168, 168, 168, 168, 168, 168, 168, 168, 168, 168, 168, 168, 168, 168, 168, 168, 168, 168, 168, 168, 168, 168, 168, 168, 168, 168, 168, 168, 168, 168, 168, 168, 168, 168, 168, 168, 168, 168, 168, 168, 168, 168, 168, 168, 168, 168, 168, 168, 168, 168, 168, 168, 168]
================================

----- Melhor execução -----
Span (lambda): 168
best_order = [0, 1, 2, 3, 4, 5, 6, 7, 8, 9, 10, 11, 12, 13, 14, 15, 16, 17, 18, 19, 20, 21, 22, 23, 24, 25, 26, 27, 28, 29, 30, 31, 32, 33, 34, 35, 36, 37, 38, 39, 40, 41, 42, 43, 44, 45, 46, 47, 48, 49, 50, 51, 52, 53, 54, 55, 56, 57, 58, 59, 60, 61, 62, 63, 64, 65, 66, 67, 68, 69, 70, 71, 72, 73, 74, 75, 76, 77, 78, 79, 80, 81, 82, 83, 84, 85, 86, 87, 88, 89, 90, 91, 92, 93, 94, 95, 96, 97, 98, 99, 100, 101, 102, 103, 104, 105, 106, 107, 108, 109, 110, 111, 112, 113, 114, 115, 116, 117, 118, 119, 120, 121, 122, 123, 124, 125, 126, 127, 128, 129, 130, 131, 132, 133, 134, 135, 136, 137, 138, 139, 140, 141, 142, 143, 144, 145, 146, 147, 148, 149, 150, 151, 152, 153, 154, 155, 156, 157, 158, 159, 160, 161, 162, 163, 164, 165, 166, 167, 168, 169, 170, 171, 172, 173, 174, 175, 176, 177, 178, 179, 180, 181, 182, 183, 184, 185, 186, 187, 188, 189, 190, 191, 192, 193, 194, 195, 196, 197, 198, 199, 200, 201, 202, 203, 204, 205, 206, 207, 208]
labeling = [0, 2, 4, 6, 3, 5, 7, 9, 11, 8, 10, 12, 14, 13, 15, 17, 18, 16, 20, 19, 21, 23, 25, 22, 24, 26, 28, 30, 27, 29, 31, 33, 35, 37, 32, 34, 36, 38, 40, 42, 39, 41, 43, 45, 44, 46, 47, 48, 50, 51, 49, 52, 53, 55, 57, 54, 56, 58, 60, 61, 59, 62, 64, 66, 63, 65, 67, 68, 69, 70, 72, 74, 71, 73, 75, 77, 79, 81, 82, 76, 78, 80, 83, 85, 87, 84, 86, 88, 89, 91, 90, 92, 93, 94, 96, 98, 95, 97, 99, 101, 103, 100, 102, 104, 106, 105, 107, 108, 110, 112, 109, 111, 113, 115, 117, 114, 116, 118, 119, 121, 120, 122, 124, 126, 123, 125, 127, 129, 131, 128, 130, 132, 134, 136, 133, 135, 137, 138, 139, 140, 141, 142, 143, 144, 145, 1, 1, 1, 146, 147, 148, 149, 150, 151, 152, 153, 154, 0, 0, 0, 0, 0, 0, 0, 0, 0, 0, 0, 0, 155, 156, 1, 157, 158, 2, 0, 0, 1, 1, 1, 1, 159, 1, 0, 0, 160, 161, 1, 1, 162, 1, 1, 163, 1, 164, 165, 1, 1, 1, 1, 1, 1, 1, 166, 1, 167, 1, 168, 0]
