===== RESULTADO GA L(2,1) =====
Arquivo: /Users/mateuspedrosa/Documents/TCC-II/BOGA/data/Harwell-Boeing_cleaned/dwt_66_clean.mtx (undirected)
Crossover: cx | Mutação: em | pop=30 | gens=53 | mut=0.446 | cr=0.5724 | runs=1 | max-stagt=1031

----- Execução #1 -----
Span (lambda): 45
Parada: MAX_GENS (geração 53)
best_order = [0, 1, 20, 3, 4, 5, 6, 38, 8, 9, 10, 11, 2, 13, 14, 15, 16, 57, 18, 19, 63, 21, 22, 23, 24, 56, 26, 35, 28, 29, 30, 31, 32, 33, 34, 64, 36, 37, 62, 39, 40, 41, 42, 43, 44, 17, 46, 47, 48, 27, 49, 54, 60, 53, 51, 55, 52, 25, 58, 59, 12, 61, 7, 50, 65, 45]
labeling = [0, 2, 10, 3, 4, 6, 5, 44, 8, 1, 9, 11, 43, 12, 13, 15, 14, 37, 16, 17, 0, 18, 20, 19, 21, 42, 22, 40, 23, 25, 24, 26, 27, 29, 28, 1, 0, 30, 7, 31, 33, 32, 34, 36, 35, 45, 38, 39, 41, 0, 0, 0, 0, 0, 0, 0, 0, 0, 0, 0, 0, 0, 0, 0, 0, 0]
convergência = [46, 45, 45, 45, 45, 45, 45, 45, 45, 45, 45, 45, 45, 45, 45, 45, 45, 45, 45, 45, 45, 45, 45, 45, 45, 45, 45, 45, 45, 45, 45, 45, 45, 45, 45, 45, 45, 45, 45, 45, 45, 45, 45, 45, 45, 45, 45, 45, 45, 45, 45, 45, 45]
================================

----- Melhor execução -----
Span (lambda): 45
best_order = [0, 1, 20, 3, 4, 5, 6, 38, 8, 9, 10, 11, 2, 13, 14, 15, 16, 57, 18, 19, 63, 21, 22, 23, 24, 56, 26, 35, 28, 29, 30, 31, 32, 33, 34, 64, 36, 37, 62, 39, 40, 41, 42, 43, 44, 17, 46, 47, 48, 27, 49, 54, 60, 53, 51, 55, 52, 25, 58, 59, 12, 61, 7, 50, 65, 45]
labeling = [0, 2, 10, 3, 4, 6, 5, 44, 8, 1, 9, 11, 43, 12, 13, 15, 14, 37, 16, 17, 0, 18, 20, 19, 21, 42, 22, 40, 23, 25, 24, 26, 27, 29, 28, 1, 0, 30, 7, 31, 33, 32, 34, 36, 35, 45, 38, 39, 41, 0, 0, 0, 0, 0, 0, 0, 0, 0, 0, 0, 0, 0, 0, 0, 0, 0]
