===== RESULTADO GA L(2,1) =====
Arquivo: /Users/mateuspedrosa/Documents/TCC-II/BOGA/data/Harwell-Boeing_cleaned/dwt_310_clean.mtx (undirected)
Crossover: cx | Mutação: em | pop=30 | gens=53 | mut=0.446 | cr=0.5724 | runs=1 | max-stagt=1031

----- Execução #1 -----
Span (lambda): 215
Parada: MAX_GENS (geração 53)
best_order = [0, 1, 2, 3, 4, 5, 6, 7, 8, 9, 10, 11, 12, 13, 14, 15, 16, 17, 18, 19, 20, 21, 22, 23, 24, 25, 26, 27, 28, 29, 30, 31, 32, 33, 34, 35, 36, 37, 38, 39, 40, 41, 42, 43, 44, 45, 46, 47, 48, 49, 50, 51, 52, 53, 54, 55, 56, 57, 58, 59, 60, 61, 62, 63, 64, 65, 66, 67, 68, 69, 70, 71, 72, 73, 74, 75, 76, 77, 78, 79, 80, 81, 82, 83, 84, 85, 86, 87, 88, 89, 90, 91, 92, 93, 94, 95, 96, 97, 98, 99, 100, 101, 102, 103, 104, 105, 106, 107, 108, 109, 110, 111, 112, 113, 114, 115, 116, 117, 118, 119, 120, 121, 122, 123, 124, 125, 126, 127, 128, 129, 130, 131, 132, 133, 134, 135, 136, 137, 138, 139, 140, 141, 142, 143, 144, 145, 146, 147, 148, 149, 150, 151, 152, 153, 154, 155, 156, 157, 158, 159, 160, 161, 162, 163, 164, 165, 166, 167, 168, 169, 170, 171, 172, 173, 174, 175, 176, 177, 178, 179, 180, 181, 182, 183, 184, 185, 186, 187, 188, 189, 190, 191, 192, 193, 194, 195, 196, 197, 198, 199, 200, 201, 202, 203, 204, 205, 206, 207, 208, 209, 210, 211, 212, 213, 214, 215, 216, 217, 218, 219, 220, 221, 222, 223, 224, 225, 226, 227, 228, 229, 230, 231, 232, 233, 234, 235, 236, 237, 238, 239, 240, 241, 242, 243, 244, 245, 246, 247, 248, 249, 250, 251, 252, 253, 254, 255, 256, 257, 258, 259, 260, 261, 262, 263, 264, 265, 266, 267, 268, 269, 270, 271, 272, 273, 274, 275, 276, 277, 278, 279, 280, 281, 282, 283, 284, 285, 286, 287, 288, 289, 290, 291, 292, 293, 294, 295, 296, 297, 298, 299, 300, 301, 302, 303, 304, 305, 306, 307, 308, 309]
labeling = [0, 2, 4, 6, 3, 7, 5, 8, 10, 9, 11, 13, 15, 12, 14, 16, 17, 19, 21, 18, 20, 22, 23, 25, 27, 24, 26, 28, 30, 32, 29, 31, 33, 35, 34, 36, 38, 40, 37, 39, 41, 43, 45, 42, 44, 46, 48, 50, 47, 49, 51, 53, 52, 54, 56, 58, 55, 57, 59, 61, 63, 60, 62, 64, 66, 68, 65, 67, 69, 71, 70, 72, 74, 76, 73, 75, 77, 79, 81, 78, 80, 82, 84, 86, 83, 85, 87, 89, 88, 90, 92, 94, 91, 93, 95, 97, 99, 96, 98, 100, 102, 104, 101, 103, 105, 107, 106, 108, 110, 112, 109, 111, 113, 115, 117, 114, 116, 118, 120, 119, 121, 122, 124, 125, 123, 126, 127, 129, 128, 130, 131, 133, 135, 132, 134, 136, 138, 137, 139, 141, 143, 140, 142, 144, 146, 148, 145, 147, 149, 150, 152, 154, 151, 153, 155, 157, 156, 158, 160, 162, 159, 161, 163, 164, 165, 167, 169, 166, 168, 170, 171, 172, 174, 176, 173, 175, 177, 178, 179, 181, 183, 180, 182, 184, 185, 186, 188, 190, 187, 189, 191, 192, 193, 195, 197, 194, 196, 198, 199, 200, 202, 204, 201, 203, 205, 206, 207, 209, 211, 208, 210, 212, 213, 214, 215, 0, 0, 0, 0, 0, 0, 0, 0, 0, 0, 0, 0, 0, 0, 0, 0, 0, 0, 0, 0, 0, 0, 0, 0, 0, 0, 0, 0, 0, 0, 0, 0, 0, 0, 0, 0, 0, 0, 0, 0, 0, 0, 0, 0, 0, 0, 0, 0, 0, 0, 0, 0, 0, 0, 0, 0, 0, 0, 0, 0, 0, 0, 0, 0, 0, 0, 0, 0, 0, 0, 0, 0, 0, 0, 0, 0, 0, 0, 0, 0, 0, 0, 0, 0, 0, 0, 0, 0, 0, 0, 0, 0, 0, 0, 0]
convergência = [215, 215, 215, 215, 215, 215, 215, 215, 215, 215, 215, 215, 215, 215, 215, 215, 215, 215, 215, 215, 215, 215, 215, 215, 215, 215, 215, 215, 215, 215, 215, 215, 215, 215, 215, 215, 215, 215, 215, 215, 215, 215, 215, 215, 215, 215, 215, 215, 215, 215, 215, 215, 215]
================================

----- Melhor execução -----
Span (lambda): 215
best_order = [0, 1, 2, 3, 4, 5, 6, 7, 8, 9, 10, 11, 12, 13, 14, 15, 16, 17, 18, 19, 20, 21, 22, 23, 24, 25, 26, 27, 28, 29, 30, 31, 32, 33, 34, 35, 36, 37, 38, 39, 40, 41, 42, 43, 44, 45, 46, 47, 48, 49, 50, 51, 52, 53, 54, 55, 56, 57, 58, 59, 60, 61, 62, 63, 64, 65, 66, 67, 68, 69, 70, 71, 72, 73, 74, 75, 76, 77, 78, 79, 80, 81, 82, 83, 84, 85, 86, 87, 88, 89, 90, 91, 92, 93, 94, 95, 96, 97, 98, 99, 100, 101, 102, 103, 104, 105, 106, 107, 108, 109, 110, 111, 112, 113, 114, 115, 116, 117, 118, 119, 120, 121, 122, 123, 124, 125, 126, 127, 128, 129, 130, 131, 132, 133, 134, 135, 136, 137, 138, 139, 140, 141, 142, 143, 144, 145, 146, 147, 148, 149, 150, 151, 152, 153, 154, 155, 156, 157, 158, 159, 160, 161, 162, 163, 164, 165, 166, 167, 168, 169, 170, 171, 172, 173, 174, 175, 176, 177, 178, 179, 180, 181, 182, 183, 184, 185, 186, 187, 188, 189, 190, 191, 192, 193, 194, 195, 196, 197, 198, 199, 200, 201, 202, 203, 204, 205, 206, 207, 208, 209, 210, 211, 212, 213, 214, 215, 216, 217, 218, 219, 220, 221, 222, 223, 224, 225, 226, 227, 228, 229, 230, 231, 232, 233, 234, 235, 236, 237, 238, 239, 240, 241, 242, 243, 244, 245, 246, 247, 248, 249, 250, 251, 252, 253, 254, 255, 256, 257, 258, 259, 260, 261, 262, 263, 264, 265, 266, 267, 268, 269, 270, 271, 272, 273, 274, 275, 276, 277, 278, 279, 280, 281, 282, 283, 284, 285, 286, 287, 288, 289, 290, 291, 292, 293, 294, 295, 296, 297, 298, 299, 300, 301, 302, 303, 304, 305, 306, 307, 308, 309]
labeling = [0, 2, 4, 6, 3, 7, 5, 8, 10, 9, 11, 13, 15, 12, 14, 16, 17, 19, 21, 18, 20, 22, 23, 25, 27, 24, 26, 28, 30, 32, 29, 31, 33, 35, 34, 36, 38, 40, 37, 39, 41, 43, 45, 42, 44, 46, 48, 50, 47, 49, 51, 53, 52, 54, 56, 58, 55, 57, 59, 61, 63, 60, 62, 64, 66, 68, 65, 67, 69, 71, 70, 72, 74, 76, 73, 75, 77, 79, 81, 78, 80, 82, 84, 86, 83, 85, 87, 89, 88, 90, 92, 94, 91, 93, 95, 97, 99, 96, 98, 100, 102, 104, 101, 103, 105, 107, 106, 108, 110, 112, 109, 111, 113, 115, 117, 114, 116, 118, 120, 119, 121, 122, 124, 125, 123, 126, 127, 129, 128, 130, 131, 133, 135, 132, 134, 136, 138, 137, 139, 141, 143, 140, 142, 144, 146, 148, 145, 147, 149, 150, 152, 154, 151, 153, 155, 157, 156, 158, 160, 162, 159, 161, 163, 164, 165, 167, 169, 166, 168, 170, 171, 172, 174, 176, 173, 175, 177, 178, 179, 181, 183, 180, 182, 184, 185, 186, 188, 190, 187, 189, 191, 192, 193, 195, 197, 194, 196, 198, 199, 200, 202, 204, 201, 203, 205, 206, 207, 209, 211, 208, 210, 212, 213, 214, 215, 0, 0, 0, 0, 0, 0, 0, 0, 0, 0, 0, 0, 0, 0, 0, 0, 0, 0, 0, 0, 0, 0, 0, 0, 0, 0, 0, 0, 0, 0, 0, 0, 0, 0, 0, 0, 0, 0, 0, 0, 0, 0, 0, 0, 0, 0, 0, 0, 0, 0, 0, 0, 0, 0, 0, 0, 0, 0, 0, 0, 0, 0, 0, 0, 0, 0, 0, 0, 0, 0, 0, 0, 0, 0, 0, 0, 0, 0, 0, 0, 0, 0, 0, 0, 0, 0, 0, 0, 0, 0, 0, 0, 0, 0, 0]
