===== RESULTADO GA L(2,1) =====
Arquivo: /Users/mateuspedrosa/Documents/TCC-II/BOGA/data/Harwell-Boeing_cleaned/dwt_198_clean.mtx (undirected)
Crossover: cx | Mutação: em | pop=30 | gens=53 | mut=0.446 | cr=0.5724 | runs=1 | max-stagt=1031

----- Execução #1 -----
Span (lambda): 159
Parada: MAX_GENS (geração 53)
best_order = [0, 1, 2, 3, 4, 5, 6, 7, 8, 9, 10, 11, 12, 13, 14, 15, 16, 17, 18, 19, 20, 21, 22, 23, 24, 25, 26, 27, 28, 29, 30, 31, 32, 33, 34, 35, 36, 37, 38, 39, 40, 41, 42, 43, 44, 45, 46, 47, 48, 49, 50, 51, 52, 53, 54, 55, 56, 57, 58, 59, 60, 61, 62, 63, 64, 65, 66, 67, 68, 69, 70, 71, 72, 73, 74, 75, 76, 77, 78, 79, 80, 81, 82, 83, 84, 85, 86, 87, 88, 89, 90, 91, 92, 93, 94, 95, 96, 97, 98, 99, 100, 101, 102, 103, 104, 105, 106, 107, 108, 109, 110, 111, 112, 113, 114, 115, 116, 117, 118, 119, 120, 121, 122, 123, 124, 125, 126, 127, 128, 129, 130, 131, 132, 133, 134, 135, 136, 137, 138, 139, 140, 141, 142, 143, 144, 145, 146, 147, 148, 149, 150, 151, 152, 153, 154, 155, 156, 157, 158, 159, 160, 161, 162, 163, 164, 165, 166, 167, 168, 169, 170, 171, 172, 173, 174, 175, 176, 177, 178, 179, 180, 181, 182, 183, 184, 185, 186, 187, 188, 189, 190, 191, 192, 193, 194, 195, 196, 197]
labeling = [0, 2, 4, 3, 5, 6, 8, 7, 9, 10, 12, 11, 13, 15, 17, 14, 16, 18, 19, 20, 22, 21, 23, 24, 26, 25, 27, 28, 30, 29, 31, 32, 33, 34, 35, 37, 39, 36, 38, 40, 42, 44, 41, 43, 45, 46, 47, 49, 51, 48, 50, 52, 53, 54, 56, 58, 55, 57, 59, 60, 61, 62, 64, 66, 63, 67, 65, 68, 70, 72, 69, 71, 73, 75, 77, 74, 76, 78, 79, 80, 82, 84, 81, 83, 85, 86, 87, 89, 91, 88, 90, 92, 93, 94, 95, 97, 99, 96, 100, 98, 101, 103, 105, 102, 104, 106, 108, 110, 107, 109, 111, 112, 113, 115, 117, 114, 116, 118, 119, 120, 122, 124, 121, 123, 125, 126, 127, 128, 130, 129, 131, 1, 132, 133, 134, 135, 136, 137, 138, 139, 140, 141, 142, 143, 144, 145, 146, 147, 148, 149, 1, 150, 151, 152, 153, 154, 155, 156, 1, 157, 158, 159, 0, 0, 0, 0, 0, 0, 0, 0, 0, 0, 0, 0, 0, 0, 0, 0, 0, 0, 0, 0, 0, 0, 0, 0, 0, 0, 0, 0, 0, 0, 0, 0, 0, 0, 0, 0]
convergência = [159, 159, 159, 159, 159, 159, 159, 159, 159, 159, 159, 159, 159, 159, 159, 159, 159, 159, 159, 159, 159, 159, 159, 159, 159, 159, 159, 159, 159, 159, 159, 159, 159, 159, 159, 159, 159, 159, 159, 159, 159, 159, 159, 159, 159, 159, 159, 159, 159, 159, 159, 159, 159]
================================

----- Melhor execução -----
Span (lambda): 159
best_order = [0, 1, 2, 3, 4, 5, 6, 7, 8, 9, 10, 11, 12, 13, 14, 15, 16, 17, 18, 19, 20, 21, 22, 23, 24, 25, 26, 27, 28, 29, 30, 31, 32, 33, 34, 35, 36, 37, 38, 39, 40, 41, 42, 43, 44, 45, 46, 47, 48, 49, 50, 51, 52, 53, 54, 55, 56, 57, 58, 59, 60, 61, 62, 63, 64, 65, 66, 67, 68, 69, 70, 71, 72, 73, 74, 75, 76, 77, 78, 79, 80, 81, 82, 83, 84, 85, 86, 87, 88, 89, 90, 91, 92, 93, 94, 95, 96, 97, 98, 99, 100, 101, 102, 103, 104, 105, 106, 107, 108, 109, 110, 111, 112, 113, 114, 115, 116, 117, 118, 119, 120, 121, 122, 123, 124, 125, 126, 127, 128, 129, 130, 131, 132, 133, 134, 135, 136, 137, 138, 139, 140, 141, 142, 143, 144, 145, 146, 147, 148, 149, 150, 151, 152, 153, 154, 155, 156, 157, 158, 159, 160, 161, 162, 163, 164, 165, 166, 167, 168, 169, 170, 171, 172, 173, 174, 175, 176, 177, 178, 179, 180, 181, 182, 183, 184, 185, 186, 187, 188, 189, 190, 191, 192, 193, 194, 195, 196, 197]
labeling = [0, 2, 4, 3, 5, 6, 8, 7, 9, 10, 12, 11, 13, 15, 17, 14, 16, 18, 19, 20, 22, 21, 23, 24, 26, 25, 27, 28, 30, 29, 31, 32, 33, 34, 35, 37, 39, 36, 38, 40, 42, 44, 41, 43, 45, 46, 47, 49, 51, 48, 50, 52, 53, 54, 56, 58, 55, 57, 59, 60, 61, 62, 64, 66, 63, 67, 65, 68, 70, 72, 69, 71, 73, 75, 77, 74, 76, 78, 79, 80, 82, 84, 81, 83, 85, 86, 87, 89, 91, 88, 90, 92, 93, 94, 95, 97, 99, 96, 100, 98, 101, 103, 105, 102, 104, 106, 108, 110, 107, 109, 111, 112, 113, 115, 117, 114, 116, 118, 119, 120, 122, 124, 121, 123, 125, 126, 127, 128, 130, 129, 131, 1, 132, 133, 134, 135, 136, 137, 138, 139, 140, 141, 142, 143, 144, 145, 146, 147, 148, 149, 1, 150, 151, 152, 153, 154, 155, 156, 1, 157, 158, 159, 0, 0, 0, 0, 0, 0, 0, 0, 0, 0, 0, 0, 0, 0, 0, 0, 0, 0, 0, 0, 0, 0, 0, 0, 0, 0, 0, 0, 0, 0, 0, 0, 0, 0, 0, 0]
