===== RESULTADO GA L(2,1) =====
Arquivo: /Users/mateuspedrosa/Documents/TCC-II/BOGA/data/Harwell-Boeing_cleaned/dwt_221_clean.mtx (undirected)
Crossover: cx | Mutação: em | pop=30 | gens=53 | mut=0.446 | cr=0.5724 | runs=1 | max-stagt=1031

----- Execução #1 -----
Span (lambda): 193
Parada: MAX_GENS (geração 53)
best_order = [0, 1, 2, 3, 4, 5, 6, 7, 8, 9, 10, 11, 12, 13, 14, 15, 16, 17, 18, 19, 20, 21, 22, 23, 24, 25, 26, 27, 28, 29, 30, 31, 32, 33, 34, 35, 36, 37, 38, 39, 40, 41, 42, 43, 44, 45, 46, 47, 48, 49, 50, 51, 52, 53, 54, 55, 56, 57, 58, 59, 60, 61, 62, 63, 64, 65, 66, 67, 68, 69, 70, 71, 72, 73, 74, 75, 76, 77, 78, 79, 80, 81, 82, 83, 84, 85, 86, 87, 88, 89, 90, 91, 92, 93, 94, 95, 96, 97, 98, 99, 100, 101, 102, 103, 104, 105, 106, 107, 108, 109, 110, 111, 112, 113, 114, 115, 116, 117, 118, 119, 120, 121, 122, 123, 124, 125, 126, 127, 128, 129, 130, 131, 132, 133, 134, 135, 136, 137, 138, 139, 140, 141, 142, 143, 144, 145, 146, 147, 148, 149, 150, 151, 152, 153, 154, 155, 156, 157, 158, 159, 160, 161, 162, 163, 164, 165, 166, 167, 168, 169, 170, 171, 172, 173, 174, 175, 176, 177, 178, 179, 180, 181, 182, 183, 184, 185, 186, 187, 188, 189, 190, 191, 192, 193, 194, 195, 196, 197, 198, 199, 200, 201, 202, 203, 204, 205, 206, 207, 208, 209, 210, 211, 212, 213, 214, 215, 216, 217, 218, 219, 220]
labeling = [0, 2, 3, 5, 4, 6, 8, 7, 10, 9, 11, 12, 13, 15, 17, 14, 19, 16, 18, 20, 22, 24, 21, 23, 25, 26, 27, 29, 28, 31, 32, 34, 30, 33, 35, 37, 36, 38, 39, 40, 42, 41, 43, 44, 46, 45, 47, 49, 51, 53, 55, 48, 50, 52, 54, 56, 58, 60, 57, 61, 63, 65, 62, 59, 64, 66, 68, 70, 67, 69, 71, 73, 72, 74, 76, 78, 75, 77, 79, 80, 82, 84, 81, 83, 86, 88, 90, 85, 91, 92, 87, 89, 94, 96, 93, 98, 95, 100, 97, 99, 101, 102, 103, 105, 107, 104, 108, 106, 109, 110, 112, 111, 113, 114, 115, 117, 119, 116, 121, 118, 120, 122, 123, 125, 127, 124, 129, 126, 128, 130, 132, 131, 133, 134, 136, 138, 0, 135, 0, 137, 139, 140, 141, 142, 143, 1, 144, 145, 146, 147, 1, 148, 2, 149, 8, 150, 151, 152, 153, 154, 155, 156, 1, 157, 158, 159, 160, 161, 1, 0, 162, 0, 163, 0, 164, 0, 165, 0, 166, 0, 167, 168, 1, 169, 170, 0, 171, 172, 173, 174, 1, 175, 2, 176, 1, 177, 2, 178, 179, 180, 181, 182, 183, 2, 0, 1, 184, 2, 185, 186, 187, 0, 188, 3, 189, 190, 1, 191, 192, 193, 0]
convergência = [193, 193, 193, 193, 193, 193, 193, 193, 193, 193, 193, 193, 193, 193, 193, 193, 193, 193, 193, 193, 193, 193, 193, 193, 193, 193, 193, 193, 193, 193, 193, 193, 193, 193, 193, 193, 193, 193, 193, 193, 193, 193, 193, 193, 193, 193, 193, 193, 193, 193, 193, 193, 193]
================================

----- Melhor execução -----
Span (lambda): 193
best_order = [0, 1, 2, 3, 4, 5, 6, 7, 8, 9, 10, 11, 12, 13, 14, 15, 16, 17, 18, 19, 20, 21, 22, 23, 24, 25, 26, 27, 28, 29, 30, 31, 32, 33, 34, 35, 36, 37, 38, 39, 40, 41, 42, 43, 44, 45, 46, 47, 48, 49, 50, 51, 52, 53, 54, 55, 56, 57, 58, 59, 60, 61, 62, 63, 64, 65, 66, 67, 68, 69, 70, 71, 72, 73, 74, 75, 76, 77, 78, 79, 80, 81, 82, 83, 84, 85, 86, 87, 88, 89, 90, 91, 92, 93, 94, 95, 96, 97, 98, 99, 100, 101, 102, 103, 104, 105, 106, 107, 108, 109, 110, 111, 112, 113, 114, 115, 116, 117, 118, 119, 120, 121, 122, 123, 124, 125, 126, 127, 128, 129, 130, 131, 132, 133, 134, 135, 136, 137, 138, 139, 140, 141, 142, 143, 144, 145, 146, 147, 148, 149, 150, 151, 152, 153, 154, 155, 156, 157, 158, 159, 160, 161, 162, 163, 164, 165, 166, 167, 168, 169, 170, 171, 172, 173, 174, 175, 176, 177, 178, 179, 180, 181, 182, 183, 184, 185, 186, 187, 188, 189, 190, 191, 192, 193, 194, 195, 196, 197, 198, 199, 200, 201, 202, 203, 204, 205, 206, 207, 208, 209, 210, 211, 212, 213, 214, 215, 216, 217, 218, 219, 220]
labeling = [0, 2, 3, 5, 4, 6, 8, 7, 10, 9, 11, 12, 13, 15, 17, 14, 19, 16, 18, 20, 22, 24, 21, 23, 25, 26, 27, 29, 28, 31, 32, 34, 30, 33, 35, 37, 36, 38, 39, 40, 42, 41, 43, 44, 46, 45, 47, 49, 51, 53, 55, 48, 50, 52, 54, 56, 58, 60, 57, 61, 63, 65, 62, 59, 64, 66, 68, 70, 67, 69, 71, 73, 72, 74, 76, 78, 75, 77, 79, 80, 82, 84, 81, 83, 86, 88, 90, 85, 91, 92, 87, 89, 94, 96, 93, 98, 95, 100, 97, 99, 101, 102, 103, 105, 107, 104, 108, 106, 109, 110, 112, 111, 113, 114, 115, 117, 119, 116, 121, 118, 120, 122, 123, 125, 127, 124, 129, 126, 128, 130, 132, 131, 133, 134, 136, 138, 0, 135, 0, 137, 139, 140, 141, 142, 143, 1, 144, 145, 146, 147, 1, 148, 2, 149, 8, 150, 151, 152, 153, 154, 155, 156, 1, 157, 158, 159, 160, 161, 1, 0, 162, 0, 163, 0, 164, 0, 165, 0, 166, 0, 167, 168, 1, 169, 170, 0, 171, 172, 173, 174, 1, 175, 2, 176, 1, 177, 2, 178, 179, 180, 181, 182, 183, 2, 0, 1, 184, 2, 185, 186, 187, 0, 188, 3, 189, 190, 1, 191, 192, 193, 0]
