===== RESULTADO GA L(2,1) =====
Arquivo: /Users/mateuspedrosa/Documents/TCC-II/BOGA/data/random/erdos_n360_p0.8.mtx (undirected)
Crossover: cx | Mutação: em | pop=30 | gens=53 | mut=0.446 | cr=0.5724 | runs=1 | max-stagt=1031

----- Execução #1 -----
Span (lambda): 360
Parada: TIME_LIMIT (geração 1)
best_order = [0, 1, 2, 3, 4, 5, 6, 7, 8, 9, 10, 11, 12, 13, 14, 15, 16, 17, 18, 19, 20, 21, 22, 23, 24, 25, 26, 27, 28, 29, 30, 31, 32, 33, 34, 35, 36, 37, 38, 39, 40, 41, 42, 43, 44, 45, 46, 47, 48, 49, 50, 51, 52, 53, 54, 55, 56, 57, 58, 59, 60, 61, 62, 63, 64, 65, 66, 67, 68, 69, 70, 71, 72, 73, 74, 75, 76, 77, 78, 79, 80, 81, 82, 83, 84, 85, 86, 87, 88, 89, 90, 91, 92, 93, 94, 95, 96, 97, 98, 99, 100, 101, 102, 103, 104, 105, 106, 107, 108, 109, 110, 111, 112, 113, 114, 115, 116, 117, 118, 119, 120, 121, 122, 123, 124, 125, 126, 127, 128, 129, 130, 131, 132, 133, 134, 135, 136, 137, 138, 139, 140, 141, 142, 143, 144, 145, 146, 147, 148, 149, 150, 151, 152, 153, 154, 155, 156, 157, 158, 159, 160, 161, 162, 163, 164, 165, 166, 167, 168, 169, 170, 171, 172, 173, 174, 175, 176, 177, 178, 179, 180, 181, 182, 183, 184, 185, 186, 187, 188, 189, 190, 191, 192, 193, 194, 195, 196, 197, 198, 199, 200, 201, 202, 203, 204, 205, 206, 207, 208, 209, 210, 211, 212, 213, 214, 215, 216, 217, 218, 219, 220, 221, 222, 223, 224, 225, 226, 227, 228, 229, 230, 231, 232, 233, 234, 235, 236, 237, 238, 239, 240, 241, 242, 243, 244, 245, 246, 247, 248, 249, 250, 251, 252, 253, 254, 255, 256, 257, 258, 259, 260, 261, 262, 263, 264, 265, 266, 267, 268, 269, 270, 271, 272, 273, 274, 275, 276, 277, 278, 279, 280, 281, 282, 283, 284, 285, 286, 287, 288, 289, 290, 291, 292, 293, 294, 295, 296, 297, 298, 299, 300, 301, 302, 303, 304, 305, 306, 307, 308, 309, 310, 311, 312, 313, 314, 315, 316, 317, 318, 319, 320, 321, 322, 323, 324, 325, 326, 327, 328, 329, 330, 331, 332, 333, 334, 335, 336, 337, 338, 339, 340, 341, 342, 343, 344, 345, 346, 347, 348, 349, 350, 351, 352, 353, 354, 355, 356, 357, 358, 359]
labeling = [0, 2, 4, 5, 7, 9, 8, 11, 3, 13, 6, 15, 16, 18, 19, 21, 10, 20, 23, 17, 22, 12, 14, 24, 26, 28, 29, 31, 30, 32, 34, 36, 38, 40, 25, 39, 37, 33, 27, 41, 43, 45, 47, 49, 50, 51, 44, 48, 53, 52, 55, 35, 57, 59, 61, 54, 42, 63, 58, 64, 65, 67, 69, 71, 72, 46, 74, 56, 73, 76, 75, 68, 77, 70, 78, 80, 81, 79, 60, 82, 84, 83, 86, 62, 87, 89, 91, 90, 92, 94, 96, 93, 98, 100, 101, 88, 103, 85, 105, 102, 106, 97, 107, 104, 66, 95, 109, 111, 112, 108, 113, 99, 115, 117, 118, 114, 120, 122, 110, 124, 126, 127, 129, 130, 132, 119, 116, 133, 123, 121, 134, 135, 137, 125, 139, 140, 131, 138, 142, 143, 136, 145, 128, 144, 146, 147, 149, 150, 151, 153, 155, 156, 158, 160, 141, 152, 161, 159, 148, 154, 162, 163, 165, 167, 168, 169, 170, 172, 157, 166, 174, 176, 178, 164, 179, 181, 171, 183, 177, 180, 184, 186, 182, 187, 189, 185, 191, 193, 194, 190, 195, 173, 197, 196, 199, 201, 203, 205, 200, 192, 207, 198, 188, 175, 204, 202, 208, 210, 211, 213, 215, 209, 214, 206, 217, 219, 221, 223, 216, 225, 224, 220, 227, 229, 212, 231, 233, 230, 226, 222, 234, 218, 236, 232, 235, 238, 239, 241, 243, 228, 245, 237, 240, 246, 242, 247, 244, 248, 249, 250, 251, 252, 253, 254, 255, 256, 257, 258, 259, 260, 261, 262, 263, 264, 265, 266, 267, 268, 269, 270, 271, 272, 273, 274, 275, 276, 277, 278, 279, 280, 281, 282, 283, 284, 285, 286, 287, 288, 289, 290, 291, 292, 293, 294, 295, 296, 297, 298, 299, 300, 301, 302, 303, 304, 305, 306, 307, 308, 309, 310, 311, 312, 313, 314, 315, 316, 317, 318, 319, 320, 321, 322, 323, 324, 325, 326, 327, 328, 329, 330, 331, 332, 333, 334, 335, 336, 337, 338, 339, 340, 341, 342, 343, 344, 345, 346, 347, 348, 349, 350, 351, 352, 353, 354, 355, 356, 357, 358, 359, 360]
convergência = [360]
================================

----- Melhor execução -----
Span (lambda): 360
best_order = [0, 1, 2, 3, 4, 5, 6, 7, 8, 9, 10, 11, 12, 13, 14, 15, 16, 17, 18, 19, 20, 21, 22, 23, 24, 25, 26, 27, 28, 29, 30, 31, 32, 33, 34, 35, 36, 37, 38, 39, 40, 41, 42, 43, 44, 45, 46, 47, 48, 49, 50, 51, 52, 53, 54, 55, 56, 57, 58, 59, 60, 61, 62, 63, 64, 65, 66, 67, 68, 69, 70, 71, 72, 73, 74, 75, 76, 77, 78, 79, 80, 81, 82, 83, 84, 85, 86, 87, 88, 89, 90, 91, 92, 93, 94, 95, 96, 97, 98, 99, 100, 101, 102, 103, 104, 105, 106, 107, 108, 109, 110, 111, 112, 113, 114, 115, 116, 117, 118, 119, 120, 121, 122, 123, 124, 125, 126, 127, 128, 129, 130, 131, 132, 133, 134, 135, 136, 137, 138, 139, 140, 141, 142, 143, 144, 145, 146, 147, 148, 149, 150, 151, 152, 153, 154, 155, 156, 157, 158, 159, 160, 161, 162, 163, 164, 165, 166, 167, 168, 169, 170, 171, 172, 173, 174, 175, 176, 177, 178, 179, 180, 181, 182, 183, 184, 185, 186, 187, 188, 189, 190, 191, 192, 193, 194, 195, 196, 197, 198, 199, 200, 201, 202, 203, 204, 205, 206, 207, 208, 209, 210, 211, 212, 213, 214, 215, 216, 217, 218, 219, 220, 221, 222, 223, 224, 225, 226, 227, 228, 229, 230, 231, 232, 233, 234, 235, 236, 237, 238, 239, 240, 241, 242, 243, 244, 245, 246, 247, 248, 249, 250, 251, 252, 253, 254, 255, 256, 257, 258, 259, 260, 261, 262, 263, 264, 265, 266, 267, 268, 269, 270, 271, 272, 273, 274, 275, 276, 277, 278, 279, 280, 281, 282, 283, 284, 285, 286, 287, 288, 289, 290, 291, 292, 293, 294, 295, 296, 297, 298, 299, 300, 301, 302, 303, 304, 305, 306, 307, 308, 309, 310, 311, 312, 313, 314, 315, 316, 317, 318, 319, 320, 321, 322, 323, 324, 325, 326, 327, 328, 329, 330, 331, 332, 333, 334, 335, 336, 337, 338, 339, 340, 341, 342, 343, 344, 345, 346, 347, 348, 349, 350, 351, 352, 353, 354, 355, 356, 357, 358, 359]
labeling = [0, 2, 4, 5, 7, 9, 8, 11, 3, 13, 6, 15, 16, 18, 19, 21, 10, 20, 23, 17, 22, 12, 14, 24, 26, 28, 29, 31, 30, 32, 34, 36, 38, 40, 25, 39, 37, 33, 27, 41, 43, 45, 47, 49, 50, 51, 44, 48, 53, 52, 55, 35, 57, 59, 61, 54, 42, 63, 58, 64, 65, 67, 69, 71, 72, 46, 74, 56, 73, 76, 75, 68, 77, 70, 78, 80, 81, 79, 60, 82, 84, 83, 86, 62, 87, 89, 91, 90, 92, 94, 96, 93, 98, 100, 101, 88, 103, 85, 105, 102, 106, 97, 107, 104, 66, 95, 109, 111, 112, 108, 113, 99, 115, 117, 118, 114, 120, 122, 110, 124, 126, 127, 129, 130, 132, 119, 116, 133, 123, 121, 134, 135, 137, 125, 139, 140, 131, 138, 142, 143, 136, 145, 128, 144, 146, 147, 149, 150, 151, 153, 155, 156, 158, 160, 141, 152, 161, 159, 148, 154, 162, 163, 165, 167, 168, 169, 170, 172, 157, 166, 174, 176, 178, 164, 179, 181, 171, 183, 177, 180, 184, 186, 182, 187, 189, 185, 191, 193, 194, 190, 195, 173, 197, 196, 199, 201, 203, 205, 200, 192, 207, 198, 188, 175, 204, 202, 208, 210, 211, 213, 215, 209, 214, 206, 217, 219, 221, 223, 216, 225, 224, 220, 227, 229, 212, 231, 233, 230, 226, 222, 234, 218, 236, 232, 235, 238, 239, 241, 243, 228, 245, 237, 240, 246, 242, 247, 244, 248, 249, 250, 251, 252, 253, 254, 255, 256, 257, 258, 259, 260, 261, 262, 263, 264, 265, 266, 267, 268, 269, 270, 271, 272, 273, 274, 275, 276, 277, 278, 279, 280, 281, 282, 283, 284, 285, 286, 287, 288, 289, 290, 291, 292, 293, 294, 295, 296, 297, 298, 299, 300, 301, 302, 303, 304, 305, 306, 307, 308, 309, 310, 311, 312, 313, 314, 315, 316, 317, 318, 319, 320, 321, 322, 323, 324, 325, 326, 327, 328, 329, 330, 331, 332, 333, 334, 335, 336, 337, 338, 339, 340, 341, 342, 343, 344, 345, 346, 347, 348, 349, 350, 351, 352, 353, 354, 355, 356, 357, 358, 359, 360]
