===== RESULTADO GA L(2,1) =====
Arquivo: /Users/mateuspedrosa/Documents/TCC-II/BOGA/data/random/erdos_n290_p0.8.mtx (undirected)
Crossover: cx | Mutação: em | pop=30 | gens=53 | mut=0.446 | cr=0.5724 | runs=1 | max-stagt=1031

----- Execução #1 -----
Span (lambda): 290
Parada: TIME_LIMIT (geração 2)
best_order = [0, 1, 2, 3, 4, 5, 6, 7, 8, 9, 10, 11, 12, 13, 14, 15, 16, 17, 18, 19, 20, 21, 22, 23, 24, 25, 26, 27, 28, 29, 30, 31, 32, 33, 34, 35, 36, 37, 38, 39, 40, 41, 42, 43, 44, 45, 46, 47, 48, 49, 50, 51, 52, 53, 54, 55, 56, 57, 58, 59, 60, 61, 62, 63, 64, 65, 66, 67, 68, 69, 70, 71, 72, 73, 74, 75, 76, 77, 78, 79, 80, 81, 82, 83, 84, 85, 86, 87, 88, 89, 90, 91, 92, 93, 94, 95, 96, 97, 98, 99, 100, 101, 102, 103, 104, 105, 106, 107, 108, 109, 110, 111, 112, 113, 114, 115, 116, 117, 118, 119, 120, 121, 122, 123, 124, 125, 126, 127, 128, 129, 130, 131, 132, 133, 134, 135, 136, 137, 138, 139, 140, 141, 142, 143, 144, 145, 146, 147, 148, 149, 150, 151, 152, 153, 154, 155, 156, 157, 158, 159, 160, 161, 162, 163, 164, 165, 166, 167, 168, 169, 170, 171, 172, 173, 174, 175, 176, 177, 178, 179, 180, 181, 182, 183, 184, 185, 186, 187, 188, 189, 190, 191, 192, 193, 194, 195, 196, 197, 198, 199, 200, 201, 202, 203, 204, 205, 206, 207, 208, 209, 210, 211, 212, 213, 214, 215, 216, 217, 218, 219, 220, 221, 222, 223, 224, 225, 226, 227, 228, 229, 230, 231, 232, 233, 234, 235, 236, 237, 238, 239, 240, 241, 242, 243, 244, 245, 246, 247, 248, 249, 250, 251, 252, 253, 254, 255, 256, 257, 258, 259, 260, 261, 262, 263, 264, 265, 266, 267, 268, 269, 270, 271, 272, 273, 274, 275, 276, 277, 278, 279, 280, 281, 282, 283, 284, 285, 286, 287, 288, 289]
labeling = [0, 2, 4, 5, 7, 8, 9, 10, 6, 12, 14, 16, 18, 20, 22, 23, 15, 24, 25, 11, 21, 27, 19, 28, 30, 31, 33, 35, 3, 37, 36, 13, 26, 39, 38, 17, 40, 41, 29, 32, 42, 43, 34, 45, 47, 46, 49, 50, 52, 48, 54, 51, 56, 57, 59, 60, 44, 62, 64, 53, 65, 66, 58, 67, 61, 68, 69, 70, 72, 71, 55, 74, 76, 78, 79, 75, 80, 63, 82, 84, 86, 81, 88, 87, 89, 83, 90, 91, 93, 73, 92, 95, 96, 98, 94, 77, 85, 100, 102, 97, 99, 104, 106, 103, 107, 108, 109, 105, 110, 112, 114, 116, 101, 118, 111, 113, 117, 120, 121, 115, 123, 125, 126, 128, 127, 129, 131, 133, 134, 119, 136, 138, 130, 124, 140, 135, 142, 141, 144, 122, 145, 147, 143, 139, 149, 151, 153, 148, 155, 154, 157, 146, 159, 161, 163, 156, 152, 132, 165, 167, 168, 158, 137, 164, 150, 170, 172, 173, 166, 160, 169, 174, 176, 178, 179, 181, 182, 183, 175, 184, 185, 187, 162, 189, 191, 171, 193, 190, 177, 188, 195, 180, 196, 198, 200, 186, 201, 194, 192, 202, 197, 199, 203, 204, 205, 206, 207, 208, 209, 210, 211, 212, 213, 214, 215, 216, 217, 218, 219, 220, 221, 222, 223, 224, 225, 226, 227, 228, 229, 230, 231, 232, 233, 234, 235, 236, 237, 238, 239, 240, 241, 242, 243, 244, 245, 246, 247, 248, 249, 250, 251, 252, 253, 254, 255, 256, 257, 258, 259, 260, 261, 262, 263, 264, 265, 266, 267, 268, 269, 270, 271, 272, 273, 274, 275, 276, 277, 278, 279, 280, 281, 282, 283, 284, 285, 286, 287, 288, 289, 290]
convergência = [290, 290]
================================

----- Melhor execução -----
Span (lambda): 290
best_order = [0, 1, 2, 3, 4, 5, 6, 7, 8, 9, 10, 11, 12, 13, 14, 15, 16, 17, 18, 19, 20, 21, 22, 23, 24, 25, 26, 27, 28, 29, 30, 31, 32, 33, 34, 35, 36, 37, 38, 39, 40, 41, 42, 43, 44, 45, 46, 47, 48, 49, 50, 51, 52, 53, 54, 55, 56, 57, 58, 59, 60, 61, 62, 63, 64, 65, 66, 67, 68, 69, 70, 71, 72, 73, 74, 75, 76, 77, 78, 79, 80, 81, 82, 83, 84, 85, 86, 87, 88, 89, 90, 91, 92, 93, 94, 95, 96, 97, 98, 99, 100, 101, 102, 103, 104, 105, 106, 107, 108, 109, 110, 111, 112, 113, 114, 115, 116, 117, 118, 119, 120, 121, 122, 123, 124, 125, 126, 127, 128, 129, 130, 131, 132, 133, 134, 135, 136, 137, 138, 139, 140, 141, 142, 143, 144, 145, 146, 147, 148, 149, 150, 151, 152, 153, 154, 155, 156, 157, 158, 159, 160, 161, 162, 163, 164, 165, 166, 167, 168, 169, 170, 171, 172, 173, 174, 175, 176, 177, 178, 179, 180, 181, 182, 183, 184, 185, 186, 187, 188, 189, 190, 191, 192, 193, 194, 195, 196, 197, 198, 199, 200, 201, 202, 203, 204, 205, 206, 207, 208, 209, 210, 211, 212, 213, 214, 215, 216, 217, 218, 219, 220, 221, 222, 223, 224, 225, 226, 227, 228, 229, 230, 231, 232, 233, 234, 235, 236, 237, 238, 239, 240, 241, 242, 243, 244, 245, 246, 247, 248, 249, 250, 251, 252, 253, 254, 255, 256, 257, 258, 259, 260, 261, 262, 263, 264, 265, 266, 267, 268, 269, 270, 271, 272, 273, 274, 275, 276, 277, 278, 279, 280, 281, 282, 283, 284, 285, 286, 287, 288, 289]
labeling = [0, 2, 4, 5, 7, 8, 9, 10, 6, 12, 14, 16, 18, 20, 22, 23, 15, 24, 25, 11, 21, 27, 19, 28, 30, 31, 33, 35, 3, 37, 36, 13, 26, 39, 38, 17, 40, 41, 29, 32, 42, 43, 34, 45, 47, 46, 49, 50, 52, 48, 54, 51, 56, 57, 59, 60, 44, 62, 64, 53, 65, 66, 58, 67, 61, 68, 69, 70, 72, 71, 55, 74, 76, 78, 79, 75, 80, 63, 82, 84, 86, 81, 88, 87, 89, 83, 90, 91, 93, 73, 92, 95, 96, 98, 94, 77, 85, 100, 102, 97, 99, 104, 106, 103, 107, 108, 109, 105, 110, 112, 114, 116, 101, 118, 111, 113, 117, 120, 121, 115, 123, 125, 126, 128, 127, 129, 131, 133, 134, 119, 136, 138, 130, 124, 140, 135, 142, 141, 144, 122, 145, 147, 143, 139, 149, 151, 153, 148, 155, 154, 157, 146, 159, 161, 163, 156, 152, 132, 165, 167, 168, 158, 137, 164, 150, 170, 172, 173, 166, 160, 169, 174, 176, 178, 179, 181, 182, 183, 175, 184, 185, 187, 162, 189, 191, 171, 193, 190, 177, 188, 195, 180, 196, 198, 200, 186, 201, 194, 192, 202, 197, 199, 203, 204, 205, 206, 207, 208, 209, 210, 211, 212, 213, 214, 215, 216, 217, 218, 219, 220, 221, 222, 223, 224, 225, 226, 227, 228, 229, 230, 231, 232, 233, 234, 235, 236, 237, 238, 239, 240, 241, 242, 243, 244, 245, 246, 247, 248, 249, 250, 251, 252, 253, 254, 255, 256, 257, 258, 259, 260, 261, 262, 263, 264, 265, 266, 267, 268, 269, 270, 271, 272, 273, 274, 275, 276, 277, 278, 279, 280, 281, 282, 283, 284, 285, 286, 287, 288, 289, 290]
