===== RESULTADO GA L(2,1) =====
Arquivo: /Users/mateuspedrosa/Documents/TCC-II/BOGA/data/random/erdos_n332_p0.4.mtx (undirected)
Crossover: cx | Mutação: em | pop=30 | gens=53 | mut=0.446 | cr=0.5724 | runs=1 | max-stagt=1031

----- Execução #1 -----
Span (lambda): 332
Parada: TIME_LIMIT (geração 3)
best_order = [0, 1, 2, 3, 4, 5, 6, 7, 8, 9, 10, 11, 12, 13, 14, 15, 16, 17, 18, 19, 20, 21, 22, 23, 24, 25, 26, 27, 28, 29, 30, 31, 32, 33, 34, 35, 36, 37, 38, 39, 40, 41, 42, 43, 44, 45, 46, 47, 48, 49, 50, 51, 52, 53, 54, 55, 56, 57, 58, 59, 60, 61, 62, 63, 64, 65, 66, 67, 68, 69, 70, 71, 72, 73, 74, 75, 76, 77, 78, 79, 80, 81, 82, 83, 84, 85, 86, 87, 88, 89, 90, 91, 92, 93, 94, 95, 96, 97, 98, 99, 100, 101, 102, 103, 104, 105, 106, 107, 108, 109, 110, 111, 112, 113, 114, 115, 116, 117, 118, 119, 120, 121, 122, 123, 124, 125, 126, 127, 128, 129, 130, 131, 132, 133, 134, 135, 136, 137, 138, 139, 140, 141, 142, 143, 144, 145, 146, 147, 148, 149, 150, 151, 152, 153, 154, 155, 156, 157, 158, 159, 160, 161, 162, 163, 164, 165, 166, 167, 168, 169, 170, 171, 172, 173, 174, 175, 176, 177, 178, 179, 180, 181, 182, 183, 184, 185, 186, 187, 188, 189, 190, 191, 192, 193, 194, 195, 196, 197, 198, 199, 200, 201, 202, 203, 204, 205, 206, 207, 208, 209, 210, 211, 212, 213, 214, 215, 216, 217, 218, 219, 220, 221, 222, 223, 224, 225, 226, 227, 228, 229, 230, 231, 232, 233, 234, 235, 236, 237, 238, 239, 240, 241, 242, 243, 244, 245, 246, 247, 248, 249, 250, 251, 252, 253, 254, 255, 256, 257, 258, 259, 260, 261, 262, 263, 264, 265, 266, 267, 268, 269, 270, 271, 272, 273, 274, 275, 276, 277, 278, 279, 280, 281, 282, 283, 284, 285, 286, 287, 288, 289, 290, 291, 292, 293, 294, 295, 296, 297, 298, 299, 300, 301, 302, 303, 304, 305, 306, 307, 308, 309, 310, 311, 312, 313, 314, 315, 316, 317, 318, 319, 320, 321, 322, 323, 324, 325, 326, 327, 328, 329, 330, 331]
labeling = [0, 2, 3, 4, 5, 6, 7, 9, 8, 10, 11, 12, 13, 15, 17, 14, 16, 18, 20, 21, 23, 24, 22, 26, 25, 19, 28, 27, 29, 30, 31, 32, 34, 36, 33, 37, 35, 38, 40, 39, 42, 41, 43, 44, 45, 46, 47, 48, 49, 51, 52, 50, 53, 55, 54, 56, 57, 59, 58, 61, 63, 64, 60, 66, 65, 62, 67, 68, 70, 71, 69, 72, 74, 76, 73, 75, 78, 80, 77, 79, 81, 83, 85, 82, 84, 86, 87, 88, 89, 91, 93, 95, 94, 96, 92, 98, 100, 97, 90, 102, 103, 101, 105, 99, 107, 108, 109, 106, 104, 110, 111, 112, 113, 114, 115, 116, 117, 118, 120, 122, 121, 119, 124, 125, 123, 127, 129, 126, 131, 132, 133, 135, 128, 130, 136, 134, 137, 139, 138, 140, 141, 142, 144, 145, 146, 143, 147, 148, 149, 150, 152, 153, 155, 154, 157, 156, 158, 151, 160, 159, 162, 161, 163, 164, 166, 167, 165, 169, 171, 170, 172, 173, 174, 175, 176, 168, 178, 177, 179, 181, 182, 183, 185, 180, 186, 187, 184, 189, 191, 188, 193, 194, 195, 192, 190, 196, 198, 197, 199, 200, 201, 203, 205, 206, 204, 202, 207, 209, 211, 212, 213, 208, 214, 210, 215, 217, 219, 218, 221, 222, 220, 216, 224, 223, 225, 226, 227, 228, 229, 230, 231, 232, 233, 234, 235, 236, 237, 238, 239, 240, 241, 242, 243, 244, 245, 246, 247, 248, 249, 250, 251, 252, 253, 254, 255, 256, 257, 258, 259, 260, 261, 262, 263, 264, 265, 266, 267, 268, 269, 270, 271, 272, 273, 274, 275, 276, 277, 278, 279, 280, 281, 282, 283, 284, 285, 286, 287, 288, 289, 290, 291, 292, 293, 294, 295, 296, 297, 298, 299, 300, 301, 302, 303, 304, 305, 306, 307, 308, 309, 310, 311, 312, 313, 314, 315, 316, 317, 318, 319, 320, 321, 322, 323, 324, 325, 326, 327, 328, 329, 330, 331, 332]
convergência = [332, 332, 332]
================================

----- Melhor execução -----
Span (lambda): 332
best_order = [0, 1, 2, 3, 4, 5, 6, 7, 8, 9, 10, 11, 12, 13, 14, 15, 16, 17, 18, 19, 20, 21, 22, 23, 24, 25, 26, 27, 28, 29, 30, 31, 32, 33, 34, 35, 36, 37, 38, 39, 40, 41, 42, 43, 44, 45, 46, 47, 48, 49, 50, 51, 52, 53, 54, 55, 56, 57, 58, 59, 60, 61, 62, 63, 64, 65, 66, 67, 68, 69, 70, 71, 72, 73, 74, 75, 76, 77, 78, 79, 80, 81, 82, 83, 84, 85, 86, 87, 88, 89, 90, 91, 92, 93, 94, 95, 96, 97, 98, 99, 100, 101, 102, 103, 104, 105, 106, 107, 108, 109, 110, 111, 112, 113, 114, 115, 116, 117, 118, 119, 120, 121, 122, 123, 124, 125, 126, 127, 128, 129, 130, 131, 132, 133, 134, 135, 136, 137, 138, 139, 140, 141, 142, 143, 144, 145, 146, 147, 148, 149, 150, 151, 152, 153, 154, 155, 156, 157, 158, 159, 160, 161, 162, 163, 164, 165, 166, 167, 168, 169, 170, 171, 172, 173, 174, 175, 176, 177, 178, 179, 180, 181, 182, 183, 184, 185, 186, 187, 188, 189, 190, 191, 192, 193, 194, 195, 196, 197, 198, 199, 200, 201, 202, 203, 204, 205, 206, 207, 208, 209, 210, 211, 212, 213, 214, 215, 216, 217, 218, 219, 220, 221, 222, 223, 224, 225, 226, 227, 228, 229, 230, 231, 232, 233, 234, 235, 236, 237, 238, 239, 240, 241, 242, 243, 244, 245, 246, 247, 248, 249, 250, 251, 252, 253, 254, 255, 256, 257, 258, 259, 260, 261, 262, 263, 264, 265, 266, 267, 268, 269, 270, 271, 272, 273, 274, 275, 276, 277, 278, 279, 280, 281, 282, 283, 284, 285, 286, 287, 288, 289, 290, 291, 292, 293, 294, 295, 296, 297, 298, 299, 300, 301, 302, 303, 304, 305, 306, 307, 308, 309, 310, 311, 312, 313, 314, 315, 316, 317, 318, 319, 320, 321, 322, 323, 324, 325, 326, 327, 328, 329, 330, 331]
labeling = [0, 2, 3, 4, 5, 6, 7, 9, 8, 10, 11, 12, 13, 15, 17, 14, 16, 18, 20, 21, 23, 24, 22, 26, 25, 19, 28, 27, 29, 30, 31, 32, 34, 36, 33, 37, 35, 38, 40, 39, 42, 41, 43, 44, 45, 46, 47, 48, 49, 51, 52, 50, 53, 55, 54, 56, 57, 59, 58, 61, 63, 64, 60, 66, 65, 62, 67, 68, 70, 71, 69, 72, 74, 76, 73, 75, 78, 80, 77, 79, 81, 83, 85, 82, 84, 86, 87, 88, 89, 91, 93, 95, 94, 96, 92, 98, 100, 97, 90, 102, 103, 101, 105, 99, 107, 108, 109, 106, 104, 110, 111, 112, 113, 114, 115, 116, 117, 118, 120, 122, 121, 119, 124, 125, 123, 127, 129, 126, 131, 132, 133, 135, 128, 130, 136, 134, 137, 139, 138, 140, 141, 142, 144, 145, 146, 143, 147, 148, 149, 150, 152, 153, 155, 154, 157, 156, 158, 151, 160, 159, 162, 161, 163, 164, 166, 167, 165, 169, 171, 170, 172, 173, 174, 175, 176, 168, 178, 177, 179, 181, 182, 183, 185, 180, 186, 187, 184, 189, 191, 188, 193, 194, 195, 192, 190, 196, 198, 197, 199, 200, 201, 203, 205, 206, 204, 202, 207, 209, 211, 212, 213, 208, 214, 210, 215, 217, 219, 218, 221, 222, 220, 216, 224, 223, 225, 226, 227, 228, 229, 230, 231, 232, 233, 234, 235, 236, 237, 238, 239, 240, 241, 242, 243, 244, 245, 246, 247, 248, 249, 250, 251, 252, 253, 254, 255, 256, 257, 258, 259, 260, 261, 262, 263, 264, 265, 266, 267, 268, 269, 270, 271, 272, 273, 274, 275, 276, 277, 278, 279, 280, 281, 282, 283, 284, 285, 286, 287, 288, 289, 290, 291, 292, 293, 294, 295, 296, 297, 298, 299, 300, 301, 302, 303, 304, 305, 306, 307, 308, 309, 310, 311, 312, 313, 314, 315, 316, 317, 318, 319, 320, 321, 322, 323, 324, 325, 326, 327, 328, 329, 330, 331, 332]
