===== RESULTADO GA L(2,1) =====
Arquivo: /Users/mateuspedrosa/Documents/TCC-II/BOGA/data/random/erdos_n648_p0.6.mtx (undirected)
Crossover: cx | Mutação: em | pop=30 | gens=53 | mut=0.446 | cr=0.5724 | runs=1 | max-stagt=1031

----- Execução #1 -----
Span (lambda): 648
Parada: TIME_LIMIT (geração 1)
best_order = [0, 1, 2, 3, 4, 5, 6, 7, 8, 9, 10, 11, 12, 13, 14, 15, 16, 17, 18, 19, 20, 21, 22, 23, 24, 25, 26, 27, 28, 29, 30, 31, 32, 33, 34, 35, 36, 37, 38, 39, 40, 41, 42, 43, 44, 45, 46, 47, 48, 49, 50, 51, 52, 53, 54, 55, 56, 57, 58, 59, 60, 61, 62, 63, 64, 65, 66, 67, 68, 69, 70, 71, 72, 73, 74, 75, 76, 77, 78, 79, 80, 81, 82, 83, 84, 85, 86, 87, 88, 89, 90, 91, 92, 93, 94, 95, 96, 97, 98, 99, 100, 101, 102, 103, 104, 105, 106, 107, 108, 109, 110, 111, 112, 113, 114, 115, 116, 117, 118, 119, 120, 121, 122, 123, 124, 125, 126, 127, 128, 129, 130, 131, 132, 133, 134, 135, 136, 137, 138, 139, 140, 141, 142, 143, 144, 145, 146, 147, 148, 149, 150, 151, 152, 153, 154, 155, 156, 157, 158, 159, 160, 161, 162, 163, 164, 165, 166, 167, 168, 169, 170, 171, 172, 173, 174, 175, 176, 177, 178, 179, 180, 181, 182, 183, 184, 185, 186, 187, 188, 189, 190, 191, 192, 193, 194, 195, 196, 197, 198, 199, 200, 201, 202, 203, 204, 205, 206, 207, 208, 209, 210, 211, 212, 213, 214, 215, 216, 217, 218, 219, 220, 221, 222, 223, 224, 225, 226, 227, 228, 229, 230, 231, 232, 233, 234, 235, 236, 237, 238, 239, 240, 241, 242, 243, 244, 245, 246, 247, 248, 249, 250, 251, 252, 253, 254, 255, 256, 257, 258, 259, 260, 261, 262, 263, 264, 265, 266, 267, 268, 269, 270, 271, 272, 273, 274, 275, 276, 277, 278, 279, 280, 281, 282, 283, 284, 285, 286, 287, 288, 289, 290, 291, 292, 293, 294, 295, 296, 297, 298, 299, 300, 301, 302, 303, 304, 305, 306, 307, 308, 309, 310, 311, 312, 313, 314, 315, 316, 317, 318, 319, 320, 321, 322, 323, 324, 325, 326, 327, 328, 329, 330, 331, 332, 333, 334, 335, 336, 337, 338, 339, 340, 341, 342, 343, 344, 345, 346, 347, 348, 349, 350, 351, 352, 353, 354, 355, 356, 357, 358, 359, 360, 361, 362, 363, 364, 365, 366, 367, 368, 369, 370, 371, 372, 373, 374, 375, 376, 377, 378, 379, 380, 381, 382, 383, 384, 385, 386, 387, 388, 389, 390, 391, 392, 393, 394, 395, 396, 397, 398, 399, 400, 401, 402, 403, 404, 405, 406, 407, 408, 409, 410, 411, 412, 413, 414, 415, 416, 417, 418, 419, 420, 421, 422, 423, 424, 425, 426, 427, 428, 429, 430, 431, 432, 433, 434, 435, 436, 437, 438, 439, 440, 441, 442, 443, 444, 445, 446, 447, 448, 449, 450, 451, 452, 453, 454, 455, 456, 457, 458, 459, 460, 461, 462, 463, 464, 465, 466, 467, 468, 469, 470, 471, 472, 473, 474, 475, 476, 477, 478, 479, 480, 481, 482, 483, 484, 485, 486, 487, 488, 489, 490, 491, 492, 493, 494, 495, 496, 497, 498, 499, 500, 501, 502, 503, 504, 505, 506, 507, 508, 509, 510, 511, 512, 513, 514, 515, 516, 517, 518, 519, 520, 521, 522, 523, 524, 525, 526, 527, 528, 529, 530, 531, 532, 533, 534, 535, 536, 537, 538, 539, 540, 541, 542, 543, 544, 545, 546, 547, 548, 549, 550, 551, 552, 553, 554, 555, 556, 557, 558, 559, 560, 561, 562, 563, 564, 565, 566, 567, 568, 569, 570, 571, 572, 573, 574, 575, 576, 577, 578, 579, 580, 581, 582, 583, 584, 585, 586, 587, 588, 589, 590, 591, 592, 593, 594, 595, 596, 597, 598, 599, 600, 601, 602, 603, 604, 605, 606, 607, 608, 609, 610, 611, 612, 613, 614, 615, 616, 617, 618, 619, 620, 621, 622, 623, 624, 625, 626, 627, 628, 629, 630, 631, 632, 633, 634, 635, 636, 637, 638, 639, 640, 641, 642, 643, 644, 645, 646, 647]
labeling = [0, 2, 3, 5, 4, 7, 9, 11, 13, 8, 6, 14, 15, 12, 17, 19, 18, 21, 16, 10, 23, 20, 25, 27, 28, 30, 22, 24, 29, 31, 26, 32, 33, 34, 36, 38, 37, 40, 35, 42, 39, 44, 41, 45, 43, 46, 47, 48, 49, 51, 53, 55, 54, 50, 52, 56, 57, 58, 59, 61, 62, 63, 60, 65, 64, 66, 68, 70, 71, 67, 72, 73, 75, 77, 78, 69, 80, 74, 82, 76, 79, 84, 85, 81, 83, 87, 89, 90, 91, 93, 95, 96, 92, 94, 86, 97, 99, 98, 100, 101, 88, 103, 105, 102, 106, 107, 104, 108, 110, 111, 112, 113, 114, 115, 117, 119, 116, 109, 118, 121, 123, 122, 125, 127, 120, 124, 129, 128, 126, 130, 131, 133, 135, 134, 132, 136, 137, 138, 140, 141, 142, 144, 146, 148, 150, 147, 143, 139, 145, 149, 151, 152, 153, 155, 154, 157, 159, 161, 158, 160, 163, 165, 167, 156, 162, 168, 164, 169, 166, 170, 171, 172, 173, 174, 176, 178, 179, 180, 182, 181, 175, 177, 184, 183, 186, 188, 189, 190, 191, 185, 192, 194, 187, 193, 195, 196, 198, 197, 199, 200, 201, 203, 204, 202, 205, 206, 207, 208, 209, 210, 212, 214, 216, 211, 213, 218, 220, 222, 219, 215, 217, 224, 225, 223, 221, 226, 227, 229, 228, 231, 232, 233, 235, 234, 230, 237, 236, 238, 240, 239, 242, 241, 244, 245, 243, 247, 249, 250, 252, 254, 251, 256, 253, 258, 246, 259, 248, 260, 257, 262, 264, 265, 255, 266, 261, 267, 269, 271, 263, 268, 273, 270, 272, 274, 276, 277, 279, 278, 281, 283, 275, 285, 282, 287, 280, 288, 289, 284, 290, 292, 293, 295, 297, 286, 299, 301, 294, 298, 291, 303, 296, 300, 302, 305, 304, 306, 307, 308, 310, 311, 312, 313, 309, 315, 316, 318, 320, 314, 319, 317, 321, 322, 324, 325, 327, 329, 331, 323, 333, 335, 330, 337, 326, 328, 339, 332, 334, 340, 338, 342, 341, 343, 344, 346, 348, 350, 349, 336, 345, 351, 347, 353, 352, 354, 356, 358, 359, 355, 357, 361, 362, 363, 364, 366, 360, 368, 370, 369, 365, 367, 371, 373, 375, 377, 378, 372, 374, 379, 380, 382, 384, 381, 386, 376, 388, 383, 385, 389, 387, 390, 392, 391, 393, 395, 394, 396, 398, 400, 397, 401, 399, 402, 404, 406, 403, 405, 408, 410, 411, 407, 413, 409, 414, 412, 416, 418, 420, 415, 417, 421, 423, 419, 422, 424, 425, 427, 426, 428, 430, 432, 429, 431, 433, 434, 435, 436, 437, 438, 439, 440, 441, 442, 443, 444, 445, 446, 447, 448, 449, 450, 451, 452, 453, 454, 455, 456, 457, 458, 459, 460, 461, 462, 463, 464, 465, 466, 467, 468, 469, 470, 471, 472, 473, 474, 475, 476, 477, 478, 479, 480, 481, 482, 483, 484, 485, 486, 487, 488, 489, 490, 491, 492, 493, 494, 495, 496, 497, 498, 499, 500, 501, 502, 503, 504, 505, 506, 507, 508, 509, 510, 511, 512, 513, 514, 515, 516, 517, 518, 519, 520, 521, 522, 523, 524, 525, 526, 527, 528, 529, 530, 531, 532, 533, 534, 535, 536, 537, 538, 539, 540, 541, 542, 543, 544, 545, 546, 547, 548, 549, 550, 551, 552, 553, 554, 555, 556, 557, 558, 559, 560, 561, 562, 563, 564, 565, 566, 567, 568, 569, 570, 571, 572, 573, 574, 575, 576, 577, 578, 579, 580, 581, 582, 583, 584, 585, 586, 587, 588, 589, 590, 591, 592, 593, 594, 595, 596, 597, 598, 599, 600, 601, 602, 603, 604, 605, 606, 607, 608, 609, 610, 611, 612, 613, 614, 615, 616, 617, 618, 619, 620, 621, 622, 623, 624, 625, 626, 627, 628, 629, 630, 631, 632, 633, 634, 635, 636, 637, 638, 639, 640, 641, 642, 643, 644, 645, 646, 647, 648]
convergência = [648]
================================

----- Melhor execução -----
Span (lambda): 648
best_order = [0, 1, 2, 3, 4, 5, 6, 7, 8, 9, 10, 11, 12, 13, 14, 15, 16, 17, 18, 19, 20, 21, 22, 23, 24, 25, 26, 27, 28, 29, 30, 31, 32, 33, 34, 35, 36, 37, 38, 39, 40, 41, 42, 43, 44, 45, 46, 47, 48, 49, 50, 51, 52, 53, 54, 55, 56, 57, 58, 59, 60, 61, 62, 63, 64, 65, 66, 67, 68, 69, 70, 71, 72, 73, 74, 75, 76, 77, 78, 79, 80, 81, 82, 83, 84, 85, 86, 87, 88, 89, 90, 91, 92, 93, 94, 95, 96, 97, 98, 99, 100, 101, 102, 103, 104, 105, 106, 107, 108, 109, 110, 111, 112, 113, 114, 115, 116, 117, 118, 119, 120, 121, 122, 123, 124, 125, 126, 127, 128, 129, 130, 131, 132, 133, 134, 135, 136, 137, 138, 139, 140, 141, 142, 143, 144, 145, 146, 147, 148, 149, 150, 151, 152, 153, 154, 155, 156, 157, 158, 159, 160, 161, 162, 163, 164, 165, 166, 167, 168, 169, 170, 171, 172, 173, 174, 175, 176, 177, 178, 179, 180, 181, 182, 183, 184, 185, 186, 187, 188, 189, 190, 191, 192, 193, 194, 195, 196, 197, 198, 199, 200, 201, 202, 203, 204, 205, 206, 207, 208, 209, 210, 211, 212, 213, 214, 215, 216, 217, 218, 219, 220, 221, 222, 223, 224, 225, 226, 227, 228, 229, 230, 231, 232, 233, 234, 235, 236, 237, 238, 239, 240, 241, 242, 243, 244, 245, 246, 247, 248, 249, 250, 251, 252, 253, 254, 255, 256, 257, 258, 259, 260, 261, 262, 263, 264, 265, 266, 267, 268, 269, 270, 271, 272, 273, 274, 275, 276, 277, 278, 279, 280, 281, 282, 283, 284, 285, 286, 287, 288, 289, 290, 291, 292, 293, 294, 295, 296, 297, 298, 299, 300, 301, 302, 303, 304, 305, 306, 307, 308, 309, 310, 311, 312, 313, 314, 315, 316, 317, 318, 319, 320, 321, 322, 323, 324, 325, 326, 327, 328, 329, 330, 331, 332, 333, 334, 335, 336, 337, 338, 339, 340, 341, 342, 343, 344, 345, 346, 347, 348, 349, 350, 351, 352, 353, 354, 355, 356, 357, 358, 359, 360, 361, 362, 363, 364, 365, 366, 367, 368, 369, 370, 371, 372, 373, 374, 375, 376, 377, 378, 379, 380, 381, 382, 383, 384, 385, 386, 387, 388, 389, 390, 391, 392, 393, 394, 395, 396, 397, 398, 399, 400, 401, 402, 403, 404, 405, 406, 407, 408, 409, 410, 411, 412, 413, 414, 415, 416, 417, 418, 419, 420, 421, 422, 423, 424, 425, 426, 427, 428, 429, 430, 431, 432, 433, 434, 435, 436, 437, 438, 439, 440, 441, 442, 443, 444, 445, 446, 447, 448, 449, 450, 451, 452, 453, 454, 455, 456, 457, 458, 459, 460, 461, 462, 463, 464, 465, 466, 467, 468, 469, 470, 471, 472, 473, 474, 475, 476, 477, 478, 479, 480, 481, 482, 483, 484, 485, 486, 487, 488, 489, 490, 491, 492, 493, 494, 495, 496, 497, 498, 499, 500, 501, 502, 503, 504, 505, 506, 507, 508, 509, 510, 511, 512, 513, 514, 515, 516, 517, 518, 519, 520, 521, 522, 523, 524, 525, 526, 527, 528, 529, 530, 531, 532, 533, 534, 535, 536, 537, 538, 539, 540, 541, 542, 543, 544, 545, 546, 547, 548, 549, 550, 551, 552, 553, 554, 555, 556, 557, 558, 559, 560, 561, 562, 563, 564, 565, 566, 567, 568, 569, 570, 571, 572, 573, 574, 575, 576, 577, 578, 579, 580, 581, 582, 583, 584, 585, 586, 587, 588, 589, 590, 591, 592, 593, 594, 595, 596, 597, 598, 599, 600, 601, 602, 603, 604, 605, 606, 607, 608, 609, 610, 611, 612, 613, 614, 615, 616, 617, 618, 619, 620, 621, 622, 623, 624, 625, 626, 627, 628, 629, 630, 631, 632, 633, 634, 635, 636, 637, 638, 639, 640, 641, 642, 643, 644, 645, 646, 647]
labeling = [0, 2, 3, 5, 4, 7, 9, 11, 13, 8, 6, 14, 15, 12, 17, 19, 18, 21, 16, 10, 23, 20, 25, 27, 28, 30, 22, 24, 29, 31, 26, 32, 33, 34, 36, 38, 37, 40, 35, 42, 39, 44, 41, 45, 43, 46, 47, 48, 49, 51, 53, 55, 54, 50, 52, 56, 57, 58, 59, 61, 62, 63, 60, 65, 64, 66, 68, 70, 71, 67, 72, 73, 75, 77, 78, 69, 80, 74, 82, 76, 79, 84, 85, 81, 83, 87, 89, 90, 91, 93, 95, 96, 92, 94, 86, 97, 99, 98, 100, 101, 88, 103, 105, 102, 106, 107, 104, 108, 110, 111, 112, 113, 114, 115, 117, 119, 116, 109, 118, 121, 123, 122, 125, 127, 120, 124, 129, 128, 126, 130, 131, 133, 135, 134, 132, 136, 137, 138, 140, 141, 142, 144, 146, 148, 150, 147, 143, 139, 145, 149, 151, 152, 153, 155, 154, 157, 159, 161, 158, 160, 163, 165, 167, 156, 162, 168, 164, 169, 166, 170, 171, 172, 173, 174, 176, 178, 179, 180, 182, 181, 175, 177, 184, 183, 186, 188, 189, 190, 191, 185, 192, 194, 187, 193, 195, 196, 198, 197, 199, 200, 201, 203, 204, 202, 205, 206, 207, 208, 209, 210, 212, 214, 216, 211, 213, 218, 220, 222, 219, 215, 217, 224, 225, 223, 221, 226, 227, 229, 228, 231, 232, 233, 235, 234, 230, 237, 236, 238, 240, 239, 242, 241, 244, 245, 243, 247, 249, 250, 252, 254, 251, 256, 253, 258, 246, 259, 248, 260, 257, 262, 264, 265, 255, 266, 261, 267, 269, 271, 263, 268, 273, 270, 272, 274, 276, 277, 279, 278, 281, 283, 275, 285, 282, 287, 280, 288, 289, 284, 290, 292, 293, 295, 297, 286, 299, 301, 294, 298, 291, 303, 296, 300, 302, 305, 304, 306, 307, 308, 310, 311, 312, 313, 309, 315, 316, 318, 320, 314, 319, 317, 321, 322, 324, 325, 327, 329, 331, 323, 333, 335, 330, 337, 326, 328, 339, 332, 334, 340, 338, 342, 341, 343, 344, 346, 348, 350, 349, 336, 345, 351, 347, 353, 352, 354, 356, 358, 359, 355, 357, 361, 362, 363, 364, 366, 360, 368, 370, 369, 365, 367, 371, 373, 375, 377, 378, 372, 374, 379, 380, 382, 384, 381, 386, 376, 388, 383, 385, 389, 387, 390, 392, 391, 393, 395, 394, 396, 398, 400, 397, 401, 399, 402, 404, 406, 403, 405, 408, 410, 411, 407, 413, 409, 414, 412, 416, 418, 420, 415, 417, 421, 423, 419, 422, 424, 425, 427, 426, 428, 430, 432, 429, 431, 433, 434, 435, 436, 437, 438, 439, 440, 441, 442, 443, 444, 445, 446, 447, 448, 449, 450, 451, 452, 453, 454, 455, 456, 457, 458, 459, 460, 461, 462, 463, 464, 465, 466, 467, 468, 469, 470, 471, 472, 473, 474, 475, 476, 477, 478, 479, 480, 481, 482, 483, 484, 485, 486, 487, 488, 489, 490, 491, 492, 493, 494, 495, 496, 497, 498, 499, 500, 501, 502, 503, 504, 505, 506, 507, 508, 509, 510, 511, 512, 513, 514, 515, 516, 517, 518, 519, 520, 521, 522, 523, 524, 525, 526, 527, 528, 529, 530, 531, 532, 533, 534, 535, 536, 537, 538, 539, 540, 541, 542, 543, 544, 545, 546, 547, 548, 549, 550, 551, 552, 553, 554, 555, 556, 557, 558, 559, 560, 561, 562, 563, 564, 565, 566, 567, 568, 569, 570, 571, 572, 573, 574, 575, 576, 577, 578, 579, 580, 581, 582, 583, 584, 585, 586, 587, 588, 589, 590, 591, 592, 593, 594, 595, 596, 597, 598, 599, 600, 601, 602, 603, 604, 605, 606, 607, 608, 609, 610, 611, 612, 613, 614, 615, 616, 617, 618, 619, 620, 621, 622, 623, 624, 625, 626, 627, 628, 629, 630, 631, 632, 633, 634, 635, 636, 637, 638, 639, 640, 641, 642, 643, 644, 645, 646, 647, 648]
