===== RESULTADO GA L(2,1) =====
Arquivo: /Users/mateuspedrosa/Documents/TCC-II/BOGA/data/random/erdos_n422_p0.6.mtx (undirected)
Crossover: cx | Mutação: em | pop=30 | gens=53 | mut=0.446 | cr=0.5724 | runs=1 | max-stagt=1031

----- Execução #1 -----
Span (lambda): 422
Parada: TIME_LIMIT (geração 1)
best_order = [0, 1, 2, 3, 4, 5, 6, 7, 8, 9, 10, 11, 12, 13, 14, 15, 16, 17, 18, 19, 20, 21, 22, 23, 24, 25, 26, 27, 28, 29, 30, 31, 32, 33, 34, 35, 36, 37, 38, 39, 40, 41, 42, 43, 44, 45, 46, 47, 48, 49, 50, 51, 52, 53, 54, 55, 56, 57, 58, 59, 60, 61, 62, 63, 64, 65, 66, 67, 68, 69, 70, 71, 72, 73, 74, 75, 76, 77, 78, 79, 80, 81, 82, 83, 84, 85, 86, 87, 88, 89, 90, 91, 92, 93, 94, 95, 96, 97, 98, 99, 100, 101, 102, 103, 104, 105, 106, 107, 108, 109, 110, 111, 112, 113, 114, 115, 116, 117, 118, 119, 120, 121, 122, 123, 124, 125, 126, 127, 128, 129, 130, 131, 132, 133, 134, 135, 136, 137, 138, 139, 140, 141, 142, 143, 144, 145, 146, 147, 148, 149, 150, 151, 152, 153, 154, 155, 156, 157, 158, 159, 160, 161, 162, 163, 164, 165, 166, 167, 168, 169, 170, 171, 172, 173, 174, 175, 176, 177, 178, 179, 180, 181, 182, 183, 184, 185, 186, 187, 188, 189, 190, 191, 192, 193, 194, 195, 196, 197, 198, 199, 200, 201, 202, 203, 204, 205, 206, 207, 208, 209, 210, 211, 212, 213, 214, 215, 216, 217, 218, 219, 220, 221, 222, 223, 224, 225, 226, 227, 228, 229, 230, 231, 232, 233, 234, 235, 236, 237, 238, 239, 240, 241, 242, 243, 244, 245, 246, 247, 248, 249, 250, 251, 252, 253, 254, 255, 256, 257, 258, 259, 260, 261, 262, 263, 264, 265, 266, 267, 268, 269, 270, 271, 272, 273, 274, 275, 276, 277, 278, 279, 280, 281, 282, 283, 284, 285, 286, 287, 288, 289, 290, 291, 292, 293, 294, 295, 296, 297, 298, 299, 300, 301, 302, 303, 304, 305, 306, 307, 308, 309, 310, 311, 312, 313, 314, 315, 316, 317, 318, 319, 320, 321, 322, 323, 324, 325, 326, 327, 328, 329, 330, 331, 332, 333, 334, 335, 336, 337, 338, 339, 340, 341, 342, 343, 344, 345, 346, 347, 348, 349, 350, 351, 352, 353, 354, 355, 356, 357, 358, 359, 360, 361, 362, 363, 364, 365, 366, 367, 368, 369, 370, 371, 372, 373, 374, 375, 376, 377, 378, 379, 380, 381, 382, 383, 384, 385, 386, 387, 388, 389, 390, 391, 392, 393, 394, 395, 396, 397, 398, 399, 400, 401, 402, 403, 404, 405, 406, 407, 408, 409, 410, 411, 412, 413, 414, 415, 416, 417, 418, 419, 420, 421]
labeling = [0, 2, 3, 5, 4, 6, 7, 8, 9, 10, 12, 11, 14, 16, 18, 15, 17, 13, 19, 21, 23, 24, 20, 22, 25, 27, 26, 28, 29, 30, 32, 34, 31, 35, 36, 38, 33, 40, 37, 42, 43, 41, 39, 44, 45, 46, 47, 48, 50, 51, 53, 52, 54, 55, 56, 58, 49, 57, 59, 61, 60, 62, 63, 65, 67, 68, 69, 71, 66, 73, 75, 77, 76, 70, 79, 74, 80, 72, 82, 81, 78, 83, 84, 86, 85, 88, 87, 64, 89, 91, 90, 92, 94, 95, 96, 93, 97, 99, 98, 100, 102, 104, 105, 101, 107, 103, 106, 109, 111, 110, 113, 115, 108, 117, 119, 112, 120, 118, 122, 114, 116, 121, 123, 124, 126, 128, 125, 130, 127, 129, 131, 132, 133, 135, 136, 138, 137, 139, 140, 141, 142, 143, 134, 145, 144, 146, 148, 150, 151, 152, 147, 153, 154, 149, 155, 156, 157, 159, 158, 160, 162, 164, 161, 165, 166, 163, 167, 169, 171, 173, 170, 175, 177, 178, 174, 180, 179, 168, 182, 181, 183, 172, 176, 184, 186, 185, 188, 190, 191, 187, 192, 193, 195, 197, 194, 189, 196, 199, 201, 198, 200, 203, 205, 202, 206, 207, 204, 208, 209, 210, 211, 212, 213, 215, 216, 218, 219, 217, 221, 223, 224, 225, 226, 227, 222, 229, 228, 214, 231, 233, 220, 230, 232, 234, 236, 238, 235, 237, 239, 240, 241, 243, 245, 246, 242, 244, 248, 249, 247, 250, 252, 253, 255, 251, 256, 257, 254, 258, 260, 259, 261, 262, 264, 266, 268, 270, 271, 263, 265, 273, 267, 275, 269, 276, 272, 278, 280, 277, 282, 281, 283, 274, 279, 284, 285, 286, 287, 288, 289, 290, 291, 292, 293, 294, 295, 296, 297, 298, 299, 300, 301, 302, 303, 304, 305, 306, 307, 308, 309, 310, 311, 312, 313, 314, 315, 316, 317, 318, 319, 320, 321, 322, 323, 324, 325, 326, 327, 328, 329, 330, 331, 332, 333, 334, 335, 336, 337, 338, 339, 340, 341, 342, 343, 344, 345, 346, 347, 348, 349, 350, 351, 352, 353, 354, 355, 356, 357, 358, 359, 360, 361, 362, 363, 364, 365, 366, 367, 368, 369, 370, 371, 372, 373, 374, 375, 376, 377, 378, 379, 380, 381, 382, 383, 384, 385, 386, 387, 388, 389, 390, 391, 392, 393, 394, 395, 396, 397, 398, 399, 400, 401, 402, 403, 404, 405, 406, 407, 408, 409, 410, 411, 412, 413, 414, 415, 416, 417, 418, 419, 420, 421, 422]
convergência = [422]
================================

----- Melhor execução -----
Span (lambda): 422
best_order = [0, 1, 2, 3, 4, 5, 6, 7, 8, 9, 10, 11, 12, 13, 14, 15, 16, 17, 18, 19, 20, 21, 22, 23, 24, 25, 26, 27, 28, 29, 30, 31, 32, 33, 34, 35, 36, 37, 38, 39, 40, 41, 42, 43, 44, 45, 46, 47, 48, 49, 50, 51, 52, 53, 54, 55, 56, 57, 58, 59, 60, 61, 62, 63, 64, 65, 66, 67, 68, 69, 70, 71, 72, 73, 74, 75, 76, 77, 78, 79, 80, 81, 82, 83, 84, 85, 86, 87, 88, 89, 90, 91, 92, 93, 94, 95, 96, 97, 98, 99, 100, 101, 102, 103, 104, 105, 106, 107, 108, 109, 110, 111, 112, 113, 114, 115, 116, 117, 118, 119, 120, 121, 122, 123, 124, 125, 126, 127, 128, 129, 130, 131, 132, 133, 134, 135, 136, 137, 138, 139, 140, 141, 142, 143, 144, 145, 146, 147, 148, 149, 150, 151, 152, 153, 154, 155, 156, 157, 158, 159, 160, 161, 162, 163, 164, 165, 166, 167, 168, 169, 170, 171, 172, 173, 174, 175, 176, 177, 178, 179, 180, 181, 182, 183, 184, 185, 186, 187, 188, 189, 190, 191, 192, 193, 194, 195, 196, 197, 198, 199, 200, 201, 202, 203, 204, 205, 206, 207, 208, 209, 210, 211, 212, 213, 214, 215, 216, 217, 218, 219, 220, 221, 222, 223, 224, 225, 226, 227, 228, 229, 230, 231, 232, 233, 234, 235, 236, 237, 238, 239, 240, 241, 242, 243, 244, 245, 246, 247, 248, 249, 250, 251, 252, 253, 254, 255, 256, 257, 258, 259, 260, 261, 262, 263, 264, 265, 266, 267, 268, 269, 270, 271, 272, 273, 274, 275, 276, 277, 278, 279, 280, 281, 282, 283, 284, 285, 286, 287, 288, 289, 290, 291, 292, 293, 294, 295, 296, 297, 298, 299, 300, 301, 302, 303, 304, 305, 306, 307, 308, 309, 310, 311, 312, 313, 314, 315, 316, 317, 318, 319, 320, 321, 322, 323, 324, 325, 326, 327, 328, 329, 330, 331, 332, 333, 334, 335, 336, 337, 338, 339, 340, 341, 342, 343, 344, 345, 346, 347, 348, 349, 350, 351, 352, 353, 354, 355, 356, 357, 358, 359, 360, 361, 362, 363, 364, 365, 366, 367, 368, 369, 370, 371, 372, 373, 374, 375, 376, 377, 378, 379, 380, 381, 382, 383, 384, 385, 386, 387, 388, 389, 390, 391, 392, 393, 394, 395, 396, 397, 398, 399, 400, 401, 402, 403, 404, 405, 406, 407, 408, 409, 410, 411, 412, 413, 414, 415, 416, 417, 418, 419, 420, 421]
labeling = [0, 2, 3, 5, 4, 6, 7, 8, 9, 10, 12, 11, 14, 16, 18, 15, 17, 13, 19, 21, 23, 24, 20, 22, 25, 27, 26, 28, 29, 30, 32, 34, 31, 35, 36, 38, 33, 40, 37, 42, 43, 41, 39, 44, 45, 46, 47, 48, 50, 51, 53, 52, 54, 55, 56, 58, 49, 57, 59, 61, 60, 62, 63, 65, 67, 68, 69, 71, 66, 73, 75, 77, 76, 70, 79, 74, 80, 72, 82, 81, 78, 83, 84, 86, 85, 88, 87, 64, 89, 91, 90, 92, 94, 95, 96, 93, 97, 99, 98, 100, 102, 104, 105, 101, 107, 103, 106, 109, 111, 110, 113, 115, 108, 117, 119, 112, 120, 118, 122, 114, 116, 121, 123, 124, 126, 128, 125, 130, 127, 129, 131, 132, 133, 135, 136, 138, 137, 139, 140, 141, 142, 143, 134, 145, 144, 146, 148, 150, 151, 152, 147, 153, 154, 149, 155, 156, 157, 159, 158, 160, 162, 164, 161, 165, 166, 163, 167, 169, 171, 173, 170, 175, 177, 178, 174, 180, 179, 168, 182, 181, 183, 172, 176, 184, 186, 185, 188, 190, 191, 187, 192, 193, 195, 197, 194, 189, 196, 199, 201, 198, 200, 203, 205, 202, 206, 207, 204, 208, 209, 210, 211, 212, 213, 215, 216, 218, 219, 217, 221, 223, 224, 225, 226, 227, 222, 229, 228, 214, 231, 233, 220, 230, 232, 234, 236, 238, 235, 237, 239, 240, 241, 243, 245, 246, 242, 244, 248, 249, 247, 250, 252, 253, 255, 251, 256, 257, 254, 258, 260, 259, 261, 262, 264, 266, 268, 270, 271, 263, 265, 273, 267, 275, 269, 276, 272, 278, 280, 277, 282, 281, 283, 274, 279, 284, 285, 286, 287, 288, 289, 290, 291, 292, 293, 294, 295, 296, 297, 298, 299, 300, 301, 302, 303, 304, 305, 306, 307, 308, 309, 310, 311, 312, 313, 314, 315, 316, 317, 318, 319, 320, 321, 322, 323, 324, 325, 326, 327, 328, 329, 330, 331, 332, 333, 334, 335, 336, 337, 338, 339, 340, 341, 342, 343, 344, 345, 346, 347, 348, 349, 350, 351, 352, 353, 354, 355, 356, 357, 358, 359, 360, 361, 362, 363, 364, 365, 366, 367, 368, 369, 370, 371, 372, 373, 374, 375, 376, 377, 378, 379, 380, 381, 382, 383, 384, 385, 386, 387, 388, 389, 390, 391, 392, 393, 394, 395, 396, 397, 398, 399, 400, 401, 402, 403, 404, 405, 406, 407, 408, 409, 410, 411, 412, 413, 414, 415, 416, 417, 418, 419, 420, 421, 422]
