===== RESULTADO GA L(2,1) =====
Arquivo: /Users/mateuspedrosa/Documents/TCC-II/BOGA/data/random/erdos_n220_p0.6.mtx (undirected)
Crossover: cx | Mutação: em | pop=30 | gens=53 | mut=0.446 | cr=0.5724 | runs=1 | max-stagt=1031

----- Execução #1 -----
Span (lambda): 220
Parada: TIME_LIMIT (geração 6)
best_order = [0, 1, 2, 3, 4, 5, 6, 7, 8, 9, 10, 11, 12, 13, 14, 15, 16, 17, 18, 19, 20, 21, 22, 23, 24, 25, 26, 27, 28, 29, 30, 31, 32, 33, 34, 35, 36, 37, 38, 39, 40, 41, 42, 43, 44, 45, 46, 47, 48, 49, 50, 51, 52, 53, 54, 55, 56, 57, 58, 59, 60, 61, 62, 63, 64, 65, 66, 67, 68, 69, 70, 71, 72, 73, 74, 75, 76, 77, 78, 79, 80, 81, 82, 83, 84, 85, 86, 87, 88, 89, 90, 91, 92, 93, 94, 95, 96, 97, 98, 99, 100, 101, 102, 103, 104, 105, 106, 107, 108, 109, 110, 111, 112, 113, 114, 115, 116, 117, 118, 119, 120, 121, 122, 123, 124, 125, 126, 127, 128, 129, 130, 131, 132, 133, 134, 135, 136, 137, 138, 139, 140, 141, 142, 143, 144, 145, 146, 147, 148, 149, 150, 151, 152, 153, 154, 155, 156, 157, 158, 159, 160, 161, 162, 163, 164, 165, 166, 167, 168, 169, 170, 171, 172, 173, 174, 175, 176, 177, 178, 179, 180, 181, 182, 183, 184, 185, 186, 187, 188, 189, 190, 191, 192, 193, 194, 195, 196, 197, 198, 199, 200, 201, 202, 203, 204, 205, 206, 207, 208, 209, 210, 211, 212, 213, 214, 215, 216, 217, 218, 219]
labeling = [0, 2, 4, 5, 7, 9, 8, 11, 3, 6, 13, 10, 14, 15, 16, 12, 18, 17, 19, 21, 20, 22, 24, 26, 27, 29, 25, 30, 32, 33, 35, 28, 34, 36, 37, 39, 31, 41, 43, 23, 40, 42, 45, 47, 48, 50, 49, 44, 38, 46, 51, 52, 53, 54, 56, 58, 59, 60, 62, 63, 65, 57, 55, 67, 64, 66, 69, 61, 71, 73, 70, 75, 74, 76, 72, 68, 77, 78, 79, 80, 81, 82, 83, 85, 86, 84, 87, 89, 90, 92, 93, 95, 97, 91, 96, 94, 88, 98, 100, 99, 102, 103, 105, 101, 104, 106, 107, 108, 110, 112, 114, 109, 116, 117, 119, 121, 111, 123, 120, 113, 118, 115, 125, 127, 122, 129, 128, 131, 133, 130, 124, 134, 136, 138, 140, 132, 135, 126, 141, 137, 139, 142, 144, 143, 146, 147, 145, 149, 148, 150, 151, 152, 153, 154, 155, 156, 157, 158, 159, 160, 161, 162, 163, 164, 165, 166, 167, 168, 169, 170, 171, 172, 173, 174, 175, 176, 177, 178, 179, 180, 181, 182, 183, 184, 185, 186, 187, 188, 189, 190, 191, 192, 193, 194, 195, 196, 197, 198, 199, 200, 201, 202, 203, 204, 205, 206, 207, 208, 209, 210, 211, 212, 213, 214, 215, 216, 217, 218, 219, 220]
convergência = [220, 220, 220, 220, 220, 220]
================================

----- Melhor execução -----
Span (lambda): 220
best_order = [0, 1, 2, 3, 4, 5, 6, 7, 8, 9, 10, 11, 12, 13, 14, 15, 16, 17, 18, 19, 20, 21, 22, 23, 24, 25, 26, 27, 28, 29, 30, 31, 32, 33, 34, 35, 36, 37, 38, 39, 40, 41, 42, 43, 44, 45, 46, 47, 48, 49, 50, 51, 52, 53, 54, 55, 56, 57, 58, 59, 60, 61, 62, 63, 64, 65, 66, 67, 68, 69, 70, 71, 72, 73, 74, 75, 76, 77, 78, 79, 80, 81, 82, 83, 84, 85, 86, 87, 88, 89, 90, 91, 92, 93, 94, 95, 96, 97, 98, 99, 100, 101, 102, 103, 104, 105, 106, 107, 108, 109, 110, 111, 112, 113, 114, 115, 116, 117, 118, 119, 120, 121, 122, 123, 124, 125, 126, 127, 128, 129, 130, 131, 132, 133, 134, 135, 136, 137, 138, 139, 140, 141, 142, 143, 144, 145, 146, 147, 148, 149, 150, 151, 152, 153, 154, 155, 156, 157, 158, 159, 160, 161, 162, 163, 164, 165, 166, 167, 168, 169, 170, 171, 172, 173, 174, 175, 176, 177, 178, 179, 180, 181, 182, 183, 184, 185, 186, 187, 188, 189, 190, 191, 192, 193, 194, 195, 196, 197, 198, 199, 200, 201, 202, 203, 204, 205, 206, 207, 208, 209, 210, 211, 212, 213, 214, 215, 216, 217, 218, 219]
labeling = [0, 2, 4, 5, 7, 9, 8, 11, 3, 6, 13, 10, 14, 15, 16, 12, 18, 17, 19, 21, 20, 22, 24, 26, 27, 29, 25, 30, 32, 33, 35, 28, 34, 36, 37, 39, 31, 41, 43, 23, 40, 42, 45, 47, 48, 50, 49, 44, 38, 46, 51, 52, 53, 54, 56, 58, 59, 60, 62, 63, 65, 57, 55, 67, 64, 66, 69, 61, 71, 73, 70, 75, 74, 76, 72, 68, 77, 78, 79, 80, 81, 82, 83, 85, 86, 84, 87, 89, 90, 92, 93, 95, 97, 91, 96, 94, 88, 98, 100, 99, 102, 103, 105, 101, 104, 106, 107, 108, 110, 112, 114, 109, 116, 117, 119, 121, 111, 123, 120, 113, 118, 115, 125, 127, 122, 129, 128, 131, 133, 130, 124, 134, 136, 138, 140, 132, 135, 126, 141, 137, 139, 142, 144, 143, 146, 147, 145, 149, 148, 150, 151, 152, 153, 154, 155, 156, 157, 158, 159, 160, 161, 162, 163, 164, 165, 166, 167, 168, 169, 170, 171, 172, 173, 174, 175, 176, 177, 178, 179, 180, 181, 182, 183, 184, 185, 186, 187, 188, 189, 190, 191, 192, 193, 194, 195, 196, 197, 198, 199, 200, 201, 202, 203, 204, 205, 206, 207, 208, 209, 210, 211, 212, 213, 214, 215, 216, 217, 218, 219, 220]
