===== RESULTADO GA L(2,1) =====
Arquivo: /Users/mateuspedrosa/Documents/TCC-II/BOGA/data/random/erdos_n496_p0.6.mtx (undirected)
Crossover: cx | Mutação: em | pop=30 | gens=53 | mut=0.446 | cr=0.5724 | runs=1 | max-stagt=1031

----- Execução #1 -----
Span (lambda): 496
Parada: TIME_LIMIT (geração 1)
best_order = [0, 1, 2, 3, 4, 5, 6, 7, 8, 9, 10, 11, 12, 13, 14, 15, 16, 17, 18, 19, 20, 21, 22, 23, 24, 25, 26, 27, 28, 29, 30, 31, 32, 33, 34, 35, 36, 37, 38, 39, 40, 41, 42, 43, 44, 45, 46, 47, 48, 49, 50, 51, 52, 53, 54, 55, 56, 57, 58, 59, 60, 61, 62, 63, 64, 65, 66, 67, 68, 69, 70, 71, 72, 73, 74, 75, 76, 77, 78, 79, 80, 81, 82, 83, 84, 85, 86, 87, 88, 89, 90, 91, 92, 93, 94, 95, 96, 97, 98, 99, 100, 101, 102, 103, 104, 105, 106, 107, 108, 109, 110, 111, 112, 113, 114, 115, 116, 117, 118, 119, 120, 121, 122, 123, 124, 125, 126, 127, 128, 129, 130, 131, 132, 133, 134, 135, 136, 137, 138, 139, 140, 141, 142, 143, 144, 145, 146, 147, 148, 149, 150, 151, 152, 153, 154, 155, 156, 157, 158, 159, 160, 161, 162, 163, 164, 165, 166, 167, 168, 169, 170, 171, 172, 173, 174, 175, 176, 177, 178, 179, 180, 181, 182, 183, 184, 185, 186, 187, 188, 189, 190, 191, 192, 193, 194, 195, 196, 197, 198, 199, 200, 201, 202, 203, 204, 205, 206, 207, 208, 209, 210, 211, 212, 213, 214, 215, 216, 217, 218, 219, 220, 221, 222, 223, 224, 225, 226, 227, 228, 229, 230, 231, 232, 233, 234, 235, 236, 237, 238, 239, 240, 241, 242, 243, 244, 245, 246, 247, 248, 249, 250, 251, 252, 253, 254, 255, 256, 257, 258, 259, 260, 261, 262, 263, 264, 265, 266, 267, 268, 269, 270, 271, 272, 273, 274, 275, 276, 277, 278, 279, 280, 281, 282, 283, 284, 285, 286, 287, 288, 289, 290, 291, 292, 293, 294, 295, 296, 297, 298, 299, 300, 301, 302, 303, 304, 305, 306, 307, 308, 309, 310, 311, 312, 313, 314, 315, 316, 317, 318, 319, 320, 321, 322, 323, 324, 325, 326, 327, 328, 329, 330, 331, 332, 333, 334, 335, 336, 337, 338, 339, 340, 341, 342, 343, 344, 345, 346, 347, 348, 349, 350, 351, 352, 353, 354, 355, 356, 357, 358, 359, 360, 361, 362, 363, 364, 365, 366, 367, 368, 369, 370, 371, 372, 373, 374, 375, 376, 377, 378, 379, 380, 381, 382, 383, 384, 385, 386, 387, 388, 389, 390, 391, 392, 393, 394, 395, 396, 397, 398, 399, 400, 401, 402, 403, 404, 405, 406, 407, 408, 409, 410, 411, 412, 413, 414, 415, 416, 417, 418, 419, 420, 421, 422, 423, 424, 425, 426, 427, 428, 429, 430, 431, 432, 433, 434, 435, 436, 437, 438, 439, 440, 441, 442, 443, 444, 445, 446, 447, 448, 449, 450, 451, 452, 453, 454, 455, 456, 457, 458, 459, 460, 461, 462, 463, 464, 465, 466, 467, 468, 469, 470, 471, 472, 473, 474, 475, 476, 477, 478, 479, 480, 481, 482, 483, 484, 485, 486, 487, 488, 489, 490, 491, 492, 493, 494, 495]
labeling = [0, 2, 3, 4, 5, 7, 8, 9, 6, 11, 13, 14, 16, 10, 12, 15, 18, 19, 21, 17, 22, 23, 24, 20, 25, 26, 27, 29, 30, 31, 33, 32, 34, 36, 38, 39, 28, 40, 35, 42, 37, 44, 41, 46, 48, 50, 43, 47, 51, 45, 53, 49, 55, 52, 54, 56, 57, 59, 61, 60, 63, 65, 67, 69, 58, 68, 71, 73, 70, 62, 66, 75, 72, 64, 77, 79, 81, 83, 74, 76, 85, 84, 78, 82, 80, 87, 88, 86, 89, 90, 91, 93, 95, 96, 98, 97, 100, 101, 103, 94, 99, 105, 104, 106, 102, 92, 107, 109, 111, 113, 114, 110, 115, 116, 108, 117, 119, 112, 118, 120, 121, 123, 125, 126, 128, 127, 130, 122, 129, 132, 124, 131, 133, 135, 134, 136, 138, 140, 141, 137, 143, 145, 142, 144, 147, 148, 149, 139, 150, 146, 152, 154, 153, 151, 155, 156, 158, 160, 157, 159, 162, 164, 161, 166, 168, 165, 163, 167, 169, 170, 171, 173, 174, 175, 177, 179, 181, 178, 180, 176, 182, 183, 172, 185, 186, 187, 189, 184, 191, 193, 190, 195, 188, 196, 197, 192, 194, 198, 199, 200, 202, 201, 204, 206, 207, 205, 208, 209, 211, 210, 203, 213, 215, 212, 217, 219, 221, 223, 225, 222, 224, 214, 227, 216, 220, 218, 229, 226, 228, 231, 233, 234, 230, 236, 232, 238, 235, 239, 237, 240, 242, 244, 246, 243, 248, 241, 247, 250, 245, 252, 254, 249, 251, 256, 255, 257, 259, 258, 253, 260, 261, 263, 264, 265, 267, 269, 262, 266, 271, 272, 268, 273, 274, 276, 277, 270, 279, 281, 278, 275, 283, 282, 280, 284, 286, 288, 287, 285, 289, 291, 292, 294, 293, 296, 298, 290, 297, 295, 299, 300, 302, 304, 301, 305, 307, 303, 309, 306, 310, 308, 312, 311, 314, 313, 316, 318, 320, 317, 322, 315, 319, 323, 324, 326, 328, 321, 330, 325, 332, 329, 334, 327, 335, 331, 336, 333, 337, 338, 339, 340, 341, 342, 343, 344, 345, 346, 347, 348, 349, 350, 351, 352, 353, 354, 355, 356, 357, 358, 359, 360, 361, 362, 363, 364, 365, 366, 367, 368, 369, 370, 371, 372, 373, 374, 375, 376, 377, 378, 379, 380, 381, 382, 383, 384, 385, 386, 387, 388, 389, 390, 391, 392, 393, 394, 395, 396, 397, 398, 399, 400, 401, 402, 403, 404, 405, 406, 407, 408, 409, 410, 411, 412, 413, 414, 415, 416, 417, 418, 419, 420, 421, 422, 423, 424, 425, 426, 427, 428, 429, 430, 431, 432, 433, 434, 435, 436, 437, 438, 439, 440, 441, 442, 443, 444, 445, 446, 447, 448, 449, 450, 451, 452, 453, 454, 455, 456, 457, 458, 459, 460, 461, 462, 463, 464, 465, 466, 467, 468, 469, 470, 471, 472, 473, 474, 475, 476, 477, 478, 479, 480, 481, 482, 483, 484, 485, 486, 487, 488, 489, 490, 491, 492, 493, 494, 495, 496]
convergência = [496]
================================

----- Melhor execução -----
Span (lambda): 496
best_order = [0, 1, 2, 3, 4, 5, 6, 7, 8, 9, 10, 11, 12, 13, 14, 15, 16, 17, 18, 19, 20, 21, 22, 23, 24, 25, 26, 27, 28, 29, 30, 31, 32, 33, 34, 35, 36, 37, 38, 39, 40, 41, 42, 43, 44, 45, 46, 47, 48, 49, 50, 51, 52, 53, 54, 55, 56, 57, 58, 59, 60, 61, 62, 63, 64, 65, 66, 67, 68, 69, 70, 71, 72, 73, 74, 75, 76, 77, 78, 79, 80, 81, 82, 83, 84, 85, 86, 87, 88, 89, 90, 91, 92, 93, 94, 95, 96, 97, 98, 99, 100, 101, 102, 103, 104, 105, 106, 107, 108, 109, 110, 111, 112, 113, 114, 115, 116, 117, 118, 119, 120, 121, 122, 123, 124, 125, 126, 127, 128, 129, 130, 131, 132, 133, 134, 135, 136, 137, 138, 139, 140, 141, 142, 143, 144, 145, 146, 147, 148, 149, 150, 151, 152, 153, 154, 155, 156, 157, 158, 159, 160, 161, 162, 163, 164, 165, 166, 167, 168, 169, 170, 171, 172, 173, 174, 175, 176, 177, 178, 179, 180, 181, 182, 183, 184, 185, 186, 187, 188, 189, 190, 191, 192, 193, 194, 195, 196, 197, 198, 199, 200, 201, 202, 203, 204, 205, 206, 207, 208, 209, 210, 211, 212, 213, 214, 215, 216, 217, 218, 219, 220, 221, 222, 223, 224, 225, 226, 227, 228, 229, 230, 231, 232, 233, 234, 235, 236, 237, 238, 239, 240, 241, 242, 243, 244, 245, 246, 247, 248, 249, 250, 251, 252, 253, 254, 255, 256, 257, 258, 259, 260, 261, 262, 263, 264, 265, 266, 267, 268, 269, 270, 271, 272, 273, 274, 275, 276, 277, 278, 279, 280, 281, 282, 283, 284, 285, 286, 287, 288, 289, 290, 291, 292, 293, 294, 295, 296, 297, 298, 299, 300, 301, 302, 303, 304, 305, 306, 307, 308, 309, 310, 311, 312, 313, 314, 315, 316, 317, 318, 319, 320, 321, 322, 323, 324, 325, 326, 327, 328, 329, 330, 331, 332, 333, 334, 335, 336, 337, 338, 339, 340, 341, 342, 343, 344, 345, 346, 347, 348, 349, 350, 351, 352, 353, 354, 355, 356, 357, 358, 359, 360, 361, 362, 363, 364, 365, 366, 367, 368, 369, 370, 371, 372, 373, 374, 375, 376, 377, 378, 379, 380, 381, 382, 383, 384, 385, 386, 387, 388, 389, 390, 391, 392, 393, 394, 395, 396, 397, 398, 399, 400, 401, 402, 403, 404, 405, 406, 407, 408, 409, 410, 411, 412, 413, 414, 415, 416, 417, 418, 419, 420, 421, 422, 423, 424, 425, 426, 427, 428, 429, 430, 431, 432, 433, 434, 435, 436, 437, 438, 439, 440, 441, 442, 443, 444, 445, 446, 447, 448, 449, 450, 451, 452, 453, 454, 455, 456, 457, 458, 459, 460, 461, 462, 463, 464, 465, 466, 467, 468, 469, 470, 471, 472, 473, 474, 475, 476, 477, 478, 479, 480, 481, 482, 483, 484, 485, 486, 487, 488, 489, 490, 491, 492, 493, 494, 495]
labeling = [0, 2, 3, 4, 5, 7, 8, 9, 6, 11, 13, 14, 16, 10, 12, 15, 18, 19, 21, 17, 22, 23, 24, 20, 25, 26, 27, 29, 30, 31, 33, 32, 34, 36, 38, 39, 28, 40, 35, 42, 37, 44, 41, 46, 48, 50, 43, 47, 51, 45, 53, 49, 55, 52, 54, 56, 57, 59, 61, 60, 63, 65, 67, 69, 58, 68, 71, 73, 70, 62, 66, 75, 72, 64, 77, 79, 81, 83, 74, 76, 85, 84, 78, 82, 80, 87, 88, 86, 89, 90, 91, 93, 95, 96, 98, 97, 100, 101, 103, 94, 99, 105, 104, 106, 102, 92, 107, 109, 111, 113, 114, 110, 115, 116, 108, 117, 119, 112, 118, 120, 121, 123, 125, 126, 128, 127, 130, 122, 129, 132, 124, 131, 133, 135, 134, 136, 138, 140, 141, 137, 143, 145, 142, 144, 147, 148, 149, 139, 150, 146, 152, 154, 153, 151, 155, 156, 158, 160, 157, 159, 162, 164, 161, 166, 168, 165, 163, 167, 169, 170, 171, 173, 174, 175, 177, 179, 181, 178, 180, 176, 182, 183, 172, 185, 186, 187, 189, 184, 191, 193, 190, 195, 188, 196, 197, 192, 194, 198, 199, 200, 202, 201, 204, 206, 207, 205, 208, 209, 211, 210, 203, 213, 215, 212, 217, 219, 221, 223, 225, 222, 224, 214, 227, 216, 220, 218, 229, 226, 228, 231, 233, 234, 230, 236, 232, 238, 235, 239, 237, 240, 242, 244, 246, 243, 248, 241, 247, 250, 245, 252, 254, 249, 251, 256, 255, 257, 259, 258, 253, 260, 261, 263, 264, 265, 267, 269, 262, 266, 271, 272, 268, 273, 274, 276, 277, 270, 279, 281, 278, 275, 283, 282, 280, 284, 286, 288, 287, 285, 289, 291, 292, 294, 293, 296, 298, 290, 297, 295, 299, 300, 302, 304, 301, 305, 307, 303, 309, 306, 310, 308, 312, 311, 314, 313, 316, 318, 320, 317, 322, 315, 319, 323, 324, 326, 328, 321, 330, 325, 332, 329, 334, 327, 335, 331, 336, 333, 337, 338, 339, 340, 341, 342, 343, 344, 345, 346, 347, 348, 349, 350, 351, 352, 353, 354, 355, 356, 357, 358, 359, 360, 361, 362, 363, 364, 365, 366, 367, 368, 369, 370, 371, 372, 373, 374, 375, 376, 377, 378, 379, 380, 381, 382, 383, 384, 385, 386, 387, 388, 389, 390, 391, 392, 393, 394, 395, 396, 397, 398, 399, 400, 401, 402, 403, 404, 405, 406, 407, 408, 409, 410, 411, 412, 413, 414, 415, 416, 417, 418, 419, 420, 421, 422, 423, 424, 425, 426, 427, 428, 429, 430, 431, 432, 433, 434, 435, 436, 437, 438, 439, 440, 441, 442, 443, 444, 445, 446, 447, 448, 449, 450, 451, 452, 453, 454, 455, 456, 457, 458, 459, 460, 461, 462, 463, 464, 465, 466, 467, 468, 469, 470, 471, 472, 473, 474, 475, 476, 477, 478, 479, 480, 481, 482, 483, 484, 485, 486, 487, 488, 489, 490, 491, 492, 493, 494, 495, 496]
