===== RESULTADO GA L(2,1) =====
Arquivo: /Users/mateuspedrosa/Documents/TCC-II/BOGA/data/random/erdos_n352_p0.8.mtx (undirected)
Crossover: cx | Mutação: em | pop=30 | gens=53 | mut=0.446 | cr=0.5724 | runs=1 | max-stagt=1031

----- Execução #1 -----
Span (lambda): 352
Parada: TIME_LIMIT (geração 1)
best_order = [0, 1, 2, 3, 4, 5, 6, 7, 8, 9, 10, 11, 12, 13, 14, 15, 16, 17, 18, 19, 20, 21, 22, 23, 24, 25, 26, 27, 28, 29, 30, 31, 32, 33, 34, 35, 36, 37, 38, 39, 40, 41, 42, 43, 44, 45, 46, 47, 48, 49, 50, 51, 52, 53, 54, 55, 56, 57, 58, 59, 60, 61, 62, 63, 64, 65, 66, 67, 68, 69, 70, 71, 72, 73, 74, 75, 76, 77, 78, 79, 80, 81, 82, 83, 84, 85, 86, 87, 88, 89, 90, 91, 92, 93, 94, 95, 96, 97, 98, 99, 100, 101, 102, 103, 104, 105, 106, 107, 108, 109, 110, 111, 112, 113, 114, 115, 116, 117, 118, 119, 120, 121, 122, 123, 124, 125, 126, 127, 128, 129, 130, 131, 132, 133, 134, 135, 136, 137, 138, 139, 140, 141, 142, 143, 144, 145, 146, 147, 148, 149, 150, 151, 152, 153, 154, 155, 156, 157, 158, 159, 160, 161, 162, 163, 164, 165, 166, 167, 168, 169, 170, 171, 172, 173, 174, 175, 176, 177, 178, 179, 180, 181, 182, 183, 184, 185, 186, 187, 188, 189, 190, 191, 192, 193, 194, 195, 196, 197, 198, 199, 200, 201, 202, 203, 204, 205, 206, 207, 208, 209, 210, 211, 212, 213, 214, 215, 216, 217, 218, 219, 220, 221, 222, 223, 224, 225, 226, 227, 228, 229, 230, 231, 232, 233, 234, 235, 236, 237, 238, 239, 240, 241, 242, 243, 244, 245, 246, 247, 248, 249, 250, 251, 252, 253, 254, 255, 256, 257, 258, 259, 260, 261, 262, 263, 264, 265, 266, 267, 268, 269, 270, 271, 272, 273, 274, 275, 276, 277, 278, 279, 280, 281, 282, 283, 284, 285, 286, 287, 288, 289, 290, 291, 292, 293, 294, 295, 296, 297, 298, 299, 300, 301, 302, 303, 304, 305, 306, 307, 308, 309, 310, 311, 312, 313, 314, 315, 316, 317, 318, 319, 320, 321, 322, 323, 324, 325, 326, 327, 328, 329, 330, 331, 332, 333, 334, 335, 336, 337, 338, 339, 340, 341, 342, 343, 344, 345, 346, 347, 348, 349, 350, 351]
labeling = [0, 2, 3, 5, 6, 7, 9, 11, 4, 12, 13, 10, 15, 17, 19, 14, 8, 21, 22, 20, 23, 24, 16, 26, 27, 29, 30, 25, 28, 32, 31, 34, 33, 36, 18, 38, 35, 39, 41, 42, 44, 43, 37, 46, 45, 48, 50, 47, 51, 40, 52, 53, 55, 56, 57, 58, 49, 60, 62, 64, 66, 67, 61, 69, 59, 71, 54, 63, 70, 73, 65, 68, 75, 77, 79, 72, 81, 80, 82, 84, 78, 86, 88, 90, 91, 93, 95, 94, 89, 96, 74, 98, 100, 92, 102, 97, 99, 87, 76, 104, 106, 108, 109, 103, 101, 111, 85, 110, 113, 115, 117, 83, 114, 112, 119, 118, 121, 123, 122, 124, 126, 125, 128, 130, 131, 132, 107, 127, 134, 136, 105, 120, 138, 140, 135, 141, 142, 143, 116, 144, 139, 146, 129, 148, 149, 151, 153, 145, 155, 157, 158, 133, 137, 160, 147, 150, 162, 156, 164, 152, 166, 168, 154, 170, 163, 167, 172, 169, 174, 159, 165, 176, 175, 177, 178, 180, 182, 184, 179, 171, 181, 185, 187, 189, 173, 186, 183, 190, 191, 193, 192, 188, 194, 195, 196, 198, 161, 200, 197, 202, 204, 203, 206, 207, 208, 205, 209, 211, 212, 210, 213, 199, 215, 217, 218, 219, 216, 201, 220, 222, 223, 224, 214, 226, 228, 230, 221, 232, 234, 229, 236, 233, 237, 225, 235, 239, 227, 231, 238, 240, 241, 242, 243, 244, 245, 246, 247, 248, 249, 250, 251, 252, 253, 254, 255, 256, 257, 258, 259, 260, 261, 262, 263, 264, 265, 266, 267, 268, 269, 270, 271, 272, 273, 274, 275, 276, 277, 278, 279, 280, 281, 282, 283, 284, 285, 286, 287, 288, 289, 290, 291, 292, 293, 294, 295, 296, 297, 298, 299, 300, 301, 302, 303, 304, 305, 306, 307, 308, 309, 310, 311, 312, 313, 314, 315, 316, 317, 318, 319, 320, 321, 322, 323, 324, 325, 326, 327, 328, 329, 330, 331, 332, 333, 334, 335, 336, 337, 338, 339, 340, 341, 342, 343, 344, 345, 346, 347, 348, 349, 350, 351, 352]
convergência = [352]
================================

----- Melhor execução -----
Span (lambda): 352
best_order = [0, 1, 2, 3, 4, 5, 6, 7, 8, 9, 10, 11, 12, 13, 14, 15, 16, 17, 18, 19, 20, 21, 22, 23, 24, 25, 26, 27, 28, 29, 30, 31, 32, 33, 34, 35, 36, 37, 38, 39, 40, 41, 42, 43, 44, 45, 46, 47, 48, 49, 50, 51, 52, 53, 54, 55, 56, 57, 58, 59, 60, 61, 62, 63, 64, 65, 66, 67, 68, 69, 70, 71, 72, 73, 74, 75, 76, 77, 78, 79, 80, 81, 82, 83, 84, 85, 86, 87, 88, 89, 90, 91, 92, 93, 94, 95, 96, 97, 98, 99, 100, 101, 102, 103, 104, 105, 106, 107, 108, 109, 110, 111, 112, 113, 114, 115, 116, 117, 118, 119, 120, 121, 122, 123, 124, 125, 126, 127, 128, 129, 130, 131, 132, 133, 134, 135, 136, 137, 138, 139, 140, 141, 142, 143, 144, 145, 146, 147, 148, 149, 150, 151, 152, 153, 154, 155, 156, 157, 158, 159, 160, 161, 162, 163, 164, 165, 166, 167, 168, 169, 170, 171, 172, 173, 174, 175, 176, 177, 178, 179, 180, 181, 182, 183, 184, 185, 186, 187, 188, 189, 190, 191, 192, 193, 194, 195, 196, 197, 198, 199, 200, 201, 202, 203, 204, 205, 206, 207, 208, 209, 210, 211, 212, 213, 214, 215, 216, 217, 218, 219, 220, 221, 222, 223, 224, 225, 226, 227, 228, 229, 230, 231, 232, 233, 234, 235, 236, 237, 238, 239, 240, 241, 242, 243, 244, 245, 246, 247, 248, 249, 250, 251, 252, 253, 254, 255, 256, 257, 258, 259, 260, 261, 262, 263, 264, 265, 266, 267, 268, 269, 270, 271, 272, 273, 274, 275, 276, 277, 278, 279, 280, 281, 282, 283, 284, 285, 286, 287, 288, 289, 290, 291, 292, 293, 294, 295, 296, 297, 298, 299, 300, 301, 302, 303, 304, 305, 306, 307, 308, 309, 310, 311, 312, 313, 314, 315, 316, 317, 318, 319, 320, 321, 322, 323, 324, 325, 326, 327, 328, 329, 330, 331, 332, 333, 334, 335, 336, 337, 338, 339, 340, 341, 342, 343, 344, 345, 346, 347, 348, 349, 350, 351]
labeling = [0, 2, 3, 5, 6, 7, 9, 11, 4, 12, 13, 10, 15, 17, 19, 14, 8, 21, 22, 20, 23, 24, 16, 26, 27, 29, 30, 25, 28, 32, 31, 34, 33, 36, 18, 38, 35, 39, 41, 42, 44, 43, 37, 46, 45, 48, 50, 47, 51, 40, 52, 53, 55, 56, 57, 58, 49, 60, 62, 64, 66, 67, 61, 69, 59, 71, 54, 63, 70, 73, 65, 68, 75, 77, 79, 72, 81, 80, 82, 84, 78, 86, 88, 90, 91, 93, 95, 94, 89, 96, 74, 98, 100, 92, 102, 97, 99, 87, 76, 104, 106, 108, 109, 103, 101, 111, 85, 110, 113, 115, 117, 83, 114, 112, 119, 118, 121, 123, 122, 124, 126, 125, 128, 130, 131, 132, 107, 127, 134, 136, 105, 120, 138, 140, 135, 141, 142, 143, 116, 144, 139, 146, 129, 148, 149, 151, 153, 145, 155, 157, 158, 133, 137, 160, 147, 150, 162, 156, 164, 152, 166, 168, 154, 170, 163, 167, 172, 169, 174, 159, 165, 176, 175, 177, 178, 180, 182, 184, 179, 171, 181, 185, 187, 189, 173, 186, 183, 190, 191, 193, 192, 188, 194, 195, 196, 198, 161, 200, 197, 202, 204, 203, 206, 207, 208, 205, 209, 211, 212, 210, 213, 199, 215, 217, 218, 219, 216, 201, 220, 222, 223, 224, 214, 226, 228, 230, 221, 232, 234, 229, 236, 233, 237, 225, 235, 239, 227, 231, 238, 240, 241, 242, 243, 244, 245, 246, 247, 248, 249, 250, 251, 252, 253, 254, 255, 256, 257, 258, 259, 260, 261, 262, 263, 264, 265, 266, 267, 268, 269, 270, 271, 272, 273, 274, 275, 276, 277, 278, 279, 280, 281, 282, 283, 284, 285, 286, 287, 288, 289, 290, 291, 292, 293, 294, 295, 296, 297, 298, 299, 300, 301, 302, 303, 304, 305, 306, 307, 308, 309, 310, 311, 312, 313, 314, 315, 316, 317, 318, 319, 320, 321, 322, 323, 324, 325, 326, 327, 328, 329, 330, 331, 332, 333, 334, 335, 336, 337, 338, 339, 340, 341, 342, 343, 344, 345, 346, 347, 348, 349, 350, 351, 352]
