===== RESULTADO GA L(2,1) =====
Arquivo: /Users/mateuspedrosa/Documents/TCC-II/BOGA/data/random/erdos_n569_p0.8.mtx (undirected)
Crossover: cx | Mutação: em | pop=30 | gens=53 | mut=0.446 | cr=0.5724 | runs=1 | max-stagt=1031

----- Execução #1 -----
Span (lambda): 569
Parada: TIME_LIMIT (geração 1)
best_order = [0, 1, 2, 3, 4, 5, 6, 7, 8, 9, 10, 11, 12, 13, 14, 15, 16, 17, 18, 19, 20, 21, 22, 23, 24, 25, 26, 27, 28, 29, 30, 31, 32, 33, 34, 35, 36, 37, 38, 39, 40, 41, 42, 43, 44, 45, 46, 47, 48, 49, 50, 51, 52, 53, 54, 55, 56, 57, 58, 59, 60, 61, 62, 63, 64, 65, 66, 67, 68, 69, 70, 71, 72, 73, 74, 75, 76, 77, 78, 79, 80, 81, 82, 83, 84, 85, 86, 87, 88, 89, 90, 91, 92, 93, 94, 95, 96, 97, 98, 99, 100, 101, 102, 103, 104, 105, 106, 107, 108, 109, 110, 111, 112, 113, 114, 115, 116, 117, 118, 119, 120, 121, 122, 123, 124, 125, 126, 127, 128, 129, 130, 131, 132, 133, 134, 135, 136, 137, 138, 139, 140, 141, 142, 143, 144, 145, 146, 147, 148, 149, 150, 151, 152, 153, 154, 155, 156, 157, 158, 159, 160, 161, 162, 163, 164, 165, 166, 167, 168, 169, 170, 171, 172, 173, 174, 175, 176, 177, 178, 179, 180, 181, 182, 183, 184, 185, 186, 187, 188, 189, 190, 191, 192, 193, 194, 195, 196, 197, 198, 199, 200, 201, 202, 203, 204, 205, 206, 207, 208, 209, 210, 211, 212, 213, 214, 215, 216, 217, 218, 219, 220, 221, 222, 223, 224, 225, 226, 227, 228, 229, 230, 231, 232, 233, 234, 235, 236, 237, 238, 239, 240, 241, 242, 243, 244, 245, 246, 247, 248, 249, 250, 251, 252, 253, 254, 255, 256, 257, 258, 259, 260, 261, 262, 263, 264, 265, 266, 267, 268, 269, 270, 271, 272, 273, 274, 275, 276, 277, 278, 279, 280, 281, 282, 283, 284, 285, 286, 287, 288, 289, 290, 291, 292, 293, 294, 295, 296, 297, 298, 299, 300, 301, 302, 303, 304, 305, 306, 307, 308, 309, 310, 311, 312, 313, 314, 315, 316, 317, 318, 319, 320, 321, 322, 323, 324, 325, 326, 327, 328, 329, 330, 331, 332, 333, 334, 335, 336, 337, 338, 339, 340, 341, 342, 343, 344, 345, 346, 347, 348, 349, 350, 351, 352, 353, 354, 355, 356, 357, 358, 359, 360, 361, 362, 363, 364, 365, 366, 367, 368, 369, 370, 371, 372, 373, 374, 375, 376, 377, 378, 379, 380, 381, 382, 383, 384, 385, 386, 387, 388, 389, 390, 391, 392, 393, 394, 395, 396, 397, 398, 399, 400, 401, 402, 403, 404, 405, 406, 407, 408, 409, 410, 411, 412, 413, 414, 415, 416, 417, 418, 419, 420, 421, 422, 423, 424, 425, 426, 427, 428, 429, 430, 431, 432, 433, 434, 435, 436, 437, 438, 439, 440, 441, 442, 443, 444, 445, 446, 447, 448, 449, 450, 451, 452, 453, 454, 455, 456, 457, 458, 459, 460, 461, 462, 463, 464, 465, 466, 467, 468, 469, 470, 471, 472, 473, 474, 475, 476, 477, 478, 479, 480, 481, 482, 483, 484, 485, 486, 487, 488, 489, 490, 491, 492, 493, 494, 495, 496, 497, 498, 499, 500, 501, 502, 503, 504, 505, 506, 507, 508, 509, 510, 511, 512, 513, 514, 515, 516, 517, 518, 519, 520, 521, 522, 523, 524, 525, 526, 527, 528, 529, 530, 531, 532, 533, 534, 535, 536, 537, 538, 539, 540, 541, 542, 543, 544, 545, 546, 547, 548, 549, 550, 551, 552, 553, 554, 555, 556, 557, 558, 559, 560, 561, 562, 563, 564, 565, 566, 567, 568]
labeling = [0, 2, 4, 3, 5, 6, 8, 10, 11, 13, 14, 9, 16, 18, 7, 19, 21, 23, 25, 12, 27, 15, 20, 26, 29, 30, 32, 34, 28, 35, 22, 31, 37, 17, 24, 39, 41, 43, 45, 36, 38, 42, 47, 48, 50, 40, 52, 54, 56, 57, 49, 44, 55, 33, 51, 53, 59, 61, 62, 58, 63, 65, 66, 68, 46, 67, 60, 64, 70, 69, 72, 73, 75, 77, 78, 79, 81, 80, 76, 83, 74, 85, 84, 87, 71, 88, 90, 86, 89, 91, 93, 95, 92, 97, 82, 99, 96, 101, 103, 104, 94, 105, 102, 98, 107, 109, 110, 112, 106, 114, 111, 116, 118, 113, 100, 120, 121, 123, 108, 115, 124, 117, 125, 126, 127, 129, 122, 130, 132, 134, 136, 133, 137, 138, 139, 141, 143, 128, 142, 131, 145, 144, 147, 149, 151, 152, 154, 119, 135, 156, 155, 157, 140, 150, 158, 160, 162, 164, 166, 148, 159, 168, 146, 170, 163, 165, 161, 172, 174, 176, 175, 177, 169, 171, 153, 167, 178, 180, 181, 179, 182, 184, 183, 186, 188, 187, 189, 173, 191, 193, 190, 194, 195, 196, 192, 198, 197, 185, 199, 201, 202, 204, 200, 206, 208, 205, 210, 212, 214, 213, 209, 215, 203, 217, 219, 220, 221, 216, 223, 225, 226, 228, 211, 218, 230, 222, 229, 227, 231, 232, 224, 234, 236, 233, 207, 237, 239, 235, 241, 238, 243, 240, 244, 245, 247, 242, 249, 251, 252, 254, 255, 250, 256, 246, 258, 257, 260, 259, 262, 264, 253, 248, 265, 261, 266, 263, 267, 268, 269, 271, 272, 270, 273, 274, 276, 277, 279, 275, 281, 280, 283, 285, 286, 288, 289, 291, 293, 282, 278, 294, 290, 295, 292, 297, 299, 301, 287, 302, 296, 303, 304, 305, 307, 284, 306, 309, 311, 312, 298, 313, 300, 308, 314, 316, 318, 310, 320, 319, 322, 324, 326, 327, 317, 329, 321, 328, 325, 331, 333, 334, 335, 315, 337, 339, 330, 338, 340, 323, 336, 342, 343, 345, 347, 332, 349, 351, 348, 353, 355, 357, 359, 341, 361, 363, 344, 350, 365, 346, 352, 354, 367, 356, 364, 369, 370, 360, 371, 366, 372, 362, 374, 376, 377, 379, 380, 368, 382, 384, 375, 358, 373, 386, 378, 381, 387, 383, 385, 388, 389, 390, 391, 392, 393, 394, 395, 396, 397, 398, 399, 400, 401, 402, 403, 404, 405, 406, 407, 408, 409, 410, 411, 412, 413, 414, 415, 416, 417, 418, 419, 420, 421, 422, 423, 424, 425, 426, 427, 428, 429, 430, 431, 432, 433, 434, 435, 436, 437, 438, 439, 440, 441, 442, 443, 444, 445, 446, 447, 448, 449, 450, 451, 452, 453, 454, 455, 456, 457, 458, 459, 460, 461, 462, 463, 464, 465, 466, 467, 468, 469, 470, 471, 472, 473, 474, 475, 476, 477, 478, 479, 480, 481, 482, 483, 484, 485, 486, 487, 488, 489, 490, 491, 492, 493, 494, 495, 496, 497, 498, 499, 500, 501, 502, 503, 504, 505, 506, 507, 508, 509, 510, 511, 512, 513, 514, 515, 516, 517, 518, 519, 520, 521, 522, 523, 524, 525, 526, 527, 528, 529, 530, 531, 532, 533, 534, 535, 536, 537, 538, 539, 540, 541, 542, 543, 544, 545, 546, 547, 548, 549, 550, 551, 552, 553, 554, 555, 556, 557, 558, 559, 560, 561, 562, 563, 564, 565, 566, 567, 568, 569]
convergência = [569]
================================

----- Melhor execução -----
Span (lambda): 569
best_order = [0, 1, 2, 3, 4, 5, 6, 7, 8, 9, 10, 11, 12, 13, 14, 15, 16, 17, 18, 19, 20, 21, 22, 23, 24, 25, 26, 27, 28, 29, 30, 31, 32, 33, 34, 35, 36, 37, 38, 39, 40, 41, 42, 43, 44, 45, 46, 47, 48, 49, 50, 51, 52, 53, 54, 55, 56, 57, 58, 59, 60, 61, 62, 63, 64, 65, 66, 67, 68, 69, 70, 71, 72, 73, 74, 75, 76, 77, 78, 79, 80, 81, 82, 83, 84, 85, 86, 87, 88, 89, 90, 91, 92, 93, 94, 95, 96, 97, 98, 99, 100, 101, 102, 103, 104, 105, 106, 107, 108, 109, 110, 111, 112, 113, 114, 115, 116, 117, 118, 119, 120, 121, 122, 123, 124, 125, 126, 127, 128, 129, 130, 131, 132, 133, 134, 135, 136, 137, 138, 139, 140, 141, 142, 143, 144, 145, 146, 147, 148, 149, 150, 151, 152, 153, 154, 155, 156, 157, 158, 159, 160, 161, 162, 163, 164, 165, 166, 167, 168, 169, 170, 171, 172, 173, 174, 175, 176, 177, 178, 179, 180, 181, 182, 183, 184, 185, 186, 187, 188, 189, 190, 191, 192, 193, 194, 195, 196, 197, 198, 199, 200, 201, 202, 203, 204, 205, 206, 207, 208, 209, 210, 211, 212, 213, 214, 215, 216, 217, 218, 219, 220, 221, 222, 223, 224, 225, 226, 227, 228, 229, 230, 231, 232, 233, 234, 235, 236, 237, 238, 239, 240, 241, 242, 243, 244, 245, 246, 247, 248, 249, 250, 251, 252, 253, 254, 255, 256, 257, 258, 259, 260, 261, 262, 263, 264, 265, 266, 267, 268, 269, 270, 271, 272, 273, 274, 275, 276, 277, 278, 279, 280, 281, 282, 283, 284, 285, 286, 287, 288, 289, 290, 291, 292, 293, 294, 295, 296, 297, 298, 299, 300, 301, 302, 303, 304, 305, 306, 307, 308, 309, 310, 311, 312, 313, 314, 315, 316, 317, 318, 319, 320, 321, 322, 323, 324, 325, 326, 327, 328, 329, 330, 331, 332, 333, 334, 335, 336, 337, 338, 339, 340, 341, 342, 343, 344, 345, 346, 347, 348, 349, 350, 351, 352, 353, 354, 355, 356, 357, 358, 359, 360, 361, 362, 363, 364, 365, 366, 367, 368, 369, 370, 371, 372, 373, 374, 375, 376, 377, 378, 379, 380, 381, 382, 383, 384, 385, 386, 387, 388, 389, 390, 391, 392, 393, 394, 395, 396, 397, 398, 399, 400, 401, 402, 403, 404, 405, 406, 407, 408, 409, 410, 411, 412, 413, 414, 415, 416, 417, 418, 419, 420, 421, 422, 423, 424, 425, 426, 427, 428, 429, 430, 431, 432, 433, 434, 435, 436, 437, 438, 439, 440, 441, 442, 443, 444, 445, 446, 447, 448, 449, 450, 451, 452, 453, 454, 455, 456, 457, 458, 459, 460, 461, 462, 463, 464, 465, 466, 467, 468, 469, 470, 471, 472, 473, 474, 475, 476, 477, 478, 479, 480, 481, 482, 483, 484, 485, 486, 487, 488, 489, 490, 491, 492, 493, 494, 495, 496, 497, 498, 499, 500, 501, 502, 503, 504, 505, 506, 507, 508, 509, 510, 511, 512, 513, 514, 515, 516, 517, 518, 519, 520, 521, 522, 523, 524, 525, 526, 527, 528, 529, 530, 531, 532, 533, 534, 535, 536, 537, 538, 539, 540, 541, 542, 543, 544, 545, 546, 547, 548, 549, 550, 551, 552, 553, 554, 555, 556, 557, 558, 559, 560, 561, 562, 563, 564, 565, 566, 567, 568]
labeling = [0, 2, 4, 3, 5, 6, 8, 10, 11, 13, 14, 9, 16, 18, 7, 19, 21, 23, 25, 12, 27, 15, 20, 26, 29, 30, 32, 34, 28, 35, 22, 31, 37, 17, 24, 39, 41, 43, 45, 36, 38, 42, 47, 48, 50, 40, 52, 54, 56, 57, 49, 44, 55, 33, 51, 53, 59, 61, 62, 58, 63, 65, 66, 68, 46, 67, 60, 64, 70, 69, 72, 73, 75, 77, 78, 79, 81, 80, 76, 83, 74, 85, 84, 87, 71, 88, 90, 86, 89, 91, 93, 95, 92, 97, 82, 99, 96, 101, 103, 104, 94, 105, 102, 98, 107, 109, 110, 112, 106, 114, 111, 116, 118, 113, 100, 120, 121, 123, 108, 115, 124, 117, 125, 126, 127, 129, 122, 130, 132, 134, 136, 133, 137, 138, 139, 141, 143, 128, 142, 131, 145, 144, 147, 149, 151, 152, 154, 119, 135, 156, 155, 157, 140, 150, 158, 160, 162, 164, 166, 148, 159, 168, 146, 170, 163, 165, 161, 172, 174, 176, 175, 177, 169, 171, 153, 167, 178, 180, 181, 179, 182, 184, 183, 186, 188, 187, 189, 173, 191, 193, 190, 194, 195, 196, 192, 198, 197, 185, 199, 201, 202, 204, 200, 206, 208, 205, 210, 212, 214, 213, 209, 215, 203, 217, 219, 220, 221, 216, 223, 225, 226, 228, 211, 218, 230, 222, 229, 227, 231, 232, 224, 234, 236, 233, 207, 237, 239, 235, 241, 238, 243, 240, 244, 245, 247, 242, 249, 251, 252, 254, 255, 250, 256, 246, 258, 257, 260, 259, 262, 264, 253, 248, 265, 261, 266, 263, 267, 268, 269, 271, 272, 270, 273, 274, 276, 277, 279, 275, 281, 280, 283, 285, 286, 288, 289, 291, 293, 282, 278, 294, 290, 295, 292, 297, 299, 301, 287, 302, 296, 303, 304, 305, 307, 284, 306, 309, 311, 312, 298, 313, 300, 308, 314, 316, 318, 310, 320, 319, 322, 324, 326, 327, 317, 329, 321, 328, 325, 331, 333, 334, 335, 315, 337, 339, 330, 338, 340, 323, 336, 342, 343, 345, 347, 332, 349, 351, 348, 353, 355, 357, 359, 341, 361, 363, 344, 350, 365, 346, 352, 354, 367, 356, 364, 369, 370, 360, 371, 366, 372, 362, 374, 376, 377, 379, 380, 368, 382, 384, 375, 358, 373, 386, 378, 381, 387, 383, 385, 388, 389, 390, 391, 392, 393, 394, 395, 396, 397, 398, 399, 400, 401, 402, 403, 404, 405, 406, 407, 408, 409, 410, 411, 412, 413, 414, 415, 416, 417, 418, 419, 420, 421, 422, 423, 424, 425, 426, 427, 428, 429, 430, 431, 432, 433, 434, 435, 436, 437, 438, 439, 440, 441, 442, 443, 444, 445, 446, 447, 448, 449, 450, 451, 452, 453, 454, 455, 456, 457, 458, 459, 460, 461, 462, 463, 464, 465, 466, 467, 468, 469, 470, 471, 472, 473, 474, 475, 476, 477, 478, 479, 480, 481, 482, 483, 484, 485, 486, 487, 488, 489, 490, 491, 492, 493, 494, 495, 496, 497, 498, 499, 500, 501, 502, 503, 504, 505, 506, 507, 508, 509, 510, 511, 512, 513, 514, 515, 516, 517, 518, 519, 520, 521, 522, 523, 524, 525, 526, 527, 528, 529, 530, 531, 532, 533, 534, 535, 536, 537, 538, 539, 540, 541, 542, 543, 544, 545, 546, 547, 548, 549, 550, 551, 552, 553, 554, 555, 556, 557, 558, 559, 560, 561, 562, 563, 564, 565, 566, 567, 568, 569]
