===== RESULTADO GA L(2,1) =====
Arquivo: /Users/mateuspedrosa/Documents/TCC-II/BOGA/data/random/erdos_n414_p0.6.mtx (undirected)
Crossover: cx | Mutação: em | pop=30 | gens=53 | mut=0.446 | cr=0.5724 | runs=1 | max-stagt=1031

----- Execução #1 -----
Span (lambda): 414
Parada: TIME_LIMIT (geração 1)
best_order = [0, 1, 2, 3, 4, 5, 6, 7, 8, 9, 10, 11, 12, 13, 14, 15, 16, 17, 18, 19, 20, 21, 22, 23, 24, 25, 26, 27, 28, 29, 30, 31, 32, 33, 34, 35, 36, 37, 38, 39, 40, 41, 42, 43, 44, 45, 46, 47, 48, 49, 50, 51, 52, 53, 54, 55, 56, 57, 58, 59, 60, 61, 62, 63, 64, 65, 66, 67, 68, 69, 70, 71, 72, 73, 74, 75, 76, 77, 78, 79, 80, 81, 82, 83, 84, 85, 86, 87, 88, 89, 90, 91, 92, 93, 94, 95, 96, 97, 98, 99, 100, 101, 102, 103, 104, 105, 106, 107, 108, 109, 110, 111, 112, 113, 114, 115, 116, 117, 118, 119, 120, 121, 122, 123, 124, 125, 126, 127, 128, 129, 130, 131, 132, 133, 134, 135, 136, 137, 138, 139, 140, 141, 142, 143, 144, 145, 146, 147, 148, 149, 150, 151, 152, 153, 154, 155, 156, 157, 158, 159, 160, 161, 162, 163, 164, 165, 166, 167, 168, 169, 170, 171, 172, 173, 174, 175, 176, 177, 178, 179, 180, 181, 182, 183, 184, 185, 186, 187, 188, 189, 190, 191, 192, 193, 194, 195, 196, 197, 198, 199, 200, 201, 202, 203, 204, 205, 206, 207, 208, 209, 210, 211, 212, 213, 214, 215, 216, 217, 218, 219, 220, 221, 222, 223, 224, 225, 226, 227, 228, 229, 230, 231, 232, 233, 234, 235, 236, 237, 238, 239, 240, 241, 242, 243, 244, 245, 246, 247, 248, 249, 250, 251, 252, 253, 254, 255, 256, 257, 258, 259, 260, 261, 262, 263, 264, 265, 266, 267, 268, 269, 270, 271, 272, 273, 274, 275, 276, 277, 278, 279, 280, 281, 282, 283, 284, 285, 286, 287, 288, 289, 290, 291, 292, 293, 294, 295, 296, 297, 298, 299, 300, 301, 302, 303, 304, 305, 306, 307, 308, 309, 310, 311, 312, 313, 314, 315, 316, 317, 318, 319, 320, 321, 322, 323, 324, 325, 326, 327, 328, 329, 330, 331, 332, 333, 334, 335, 336, 337, 338, 339, 340, 341, 342, 343, 344, 345, 346, 347, 348, 349, 350, 351, 352, 353, 354, 355, 356, 357, 358, 359, 360, 361, 362, 363, 364, 365, 366, 367, 368, 369, 370, 371, 372, 373, 374, 375, 376, 377, 378, 379, 380, 381, 382, 383, 384, 385, 386, 387, 388, 389, 390, 391, 392, 393, 394, 395, 396, 397, 398, 399, 400, 401, 402, 403, 404, 405, 406, 407, 408, 409, 410, 411, 412, 413]
labeling = [0, 2, 3, 5, 6, 7, 9, 8, 4, 11, 13, 15, 14, 10, 16, 18, 12, 17, 19, 20, 22, 21, 24, 26, 27, 29, 28, 25, 23, 30, 32, 33, 34, 35, 37, 39, 36, 31, 40, 41, 38, 43, 45, 42, 44, 46, 48, 47, 50, 52, 54, 53, 49, 56, 55, 57, 58, 60, 61, 62, 63, 65, 59, 66, 51, 68, 70, 67, 69, 64, 72, 73, 75, 77, 79, 81, 82, 78, 71, 84, 74, 76, 83, 86, 88, 89, 87, 90, 85, 92, 94, 95, 93, 80, 97, 96, 99, 98, 101, 103, 100, 105, 102, 91, 106, 104, 107, 109, 108, 111, 113, 115, 114, 117, 119, 112, 110, 118, 116, 120, 122, 121, 124, 123, 126, 128, 127, 129, 125, 131, 130, 133, 135, 137, 132, 138, 139, 134, 140, 142, 141, 136, 144, 146, 143, 148, 149, 150, 145, 147, 152, 154, 151, 155, 157, 159, 156, 160, 158, 161, 163, 162, 164, 165, 166, 153, 168, 170, 172, 169, 174, 173, 167, 171, 176, 177, 178, 180, 181, 183, 184, 175, 185, 186, 182, 187, 179, 188, 189, 191, 193, 194, 196, 190, 195, 197, 192, 198, 200, 202, 199, 201, 204, 206, 208, 209, 203, 207, 210, 205, 211, 213, 215, 216, 212, 218, 220, 214, 222, 217, 219, 224, 226, 227, 223, 229, 225, 228, 221, 230, 231, 232, 233, 234, 236, 235, 238, 237, 239, 240, 242, 244, 246, 245, 247, 249, 248, 250, 251, 252, 243, 254, 256, 253, 258, 259, 261, 241, 255, 262, 257, 264, 266, 267, 263, 260, 265, 269, 271, 272, 274, 276, 273, 277, 278, 279, 268, 280, 270, 275, 281, 282, 283, 284, 285, 286, 287, 288, 289, 290, 291, 292, 293, 294, 295, 296, 297, 298, 299, 300, 301, 302, 303, 304, 305, 306, 307, 308, 309, 310, 311, 312, 313, 314, 315, 316, 317, 318, 319, 320, 321, 322, 323, 324, 325, 326, 327, 328, 329, 330, 331, 332, 333, 334, 335, 336, 337, 338, 339, 340, 341, 342, 343, 344, 345, 346, 347, 348, 349, 350, 351, 352, 353, 354, 355, 356, 357, 358, 359, 360, 361, 362, 363, 364, 365, 366, 367, 368, 369, 370, 371, 372, 373, 374, 375, 376, 377, 378, 379, 380, 381, 382, 383, 384, 385, 386, 387, 388, 389, 390, 391, 392, 393, 394, 395, 396, 397, 398, 399, 400, 401, 402, 403, 404, 405, 406, 407, 408, 409, 410, 411, 412, 413, 414]
convergência = [414]
================================

----- Melhor execução -----
Span (lambda): 414
best_order = [0, 1, 2, 3, 4, 5, 6, 7, 8, 9, 10, 11, 12, 13, 14, 15, 16, 17, 18, 19, 20, 21, 22, 23, 24, 25, 26, 27, 28, 29, 30, 31, 32, 33, 34, 35, 36, 37, 38, 39, 40, 41, 42, 43, 44, 45, 46, 47, 48, 49, 50, 51, 52, 53, 54, 55, 56, 57, 58, 59, 60, 61, 62, 63, 64, 65, 66, 67, 68, 69, 70, 71, 72, 73, 74, 75, 76, 77, 78, 79, 80, 81, 82, 83, 84, 85, 86, 87, 88, 89, 90, 91, 92, 93, 94, 95, 96, 97, 98, 99, 100, 101, 102, 103, 104, 105, 106, 107, 108, 109, 110, 111, 112, 113, 114, 115, 116, 117, 118, 119, 120, 121, 122, 123, 124, 125, 126, 127, 128, 129, 130, 131, 132, 133, 134, 135, 136, 137, 138, 139, 140, 141, 142, 143, 144, 145, 146, 147, 148, 149, 150, 151, 152, 153, 154, 155, 156, 157, 158, 159, 160, 161, 162, 163, 164, 165, 166, 167, 168, 169, 170, 171, 172, 173, 174, 175, 176, 177, 178, 179, 180, 181, 182, 183, 184, 185, 186, 187, 188, 189, 190, 191, 192, 193, 194, 195, 196, 197, 198, 199, 200, 201, 202, 203, 204, 205, 206, 207, 208, 209, 210, 211, 212, 213, 214, 215, 216, 217, 218, 219, 220, 221, 222, 223, 224, 225, 226, 227, 228, 229, 230, 231, 232, 233, 234, 235, 236, 237, 238, 239, 240, 241, 242, 243, 244, 245, 246, 247, 248, 249, 250, 251, 252, 253, 254, 255, 256, 257, 258, 259, 260, 261, 262, 263, 264, 265, 266, 267, 268, 269, 270, 271, 272, 273, 274, 275, 276, 277, 278, 279, 280, 281, 282, 283, 284, 285, 286, 287, 288, 289, 290, 291, 292, 293, 294, 295, 296, 297, 298, 299, 300, 301, 302, 303, 304, 305, 306, 307, 308, 309, 310, 311, 312, 313, 314, 315, 316, 317, 318, 319, 320, 321, 322, 323, 324, 325, 326, 327, 328, 329, 330, 331, 332, 333, 334, 335, 336, 337, 338, 339, 340, 341, 342, 343, 344, 345, 346, 347, 348, 349, 350, 351, 352, 353, 354, 355, 356, 357, 358, 359, 360, 361, 362, 363, 364, 365, 366, 367, 368, 369, 370, 371, 372, 373, 374, 375, 376, 377, 378, 379, 380, 381, 382, 383, 384, 385, 386, 387, 388, 389, 390, 391, 392, 393, 394, 395, 396, 397, 398, 399, 400, 401, 402, 403, 404, 405, 406, 407, 408, 409, 410, 411, 412, 413]
labeling = [0, 2, 3, 5, 6, 7, 9, 8, 4, 11, 13, 15, 14, 10, 16, 18, 12, 17, 19, 20, 22, 21, 24, 26, 27, 29, 28, 25, 23, 30, 32, 33, 34, 35, 37, 39, 36, 31, 40, 41, 38, 43, 45, 42, 44, 46, 48, 47, 50, 52, 54, 53, 49, 56, 55, 57, 58, 60, 61, 62, 63, 65, 59, 66, 51, 68, 70, 67, 69, 64, 72, 73, 75, 77, 79, 81, 82, 78, 71, 84, 74, 76, 83, 86, 88, 89, 87, 90, 85, 92, 94, 95, 93, 80, 97, 96, 99, 98, 101, 103, 100, 105, 102, 91, 106, 104, 107, 109, 108, 111, 113, 115, 114, 117, 119, 112, 110, 118, 116, 120, 122, 121, 124, 123, 126, 128, 127, 129, 125, 131, 130, 133, 135, 137, 132, 138, 139, 134, 140, 142, 141, 136, 144, 146, 143, 148, 149, 150, 145, 147, 152, 154, 151, 155, 157, 159, 156, 160, 158, 161, 163, 162, 164, 165, 166, 153, 168, 170, 172, 169, 174, 173, 167, 171, 176, 177, 178, 180, 181, 183, 184, 175, 185, 186, 182, 187, 179, 188, 189, 191, 193, 194, 196, 190, 195, 197, 192, 198, 200, 202, 199, 201, 204, 206, 208, 209, 203, 207, 210, 205, 211, 213, 215, 216, 212, 218, 220, 214, 222, 217, 219, 224, 226, 227, 223, 229, 225, 228, 221, 230, 231, 232, 233, 234, 236, 235, 238, 237, 239, 240, 242, 244, 246, 245, 247, 249, 248, 250, 251, 252, 243, 254, 256, 253, 258, 259, 261, 241, 255, 262, 257, 264, 266, 267, 263, 260, 265, 269, 271, 272, 274, 276, 273, 277, 278, 279, 268, 280, 270, 275, 281, 282, 283, 284, 285, 286, 287, 288, 289, 290, 291, 292, 293, 294, 295, 296, 297, 298, 299, 300, 301, 302, 303, 304, 305, 306, 307, 308, 309, 310, 311, 312, 313, 314, 315, 316, 317, 318, 319, 320, 321, 322, 323, 324, 325, 326, 327, 328, 329, 330, 331, 332, 333, 334, 335, 336, 337, 338, 339, 340, 341, 342, 343, 344, 345, 346, 347, 348, 349, 350, 351, 352, 353, 354, 355, 356, 357, 358, 359, 360, 361, 362, 363, 364, 365, 366, 367, 368, 369, 370, 371, 372, 373, 374, 375, 376, 377, 378, 379, 380, 381, 382, 383, 384, 385, 386, 387, 388, 389, 390, 391, 392, 393, 394, 395, 396, 397, 398, 399, 400, 401, 402, 403, 404, 405, 406, 407, 408, 409, 410, 411, 412, 413, 414]
