===== RESULTADO GA L(2,1) =====
Arquivo: /Users/mateuspedrosa/Documents/TCC-II/BOGA/data/random/erdos_n272_p0.6.mtx (undirected)
Crossover: cx | Mutação: em | pop=30 | gens=53 | mut=0.446 | cr=0.5724 | runs=1 | max-stagt=1031

----- Execução #1 -----
Span (lambda): 272
Parada: TIME_LIMIT (geração 3)
best_order = [0, 1, 2, 3, 4, 5, 6, 7, 8, 9, 10, 11, 12, 13, 14, 15, 16, 17, 18, 19, 20, 21, 22, 23, 24, 25, 26, 27, 28, 29, 30, 31, 32, 33, 34, 35, 36, 37, 38, 39, 40, 41, 42, 43, 44, 45, 46, 47, 48, 49, 50, 51, 52, 53, 54, 55, 56, 57, 58, 59, 60, 61, 62, 63, 64, 65, 66, 67, 68, 69, 70, 71, 72, 73, 74, 75, 76, 77, 78, 79, 80, 81, 82, 83, 84, 85, 86, 87, 88, 89, 90, 91, 92, 93, 94, 95, 96, 97, 98, 99, 100, 101, 102, 103, 104, 105, 106, 107, 108, 109, 110, 111, 112, 113, 114, 115, 116, 117, 118, 119, 120, 121, 122, 123, 124, 125, 126, 127, 128, 129, 130, 131, 132, 133, 134, 135, 136, 137, 138, 139, 140, 141, 142, 143, 144, 145, 146, 147, 148, 149, 150, 151, 152, 153, 154, 155, 156, 157, 158, 159, 160, 161, 162, 163, 164, 165, 166, 167, 168, 169, 170, 171, 172, 173, 174, 175, 176, 177, 178, 179, 180, 181, 182, 183, 184, 185, 186, 187, 188, 189, 190, 191, 192, 193, 194, 195, 196, 197, 198, 199, 200, 201, 202, 203, 204, 205, 206, 207, 208, 209, 210, 211, 212, 213, 214, 215, 216, 217, 218, 219, 220, 221, 222, 223, 224, 225, 226, 227, 228, 229, 230, 231, 232, 233, 234, 235, 236, 237, 238, 239, 240, 241, 242, 243, 244, 245, 246, 247, 248, 249, 250, 251, 252, 253, 254, 255, 256, 257, 258, 259, 260, 261, 262, 263, 264, 265, 266, 267, 268, 269, 270, 271]
labeling = [0, 2, 4, 6, 5, 7, 3, 8, 10, 12, 9, 14, 13, 15, 17, 16, 19, 18, 20, 11, 22, 23, 25, 26, 28, 27, 30, 21, 29, 31, 32, 34, 36, 24, 33, 37, 38, 35, 39, 40, 41, 42, 43, 45, 44, 46, 47, 49, 51, 48, 53, 50, 52, 54, 55, 56, 57, 59, 61, 62, 63, 64, 58, 60, 65, 67, 69, 66, 70, 68, 71, 72, 73, 75, 76, 77, 74, 79, 78, 80, 81, 82, 83, 84, 85, 86, 88, 89, 90, 91, 93, 94, 95, 96, 87, 97, 92, 99, 98, 101, 103, 100, 105, 102, 106, 107, 108, 104, 109, 111, 112, 114, 110, 115, 113, 117, 119, 116, 118, 120, 121, 122, 124, 126, 128, 130, 132, 127, 129, 131, 123, 133, 125, 134, 136, 138, 137, 139, 140, 135, 142, 144, 146, 148, 141, 145, 147, 149, 150, 151, 143, 152, 153, 155, 157, 158, 154, 159, 161, 162, 164, 163, 165, 166, 167, 169, 160, 170, 156, 168, 172, 174, 176, 178, 180, 171, 177, 182, 183, 181, 173, 175, 184, 185, 179, 186, 187, 188, 189, 190, 191, 192, 193, 194, 195, 196, 197, 198, 199, 200, 201, 202, 203, 204, 205, 206, 207, 208, 209, 210, 211, 212, 213, 214, 215, 216, 217, 218, 219, 220, 221, 222, 223, 224, 225, 226, 227, 228, 229, 230, 231, 232, 233, 234, 235, 236, 237, 238, 239, 240, 241, 242, 243, 244, 245, 246, 247, 248, 249, 250, 251, 252, 253, 254, 255, 256, 257, 258, 259, 260, 261, 262, 263, 264, 265, 266, 267, 268, 269, 270, 271, 272]
convergência = [272, 272, 272]
================================

----- Melhor execução -----
Span (lambda): 272
best_order = [0, 1, 2, 3, 4, 5, 6, 7, 8, 9, 10, 11, 12, 13, 14, 15, 16, 17, 18, 19, 20, 21, 22, 23, 24, 25, 26, 27, 28, 29, 30, 31, 32, 33, 34, 35, 36, 37, 38, 39, 40, 41, 42, 43, 44, 45, 46, 47, 48, 49, 50, 51, 52, 53, 54, 55, 56, 57, 58, 59, 60, 61, 62, 63, 64, 65, 66, 67, 68, 69, 70, 71, 72, 73, 74, 75, 76, 77, 78, 79, 80, 81, 82, 83, 84, 85, 86, 87, 88, 89, 90, 91, 92, 93, 94, 95, 96, 97, 98, 99, 100, 101, 102, 103, 104, 105, 106, 107, 108, 109, 110, 111, 112, 113, 114, 115, 116, 117, 118, 119, 120, 121, 122, 123, 124, 125, 126, 127, 128, 129, 130, 131, 132, 133, 134, 135, 136, 137, 138, 139, 140, 141, 142, 143, 144, 145, 146, 147, 148, 149, 150, 151, 152, 153, 154, 155, 156, 157, 158, 159, 160, 161, 162, 163, 164, 165, 166, 167, 168, 169, 170, 171, 172, 173, 174, 175, 176, 177, 178, 179, 180, 181, 182, 183, 184, 185, 186, 187, 188, 189, 190, 191, 192, 193, 194, 195, 196, 197, 198, 199, 200, 201, 202, 203, 204, 205, 206, 207, 208, 209, 210, 211, 212, 213, 214, 215, 216, 217, 218, 219, 220, 221, 222, 223, 224, 225, 226, 227, 228, 229, 230, 231, 232, 233, 234, 235, 236, 237, 238, 239, 240, 241, 242, 243, 244, 245, 246, 247, 248, 249, 250, 251, 252, 253, 254, 255, 256, 257, 258, 259, 260, 261, 262, 263, 264, 265, 266, 267, 268, 269, 270, 271]
labeling = [0, 2, 4, 6, 5, 7, 3, 8, 10, 12, 9, 14, 13, 15, 17, 16, 19, 18, 20, 11, 22, 23, 25, 26, 28, 27, 30, 21, 29, 31, 32, 34, 36, 24, 33, 37, 38, 35, 39, 40, 41, 42, 43, 45, 44, 46, 47, 49, 51, 48, 53, 50, 52, 54, 55, 56, 57, 59, 61, 62, 63, 64, 58, 60, 65, 67, 69, 66, 70, 68, 71, 72, 73, 75, 76, 77, 74, 79, 78, 80, 81, 82, 83, 84, 85, 86, 88, 89, 90, 91, 93, 94, 95, 96, 87, 97, 92, 99, 98, 101, 103, 100, 105, 102, 106, 107, 108, 104, 109, 111, 112, 114, 110, 115, 113, 117, 119, 116, 118, 120, 121, 122, 124, 126, 128, 130, 132, 127, 129, 131, 123, 133, 125, 134, 136, 138, 137, 139, 140, 135, 142, 144, 146, 148, 141, 145, 147, 149, 150, 151, 143, 152, 153, 155, 157, 158, 154, 159, 161, 162, 164, 163, 165, 166, 167, 169, 160, 170, 156, 168, 172, 174, 176, 178, 180, 171, 177, 182, 183, 181, 173, 175, 184, 185, 179, 186, 187, 188, 189, 190, 191, 192, 193, 194, 195, 196, 197, 198, 199, 200, 201, 202, 203, 204, 205, 206, 207, 208, 209, 210, 211, 212, 213, 214, 215, 216, 217, 218, 219, 220, 221, 222, 223, 224, 225, 226, 227, 228, 229, 230, 231, 232, 233, 234, 235, 236, 237, 238, 239, 240, 241, 242, 243, 244, 245, 246, 247, 248, 249, 250, 251, 252, 253, 254, 255, 256, 257, 258, 259, 260, 261, 262, 263, 264, 265, 266, 267, 268, 269, 270, 271, 272]
