===== RESULTADO GA L(2,1) =====
Arquivo: /Users/mateuspedrosa/Documents/TCC-II/BOGA/data/random/erdos_n142_p0.8.mtx (undirected)
Crossover: cx | Mutação: em | pop=30 | gens=53 | mut=0.446 | cr=0.5724 | runs=1 | max-stagt=1031

----- Execução #1 -----
Span (lambda): 142
Parada: TIME_LIMIT (geração 18)
best_order = [0, 1, 2, 3, 4, 5, 6, 7, 8, 9, 10, 11, 12, 13, 14, 15, 16, 17, 18, 19, 20, 21, 22, 23, 24, 25, 26, 27, 28, 29, 30, 31, 32, 33, 34, 35, 36, 37, 38, 39, 40, 41, 42, 43, 44, 45, 46, 47, 48, 49, 50, 51, 52, 53, 54, 55, 56, 57, 58, 59, 60, 61, 62, 63, 64, 65, 66, 67, 68, 69, 70, 71, 72, 73, 74, 75, 76, 77, 78, 79, 80, 81, 82, 83, 84, 85, 86, 87, 88, 89, 90, 91, 92, 93, 94, 95, 96, 97, 98, 99, 100, 101, 102, 103, 104, 105, 106, 107, 108, 109, 110, 111, 112, 113, 114, 115, 116, 117, 118, 119, 120, 121, 122, 123, 124, 125, 126, 127, 128, 129, 130, 131, 132, 133, 134, 135, 136, 137, 138, 139, 140, 141]
labeling = [0, 2, 4, 6, 7, 9, 11, 12, 8, 13, 15, 3, 10, 17, 18, 19, 21, 20, 5, 14, 23, 16, 22, 25, 27, 24, 29, 31, 32, 28, 33, 26, 35, 34, 37, 30, 39, 36, 41, 43, 38, 45, 40, 47, 42, 49, 46, 50, 44, 52, 54, 55, 48, 56, 57, 59, 61, 51, 63, 62, 53, 64, 66, 65, 68, 70, 71, 58, 73, 60, 69, 67, 75, 76, 78, 74, 72, 80, 82, 77, 84, 83, 86, 88, 79, 87, 90, 81, 91, 93, 85, 95, 97, 89, 98, 100, 92, 96, 99, 94, 101, 102, 103, 104, 105, 106, 107, 108, 109, 110, 111, 112, 113, 114, 115, 116, 117, 118, 119, 120, 121, 122, 123, 124, 125, 126, 127, 128, 129, 130, 131, 132, 133, 134, 135, 136, 137, 138, 139, 140, 141, 142]
convergência = [142, 142, 142, 142, 142, 142, 142, 142, 142, 142, 142, 142, 142, 142, 142, 142, 142, 142]
================================

----- Melhor execução -----
Span (lambda): 142
best_order = [0, 1, 2, 3, 4, 5, 6, 7, 8, 9, 10, 11, 12, 13, 14, 15, 16, 17, 18, 19, 20, 21, 22, 23, 24, 25, 26, 27, 28, 29, 30, 31, 32, 33, 34, 35, 36, 37, 38, 39, 40, 41, 42, 43, 44, 45, 46, 47, 48, 49, 50, 51, 52, 53, 54, 55, 56, 57, 58, 59, 60, 61, 62, 63, 64, 65, 66, 67, 68, 69, 70, 71, 72, 73, 74, 75, 76, 77, 78, 79, 80, 81, 82, 83, 84, 85, 86, 87, 88, 89, 90, 91, 92, 93, 94, 95, 96, 97, 98, 99, 100, 101, 102, 103, 104, 105, 106, 107, 108, 109, 110, 111, 112, 113, 114, 115, 116, 117, 118, 119, 120, 121, 122, 123, 124, 125, 126, 127, 128, 129, 130, 131, 132, 133, 134, 135, 136, 137, 138, 139, 140, 141]
labeling = [0, 2, 4, 6, 7, 9, 11, 12, 8, 13, 15, 3, 10, 17, 18, 19, 21, 20, 5, 14, 23, 16, 22, 25, 27, 24, 29, 31, 32, 28, 33, 26, 35, 34, 37, 30, 39, 36, 41, 43, 38, 45, 40, 47, 42, 49, 46, 50, 44, 52, 54, 55, 48, 56, 57, 59, 61, 51, 63, 62, 53, 64, 66, 65, 68, 70, 71, 58, 73, 60, 69, 67, 75, 76, 78, 74, 72, 80, 82, 77, 84, 83, 86, 88, 79, 87, 90, 81, 91, 93, 85, 95, 97, 89, 98, 100, 92, 96, 99, 94, 101, 102, 103, 104, 105, 106, 107, 108, 109, 110, 111, 112, 113, 114, 115, 116, 117, 118, 119, 120, 121, 122, 123, 124, 125, 126, 127, 128, 129, 130, 131, 132, 133, 134, 135, 136, 137, 138, 139, 140, 141, 142]
