===== RESULTADO GA L(2,1) =====
Arquivo: /Users/mateuspedrosa/Documents/TCC-II/BOGA/data/random/erdos_n144_p0.6.mtx (undirected)
Crossover: cx | Mutação: em | pop=30 | gens=53 | mut=0.446 | cr=0.5724 | runs=1 | max-stagt=1031

----- Execução #1 -----
Span (lambda): 144
Parada: TIME_LIMIT (geração 30)
best_order = [0, 1, 2, 3, 4, 5, 6, 7, 8, 9, 10, 11, 12, 13, 14, 15, 16, 17, 18, 19, 20, 21, 22, 23, 24, 25, 26, 27, 28, 29, 30, 31, 32, 33, 34, 35, 36, 37, 38, 39, 40, 41, 42, 43, 44, 45, 46, 47, 48, 49, 50, 51, 52, 53, 54, 55, 56, 57, 58, 59, 60, 61, 62, 63, 64, 65, 66, 67, 68, 69, 70, 71, 72, 73, 74, 75, 76, 77, 78, 79, 80, 81, 82, 83, 84, 85, 86, 87, 88, 89, 90, 91, 92, 93, 94, 95, 96, 97, 98, 99, 100, 101, 102, 103, 104, 105, 106, 107, 108, 109, 110, 111, 112, 113, 114, 115, 116, 117, 118, 119, 120, 121, 122, 123, 124, 125, 126, 127, 128, 129, 130, 131, 132, 133, 134, 135, 136, 137, 138, 139, 140, 141, 142, 143]
labeling = [0, 2, 4, 3, 5, 7, 6, 9, 10, 11, 8, 13, 12, 14, 16, 17, 15, 19, 21, 22, 23, 24, 26, 27, 18, 20, 28, 25, 29, 31, 33, 35, 30, 37, 36, 39, 32, 40, 34, 38, 41, 43, 44, 42, 45, 46, 47, 49, 51, 52, 54, 48, 50, 53, 56, 58, 55, 59, 61, 60, 62, 57, 64, 66, 63, 68, 70, 72, 65, 73, 69, 74, 67, 76, 78, 79, 81, 71, 82, 80, 84, 86, 75, 77, 87, 85, 83, 89, 88, 90, 91, 93, 92, 94, 95, 97, 99, 96, 98, 100, 101, 102, 103, 104, 105, 106, 107, 108, 109, 110, 111, 112, 113, 114, 115, 116, 117, 118, 119, 120, 121, 122, 123, 124, 125, 126, 127, 128, 129, 130, 131, 132, 133, 134, 135, 136, 137, 138, 139, 140, 141, 142, 143, 144]
convergência = [144, 144, 144, 144, 144, 144, 144, 144, 144, 144, 144, 144, 144, 144, 144, 144, 144, 144, 144, 144, 144, 144, 144, 144, 144, 144, 144, 144, 144, 144]
================================

----- Melhor execução -----
Span (lambda): 144
best_order = [0, 1, 2, 3, 4, 5, 6, 7, 8, 9, 10, 11, 12, 13, 14, 15, 16, 17, 18, 19, 20, 21, 22, 23, 24, 25, 26, 27, 28, 29, 30, 31, 32, 33, 34, 35, 36, 37, 38, 39, 40, 41, 42, 43, 44, 45, 46, 47, 48, 49, 50, 51, 52, 53, 54, 55, 56, 57, 58, 59, 60, 61, 62, 63, 64, 65, 66, 67, 68, 69, 70, 71, 72, 73, 74, 75, 76, 77, 78, 79, 80, 81, 82, 83, 84, 85, 86, 87, 88, 89, 90, 91, 92, 93, 94, 95, 96, 97, 98, 99, 100, 101, 102, 103, 104, 105, 106, 107, 108, 109, 110, 111, 112, 113, 114, 115, 116, 117, 118, 119, 120, 121, 122, 123, 124, 125, 126, 127, 128, 129, 130, 131, 132, 133, 134, 135, 136, 137, 138, 139, 140, 141, 142, 143]
labeling = [0, 2, 4, 3, 5, 7, 6, 9, 10, 11, 8, 13, 12, 14, 16, 17, 15, 19, 21, 22, 23, 24, 26, 27, 18, 20, 28, 25, 29, 31, 33, 35, 30, 37, 36, 39, 32, 40, 34, 38, 41, 43, 44, 42, 45, 46, 47, 49, 51, 52, 54, 48, 50, 53, 56, 58, 55, 59, 61, 60, 62, 57, 64, 66, 63, 68, 70, 72, 65, 73, 69, 74, 67, 76, 78, 79, 81, 71, 82, 80, 84, 86, 75, 77, 87, 85, 83, 89, 88, 90, 91, 93, 92, 94, 95, 97, 99, 96, 98, 100, 101, 102, 103, 104, 105, 106, 107, 108, 109, 110, 111, 112, 113, 114, 115, 116, 117, 118, 119, 120, 121, 122, 123, 124, 125, 126, 127, 128, 129, 130, 131, 132, 133, 134, 135, 136, 137, 138, 139, 140, 141, 142, 143, 144]
