===== RESULTADO GA L(2,1) =====
Arquivo: /Users/mateuspedrosa/Documents/TCC-II/BOGA/data/Harwell-Boeing_cleaned/fs_183_1_clean.mtx (undirected)
Crossover: cx | Mutação: em | pop=30 | gens=53 | mut=0.446 | cr=0.5724 | runs=1 | max-stagt=1031

----- Execução #1 -----
Span (lambda): 67
Parada: MAX_GENS (geração 53)
best_order = [0, 1, 2, 3, 4, 5, 6, 7, 8, 9, 10, 11, 12, 13, 14, 15, 16, 17, 18, 19, 20, 21, 22, 23, 24, 25, 26, 27, 28, 29, 30, 31, 32, 33, 34, 35, 36, 37, 38, 39, 40, 41, 42, 43, 44, 45, 46, 47, 48, 49, 50, 51, 52, 53, 54, 55, 56, 57, 58, 59, 60, 61, 62, 63, 64, 65, 66, 67, 68, 69, 70, 71, 72, 73, 74, 75, 76, 77, 78, 79, 80, 81, 82, 83, 84, 85, 86, 87, 88, 89, 90, 91, 92, 93, 94, 95, 96, 97, 98, 99, 100, 101, 102, 103, 104, 105, 106, 107, 108, 109, 110, 111, 112, 113, 114, 115, 116, 117, 118, 119, 120, 121, 122, 123, 124, 125, 126, 127, 128, 129, 130, 131, 132, 133, 134, 135, 136, 137, 138, 139, 140, 141, 142, 143, 144, 145, 146, 147, 148, 149, 150, 151, 152, 153, 154, 155, 156, 157, 158, 159, 160, 161, 162, 163, 164, 165, 166, 167, 168, 169, 170, 171, 172, 173, 174, 175, 176, 177, 178, 179, 180, 181, 182]
labeling = [0, 2, 0, 1, 1, 3, 3, 3, 1, 1, 4, 5, 6, 0, 1, 0, 1, 1, 0, 3, 4, 5, 7, 6, 8, 9, 10, 1, 4, 1, 11, 9, 0, 1, 1, 0, 0, 1, 0, 1, 12, 13, 15, 14, 16, 0, 18, 6, 8, 10, 4, 6, 5, 0, 1, 12, 17, 3, 19, 11, 20, 21, 7, 22, 18, 1, 11, 14, 10, 16, 23, 24, 24, 25, 8, 26, 9, 27, 15, 28, 27, 29, 30, 30, 21, 31, 31, 5, 32, 32, 33, 34, 35, 36, 37, 37, 33, 38, 38, 35, 39, 1, 40, 17, 41, 10, 42, 39, 43, 44, 3, 45, 46, 12, 47, 0, 0, 48, 0, 40, 0, 49, 2, 50, 43, 51, 46, 52, 50, 53, 51, 54, 53, 11, 19, 55, 52, 9, 0, 56, 54, 3, 0, 40, 0, 0, 0, 0, 0, 0, 0, 0, 0, 0, 0, 0, 0, 57, 23, 58, 17, 59, 25, 60, 30, 61, 33, 62, 4, 63, 5, 64, 6, 65, 10, 66, 13, 3, 67, 1, 0, 0, 0]
convergência = [67, 67, 67, 67, 67, 67, 67, 67, 67, 67, 67, 67, 67, 67, 67, 67, 67, 67, 67, 67, 67, 67, 67, 67, 67, 67, 67, 67, 67, 67, 67, 67, 67, 67, 67, 67, 67, 67, 67, 67, 67, 67, 67, 67, 67, 67, 67, 67, 67, 67, 67, 67, 67]
================================

----- Melhor execução -----
Span (lambda): 67
best_order = [0, 1, 2, 3, 4, 5, 6, 7, 8, 9, 10, 11, 12, 13, 14, 15, 16, 17, 18, 19, 20, 21, 22, 23, 24, 25, 26, 27, 28, 29, 30, 31, 32, 33, 34, 35, 36, 37, 38, 39, 40, 41, 42, 43, 44, 45, 46, 47, 48, 49, 50, 51, 52, 53, 54, 55, 56, 57, 58, 59, 60, 61, 62, 63, 64, 65, 66, 67, 68, 69, 70, 71, 72, 73, 74, 75, 76, 77, 78, 79, 80, 81, 82, 83, 84, 85, 86, 87, 88, 89, 90, 91, 92, 93, 94, 95, 96, 97, 98, 99, 100, 101, 102, 103, 104, 105, 106, 107, 108, 109, 110, 111, 112, 113, 114, 115, 116, 117, 118, 119, 120, 121, 122, 123, 124, 125, 126, 127, 128, 129, 130, 131, 132, 133, 134, 135, 136, 137, 138, 139, 140, 141, 142, 143, 144, 145, 146, 147, 148, 149, 150, 151, 152, 153, 154, 155, 156, 157, 158, 159, 160, 161, 162, 163, 164, 165, 166, 167, 168, 169, 170, 171, 172, 173, 174, 175, 176, 177, 178, 179, 180, 181, 182]
labeling = [0, 2, 0, 1, 1, 3, 3, 3, 1, 1, 4, 5, 6, 0, 1, 0, 1, 1, 0, 3, 4, 5, 7, 6, 8, 9, 10, 1, 4, 1, 11, 9, 0, 1, 1, 0, 0, 1, 0, 1, 12, 13, 15, 14, 16, 0, 18, 6, 8, 10, 4, 6, 5, 0, 1, 12, 17, 3, 19, 11, 20, 21, 7, 22, 18, 1, 11, 14, 10, 16, 23, 24, 24, 25, 8, 26, 9, 27, 15, 28, 27, 29, 30, 30, 21, 31, 31, 5, 32, 32, 33, 34, 35, 36, 37, 37, 33, 38, 38, 35, 39, 1, 40, 17, 41, 10, 42, 39, 43, 44, 3, 45, 46, 12, 47, 0, 0, 48, 0, 40, 0, 49, 2, 50, 43, 51, 46, 52, 50, 53, 51, 54, 53, 11, 19, 55, 52, 9, 0, 56, 54, 3, 0, 40, 0, 0, 0, 0, 0, 0, 0, 0, 0, 0, 0, 0, 0, 57, 23, 58, 17, 59, 25, 60, 30, 61, 33, 62, 4, 63, 5, 64, 6, 65, 10, 66, 13, 3, 67, 1, 0, 0, 0]
