===== RESULTADO GA L(2,1) =====
Arquivo: /Users/mateuspedrosa/Documents/TCC-II/BOGA/data/Harwell-Boeing_cleaned/fs_541_4_clean.mtx (undirected)
Crossover: cx | Mutação: em | pop=30 | gens=53 | mut=0.446 | cr=0.5724 | runs=1 | max-stagt=1031

----- Execução #1 -----
Span (lambda): 184
Parada: MAX_GENS (geração 53)
best_order = [0, 1, 2, 3, 4, 5, 6, 7, 8, 9, 10, 11, 12, 13, 14, 15, 16, 17, 18, 19, 20, 21, 22, 23, 24, 25, 26, 27, 28, 29, 30, 31, 32, 33, 34, 35, 36, 37, 38, 39, 40, 41, 42, 43, 44, 45, 46, 47, 48, 49, 50, 51, 52, 53, 54, 55, 56, 57, 58, 59, 60, 61, 62, 63, 64, 65, 66, 67, 68, 69, 70, 71, 72, 73, 74, 75, 76, 77, 78, 79, 80, 81, 82, 83, 84, 85, 86, 87, 88, 89, 90, 91, 92, 93, 94, 95, 96, 97, 98, 99, 100, 101, 102, 103, 104, 105, 106, 107, 108, 109, 110, 111, 112, 113, 114, 115, 116, 117, 118, 119, 120, 121, 122, 123, 124, 125, 126, 127, 128, 129, 130, 131, 132, 133, 134, 135, 136, 137, 138, 139, 140, 141, 142, 143, 144, 145, 146, 147, 148, 149, 150, 151, 152, 153, 154, 155, 156, 157, 158, 159, 160, 161, 162, 163, 164, 165, 166, 167, 168, 169, 170, 171, 172, 173, 174, 175, 176, 177, 178, 179, 180, 181, 182, 183, 184, 185, 186, 187, 188, 189, 190, 191, 192, 193, 194, 195, 196, 197, 198, 199, 200, 201, 202, 203, 204, 205, 206, 207, 208, 209, 210, 211, 212, 213, 214, 215, 216, 217, 218, 219, 220, 221, 222, 223, 224, 225, 226, 227, 228, 229, 230, 231, 232, 233, 234, 235, 236, 237, 238, 239, 240, 241, 242, 243, 244, 245, 246, 247, 248, 249, 250, 251, 252, 253, 254, 255, 256, 257, 258, 259, 260, 261, 262, 263, 264, 265, 266, 267, 268, 269, 270, 271, 272, 273, 274, 275, 276, 277, 278, 279, 280, 281, 282, 283, 284, 285, 286, 287, 288, 289, 290, 291, 292, 293, 294, 295, 296, 297, 298, 299, 300, 301, 302, 303, 304, 305, 306, 307, 308, 309, 310, 311, 312, 313, 314, 315, 316, 317, 318, 319, 320, 321, 322, 323, 324, 325, 326, 327, 328, 329, 330, 331, 332, 333, 334, 335, 336, 337, 338, 339, 340, 341, 342, 343, 344, 345, 346, 347, 348, 349, 350, 351, 352, 353, 354, 355, 356, 357, 358, 359, 360, 361, 362, 363, 364, 365, 366, 367, 368, 369, 370, 371, 372, 373, 374, 375, 376, 377, 378, 379, 380, 381, 382, 383, 384, 385, 386, 387, 388, 389, 390, 391, 392, 393, 394, 395, 396, 397, 398, 399, 400, 401, 402, 403, 404, 405, 406, 407, 408, 409, 410, 411, 412, 413, 414, 415, 416, 417, 418, 419, 420, 421, 422, 423, 424, 425, 426, 427, 428, 429, 430, 431, 432, 433, 434, 435, 436, 437, 438, 439, 440, 441, 442, 443, 444, 445, 446, 447, 448, 449, 450, 451, 452, 453, 454, 455, 456, 457, 458, 459, 460, 461, 462, 463, 464, 465, 466, 467, 468, 469, 470, 471, 472, 473, 474, 475, 476, 477, 478, 479, 480, 481, 482, 483, 484, 485, 486, 487, 488, 489, 490, 491, 492, 493, 494, 495, 496, 497, 498, 499, 500, 501, 502, 503, 504, 505, 506, 507, 508, 509, 510, 511, 512, 513, 514, 515, 516, 517, 518, 519, 520, 521, 522, 523, 524, 525, 526, 527, 528, 529, 530, 531, 532, 533, 534, 535, 536, 537, 538, 539, 540]
labeling = [0, 2, 4, 6, 5, 1, 3, 7, 8, 9, 10, 12, 11, 1, 0, 13, 14, 16, 15, 17, 1, 18, 19, 21, 20, 22, 0, 0, 24, 26, 23, 1, 28, 3, 25, 30, 27, 29, 0, 31, 32, 34, 33, 1, 1, 2, 35, 37, 36, 38, 0, 39, 41, 2, 40, 42, 44, 1, 43, 45, 46, 0, 47, 2, 48, 50, 49, 3, 51, 0, 5, 52, 53, 7, 54, 4, 1, 55, 6, 3, 56, 1, 5, 57, 7, 9, 58, 0, 2, 59, 4, 6, 60, 1, 3, 61, 5, 7, 62, 0, 2, 63, 3, 5, 64, 65, 0, 6, 66, 68, 0, 0, 70, 67, 69, 4, 1, 1, 71, 73, 72, 0, 2, 2, 74, 76, 75, 0, 0, 1, 77, 79, 78, 0, 1, 2, 80, 82, 81, 0, 84, 1, 83, 86, 85, 0, 1, 2, 87, 89, 88, 0, 91, 1, 90, 93, 92, 0, 2, 94, 96, 4, 1, 95, 97, 2, 0, 99, 1, 3, 101, 6, 8, 98, 100, 2, 102, 1, 4, 104, 0, 6, 106, 0, 2, 103, 105, 4, 107, 108, 0, 109, 110, 2, 111, 4, 6, 113, 0, 3, 115, 0, 5, 112, 0, 2, 114, 8, 4, 116, 1, 6, 118, 117, 1, 0, 2, 119, 120, 3, 1, 122, 0, 5, 124, 0, 2, 121, 4, 6, 123, 3, 0, 125, 1, 4, 127, 2, 7, 129, 0, 5, 126, 3, 1, 128, 0, 4, 130, 2, 7, 132, 1, 5, 134, 3, 0, 131, 1, 4, 133, 3, 6, 135, 2, 8, 137, 136, 2, 1, 138, 140, 7, 9, 142, 139, 141, 11, 2, 12, 143, 145, 144, 8, 4, 10, 146, 148, 147, 13, 3, 11, 149, 151, 150, 7, 153, 14, 152, 155, 154, 156, 0, 12, 158, 160, 157, 8, 2, 9, 159, 161, 162, 4, 3, 10, 163, 165, 164, 1, 4, 166, 168, 8, 5, 15, 167, 13, 7, 3, 8, 9, 3, 4, 13, 3, 7, 9, 5, 6, 9, 5, 169, 9, 5, 8, 9, 2, 8, 8, 3, 8, 8, 2, 5, 11, 1, 8, 10, 3, 7, 9, 3, 6, 9, 4, 3, 9, 5, 11, 9, 5, 7, 10, 5, 170, 7, 9, 171, 3, 172, 15, 173, 5, 174, 13, 175, 7, 176, 0, 177, 15, 178, 4, 11, 1, 2, 1, 8, 3, 16, 0, 1, 1, 6, 4, 17, 4, 10, 3, 3, 5, 14, 0, 18, 1, 7, 4, 1, 1, 16, 6, 8, 4, 0, 0, 0, 3, 179, 0, 3, 5, 4, 0, 0, 5, 10, 0, 6, 7, 17, 3, 12, 180, 0, 10, 1, 5, 7, 0, 3, 8, 6, 4, 10, 16, 2, 9, 0, 5, 10, 13, 3, 8, 14, 0, 1, 15, 6, 8, 16, 7, 7, 19, 6, 8, 20, 1, 10, 18, 4, 11, 0, 0, 4, 3, 3, 0, 2, 5, 2, 0, 4, 6, 5, 10, 19, 5, 21, 11, 7, 8, 22, 0, 17, 3, 7, 13, 181, 4, 23, 10, 5, 10, 20, 0, 18, 6, 4, 6, 22, 1, 24, 11, 5, 11, 17, 0, 23, 11, 0, 6, 11, 1, 9, 7, 7, 2, 4, 182, 184]
convergência = [184, 184, 184, 184, 184, 184, 184, 184, 184, 184, 184, 184, 184, 184, 184, 184, 184, 184, 184, 184, 184, 184, 184, 184, 184, 184, 184, 184, 184, 184, 184, 184, 184, 184, 184, 184, 184, 184, 184, 184, 184, 184, 184, 184, 184, 184, 184, 184, 184, 184, 184, 184, 184]
================================

----- Melhor execução -----
Span (lambda): 184
best_order = [0, 1, 2, 3, 4, 5, 6, 7, 8, 9, 10, 11, 12, 13, 14, 15, 16, 17, 18, 19, 20, 21, 22, 23, 24, 25, 26, 27, 28, 29, 30, 31, 32, 33, 34, 35, 36, 37, 38, 39, 40, 41, 42, 43, 44, 45, 46, 47, 48, 49, 50, 51, 52, 53, 54, 55, 56, 57, 58, 59, 60, 61, 62, 63, 64, 65, 66, 67, 68, 69, 70, 71, 72, 73, 74, 75, 76, 77, 78, 79, 80, 81, 82, 83, 84, 85, 86, 87, 88, 89, 90, 91, 92, 93, 94, 95, 96, 97, 98, 99, 100, 101, 102, 103, 104, 105, 106, 107, 108, 109, 110, 111, 112, 113, 114, 115, 116, 117, 118, 119, 120, 121, 122, 123, 124, 125, 126, 127, 128, 129, 130, 131, 132, 133, 134, 135, 136, 137, 138, 139, 140, 141, 142, 143, 144, 145, 146, 147, 148, 149, 150, 151, 152, 153, 154, 155, 156, 157, 158, 159, 160, 161, 162, 163, 164, 165, 166, 167, 168, 169, 170, 171, 172, 173, 174, 175, 176, 177, 178, 179, 180, 181, 182, 183, 184, 185, 186, 187, 188, 189, 190, 191, 192, 193, 194, 195, 196, 197, 198, 199, 200, 201, 202, 203, 204, 205, 206, 207, 208, 209, 210, 211, 212, 213, 214, 215, 216, 217, 218, 219, 220, 221, 222, 223, 224, 225, 226, 227, 228, 229, 230, 231, 232, 233, 234, 235, 236, 237, 238, 239, 240, 241, 242, 243, 244, 245, 246, 247, 248, 249, 250, 251, 252, 253, 254, 255, 256, 257, 258, 259, 260, 261, 262, 263, 264, 265, 266, 267, 268, 269, 270, 271, 272, 273, 274, 275, 276, 277, 278, 279, 280, 281, 282, 283, 284, 285, 286, 287, 288, 289, 290, 291, 292, 293, 294, 295, 296, 297, 298, 299, 300, 301, 302, 303, 304, 305, 306, 307, 308, 309, 310, 311, 312, 313, 314, 315, 316, 317, 318, 319, 320, 321, 322, 323, 324, 325, 326, 327, 328, 329, 330, 331, 332, 333, 334, 335, 336, 337, 338, 339, 340, 341, 342, 343, 344, 345, 346, 347, 348, 349, 350, 351, 352, 353, 354, 355, 356, 357, 358, 359, 360, 361, 362, 363, 364, 365, 366, 367, 368, 369, 370, 371, 372, 373, 374, 375, 376, 377, 378, 379, 380, 381, 382, 383, 384, 385, 386, 387, 388, 389, 390, 391, 392, 393, 394, 395, 396, 397, 398, 399, 400, 401, 402, 403, 404, 405, 406, 407, 408, 409, 410, 411, 412, 413, 414, 415, 416, 417, 418, 419, 420, 421, 422, 423, 424, 425, 426, 427, 428, 429, 430, 431, 432, 433, 434, 435, 436, 437, 438, 439, 440, 441, 442, 443, 444, 445, 446, 447, 448, 449, 450, 451, 452, 453, 454, 455, 456, 457, 458, 459, 460, 461, 462, 463, 464, 465, 466, 467, 468, 469, 470, 471, 472, 473, 474, 475, 476, 477, 478, 479, 480, 481, 482, 483, 484, 485, 486, 487, 488, 489, 490, 491, 492, 493, 494, 495, 496, 497, 498, 499, 500, 501, 502, 503, 504, 505, 506, 507, 508, 509, 510, 511, 512, 513, 514, 515, 516, 517, 518, 519, 520, 521, 522, 523, 524, 525, 526, 527, 528, 529, 530, 531, 532, 533, 534, 535, 536, 537, 538, 539, 540]
labeling = [0, 2, 4, 6, 5, 1, 3, 7, 8, 9, 10, 12, 11, 1, 0, 13, 14, 16, 15, 17, 1, 18, 19, 21, 20, 22, 0, 0, 24, 26, 23, 1, 28, 3, 25, 30, 27, 29, 0, 31, 32, 34, 33, 1, 1, 2, 35, 37, 36, 38, 0, 39, 41, 2, 40, 42, 44, 1, 43, 45, 46, 0, 47, 2, 48, 50, 49, 3, 51, 0, 5, 52, 53, 7, 54, 4, 1, 55, 6, 3, 56, 1, 5, 57, 7, 9, 58, 0, 2, 59, 4, 6, 60, 1, 3, 61, 5, 7, 62, 0, 2, 63, 3, 5, 64, 65, 0, 6, 66, 68, 0, 0, 70, 67, 69, 4, 1, 1, 71, 73, 72, 0, 2, 2, 74, 76, 75, 0, 0, 1, 77, 79, 78, 0, 1, 2, 80, 82, 81, 0, 84, 1, 83, 86, 85, 0, 1, 2, 87, 89, 88, 0, 91, 1, 90, 93, 92, 0, 2, 94, 96, 4, 1, 95, 97, 2, 0, 99, 1, 3, 101, 6, 8, 98, 100, 2, 102, 1, 4, 104, 0, 6, 106, 0, 2, 103, 105, 4, 107, 108, 0, 109, 110, 2, 111, 4, 6, 113, 0, 3, 115, 0, 5, 112, 0, 2, 114, 8, 4, 116, 1, 6, 118, 117, 1, 0, 2, 119, 120, 3, 1, 122, 0, 5, 124, 0, 2, 121, 4, 6, 123, 3, 0, 125, 1, 4, 127, 2, 7, 129, 0, 5, 126, 3, 1, 128, 0, 4, 130, 2, 7, 132, 1, 5, 134, 3, 0, 131, 1, 4, 133, 3, 6, 135, 2, 8, 137, 136, 2, 1, 138, 140, 7, 9, 142, 139, 141, 11, 2, 12, 143, 145, 144, 8, 4, 10, 146, 148, 147, 13, 3, 11, 149, 151, 150, 7, 153, 14, 152, 155, 154, 156, 0, 12, 158, 160, 157, 8, 2, 9, 159, 161, 162, 4, 3, 10, 163, 165, 164, 1, 4, 166, 168, 8, 5, 15, 167, 13, 7, 3, 8, 9, 3, 4, 13, 3, 7, 9, 5, 6, 9, 5, 169, 9, 5, 8, 9, 2, 8, 8, 3, 8, 8, 2, 5, 11, 1, 8, 10, 3, 7, 9, 3, 6, 9, 4, 3, 9, 5, 11, 9, 5, 7, 10, 5, 170, 7, 9, 171, 3, 172, 15, 173, 5, 174, 13, 175, 7, 176, 0, 177, 15, 178, 4, 11, 1, 2, 1, 8, 3, 16, 0, 1, 1, 6, 4, 17, 4, 10, 3, 3, 5, 14, 0, 18, 1, 7, 4, 1, 1, 16, 6, 8, 4, 0, 0, 0, 3, 179, 0, 3, 5, 4, 0, 0, 5, 10, 0, 6, 7, 17, 3, 12, 180, 0, 10, 1, 5, 7, 0, 3, 8, 6, 4, 10, 16, 2, 9, 0, 5, 10, 13, 3, 8, 14, 0, 1, 15, 6, 8, 16, 7, 7, 19, 6, 8, 20, 1, 10, 18, 4, 11, 0, 0, 4, 3, 3, 0, 2, 5, 2, 0, 4, 6, 5, 10, 19, 5, 21, 11, 7, 8, 22, 0, 17, 3, 7, 13, 181, 4, 23, 10, 5, 10, 20, 0, 18, 6, 4, 6, 22, 1, 24, 11, 5, 11, 17, 0, 23, 11, 0, 6, 11, 1, 9, 7, 7, 2, 4, 182, 184]
