===== RESULTADO GA L(2,1) =====
Arquivo: /Users/mateuspedrosa/Documents/TCC-II/BOGA/data/Harwell-Boeing_cleaned/fs_541_3_clean.mtx (undirected)
Crossover: cx | Mutação: em | pop=30 | gens=53 | mut=0.446 | cr=0.5724 | runs=1 | max-stagt=1031

----- Execução #1 -----
Span (lambda): 177
Parada: MAX_GENS (geração 53)
best_order = [0, 1, 2, 3, 4, 5, 6, 7, 8, 9, 10, 11, 12, 13, 14, 15, 16, 17, 18, 19, 20, 21, 22, 23, 24, 25, 26, 27, 28, 29, 30, 31, 32, 33, 34, 35, 36, 37, 38, 39, 40, 41, 42, 43, 44, 45, 46, 47, 48, 49, 50, 51, 52, 53, 54, 55, 56, 57, 58, 59, 60, 61, 62, 63, 64, 65, 66, 67, 68, 69, 70, 71, 72, 73, 74, 75, 76, 77, 78, 79, 80, 81, 82, 83, 84, 85, 86, 87, 88, 89, 90, 91, 92, 93, 94, 95, 96, 97, 98, 99, 100, 101, 102, 103, 104, 105, 106, 107, 108, 109, 110, 111, 112, 113, 114, 115, 116, 117, 118, 119, 120, 121, 122, 123, 124, 125, 126, 127, 128, 129, 130, 131, 132, 133, 134, 135, 136, 137, 138, 139, 140, 141, 142, 143, 144, 145, 146, 147, 148, 149, 150, 151, 152, 153, 154, 155, 156, 157, 158, 159, 160, 161, 162, 163, 164, 165, 166, 167, 168, 169, 170, 171, 172, 173, 174, 175, 176, 177, 178, 179, 180, 181, 182, 183, 184, 185, 186, 187, 188, 189, 190, 191, 192, 193, 194, 195, 196, 197, 198, 199, 200, 201, 202, 203, 204, 205, 206, 207, 208, 209, 210, 211, 212, 213, 214, 215, 216, 217, 218, 219, 220, 221, 222, 223, 224, 225, 226, 227, 228, 229, 230, 231, 232, 233, 234, 235, 236, 237, 238, 239, 240, 241, 242, 243, 244, 245, 246, 247, 248, 249, 250, 251, 252, 253, 254, 255, 256, 257, 258, 259, 260, 261, 262, 263, 264, 265, 266, 267, 268, 269, 270, 271, 272, 273, 274, 275, 276, 277, 278, 279, 280, 281, 282, 283, 284, 285, 286, 287, 288, 289, 290, 291, 292, 293, 294, 295, 296, 297, 298, 299, 300, 301, 302, 303, 304, 305, 306, 307, 308, 309, 310, 311, 312, 313, 314, 315, 316, 317, 318, 319, 320, 321, 322, 323, 324, 325, 326, 327, 328, 329, 330, 331, 332, 333, 334, 335, 336, 337, 338, 339, 340, 341, 342, 343, 344, 345, 346, 347, 348, 349, 350, 351, 352, 353, 354, 355, 356, 357, 358, 359, 360, 361, 362, 363, 364, 365, 366, 367, 368, 369, 370, 371, 372, 373, 374, 375, 376, 377, 378, 379, 380, 381, 382, 383, 384, 385, 386, 387, 388, 389, 390, 391, 392, 393, 394, 395, 396, 397, 398, 399, 400, 401, 402, 403, 404, 405, 406, 407, 408, 409, 410, 411, 412, 413, 414, 415, 416, 417, 418, 419, 420, 421, 422, 423, 424, 425, 426, 427, 428, 429, 430, 431, 432, 433, 434, 435, 436, 437, 438, 439, 440, 441, 442, 443, 444, 445, 446, 447, 448, 449, 450, 451, 452, 453, 454, 455, 456, 457, 458, 459, 460, 461, 462, 463, 464, 465, 466, 467, 468, 469, 470, 471, 472, 473, 474, 475, 476, 477, 478, 479, 480, 481, 482, 483, 484, 485, 486, 487, 488, 489, 490, 491, 492, 493, 494, 495, 496, 497, 498, 499, 500, 501, 502, 503, 504, 505, 506, 507, 508, 509, 510, 511, 512, 513, 514, 515, 516, 517, 518, 519, 520, 521, 522, 523, 524, 525, 526, 527, 528, 529, 530, 531, 532, 533, 534, 535, 536, 537, 538, 539, 540]
labeling = [0, 2, 4, 3, 5, 1, 6, 8, 6, 9, 3, 10, 7, 5, 4, 11, 12, 14, 13, 15, 16, 8, 17, 19, 18, 1, 1, 10, 20, 22, 21, 2, 24, 23, 25, 27, 26, 1, 1, 28, 29, 31, 30, 0, 33, 1, 32, 35, 34, 36, 1, 37, 39, 41, 5, 38, 40, 1, 3, 42, 4, 10, 43, 8, 6, 44, 14, 9, 45, 0, 4, 46, 6, 8, 47, 2, 0, 48, 5, 7, 49, 0, 4, 50, 3, 51, 53, 1, 6, 52, 4, 8, 54, 0, 55, 57, 2, 4, 56, 5, 58, 60, 0, 2, 59, 61, 4, 0, 62, 64, 66, 0, 67, 63, 65, 1, 0, 2, 68, 70, 69, 0, 1, 1, 71, 73, 72, 0, 0, 3, 74, 76, 75, 0, 2, 1, 77, 79, 78, 0, 0, 2, 80, 82, 81, 83, 2, 1, 85, 87, 84, 2, 0, 0, 86, 88, 89, 1, 2, 91, 93, 4, 1, 90, 92, 2, 0, 94, 9, 3, 96, 7, 95, 98, 0, 2, 100, 97, 5, 102, 0, 3, 99, 0, 6, 101, 0, 2, 103, 3, 5, 105, 8, 1, 107, 0, 3, 104, 0, 5, 106, 2, 7, 108, 0, 3, 110, 7, 1, 112, 2, 4, 109, 111, 0, 1, 2, 113, 114, 115, 1, 116, 0, 4, 118, 1, 7, 120, 4, 117, 122, 2, 0, 119, 1, 5, 121, 123, 2, 124, 1, 4, 126, 2, 0, 128, 1, 3, 125, 4, 7, 127, 1, 129, 131, 3, 0, 133, 1, 5, 130, 2, 7, 132, 1, 3, 134, 135, 6, 2, 136, 138, 0, 5, 140, 137, 139, 12, 15, 11, 141, 143, 142, 13, 11, 16, 144, 146, 145, 10, 20, 17, 147, 149, 148, 13, 9, 19, 150, 152, 151, 7, 13, 14, 153, 155, 154, 11, 15, 16, 156, 158, 157, 12, 17, 8, 159, 161, 160, 18, 19, 162, 164, 3, 20, 21, 7, 7, 9, 3, 14, 14, 3, 5, 13, 2, 10, 15, 6, 8, 7, 2, 4, 11, 2, 10, 9, 3, 11, 9, 5, 6, 9, 3, 5, 9, 2, 8, 163, 3, 6, 10, 4, 5, 9, 3, 7, 8, 2, 9, 9, 3, 6, 6, 5, 0, 8, 6, 165, 3, 166, 167, 168, 5, 169, 2, 170, 22, 171, 0, 172, 24, 173, 23, 25, 27, 24, 29, 4, 25, 174, 30, 26, 31, 3, 27, 32, 33, 28, 34, 4, 29, 35, 36, 30, 37, 6, 31, 38, 39, 40, 6, 6, 41, 42, 0, 43, 8, 7, 2, 1, 8, 12, 1, 1, 4, 6, 1, 7, 8, 44, 3, 5, 1, 8, 8, 0, 4, 8, 4, 7, 7, 0, 3, 11, 1, 3, 7, 0, 7, 11, 14, 4, 6, 0, 2, 175, 1, 3, 11, 2, 6, 4, 1, 4, 9, 5, 0, 10, 1, 5, 11, 8, 2, 9, 45, 3, 0, 2, 9, 6, 0, 7, 5, 5, 13, 46, 4, 16, 7, 3, 3, 11, 0, 15, 2, 5, 7, 14, 0, 13, 15, 7, 8, 15, 0, 7, 11, 5, 5, 0, 0, 12, 0, 7, 7, 1, 0, 15, 10, 4, 3, 17, 32, 9, 9, 8, 3, 10, 9, 177]
convergência = [177, 177, 177, 177, 177, 177, 177, 177, 177, 177, 177, 177, 177, 177, 177, 177, 177, 177, 177, 177, 177, 177, 177, 177, 177, 177, 177, 177, 177, 177, 177, 177, 177, 177, 177, 177, 177, 177, 177, 177, 177, 177, 177, 177, 177, 177, 177, 177, 177, 177, 177, 177, 177]
================================

----- Melhor execução -----
Span (lambda): 177
best_order = [0, 1, 2, 3, 4, 5, 6, 7, 8, 9, 10, 11, 12, 13, 14, 15, 16, 17, 18, 19, 20, 21, 22, 23, 24, 25, 26, 27, 28, 29, 30, 31, 32, 33, 34, 35, 36, 37, 38, 39, 40, 41, 42, 43, 44, 45, 46, 47, 48, 49, 50, 51, 52, 53, 54, 55, 56, 57, 58, 59, 60, 61, 62, 63, 64, 65, 66, 67, 68, 69, 70, 71, 72, 73, 74, 75, 76, 77, 78, 79, 80, 81, 82, 83, 84, 85, 86, 87, 88, 89, 90, 91, 92, 93, 94, 95, 96, 97, 98, 99, 100, 101, 102, 103, 104, 105, 106, 107, 108, 109, 110, 111, 112, 113, 114, 115, 116, 117, 118, 119, 120, 121, 122, 123, 124, 125, 126, 127, 128, 129, 130, 131, 132, 133, 134, 135, 136, 137, 138, 139, 140, 141, 142, 143, 144, 145, 146, 147, 148, 149, 150, 151, 152, 153, 154, 155, 156, 157, 158, 159, 160, 161, 162, 163, 164, 165, 166, 167, 168, 169, 170, 171, 172, 173, 174, 175, 176, 177, 178, 179, 180, 181, 182, 183, 184, 185, 186, 187, 188, 189, 190, 191, 192, 193, 194, 195, 196, 197, 198, 199, 200, 201, 202, 203, 204, 205, 206, 207, 208, 209, 210, 211, 212, 213, 214, 215, 216, 217, 218, 219, 220, 221, 222, 223, 224, 225, 226, 227, 228, 229, 230, 231, 232, 233, 234, 235, 236, 237, 238, 239, 240, 241, 242, 243, 244, 245, 246, 247, 248, 249, 250, 251, 252, 253, 254, 255, 256, 257, 258, 259, 260, 261, 262, 263, 264, 265, 266, 267, 268, 269, 270, 271, 272, 273, 274, 275, 276, 277, 278, 279, 280, 281, 282, 283, 284, 285, 286, 287, 288, 289, 290, 291, 292, 293, 294, 295, 296, 297, 298, 299, 300, 301, 302, 303, 304, 305, 306, 307, 308, 309, 310, 311, 312, 313, 314, 315, 316, 317, 318, 319, 320, 321, 322, 323, 324, 325, 326, 327, 328, 329, 330, 331, 332, 333, 334, 335, 336, 337, 338, 339, 340, 341, 342, 343, 344, 345, 346, 347, 348, 349, 350, 351, 352, 353, 354, 355, 356, 357, 358, 359, 360, 361, 362, 363, 364, 365, 366, 367, 368, 369, 370, 371, 372, 373, 374, 375, 376, 377, 378, 379, 380, 381, 382, 383, 384, 385, 386, 387, 388, 389, 390, 391, 392, 393, 394, 395, 396, 397, 398, 399, 400, 401, 402, 403, 404, 405, 406, 407, 408, 409, 410, 411, 412, 413, 414, 415, 416, 417, 418, 419, 420, 421, 422, 423, 424, 425, 426, 427, 428, 429, 430, 431, 432, 433, 434, 435, 436, 437, 438, 439, 440, 441, 442, 443, 444, 445, 446, 447, 448, 449, 450, 451, 452, 453, 454, 455, 456, 457, 458, 459, 460, 461, 462, 463, 464, 465, 466, 467, 468, 469, 470, 471, 472, 473, 474, 475, 476, 477, 478, 479, 480, 481, 482, 483, 484, 485, 486, 487, 488, 489, 490, 491, 492, 493, 494, 495, 496, 497, 498, 499, 500, 501, 502, 503, 504, 505, 506, 507, 508, 509, 510, 511, 512, 513, 514, 515, 516, 517, 518, 519, 520, 521, 522, 523, 524, 525, 526, 527, 528, 529, 530, 531, 532, 533, 534, 535, 536, 537, 538, 539, 540]
labeling = [0, 2, 4, 3, 5, 1, 6, 8, 6, 9, 3, 10, 7, 5, 4, 11, 12, 14, 13, 15, 16, 8, 17, 19, 18, 1, 1, 10, 20, 22, 21, 2, 24, 23, 25, 27, 26, 1, 1, 28, 29, 31, 30, 0, 33, 1, 32, 35, 34, 36, 1, 37, 39, 41, 5, 38, 40, 1, 3, 42, 4, 10, 43, 8, 6, 44, 14, 9, 45, 0, 4, 46, 6, 8, 47, 2, 0, 48, 5, 7, 49, 0, 4, 50, 3, 51, 53, 1, 6, 52, 4, 8, 54, 0, 55, 57, 2, 4, 56, 5, 58, 60, 0, 2, 59, 61, 4, 0, 62, 64, 66, 0, 67, 63, 65, 1, 0, 2, 68, 70, 69, 0, 1, 1, 71, 73, 72, 0, 0, 3, 74, 76, 75, 0, 2, 1, 77, 79, 78, 0, 0, 2, 80, 82, 81, 83, 2, 1, 85, 87, 84, 2, 0, 0, 86, 88, 89, 1, 2, 91, 93, 4, 1, 90, 92, 2, 0, 94, 9, 3, 96, 7, 95, 98, 0, 2, 100, 97, 5, 102, 0, 3, 99, 0, 6, 101, 0, 2, 103, 3, 5, 105, 8, 1, 107, 0, 3, 104, 0, 5, 106, 2, 7, 108, 0, 3, 110, 7, 1, 112, 2, 4, 109, 111, 0, 1, 2, 113, 114, 115, 1, 116, 0, 4, 118, 1, 7, 120, 4, 117, 122, 2, 0, 119, 1, 5, 121, 123, 2, 124, 1, 4, 126, 2, 0, 128, 1, 3, 125, 4, 7, 127, 1, 129, 131, 3, 0, 133, 1, 5, 130, 2, 7, 132, 1, 3, 134, 135, 6, 2, 136, 138, 0, 5, 140, 137, 139, 12, 15, 11, 141, 143, 142, 13, 11, 16, 144, 146, 145, 10, 20, 17, 147, 149, 148, 13, 9, 19, 150, 152, 151, 7, 13, 14, 153, 155, 154, 11, 15, 16, 156, 158, 157, 12, 17, 8, 159, 161, 160, 18, 19, 162, 164, 3, 20, 21, 7, 7, 9, 3, 14, 14, 3, 5, 13, 2, 10, 15, 6, 8, 7, 2, 4, 11, 2, 10, 9, 3, 11, 9, 5, 6, 9, 3, 5, 9, 2, 8, 163, 3, 6, 10, 4, 5, 9, 3, 7, 8, 2, 9, 9, 3, 6, 6, 5, 0, 8, 6, 165, 3, 166, 167, 168, 5, 169, 2, 170, 22, 171, 0, 172, 24, 173, 23, 25, 27, 24, 29, 4, 25, 174, 30, 26, 31, 3, 27, 32, 33, 28, 34, 4, 29, 35, 36, 30, 37, 6, 31, 38, 39, 40, 6, 6, 41, 42, 0, 43, 8, 7, 2, 1, 8, 12, 1, 1, 4, 6, 1, 7, 8, 44, 3, 5, 1, 8, 8, 0, 4, 8, 4, 7, 7, 0, 3, 11, 1, 3, 7, 0, 7, 11, 14, 4, 6, 0, 2, 175, 1, 3, 11, 2, 6, 4, 1, 4, 9, 5, 0, 10, 1, 5, 11, 8, 2, 9, 45, 3, 0, 2, 9, 6, 0, 7, 5, 5, 13, 46, 4, 16, 7, 3, 3, 11, 0, 15, 2, 5, 7, 14, 0, 13, 15, 7, 8, 15, 0, 7, 11, 5, 5, 0, 0, 12, 0, 7, 7, 1, 0, 15, 10, 4, 3, 17, 32, 9, 9, 8, 3, 10, 9, 177]
