===== RESULTADO GA L(2,1) =====
Arquivo: /Users/mateuspedrosa/Documents/TCC-II/BOGA/data/Harwell-Boeing_cleaned/fs_541_1_clean.mtx (undirected)
Crossover: cx | Mutação: em | pop=30 | gens=53 | mut=0.446 | cr=0.5724 | runs=1 | max-stagt=1031

----- Execução #1 -----
Span (lambda): 153
Parada: MAX_GENS (geração 53)
best_order = [0, 1, 2, 3, 4, 5, 6, 7, 8, 9, 10, 11, 12, 13, 14, 15, 16, 17, 18, 19, 20, 21, 22, 23, 24, 25, 26, 27, 28, 29, 30, 31, 32, 33, 34, 35, 36, 37, 38, 39, 40, 41, 42, 43, 44, 45, 46, 47, 48, 49, 50, 51, 52, 53, 54, 55, 56, 57, 58, 59, 60, 61, 62, 63, 64, 65, 66, 67, 68, 69, 70, 71, 72, 73, 74, 75, 76, 77, 78, 79, 80, 81, 82, 83, 84, 85, 86, 87, 88, 89, 90, 91, 92, 93, 94, 95, 96, 97, 98, 99, 100, 101, 102, 103, 104, 105, 106, 107, 108, 109, 110, 111, 112, 113, 114, 115, 116, 117, 118, 119, 120, 121, 122, 123, 124, 125, 126, 127, 128, 129, 130, 131, 132, 133, 134, 135, 136, 137, 138, 139, 140, 141, 142, 143, 144, 145, 146, 147, 148, 149, 150, 151, 152, 153, 154, 155, 156, 157, 158, 159, 160, 161, 162, 163, 164, 165, 166, 167, 168, 169, 170, 171, 172, 173, 174, 175, 176, 177, 178, 179, 180, 181, 182, 183, 184, 185, 186, 187, 188, 189, 190, 191, 192, 193, 194, 195, 196, 197, 198, 199, 200, 201, 202, 203, 204, 205, 206, 207, 208, 209, 210, 211, 212, 213, 214, 215, 216, 217, 218, 219, 220, 221, 222, 223, 224, 225, 226, 227, 228, 229, 230, 231, 232, 233, 234, 235, 236, 237, 238, 239, 240, 241, 242, 243, 244, 245, 246, 247, 248, 249, 250, 251, 252, 253, 254, 255, 256, 257, 258, 259, 260, 261, 262, 263, 264, 265, 266, 267, 268, 269, 270, 271, 272, 273, 274, 275, 276, 277, 278, 279, 280, 281, 282, 283, 284, 285, 286, 287, 288, 289, 290, 291, 292, 293, 294, 295, 296, 297, 298, 299, 300, 301, 302, 303, 304, 305, 306, 307, 308, 309, 310, 311, 312, 313, 314, 315, 316, 317, 318, 319, 320, 321, 322, 323, 324, 325, 326, 327, 328, 329, 330, 331, 332, 333, 334, 335, 336, 337, 338, 339, 340, 341, 342, 343, 344, 345, 346, 347, 348, 349, 350, 351, 352, 353, 354, 355, 356, 357, 358, 359, 360, 361, 362, 363, 364, 365, 366, 367, 368, 369, 370, 371, 372, 373, 374, 375, 376, 377, 378, 379, 380, 381, 382, 383, 384, 385, 386, 387, 388, 389, 390, 391, 392, 393, 394, 395, 396, 397, 398, 399, 400, 401, 402, 403, 404, 405, 406, 407, 408, 409, 410, 411, 412, 413, 414, 415, 416, 417, 418, 419, 420, 421, 422, 423, 424, 425, 426, 427, 428, 429, 430, 431, 432, 433, 434, 435, 436, 437, 438, 439, 440, 441, 442, 443, 444, 445, 446, 447, 448, 449, 450, 451, 452, 453, 454, 455, 456, 457, 458, 459, 460, 461, 462, 463, 464, 465, 466, 467, 468, 469, 470, 471, 472, 473, 474, 475, 476, 477, 478, 479, 480, 481, 482, 483, 484, 485, 486, 487, 488, 489, 490, 491, 492, 493, 494, 495, 496, 497, 498, 499, 500, 501, 502, 503, 504, 505, 506, 507, 508, 509, 510, 511, 512, 513, 514, 515, 516, 517, 518, 519, 520, 521, 522, 523, 524, 525, 526, 527, 528, 529, 530, 531, 532, 533, 534, 535, 536, 537, 538, 539, 540]
labeling = [0, 2, 4, 3, 5, 1, 6, 0, 3, 1, 7, 9, 8, 10, 0, 0, 12, 14, 11, 1, 1, 2, 13, 15, 16, 0, 0, 1, 17, 19, 18, 0, 1, 2, 20, 22, 21, 0, 0, 1, 23, 25, 24, 0, 1, 2, 26, 28, 27, 0, 0, 29, 31, 2, 4, 30, 32, 7, 3, 33, 9, 11, 34, 12, 1, 35, 3, 5, 36, 1, 7, 37, 4, 9, 38, 0, 2, 39, 3, 5, 40, 6, 1, 41, 4, 7, 42, 0, 2, 43, 3, 5, 44, 6, 1, 45, 4, 7, 46, 0, 2, 47, 3, 5, 48, 49, 1, 4, 50, 52, 0, 0, 54, 51, 53, 1, 1, 2, 55, 57, 56, 0, 2, 3, 58, 60, 59, 0, 0, 1, 61, 63, 62, 2, 1, 0, 64, 66, 65, 1, 0, 3, 67, 69, 68, 1, 1, 0, 70, 72, 71, 1, 0, 3, 73, 75, 74, 1, 1, 76, 78, 3, 1, 77, 79, 1, 4, 81, 0, 2, 83, 0, 5, 80, 0, 3, 82, 2, 6, 84, 0, 4, 86, 3, 1, 88, 0, 6, 85, 2, 4, 87, 0, 8, 89, 1, 3, 91, 0, 6, 93, 2, 4, 90, 0, 8, 92, 1, 3, 94, 0, 6, 96, 95, 0, 0, 2, 97, 98, 2, 0, 100, 1, 3, 102, 4, 6, 99, 1, 8, 101, 4, 0, 103, 1, 3, 105, 4, 6, 107, 1, 8, 104, 3, 0, 106, 1, 4, 108, 5, 7, 110, 1, 3, 112, 4, 0, 109, 1, 5, 111, 4, 7, 113, 1, 3, 115, 114, 2, 1, 116, 118, 6, 1, 120, 117, 119, 2, 0, 5, 121, 123, 122, 2, 3, 6, 124, 126, 125, 3, 4, 5, 127, 129, 128, 7, 2, 8, 130, 132, 131, 3, 3, 5, 133, 135, 134, 7, 2, 8, 136, 138, 137, 3, 3, 5, 139, 141, 140, 7, 6, 142, 144, 8, 6, 7, 7, 5, 8, 7, 4, 8, 5, 7, 10, 4, 11, 13, 4, 9, 15, 5, 7, 12, 5, 7, 10, 3, 9, 10, 3, 9, 9, 4, 9, 10, 5, 8, 9, 4, 9, 8, 4, 9, 9, 4, 9, 10, 4, 6, 9, 2, 8, 8, 4, 0, 6, 6, 143, 3, 145, 10, 146, 2, 147, 5, 148, 10, 149, 0, 150, 15, 151, 12, 1, 1, 2, 5, 7, 9, 0, 0, 2, 3, 7, 4, 2, 2, 2, 5, 9, 10, 0, 0, 2, 2, 7, 3, 2, 2, 2, 6, 6, 8, 0, 0, 2, 2, 9, 4, 3, 10, 4, 0, 0, 6, 6, 1, 7, 7, 1, 2, 1, 1, 4, 10, 1, 7, 9, 0, 8, 7, 0, 0, 9, 0, 4, 2, 0, 5, 10, 0, 6, 2, 0, 9, 0, 0, 4, 9, 0, 6, 10, 0, 6, 2, 0, 8, 0, 0, 4, 9, 0, 1, 4, 3, 8, 0, 2, 12, 1, 0, 2, 13, 7, 14, 3, 2, 6, 9, 6, 11, 2, 0, 10, 6, 2, 10, 4, 1, 7, 12, 5, 11, 3, 0, 11, 12, 7, 11, 4, 1, 7, 10, 6, 11, 3, 0, 11, 12, 7, 9, 4, 4, 6, 10, 10, 2, 8, 11, 153]
convergência = [153, 153, 153, 153, 153, 153, 153, 153, 153, 153, 153, 153, 153, 153, 153, 153, 153, 153, 153, 153, 153, 153, 153, 153, 153, 153, 153, 153, 153, 153, 153, 153, 153, 153, 153, 153, 153, 153, 153, 153, 153, 153, 153, 153, 153, 153, 153, 153, 153, 153, 153, 153, 153]
================================

----- Melhor execução -----
Span (lambda): 153
best_order = [0, 1, 2, 3, 4, 5, 6, 7, 8, 9, 10, 11, 12, 13, 14, 15, 16, 17, 18, 19, 20, 21, 22, 23, 24, 25, 26, 27, 28, 29, 30, 31, 32, 33, 34, 35, 36, 37, 38, 39, 40, 41, 42, 43, 44, 45, 46, 47, 48, 49, 50, 51, 52, 53, 54, 55, 56, 57, 58, 59, 60, 61, 62, 63, 64, 65, 66, 67, 68, 69, 70, 71, 72, 73, 74, 75, 76, 77, 78, 79, 80, 81, 82, 83, 84, 85, 86, 87, 88, 89, 90, 91, 92, 93, 94, 95, 96, 97, 98, 99, 100, 101, 102, 103, 104, 105, 106, 107, 108, 109, 110, 111, 112, 113, 114, 115, 116, 117, 118, 119, 120, 121, 122, 123, 124, 125, 126, 127, 128, 129, 130, 131, 132, 133, 134, 135, 136, 137, 138, 139, 140, 141, 142, 143, 144, 145, 146, 147, 148, 149, 150, 151, 152, 153, 154, 155, 156, 157, 158, 159, 160, 161, 162, 163, 164, 165, 166, 167, 168, 169, 170, 171, 172, 173, 174, 175, 176, 177, 178, 179, 180, 181, 182, 183, 184, 185, 186, 187, 188, 189, 190, 191, 192, 193, 194, 195, 196, 197, 198, 199, 200, 201, 202, 203, 204, 205, 206, 207, 208, 209, 210, 211, 212, 213, 214, 215, 216, 217, 218, 219, 220, 221, 222, 223, 224, 225, 226, 227, 228, 229, 230, 231, 232, 233, 234, 235, 236, 237, 238, 239, 240, 241, 242, 243, 244, 245, 246, 247, 248, 249, 250, 251, 252, 253, 254, 255, 256, 257, 258, 259, 260, 261, 262, 263, 264, 265, 266, 267, 268, 269, 270, 271, 272, 273, 274, 275, 276, 277, 278, 279, 280, 281, 282, 283, 284, 285, 286, 287, 288, 289, 290, 291, 292, 293, 294, 295, 296, 297, 298, 299, 300, 301, 302, 303, 304, 305, 306, 307, 308, 309, 310, 311, 312, 313, 314, 315, 316, 317, 318, 319, 320, 321, 322, 323, 324, 325, 326, 327, 328, 329, 330, 331, 332, 333, 334, 335, 336, 337, 338, 339, 340, 341, 342, 343, 344, 345, 346, 347, 348, 349, 350, 351, 352, 353, 354, 355, 356, 357, 358, 359, 360, 361, 362, 363, 364, 365, 366, 367, 368, 369, 370, 371, 372, 373, 374, 375, 376, 377, 378, 379, 380, 381, 382, 383, 384, 385, 386, 387, 388, 389, 390, 391, 392, 393, 394, 395, 396, 397, 398, 399, 400, 401, 402, 403, 404, 405, 406, 407, 408, 409, 410, 411, 412, 413, 414, 415, 416, 417, 418, 419, 420, 421, 422, 423, 424, 425, 426, 427, 428, 429, 430, 431, 432, 433, 434, 435, 436, 437, 438, 439, 440, 441, 442, 443, 444, 445, 446, 447, 448, 449, 450, 451, 452, 453, 454, 455, 456, 457, 458, 459, 460, 461, 462, 463, 464, 465, 466, 467, 468, 469, 470, 471, 472, 473, 474, 475, 476, 477, 478, 479, 480, 481, 482, 483, 484, 485, 486, 487, 488, 489, 490, 491, 492, 493, 494, 495, 496, 497, 498, 499, 500, 501, 502, 503, 504, 505, 506, 507, 508, 509, 510, 511, 512, 513, 514, 515, 516, 517, 518, 519, 520, 521, 522, 523, 524, 525, 526, 527, 528, 529, 530, 531, 532, 533, 534, 535, 536, 537, 538, 539, 540]
labeling = [0, 2, 4, 3, 5, 1, 6, 0, 3, 1, 7, 9, 8, 10, 0, 0, 12, 14, 11, 1, 1, 2, 13, 15, 16, 0, 0, 1, 17, 19, 18, 0, 1, 2, 20, 22, 21, 0, 0, 1, 23, 25, 24, 0, 1, 2, 26, 28, 27, 0, 0, 29, 31, 2, 4, 30, 32, 7, 3, 33, 9, 11, 34, 12, 1, 35, 3, 5, 36, 1, 7, 37, 4, 9, 38, 0, 2, 39, 3, 5, 40, 6, 1, 41, 4, 7, 42, 0, 2, 43, 3, 5, 44, 6, 1, 45, 4, 7, 46, 0, 2, 47, 3, 5, 48, 49, 1, 4, 50, 52, 0, 0, 54, 51, 53, 1, 1, 2, 55, 57, 56, 0, 2, 3, 58, 60, 59, 0, 0, 1, 61, 63, 62, 2, 1, 0, 64, 66, 65, 1, 0, 3, 67, 69, 68, 1, 1, 0, 70, 72, 71, 1, 0, 3, 73, 75, 74, 1, 1, 76, 78, 3, 1, 77, 79, 1, 4, 81, 0, 2, 83, 0, 5, 80, 0, 3, 82, 2, 6, 84, 0, 4, 86, 3, 1, 88, 0, 6, 85, 2, 4, 87, 0, 8, 89, 1, 3, 91, 0, 6, 93, 2, 4, 90, 0, 8, 92, 1, 3, 94, 0, 6, 96, 95, 0, 0, 2, 97, 98, 2, 0, 100, 1, 3, 102, 4, 6, 99, 1, 8, 101, 4, 0, 103, 1, 3, 105, 4, 6, 107, 1, 8, 104, 3, 0, 106, 1, 4, 108, 5, 7, 110, 1, 3, 112, 4, 0, 109, 1, 5, 111, 4, 7, 113, 1, 3, 115, 114, 2, 1, 116, 118, 6, 1, 120, 117, 119, 2, 0, 5, 121, 123, 122, 2, 3, 6, 124, 126, 125, 3, 4, 5, 127, 129, 128, 7, 2, 8, 130, 132, 131, 3, 3, 5, 133, 135, 134, 7, 2, 8, 136, 138, 137, 3, 3, 5, 139, 141, 140, 7, 6, 142, 144, 8, 6, 7, 7, 5, 8, 7, 4, 8, 5, 7, 10, 4, 11, 13, 4, 9, 15, 5, 7, 12, 5, 7, 10, 3, 9, 10, 3, 9, 9, 4, 9, 10, 5, 8, 9, 4, 9, 8, 4, 9, 9, 4, 9, 10, 4, 6, 9, 2, 8, 8, 4, 0, 6, 6, 143, 3, 145, 10, 146, 2, 147, 5, 148, 10, 149, 0, 150, 15, 151, 12, 1, 1, 2, 5, 7, 9, 0, 0, 2, 3, 7, 4, 2, 2, 2, 5, 9, 10, 0, 0, 2, 2, 7, 3, 2, 2, 2, 6, 6, 8, 0, 0, 2, 2, 9, 4, 3, 10, 4, 0, 0, 6, 6, 1, 7, 7, 1, 2, 1, 1, 4, 10, 1, 7, 9, 0, 8, 7, 0, 0, 9, 0, 4, 2, 0, 5, 10, 0, 6, 2, 0, 9, 0, 0, 4, 9, 0, 6, 10, 0, 6, 2, 0, 8, 0, 0, 4, 9, 0, 1, 4, 3, 8, 0, 2, 12, 1, 0, 2, 13, 7, 14, 3, 2, 6, 9, 6, 11, 2, 0, 10, 6, 2, 10, 4, 1, 7, 12, 5, 11, 3, 0, 11, 12, 7, 11, 4, 1, 7, 10, 6, 11, 3, 0, 11, 12, 7, 9, 4, 4, 6, 10, 10, 2, 8, 11, 153]
