===== RESULTADO GA L(2,1) =====
Arquivo: /Users/mateuspedrosa/Documents/TCC-II/BOGA/data/Harwell-Boeing_cleaned/fs_760_1_clean.mtx (undirected)
Crossover: cx | Mutação: em | pop=30 | gens=53 | mut=0.446 | cr=0.5724 | runs=1 | max-stagt=1031

----- Execução #1 -----
Span (lambda): 22
Parada: MAX_GENS (geração 53)
best_order = [0, 443, 2, 272, 4, 5, 6, 7, 8, 9, 43, 11, 12, 612, 522, 15, 16, 655, 579, 524, 20, 21, 22, 23, 24, 347, 26, 1, 28, 29, 30, 31, 32, 152, 34, 35, 36, 392, 38, 451, 40, 417, 42, 715, 44, 45, 46, 47, 48, 49, 50, 51, 161, 53, 54, 326, 56, 57, 58, 371, 60, 61, 316, 63, 64, 65, 66, 67, 740, 69, 70, 380, 72, 195, 74, 75, 76, 438, 78, 79, 80, 205, 82, 644, 84, 85, 86, 742, 88, 89, 284, 295, 92, 93, 94, 95, 96, 97, 98, 99, 660, 101, 102, 103, 104, 62, 656, 107, 108, 109, 110, 111, 112, 113, 114, 115, 116, 117, 118, 119, 83, 121, 499, 123, 124, 125, 344, 127, 128, 379, 130, 131, 442, 160, 134, 564, 136, 137, 41, 139, 261, 141, 142, 556, 144, 145, 146, 147, 132, 149, 150, 176, 281, 153, 154, 181, 156, 157, 155, 159, 217, 408, 162, 163, 164, 165, 166, 167, 168, 169, 170, 171, 172, 173, 174, 297, 327, 177, 178, 179, 627, 500, 182, 183, 184, 185, 186, 296, 188, 189, 190, 191, 378, 193, 194, 73, 196, 197, 198, 180, 200, 260, 202, 566, 59, 662, 206, 207, 208, 209, 210, 211, 611, 129, 214, 212, 216, 406, 122, 219, 220, 52, 222, 223, 720, 225, 226, 227, 228, 229, 230, 259, 232, 233, 234, 235, 516, 237, 238, 568, 240, 241, 242, 243, 244, 245, 246, 247, 248, 215, 250, 251, 252, 253, 254, 255, 256, 257, 258, 218, 287, 140, 262, 693, 264, 512, 624, 267, 268, 269, 236, 271, 221, 273, 274, 275, 276, 277, 483, 651, 280, 721, 282, 283, 689, 285, 286, 331, 288, 289, 290, 291, 292, 293, 294, 175, 135, 126, 298, 299, 300, 301, 745, 303, 304, 305, 306, 307, 308, 309, 310, 311, 312, 633, 314, 315, 669, 317, 318, 707, 320, 321, 322, 323, 324, 325, 491, 367, 328, 653, 330, 470, 332, 231, 334, 713, 336, 337, 338, 339, 340, 341, 342, 343, 278, 467, 346, 14, 348, 349, 632, 351, 352, 353, 354, 270, 356, 357, 358, 91, 360, 361, 203, 363, 364, 365, 366, 589, 368, 369, 412, 426, 372, 606, 374, 375, 376, 377, 120, 213, 626, 279, 382, 383, 373, 71, 386, 387, 544, 13, 390, 391, 345, 393, 394, 395, 396, 397, 398, 399, 400, 401, 654, 329, 404, 405, 201, 570, 597, 409, 410, 411, 90, 413, 414, 415, 199, 562, 418, 419, 420, 421, 422, 105, 424, 425, 559, 427, 428, 87, 430, 431, 37, 433, 434, 435, 18, 437, 536, 439, 440, 441, 33, 686, 444, 555, 659, 447, 448, 449, 450, 204, 658, 453, 454, 455, 456, 457, 458, 459, 460, 461, 462, 463, 464, 565, 466, 388, 468, 469, 39, 471, 472, 473, 474, 533, 476, 477, 478, 479, 480, 481, 482, 389, 484, 485, 486, 487, 151, 489, 490, 17, 492, 493, 27, 495, 496, 497, 498, 702, 192, 501, 502, 503, 504, 743, 506, 507, 508, 509, 510, 445, 505, 513, 514, 515, 615, 517, 518, 519, 520, 10, 381, 523, 249, 436, 526, 527, 528, 529, 530, 531, 532, 3, 534, 402, 302, 537, 538, 539, 540, 266, 77, 543, 525, 545, 546, 547, 548, 549, 550, 551, 552, 553, 554, 187, 362, 557, 558, 19, 55, 561, 355, 563, 521, 407, 68, 567, 628, 106, 609, 571, 572, 573, 574, 575, 576, 577, 578, 664, 580, 581, 582, 583, 584, 585, 586, 587, 588, 416, 590, 591, 592, 432, 594, 595, 596, 724, 598, 599, 600, 541, 602, 100, 604, 605, 25, 607, 608, 158, 446, 385, 733, 613, 614, 511, 616, 617, 618, 619, 620, 621, 593, 623, 319, 625, 384, 335, 750, 629, 403, 631, 488, 756, 634, 635, 636, 637, 638, 639, 640, 641, 642, 643, 560, 645, 646, 647, 648, 649, 650, 569, 603, 708, 542, 350, 630, 657, 535, 723, 359, 661, 601, 663, 475, 665, 666, 667, 725, 610, 670, 671, 672, 673, 674, 675, 465, 677, 678, 224, 680, 681, 682, 683, 684, 685, 333, 687, 688, 494, 690, 691, 692, 679, 694, 695, 696, 697, 698, 699, 700, 701, 423, 703, 704, 705, 706, 81, 143, 709, 710, 711, 676, 138, 714, 452, 716, 717, 718, 719, 712, 752, 722, 737, 148, 370, 726, 727, 728, 729, 730, 731, 732, 429, 734, 735, 736, 133, 738, 739, 652, 741, 263, 239, 744, 313, 746, 747, 748, 749, 265, 751, 668, 753, 754, 755, 622, 757, 758, 759]
labeling = [0, 1, 0, 18, 0, 0, 0, 0, 1, 0, 15, 0, 2, 11, 12, 1, 1, 12, 13, 15, 2, 2, 2, 3, 2, 19, 2, 17, 4, 3, 4, 1, 4, 15, 3, 3, 3, 17, 1, 13, 4, 9, 4, 0, 5, 3, 4, 2, 3, 5, 0, 3, 12, 3, 1, 16, 4, 1, 0, 10, 6, 8, 11, 6, 8, 10, 7, 5, 18, 6, 8, 16, 6, 10, 5, 7, 9, 19, 5, 7, 10, 20, 5, 2, 4, 6, 1, 10, 0, 2, 13, 10, 1, 7, 0, 4, 6, 3, 8, 0, 19, 5, 9, 5, 11, 15, 19, 6, 7, 9, 10, 5, 8, 5, 8, 6, 0, 5, 9, 3, 18, 0, 13, 10, 12, 5, 16, 8, 8, 11, 1, 7, 9, 16, 2, 12, 11, 7, 18, 5, 2, 7, 10, 20, 9, 7, 8, 5, 16, 1, 4, 8, 1, 6, 4, 0, 13, 6, 6, 2, 7, 6, 12, 7, 10, 8, 9, 11, 6, 7, 2, 9, 7, 8, 6, 10, 10, 9, 4, 8, 11, 3, 3, 0, 7, 4, 5, 0, 5, 0, 6, 0, 11, 0, 4, 0, 7, 0, 2, 1, 8, 16, 6, 8, 13, 1, 11, 9, 9, 8, 6, 6, 10, 1, 7, 8, 7, 4, 7, 4, 3, 10, 15, 1, 17, 1, 9, 1, 2, 1, 3, 12, 13, 1, 9, 2, 2, 10, 2, 2, 13, 7, 0, 3, 0, 7, 0, 10, 0, 4, 7, 0, 2, 4, 11, 4, 8, 0, 6, 0, 11, 3, 8, 19, 3, 10, 15, 7, 12, 10, 11, 11, 0, 10, 13, 7, 12, 11, 14, 6, 15, 2, 16, 8, 2, 9, 14, 12, 15, 2, 5, 10, 14, 6, 15, 0, 14, 2, 8, 11, 14, 13, 19, 13, 14, 13, 12, 14, 10, 15, 9, 13, 15, 19, 10, 14, 6, 14, 10, 18, 16, 12, 1, 14, 16, 0, 1, 3, 14, 16, 16, 14, 5, 20, 16, 18, 15, 13, 12, 9, 10, 15, 6, 2, 6, 2, 10, 4, 13, 17, 12, 15, 10, 2, 0, 17, 14, 3, 7, 20, 5, 8, 10, 1, 7, 4, 6, 1, 16, 6, 20, 2, 11, 7, 15, 2, 13, 8, 6, 0, 1, 17, 17, 15, 19, 16, 18, 16, 17, 18, 13, 17, 3, 12, 17, 5, 16, 16, 3, 12, 10, 0, 5, 10, 8, 4, 3, 13, 0, 11, 5, 7, 6, 2, 14, 11, 9, 0, 2, 5, 12, 1, 5, 7, 9, 0, 5, 1, 8, 10, 7, 5, 12, 0, 9, 1, 8, 5, 3, 6, 0, 3, 0, 0, 1, 11, 3, 11, 0, 5, 1, 3, 3, 4, 2, 4, 0, 2, 9, 0, 0, 5, 0, 2, 0, 1, 0, 0, 0, 0, 0, 1, 0, 6, 0, 0, 0, 0, 0, 0, 12, 12, 14, 12, 15, 14, 13, 3, 13, 12, 14, 2, 17, 13, 14, 11, 17, 2, 15, 0, 5, 11, 5, 11, 9, 9, 3, 13, 7, 12, 3, 14, 0, 13, 7, 9, 5, 8, 3, 14, 1, 14, 1, 15, 1, 16, 3, 9, 9, 13, 2, 4, 0, 4, 11, 13, 5, 4, 10, 1, 17, 4, 21, 4, 17, 11, 17, 17, 5, 3, 7, 1, 18, 13, 18, 3, 8, 18, 16, 13, 5, 14, 3, 9, 7, 11, 3, 15, 5, 19, 17, 12, 11, 18, 18, 13, 17, 20, 1, 1, 13, 0, 15, 6, 18, 2, 20, 9, 11, 8, 18, 4, 16, 7, 11, 12, 18, 2, 17, 1, 2, 7, 12, 12, 16, 6, 14, 4, 1, 10, 13, 4, 0, 4, 2, 9, 2, 2, 4, 11, 19, 18, 14, 6, 4, 21, 8, 12, 15, 21, 14, 20, 1, 9, 19, 21, 17, 10, 8, 7, 20, 8, 2, 1, 1, 1, 10, 1, 19, 1, 3, 2, 20, 0, 9, 2, 2, 0, 11, 11, 0, 15, 0, 15, 0, 9, 0, 10, 0, 0, 0, 8, 0, 0, 0, 0, 0, 10, 2, 0, 5, 19, 3, 17, 9, 18, 5, 18, 7, 13, 17, 18, 8, 0, 4, 19, 18, 21, 5, 16, 11, 4, 8, 1, 20, 0, 14, 0, 12, 1, 12, 0, 13, 0, 13, 0, 5, 3, 11, 0, 3, 11, 11, 16, 18, 17, 7, 19, 2, 12, 3, 10, 17, 17, 5, 20, 2, 22, 15, 22, 9, 16, 7, 14, 21, 12, 22, 20, 21, 21, 19, 20, 19, 12, 21, 10, 20, 16, 20, 15]
convergência = [23, 23, 23, 23, 23, 23, 23, 23, 22, 22, 22, 22, 22, 22, 22, 22, 22, 22, 22, 22, 22, 22, 22, 22, 22, 22, 22, 22, 22, 22, 22, 22, 22, 22, 22, 22, 22, 22, 22, 22, 22, 22, 22, 22, 22, 22, 22, 22, 22, 22, 22, 22, 22]
================================

----- Melhor execução -----
Span (lambda): 22
best_order = [0, 443, 2, 272, 4, 5, 6, 7, 8, 9, 43, 11, 12, 612, 522, 15, 16, 655, 579, 524, 20, 21, 22, 23, 24, 347, 26, 1, 28, 29, 30, 31, 32, 152, 34, 35, 36, 392, 38, 451, 40, 417, 42, 715, 44, 45, 46, 47, 48, 49, 50, 51, 161, 53, 54, 326, 56, 57, 58, 371, 60, 61, 316, 63, 64, 65, 66, 67, 740, 69, 70, 380, 72, 195, 74, 75, 76, 438, 78, 79, 80, 205, 82, 644, 84, 85, 86, 742, 88, 89, 284, 295, 92, 93, 94, 95, 96, 97, 98, 99, 660, 101, 102, 103, 104, 62, 656, 107, 108, 109, 110, 111, 112, 113, 114, 115, 116, 117, 118, 119, 83, 121, 499, 123, 124, 125, 344, 127, 128, 379, 130, 131, 442, 160, 134, 564, 136, 137, 41, 139, 261, 141, 142, 556, 144, 145, 146, 147, 132, 149, 150, 176, 281, 153, 154, 181, 156, 157, 155, 159, 217, 408, 162, 163, 164, 165, 166, 167, 168, 169, 170, 171, 172, 173, 174, 297, 327, 177, 178, 179, 627, 500, 182, 183, 184, 185, 186, 296, 188, 189, 190, 191, 378, 193, 194, 73, 196, 197, 198, 180, 200, 260, 202, 566, 59, 662, 206, 207, 208, 209, 210, 211, 611, 129, 214, 212, 216, 406, 122, 219, 220, 52, 222, 223, 720, 225, 226, 227, 228, 229, 230, 259, 232, 233, 234, 235, 516, 237, 238, 568, 240, 241, 242, 243, 244, 245, 246, 247, 248, 215, 250, 251, 252, 253, 254, 255, 256, 257, 258, 218, 287, 140, 262, 693, 264, 512, 624, 267, 268, 269, 236, 271, 221, 273, 274, 275, 276, 277, 483, 651, 280, 721, 282, 283, 689, 285, 286, 331, 288, 289, 290, 291, 292, 293, 294, 175, 135, 126, 298, 299, 300, 301, 745, 303, 304, 305, 306, 307, 308, 309, 310, 311, 312, 633, 314, 315, 669, 317, 318, 707, 320, 321, 322, 323, 324, 325, 491, 367, 328, 653, 330, 470, 332, 231, 334, 713, 336, 337, 338, 339, 340, 341, 342, 343, 278, 467, 346, 14, 348, 349, 632, 351, 352, 353, 354, 270, 356, 357, 358, 91, 360, 361, 203, 363, 364, 365, 366, 589, 368, 369, 412, 426, 372, 606, 374, 375, 376, 377, 120, 213, 626, 279, 382, 383, 373, 71, 386, 387, 544, 13, 390, 391, 345, 393, 394, 395, 396, 397, 398, 399, 400, 401, 654, 329, 404, 405, 201, 570, 597, 409, 410, 411, 90, 413, 414, 415, 199, 562, 418, 419, 420, 421, 422, 105, 424, 425, 559, 427, 428, 87, 430, 431, 37, 433, 434, 435, 18, 437, 536, 439, 440, 441, 33, 686, 444, 555, 659, 447, 448, 449, 450, 204, 658, 453, 454, 455, 456, 457, 458, 459, 460, 461, 462, 463, 464, 565, 466, 388, 468, 469, 39, 471, 472, 473, 474, 533, 476, 477, 478, 479, 480, 481, 482, 389, 484, 485, 486, 487, 151, 489, 490, 17, 492, 493, 27, 495, 496, 497, 498, 702, 192, 501, 502, 503, 504, 743, 506, 507, 508, 509, 510, 445, 505, 513, 514, 515, 615, 517, 518, 519, 520, 10, 381, 523, 249, 436, 526, 527, 528, 529, 530, 531, 532, 3, 534, 402, 302, 537, 538, 539, 540, 266, 77, 543, 525, 545, 546, 547, 548, 549, 550, 551, 552, 553, 554, 187, 362, 557, 558, 19, 55, 561, 355, 563, 521, 407, 68, 567, 628, 106, 609, 571, 572, 573, 574, 575, 576, 577, 578, 664, 580, 581, 582, 583, 584, 585, 586, 587, 588, 416, 590, 591, 592, 432, 594, 595, 596, 724, 598, 599, 600, 541, 602, 100, 604, 605, 25, 607, 608, 158, 446, 385, 733, 613, 614, 511, 616, 617, 618, 619, 620, 621, 593, 623, 319, 625, 384, 335, 750, 629, 403, 631, 488, 756, 634, 635, 636, 637, 638, 639, 640, 641, 642, 643, 560, 645, 646, 647, 648, 649, 650, 569, 603, 708, 542, 350, 630, 657, 535, 723, 359, 661, 601, 663, 475, 665, 666, 667, 725, 610, 670, 671, 672, 673, 674, 675, 465, 677, 678, 224, 680, 681, 682, 683, 684, 685, 333, 687, 688, 494, 690, 691, 692, 679, 694, 695, 696, 697, 698, 699, 700, 701, 423, 703, 704, 705, 706, 81, 143, 709, 710, 711, 676, 138, 714, 452, 716, 717, 718, 719, 712, 752, 722, 737, 148, 370, 726, 727, 728, 729, 730, 731, 732, 429, 734, 735, 736, 133, 738, 739, 652, 741, 263, 239, 744, 313, 746, 747, 748, 749, 265, 751, 668, 753, 754, 755, 622, 757, 758, 759]
labeling = [0, 1, 0, 18, 0, 0, 0, 0, 1, 0, 15, 0, 2, 11, 12, 1, 1, 12, 13, 15, 2, 2, 2, 3, 2, 19, 2, 17, 4, 3, 4, 1, 4, 15, 3, 3, 3, 17, 1, 13, 4, 9, 4, 0, 5, 3, 4, 2, 3, 5, 0, 3, 12, 3, 1, 16, 4, 1, 0, 10, 6, 8, 11, 6, 8, 10, 7, 5, 18, 6, 8, 16, 6, 10, 5, 7, 9, 19, 5, 7, 10, 20, 5, 2, 4, 6, 1, 10, 0, 2, 13, 10, 1, 7, 0, 4, 6, 3, 8, 0, 19, 5, 9, 5, 11, 15, 19, 6, 7, 9, 10, 5, 8, 5, 8, 6, 0, 5, 9, 3, 18, 0, 13, 10, 12, 5, 16, 8, 8, 11, 1, 7, 9, 16, 2, 12, 11, 7, 18, 5, 2, 7, 10, 20, 9, 7, 8, 5, 16, 1, 4, 8, 1, 6, 4, 0, 13, 6, 6, 2, 7, 6, 12, 7, 10, 8, 9, 11, 6, 7, 2, 9, 7, 8, 6, 10, 10, 9, 4, 8, 11, 3, 3, 0, 7, 4, 5, 0, 5, 0, 6, 0, 11, 0, 4, 0, 7, 0, 2, 1, 8, 16, 6, 8, 13, 1, 11, 9, 9, 8, 6, 6, 10, 1, 7, 8, 7, 4, 7, 4, 3, 10, 15, 1, 17, 1, 9, 1, 2, 1, 3, 12, 13, 1, 9, 2, 2, 10, 2, 2, 13, 7, 0, 3, 0, 7, 0, 10, 0, 4, 7, 0, 2, 4, 11, 4, 8, 0, 6, 0, 11, 3, 8, 19, 3, 10, 15, 7, 12, 10, 11, 11, 0, 10, 13, 7, 12, 11, 14, 6, 15, 2, 16, 8, 2, 9, 14, 12, 15, 2, 5, 10, 14, 6, 15, 0, 14, 2, 8, 11, 14, 13, 19, 13, 14, 13, 12, 14, 10, 15, 9, 13, 15, 19, 10, 14, 6, 14, 10, 18, 16, 12, 1, 14, 16, 0, 1, 3, 14, 16, 16, 14, 5, 20, 16, 18, 15, 13, 12, 9, 10, 15, 6, 2, 6, 2, 10, 4, 13, 17, 12, 15, 10, 2, 0, 17, 14, 3, 7, 20, 5, 8, 10, 1, 7, 4, 6, 1, 16, 6, 20, 2, 11, 7, 15, 2, 13, 8, 6, 0, 1, 17, 17, 15, 19, 16, 18, 16, 17, 18, 13, 17, 3, 12, 17, 5, 16, 16, 3, 12, 10, 0, 5, 10, 8, 4, 3, 13, 0, 11, 5, 7, 6, 2, 14, 11, 9, 0, 2, 5, 12, 1, 5, 7, 9, 0, 5, 1, 8, 10, 7, 5, 12, 0, 9, 1, 8, 5, 3, 6, 0, 3, 0, 0, 1, 11, 3, 11, 0, 5, 1, 3, 3, 4, 2, 4, 0, 2, 9, 0, 0, 5, 0, 2, 0, 1, 0, 0, 0, 0, 0, 1, 0, 6, 0, 0, 0, 0, 0, 0, 12, 12, 14, 12, 15, 14, 13, 3, 13, 12, 14, 2, 17, 13, 14, 11, 17, 2, 15, 0, 5, 11, 5, 11, 9, 9, 3, 13, 7, 12, 3, 14, 0, 13, 7, 9, 5, 8, 3, 14, 1, 14, 1, 15, 1, 16, 3, 9, 9, 13, 2, 4, 0, 4, 11, 13, 5, 4, 10, 1, 17, 4, 21, 4, 17, 11, 17, 17, 5, 3, 7, 1, 18, 13, 18, 3, 8, 18, 16, 13, 5, 14, 3, 9, 7, 11, 3, 15, 5, 19, 17, 12, 11, 18, 18, 13, 17, 20, 1, 1, 13, 0, 15, 6, 18, 2, 20, 9, 11, 8, 18, 4, 16, 7, 11, 12, 18, 2, 17, 1, 2, 7, 12, 12, 16, 6, 14, 4, 1, 10, 13, 4, 0, 4, 2, 9, 2, 2, 4, 11, 19, 18, 14, 6, 4, 21, 8, 12, 15, 21, 14, 20, 1, 9, 19, 21, 17, 10, 8, 7, 20, 8, 2, 1, 1, 1, 10, 1, 19, 1, 3, 2, 20, 0, 9, 2, 2, 0, 11, 11, 0, 15, 0, 15, 0, 9, 0, 10, 0, 0, 0, 8, 0, 0, 0, 0, 0, 10, 2, 0, 5, 19, 3, 17, 9, 18, 5, 18, 7, 13, 17, 18, 8, 0, 4, 19, 18, 21, 5, 16, 11, 4, 8, 1, 20, 0, 14, 0, 12, 1, 12, 0, 13, 0, 13, 0, 5, 3, 11, 0, 3, 11, 11, 16, 18, 17, 7, 19, 2, 12, 3, 10, 17, 17, 5, 20, 2, 22, 15, 22, 9, 16, 7, 14, 21, 12, 22, 20, 21, 21, 19, 20, 19, 12, 21, 10, 20, 16, 20, 15]
