===== RESULTADO GA L(2,1) =====
Arquivo: /Users/mateuspedrosa/Documents/TCC-II/BOGA/data/Harwell-Boeing_cleaned/fs_760_3_clean.mtx (undirected)
Crossover: cx | Mutação: em | pop=30 | gens=53 | mut=0.446 | cr=0.5724 | runs=1 | max-stagt=1031

----- Execução #1 -----
Span (lambda): 22
Parada: MAX_GENS (geração 53)
best_order = [0, 1, 2, 3, 4, 5, 6, 7, 8, 9, 10, 11, 12, 13, 14, 15, 16, 17, 18, 19, 20, 21, 22, 138, 24, 25, 26, 27, 28, 29, 30, 31, 32, 33, 34, 35, 36, 37, 38, 39, 40, 41, 42, 43, 44, 45, 46, 47, 48, 49, 50, 51, 52, 53, 54, 55, 56, 57, 58, 59, 60, 61, 62, 63, 64, 65, 66, 67, 68, 69, 70, 71, 72, 73, 74, 75, 76, 77, 78, 79, 80, 81, 82, 83, 84, 85, 86, 87, 88, 89, 90, 91, 92, 93, 94, 95, 96, 97, 98, 99, 100, 101, 102, 103, 104, 105, 106, 107, 108, 109, 110, 111, 112, 113, 114, 115, 116, 117, 118, 119, 120, 121, 122, 123, 124, 125, 126, 127, 128, 129, 130, 131, 132, 133, 134, 135, 136, 137, 333, 139, 140, 141, 142, 143, 144, 145, 146, 147, 148, 149, 150, 151, 152, 153, 154, 155, 156, 157, 158, 159, 160, 161, 162, 163, 164, 165, 166, 167, 168, 169, 170, 171, 172, 173, 174, 175, 176, 177, 178, 179, 180, 181, 182, 183, 184, 185, 186, 187, 188, 189, 190, 191, 192, 193, 194, 195, 196, 197, 198, 199, 200, 201, 202, 203, 204, 205, 206, 207, 208, 209, 210, 211, 212, 213, 214, 215, 216, 217, 218, 219, 220, 221, 222, 223, 224, 225, 226, 227, 228, 229, 230, 231, 232, 233, 234, 235, 236, 237, 238, 239, 240, 241, 242, 243, 244, 245, 246, 247, 248, 249, 250, 251, 252, 253, 254, 255, 256, 257, 258, 259, 260, 261, 262, 263, 264, 265, 266, 267, 268, 269, 270, 271, 272, 273, 274, 275, 276, 277, 278, 279, 280, 281, 282, 283, 284, 285, 286, 287, 288, 289, 290, 291, 292, 293, 294, 295, 296, 297, 298, 299, 300, 301, 302, 303, 304, 305, 306, 307, 308, 309, 310, 311, 312, 313, 314, 315, 316, 317, 318, 319, 320, 321, 322, 323, 324, 325, 326, 327, 328, 329, 330, 331, 332, 529, 334, 335, 336, 337, 338, 339, 340, 341, 342, 343, 344, 345, 346, 347, 348, 349, 350, 351, 352, 353, 354, 355, 356, 357, 358, 359, 360, 361, 362, 363, 364, 365, 366, 367, 368, 369, 370, 371, 372, 373, 374, 375, 376, 377, 378, 379, 380, 381, 382, 383, 384, 385, 386, 387, 397, 389, 390, 391, 392, 393, 394, 395, 396, 552, 398, 399, 400, 401, 402, 403, 404, 405, 406, 407, 408, 409, 410, 411, 412, 413, 414, 415, 416, 417, 418, 419, 420, 421, 422, 423, 424, 425, 426, 427, 428, 429, 430, 431, 432, 433, 434, 435, 436, 437, 438, 439, 440, 441, 442, 443, 444, 445, 446, 447, 448, 449, 450, 451, 452, 453, 454, 455, 456, 457, 458, 459, 460, 461, 462, 463, 464, 465, 466, 467, 468, 469, 470, 471, 472, 473, 474, 475, 476, 477, 478, 479, 480, 481, 482, 483, 484, 485, 486, 487, 488, 489, 490, 491, 492, 493, 494, 495, 496, 497, 498, 499, 500, 501, 502, 503, 504, 505, 506, 507, 508, 509, 510, 511, 512, 513, 514, 515, 516, 517, 518, 519, 520, 521, 522, 523, 524, 525, 526, 527, 528, 388, 530, 531, 532, 533, 534, 535, 536, 537, 538, 539, 540, 541, 542, 543, 544, 545, 546, 547, 548, 549, 550, 551, 676, 553, 554, 555, 556, 557, 558, 559, 560, 561, 562, 563, 564, 565, 566, 567, 568, 569, 570, 571, 572, 573, 574, 575, 576, 577, 578, 579, 580, 581, 582, 583, 584, 585, 586, 587, 588, 589, 590, 591, 592, 593, 594, 595, 596, 597, 598, 599, 600, 601, 602, 603, 604, 605, 606, 607, 608, 609, 610, 611, 612, 613, 614, 615, 616, 617, 618, 619, 620, 621, 622, 623, 624, 625, 626, 627, 628, 629, 630, 631, 632, 633, 634, 635, 636, 637, 638, 639, 640, 641, 642, 643, 644, 645, 646, 647, 648, 649, 650, 651, 652, 653, 654, 655, 656, 657, 658, 659, 660, 661, 662, 663, 664, 665, 666, 667, 668, 669, 670, 671, 672, 673, 674, 675, 23, 677, 678, 679, 680, 681, 682, 683, 684, 685, 686, 687, 688, 689, 690, 691, 692, 693, 694, 695, 696, 697, 698, 699, 700, 701, 702, 703, 704, 705, 706, 707, 708, 709, 710, 711, 712, 713, 714, 715, 716, 717, 718, 719, 720, 721, 722, 723, 724, 725, 726, 727, 728, 729, 730, 731, 732, 733, 734, 735, 736, 737, 738, 739, 740, 741, 742, 743, 744, 745, 746, 747, 748, 749, 750, 751, 752, 753, 754, 755, 756, 757, 758, 759]
labeling = [0, 1, 0, 1, 0, 0, 0, 0, 1, 0, 0, 0, 2, 1, 2, 1, 2, 1, 1, 1, 2, 3, 3, 19, 2, 1, 2, 3, 4, 4, 5, 4, 6, 2, 5, 2, 5, 3, 6, 5, 7, 6, 6, 3, 3, 4, 3, 5, 5, 6, 6, 6, 4, 4, 4, 4, 4, 5, 4, 3, 9, 11, 8, 4, 6, 8, 10, 6, 8, 10, 12, 1, 8, 0, 7, 9, 11, 0, 8, 10, 1, 4, 2, 7, 1, 11, 7, 1, 3, 13, 4, 9, 3, 6, 1, 12, 3, 7, 11, 0, 10, 8, 10, 12, 9, 7, 12, 7, 11, 9, 8, 10, 10, 7, 10, 6, 7, 9, 12, 7, 12, 0, 12, 0, 10, 2, 13, 9, 12, 1, 3, 3, 11, 9, 11, 13, 6, 2, 3, 9, 14, 2, 1, 5, 1, 6, 1, 8, 0, 3, 1, 8, 0, 8, 0, 7, 0, 8, 0, 6, 11, 9, 9, 8, 7, 10, 8, 12, 7, 12, 9, 13, 9, 13, 8, 8, 8, 10, 9, 13, 14, 1, 7, 1, 4, 0, 6, 0, 13, 0, 2, 5, 12, 3, 12, 0, 12, 4, 5, 4, 4, 10, 11, 10, 8, 12, 5, 10, 9, 11, 10, 11, 12, 10, 9, 0, 9, 12, 2, 8, 6, 2, 5, 2, 13, 5, 15, 2, 2, 3, 7, 7, 5, 11, 3, 3, 1, 6, 5, 1, 1, 4, 0, 5, 0, 0, 0, 0, 0, 5, 0, 0, 0, 1, 0, 0, 3, 4, 0, 11, 5, 11, 4, 11, 5, 8, 6, 14, 10, 10, 2, 2, 7, 15, 6, 10, 10, 13, 7, 15, 15, 10, 3, 7, 14, 6, 11, 4, 14, 7, 11, 5, 13, 3, 14, 5, 12, 7, 10, 2, 16, 13, 14, 14, 15, 14, 16, 16, 15, 14, 13, 15, 14, 17, 13, 15, 13, 15, 11, 17, 17, 15, 16, 13, 17, 13, 18, 11, 3, 8, 15, 17, 1, 5, 1, 16, 15, 11, 13, 0, 18, 16, 2, 6, 11, 11, 4, 13, 17, 16, 4, 12, 16, 12, 15, 11, 16, 17, 14, 14, 5, 7, 1, 4, 12, 3, 9, 1, 13, 2, 7, 1, 3, 0, 16, 3, 17, 0, 16, 2, 19, 17, 17, 9, 18, 16, 19, 18, 18, 17, 16, 18, 17, 19, 17, 17, 18, 18, 15, 12, 6, 1, 5, 0, 4, 6, 1, 8, 0, 7, 1, 7, 0, 6, 0, 5, 0, 6, 0, 9, 7, 0, 5, 1, 10, 0, 11, 1, 10, 0, 11, 1, 4, 7, 3, 0, 10, 1, 3, 0, 1, 4, 2, 3, 4, 2, 7, 13, 3, 9, 2, 5, 0, 11, 1, 7, 2, 4, 7, 0, 0, 2, 0, 5, 0, 4, 0, 0, 0, 1, 0, 2, 0, 1, 0, 0, 0, 0, 0, 0, 18, 7, 13, 9, 11, 3, 14, 4, 13, 5, 14, 11, 15, 5, 12, 5, 14, 12, 14, 4, 8, 12, 13, 15, 5, 13, 7, 11, 9, 15, 7, 1, 0, 0, 0, 9, 0, 0, 7, 16, 3, 14, 1, 10, 12, 12, 1, 11, 0, 2, 9, 14, 12, 10, 13, 14, 8, 13, 13, 5, 20, 3, 18, 16, 13, 9, 7, 3, 2, 4, 17, 9, 18, 2, 18, 2, 19, 19, 17, 4, 3, 18, 10, 17, 8, 15, 2, 15, 16, 16, 8, 19, 15, 11, 16, 14, 14, 14, 14, 11, 21, 2, 19, 4, 19, 15, 15, 7, 16, 3, 18, 10, 16, 7, 15, 3, 20, 17, 18, 2, 3, 7, 1, 5, 13, 3, 9, 9, 14, 2, 11, 2, 1, 8, 1, 10, 0, 1, 1, 15, 8, 19, 7, 18, 20, 19, 14, 19, 19, 18, 19, 20, 19, 20, 19, 18, 3, 20, 19, 10, 13, 2, 2, 2, 12, 3, 9, 1, 20, 2, 20, 1, 19, 0, 19, 3, 16, 4, 19, 4, 0, 12, 5, 2, 0, 5, 0, 14, 0, 15, 0, 8, 5, 9, 18, 11, 1, 8, 1, 1, 9, 20, 8, 20, 1, 17, 10, 20, 6, 19, 8, 21, 8, 21, 7, 19, 7, 21, 8, 19, 10, 5, 12, 2, 13, 0, 4, 0, 0, 1, 1, 0, 11, 1, 11, 1, 12, 1, 4, 0, 4, 21, 19, 21, 6, 18, 20, 21, 8, 20, 18, 22, 12, 14, 9, 20, 20, 22, 5, 20, 22, 21, 21, 16, 16, 15, 17, 18, 21, 17, 21, 13, 20, 15, 22, 17, 21, 20, 20, 15]
convergência = [23, 23, 23, 23, 23, 23, 23, 22, 22, 22, 22, 22, 22, 22, 22, 22, 22, 22, 22, 22, 22, 22, 22, 22, 22, 22, 22, 22, 22, 22, 22, 22, 22, 22, 22, 22, 22, 22, 22, 22, 22, 22, 22, 22, 22, 22, 22, 22, 22, 22, 22, 22, 22]
================================

----- Melhor execução -----
Span (lambda): 22
best_order = [0, 1, 2, 3, 4, 5, 6, 7, 8, 9, 10, 11, 12, 13, 14, 15, 16, 17, 18, 19, 20, 21, 22, 138, 24, 25, 26, 27, 28, 29, 30, 31, 32, 33, 34, 35, 36, 37, 38, 39, 40, 41, 42, 43, 44, 45, 46, 47, 48, 49, 50, 51, 52, 53, 54, 55, 56, 57, 58, 59, 60, 61, 62, 63, 64, 65, 66, 67, 68, 69, 70, 71, 72, 73, 74, 75, 76, 77, 78, 79, 80, 81, 82, 83, 84, 85, 86, 87, 88, 89, 90, 91, 92, 93, 94, 95, 96, 97, 98, 99, 100, 101, 102, 103, 104, 105, 106, 107, 108, 109, 110, 111, 112, 113, 114, 115, 116, 117, 118, 119, 120, 121, 122, 123, 124, 125, 126, 127, 128, 129, 130, 131, 132, 133, 134, 135, 136, 137, 333, 139, 140, 141, 142, 143, 144, 145, 146, 147, 148, 149, 150, 151, 152, 153, 154, 155, 156, 157, 158, 159, 160, 161, 162, 163, 164, 165, 166, 167, 168, 169, 170, 171, 172, 173, 174, 175, 176, 177, 178, 179, 180, 181, 182, 183, 184, 185, 186, 187, 188, 189, 190, 191, 192, 193, 194, 195, 196, 197, 198, 199, 200, 201, 202, 203, 204, 205, 206, 207, 208, 209, 210, 211, 212, 213, 214, 215, 216, 217, 218, 219, 220, 221, 222, 223, 224, 225, 226, 227, 228, 229, 230, 231, 232, 233, 234, 235, 236, 237, 238, 239, 240, 241, 242, 243, 244, 245, 246, 247, 248, 249, 250, 251, 252, 253, 254, 255, 256, 257, 258, 259, 260, 261, 262, 263, 264, 265, 266, 267, 268, 269, 270, 271, 272, 273, 274, 275, 276, 277, 278, 279, 280, 281, 282, 283, 284, 285, 286, 287, 288, 289, 290, 291, 292, 293, 294, 295, 296, 297, 298, 299, 300, 301, 302, 303, 304, 305, 306, 307, 308, 309, 310, 311, 312, 313, 314, 315, 316, 317, 318, 319, 320, 321, 322, 323, 324, 325, 326, 327, 328, 329, 330, 331, 332, 529, 334, 335, 336, 337, 338, 339, 340, 341, 342, 343, 344, 345, 346, 347, 348, 349, 350, 351, 352, 353, 354, 355, 356, 357, 358, 359, 360, 361, 362, 363, 364, 365, 366, 367, 368, 369, 370, 371, 372, 373, 374, 375, 376, 377, 378, 379, 380, 381, 382, 383, 384, 385, 386, 387, 397, 389, 390, 391, 392, 393, 394, 395, 396, 552, 398, 399, 400, 401, 402, 403, 404, 405, 406, 407, 408, 409, 410, 411, 412, 413, 414, 415, 416, 417, 418, 419, 420, 421, 422, 423, 424, 425, 426, 427, 428, 429, 430, 431, 432, 433, 434, 435, 436, 437, 438, 439, 440, 441, 442, 443, 444, 445, 446, 447, 448, 449, 450, 451, 452, 453, 454, 455, 456, 457, 458, 459, 460, 461, 462, 463, 464, 465, 466, 467, 468, 469, 470, 471, 472, 473, 474, 475, 476, 477, 478, 479, 480, 481, 482, 483, 484, 485, 486, 487, 488, 489, 490, 491, 492, 493, 494, 495, 496, 497, 498, 499, 500, 501, 502, 503, 504, 505, 506, 507, 508, 509, 510, 511, 512, 513, 514, 515, 516, 517, 518, 519, 520, 521, 522, 523, 524, 525, 526, 527, 528, 388, 530, 531, 532, 533, 534, 535, 536, 537, 538, 539, 540, 541, 542, 543, 544, 545, 546, 547, 548, 549, 550, 551, 676, 553, 554, 555, 556, 557, 558, 559, 560, 561, 562, 563, 564, 565, 566, 567, 568, 569, 570, 571, 572, 573, 574, 575, 576, 577, 578, 579, 580, 581, 582, 583, 584, 585, 586, 587, 588, 589, 590, 591, 592, 593, 594, 595, 596, 597, 598, 599, 600, 601, 602, 603, 604, 605, 606, 607, 608, 609, 610, 611, 612, 613, 614, 615, 616, 617, 618, 619, 620, 621, 622, 623, 624, 625, 626, 627, 628, 629, 630, 631, 632, 633, 634, 635, 636, 637, 638, 639, 640, 641, 642, 643, 644, 645, 646, 647, 648, 649, 650, 651, 652, 653, 654, 655, 656, 657, 658, 659, 660, 661, 662, 663, 664, 665, 666, 667, 668, 669, 670, 671, 672, 673, 674, 675, 23, 677, 678, 679, 680, 681, 682, 683, 684, 685, 686, 687, 688, 689, 690, 691, 692, 693, 694, 695, 696, 697, 698, 699, 700, 701, 702, 703, 704, 705, 706, 707, 708, 709, 710, 711, 712, 713, 714, 715, 716, 717, 718, 719, 720, 721, 722, 723, 724, 725, 726, 727, 728, 729, 730, 731, 732, 733, 734, 735, 736, 737, 738, 739, 740, 741, 742, 743, 744, 745, 746, 747, 748, 749, 750, 751, 752, 753, 754, 755, 756, 757, 758, 759]
labeling = [0, 1, 0, 1, 0, 0, 0, 0, 1, 0, 0, 0, 2, 1, 2, 1, 2, 1, 1, 1, 2, 3, 3, 19, 2, 1, 2, 3, 4, 4, 5, 4, 6, 2, 5, 2, 5, 3, 6, 5, 7, 6, 6, 3, 3, 4, 3, 5, 5, 6, 6, 6, 4, 4, 4, 4, 4, 5, 4, 3, 9, 11, 8, 4, 6, 8, 10, 6, 8, 10, 12, 1, 8, 0, 7, 9, 11, 0, 8, 10, 1, 4, 2, 7, 1, 11, 7, 1, 3, 13, 4, 9, 3, 6, 1, 12, 3, 7, 11, 0, 10, 8, 10, 12, 9, 7, 12, 7, 11, 9, 8, 10, 10, 7, 10, 6, 7, 9, 12, 7, 12, 0, 12, 0, 10, 2, 13, 9, 12, 1, 3, 3, 11, 9, 11, 13, 6, 2, 3, 9, 14, 2, 1, 5, 1, 6, 1, 8, 0, 3, 1, 8, 0, 8, 0, 7, 0, 8, 0, 6, 11, 9, 9, 8, 7, 10, 8, 12, 7, 12, 9, 13, 9, 13, 8, 8, 8, 10, 9, 13, 14, 1, 7, 1, 4, 0, 6, 0, 13, 0, 2, 5, 12, 3, 12, 0, 12, 4, 5, 4, 4, 10, 11, 10, 8, 12, 5, 10, 9, 11, 10, 11, 12, 10, 9, 0, 9, 12, 2, 8, 6, 2, 5, 2, 13, 5, 15, 2, 2, 3, 7, 7, 5, 11, 3, 3, 1, 6, 5, 1, 1, 4, 0, 5, 0, 0, 0, 0, 0, 5, 0, 0, 0, 1, 0, 0, 3, 4, 0, 11, 5, 11, 4, 11, 5, 8, 6, 14, 10, 10, 2, 2, 7, 15, 6, 10, 10, 13, 7, 15, 15, 10, 3, 7, 14, 6, 11, 4, 14, 7, 11, 5, 13, 3, 14, 5, 12, 7, 10, 2, 16, 13, 14, 14, 15, 14, 16, 16, 15, 14, 13, 15, 14, 17, 13, 15, 13, 15, 11, 17, 17, 15, 16, 13, 17, 13, 18, 11, 3, 8, 15, 17, 1, 5, 1, 16, 15, 11, 13, 0, 18, 16, 2, 6, 11, 11, 4, 13, 17, 16, 4, 12, 16, 12, 15, 11, 16, 17, 14, 14, 5, 7, 1, 4, 12, 3, 9, 1, 13, 2, 7, 1, 3, 0, 16, 3, 17, 0, 16, 2, 19, 17, 17, 9, 18, 16, 19, 18, 18, 17, 16, 18, 17, 19, 17, 17, 18, 18, 15, 12, 6, 1, 5, 0, 4, 6, 1, 8, 0, 7, 1, 7, 0, 6, 0, 5, 0, 6, 0, 9, 7, 0, 5, 1, 10, 0, 11, 1, 10, 0, 11, 1, 4, 7, 3, 0, 10, 1, 3, 0, 1, 4, 2, 3, 4, 2, 7, 13, 3, 9, 2, 5, 0, 11, 1, 7, 2, 4, 7, 0, 0, 2, 0, 5, 0, 4, 0, 0, 0, 1, 0, 2, 0, 1, 0, 0, 0, 0, 0, 0, 18, 7, 13, 9, 11, 3, 14, 4, 13, 5, 14, 11, 15, 5, 12, 5, 14, 12, 14, 4, 8, 12, 13, 15, 5, 13, 7, 11, 9, 15, 7, 1, 0, 0, 0, 9, 0, 0, 7, 16, 3, 14, 1, 10, 12, 12, 1, 11, 0, 2, 9, 14, 12, 10, 13, 14, 8, 13, 13, 5, 20, 3, 18, 16, 13, 9, 7, 3, 2, 4, 17, 9, 18, 2, 18, 2, 19, 19, 17, 4, 3, 18, 10, 17, 8, 15, 2, 15, 16, 16, 8, 19, 15, 11, 16, 14, 14, 14, 14, 11, 21, 2, 19, 4, 19, 15, 15, 7, 16, 3, 18, 10, 16, 7, 15, 3, 20, 17, 18, 2, 3, 7, 1, 5, 13, 3, 9, 9, 14, 2, 11, 2, 1, 8, 1, 10, 0, 1, 1, 15, 8, 19, 7, 18, 20, 19, 14, 19, 19, 18, 19, 20, 19, 20, 19, 18, 3, 20, 19, 10, 13, 2, 2, 2, 12, 3, 9, 1, 20, 2, 20, 1, 19, 0, 19, 3, 16, 4, 19, 4, 0, 12, 5, 2, 0, 5, 0, 14, 0, 15, 0, 8, 5, 9, 18, 11, 1, 8, 1, 1, 9, 20, 8, 20, 1, 17, 10, 20, 6, 19, 8, 21, 8, 21, 7, 19, 7, 21, 8, 19, 10, 5, 12, 2, 13, 0, 4, 0, 0, 1, 1, 0, 11, 1, 11, 1, 12, 1, 4, 0, 4, 21, 19, 21, 6, 18, 20, 21, 8, 20, 18, 22, 12, 14, 9, 20, 20, 22, 5, 20, 22, 21, 21, 16, 16, 15, 17, 18, 21, 17, 21, 13, 20, 15, 22, 17, 21, 20, 20, 15]
