===== RESULTADO GA L(2,1) =====
Arquivo: /Users/mateuspedrosa/Documents/TCC-II/BOGA/data/NR_DIMACS_cleaned/gen200-p0-9-44_clean.mtx (undirected)
Crossover: cx | Mutação: em | pop=30 | gens=53 | mut=0.446 | cr=0.5724 | runs=1 | max-stagt=1031

----- Execução #1 -----
Span (lambda): 200
Parada: TIME_LIMIT (geração 4)
best_order = [0, 1, 2, 3, 4, 5, 6, 7, 8, 9, 10, 11, 12, 13, 14, 15, 16, 17, 18, 19, 20, 21, 22, 23, 24, 25, 26, 27, 28, 29, 30, 31, 32, 33, 34, 35, 36, 37, 38, 39, 40, 41, 42, 43, 44, 45, 46, 47, 48, 49, 50, 51, 52, 53, 54, 55, 56, 57, 58, 59, 60, 61, 62, 63, 64, 65, 66, 67, 68, 69, 70, 71, 72, 73, 74, 75, 76, 77, 78, 79, 80, 81, 82, 83, 84, 85, 86, 87, 88, 89, 90, 91, 92, 93, 94, 95, 96, 97, 98, 99, 100, 101, 102, 103, 104, 105, 106, 107, 108, 109, 110, 111, 112, 113, 114, 115, 116, 117, 118, 119, 120, 121, 122, 123, 124, 125, 126, 127, 128, 129, 130, 131, 132, 133, 134, 135, 136, 137, 138, 139, 140, 141, 142, 143, 144, 145, 146, 147, 148, 149, 150, 151, 152, 153, 154, 155, 156, 157, 158, 159, 160, 161, 162, 163, 164, 165, 166, 167, 168, 169, 170, 171, 172, 173, 174, 175, 176, 177, 178, 179, 180, 181, 182, 183, 184, 185, 186, 187, 188, 189, 190, 191, 192, 193, 194, 195, 196, 197, 198, 199]
labeling = [0, 2, 4, 6, 7, 9, 5, 11, 13, 15, 10, 16, 18, 20, 22, 24, 25, 26, 19, 28, 21, 23, 12, 30, 14, 8, 32, 34, 35, 29, 37, 27, 39, 41, 43, 36, 44, 33, 46, 48, 50, 3, 45, 51, 42, 31, 53, 40, 55, 57, 59, 49, 38, 61, 47, 62, 17, 52, 54, 64, 63, 65, 67, 60, 69, 71, 73, 68, 75, 77, 56, 79, 72, 81, 74, 78, 82, 84, 85, 80, 66, 87, 89, 90, 92, 88, 94, 95, 97, 99, 100, 70, 102, 98, 101, 76, 91, 104, 106, 108, 110, 93, 112, 114, 115, 109, 117, 116, 119, 86, 83, 121, 123, 124, 118, 125, 126, 127, 129, 131, 130, 133, 58, 135, 137, 107, 113, 139, 103, 96, 132, 120, 122, 111, 105, 134, 128, 140, 141, 142, 138, 143, 136, 144, 145, 146, 147, 148, 149, 150, 151, 152, 153, 154, 155, 156, 157, 158, 159, 160, 161, 162, 163, 164, 165, 166, 167, 168, 169, 170, 171, 172, 173, 174, 175, 176, 177, 178, 179, 180, 181, 182, 183, 184, 185, 186, 187, 188, 189, 190, 191, 192, 193, 194, 195, 196, 197, 198, 199, 200]
convergência = [200, 200, 200, 200]
================================

----- Melhor execução -----
Span (lambda): 200
best_order = [0, 1, 2, 3, 4, 5, 6, 7, 8, 9, 10, 11, 12, 13, 14, 15, 16, 17, 18, 19, 20, 21, 22, 23, 24, 25, 26, 27, 28, 29, 30, 31, 32, 33, 34, 35, 36, 37, 38, 39, 40, 41, 42, 43, 44, 45, 46, 47, 48, 49, 50, 51, 52, 53, 54, 55, 56, 57, 58, 59, 60, 61, 62, 63, 64, 65, 66, 67, 68, 69, 70, 71, 72, 73, 74, 75, 76, 77, 78, 79, 80, 81, 82, 83, 84, 85, 86, 87, 88, 89, 90, 91, 92, 93, 94, 95, 96, 97, 98, 99, 100, 101, 102, 103, 104, 105, 106, 107, 108, 109, 110, 111, 112, 113, 114, 115, 116, 117, 118, 119, 120, 121, 122, 123, 124, 125, 126, 127, 128, 129, 130, 131, 132, 133, 134, 135, 136, 137, 138, 139, 140, 141, 142, 143, 144, 145, 146, 147, 148, 149, 150, 151, 152, 153, 154, 155, 156, 157, 158, 159, 160, 161, 162, 163, 164, 165, 166, 167, 168, 169, 170, 171, 172, 173, 174, 175, 176, 177, 178, 179, 180, 181, 182, 183, 184, 185, 186, 187, 188, 189, 190, 191, 192, 193, 194, 195, 196, 197, 198, 199]
labeling = [0, 2, 4, 6, 7, 9, 5, 11, 13, 15, 10, 16, 18, 20, 22, 24, 25, 26, 19, 28, 21, 23, 12, 30, 14, 8, 32, 34, 35, 29, 37, 27, 39, 41, 43, 36, 44, 33, 46, 48, 50, 3, 45, 51, 42, 31, 53, 40, 55, 57, 59, 49, 38, 61, 47, 62, 17, 52, 54, 64, 63, 65, 67, 60, 69, 71, 73, 68, 75, 77, 56, 79, 72, 81, 74, 78, 82, 84, 85, 80, 66, 87, 89, 90, 92, 88, 94, 95, 97, 99, 100, 70, 102, 98, 101, 76, 91, 104, 106, 108, 110, 93, 112, 114, 115, 109, 117, 116, 119, 86, 83, 121, 123, 124, 118, 125, 126, 127, 129, 131, 130, 133, 58, 135, 137, 107, 113, 139, 103, 96, 132, 120, 122, 111, 105, 134, 128, 140, 141, 142, 138, 143, 136, 144, 145, 146, 147, 148, 149, 150, 151, 152, 153, 154, 155, 156, 157, 158, 159, 160, 161, 162, 163, 164, 165, 166, 167, 168, 169, 170, 171, 172, 173, 174, 175, 176, 177, 178, 179, 180, 181, 182, 183, 184, 185, 186, 187, 188, 189, 190, 191, 192, 193, 194, 195, 196, 197, 198, 199, 200]
