===== RESULTADO GA L(2,1) =====
Arquivo: /Users/mateuspedrosa/Documents/TCC-II/BOGA/data/Harwell-Boeing_cleaned/gre_185_clean.mtx (undirected)
Crossover: cx | Mutação: em | pop=30 | gens=53 | mut=0.446 | cr=0.5724 | runs=1 | max-stagt=1031

----- Execução #1 -----
Span (lambda): 15
Parada: MAX_GENS (geração 53)
best_order = [121, 69, 146, 1, 25, 26, 180, 156, 78, 158, 182, 129, 99, 171, 161, 82, 96, 30, 87, 61, 155, 170, 102, 152, 154, 19, 105, 141, 97, 174, 128, 48, 7, 183, 92, 151, 8, 91, 179, 159, 127, 108, 100, 115, 59, 31, 58, 134, 164, 117, 80, 63, 70, 71, 153, 72, 55, 112, 43, 162, 124, 130, 14, 67, 94, 143, 56, 18, 148, 83, 16, 9, 27, 150, 75, 53, 13, 111, 137, 23, 144, 138, 140, 37, 5, 104, 57, 177, 73, 77, 45, 168, 42, 126, 176, 12, 76, 160, 133, 28, 136, 81, 65, 20, 101, 184, 62, 10, 4, 66, 21, 109, 89, 15, 41, 40, 68, 86, 46, 52, 142, 114, 95, 33, 32, 74, 17, 175, 107, 113, 38, 135, 149, 125, 172, 60, 118, 167, 120, 36, 132, 3, 119, 24, 157, 0, 64, 22, 147, 6, 106, 50, 2, 88, 122, 103, 84, 39, 35, 181, 85, 139, 178, 165, 79, 93, 123, 49, 116, 166, 163, 11, 98, 54, 145, 29, 44, 169, 34, 51, 110, 131, 90, 47, 173]
labeling = [10, 0, 14, 7, 5, 7, 12, 3, 3, 0, 4, 2, 10, 5, 5, 7, 2, 4, 6, 1, 7, 0, 13, 1, 13, 0, 2, 10, 10, 11, 1, 4, 15, 9, 13, 12, 9, 8, 11, 2, 0, 7, 8, 4, 14, 6, 8, 12, 3, 13, 9, 0, 13, 6, 11, 4, 1, 8, 5, 2, 5, 4, 11, 1, 12, 2, 11, 7, 9, 1, 4, 5, 6, 8, 5, 2, 11, 10, 0, 6, 3, 7, 0, 2, 9, 7, 8, 2, 8, 6, 15, 5, 3, 6, 9, 14, 1, 1, 7, 0, 2, 3, 2, 10, 6, 2, 10, 7, 1, 9, 12, 0, 6, 1, 4, 5, 3, 0, 8, 13, 0, 0, 2, 1, 1, 5, 4, 3, 3, 0, 5, 4, 6, 3, 0, 6, 3, 0, 5, 0, 2, 0, 3, 0, 3, 10, 0, 0, 1, 0, 0, 0, 0, 0, 2, 0, 0, 6, 0, 4, 1, 0, 0, 0, 0, 3, 0, 2, 1, 0, 0, 0, 0, 0, 0, 0, 0, 0, 0, 0, 0, 0, 0, 0, 0]
convergência = [15, 15, 15, 15, 15, 15, 15, 15, 15, 15, 15, 15, 15, 15, 15, 15, 15, 15, 15, 15, 15, 15, 15, 15, 15, 15, 15, 15, 15, 15, 15, 15, 15, 15, 15, 15, 15, 15, 15, 15, 15, 15, 15, 15, 15, 15, 15, 15, 15, 15, 15, 15, 15]
================================

----- Melhor execução -----
Span (lambda): 15
best_order = [121, 69, 146, 1, 25, 26, 180, 156, 78, 158, 182, 129, 99, 171, 161, 82, 96, 30, 87, 61, 155, 170, 102, 152, 154, 19, 105, 141, 97, 174, 128, 48, 7, 183, 92, 151, 8, 91, 179, 159, 127, 108, 100, 115, 59, 31, 58, 134, 164, 117, 80, 63, 70, 71, 153, 72, 55, 112, 43, 162, 124, 130, 14, 67, 94, 143, 56, 18, 148, 83, 16, 9, 27, 150, 75, 53, 13, 111, 137, 23, 144, 138, 140, 37, 5, 104, 57, 177, 73, 77, 45, 168, 42, 126, 176, 12, 76, 160, 133, 28, 136, 81, 65, 20, 101, 184, 62, 10, 4, 66, 21, 109, 89, 15, 41, 40, 68, 86, 46, 52, 142, 114, 95, 33, 32, 74, 17, 175, 107, 113, 38, 135, 149, 125, 172, 60, 118, 167, 120, 36, 132, 3, 119, 24, 157, 0, 64, 22, 147, 6, 106, 50, 2, 88, 122, 103, 84, 39, 35, 181, 85, 139, 178, 165, 79, 93, 123, 49, 116, 166, 163, 11, 98, 54, 145, 29, 44, 169, 34, 51, 110, 131, 90, 47, 173]
labeling = [10, 0, 14, 7, 5, 7, 12, 3, 3, 0, 4, 2, 10, 5, 5, 7, 2, 4, 6, 1, 7, 0, 13, 1, 13, 0, 2, 10, 10, 11, 1, 4, 15, 9, 13, 12, 9, 8, 11, 2, 0, 7, 8, 4, 14, 6, 8, 12, 3, 13, 9, 0, 13, 6, 11, 4, 1, 8, 5, 2, 5, 4, 11, 1, 12, 2, 11, 7, 9, 1, 4, 5, 6, 8, 5, 2, 11, 10, 0, 6, 3, 7, 0, 2, 9, 7, 8, 2, 8, 6, 15, 5, 3, 6, 9, 14, 1, 1, 7, 0, 2, 3, 2, 10, 6, 2, 10, 7, 1, 9, 12, 0, 6, 1, 4, 5, 3, 0, 8, 13, 0, 0, 2, 1, 1, 5, 4, 3, 3, 0, 5, 4, 6, 3, 0, 6, 3, 0, 5, 0, 2, 0, 3, 0, 3, 10, 0, 0, 1, 0, 0, 0, 0, 0, 2, 0, 0, 6, 0, 4, 1, 0, 0, 0, 0, 3, 0, 2, 1, 0, 0, 0, 0, 0, 0, 0, 0, 0, 0, 0, 0, 0, 0, 0, 0]
