===== RESULTADO GA L(2,1) =====
Arquivo: /Users/mateuspedrosa/Documents/TCC-II/BOGA/data/Harwell-Boeing_cleaned/gre_216b_clean.mtx (undirected)
Crossover: cx | Mutação: em | pop=30 | gens=53 | mut=0.446 | cr=0.5724 | runs=1 | max-stagt=1031

----- Execução #1 -----
Span (lambda): 13
Parada: MAX_GENS (geração 53)
best_order = [0, 1, 139, 141, 4, 5, 6, 7, 182, 9, 10, 11, 12, 13, 14, 15, 16, 3, 75, 19, 20, 49, 22, 174, 24, 25, 26, 27, 130, 29, 30, 31, 206, 60, 23, 84, 36, 37, 176, 39, 126, 41, 42, 54, 118, 194, 46, 44, 142, 76, 50, 51, 215, 67, 87, 8, 56, 57, 58, 59, 202, 61, 62, 63, 64, 65, 100, 47, 68, 69, 38, 71, 72, 77, 66, 55, 40, 207, 78, 79, 53, 81, 82, 83, 187, 128, 45, 192, 88, 89, 90, 91, 92, 93, 94, 95, 96, 97, 17, 98, 85, 101, 102, 103, 155, 105, 106, 107, 108, 109, 110, 111, 112, 34, 114, 115, 116, 117, 70, 119, 28, 125, 122, 123, 124, 184, 80, 127, 169, 129, 21, 131, 132, 133, 134, 135, 33, 137, 138, 195, 140, 18, 154, 143, 144, 145, 146, 147, 148, 149, 150, 151, 152, 153, 208, 113, 200, 157, 120, 159, 160, 161, 162, 163, 164, 165, 166, 167, 168, 73, 170, 171, 172, 173, 32, 175, 35, 43, 178, 179, 180, 181, 121, 183, 104, 185, 186, 48, 188, 189, 190, 191, 86, 193, 177, 136, 196, 197, 198, 199, 52, 201, 158, 203, 204, 205, 74, 156, 99, 209, 210, 211, 212, 213, 214, 2]
labeling = [0, 2, 7, 4, 3, 0, 0, 5, 4, 2, 2, 1, 7, 2, 4, 5, 3, 6, 11, 0, 0, 9, 0, 4, 3, 2, 5, 0, 0, 2, 4, 1, 12, 10, 3, 8, 2, 5, 9, 5, 11, 6, 7, 12, 1, 4, 7, 9, 13, 0, 2, 3, 11, 5, 0, 9, 6, 1, 7, 8, 3, 0, 4, 5, 3, 6, 7, 0, 3, 10, 5, 4, 5, 8, 10, 0, 1, 2, 8, 5, 12, 2, 2, 0, 1, 1, 13, 2, 4, 0, 2, 1, 7, 6, 7, 4, 7, 8, 6, 11, 4, 0, 4, 10, 13, 9, 11, 10, 10, 3, 6, 8, 9, 5, 6, 11, 5, 4, 0, 13, 12, 9, 2, 1, 10, 3, 0, 9, 3, 8, 0, 4, 5, 4, 6, 7, 8, 3, 12, 0, 1, 1, 2, 1, 0, 0, 0, 5, 1, 0, 4, 0, 3, 0, 0, 0, 0, 5, 0, 1, 0, 0, 2, 2, 3, 2, 0, 3, 2, 1, 0, 0, 0, 0, 0, 0, 0, 0, 0, 0, 0, 0, 0, 0, 0, 0, 0, 0, 0, 0, 0, 0, 0, 0, 0, 0, 0, 0, 0, 0, 0, 0, 0, 0, 0, 0, 0, 0, 0, 0, 0, 0, 0, 0, 0, 0]
convergência = [14, 14, 14, 14, 13, 13, 13, 13, 13, 13, 13, 13, 13, 13, 13, 13, 13, 13, 13, 13, 13, 13, 13, 13, 13, 13, 13, 13, 13, 13, 13, 13, 13, 13, 13, 13, 13, 13, 13, 13, 13, 13, 13, 13, 13, 13, 13, 13, 13, 13, 13, 13, 13]
================================

----- Melhor execução -----
Span (lambda): 13
best_order = [0, 1, 139, 141, 4, 5, 6, 7, 182, 9, 10, 11, 12, 13, 14, 15, 16, 3, 75, 19, 20, 49, 22, 174, 24, 25, 26, 27, 130, 29, 30, 31, 206, 60, 23, 84, 36, 37, 176, 39, 126, 41, 42, 54, 118, 194, 46, 44, 142, 76, 50, 51, 215, 67, 87, 8, 56, 57, 58, 59, 202, 61, 62, 63, 64, 65, 100, 47, 68, 69, 38, 71, 72, 77, 66, 55, 40, 207, 78, 79, 53, 81, 82, 83, 187, 128, 45, 192, 88, 89, 90, 91, 92, 93, 94, 95, 96, 97, 17, 98, 85, 101, 102, 103, 155, 105, 106, 107, 108, 109, 110, 111, 112, 34, 114, 115, 116, 117, 70, 119, 28, 125, 122, 123, 124, 184, 80, 127, 169, 129, 21, 131, 132, 133, 134, 135, 33, 137, 138, 195, 140, 18, 154, 143, 144, 145, 146, 147, 148, 149, 150, 151, 152, 153, 208, 113, 200, 157, 120, 159, 160, 161, 162, 163, 164, 165, 166, 167, 168, 73, 170, 171, 172, 173, 32, 175, 35, 43, 178, 179, 180, 181, 121, 183, 104, 185, 186, 48, 188, 189, 190, 191, 86, 193, 177, 136, 196, 197, 198, 199, 52, 201, 158, 203, 204, 205, 74, 156, 99, 209, 210, 211, 212, 213, 214, 2]
labeling = [0, 2, 7, 4, 3, 0, 0, 5, 4, 2, 2, 1, 7, 2, 4, 5, 3, 6, 11, 0, 0, 9, 0, 4, 3, 2, 5, 0, 0, 2, 4, 1, 12, 10, 3, 8, 2, 5, 9, 5, 11, 6, 7, 12, 1, 4, 7, 9, 13, 0, 2, 3, 11, 5, 0, 9, 6, 1, 7, 8, 3, 0, 4, 5, 3, 6, 7, 0, 3, 10, 5, 4, 5, 8, 10, 0, 1, 2, 8, 5, 12, 2, 2, 0, 1, 1, 13, 2, 4, 0, 2, 1, 7, 6, 7, 4, 7, 8, 6, 11, 4, 0, 4, 10, 13, 9, 11, 10, 10, 3, 6, 8, 9, 5, 6, 11, 5, 4, 0, 13, 12, 9, 2, 1, 10, 3, 0, 9, 3, 8, 0, 4, 5, 4, 6, 7, 8, 3, 12, 0, 1, 1, 2, 1, 0, 0, 0, 5, 1, 0, 4, 0, 3, 0, 0, 0, 0, 5, 0, 1, 0, 0, 2, 2, 3, 2, 0, 3, 2, 1, 0, 0, 0, 0, 0, 0, 0, 0, 0, 0, 0, 0, 0, 0, 0, 0, 0, 0, 0, 0, 0, 0, 0, 0, 0, 0, 0, 0, 0, 0, 0, 0, 0, 0, 0, 0, 0, 0, 0, 0, 0, 0, 0, 0, 0, 0]
