===== RESULTADO GA L(2,1) =====
Arquivo: /Users/mateuspedrosa/Documents/TCC-II/BOGA/data/Harwell-Boeing_cleaned/gre_1107_clean.mtx (undirected)
Crossover: cx | Mutação: em | pop=30 | gens=53 | mut=0.446 | cr=0.5724 | runs=1 | max-stagt=1031

----- Execução #1 -----
Span (lambda): 20
Parada: MAX_GENS (geração 53)
best_order = [146, 88, 55, 634, 992, 447, 320, 7, 164, 841, 557, 669, 12, 13, 14, 546, 162, 555, 143, 723, 20, 754, 710, 23, 202, 25, 492, 27, 134, 553, 659, 407, 926, 522, 34, 35, 226, 37, 633, 39, 1001, 41, 42, 931, 44, 743, 46, 391, 449, 49, 77, 500, 112, 53, 574, 384, 299, 680, 58, 683, 174, 61, 218, 770, 885, 65, 1010, 543, 425, 48, 1103, 71, 883, 73, 74, 75, 76, 962, 584, 1014, 80, 294, 403, 83, 84, 920, 118, 863, 562, 956, 640, 91, 600, 247, 94, 842, 304, 97, 821, 99, 169, 101, 454, 972, 990, 105, 339, 107, 613, 713, 110, 111, 452, 1002, 685, 231, 784, 117, 964, 119, 120, 121, 122, 123, 322, 727, 126, 520, 128, 129, 461, 131, 21, 509, 479, 782, 194, 137, 155, 570, 148, 952, 142, 542, 740, 145, 127, 147, 486, 149, 858, 890, 534, 153, 109, 996, 156, 185, 158, 124, 687, 161, 764, 355, 188, 1046, 657, 1079, 942, 724, 290, 51, 172, 745, 626, 367, 176, 125, 139, 573, 732, 414, 481, 617, 184, 965, 64, 268, 679, 189, 1062, 390, 69, 193, 1089, 785, 154, 90, 750, 168, 676, 201, 2, 744, 829, 205, 15, 207, 208, 616, 30, 211, 43, 466, 711, 215, 759, 217, 756, 717, 1072, 163, 1020, 771, 224, 504, 141, 98, 228, 370, 635, 321, 232, 234, 950, 673, 236, 578, 410, 910, 1056, 241, 242, 243, 912, 660, 1071, 78, 474, 249, 250, 834, 252, 253, 254, 4, 256, 257, 345, 295, 260, 788, 262, 579, 264, 265, 476, 662, 435, 330, 270, 443, 1012, 273, 314, 1101, 276, 369, 853, 749, 166, 281, 803, 283, 284, 510, 978, 778, 261, 227, 157, 291, 292, 870, 263, 815, 296, 523, 298, 649, 300, 301, 1018, 303, 374, 305, 432, 307, 697, 309, 282, 516, 56, 313, 608, 266, 835, 245, 539, 981, 1087, 116, 1077, 323, 817, 315, 899, 293, 748, 927, 603, 331, 175, 333, 334, 335, 336, 233, 338, 267, 1075, 341, 856, 190, 362, 448, 636, 654, 913, 550, 350, 152, 352, 10, 140, 397, 319, 327, 921, 359, 360, 361, 629, 363, 364, 365, 893, 92, 368, 473, 507, 60, 1106, 737, 340, 375, 765, 643, 378, 379, 70, 381, 9, 383, 576, 385, 916, 387, 948, 880, 317, 1081, 392, 739, 394, 332, 396, 446, 398, 399, 400, 401, 199, 647, 404, 405, 406, 133, 998, 409, 1015, 938, 93, 160, 692, 415, 416, 221, 418, 372, 814, 421, 487, 423, 230, 1000, 426, 427, 604, 429, 725, 506, 306, 433, 100, 259, 237, 437, 302, 439, 440, 441, 297, 386, 783, 445, 652, 167, 1022, 1068, 177, 451, 997, 453, 961, 455, 393, 457, 436, 459, 460, 206, 462, 222, 464, 465, 720, 467, 468, 781, 470, 471, 472, 3, 1086, 1041, 342, 646, 478, 1060, 286, 1048, 663, 483, 18, 485, 602, 791, 488, 868, 490, 491, 882, 493, 494, 855, 496, 898, 498, 1078, 47, 1025, 502, 503, 438, 774, 682, 664, 1098, 36, 1064, 639, 512, 513, 675, 515, 627, 517, 914, 519, 678, 521, 851, 1104, 524, 430, 526, 344, 316, 529, 632, 358, 532, 957, 1035, 958, 279, 537, 954, 824, 540, 541, 721, 411, 17, 62, 637, 547, 428, 549, 708, 551, 136, 1094, 505, 995, 556, 638, 558, 559, 763, 178, 458, 563, 564, 565, 566, 567, 568, 19, 209, 793, 572, 548, 707, 575, 768, 615, 792, 704, 239, 777, 582, 583, 244, 585, 586, 587, 588, 589, 590, 591, 186, 85, 594, 595, 596, 597, 947, 599, 571, 601, 214, 1057, 508, 844, 606, 607, 203, 337, 610, 857, 726, 371, 614, 691, 16, 796, 618, 747, 889, 936, 742, 623, 66, 625, 837, 867, 628, 907, 630, 631, 1088, 976, 755, 287, 674, 716, 1026, 195, 861, 641, 642, 484, 489, 645, 442, 258, 648, 935, 196, 651, 779, 653, 833, 655, 656, 8, 514, 561, 1039, 422, 312, 1003, 32, 665, 666, 667, 1099, 54, 794, 275, 31, 135, 977, 277, 68, 677, 325, 220, 38, 681, 544, 746, 1049, 1040, 987, 348, 150, 269, 690, 845, 57, 693, 694, 695, 859, 388, 698, 699, 700, 701, 702, 703, 197, 896, 706, 501, 159, 709, 82, 671, 210, 1021, 714, 114, 911, 790, 718, 1076, 847, 1, 722, 106, 477, 213, 5, 730, 728, 59, 892, 983, 328, 733, 734, 79, 736, 373, 353, 351, 354, 741, 684, 26, 456, 762, 223, 525, 843, 395, 311, 1095, 752, 753, 86, 905, 165, 434, 758, 622, 712, 761, 917, 828, 668, 738, 766, 767, 915, 95, 705, 1016, 772, 773, 408, 757, 862, 577, 966, 696, 780, 412, 735, 81, 495, 238, 786, 787, 991, 789, 1093, 235, 592, 40, 989, 963, 343, 881, 104, 799, 28, 731, 802, 318, 804, 929, 63, 807, 808, 809, 810, 811, 812, 813, 873, 644, 865, 967, 818, 1029, 820, 144, 822, 482, 187, 377, 826, 827, 444, 672, 326, 831, 832, 0, 212, 280, 836, 1051, 271, 839, 248, 552, 900, 366, 580, 1063, 846, 729, 848, 849, 850, 830, 852, 860, 854, 906, 225, 376, 944, 192, 308, 251, 760, 181, 864, 72, 866, 102, 45, 115, 800, 871, 450, 103, 413, 619, 876, 877, 946, 431, 581, 805, 689, 151, 816, 795, 886, 887, 888, 356, 650, 891, 288, 940, 6, 895, 380, 897, 1006, 96, 324, 527, 346, 769, 554, 719, 776, 389, 1074, 285, 274, 988, 497, 179, 797, 955, 569, 535, 918, 108, 469, 538, 922, 219, 924, 925, 801, 1045, 593, 545, 200, 621, 932, 933, 934, 229, 904, 937, 879, 939, 658, 941, 986, 943, 928, 945, 715, 531, 50, 949, 875, 951, 825, 953, 1059, 902, 347, 1038, 1036, 611, 511, 982, 838, 670, 1042, 533, 980, 29, 968, 969, 970, 971, 11, 973, 974, 975, 869, 823, 878, 979, 1047, 52, 382, 798, 984, 985, 884, 1073, 598, 919, 130, 183, 204, 993, 24, 536, 819, 182, 289, 999, 419, 874, 901, 923, 1004, 1005, 688, 1007, 1008, 1009, 499, 1011, 171, 1013, 170, 329, 191, 1017, 420, 1019, 1044, 661, 33, 1023, 1024, 624, 475, 1027, 1028, 894, 1030, 1031, 872, 1033, 1034, 609, 528, 310, 278, 959, 560, 357, 806, 1043, 1083, 686, 180, 530, 272, 417, 1050, 173, 1052, 1053, 1054, 1055, 424, 1037, 1058, 216, 87, 1061, 930, 246, 463, 1065, 1066, 1067, 67, 1069, 1070, 138, 605, 349, 240, 908, 775, 994, 518, 402, 1080, 113, 1082, 132, 1084, 1085, 909, 612, 480, 960, 1090, 1091, 1092, 22, 1032, 840, 1096, 1097, 620, 751, 1100, 255, 1102, 198, 903, 1105, 89]
labeling = [9, 1, 3, 2, 5, 6, 14, 0, 0, 7, 9, 13, 0, 2, 1, 9, 12, 10, 11, 7, 0, 5, 16, 3, 11, 1, 10, 3, 13, 17, 6, 12, 9, 16, 5, 3, 7, 1, 9, 0, 15, 3, 2, 8, 4, 10, 3, 8, 5, 0, 14, 6, 7, 1, 10, 0, 9, 19, 1, 12, 8, 7, 10, 14, 11, 0, 11, 13, 19, 12, 12, 8, 8, 4, 6, 0, 5, 4, 7, 17, 7, 19, 15, 0, 2, 13, 14, 13, 0, 4, 1, 1, 8, 11, 0, 10, 6, 3, 7, 4, 16, 5, 4, 14, 15, 2, 11, 2, 4, 5, 2, 0, 1, 20, 13, 19, 0, 2, 1, 3, 1, 4, 6, 9, 5, 6, 10, 6, 7, 11, 17, 2, 3, 9, 2, 13, 11, 3, 0, 3, 11, 10, 2, 1, 16, 5, 0, 7, 4, 5, 12, 12, 9, 4, 4, 2, 6, 7, 1, 3, 10, 2, 1, 6, 0, 12, 7, 14, 0, 1, 8, 13, 2, 18, 0, 9, 5, 6, 15, 7, 16, 11, 6, 15, 9, 7, 18, 16, 4, 5, 3, 11, 6, 4, 4, 4, 14, 18, 15, 14, 0, 7, 0, 12, 20, 8, 16, 6, 9, 14, 17, 7, 10, 15, 9, 1, 18, 2, 0, 11, 3, 7, 12, 1, 1, 16, 0, 9, 4, 18, 12, 4, 10, 8, 7, 18, 3, 4, 10, 12, 0, 5, 7, 1, 13, 4, 15, 3, 9, 8, 6, 13, 9, 7, 3, 11, 2, 5, 5, 11, 6, 4, 8, 9, 4, 10, 2, 7, 4, 12, 1, 13, 20, 4, 16, 17, 5, 14, 8, 12, 18, 1, 2, 2, 3, 11, 11, 13, 3, 15, 4, 10, 10, 12, 0, 8, 9, 15, 0, 0, 6, 8, 11, 12, 0, 0, 14, 2, 10, 3, 11, 14, 14, 5, 8, 11, 15, 13, 19, 11, 1, 10, 2, 6, 16, 15, 7, 1, 3, 12, 7, 10, 6, 7, 3, 7, 4, 10, 2, 3, 8, 9, 14, 18, 12, 6, 13, 19, 5, 17, 3, 11, 8, 13, 16, 3, 11, 2, 6, 5, 4, 7, 4, 9, 10, 8, 11, 1, 0, 3, 4, 15, 13, 16, 6, 11, 18, 14, 10, 1, 14, 4, 16, 8, 1, 11, 9, 12, 13, 20, 4, 0, 10, 3, 8, 15, 5, 6, 6, 8, 7, 5, 14, 1, 8, 13, 14, 1, 17, 7, 2, 5, 19, 20, 3, 1, 5, 2, 6, 12, 16, 5, 12, 10, 15, 2, 6, 15, 17, 13, 16, 17, 3, 11, 9, 3, 18, 8, 4, 10, 6, 9, 2, 3, 11, 9, 7, 0, 5, 1, 13, 16, 4, 1, 3, 14, 19, 9, 2, 9, 5, 0, 7, 13, 10, 11, 1, 5, 2, 13, 10, 11, 9, 8, 4, 19, 6, 14, 17, 2, 11, 3, 15, 6, 9, 4, 1, 2, 10, 0, 7, 1, 0, 3, 1, 12, 10, 14, 13, 10, 0, 6, 6, 12, 2, 11, 15, 12, 9, 1, 6, 11, 10, 5, 5, 7, 8, 10, 20, 13, 3, 6, 1, 8, 1, 11, 11, 8, 19, 11, 17, 0, 1, 12, 2, 15, 12, 14, 17, 7, 16, 18, 3, 2, 6, 16, 0, 6, 2, 4, 2, 3, 13, 2, 6, 1, 10, 0, 11, 9, 14, 6, 3, 16, 10, 11, 9, 12, 2, 5, 3, 9, 7, 2, 0, 10, 2, 6, 3, 0, 9, 13, 7, 8, 1, 13, 16, 17, 7, 10, 12, 15, 10, 12, 4, 12, 11, 3, 6, 7, 0, 7, 4, 1, 5, 4, 8, 12, 6, 0, 7, 10, 20, 2, 17, 0, 2, 5, 14, 9, 12, 6, 15, 9, 8, 0, 0, 6, 0, 4, 12, 13, 7, 1, 0, 2, 4, 1, 8, 0, 0, 7, 8, 2, 5, 9, 5, 0, 5, 2, 8, 7, 4, 6, 1, 7, 8, 2, 15, 1, 4, 5, 4, 1, 2, 14, 7, 11, 17, 0, 8, 14, 7, 2, 7, 5, 3, 7, 7, 1, 0, 9, 4, 0, 12, 2, 18, 5, 13, 19, 12, 9, 4, 3, 2, 4, 9, 3, 4, 3, 7, 5, 9, 6, 6, 12, 10, 7, 10, 18, 0, 6, 8, 1, 9, 8, 9, 0, 1, 11, 7, 0, 2, 3, 4, 1, 3, 3, 4, 0, 5, 1, 5, 5, 0, 11, 1, 5, 3, 0, 0, 0, 0, 0, 1, 0, 6, 0, 4, 4, 2, 11, 12, 0, 0, 2, 1, 6, 0, 0, 0, 0, 0, 2, 1, 2, 0, 3, 2, 1, 0, 1, 3, 3, 7, 0, 5, 5, 6, 2, 3, 3, 2, 0, 0, 0, 2, 0, 2, 2, 2, 0, 6, 3, 1, 1, 5, 10, 0, 4, 3, 0, 0, 0, 0, 0, 8, 2, 6, 0, 0, 1, 3, 5, 5, 0, 0, 4, 6, 0, 7, 1, 2, 8, 4, 5, 6, 3, 0, 0, 8, 0, 0, 3, 0, 0, 6, 0, 1, 6, 2, 0, 2, 1, 0, 5, 11, 0, 0, 9, 13, 0, 0, 0, 11, 0, 1, 0, 0, 1, 3, 1, 0, 1, 10, 2, 0, 5, 4, 3, 0, 0, 4, 0, 0, 3, 0, 0, 0, 6, 0, 0, 0, 0, 0, 0, 1, 0, 0, 0, 0, 0, 0, 1, 0, 0, 0, 0, 0, 2, 0, 0, 0, 0, 3, 2, 0, 0, 1, 0, 0, 0, 0, 0, 0, 0, 0, 1, 0, 1, 0, 0, 0, 0, 0, 0, 0, 0, 0, 0, 0, 0, 0, 0, 0, 0, 0, 0, 0, 0, 0, 0, 0, 0, 0, 0, 0, 0, 0, 0, 0, 1, 0, 0, 0, 0, 0, 0, 1, 0, 0, 0, 0, 1, 1, 0, 1, 0, 0, 0, 0, 0, 0, 1, 0, 1, 0, 0, 0, 0, 0, 0, 4, 0, 0, 0, 0, 0, 1, 0, 0, 9, 0, 0, 0, 0, 0, 2, 0, 2, 0, 0, 0, 3, 2, 0, 1, 0, 0, 0, 0, 2, 2, 0, 0, 0, 0, 0, 0, 0, 0, 8, 0, 3, 0, 0, 0, 0, 0, 0, 0, 0, 0, 3, 0, 3, 4, 0, 1, 0, 0, 3, 3, 0, 0, 2, 1, 0, 0, 0, 3, 5, 0, 0, 6, 0, 0, 0, 2, 2, 3, 0, 0, 0, 0, 0, 0, 0, 0, 0, 3, 0, 0, 0, 4, 0, 0, 0, 0, 0, 0, 0, 3, 2, 0, 0, 1, 0, 0, 0, 0, 5, 7, 0, 0, 0, 4, 0, 0, 0, 0, 0, 0, 0, 0, 0, 0]
convergência = [21, 21, 21, 21, 21, 21, 21, 21, 21, 21, 21, 21, 21, 21, 21, 21, 20, 20, 20, 20, 20, 20, 20, 20, 20, 20, 20, 20, 20, 20, 20, 20, 20, 20, 20, 20, 20, 20, 20, 20, 20, 20, 20, 20, 20, 20, 20, 20, 20, 20, 20, 20, 20]
================================

----- Melhor execução -----
Span (lambda): 20
best_order = [146, 88, 55, 634, 992, 447, 320, 7, 164, 841, 557, 669, 12, 13, 14, 546, 162, 555, 143, 723, 20, 754, 710, 23, 202, 25, 492, 27, 134, 553, 659, 407, 926, 522, 34, 35, 226, 37, 633, 39, 1001, 41, 42, 931, 44, 743, 46, 391, 449, 49, 77, 500, 112, 53, 574, 384, 299, 680, 58, 683, 174, 61, 218, 770, 885, 65, 1010, 543, 425, 48, 1103, 71, 883, 73, 74, 75, 76, 962, 584, 1014, 80, 294, 403, 83, 84, 920, 118, 863, 562, 956, 640, 91, 600, 247, 94, 842, 304, 97, 821, 99, 169, 101, 454, 972, 990, 105, 339, 107, 613, 713, 110, 111, 452, 1002, 685, 231, 784, 117, 964, 119, 120, 121, 122, 123, 322, 727, 126, 520, 128, 129, 461, 131, 21, 509, 479, 782, 194, 137, 155, 570, 148, 952, 142, 542, 740, 145, 127, 147, 486, 149, 858, 890, 534, 153, 109, 996, 156, 185, 158, 124, 687, 161, 764, 355, 188, 1046, 657, 1079, 942, 724, 290, 51, 172, 745, 626, 367, 176, 125, 139, 573, 732, 414, 481, 617, 184, 965, 64, 268, 679, 189, 1062, 390, 69, 193, 1089, 785, 154, 90, 750, 168, 676, 201, 2, 744, 829, 205, 15, 207, 208, 616, 30, 211, 43, 466, 711, 215, 759, 217, 756, 717, 1072, 163, 1020, 771, 224, 504, 141, 98, 228, 370, 635, 321, 232, 234, 950, 673, 236, 578, 410, 910, 1056, 241, 242, 243, 912, 660, 1071, 78, 474, 249, 250, 834, 252, 253, 254, 4, 256, 257, 345, 295, 260, 788, 262, 579, 264, 265, 476, 662, 435, 330, 270, 443, 1012, 273, 314, 1101, 276, 369, 853, 749, 166, 281, 803, 283, 284, 510, 978, 778, 261, 227, 157, 291, 292, 870, 263, 815, 296, 523, 298, 649, 300, 301, 1018, 303, 374, 305, 432, 307, 697, 309, 282, 516, 56, 313, 608, 266, 835, 245, 539, 981, 1087, 116, 1077, 323, 817, 315, 899, 293, 748, 927, 603, 331, 175, 333, 334, 335, 336, 233, 338, 267, 1075, 341, 856, 190, 362, 448, 636, 654, 913, 550, 350, 152, 352, 10, 140, 397, 319, 327, 921, 359, 360, 361, 629, 363, 364, 365, 893, 92, 368, 473, 507, 60, 1106, 737, 340, 375, 765, 643, 378, 379, 70, 381, 9, 383, 576, 385, 916, 387, 948, 880, 317, 1081, 392, 739, 394, 332, 396, 446, 398, 399, 400, 401, 199, 647, 404, 405, 406, 133, 998, 409, 1015, 938, 93, 160, 692, 415, 416, 221, 418, 372, 814, 421, 487, 423, 230, 1000, 426, 427, 604, 429, 725, 506, 306, 433, 100, 259, 237, 437, 302, 439, 440, 441, 297, 386, 783, 445, 652, 167, 1022, 1068, 177, 451, 997, 453, 961, 455, 393, 457, 436, 459, 460, 206, 462, 222, 464, 465, 720, 467, 468, 781, 470, 471, 472, 3, 1086, 1041, 342, 646, 478, 1060, 286, 1048, 663, 483, 18, 485, 602, 791, 488, 868, 490, 491, 882, 493, 494, 855, 496, 898, 498, 1078, 47, 1025, 502, 503, 438, 774, 682, 664, 1098, 36, 1064, 639, 512, 513, 675, 515, 627, 517, 914, 519, 678, 521, 851, 1104, 524, 430, 526, 344, 316, 529, 632, 358, 532, 957, 1035, 958, 279, 537, 954, 824, 540, 541, 721, 411, 17, 62, 637, 547, 428, 549, 708, 551, 136, 1094, 505, 995, 556, 638, 558, 559, 763, 178, 458, 563, 564, 565, 566, 567, 568, 19, 209, 793, 572, 548, 707, 575, 768, 615, 792, 704, 239, 777, 582, 583, 244, 585, 586, 587, 588, 589, 590, 591, 186, 85, 594, 595, 596, 597, 947, 599, 571, 601, 214, 1057, 508, 844, 606, 607, 203, 337, 610, 857, 726, 371, 614, 691, 16, 796, 618, 747, 889, 936, 742, 623, 66, 625, 837, 867, 628, 907, 630, 631, 1088, 976, 755, 287, 674, 716, 1026, 195, 861, 641, 642, 484, 489, 645, 442, 258, 648, 935, 196, 651, 779, 653, 833, 655, 656, 8, 514, 561, 1039, 422, 312, 1003, 32, 665, 666, 667, 1099, 54, 794, 275, 31, 135, 977, 277, 68, 677, 325, 220, 38, 681, 544, 746, 1049, 1040, 987, 348, 150, 269, 690, 845, 57, 693, 694, 695, 859, 388, 698, 699, 700, 701, 702, 703, 197, 896, 706, 501, 159, 709, 82, 671, 210, 1021, 714, 114, 911, 790, 718, 1076, 847, 1, 722, 106, 477, 213, 5, 730, 728, 59, 892, 983, 328, 733, 734, 79, 736, 373, 353, 351, 354, 741, 684, 26, 456, 762, 223, 525, 843, 395, 311, 1095, 752, 753, 86, 905, 165, 434, 758, 622, 712, 761, 917, 828, 668, 738, 766, 767, 915, 95, 705, 1016, 772, 773, 408, 757, 862, 577, 966, 696, 780, 412, 735, 81, 495, 238, 786, 787, 991, 789, 1093, 235, 592, 40, 989, 963, 343, 881, 104, 799, 28, 731, 802, 318, 804, 929, 63, 807, 808, 809, 810, 811, 812, 813, 873, 644, 865, 967, 818, 1029, 820, 144, 822, 482, 187, 377, 826, 827, 444, 672, 326, 831, 832, 0, 212, 280, 836, 1051, 271, 839, 248, 552, 900, 366, 580, 1063, 846, 729, 848, 849, 850, 830, 852, 860, 854, 906, 225, 376, 944, 192, 308, 251, 760, 181, 864, 72, 866, 102, 45, 115, 800, 871, 450, 103, 413, 619, 876, 877, 946, 431, 581, 805, 689, 151, 816, 795, 886, 887, 888, 356, 650, 891, 288, 940, 6, 895, 380, 897, 1006, 96, 324, 527, 346, 769, 554, 719, 776, 389, 1074, 285, 274, 988, 497, 179, 797, 955, 569, 535, 918, 108, 469, 538, 922, 219, 924, 925, 801, 1045, 593, 545, 200, 621, 932, 933, 934, 229, 904, 937, 879, 939, 658, 941, 986, 943, 928, 945, 715, 531, 50, 949, 875, 951, 825, 953, 1059, 902, 347, 1038, 1036, 611, 511, 982, 838, 670, 1042, 533, 980, 29, 968, 969, 970, 971, 11, 973, 974, 975, 869, 823, 878, 979, 1047, 52, 382, 798, 984, 985, 884, 1073, 598, 919, 130, 183, 204, 993, 24, 536, 819, 182, 289, 999, 419, 874, 901, 923, 1004, 1005, 688, 1007, 1008, 1009, 499, 1011, 171, 1013, 170, 329, 191, 1017, 420, 1019, 1044, 661, 33, 1023, 1024, 624, 475, 1027, 1028, 894, 1030, 1031, 872, 1033, 1034, 609, 528, 310, 278, 959, 560, 357, 806, 1043, 1083, 686, 180, 530, 272, 417, 1050, 173, 1052, 1053, 1054, 1055, 424, 1037, 1058, 216, 87, 1061, 930, 246, 463, 1065, 1066, 1067, 67, 1069, 1070, 138, 605, 349, 240, 908, 775, 994, 518, 402, 1080, 113, 1082, 132, 1084, 1085, 909, 612, 480, 960, 1090, 1091, 1092, 22, 1032, 840, 1096, 1097, 620, 751, 1100, 255, 1102, 198, 903, 1105, 89]
labeling = [9, 1, 3, 2, 5, 6, 14, 0, 0, 7, 9, 13, 0, 2, 1, 9, 12, 10, 11, 7, 0, 5, 16, 3, 11, 1, 10, 3, 13, 17, 6, 12, 9, 16, 5, 3, 7, 1, 9, 0, 15, 3, 2, 8, 4, 10, 3, 8, 5, 0, 14, 6, 7, 1, 10, 0, 9, 19, 1, 12, 8, 7, 10, 14, 11, 0, 11, 13, 19, 12, 12, 8, 8, 4, 6, 0, 5, 4, 7, 17, 7, 19, 15, 0, 2, 13, 14, 13, 0, 4, 1, 1, 8, 11, 0, 10, 6, 3, 7, 4, 16, 5, 4, 14, 15, 2, 11, 2, 4, 5, 2, 0, 1, 20, 13, 19, 0, 2, 1, 3, 1, 4, 6, 9, 5, 6, 10, 6, 7, 11, 17, 2, 3, 9, 2, 13, 11, 3, 0, 3, 11, 10, 2, 1, 16, 5, 0, 7, 4, 5, 12, 12, 9, 4, 4, 2, 6, 7, 1, 3, 10, 2, 1, 6, 0, 12, 7, 14, 0, 1, 8, 13, 2, 18, 0, 9, 5, 6, 15, 7, 16, 11, 6, 15, 9, 7, 18, 16, 4, 5, 3, 11, 6, 4, 4, 4, 14, 18, 15, 14, 0, 7, 0, 12, 20, 8, 16, 6, 9, 14, 17, 7, 10, 15, 9, 1, 18, 2, 0, 11, 3, 7, 12, 1, 1, 16, 0, 9, 4, 18, 12, 4, 10, 8, 7, 18, 3, 4, 10, 12, 0, 5, 7, 1, 13, 4, 15, 3, 9, 8, 6, 13, 9, 7, 3, 11, 2, 5, 5, 11, 6, 4, 8, 9, 4, 10, 2, 7, 4, 12, 1, 13, 20, 4, 16, 17, 5, 14, 8, 12, 18, 1, 2, 2, 3, 11, 11, 13, 3, 15, 4, 10, 10, 12, 0, 8, 9, 15, 0, 0, 6, 8, 11, 12, 0, 0, 14, 2, 10, 3, 11, 14, 14, 5, 8, 11, 15, 13, 19, 11, 1, 10, 2, 6, 16, 15, 7, 1, 3, 12, 7, 10, 6, 7, 3, 7, 4, 10, 2, 3, 8, 9, 14, 18, 12, 6, 13, 19, 5, 17, 3, 11, 8, 13, 16, 3, 11, 2, 6, 5, 4, 7, 4, 9, 10, 8, 11, 1, 0, 3, 4, 15, 13, 16, 6, 11, 18, 14, 10, 1, 14, 4, 16, 8, 1, 11, 9, 12, 13, 20, 4, 0, 10, 3, 8, 15, 5, 6, 6, 8, 7, 5, 14, 1, 8, 13, 14, 1, 17, 7, 2, 5, 19, 20, 3, 1, 5, 2, 6, 12, 16, 5, 12, 10, 15, 2, 6, 15, 17, 13, 16, 17, 3, 11, 9, 3, 18, 8, 4, 10, 6, 9, 2, 3, 11, 9, 7, 0, 5, 1, 13, 16, 4, 1, 3, 14, 19, 9, 2, 9, 5, 0, 7, 13, 10, 11, 1, 5, 2, 13, 10, 11, 9, 8, 4, 19, 6, 14, 17, 2, 11, 3, 15, 6, 9, 4, 1, 2, 10, 0, 7, 1, 0, 3, 1, 12, 10, 14, 13, 10, 0, 6, 6, 12, 2, 11, 15, 12, 9, 1, 6, 11, 10, 5, 5, 7, 8, 10, 20, 13, 3, 6, 1, 8, 1, 11, 11, 8, 19, 11, 17, 0, 1, 12, 2, 15, 12, 14, 17, 7, 16, 18, 3, 2, 6, 16, 0, 6, 2, 4, 2, 3, 13, 2, 6, 1, 10, 0, 11, 9, 14, 6, 3, 16, 10, 11, 9, 12, 2, 5, 3, 9, 7, 2, 0, 10, 2, 6, 3, 0, 9, 13, 7, 8, 1, 13, 16, 17, 7, 10, 12, 15, 10, 12, 4, 12, 11, 3, 6, 7, 0, 7, 4, 1, 5, 4, 8, 12, 6, 0, 7, 10, 20, 2, 17, 0, 2, 5, 14, 9, 12, 6, 15, 9, 8, 0, 0, 6, 0, 4, 12, 13, 7, 1, 0, 2, 4, 1, 8, 0, 0, 7, 8, 2, 5, 9, 5, 0, 5, 2, 8, 7, 4, 6, 1, 7, 8, 2, 15, 1, 4, 5, 4, 1, 2, 14, 7, 11, 17, 0, 8, 14, 7, 2, 7, 5, 3, 7, 7, 1, 0, 9, 4, 0, 12, 2, 18, 5, 13, 19, 12, 9, 4, 3, 2, 4, 9, 3, 4, 3, 7, 5, 9, 6, 6, 12, 10, 7, 10, 18, 0, 6, 8, 1, 9, 8, 9, 0, 1, 11, 7, 0, 2, 3, 4, 1, 3, 3, 4, 0, 5, 1, 5, 5, 0, 11, 1, 5, 3, 0, 0, 0, 0, 0, 1, 0, 6, 0, 4, 4, 2, 11, 12, 0, 0, 2, 1, 6, 0, 0, 0, 0, 0, 2, 1, 2, 0, 3, 2, 1, 0, 1, 3, 3, 7, 0, 5, 5, 6, 2, 3, 3, 2, 0, 0, 0, 2, 0, 2, 2, 2, 0, 6, 3, 1, 1, 5, 10, 0, 4, 3, 0, 0, 0, 0, 0, 8, 2, 6, 0, 0, 1, 3, 5, 5, 0, 0, 4, 6, 0, 7, 1, 2, 8, 4, 5, 6, 3, 0, 0, 8, 0, 0, 3, 0, 0, 6, 0, 1, 6, 2, 0, 2, 1, 0, 5, 11, 0, 0, 9, 13, 0, 0, 0, 11, 0, 1, 0, 0, 1, 3, 1, 0, 1, 10, 2, 0, 5, 4, 3, 0, 0, 4, 0, 0, 3, 0, 0, 0, 6, 0, 0, 0, 0, 0, 0, 1, 0, 0, 0, 0, 0, 0, 1, 0, 0, 0, 0, 0, 2, 0, 0, 0, 0, 3, 2, 0, 0, 1, 0, 0, 0, 0, 0, 0, 0, 0, 1, 0, 1, 0, 0, 0, 0, 0, 0, 0, 0, 0, 0, 0, 0, 0, 0, 0, 0, 0, 0, 0, 0, 0, 0, 0, 0, 0, 0, 0, 0, 0, 0, 0, 1, 0, 0, 0, 0, 0, 0, 1, 0, 0, 0, 0, 1, 1, 0, 1, 0, 0, 0, 0, 0, 0, 1, 0, 1, 0, 0, 0, 0, 0, 0, 4, 0, 0, 0, 0, 0, 1, 0, 0, 9, 0, 0, 0, 0, 0, 2, 0, 2, 0, 0, 0, 3, 2, 0, 1, 0, 0, 0, 0, 2, 2, 0, 0, 0, 0, 0, 0, 0, 0, 8, 0, 3, 0, 0, 0, 0, 0, 0, 0, 0, 0, 3, 0, 3, 4, 0, 1, 0, 0, 3, 3, 0, 0, 2, 1, 0, 0, 0, 3, 5, 0, 0, 6, 0, 0, 0, 2, 2, 3, 0, 0, 0, 0, 0, 0, 0, 0, 0, 3, 0, 0, 0, 4, 0, 0, 0, 0, 0, 0, 0, 3, 2, 0, 0, 1, 0, 0, 0, 0, 5, 7, 0, 0, 0, 4, 0, 0, 0, 0, 0, 0, 0, 0, 0, 0]
