===== RESULTADO GA L(2,1) =====
Arquivo: /Users/mateuspedrosa/Documents/TCC-II/BOGA/data/Harwell-Boeing_cleaned/gre_343_clean.mtx (undirected)
Crossover: cx | Mutação: em | pop=30 | gens=53 | mut=0.446 | cr=0.5724 | runs=1 | max-stagt=1031

----- Execução #1 -----
Span (lambda): 13
Parada: MAX_GENS (geração 53)
best_order = [0, 1, 2, 3, 4, 5, 6, 7, 8, 9, 80, 11, 256, 13, 14, 15, 16, 17, 18, 19, 20, 21, 22, 23, 24, 25, 26, 294, 28, 29, 30, 266, 32, 33, 34, 35, 36, 37, 38, 39, 40, 41, 42, 43, 44, 228, 46, 47, 48, 49, 50, 155, 52, 176, 54, 55, 56, 57, 58, 59, 60, 61, 62, 63, 64, 65, 66, 67, 68, 69, 70, 218, 72, 73, 191, 75, 76, 77, 78, 79, 10, 81, 82, 153, 84, 85, 86, 87, 88, 89, 90, 91, 92, 298, 94, 95, 207, 97, 98, 99, 100, 101, 102, 103, 27, 105, 106, 107, 108, 289, 110, 111, 112, 113, 51, 115, 116, 117, 118, 119, 120, 121, 122, 123, 124, 125, 329, 127, 128, 129, 198, 131, 322, 133, 134, 135, 136, 109, 138, 139, 140, 93, 142, 143, 144, 145, 146, 147, 148, 149, 150, 151, 152, 282, 154, 173, 156, 157, 158, 159, 160, 161, 162, 163, 164, 165, 166, 167, 168, 169, 170, 171, 172, 330, 174, 175, 132, 177, 178, 179, 180, 181, 182, 183, 333, 185, 186, 187, 188, 189, 190, 137, 192, 193, 194, 195, 196, 197, 130, 199, 200, 201, 202, 203, 204, 205, 206, 104, 208, 209, 210, 211, 212, 213, 214, 215, 216, 217, 74, 219, 220, 221, 222, 223, 224, 225, 226, 227, 45, 229, 230, 231, 232, 233, 234, 235, 236, 237, 238, 239, 240, 241, 242, 96, 244, 245, 53, 247, 248, 249, 250, 295, 252, 253, 254, 308, 114, 257, 258, 259, 260, 261, 262, 263, 264, 265, 274, 267, 268, 269, 270, 271, 272, 273, 141, 275, 276, 277, 278, 279, 280, 281, 71, 283, 284, 285, 301, 287, 288, 292, 290, 291, 286, 293, 251, 246, 296, 297, 31, 243, 300, 126, 302, 303, 304, 305, 306, 307, 83, 309, 310, 311, 312, 313, 314, 315, 316, 317, 318, 319, 320, 321, 255, 323, 324, 325, 326, 327, 328, 12, 299, 331, 332, 184, 334, 335, 336, 337, 338, 339, 340, 341, 342]
labeling = [0, 2, 4, 5, 3, 0, 0, 6, 2, 3, 6, 6, 10, 4, 1, 1, 1, 8, 4, 0, 1, 5, 3, 5, 1, 3, 2, 10, 7, 0, 3, 9, 5, 0, 6, 2, 3, 2, 0, 0, 7, 0, 0, 8, 4, 10, 5, 6, 5, 0, 4, 12, 7, 13, 9, 8, 0, 1, 0, 1, 6, 2, 9, 5, 1, 4, 11, 12, 3, 2, 3, 10, 2, 11, 8, 6, 2, 10, 5, 7, 0, 6, 0, 8, 5, 2, 4, 0, 13, 3, 3, 4, 2, 10, 5, 8, 9, 0, 1, 0, 8, 4, 0, 1, 11, 1, 6, 4, 7, 11, 10, 3, 2, 4, 8, 1, 2, 6, 3, 8, 7, 7, 9, 13, 1, 2, 6, 2, 5, 6, 9, 6, 12, 3, 0, 5, 9, 9, 4, 3, 11, 13, 3, 6, 7, 0, 1, 0, 1, 7, 0, 4, 2, 1, 2, 0, 7, 0, 3, 5, 8, 4, 3, 3, 4, 8, 9, 10, 12, 2, 4, 5, 5, 5, 9, 12, 0, 1, 5, 0, 8, 6, 12, 2, 13, 3, 8, 8, 2, 1, 7, 1, 4, 7, 9, 10, 2, 5, 1, 4, 1, 6, 7, 0, 3, 10, 4, 1, 0, 2, 6, 7, 9, 10, 4, 5, 6, 3, 0, 9, 10, 0, 3, 6, 6, 6, 0, 0, 0, 0, 0, 2, 1, 6, 2, 5, 3, 2, 6, 8, 0, 3, 2, 0, 0, 0, 0, 0, 0, 0, 0, 0, 0, 0, 0, 0, 0, 2, 0, 2, 0, 0, 0, 0, 3, 1, 0, 0, 0, 0, 0, 0, 0, 0, 0, 0, 0, 0, 0, 0, 0, 0, 0, 0, 0, 0, 0, 0, 0, 0, 0, 0, 0, 0, 0, 0, 0, 0, 0, 0, 0, 0, 0, 0, 0, 0, 0, 0, 0, 0, 0, 0, 0, 0, 0, 0, 0, 0, 0, 0, 0, 0, 0, 0, 0, 0, 0, 0, 0, 0, 0, 0, 0, 0, 0, 0, 0, 0, 0, 0, 0, 0, 0]
convergência = [15, 14, 14, 14, 14, 14, 14, 14, 14, 14, 13, 13, 13, 13, 13, 13, 13, 13, 13, 13, 13, 13, 13, 13, 13, 13, 13, 13, 13, 13, 13, 13, 13, 13, 13, 13, 13, 13, 13, 13, 13, 13, 13, 13, 13, 13, 13, 13, 13, 13, 13, 13, 13]
================================

----- Melhor execução -----
Span (lambda): 13
best_order = [0, 1, 2, 3, 4, 5, 6, 7, 8, 9, 80, 11, 256, 13, 14, 15, 16, 17, 18, 19, 20, 21, 22, 23, 24, 25, 26, 294, 28, 29, 30, 266, 32, 33, 34, 35, 36, 37, 38, 39, 40, 41, 42, 43, 44, 228, 46, 47, 48, 49, 50, 155, 52, 176, 54, 55, 56, 57, 58, 59, 60, 61, 62, 63, 64, 65, 66, 67, 68, 69, 70, 218, 72, 73, 191, 75, 76, 77, 78, 79, 10, 81, 82, 153, 84, 85, 86, 87, 88, 89, 90, 91, 92, 298, 94, 95, 207, 97, 98, 99, 100, 101, 102, 103, 27, 105, 106, 107, 108, 289, 110, 111, 112, 113, 51, 115, 116, 117, 118, 119, 120, 121, 122, 123, 124, 125, 329, 127, 128, 129, 198, 131, 322, 133, 134, 135, 136, 109, 138, 139, 140, 93, 142, 143, 144, 145, 146, 147, 148, 149, 150, 151, 152, 282, 154, 173, 156, 157, 158, 159, 160, 161, 162, 163, 164, 165, 166, 167, 168, 169, 170, 171, 172, 330, 174, 175, 132, 177, 178, 179, 180, 181, 182, 183, 333, 185, 186, 187, 188, 189, 190, 137, 192, 193, 194, 195, 196, 197, 130, 199, 200, 201, 202, 203, 204, 205, 206, 104, 208, 209, 210, 211, 212, 213, 214, 215, 216, 217, 74, 219, 220, 221, 222, 223, 224, 225, 226, 227, 45, 229, 230, 231, 232, 233, 234, 235, 236, 237, 238, 239, 240, 241, 242, 96, 244, 245, 53, 247, 248, 249, 250, 295, 252, 253, 254, 308, 114, 257, 258, 259, 260, 261, 262, 263, 264, 265, 274, 267, 268, 269, 270, 271, 272, 273, 141, 275, 276, 277, 278, 279, 280, 281, 71, 283, 284, 285, 301, 287, 288, 292, 290, 291, 286, 293, 251, 246, 296, 297, 31, 243, 300, 126, 302, 303, 304, 305, 306, 307, 83, 309, 310, 311, 312, 313, 314, 315, 316, 317, 318, 319, 320, 321, 255, 323, 324, 325, 326, 327, 328, 12, 299, 331, 332, 184, 334, 335, 336, 337, 338, 339, 340, 341, 342]
labeling = [0, 2, 4, 5, 3, 0, 0, 6, 2, 3, 6, 6, 10, 4, 1, 1, 1, 8, 4, 0, 1, 5, 3, 5, 1, 3, 2, 10, 7, 0, 3, 9, 5, 0, 6, 2, 3, 2, 0, 0, 7, 0, 0, 8, 4, 10, 5, 6, 5, 0, 4, 12, 7, 13, 9, 8, 0, 1, 0, 1, 6, 2, 9, 5, 1, 4, 11, 12, 3, 2, 3, 10, 2, 11, 8, 6, 2, 10, 5, 7, 0, 6, 0, 8, 5, 2, 4, 0, 13, 3, 3, 4, 2, 10, 5, 8, 9, 0, 1, 0, 8, 4, 0, 1, 11, 1, 6, 4, 7, 11, 10, 3, 2, 4, 8, 1, 2, 6, 3, 8, 7, 7, 9, 13, 1, 2, 6, 2, 5, 6, 9, 6, 12, 3, 0, 5, 9, 9, 4, 3, 11, 13, 3, 6, 7, 0, 1, 0, 1, 7, 0, 4, 2, 1, 2, 0, 7, 0, 3, 5, 8, 4, 3, 3, 4, 8, 9, 10, 12, 2, 4, 5, 5, 5, 9, 12, 0, 1, 5, 0, 8, 6, 12, 2, 13, 3, 8, 8, 2, 1, 7, 1, 4, 7, 9, 10, 2, 5, 1, 4, 1, 6, 7, 0, 3, 10, 4, 1, 0, 2, 6, 7, 9, 10, 4, 5, 6, 3, 0, 9, 10, 0, 3, 6, 6, 6, 0, 0, 0, 0, 0, 2, 1, 6, 2, 5, 3, 2, 6, 8, 0, 3, 2, 0, 0, 0, 0, 0, 0, 0, 0, 0, 0, 0, 0, 0, 0, 2, 0, 2, 0, 0, 0, 0, 3, 1, 0, 0, 0, 0, 0, 0, 0, 0, 0, 0, 0, 0, 0, 0, 0, 0, 0, 0, 0, 0, 0, 0, 0, 0, 0, 0, 0, 0, 0, 0, 0, 0, 0, 0, 0, 0, 0, 0, 0, 0, 0, 0, 0, 0, 0, 0, 0, 0, 0, 0, 0, 0, 0, 0, 0, 0, 0, 0, 0, 0, 0, 0, 0, 0, 0, 0, 0, 0, 0, 0, 0, 0, 0, 0, 0, 0, 0]
