===== RESULTADO GA L(2,1) =====
Arquivo: /Users/mateuspedrosa/Documents/TCC-II/BOGA/data/Harwell-Boeing_cleaned/gre_512_clean.mtx (undirected)
Crossover: cx | Mutação: em | pop=30 | gens=53 | mut=0.446 | cr=0.5724 | runs=1 | max-stagt=1031

----- Execução #1 -----
Span (lambda): 15
Parada: MAX_GENS (geração 53)
best_order = [236, 152, 175, 119, 172, 129, 311, 120, 359, 43, 222, 273, 156, 163, 298, 471, 133, 17, 122, 267, 507, 72, 22, 288, 27, 381, 329, 105, 450, 263, 447, 485, 24, 395, 34, 490, 3, 169, 398, 204, 459, 184, 42, 208, 469, 98, 221, 202, 178, 501, 486, 151, 0, 294, 106, 33, 220, 147, 187, 256, 456, 138, 369, 192, 56, 427, 246, 494, 141, 16, 176, 11, 130, 73, 510, 376, 88, 336, 134, 363, 148, 262, 418, 200, 380, 461, 50, 124, 373, 188, 96, 437, 15, 210, 337, 191, 217, 504, 9, 390, 397, 101, 340, 489, 62, 463, 109, 253, 399, 213, 205, 436, 112, 434, 299, 57, 170, 243, 466, 247, 196, 339, 201, 35, 69, 123, 409, 127, 332, 171, 203, 74, 416, 401, 296, 458, 342, 131, 319, 139, 71, 449, 86, 445, 338, 438, 271, 499, 451, 219, 249, 483, 91, 136, 297, 444, 370, 355, 158, 226, 25, 384, 26, 421, 164, 45, 316, 207, 468, 315, 312, 400, 503, 173, 269, 231, 387, 18, 241, 161, 307, 190, 150, 183, 492, 58, 446, 225, 47, 68, 186, 36, 21, 441, 443, 428, 181, 197, 198, 154, 70, 268, 155, 275, 157, 12, 117, 41, 53, 357, 65, 121, 193, 93, 40, 350, 419, 1, 404, 402, 304, 413, 4, 422, 31, 442, 385, 410, 352, 229, 435, 313, 95, 341, 334, 289, 239, 284, 238, 301, 493, 279, 280, 252, 480, 290, 75, 487, 10, 374, 372, 259, 145, 64, 49, 125, 240, 351, 354, 308, 396, 89, 383, 508, 52, 391, 414, 453, 440, 276, 356, 144, 254, 189, 367, 496, 368, 143, 87, 274, 23, 260, 258, 382, 248, 360, 318, 285, 343, 209, 137, 185, 411, 13, 415, 295, 118, 429, 420, 55, 479, 194, 94, 281, 423, 79, 132, 474, 292, 97, 426, 142, 266, 377, 314, 108, 85, 291, 477, 506, 114, 358, 322, 405, 326, 325, 211, 327, 328, 92, 331, 317, 48, 234, 59, 335, 99, 349, 38, 433, 82, 44, 140, 333, 344, 19, 346, 54, 206, 228, 375, 394, 37, 224, 439, 195, 302, 81, 470, 242, 8, 498, 362, 321, 364, 287, 366, 103, 371, 303, 102, 29, 306, 215, 250, 245, 348, 80, 160, 230, 432, 412, 51, 417, 424, 159, 32, 6, 28, 257, 425, 168, 272, 488, 282, 146, 100, 293, 491, 7, 223, 286, 126, 403, 67, 111, 467, 162, 165, 135, 104, 2, 255, 166, 214, 309, 305, 90, 233, 78, 379, 110, 320, 153, 14, 393, 511, 199, 115, 39, 455, 431, 30, 116, 386, 465, 482, 365, 5, 218, 392, 46, 408, 478, 278, 347, 454, 149, 251, 484, 61, 167, 77, 361, 212, 60, 107, 497, 277, 265, 460, 180, 462, 430, 177, 232, 406, 66, 472, 76, 509, 237, 407, 473, 330, 481, 300, 323, 179, 261, 495, 244, 227, 353, 128, 63, 20, 505, 457, 448, 174, 216, 84, 464, 500, 378, 324, 310, 235, 388, 113, 182, 502, 452, 283, 83, 270, 345, 475, 476, 389, 264]
labeling = [0, 4, 6, 1, 3, 12, 3, 10, 8, 2, 5, 3, 8, 5, 9, 2, 1, 0, 6, 7, 11, 4, 0, 7, 2, 4, 0, 1, 8, 1, 3, 3, 9, 4, 1, 3, 3, 6, 10, 6, 0, 6, 0, 0, 11, 5, 12, 3, 7, 4, 1, 4, 8, 2, 4, 9, 0, 2, 5, 5, 11, 12, 0, 13, 5, 7, 9, 8, 1, 2, 6, 2, 0, 0, 0, 6, 7, 11, 7, 10, 13, 11, 10, 12, 15, 9, 4, 4, 3, 6, 8, 1, 3, 4, 2, 6, 3, 7, 0, 7, 8, 4, 14, 10, 11, 2, 4, 5, 6, 1, 10, 12, 2, 15, 7, 5, 13, 2, 12, 0, 2, 9, 0, 7, 0, 9, 10, 4, 7, 0, 1, 5, 12, 1, 3, 11, 6, 7, 0, 1, 4, 5, 10, 3, 11, 8, 6, 0, 5, 13, 7, 1, 0, 14, 3, 8, 1, 9, 6, 10, 6, 8, 13, 0, 5, 12, 8, 14, 13, 2, 9, 2, 0, 10, 11, 0, 3, 12, 3, 8, 13, 6, 2, 7, 2, 10, 9, 4, 3, 11, 10, 6, 1, 4, 12, 13, 2, 6, 7, 11, 3, 4, 2, 4, 1, 2, 6, 7, 1, 11, 5, 6, 4, 8, 12, 14, 15, 6, 8, 0, 2, 1, 0, 2, 6, 1, 5, 15, 1, 1, 13, 5, 14, 9, 2, 15, 0, 10, 0, 8, 10, 5, 9, 4, 5, 9, 3, 4, 8, 0, 7, 10, 9, 3, 3, 6, 1, 5, 5, 5, 2, 11, 4, 0, 7, 11, 3, 0, 3, 6, 9, 4, 14, 0, 8, 2, 1, 11, 12, 7, 3, 7, 1, 11, 1, 6, 10, 8, 2, 8, 10, 11, 5, 10, 2, 9, 2, 4, 0, 1, 7, 5, 9, 10, 2, 4, 8, 1, 2, 14, 2, 0, 8, 3, 7, 7, 6, 11, 4, 3, 8, 9, 3, 4, 6, 0, 5, 0, 7, 0, 6, 12, 0, 5, 1, 6, 0, 0, 3, 4, 0, 0, 1, 3, 6, 0, 3, 9, 3, 4, 0, 0, 2, 1, 3, 1, 2, 0, 0, 0, 0, 0, 0, 0, 4, 0, 2, 3, 0, 0, 0, 0, 0, 0, 0, 0, 0, 0, 0, 0, 0, 0, 0, 0, 0, 0, 0, 0, 2, 4, 0, 0, 0, 0, 0, 0, 0, 0, 0, 0, 0, 0, 0, 0, 0, 0, 0, 0, 0, 0, 0, 0, 0, 0, 0, 0, 0, 0, 0, 0, 0, 0, 0, 0, 0, 0, 0, 0, 0, 0, 0, 0, 0, 0, 0, 0, 0, 0, 0, 0, 0, 0, 0, 0, 0, 0, 0, 0, 0, 0, 0, 0, 0, 0, 0, 0, 0, 0, 0, 0, 0, 0, 0, 0, 0, 0, 0, 0, 0, 0, 0, 0, 0, 0, 0, 0, 0, 0, 0, 0, 0, 0, 0, 0, 0, 0, 0, 0, 0, 0, 0, 0, 0, 0, 0, 0, 0, 0, 0, 0, 0, 0, 0, 0, 0, 0, 0, 0, 0, 0, 0, 0]
convergência = [16, 16, 16, 16, 16, 16, 16, 16, 16, 16, 16, 16, 16, 16, 16, 16, 16, 16, 16, 16, 16, 16, 16, 16, 16, 16, 16, 16, 16, 16, 16, 16, 15, 15, 15, 15, 15, 15, 15, 15, 15, 15, 15, 15, 15, 15, 15, 15, 15, 15, 15, 15, 15]
================================

----- Melhor execução -----
Span (lambda): 15
best_order = [236, 152, 175, 119, 172, 129, 311, 120, 359, 43, 222, 273, 156, 163, 298, 471, 133, 17, 122, 267, 507, 72, 22, 288, 27, 381, 329, 105, 450, 263, 447, 485, 24, 395, 34, 490, 3, 169, 398, 204, 459, 184, 42, 208, 469, 98, 221, 202, 178, 501, 486, 151, 0, 294, 106, 33, 220, 147, 187, 256, 456, 138, 369, 192, 56, 427, 246, 494, 141, 16, 176, 11, 130, 73, 510, 376, 88, 336, 134, 363, 148, 262, 418, 200, 380, 461, 50, 124, 373, 188, 96, 437, 15, 210, 337, 191, 217, 504, 9, 390, 397, 101, 340, 489, 62, 463, 109, 253, 399, 213, 205, 436, 112, 434, 299, 57, 170, 243, 466, 247, 196, 339, 201, 35, 69, 123, 409, 127, 332, 171, 203, 74, 416, 401, 296, 458, 342, 131, 319, 139, 71, 449, 86, 445, 338, 438, 271, 499, 451, 219, 249, 483, 91, 136, 297, 444, 370, 355, 158, 226, 25, 384, 26, 421, 164, 45, 316, 207, 468, 315, 312, 400, 503, 173, 269, 231, 387, 18, 241, 161, 307, 190, 150, 183, 492, 58, 446, 225, 47, 68, 186, 36, 21, 441, 443, 428, 181, 197, 198, 154, 70, 268, 155, 275, 157, 12, 117, 41, 53, 357, 65, 121, 193, 93, 40, 350, 419, 1, 404, 402, 304, 413, 4, 422, 31, 442, 385, 410, 352, 229, 435, 313, 95, 341, 334, 289, 239, 284, 238, 301, 493, 279, 280, 252, 480, 290, 75, 487, 10, 374, 372, 259, 145, 64, 49, 125, 240, 351, 354, 308, 396, 89, 383, 508, 52, 391, 414, 453, 440, 276, 356, 144, 254, 189, 367, 496, 368, 143, 87, 274, 23, 260, 258, 382, 248, 360, 318, 285, 343, 209, 137, 185, 411, 13, 415, 295, 118, 429, 420, 55, 479, 194, 94, 281, 423, 79, 132, 474, 292, 97, 426, 142, 266, 377, 314, 108, 85, 291, 477, 506, 114, 358, 322, 405, 326, 325, 211, 327, 328, 92, 331, 317, 48, 234, 59, 335, 99, 349, 38, 433, 82, 44, 140, 333, 344, 19, 346, 54, 206, 228, 375, 394, 37, 224, 439, 195, 302, 81, 470, 242, 8, 498, 362, 321, 364, 287, 366, 103, 371, 303, 102, 29, 306, 215, 250, 245, 348, 80, 160, 230, 432, 412, 51, 417, 424, 159, 32, 6, 28, 257, 425, 168, 272, 488, 282, 146, 100, 293, 491, 7, 223, 286, 126, 403, 67, 111, 467, 162, 165, 135, 104, 2, 255, 166, 214, 309, 305, 90, 233, 78, 379, 110, 320, 153, 14, 393, 511, 199, 115, 39, 455, 431, 30, 116, 386, 465, 482, 365, 5, 218, 392, 46, 408, 478, 278, 347, 454, 149, 251, 484, 61, 167, 77, 361, 212, 60, 107, 497, 277, 265, 460, 180, 462, 430, 177, 232, 406, 66, 472, 76, 509, 237, 407, 473, 330, 481, 300, 323, 179, 261, 495, 244, 227, 353, 128, 63, 20, 505, 457, 448, 174, 216, 84, 464, 500, 378, 324, 310, 235, 388, 113, 182, 502, 452, 283, 83, 270, 345, 475, 476, 389, 264]
labeling = [0, 4, 6, 1, 3, 12, 3, 10, 8, 2, 5, 3, 8, 5, 9, 2, 1, 0, 6, 7, 11, 4, 0, 7, 2, 4, 0, 1, 8, 1, 3, 3, 9, 4, 1, 3, 3, 6, 10, 6, 0, 6, 0, 0, 11, 5, 12, 3, 7, 4, 1, 4, 8, 2, 4, 9, 0, 2, 5, 5, 11, 12, 0, 13, 5, 7, 9, 8, 1, 2, 6, 2, 0, 0, 0, 6, 7, 11, 7, 10, 13, 11, 10, 12, 15, 9, 4, 4, 3, 6, 8, 1, 3, 4, 2, 6, 3, 7, 0, 7, 8, 4, 14, 10, 11, 2, 4, 5, 6, 1, 10, 12, 2, 15, 7, 5, 13, 2, 12, 0, 2, 9, 0, 7, 0, 9, 10, 4, 7, 0, 1, 5, 12, 1, 3, 11, 6, 7, 0, 1, 4, 5, 10, 3, 11, 8, 6, 0, 5, 13, 7, 1, 0, 14, 3, 8, 1, 9, 6, 10, 6, 8, 13, 0, 5, 12, 8, 14, 13, 2, 9, 2, 0, 10, 11, 0, 3, 12, 3, 8, 13, 6, 2, 7, 2, 10, 9, 4, 3, 11, 10, 6, 1, 4, 12, 13, 2, 6, 7, 11, 3, 4, 2, 4, 1, 2, 6, 7, 1, 11, 5, 6, 4, 8, 12, 14, 15, 6, 8, 0, 2, 1, 0, 2, 6, 1, 5, 15, 1, 1, 13, 5, 14, 9, 2, 15, 0, 10, 0, 8, 10, 5, 9, 4, 5, 9, 3, 4, 8, 0, 7, 10, 9, 3, 3, 6, 1, 5, 5, 5, 2, 11, 4, 0, 7, 11, 3, 0, 3, 6, 9, 4, 14, 0, 8, 2, 1, 11, 12, 7, 3, 7, 1, 11, 1, 6, 10, 8, 2, 8, 10, 11, 5, 10, 2, 9, 2, 4, 0, 1, 7, 5, 9, 10, 2, 4, 8, 1, 2, 14, 2, 0, 8, 3, 7, 7, 6, 11, 4, 3, 8, 9, 3, 4, 6, 0, 5, 0, 7, 0, 6, 12, 0, 5, 1, 6, 0, 0, 3, 4, 0, 0, 1, 3, 6, 0, 3, 9, 3, 4, 0, 0, 2, 1, 3, 1, 2, 0, 0, 0, 0, 0, 0, 0, 4, 0, 2, 3, 0, 0, 0, 0, 0, 0, 0, 0, 0, 0, 0, 0, 0, 0, 0, 0, 0, 0, 0, 0, 2, 4, 0, 0, 0, 0, 0, 0, 0, 0, 0, 0, 0, 0, 0, 0, 0, 0, 0, 0, 0, 0, 0, 0, 0, 0, 0, 0, 0, 0, 0, 0, 0, 0, 0, 0, 0, 0, 0, 0, 0, 0, 0, 0, 0, 0, 0, 0, 0, 0, 0, 0, 0, 0, 0, 0, 0, 0, 0, 0, 0, 0, 0, 0, 0, 0, 0, 0, 0, 0, 0, 0, 0, 0, 0, 0, 0, 0, 0, 0, 0, 0, 0, 0, 0, 0, 0, 0, 0, 0, 0, 0, 0, 0, 0, 0, 0, 0, 0, 0, 0, 0, 0, 0, 0, 0, 0, 0, 0, 0, 0, 0, 0, 0, 0, 0, 0, 0, 0, 0, 0, 0, 0, 0]
