===== RESULTADO GA L(2,1) =====
Arquivo: /Users/mateuspedrosa/Documents/TCC-II/BOGA/data/NR_DIMACS_cleaned/hamming8-2_clean.mtx (undirected)
Crossover: cx | Mutação: em | pop=30 | gens=53 | mut=0.446 | cr=0.5724 | runs=1 | max-stagt=1031

----- Execução #1 -----
Span (lambda): 256
Parada: TIME_LIMIT (geração 2)
best_order = [0, 1, 2, 3, 4, 5, 6, 7, 8, 9, 10, 11, 12, 13, 14, 15, 16, 17, 18, 19, 20, 21, 22, 23, 24, 25, 26, 27, 28, 29, 30, 31, 32, 33, 34, 35, 36, 37, 38, 39, 40, 41, 42, 43, 44, 45, 46, 47, 48, 49, 50, 51, 52, 53, 54, 55, 56, 57, 58, 59, 60, 61, 62, 63, 64, 65, 66, 67, 68, 69, 70, 71, 72, 73, 74, 75, 76, 77, 78, 79, 80, 81, 82, 83, 84, 85, 86, 87, 88, 89, 90, 91, 92, 93, 94, 95, 96, 97, 98, 99, 100, 101, 102, 103, 104, 105, 106, 107, 108, 109, 110, 111, 112, 113, 114, 115, 116, 117, 118, 119, 120, 121, 122, 123, 124, 125, 126, 127, 128, 129, 130, 131, 132, 133, 134, 135, 136, 137, 138, 139, 140, 141, 142, 143, 144, 145, 146, 147, 148, 149, 150, 151, 152, 153, 154, 155, 156, 157, 158, 159, 160, 161, 162, 163, 164, 165, 166, 167, 168, 169, 170, 171, 172, 173, 174, 175, 176, 177, 178, 179, 180, 181, 182, 183, 184, 185, 186, 187, 188, 189, 190, 191, 192, 193, 194, 195, 196, 197, 198, 199, 200, 201, 202, 203, 204, 205, 206, 207, 208, 209, 210, 211, 212, 213, 214, 215, 216, 217, 218, 219, 220, 221, 222, 223, 224, 225, 226, 227, 228, 229, 230, 231, 232, 233, 234, 235, 236, 237, 238, 239, 240, 241, 242, 243, 244, 245, 246, 247, 248, 249, 250, 251, 252, 253, 254, 255]
labeling = [0, 2, 4, 3, 5, 6, 8, 7, 10, 11, 13, 12, 15, 14, 9, 17, 19, 18, 20, 21, 22, 23, 25, 24, 27, 28, 30, 29, 31, 16, 32, 33, 35, 36, 38, 37, 40, 39, 41, 42, 44, 45, 47, 46, 48, 49, 51, 43, 53, 52, 54, 55, 57, 56, 58, 59, 61, 62, 64, 63, 66, 50, 65, 68, 26, 69, 71, 70, 73, 72, 74, 75, 77, 78, 80, 79, 81, 82, 84, 76, 86, 85, 87, 88, 90, 89, 91, 92, 94, 95, 97, 96, 99, 83, 98, 101, 34, 103, 105, 104, 106, 107, 109, 108, 111, 112, 114, 113, 116, 115, 110, 118, 120, 119, 121, 122, 123, 124, 126, 125, 60, 128, 130, 129, 131, 67, 127, 117, 133, 134, 136, 135, 138, 137, 139, 140, 142, 143, 145, 144, 146, 147, 149, 141, 151, 150, 152, 153, 155, 154, 156, 157, 159, 160, 162, 161, 164, 148, 163, 166, 168, 169, 171, 170, 172, 173, 175, 174, 177, 178, 180, 132, 102, 179, 176, 181, 182, 167, 183, 184, 185, 186, 187, 188, 158, 189, 190, 191, 192, 165, 193, 194, 195, 196, 197, 198, 199, 200, 201, 202, 203, 204, 205, 206, 207, 208, 209, 210, 211, 212, 213, 214, 215, 216, 217, 93, 218, 219, 220, 221, 100, 222, 223, 224, 225, 226, 227, 228, 229, 230, 231, 232, 233, 234, 235, 236, 237, 238, 239, 240, 241, 242, 243, 244, 245, 246, 247, 248, 249, 250, 251, 252, 253, 254, 255, 256]
convergência = [256, 256]
================================

----- Melhor execução -----
Span (lambda): 256
best_order = [0, 1, 2, 3, 4, 5, 6, 7, 8, 9, 10, 11, 12, 13, 14, 15, 16, 17, 18, 19, 20, 21, 22, 23, 24, 25, 26, 27, 28, 29, 30, 31, 32, 33, 34, 35, 36, 37, 38, 39, 40, 41, 42, 43, 44, 45, 46, 47, 48, 49, 50, 51, 52, 53, 54, 55, 56, 57, 58, 59, 60, 61, 62, 63, 64, 65, 66, 67, 68, 69, 70, 71, 72, 73, 74, 75, 76, 77, 78, 79, 80, 81, 82, 83, 84, 85, 86, 87, 88, 89, 90, 91, 92, 93, 94, 95, 96, 97, 98, 99, 100, 101, 102, 103, 104, 105, 106, 107, 108, 109, 110, 111, 112, 113, 114, 115, 116, 117, 118, 119, 120, 121, 122, 123, 124, 125, 126, 127, 128, 129, 130, 131, 132, 133, 134, 135, 136, 137, 138, 139, 140, 141, 142, 143, 144, 145, 146, 147, 148, 149, 150, 151, 152, 153, 154, 155, 156, 157, 158, 159, 160, 161, 162, 163, 164, 165, 166, 167, 168, 169, 170, 171, 172, 173, 174, 175, 176, 177, 178, 179, 180, 181, 182, 183, 184, 185, 186, 187, 188, 189, 190, 191, 192, 193, 194, 195, 196, 197, 198, 199, 200, 201, 202, 203, 204, 205, 206, 207, 208, 209, 210, 211, 212, 213, 214, 215, 216, 217, 218, 219, 220, 221, 222, 223, 224, 225, 226, 227, 228, 229, 230, 231, 232, 233, 234, 235, 236, 237, 238, 239, 240, 241, 242, 243, 244, 245, 246, 247, 248, 249, 250, 251, 252, 253, 254, 255]
labeling = [0, 2, 4, 3, 5, 6, 8, 7, 10, 11, 13, 12, 15, 14, 9, 17, 19, 18, 20, 21, 22, 23, 25, 24, 27, 28, 30, 29, 31, 16, 32, 33, 35, 36, 38, 37, 40, 39, 41, 42, 44, 45, 47, 46, 48, 49, 51, 43, 53, 52, 54, 55, 57, 56, 58, 59, 61, 62, 64, 63, 66, 50, 65, 68, 26, 69, 71, 70, 73, 72, 74, 75, 77, 78, 80, 79, 81, 82, 84, 76, 86, 85, 87, 88, 90, 89, 91, 92, 94, 95, 97, 96, 99, 83, 98, 101, 34, 103, 105, 104, 106, 107, 109, 108, 111, 112, 114, 113, 116, 115, 110, 118, 120, 119, 121, 122, 123, 124, 126, 125, 60, 128, 130, 129, 131, 67, 127, 117, 133, 134, 136, 135, 138, 137, 139, 140, 142, 143, 145, 144, 146, 147, 149, 141, 151, 150, 152, 153, 155, 154, 156, 157, 159, 160, 162, 161, 164, 148, 163, 166, 168, 169, 171, 170, 172, 173, 175, 174, 177, 178, 180, 132, 102, 179, 176, 181, 182, 167, 183, 184, 185, 186, 187, 188, 158, 189, 190, 191, 192, 165, 193, 194, 195, 196, 197, 198, 199, 200, 201, 202, 203, 204, 205, 206, 207, 208, 209, 210, 211, 212, 213, 214, 215, 216, 217, 93, 218, 219, 220, 221, 100, 222, 223, 224, 225, 226, 227, 228, 229, 230, 231, 232, 233, 234, 235, 236, 237, 238, 239, 240, 241, 242, 243, 244, 245, 246, 247, 248, 249, 250, 251, 252, 253, 254, 255, 256]
