===== RESULTADO GA L(2,1) =====
Arquivo: /Users/mateuspedrosa/Documents/TCC-II/BOGA/data/Harwell-Boeing_cleaned/impcol_b_clean.mtx (undirected)
Crossover: cx | Mutação: em | pop=30 | gens=53 | mut=0.446 | cr=0.5724 | runs=1 | max-stagt=1031

----- Execução #1 -----
Span (lambda): 30
Parada: MAX_GENS (geração 53)
best_order = [22, 41, 38, 30, 29, 23, 43, 28, 5, 55, 11, 9, 53, 20, 39, 2, 25, 27, 14, 33, 36, 35, 46, 24, 12, 31, 48, 10, 26, 15, 21, 44, 13, 4, 16, 37, 6, 42, 17, 3, 34, 19, 49, 32, 58, 40, 50, 7, 56, 8, 47, 1, 45, 57, 18, 0, 52, 51, 54]
labeling = [30, 8, 11, 26, 3, 7, 1, 1, 28, 1, 18, 8, 16, 23, 13, 19, 22, 25, 0, 9, 9, 21, 0, 4, 15, 12, 0, 3, 6, 2, 3, 17, 11, 4, 7, 6, 5, 24, 2, 10, 27, 1, 4, 5, 20, 6, 14, 0, 0, 0, 0, 0, 0, 0, 0, 0, 0, 0, 0]
convergência = [30, 30, 30, 30, 30, 30, 30, 30, 30, 30, 30, 30, 30, 30, 30, 30, 30, 30, 30, 30, 30, 30, 30, 30, 30, 30, 30, 30, 30, 30, 30, 30, 30, 30, 30, 30, 30, 30, 30, 30, 30, 30, 30, 30, 30, 30, 30, 30, 30, 30, 30, 30, 30]
================================

----- Melhor execução -----
Span (lambda): 30
best_order = [22, 41, 38, 30, 29, 23, 43, 28, 5, 55, 11, 9, 53, 20, 39, 2, 25, 27, 14, 33, 36, 35, 46, 24, 12, 31, 48, 10, 26, 15, 21, 44, 13, 4, 16, 37, 6, 42, 17, 3, 34, 19, 49, 32, 58, 40, 50, 7, 56, 8, 47, 1, 45, 57, 18, 0, 52, 51, 54]
labeling = [30, 8, 11, 26, 3, 7, 1, 1, 28, 1, 18, 8, 16, 23, 13, 19, 22, 25, 0, 9, 9, 21, 0, 4, 15, 12, 0, 3, 6, 2, 3, 17, 11, 4, 7, 6, 5, 24, 2, 10, 27, 1, 4, 5, 20, 6, 14, 0, 0, 0, 0, 0, 0, 0, 0, 0, 0, 0, 0]
