===== RESULTADO GA L(2,1) =====
Arquivo: /Users/mateuspedrosa/Documents/TCC-II/BOGA/data/Harwell-Boeing_cleaned/impcol_a_clean.mtx (undirected)
Crossover: cx | Mutação: em | pop=30 | gens=53 | mut=0.446 | cr=0.5724 | runs=1 | max-stagt=1031

----- Execução #1 -----
Span (lambda): 117
Parada: MAX_GENS (geração 53)
best_order = [0, 1, 2, 3, 4, 5, 6, 7, 8, 9, 10, 11, 12, 13, 14, 15, 16, 17, 18, 19, 20, 21, 22, 23, 24, 25, 26, 27, 28, 29, 30, 31, 32, 33, 34, 35, 36, 37, 38, 39, 40, 41, 42, 43, 44, 45, 46, 47, 48, 49, 50, 51, 52, 53, 54, 55, 56, 57, 58, 59, 60, 61, 62, 63, 64, 65, 66, 67, 68, 69, 70, 71, 72, 73, 74, 75, 76, 77, 78, 79, 80, 81, 82, 83, 84, 85, 86, 87, 88, 89, 90, 91, 92, 93, 94, 95, 96, 97, 98, 99, 100, 101, 102, 103, 104, 105, 106, 107, 108, 109, 110, 111, 112, 113, 114, 115, 116, 117, 118, 119, 120, 121, 122, 123, 124, 125, 126, 127, 128, 129, 130, 131, 132, 133, 134, 135, 136, 137, 138, 139, 140, 141, 142, 143, 144, 145, 146, 147, 148, 149, 150, 151, 152, 153, 154, 155, 156, 157, 158, 159, 160, 161, 162, 163, 164, 165, 166, 167, 168, 169, 170, 171, 172, 173, 174, 175, 176, 177, 178, 179, 180, 181, 182, 183, 184, 185, 186, 187, 188, 189, 190, 191, 192, 193, 194, 195, 196, 197, 198, 199, 200, 201, 202, 203, 204, 205, 206]
labeling = [0, 2, 1, 3, 4, 5, 1, 6, 0, 7, 8, 9, 11, 13, 10, 12, 15, 16, 14, 17, 1, 18, 1, 2, 19, 20, 21, 23, 3, 22, 5, 24, 26, 27, 25, 28, 29, 30, 31, 32, 33, 34, 35, 36, 37, 38, 39, 41, 1, 40, 42, 43, 44, 46, 45, 1, 47, 48, 49, 3, 2, 50, 1, 51, 52, 53, 54, 5, 55, 56, 3, 57, 58, 59, 1, 60, 61, 7, 62, 63, 64, 65, 66, 2, 67, 68, 69, 70, 71, 72, 73, 74, 75, 76, 77, 1, 78, 79, 2, 80, 5, 81, 82, 83, 84, 85, 86, 87, 3, 88, 89, 90, 91, 92, 93, 2, 94, 95, 96, 97, 98, 99, 100, 101, 102, 103, 104, 4, 3, 6, 105, 106, 5, 107, 108, 109, 1, 110, 0, 0, 111, 1, 1, 2, 112, 3, 0, 113, 2, 0, 1, 0, 0, 0, 0, 0, 0, 0, 3, 0, 1, 0, 0, 114, 0, 115, 0, 0, 0, 0, 0, 0, 0, 0, 0, 0, 0, 0, 0, 0, 0, 0, 0, 0, 0, 0, 0, 0, 0, 1, 0, 0, 0, 0, 0, 0, 1, 0, 116, 4, 2, 1, 117, 1, 1, 3, 4]
convergência = [117, 117, 117, 117, 117, 117, 117, 117, 117, 117, 117, 117, 117, 117, 117, 117, 117, 117, 117, 117, 117, 117, 117, 117, 117, 117, 117, 117, 117, 117, 117, 117, 117, 117, 117, 117, 117, 117, 117, 117, 117, 117, 117, 117, 117, 117, 117, 117, 117, 117, 117, 117, 117]
================================

----- Melhor execução -----
Span (lambda): 117
best_order = [0, 1, 2, 3, 4, 5, 6, 7, 8, 9, 10, 11, 12, 13, 14, 15, 16, 17, 18, 19, 20, 21, 22, 23, 24, 25, 26, 27, 28, 29, 30, 31, 32, 33, 34, 35, 36, 37, 38, 39, 40, 41, 42, 43, 44, 45, 46, 47, 48, 49, 50, 51, 52, 53, 54, 55, 56, 57, 58, 59, 60, 61, 62, 63, 64, 65, 66, 67, 68, 69, 70, 71, 72, 73, 74, 75, 76, 77, 78, 79, 80, 81, 82, 83, 84, 85, 86, 87, 88, 89, 90, 91, 92, 93, 94, 95, 96, 97, 98, 99, 100, 101, 102, 103, 104, 105, 106, 107, 108, 109, 110, 111, 112, 113, 114, 115, 116, 117, 118, 119, 120, 121, 122, 123, 124, 125, 126, 127, 128, 129, 130, 131, 132, 133, 134, 135, 136, 137, 138, 139, 140, 141, 142, 143, 144, 145, 146, 147, 148, 149, 150, 151, 152, 153, 154, 155, 156, 157, 158, 159, 160, 161, 162, 163, 164, 165, 166, 167, 168, 169, 170, 171, 172, 173, 174, 175, 176, 177, 178, 179, 180, 181, 182, 183, 184, 185, 186, 187, 188, 189, 190, 191, 192, 193, 194, 195, 196, 197, 198, 199, 200, 201, 202, 203, 204, 205, 206]
labeling = [0, 2, 1, 3, 4, 5, 1, 6, 0, 7, 8, 9, 11, 13, 10, 12, 15, 16, 14, 17, 1, 18, 1, 2, 19, 20, 21, 23, 3, 22, 5, 24, 26, 27, 25, 28, 29, 30, 31, 32, 33, 34, 35, 36, 37, 38, 39, 41, 1, 40, 42, 43, 44, 46, 45, 1, 47, 48, 49, 3, 2, 50, 1, 51, 52, 53, 54, 5, 55, 56, 3, 57, 58, 59, 1, 60, 61, 7, 62, 63, 64, 65, 66, 2, 67, 68, 69, 70, 71, 72, 73, 74, 75, 76, 77, 1, 78, 79, 2, 80, 5, 81, 82, 83, 84, 85, 86, 87, 3, 88, 89, 90, 91, 92, 93, 2, 94, 95, 96, 97, 98, 99, 100, 101, 102, 103, 104, 4, 3, 6, 105, 106, 5, 107, 108, 109, 1, 110, 0, 0, 111, 1, 1, 2, 112, 3, 0, 113, 2, 0, 1, 0, 0, 0, 0, 0, 0, 0, 3, 0, 1, 0, 0, 114, 0, 115, 0, 0, 0, 0, 0, 0, 0, 0, 0, 0, 0, 0, 0, 0, 0, 0, 0, 0, 0, 0, 0, 0, 0, 1, 0, 0, 0, 0, 0, 0, 1, 0, 116, 4, 2, 1, 117, 1, 1, 3, 4]
