===== RESULTADO GA L(2,1) =====
Arquivo: /Users/mateuspedrosa/Documents/TCC-II/BOGA/data/Harwell-Boeing_cleaned/impcol_c_clean.mtx (undirected)
Crossover: cx | Mutação: em | pop=30 | gens=53 | mut=0.446 | cr=0.5724 | runs=1 | max-stagt=1031

----- Execução #1 -----
Span (lambda): 61
Parada: MAX_GENS (geração 53)
best_order = [0, 1, 2, 3, 4, 5, 6, 7, 8, 9, 10, 11, 12, 13, 14, 15, 16, 17, 18, 19, 20, 21, 22, 23, 24, 25, 26, 27, 28, 29, 30, 31, 32, 33, 34, 35, 36, 37, 38, 39, 40, 41, 42, 43, 44, 45, 46, 47, 48, 49, 50, 51, 52, 53, 54, 55, 56, 57, 58, 59, 60, 61, 62, 63, 64, 65, 66, 67, 68, 69, 70, 71, 72, 73, 74, 75, 76, 77, 78, 79, 80, 81, 82, 83, 84, 85, 86, 87, 88, 89, 90, 91, 92, 93, 94, 95, 96, 97, 98, 99, 100, 101, 102, 103, 104, 105, 106, 107, 108, 109, 110, 111, 112, 113, 114, 115, 116, 117, 118, 119, 120, 121, 122, 123, 124, 125, 126, 127, 128, 129, 130, 131, 132, 133, 134, 135, 136]
labeling = [0, 2, 4, 3, 5, 6, 8, 7, 10, 9, 12, 11, 14, 13, 16, 18, 10, 15, 17, 19, 20, 21, 22, 1, 3, 23, 25, 27, 24, 26, 29, 1, 28, 30, 31, 32, 33, 34, 35, 36, 37, 38, 39, 40, 41, 2, 42, 1, 43, 44, 45, 46, 47, 48, 2, 1, 3, 4, 5, 6, 7, 49, 51, 5, 2, 12, 13, 4, 50, 53, 14, 6, 15, 16, 17, 18, 19, 20, 52, 21, 54, 22, 55, 26, 56, 1, 0, 1, 0, 1, 0, 0, 57, 1, 58, 0, 59, 0, 0, 0, 0, 0, 0, 0, 0, 0, 0, 3, 0, 0, 0, 0, 0, 2, 60, 5, 2, 2, 2, 2, 61, 0, 0, 0, 0, 0, 0, 0, 0, 0, 1, 3, 3, 0, 0, 0, 0]
convergência = [61, 61, 61, 61, 61, 61, 61, 61, 61, 61, 61, 61, 61, 61, 61, 61, 61, 61, 61, 61, 61, 61, 61, 61, 61, 61, 61, 61, 61, 61, 61, 61, 61, 61, 61, 61, 61, 61, 61, 61, 61, 61, 61, 61, 61, 61, 61, 61, 61, 61, 61, 61, 61]
================================

----- Melhor execução -----
Span (lambda): 61
best_order = [0, 1, 2, 3, 4, 5, 6, 7, 8, 9, 10, 11, 12, 13, 14, 15, 16, 17, 18, 19, 20, 21, 22, 23, 24, 25, 26, 27, 28, 29, 30, 31, 32, 33, 34, 35, 36, 37, 38, 39, 40, 41, 42, 43, 44, 45, 46, 47, 48, 49, 50, 51, 52, 53, 54, 55, 56, 57, 58, 59, 60, 61, 62, 63, 64, 65, 66, 67, 68, 69, 70, 71, 72, 73, 74, 75, 76, 77, 78, 79, 80, 81, 82, 83, 84, 85, 86, 87, 88, 89, 90, 91, 92, 93, 94, 95, 96, 97, 98, 99, 100, 101, 102, 103, 104, 105, 106, 107, 108, 109, 110, 111, 112, 113, 114, 115, 116, 117, 118, 119, 120, 121, 122, 123, 124, 125, 126, 127, 128, 129, 130, 131, 132, 133, 134, 135, 136]
labeling = [0, 2, 4, 3, 5, 6, 8, 7, 10, 9, 12, 11, 14, 13, 16, 18, 10, 15, 17, 19, 20, 21, 22, 1, 3, 23, 25, 27, 24, 26, 29, 1, 28, 30, 31, 32, 33, 34, 35, 36, 37, 38, 39, 40, 41, 2, 42, 1, 43, 44, 45, 46, 47, 48, 2, 1, 3, 4, 5, 6, 7, 49, 51, 5, 2, 12, 13, 4, 50, 53, 14, 6, 15, 16, 17, 18, 19, 20, 52, 21, 54, 22, 55, 26, 56, 1, 0, 1, 0, 1, 0, 0, 57, 1, 58, 0, 59, 0, 0, 0, 0, 0, 0, 0, 0, 0, 0, 3, 0, 0, 0, 0, 0, 2, 60, 5, 2, 2, 2, 2, 61, 0, 0, 0, 0, 0, 0, 0, 0, 0, 1, 3, 3, 0, 0, 0, 0]
