===== RESULTADO GA L(2,1) =====
Arquivo: /Users/mateuspedrosa/Documents/TCC-II/BOGA/data/Harwell-Boeing_cleaned/jagmesh2_clean.mtx (undirected)
Crossover: cx | Mutação: em | pop=30 | gens=53 | mut=0.446 | cr=0.5724 | runs=1 | max-stagt=1031

----- Execução #1 -----
Span (lambda): 726
Parada: MAX_GENS (geração 53)
best_order = [0, 1, 2, 3, 4, 5, 6, 7, 8, 9, 10, 11, 12, 13, 14, 15, 16, 17, 18, 19, 20, 21, 22, 23, 24, 25, 26, 27, 28, 29, 30, 31, 32, 33, 34, 35, 36, 37, 38, 39, 40, 41, 42, 43, 44, 45, 46, 47, 48, 49, 50, 51, 52, 53, 54, 55, 56, 57, 58, 59, 60, 61, 62, 63, 64, 65, 66, 67, 68, 69, 70, 71, 72, 73, 74, 75, 76, 77, 78, 79, 80, 81, 82, 83, 84, 85, 86, 87, 88, 89, 90, 91, 92, 93, 94, 95, 96, 97, 98, 99, 100, 101, 102, 103, 104, 105, 106, 107, 108, 109, 110, 111, 112, 113, 114, 115, 116, 117, 118, 119, 120, 121, 122, 123, 124, 125, 126, 127, 128, 129, 130, 131, 132, 133, 134, 135, 136, 137, 138, 139, 140, 141, 142, 143, 144, 145, 146, 147, 148, 149, 150, 151, 152, 153, 154, 155, 156, 157, 158, 159, 160, 161, 162, 163, 164, 165, 166, 167, 168, 169, 170, 171, 172, 173, 174, 175, 176, 177, 178, 179, 180, 181, 182, 183, 184, 185, 186, 187, 188, 189, 190, 191, 192, 193, 194, 195, 196, 197, 198, 199, 200, 201, 202, 203, 204, 205, 206, 207, 208, 209, 210, 211, 212, 213, 214, 215, 216, 217, 218, 219, 220, 221, 222, 223, 224, 225, 226, 227, 228, 229, 230, 231, 232, 233, 234, 235, 236, 237, 238, 239, 240, 241, 242, 243, 244, 245, 246, 247, 248, 249, 250, 251, 252, 253, 254, 255, 256, 257, 258, 259, 260, 261, 262, 263, 264, 265, 266, 267, 268, 269, 270, 271, 272, 273, 274, 275, 276, 277, 278, 279, 280, 281, 282, 283, 284, 285, 286, 287, 288, 289, 290, 291, 292, 293, 294, 295, 296, 297, 298, 299, 300, 301, 302, 303, 304, 305, 306, 307, 308, 309, 310, 311, 312, 313, 314, 315, 316, 317, 318, 319, 320, 321, 322, 323, 324, 325, 326, 327, 328, 329, 330, 331, 332, 333, 334, 335, 336, 337, 338, 339, 340, 341, 342, 343, 344, 345, 346, 347, 348, 349, 350, 351, 352, 353, 354, 355, 356, 357, 358, 359, 360, 361, 362, 363, 364, 365, 366, 367, 368, 369, 370, 371, 372, 373, 374, 375, 376, 377, 378, 379, 380, 381, 382, 383, 384, 385, 386, 387, 388, 389, 390, 391, 392, 393, 394, 395, 396, 397, 398, 399, 400, 401, 402, 403, 404, 405, 406, 407, 408, 409, 410, 411, 412, 413, 414, 415, 416, 417, 418, 419, 420, 421, 422, 423, 424, 425, 426, 427, 428, 429, 430, 431, 432, 433, 434, 435, 436, 437, 438, 439, 440, 441, 442, 443, 444, 445, 446, 447, 448, 449, 450, 451, 452, 453, 454, 455, 456, 457, 458, 459, 460, 461, 462, 463, 464, 465, 466, 467, 468, 469, 470, 471, 472, 473, 474, 475, 476, 477, 478, 479, 480, 481, 482, 483, 484, 485, 486, 487, 488, 489, 490, 491, 492, 493, 494, 495, 496, 497, 498, 499, 500, 501, 502, 503, 504, 505, 506, 507, 508, 509, 510, 511, 512, 513, 514, 515, 516, 517, 518, 519, 520, 521, 522, 523, 524, 525, 526, 527, 528, 529, 530, 531, 532, 533, 534, 535, 536, 537, 538, 539, 540, 541, 542, 543, 544, 545, 546, 547, 548, 549, 550, 551, 552, 553, 554, 555, 556, 557, 558, 559, 560, 561, 562, 563, 564, 565, 566, 567, 568, 569, 570, 571, 572, 573, 574, 575, 576, 577, 578, 579, 580, 581, 582, 583, 584, 585, 586, 587, 588, 589, 590, 591, 592, 593, 594, 595, 596, 597, 598, 599, 600, 601, 602, 603, 604, 605, 606, 607, 608, 609, 610, 611, 612, 613, 614, 615, 616, 617, 618, 619, 620, 621, 622, 623, 624, 625, 626, 627, 628, 629, 630, 631, 632, 633, 634, 635, 636, 637, 638, 639, 640, 641, 642, 643, 644, 645, 646, 647, 648, 649, 650, 651, 652, 653, 654, 655, 656, 657, 658, 659, 660, 661, 662, 663, 664, 665, 666, 667, 668, 669, 670, 671, 672, 673, 674, 675, 676, 677, 678, 679, 680, 681, 682, 683, 684, 685, 686, 687, 688, 689, 690, 691, 692, 693, 694, 695, 696, 697, 698, 699, 700, 701, 702, 703, 704, 705, 706, 707, 708, 709, 710, 711, 712, 713, 714, 715, 716, 717, 718, 719, 720, 721, 722, 723, 724, 725, 726, 727, 728, 729, 730, 731, 732, 733, 734, 735, 736, 737, 738, 739, 740, 741, 742, 743, 744, 745, 746, 747, 748, 749, 750, 751, 752, 753, 754, 755, 756, 757, 758, 759, 760, 761, 762, 763, 764, 765, 766, 767, 768, 769, 770, 771, 772, 773, 774, 775, 776, 777, 778, 779, 780, 781, 782, 783, 784, 785, 786, 787, 788, 789, 790, 791, 792, 793, 794, 795, 796, 797, 798, 799, 800, 801, 802, 803, 804, 805, 806, 807, 808, 809, 810, 811, 812, 813, 814, 815, 816, 817, 818, 819, 820, 821, 822, 823, 824, 825, 826, 827, 828, 829, 830, 831, 832, 833, 834, 835, 836, 837, 838, 839, 840, 841, 842, 843, 844, 845, 846, 847, 848, 849, 850, 851, 852, 853, 854, 855, 856, 857, 858, 859, 860, 861, 862, 863, 864, 865, 866, 867, 868, 869, 870, 871, 872, 873, 874, 875, 876, 877, 878, 879, 880, 881, 882, 883, 884, 885, 886, 887, 888, 889, 890, 891, 892, 893, 894, 895, 896, 897, 898, 899, 900, 901, 902, 903, 904, 905, 906, 907, 908, 909, 910, 911, 912, 913, 914, 915, 916, 917, 918, 919, 920, 921, 922, 923, 924, 925, 926, 927, 928, 929, 930, 931, 932, 933, 934, 935, 936, 937, 938, 939, 940, 941, 942, 943, 944, 945, 946, 947, 948, 949, 950, 951, 952, 953, 954, 955, 956, 957, 958, 959, 960, 961, 962, 963, 964, 965, 966, 967, 968, 969, 970, 971, 972, 973, 974, 975, 976, 977, 978, 979, 980, 981, 982, 983, 984, 985, 986, 987, 988, 989, 990, 991, 992, 993, 994, 995, 996, 997, 998, 999, 1000, 1001, 1002, 1003, 1004, 1005, 1006, 1007, 1008]
labeling = [0, 2, 4, 6, 3, 5, 7, 9, 11, 13, 8, 10, 12, 14, 16, 18, 15, 20, 17, 19, 21, 23, 25, 22, 27, 24, 26, 28, 30, 32, 29, 31, 33, 35, 37, 34, 36, 38, 40, 39, 41, 43, 44, 46, 42, 45, 47, 49, 51, 48, 50, 52, 54, 56, 58, 53, 55, 57, 59, 61, 63, 60, 65, 62, 64, 66, 68, 70, 67, 72, 69, 71, 73, 75, 77, 74, 76, 78, 80, 82, 79, 81, 83, 85, 84, 86, 88, 89, 91, 87, 90, 92, 94, 96, 93, 95, 97, 99, 100, 98, 101, 103, 105, 102, 104, 106, 108, 110, 107, 109, 111, 112, 114, 116, 113, 115, 117, 119, 121, 118, 122, 124, 126, 120, 127, 123, 125, 128, 130, 132, 129, 131, 133, 135, 136, 134, 137, 139, 141, 138, 140, 142, 144, 146, 143, 145, 147, 148, 150, 152, 149, 151, 153, 155, 157, 154, 158, 160, 162, 156, 163, 159, 161, 164, 166, 168, 165, 167, 169, 171, 173, 170, 172, 174, 176, 178, 175, 177, 179, 181, 183, 180, 182, 184, 185, 187, 189, 186, 188, 190, 192, 194, 193, 195, 197, 191, 199, 196, 198, 200, 202, 204, 201, 203, 205, 207, 209, 206, 208, 210, 212, 214, 211, 213, 215, 217, 219, 216, 218, 220, 222, 224, 221, 223, 225, 227, 229, 226, 230, 232, 234, 228, 235, 231, 233, 236, 238, 240, 237, 239, 241, 243, 244, 242, 245, 247, 249, 246, 248, 250, 252, 254, 251, 253, 255, 256, 258, 260, 257, 259, 261, 263, 265, 262, 266, 268, 270, 264, 271, 267, 269, 272, 274, 276, 273, 275, 277, 279, 281, 278, 280, 282, 284, 286, 283, 285, 287, 289, 291, 288, 290, 292, 293, 295, 297, 294, 296, 298, 300, 302, 301, 303, 305, 299, 307, 304, 306, 308, 310, 312, 309, 311, 313, 314, 315, 317, 319, 316, 318, 320, 321, 323, 325, 322, 324, 326, 328, 330, 329, 331, 333, 327, 335, 332, 334, 336, 338, 340, 337, 339, 341, 343, 345, 342, 344, 346, 348, 350, 347, 349, 351, 353, 355, 352, 354, 356, 357, 359, 361, 358, 360, 362, 364, 366, 365, 367, 369, 363, 371, 368, 370, 372, 374, 376, 373, 375, 377, 379, 381, 378, 380, 382, 384, 386, 383, 385, 387, 389, 391, 388, 390, 392, 393, 395, 397, 394, 396, 398, 400, 402, 401, 403, 405, 399, 407, 404, 406, 408, 410, 412, 409, 411, 413, 415, 414, 416, 418, 420, 417, 419, 421, 423, 425, 422, 424, 426, 428, 430, 429, 431, 433, 427, 435, 432, 434, 436, 438, 440, 437, 439, 441, 443, 445, 442, 444, 446, 448, 450, 447, 452, 449, 451, 453, 455, 457, 454, 456, 458, 460, 462, 459, 461, 463, 465, 464, 466, 468, 469, 471, 467, 470, 472, 474, 476, 473, 475, 477, 478, 480, 482, 479, 481, 483, 484, 486, 488, 485, 487, 489, 491, 493, 490, 494, 496, 498, 492, 499, 495, 497, 500, 502, 504, 501, 503, 505, 507, 508, 506, 509, 511, 513, 510, 512, 514, 516, 518, 515, 517, 519, 520, 522, 524, 521, 523, 525, 527, 529, 526, 530, 532, 534, 528, 535, 531, 533, 536, 538, 540, 537, 539, 541, 543, 545, 542, 544, 546, 548, 550, 547, 549, 551, 553, 555, 552, 554, 556, 557, 559, 561, 558, 560, 562, 564, 566, 565, 567, 569, 563, 571, 568, 570, 572, 574, 576, 573, 575, 577, 578, 579, 581, 583, 580, 582, 584, 585, 587, 589, 586, 588, 590, 592, 594, 593, 595, 597, 591, 599, 596, 598, 600, 602, 604, 601, 603, 605, 607, 609, 606, 608, 610, 612, 614, 611, 613, 615, 617, 619, 616, 618, 620, 621, 623, 625, 622, 624, 626, 628, 630, 629, 631, 633, 627, 635, 632, 634, 636, 638, 640, 637, 639, 641, 642, 643, 645, 647, 644, 646, 648, 649, 651, 653, 650, 652, 654, 656, 658, 657, 659, 661, 655, 663, 660, 662, 664, 666, 668, 665, 667, 669, 671, 673, 670, 0, 0, 0, 0, 672, 674, 675, 676, 677, 678, 1, 679, 0, 0, 0, 0, 680, 0, 0, 0, 681, 0, 0, 682, 0, 1, 683, 0, 0, 0, 0, 0, 684, 685, 686, 687, 688, 689, 1, 690, 0, 0, 0, 0, 691, 0, 0, 0, 692, 0, 0, 693, 0, 2, 694, 0, 0, 0, 0, 0, 0, 0, 0, 0, 0, 0, 0, 0, 695, 0, 0, 0, 0, 0, 2, 0, 0, 0, 0, 0, 0, 0, 0, 0, 0, 0, 0, 0, 0, 0, 0, 0, 0, 0, 0, 0, 0, 0, 0, 0, 0, 0, 0, 0, 696, 0, 0, 0, 0, 0, 0, 0, 0, 0, 0, 0, 0, 0, 0, 0, 0, 0, 0, 0, 0, 0, 0, 0, 0, 0, 0, 0, 697, 698, 699, 700, 701, 702, 1, 0, 0, 0, 0, 0, 0, 0, 0, 0, 0, 0, 0, 0, 0, 0, 0, 0, 0, 0, 0, 0, 0, 0, 0, 0, 0, 0, 0, 0, 0, 0, 0, 0, 0, 0, 0, 0, 0, 0, 0, 0, 0, 0, 0, 0, 0, 0, 0, 0, 0, 0, 0, 0, 0, 0, 0, 0, 703, 704, 0, 0, 0, 0, 0, 705, 0, 0, 0, 0, 0, 0, 0, 0, 0, 0, 0, 0, 0, 0, 0, 0, 0, 0, 0, 0, 0, 706, 0, 0, 0, 0, 0, 707, 708, 709, 710, 711, 712, 1, 0, 0, 0, 0, 0, 0, 0, 0, 0, 0, 0, 0, 0, 0, 0, 0, 0, 0, 0, 0, 0, 713, 0, 0, 0, 0, 0, 0, 0, 0, 0, 0, 0, 0, 0, 0, 0, 0, 0, 0, 0, 0, 0, 0, 0, 0, 0, 0, 0, 1, 714, 0, 0, 0, 0, 0, 715, 0, 0, 0, 0, 716, 0, 0, 0, 717, 0, 0, 718, 0, 719, 720, 0, 0, 0, 0, 0, 1, 0, 0, 0, 0, 0, 721, 0, 0, 0, 0, 722, 0, 0, 0, 723, 0, 0, 724, 0, 725, 726]
convergência = [726, 726, 726, 726, 726, 726, 726, 726, 726, 726, 726, 726, 726, 726, 726, 726, 726, 726, 726, 726, 726, 726, 726, 726, 726, 726, 726, 726, 726, 726, 726, 726, 726, 726, 726, 726, 726, 726, 726, 726, 726, 726, 726, 726, 726, 726, 726, 726, 726, 726, 726, 726, 726]
================================

----- Melhor execução -----
Span (lambda): 726
best_order = [0, 1, 2, 3, 4, 5, 6, 7, 8, 9, 10, 11, 12, 13, 14, 15, 16, 17, 18, 19, 20, 21, 22, 23, 24, 25, 26, 27, 28, 29, 30, 31, 32, 33, 34, 35, 36, 37, 38, 39, 40, 41, 42, 43, 44, 45, 46, 47, 48, 49, 50, 51, 52, 53, 54, 55, 56, 57, 58, 59, 60, 61, 62, 63, 64, 65, 66, 67, 68, 69, 70, 71, 72, 73, 74, 75, 76, 77, 78, 79, 80, 81, 82, 83, 84, 85, 86, 87, 88, 89, 90, 91, 92, 93, 94, 95, 96, 97, 98, 99, 100, 101, 102, 103, 104, 105, 106, 107, 108, 109, 110, 111, 112, 113, 114, 115, 116, 117, 118, 119, 120, 121, 122, 123, 124, 125, 126, 127, 128, 129, 130, 131, 132, 133, 134, 135, 136, 137, 138, 139, 140, 141, 142, 143, 144, 145, 146, 147, 148, 149, 150, 151, 152, 153, 154, 155, 156, 157, 158, 159, 160, 161, 162, 163, 164, 165, 166, 167, 168, 169, 170, 171, 172, 173, 174, 175, 176, 177, 178, 179, 180, 181, 182, 183, 184, 185, 186, 187, 188, 189, 190, 191, 192, 193, 194, 195, 196, 197, 198, 199, 200, 201, 202, 203, 204, 205, 206, 207, 208, 209, 210, 211, 212, 213, 214, 215, 216, 217, 218, 219, 220, 221, 222, 223, 224, 225, 226, 227, 228, 229, 230, 231, 232, 233, 234, 235, 236, 237, 238, 239, 240, 241, 242, 243, 244, 245, 246, 247, 248, 249, 250, 251, 252, 253, 254, 255, 256, 257, 258, 259, 260, 261, 262, 263, 264, 265, 266, 267, 268, 269, 270, 271, 272, 273, 274, 275, 276, 277, 278, 279, 280, 281, 282, 283, 284, 285, 286, 287, 288, 289, 290, 291, 292, 293, 294, 295, 296, 297, 298, 299, 300, 301, 302, 303, 304, 305, 306, 307, 308, 309, 310, 311, 312, 313, 314, 315, 316, 317, 318, 319, 320, 321, 322, 323, 324, 325, 326, 327, 328, 329, 330, 331, 332, 333, 334, 335, 336, 337, 338, 339, 340, 341, 342, 343, 344, 345, 346, 347, 348, 349, 350, 351, 352, 353, 354, 355, 356, 357, 358, 359, 360, 361, 362, 363, 364, 365, 366, 367, 368, 369, 370, 371, 372, 373, 374, 375, 376, 377, 378, 379, 380, 381, 382, 383, 384, 385, 386, 387, 388, 389, 390, 391, 392, 393, 394, 395, 396, 397, 398, 399, 400, 401, 402, 403, 404, 405, 406, 407, 408, 409, 410, 411, 412, 413, 414, 415, 416, 417, 418, 419, 420, 421, 422, 423, 424, 425, 426, 427, 428, 429, 430, 431, 432, 433, 434, 435, 436, 437, 438, 439, 440, 441, 442, 443, 444, 445, 446, 447, 448, 449, 450, 451, 452, 453, 454, 455, 456, 457, 458, 459, 460, 461, 462, 463, 464, 465, 466, 467, 468, 469, 470, 471, 472, 473, 474, 475, 476, 477, 478, 479, 480, 481, 482, 483, 484, 485, 486, 487, 488, 489, 490, 491, 492, 493, 494, 495, 496, 497, 498, 499, 500, 501, 502, 503, 504, 505, 506, 507, 508, 509, 510, 511, 512, 513, 514, 515, 516, 517, 518, 519, 520, 521, 522, 523, 524, 525, 526, 527, 528, 529, 530, 531, 532, 533, 534, 535, 536, 537, 538, 539, 540, 541, 542, 543, 544, 545, 546, 547, 548, 549, 550, 551, 552, 553, 554, 555, 556, 557, 558, 559, 560, 561, 562, 563, 564, 565, 566, 567, 568, 569, 570, 571, 572, 573, 574, 575, 576, 577, 578, 579, 580, 581, 582, 583, 584, 585, 586, 587, 588, 589, 590, 591, 592, 593, 594, 595, 596, 597, 598, 599, 600, 601, 602, 603, 604, 605, 606, 607, 608, 609, 610, 611, 612, 613, 614, 615, 616, 617, 618, 619, 620, 621, 622, 623, 624, 625, 626, 627, 628, 629, 630, 631, 632, 633, 634, 635, 636, 637, 638, 639, 640, 641, 642, 643, 644, 645, 646, 647, 648, 649, 650, 651, 652, 653, 654, 655, 656, 657, 658, 659, 660, 661, 662, 663, 664, 665, 666, 667, 668, 669, 670, 671, 672, 673, 674, 675, 676, 677, 678, 679, 680, 681, 682, 683, 684, 685, 686, 687, 688, 689, 690, 691, 692, 693, 694, 695, 696, 697, 698, 699, 700, 701, 702, 703, 704, 705, 706, 707, 708, 709, 710, 711, 712, 713, 714, 715, 716, 717, 718, 719, 720, 721, 722, 723, 724, 725, 726, 727, 728, 729, 730, 731, 732, 733, 734, 735, 736, 737, 738, 739, 740, 741, 742, 743, 744, 745, 746, 747, 748, 749, 750, 751, 752, 753, 754, 755, 756, 757, 758, 759, 760, 761, 762, 763, 764, 765, 766, 767, 768, 769, 770, 771, 772, 773, 774, 775, 776, 777, 778, 779, 780, 781, 782, 783, 784, 785, 786, 787, 788, 789, 790, 791, 792, 793, 794, 795, 796, 797, 798, 799, 800, 801, 802, 803, 804, 805, 806, 807, 808, 809, 810, 811, 812, 813, 814, 815, 816, 817, 818, 819, 820, 821, 822, 823, 824, 825, 826, 827, 828, 829, 830, 831, 832, 833, 834, 835, 836, 837, 838, 839, 840, 841, 842, 843, 844, 845, 846, 847, 848, 849, 850, 851, 852, 853, 854, 855, 856, 857, 858, 859, 860, 861, 862, 863, 864, 865, 866, 867, 868, 869, 870, 871, 872, 873, 874, 875, 876, 877, 878, 879, 880, 881, 882, 883, 884, 885, 886, 887, 888, 889, 890, 891, 892, 893, 894, 895, 896, 897, 898, 899, 900, 901, 902, 903, 904, 905, 906, 907, 908, 909, 910, 911, 912, 913, 914, 915, 916, 917, 918, 919, 920, 921, 922, 923, 924, 925, 926, 927, 928, 929, 930, 931, 932, 933, 934, 935, 936, 937, 938, 939, 940, 941, 942, 943, 944, 945, 946, 947, 948, 949, 950, 951, 952, 953, 954, 955, 956, 957, 958, 959, 960, 961, 962, 963, 964, 965, 966, 967, 968, 969, 970, 971, 972, 973, 974, 975, 976, 977, 978, 979, 980, 981, 982, 983, 984, 985, 986, 987, 988, 989, 990, 991, 992, 993, 994, 995, 996, 997, 998, 999, 1000, 1001, 1002, 1003, 1004, 1005, 1006, 1007, 1008]
labeling = [0, 2, 4, 6, 3, 5, 7, 9, 11, 13, 8, 10, 12, 14, 16, 18, 15, 20, 17, 19, 21, 23, 25, 22, 27, 24, 26, 28, 30, 32, 29, 31, 33, 35, 37, 34, 36, 38, 40, 39, 41, 43, 44, 46, 42, 45, 47, 49, 51, 48, 50, 52, 54, 56, 58, 53, 55, 57, 59, 61, 63, 60, 65, 62, 64, 66, 68, 70, 67, 72, 69, 71, 73, 75, 77, 74, 76, 78, 80, 82, 79, 81, 83, 85, 84, 86, 88, 89, 91, 87, 90, 92, 94, 96, 93, 95, 97, 99, 100, 98, 101, 103, 105, 102, 104, 106, 108, 110, 107, 109, 111, 112, 114, 116, 113, 115, 117, 119, 121, 118, 122, 124, 126, 120, 127, 123, 125, 128, 130, 132, 129, 131, 133, 135, 136, 134, 137, 139, 141, 138, 140, 142, 144, 146, 143, 145, 147, 148, 150, 152, 149, 151, 153, 155, 157, 154, 158, 160, 162, 156, 163, 159, 161, 164, 166, 168, 165, 167, 169, 171, 173, 170, 172, 174, 176, 178, 175, 177, 179, 181, 183, 180, 182, 184, 185, 187, 189, 186, 188, 190, 192, 194, 193, 195, 197, 191, 199, 196, 198, 200, 202, 204, 201, 203, 205, 207, 209, 206, 208, 210, 212, 214, 211, 213, 215, 217, 219, 216, 218, 220, 222, 224, 221, 223, 225, 227, 229, 226, 230, 232, 234, 228, 235, 231, 233, 236, 238, 240, 237, 239, 241, 243, 244, 242, 245, 247, 249, 246, 248, 250, 252, 254, 251, 253, 255, 256, 258, 260, 257, 259, 261, 263, 265, 262, 266, 268, 270, 264, 271, 267, 269, 272, 274, 276, 273, 275, 277, 279, 281, 278, 280, 282, 284, 286, 283, 285, 287, 289, 291, 288, 290, 292, 293, 295, 297, 294, 296, 298, 300, 302, 301, 303, 305, 299, 307, 304, 306, 308, 310, 312, 309, 311, 313, 314, 315, 317, 319, 316, 318, 320, 321, 323, 325, 322, 324, 326, 328, 330, 329, 331, 333, 327, 335, 332, 334, 336, 338, 340, 337, 339, 341, 343, 345, 342, 344, 346, 348, 350, 347, 349, 351, 353, 355, 352, 354, 356, 357, 359, 361, 358, 360, 362, 364, 366, 365, 367, 369, 363, 371, 368, 370, 372, 374, 376, 373, 375, 377, 379, 381, 378, 380, 382, 384, 386, 383, 385, 387, 389, 391, 388, 390, 392, 393, 395, 397, 394, 396, 398, 400, 402, 401, 403, 405, 399, 407, 404, 406, 408, 410, 412, 409, 411, 413, 415, 414, 416, 418, 420, 417, 419, 421, 423, 425, 422, 424, 426, 428, 430, 429, 431, 433, 427, 435, 432, 434, 436, 438, 440, 437, 439, 441, 443, 445, 442, 444, 446, 448, 450, 447, 452, 449, 451, 453, 455, 457, 454, 456, 458, 460, 462, 459, 461, 463, 465, 464, 466, 468, 469, 471, 467, 470, 472, 474, 476, 473, 475, 477, 478, 480, 482, 479, 481, 483, 484, 486, 488, 485, 487, 489, 491, 493, 490, 494, 496, 498, 492, 499, 495, 497, 500, 502, 504, 501, 503, 505, 507, 508, 506, 509, 511, 513, 510, 512, 514, 516, 518, 515, 517, 519, 520, 522, 524, 521, 523, 525, 527, 529, 526, 530, 532, 534, 528, 535, 531, 533, 536, 538, 540, 537, 539, 541, 543, 545, 542, 544, 546, 548, 550, 547, 549, 551, 553, 555, 552, 554, 556, 557, 559, 561, 558, 560, 562, 564, 566, 565, 567, 569, 563, 571, 568, 570, 572, 574, 576, 573, 575, 577, 578, 579, 581, 583, 580, 582, 584, 585, 587, 589, 586, 588, 590, 592, 594, 593, 595, 597, 591, 599, 596, 598, 600, 602, 604, 601, 603, 605, 607, 609, 606, 608, 610, 612, 614, 611, 613, 615, 617, 619, 616, 618, 620, 621, 623, 625, 622, 624, 626, 628, 630, 629, 631, 633, 627, 635, 632, 634, 636, 638, 640, 637, 639, 641, 642, 643, 645, 647, 644, 646, 648, 649, 651, 653, 650, 652, 654, 656, 658, 657, 659, 661, 655, 663, 660, 662, 664, 666, 668, 665, 667, 669, 671, 673, 670, 0, 0, 0, 0, 672, 674, 675, 676, 677, 678, 1, 679, 0, 0, 0, 0, 680, 0, 0, 0, 681, 0, 0, 682, 0, 1, 683, 0, 0, 0, 0, 0, 684, 685, 686, 687, 688, 689, 1, 690, 0, 0, 0, 0, 691, 0, 0, 0, 692, 0, 0, 693, 0, 2, 694, 0, 0, 0, 0, 0, 0, 0, 0, 0, 0, 0, 0, 0, 695, 0, 0, 0, 0, 0, 2, 0, 0, 0, 0, 0, 0, 0, 0, 0, 0, 0, 0, 0, 0, 0, 0, 0, 0, 0, 0, 0, 0, 0, 0, 0, 0, 0, 0, 0, 696, 0, 0, 0, 0, 0, 0, 0, 0, 0, 0, 0, 0, 0, 0, 0, 0, 0, 0, 0, 0, 0, 0, 0, 0, 0, 0, 0, 697, 698, 699, 700, 701, 702, 1, 0, 0, 0, 0, 0, 0, 0, 0, 0, 0, 0, 0, 0, 0, 0, 0, 0, 0, 0, 0, 0, 0, 0, 0, 0, 0, 0, 0, 0, 0, 0, 0, 0, 0, 0, 0, 0, 0, 0, 0, 0, 0, 0, 0, 0, 0, 0, 0, 0, 0, 0, 0, 0, 0, 0, 0, 0, 703, 704, 0, 0, 0, 0, 0, 705, 0, 0, 0, 0, 0, 0, 0, 0, 0, 0, 0, 0, 0, 0, 0, 0, 0, 0, 0, 0, 0, 706, 0, 0, 0, 0, 0, 707, 708, 709, 710, 711, 712, 1, 0, 0, 0, 0, 0, 0, 0, 0, 0, 0, 0, 0, 0, 0, 0, 0, 0, 0, 0, 0, 0, 713, 0, 0, 0, 0, 0, 0, 0, 0, 0, 0, 0, 0, 0, 0, 0, 0, 0, 0, 0, 0, 0, 0, 0, 0, 0, 0, 0, 1, 714, 0, 0, 0, 0, 0, 715, 0, 0, 0, 0, 716, 0, 0, 0, 717, 0, 0, 718, 0, 719, 720, 0, 0, 0, 0, 0, 1, 0, 0, 0, 0, 0, 721, 0, 0, 0, 0, 722, 0, 0, 0, 723, 0, 0, 724, 0, 725, 726]
