===== RESULTADO GA L(2,1) =====
Arquivo: /Users/mateuspedrosa/Documents/TCC-II/BOGA/data/Harwell-Boeing_cleaned/lnsp3937_clean.mtx (undirected)
Crossover: cx | Mutação: em | pop=30 | gens=53 | mut=0.446 | cr=0.5724 | runs=1 | max-stagt=1031

----- Execução #1 -----
Span (lambda): 6
Parada: MAX_GENS (geração 53)
best_order = [2886, 3339, 2712, 973, 2816, 715, 462, 777, 3078, 2793, 3741, 1315, 2753, 2533, 1814, 2327, 1614, 1699, 1161, 2402, 3357, 3715, 1202, 104, 3314, 2095, 2668, 3202, 3896, 1624, 245, 2567, 1085, 3517, 2639, 3074, 3659, 595, 3065, 1129, 15, 3728, 1677, 3832, 3829, 3450, 78, 2522, 3634, 3788, 641, 3842, 2982, 2966, 3247, 2374, 421, 3458, 2620, 247, 442, 351, 24, 2410, 3552, 362, 2692, 3716, 2214, 2880, 556, 2550, 1558, 805, 1404, 3911, 3051, 993, 2481, 1783, 281, 182, 2734, 1451, 2389, 3882, 3138, 978, 1066, 3472, 1574, 859, 767, 3905, 2857, 1312, 432, 3527, 1533, 3299, 1134, 136, 3685, 2571, 3206, 22, 3493, 159, 956, 808, 2680, 538, 1071, 3614, 968, 3477, 3424, 3209, 3367, 3520, 3815, 1961, 916, 142, 3274, 3708, 3457, 2148, 2230, 809, 3066, 291, 3254, 1622, 1278, 1985, 3676, 1854, 3310, 1150, 2666, 818, 2083, 1298, 2781, 2730, 1185, 1011, 3263, 1346, 2786, 3540, 466, 1990, 1830, 2723, 3597, 622, 1218, 3130, 1722, 1320, 81, 1508, 3007, 2087, 2189, 3511, 2981, 394, 1945, 1898, 3069, 928, 2060, 2477, 2002, 1832, 130, 1793, 249, 2395, 1744, 628, 323, 793, 2337, 2519, 448, 831, 3476, 3455, 1192, 1910, 2342, 3624, 3083, 602, 445, 3844, 1599, 3818, 1052, 3321, 2345, 3033, 1866, 1378, 3707, 1049, 2926, 574, 1099, 3697, 2863, 1429, 894, 3358, 3819, 403, 829, 484, 3075, 3680, 729, 1034, 1573, 1153, 1232, 3528, 3361, 2288, 2991, 328, 1671, 523, 3084, 960, 2601, 964, 188, 1873, 3013, 842, 2647, 2161, 2022, 2864, 1826, 20, 129, 1966, 1725, 3622, 925, 545, 3360, 1874, 1274, 2027, 2770, 2122, 3576, 2291, 2339, 949, 122, 1952, 28, 1730, 3874, 2593, 3330, 1635, 880, 2242, 1860, 2119, 3095, 802, 2330, 2362, 1887, 1682, 2173, 2333, 2758, 2843, 3328, 205, 1226, 2653, 982, 2324, 3403, 3182, 1656, 2399, 1454, 908, 1414, 1511, 2633, 3042, 61, 926, 3526, 2152, 2414, 1644, 2259, 1581, 1428, 2681, 69, 2169, 1431, 117, 1047, 1375, 3784, 1344, 638, 1043, 1306, 1527, 1479, 939, 3689, 2133, 557, 967, 3166, 744, 953, 107, 2529, 3149, 3141, 185, 1142, 1289, 296, 425, 1219, 612, 1464, 3618, 992, 2810, 3380, 474, 269, 799, 35, 789, 2409, 2939, 2289, 1845, 1849, 758, 1540, 795, 1631, 3, 1767, 1322, 46, 3045, 832, 1509, 3323, 911, 2009, 350, 1158, 1136, 521, 2719, 2226, 1921, 501, 2862, 3420, 1362, 166, 519, 3475, 3592, 3628, 1716, 3035, 1367, 3927, 121, 3670, 3376, 569, 2995, 3415, 3186, 680, 970, 2146, 1899, 1354, 1290, 3894, 2322, 1388, 1456, 1630, 1239, 1261, 2421, 2494, 2868, 3529, 1930, 1406, 2768, 2566, 1942, 308, 3880, 1413, 3804, 1096, 2795, 1610, 1674, 2486, 38, 464, 1288, 1697, 778, 3145, 2386, 1902, 938, 3822, 226, 3081, 1053, 2205, 1999, 1505, 1316, 3858, 3286, 234, 3546, 1137, 3072, 2962, 3168, 3059, 1445, 752, 441, 2590, 1959, 934, 1116, 3416, 2580, 3808, 2170, 221, 3688, 1403, 1604, 757, 2187, 1544, 286, 3175, 1352, 3703, 3850, 1195, 571, 1528, 2200, 1453, 3162, 2178, 1794, 1620, 539, 1435, 3210, 922, 2483, 2149, 3031, 3604, 1046, 578, 1272, 2021, 747, 2111, 1861, 2808, 2869, 3559, 1711, 292, 2057, 2740, 290, 895, 561, 1992, 3266, 770, 702, 1878, 1361, 883, 854, 2160, 2889, 50, 3929, 2600, 10, 699, 2929, 2197, 952, 3447, 1613, 2584, 3426, 3225, 1688, 3085, 2536, 3368, 2485, 2769, 3349, 3187, 2979, 1166, 3422, 1788, 1021, 1605, 2285, 2145, 2086, 1998, 2070, 3867, 589, 3620, 1742, 3869, 2964, 3218, 2391, 2455, 170, 2565, 2547, 3693, 1928, 583, 2829, 678, 2535, 2700, 3308, 2379, 3442, 3327, 3382, 3419, 3678, 2924, 3212, 1347, 3600, 2371, 872, 1750, 3194, 1561, 1487, 1958, 1198, 1537, 3830, 3412, 2883, 537, 2299, 2261, 3779, 1926, 3706, 1319, 2435, 2489, 1850, 1054, 1646, 904, 95, 1108, 402, 2159, 56, 1482, 2693, 2987, 3686, 1982, 3655, 1051, 1385, 216, 3199, 2835, 148, 1074, 3279, 314, 2474, 241, 2277, 3615, 1121, 3888, 3514, 3375, 3751, 1495, 2378, 1035, 1520, 579, 108, 2164, 2028, 2532, 3009, 3324, 60, 3022, 1608, 2495, 3709, 1258, 625, 1602, 3795, 3802, 1484, 999, 41, 1016, 298, 507, 2076, 3394, 2815, 453, 718, 3295, 2875, 552, 1055, 1436, 412, 3868, 496, 3181, 1758, 1089, 232, 3505, 1048, 3016, 1, 3408, 2577, 2654, 2252, 3383, 1749, 2611, 2482, 305, 1287, 2032, 2672, 1973, 676, 2911, 2833, 3737, 3399, 3642, 386, 2428, 3661, 2162, 1805, 3812, 3283, 1896, 2390, 2001, 3525, 3387, 1938, 355, 1277, 2019, 1105, 995, 2514, 383, 3030, 2806, 1506, 630, 3067, 856, 461, 3653, 997, 2220, 2937, 2876, 1157, 2947, 2320, 3573, 3091, 2225, 3462, 1827, 3157, 855, 483, 3464, 1816, 782, 821, 1988, 1409, 3767, 2794, 1091, 2838, 1122, 1570, 2587, 2642, 257, 2776, 811, 487, 1755, 639, 972, 3574, 3406, 803, 961, 2537, 3792, 44, 2366, 528, 1803, 3934, 814, 1859, 2907, 3332, 2644, 409, 2615, 738, 1525, 1383, 186, 2564, 143, 2773, 1452, 74, 1210, 2358, 1687, 2783, 209, 886, 42, 3658, 274, 874, 722, 1206, 2762, 422, 575, 617, 2717, 3217, 1212, 931, 3566, 2480, 3935, 988, 8, 1073, 2859, 3088, 2430, 611, 731, 1394, 3099, 1660, 3381, 1480, 443, 2874, 2505, 3231, 632, 1856, 2828, 1595, 3294, 2456, 2013, 302, 3302, 1155, 2172, 3861, 3312, 2957, 3250, 1911, 1733, 2040, 413, 1591, 4, 1872, 57, 2394, 512, 1839, 1265, 3843, 1022, 1931, 3497, 3150, 1668, 800, 199, 1102, 1691, 1842, 785, 3356, 3344, 2468, 3917, 981, 2945, 2054, 2423, 3798, 2113, 2303, 2960, 1083, 112, 1980, 1124, 2432, 3847, 958, 2224, 3885, 3001, 2948, 105, 615, 340, 271, 90, 943, 820, 2393, 2266, 3242, 2109, 131, 385, 1181, 1499, 3252, 338, 1123, 2974, 2407, 903, 693, 2415, 753, 3435, 865, 2707, 1332, 3736, 2699, 2554, 3898, 2817, 716, 1450, 2954, 1182, 1821, 1713, 2576, 488, 169, 3032, 2569, 3014, 2501, 1876, 3106, 2467, 212, 2368, 2774, 1188, 1964, 357, 2921, 3454, 3309, 1076, 3004, 2867, 1000, 2400, 378, 1215, 3017, 1025, 2, 525, 3373, 2201, 1576, 1933, 3907, 207, 3732, 760, 1339, 2335, 1224, 833, 2905, 1416, 2684, 3353, 3840, 698, 1748, 936, 2721, 2659, 3379, 2965, 1672, 220, 695, 1463, 178, 1458, 792, 356, 3550, 3451, 989, 486, 364, 1796, 431, 3285, 3311, 1201, 275, 1977, 3196, 1932, 395, 2992, 1880, 3064, 2140, 2553, 1101, 1029, 544, 479, 1981, 2237, 2919, 2804, 613, 3591, 239, 3304, 2210, 3184, 2782, 76, 2396, 3541, 3167, 2998, 3534, 513, 587, 2525, 654, 1575, 67, 3560, 3571, 1643, 1948, 2834, 197, 3238, 2478, 180, 2687, 659, 329, 2311, 2472, 1791, 227, 3126, 2424, 998, 1118, 3152, 2141, 284, 3331, 3931, 1494, 1349, 2051, 2279, 3630, 1912, 2182, 1262, 1167, 3306, 2344, 1824, 1709, 2196, 1889, 3101, 2110, 272, 646, 1164, 3438, 468, 3681, 3284, 1135, 3631, 1903, 2657, 1303, 454, 174, 423, 3346, 1295, 297, 665, 3342, 2102, 3721, 2879, 1126, 3791, 948, 346, 1113, 3753, 3933, 1447, 3050, 2850, 2429, 270, 2512, 2824, 553, 1583, 3370, 3025, 2041, 2280, 2698, 2763, 692, 3086, 1477, 2975, 1819, 2010, 3079, 2903, 3341, 2640, 485, 3776, 1757, 198, 2166, 720, 3483, 1485, 361, 3853, 1504, 3936, 3766, 2063, 977, 1260, 2353, 566, 909, 906, 563, 3651, 815, 1168, 3174, 1739, 2341, 3048, 2612, 1325, 3076, 236, 471, 153, 393, 514, 3771, 2756, 869, 781, 218, 2046, 2761, 1180, 741, 2005, 2463, 1374, 1279, 1773, 2431, 1382, 2354, 2986, 3743, 946, 2849, 1825, 2765, 668, 2496, 1916, 2143, 1542, 200, 1392, 427, 2314, 3553, 2735, 3094, 3189, 1268, 2500, 2860, 2273, 3430, 49, 3155, 93, 1715, 600, 2094, 242, 2228, 3056, 1877, 477, 3467, 3711, 424, 779, 360, 2227, 2766, 2258, 3930, 3273, 2287, 1422, 2523, 2413, 2452, 3180, 1772, 228, 2558, 893, 1759, 2183, 347, 863, 494, 2694, 2902, 727, 1341, 2114, 3783, 1437, 2284, 2870, 1460, 2458, 816, 1326, 3000, 3291, 1848, 1030, 3607, 697, 240, 1647, 1843, 3062, 3824, 3749, 276, 3343, 1563, 368, 140, 144, 3775, 3816, 415, 3664, 2348, 1857, 1920, 2655, 1254, 2598, 2825, 3354, 2873, 2270, 405, 2370, 2300, 2470, 132, 2722, 3232, 1901, 411, 103, 2134, 3289, 1249, 2441, 3351, 1036, 154, 2840, 3609, 3577, 1371, 2524, 616, 987, 2052, 1039, 1470, 1228, 370, 3562, 273, 1148, 2656, 3616, 1342, 1626, 3134, 1027, 418, 447, 2195, 2702, 937, 3159, 2359, 2448, 2882, 3208, 14, 725, 2989, 775, 3044, 1743, 66, 2247, 255, 3610, 2592, 1324, 3700, 3778, 1386, 3417, 812, 662, 283, 896, 529, 3593, 1522, 114, 567, 343, 3656, 1421, 648, 3224, 1399, 2317, 3449, 3915, 3895, 1914, 1140, 2594, 3567, 2844, 3117, 1609, 2826, 1328, 888, 379, 175, 3249, 3860, 3071, 2752, 1203, 3488, 2800, 1535, 482, 1790, 713, 502, 1997, 1640, 2927, 598, 3255, 2100, 1081, 1246, 2487, 1213, 3536, 2831, 1642, 1408, 1530, 184, 2626, 3039, 771, 1568, 2621, 986, 2798, 3548, 3423, 1698, 1497, 511, 607, 2606, 3437, 1937, 1939, 1481, 2906, 2155, 2194, 1946, 1768, 3583, 279, 2375, 2411, 1233, 2560, 439, 3912, 684, 524, 1585, 2418, 1564, 714, 1594, 1337, 3429, 1694, 2099, 3925, 1969, 3396, 3402, 1427, 3538, 1941, 2274, 1549, 2465, 1720, 3752, 3220, 2744, 1881, 2631, 1070, 2856, 559, 783, 1296, 1702, 2425, 3887, 582, 706, 2231, 3596, 2852, 1692, 3900, 3049, 2238, 3040, 3392, 843, 5, 1217, 900, 830, 229, 3015, 282, 861, 2513, 2983, 2116, 3026, 2176, 2129, 3393, 3176, 1962, 3260, 248, 2895, 797, 3034, 2572, 17, 677, 3100, 644, 1727, 807, 2772, 160, 868, 2132, 1526, 51, 2030, 2479, 2061, 3397, 1063, 568, 1162, 1541, 91, 971, 1280, 287, 2622, 1014, 1276, 1891, 1062, 1892, 1093, 1829, 3298, 3889, 3838, 3717, 2216, 1400, 2056, 2412, 2709, 1259, 1220, 2767, 2449, 1345, 1396, 3878, 1986, 3757, 2952, 2433, 2771, 2548, 1095, 1131, 2037, 1244, 907, 1471, 3369, 932, 1366, 3409, 1292, 1171, 3169, 2387, 2101, 841, 3723, 2552, 1056, 2492, 2599, 115, 3301, 2971, 1432, 1546, 2365, 2068, 643, 3398, 1847, 2588, 2591, 1368, 1979, 1817, 3093, 1909, 974, 700, 2024, 1795, 3355, 12, 860, 96, 2043, 2338, 2283, 588, 3848, 1746, 3654, 885, 3090, 3177, 3019, 3852, 1311, 399, 2799, 2023, 2294, 3530, 2144, 1553, 2275, 3248, 2440, 1336, 1438, 3871, 941, 3229, 3005, 682, 3589, 119, 390, 2450, 3682, 196, 1023, 533, 2858, 776, 2268, 711, 2711, 733, 388, 2814, 458, 86, 2181, 2617, 1524, 2695, 109, 542, 3271, 1252, 238, 317, 3191, 3662, 2360, 1884, 1641, 2221, 1238, 359, 1010, 750, 2543, 660, 2997, 2156, 2398, 2175, 3121, 2934, 526, 2067, 1441, 984, 3272, 2235, 3122, 1918, 1402, 1917, 373, 3119, 2340, 32, 2498, 2363, 2573, 1159, 3793, 3207, 1384, 1302, 3163, 708, 2820, 1828, 1596, 2165, 2652, 265, 106, 661, 940, 2427, 80, 923, 918, 2938, 2229, 1567, 975, 1125, 3118, 930, 3461, 3862, 550, 620, 2645, 979, 1670, 3761, 2951, 3276, 3731, 1621, 1145, 3508, 867, 1476, 3385, 826, 2115, 3603, 1523, 1532, 621, 2673, 1190, 1888, 694, 1442, 1550, 2130, 1057, 333, 2846, 2847, 1363, 1922, 1417, 3482, 2936, 2325, 1266, 2904, 2306, 1033, 3572, 686, 647, 810, 732, 141, 3729, 2123, 1782, 3671, 1317, 963, 2069, 3648, 1661, 787, 1953, 1440, 3469, 2542, 3626, 1785, 1726, 2604, 1475, 2127, 541, 3665, 3542, 260, 2933, 650, 1112, 847, 3660, 137, 1813, 2710, 294, 3151, 2388, 1651, 3611, 834, 3724, 1502, 3413, 3690, 3241, 2255, 623, 1015, 145, 162, 2377, 1318, 3097, 1639, 1554, 3322, 126, 426, 3146, 1271, 2624, 3558, 3796, 2527, 1580, 2042, 2935, 2586, 2958, 1681, 1489, 87, 3890, 2623, 492, 192, 3077, 1765, 1792, 2602, 2980, 2526, 1491, 3352, 1410, 3516, 2403, 3404, 1163, 2098, 1141, 573, 2589, 1291, 1598, 1737, 681, 2510, 2223, 342, 933, 348, 1653, 3886, 73, 1042, 2697, 1710, 1984, 1465, 1286, 3509, 1578, 417, 1775, 1411, 3599, 2677, 3932, 2029, 2239, 1221, 1457, 2484, 2080, 935, 2088, 1492, 1802, 21, 866, 2016, 155, 3110, 3691, 642, 1689, 765, 369, 1072, 3863, 1005, 3740, 202, 2469, 3244, 769, 2121, 1569, 1747, 2791, 253, 2254, 766, 3821, 3639, 619, 2025, 1243, 1088, 604, 2720, 243, 1154, 3277, 382, 3073, 1705, 2454, 3444, 603, 1234, 848, 2802, 1717, 534, 118, 3329, 2138, 3456, 1307, 1189, 3140, 363, 3866, 2614, 3564, 3096, 1897, 2078, 367, 3621, 3171, 2890, 1343, 1178, 2033, 3500, 1120, 1721, 476, 3172, 3259, 1009, 2649, 897, 3891, 1636, 2585, 436, 3293, 473, 2990, 798, 3582, 2192, 1972, 2803, 3902, 1486, 2471, 2286, 1837, 898, 924, 3774, 2137, 1373, 2932, 2053, 1426, 516, 3801, 2493, 2251, 151, 1446, 1894, 1032, 2595, 3228, 2764, 478, 773, 2913, 3666, 3789, 910, 609, 601, 3377, 565, 2839, 3512, 1251, 3003, 2888, 929, 396, 901, 2222, 658, 828, 3570, 463, 134, 562, 1662, 1430, 1764, 3519, 2531, 1623, 3037, 72, 1650, 1784, 1761, 3313, 2881, 2619, 1314, 1957, 120, 2713, 3921, 2743, 610, 991, 85, 1490, 1771, 475, 2755, 3857, 3918, 1211, 734, 942, 2705, 1115, 945, 2605, 1377, 3258, 3104, 2215, 1862, 3038, 1285, 3806, 1885, 31, 89, 1560, 2105, 3474, 2050, 1798, 3473, 2972, 774, 2920, 2039, 2917, 311, 190, 437, 1840, 497, 2894, 3114, 2312, 962, 3060, 2728, 1529, 3178, 2091, 1645, 58, 1179, 2367, 3777, 3813, 3859, 2383, 13, 1191, 1510, 2641, 3325, 3116, 2708, 18, 381, 2444, 944, 2185, 3579, 546, 1551, 549, 3881, 2310, 3135, 1994, 705, 2822, 3811, 295, 3234, 3443, 2582, 3316, 2538, 2017, 414, 266, 2696, 2940, 1519, 3913, 2179, 2634, 3089, 110, 3502, 572, 3470, 3336, 2597, 1237, 1405, 2349, 1846, 3378, 703, 543, 2930, 3123, 3268, 2751, 1531, 1133, 637, 2944, 2689, 2643, 1084, 3112, 278, 3694, 1555, 2632, 864, 1536, 862, 2361, 1882, 2392, 2276, 1498, 1944, 2676, 1577, 723, 3769, 540, 3585, 2473, 585, 3021, 1170, 1024, 191, 2417, 581, 1149, 2293, 3319, 217, 739, 590, 3251, 2241, 1789, 161, 759, 3644, 696, 1741, 1176, 3390, 1634, 1227, 1222, 3814, 3468, 3575, 1695, 2568, 2464, 3555, 1871, 2827, 2014, 3742, 1673, 3365, 2539, 2551, 2540, 168, 339, 3825, 3799, 285, 2211, 1729, 2915, 2204, 1423, 3350, 1250, 1061, 2490, 2167, 1836, 2090, 742, 3156, 171, 3828, 195, 1971, 2236, 3498, 1753, 508, 2376, 2845, 3227, 3544, 1629, 3214, 3606, 2188, 3588, 59, 2809, 2729, 3539, 165, 1590, 3261, 3668, 2534, 3727, 149, 1304, 1060, 3275, 179, 2048, 1207, 762, 2135, 2154, 264, 3401, 2125, 3667, 203, 1707, 401, 2253, 1956, 2750, 3696, 3405, 3532, 889, 2147, 1439, 2357, 222, 3839, 2302, 2688, 1740, 1719, 194, 1075, 1365, 3460, 2760, 996, 1273, 268, 955, 1007, 2006, 1067, 2731, 1664, 2908, 1913, 2256, 3705, 2561, 3036, 467, 517, 2217, 1810, 2682, 2153, 3144, 1905, 2328, 2517, 3204, 201, 839, 2943, 1556, 806, 444, 3720, 3578, 2491, 2439, 1114, 3436, 2811, 1138, 3320, 1086, 101, 3809, 1468, 3750, 3333, 500, 3087, 1245, 2555, 1950, 707, 3877, 1588, 1175, 139, 3873, 3158, 2671, 1107, 1204, 527, 690, 3452, 813, 1774, 387, 1649, 2438, 3485, 83, 2999, 3411, 2085, 606, 1294, 3192, 2059, 2630, 1205, 2836, 1200, 824, 45, 851, 2516, 890, 2131, 39, 2207, 2861, 3805, 337, 712, 1241, 3161, 2706, 433, 2049, 3371, 1355, 3102, 1165, 1600, 2515, 2618, 663, 465, 1703, 844, 3892, 2603, 3602, 2104, 688, 1543, 3738, 3124, 127, 3269, 1612, 2718, 3518, 838, 3386, 3195, 193, 2813, 2931, 2984, 3453, 3704, 1424, 1679, 1174, 1559, 640, 2462, 2996, 1351, 3418, 2509, 3758, 2775, 1611, 1565, 2596, 3719, 2356, 605, 2885, 3002, 1923, 2901, 3924, 3739, 1186, 780, 1248, 1284, 3531, 3916, 1597, 372, 2304, 1068, 746, 3906, 3165, 1335, 452, 3713, 3139, 2837, 3063, 3545, 853, 3264, 2174, 428, 2198, 3876, 2126, 1146, 3233, 858, 1208, 181, 1044, 1087, 2124, 3920, 1601, 719, 846, 2658, 354, 1751, 2637, 2745, 1183, 1059, 2969, 3692, 3265, 187, 163, 3640, 2625, 306, 124, 3486, 1090, 3185, 873, 2451, 959, 3807, 3643, 754, 2352, 599, 1119, 3794, 2950, 3164, 3734, 1955, 3503, 3010, 3744, 2422, 254, 313, 2759, 2661, 3183, 2208, 1356, 1615, 3292, 1381, 404, 2234, 1754, 1906, 1943, 951, 3281, 3764, 2107, 1666, 2910, 1925, 235, 3200, 1867, 3236, 689, 3833, 2334, 2819, 3463, 480, 2081, 472, 2545, 3836, 2670, 2000, 99, 504, 23, 3280, 334, 3288, 1786, 560, 2082, 3827, 490, 1935, 1800, 189, 3726, 2307, 2075, 1281, 84, 1804, 3675, 2579, 147, 2118, 3239, 1838, 1833, 1893, 315, 429, 1008, 26, 1756, 2184, 435, 349, 852, 64, 1963, 3523, 965, 3549, 1069, 2546, 3684, 419, 2521, 3262, 3179, 3237, 764, 2206, 2968, 327, 71, 3854, 345, 740, 150, 2650, 2026, 177, 244, 2503, 1130, 784, 2120, 1263, 837, 2691, 3465, 3496, 969, 2004, 157, 3448, 1078, 2406, 1879, 2346, 1978, 835, 123, 2916, 3490, 3046, 167, 319, 2646, 586, 3499, 1875, 3421, 3735, 2034, 3047, 1693, 2218, 1434, 3837, 2380, 3623, 2556, 2112, 1144, 2506, 3864, 3278, 54, 3893, 11, 1904, 870, 626, 2884, 389, 1562, 3372, 836, 2784, 2313, 1270, 1777, 827, 300, 2701, 2511, 113, 1566, 3605, 2574, 1045, 1267, 3521, 2841, 554, 2789, 2792, 3669, 3641, 2244, 624, 1389, 208, 2150, 1663, 2928, 1026, 1787, 258, 1812, 397, 2520, 1967, 3434, 9, 2636, 730, 3637, 3400, 2988, 1970, 1106, 1143, 3201, 2350, 2278, 2177, 2035, 2499, 3055, 892, 1132, 3221, 2171, 352, 631, 2830, 3762, 2865, 674, 2725, 1028, 749, 1678, 1065, 3507, 1370, 3198, 2742, 407, 1983, 2084, 3240, 2872, 2616, 576, 1534, 3619, 822, 237, 456, 1147, 3608, 657, 786, 667, 2267, 331, 2074, 3307, 756, 3334, 1194, 1815, 3569, 3296, 3300, 2578, 3831, 2946, 1766, 2372, 1864, 1257, 1632, 2559, 460, 882, 1648, 3080, 1811, 2364, 3872, 1236, 2257, 1496, 2685, 2683, 3581, 887, 1017, 225, 2703, 1006, 2071, 3027, 2739, 3111, 3103, 446, 2347, 1807, 1548, 1760, 1993, 2437, 876, 3282, 2583, 1225, 1329, 1321, 1954, 3340, 3364, 3170, 1704, 2158, 374, 3657, 1050, 2290, 1196, 2504, 2461, 1619, 1700, 2970, 2741, 726, 2232, 2401, 3148, 75, 1515, 3820, 1886, 2308, 2922, 891, 3506, 878, 450, 2092, 2315, 183, 3718, 1799, 2651, 3374, 88, 2262, 548, 2038, 1778, 470, 1004, 2866, 1924, 2715, 3492, 3348, 1701, 3781, 3359, 65, 3480, 3803, 3635, 2323, 3495, 3673, 2012, 3875, 29, 3491, 1835, 3338, 1111, 597, 1607, 1960, 3687, 2851, 536, 336, 1092, 3414, 3699, 3129, 1282, 618, 1975, 3243, 3315, 2343, 375, 2801, 2918, 263, 1110, 2777, 214, 1058, 3733, 3780, 1584, 2848, 1462, 2168, 3773, 3627, 1173, 3598, 881, 2475, 2064, 2015, 3427, 3211, 1376, 1467, 2373, 332, 79, 1797, 173, 491, 1242, 2544, 25, 176, 1552, 3636, 905, 3928, 1001, 701, 2031, 1264, 2202, 3823, 493, 1151, 721, 261, 3489, 30, 250, 377, 303, 1547, 636, 728, 503, 633, 1512, 1852, 3909, 309, 3790, 3638, 2530, 1193, 1139, 3663, 2233, 3800, 3629, 2212, 1082, 2073, 3595, 128, 2607, 801, 2896, 927, 3556, 3153, 3543, 1696, 3563, 1507, 455, 98, 1616, 687, 299, 1900, 2686, 164, 535, 594, 2887, 2292, 3768, 915, 3395, 2180, 558, 1582, 3068, 1723, 817, 2746, 398, 2726, 2089, 1521, 259, 3388, 440, 1128, 3188, 3884, 307, 745, 1940, 2488, 1834, 1020, 2665, 3834, 3057, 3246, 288, 2667, 845, 672, 1415, 1851, 2581, 1500, 2265, 1669, 1927, 3586, 3901, 3345, 158, 3770, 1393, 2854, 3515, 3053, 2502, 3786, 102, 2020, 790, 547, 3439, 1003, 2077, 551, 819, 1731, 384, 675, 1949, 1929, 823, 2628, 3023, 1844, 1655, 2295, 627, 1473, 796, 2959, 391, 1593, 256, 2780, 1724, 2549, 3612, 679, 875, 2420, 3335, 2305, 1420, 3568, 365, 1776, 3257, 3760, 3722, 3213, 1444, 2142, 1380, 2264, 2497, 2976, 211, 1338, 3235, 3018, 1868, 1269, 3698, 1686, 1310, 2629, 1895, 3297, 2321, 2818, 755, 1369, 3441, 304, 651, 1103, 2003, 1592, 3478, 1469, 2332, 92, 518, 2914, 2788, 1127, 262, 2136, 2796, 1098, 1358, 52, 430, 2674, 1654, 2457, 2249, 1736, 1455, 1919, 495, 1299, 498, 1820, 1040, 1359, 3712, 1401, 3203, 1855, 2961, 293, 3113, 1665, 3109, 3108, 3481, 326, 3054, 2748, 3318, 320, 3006, 3883, 33, 3362, 921, 1197, 2736, 857, 717, 3903, 37, 1223, 1372, 1586, 1412, 2898, 3845, 3410, 1770, 2199, 3128, 1907, 1890, 1216, 3137, 2732, 1012, 310, 1587, 206, 879, 1991, 2419, 2466, 2443, 1763, 3923, 3147, 2271, 1493, 2557, 1300, 3305, 1557, 324, 3029, 2978, 2281, 2613, 3428, 301, 376, 1638, 1443, 555, 2733, 138, 1989, 3652, 2714, 3222, 1209, 459, 2528, 3879, 2807, 1079, 3841, 3590, 3772, 1735, 82, 3070, 2738, 912, 111, 1390, 1353, 522, 2878, 505, 1806, 2316, 2079, 2459, 2893, 2404, 1780, 3219, 1474, 791, 3584, 7, 3870, 1459, 469, 1309, 1976, 3363, 673, 2563, 976, 2892, 577, 2664, 1379, 2570, 322, 481, 2096, 683, 215, 2638, 2912, 2381, 1734, 1706, 34, 3835, 48, 2956, 2405, 3028, 1478, 966, 531, 1808, 3755, 1037, 3756, 2942, 2663, 1680, 1995, 1936, 3425, 947, 2899, 1545, 3897, 3131, 983, 1853, 3787, 2329, 1461, 1305, 1870, 210, 267, 2243, 2785, 2476, 213, 2757, 2282, 1331, 3366, 6, 2704, 1169, 1253, 1589, 2993, 3317, 1883, 2193, 2336, 2296, 172, 2923, 3855, 3919, 68, 1333, 3215, 3649, 2508, 649, 1433, 1628, 63, 3513, 2925, 3008, 592, 877, 3679, 2985, 1539, 1418, 1323, 1483, 358, 1762, 850, 3914, 3826, 2953, 1293, 751, 2823, 3337, 1214, 3445, 2609, 3594, 3433, 1667, 2072, 1330, 1097, 3765, 3061, 2065, 2541, 3646, 3810, 2900, 1712, 335, 1472, 1002, 994, 204, 2128, 2269, 2662, 321, 77, 3494, 3551, 1156, 1117, 1676, 2967, 1718, 1579, 3115, 325, 2203, 664, 3471, 1013, 3389, 94, 884, 985, 1275, 506, 3082, 1018, 914, 3702, 1327, 1728, 2679, 3672, 3043, 3136, 1449, 3899, 2447, 3557, 685, 3910, 3677, 2446, 1172, 3926, 825, 1538, 3759, 1283, 3683, 116, 1350, 1041, 3245, 804, 3561, 277, 3440, 902, 2191, 580, 224, 1031, 736, 392, 2737, 849, 1109, 656, 950, 2635, 3601, 1869, 1364, 3446, 3710, 3012, 380, 1675, 3431, 1841, 2103, 3632, 653, 3580, 1659, 1255, 1256, 2727, 2442, 3851, 919, 2690, 2832, 2108, 2790, 1397, 3763, 2749, 2219, 2151, 3154, 2018, 1818, 1987, 2319, 670, 3041, 3617, 1606, 772, 1603, 2047, 3107, 614, 3714, 1187, 2675, 3190, 1745, 3701, 635, 1077, 1080, 1297, 3865, 2994, 2955, 27, 564, 3127, 3303, 3554, 2331, 2787, 515, 3817, 917, 1708, 1340, 3384, 316, 1387, 2842, 3347, 510, 3487, 16, 1779, 920, 3223, 709, 2797, 223, 19, 2240, 763, 2036, 2007, 3105, 2562, 2805, 1357, 0, 3846, 3922, 1801, 3193, 1038, 913, 312, 1360, 2460, 3160, 3484, 457, 2426, 509, 532, 3501, 3533, 2627, 1858, 3547, 156, 1908, 3197, 704, 3645, 1965, 1732, 2309, 3524, 1160, 3633, 1738, 652, 2044, 1809, 3092, 3058, 3565, 570, 593, 1094, 2097, 3290, 2058, 1627, 1769, 3747, 629, 3510, 1714, 3270, 671, 353, 1516, 724, 3797, 3205, 596, 788, 2011, 2246, 1865, 584, 1301, 1395, 2821, 251, 3287, 645, 1199, 100, 2263, 3132, 2669, 62, 3459, 1690, 1019, 1652, 1231, 2909, 743, 2949, 2055, 2157, 341, 3020, 146, 2351, 2660, 1308, 434, 2453, 489, 2416, 1915, 3537, 3647, 1466, 36, 871, 1334, 3730, 591, 70, 40, 840, 3504, 1313, 2778, 230, 1240, 3625, 1617, 1633, 2355, 2382, 1781, 2871, 2318, 2190, 3432, 608, 330, 3754, 1391, 449, 2877, 3908, 735, 2779, 1947, 2250, 438, 3253, 55, 1501, 1230, 2445, 400, 3142, 2408, 634, 1658, 252, 2436, 3904, 2963, 2093, 2434, 2608, 2941, 1348, 1104, 737, 2008, 344, 133, 3613, 2326, 3725, 2045, 990, 1822, 371, 416, 3230, 2716, 3785, 1100, 3173, 53, 2812, 1235, 2897, 1152, 2297, 3479, 1407, 2163, 1398, 2117, 2245, 1657, 2397, 1419, 1571, 669, 3407, 1184, 2977, 2507, 2724, 2853, 408, 520, 3695, 289, 3748, 655, 2648, 2610, 231, 1685, 2260, 980, 3267, 3535, 3326, 3133, 1752, 1951, 406, 3024, 420, 3746, 3011, 1229, 761, 3216, 1064, 2106, 1934, 1572, 3052, 1968, 899, 2209, 3745, 748, 1625, 219, 2062, 3143, 3674, 1518, 3098, 1637, 2678, 499, 3466, 125, 2369, 280, 2385, 794, 1974, 1488, 1517, 2575, 97, 233, 152, 318, 3856, 2186, 710, 2272, 691, 3120, 1503, 1177, 3849, 1247, 3125, 2384, 666, 530, 366, 3522, 246, 2301, 954, 1684, 2973, 135, 2754, 3391, 1996, 1514, 47, 3256, 2298, 3226, 1448, 957, 1618, 2066, 768, 2891, 1863, 2518, 1683, 1513, 1425, 3782, 3587, 1831, 2855, 451, 2248, 2213, 2747, 410, 3650, 1823, 43, 2139]
labeling = [6, 0, 0, 0, 0, 0, 3, 0, 1, 6, 0, 5, 0, 3, 2, 0, 5, 2, 2, 3, 0, 0, 0, 5, 0, 0, 4, 0, 0, 0, 0, 0, 0, 0, 0, 0, 0, 0, 0, 0, 0, 0, 0, 0, 0, 0, 0, 0, 0, 0, 0, 0, 0, 0, 0, 0, 0, 0, 0, 0, 0, 0, 0, 0, 0, 0, 0, 0, 0, 0, 0, 0, 0, 0, 0, 0, 0, 0, 0, 0, 0, 0, 2, 0, 0, 2, 6, 0, 0, 1, 0, 1, 2, 0, 3, 2, 0, 4, 0, 1, 0, 0, 0, 0, 0, 0, 0, 0, 0, 0, 0, 0, 0, 0, 0, 0, 0, 0, 0, 0, 0, 0, 0, 0, 0, 0, 0, 0, 0, 0, 0, 0, 0, 0, 0, 0, 0, 0, 0, 0, 0, 0, 0, 0, 0, 0, 0, 0, 0, 0, 0, 0, 0, 0, 0, 0, 0, 0, 0, 0, 0, 0, 0, 0, 0, 0, 0, 0, 0, 0, 0, 0, 0, 0, 0, 0, 0, 0, 0, 0, 0, 0, 0, 0, 0, 0, 0, 0, 0, 0, 0, 0, 0, 0, 0, 0, 0, 0, 0, 0, 0, 0, 0, 0, 0, 0, 0, 0, 0, 0, 0, 0, 0, 0, 0, 0, 0, 0, 0, 0, 0, 0, 0, 0, 0, 0, 0, 0, 0, 0, 0, 0, 0, 0, 0, 0, 0, 0, 0, 0, 0, 0, 0, 0, 0, 0, 6, 0, 0, 0, 0, 0, 0, 0, 0, 0, 0, 0, 0, 0, 0, 0, 0, 0, 0, 0, 0, 0, 0, 0, 0, 0, 0, 0, 0, 0, 0, 0, 0, 4, 0, 0, 0, 0, 0, 0, 0, 0, 0, 0, 0, 0, 0, 0, 0, 0, 0, 0, 0, 0, 0, 0, 0, 0, 0, 0, 0, 0, 0, 0, 0, 0, 0, 0, 0, 0, 0, 0, 0, 0, 0, 0, 0, 0, 0, 0, 0, 0, 0, 0, 0, 0, 0, 0, 0, 0, 0, 0, 0, 0, 0, 0, 0, 0, 0, 0, 0, 0, 0, 0, 0, 0, 0, 0, 0, 0, 0, 0, 0, 0, 0, 0, 0, 0, 0, 0, 0, 0, 0, 0, 0, 0, 0, 0, 0, 0, 0, 0, 0, 0, 0, 0, 0, 0, 0, 0, 0, 0, 0, 0, 0, 0, 0, 0, 0, 0, 0, 0, 0, 0, 0, 0, 0, 0, 0, 0, 0, 0, 0, 0, 0, 0, 0, 0, 0, 0, 0, 0, 0, 0, 0, 0, 0, 0, 0, 0, 0, 0, 0, 0, 0, 0, 0, 0, 0, 0, 0, 0, 0, 0, 0, 0, 0, 0, 0, 0, 0, 0, 0, 0, 0, 0, 0, 0, 0, 0, 0, 0, 0, 0, 0, 0, 0, 0, 0, 0, 0, 0, 0, 0, 0, 0, 0, 0, 0, 0, 0, 0, 0, 0, 0, 0, 0, 0, 0, 0, 0, 0, 0, 0, 0, 0, 0, 0, 0, 0, 0, 0, 0, 0, 0, 0, 0, 0, 0, 0, 0, 0, 0, 0, 0, 0, 0, 0, 0, 0, 0, 0, 0, 0, 0, 0, 0, 0, 0, 0, 0, 0, 0, 0, 0, 0, 0, 0, 0, 0, 0, 0, 0, 0, 0, 0, 0, 0, 0, 0, 0, 0, 0, 0, 0, 0, 0, 0, 0, 0, 0, 0, 0, 0, 0, 0, 0, 0, 0, 0, 0, 0, 0, 0, 0, 0, 0, 0, 0, 0, 0, 0, 0, 0, 0, 0, 0, 0, 0, 0, 0, 0, 0, 0, 0, 0, 0, 0, 0, 0, 0, 0, 0, 0, 0, 0, 0, 0, 0, 0, 0, 0, 0, 0, 0, 0, 0, 0, 0, 0, 0, 0, 0, 0, 0, 0, 0, 0, 0, 0, 0, 0, 0, 0, 0, 0, 0, 0, 0, 0, 0, 0, 0, 0, 0, 0, 0, 0, 0, 0, 0, 0, 0, 0, 0, 0, 0, 0, 0, 0, 0, 0, 0, 0, 0, 0, 0, 0, 0, 0, 0, 0, 0, 0, 0, 0, 0, 0, 0, 0, 0, 0, 0, 0, 0, 0, 0, 0, 0, 0, 0, 0, 0, 0, 0, 0, 0, 0, 0, 0, 0, 0, 0, 0, 0, 0, 0, 0, 0, 0, 0, 0, 0, 0, 0, 0, 0, 0, 0, 0, 0, 0, 0, 0, 0, 0, 0, 0, 0, 0, 0, 0, 0, 0, 0, 0, 0, 0, 0, 0, 0, 0, 0, 0, 0, 0, 0, 0, 0, 0, 0, 0, 0, 0, 0, 0, 0, 0, 0, 0, 0, 0, 0, 0, 0, 0, 0, 0, 0, 0, 0, 0, 0, 0, 0, 0, 0, 0, 0, 0, 0, 0, 0, 0, 0, 0, 0, 0, 0, 0, 0, 0, 0, 0, 0, 0, 0, 0, 0, 0, 0, 0, 0, 0, 0, 0, 0, 0, 0, 0, 0, 0, 0, 0, 0, 0, 0, 0, 0, 0, 0, 0, 0, 0, 0, 0, 0, 0, 0, 0, 0, 0, 0, 0, 0, 0, 0, 0, 0, 0, 0, 0, 0, 0, 0, 0, 0, 0, 0, 0, 0, 0, 0, 0, 0, 0, 0, 0, 0, 0, 0, 0, 0, 0, 0, 0, 0, 0, 0, 0, 0, 0, 0, 0, 0, 0, 0, 0, 0, 0, 0, 0, 0, 0, 0, 0, 0, 0, 0, 0, 0, 0, 0, 0, 0, 0, 0, 0, 0, 0, 0, 0, 0, 0, 0, 0, 0, 0, 0, 0, 0, 0, 0, 0, 0, 0, 0, 0, 0, 0, 0, 0, 0, 0, 0, 0, 0, 0, 0, 0, 0, 0, 0, 0, 0, 0, 0, 0, 0, 0, 0, 0, 0, 0, 0, 0, 0, 0, 0, 0, 0, 0, 0, 0, 0, 0, 0, 0, 0, 0, 0, 0, 0, 0, 0, 0, 0, 0, 0, 0, 0, 0, 0, 0, 0, 0, 0, 0, 0, 0, 0, 0, 0, 0, 0, 0, 0, 0, 0, 0, 0, 0, 0, 0, 0, 0, 0, 0, 1, 0, 0, 0, 0, 0, 0, 0, 0, 0, 0, 0, 0, 0, 0, 0, 0, 0, 0, 0, 0, 0, 0, 0, 0, 0, 0, 0, 0, 0, 0, 0, 0, 0, 0, 0, 0, 0, 0, 0, 0, 0, 0, 0, 0, 0, 0, 0, 0, 0, 0, 0, 0, 0, 0, 0, 0, 0, 0, 0, 0, 0, 0, 0, 0, 0, 0, 0, 0, 0, 0, 0, 0, 0, 0, 0, 0, 0, 0, 0, 0, 0, 0, 0, 0, 0, 0, 0, 0, 0, 0, 0, 0, 0, 0, 0, 0, 0, 0, 0, 0, 0, 0, 0, 0, 0, 0, 0, 0, 0, 0, 0, 0, 0, 0, 0, 0, 0, 0, 0, 0, 0, 0, 0, 0, 0, 0, 0, 0, 0, 0, 0, 0, 0, 0, 0, 0, 0, 0, 0, 0, 0, 0, 0, 0, 0, 0, 0, 0, 0, 0, 0, 0, 0, 0, 0, 0, 0, 0, 0, 0, 0, 0, 0, 0, 0, 0, 0, 0, 0, 0, 0, 0, 0, 0, 0, 0, 0, 0, 0, 0, 0, 0, 0, 0, 0, 0, 0, 0, 0, 0, 0, 0, 0, 0, 0, 0, 0, 0, 0, 0, 0, 0, 0, 0, 0, 0, 0, 0, 0, 0, 0, 0, 0, 0, 0, 0, 0, 0, 0, 0, 0, 0, 0, 0, 0, 0, 0, 0, 0, 0, 0, 0, 0, 0, 0, 0, 0, 0, 0, 0, 0, 0, 0, 0, 0, 0, 0, 0, 0, 0, 0, 0, 0, 0, 0, 0, 0, 0, 0, 0, 0, 0, 0, 0, 0, 0, 0, 0, 0, 0, 0, 0, 0, 0, 0, 0, 0, 0, 0, 0, 0, 0, 0, 0, 0, 0, 0, 0, 0, 0, 0, 0, 0, 0, 0, 0, 0, 0, 0, 0, 0, 0, 0, 0, 0, 0, 0, 0, 0, 0, 0, 0, 0, 0, 0, 0, 0, 0, 0, 0, 0, 0, 0, 0, 0, 0, 0, 0, 0, 0, 0, 0, 0, 0, 0, 0, 0, 0, 0, 0, 0, 0, 0, 0, 0, 0, 0, 0, 0, 0, 0, 0, 0, 0, 0, 0, 0, 0, 0, 0, 0, 0, 0, 0, 0, 0, 0, 0, 0, 0, 0, 0, 0, 0, 0, 0, 0, 0, 0, 0, 0, 0, 0, 0, 0, 0, 0, 0, 0, 0, 0, 0, 0, 0, 0, 0, 0, 0, 0, 0, 0, 0, 0, 0, 0, 0, 0, 0, 0, 0, 0, 0, 0, 0, 0, 0, 0, 0, 0, 0, 0, 0, 0, 0, 0, 0, 0, 0, 0, 0, 0, 0, 0, 0, 0, 0, 0, 0, 0, 0, 0, 0, 0, 0, 0, 0, 0, 0, 0, 0, 0, 0, 0, 0, 0, 0, 0, 0, 0, 0, 0, 0, 0, 0, 0, 0, 0, 0, 0, 0, 0, 0, 0, 0, 0, 0, 0, 0, 0, 0, 0, 0, 0, 0, 0, 0, 0, 0, 0, 0, 0, 0, 0, 0, 0, 0, 0, 0, 0, 0, 0, 0, 0, 0, 0, 0, 0, 0, 0, 0, 0, 0, 0, 0, 0, 0, 0, 0, 0, 0, 0, 0, 0, 0, 0, 0, 0, 0, 0, 0, 0, 0, 0, 0, 0, 0, 0, 0, 0, 0, 0, 0, 0, 0, 0, 0, 0, 0, 0, 0, 0, 0, 0, 0, 0, 0, 0, 0, 0, 0, 0, 0, 0, 0, 0, 0, 0, 0, 0, 0, 0, 0, 0, 0, 0, 0, 0, 0, 0, 0, 0, 0, 0, 0, 0, 0, 0, 0, 0, 0, 0, 0, 0, 0, 0, 0, 0, 0, 0, 0, 0, 0, 0, 0, 0, 0, 0, 0, 0, 0, 0, 0, 0, 0, 0, 0, 0, 0, 0, 0, 0, 0, 0, 0, 0, 0, 0, 0, 0, 0, 0, 0, 0, 0, 0, 0, 0, 0, 0, 0, 0, 0, 0, 0, 0, 0, 0, 0, 0, 0, 0, 0, 0, 0, 0, 0, 0, 0, 0, 0, 0, 0, 0, 0, 0, 0, 0, 0, 0, 0, 0, 0, 0, 0, 0, 0, 0, 0, 0, 0, 0, 0, 0, 0, 0, 0, 0, 0, 0, 0, 0, 0, 0, 0, 0, 0, 0, 0, 0, 0, 0, 0, 0, 0, 0, 0, 0, 0, 0, 0, 0, 0, 0, 0, 0, 0, 0, 0, 0, 0, 0, 0, 0, 0, 0, 0, 0, 0, 0, 0, 0, 0, 0, 0, 0, 0, 0, 0, 0, 0, 0, 0, 0, 0, 0, 0, 0, 0, 0, 0, 0, 0, 0, 0, 0, 0, 0, 0, 0, 0, 0, 0, 0, 0, 0, 0, 0, 0, 0, 0, 0, 0, 0, 0, 0, 0, 0, 0, 0, 0, 0, 0, 0, 0, 0, 0, 0, 0, 0, 0, 0, 0, 0, 0, 0, 0, 0, 0, 0, 0, 0, 0, 0, 0, 0, 0, 0, 0, 0, 0, 0, 0, 0, 0, 0, 0, 0, 0, 0, 0, 0, 0, 0, 0, 0, 0, 0, 0, 2, 0, 0, 0, 0, 0, 0, 0, 0, 0, 0, 0, 0, 0, 0, 0, 0, 0, 0, 0, 0, 0, 0, 0, 0, 0, 0, 0, 0, 0, 0, 0, 0, 0, 0, 0, 0, 0, 0, 0, 0, 0, 0, 0, 0, 0, 0, 0, 0, 0, 0, 0, 0, 0, 0, 0, 0, 0, 0, 0, 0, 0, 0, 0, 0, 0, 0, 0, 0, 0, 0, 0, 0, 0, 0, 0, 0, 0, 0, 0, 0, 0, 0, 0, 0, 0, 0, 0, 0, 0, 0, 0, 0, 0, 0, 0, 0, 0, 0, 0, 0, 0, 0, 0, 0, 0, 0, 0, 0, 0, 0, 0, 0, 0, 0, 0, 0, 0, 0, 0, 0, 0, 0, 0, 0, 0, 0, 0, 0, 0, 0, 0, 0, 0, 0, 0, 0, 0, 0, 0, 0, 0, 0, 0, 0, 0, 0, 0, 0, 0, 0, 0, 0, 0, 0, 0, 0, 0, 0, 0, 0, 0, 0, 0, 0, 0, 0, 0, 0, 0, 0, 0, 0, 0, 0, 0, 0, 0, 0, 0, 0, 0, 0, 0, 0, 0, 0, 0, 0, 0, 0, 0, 0, 0, 0, 0, 0, 0, 0, 0, 0, 0, 0, 0, 0, 0, 0, 0, 0, 0, 0, 0, 4, 0, 0, 0, 0, 0, 0, 0, 0, 0, 0, 0, 0, 0, 0, 0, 0, 0, 0, 0, 0, 0, 0, 0, 0, 0, 0, 0, 0, 0, 0, 0, 0, 0, 0, 0, 0, 0, 0, 0, 0, 0, 0, 0, 0, 0, 0, 0, 0, 0, 0, 0, 0, 0, 0, 0, 0, 0, 0, 0, 0, 0, 0, 0, 0, 0, 0, 0, 0, 0, 0, 0, 0, 0, 0, 0, 0, 0, 0, 0, 0, 0, 0, 0, 0, 0, 0, 0, 0, 0, 0, 0, 0, 0, 0, 0, 0, 0, 0, 0, 0, 0, 0, 0, 0, 0, 0, 0, 0, 0, 0, 0, 0, 0, 0, 0, 0, 0, 0, 0, 0, 0, 0, 0, 0, 0, 0, 0, 0, 0, 0, 0, 0, 0, 0, 0, 0, 0, 0, 0, 0, 0, 0, 0, 0, 0, 0, 0, 0, 0, 0, 0, 0, 0, 0, 0, 0, 0, 0, 0, 0, 0, 0, 0, 0, 0, 0, 0, 0, 0, 0, 0, 0, 0, 0, 0, 0, 0, 0, 0, 0, 0, 0, 0, 0, 0, 0, 0, 0, 0, 0, 0, 0, 0, 0, 0, 0, 0, 0, 0, 0, 0, 0, 0, 0, 0, 0, 0, 0, 0, 0, 0, 0, 0, 0, 0, 0, 0, 0, 0, 0, 0, 0, 0, 0, 0, 0, 0, 0, 0, 0, 0, 0, 0, 0, 0, 0, 0, 0, 0, 0, 0, 0, 0, 0, 0, 0, 0, 0, 0, 0, 0, 0, 0, 0, 0, 0, 0, 0, 0, 0, 0, 0, 0, 0, 0, 0, 0, 0, 0, 0, 0, 0, 0, 0, 0, 0, 0, 0, 0, 0, 0, 0, 0, 0, 0, 0, 0, 0, 0, 0, 0, 0, 0, 0, 0, 0, 0, 0, 0, 0, 0, 0, 0, 0, 0, 0, 0, 0, 0, 0, 0, 0, 0, 0, 0, 0, 0, 0, 0, 0, 0, 0, 0, 0, 0, 0, 0, 0, 0, 0, 0, 0, 0, 0, 0, 0, 0, 0, 0, 0, 0, 0, 0, 0, 0, 0, 0, 0, 0, 0, 0, 0, 0, 0, 0, 0, 0, 0, 0, 0, 0, 0, 0, 0, 0, 0, 0, 0, 0, 0, 0, 0, 0, 0, 0, 0, 0, 0, 0, 0, 0, 0, 0, 0, 0, 0, 0, 0, 0, 0, 0, 0, 0, 0, 0, 0, 0, 0, 0, 0, 0, 0, 0, 0, 0, 0, 0, 0, 0, 0, 0, 0, 0, 0, 0, 0, 0, 0, 0, 0, 0, 0, 0, 0, 0, 0, 0, 0, 0, 0, 0, 0, 0, 0, 0, 0, 0, 0, 0, 0, 0, 0, 0, 0, 0, 0, 0, 0, 0, 0, 0, 0, 0, 0, 0, 0, 0, 0, 0, 0, 0, 0, 0, 0, 0, 0, 0, 0, 0, 0, 0, 0, 0, 0, 0, 0, 0, 0, 0, 0, 0, 0, 0, 0, 0, 0, 0, 0, 0, 0, 0, 0, 0, 0, 0, 0, 0, 0, 0, 0, 0, 0, 0, 0, 0, 0, 0, 0, 0, 0, 0, 0, 0, 0, 0, 0, 0, 0, 0, 0, 0, 0, 0, 0, 0, 0, 0, 0, 0, 0, 0, 0, 0, 0, 0, 0, 0, 0, 0, 0, 0, 0, 0, 0, 0, 0, 0, 0, 0, 0, 0, 0, 0, 0, 0, 0, 0, 0, 0, 0, 0, 0, 0, 0, 0, 0, 0, 0, 0, 0, 0, 0, 0, 0, 0, 0, 0, 0, 0, 0, 0, 0, 0, 0, 0, 0, 0, 0, 0, 0, 0, 0, 0, 0, 0, 0, 0, 0, 0, 0, 0, 0, 0, 0, 0, 0, 0, 0, 0, 0, 0, 0, 0, 0, 0, 0, 0, 0, 0, 0, 0, 0, 0, 0, 0, 0, 0, 0, 0, 0, 0, 0, 0, 0, 0, 0, 0, 0, 0, 0, 0, 0, 0, 0, 0, 0, 0, 0, 0, 0, 0, 0, 0, 0, 0, 0, 0, 0, 0, 0, 0, 0, 0, 0, 0, 0, 0, 0, 0, 0, 0, 0, 0, 0, 0, 0, 0, 0, 0, 0, 0, 0, 0, 0, 0, 0, 0, 0, 0, 0, 0, 0, 0, 0, 0, 0, 0, 0, 0, 0, 0, 0, 0, 0, 0, 0, 0, 0, 0, 0, 0, 0, 0, 0, 0, 0, 0, 0, 0, 0, 0, 0, 0, 0, 0, 0, 0, 0, 0, 0, 0, 0, 0, 0, 0, 0, 0, 0, 0, 0, 0, 0, 0, 0, 0, 0, 0, 0, 0, 0, 0, 0, 0, 0, 0, 0, 0, 0, 0, 0, 0, 0, 0, 0, 0, 0, 0, 0, 0, 0, 0, 0, 0, 0, 0, 0, 0, 0, 0, 0, 0, 0, 0, 0, 0, 0, 0, 0, 0, 0, 0, 0, 0, 0, 0, 0, 0, 0, 0, 0, 0, 0, 0, 0, 0, 0, 0, 0, 0, 0, 0, 0, 0, 0, 0, 0, 0, 0, 0, 0, 0, 0, 0, 0, 0, 0, 0, 0, 0, 0, 0, 0, 0, 0, 0, 0, 0, 0, 0, 0, 0, 0, 0, 0, 0, 0, 0, 0, 0, 0, 0, 0, 0, 0, 0, 0, 0, 0, 0, 0, 0, 0, 0, 0, 0, 0, 0, 0, 0, 0, 0, 0, 0, 0, 0, 0, 0, 0, 0, 0, 0, 0, 0, 0, 0, 0, 0, 0, 0, 0, 0, 0, 0, 0, 0, 0, 0, 0, 0, 0, 0, 0, 0, 0, 0, 0, 0, 0, 0, 0, 0, 0, 0, 0, 0, 0, 0, 0, 0, 0, 0, 0, 0, 0, 0, 0, 0, 0, 0, 0, 0, 0, 0, 0, 0, 0, 0, 0, 0, 0, 0, 0, 0, 0, 0, 0, 0, 0, 0, 0, 0, 0, 0, 0, 0, 0, 0, 0, 0, 0, 0, 0, 0, 0, 0, 0, 0, 0, 0, 0, 0, 0, 0, 0, 0, 0, 0, 0, 0, 0, 0, 0, 0, 0, 0, 0, 0, 0, 0, 0, 0, 0, 0, 0, 0, 0, 0, 0, 0, 0, 0, 0, 0, 0, 0, 0, 0, 0, 0, 0, 0, 0, 0, 0, 0, 0, 0, 0, 0, 0, 0, 0, 0, 0, 0, 0, 0, 0, 0, 0, 0, 0, 0, 0, 0, 0, 0, 0, 0, 0, 0, 0, 0, 0, 0, 0, 0, 0, 0, 0, 0, 0, 0, 0, 0, 0, 0, 0, 0, 0, 0, 0, 0, 0, 0, 0, 0, 0, 0, 0, 0, 0, 0, 0, 0, 0, 0, 0, 0, 0, 0, 0, 0, 0, 0, 0, 0, 0, 0, 0, 0, 0, 0, 0, 0, 0, 0, 0, 0, 0, 0, 0, 0, 0, 0, 0, 0, 0, 0, 0, 0, 0, 0, 0, 0, 0, 0, 0, 0, 0, 0, 0, 0, 0, 0, 0, 0, 0, 0, 0, 0, 0, 0, 0, 0, 0, 0, 0, 0, 0, 0, 0, 0, 0, 0, 0, 0, 0, 0, 0, 0, 0, 0, 0, 0, 0, 0, 0, 0, 0, 0, 0, 0, 0, 0, 0, 0, 0, 0, 0, 0, 0, 0, 0, 0, 0, 0, 0, 0, 0, 0, 0, 0, 0, 0, 0, 0, 0, 0, 0, 0, 0, 0, 0, 0, 0, 0, 0, 0, 0, 0, 0, 0, 0, 0, 0, 0, 0, 0, 0, 0, 0, 0, 0, 0, 0, 0, 0, 0, 0, 0, 0, 0, 0, 0, 0, 0, 0, 0, 0, 0, 0, 0, 0, 0, 0, 0, 0, 0, 0, 0, 0, 0, 0, 0, 0, 0, 0, 0, 0, 0, 0, 0, 0, 0, 0, 0, 0, 0, 0, 0, 0, 0, 0, 0, 0, 0, 0, 0, 0, 0, 0, 0, 0, 0, 0, 0, 0, 0, 0, 0, 0, 0, 0, 0, 0, 0, 0, 0, 0, 0, 0, 0, 0, 0, 0, 0, 0, 0, 0, 0, 0, 0, 0, 0, 0, 0, 0, 0, 0, 0, 0, 0, 0, 0, 0, 0, 0, 0, 0, 0, 0, 0, 0, 0, 0, 0, 0, 0, 0, 0, 0, 0, 0, 0, 0, 0, 0, 0, 0, 0, 0, 0, 0, 0, 0, 0, 0, 0, 0, 0, 0, 0, 0, 0, 0, 0, 0, 0, 0, 0, 0, 0, 0, 0, 0, 0, 0, 0, 0, 0, 0, 0, 0, 0, 0, 0, 0, 0, 0, 0, 0, 0, 0, 0, 0, 0, 0, 0, 0, 0, 0, 0, 0, 0, 0, 0, 0, 0, 0, 0, 0, 0, 0, 0, 0, 0, 0, 0, 0, 0, 0, 0, 0, 0, 0, 0, 0, 0, 0, 0, 0, 0, 0, 0, 0, 0, 0, 0, 0, 0, 0, 0, 0, 0, 0, 0, 0, 0, 0, 0, 0, 0, 0, 0, 0, 0, 0, 0, 0, 0, 0, 0, 0, 0, 0, 0, 0, 0, 0, 0, 0, 0, 0, 0, 0, 0, 0, 0, 0, 0, 0, 0, 0, 0, 0, 0, 0, 0, 0, 0, 0, 0, 0, 0, 0, 0, 0, 0, 0, 0, 0, 0, 0, 0, 0, 0, 0, 0, 0, 0, 0, 0, 0, 0, 0, 0, 0, 0, 0, 0, 0, 0, 0, 0, 0, 0, 0, 0, 0, 0, 0, 0, 0, 0, 0, 0, 0, 0, 0, 0, 0, 0, 0, 0, 0, 0, 0, 0, 0, 0, 0, 0, 0, 0, 0, 0, 0, 0, 0, 0, 0, 0, 0, 0, 0, 0, 0, 0, 0, 0, 0, 0, 0, 0, 0, 0, 0, 0, 0, 0, 0, 0, 0, 0, 0, 0, 0, 0, 0, 0, 0, 0, 0, 0, 0, 0, 0, 0, 0, 0, 0, 0, 0, 0, 0, 0, 0, 0, 0, 0, 0, 0, 0, 0, 0, 0, 0, 0, 0, 0, 0, 0, 0, 0, 0, 0, 0, 0, 0, 0, 0, 0, 0, 0, 0, 0, 0, 0, 0, 0, 0, 0, 0, 0, 0, 0, 0, 0, 0, 0, 0, 0, 0, 0, 0, 0, 0, 0, 0, 0, 0, 0, 0, 0, 0, 0, 0, 0, 0, 0, 0, 0, 0, 0, 0, 0, 0, 0, 0, 0, 0, 0, 0, 0, 0, 0, 0, 0, 0, 0, 0, 0, 0, 0, 0, 0, 0, 0, 0, 0, 0, 0, 0, 0, 0, 0, 0, 0, 0, 0, 0, 0, 0, 0, 0, 0, 0, 0, 0, 0, 0, 0, 0, 0, 0, 0, 0, 0, 0, 0, 0, 0, 0, 0, 0, 0, 0, 0, 0, 0, 0, 0, 0, 0, 0, 0, 0, 0, 0, 0, 0, 0, 0, 0, 0, 0, 0, 0, 0, 0, 0, 0, 0, 0, 0, 0, 0, 0, 0, 0, 0, 0, 0, 0, 0, 0, 0, 0, 0, 0, 0, 0, 0, 0, 0, 0, 0, 0, 0, 0, 0, 0, 0, 0, 0, 0, 0, 0, 0, 0, 0, 0, 0, 0, 0, 0, 0, 0, 0, 0, 0, 0, 0, 0, 0, 0, 0, 0, 0, 0, 0, 0, 0, 0, 0, 0, 0, 0, 0, 0, 0, 0, 0, 0, 0, 0, 0, 0, 0, 0, 0, 0, 0, 0, 0, 0, 0, 0, 0, 0, 0, 0, 0, 0, 0, 0, 0, 0, 0, 0, 0, 0, 0, 0, 0, 0, 0, 0, 0, 0, 0, 0, 0, 0, 0, 0, 0, 0, 0, 0, 0, 0, 0, 0, 0, 0, 0, 0, 0, 0, 0, 0, 0, 0, 0, 0, 0, 0, 0, 0, 0, 0, 0, 0, 0, 0, 0, 0, 0, 0]
convergência = [7, 7, 7, 7, 6, 6, 6, 6, 6, 6, 6, 6, 6, 6, 6, 6, 6, 6, 6, 6, 6, 6, 6, 6, 6, 6, 6, 6, 6, 6, 6, 6, 6, 6, 6, 6, 6, 6, 6, 6, 6, 6, 6, 6, 6, 6, 6, 6, 6, 6, 6, 6, 6]
================================

----- Melhor execução -----
Span (lambda): 6
best_order = [2886, 3339, 2712, 973, 2816, 715, 462, 777, 3078, 2793, 3741, 1315, 2753, 2533, 1814, 2327, 1614, 1699, 1161, 2402, 3357, 3715, 1202, 104, 3314, 2095, 2668, 3202, 3896, 1624, 245, 2567, 1085, 3517, 2639, 3074, 3659, 595, 3065, 1129, 15, 3728, 1677, 3832, 3829, 3450, 78, 2522, 3634, 3788, 641, 3842, 2982, 2966, 3247, 2374, 421, 3458, 2620, 247, 442, 351, 24, 2410, 3552, 362, 2692, 3716, 2214, 2880, 556, 2550, 1558, 805, 1404, 3911, 3051, 993, 2481, 1783, 281, 182, 2734, 1451, 2389, 3882, 3138, 978, 1066, 3472, 1574, 859, 767, 3905, 2857, 1312, 432, 3527, 1533, 3299, 1134, 136, 3685, 2571, 3206, 22, 3493, 159, 956, 808, 2680, 538, 1071, 3614, 968, 3477, 3424, 3209, 3367, 3520, 3815, 1961, 916, 142, 3274, 3708, 3457, 2148, 2230, 809, 3066, 291, 3254, 1622, 1278, 1985, 3676, 1854, 3310, 1150, 2666, 818, 2083, 1298, 2781, 2730, 1185, 1011, 3263, 1346, 2786, 3540, 466, 1990, 1830, 2723, 3597, 622, 1218, 3130, 1722, 1320, 81, 1508, 3007, 2087, 2189, 3511, 2981, 394, 1945, 1898, 3069, 928, 2060, 2477, 2002, 1832, 130, 1793, 249, 2395, 1744, 628, 323, 793, 2337, 2519, 448, 831, 3476, 3455, 1192, 1910, 2342, 3624, 3083, 602, 445, 3844, 1599, 3818, 1052, 3321, 2345, 3033, 1866, 1378, 3707, 1049, 2926, 574, 1099, 3697, 2863, 1429, 894, 3358, 3819, 403, 829, 484, 3075, 3680, 729, 1034, 1573, 1153, 1232, 3528, 3361, 2288, 2991, 328, 1671, 523, 3084, 960, 2601, 964, 188, 1873, 3013, 842, 2647, 2161, 2022, 2864, 1826, 20, 129, 1966, 1725, 3622, 925, 545, 3360, 1874, 1274, 2027, 2770, 2122, 3576, 2291, 2339, 949, 122, 1952, 28, 1730, 3874, 2593, 3330, 1635, 880, 2242, 1860, 2119, 3095, 802, 2330, 2362, 1887, 1682, 2173, 2333, 2758, 2843, 3328, 205, 1226, 2653, 982, 2324, 3403, 3182, 1656, 2399, 1454, 908, 1414, 1511, 2633, 3042, 61, 926, 3526, 2152, 2414, 1644, 2259, 1581, 1428, 2681, 69, 2169, 1431, 117, 1047, 1375, 3784, 1344, 638, 1043, 1306, 1527, 1479, 939, 3689, 2133, 557, 967, 3166, 744, 953, 107, 2529, 3149, 3141, 185, 1142, 1289, 296, 425, 1219, 612, 1464, 3618, 992, 2810, 3380, 474, 269, 799, 35, 789, 2409, 2939, 2289, 1845, 1849, 758, 1540, 795, 1631, 3, 1767, 1322, 46, 3045, 832, 1509, 3323, 911, 2009, 350, 1158, 1136, 521, 2719, 2226, 1921, 501, 2862, 3420, 1362, 166, 519, 3475, 3592, 3628, 1716, 3035, 1367, 3927, 121, 3670, 3376, 569, 2995, 3415, 3186, 680, 970, 2146, 1899, 1354, 1290, 3894, 2322, 1388, 1456, 1630, 1239, 1261, 2421, 2494, 2868, 3529, 1930, 1406, 2768, 2566, 1942, 308, 3880, 1413, 3804, 1096, 2795, 1610, 1674, 2486, 38, 464, 1288, 1697, 778, 3145, 2386, 1902, 938, 3822, 226, 3081, 1053, 2205, 1999, 1505, 1316, 3858, 3286, 234, 3546, 1137, 3072, 2962, 3168, 3059, 1445, 752, 441, 2590, 1959, 934, 1116, 3416, 2580, 3808, 2170, 221, 3688, 1403, 1604, 757, 2187, 1544, 286, 3175, 1352, 3703, 3850, 1195, 571, 1528, 2200, 1453, 3162, 2178, 1794, 1620, 539, 1435, 3210, 922, 2483, 2149, 3031, 3604, 1046, 578, 1272, 2021, 747, 2111, 1861, 2808, 2869, 3559, 1711, 292, 2057, 2740, 290, 895, 561, 1992, 3266, 770, 702, 1878, 1361, 883, 854, 2160, 2889, 50, 3929, 2600, 10, 699, 2929, 2197, 952, 3447, 1613, 2584, 3426, 3225, 1688, 3085, 2536, 3368, 2485, 2769, 3349, 3187, 2979, 1166, 3422, 1788, 1021, 1605, 2285, 2145, 2086, 1998, 2070, 3867, 589, 3620, 1742, 3869, 2964, 3218, 2391, 2455, 170, 2565, 2547, 3693, 1928, 583, 2829, 678, 2535, 2700, 3308, 2379, 3442, 3327, 3382, 3419, 3678, 2924, 3212, 1347, 3600, 2371, 872, 1750, 3194, 1561, 1487, 1958, 1198, 1537, 3830, 3412, 2883, 537, 2299, 2261, 3779, 1926, 3706, 1319, 2435, 2489, 1850, 1054, 1646, 904, 95, 1108, 402, 2159, 56, 1482, 2693, 2987, 3686, 1982, 3655, 1051, 1385, 216, 3199, 2835, 148, 1074, 3279, 314, 2474, 241, 2277, 3615, 1121, 3888, 3514, 3375, 3751, 1495, 2378, 1035, 1520, 579, 108, 2164, 2028, 2532, 3009, 3324, 60, 3022, 1608, 2495, 3709, 1258, 625, 1602, 3795, 3802, 1484, 999, 41, 1016, 298, 507, 2076, 3394, 2815, 453, 718, 3295, 2875, 552, 1055, 1436, 412, 3868, 496, 3181, 1758, 1089, 232, 3505, 1048, 3016, 1, 3408, 2577, 2654, 2252, 3383, 1749, 2611, 2482, 305, 1287, 2032, 2672, 1973, 676, 2911, 2833, 3737, 3399, 3642, 386, 2428, 3661, 2162, 1805, 3812, 3283, 1896, 2390, 2001, 3525, 3387, 1938, 355, 1277, 2019, 1105, 995, 2514, 383, 3030, 2806, 1506, 630, 3067, 856, 461, 3653, 997, 2220, 2937, 2876, 1157, 2947, 2320, 3573, 3091, 2225, 3462, 1827, 3157, 855, 483, 3464, 1816, 782, 821, 1988, 1409, 3767, 2794, 1091, 2838, 1122, 1570, 2587, 2642, 257, 2776, 811, 487, 1755, 639, 972, 3574, 3406, 803, 961, 2537, 3792, 44, 2366, 528, 1803, 3934, 814, 1859, 2907, 3332, 2644, 409, 2615, 738, 1525, 1383, 186, 2564, 143, 2773, 1452, 74, 1210, 2358, 1687, 2783, 209, 886, 42, 3658, 274, 874, 722, 1206, 2762, 422, 575, 617, 2717, 3217, 1212, 931, 3566, 2480, 3935, 988, 8, 1073, 2859, 3088, 2430, 611, 731, 1394, 3099, 1660, 3381, 1480, 443, 2874, 2505, 3231, 632, 1856, 2828, 1595, 3294, 2456, 2013, 302, 3302, 1155, 2172, 3861, 3312, 2957, 3250, 1911, 1733, 2040, 413, 1591, 4, 1872, 57, 2394, 512, 1839, 1265, 3843, 1022, 1931, 3497, 3150, 1668, 800, 199, 1102, 1691, 1842, 785, 3356, 3344, 2468, 3917, 981, 2945, 2054, 2423, 3798, 2113, 2303, 2960, 1083, 112, 1980, 1124, 2432, 3847, 958, 2224, 3885, 3001, 2948, 105, 615, 340, 271, 90, 943, 820, 2393, 2266, 3242, 2109, 131, 385, 1181, 1499, 3252, 338, 1123, 2974, 2407, 903, 693, 2415, 753, 3435, 865, 2707, 1332, 3736, 2699, 2554, 3898, 2817, 716, 1450, 2954, 1182, 1821, 1713, 2576, 488, 169, 3032, 2569, 3014, 2501, 1876, 3106, 2467, 212, 2368, 2774, 1188, 1964, 357, 2921, 3454, 3309, 1076, 3004, 2867, 1000, 2400, 378, 1215, 3017, 1025, 2, 525, 3373, 2201, 1576, 1933, 3907, 207, 3732, 760, 1339, 2335, 1224, 833, 2905, 1416, 2684, 3353, 3840, 698, 1748, 936, 2721, 2659, 3379, 2965, 1672, 220, 695, 1463, 178, 1458, 792, 356, 3550, 3451, 989, 486, 364, 1796, 431, 3285, 3311, 1201, 275, 1977, 3196, 1932, 395, 2992, 1880, 3064, 2140, 2553, 1101, 1029, 544, 479, 1981, 2237, 2919, 2804, 613, 3591, 239, 3304, 2210, 3184, 2782, 76, 2396, 3541, 3167, 2998, 3534, 513, 587, 2525, 654, 1575, 67, 3560, 3571, 1643, 1948, 2834, 197, 3238, 2478, 180, 2687, 659, 329, 2311, 2472, 1791, 227, 3126, 2424, 998, 1118, 3152, 2141, 284, 3331, 3931, 1494, 1349, 2051, 2279, 3630, 1912, 2182, 1262, 1167, 3306, 2344, 1824, 1709, 2196, 1889, 3101, 2110, 272, 646, 1164, 3438, 468, 3681, 3284, 1135, 3631, 1903, 2657, 1303, 454, 174, 423, 3346, 1295, 297, 665, 3342, 2102, 3721, 2879, 1126, 3791, 948, 346, 1113, 3753, 3933, 1447, 3050, 2850, 2429, 270, 2512, 2824, 553, 1583, 3370, 3025, 2041, 2280, 2698, 2763, 692, 3086, 1477, 2975, 1819, 2010, 3079, 2903, 3341, 2640, 485, 3776, 1757, 198, 2166, 720, 3483, 1485, 361, 3853, 1504, 3936, 3766, 2063, 977, 1260, 2353, 566, 909, 906, 563, 3651, 815, 1168, 3174, 1739, 2341, 3048, 2612, 1325, 3076, 236, 471, 153, 393, 514, 3771, 2756, 869, 781, 218, 2046, 2761, 1180, 741, 2005, 2463, 1374, 1279, 1773, 2431, 1382, 2354, 2986, 3743, 946, 2849, 1825, 2765, 668, 2496, 1916, 2143, 1542, 200, 1392, 427, 2314, 3553, 2735, 3094, 3189, 1268, 2500, 2860, 2273, 3430, 49, 3155, 93, 1715, 600, 2094, 242, 2228, 3056, 1877, 477, 3467, 3711, 424, 779, 360, 2227, 2766, 2258, 3930, 3273, 2287, 1422, 2523, 2413, 2452, 3180, 1772, 228, 2558, 893, 1759, 2183, 347, 863, 494, 2694, 2902, 727, 1341, 2114, 3783, 1437, 2284, 2870, 1460, 2458, 816, 1326, 3000, 3291, 1848, 1030, 3607, 697, 240, 1647, 1843, 3062, 3824, 3749, 276, 3343, 1563, 368, 140, 144, 3775, 3816, 415, 3664, 2348, 1857, 1920, 2655, 1254, 2598, 2825, 3354, 2873, 2270, 405, 2370, 2300, 2470, 132, 2722, 3232, 1901, 411, 103, 2134, 3289, 1249, 2441, 3351, 1036, 154, 2840, 3609, 3577, 1371, 2524, 616, 987, 2052, 1039, 1470, 1228, 370, 3562, 273, 1148, 2656, 3616, 1342, 1626, 3134, 1027, 418, 447, 2195, 2702, 937, 3159, 2359, 2448, 2882, 3208, 14, 725, 2989, 775, 3044, 1743, 66, 2247, 255, 3610, 2592, 1324, 3700, 3778, 1386, 3417, 812, 662, 283, 896, 529, 3593, 1522, 114, 567, 343, 3656, 1421, 648, 3224, 1399, 2317, 3449, 3915, 3895, 1914, 1140, 2594, 3567, 2844, 3117, 1609, 2826, 1328, 888, 379, 175, 3249, 3860, 3071, 2752, 1203, 3488, 2800, 1535, 482, 1790, 713, 502, 1997, 1640, 2927, 598, 3255, 2100, 1081, 1246, 2487, 1213, 3536, 2831, 1642, 1408, 1530, 184, 2626, 3039, 771, 1568, 2621, 986, 2798, 3548, 3423, 1698, 1497, 511, 607, 2606, 3437, 1937, 1939, 1481, 2906, 2155, 2194, 1946, 1768, 3583, 279, 2375, 2411, 1233, 2560, 439, 3912, 684, 524, 1585, 2418, 1564, 714, 1594, 1337, 3429, 1694, 2099, 3925, 1969, 3396, 3402, 1427, 3538, 1941, 2274, 1549, 2465, 1720, 3752, 3220, 2744, 1881, 2631, 1070, 2856, 559, 783, 1296, 1702, 2425, 3887, 582, 706, 2231, 3596, 2852, 1692, 3900, 3049, 2238, 3040, 3392, 843, 5, 1217, 900, 830, 229, 3015, 282, 861, 2513, 2983, 2116, 3026, 2176, 2129, 3393, 3176, 1962, 3260, 248, 2895, 797, 3034, 2572, 17, 677, 3100, 644, 1727, 807, 2772, 160, 868, 2132, 1526, 51, 2030, 2479, 2061, 3397, 1063, 568, 1162, 1541, 91, 971, 1280, 287, 2622, 1014, 1276, 1891, 1062, 1892, 1093, 1829, 3298, 3889, 3838, 3717, 2216, 1400, 2056, 2412, 2709, 1259, 1220, 2767, 2449, 1345, 1396, 3878, 1986, 3757, 2952, 2433, 2771, 2548, 1095, 1131, 2037, 1244, 907, 1471, 3369, 932, 1366, 3409, 1292, 1171, 3169, 2387, 2101, 841, 3723, 2552, 1056, 2492, 2599, 115, 3301, 2971, 1432, 1546, 2365, 2068, 643, 3398, 1847, 2588, 2591, 1368, 1979, 1817, 3093, 1909, 974, 700, 2024, 1795, 3355, 12, 860, 96, 2043, 2338, 2283, 588, 3848, 1746, 3654, 885, 3090, 3177, 3019, 3852, 1311, 399, 2799, 2023, 2294, 3530, 2144, 1553, 2275, 3248, 2440, 1336, 1438, 3871, 941, 3229, 3005, 682, 3589, 119, 390, 2450, 3682, 196, 1023, 533, 2858, 776, 2268, 711, 2711, 733, 388, 2814, 458, 86, 2181, 2617, 1524, 2695, 109, 542, 3271, 1252, 238, 317, 3191, 3662, 2360, 1884, 1641, 2221, 1238, 359, 1010, 750, 2543, 660, 2997, 2156, 2398, 2175, 3121, 2934, 526, 2067, 1441, 984, 3272, 2235, 3122, 1918, 1402, 1917, 373, 3119, 2340, 32, 2498, 2363, 2573, 1159, 3793, 3207, 1384, 1302, 3163, 708, 2820, 1828, 1596, 2165, 2652, 265, 106, 661, 940, 2427, 80, 923, 918, 2938, 2229, 1567, 975, 1125, 3118, 930, 3461, 3862, 550, 620, 2645, 979, 1670, 3761, 2951, 3276, 3731, 1621, 1145, 3508, 867, 1476, 3385, 826, 2115, 3603, 1523, 1532, 621, 2673, 1190, 1888, 694, 1442, 1550, 2130, 1057, 333, 2846, 2847, 1363, 1922, 1417, 3482, 2936, 2325, 1266, 2904, 2306, 1033, 3572, 686, 647, 810, 732, 141, 3729, 2123, 1782, 3671, 1317, 963, 2069, 3648, 1661, 787, 1953, 1440, 3469, 2542, 3626, 1785, 1726, 2604, 1475, 2127, 541, 3665, 3542, 260, 2933, 650, 1112, 847, 3660, 137, 1813, 2710, 294, 3151, 2388, 1651, 3611, 834, 3724, 1502, 3413, 3690, 3241, 2255, 623, 1015, 145, 162, 2377, 1318, 3097, 1639, 1554, 3322, 126, 426, 3146, 1271, 2624, 3558, 3796, 2527, 1580, 2042, 2935, 2586, 2958, 1681, 1489, 87, 3890, 2623, 492, 192, 3077, 1765, 1792, 2602, 2980, 2526, 1491, 3352, 1410, 3516, 2403, 3404, 1163, 2098, 1141, 573, 2589, 1291, 1598, 1737, 681, 2510, 2223, 342, 933, 348, 1653, 3886, 73, 1042, 2697, 1710, 1984, 1465, 1286, 3509, 1578, 417, 1775, 1411, 3599, 2677, 3932, 2029, 2239, 1221, 1457, 2484, 2080, 935, 2088, 1492, 1802, 21, 866, 2016, 155, 3110, 3691, 642, 1689, 765, 369, 1072, 3863, 1005, 3740, 202, 2469, 3244, 769, 2121, 1569, 1747, 2791, 253, 2254, 766, 3821, 3639, 619, 2025, 1243, 1088, 604, 2720, 243, 1154, 3277, 382, 3073, 1705, 2454, 3444, 603, 1234, 848, 2802, 1717, 534, 118, 3329, 2138, 3456, 1307, 1189, 3140, 363, 3866, 2614, 3564, 3096, 1897, 2078, 367, 3621, 3171, 2890, 1343, 1178, 2033, 3500, 1120, 1721, 476, 3172, 3259, 1009, 2649, 897, 3891, 1636, 2585, 436, 3293, 473, 2990, 798, 3582, 2192, 1972, 2803, 3902, 1486, 2471, 2286, 1837, 898, 924, 3774, 2137, 1373, 2932, 2053, 1426, 516, 3801, 2493, 2251, 151, 1446, 1894, 1032, 2595, 3228, 2764, 478, 773, 2913, 3666, 3789, 910, 609, 601, 3377, 565, 2839, 3512, 1251, 3003, 2888, 929, 396, 901, 2222, 658, 828, 3570, 463, 134, 562, 1662, 1430, 1764, 3519, 2531, 1623, 3037, 72, 1650, 1784, 1761, 3313, 2881, 2619, 1314, 1957, 120, 2713, 3921, 2743, 610, 991, 85, 1490, 1771, 475, 2755, 3857, 3918, 1211, 734, 942, 2705, 1115, 945, 2605, 1377, 3258, 3104, 2215, 1862, 3038, 1285, 3806, 1885, 31, 89, 1560, 2105, 3474, 2050, 1798, 3473, 2972, 774, 2920, 2039, 2917, 311, 190, 437, 1840, 497, 2894, 3114, 2312, 962, 3060, 2728, 1529, 3178, 2091, 1645, 58, 1179, 2367, 3777, 3813, 3859, 2383, 13, 1191, 1510, 2641, 3325, 3116, 2708, 18, 381, 2444, 944, 2185, 3579, 546, 1551, 549, 3881, 2310, 3135, 1994, 705, 2822, 3811, 295, 3234, 3443, 2582, 3316, 2538, 2017, 414, 266, 2696, 2940, 1519, 3913, 2179, 2634, 3089, 110, 3502, 572, 3470, 3336, 2597, 1237, 1405, 2349, 1846, 3378, 703, 543, 2930, 3123, 3268, 2751, 1531, 1133, 637, 2944, 2689, 2643, 1084, 3112, 278, 3694, 1555, 2632, 864, 1536, 862, 2361, 1882, 2392, 2276, 1498, 1944, 2676, 1577, 723, 3769, 540, 3585, 2473, 585, 3021, 1170, 1024, 191, 2417, 581, 1149, 2293, 3319, 217, 739, 590, 3251, 2241, 1789, 161, 759, 3644, 696, 1741, 1176, 3390, 1634, 1227, 1222, 3814, 3468, 3575, 1695, 2568, 2464, 3555, 1871, 2827, 2014, 3742, 1673, 3365, 2539, 2551, 2540, 168, 339, 3825, 3799, 285, 2211, 1729, 2915, 2204, 1423, 3350, 1250, 1061, 2490, 2167, 1836, 2090, 742, 3156, 171, 3828, 195, 1971, 2236, 3498, 1753, 508, 2376, 2845, 3227, 3544, 1629, 3214, 3606, 2188, 3588, 59, 2809, 2729, 3539, 165, 1590, 3261, 3668, 2534, 3727, 149, 1304, 1060, 3275, 179, 2048, 1207, 762, 2135, 2154, 264, 3401, 2125, 3667, 203, 1707, 401, 2253, 1956, 2750, 3696, 3405, 3532, 889, 2147, 1439, 2357, 222, 3839, 2302, 2688, 1740, 1719, 194, 1075, 1365, 3460, 2760, 996, 1273, 268, 955, 1007, 2006, 1067, 2731, 1664, 2908, 1913, 2256, 3705, 2561, 3036, 467, 517, 2217, 1810, 2682, 2153, 3144, 1905, 2328, 2517, 3204, 201, 839, 2943, 1556, 806, 444, 3720, 3578, 2491, 2439, 1114, 3436, 2811, 1138, 3320, 1086, 101, 3809, 1468, 3750, 3333, 500, 3087, 1245, 2555, 1950, 707, 3877, 1588, 1175, 139, 3873, 3158, 2671, 1107, 1204, 527, 690, 3452, 813, 1774, 387, 1649, 2438, 3485, 83, 2999, 3411, 2085, 606, 1294, 3192, 2059, 2630, 1205, 2836, 1200, 824, 45, 851, 2516, 890, 2131, 39, 2207, 2861, 3805, 337, 712, 1241, 3161, 2706, 433, 2049, 3371, 1355, 3102, 1165, 1600, 2515, 2618, 663, 465, 1703, 844, 3892, 2603, 3602, 2104, 688, 1543, 3738, 3124, 127, 3269, 1612, 2718, 3518, 838, 3386, 3195, 193, 2813, 2931, 2984, 3453, 3704, 1424, 1679, 1174, 1559, 640, 2462, 2996, 1351, 3418, 2509, 3758, 2775, 1611, 1565, 2596, 3719, 2356, 605, 2885, 3002, 1923, 2901, 3924, 3739, 1186, 780, 1248, 1284, 3531, 3916, 1597, 372, 2304, 1068, 746, 3906, 3165, 1335, 452, 3713, 3139, 2837, 3063, 3545, 853, 3264, 2174, 428, 2198, 3876, 2126, 1146, 3233, 858, 1208, 181, 1044, 1087, 2124, 3920, 1601, 719, 846, 2658, 354, 1751, 2637, 2745, 1183, 1059, 2969, 3692, 3265, 187, 163, 3640, 2625, 306, 124, 3486, 1090, 3185, 873, 2451, 959, 3807, 3643, 754, 2352, 599, 1119, 3794, 2950, 3164, 3734, 1955, 3503, 3010, 3744, 2422, 254, 313, 2759, 2661, 3183, 2208, 1356, 1615, 3292, 1381, 404, 2234, 1754, 1906, 1943, 951, 3281, 3764, 2107, 1666, 2910, 1925, 235, 3200, 1867, 3236, 689, 3833, 2334, 2819, 3463, 480, 2081, 472, 2545, 3836, 2670, 2000, 99, 504, 23, 3280, 334, 3288, 1786, 560, 2082, 3827, 490, 1935, 1800, 189, 3726, 2307, 2075, 1281, 84, 1804, 3675, 2579, 147, 2118, 3239, 1838, 1833, 1893, 315, 429, 1008, 26, 1756, 2184, 435, 349, 852, 64, 1963, 3523, 965, 3549, 1069, 2546, 3684, 419, 2521, 3262, 3179, 3237, 764, 2206, 2968, 327, 71, 3854, 345, 740, 150, 2650, 2026, 177, 244, 2503, 1130, 784, 2120, 1263, 837, 2691, 3465, 3496, 969, 2004, 157, 3448, 1078, 2406, 1879, 2346, 1978, 835, 123, 2916, 3490, 3046, 167, 319, 2646, 586, 3499, 1875, 3421, 3735, 2034, 3047, 1693, 2218, 1434, 3837, 2380, 3623, 2556, 2112, 1144, 2506, 3864, 3278, 54, 3893, 11, 1904, 870, 626, 2884, 389, 1562, 3372, 836, 2784, 2313, 1270, 1777, 827, 300, 2701, 2511, 113, 1566, 3605, 2574, 1045, 1267, 3521, 2841, 554, 2789, 2792, 3669, 3641, 2244, 624, 1389, 208, 2150, 1663, 2928, 1026, 1787, 258, 1812, 397, 2520, 1967, 3434, 9, 2636, 730, 3637, 3400, 2988, 1970, 1106, 1143, 3201, 2350, 2278, 2177, 2035, 2499, 3055, 892, 1132, 3221, 2171, 352, 631, 2830, 3762, 2865, 674, 2725, 1028, 749, 1678, 1065, 3507, 1370, 3198, 2742, 407, 1983, 2084, 3240, 2872, 2616, 576, 1534, 3619, 822, 237, 456, 1147, 3608, 657, 786, 667, 2267, 331, 2074, 3307, 756, 3334, 1194, 1815, 3569, 3296, 3300, 2578, 3831, 2946, 1766, 2372, 1864, 1257, 1632, 2559, 460, 882, 1648, 3080, 1811, 2364, 3872, 1236, 2257, 1496, 2685, 2683, 3581, 887, 1017, 225, 2703, 1006, 2071, 3027, 2739, 3111, 3103, 446, 2347, 1807, 1548, 1760, 1993, 2437, 876, 3282, 2583, 1225, 1329, 1321, 1954, 3340, 3364, 3170, 1704, 2158, 374, 3657, 1050, 2290, 1196, 2504, 2461, 1619, 1700, 2970, 2741, 726, 2232, 2401, 3148, 75, 1515, 3820, 1886, 2308, 2922, 891, 3506, 878, 450, 2092, 2315, 183, 3718, 1799, 2651, 3374, 88, 2262, 548, 2038, 1778, 470, 1004, 2866, 1924, 2715, 3492, 3348, 1701, 3781, 3359, 65, 3480, 3803, 3635, 2323, 3495, 3673, 2012, 3875, 29, 3491, 1835, 3338, 1111, 597, 1607, 1960, 3687, 2851, 536, 336, 1092, 3414, 3699, 3129, 1282, 618, 1975, 3243, 3315, 2343, 375, 2801, 2918, 263, 1110, 2777, 214, 1058, 3733, 3780, 1584, 2848, 1462, 2168, 3773, 3627, 1173, 3598, 881, 2475, 2064, 2015, 3427, 3211, 1376, 1467, 2373, 332, 79, 1797, 173, 491, 1242, 2544, 25, 176, 1552, 3636, 905, 3928, 1001, 701, 2031, 1264, 2202, 3823, 493, 1151, 721, 261, 3489, 30, 250, 377, 303, 1547, 636, 728, 503, 633, 1512, 1852, 3909, 309, 3790, 3638, 2530, 1193, 1139, 3663, 2233, 3800, 3629, 2212, 1082, 2073, 3595, 128, 2607, 801, 2896, 927, 3556, 3153, 3543, 1696, 3563, 1507, 455, 98, 1616, 687, 299, 1900, 2686, 164, 535, 594, 2887, 2292, 3768, 915, 3395, 2180, 558, 1582, 3068, 1723, 817, 2746, 398, 2726, 2089, 1521, 259, 3388, 440, 1128, 3188, 3884, 307, 745, 1940, 2488, 1834, 1020, 2665, 3834, 3057, 3246, 288, 2667, 845, 672, 1415, 1851, 2581, 1500, 2265, 1669, 1927, 3586, 3901, 3345, 158, 3770, 1393, 2854, 3515, 3053, 2502, 3786, 102, 2020, 790, 547, 3439, 1003, 2077, 551, 819, 1731, 384, 675, 1949, 1929, 823, 2628, 3023, 1844, 1655, 2295, 627, 1473, 796, 2959, 391, 1593, 256, 2780, 1724, 2549, 3612, 679, 875, 2420, 3335, 2305, 1420, 3568, 365, 1776, 3257, 3760, 3722, 3213, 1444, 2142, 1380, 2264, 2497, 2976, 211, 1338, 3235, 3018, 1868, 1269, 3698, 1686, 1310, 2629, 1895, 3297, 2321, 2818, 755, 1369, 3441, 304, 651, 1103, 2003, 1592, 3478, 1469, 2332, 92, 518, 2914, 2788, 1127, 262, 2136, 2796, 1098, 1358, 52, 430, 2674, 1654, 2457, 2249, 1736, 1455, 1919, 495, 1299, 498, 1820, 1040, 1359, 3712, 1401, 3203, 1855, 2961, 293, 3113, 1665, 3109, 3108, 3481, 326, 3054, 2748, 3318, 320, 3006, 3883, 33, 3362, 921, 1197, 2736, 857, 717, 3903, 37, 1223, 1372, 1586, 1412, 2898, 3845, 3410, 1770, 2199, 3128, 1907, 1890, 1216, 3137, 2732, 1012, 310, 1587, 206, 879, 1991, 2419, 2466, 2443, 1763, 3923, 3147, 2271, 1493, 2557, 1300, 3305, 1557, 324, 3029, 2978, 2281, 2613, 3428, 301, 376, 1638, 1443, 555, 2733, 138, 1989, 3652, 2714, 3222, 1209, 459, 2528, 3879, 2807, 1079, 3841, 3590, 3772, 1735, 82, 3070, 2738, 912, 111, 1390, 1353, 522, 2878, 505, 1806, 2316, 2079, 2459, 2893, 2404, 1780, 3219, 1474, 791, 3584, 7, 3870, 1459, 469, 1309, 1976, 3363, 673, 2563, 976, 2892, 577, 2664, 1379, 2570, 322, 481, 2096, 683, 215, 2638, 2912, 2381, 1734, 1706, 34, 3835, 48, 2956, 2405, 3028, 1478, 966, 531, 1808, 3755, 1037, 3756, 2942, 2663, 1680, 1995, 1936, 3425, 947, 2899, 1545, 3897, 3131, 983, 1853, 3787, 2329, 1461, 1305, 1870, 210, 267, 2243, 2785, 2476, 213, 2757, 2282, 1331, 3366, 6, 2704, 1169, 1253, 1589, 2993, 3317, 1883, 2193, 2336, 2296, 172, 2923, 3855, 3919, 68, 1333, 3215, 3649, 2508, 649, 1433, 1628, 63, 3513, 2925, 3008, 592, 877, 3679, 2985, 1539, 1418, 1323, 1483, 358, 1762, 850, 3914, 3826, 2953, 1293, 751, 2823, 3337, 1214, 3445, 2609, 3594, 3433, 1667, 2072, 1330, 1097, 3765, 3061, 2065, 2541, 3646, 3810, 2900, 1712, 335, 1472, 1002, 994, 204, 2128, 2269, 2662, 321, 77, 3494, 3551, 1156, 1117, 1676, 2967, 1718, 1579, 3115, 325, 2203, 664, 3471, 1013, 3389, 94, 884, 985, 1275, 506, 3082, 1018, 914, 3702, 1327, 1728, 2679, 3672, 3043, 3136, 1449, 3899, 2447, 3557, 685, 3910, 3677, 2446, 1172, 3926, 825, 1538, 3759, 1283, 3683, 116, 1350, 1041, 3245, 804, 3561, 277, 3440, 902, 2191, 580, 224, 1031, 736, 392, 2737, 849, 1109, 656, 950, 2635, 3601, 1869, 1364, 3446, 3710, 3012, 380, 1675, 3431, 1841, 2103, 3632, 653, 3580, 1659, 1255, 1256, 2727, 2442, 3851, 919, 2690, 2832, 2108, 2790, 1397, 3763, 2749, 2219, 2151, 3154, 2018, 1818, 1987, 2319, 670, 3041, 3617, 1606, 772, 1603, 2047, 3107, 614, 3714, 1187, 2675, 3190, 1745, 3701, 635, 1077, 1080, 1297, 3865, 2994, 2955, 27, 564, 3127, 3303, 3554, 2331, 2787, 515, 3817, 917, 1708, 1340, 3384, 316, 1387, 2842, 3347, 510, 3487, 16, 1779, 920, 3223, 709, 2797, 223, 19, 2240, 763, 2036, 2007, 3105, 2562, 2805, 1357, 0, 3846, 3922, 1801, 3193, 1038, 913, 312, 1360, 2460, 3160, 3484, 457, 2426, 509, 532, 3501, 3533, 2627, 1858, 3547, 156, 1908, 3197, 704, 3645, 1965, 1732, 2309, 3524, 1160, 3633, 1738, 652, 2044, 1809, 3092, 3058, 3565, 570, 593, 1094, 2097, 3290, 2058, 1627, 1769, 3747, 629, 3510, 1714, 3270, 671, 353, 1516, 724, 3797, 3205, 596, 788, 2011, 2246, 1865, 584, 1301, 1395, 2821, 251, 3287, 645, 1199, 100, 2263, 3132, 2669, 62, 3459, 1690, 1019, 1652, 1231, 2909, 743, 2949, 2055, 2157, 341, 3020, 146, 2351, 2660, 1308, 434, 2453, 489, 2416, 1915, 3537, 3647, 1466, 36, 871, 1334, 3730, 591, 70, 40, 840, 3504, 1313, 2778, 230, 1240, 3625, 1617, 1633, 2355, 2382, 1781, 2871, 2318, 2190, 3432, 608, 330, 3754, 1391, 449, 2877, 3908, 735, 2779, 1947, 2250, 438, 3253, 55, 1501, 1230, 2445, 400, 3142, 2408, 634, 1658, 252, 2436, 3904, 2963, 2093, 2434, 2608, 2941, 1348, 1104, 737, 2008, 344, 133, 3613, 2326, 3725, 2045, 990, 1822, 371, 416, 3230, 2716, 3785, 1100, 3173, 53, 2812, 1235, 2897, 1152, 2297, 3479, 1407, 2163, 1398, 2117, 2245, 1657, 2397, 1419, 1571, 669, 3407, 1184, 2977, 2507, 2724, 2853, 408, 520, 3695, 289, 3748, 655, 2648, 2610, 231, 1685, 2260, 980, 3267, 3535, 3326, 3133, 1752, 1951, 406, 3024, 420, 3746, 3011, 1229, 761, 3216, 1064, 2106, 1934, 1572, 3052, 1968, 899, 2209, 3745, 748, 1625, 219, 2062, 3143, 3674, 1518, 3098, 1637, 2678, 499, 3466, 125, 2369, 280, 2385, 794, 1974, 1488, 1517, 2575, 97, 233, 152, 318, 3856, 2186, 710, 2272, 691, 3120, 1503, 1177, 3849, 1247, 3125, 2384, 666, 530, 366, 3522, 246, 2301, 954, 1684, 2973, 135, 2754, 3391, 1996, 1514, 47, 3256, 2298, 3226, 1448, 957, 1618, 2066, 768, 2891, 1863, 2518, 1683, 1513, 1425, 3782, 3587, 1831, 2855, 451, 2248, 2213, 2747, 410, 3650, 1823, 43, 2139]
labeling = [6, 0, 0, 0, 0, 0, 3, 0, 1, 6, 0, 5, 0, 3, 2, 0, 5, 2, 2, 3, 0, 0, 0, 5, 0, 0, 4, 0, 0, 0, 0, 0, 0, 0, 0, 0, 0, 0, 0, 0, 0, 0, 0, 0, 0, 0, 0, 0, 0, 0, 0, 0, 0, 0, 0, 0, 0, 0, 0, 0, 0, 0, 0, 0, 0, 0, 0, 0, 0, 0, 0, 0, 0, 0, 0, 0, 0, 0, 0, 0, 0, 0, 2, 0, 0, 2, 6, 0, 0, 1, 0, 1, 2, 0, 3, 2, 0, 4, 0, 1, 0, 0, 0, 0, 0, 0, 0, 0, 0, 0, 0, 0, 0, 0, 0, 0, 0, 0, 0, 0, 0, 0, 0, 0, 0, 0, 0, 0, 0, 0, 0, 0, 0, 0, 0, 0, 0, 0, 0, 0, 0, 0, 0, 0, 0, 0, 0, 0, 0, 0, 0, 0, 0, 0, 0, 0, 0, 0, 0, 0, 0, 0, 0, 0, 0, 0, 0, 0, 0, 0, 0, 0, 0, 0, 0, 0, 0, 0, 0, 0, 0, 0, 0, 0, 0, 0, 0, 0, 0, 0, 0, 0, 0, 0, 0, 0, 0, 0, 0, 0, 0, 0, 0, 0, 0, 0, 0, 0, 0, 0, 0, 0, 0, 0, 0, 0, 0, 0, 0, 0, 0, 0, 0, 0, 0, 0, 0, 0, 0, 0, 0, 0, 0, 0, 0, 0, 0, 0, 0, 0, 0, 0, 0, 0, 0, 0, 6, 0, 0, 0, 0, 0, 0, 0, 0, 0, 0, 0, 0, 0, 0, 0, 0, 0, 0, 0, 0, 0, 0, 0, 0, 0, 0, 0, 0, 0, 0, 0, 0, 4, 0, 0, 0, 0, 0, 0, 0, 0, 0, 0, 0, 0, 0, 0, 0, 0, 0, 0, 0, 0, 0, 0, 0, 0, 0, 0, 0, 0, 0, 0, 0, 0, 0, 0, 0, 0, 0, 0, 0, 0, 0, 0, 0, 0, 0, 0, 0, 0, 0, 0, 0, 0, 0, 0, 0, 0, 0, 0, 0, 0, 0, 0, 0, 0, 0, 0, 0, 0, 0, 0, 0, 0, 0, 0, 0, 0, 0, 0, 0, 0, 0, 0, 0, 0, 0, 0, 0, 0, 0, 0, 0, 0, 0, 0, 0, 0, 0, 0, 0, 0, 0, 0, 0, 0, 0, 0, 0, 0, 0, 0, 0, 0, 0, 0, 0, 0, 0, 0, 0, 0, 0, 0, 0, 0, 0, 0, 0, 0, 0, 0, 0, 0, 0, 0, 0, 0, 0, 0, 0, 0, 0, 0, 0, 0, 0, 0, 0, 0, 0, 0, 0, 0, 0, 0, 0, 0, 0, 0, 0, 0, 0, 0, 0, 0, 0, 0, 0, 0, 0, 0, 0, 0, 0, 0, 0, 0, 0, 0, 0, 0, 0, 0, 0, 0, 0, 0, 0, 0, 0, 0, 0, 0, 0, 0, 0, 0, 0, 0, 0, 0, 0, 0, 0, 0, 0, 0, 0, 0, 0, 0, 0, 0, 0, 0, 0, 0, 0, 0, 0, 0, 0, 0, 0, 0, 0, 0, 0, 0, 0, 0, 0, 0, 0, 0, 0, 0, 0, 0, 0, 0, 0, 0, 0, 0, 0, 0, 0, 0, 0, 0, 0, 0, 0, 0, 0, 0, 0, 0, 0, 0, 0, 0, 0, 0, 0, 0, 0, 0, 0, 0, 0, 0, 0, 0, 0, 0, 0, 0, 0, 0, 0, 0, 0, 0, 0, 0, 0, 0, 0, 0, 0, 0, 0, 0, 0, 0, 0, 0, 0, 0, 0, 0, 0, 0, 0, 0, 0, 0, 0, 0, 0, 0, 0, 0, 0, 0, 0, 0, 0, 0, 0, 0, 0, 0, 0, 0, 0, 0, 0, 0, 0, 0, 0, 0, 0, 0, 0, 0, 0, 0, 0, 0, 0, 0, 0, 0, 0, 0, 0, 0, 0, 0, 0, 0, 0, 0, 0, 0, 0, 0, 0, 0, 0, 0, 0, 0, 0, 0, 0, 0, 0, 0, 0, 0, 0, 0, 0, 0, 0, 0, 0, 0, 0, 0, 0, 0, 0, 0, 0, 0, 0, 0, 0, 0, 0, 0, 0, 0, 0, 0, 0, 0, 0, 0, 0, 0, 0, 0, 0, 0, 0, 0, 0, 0, 0, 0, 0, 0, 0, 0, 0, 0, 0, 0, 0, 0, 0, 0, 0, 0, 0, 0, 0, 0, 0, 0, 0, 0, 0, 0, 0, 0, 0, 0, 0, 0, 0, 0, 0, 0, 0, 0, 0, 0, 0, 0, 0, 0, 0, 0, 0, 0, 0, 0, 0, 0, 0, 0, 0, 0, 0, 0, 0, 0, 0, 0, 0, 0, 0, 0, 0, 0, 0, 0, 0, 0, 0, 0, 0, 0, 0, 0, 0, 0, 0, 0, 0, 0, 0, 0, 0, 0, 0, 0, 0, 0, 0, 0, 0, 0, 0, 0, 0, 0, 0, 0, 0, 0, 0, 0, 0, 0, 0, 0, 0, 0, 0, 0, 0, 0, 0, 0, 0, 0, 0, 0, 0, 0, 0, 0, 0, 0, 0, 0, 0, 0, 0, 0, 0, 0, 0, 0, 0, 0, 0, 0, 0, 0, 0, 0, 0, 0, 0, 0, 0, 0, 0, 0, 0, 0, 0, 0, 0, 0, 0, 0, 0, 0, 0, 0, 0, 0, 0, 0, 0, 0, 0, 0, 0, 0, 0, 0, 0, 0, 0, 0, 0, 0, 0, 0, 0, 0, 0, 0, 0, 0, 0, 0, 0, 0, 0, 0, 0, 0, 0, 0, 0, 0, 0, 0, 0, 0, 0, 0, 0, 0, 0, 0, 0, 0, 0, 0, 0, 0, 0, 0, 0, 0, 0, 0, 0, 0, 0, 0, 0, 0, 0, 0, 0, 0, 0, 0, 0, 0, 0, 0, 0, 0, 0, 0, 0, 0, 0, 0, 0, 0, 0, 0, 0, 0, 0, 0, 0, 0, 0, 0, 0, 0, 0, 0, 0, 0, 0, 0, 0, 0, 0, 0, 0, 0, 0, 0, 0, 0, 0, 0, 0, 0, 0, 0, 0, 0, 0, 0, 0, 0, 0, 0, 0, 0, 0, 0, 0, 0, 1, 0, 0, 0, 0, 0, 0, 0, 0, 0, 0, 0, 0, 0, 0, 0, 0, 0, 0, 0, 0, 0, 0, 0, 0, 0, 0, 0, 0, 0, 0, 0, 0, 0, 0, 0, 0, 0, 0, 0, 0, 0, 0, 0, 0, 0, 0, 0, 0, 0, 0, 0, 0, 0, 0, 0, 0, 0, 0, 0, 0, 0, 0, 0, 0, 0, 0, 0, 0, 0, 0, 0, 0, 0, 0, 0, 0, 0, 0, 0, 0, 0, 0, 0, 0, 0, 0, 0, 0, 0, 0, 0, 0, 0, 0, 0, 0, 0, 0, 0, 0, 0, 0, 0, 0, 0, 0, 0, 0, 0, 0, 0, 0, 0, 0, 0, 0, 0, 0, 0, 0, 0, 0, 0, 0, 0, 0, 0, 0, 0, 0, 0, 0, 0, 0, 0, 0, 0, 0, 0, 0, 0, 0, 0, 0, 0, 0, 0, 0, 0, 0, 0, 0, 0, 0, 0, 0, 0, 0, 0, 0, 0, 0, 0, 0, 0, 0, 0, 0, 0, 0, 0, 0, 0, 0, 0, 0, 0, 0, 0, 0, 0, 0, 0, 0, 0, 0, 0, 0, 0, 0, 0, 0, 0, 0, 0, 0, 0, 0, 0, 0, 0, 0, 0, 0, 0, 0, 0, 0, 0, 0, 0, 0, 0, 0, 0, 0, 0, 0, 0, 0, 0, 0, 0, 0, 0, 0, 0, 0, 0, 0, 0, 0, 0, 0, 0, 0, 0, 0, 0, 0, 0, 0, 0, 0, 0, 0, 0, 0, 0, 0, 0, 0, 0, 0, 0, 0, 0, 0, 0, 0, 0, 0, 0, 0, 0, 0, 0, 0, 0, 0, 0, 0, 0, 0, 0, 0, 0, 0, 0, 0, 0, 0, 0, 0, 0, 0, 0, 0, 0, 0, 0, 0, 0, 0, 0, 0, 0, 0, 0, 0, 0, 0, 0, 0, 0, 0, 0, 0, 0, 0, 0, 0, 0, 0, 0, 0, 0, 0, 0, 0, 0, 0, 0, 0, 0, 0, 0, 0, 0, 0, 0, 0, 0, 0, 0, 0, 0, 0, 0, 0, 0, 0, 0, 0, 0, 0, 0, 0, 0, 0, 0, 0, 0, 0, 0, 0, 0, 0, 0, 0, 0, 0, 0, 0, 0, 0, 0, 0, 0, 0, 0, 0, 0, 0, 0, 0, 0, 0, 0, 0, 0, 0, 0, 0, 0, 0, 0, 0, 0, 0, 0, 0, 0, 0, 0, 0, 0, 0, 0, 0, 0, 0, 0, 0, 0, 0, 0, 0, 0, 0, 0, 0, 0, 0, 0, 0, 0, 0, 0, 0, 0, 0, 0, 0, 0, 0, 0, 0, 0, 0, 0, 0, 0, 0, 0, 0, 0, 0, 0, 0, 0, 0, 0, 0, 0, 0, 0, 0, 0, 0, 0, 0, 0, 0, 0, 0, 0, 0, 0, 0, 0, 0, 0, 0, 0, 0, 0, 0, 0, 0, 0, 0, 0, 0, 0, 0, 0, 0, 0, 0, 0, 0, 0, 0, 0, 0, 0, 0, 0, 0, 0, 0, 0, 0, 0, 0, 0, 0, 0, 0, 0, 0, 0, 0, 0, 0, 0, 0, 0, 0, 0, 0, 0, 0, 0, 0, 0, 0, 0, 0, 0, 0, 0, 0, 0, 0, 0, 0, 0, 0, 0, 0, 0, 0, 0, 0, 0, 0, 0, 0, 0, 0, 0, 0, 0, 0, 0, 0, 0, 0, 0, 0, 0, 0, 0, 0, 0, 0, 0, 0, 0, 0, 0, 0, 0, 0, 0, 0, 0, 0, 0, 0, 0, 0, 0, 0, 0, 0, 0, 0, 0, 0, 0, 0, 0, 0, 0, 0, 0, 0, 0, 0, 0, 0, 0, 0, 0, 0, 0, 0, 0, 0, 0, 0, 0, 0, 0, 0, 0, 0, 0, 0, 0, 0, 0, 0, 0, 0, 0, 0, 0, 0, 0, 0, 0, 0, 0, 0, 0, 0, 0, 0, 0, 0, 0, 0, 0, 0, 0, 0, 0, 0, 0, 0, 0, 0, 0, 0, 0, 0, 0, 0, 0, 0, 0, 0, 0, 0, 0, 0, 0, 0, 0, 0, 0, 0, 0, 0, 0, 0, 0, 0, 0, 0, 0, 0, 0, 0, 0, 0, 0, 0, 0, 0, 0, 0, 0, 0, 0, 0, 0, 0, 0, 0, 0, 0, 0, 0, 0, 0, 0, 0, 0, 0, 0, 0, 0, 0, 0, 0, 0, 0, 0, 0, 0, 0, 0, 0, 0, 0, 0, 0, 0, 0, 0, 0, 0, 0, 0, 0, 0, 0, 0, 0, 0, 0, 0, 0, 0, 0, 0, 0, 0, 0, 0, 0, 0, 0, 0, 0, 0, 0, 0, 0, 0, 0, 0, 0, 0, 0, 0, 0, 0, 0, 0, 0, 0, 0, 0, 0, 0, 0, 0, 0, 0, 0, 0, 0, 0, 0, 0, 0, 0, 0, 0, 0, 0, 0, 0, 0, 0, 0, 0, 0, 0, 0, 0, 0, 0, 0, 0, 0, 0, 0, 0, 0, 0, 0, 0, 0, 0, 0, 0, 0, 0, 0, 0, 0, 0, 0, 0, 0, 0, 0, 0, 0, 0, 0, 2, 0, 0, 0, 0, 0, 0, 0, 0, 0, 0, 0, 0, 0, 0, 0, 0, 0, 0, 0, 0, 0, 0, 0, 0, 0, 0, 0, 0, 0, 0, 0, 0, 0, 0, 0, 0, 0, 0, 0, 0, 0, 0, 0, 0, 0, 0, 0, 0, 0, 0, 0, 0, 0, 0, 0, 0, 0, 0, 0, 0, 0, 0, 0, 0, 0, 0, 0, 0, 0, 0, 0, 0, 0, 0, 0, 0, 0, 0, 0, 0, 0, 0, 0, 0, 0, 0, 0, 0, 0, 0, 0, 0, 0, 0, 0, 0, 0, 0, 0, 0, 0, 0, 0, 0, 0, 0, 0, 0, 0, 0, 0, 0, 0, 0, 0, 0, 0, 0, 0, 0, 0, 0, 0, 0, 0, 0, 0, 0, 0, 0, 0, 0, 0, 0, 0, 0, 0, 0, 0, 0, 0, 0, 0, 0, 0, 0, 0, 0, 0, 0, 0, 0, 0, 0, 0, 0, 0, 0, 0, 0, 0, 0, 0, 0, 0, 0, 0, 0, 0, 0, 0, 0, 0, 0, 0, 0, 0, 0, 0, 0, 0, 0, 0, 0, 0, 0, 0, 0, 0, 0, 0, 0, 0, 0, 0, 0, 0, 0, 0, 0, 0, 0, 0, 0, 0, 0, 0, 0, 0, 0, 0, 4, 0, 0, 0, 0, 0, 0, 0, 0, 0, 0, 0, 0, 0, 0, 0, 0, 0, 0, 0, 0, 0, 0, 0, 0, 0, 0, 0, 0, 0, 0, 0, 0, 0, 0, 0, 0, 0, 0, 0, 0, 0, 0, 0, 0, 0, 0, 0, 0, 0, 0, 0, 0, 0, 0, 0, 0, 0, 0, 0, 0, 0, 0, 0, 0, 0, 0, 0, 0, 0, 0, 0, 0, 0, 0, 0, 0, 0, 0, 0, 0, 0, 0, 0, 0, 0, 0, 0, 0, 0, 0, 0, 0, 0, 0, 0, 0, 0, 0, 0, 0, 0, 0, 0, 0, 0, 0, 0, 0, 0, 0, 0, 0, 0, 0, 0, 0, 0, 0, 0, 0, 0, 0, 0, 0, 0, 0, 0, 0, 0, 0, 0, 0, 0, 0, 0, 0, 0, 0, 0, 0, 0, 0, 0, 0, 0, 0, 0, 0, 0, 0, 0, 0, 0, 0, 0, 0, 0, 0, 0, 0, 0, 0, 0, 0, 0, 0, 0, 0, 0, 0, 0, 0, 0, 0, 0, 0, 0, 0, 0, 0, 0, 0, 0, 0, 0, 0, 0, 0, 0, 0, 0, 0, 0, 0, 0, 0, 0, 0, 0, 0, 0, 0, 0, 0, 0, 0, 0, 0, 0, 0, 0, 0, 0, 0, 0, 0, 0, 0, 0, 0, 0, 0, 0, 0, 0, 0, 0, 0, 0, 0, 0, 0, 0, 0, 0, 0, 0, 0, 0, 0, 0, 0, 0, 0, 0, 0, 0, 0, 0, 0, 0, 0, 0, 0, 0, 0, 0, 0, 0, 0, 0, 0, 0, 0, 0, 0, 0, 0, 0, 0, 0, 0, 0, 0, 0, 0, 0, 0, 0, 0, 0, 0, 0, 0, 0, 0, 0, 0, 0, 0, 0, 0, 0, 0, 0, 0, 0, 0, 0, 0, 0, 0, 0, 0, 0, 0, 0, 0, 0, 0, 0, 0, 0, 0, 0, 0, 0, 0, 0, 0, 0, 0, 0, 0, 0, 0, 0, 0, 0, 0, 0, 0, 0, 0, 0, 0, 0, 0, 0, 0, 0, 0, 0, 0, 0, 0, 0, 0, 0, 0, 0, 0, 0, 0, 0, 0, 0, 0, 0, 0, 0, 0, 0, 0, 0, 0, 0, 0, 0, 0, 0, 0, 0, 0, 0, 0, 0, 0, 0, 0, 0, 0, 0, 0, 0, 0, 0, 0, 0, 0, 0, 0, 0, 0, 0, 0, 0, 0, 0, 0, 0, 0, 0, 0, 0, 0, 0, 0, 0, 0, 0, 0, 0, 0, 0, 0, 0, 0, 0, 0, 0, 0, 0, 0, 0, 0, 0, 0, 0, 0, 0, 0, 0, 0, 0, 0, 0, 0, 0, 0, 0, 0, 0, 0, 0, 0, 0, 0, 0, 0, 0, 0, 0, 0, 0, 0, 0, 0, 0, 0, 0, 0, 0, 0, 0, 0, 0, 0, 0, 0, 0, 0, 0, 0, 0, 0, 0, 0, 0, 0, 0, 0, 0, 0, 0, 0, 0, 0, 0, 0, 0, 0, 0, 0, 0, 0, 0, 0, 0, 0, 0, 0, 0, 0, 0, 0, 0, 0, 0, 0, 0, 0, 0, 0, 0, 0, 0, 0, 0, 0, 0, 0, 0, 0, 0, 0, 0, 0, 0, 0, 0, 0, 0, 0, 0, 0, 0, 0, 0, 0, 0, 0, 0, 0, 0, 0, 0, 0, 0, 0, 0, 0, 0, 0, 0, 0, 0, 0, 0, 0, 0, 0, 0, 0, 0, 0, 0, 0, 0, 0, 0, 0, 0, 0, 0, 0, 0, 0, 0, 0, 0, 0, 0, 0, 0, 0, 0, 0, 0, 0, 0, 0, 0, 0, 0, 0, 0, 0, 0, 0, 0, 0, 0, 0, 0, 0, 0, 0, 0, 0, 0, 0, 0, 0, 0, 0, 0, 0, 0, 0, 0, 0, 0, 0, 0, 0, 0, 0, 0, 0, 0, 0, 0, 0, 0, 0, 0, 0, 0, 0, 0, 0, 0, 0, 0, 0, 0, 0, 0, 0, 0, 0, 0, 0, 0, 0, 0, 0, 0, 0, 0, 0, 0, 0, 0, 0, 0, 0, 0, 0, 0, 0, 0, 0, 0, 0, 0, 0, 0, 0, 0, 0, 0, 0, 0, 0, 0, 0, 0, 0, 0, 0, 0, 0, 0, 0, 0, 0, 0, 0, 0, 0, 0, 0, 0, 0, 0, 0, 0, 0, 0, 0, 0, 0, 0, 0, 0, 0, 0, 0, 0, 0, 0, 0, 0, 0, 0, 0, 0, 0, 0, 0, 0, 0, 0, 0, 0, 0, 0, 0, 0, 0, 0, 0, 0, 0, 0, 0, 0, 0, 0, 0, 0, 0, 0, 0, 0, 0, 0, 0, 0, 0, 0, 0, 0, 0, 0, 0, 0, 0, 0, 0, 0, 0, 0, 0, 0, 0, 0, 0, 0, 0, 0, 0, 0, 0, 0, 0, 0, 0, 0, 0, 0, 0, 0, 0, 0, 0, 0, 0, 0, 0, 0, 0, 0, 0, 0, 0, 0, 0, 0, 0, 0, 0, 0, 0, 0, 0, 0, 0, 0, 0, 0, 0, 0, 0, 0, 0, 0, 0, 0, 0, 0, 0, 0, 0, 0, 0, 0, 0, 0, 0, 0, 0, 0, 0, 0, 0, 0, 0, 0, 0, 0, 0, 0, 0, 0, 0, 0, 0, 0, 0, 0, 0, 0, 0, 0, 0, 0, 0, 0, 0, 0, 0, 0, 0, 0, 0, 0, 0, 0, 0, 0, 0, 0, 0, 0, 0, 0, 0, 0, 0, 0, 0, 0, 0, 0, 0, 0, 0, 0, 0, 0, 0, 0, 0, 0, 0, 0, 0, 0, 0, 0, 0, 0, 0, 0, 0, 0, 0, 0, 0, 0, 0, 0, 0, 0, 0, 0, 0, 0, 0, 0, 0, 0, 0, 0, 0, 0, 0, 0, 0, 0, 0, 0, 0, 0, 0, 0, 0, 0, 0, 0, 0, 0, 0, 0, 0, 0, 0, 0, 0, 0, 0, 0, 0, 0, 0, 0, 0, 0, 0, 0, 0, 0, 0, 0, 0, 0, 0, 0, 0, 0, 0, 0, 0, 0, 0, 0, 0, 0, 0, 0, 0, 0, 0, 0, 0, 0, 0, 0, 0, 0, 0, 0, 0, 0, 0, 0, 0, 0, 0, 0, 0, 0, 0, 0, 0, 0, 0, 0, 0, 0, 0, 0, 0, 0, 0, 0, 0, 0, 0, 0, 0, 0, 0, 0, 0, 0, 0, 0, 0, 0, 0, 0, 0, 0, 0, 0, 0, 0, 0, 0, 0, 0, 0, 0, 0, 0, 0, 0, 0, 0, 0, 0, 0, 0, 0, 0, 0, 0, 0, 0, 0, 0, 0, 0, 0, 0, 0, 0, 0, 0, 0, 0, 0, 0, 0, 0, 0, 0, 0, 0, 0, 0, 0, 0, 0, 0, 0, 0, 0, 0, 0, 0, 0, 0, 0, 0, 0, 0, 0, 0, 0, 0, 0, 0, 0, 0, 0, 0, 0, 0, 0, 0, 0, 0, 0, 0, 0, 0, 0, 0, 0, 0, 0, 0, 0, 0, 0, 0, 0, 0, 0, 0, 0, 0, 0, 0, 0, 0, 0, 0, 0, 0, 0, 0, 0, 0, 0, 0, 0, 0, 0, 0, 0, 0, 0, 0, 0, 0, 0, 0, 0, 0, 0, 0, 0, 0, 0, 0, 0, 0, 0, 0, 0, 0, 0, 0, 0, 0, 0, 0, 0, 0, 0, 0, 0, 0, 0, 0, 0, 0, 0, 0, 0, 0, 0, 0, 0, 0, 0, 0, 0, 0, 0, 0, 0, 0, 0, 0, 0, 0, 0, 0, 0, 0, 0, 0, 0, 0, 0, 0, 0, 0, 0, 0, 0, 0, 0, 0, 0, 0, 0, 0, 0, 0, 0, 0, 0, 0, 0, 0, 0, 0, 0, 0, 0, 0, 0, 0, 0, 0, 0, 0, 0, 0, 0, 0, 0, 0, 0, 0, 0, 0, 0, 0, 0, 0, 0, 0, 0, 0, 0, 0, 0, 0, 0, 0, 0, 0, 0, 0, 0, 0, 0, 0, 0, 0, 0, 0, 0, 0, 0, 0, 0, 0, 0, 0, 0, 0, 0, 0, 0, 0, 0, 0, 0, 0, 0, 0, 0, 0, 0, 0, 0, 0, 0, 0, 0, 0, 0, 0, 0, 0, 0, 0, 0, 0, 0, 0, 0, 0, 0, 0, 0, 0, 0, 0, 0, 0, 0, 0, 0, 0, 0, 0, 0, 0, 0, 0, 0, 0, 0, 0, 0, 0, 0, 0, 0, 0, 0, 0, 0, 0, 0, 0, 0, 0, 0, 0, 0, 0, 0, 0, 0, 0, 0, 0, 0, 0, 0, 0, 0, 0, 0, 0, 0, 0, 0, 0, 0, 0, 0, 0, 0, 0, 0, 0, 0, 0, 0, 0, 0, 0, 0, 0, 0, 0, 0, 0, 0, 0, 0, 0, 0, 0, 0, 0, 0, 0, 0, 0, 0, 0, 0, 0, 0, 0, 0, 0, 0, 0, 0, 0, 0, 0, 0, 0, 0, 0, 0, 0, 0, 0, 0, 0, 0, 0, 0, 0, 0, 0, 0, 0, 0, 0, 0, 0, 0, 0, 0, 0, 0, 0, 0, 0, 0, 0, 0, 0, 0, 0, 0, 0, 0, 0, 0, 0, 0, 0, 0, 0, 0, 0, 0, 0, 0, 0, 0, 0, 0, 0, 0, 0, 0, 0, 0, 0, 0, 0, 0, 0, 0, 0, 0, 0, 0, 0, 0, 0, 0, 0, 0, 0, 0, 0, 0, 0, 0, 0, 0, 0, 0, 0, 0, 0, 0, 0, 0, 0, 0, 0, 0, 0, 0, 0, 0, 0, 0, 0, 0, 0, 0, 0, 0, 0, 0, 0, 0, 0, 0, 0, 0, 0, 0, 0, 0, 0, 0, 0, 0, 0, 0, 0, 0, 0, 0, 0, 0, 0, 0, 0, 0, 0, 0, 0, 0, 0, 0, 0, 0, 0, 0, 0, 0, 0, 0, 0, 0, 0, 0, 0, 0, 0, 0, 0, 0, 0, 0, 0, 0, 0, 0, 0, 0, 0, 0, 0, 0, 0, 0, 0, 0, 0, 0, 0, 0, 0, 0, 0, 0, 0, 0, 0, 0, 0, 0, 0, 0, 0, 0, 0, 0, 0, 0, 0, 0, 0, 0, 0, 0, 0, 0, 0, 0, 0, 0, 0, 0, 0, 0, 0, 0, 0, 0, 0, 0, 0, 0, 0, 0, 0, 0, 0, 0, 0, 0, 0, 0, 0, 0, 0, 0, 0, 0, 0, 0, 0, 0, 0, 0, 0, 0, 0, 0, 0, 0, 0, 0, 0, 0, 0, 0, 0, 0, 0, 0, 0, 0, 0, 0, 0, 0, 0, 0, 0, 0, 0, 0, 0, 0, 0, 0, 0, 0, 0, 0, 0, 0, 0, 0, 0, 0, 0, 0, 0, 0, 0, 0, 0, 0, 0, 0, 0, 0, 0, 0, 0, 0, 0, 0, 0, 0, 0, 0, 0, 0, 0, 0, 0, 0, 0, 0, 0, 0, 0, 0, 0, 0, 0, 0, 0, 0, 0, 0, 0, 0, 0, 0, 0, 0, 0, 0, 0, 0, 0, 0, 0, 0, 0, 0, 0, 0, 0, 0, 0, 0, 0, 0, 0, 0, 0, 0, 0, 0, 0, 0, 0, 0, 0, 0, 0, 0, 0, 0, 0, 0, 0, 0, 0, 0, 0, 0, 0, 0, 0, 0, 0, 0, 0, 0, 0, 0, 0, 0, 0, 0, 0, 0, 0, 0, 0, 0, 0, 0, 0, 0, 0, 0, 0, 0, 0, 0, 0, 0, 0, 0, 0, 0, 0, 0, 0, 0, 0, 0, 0, 0, 0, 0, 0, 0, 0, 0, 0, 0, 0, 0, 0, 0, 0, 0, 0, 0, 0, 0, 0, 0, 0, 0, 0, 0, 0, 0, 0, 0, 0, 0, 0, 0, 0]
