===== RESULTADO GA L(2,1) =====
Arquivo: /Users/mateuspedrosa/Documents/TCC-II/BOGA/data/Harwell-Boeing_cleaned/lnsp_131_clean.mtx (undirected)
Crossover: cx | Mutação: em | pop=30 | gens=53 | mut=0.446 | cr=0.5724 | runs=1 | max-stagt=1031

----- Execução #1 -----
Span (lambda): 5
Parada: MAX_GENS (geração 53)
best_order = [108, 69, 76, 93, 32, 0, 128, 107, 73, 120, 85, 15, 57, 44, 41, 29, 18, 47, 102, 20, 124, 125, 110, 114, 123, 21, 30, 38, 55, 80, 43, 92, 53, 89, 61, 117, 31, 64, 12, 4, 66, 129, 78, 50, 121, 39, 45, 25, 26, 46, 17, 96, 72, 8, 34, 75, 52, 23, 74, 119, 122, 103, 113, 24, 60, 63, 9, 49, 109, 112, 99, 14, 33, 116, 7, 22, 115, 67, 127, 48, 106, 82, 94, 28, 59, 98, 6, 11, 10, 65, 79, 27, 77, 58, 1, 71, 100, 81, 35, 84, 13, 56, 111, 68, 16, 95, 83, 5, 88, 19, 97, 51, 42, 126, 105, 40, 87, 118, 54, 91, 90, 36, 37, 2, 3, 101, 62, 70, 86, 130, 104]
labeling = [0, 5, 2, 0, 2, 2, 4, 0, 2, 3, 0, 0, 0, 5, 2, 0, 0, 0, 0, 0, 0, 0, 0, 0, 0, 0, 0, 0, 0, 0, 0, 0, 0, 0, 1, 0, 1, 2, 0, 0, 0, 0, 0, 0, 0, 0, 0, 0, 0, 0, 0, 0, 0, 0, 0, 0, 0, 0, 0, 0, 0, 0, 0, 0, 0, 0, 0, 0, 0, 0, 0, 0, 0, 0, 0, 0, 0, 0, 0, 0, 0, 0, 0, 0, 0, 0, 0, 0, 0, 0, 0, 0, 0, 0, 0, 0, 0, 0, 0, 0, 0, 0, 0, 0, 0, 0, 0, 0, 0, 0, 0, 0, 0, 0, 0, 0, 0, 0, 0, 0, 0, 0, 0, 0, 0, 0, 0, 0, 0, 0, 0]
convergência = [5, 5, 5, 5, 5, 5, 5, 5, 5, 5, 5, 5, 5, 5, 5, 5, 5, 5, 5, 5, 5, 5, 5, 5, 5, 5, 5, 5, 5, 5, 5, 5, 5, 5, 5, 5, 5, 5, 5, 5, 5, 5, 5, 5, 5, 5, 5, 5, 5, 5, 5, 5, 5]
================================

----- Melhor execução -----
Span (lambda): 5
best_order = [108, 69, 76, 93, 32, 0, 128, 107, 73, 120, 85, 15, 57, 44, 41, 29, 18, 47, 102, 20, 124, 125, 110, 114, 123, 21, 30, 38, 55, 80, 43, 92, 53, 89, 61, 117, 31, 64, 12, 4, 66, 129, 78, 50, 121, 39, 45, 25, 26, 46, 17, 96, 72, 8, 34, 75, 52, 23, 74, 119, 122, 103, 113, 24, 60, 63, 9, 49, 109, 112, 99, 14, 33, 116, 7, 22, 115, 67, 127, 48, 106, 82, 94, 28, 59, 98, 6, 11, 10, 65, 79, 27, 77, 58, 1, 71, 100, 81, 35, 84, 13, 56, 111, 68, 16, 95, 83, 5, 88, 19, 97, 51, 42, 126, 105, 40, 87, 118, 54, 91, 90, 36, 37, 2, 3, 101, 62, 70, 86, 130, 104]
labeling = [0, 5, 2, 0, 2, 2, 4, 0, 2, 3, 0, 0, 0, 5, 2, 0, 0, 0, 0, 0, 0, 0, 0, 0, 0, 0, 0, 0, 0, 0, 0, 0, 0, 0, 1, 0, 1, 2, 0, 0, 0, 0, 0, 0, 0, 0, 0, 0, 0, 0, 0, 0, 0, 0, 0, 0, 0, 0, 0, 0, 0, 0, 0, 0, 0, 0, 0, 0, 0, 0, 0, 0, 0, 0, 0, 0, 0, 0, 0, 0, 0, 0, 0, 0, 0, 0, 0, 0, 0, 0, 0, 0, 0, 0, 0, 0, 0, 0, 0, 0, 0, 0, 0, 0, 0, 0, 0, 0, 0, 0, 0, 0, 0, 0, 0, 0, 0, 0, 0, 0, 0, 0, 0, 0, 0, 0, 0, 0, 0, 0, 0]
