===== RESULTADO GA L(2,1) =====
Arquivo: /Users/mateuspedrosa/Documents/TCC-II/BOGA/data/Harwell-Boeing_cleaned/lshp_406_clean.mtx (undirected)
Crossover: cx | Mutação: em | pop=30 | gens=53 | mut=0.446 | cr=0.5724 | runs=1 | max-stagt=1031

----- Execução #1 -----
Span (lambda): 298
Parada: MAX_GENS (geração 53)
best_order = [0, 1, 2, 3, 4, 5, 6, 7, 8, 9, 10, 11, 12, 13, 14, 15, 16, 17, 18, 19, 20, 21, 22, 23, 24, 25, 26, 27, 28, 29, 30, 31, 32, 33, 34, 35, 36, 37, 38, 39, 40, 41, 42, 43, 44, 45, 46, 47, 48, 49, 50, 51, 52, 53, 54, 55, 56, 57, 58, 59, 60, 61, 62, 63, 64, 65, 66, 67, 68, 69, 70, 71, 72, 73, 74, 75, 76, 77, 78, 79, 80, 81, 82, 83, 84, 85, 86, 87, 88, 89, 90, 91, 92, 93, 94, 95, 96, 97, 98, 99, 100, 101, 102, 103, 104, 105, 106, 107, 108, 109, 110, 111, 112, 113, 114, 115, 116, 117, 118, 119, 120, 121, 122, 123, 124, 125, 126, 127, 128, 129, 130, 131, 132, 133, 134, 135, 136, 137, 138, 139, 140, 141, 142, 143, 144, 145, 146, 147, 148, 149, 150, 151, 152, 153, 154, 155, 156, 157, 158, 159, 160, 161, 162, 163, 164, 165, 166, 167, 168, 169, 170, 171, 172, 173, 174, 175, 176, 177, 178, 179, 180, 181, 182, 183, 184, 185, 186, 187, 188, 189, 190, 191, 192, 193, 194, 195, 196, 197, 198, 199, 200, 201, 202, 203, 204, 205, 206, 207, 208, 209, 210, 211, 212, 213, 214, 215, 216, 217, 218, 219, 220, 221, 222, 223, 224, 225, 226, 227, 228, 229, 230, 231, 232, 233, 234, 235, 236, 237, 238, 239, 240, 241, 242, 243, 244, 245, 246, 247, 248, 249, 250, 251, 252, 253, 254, 255, 256, 257, 258, 259, 260, 261, 262, 263, 264, 265, 266, 267, 268, 269, 270, 271, 272, 273, 274, 275, 276, 277, 278, 279, 280, 281, 282, 283, 284, 285, 286, 287, 288, 289, 290, 291, 292, 293, 294, 295, 296, 297, 298, 299, 300, 301, 302, 303, 304, 305, 306, 307, 308, 309, 310, 311, 312, 313, 314, 315, 316, 317, 318, 319, 320, 321, 322, 323, 324, 325, 326, 327, 328, 329, 330, 331, 332, 333, 334, 335, 336, 337, 338, 339, 340, 341, 342, 343, 344, 345, 346, 347, 348, 349, 350, 351, 352, 353, 354, 355, 356, 357, 358, 359, 360, 361, 362, 363, 364, 365, 366, 367, 368, 369, 370, 371, 372, 373, 374, 375, 376, 377, 378, 379, 380, 381, 382, 383, 384, 385, 386, 387, 388, 389, 390, 391, 392, 393, 394, 395, 396, 397, 398, 399, 400, 401, 402, 403, 404, 405]
labeling = [0, 2, 4, 6, 3, 5, 7, 8, 10, 12, 9, 14, 11, 13, 15, 16, 18, 20, 21, 23, 17, 19, 22, 24, 26, 28, 25, 30, 27, 29, 31, 33, 34, 32, 35, 37, 38, 36, 39, 40, 42, 43, 41, 44, 46, 48, 45, 50, 47, 49, 51, 52, 54, 56, 57, 59, 53, 55, 58, 60, 62, 64, 65, 61, 63, 66, 67, 69, 71, 72, 74, 68, 70, 73, 75, 77, 79, 81, 76, 78, 80, 82, 83, 85, 86, 87, 84, 88, 89, 91, 93, 90, 95, 92, 94, 96, 97, 99, 101, 102, 104, 98, 100, 103, 105, 107, 109, 110, 106, 108, 111, 112, 114, 116, 117, 119, 113, 115, 118, 120, 122, 124, 126, 121, 123, 125, 127, 128, 130, 131, 132, 129, 133, 134, 136, 138, 135, 137, 139, 140, 141, 143, 142, 144, 146, 148, 145, 147, 149, 151, 153, 150, 152, 154, 155, 156, 158, 157, 159, 161, 163, 160, 162, 164, 166, 168, 165, 167, 169, 170, 171, 173, 172, 174, 176, 178, 175, 177, 179, 180, 181, 183, 182, 184, 186, 188, 185, 190, 187, 189, 191, 193, 195, 192, 197, 199, 194, 196, 198, 200, 202, 203, 201, 204, 205, 207, 208, 206, 209, 211, 213, 210, 215, 212, 214, 216, 217, 219, 221, 222, 224, 218, 220, 223, 225, 227, 229, 231, 226, 228, 230, 232, 233, 235, 236, 237, 234, 238, 239, 241, 243, 240, 242, 244, 245, 246, 248, 247, 249, 251, 253, 250, 252, 254, 256, 258, 255, 257, 259, 260, 261, 263, 262, 264, 266, 268, 265, 267, 269, 270, 271, 1, 272, 0, 0, 0, 0, 0, 0, 0, 273, 274, 0, 0, 275, 0, 2, 276, 0, 0, 0, 277, 278, 1, 0, 0, 0, 0, 0, 0, 0, 0, 0, 0, 0, 279, 0, 0, 0, 0, 0, 0, 0, 0, 0, 0, 0, 0, 0, 0, 280, 0, 0, 0, 0, 0, 0, 0, 0, 0, 281, 282, 283, 1, 0, 0, 0, 0, 0, 0, 0, 0, 0, 0, 0, 0, 0, 0, 0, 0, 0, 0, 0, 0, 0, 284, 285, 0, 0, 286, 0, 0, 0, 0, 0, 0, 287, 0, 0, 288, 289, 290, 1, 0, 0, 0, 0, 0, 0, 291, 0, 0, 0, 0, 0, 0, 0, 0, 0, 1, 292, 0, 0, 293, 0, 294, 295, 0, 0, 1, 0, 0, 296, 0, 297, 298]
convergência = [298, 298, 298, 298, 298, 298, 298, 298, 298, 298, 298, 298, 298, 298, 298, 298, 298, 298, 298, 298, 298, 298, 298, 298, 298, 298, 298, 298, 298, 298, 298, 298, 298, 298, 298, 298, 298, 298, 298, 298, 298, 298, 298, 298, 298, 298, 298, 298, 298, 298, 298, 298, 298]
================================

----- Melhor execução -----
Span (lambda): 298
best_order = [0, 1, 2, 3, 4, 5, 6, 7, 8, 9, 10, 11, 12, 13, 14, 15, 16, 17, 18, 19, 20, 21, 22, 23, 24, 25, 26, 27, 28, 29, 30, 31, 32, 33, 34, 35, 36, 37, 38, 39, 40, 41, 42, 43, 44, 45, 46, 47, 48, 49, 50, 51, 52, 53, 54, 55, 56, 57, 58, 59, 60, 61, 62, 63, 64, 65, 66, 67, 68, 69, 70, 71, 72, 73, 74, 75, 76, 77, 78, 79, 80, 81, 82, 83, 84, 85, 86, 87, 88, 89, 90, 91, 92, 93, 94, 95, 96, 97, 98, 99, 100, 101, 102, 103, 104, 105, 106, 107, 108, 109, 110, 111, 112, 113, 114, 115, 116, 117, 118, 119, 120, 121, 122, 123, 124, 125, 126, 127, 128, 129, 130, 131, 132, 133, 134, 135, 136, 137, 138, 139, 140, 141, 142, 143, 144, 145, 146, 147, 148, 149, 150, 151, 152, 153, 154, 155, 156, 157, 158, 159, 160, 161, 162, 163, 164, 165, 166, 167, 168, 169, 170, 171, 172, 173, 174, 175, 176, 177, 178, 179, 180, 181, 182, 183, 184, 185, 186, 187, 188, 189, 190, 191, 192, 193, 194, 195, 196, 197, 198, 199, 200, 201, 202, 203, 204, 205, 206, 207, 208, 209, 210, 211, 212, 213, 214, 215, 216, 217, 218, 219, 220, 221, 222, 223, 224, 225, 226, 227, 228, 229, 230, 231, 232, 233, 234, 235, 236, 237, 238, 239, 240, 241, 242, 243, 244, 245, 246, 247, 248, 249, 250, 251, 252, 253, 254, 255, 256, 257, 258, 259, 260, 261, 262, 263, 264, 265, 266, 267, 268, 269, 270, 271, 272, 273, 274, 275, 276, 277, 278, 279, 280, 281, 282, 283, 284, 285, 286, 287, 288, 289, 290, 291, 292, 293, 294, 295, 296, 297, 298, 299, 300, 301, 302, 303, 304, 305, 306, 307, 308, 309, 310, 311, 312, 313, 314, 315, 316, 317, 318, 319, 320, 321, 322, 323, 324, 325, 326, 327, 328, 329, 330, 331, 332, 333, 334, 335, 336, 337, 338, 339, 340, 341, 342, 343, 344, 345, 346, 347, 348, 349, 350, 351, 352, 353, 354, 355, 356, 357, 358, 359, 360, 361, 362, 363, 364, 365, 366, 367, 368, 369, 370, 371, 372, 373, 374, 375, 376, 377, 378, 379, 380, 381, 382, 383, 384, 385, 386, 387, 388, 389, 390, 391, 392, 393, 394, 395, 396, 397, 398, 399, 400, 401, 402, 403, 404, 405]
labeling = [0, 2, 4, 6, 3, 5, 7, 8, 10, 12, 9, 14, 11, 13, 15, 16, 18, 20, 21, 23, 17, 19, 22, 24, 26, 28, 25, 30, 27, 29, 31, 33, 34, 32, 35, 37, 38, 36, 39, 40, 42, 43, 41, 44, 46, 48, 45, 50, 47, 49, 51, 52, 54, 56, 57, 59, 53, 55, 58, 60, 62, 64, 65, 61, 63, 66, 67, 69, 71, 72, 74, 68, 70, 73, 75, 77, 79, 81, 76, 78, 80, 82, 83, 85, 86, 87, 84, 88, 89, 91, 93, 90, 95, 92, 94, 96, 97, 99, 101, 102, 104, 98, 100, 103, 105, 107, 109, 110, 106, 108, 111, 112, 114, 116, 117, 119, 113, 115, 118, 120, 122, 124, 126, 121, 123, 125, 127, 128, 130, 131, 132, 129, 133, 134, 136, 138, 135, 137, 139, 140, 141, 143, 142, 144, 146, 148, 145, 147, 149, 151, 153, 150, 152, 154, 155, 156, 158, 157, 159, 161, 163, 160, 162, 164, 166, 168, 165, 167, 169, 170, 171, 173, 172, 174, 176, 178, 175, 177, 179, 180, 181, 183, 182, 184, 186, 188, 185, 190, 187, 189, 191, 193, 195, 192, 197, 199, 194, 196, 198, 200, 202, 203, 201, 204, 205, 207, 208, 206, 209, 211, 213, 210, 215, 212, 214, 216, 217, 219, 221, 222, 224, 218, 220, 223, 225, 227, 229, 231, 226, 228, 230, 232, 233, 235, 236, 237, 234, 238, 239, 241, 243, 240, 242, 244, 245, 246, 248, 247, 249, 251, 253, 250, 252, 254, 256, 258, 255, 257, 259, 260, 261, 263, 262, 264, 266, 268, 265, 267, 269, 270, 271, 1, 272, 0, 0, 0, 0, 0, 0, 0, 273, 274, 0, 0, 275, 0, 2, 276, 0, 0, 0, 277, 278, 1, 0, 0, 0, 0, 0, 0, 0, 0, 0, 0, 0, 279, 0, 0, 0, 0, 0, 0, 0, 0, 0, 0, 0, 0, 0, 0, 280, 0, 0, 0, 0, 0, 0, 0, 0, 0, 281, 282, 283, 1, 0, 0, 0, 0, 0, 0, 0, 0, 0, 0, 0, 0, 0, 0, 0, 0, 0, 0, 0, 0, 0, 284, 285, 0, 0, 286, 0, 0, 0, 0, 0, 0, 287, 0, 0, 288, 289, 290, 1, 0, 0, 0, 0, 0, 0, 291, 0, 0, 0, 0, 0, 0, 0, 0, 0, 1, 292, 0, 0, 293, 0, 294, 295, 0, 0, 1, 0, 0, 296, 0, 297, 298]
