===== RESULTADO GA L(2,1) =====
Arquivo: /Users/mateuspedrosa/Documents/TCC-II/BOGA/data/Harwell-Boeing_cleaned/lshp_577_clean.mtx (undirected)
Crossover: cx | Mutação: em | pop=30 | gens=53 | mut=0.446 | cr=0.5724 | runs=1 | max-stagt=1031

----- Execução #1 -----
Span (lambda): 416
Parada: MAX_GENS (geração 53)
best_order = [0, 1, 2, 3, 4, 5, 6, 7, 8, 9, 10, 11, 12, 13, 14, 15, 16, 17, 18, 19, 20, 21, 22, 23, 24, 25, 26, 27, 28, 29, 30, 31, 32, 33, 34, 35, 36, 37, 38, 39, 40, 41, 42, 43, 44, 45, 46, 47, 48, 49, 50, 51, 52, 53, 54, 55, 56, 57, 58, 59, 60, 61, 62, 63, 64, 65, 66, 67, 68, 69, 70, 71, 72, 73, 74, 75, 76, 77, 78, 79, 80, 81, 82, 83, 84, 85, 86, 87, 88, 89, 90, 91, 92, 93, 94, 95, 96, 97, 98, 99, 100, 101, 102, 103, 104, 105, 106, 107, 108, 109, 110, 111, 112, 113, 114, 115, 116, 117, 118, 119, 120, 121, 122, 123, 124, 125, 126, 127, 128, 129, 130, 131, 132, 133, 134, 135, 136, 137, 138, 139, 140, 141, 142, 143, 144, 145, 146, 147, 148, 149, 150, 151, 152, 153, 154, 155, 156, 157, 158, 159, 160, 161, 162, 163, 164, 165, 166, 167, 168, 169, 170, 171, 172, 173, 174, 175, 176, 177, 178, 179, 180, 181, 182, 183, 184, 185, 186, 187, 188, 189, 190, 191, 192, 193, 194, 195, 196, 197, 198, 199, 200, 201, 202, 203, 204, 205, 206, 207, 208, 209, 210, 211, 212, 213, 214, 215, 216, 217, 218, 219, 220, 221, 222, 223, 224, 225, 226, 227, 228, 229, 230, 231, 232, 233, 234, 235, 236, 237, 238, 239, 240, 241, 242, 243, 244, 245, 246, 247, 248, 249, 250, 251, 252, 253, 254, 255, 256, 257, 258, 259, 260, 261, 262, 263, 264, 265, 266, 267, 268, 269, 270, 271, 272, 273, 274, 275, 276, 277, 278, 279, 280, 281, 282, 283, 284, 285, 286, 287, 288, 289, 290, 291, 292, 293, 294, 295, 296, 297, 298, 299, 300, 301, 302, 303, 304, 305, 306, 307, 308, 309, 310, 311, 312, 313, 314, 315, 316, 317, 318, 319, 320, 321, 322, 323, 324, 325, 326, 327, 328, 329, 330, 331, 332, 333, 334, 335, 336, 337, 338, 339, 340, 341, 342, 343, 344, 345, 346, 347, 348, 349, 350, 351, 352, 353, 354, 355, 356, 357, 358, 359, 360, 361, 362, 363, 364, 365, 366, 367, 368, 369, 370, 371, 372, 373, 374, 375, 376, 377, 378, 379, 380, 381, 382, 383, 384, 385, 386, 387, 388, 389, 390, 391, 392, 393, 394, 395, 396, 397, 398, 399, 400, 401, 402, 403, 404, 405, 406, 407, 408, 409, 410, 411, 412, 413, 414, 415, 416, 417, 418, 419, 420, 421, 422, 423, 424, 425, 426, 427, 428, 429, 430, 431, 432, 433, 434, 435, 436, 437, 438, 439, 440, 441, 442, 443, 444, 445, 446, 447, 448, 449, 450, 451, 452, 453, 454, 455, 456, 457, 458, 459, 460, 461, 462, 463, 464, 465, 466, 467, 468, 469, 470, 471, 472, 473, 474, 475, 476, 477, 478, 479, 480, 481, 482, 483, 484, 485, 486, 487, 488, 489, 490, 491, 492, 493, 494, 495, 496, 497, 498, 499, 500, 501, 502, 503, 504, 505, 506, 507, 508, 509, 510, 511, 512, 513, 514, 515, 516, 517, 518, 519, 520, 521, 522, 523, 524, 525, 526, 527, 528, 529, 530, 531, 532, 533, 534, 535, 536, 537, 538, 539, 540, 541, 542, 543, 544, 545, 546, 547, 548, 549, 550, 551, 552, 553, 554, 555, 556, 557, 558, 559, 560, 561, 562, 563, 564, 565, 566, 567, 568, 569, 570, 571, 572, 573, 574, 575, 576]
labeling = [0, 2, 4, 6, 3, 5, 7, 9, 8, 10, 12, 14, 11, 16, 13, 15, 17, 19, 20, 18, 21, 23, 22, 24, 26, 27, 29, 25, 28, 30, 32, 34, 31, 33, 35, 37, 39, 36, 38, 40, 42, 43, 41, 44, 46, 48, 49, 45, 47, 50, 51, 53, 55, 56, 58, 52, 54, 57, 59, 61, 63, 60, 65, 62, 64, 66, 68, 67, 69, 71, 73, 72, 74, 76, 70, 77, 75, 78, 80, 82, 79, 81, 83, 84, 86, 88, 85, 87, 89, 91, 93, 90, 94, 96, 98, 92, 99, 95, 97, 100, 102, 104, 101, 103, 105, 106, 108, 110, 107, 109, 111, 113, 115, 114, 116, 118, 112, 120, 117, 119, 121, 123, 125, 122, 124, 126, 128, 130, 127, 129, 131, 133, 135, 132, 136, 138, 140, 134, 141, 137, 139, 142, 144, 146, 143, 145, 147, 149, 151, 148, 150, 152, 154, 156, 153, 157, 159, 161, 155, 162, 158, 160, 163, 165, 167, 164, 166, 168, 169, 171, 173, 170, 172, 174, 176, 178, 177, 179, 181, 175, 183, 180, 182, 184, 186, 188, 185, 187, 189, 191, 193, 192, 194, 196, 190, 198, 195, 197, 199, 201, 203, 200, 202, 204, 205, 207, 209, 206, 208, 210, 212, 214, 213, 215, 217, 211, 219, 216, 218, 220, 222, 224, 221, 223, 225, 226, 228, 230, 227, 229, 231, 233, 235, 234, 236, 238, 232, 240, 237, 239, 241, 243, 245, 242, 244, 246, 248, 250, 249, 251, 253, 247, 255, 252, 254, 256, 258, 260, 257, 259, 261, 263, 265, 262, 264, 266, 268, 270, 267, 271, 273, 275, 269, 276, 272, 274, 277, 279, 281, 278, 283, 280, 282, 284, 285, 287, 289, 290, 292, 286, 288, 291, 293, 295, 297, 294, 299, 296, 298, 300, 302, 303, 301, 304, 306, 305, 307, 309, 310, 312, 308, 311, 313, 315, 317, 314, 316, 318, 319, 321, 323, 320, 322, 324, 326, 328, 327, 329, 331, 325, 333, 330, 332, 334, 336, 338, 335, 337, 339, 341, 343, 342, 344, 346, 340, 348, 345, 347, 349, 351, 353, 350, 352, 354, 355, 357, 359, 356, 358, 360, 362, 364, 363, 365, 367, 361, 369, 366, 368, 370, 372, 374, 371, 373, 375, 377, 379, 378, 380, 382, 376, 384, 381, 383, 0, 0, 0, 0, 0, 0, 0, 0, 0, 385, 386, 0, 0, 0, 387, 0, 0, 388, 0, 1, 389, 0, 0, 0, 0, 390, 391, 392, 1, 0, 0, 0, 0, 0, 0, 0, 0, 0, 0, 0, 0, 0, 0, 0, 0, 393, 0, 0, 0, 0, 0, 0, 0, 0, 0, 0, 0, 0, 0, 0, 0, 0, 0, 0, 0, 0, 394, 0, 0, 0, 0, 0, 0, 0, 0, 0, 0, 0, 0, 0, 0, 395, 396, 397, 398, 1, 0, 0, 0, 0, 0, 0, 0, 0, 0, 0, 0, 0, 0, 0, 0, 0, 0, 0, 0, 0, 0, 0, 0, 0, 0, 0, 0, 0, 0, 0, 0, 399, 400, 0, 0, 0, 401, 0, 0, 0, 0, 0, 0, 0, 0, 0, 0, 402, 0, 0, 0, 403, 404, 405, 406, 1, 0, 0, 0, 0, 0, 0, 0, 0, 0, 0, 407, 0, 0, 0, 0, 0, 0, 0, 0, 0, 0, 0, 0, 0, 0, 1, 408, 0, 0, 0, 409, 0, 0, 410, 0, 411, 412, 0, 0, 0, 1, 0, 0, 0, 413, 0, 0, 414, 0, 415, 416]
convergência = [416, 416, 416, 416, 416, 416, 416, 416, 416, 416, 416, 416, 416, 416, 416, 416, 416, 416, 416, 416, 416, 416, 416, 416, 416, 416, 416, 416, 416, 416, 416, 416, 416, 416, 416, 416, 416, 416, 416, 416, 416, 416, 416, 416, 416, 416, 416, 416, 416, 416, 416, 416, 416]
================================

----- Melhor execução -----
Span (lambda): 416
best_order = [0, 1, 2, 3, 4, 5, 6, 7, 8, 9, 10, 11, 12, 13, 14, 15, 16, 17, 18, 19, 20, 21, 22, 23, 24, 25, 26, 27, 28, 29, 30, 31, 32, 33, 34, 35, 36, 37, 38, 39, 40, 41, 42, 43, 44, 45, 46, 47, 48, 49, 50, 51, 52, 53, 54, 55, 56, 57, 58, 59, 60, 61, 62, 63, 64, 65, 66, 67, 68, 69, 70, 71, 72, 73, 74, 75, 76, 77, 78, 79, 80, 81, 82, 83, 84, 85, 86, 87, 88, 89, 90, 91, 92, 93, 94, 95, 96, 97, 98, 99, 100, 101, 102, 103, 104, 105, 106, 107, 108, 109, 110, 111, 112, 113, 114, 115, 116, 117, 118, 119, 120, 121, 122, 123, 124, 125, 126, 127, 128, 129, 130, 131, 132, 133, 134, 135, 136, 137, 138, 139, 140, 141, 142, 143, 144, 145, 146, 147, 148, 149, 150, 151, 152, 153, 154, 155, 156, 157, 158, 159, 160, 161, 162, 163, 164, 165, 166, 167, 168, 169, 170, 171, 172, 173, 174, 175, 176, 177, 178, 179, 180, 181, 182, 183, 184, 185, 186, 187, 188, 189, 190, 191, 192, 193, 194, 195, 196, 197, 198, 199, 200, 201, 202, 203, 204, 205, 206, 207, 208, 209, 210, 211, 212, 213, 214, 215, 216, 217, 218, 219, 220, 221, 222, 223, 224, 225, 226, 227, 228, 229, 230, 231, 232, 233, 234, 235, 236, 237, 238, 239, 240, 241, 242, 243, 244, 245, 246, 247, 248, 249, 250, 251, 252, 253, 254, 255, 256, 257, 258, 259, 260, 261, 262, 263, 264, 265, 266, 267, 268, 269, 270, 271, 272, 273, 274, 275, 276, 277, 278, 279, 280, 281, 282, 283, 284, 285, 286, 287, 288, 289, 290, 291, 292, 293, 294, 295, 296, 297, 298, 299, 300, 301, 302, 303, 304, 305, 306, 307, 308, 309, 310, 311, 312, 313, 314, 315, 316, 317, 318, 319, 320, 321, 322, 323, 324, 325, 326, 327, 328, 329, 330, 331, 332, 333, 334, 335, 336, 337, 338, 339, 340, 341, 342, 343, 344, 345, 346, 347, 348, 349, 350, 351, 352, 353, 354, 355, 356, 357, 358, 359, 360, 361, 362, 363, 364, 365, 366, 367, 368, 369, 370, 371, 372, 373, 374, 375, 376, 377, 378, 379, 380, 381, 382, 383, 384, 385, 386, 387, 388, 389, 390, 391, 392, 393, 394, 395, 396, 397, 398, 399, 400, 401, 402, 403, 404, 405, 406, 407, 408, 409, 410, 411, 412, 413, 414, 415, 416, 417, 418, 419, 420, 421, 422, 423, 424, 425, 426, 427, 428, 429, 430, 431, 432, 433, 434, 435, 436, 437, 438, 439, 440, 441, 442, 443, 444, 445, 446, 447, 448, 449, 450, 451, 452, 453, 454, 455, 456, 457, 458, 459, 460, 461, 462, 463, 464, 465, 466, 467, 468, 469, 470, 471, 472, 473, 474, 475, 476, 477, 478, 479, 480, 481, 482, 483, 484, 485, 486, 487, 488, 489, 490, 491, 492, 493, 494, 495, 496, 497, 498, 499, 500, 501, 502, 503, 504, 505, 506, 507, 508, 509, 510, 511, 512, 513, 514, 515, 516, 517, 518, 519, 520, 521, 522, 523, 524, 525, 526, 527, 528, 529, 530, 531, 532, 533, 534, 535, 536, 537, 538, 539, 540, 541, 542, 543, 544, 545, 546, 547, 548, 549, 550, 551, 552, 553, 554, 555, 556, 557, 558, 559, 560, 561, 562, 563, 564, 565, 566, 567, 568, 569, 570, 571, 572, 573, 574, 575, 576]
labeling = [0, 2, 4, 6, 3, 5, 7, 9, 8, 10, 12, 14, 11, 16, 13, 15, 17, 19, 20, 18, 21, 23, 22, 24, 26, 27, 29, 25, 28, 30, 32, 34, 31, 33, 35, 37, 39, 36, 38, 40, 42, 43, 41, 44, 46, 48, 49, 45, 47, 50, 51, 53, 55, 56, 58, 52, 54, 57, 59, 61, 63, 60, 65, 62, 64, 66, 68, 67, 69, 71, 73, 72, 74, 76, 70, 77, 75, 78, 80, 82, 79, 81, 83, 84, 86, 88, 85, 87, 89, 91, 93, 90, 94, 96, 98, 92, 99, 95, 97, 100, 102, 104, 101, 103, 105, 106, 108, 110, 107, 109, 111, 113, 115, 114, 116, 118, 112, 120, 117, 119, 121, 123, 125, 122, 124, 126, 128, 130, 127, 129, 131, 133, 135, 132, 136, 138, 140, 134, 141, 137, 139, 142, 144, 146, 143, 145, 147, 149, 151, 148, 150, 152, 154, 156, 153, 157, 159, 161, 155, 162, 158, 160, 163, 165, 167, 164, 166, 168, 169, 171, 173, 170, 172, 174, 176, 178, 177, 179, 181, 175, 183, 180, 182, 184, 186, 188, 185, 187, 189, 191, 193, 192, 194, 196, 190, 198, 195, 197, 199, 201, 203, 200, 202, 204, 205, 207, 209, 206, 208, 210, 212, 214, 213, 215, 217, 211, 219, 216, 218, 220, 222, 224, 221, 223, 225, 226, 228, 230, 227, 229, 231, 233, 235, 234, 236, 238, 232, 240, 237, 239, 241, 243, 245, 242, 244, 246, 248, 250, 249, 251, 253, 247, 255, 252, 254, 256, 258, 260, 257, 259, 261, 263, 265, 262, 264, 266, 268, 270, 267, 271, 273, 275, 269, 276, 272, 274, 277, 279, 281, 278, 283, 280, 282, 284, 285, 287, 289, 290, 292, 286, 288, 291, 293, 295, 297, 294, 299, 296, 298, 300, 302, 303, 301, 304, 306, 305, 307, 309, 310, 312, 308, 311, 313, 315, 317, 314, 316, 318, 319, 321, 323, 320, 322, 324, 326, 328, 327, 329, 331, 325, 333, 330, 332, 334, 336, 338, 335, 337, 339, 341, 343, 342, 344, 346, 340, 348, 345, 347, 349, 351, 353, 350, 352, 354, 355, 357, 359, 356, 358, 360, 362, 364, 363, 365, 367, 361, 369, 366, 368, 370, 372, 374, 371, 373, 375, 377, 379, 378, 380, 382, 376, 384, 381, 383, 0, 0, 0, 0, 0, 0, 0, 0, 0, 385, 386, 0, 0, 0, 387, 0, 0, 388, 0, 1, 389, 0, 0, 0, 0, 390, 391, 392, 1, 0, 0, 0, 0, 0, 0, 0, 0, 0, 0, 0, 0, 0, 0, 0, 0, 393, 0, 0, 0, 0, 0, 0, 0, 0, 0, 0, 0, 0, 0, 0, 0, 0, 0, 0, 0, 0, 394, 0, 0, 0, 0, 0, 0, 0, 0, 0, 0, 0, 0, 0, 0, 395, 396, 397, 398, 1, 0, 0, 0, 0, 0, 0, 0, 0, 0, 0, 0, 0, 0, 0, 0, 0, 0, 0, 0, 0, 0, 0, 0, 0, 0, 0, 0, 0, 0, 0, 0, 399, 400, 0, 0, 0, 401, 0, 0, 0, 0, 0, 0, 0, 0, 0, 0, 402, 0, 0, 0, 403, 404, 405, 406, 1, 0, 0, 0, 0, 0, 0, 0, 0, 0, 0, 407, 0, 0, 0, 0, 0, 0, 0, 0, 0, 0, 0, 0, 0, 0, 1, 408, 0, 0, 0, 409, 0, 0, 410, 0, 411, 412, 0, 0, 0, 1, 0, 0, 0, 413, 0, 0, 414, 0, 415, 416]
