===== RESULTADO GA L(2,1) =====
Arquivo: /Users/mateuspedrosa/Documents/TCC-II/BOGA/data/NR_DIMACS_cleaned/MANN-a9_clean.mtx (undirected)
Crossover: cx | Mutação: em | pop=30 | gens=53 | mut=0.446 | cr=0.5724 | runs=1 | max-stagt=1031

----- Execução #1 -----
Span (lambda): 38
Parada: MAX_GENS (geração 53)
best_order = [29, 42, 20, 23, 24, 41, 6, 22, 12, 27, 33, 5, 1, 3, 36, 35, 17, 31, 7, 30, 25, 38, 13, 37, 11, 10, 44, 40, 9, 8, 26, 14, 34, 43, 18, 15, 2, 21, 19, 28, 32, 39, 16, 0, 4]
labeling = [38, 7, 33, 13, 35, 12, 4, 21, 16, 26, 25, 24, 6, 23, 29, 32, 27, 17, 18, 36, 2, 34, 5, 1, 3, 22, 28, 8, 20, 0, 9, 19, 31, 10, 30, 11, 15, 14, 0, 0, 0, 0, 0, 0, 0]
convergência = [38, 38, 38, 38, 38, 38, 38, 38, 38, 38, 38, 38, 38, 38, 38, 38, 38, 38, 38, 38, 38, 38, 38, 38, 38, 38, 38, 38, 38, 38, 38, 38, 38, 38, 38, 38, 38, 38, 38, 38, 38, 38, 38, 38, 38, 38, 38, 38, 38, 38, 38, 38, 38]
================================

----- Melhor execução -----
Span (lambda): 38
best_order = [29, 42, 20, 23, 24, 41, 6, 22, 12, 27, 33, 5, 1, 3, 36, 35, 17, 31, 7, 30, 25, 38, 13, 37, 11, 10, 44, 40, 9, 8, 26, 14, 34, 43, 18, 15, 2, 21, 19, 28, 32, 39, 16, 0, 4]
labeling = [38, 7, 33, 13, 35, 12, 4, 21, 16, 26, 25, 24, 6, 23, 29, 32, 27, 17, 18, 36, 2, 34, 5, 1, 3, 22, 28, 8, 20, 0, 9, 19, 31, 10, 30, 11, 15, 14, 0, 0, 0, 0, 0, 0, 0]
