===== RESULTADO GA L(2,1) =====
Arquivo: /Users/mateuspedrosa/Documents/TCC-II/BOGA/data/Harwell-Boeing_cleaned/mbeacxc_clean.mtx (undirected)
Crossover: cx | Mutação: em | pop=30 | gens=53 | mut=0.446 | cr=0.5724 | runs=1 | max-stagt=1031

----- Execução #1 -----
Span (lambda): 416
Parada: MAX_GENS (geração 53)
best_order = [0, 1, 2, 3, 4, 5, 6, 7, 8, 9, 10, 11, 12, 13, 14, 15, 16, 17, 18, 19, 20, 21, 22, 23, 24, 25, 26, 27, 28, 29, 30, 31, 32, 33, 34, 35, 36, 37, 38, 39, 40, 41, 42, 43, 44, 45, 46, 47, 48, 49, 50, 51, 52, 53, 54, 55, 56, 57, 58, 59, 60, 61, 62, 63, 64, 65, 66, 67, 68, 69, 70, 71, 72, 73, 74, 75, 76, 77, 78, 79, 80, 81, 82, 83, 84, 85, 86, 87, 88, 89, 90, 91, 92, 93, 94, 95, 96, 97, 98, 99, 100, 101, 102, 103, 104, 105, 106, 107, 108, 109, 110, 111, 112, 113, 114, 115, 116, 117, 118, 119, 120, 121, 122, 290, 124, 125, 126, 127, 128, 129, 130, 131, 132, 133, 134, 135, 136, 137, 138, 139, 140, 141, 142, 143, 144, 145, 146, 147, 148, 149, 150, 151, 152, 153, 154, 155, 156, 157, 158, 159, 160, 161, 162, 163, 164, 165, 166, 167, 168, 169, 170, 171, 172, 173, 174, 175, 176, 177, 178, 179, 180, 181, 182, 183, 184, 185, 186, 187, 188, 189, 190, 191, 192, 193, 194, 195, 196, 197, 198, 199, 200, 201, 202, 203, 204, 205, 206, 207, 208, 209, 210, 211, 212, 213, 214, 215, 216, 217, 218, 219, 220, 221, 222, 223, 224, 225, 226, 227, 228, 229, 230, 231, 232, 233, 234, 235, 236, 237, 238, 239, 240, 241, 242, 243, 244, 245, 246, 247, 248, 249, 250, 251, 252, 253, 254, 255, 256, 257, 258, 259, 260, 261, 262, 263, 264, 265, 266, 267, 268, 269, 270, 271, 272, 273, 274, 275, 276, 277, 278, 279, 280, 281, 282, 283, 284, 285, 286, 287, 288, 447, 123, 291, 292, 293, 294, 295, 296, 297, 298, 299, 300, 301, 302, 303, 304, 305, 306, 307, 308, 309, 310, 311, 312, 313, 314, 315, 316, 317, 318, 319, 320, 321, 322, 323, 324, 325, 326, 327, 328, 329, 330, 331, 332, 333, 334, 335, 336, 337, 338, 339, 340, 341, 342, 343, 344, 345, 346, 347, 348, 349, 350, 351, 352, 353, 354, 355, 356, 357, 358, 359, 360, 361, 362, 363, 364, 365, 366, 367, 368, 369, 370, 371, 372, 373, 374, 375, 376, 377, 378, 379, 380, 381, 382, 383, 384, 385, 386, 387, 388, 389, 390, 391, 392, 393, 394, 395, 396, 397, 398, 399, 400, 401, 402, 403, 404, 405, 406, 407, 408, 409, 410, 411, 412, 413, 414, 415, 416, 417, 418, 419, 420, 421, 422, 423, 424, 425, 426, 427, 428, 429, 430, 431, 432, 433, 434, 435, 436, 437, 438, 439, 440, 441, 442, 443, 444, 445, 446, 289, 448, 449, 450, 451, 452, 453, 454, 455, 456, 457, 458, 459, 460, 461, 462, 463, 464, 465, 466, 467, 468, 469, 470, 471, 472, 473, 474, 475, 476, 477, 478, 479, 480, 481, 482, 483, 484, 485, 486, 487, 488, 489, 490, 491, 492, 493, 494, 495]
labeling = [0, 1, 2, 4, 5, 6, 7, 8, 9, 10, 3, 11, 12, 13, 14, 0, 15, 17, 19, 16, 18, 20, 22, 23, 25, 21, 27, 28, 24, 29, 26, 30, 31, 32, 33, 34, 35, 36, 37, 38, 39, 40, 41, 42, 43, 44, 45, 46, 47, 48, 49, 50, 51, 52, 53, 54, 55, 56, 57, 58, 60, 59, 62, 63, 64, 61, 65, 66, 67, 68, 69, 70, 71, 72, 73, 74, 75, 76, 78, 77, 79, 80, 82, 84, 81, 86, 83, 85, 87, 89, 91, 88, 93, 90, 92, 95, 94, 96, 97, 99, 101, 100, 102, 103, 104, 106, 108, 110, 111, 113, 98, 107, 105, 115, 117, 119, 120, 116, 114, 118, 109, 122, 124, 275, 121, 125, 126, 123, 127, 129, 131, 128, 133, 135, 137, 139, 4, 140, 142, 136, 134, 138, 144, 146, 130, 141, 143, 9, 0, 147, 149, 150, 152, 145, 132, 154, 156, 158, 160, 153, 155, 148, 151, 157, 159, 161, 162, 164, 163, 165, 166, 168, 170, 172, 171, 174, 175, 173, 177, 176, 178, 180, 179, 181, 167, 183, 185, 187, 182, 169, 188, 189, 190, 192, 193, 194, 184, 195, 196, 191, 198, 200, 201, 203, 204, 197, 206, 208, 202, 209, 205, 186, 211, 210, 212, 214, 199, 207, 215, 217, 216, 218, 220, 222, 224, 226, 219, 228, 227, 229, 221, 231, 233, 235, 237, 225, 223, 239, 230, 232, 241, 243, 244, 234, 245, 213, 247, 240, 246, 236, 248, 250, 249, 242, 252, 254, 251, 253, 255, 256, 257, 238, 258, 260, 259, 261, 262, 264, 263, 265, 267, 266, 268, 270, 272, 273, 274, 276, 278, 271, 269, 279, 281, 280, 283, 285, 287, 289, 290, 399, 112, 293, 294, 296, 297, 299, 301, 286, 295, 288, 291, 302, 277, 284, 303, 304, 305, 306, 308, 298, 300, 310, 312, 314, 307, 316, 309, 318, 320, 282, 322, 319, 323, 325, 326, 311, 327, 315, 329, 331, 333, 317, 332, 334, 335, 321, 328, 336, 337, 339, 341, 324, 343, 313, 344, 340, 330, 338, 345, 346, 347, 342, 348, 350, 352, 349, 354, 356, 358, 351, 355, 357, 353, 360, 45, 8, 359, 53, 361, 361, 362, 362, 363, 363, 364, 364, 365, 365, 366, 366, 367, 367, 368, 368, 369, 369, 370, 370, 371, 371, 372, 372, 373, 373, 374, 71, 375, 375, 376, 257, 377, 377, 378, 166, 379, 379, 380, 380, 381, 381, 382, 382, 383, 383, 384, 384, 385, 385, 386, 386, 387, 387, 388, 388, 13, 389, 389, 390, 390, 3, 391, 391, 392, 392, 393, 6, 199, 394, 394, 48, 395, 127, 396, 396, 397, 397, 398, 292, 292, 66, 400, 0, 401, 401, 402, 402, 403, 403, 404, 404, 405, 405, 1, 406, 406, 407, 407, 408, 408, 409, 409, 410, 410, 411, 411, 279, 412, 412, 413, 413, 142, 42, 134, 414, 0, 0, 414, 0, 0, 415, 415, 416, 0, 0, 0, 0]
convergência = [418, 418, 418, 418, 418, 418, 418, 418, 417, 417, 417, 417, 416, 416, 416, 416, 416, 416, 416, 416, 416, 416, 416, 416, 416, 416, 416, 416, 416, 416, 416, 416, 416, 416, 416, 416, 416, 416, 416, 416, 416, 416, 416, 416, 416, 416, 416, 416, 416, 416, 416, 416, 416]
================================

----- Melhor execução -----
Span (lambda): 416
best_order = [0, 1, 2, 3, 4, 5, 6, 7, 8, 9, 10, 11, 12, 13, 14, 15, 16, 17, 18, 19, 20, 21, 22, 23, 24, 25, 26, 27, 28, 29, 30, 31, 32, 33, 34, 35, 36, 37, 38, 39, 40, 41, 42, 43, 44, 45, 46, 47, 48, 49, 50, 51, 52, 53, 54, 55, 56, 57, 58, 59, 60, 61, 62, 63, 64, 65, 66, 67, 68, 69, 70, 71, 72, 73, 74, 75, 76, 77, 78, 79, 80, 81, 82, 83, 84, 85, 86, 87, 88, 89, 90, 91, 92, 93, 94, 95, 96, 97, 98, 99, 100, 101, 102, 103, 104, 105, 106, 107, 108, 109, 110, 111, 112, 113, 114, 115, 116, 117, 118, 119, 120, 121, 122, 290, 124, 125, 126, 127, 128, 129, 130, 131, 132, 133, 134, 135, 136, 137, 138, 139, 140, 141, 142, 143, 144, 145, 146, 147, 148, 149, 150, 151, 152, 153, 154, 155, 156, 157, 158, 159, 160, 161, 162, 163, 164, 165, 166, 167, 168, 169, 170, 171, 172, 173, 174, 175, 176, 177, 178, 179, 180, 181, 182, 183, 184, 185, 186, 187, 188, 189, 190, 191, 192, 193, 194, 195, 196, 197, 198, 199, 200, 201, 202, 203, 204, 205, 206, 207, 208, 209, 210, 211, 212, 213, 214, 215, 216, 217, 218, 219, 220, 221, 222, 223, 224, 225, 226, 227, 228, 229, 230, 231, 232, 233, 234, 235, 236, 237, 238, 239, 240, 241, 242, 243, 244, 245, 246, 247, 248, 249, 250, 251, 252, 253, 254, 255, 256, 257, 258, 259, 260, 261, 262, 263, 264, 265, 266, 267, 268, 269, 270, 271, 272, 273, 274, 275, 276, 277, 278, 279, 280, 281, 282, 283, 284, 285, 286, 287, 288, 447, 123, 291, 292, 293, 294, 295, 296, 297, 298, 299, 300, 301, 302, 303, 304, 305, 306, 307, 308, 309, 310, 311, 312, 313, 314, 315, 316, 317, 318, 319, 320, 321, 322, 323, 324, 325, 326, 327, 328, 329, 330, 331, 332, 333, 334, 335, 336, 337, 338, 339, 340, 341, 342, 343, 344, 345, 346, 347, 348, 349, 350, 351, 352, 353, 354, 355, 356, 357, 358, 359, 360, 361, 362, 363, 364, 365, 366, 367, 368, 369, 370, 371, 372, 373, 374, 375, 376, 377, 378, 379, 380, 381, 382, 383, 384, 385, 386, 387, 388, 389, 390, 391, 392, 393, 394, 395, 396, 397, 398, 399, 400, 401, 402, 403, 404, 405, 406, 407, 408, 409, 410, 411, 412, 413, 414, 415, 416, 417, 418, 419, 420, 421, 422, 423, 424, 425, 426, 427, 428, 429, 430, 431, 432, 433, 434, 435, 436, 437, 438, 439, 440, 441, 442, 443, 444, 445, 446, 289, 448, 449, 450, 451, 452, 453, 454, 455, 456, 457, 458, 459, 460, 461, 462, 463, 464, 465, 466, 467, 468, 469, 470, 471, 472, 473, 474, 475, 476, 477, 478, 479, 480, 481, 482, 483, 484, 485, 486, 487, 488, 489, 490, 491, 492, 493, 494, 495]
labeling = [0, 1, 2, 4, 5, 6, 7, 8, 9, 10, 3, 11, 12, 13, 14, 0, 15, 17, 19, 16, 18, 20, 22, 23, 25, 21, 27, 28, 24, 29, 26, 30, 31, 32, 33, 34, 35, 36, 37, 38, 39, 40, 41, 42, 43, 44, 45, 46, 47, 48, 49, 50, 51, 52, 53, 54, 55, 56, 57, 58, 60, 59, 62, 63, 64, 61, 65, 66, 67, 68, 69, 70, 71, 72, 73, 74, 75, 76, 78, 77, 79, 80, 82, 84, 81, 86, 83, 85, 87, 89, 91, 88, 93, 90, 92, 95, 94, 96, 97, 99, 101, 100, 102, 103, 104, 106, 108, 110, 111, 113, 98, 107, 105, 115, 117, 119, 120, 116, 114, 118, 109, 122, 124, 275, 121, 125, 126, 123, 127, 129, 131, 128, 133, 135, 137, 139, 4, 140, 142, 136, 134, 138, 144, 146, 130, 141, 143, 9, 0, 147, 149, 150, 152, 145, 132, 154, 156, 158, 160, 153, 155, 148, 151, 157, 159, 161, 162, 164, 163, 165, 166, 168, 170, 172, 171, 174, 175, 173, 177, 176, 178, 180, 179, 181, 167, 183, 185, 187, 182, 169, 188, 189, 190, 192, 193, 194, 184, 195, 196, 191, 198, 200, 201, 203, 204, 197, 206, 208, 202, 209, 205, 186, 211, 210, 212, 214, 199, 207, 215, 217, 216, 218, 220, 222, 224, 226, 219, 228, 227, 229, 221, 231, 233, 235, 237, 225, 223, 239, 230, 232, 241, 243, 244, 234, 245, 213, 247, 240, 246, 236, 248, 250, 249, 242, 252, 254, 251, 253, 255, 256, 257, 238, 258, 260, 259, 261, 262, 264, 263, 265, 267, 266, 268, 270, 272, 273, 274, 276, 278, 271, 269, 279, 281, 280, 283, 285, 287, 289, 290, 399, 112, 293, 294, 296, 297, 299, 301, 286, 295, 288, 291, 302, 277, 284, 303, 304, 305, 306, 308, 298, 300, 310, 312, 314, 307, 316, 309, 318, 320, 282, 322, 319, 323, 325, 326, 311, 327, 315, 329, 331, 333, 317, 332, 334, 335, 321, 328, 336, 337, 339, 341, 324, 343, 313, 344, 340, 330, 338, 345, 346, 347, 342, 348, 350, 352, 349, 354, 356, 358, 351, 355, 357, 353, 360, 45, 8, 359, 53, 361, 361, 362, 362, 363, 363, 364, 364, 365, 365, 366, 366, 367, 367, 368, 368, 369, 369, 370, 370, 371, 371, 372, 372, 373, 373, 374, 71, 375, 375, 376, 257, 377, 377, 378, 166, 379, 379, 380, 380, 381, 381, 382, 382, 383, 383, 384, 384, 385, 385, 386, 386, 387, 387, 388, 388, 13, 389, 389, 390, 390, 3, 391, 391, 392, 392, 393, 6, 199, 394, 394, 48, 395, 127, 396, 396, 397, 397, 398, 292, 292, 66, 400, 0, 401, 401, 402, 402, 403, 403, 404, 404, 405, 405, 1, 406, 406, 407, 407, 408, 408, 409, 409, 410, 410, 411, 411, 279, 412, 412, 413, 413, 142, 42, 134, 414, 0, 0, 414, 0, 0, 415, 415, 416, 0, 0, 0, 0]
