===== RESULTADO GA L(2,1) =====
Arquivo: /Users/mateuspedrosa/Documents/TCC-II/BOGA/data/Harwell-Boeing_cleaned/mbeaflw_clean.mtx (undirected)
Crossover: cx | Mutação: em | pop=30 | gens=53 | mut=0.446 | cr=0.5724 | runs=1 | max-stagt=1031

----- Execução #1 -----
Span (lambda): 481
Parada: TIME_LIMIT (geração 26)
best_order = [266, 337, 214, 5, 267, 490, 101, 370, 365, 440, 199, 193, 23, 51, 220, 350, 62, 415, 343, 298, 354, 232, 226, 210, 234, 48, 281, 390, 351, 402, 33, 127, 406, 241, 209, 413, 26, 228, 81, 332, 277, 170, 317, 326, 301, 244, 61, 305, 268, 133, 227, 469, 148, 327, 238, 116, 70, 458, 315, 429, 483, 76, 201, 481, 240, 405, 331, 358, 86, 13, 471, 383, 493, 257, 4, 346, 296, 181, 363, 342, 213, 236, 472, 141, 362, 115, 435, 16, 455, 40, 154, 409, 396, 128, 274, 373, 335, 92, 442, 364, 95, 303, 348, 489, 8, 18, 445, 215, 54, 454, 100, 159, 356, 195, 462, 265, 230, 339, 494, 307, 441, 456, 211, 424, 444, 90, 98, 491, 136, 464, 20, 287, 84, 460, 150, 487, 254, 423, 25, 184, 250, 105, 465, 385, 376, 488, 366, 75, 219, 475, 80, 312, 288, 251, 114, 450, 284, 200, 122, 290, 439, 473, 381, 295, 82, 391, 395, 38, 478, 73, 17, 353, 30, 311, 45, 401, 457, 37, 175, 113, 35, 60, 142, 420, 32, 248, 280, 194, 375, 256, 112, 321, 419, 53, 328, 399, 19, 11, 379, 389, 187, 139, 9, 180, 310, 237, 172, 164, 349, 432, 182, 202, 162, 260, 449, 68, 270, 495, 279, 262, 252, 253, 178, 324, 177, 157, 433, 258, 147, 367, 217, 426, 418, 345, 374, 224, 316, 1, 486, 243, 36, 56, 7, 448, 191, 125, 94, 223, 221, 242, 186, 52, 22, 174, 134, 447, 291, 85, 161, 222, 492, 479, 259, 263, 468, 302, 304, 474, 88, 44, 57, 119, 276, 323, 158, 380, 3, 64, 416, 233, 179, 185, 155, 118, 197, 173, 322, 168, 14, 369, 378, 229, 308, 313, 192, 79, 470, 249, 216, 294, 482, 2, 341, 272, 437, 319, 325, 414, 427, 120, 264, 410, 72, 438, 388, 392, 160, 103, 93, 110, 42, 443, 285, 169, 97, 289, 132, 417, 451, 425, 387, 108, 309, 66, 394, 300, 386, 286, 149, 0, 6, 171, 347, 188, 96, 271, 428, 87, 431, 69, 360, 231, 198, 355, 131, 31, 163, 124, 28, 235, 245, 176, 208, 27, 344, 15, 314, 338, 329, 39, 58, 403, 269, 377, 453, 480, 196, 452, 393, 293, 239, 190, 430, 104, 63, 77, 421, 10, 459, 463, 91, 74, 368, 117, 166, 361, 107, 183, 412, 205, 34, 273, 318, 436, 126, 109, 404, 152, 372, 275, 50, 140, 407, 21, 411, 135, 67, 71, 130, 359, 357, 129, 47, 467, 225, 299, 143, 204, 297, 397, 89, 384, 78, 466, 398, 29, 382, 446, 146, 151, 138, 333, 65, 206, 111, 43, 207, 352, 24, 434, 485, 144, 306, 106, 292, 247, 102, 189, 83, 282, 12, 156, 334, 55, 121, 167, 461, 41, 336, 422, 99, 330, 59, 371, 137, 46, 49, 165, 153, 261, 246, 203, 340, 408, 477, 278, 255, 218, 283, 123, 212, 145, 400, 320, 484, 476]
labeling = [329, 230, 294, 268, 75, 4, 331, 236, 102, 197, 378, 192, 445, 72, 282, 357, 85, 166, 104, 190, 124, 402, 235, 9, 438, 133, 40, 354, 349, 425, 167, 342, 180, 32, 390, 171, 233, 173, 162, 356, 89, 455, 311, 433, 259, 170, 462, 411, 27, 463, 399, 13, 242, 187, 103, 447, 234, 261, 344, 459, 177, 47, 18, 372, 270, 431, 295, 404, 209, 339, 55, 406, 304, 165, 382, 141, 62, 376, 421, 291, 144, 42, 160, 448, 129, 250, 63, 338, 260, 418, 121, 379, 95, 310, 231, 98, 334, 318, 123, 457, 108, 10, 444, 308, 370, 136, 442, 386, 322, 391, 309, 434, 184, 175, 149, 83, 54, 383, 276, 262, 303, 449, 154, 476, 347, 239, 394, 33, 91, 410, 407, 346, 314, 48, 246, 405, 122, 460, 429, 195, 400, 81, 179, 414, 440, 478, 427, 24, 5, 327, 127, 428, 395, 464, 86, 272, 452, 213, 266, 109, 307, 251, 207, 348, 203, 465, 384, 451, 281, 316, 43, 333, 202, 278, 245, 169, 352, 211, 215, 275, 198, 71, 205, 387, 134, 277, 244, 194, 337, 446, 373, 237, 290, 12, 178, 112, 367, 274, 343, 11, 153, 58, 206, 468, 416, 389, 432, 435, 353, 38, 23, 118, 477, 76, 2, 107, 269, 222, 474, 143, 14, 240, 252, 241, 228, 412, 22, 50, 41, 284, 113, 341, 20, 273, 25, 351, 78, 200, 53, 368, 64, 36, 243, 232, 35, 350, 467, 439, 181, 267, 135, 147, 216, 218, 131, 469, 183, 73, 220, 253, 201, 466, 214, 254, 300, 111, 0, 6, 49, 360, 210, 336, 296, 392, 92, 398, 263, 37, 473, 212, 182, 28, 450, 475, 152, 315, 326, 128, 146, 319, 148, 247, 443, 371, 287, 158, 77, 417, 17, 415, 325, 26, 255, 99, 257, 46, 441, 115, 286, 324, 196, 168, 145, 288, 358, 57, 227, 45, 393, 299, 480, 185, 279, 264, 219, 301, 44, 51, 188, 361, 458, 68, 39, 430, 453, 94, 454, 1, 359, 114, 470, 285, 69, 19, 355, 225, 74, 335, 100, 204, 16, 30, 436, 159, 21, 345, 110, 408, 70, 409, 340, 385, 82, 79, 97, 3, 140, 221, 381, 280, 7, 461, 397, 93, 226, 176, 139, 363, 283, 191, 265, 155, 424, 67, 420, 137, 323, 320, 293, 193, 29, 161, 305, 369, 321, 157, 90, 419, 423, 189, 479, 164, 31, 362, 396, 66, 34, 401, 471, 88, 302, 403, 388, 24, 289, 15, 271, 312, 224, 186, 174, 375, 456, 132, 119, 317, 223, 298, 332, 59, 374, 328, 199, 217, 437, 84, 269, 297, 306, 150, 5, 116, 96, 313, 120, 106, 426, 248, 238, 208, 151, 0, 366, 364, 105, 87, 117, 172, 56, 377, 130, 330, 3, 380, 126, 138, 422, 413, 256, 52, 292, 65, 80, 156, 258, 142, 481, 472, 163, 249, 365, 61, 3, 60, 0, 0, 229, 0, 1, 101, 8, 125, 0, 0, 0, 0]
convergência = [481, 481, 481, 481, 481, 481, 481, 481, 481, 481, 481, 481, 481, 481, 481, 481, 481, 481, 481, 481, 481, 481, 481, 481, 481, 481]
================================

----- Melhor execução -----
Span (lambda): 481
best_order = [266, 337, 214, 5, 267, 490, 101, 370, 365, 440, 199, 193, 23, 51, 220, 350, 62, 415, 343, 298, 354, 232, 226, 210, 234, 48, 281, 390, 351, 402, 33, 127, 406, 241, 209, 413, 26, 228, 81, 332, 277, 170, 317, 326, 301, 244, 61, 305, 268, 133, 227, 469, 148, 327, 238, 116, 70, 458, 315, 429, 483, 76, 201, 481, 240, 405, 331, 358, 86, 13, 471, 383, 493, 257, 4, 346, 296, 181, 363, 342, 213, 236, 472, 141, 362, 115, 435, 16, 455, 40, 154, 409, 396, 128, 274, 373, 335, 92, 442, 364, 95, 303, 348, 489, 8, 18, 445, 215, 54, 454, 100, 159, 356, 195, 462, 265, 230, 339, 494, 307, 441, 456, 211, 424, 444, 90, 98, 491, 136, 464, 20, 287, 84, 460, 150, 487, 254, 423, 25, 184, 250, 105, 465, 385, 376, 488, 366, 75, 219, 475, 80, 312, 288, 251, 114, 450, 284, 200, 122, 290, 439, 473, 381, 295, 82, 391, 395, 38, 478, 73, 17, 353, 30, 311, 45, 401, 457, 37, 175, 113, 35, 60, 142, 420, 32, 248, 280, 194, 375, 256, 112, 321, 419, 53, 328, 399, 19, 11, 379, 389, 187, 139, 9, 180, 310, 237, 172, 164, 349, 432, 182, 202, 162, 260, 449, 68, 270, 495, 279, 262, 252, 253, 178, 324, 177, 157, 433, 258, 147, 367, 217, 426, 418, 345, 374, 224, 316, 1, 486, 243, 36, 56, 7, 448, 191, 125, 94, 223, 221, 242, 186, 52, 22, 174, 134, 447, 291, 85, 161, 222, 492, 479, 259, 263, 468, 302, 304, 474, 88, 44, 57, 119, 276, 323, 158, 380, 3, 64, 416, 233, 179, 185, 155, 118, 197, 173, 322, 168, 14, 369, 378, 229, 308, 313, 192, 79, 470, 249, 216, 294, 482, 2, 341, 272, 437, 319, 325, 414, 427, 120, 264, 410, 72, 438, 388, 392, 160, 103, 93, 110, 42, 443, 285, 169, 97, 289, 132, 417, 451, 425, 387, 108, 309, 66, 394, 300, 386, 286, 149, 0, 6, 171, 347, 188, 96, 271, 428, 87, 431, 69, 360, 231, 198, 355, 131, 31, 163, 124, 28, 235, 245, 176, 208, 27, 344, 15, 314, 338, 329, 39, 58, 403, 269, 377, 453, 480, 196, 452, 393, 293, 239, 190, 430, 104, 63, 77, 421, 10, 459, 463, 91, 74, 368, 117, 166, 361, 107, 183, 412, 205, 34, 273, 318, 436, 126, 109, 404, 152, 372, 275, 50, 140, 407, 21, 411, 135, 67, 71, 130, 359, 357, 129, 47, 467, 225, 299, 143, 204, 297, 397, 89, 384, 78, 466, 398, 29, 382, 446, 146, 151, 138, 333, 65, 206, 111, 43, 207, 352, 24, 434, 485, 144, 306, 106, 292, 247, 102, 189, 83, 282, 12, 156, 334, 55, 121, 167, 461, 41, 336, 422, 99, 330, 59, 371, 137, 46, 49, 165, 153, 261, 246, 203, 340, 408, 477, 278, 255, 218, 283, 123, 212, 145, 400, 320, 484, 476]
labeling = [329, 230, 294, 268, 75, 4, 331, 236, 102, 197, 378, 192, 445, 72, 282, 357, 85, 166, 104, 190, 124, 402, 235, 9, 438, 133, 40, 354, 349, 425, 167, 342, 180, 32, 390, 171, 233, 173, 162, 356, 89, 455, 311, 433, 259, 170, 462, 411, 27, 463, 399, 13, 242, 187, 103, 447, 234, 261, 344, 459, 177, 47, 18, 372, 270, 431, 295, 404, 209, 339, 55, 406, 304, 165, 382, 141, 62, 376, 421, 291, 144, 42, 160, 448, 129, 250, 63, 338, 260, 418, 121, 379, 95, 310, 231, 98, 334, 318, 123, 457, 108, 10, 444, 308, 370, 136, 442, 386, 322, 391, 309, 434, 184, 175, 149, 83, 54, 383, 276, 262, 303, 449, 154, 476, 347, 239, 394, 33, 91, 410, 407, 346, 314, 48, 246, 405, 122, 460, 429, 195, 400, 81, 179, 414, 440, 478, 427, 24, 5, 327, 127, 428, 395, 464, 86, 272, 452, 213, 266, 109, 307, 251, 207, 348, 203, 465, 384, 451, 281, 316, 43, 333, 202, 278, 245, 169, 352, 211, 215, 275, 198, 71, 205, 387, 134, 277, 244, 194, 337, 446, 373, 237, 290, 12, 178, 112, 367, 274, 343, 11, 153, 58, 206, 468, 416, 389, 432, 435, 353, 38, 23, 118, 477, 76, 2, 107, 269, 222, 474, 143, 14, 240, 252, 241, 228, 412, 22, 50, 41, 284, 113, 341, 20, 273, 25, 351, 78, 200, 53, 368, 64, 36, 243, 232, 35, 350, 467, 439, 181, 267, 135, 147, 216, 218, 131, 469, 183, 73, 220, 253, 201, 466, 214, 254, 300, 111, 0, 6, 49, 360, 210, 336, 296, 392, 92, 398, 263, 37, 473, 212, 182, 28, 450, 475, 152, 315, 326, 128, 146, 319, 148, 247, 443, 371, 287, 158, 77, 417, 17, 415, 325, 26, 255, 99, 257, 46, 441, 115, 286, 324, 196, 168, 145, 288, 358, 57, 227, 45, 393, 299, 480, 185, 279, 264, 219, 301, 44, 51, 188, 361, 458, 68, 39, 430, 453, 94, 454, 1, 359, 114, 470, 285, 69, 19, 355, 225, 74, 335, 100, 204, 16, 30, 436, 159, 21, 345, 110, 408, 70, 409, 340, 385, 82, 79, 97, 3, 140, 221, 381, 280, 7, 461, 397, 93, 226, 176, 139, 363, 283, 191, 265, 155, 424, 67, 420, 137, 323, 320, 293, 193, 29, 161, 305, 369, 321, 157, 90, 419, 423, 189, 479, 164, 31, 362, 396, 66, 34, 401, 471, 88, 302, 403, 388, 24, 289, 15, 271, 312, 224, 186, 174, 375, 456, 132, 119, 317, 223, 298, 332, 59, 374, 328, 199, 217, 437, 84, 269, 297, 306, 150, 5, 116, 96, 313, 120, 106, 426, 248, 238, 208, 151, 0, 366, 364, 105, 87, 117, 172, 56, 377, 130, 330, 3, 380, 126, 138, 422, 413, 256, 52, 292, 65, 80, 156, 258, 142, 481, 472, 163, 249, 365, 61, 3, 60, 0, 0, 229, 0, 1, 101, 8, 125, 0, 0, 0, 0]
