===== RESULTADO GA L(2,1) =====
Arquivo: /Users/mateuspedrosa/Documents/TCC-II/BOGA/data/Harwell-Boeing_cleaned/mcfe_clean.mtx (undirected)
Crossover: cx | Mutação: em | pop=30 | gens=53 | mut=0.446 | cr=0.5724 | runs=1 | max-stagt=1031

----- Execução #1 -----
Span (lambda): 56
Parada: MAX_GENS (geração 53)
best_order = [621, 694, 634, 71, 76, 278, 121, 599, 515, 330, 746, 650, 126, 424, 714, 166, 434, 393, 353, 366, 161, 468, 214, 676, 344, 265, 92, 212, 460, 3, 525, 526, 176, 139, 251, 195, 153, 52, 505, 22, 370, 457, 715, 40, 454, 691, 232, 79, 39, 612, 432, 467, 422, 415, 114, 625, 474, 679, 44, 134, 256, 34, 462, 138, 208, 148, 618, 338, 408, 617, 477, 752, 41, 118, 263, 643, 371, 510, 261, 506, 319, 246, 656, 747, 275, 463, 368, 31, 529, 258, 661, 260, 453, 464, 725, 224, 287, 268, 297, 753, 289, 623, 286, 339, 685, 500, 566, 308, 43, 0, 292, 88, 37, 38, 465, 13, 237, 155, 298, 641, 4, 220, 704, 762, 89, 379, 173, 745, 692, 61, 169, 536, 271, 189, 288, 317, 113, 718, 504, 502, 8, 132, 636, 249, 615, 248, 85, 516, 33, 523, 116, 304, 663, 229, 711, 24, 81, 486, 321, 633, 517, 335, 333, 276, 642, 82, 241, 367, 571, 63, 658, 455, 96, 365, 87, 125, 513, 387, 722, 720, 9, 734, 748, 204, 560, 743, 640, 133, 629, 313, 320, 36, 458, 607, 337, 751, 346, 64, 487, 143, 479, 179, 446, 349, 318, 324, 177, 521, 352, 74, 493, 325, 190, 532, 585, 51, 405, 62, 230, 146, 11, 194, 448, 46, 651, 357, 14, 508, 637, 440, 600, 86, 580, 587, 140, 1, 380, 210, 754, 274, 433, 198, 328, 69, 164, 375, 713, 655, 450, 550, 728, 473, 572, 489, 638, 83, 653, 590, 302, 688, 372, 639, 376, 65, 162, 595, 98, 670, 586, 706, 583, 77, 659, 392, 699, 476, 729, 723, 447, 203, 577, 705, 551, 559, 735, 749, 428, 66, 531, 216, 294, 295, 141, 610, 315, 32, 563, 122, 119, 726, 568, 336, 578, 192, 117, 546, 481, 348, 175, 538, 270, 562, 717, 764, 206, 721, 628, 645, 430, 669, 555, 25, 165, 499, 552, 382, 437, 135, 558, 739, 105, 106, 606, 157, 635, 233, 90, 247, 252, 290, 601, 411, 6, 21, 369, 184, 299, 272, 350, 180, 306, 409, 662, 686, 163, 627, 402, 264, 480, 732, 378, 340, 759, 611, 680, 5, 738, 150, 400, 97, 213, 196, 354, 597, 427, 227, 576, 238, 281, 438, 683, 182, 293, 188, 326, 616, 719, 49, 109, 459, 305, 130, 225, 193, 291, 355, 72, 665, 27, 279, 235, 144, 19, 466, 250, 35, 12, 426, 518, 100, 50, 57, 47, 441, 442, 675, 668, 202, 678, 602, 671, 111, 394, 217, 407, 84, 399, 145, 59, 356, 282, 541, 199, 557, 389, 654, 761, 30, 395, 222, 682, 257, 620, 167, 401, 539, 149, 20, 17, 733, 327, 740, 472, 435, 332, 414, 201, 277, 374, 103, 534, 129, 556, 112, 444, 478, 283, 174, 609, 758, 239, 244, 142, 667, 228, 608, 503, 359, 284, 449, 750, 124, 737, 491, 68, 341, 445, 522, 649, 181, 397, 731, 471, 45, 756, 741, 56, 619, 573, 218, 657, 703, 540, 490, 243, 497, 94, 242, 178, 567, 589, 280, 316, 648, 191, 2, 128, 647, 254, 147, 419, 613, 664, 630, 200, 101, 484, 345, 475, 520, 223, 708, 361, 102, 360, 107, 423, 596, 160, 120, 702, 418, 416, 687, 388, 652, 700, 54, 584, 303, 234, 684, 385, 673, 75, 309, 170, 456, 60, 565, 154, 421, 364, 710, 93, 151, 48, 255, 159, 99, 482, 240, 470, 760, 742, 219, 410, 10, 689, 575, 42, 152, 398, 383, 205, 403, 543, 67, 301, 605, 512, 736, 646, 712, 598, 537, 524, 406, 386, 588, 530, 358, 592, 469, 391, 362, 554, 334, 115, 674, 542, 696, 7, 259, 452, 323, 158, 763, 569, 660, 579, 672, 626, 439, 593, 544, 310, 236, 677, 519, 137, 23, 245, 168, 429, 95, 273, 262, 312, 574, 509, 300, 413, 420, 351, 511, 564, 624, 488, 632, 343, 425, 91, 436, 209, 322, 253, 331, 363, 594, 55, 501, 104, 396, 185, 581, 644, 16, 29, 404, 384, 727, 18, 693, 545, 412, 690, 207, 681, 58, 744, 296, 527, 507, 695, 631, 561, 269, 123, 666, 26, 483, 311, 211, 377, 156, 496, 724, 221, 127, 698, 110, 342, 390, 604, 451, 136, 528, 548, 187, 231, 285, 226, 381, 547, 514, 757, 307, 197, 314, 697, 53, 417, 267, 347, 131, 329, 73, 70, 730, 266, 570, 707, 485, 15, 494, 443, 701, 492, 553, 78, 215, 495, 183, 582, 80, 461, 186, 171, 591, 622, 172, 755, 533, 603, 709, 431, 373, 28, 716, 549, 108, 498, 535, 614]
labeling = [7, 12, 30, 2, 14, 24, 25, 37, 11, 18, 38, 20, 27, 9, 22, 40, 47, 26, 16, 21, 7, 15, 4, 28, 2, 10, 35, 19, 39, 34, 23, 6, 12, 3, 6, 19, 15, 12, 13, 3, 1, 8, 33, 10, 4, 25, 23, 28, 31, 17, 20, 16, 3, 37, 24, 31, 7, 19, 35, 23, 29, 8, 21, 10, 14, 5, 26, 34, 29, 19, 44, 0, 13, 35, 7, 33, 1, 22, 53, 5, 56, 17, 8, 9, 26, 15, 24, 20, 4, 7, 28, 46, 1, 35, 11, 48, 18, 32, 25, 40, 8, 33, 43, 38, 50, 23, 8, 30, 55, 16, 33, 28, 31, 11, 3, 47, 13, 4, 1, 27, 42, 0, 8, 46, 26, 16, 1, 35, 36, 39, 34, 54, 12, 22, 4, 29, 51, 49, 7, 1, 12, 16, 20, 4, 29, 35, 15, 41, 9, 37, 31, 46, 8, 6, 45, 10, 46, 23, 43, 35, 28, 4, 16, 30, 19, 21, 2, 36, 33, 8, 44, 56, 53, 1, 23, 8, 4, 17, 35, 15, 28, 40, 33, 55, 26, 46, 16, 52, 7, 5, 0, 0, 4, 7, 1, 0, 5, 13, 7, 14, 32, 17, 0, 5, 13, 21, 3, 0, 0, 0, 0, 0, 0, 0, 3, 9, 0, 6, 5, 3, 0, 50, 0, 14, 0, 0, 6, 0, 0, 0, 0, 5, 0, 13, 11, 3, 0, 0, 18, 9, 32, 0, 0, 0, 0, 0, 0, 1, 1, 1, 1, 3, 2, 0, 0, 14, 0, 12, 0, 0, 0, 0, 0, 0, 0, 0, 3, 2, 5, 12, 0, 0, 7, 2, 11, 0, 0, 0, 0, 0, 0, 0, 3, 0, 11, 0, 1, 0, 0, 0, 0, 6, 2, 0, 0, 0, 0, 0, 0, 2, 0, 0, 0, 0, 0, 0, 0, 0, 0, 0, 0, 0, 0, 0, 0, 0, 0, 0, 0, 0, 0, 0, 0, 0, 0, 1, 5, 0, 0, 0, 0, 0, 0, 0, 0, 0, 0, 0, 0, 2, 0, 0, 0, 0, 0, 0, 0, 0, 0, 0, 0, 0, 0, 0, 0, 0, 0, 0, 0, 2, 0, 0, 0, 0, 0, 0, 0, 0, 0, 0, 0, 0, 0, 0, 0, 0, 0, 0, 0, 0, 0, 0, 0, 0, 0, 0, 1, 0, 0, 0, 0, 0, 0, 0, 0, 0, 0, 0, 0, 0, 0, 0, 0, 0, 0, 0, 0, 0, 0, 0, 0, 0, 0, 0, 0, 0, 0, 0, 0, 0, 0, 0, 0, 0, 0, 0, 0, 0, 0, 0, 0, 0, 0, 0, 0, 0, 0, 0, 0, 0, 0, 0, 3, 0, 0, 0, 0, 0, 0, 0, 0, 0, 0, 0, 0, 0, 0, 0, 0, 0, 0, 0, 0, 0, 2, 1, 0, 0, 0, 0, 0, 0, 0, 0, 0, 0, 0, 0, 0, 0, 0, 1, 0, 0, 0, 0, 0, 0, 0, 0, 0, 0, 0, 0, 0, 0, 0, 0, 0, 0, 0, 0, 0, 6, 0, 0, 0, 0, 0, 0, 0, 0, 0, 0, 1, 0, 0, 0, 0, 0, 0, 0, 0, 0, 0, 0, 0, 0, 0, 0, 0, 0, 0, 0, 0, 0, 0, 0, 0, 0, 1, 0, 0, 0, 0, 0, 0, 0, 0, 0, 0, 0, 0, 0, 0, 0, 0, 0, 0, 0, 0, 0, 0, 0, 0, 0, 0, 0, 0, 0, 0, 0, 0, 0, 0, 0, 0, 0, 0, 0, 0, 2, 0, 0, 0, 0, 0, 0, 0, 0, 0, 0, 0, 0, 0, 0, 0, 0, 0, 0, 0, 0, 0, 0, 0, 0, 0, 8, 0, 0, 1, 0, 0, 0, 0, 0, 0, 0, 0, 13, 0, 0, 0, 0, 0, 0, 0, 0, 0, 0, 0, 0, 0, 0, 0, 0, 0, 0, 0, 0, 0, 0, 0, 0, 0, 0, 0, 0, 0, 0, 0, 0, 0, 0, 0, 0, 0, 0, 0, 0, 0, 0, 0, 0, 0, 0, 0, 0, 0, 3, 0, 0, 0, 0, 0, 0, 0, 0, 0, 0, 0, 0, 0, 0, 0, 0, 0, 0, 0, 0, 0, 0, 0, 0, 0, 0, 0, 0, 0, 0, 0, 0, 0, 0, 0, 0, 0, 0, 0, 0, 0, 0, 0, 0, 0, 0, 0, 0, 0, 0, 0, 0, 0, 0, 0, 0, 0, 0, 0, 0, 0, 0, 0, 0, 0, 0, 0, 0, 0, 0, 0, 0, 0, 0, 6, 0, 0, 0, 0, 0, 0, 0, 0, 0, 0, 0, 0, 0, 0, 0, 0, 0, 0, 0, 0]
convergência = [57, 57, 57, 57, 56, 56, 56, 56, 56, 56, 56, 56, 56, 56, 56, 56, 56, 56, 56, 56, 56, 56, 56, 56, 56, 56, 56, 56, 56, 56, 56, 56, 56, 56, 56, 56, 56, 56, 56, 56, 56, 56, 56, 56, 56, 56, 56, 56, 56, 56, 56, 56, 56]
================================

----- Melhor execução -----
Span (lambda): 56
best_order = [621, 694, 634, 71, 76, 278, 121, 599, 515, 330, 746, 650, 126, 424, 714, 166, 434, 393, 353, 366, 161, 468, 214, 676, 344, 265, 92, 212, 460, 3, 525, 526, 176, 139, 251, 195, 153, 52, 505, 22, 370, 457, 715, 40, 454, 691, 232, 79, 39, 612, 432, 467, 422, 415, 114, 625, 474, 679, 44, 134, 256, 34, 462, 138, 208, 148, 618, 338, 408, 617, 477, 752, 41, 118, 263, 643, 371, 510, 261, 506, 319, 246, 656, 747, 275, 463, 368, 31, 529, 258, 661, 260, 453, 464, 725, 224, 287, 268, 297, 753, 289, 623, 286, 339, 685, 500, 566, 308, 43, 0, 292, 88, 37, 38, 465, 13, 237, 155, 298, 641, 4, 220, 704, 762, 89, 379, 173, 745, 692, 61, 169, 536, 271, 189, 288, 317, 113, 718, 504, 502, 8, 132, 636, 249, 615, 248, 85, 516, 33, 523, 116, 304, 663, 229, 711, 24, 81, 486, 321, 633, 517, 335, 333, 276, 642, 82, 241, 367, 571, 63, 658, 455, 96, 365, 87, 125, 513, 387, 722, 720, 9, 734, 748, 204, 560, 743, 640, 133, 629, 313, 320, 36, 458, 607, 337, 751, 346, 64, 487, 143, 479, 179, 446, 349, 318, 324, 177, 521, 352, 74, 493, 325, 190, 532, 585, 51, 405, 62, 230, 146, 11, 194, 448, 46, 651, 357, 14, 508, 637, 440, 600, 86, 580, 587, 140, 1, 380, 210, 754, 274, 433, 198, 328, 69, 164, 375, 713, 655, 450, 550, 728, 473, 572, 489, 638, 83, 653, 590, 302, 688, 372, 639, 376, 65, 162, 595, 98, 670, 586, 706, 583, 77, 659, 392, 699, 476, 729, 723, 447, 203, 577, 705, 551, 559, 735, 749, 428, 66, 531, 216, 294, 295, 141, 610, 315, 32, 563, 122, 119, 726, 568, 336, 578, 192, 117, 546, 481, 348, 175, 538, 270, 562, 717, 764, 206, 721, 628, 645, 430, 669, 555, 25, 165, 499, 552, 382, 437, 135, 558, 739, 105, 106, 606, 157, 635, 233, 90, 247, 252, 290, 601, 411, 6, 21, 369, 184, 299, 272, 350, 180, 306, 409, 662, 686, 163, 627, 402, 264, 480, 732, 378, 340, 759, 611, 680, 5, 738, 150, 400, 97, 213, 196, 354, 597, 427, 227, 576, 238, 281, 438, 683, 182, 293, 188, 326, 616, 719, 49, 109, 459, 305, 130, 225, 193, 291, 355, 72, 665, 27, 279, 235, 144, 19, 466, 250, 35, 12, 426, 518, 100, 50, 57, 47, 441, 442, 675, 668, 202, 678, 602, 671, 111, 394, 217, 407, 84, 399, 145, 59, 356, 282, 541, 199, 557, 389, 654, 761, 30, 395, 222, 682, 257, 620, 167, 401, 539, 149, 20, 17, 733, 327, 740, 472, 435, 332, 414, 201, 277, 374, 103, 534, 129, 556, 112, 444, 478, 283, 174, 609, 758, 239, 244, 142, 667, 228, 608, 503, 359, 284, 449, 750, 124, 737, 491, 68, 341, 445, 522, 649, 181, 397, 731, 471, 45, 756, 741, 56, 619, 573, 218, 657, 703, 540, 490, 243, 497, 94, 242, 178, 567, 589, 280, 316, 648, 191, 2, 128, 647, 254, 147, 419, 613, 664, 630, 200, 101, 484, 345, 475, 520, 223, 708, 361, 102, 360, 107, 423, 596, 160, 120, 702, 418, 416, 687, 388, 652, 700, 54, 584, 303, 234, 684, 385, 673, 75, 309, 170, 456, 60, 565, 154, 421, 364, 710, 93, 151, 48, 255, 159, 99, 482, 240, 470, 760, 742, 219, 410, 10, 689, 575, 42, 152, 398, 383, 205, 403, 543, 67, 301, 605, 512, 736, 646, 712, 598, 537, 524, 406, 386, 588, 530, 358, 592, 469, 391, 362, 554, 334, 115, 674, 542, 696, 7, 259, 452, 323, 158, 763, 569, 660, 579, 672, 626, 439, 593, 544, 310, 236, 677, 519, 137, 23, 245, 168, 429, 95, 273, 262, 312, 574, 509, 300, 413, 420, 351, 511, 564, 624, 488, 632, 343, 425, 91, 436, 209, 322, 253, 331, 363, 594, 55, 501, 104, 396, 185, 581, 644, 16, 29, 404, 384, 727, 18, 693, 545, 412, 690, 207, 681, 58, 744, 296, 527, 507, 695, 631, 561, 269, 123, 666, 26, 483, 311, 211, 377, 156, 496, 724, 221, 127, 698, 110, 342, 390, 604, 451, 136, 528, 548, 187, 231, 285, 226, 381, 547, 514, 757, 307, 197, 314, 697, 53, 417, 267, 347, 131, 329, 73, 70, 730, 266, 570, 707, 485, 15, 494, 443, 701, 492, 553, 78, 215, 495, 183, 582, 80, 461, 186, 171, 591, 622, 172, 755, 533, 603, 709, 431, 373, 28, 716, 549, 108, 498, 535, 614]
labeling = [7, 12, 30, 2, 14, 24, 25, 37, 11, 18, 38, 20, 27, 9, 22, 40, 47, 26, 16, 21, 7, 15, 4, 28, 2, 10, 35, 19, 39, 34, 23, 6, 12, 3, 6, 19, 15, 12, 13, 3, 1, 8, 33, 10, 4, 25, 23, 28, 31, 17, 20, 16, 3, 37, 24, 31, 7, 19, 35, 23, 29, 8, 21, 10, 14, 5, 26, 34, 29, 19, 44, 0, 13, 35, 7, 33, 1, 22, 53, 5, 56, 17, 8, 9, 26, 15, 24, 20, 4, 7, 28, 46, 1, 35, 11, 48, 18, 32, 25, 40, 8, 33, 43, 38, 50, 23, 8, 30, 55, 16, 33, 28, 31, 11, 3, 47, 13, 4, 1, 27, 42, 0, 8, 46, 26, 16, 1, 35, 36, 39, 34, 54, 12, 22, 4, 29, 51, 49, 7, 1, 12, 16, 20, 4, 29, 35, 15, 41, 9, 37, 31, 46, 8, 6, 45, 10, 46, 23, 43, 35, 28, 4, 16, 30, 19, 21, 2, 36, 33, 8, 44, 56, 53, 1, 23, 8, 4, 17, 35, 15, 28, 40, 33, 55, 26, 46, 16, 52, 7, 5, 0, 0, 4, 7, 1, 0, 5, 13, 7, 14, 32, 17, 0, 5, 13, 21, 3, 0, 0, 0, 0, 0, 0, 0, 3, 9, 0, 6, 5, 3, 0, 50, 0, 14, 0, 0, 6, 0, 0, 0, 0, 5, 0, 13, 11, 3, 0, 0, 18, 9, 32, 0, 0, 0, 0, 0, 0, 1, 1, 1, 1, 3, 2, 0, 0, 14, 0, 12, 0, 0, 0, 0, 0, 0, 0, 0, 3, 2, 5, 12, 0, 0, 7, 2, 11, 0, 0, 0, 0, 0, 0, 0, 3, 0, 11, 0, 1, 0, 0, 0, 0, 6, 2, 0, 0, 0, 0, 0, 0, 2, 0, 0, 0, 0, 0, 0, 0, 0, 0, 0, 0, 0, 0, 0, 0, 0, 0, 0, 0, 0, 0, 0, 0, 0, 0, 1, 5, 0, 0, 0, 0, 0, 0, 0, 0, 0, 0, 0, 0, 2, 0, 0, 0, 0, 0, 0, 0, 0, 0, 0, 0, 0, 0, 0, 0, 0, 0, 0, 0, 2, 0, 0, 0, 0, 0, 0, 0, 0, 0, 0, 0, 0, 0, 0, 0, 0, 0, 0, 0, 0, 0, 0, 0, 0, 0, 0, 1, 0, 0, 0, 0, 0, 0, 0, 0, 0, 0, 0, 0, 0, 0, 0, 0, 0, 0, 0, 0, 0, 0, 0, 0, 0, 0, 0, 0, 0, 0, 0, 0, 0, 0, 0, 0, 0, 0, 0, 0, 0, 0, 0, 0, 0, 0, 0, 0, 0, 0, 0, 0, 0, 0, 0, 3, 0, 0, 0, 0, 0, 0, 0, 0, 0, 0, 0, 0, 0, 0, 0, 0, 0, 0, 0, 0, 0, 2, 1, 0, 0, 0, 0, 0, 0, 0, 0, 0, 0, 0, 0, 0, 0, 0, 1, 0, 0, 0, 0, 0, 0, 0, 0, 0, 0, 0, 0, 0, 0, 0, 0, 0, 0, 0, 0, 0, 6, 0, 0, 0, 0, 0, 0, 0, 0, 0, 0, 1, 0, 0, 0, 0, 0, 0, 0, 0, 0, 0, 0, 0, 0, 0, 0, 0, 0, 0, 0, 0, 0, 0, 0, 0, 0, 1, 0, 0, 0, 0, 0, 0, 0, 0, 0, 0, 0, 0, 0, 0, 0, 0, 0, 0, 0, 0, 0, 0, 0, 0, 0, 0, 0, 0, 0, 0, 0, 0, 0, 0, 0, 0, 0, 0, 0, 0, 2, 0, 0, 0, 0, 0, 0, 0, 0, 0, 0, 0, 0, 0, 0, 0, 0, 0, 0, 0, 0, 0, 0, 0, 0, 0, 8, 0, 0, 1, 0, 0, 0, 0, 0, 0, 0, 0, 13, 0, 0, 0, 0, 0, 0, 0, 0, 0, 0, 0, 0, 0, 0, 0, 0, 0, 0, 0, 0, 0, 0, 0, 0, 0, 0, 0, 0, 0, 0, 0, 0, 0, 0, 0, 0, 0, 0, 0, 0, 0, 0, 0, 0, 0, 0, 0, 0, 0, 3, 0, 0, 0, 0, 0, 0, 0, 0, 0, 0, 0, 0, 0, 0, 0, 0, 0, 0, 0, 0, 0, 0, 0, 0, 0, 0, 0, 0, 0, 0, 0, 0, 0, 0, 0, 0, 0, 0, 0, 0, 0, 0, 0, 0, 0, 0, 0, 0, 0, 0, 0, 0, 0, 0, 0, 0, 0, 0, 0, 0, 0, 0, 0, 0, 0, 0, 0, 0, 0, 0, 0, 0, 0, 0, 6, 0, 0, 0, 0, 0, 0, 0, 0, 0, 0, 0, 0, 0, 0, 0, 0, 0, 0, 0, 0]
