===== RESULTADO GA L(2,1) =====
Arquivo: /Users/mateuspedrosa/Documents/TCC-II/BOGA/data/Harwell-Boeing_cleaned/nnc1374_clean.mtx (undirected)
Crossover: cx | Mutação: em | pop=30 | gens=53 | mut=0.446 | cr=0.5724 | runs=1 | max-stagt=1031

----- Execução #1 -----
Span (lambda): 558
Parada: MAX_GENS (geração 53)
best_order = [0, 1152, 2, 3, 1007, 5, 6, 7, 8, 9, 10, 11, 12, 13, 14, 15, 16, 17, 18, 19, 20, 21, 950, 1042, 24, 25, 26, 27, 28, 1003, 30, 31, 32, 33, 34, 35, 100, 996, 428, 1109, 40, 578, 42, 43, 44, 45, 1220, 47, 48, 1092, 50, 51, 52, 53, 270, 55, 56, 57, 58, 59, 1328, 61, 694, 63, 64, 65, 66, 89, 904, 69, 70, 71, 72, 189, 74, 75, 1333, 77, 1019, 79, 80, 36, 82, 83, 84, 85, 86, 87, 88, 374, 591, 91, 92, 533, 94, 95, 96, 97, 98, 99, 368, 172, 102, 103, 998, 105, 106, 107, 587, 109, 110, 595, 899, 113, 114, 115, 431, 117, 118, 119, 134, 121, 122, 123, 124, 125, 126, 127, 128, 129, 130, 131, 132, 460, 465, 135, 136, 611, 138, 139, 140, 1098, 142, 143, 144, 145, 403, 247, 1143, 149, 332, 151, 509, 153, 154, 1121, 156, 157, 158, 159, 982, 161, 1028, 163, 164, 165, 166, 167, 168, 169, 170, 171, 1346, 173, 174, 175, 176, 177, 178, 179, 180, 181, 182, 183, 184, 185, 186, 187, 188, 952, 190, 191, 192, 193, 194, 475, 196, 197, 398, 199, 200, 201, 202, 1130, 204, 205, 980, 207, 208, 209, 210, 322, 212, 1342, 214, 215, 216, 217, 370, 219, 29, 221, 222, 223, 160, 1354, 226, 227, 228, 229, 230, 231, 232, 233, 234, 235, 236, 237, 238, 239, 240, 241, 242, 1172, 462, 245, 246, 427, 248, 249, 250, 251, 67, 847, 254, 255, 256, 366, 258, 883, 260, 261, 262, 263, 264, 1245, 266, 267, 268, 269, 116, 271, 272, 273, 274, 275, 791, 277, 749, 279, 930, 281, 282, 283, 284, 285, 577, 287, 1276, 1303, 449, 291, 292, 530, 294, 148, 296, 297, 298, 299, 300, 853, 958, 303, 304, 305, 306, 307, 308, 309, 310, 640, 312, 313, 314, 315, 316, 317, 318, 319, 320, 321, 525, 323, 324, 325, 326, 505, 957, 329, 330, 331, 429, 1089, 339, 1160, 336, 1065, 357, 1080, 553, 341, 445, 343, 344, 345, 346, 347, 348, 349, 350, 351, 352, 353, 354, 355, 356, 923, 358, 359, 360, 361, 362, 363, 615, 365, 302, 367, 252, 328, 603, 371, 372, 373, 498, 81, 376, 381, 378, 379, 380, 1012, 1261, 383, 1147, 894, 386, 387, 388, 389, 1256, 391, 392, 393, 394, 395, 396, 397, 337, 399, 68, 401, 402, 503, 1162, 405, 406, 407, 1127, 409, 410, 411, 412, 620, 806, 295, 286, 417, 418, 419, 420, 421, 422, 1033, 443, 425, 426, 692, 870, 742, 430, 290, 432, 433, 1066, 152, 436, 437, 438, 439, 440, 875, 442, 73, 444, 1067, 446, 447, 912, 797, 1139, 451, 452, 453, 454, 455, 456, 218, 458, 147, 1015, 461, 1083, 1072, 464, 276, 466, 467, 999, 76, 470, 471, 472, 473, 474, 335, 476, 477, 478, 479, 480, 481, 482, 483, 484, 485, 486, 1232, 488, 489, 719, 491, 492, 493, 494, 495, 496, 1123, 311, 499, 887, 501, 1317, 195, 504, 423, 506, 507, 508, 862, 510, 93, 512, 513, 514, 515, 516, 517, 518, 519, 520, 521, 522, 523, 1101, 198, 526, 527, 528, 529, 382, 824, 532, 758, 534, 535, 536, 537, 538, 539, 540, 541, 542, 543, 544, 545, 546, 547, 994, 549, 1150, 551, 552, 288, 554, 555, 556, 557, 558, 559, 560, 561, 562, 563, 564, 565, 566, 567, 568, 569, 570, 571, 572, 573, 574, 1244, 664, 531, 38, 579, 580, 581, 582, 583, 584, 585, 600, 1041, 588, 589, 500, 920, 592, 593, 1009, 301, 596, 597, 90, 599, 1106, 601, 146, 340, 604, 605, 606, 607, 608, 609, 610, 487, 612, 1011, 614, 1110, 616, 617, 618, 619, 807, 448, 1171, 623, 78, 625, 626, 627, 628, 629, 630, 631, 632, 633, 634, 635, 636, 637, 638, 639, 459, 641, 642, 643, 644, 645, 646, 647, 648, 649, 650, 651, 468, 49, 654, 655, 656, 657, 658, 659, 660, 661, 662, 663, 469, 665, 497, 22, 668, 669, 670, 964, 672, 108, 653, 717, 676, 1311, 678, 679, 680, 681, 682, 683, 684, 685, 686, 687, 688, 689, 690, 691, 760, 693, 413, 695, 696, 697, 698, 699, 700, 701, 702, 703, 278, 705, 706, 457, 708, 709, 710, 711, 712, 879, 714, 715, 755, 859, 718, 704, 720, 721, 722, 723, 724, 725, 726, 727, 728, 1268, 730, 731, 732, 733, 734, 735, 736, 737, 738, 739, 253, 741, 327, 743, 744, 745, 746, 747, 748, 881, 750, 751, 752, 753, 754, 1315, 756, 757, 150, 759, 613, 761, 762, 763, 764, 765, 766, 767, 768, 769, 770, 771, 772, 162, 774, 775, 776, 777, 46, 779, 780, 781, 782, 783, 784, 120, 786, 787, 788, 789, 790, 773, 960, 793, 794, 795, 796, 1233, 798, 799, 800, 801, 802, 803, 804, 805, 1023, 259, 808, 809, 810, 811, 812, 813, 814, 1274, 816, 390, 818, 819, 820, 821, 822, 823, 666, 825, 897, 827, 828, 829, 830, 1213, 832, 833, 834, 835, 155, 837, 884, 1373, 840, 841, 902, 843, 844, 845, 846, 37, 848, 849, 850, 851, 852, 917, 854, 855, 856, 857, 1297, 1280, 860, 861, 60, 863, 864, 865, 866, 867, 868, 869, 675, 871, 872, 873, 874, 1247, 876, 877, 878, 434, 880, 910, 882, 334, 463, 885, 886, 716, 888, 889, 890, 891, 244, 893, 900, 895, 896, 929, 898, 1313, 1, 901, 1228, 415, 590, 905, 906, 62, 908, 909, 729, 911, 622, 913, 914, 915, 916, 598, 918, 450, 1112, 921, 922, 408, 924, 925, 926, 927, 928, 54, 842, 931, 932, 933, 934, 935, 936, 937, 938, 939, 940, 941, 942, 943, 944, 945, 946, 947, 948, 949, 1223, 951, 621, 953, 954, 955, 956, 985, 1136, 959, 919, 961, 502, 963, 1264, 965, 966, 967, 968, 1167, 970, 971, 972, 973, 974, 975, 976, 977, 978, 979, 257, 981, 243, 983, 984, 1091, 1116, 987, 225, 989, 1284, 991, 992, 993, 826, 995, 1038, 997, 831, 490, 1000, 1001, 1002, 133, 1004, 1005, 1006, 624, 1008, 101, 1010, 364, 667, 1013, 1014, 524, 1016, 1017, 1018, 1202, 1020, 1021, 1022, 400, 1024, 1025, 1026, 1027, 903, 1029, 1030, 1031, 1032, 137, 1034, 1035, 1036, 333, 778, 1039, 1040, 1255, 1362, 1221, 1044, 1045, 1046, 1047, 1048, 1049, 1043, 1051, 1052, 1053, 1054, 1055, 1056, 1057, 1058, 1059, 1060, 1061, 1062, 1063, 1064, 817, 342, 1205, 1068, 1069, 1070, 1071, 575, 1073, 1074, 1075, 1076, 1077, 1078, 1079, 375, 1081, 1082, 1157, 1084, 1085, 1086, 1087, 1088, 441, 1090, 289, 836, 1093, 1094, 1095, 1096, 1097, 111, 1099, 1100, 23, 1102, 1103, 1104, 1105, 1267, 1107, 1108, 713, 839, 1111, 265, 1113, 1114, 1115, 576, 141, 1118, 1119, 1120, 1353, 1122, 673, 1124, 1125, 1126, 384, 104, 1129, 969, 1131, 1132, 1133, 1134, 1135, 4, 1137, 1138, 385, 404, 1141, 1142, 1198, 1144, 1145, 1146, 511, 1148, 1149, 377, 1151, 550, 1153, 1154, 1155, 1156, 548, 1158, 1159, 674, 1161, 838, 1163, 1164, 1165, 1166, 740, 1168, 1169, 1170, 815, 213, 1173, 1174, 1175, 1176, 707, 1178, 1179, 1180, 1181, 1182, 1183, 1184, 1185, 1186, 1187, 1188, 1189, 1190, 1191, 1192, 1193, 1194, 1195, 1196, 1197, 785, 1199, 1200, 1201, 414, 1203, 1204, 962, 1206, 1207, 1208, 1209, 1210, 1211, 1212, 1321, 1214, 1215, 293, 1217, 1218, 1219, 1037, 220, 1222, 907, 1224, 1225, 1226, 1227, 1050, 1229, 1230, 1231, 988, 206, 1234, 1235, 1236, 1237, 1238, 1239, 1240, 1241, 1242, 1243, 280, 990, 1246, 677, 1248, 1249, 1250, 1251, 1252, 1253, 1254, 986, 1177, 1257, 1258, 1259, 1260, 39, 1262, 1263, 892, 1265, 1266, 369, 1117, 1269, 1270, 1271, 1272, 1273, 224, 1275, 652, 1277, 1278, 1279, 671, 1281, 1282, 1283, 1307, 1285, 1286, 1287, 1288, 1289, 1290, 1291, 1292, 1293, 1294, 1295, 1296, 858, 1298, 1299, 1300, 1301, 1302, 1140, 1304, 1305, 1306, 1339, 1308, 1309, 1310, 416, 1312, 602, 1314, 586, 1316, 1341, 1318, 1319, 1320, 424, 1322, 1323, 1324, 1325, 1326, 1327, 792, 1329, 1330, 1331, 1332, 338, 1334, 1335, 1336, 1337, 1338, 435, 1340, 203, 211, 1343, 1344, 1345, 1216, 1347, 1348, 1349, 1350, 1351, 1352, 594, 41, 1355, 1356, 1357, 1358, 1359, 1360, 1361, 1128, 1363, 112, 1365, 1366, 1367, 1368, 1369, 1370, 1371, 1372, 1364]
labeling = [0, 505, 2, 3, 12, 4, 1, 5, 7, 8, 9, 10, 1, 6, 1, 11, 12, 13, 14, 1, 15, 2, 366, 534, 17, 18, 3, 2, 16, 121, 1, 19, 2, 20, 22, 23, 43, 8, 4, 4, 3, 173, 24, 25, 4, 6, 126, 4, 5, 114, 3, 4, 5, 26, 514, 28, 29, 1, 30, 4, 478, 6, 510, 8, 31, 32, 33, 142, 219, 35, 36, 37, 2, 241, 3, 39, 83, 40, 109, 41, 42, 204, 44, 45, 46, 47, 48, 2, 49, 1, 321, 7, 52, 89, 54, 55, 56, 57, 58, 59, 1, 523, 3, 62, 166, 63, 64, 9, 371, 11, 66, 533, 6, 1, 2, 69, 154, 5, 6, 13, 5, 4, 14, 5, 6, 15, 3, 4, 16, 72, 73, 74, 75, 6, 71, 1, 78, 163, 80, 17, 81, 538, 83, 82, 84, 85, 323, 245, 1, 86, 4, 87, 74, 88, 19, 461, 89, 90, 91, 92, 124, 93, 428, 1, 94, 2, 95, 20, 96, 22, 97, 98, 61, 99, 100, 101, 102, 103, 1, 104, 2, 105, 23, 106, 24, 107, 108, 109, 110, 38, 111, 1, 112, 2, 113, 87, 115, 116, 6, 118, 3, 4, 3, 4, 25, 119, 547, 1, 2, 26, 6, 7, 27, 4, 5, 28, 4, 5, 79, 3, 5, 29, 122, 123, 551, 520, 1, 125, 2, 126, 30, 127, 32, 128, 129, 130, 131, 132, 133, 134, 135, 1, 136, 6, 502, 33, 137, 4, 138, 139, 140, 141, 202, 406, 144, 145, 3, 519, 2, 451, 36, 147, 37, 148, 149, 537, 150, 151, 152, 153, 27, 1, 155, 4, 156, 38, 247, 42, 382, 158, 548, 159, 160, 161, 162, 163, 4, 164, 6, 532, 73, 165, 43, 545, 167, 228, 168, 169, 170, 1, 171, 6, 201, 45, 172, 173, 4, 174, 2, 3, 4, 5, 46, 176, 177, 3, 4, 47, 4, 5, 48, 6, 1, 53, 3, 4, 49, 8, 1, 55, 3, 5, 18, 528, 495, 254, 181, 3, 557, 1, 324, 56, 530, 58, 184, 185, 186, 187, 188, 189, 190, 191, 1, 192, 2, 193, 59, 182, 60, 194, 195, 196, 197, 198, 525, 200, 146, 1, 60, 6, 120, 61, 203, 62, 50, 531, 205, 542, 207, 208, 209, 206, 3, 210, 6, 540, 66, 211, 67, 212, 454, 214, 213, 215, 216, 217, 218, 1, 117, 4, 526, 69, 220, 3, 541, 222, 223, 224, 513, 225, 226, 227, 1, 381, 6, 507, 171, 229, 71, 230, 231, 232, 233, 272, 555, 2, 234, 34, 21, 180, 236, 70, 238, 235, 491, 4, 3, 75, 237, 239, 5, 6, 76, 3, 4, 57, 3, 4, 108, 1, 6, 77, 3, 4, 78, 4, 5, 125, 244, 347, 76, 246, 1, 496, 2, 77, 82, 248, 113, 364, 249, 250, 251, 252, 253, 114, 255, 1, 256, 2, 257, 84, 258, 85, 259, 260, 261, 330, 262, 263, 522, 265, 2, 266, 3, 267, 86, 365, 65, 268, 317, 270, 518, 221, 271, 179, 273, 2, 274, 1, 276, 168, 277, 90, 278, 279, 280, 281, 282, 283, 284, 285, 4, 286, 1, 178, 91, 287, 92, 288, 166, 310, 289, 53, 291, 292, 293, 1, 294, 6, 295, 93, 296, 94, 297, 298, 299, 300, 543, 301, 6, 302, 95, 183, 304, 305, 306, 303, 2, 4, 5, 98, 307, 308, 4, 5, 99, 5, 6, 100, 4, 5, 101, 4, 5, 167, 8, 2, 1, 3, 4, 102, 311, 312, 313, 314, 6, 65, 1, 316, 155, 51, 103, 318, 558, 67, 319, 320, 512, 322, 315, 3, 554, 1, 325, 104, 326, 105, 327, 328, 329, 79, 331, 418, 332, 199, 3, 333, 4, 334, 70, 516, 157, 335, 524, 337, 336, 338, 339, 340, 341, 1, 342, 4, 343, 110, 344, 111, 345, 346, 175, 348, 349, 350, 351, 352, 1, 353, 2, 354, 112, 355, 170, 372, 356, 357, 358, 359, 360, 361, 362, 1, 363, 2, 309, 116, 455, 162, 367, 368, 369, 552, 370, 539, 6, 483, 117, 549, 374, 375, 376, 377, 3, 3, 4, 118, 378, 379, 3, 4, 119, 6, 1, 120, 1, 6, 121, 4, 5, 122, 4, 5, 123, 3, 4, 124, 383, 544, 384, 385, 1, 386, 3, 535, 129, 387, 152, 373, 389, 264, 390, 391, 392, 393, 394, 2, 395, 3, 396, 156, 397, 130, 398, 399, 400, 401, 402, 403, 404, 405, 7, 407, 1, 408, 131, 409, 132, 410, 411, 157, 412, 413, 414, 415, 416, 1, 417, 2, 290, 133, 380, 134, 419, 420, 421, 422, 423, 424, 425, 426, 3, 427, 2, 440, 135, 429, 136, 430, 529, 432, 431, 433, 434, 435, 436, 8, 437, 4, 438, 139, 439, 39, 556, 441, 442, 443, 444, 243, 2, 445, 140, 446, 447, 448, 449, 450, 1, 1, 5, 141, 452, 453, 5, 6, 142, 5, 4, 164, 4, 5, 143, 4, 5, 144, 1, 6, 161, 0, 4, 145, 457, 521, 458, 459, 1, 460, 3, 462, 169, 536, 146, 464, 515, 466, 467, 468, 469, 143, 470, 1, 471, 2, 472, 44, 473, 149, 474, 475, 553, 388, 476, 477, 275, 479, 1, 480, 2, 481, 150, 482, 72, 484, 485, 486, 487, 240, 488, 489, 490, 1, 492, 2, 494, 35, 463, 151, 497, 269, 499, 498, 500, 501, 550, 503, 1, 504, 2, 456, 154, 68, 153, 506, 465, 527, 34, 508, 509, 546, 511, 4, 493, 6, 242, 158, 159, 6, 0, 2, 2, 517, 0, 0, 0, 0, 7, 160, 1, 1, 1, 4, 0, 0, 1, 0, 0, 0, 0, 4, 0, 0, 4, 0, 0, 4, 0, 0, 4, 0, 0, 3, 0, 0, 1, 0, 0, 0, 0, 0, 0, 0, 0, 0, 0, 0, 0, 0, 1, 0, 0, 0, 0, 0, 0, 0, 0, 0, 0, 0, 0, 0, 0, 1, 0, 0, 0, 0, 0, 0, 0, 0, 0, 0, 0, 0, 0, 0, 1, 0, 0, 0, 0, 0, 0, 0, 0, 0, 0, 0, 0, 0, 0, 1, 0, 0, 0, 0, 0, 0, 0, 0, 0, 0, 0, 0, 0, 0, 1, 0, 0, 0, 0, 0, 0, 0, 0, 0, 0, 0, 0, 0, 0, 1, 0, 0, 0, 0, 0, 0, 0, 0, 0, 5, 0, 0, 0, 0, 0, 0, 0, 0, 0, 0, 0, 0, 0, 0, 0, 0, 0, 0, 0, 0, 0, 0, 0, 0, 0, 0, 0, 0, 0, 0, 0, 0, 0, 0, 0, 0, 0, 0, 0, 0, 0, 0, 0, 0, 0, 0, 0, 0, 0, 0, 0, 0, 0, 0, 0, 0, 0, 0, 0, 0, 0, 0, 0, 0, 0, 0, 0, 0, 0, 0, 0, 0, 0, 0, 0, 0, 0, 0, 0, 0, 0, 0, 0, 0, 0, 0, 0, 0, 0, 0, 0, 0, 0, 0, 0, 0, 0, 0, 0, 0, 0, 0, 0, 0, 0, 0, 0, 0, 0, 0, 0, 0, 0, 0, 0, 0, 0, 0, 0, 0, 0, 0, 0, 0, 0, 0, 0, 0, 0, 0, 0, 0, 0, 0, 0, 0, 0, 0, 0, 0, 0, 0, 0, 0, 0, 0, 0, 0, 0, 0, 0, 0, 0, 0, 0, 0, 0, 0, 0, 0, 0, 0, 0, 0, 0, 0, 0, 0, 0, 0, 0, 0, 0, 0, 0, 0, 0, 0, 0, 0, 0, 0, 0, 0, 0, 0, 0, 0, 0, 0, 0, 0, 0, 0, 0, 0, 0, 0, 0, 0, 0, 0, 0, 0, 0, 0, 0, 0, 0, 0, 0, 0, 0, 0, 0, 0, 0, 0, 0, 0, 0, 0, 0, 0, 0, 0, 0, 0, 0, 0, 0, 0, 0, 0, 0, 0, 0, 0, 0, 0, 0, 0, 0, 0, 0, 0, 0, 0, 0, 0, 0, 0, 0, 0, 0, 0, 0, 0, 0, 0, 0, 0, 0, 0, 0, 0, 0, 0, 0, 0, 0, 0, 0, 0, 0, 0, 0, 0, 0, 0, 0, 0, 0, 0, 0, 0, 0, 0, 0, 0, 0, 0, 0, 0, 0, 0, 0, 0, 0, 0, 0, 0, 0, 0, 0, 0, 0, 0, 0, 0, 0, 0, 0, 0, 0, 0, 0, 0, 0, 0, 0, 0]
convergência = [559, 558, 558, 558, 558, 558, 558, 558, 558, 558, 558, 558, 558, 558, 558, 558, 558, 558, 558, 558, 558, 558, 558, 558, 558, 558, 558, 558, 558, 558, 558, 558, 558, 558, 558, 558, 558, 558, 558, 558, 558, 558, 558, 558, 558, 558, 558, 558, 558, 558, 558, 558, 558]
================================

----- Melhor execução -----
Span (lambda): 558
best_order = [0, 1152, 2, 3, 1007, 5, 6, 7, 8, 9, 10, 11, 12, 13, 14, 15, 16, 17, 18, 19, 20, 21, 950, 1042, 24, 25, 26, 27, 28, 1003, 30, 31, 32, 33, 34, 35, 100, 996, 428, 1109, 40, 578, 42, 43, 44, 45, 1220, 47, 48, 1092, 50, 51, 52, 53, 270, 55, 56, 57, 58, 59, 1328, 61, 694, 63, 64, 65, 66, 89, 904, 69, 70, 71, 72, 189, 74, 75, 1333, 77, 1019, 79, 80, 36, 82, 83, 84, 85, 86, 87, 88, 374, 591, 91, 92, 533, 94, 95, 96, 97, 98, 99, 368, 172, 102, 103, 998, 105, 106, 107, 587, 109, 110, 595, 899, 113, 114, 115, 431, 117, 118, 119, 134, 121, 122, 123, 124, 125, 126, 127, 128, 129, 130, 131, 132, 460, 465, 135, 136, 611, 138, 139, 140, 1098, 142, 143, 144, 145, 403, 247, 1143, 149, 332, 151, 509, 153, 154, 1121, 156, 157, 158, 159, 982, 161, 1028, 163, 164, 165, 166, 167, 168, 169, 170, 171, 1346, 173, 174, 175, 176, 177, 178, 179, 180, 181, 182, 183, 184, 185, 186, 187, 188, 952, 190, 191, 192, 193, 194, 475, 196, 197, 398, 199, 200, 201, 202, 1130, 204, 205, 980, 207, 208, 209, 210, 322, 212, 1342, 214, 215, 216, 217, 370, 219, 29, 221, 222, 223, 160, 1354, 226, 227, 228, 229, 230, 231, 232, 233, 234, 235, 236, 237, 238, 239, 240, 241, 242, 1172, 462, 245, 246, 427, 248, 249, 250, 251, 67, 847, 254, 255, 256, 366, 258, 883, 260, 261, 262, 263, 264, 1245, 266, 267, 268, 269, 116, 271, 272, 273, 274, 275, 791, 277, 749, 279, 930, 281, 282, 283, 284, 285, 577, 287, 1276, 1303, 449, 291, 292, 530, 294, 148, 296, 297, 298, 299, 300, 853, 958, 303, 304, 305, 306, 307, 308, 309, 310, 640, 312, 313, 314, 315, 316, 317, 318, 319, 320, 321, 525, 323, 324, 325, 326, 505, 957, 329, 330, 331, 429, 1089, 339, 1160, 336, 1065, 357, 1080, 553, 341, 445, 343, 344, 345, 346, 347, 348, 349, 350, 351, 352, 353, 354, 355, 356, 923, 358, 359, 360, 361, 362, 363, 615, 365, 302, 367, 252, 328, 603, 371, 372, 373, 498, 81, 376, 381, 378, 379, 380, 1012, 1261, 383, 1147, 894, 386, 387, 388, 389, 1256, 391, 392, 393, 394, 395, 396, 397, 337, 399, 68, 401, 402, 503, 1162, 405, 406, 407, 1127, 409, 410, 411, 412, 620, 806, 295, 286, 417, 418, 419, 420, 421, 422, 1033, 443, 425, 426, 692, 870, 742, 430, 290, 432, 433, 1066, 152, 436, 437, 438, 439, 440, 875, 442, 73, 444, 1067, 446, 447, 912, 797, 1139, 451, 452, 453, 454, 455, 456, 218, 458, 147, 1015, 461, 1083, 1072, 464, 276, 466, 467, 999, 76, 470, 471, 472, 473, 474, 335, 476, 477, 478, 479, 480, 481, 482, 483, 484, 485, 486, 1232, 488, 489, 719, 491, 492, 493, 494, 495, 496, 1123, 311, 499, 887, 501, 1317, 195, 504, 423, 506, 507, 508, 862, 510, 93, 512, 513, 514, 515, 516, 517, 518, 519, 520, 521, 522, 523, 1101, 198, 526, 527, 528, 529, 382, 824, 532, 758, 534, 535, 536, 537, 538, 539, 540, 541, 542, 543, 544, 545, 546, 547, 994, 549, 1150, 551, 552, 288, 554, 555, 556, 557, 558, 559, 560, 561, 562, 563, 564, 565, 566, 567, 568, 569, 570, 571, 572, 573, 574, 1244, 664, 531, 38, 579, 580, 581, 582, 583, 584, 585, 600, 1041, 588, 589, 500, 920, 592, 593, 1009, 301, 596, 597, 90, 599, 1106, 601, 146, 340, 604, 605, 606, 607, 608, 609, 610, 487, 612, 1011, 614, 1110, 616, 617, 618, 619, 807, 448, 1171, 623, 78, 625, 626, 627, 628, 629, 630, 631, 632, 633, 634, 635, 636, 637, 638, 639, 459, 641, 642, 643, 644, 645, 646, 647, 648, 649, 650, 651, 468, 49, 654, 655, 656, 657, 658, 659, 660, 661, 662, 663, 469, 665, 497, 22, 668, 669, 670, 964, 672, 108, 653, 717, 676, 1311, 678, 679, 680, 681, 682, 683, 684, 685, 686, 687, 688, 689, 690, 691, 760, 693, 413, 695, 696, 697, 698, 699, 700, 701, 702, 703, 278, 705, 706, 457, 708, 709, 710, 711, 712, 879, 714, 715, 755, 859, 718, 704, 720, 721, 722, 723, 724, 725, 726, 727, 728, 1268, 730, 731, 732, 733, 734, 735, 736, 737, 738, 739, 253, 741, 327, 743, 744, 745, 746, 747, 748, 881, 750, 751, 752, 753, 754, 1315, 756, 757, 150, 759, 613, 761, 762, 763, 764, 765, 766, 767, 768, 769, 770, 771, 772, 162, 774, 775, 776, 777, 46, 779, 780, 781, 782, 783, 784, 120, 786, 787, 788, 789, 790, 773, 960, 793, 794, 795, 796, 1233, 798, 799, 800, 801, 802, 803, 804, 805, 1023, 259, 808, 809, 810, 811, 812, 813, 814, 1274, 816, 390, 818, 819, 820, 821, 822, 823, 666, 825, 897, 827, 828, 829, 830, 1213, 832, 833, 834, 835, 155, 837, 884, 1373, 840, 841, 902, 843, 844, 845, 846, 37, 848, 849, 850, 851, 852, 917, 854, 855, 856, 857, 1297, 1280, 860, 861, 60, 863, 864, 865, 866, 867, 868, 869, 675, 871, 872, 873, 874, 1247, 876, 877, 878, 434, 880, 910, 882, 334, 463, 885, 886, 716, 888, 889, 890, 891, 244, 893, 900, 895, 896, 929, 898, 1313, 1, 901, 1228, 415, 590, 905, 906, 62, 908, 909, 729, 911, 622, 913, 914, 915, 916, 598, 918, 450, 1112, 921, 922, 408, 924, 925, 926, 927, 928, 54, 842, 931, 932, 933, 934, 935, 936, 937, 938, 939, 940, 941, 942, 943, 944, 945, 946, 947, 948, 949, 1223, 951, 621, 953, 954, 955, 956, 985, 1136, 959, 919, 961, 502, 963, 1264, 965, 966, 967, 968, 1167, 970, 971, 972, 973, 974, 975, 976, 977, 978, 979, 257, 981, 243, 983, 984, 1091, 1116, 987, 225, 989, 1284, 991, 992, 993, 826, 995, 1038, 997, 831, 490, 1000, 1001, 1002, 133, 1004, 1005, 1006, 624, 1008, 101, 1010, 364, 667, 1013, 1014, 524, 1016, 1017, 1018, 1202, 1020, 1021, 1022, 400, 1024, 1025, 1026, 1027, 903, 1029, 1030, 1031, 1032, 137, 1034, 1035, 1036, 333, 778, 1039, 1040, 1255, 1362, 1221, 1044, 1045, 1046, 1047, 1048, 1049, 1043, 1051, 1052, 1053, 1054, 1055, 1056, 1057, 1058, 1059, 1060, 1061, 1062, 1063, 1064, 817, 342, 1205, 1068, 1069, 1070, 1071, 575, 1073, 1074, 1075, 1076, 1077, 1078, 1079, 375, 1081, 1082, 1157, 1084, 1085, 1086, 1087, 1088, 441, 1090, 289, 836, 1093, 1094, 1095, 1096, 1097, 111, 1099, 1100, 23, 1102, 1103, 1104, 1105, 1267, 1107, 1108, 713, 839, 1111, 265, 1113, 1114, 1115, 576, 141, 1118, 1119, 1120, 1353, 1122, 673, 1124, 1125, 1126, 384, 104, 1129, 969, 1131, 1132, 1133, 1134, 1135, 4, 1137, 1138, 385, 404, 1141, 1142, 1198, 1144, 1145, 1146, 511, 1148, 1149, 377, 1151, 550, 1153, 1154, 1155, 1156, 548, 1158, 1159, 674, 1161, 838, 1163, 1164, 1165, 1166, 740, 1168, 1169, 1170, 815, 213, 1173, 1174, 1175, 1176, 707, 1178, 1179, 1180, 1181, 1182, 1183, 1184, 1185, 1186, 1187, 1188, 1189, 1190, 1191, 1192, 1193, 1194, 1195, 1196, 1197, 785, 1199, 1200, 1201, 414, 1203, 1204, 962, 1206, 1207, 1208, 1209, 1210, 1211, 1212, 1321, 1214, 1215, 293, 1217, 1218, 1219, 1037, 220, 1222, 907, 1224, 1225, 1226, 1227, 1050, 1229, 1230, 1231, 988, 206, 1234, 1235, 1236, 1237, 1238, 1239, 1240, 1241, 1242, 1243, 280, 990, 1246, 677, 1248, 1249, 1250, 1251, 1252, 1253, 1254, 986, 1177, 1257, 1258, 1259, 1260, 39, 1262, 1263, 892, 1265, 1266, 369, 1117, 1269, 1270, 1271, 1272, 1273, 224, 1275, 652, 1277, 1278, 1279, 671, 1281, 1282, 1283, 1307, 1285, 1286, 1287, 1288, 1289, 1290, 1291, 1292, 1293, 1294, 1295, 1296, 858, 1298, 1299, 1300, 1301, 1302, 1140, 1304, 1305, 1306, 1339, 1308, 1309, 1310, 416, 1312, 602, 1314, 586, 1316, 1341, 1318, 1319, 1320, 424, 1322, 1323, 1324, 1325, 1326, 1327, 792, 1329, 1330, 1331, 1332, 338, 1334, 1335, 1336, 1337, 1338, 435, 1340, 203, 211, 1343, 1344, 1345, 1216, 1347, 1348, 1349, 1350, 1351, 1352, 594, 41, 1355, 1356, 1357, 1358, 1359, 1360, 1361, 1128, 1363, 112, 1365, 1366, 1367, 1368, 1369, 1370, 1371, 1372, 1364]
labeling = [0, 505, 2, 3, 12, 4, 1, 5, 7, 8, 9, 10, 1, 6, 1, 11, 12, 13, 14, 1, 15, 2, 366, 534, 17, 18, 3, 2, 16, 121, 1, 19, 2, 20, 22, 23, 43, 8, 4, 4, 3, 173, 24, 25, 4, 6, 126, 4, 5, 114, 3, 4, 5, 26, 514, 28, 29, 1, 30, 4, 478, 6, 510, 8, 31, 32, 33, 142, 219, 35, 36, 37, 2, 241, 3, 39, 83, 40, 109, 41, 42, 204, 44, 45, 46, 47, 48, 2, 49, 1, 321, 7, 52, 89, 54, 55, 56, 57, 58, 59, 1, 523, 3, 62, 166, 63, 64, 9, 371, 11, 66, 533, 6, 1, 2, 69, 154, 5, 6, 13, 5, 4, 14, 5, 6, 15, 3, 4, 16, 72, 73, 74, 75, 6, 71, 1, 78, 163, 80, 17, 81, 538, 83, 82, 84, 85, 323, 245, 1, 86, 4, 87, 74, 88, 19, 461, 89, 90, 91, 92, 124, 93, 428, 1, 94, 2, 95, 20, 96, 22, 97, 98, 61, 99, 100, 101, 102, 103, 1, 104, 2, 105, 23, 106, 24, 107, 108, 109, 110, 38, 111, 1, 112, 2, 113, 87, 115, 116, 6, 118, 3, 4, 3, 4, 25, 119, 547, 1, 2, 26, 6, 7, 27, 4, 5, 28, 4, 5, 79, 3, 5, 29, 122, 123, 551, 520, 1, 125, 2, 126, 30, 127, 32, 128, 129, 130, 131, 132, 133, 134, 135, 1, 136, 6, 502, 33, 137, 4, 138, 139, 140, 141, 202, 406, 144, 145, 3, 519, 2, 451, 36, 147, 37, 148, 149, 537, 150, 151, 152, 153, 27, 1, 155, 4, 156, 38, 247, 42, 382, 158, 548, 159, 160, 161, 162, 163, 4, 164, 6, 532, 73, 165, 43, 545, 167, 228, 168, 169, 170, 1, 171, 6, 201, 45, 172, 173, 4, 174, 2, 3, 4, 5, 46, 176, 177, 3, 4, 47, 4, 5, 48, 6, 1, 53, 3, 4, 49, 8, 1, 55, 3, 5, 18, 528, 495, 254, 181, 3, 557, 1, 324, 56, 530, 58, 184, 185, 186, 187, 188, 189, 190, 191, 1, 192, 2, 193, 59, 182, 60, 194, 195, 196, 197, 198, 525, 200, 146, 1, 60, 6, 120, 61, 203, 62, 50, 531, 205, 542, 207, 208, 209, 206, 3, 210, 6, 540, 66, 211, 67, 212, 454, 214, 213, 215, 216, 217, 218, 1, 117, 4, 526, 69, 220, 3, 541, 222, 223, 224, 513, 225, 226, 227, 1, 381, 6, 507, 171, 229, 71, 230, 231, 232, 233, 272, 555, 2, 234, 34, 21, 180, 236, 70, 238, 235, 491, 4, 3, 75, 237, 239, 5, 6, 76, 3, 4, 57, 3, 4, 108, 1, 6, 77, 3, 4, 78, 4, 5, 125, 244, 347, 76, 246, 1, 496, 2, 77, 82, 248, 113, 364, 249, 250, 251, 252, 253, 114, 255, 1, 256, 2, 257, 84, 258, 85, 259, 260, 261, 330, 262, 263, 522, 265, 2, 266, 3, 267, 86, 365, 65, 268, 317, 270, 518, 221, 271, 179, 273, 2, 274, 1, 276, 168, 277, 90, 278, 279, 280, 281, 282, 283, 284, 285, 4, 286, 1, 178, 91, 287, 92, 288, 166, 310, 289, 53, 291, 292, 293, 1, 294, 6, 295, 93, 296, 94, 297, 298, 299, 300, 543, 301, 6, 302, 95, 183, 304, 305, 306, 303, 2, 4, 5, 98, 307, 308, 4, 5, 99, 5, 6, 100, 4, 5, 101, 4, 5, 167, 8, 2, 1, 3, 4, 102, 311, 312, 313, 314, 6, 65, 1, 316, 155, 51, 103, 318, 558, 67, 319, 320, 512, 322, 315, 3, 554, 1, 325, 104, 326, 105, 327, 328, 329, 79, 331, 418, 332, 199, 3, 333, 4, 334, 70, 516, 157, 335, 524, 337, 336, 338, 339, 340, 341, 1, 342, 4, 343, 110, 344, 111, 345, 346, 175, 348, 349, 350, 351, 352, 1, 353, 2, 354, 112, 355, 170, 372, 356, 357, 358, 359, 360, 361, 362, 1, 363, 2, 309, 116, 455, 162, 367, 368, 369, 552, 370, 539, 6, 483, 117, 549, 374, 375, 376, 377, 3, 3, 4, 118, 378, 379, 3, 4, 119, 6, 1, 120, 1, 6, 121, 4, 5, 122, 4, 5, 123, 3, 4, 124, 383, 544, 384, 385, 1, 386, 3, 535, 129, 387, 152, 373, 389, 264, 390, 391, 392, 393, 394, 2, 395, 3, 396, 156, 397, 130, 398, 399, 400, 401, 402, 403, 404, 405, 7, 407, 1, 408, 131, 409, 132, 410, 411, 157, 412, 413, 414, 415, 416, 1, 417, 2, 290, 133, 380, 134, 419, 420, 421, 422, 423, 424, 425, 426, 3, 427, 2, 440, 135, 429, 136, 430, 529, 432, 431, 433, 434, 435, 436, 8, 437, 4, 438, 139, 439, 39, 556, 441, 442, 443, 444, 243, 2, 445, 140, 446, 447, 448, 449, 450, 1, 1, 5, 141, 452, 453, 5, 6, 142, 5, 4, 164, 4, 5, 143, 4, 5, 144, 1, 6, 161, 0, 4, 145, 457, 521, 458, 459, 1, 460, 3, 462, 169, 536, 146, 464, 515, 466, 467, 468, 469, 143, 470, 1, 471, 2, 472, 44, 473, 149, 474, 475, 553, 388, 476, 477, 275, 479, 1, 480, 2, 481, 150, 482, 72, 484, 485, 486, 487, 240, 488, 489, 490, 1, 492, 2, 494, 35, 463, 151, 497, 269, 499, 498, 500, 501, 550, 503, 1, 504, 2, 456, 154, 68, 153, 506, 465, 527, 34, 508, 509, 546, 511, 4, 493, 6, 242, 158, 159, 6, 0, 2, 2, 517, 0, 0, 0, 0, 7, 160, 1, 1, 1, 4, 0, 0, 1, 0, 0, 0, 0, 4, 0, 0, 4, 0, 0, 4, 0, 0, 4, 0, 0, 3, 0, 0, 1, 0, 0, 0, 0, 0, 0, 0, 0, 0, 0, 0, 0, 0, 1, 0, 0, 0, 0, 0, 0, 0, 0, 0, 0, 0, 0, 0, 0, 1, 0, 0, 0, 0, 0, 0, 0, 0, 0, 0, 0, 0, 0, 0, 1, 0, 0, 0, 0, 0, 0, 0, 0, 0, 0, 0, 0, 0, 0, 1, 0, 0, 0, 0, 0, 0, 0, 0, 0, 0, 0, 0, 0, 0, 1, 0, 0, 0, 0, 0, 0, 0, 0, 0, 0, 0, 0, 0, 0, 1, 0, 0, 0, 0, 0, 0, 0, 0, 0, 5, 0, 0, 0, 0, 0, 0, 0, 0, 0, 0, 0, 0, 0, 0, 0, 0, 0, 0, 0, 0, 0, 0, 0, 0, 0, 0, 0, 0, 0, 0, 0, 0, 0, 0, 0, 0, 0, 0, 0, 0, 0, 0, 0, 0, 0, 0, 0, 0, 0, 0, 0, 0, 0, 0, 0, 0, 0, 0, 0, 0, 0, 0, 0, 0, 0, 0, 0, 0, 0, 0, 0, 0, 0, 0, 0, 0, 0, 0, 0, 0, 0, 0, 0, 0, 0, 0, 0, 0, 0, 0, 0, 0, 0, 0, 0, 0, 0, 0, 0, 0, 0, 0, 0, 0, 0, 0, 0, 0, 0, 0, 0, 0, 0, 0, 0, 0, 0, 0, 0, 0, 0, 0, 0, 0, 0, 0, 0, 0, 0, 0, 0, 0, 0, 0, 0, 0, 0, 0, 0, 0, 0, 0, 0, 0, 0, 0, 0, 0, 0, 0, 0, 0, 0, 0, 0, 0, 0, 0, 0, 0, 0, 0, 0, 0, 0, 0, 0, 0, 0, 0, 0, 0, 0, 0, 0, 0, 0, 0, 0, 0, 0, 0, 0, 0, 0, 0, 0, 0, 0, 0, 0, 0, 0, 0, 0, 0, 0, 0, 0, 0, 0, 0, 0, 0, 0, 0, 0, 0, 0, 0, 0, 0, 0, 0, 0, 0, 0, 0, 0, 0, 0, 0, 0, 0, 0, 0, 0, 0, 0, 0, 0, 0, 0, 0, 0, 0, 0, 0, 0, 0, 0, 0, 0, 0, 0, 0, 0, 0, 0, 0, 0, 0, 0, 0, 0, 0, 0, 0, 0, 0, 0, 0, 0, 0, 0, 0, 0, 0, 0, 0, 0, 0, 0, 0, 0, 0, 0, 0, 0, 0, 0, 0, 0, 0, 0, 0, 0, 0, 0, 0, 0, 0, 0, 0, 0, 0, 0, 0, 0, 0, 0, 0, 0, 0, 0, 0, 0, 0, 0, 0, 0, 0, 0, 0, 0, 0, 0, 0, 0, 0, 0, 0]
