===== RESULTADO GA L(2,1) =====
Arquivo: /Users/mateuspedrosa/Documents/TCC-II/BOGA/data/Harwell-Boeing_cleaned/nnc666_clean.mtx (undirected)
Crossover: cx | Mutação: em | pop=30 | gens=53 | mut=0.446 | cr=0.5724 | runs=1 | max-stagt=1031

----- Execução #1 -----
Span (lambda): 266
Parada: MAX_GENS (geração 53)
best_order = [0, 111, 2, 3, 4, 5, 6, 7, 397, 216, 10, 11, 435, 507, 14, 15, 16, 17, 18, 19, 652, 21, 22, 23, 24, 361, 556, 315, 28, 508, 30, 51, 32, 33, 280, 427, 36, 37, 38, 39, 311, 41, 584, 43, 44, 45, 363, 47, 48, 563, 50, 654, 52, 53, 269, 89, 56, 57, 487, 59, 60, 61, 648, 63, 242, 91, 66, 67, 68, 69, 70, 75, 650, 73, 74, 494, 360, 426, 98, 79, 80, 81, 82, 83, 84, 515, 572, 87, 88, 559, 90, 181, 92, 93, 94, 95, 96, 97, 305, 482, 492, 101, 102, 581, 104, 105, 625, 107, 108, 394, 86, 657, 112, 436, 114, 115, 116, 117, 85, 119, 120, 121, 122, 123, 124, 125, 419, 127, 128, 129, 130, 131, 374, 133, 134, 135, 78, 137, 138, 139, 140, 141, 142, 143, 144, 145, 146, 327, 148, 149, 150, 151, 152, 153, 154, 1, 156, 157, 158, 159, 160, 161, 306, 163, 164, 165, 166, 167, 168, 169, 170, 171, 593, 173, 174, 175, 176, 626, 252, 179, 180, 541, 182, 183, 184, 185, 496, 187, 188, 189, 190, 191, 469, 520, 194, 195, 196, 76, 198, 199, 35, 201, 202, 203, 204, 205, 64, 207, 208, 209, 210, 211, 212, 109, 214, 215, 425, 217, 218, 219, 220, 221, 222, 223, 224, 490, 595, 227, 228, 197, 230, 231, 232, 233, 234, 235, 236, 237, 238, 147, 240, 241, 246, 359, 553, 245, 381, 504, 248, 393, 250, 251, 54, 253, 254, 255, 256, 257, 258, 379, 260, 261, 262, 263, 264, 265, 259, 267, 268, 9, 270, 271, 272, 273, 274, 352, 276, 277, 278, 58, 307, 281, 282, 283, 62, 285, 286, 505, 288, 453, 290, 291, 292, 293, 244, 295, 296, 49, 298, 299, 568, 301, 313, 303, 400, 42, 424, 480, 308, 309, 310, 275, 312, 477, 314, 225, 316, 317, 318, 319, 632, 321, 322, 323, 324, 325, 401, 510, 423, 329, 330, 331, 332, 333, 334, 335, 336, 337, 338, 339, 445, 341, 13, 343, 344, 172, 99, 347, 348, 380, 350, 351, 642, 353, 354, 178, 356, 357, 358, 40, 304, 576, 362, 31, 364, 365, 366, 367, 368, 369, 370, 371, 569, 373, 103, 375, 376, 162, 378, 441, 546, 372, 382, 383, 384, 385, 386, 387, 388, 389, 390, 297, 392, 589, 342, 395, 396, 300, 126, 193, 561, 627, 476, 403, 404, 405, 406, 266, 408, 409, 410, 411, 412, 413, 414, 415, 416, 417, 418, 340, 420, 132, 422, 402, 575, 279, 8, 511, 428, 429, 430, 431, 432, 433, 434, 616, 421, 437, 438, 439, 440, 483, 442, 443, 444, 326, 446, 447, 448, 449, 450, 451, 239, 580, 454, 455, 226, 398, 458, 459, 460, 461, 462, 463, 464, 465, 466, 467, 468, 55, 470, 471, 472, 473, 474, 475, 29, 456, 478, 479, 200, 506, 457, 46, 484, 485, 249, 213, 488, 489, 26, 491, 633, 493, 118, 495, 287, 557, 498, 499, 500, 501, 502, 503, 229, 481, 497, 247, 25, 509, 192, 206, 512, 513, 27, 355, 516, 517, 518, 519, 560, 521, 522, 523, 524, 525, 526, 527, 528, 529, 530, 514, 532, 533, 534, 535, 536, 537, 538, 539, 540, 71, 542, 543, 294, 545, 452, 547, 548, 549, 550, 551, 552, 72, 554, 555, 656, 346, 558, 100, 243, 77, 562, 20, 564, 565, 566, 567, 284, 65, 570, 571, 531, 573, 574, 328, 106, 577, 578, 579, 391, 110, 582, 583, 486, 585, 586, 587, 588, 345, 590, 591, 592, 186, 594, 12, 596, 597, 598, 599, 600, 601, 602, 603, 604, 605, 606, 607, 407, 608, 610, 611, 612, 613, 614, 615, 136, 617, 618, 619, 620, 621, 622, 623, 624, 609, 289, 349, 628, 629, 630, 631, 544, 320, 634, 635, 636, 637, 638, 639, 640, 641, 302, 643, 644, 645, 646, 647, 177, 649, 34, 651, 155, 653, 113, 655, 399, 377, 658, 659, 660, 661, 662, 663, 664, 665]
labeling = [0, 83, 3, 4, 1, 5, 2, 6, 228, 145, 9, 10, 1, 182, 1, 12, 13, 1, 14, 2, 250, 16, 17, 18, 3, 2, 7, 4, 1, 239, 20, 5, 7, 4, 5, 4, 3, 23, 22, 24, 191, 1, 169, 2, 26, 5, 241, 9, 28, 164, 30, 21, 29, 31, 137, 238, 3, 32, 6, 33, 10, 34, 41, 35, 107, 251, 36, 37, 38, 1, 39, 11, 247, 7, 40, 41, 9, 249, 2, 44, 45, 4, 5, 8, 46, 61, 4, 3, 11, 1, 5, 6, 3, 4, 12, 48, 49, 50, 43, 57, 248, 13, 52, 64, 53, 14, 253, 54, 55, 112, 255, 2, 57, 264, 1, 59, 3, 60, 87, 62, 15, 63, 64, 65, 66, 67, 212, 68, 69, 1, 70, 3, 225, 16, 72, 17, 258, 73, 74, 75, 76, 77, 1, 78, 2, 79, 18, 130, 81, 5, 82, 3, 4, 1, 2, 95, 84, 85, 1, 5, 20, 5, 6, 21, 4, 6, 22, 3, 4, 23, 87, 88, 183, 89, 1, 90, 3, 263, 58, 91, 26, 47, 92, 93, 94, 95, 256, 96, 97, 1, 98, 3, 245, 68, 99, 27, 100, 122, 102, 101, 240, 103, 104, 105, 1, 106, 6, 108, 29, 109, 30, 110, 111, 242, 114, 113, 8, 115, 116, 1, 117, 2, 118, 32, 119, 49, 237, 120, 121, 244, 123, 124, 2, 125, 33, 126, 127, 128, 129, 236, 131, 132, 1, 5, 42, 135, 133, 6, 5, 84, 3, 4, 25, 4, 5, 36, 4, 5, 37, 143, 139, 140, 141, 3, 142, 1, 217, 38, 144, 2, 146, 147, 148, 149, 150, 171, 152, 153, 2, 227, 1, 155, 39, 156, 92, 157, 158, 243, 159, 259, 160, 161, 162, 1, 246, 3, 163, 67, 165, 43, 211, 166, 262, 168, 192, 51, 86, 154, 1, 170, 2, 25, 45, 167, 46, 19, 172, 173, 174, 175, 261, 2, 176, 54, 177, 178, 234, 80, 252, 1, 3, 4, 51, 180, 181, 5, 6, 55, 5, 6, 73, 4, 5, 56, 4, 5, 90, 184, 185, 260, 187, 4, 151, 3, 188, 89, 189, 59, 190, 134, 42, 15, 193, 27, 194, 195, 3, 196, 5, 197, 60, 198, 61, 199, 71, 201, 200, 266, 202, 138, 186, 1, 203, 4, 204, 65, 205, 66, 206, 207, 208, 254, 209, 136, 56, 210, 1, 7, 6, 265, 44, 179, 74, 213, 214, 215, 216, 257, 218, 2, 219, 70, 220, 221, 222, 223, 224, 3, 5, 1, 71, 229, 226, 0, 1, 31, 0, 1, 75, 3, 4, 76, 4, 5, 77, 11, 58, 230, 231, 4, 232, 3, 233, 78, 79, 3, 80, 6, 1, 235, 0, 0, 0, 0, 0, 0, 0, 0, 6, 81, 5, 82, 1, 2, 3, 0, 0, 0, 0, 0, 0, 0, 0, 6, 83, 0, 69, 1, 0, 0, 0, 0, 0, 0, 0, 0, 0, 0, 7, 85, 0, 86, 1, 0, 0, 0, 0, 8, 88, 1, 0, 0, 2, 0, 0, 1, 0, 0, 0, 0, 1, 0, 0, 0, 0, 0, 0, 0, 0, 0, 0, 0, 0, 0, 0, 0, 0, 0, 0, 0, 0, 0, 0, 1, 0, 0, 0, 0, 0, 0, 0, 0, 0, 0, 0, 0, 0, 0, 0, 0, 0, 0, 0, 0, 0, 0, 0, 0, 0, 0, 0, 0, 0, 0, 0, 0, 0, 0, 0, 0, 0, 0, 0, 0, 0, 0, 0, 0, 0, 0, 0, 0, 0, 0, 0, 0, 0, 0, 0, 0, 0, 0, 0, 0, 0, 0, 0, 0, 0, 0, 0, 0, 0, 0, 0, 0, 0, 0, 0, 0, 0, 0, 0, 0, 0, 0, 0, 0, 0, 0, 0, 0, 0, 0, 0, 0, 0, 0, 0, 0, 0, 0, 0, 0, 0, 0, 0, 0, 0, 0, 0, 0, 0, 0, 0, 0, 0, 0, 0, 0, 0, 0, 0, 0, 0, 0, 0, 0, 0, 0, 0, 0, 0, 0, 0, 0]
convergência = [267, 267, 267, 266, 266, 266, 266, 266, 266, 266, 266, 266, 266, 266, 266, 266, 266, 266, 266, 266, 266, 266, 266, 266, 266, 266, 266, 266, 266, 266, 266, 266, 266, 266, 266, 266, 266, 266, 266, 266, 266, 266, 266, 266, 266, 266, 266, 266, 266, 266, 266, 266, 266]
================================

----- Melhor execução -----
Span (lambda): 266
best_order = [0, 111, 2, 3, 4, 5, 6, 7, 397, 216, 10, 11, 435, 507, 14, 15, 16, 17, 18, 19, 652, 21, 22, 23, 24, 361, 556, 315, 28, 508, 30, 51, 32, 33, 280, 427, 36, 37, 38, 39, 311, 41, 584, 43, 44, 45, 363, 47, 48, 563, 50, 654, 52, 53, 269, 89, 56, 57, 487, 59, 60, 61, 648, 63, 242, 91, 66, 67, 68, 69, 70, 75, 650, 73, 74, 494, 360, 426, 98, 79, 80, 81, 82, 83, 84, 515, 572, 87, 88, 559, 90, 181, 92, 93, 94, 95, 96, 97, 305, 482, 492, 101, 102, 581, 104, 105, 625, 107, 108, 394, 86, 657, 112, 436, 114, 115, 116, 117, 85, 119, 120, 121, 122, 123, 124, 125, 419, 127, 128, 129, 130, 131, 374, 133, 134, 135, 78, 137, 138, 139, 140, 141, 142, 143, 144, 145, 146, 327, 148, 149, 150, 151, 152, 153, 154, 1, 156, 157, 158, 159, 160, 161, 306, 163, 164, 165, 166, 167, 168, 169, 170, 171, 593, 173, 174, 175, 176, 626, 252, 179, 180, 541, 182, 183, 184, 185, 496, 187, 188, 189, 190, 191, 469, 520, 194, 195, 196, 76, 198, 199, 35, 201, 202, 203, 204, 205, 64, 207, 208, 209, 210, 211, 212, 109, 214, 215, 425, 217, 218, 219, 220, 221, 222, 223, 224, 490, 595, 227, 228, 197, 230, 231, 232, 233, 234, 235, 236, 237, 238, 147, 240, 241, 246, 359, 553, 245, 381, 504, 248, 393, 250, 251, 54, 253, 254, 255, 256, 257, 258, 379, 260, 261, 262, 263, 264, 265, 259, 267, 268, 9, 270, 271, 272, 273, 274, 352, 276, 277, 278, 58, 307, 281, 282, 283, 62, 285, 286, 505, 288, 453, 290, 291, 292, 293, 244, 295, 296, 49, 298, 299, 568, 301, 313, 303, 400, 42, 424, 480, 308, 309, 310, 275, 312, 477, 314, 225, 316, 317, 318, 319, 632, 321, 322, 323, 324, 325, 401, 510, 423, 329, 330, 331, 332, 333, 334, 335, 336, 337, 338, 339, 445, 341, 13, 343, 344, 172, 99, 347, 348, 380, 350, 351, 642, 353, 354, 178, 356, 357, 358, 40, 304, 576, 362, 31, 364, 365, 366, 367, 368, 369, 370, 371, 569, 373, 103, 375, 376, 162, 378, 441, 546, 372, 382, 383, 384, 385, 386, 387, 388, 389, 390, 297, 392, 589, 342, 395, 396, 300, 126, 193, 561, 627, 476, 403, 404, 405, 406, 266, 408, 409, 410, 411, 412, 413, 414, 415, 416, 417, 418, 340, 420, 132, 422, 402, 575, 279, 8, 511, 428, 429, 430, 431, 432, 433, 434, 616, 421, 437, 438, 439, 440, 483, 442, 443, 444, 326, 446, 447, 448, 449, 450, 451, 239, 580, 454, 455, 226, 398, 458, 459, 460, 461, 462, 463, 464, 465, 466, 467, 468, 55, 470, 471, 472, 473, 474, 475, 29, 456, 478, 479, 200, 506, 457, 46, 484, 485, 249, 213, 488, 489, 26, 491, 633, 493, 118, 495, 287, 557, 498, 499, 500, 501, 502, 503, 229, 481, 497, 247, 25, 509, 192, 206, 512, 513, 27, 355, 516, 517, 518, 519, 560, 521, 522, 523, 524, 525, 526, 527, 528, 529, 530, 514, 532, 533, 534, 535, 536, 537, 538, 539, 540, 71, 542, 543, 294, 545, 452, 547, 548, 549, 550, 551, 552, 72, 554, 555, 656, 346, 558, 100, 243, 77, 562, 20, 564, 565, 566, 567, 284, 65, 570, 571, 531, 573, 574, 328, 106, 577, 578, 579, 391, 110, 582, 583, 486, 585, 586, 587, 588, 345, 590, 591, 592, 186, 594, 12, 596, 597, 598, 599, 600, 601, 602, 603, 604, 605, 606, 607, 407, 608, 610, 611, 612, 613, 614, 615, 136, 617, 618, 619, 620, 621, 622, 623, 624, 609, 289, 349, 628, 629, 630, 631, 544, 320, 634, 635, 636, 637, 638, 639, 640, 641, 302, 643, 644, 645, 646, 647, 177, 649, 34, 651, 155, 653, 113, 655, 399, 377, 658, 659, 660, 661, 662, 663, 664, 665]
labeling = [0, 83, 3, 4, 1, 5, 2, 6, 228, 145, 9, 10, 1, 182, 1, 12, 13, 1, 14, 2, 250, 16, 17, 18, 3, 2, 7, 4, 1, 239, 20, 5, 7, 4, 5, 4, 3, 23, 22, 24, 191, 1, 169, 2, 26, 5, 241, 9, 28, 164, 30, 21, 29, 31, 137, 238, 3, 32, 6, 33, 10, 34, 41, 35, 107, 251, 36, 37, 38, 1, 39, 11, 247, 7, 40, 41, 9, 249, 2, 44, 45, 4, 5, 8, 46, 61, 4, 3, 11, 1, 5, 6, 3, 4, 12, 48, 49, 50, 43, 57, 248, 13, 52, 64, 53, 14, 253, 54, 55, 112, 255, 2, 57, 264, 1, 59, 3, 60, 87, 62, 15, 63, 64, 65, 66, 67, 212, 68, 69, 1, 70, 3, 225, 16, 72, 17, 258, 73, 74, 75, 76, 77, 1, 78, 2, 79, 18, 130, 81, 5, 82, 3, 4, 1, 2, 95, 84, 85, 1, 5, 20, 5, 6, 21, 4, 6, 22, 3, 4, 23, 87, 88, 183, 89, 1, 90, 3, 263, 58, 91, 26, 47, 92, 93, 94, 95, 256, 96, 97, 1, 98, 3, 245, 68, 99, 27, 100, 122, 102, 101, 240, 103, 104, 105, 1, 106, 6, 108, 29, 109, 30, 110, 111, 242, 114, 113, 8, 115, 116, 1, 117, 2, 118, 32, 119, 49, 237, 120, 121, 244, 123, 124, 2, 125, 33, 126, 127, 128, 129, 236, 131, 132, 1, 5, 42, 135, 133, 6, 5, 84, 3, 4, 25, 4, 5, 36, 4, 5, 37, 143, 139, 140, 141, 3, 142, 1, 217, 38, 144, 2, 146, 147, 148, 149, 150, 171, 152, 153, 2, 227, 1, 155, 39, 156, 92, 157, 158, 243, 159, 259, 160, 161, 162, 1, 246, 3, 163, 67, 165, 43, 211, 166, 262, 168, 192, 51, 86, 154, 1, 170, 2, 25, 45, 167, 46, 19, 172, 173, 174, 175, 261, 2, 176, 54, 177, 178, 234, 80, 252, 1, 3, 4, 51, 180, 181, 5, 6, 55, 5, 6, 73, 4, 5, 56, 4, 5, 90, 184, 185, 260, 187, 4, 151, 3, 188, 89, 189, 59, 190, 134, 42, 15, 193, 27, 194, 195, 3, 196, 5, 197, 60, 198, 61, 199, 71, 201, 200, 266, 202, 138, 186, 1, 203, 4, 204, 65, 205, 66, 206, 207, 208, 254, 209, 136, 56, 210, 1, 7, 6, 265, 44, 179, 74, 213, 214, 215, 216, 257, 218, 2, 219, 70, 220, 221, 222, 223, 224, 3, 5, 1, 71, 229, 226, 0, 1, 31, 0, 1, 75, 3, 4, 76, 4, 5, 77, 11, 58, 230, 231, 4, 232, 3, 233, 78, 79, 3, 80, 6, 1, 235, 0, 0, 0, 0, 0, 0, 0, 0, 6, 81, 5, 82, 1, 2, 3, 0, 0, 0, 0, 0, 0, 0, 0, 6, 83, 0, 69, 1, 0, 0, 0, 0, 0, 0, 0, 0, 0, 0, 7, 85, 0, 86, 1, 0, 0, 0, 0, 8, 88, 1, 0, 0, 2, 0, 0, 1, 0, 0, 0, 0, 1, 0, 0, 0, 0, 0, 0, 0, 0, 0, 0, 0, 0, 0, 0, 0, 0, 0, 0, 0, 0, 0, 0, 1, 0, 0, 0, 0, 0, 0, 0, 0, 0, 0, 0, 0, 0, 0, 0, 0, 0, 0, 0, 0, 0, 0, 0, 0, 0, 0, 0, 0, 0, 0, 0, 0, 0, 0, 0, 0, 0, 0, 0, 0, 0, 0, 0, 0, 0, 0, 0, 0, 0, 0, 0, 0, 0, 0, 0, 0, 0, 0, 0, 0, 0, 0, 0, 0, 0, 0, 0, 0, 0, 0, 0, 0, 0, 0, 0, 0, 0, 0, 0, 0, 0, 0, 0, 0, 0, 0, 0, 0, 0, 0, 0, 0, 0, 0, 0, 0, 0, 0, 0, 0, 0, 0, 0, 0, 0, 0, 0, 0, 0, 0, 0, 0, 0, 0, 0, 0, 0, 0, 0, 0, 0, 0, 0, 0, 0, 0, 0, 0, 0, 0, 0, 0]
