===== RESULTADO GA L(2,1) =====
Arquivo: /Users/mateuspedrosa/Documents/TCC-II/BOGA/data/Harwell-Boeing_cleaned/nos4_clean.mtx (undirected)
Crossover: cx | Mutação: em | pop=30 | gens=53 | mut=0.446 | cr=0.5724 | runs=1 | max-stagt=1031

----- Execução #1 -----
Span (lambda): 11
Parada: MAX_GENS (geração 53)
best_order = [68, 50, 18, 54, 78, 12, 85, 92, 66, 91, 53, 40, 23, 46, 13, 90, 38, 5, 76, 4, 0, 75, 2, 52, 45, 82, 8, 1, 26, 55, 83, 19, 86, 6, 58, 94, 20, 14, 42, 29, 34, 11, 59, 84, 16, 65, 39, 98, 28, 88, 25, 22, 32, 96, 77, 70, 69, 60, 15, 37, 72, 61, 41, 9, 24, 74, 51, 63, 48, 21, 44, 31, 80, 93, 57, 87, 7, 30, 27, 71, 3, 62, 35, 56, 47, 17, 43, 89, 95, 67, 10, 97, 81, 79, 99, 49, 33, 64, 36, 73]
labeling = [7, 2, 1, 0, 6, 5, 1, 0, 1, 7, 10, 2, 0, 3, 8, 7, 10, 9, 0, 4, 0, 2, 4, 1, 9, 3, 2, 11, 5, 1, 10, 0, 7, 8, 4, 9, 11, 5, 2, 3, 3, 7, 6, 5, 8, 4, 0, 10, 5, 7, 0, 3, 5, 1, 1, 6, 10, 1, 0, 5, 2, 4, 6, 8, 8, 0, 3, 0, 0, 0, 0, 0, 1, 0, 0, 0, 0, 0, 0, 0, 0, 0, 0, 0, 0, 0, 0, 0, 0, 0, 0, 0, 0, 0, 0, 0, 0, 0, 0, 0]
convergência = [11, 11, 11, 11, 11, 11, 11, 11, 11, 11, 11, 11, 11, 11, 11, 11, 11, 11, 11, 11, 11, 11, 11, 11, 11, 11, 11, 11, 11, 11, 11, 11, 11, 11, 11, 11, 11, 11, 11, 11, 11, 11, 11, 11, 11, 11, 11, 11, 11, 11, 11, 11, 11]
================================

----- Melhor execução -----
Span (lambda): 11
best_order = [68, 50, 18, 54, 78, 12, 85, 92, 66, 91, 53, 40, 23, 46, 13, 90, 38, 5, 76, 4, 0, 75, 2, 52, 45, 82, 8, 1, 26, 55, 83, 19, 86, 6, 58, 94, 20, 14, 42, 29, 34, 11, 59, 84, 16, 65, 39, 98, 28, 88, 25, 22, 32, 96, 77, 70, 69, 60, 15, 37, 72, 61, 41, 9, 24, 74, 51, 63, 48, 21, 44, 31, 80, 93, 57, 87, 7, 30, 27, 71, 3, 62, 35, 56, 47, 17, 43, 89, 95, 67, 10, 97, 81, 79, 99, 49, 33, 64, 36, 73]
labeling = [7, 2, 1, 0, 6, 5, 1, 0, 1, 7, 10, 2, 0, 3, 8, 7, 10, 9, 0, 4, 0, 2, 4, 1, 9, 3, 2, 11, 5, 1, 10, 0, 7, 8, 4, 9, 11, 5, 2, 3, 3, 7, 6, 5, 8, 4, 0, 10, 5, 7, 0, 3, 5, 1, 1, 6, 10, 1, 0, 5, 2, 4, 6, 8, 8, 0, 3, 0, 0, 0, 0, 0, 1, 0, 0, 0, 0, 0, 0, 0, 0, 0, 0, 0, 0, 0, 0, 0, 0, 0, 0, 0, 0, 0, 0, 0, 0, 0, 0, 0]
