===== RESULTADO GA L(2,1) =====
Arquivo: /Users/mateuspedrosa/Documents/TCC-II/BOGA/data/Harwell-Boeing_cleaned/nos5_clean.mtx (undirected)
Crossover: cx | Mutação: em | pop=30 | gens=53 | mut=0.446 | cr=0.5724 | runs=1 | max-stagt=1031

----- Execução #1 -----
Span (lambda): 24
Parada: MAX_GENS (geração 53)
best_order = [214, 200, 100, 266, 204, 196, 124, 395, 271, 457, 94, 8, 303, 318, 337, 157, 238, 163, 55, 296, 29, 108, 233, 19, 125, 130, 374, 45, 392, 48, 129, 190, 348, 23, 332, 275, 151, 76, 305, 369, 432, 10, 24, 39, 167, 162, 95, 297, 207, 169, 208, 176, 155, 156, 145, 335, 192, 461, 211, 274, 166, 131, 284, 358, 34, 464, 370, 400, 158, 30, 49, 242, 316, 460, 4, 260, 1, 393, 220, 67, 206, 133, 81, 359, 431, 454, 450, 283, 159, 354, 146, 215, 443, 383, 394, 322, 57, 138, 33, 257, 177, 99, 410, 285, 250, 251, 74, 2, 323, 86, 423, 14, 245, 137, 385, 298, 170, 205, 66, 150, 172, 378, 142, 105, 259, 252, 286, 288, 118, 356, 279, 28, 319, 329, 11, 373, 80, 441, 117, 262, 93, 402, 421, 293, 224, 59, 438, 339, 115, 122, 346, 123, 35, 449, 194, 217, 25, 416, 7, 456, 148, 360, 111, 331, 388, 419, 106, 213, 426, 247, 91, 201, 119, 434, 140, 92, 261, 102, 301, 46, 249, 280, 364, 84, 52, 307, 232, 333, 36, 287, 444, 300, 452, 345, 309, 422, 210, 241, 6, 387, 425, 164, 187, 42, 340, 411, 41, 121, 168, 376, 110, 294, 365, 289, 389, 391, 171, 437, 375, 397, 230, 381, 126, 231, 203, 153, 31, 64, 420, 89, 244, 353, 428, 239, 270, 191, 112, 409, 188, 439, 132, 38, 430, 401, 344, 352, 165, 195, 114, 386, 424, 417, 54, 160, 315, 101, 342, 226, 236, 178, 412, 350, 324, 183, 265, 65, 405, 116, 9, 69, 382, 235, 302, 120, 463, 3, 427, 357, 379, 104, 313, 40, 237, 351, 453, 135, 37, 103, 22, 96, 368, 466, 180, 248, 371, 197, 445, 367, 5, 70, 336, 212, 109, 73, 413, 362, 61, 98, 455, 144, 308, 442, 326, 306, 56, 21, 185, 143, 113, 256, 398, 88, 407, 136, 418, 51, 243, 60, 403, 246, 433, 44, 406, 314, 255, 218, 254, 372, 234, 320, 78, 47, 343, 26, 63, 325, 310, 448, 209, 62, 347, 312, 17, 20, 174, 240, 199, 228, 361, 451, 328, 154, 447, 43, 72, 27, 268, 186, 77, 334, 184, 179, 366, 404, 90, 229, 198, 58, 181, 264, 327, 152, 304, 263, 446, 377, 414, 128, 380, 16, 408, 141, 341, 429, 161, 458, 68, 221, 278, 216, 71, 363, 465, 267, 127, 202, 253, 75, 321, 53, 281, 459, 277, 32, 15, 219, 0, 290, 147, 299, 225, 13, 223, 222, 435, 85, 415, 295, 282, 317, 83, 396, 291, 440, 79, 272, 134, 18, 107, 462, 311, 276, 273, 175, 82, 182, 390, 139, 399, 12, 292, 50, 467, 384, 349, 87, 355, 173, 436, 193, 338, 227, 189, 97, 149, 330, 258, 269]
labeling = [19, 7, 6, 11, 3, 11, 9, 2, 0, 4, 1, 1, 20, 7, 5, 1, 10, 14, 13, 3, 16, 14, 12, 5, 4, 10, 14, 6, 7, 1, 6, 12, 11, 3, 2, 8, 6, 5, 11, 6, 8, 3, 14, 15, 4, 2, 0, 7, 1, 0, 16, 5, 9, 12, 15, 0, 17, 2, 7, 8, 18, 13, 12, 16, 2, 5, 4, 0, 16, 9, 14, 15, 20, 6, 8, 20, 5, 18, 11, 21, 10, 1, 23, 23, 17, 19, 4, 24, 21, 12, 16, 13, 13, 2, 2, 0, 19, 23, 20, 11, 0, 17, 15, 11, 18, 13, 3, 4, 1, 10, 13, 9, 16, 12, 10, 9, 6, 3, 5, 7, 6, 3, 3, 9, 0, 1, 14, 23, 18, 4, 3, 1, 7, 5, 24, 15, 11, 3, 7, 16, 9, 22, 2, 19, 8, 7, 10, 21, 12, 24, 9, 2, 22, 12, 21, 5, 4, 0, 8, 7, 16, 10, 6, 2, 11, 4, 0, 5, 4, 4, 7, 1, 8, 9, 12, 17, 1, 5, 12, 11, 17, 21, 22, 14, 19, 10, 13, 15, 13, 21, 4, 3, 2, 20, 6, 10, 0, 11, 10, 16, 1, 3, 18, 13, 2, 9, 9, 3, 6, 18, 14, 6, 17, 10, 0, 6, 8, 8, 2, 18, 7, 13, 0, 10, 10, 20, 15, 18, 2, 7, 13, 15, 3, 0, 12, 11, 9, 0, 1, 16, 19, 13, 5, 17, 10, 5, 17, 9, 16, 12, 8, 8, 4, 8, 12, 4, 14, 0, 23, 3, 7, 11, 5, 19, 20, 16, 1, 21, 11, 22, 11, 0, 23, 1, 5, 3, 16, 17, 16, 8, 12, 14, 5, 1, 6, 2, 9, 4, 1, 6, 20, 7, 18, 9, 10, 13, 2, 4, 7, 22, 14, 11, 10, 0, 15, 4, 8, 3, 2, 3, 2, 0, 13, 0, 14, 0, 0, 4, 3, 0, 5, 13, 3, 0, 0, 3, 0, 2, 9, 0, 1, 1, 4, 0, 2, 0, 0, 0, 0, 0, 0, 0, 0, 0, 0, 0, 0, 0, 0, 14, 0, 0, 5, 2, 0, 5, 1, 1, 2, 1, 0, 0, 2, 0, 0, 1, 0, 0, 0, 0, 0, 0, 0, 0, 0, 0, 0, 0, 0, 2, 0, 0, 0, 0, 0, 1, 2, 1, 0, 0, 0, 2, 1, 0, 5, 0, 0, 0, 0, 0, 0, 0, 0, 0, 0, 0, 0, 0, 0, 0, 0, 0, 0, 0, 0, 0, 0, 0, 0, 0, 0, 0, 0, 0, 0, 0, 0, 0, 0, 0, 0, 0, 0, 0, 0, 0, 0, 0, 0, 0, 0, 0, 0, 0, 0, 0, 0, 0, 0, 0, 0, 0, 0, 0, 0, 0, 0, 0, 0, 0, 0, 0, 0, 0, 0, 0, 0, 0]
convergência = [26, 25, 25, 25, 25, 24, 24, 24, 24, 24, 24, 24, 24, 24, 24, 24, 24, 24, 24, 24, 24, 24, 24, 24, 24, 24, 24, 24, 24, 24, 24, 24, 24, 24, 24, 24, 24, 24, 24, 24, 24, 24, 24, 24, 24, 24, 24, 24, 24, 24, 24, 24, 24]
================================

----- Melhor execução -----
Span (lambda): 24
best_order = [214, 200, 100, 266, 204, 196, 124, 395, 271, 457, 94, 8, 303, 318, 337, 157, 238, 163, 55, 296, 29, 108, 233, 19, 125, 130, 374, 45, 392, 48, 129, 190, 348, 23, 332, 275, 151, 76, 305, 369, 432, 10, 24, 39, 167, 162, 95, 297, 207, 169, 208, 176, 155, 156, 145, 335, 192, 461, 211, 274, 166, 131, 284, 358, 34, 464, 370, 400, 158, 30, 49, 242, 316, 460, 4, 260, 1, 393, 220, 67, 206, 133, 81, 359, 431, 454, 450, 283, 159, 354, 146, 215, 443, 383, 394, 322, 57, 138, 33, 257, 177, 99, 410, 285, 250, 251, 74, 2, 323, 86, 423, 14, 245, 137, 385, 298, 170, 205, 66, 150, 172, 378, 142, 105, 259, 252, 286, 288, 118, 356, 279, 28, 319, 329, 11, 373, 80, 441, 117, 262, 93, 402, 421, 293, 224, 59, 438, 339, 115, 122, 346, 123, 35, 449, 194, 217, 25, 416, 7, 456, 148, 360, 111, 331, 388, 419, 106, 213, 426, 247, 91, 201, 119, 434, 140, 92, 261, 102, 301, 46, 249, 280, 364, 84, 52, 307, 232, 333, 36, 287, 444, 300, 452, 345, 309, 422, 210, 241, 6, 387, 425, 164, 187, 42, 340, 411, 41, 121, 168, 376, 110, 294, 365, 289, 389, 391, 171, 437, 375, 397, 230, 381, 126, 231, 203, 153, 31, 64, 420, 89, 244, 353, 428, 239, 270, 191, 112, 409, 188, 439, 132, 38, 430, 401, 344, 352, 165, 195, 114, 386, 424, 417, 54, 160, 315, 101, 342, 226, 236, 178, 412, 350, 324, 183, 265, 65, 405, 116, 9, 69, 382, 235, 302, 120, 463, 3, 427, 357, 379, 104, 313, 40, 237, 351, 453, 135, 37, 103, 22, 96, 368, 466, 180, 248, 371, 197, 445, 367, 5, 70, 336, 212, 109, 73, 413, 362, 61, 98, 455, 144, 308, 442, 326, 306, 56, 21, 185, 143, 113, 256, 398, 88, 407, 136, 418, 51, 243, 60, 403, 246, 433, 44, 406, 314, 255, 218, 254, 372, 234, 320, 78, 47, 343, 26, 63, 325, 310, 448, 209, 62, 347, 312, 17, 20, 174, 240, 199, 228, 361, 451, 328, 154, 447, 43, 72, 27, 268, 186, 77, 334, 184, 179, 366, 404, 90, 229, 198, 58, 181, 264, 327, 152, 304, 263, 446, 377, 414, 128, 380, 16, 408, 141, 341, 429, 161, 458, 68, 221, 278, 216, 71, 363, 465, 267, 127, 202, 253, 75, 321, 53, 281, 459, 277, 32, 15, 219, 0, 290, 147, 299, 225, 13, 223, 222, 435, 85, 415, 295, 282, 317, 83, 396, 291, 440, 79, 272, 134, 18, 107, 462, 311, 276, 273, 175, 82, 182, 390, 139, 399, 12, 292, 50, 467, 384, 349, 87, 355, 173, 436, 193, 338, 227, 189, 97, 149, 330, 258, 269]
labeling = [19, 7, 6, 11, 3, 11, 9, 2, 0, 4, 1, 1, 20, 7, 5, 1, 10, 14, 13, 3, 16, 14, 12, 5, 4, 10, 14, 6, 7, 1, 6, 12, 11, 3, 2, 8, 6, 5, 11, 6, 8, 3, 14, 15, 4, 2, 0, 7, 1, 0, 16, 5, 9, 12, 15, 0, 17, 2, 7, 8, 18, 13, 12, 16, 2, 5, 4, 0, 16, 9, 14, 15, 20, 6, 8, 20, 5, 18, 11, 21, 10, 1, 23, 23, 17, 19, 4, 24, 21, 12, 16, 13, 13, 2, 2, 0, 19, 23, 20, 11, 0, 17, 15, 11, 18, 13, 3, 4, 1, 10, 13, 9, 16, 12, 10, 9, 6, 3, 5, 7, 6, 3, 3, 9, 0, 1, 14, 23, 18, 4, 3, 1, 7, 5, 24, 15, 11, 3, 7, 16, 9, 22, 2, 19, 8, 7, 10, 21, 12, 24, 9, 2, 22, 12, 21, 5, 4, 0, 8, 7, 16, 10, 6, 2, 11, 4, 0, 5, 4, 4, 7, 1, 8, 9, 12, 17, 1, 5, 12, 11, 17, 21, 22, 14, 19, 10, 13, 15, 13, 21, 4, 3, 2, 20, 6, 10, 0, 11, 10, 16, 1, 3, 18, 13, 2, 9, 9, 3, 6, 18, 14, 6, 17, 10, 0, 6, 8, 8, 2, 18, 7, 13, 0, 10, 10, 20, 15, 18, 2, 7, 13, 15, 3, 0, 12, 11, 9, 0, 1, 16, 19, 13, 5, 17, 10, 5, 17, 9, 16, 12, 8, 8, 4, 8, 12, 4, 14, 0, 23, 3, 7, 11, 5, 19, 20, 16, 1, 21, 11, 22, 11, 0, 23, 1, 5, 3, 16, 17, 16, 8, 12, 14, 5, 1, 6, 2, 9, 4, 1, 6, 20, 7, 18, 9, 10, 13, 2, 4, 7, 22, 14, 11, 10, 0, 15, 4, 8, 3, 2, 3, 2, 0, 13, 0, 14, 0, 0, 4, 3, 0, 5, 13, 3, 0, 0, 3, 0, 2, 9, 0, 1, 1, 4, 0, 2, 0, 0, 0, 0, 0, 0, 0, 0, 0, 0, 0, 0, 0, 0, 14, 0, 0, 5, 2, 0, 5, 1, 1, 2, 1, 0, 0, 2, 0, 0, 1, 0, 0, 0, 0, 0, 0, 0, 0, 0, 0, 0, 0, 0, 2, 0, 0, 0, 0, 0, 1, 2, 1, 0, 0, 0, 2, 1, 0, 5, 0, 0, 0, 0, 0, 0, 0, 0, 0, 0, 0, 0, 0, 0, 0, 0, 0, 0, 0, 0, 0, 0, 0, 0, 0, 0, 0, 0, 0, 0, 0, 0, 0, 0, 0, 0, 0, 0, 0, 0, 0, 0, 0, 0, 0, 0, 0, 0, 0, 0, 0, 0, 0, 0, 0, 0, 0, 0, 0, 0, 0, 0, 0, 0, 0, 0, 0, 0, 0, 0, 0, 0, 0]
