===== RESULTADO GA L(2,1) =====
Arquivo: /Users/mateuspedrosa/Documents/TCC-II/BOGA/data/Harwell-Boeing_cleaned/orsirr_2_clean.mtx (undirected)
Crossover: cx | Mutação: em | pop=30 | gens=53 | mut=0.446 | cr=0.5724 | runs=1 | max-stagt=1031

----- Execução #1 -----
Span (lambda): 298
Parada: MAX_GENS (geração 53)
best_order = [617, 863, 159, 83, 628, 250, 749, 267, 733, 440, 387, 696, 468, 398, 791, 591, 150, 8, 808, 152, 750, 339, 302, 237, 875, 774, 799, 195, 669, 438, 432, 120, 493, 297, 244, 516, 473, 232, 99, 793, 182, 290, 31, 779, 323, 60, 790, 734, 844, 101, 327, 292, 174, 583, 48, 402, 600, 599, 536, 682, 423, 538, 122, 207, 509, 883, 53, 95, 351, 610, 367, 492, 426, 165, 94, 315, 66, 662, 849, 214, 770, 286, 720, 224, 188, 767, 558, 514, 408, 396, 215, 824, 748, 570, 537, 517, 621, 193, 255, 138, 480, 162, 497, 757, 111, 413, 73, 836, 139, 90, 510, 369, 88, 597, 607, 623, 158, 518, 87, 161, 691, 581, 104, 263, 713, 785, 825, 65, 524, 98, 731, 677, 446, 183, 700, 765, 157, 871, 737, 325, 306, 548, 342, 448, 406, 349, 572, 114, 840, 531, 82, 596, 97, 719, 725, 379, 305, 2, 245, 381, 481, 200, 205, 260, 681, 249, 393, 665, 254, 172, 852, 164, 422, 847, 382, 92, 714, 454, 668, 26, 18, 385, 329, 264, 93, 708, 24, 661, 827, 550, 613, 554, 835, 744, 388, 568, 217, 864, 71, 259, 13, 746, 854, 812, 512, 472, 256, 80, 832, 589, 38, 795, 78, 209, 220, 252, 22, 768, 317, 504, 814, 35, 110, 500, 199, 507, 738, 578, 717, 674, 707, 291, 238, 659, 185, 257, 777, 794, 694, 822, 233, 178, 456, 622, 106, 55, 450, 184, 285, 687, 397, 51, 333, 116, 198, 400, 838, 649, 778, 441, 383, 640, 62, 603, 626, 573, 435, 15, 191, 633, 620, 134, 760, 576, 197, 447, 119, 112, 189, 177, 722, 474, 67, 488, 540, 40, 502, 461, 534, 520, 137, 253, 129, 56, 789, 444, 350, 796, 196, 874, 147, 721, 113, 126, 42, 181, 619, 11, 334, 837, 704, 557, 818, 180, 624, 834, 289, 689, 341, 68, 277, 701, 710, 732, 792, 19, 485, 316, 614, 683, 853, 803, 657, 235, 384, 861, 271, 115, 246, 50, 850, 288, 311, 467, 27, 319, 491, 529, 20, 361, 580, 43, 487, 226, 378, 298, 670, 270, 804, 33, 526, 736, 213, 471, 595, 462, 716, 593, 675, 417, 336, 179, 726, 449, 709, 484, 312, 228, 273, 371, 404, 9, 156, 218, 86, 606, 30, 141, 563, 419, 693, 521, 690, 279, 634, 287, 203, 262, 148, 175, 846, 278, 546, 555, 549, 275, 370, 566, 425, 328, 176, 879, 766, 16, 706, 117, 616, 828, 855, 698, 72, 642, 132, 428, 436, 283, 296, 392, 650, 877, 41, 335, 136, 171, 663, 772, 201, 715, 539, 815, 212, 522, 391, 363, 673, 45, 28, 547, 819, 103, 322, 769, 399, 499, 121, 216, 4, 602, 227, 69, 5, 584, 102, 605, 372, 281, 653, 241, 190, 515, 759, 807, 304, 810, 295, 618, 858, 697, 210, 586, 59, 365, 562, 153, 154, 656, 786, 776, 300, 407, 280, 783, 142, 870, 301, 167, 856, 752, 880, 39, 234, 648, 307, 170, 340, 405, 326, 460, 160, 411, 403, 592, 337, 747, 598, 231, 753, 519, 125, 75, 76, 806, 475, 756, 629, 559, 166, 652, 604, 223, 377, 21, 638, 755, 194, 658, 878, 457, 561, 771, 830, 845, 133, 535, 577, 758, 394, 430, 421, 443, 84, 353, 36, 127, 660, 465, 672, 643, 242, 684, 452, 664, 486, 582, 565, 678, 775, 186, 46, 702, 833, 135, 374, 437, 820, 230, 876, 274, 130, 523, 556, 34, 679, 299, 269, 37, 12, 368, 109, 415, 532, 420, 431, 418, 478, 145, 567, 89, 843, 346, 773, 276, 745, 498, 389, 268, 482, 511, 123, 169, 248, 763, 483, 666, 826, 712, 506, 728, 429, 64, 7, 817, 851, 813, 453, 645, 442, 359, 149, 247, 243, 630, 671, 788, 469, 865, 100, 495, 52, 641, 718, 357, 206, 809, 1, 140, 848, 884, 380, 348, 571, 654, 23, 527, 192, 699, 409, 163, 63, 433, 208, 646, 490, 631, 414, 401, 79, 885, 587, 128, 695, 711, 294, 32, 873, 320, 151, 427, 541, 543, 477, 309, 857, 330, 17, 29, 869, 501, 625, 609, 416, 57, 434, 258, 632, 332, 754, 585, 364, 221, 552, 118, 797, 821, 355, 25, 439, 366, 811, 579, 655, 647, 496, 608, 324, 476, 798, 588, 0, 410, 91, 594, 202, 222, 360, 318, 284, 724, 685, 494, 61, 730, 862, 651, 458, 590, 251, 782, 676, 612, 615, 644, 345, 882, 105, 347, 866, 6, 362, 831, 780, 85, 14, 44, 459, 740, 860, 331, 54, 801, 187, 564, 282, 739, 390, 637, 479, 743, 735, 627, 680, 239, 611, 805, 424, 816, 107, 872, 692, 225, 344, 464, 358, 470, 829, 313, 395, 74, 802, 265, 528, 466, 761, 764, 310, 173, 727, 375, 81, 839, 601, 338, 293, 321, 867, 229, 545, 77, 525, 723, 168, 236, 751, 70, 49, 784, 729, 308, 841, 373, 354, 96, 741, 881, 47, 463, 261, 574, 144, 787, 530, 412, 108, 376, 131, 455, 542, 143, 842, 505, 551, 705, 146, 859, 635, 639, 352, 451, 508, 10, 575, 303, 553, 445, 868, 356, 533, 686, 489, 314, 58, 386, 503, 636, 513, 560, 211, 124, 343, 266, 240, 544, 219, 762, 823, 272, 569, 781, 155, 688, 800, 742, 3, 204, 667, 703]
labeling = [154, 220, 61, 296, 155, 159, 254, 210, 5, 125, 289, 107, 201, 74, 256, 94, 140, 234, 70, 110, 114, 183, 81, 221, 71, 240, 68, 113, 151, 235, 129, 15, 231, 117, 199, 82, 190, 200, 77, 169, 100, 144, 106, 115, 257, 150, 193, 279, 20, 75, 112, 22, 217, 6, 259, 89, 27, 64, 86, 40, 4, 67, 23, 60, 209, 49, 28, 99, 109, 157, 275, 73, 141, 39, 265, 179, 181, 272, 78, 228, 75, 268, 57, 2, 188, 255, 128, 46, 43, 206, 41, 245, 66, 69, 27, 24, 278, 58, 50, 14, 216, 17, 158, 152, 48, 252, 88, 261, 281, 203, 83, 38, 98, 70, 31, 80, 56, 90, 147, 97, 5, 93, 13, 127, 169, 107, 72, 115, 230, 103, 198, 283, 142, 186, 95, 194, 145, 101, 36, 40, 222, 130, 167, 285, 280, 205, 286, 105, 134, 214, 4, 232, 6, 164, 166, 297, 126, 52, 44, 0, 175, 47, 37, 225, 62, 26, 180, 168, 273, 208, 172, 146, 60, 266, 19, 135, 139, 67, 53, 82, 79, 74, 7, 51, 55, 42, 118, 153, 20, 64, 96, 63, 223, 35, 184, 9, 104, 96, 90, 84, 63, 147, 247, 133, 298, 64, 219, 23, 226, 79, 162, 292, 148, 118, 29, 33, 154, 72, 127, 295, 80, 238, 248, 182, 30, 262, 116, 156, 122, 271, 197, 178, 13, 87, 170, 111, 274, 8, 86, 260, 294, 46, 49, 54, 3, 14, 36, 215, 58, 7, 1, 51, 16, 25, 15, 10, 3, 24, 75, 20, 14, 91, 43, 12, 18, 86, 95, 1, 68, 65, 37, 31, 96, 39, 64, 47, 66, 30, 46, 42, 56, 52, 79, 49, 82, 25, 10, 44, 32, 28, 7, 23, 8, 89, 73, 54, 48, 5, 36, 61, 55, 57, 4, 92, 53, 15, 13, 58, 90, 74, 88, 33, 40, 84, 93, 9, 29, 22, 78, 35, 57, 270, 153, 16, 242, 53, 174, 18, 138, 17, 233, 258, 2, 24, 28, 38, 121, 177, 269, 7, 171, 108, 54, 293, 263, 150, 125, 253, 131, 30, 68, 15, 287, 189, 277, 239, 290, 218, 264, 213, 249, 81, 151, 149, 144, 100, 138, 18, 202, 42, 136, 123, 160, 276, 195, 267, 282, 48, 37, 59, 65, 6, 11, 24, 9, 17, 94, 2, 19, 67, 80, 51, 50, 16, 60, 85, 11, 26, 3, 41, 91, 227, 21, 176, 124, 173, 56, 165, 32, 224, 244, 39, 78, 11, 62, 52, 236, 120, 123, 131, 204, 187, 65, 22, 156, 137, 25, 133, 91, 129, 113, 30, 11, 132, 136, 93, 143, 196, 10, 241, 1, 92, 212, 114, 71, 163, 29, 19, 55, 40, 21, 288, 191, 211, 67, 284, 18, 185, 250, 52, 47, 26, 39, 35, 12, 62, 87, 34, 0, 70, 83, 38, 21, 6, 27, 59, 2, 72, 63, 81, 8, 14, 48, 50, 34, 29, 43, 32, 25, 88, 55, 30, 5, 2, 66, 49, 10, 1, 5, 3, 20, 63, 4, 90, 20, 80, 51, 45, 87, 3, 9, 207, 2, 291, 31, 161, 12, 34, 45, 21, 102, 132, 36, 47, 10, 73, 33, 54, 72, 31, 76, 13, 46, 85, 27, 42, 1, 7, 2, 44, 26, 58, 79, 59, 92, 69, 41, 37, 12, 35, 19, 83, 65, 84, 1, 86, 122, 77, 21, 110, 165, 111, 102, 84, 155, 117, 87, 124, 34, 170, 6, 16, 9, 11, 161, 162, 1, 112, 35, 148, 85, 23, 116, 8, 6, 237, 163, 229, 243, 76, 251, 3, 18, 14, 246, 119, 32, 22, 106, 12, 9, 160, 94, 10, 0, 15, 12, 7, 0, 2, 4, 0, 0, 0, 0, 0, 0, 0, 0, 0, 0, 0, 0, 0, 0, 0, 0, 0, 0, 0, 0, 0, 0, 0, 0, 0, 0, 0, 0, 0, 0, 20, 0, 0, 0, 0, 0, 0, 104, 59, 0, 0, 0, 0, 0, 4, 1, 0, 0, 1, 0, 0, 16, 89, 192, 1, 0, 0, 33, 3, 0, 0, 0, 0, 8, 15, 0, 6, 0, 0, 0, 0, 0, 0, 0, 0, 0, 0, 0, 0, 0, 0, 0, 0, 0, 0, 0, 0, 0, 0, 0, 0, 0, 0, 0, 0, 0, 0, 0, 0, 0, 0, 0, 0, 0, 17, 0, 0, 0, 0, 0, 0, 22, 66, 0, 0, 0, 0, 0, 12, 7, 0, 0, 0, 0, 0, 38, 4, 85, 0, 0, 0, 68, 56, 0, 0, 0, 0, 3, 1, 0, 24, 0, 0, 0, 0, 0, 0, 0, 0, 0, 0, 0, 0, 0, 0, 0, 0, 0, 0, 0, 0, 0, 0, 0, 0, 0, 0, 0, 0, 0, 0, 0, 0, 0, 0, 0, 0, 0, 4, 0, 0, 0, 0, 0, 0, 1, 76, 0, 0, 0, 0, 0, 1, 5, 0, 0, 0, 0, 0, 0, 77, 2, 0, 0, 0, 3, 69, 0, 0, 0, 0, 3, 6, 0, 1, 0, 0, 0, 0, 0, 0, 0, 0, 0, 0, 0, 0, 0, 0, 0, 0, 0, 0, 0, 0, 0, 0, 0, 0, 0, 0, 0, 34, 0, 0, 0, 140, 0, 0, 0, 8, 0, 0, 0, 50, 0, 0, 0, 0, 0, 0, 0, 0, 32, 2, 5, 43, 0, 0, 0, 0, 0, 0, 0, 0]
convergência = [298, 298, 298, 298, 298, 298, 298, 298, 298, 298, 298, 298, 298, 298, 298, 298, 298, 298, 298, 298, 298, 298, 298, 298, 298, 298, 298, 298, 298, 298, 298, 298, 298, 298, 298, 298, 298, 298, 298, 298, 298, 298, 298, 298, 298, 298, 298, 298, 298, 298, 298, 298, 298]
================================

----- Melhor execução -----
Span (lambda): 298
best_order = [617, 863, 159, 83, 628, 250, 749, 267, 733, 440, 387, 696, 468, 398, 791, 591, 150, 8, 808, 152, 750, 339, 302, 237, 875, 774, 799, 195, 669, 438, 432, 120, 493, 297, 244, 516, 473, 232, 99, 793, 182, 290, 31, 779, 323, 60, 790, 734, 844, 101, 327, 292, 174, 583, 48, 402, 600, 599, 536, 682, 423, 538, 122, 207, 509, 883, 53, 95, 351, 610, 367, 492, 426, 165, 94, 315, 66, 662, 849, 214, 770, 286, 720, 224, 188, 767, 558, 514, 408, 396, 215, 824, 748, 570, 537, 517, 621, 193, 255, 138, 480, 162, 497, 757, 111, 413, 73, 836, 139, 90, 510, 369, 88, 597, 607, 623, 158, 518, 87, 161, 691, 581, 104, 263, 713, 785, 825, 65, 524, 98, 731, 677, 446, 183, 700, 765, 157, 871, 737, 325, 306, 548, 342, 448, 406, 349, 572, 114, 840, 531, 82, 596, 97, 719, 725, 379, 305, 2, 245, 381, 481, 200, 205, 260, 681, 249, 393, 665, 254, 172, 852, 164, 422, 847, 382, 92, 714, 454, 668, 26, 18, 385, 329, 264, 93, 708, 24, 661, 827, 550, 613, 554, 835, 744, 388, 568, 217, 864, 71, 259, 13, 746, 854, 812, 512, 472, 256, 80, 832, 589, 38, 795, 78, 209, 220, 252, 22, 768, 317, 504, 814, 35, 110, 500, 199, 507, 738, 578, 717, 674, 707, 291, 238, 659, 185, 257, 777, 794, 694, 822, 233, 178, 456, 622, 106, 55, 450, 184, 285, 687, 397, 51, 333, 116, 198, 400, 838, 649, 778, 441, 383, 640, 62, 603, 626, 573, 435, 15, 191, 633, 620, 134, 760, 576, 197, 447, 119, 112, 189, 177, 722, 474, 67, 488, 540, 40, 502, 461, 534, 520, 137, 253, 129, 56, 789, 444, 350, 796, 196, 874, 147, 721, 113, 126, 42, 181, 619, 11, 334, 837, 704, 557, 818, 180, 624, 834, 289, 689, 341, 68, 277, 701, 710, 732, 792, 19, 485, 316, 614, 683, 853, 803, 657, 235, 384, 861, 271, 115, 246, 50, 850, 288, 311, 467, 27, 319, 491, 529, 20, 361, 580, 43, 487, 226, 378, 298, 670, 270, 804, 33, 526, 736, 213, 471, 595, 462, 716, 593, 675, 417, 336, 179, 726, 449, 709, 484, 312, 228, 273, 371, 404, 9, 156, 218, 86, 606, 30, 141, 563, 419, 693, 521, 690, 279, 634, 287, 203, 262, 148, 175, 846, 278, 546, 555, 549, 275, 370, 566, 425, 328, 176, 879, 766, 16, 706, 117, 616, 828, 855, 698, 72, 642, 132, 428, 436, 283, 296, 392, 650, 877, 41, 335, 136, 171, 663, 772, 201, 715, 539, 815, 212, 522, 391, 363, 673, 45, 28, 547, 819, 103, 322, 769, 399, 499, 121, 216, 4, 602, 227, 69, 5, 584, 102, 605, 372, 281, 653, 241, 190, 515, 759, 807, 304, 810, 295, 618, 858, 697, 210, 586, 59, 365, 562, 153, 154, 656, 786, 776, 300, 407, 280, 783, 142, 870, 301, 167, 856, 752, 880, 39, 234, 648, 307, 170, 340, 405, 326, 460, 160, 411, 403, 592, 337, 747, 598, 231, 753, 519, 125, 75, 76, 806, 475, 756, 629, 559, 166, 652, 604, 223, 377, 21, 638, 755, 194, 658, 878, 457, 561, 771, 830, 845, 133, 535, 577, 758, 394, 430, 421, 443, 84, 353, 36, 127, 660, 465, 672, 643, 242, 684, 452, 664, 486, 582, 565, 678, 775, 186, 46, 702, 833, 135, 374, 437, 820, 230, 876, 274, 130, 523, 556, 34, 679, 299, 269, 37, 12, 368, 109, 415, 532, 420, 431, 418, 478, 145, 567, 89, 843, 346, 773, 276, 745, 498, 389, 268, 482, 511, 123, 169, 248, 763, 483, 666, 826, 712, 506, 728, 429, 64, 7, 817, 851, 813, 453, 645, 442, 359, 149, 247, 243, 630, 671, 788, 469, 865, 100, 495, 52, 641, 718, 357, 206, 809, 1, 140, 848, 884, 380, 348, 571, 654, 23, 527, 192, 699, 409, 163, 63, 433, 208, 646, 490, 631, 414, 401, 79, 885, 587, 128, 695, 711, 294, 32, 873, 320, 151, 427, 541, 543, 477, 309, 857, 330, 17, 29, 869, 501, 625, 609, 416, 57, 434, 258, 632, 332, 754, 585, 364, 221, 552, 118, 797, 821, 355, 25, 439, 366, 811, 579, 655, 647, 496, 608, 324, 476, 798, 588, 0, 410, 91, 594, 202, 222, 360, 318, 284, 724, 685, 494, 61, 730, 862, 651, 458, 590, 251, 782, 676, 612, 615, 644, 345, 882, 105, 347, 866, 6, 362, 831, 780, 85, 14, 44, 459, 740, 860, 331, 54, 801, 187, 564, 282, 739, 390, 637, 479, 743, 735, 627, 680, 239, 611, 805, 424, 816, 107, 872, 692, 225, 344, 464, 358, 470, 829, 313, 395, 74, 802, 265, 528, 466, 761, 764, 310, 173, 727, 375, 81, 839, 601, 338, 293, 321, 867, 229, 545, 77, 525, 723, 168, 236, 751, 70, 49, 784, 729, 308, 841, 373, 354, 96, 741, 881, 47, 463, 261, 574, 144, 787, 530, 412, 108, 376, 131, 455, 542, 143, 842, 505, 551, 705, 146, 859, 635, 639, 352, 451, 508, 10, 575, 303, 553, 445, 868, 356, 533, 686, 489, 314, 58, 386, 503, 636, 513, 560, 211, 124, 343, 266, 240, 544, 219, 762, 823, 272, 569, 781, 155, 688, 800, 742, 3, 204, 667, 703]
labeling = [154, 220, 61, 296, 155, 159, 254, 210, 5, 125, 289, 107, 201, 74, 256, 94, 140, 234, 70, 110, 114, 183, 81, 221, 71, 240, 68, 113, 151, 235, 129, 15, 231, 117, 199, 82, 190, 200, 77, 169, 100, 144, 106, 115, 257, 150, 193, 279, 20, 75, 112, 22, 217, 6, 259, 89, 27, 64, 86, 40, 4, 67, 23, 60, 209, 49, 28, 99, 109, 157, 275, 73, 141, 39, 265, 179, 181, 272, 78, 228, 75, 268, 57, 2, 188, 255, 128, 46, 43, 206, 41, 245, 66, 69, 27, 24, 278, 58, 50, 14, 216, 17, 158, 152, 48, 252, 88, 261, 281, 203, 83, 38, 98, 70, 31, 80, 56, 90, 147, 97, 5, 93, 13, 127, 169, 107, 72, 115, 230, 103, 198, 283, 142, 186, 95, 194, 145, 101, 36, 40, 222, 130, 167, 285, 280, 205, 286, 105, 134, 214, 4, 232, 6, 164, 166, 297, 126, 52, 44, 0, 175, 47, 37, 225, 62, 26, 180, 168, 273, 208, 172, 146, 60, 266, 19, 135, 139, 67, 53, 82, 79, 74, 7, 51, 55, 42, 118, 153, 20, 64, 96, 63, 223, 35, 184, 9, 104, 96, 90, 84, 63, 147, 247, 133, 298, 64, 219, 23, 226, 79, 162, 292, 148, 118, 29, 33, 154, 72, 127, 295, 80, 238, 248, 182, 30, 262, 116, 156, 122, 271, 197, 178, 13, 87, 170, 111, 274, 8, 86, 260, 294, 46, 49, 54, 3, 14, 36, 215, 58, 7, 1, 51, 16, 25, 15, 10, 3, 24, 75, 20, 14, 91, 43, 12, 18, 86, 95, 1, 68, 65, 37, 31, 96, 39, 64, 47, 66, 30, 46, 42, 56, 52, 79, 49, 82, 25, 10, 44, 32, 28, 7, 23, 8, 89, 73, 54, 48, 5, 36, 61, 55, 57, 4, 92, 53, 15, 13, 58, 90, 74, 88, 33, 40, 84, 93, 9, 29, 22, 78, 35, 57, 270, 153, 16, 242, 53, 174, 18, 138, 17, 233, 258, 2, 24, 28, 38, 121, 177, 269, 7, 171, 108, 54, 293, 263, 150, 125, 253, 131, 30, 68, 15, 287, 189, 277, 239, 290, 218, 264, 213, 249, 81, 151, 149, 144, 100, 138, 18, 202, 42, 136, 123, 160, 276, 195, 267, 282, 48, 37, 59, 65, 6, 11, 24, 9, 17, 94, 2, 19, 67, 80, 51, 50, 16, 60, 85, 11, 26, 3, 41, 91, 227, 21, 176, 124, 173, 56, 165, 32, 224, 244, 39, 78, 11, 62, 52, 236, 120, 123, 131, 204, 187, 65, 22, 156, 137, 25, 133, 91, 129, 113, 30, 11, 132, 136, 93, 143, 196, 10, 241, 1, 92, 212, 114, 71, 163, 29, 19, 55, 40, 21, 288, 191, 211, 67, 284, 18, 185, 250, 52, 47, 26, 39, 35, 12, 62, 87, 34, 0, 70, 83, 38, 21, 6, 27, 59, 2, 72, 63, 81, 8, 14, 48, 50, 34, 29, 43, 32, 25, 88, 55, 30, 5, 2, 66, 49, 10, 1, 5, 3, 20, 63, 4, 90, 20, 80, 51, 45, 87, 3, 9, 207, 2, 291, 31, 161, 12, 34, 45, 21, 102, 132, 36, 47, 10, 73, 33, 54, 72, 31, 76, 13, 46, 85, 27, 42, 1, 7, 2, 44, 26, 58, 79, 59, 92, 69, 41, 37, 12, 35, 19, 83, 65, 84, 1, 86, 122, 77, 21, 110, 165, 111, 102, 84, 155, 117, 87, 124, 34, 170, 6, 16, 9, 11, 161, 162, 1, 112, 35, 148, 85, 23, 116, 8, 6, 237, 163, 229, 243, 76, 251, 3, 18, 14, 246, 119, 32, 22, 106, 12, 9, 160, 94, 10, 0, 15, 12, 7, 0, 2, 4, 0, 0, 0, 0, 0, 0, 0, 0, 0, 0, 0, 0, 0, 0, 0, 0, 0, 0, 0, 0, 0, 0, 0, 0, 0, 0, 0, 0, 0, 0, 20, 0, 0, 0, 0, 0, 0, 104, 59, 0, 0, 0, 0, 0, 4, 1, 0, 0, 1, 0, 0, 16, 89, 192, 1, 0, 0, 33, 3, 0, 0, 0, 0, 8, 15, 0, 6, 0, 0, 0, 0, 0, 0, 0, 0, 0, 0, 0, 0, 0, 0, 0, 0, 0, 0, 0, 0, 0, 0, 0, 0, 0, 0, 0, 0, 0, 0, 0, 0, 0, 0, 0, 0, 0, 17, 0, 0, 0, 0, 0, 0, 22, 66, 0, 0, 0, 0, 0, 12, 7, 0, 0, 0, 0, 0, 38, 4, 85, 0, 0, 0, 68, 56, 0, 0, 0, 0, 3, 1, 0, 24, 0, 0, 0, 0, 0, 0, 0, 0, 0, 0, 0, 0, 0, 0, 0, 0, 0, 0, 0, 0, 0, 0, 0, 0, 0, 0, 0, 0, 0, 0, 0, 0, 0, 0, 0, 0, 0, 4, 0, 0, 0, 0, 0, 0, 1, 76, 0, 0, 0, 0, 0, 1, 5, 0, 0, 0, 0, 0, 0, 77, 2, 0, 0, 0, 3, 69, 0, 0, 0, 0, 3, 6, 0, 1, 0, 0, 0, 0, 0, 0, 0, 0, 0, 0, 0, 0, 0, 0, 0, 0, 0, 0, 0, 0, 0, 0, 0, 0, 0, 0, 0, 34, 0, 0, 0, 140, 0, 0, 0, 8, 0, 0, 0, 50, 0, 0, 0, 0, 0, 0, 0, 0, 32, 2, 5, 43, 0, 0, 0, 0, 0, 0, 0, 0]
