===== RESULTADO GA L(2,1) =====
Arquivo: /Users/mateuspedrosa/Documents/TCC-II/BOGA/data/Harwell-Boeing_cleaned/orsirr_1_clean.mtx (undirected)
Crossover: cx | Mutação: em | pop=30 | gens=53 | mut=0.446 | cr=0.5724 | runs=1 | max-stagt=1031

----- Execução #1 -----
Span (lambda): 308
Parada: MAX_GENS (geração 53)
best_order = [0, 1, 2, 3, 4, 5, 6, 7, 8, 9, 10, 11, 12, 13, 14, 15, 16, 17, 18, 19, 20, 21, 22, 23, 24, 25, 26, 27, 28, 29, 30, 31, 32, 33, 34, 35, 36, 37, 38, 39, 40, 41, 42, 43, 44, 45, 46, 47, 48, 49, 50, 51, 52, 53, 54, 55, 56, 57, 58, 59, 60, 61, 62, 63, 64, 65, 66, 67, 68, 69, 70, 71, 72, 73, 74, 75, 76, 77, 78, 79, 80, 81, 82, 83, 84, 85, 86, 87, 88, 89, 90, 91, 92, 93, 94, 95, 96, 97, 98, 99, 100, 101, 102, 103, 104, 105, 106, 107, 108, 109, 110, 111, 112, 113, 114, 115, 116, 117, 118, 119, 120, 121, 122, 123, 124, 125, 126, 127, 128, 129, 130, 131, 132, 133, 134, 135, 136, 137, 138, 139, 140, 141, 142, 143, 144, 145, 146, 147, 148, 149, 150, 151, 152, 153, 154, 155, 156, 157, 158, 159, 160, 161, 162, 163, 164, 165, 166, 167, 168, 169, 170, 171, 172, 173, 174, 175, 176, 177, 178, 179, 180, 181, 182, 183, 184, 185, 186, 187, 188, 189, 190, 191, 192, 193, 194, 195, 196, 197, 198, 199, 200, 201, 202, 203, 204, 205, 206, 207, 208, 209, 210, 211, 212, 213, 214, 215, 216, 217, 218, 219, 220, 221, 222, 223, 224, 225, 226, 227, 228, 229, 230, 231, 232, 233, 234, 235, 236, 237, 238, 239, 240, 241, 242, 243, 244, 245, 246, 247, 248, 249, 250, 251, 252, 253, 254, 255, 256, 257, 258, 259, 260, 261, 262, 263, 264, 265, 266, 267, 268, 269, 270, 271, 272, 273, 274, 275, 276, 277, 278, 279, 280, 281, 282, 283, 284, 285, 286, 287, 288, 289, 290, 291, 292, 293, 294, 295, 296, 297, 298, 299, 300, 301, 302, 303, 304, 305, 306, 307, 308, 309, 310, 311, 312, 313, 314, 315, 316, 317, 318, 319, 320, 321, 322, 323, 324, 325, 326, 327, 328, 329, 330, 331, 332, 333, 334, 335, 336, 337, 338, 339, 340, 341, 342, 343, 344, 345, 346, 347, 348, 349, 350, 351, 352, 353, 354, 355, 356, 357, 358, 359, 360, 361, 362, 363, 364, 365, 366, 367, 368, 369, 370, 371, 372, 373, 374, 375, 376, 377, 378, 379, 380, 381, 382, 383, 384, 385, 386, 387, 388, 389, 390, 391, 392, 393, 394, 395, 396, 397, 398, 399, 400, 401, 402, 403, 404, 405, 406, 407, 408, 409, 410, 411, 412, 413, 414, 415, 416, 417, 418, 419, 420, 421, 422, 423, 424, 425, 426, 427, 428, 429, 430, 431, 432, 433, 434, 435, 436, 437, 438, 439, 440, 441, 442, 443, 444, 445, 446, 447, 448, 449, 450, 451, 452, 453, 454, 455, 456, 457, 458, 459, 460, 461, 462, 463, 464, 465, 466, 467, 468, 469, 470, 471, 472, 473, 474, 475, 476, 477, 478, 479, 480, 481, 482, 483, 484, 485, 486, 487, 488, 489, 490, 491, 492, 493, 494, 495, 496, 497, 498, 499, 500, 501, 502, 503, 504, 505, 506, 507, 508, 509, 510, 511, 512, 513, 514, 515, 516, 517, 518, 519, 520, 521, 522, 523, 524, 525, 526, 527, 528, 529, 530, 531, 532, 533, 534, 535, 536, 537, 538, 539, 540, 541, 542, 543, 544, 545, 546, 547, 548, 549, 550, 551, 552, 553, 554, 555, 556, 557, 558, 559, 560, 561, 562, 563, 564, 565, 566, 567, 568, 569, 570, 571, 572, 573, 574, 575, 576, 577, 578, 579, 580, 581, 582, 583, 584, 585, 586, 587, 588, 589, 590, 591, 592, 593, 594, 595, 596, 597, 598, 599, 600, 601, 602, 603, 604, 605, 606, 607, 608, 609, 610, 611, 612, 613, 614, 615, 616, 617, 618, 619, 620, 621, 622, 623, 624, 625, 626, 627, 628, 629, 630, 631, 632, 633, 634, 635, 636, 637, 638, 639, 640, 641, 642, 643, 644, 645, 646, 647, 648, 649, 650, 651, 652, 653, 654, 655, 656, 657, 658, 659, 660, 661, 662, 663, 664, 665, 666, 667, 668, 669, 670, 671, 672, 673, 674, 675, 676, 677, 678, 679, 680, 681, 682, 683, 684, 685, 686, 687, 688, 689, 690, 691, 692, 693, 694, 695, 696, 697, 698, 699, 700, 701, 702, 703, 704, 705, 706, 707, 708, 709, 710, 711, 712, 713, 714, 715, 716, 717, 718, 719, 720, 721, 722, 723, 724, 725, 726, 727, 728, 729, 730, 731, 732, 733, 734, 735, 736, 737, 738, 739, 740, 741, 742, 743, 744, 745, 746, 747, 748, 749, 750, 751, 752, 753, 754, 755, 756, 757, 758, 759, 760, 761, 762, 763, 764, 765, 766, 767, 768, 769, 770, 771, 772, 773, 774, 775, 776, 777, 778, 779, 780, 781, 782, 783, 784, 785, 786, 787, 788, 789, 790, 791, 792, 793, 794, 795, 796, 797, 798, 799, 800, 801, 802, 803, 804, 805, 806, 807, 808, 809, 810, 811, 812, 813, 814, 815, 816, 817, 818, 819, 820, 821, 822, 823, 824, 825, 826, 827, 828, 829, 830, 831, 832, 833, 834, 835, 836, 837, 838, 839, 840, 841, 842, 843, 844, 845, 846, 847, 848, 849, 850, 851, 852, 853, 854, 855, 856, 857, 858, 859, 860, 861, 862, 863, 864, 865, 866, 867, 868, 869, 870, 871, 872, 873, 874, 875, 876, 877, 878, 879, 880, 881, 882, 883, 884, 885, 886, 887, 888, 889, 890, 891, 892, 893, 894, 895, 896, 897, 898, 899, 900, 901, 902, 903, 904, 905, 906, 907, 908, 909, 910, 911, 912, 913, 914, 915, 916, 917, 918, 919, 920, 921, 922, 923, 924, 925, 926, 927, 928, 929, 930, 931, 932, 933, 934, 935, 936, 937, 938, 939, 940, 941, 942, 943, 944, 945, 946, 947, 948, 949, 950, 951, 952, 953, 954, 955, 956, 957, 958, 959, 960, 961, 962, 963, 964, 965, 966, 967, 968, 969, 970, 971, 972, 973, 974, 975, 976, 977, 978, 979, 980, 981, 982, 983, 984, 985, 986, 987, 988, 989, 990, 991, 992, 993, 994, 995, 996, 997, 998, 999, 1000, 1001, 1002, 1003, 1004, 1005, 1006, 1007, 1008, 1009, 1010, 1011, 1012, 1013, 1014, 1015, 1016, 1017, 1018, 1019, 1020, 1021, 1022, 1023, 1024, 1025, 1026, 1027, 1028, 1029]
labeling = [0, 2, 4, 1, 3, 6, 8, 9, 7, 10, 11, 13, 12, 14, 15, 17, 5, 16, 18, 20, 19, 21, 22, 24, 23, 25, 26, 28, 27, 29, 30, 32, 31, 33, 34, 36, 35, 37, 38, 40, 0, 39, 41, 43, 42, 44, 45, 47, 46, 31, 48, 50, 49, 51, 52, 54, 1, 53, 55, 46, 56, 58, 57, 59, 50, 51, 53, 55, 57, 60, 56, 58, 59, 61, 63, 65, 62, 64, 66, 68, 67, 69, 71, 73, 70, 72, 74, 76, 75, 77, 79, 81, 78, 80, 82, 84, 83, 85, 87, 89, 86, 88, 90, 92, 91, 93, 95, 97, 94, 96, 98, 100, 99, 5, 7, 9, 11, 8, 10, 101, 12, 14, 16, 13, 15, 21, 17, 22, 102, 103, 105, 107, 104, 106, 108, 110, 109, 111, 113, 115, 112, 114, 116, 118, 117, 119, 121, 123, 120, 122, 124, 126, 125, 127, 129, 131, 128, 130, 132, 134, 136, 138, 140, 137, 139, 141, 143, 145, 142, 144, 146, 148, 150, 147, 149, 151, 152, 18, 20, 23, 19, 24, 27, 153, 25, 28, 30, 26, 29, 31, 33, 35, 154, 155, 157, 159, 156, 158, 160, 162, 161, 163, 165, 167, 164, 166, 168, 170, 169, 171, 173, 175, 172, 174, 176, 178, 177, 179, 181, 183, 180, 182, 184, 186, 185, 187, 189, 191, 188, 190, 192, 194, 193, 195, 197, 199, 196, 198, 200, 202, 201, 13, 15, 17, 14, 21, 29, 203, 30, 8, 12, 9, 18, 26, 19, 28, 0, 5, 7, 9, 8, 10, 11, 4, 12, 14, 16, 13, 15, 19, 24, 25, 20, 26, 28, 27, 29, 30, 32, 31, 33, 36, 34, 37, 39, 38, 40, 41, 42, 44, 46, 43, 45, 47, 49, 48, 50, 52, 54, 51, 53, 56, 58, 57, 62, 60, 18, 63, 35, 64, 17, 65, 21, 67, 22, 68, 61, 69, 66, 70, 61, 204, 206, 205, 207, 209, 208, 210, 211, 62, 212, 214, 16, 64, 63, 65, 213, 215, 217, 219, 216, 218, 220, 222, 221, 32, 34, 223, 36, 38, 40, 37, 224, 225, 227, 229, 226, 228, 230, 232, 231, 39, 41, 233, 42, 44, 46, 43, 234, 235, 237, 239, 236, 238, 240, 242, 241, 45, 38, 243, 40, 22, 20, 47, 6, 71, 72, 59, 73, 75, 77, 74, 76, 78, 80, 81, 82, 84, 86, 79, 244, 246, 248, 245, 247, 249, 251, 250, 252, 254, 253, 66, 67, 69, 72, 68, 255, 256, 45, 257, 258, 259, 261, 263, 47, 260, 262, 48, 49, 52, 133, 0, 264, 265, 54, 266, 267, 268, 270, 272, 135, 269, 271, 154, 155, 156, 158, 3, 273, 24, 27, 274, 275, 276, 278, 280, 32, 277, 279, 34, 44, 48, 60, 64, 55, 83, 85, 87, 3, 88, 89, 91, 90, 92, 94, 93, 0, 95, 96, 98, 70, 73, 71, 74, 76, 78, 75, 77, 79, 81, 83, 80, 82, 84, 86, 88, 2, 0, 7, 1, 35, 85, 3, 87, 89, 91, 90, 207, 93, 95, 92, 281, 5, 282, 283, 284, 285, 286, 288, 8, 287, 289, 94, 96, 98, 97, 99, 101, 103, 100, 102, 104, 106, 105, 107, 108, 110, 109, 0, 111, 112, 114, 113, 115, 116, 118, 117, 119, 121, 120, 122, 123, 125, 124, 0, 157, 159, 161, 160, 162, 163, 165, 164, 166, 168, 170, 167, 169, 171, 173, 12, 14, 17, 15, 172, 174, 0, 175, 177, 179, 176, 178, 180, 181, 4, 290, 292, 294, 291, 293, 295, 296, 13, 5, 297, 298, 182, 183, 185, 187, 184, 186, 188, 190, 189, 191, 193, 195, 192, 194, 196, 1, 197, 199, 201, 198, 200, 202, 204, 206, 203, 205, 208, 210, 212, 209, 211, 36, 3, 214, 219, 229, 234, 236, 235, 237, 238, 239, 241, 243, 240, 242, 244, 246, 18, 19, 21, 26, 245, 247, 1, 248, 250, 252, 249, 251, 253, 254, 5, 299, 301, 303, 300, 302, 304, 305, 23, 27, 306, 307, 257, 263, 266, 272, 274, 273, 275, 277, 276, 278, 280, 1, 0, 0, 3, 2, 1, 2, 0, 0, 0, 0, 0, 0, 0, 0, 0, 0, 0, 0, 0, 0, 0, 0, 0, 0, 0, 0, 0, 0, 0, 0, 0, 0, 0, 2, 0, 0, 0, 0, 0, 0, 37, 41, 0, 0, 0, 0, 0, 10, 11, 0, 0, 0, 0, 0, 42, 43, 308, 0, 0, 0, 46, 49, 0, 0, 0, 0, 4, 7, 0, 9, 0, 0, 0, 0, 0, 0, 0, 0, 0, 0, 0, 0, 0, 0, 0, 0, 0, 0, 0, 0, 0, 0, 0, 0, 0, 0, 0, 0, 0, 0, 0, 0, 0, 0, 0, 0, 0, 0, 0, 0, 0, 0, 0, 0, 8, 97, 0, 0, 0, 0, 0, 0, 2, 0, 0, 0, 0, 0, 2, 99, 4, 0, 0, 0, 7, 100, 0, 0, 0, 0, 2, 3, 0, 4, 0, 0, 0, 0, 0, 0, 0, 0, 0, 0, 0, 0, 0, 0, 0, 0, 0, 0, 0, 0, 0, 0, 0, 0, 0, 0, 0, 50, 0, 0, 0, 51, 0, 0, 0, 0, 0, 0, 0, 52, 0, 0, 0, 2, 0, 0, 0, 0, 54, 55, 1, 56, 0, 0, 0, 0, 0, 0, 0, 0, 0, 0, 0, 4, 0, 0, 0, 279, 0, 0, 0, 8, 0, 0, 0, 0, 0, 0, 0, 281, 0, 0, 0, 0, 1, 0, 0, 5, 0, 0, 0, 0, 0, 0, 0, 0, 0, 0, 0, 1, 0, 0, 0, 282, 0, 0, 0, 20, 0, 0, 0, 0, 0, 0, 0, 0, 0, 0, 0, 0, 0, 0, 0, 0, 0, 0, 0, 0, 0, 0, 0, 0, 0, 0, 0, 0, 0, 0, 0, 0, 0, 0, 0, 0, 0, 0, 0, 0, 0, 0, 0, 0, 0, 0, 0, 0, 0, 0, 0, 0, 0, 0, 0, 0, 0, 0, 0, 0, 0, 0, 0, 0, 0, 0, 0, 0, 0, 0, 0, 0, 0, 0, 0, 0, 0, 0, 0, 0, 0, 0, 0, 0, 0, 0, 0, 0, 0, 0, 0, 0, 0, 0, 0, 0]
convergência = [308, 308, 308, 308, 308, 308, 308, 308, 308, 308, 308, 308, 308, 308, 308, 308, 308, 308, 308, 308, 308, 308, 308, 308, 308, 308, 308, 308, 308, 308, 308, 308, 308, 308, 308, 308, 308, 308, 308, 308, 308, 308, 308, 308, 308, 308, 308, 308, 308, 308, 308, 308, 308]
================================

----- Melhor execução -----
Span (lambda): 308
best_order = [0, 1, 2, 3, 4, 5, 6, 7, 8, 9, 10, 11, 12, 13, 14, 15, 16, 17, 18, 19, 20, 21, 22, 23, 24, 25, 26, 27, 28, 29, 30, 31, 32, 33, 34, 35, 36, 37, 38, 39, 40, 41, 42, 43, 44, 45, 46, 47, 48, 49, 50, 51, 52, 53, 54, 55, 56, 57, 58, 59, 60, 61, 62, 63, 64, 65, 66, 67, 68, 69, 70, 71, 72, 73, 74, 75, 76, 77, 78, 79, 80, 81, 82, 83, 84, 85, 86, 87, 88, 89, 90, 91, 92, 93, 94, 95, 96, 97, 98, 99, 100, 101, 102, 103, 104, 105, 106, 107, 108, 109, 110, 111, 112, 113, 114, 115, 116, 117, 118, 119, 120, 121, 122, 123, 124, 125, 126, 127, 128, 129, 130, 131, 132, 133, 134, 135, 136, 137, 138, 139, 140, 141, 142, 143, 144, 145, 146, 147, 148, 149, 150, 151, 152, 153, 154, 155, 156, 157, 158, 159, 160, 161, 162, 163, 164, 165, 166, 167, 168, 169, 170, 171, 172, 173, 174, 175, 176, 177, 178, 179, 180, 181, 182, 183, 184, 185, 186, 187, 188, 189, 190, 191, 192, 193, 194, 195, 196, 197, 198, 199, 200, 201, 202, 203, 204, 205, 206, 207, 208, 209, 210, 211, 212, 213, 214, 215, 216, 217, 218, 219, 220, 221, 222, 223, 224, 225, 226, 227, 228, 229, 230, 231, 232, 233, 234, 235, 236, 237, 238, 239, 240, 241, 242, 243, 244, 245, 246, 247, 248, 249, 250, 251, 252, 253, 254, 255, 256, 257, 258, 259, 260, 261, 262, 263, 264, 265, 266, 267, 268, 269, 270, 271, 272, 273, 274, 275, 276, 277, 278, 279, 280, 281, 282, 283, 284, 285, 286, 287, 288, 289, 290, 291, 292, 293, 294, 295, 296, 297, 298, 299, 300, 301, 302, 303, 304, 305, 306, 307, 308, 309, 310, 311, 312, 313, 314, 315, 316, 317, 318, 319, 320, 321, 322, 323, 324, 325, 326, 327, 328, 329, 330, 331, 332, 333, 334, 335, 336, 337, 338, 339, 340, 341, 342, 343, 344, 345, 346, 347, 348, 349, 350, 351, 352, 353, 354, 355, 356, 357, 358, 359, 360, 361, 362, 363, 364, 365, 366, 367, 368, 369, 370, 371, 372, 373, 374, 375, 376, 377, 378, 379, 380, 381, 382, 383, 384, 385, 386, 387, 388, 389, 390, 391, 392, 393, 394, 395, 396, 397, 398, 399, 400, 401, 402, 403, 404, 405, 406, 407, 408, 409, 410, 411, 412, 413, 414, 415, 416, 417, 418, 419, 420, 421, 422, 423, 424, 425, 426, 427, 428, 429, 430, 431, 432, 433, 434, 435, 436, 437, 438, 439, 440, 441, 442, 443, 444, 445, 446, 447, 448, 449, 450, 451, 452, 453, 454, 455, 456, 457, 458, 459, 460, 461, 462, 463, 464, 465, 466, 467, 468, 469, 470, 471, 472, 473, 474, 475, 476, 477, 478, 479, 480, 481, 482, 483, 484, 485, 486, 487, 488, 489, 490, 491, 492, 493, 494, 495, 496, 497, 498, 499, 500, 501, 502, 503, 504, 505, 506, 507, 508, 509, 510, 511, 512, 513, 514, 515, 516, 517, 518, 519, 520, 521, 522, 523, 524, 525, 526, 527, 528, 529, 530, 531, 532, 533, 534, 535, 536, 537, 538, 539, 540, 541, 542, 543, 544, 545, 546, 547, 548, 549, 550, 551, 552, 553, 554, 555, 556, 557, 558, 559, 560, 561, 562, 563, 564, 565, 566, 567, 568, 569, 570, 571, 572, 573, 574, 575, 576, 577, 578, 579, 580, 581, 582, 583, 584, 585, 586, 587, 588, 589, 590, 591, 592, 593, 594, 595, 596, 597, 598, 599, 600, 601, 602, 603, 604, 605, 606, 607, 608, 609, 610, 611, 612, 613, 614, 615, 616, 617, 618, 619, 620, 621, 622, 623, 624, 625, 626, 627, 628, 629, 630, 631, 632, 633, 634, 635, 636, 637, 638, 639, 640, 641, 642, 643, 644, 645, 646, 647, 648, 649, 650, 651, 652, 653, 654, 655, 656, 657, 658, 659, 660, 661, 662, 663, 664, 665, 666, 667, 668, 669, 670, 671, 672, 673, 674, 675, 676, 677, 678, 679, 680, 681, 682, 683, 684, 685, 686, 687, 688, 689, 690, 691, 692, 693, 694, 695, 696, 697, 698, 699, 700, 701, 702, 703, 704, 705, 706, 707, 708, 709, 710, 711, 712, 713, 714, 715, 716, 717, 718, 719, 720, 721, 722, 723, 724, 725, 726, 727, 728, 729, 730, 731, 732, 733, 734, 735, 736, 737, 738, 739, 740, 741, 742, 743, 744, 745, 746, 747, 748, 749, 750, 751, 752, 753, 754, 755, 756, 757, 758, 759, 760, 761, 762, 763, 764, 765, 766, 767, 768, 769, 770, 771, 772, 773, 774, 775, 776, 777, 778, 779, 780, 781, 782, 783, 784, 785, 786, 787, 788, 789, 790, 791, 792, 793, 794, 795, 796, 797, 798, 799, 800, 801, 802, 803, 804, 805, 806, 807, 808, 809, 810, 811, 812, 813, 814, 815, 816, 817, 818, 819, 820, 821, 822, 823, 824, 825, 826, 827, 828, 829, 830, 831, 832, 833, 834, 835, 836, 837, 838, 839, 840, 841, 842, 843, 844, 845, 846, 847, 848, 849, 850, 851, 852, 853, 854, 855, 856, 857, 858, 859, 860, 861, 862, 863, 864, 865, 866, 867, 868, 869, 870, 871, 872, 873, 874, 875, 876, 877, 878, 879, 880, 881, 882, 883, 884, 885, 886, 887, 888, 889, 890, 891, 892, 893, 894, 895, 896, 897, 898, 899, 900, 901, 902, 903, 904, 905, 906, 907, 908, 909, 910, 911, 912, 913, 914, 915, 916, 917, 918, 919, 920, 921, 922, 923, 924, 925, 926, 927, 928, 929, 930, 931, 932, 933, 934, 935, 936, 937, 938, 939, 940, 941, 942, 943, 944, 945, 946, 947, 948, 949, 950, 951, 952, 953, 954, 955, 956, 957, 958, 959, 960, 961, 962, 963, 964, 965, 966, 967, 968, 969, 970, 971, 972, 973, 974, 975, 976, 977, 978, 979, 980, 981, 982, 983, 984, 985, 986, 987, 988, 989, 990, 991, 992, 993, 994, 995, 996, 997, 998, 999, 1000, 1001, 1002, 1003, 1004, 1005, 1006, 1007, 1008, 1009, 1010, 1011, 1012, 1013, 1014, 1015, 1016, 1017, 1018, 1019, 1020, 1021, 1022, 1023, 1024, 1025, 1026, 1027, 1028, 1029]
labeling = [0, 2, 4, 1, 3, 6, 8, 9, 7, 10, 11, 13, 12, 14, 15, 17, 5, 16, 18, 20, 19, 21, 22, 24, 23, 25, 26, 28, 27, 29, 30, 32, 31, 33, 34, 36, 35, 37, 38, 40, 0, 39, 41, 43, 42, 44, 45, 47, 46, 31, 48, 50, 49, 51, 52, 54, 1, 53, 55, 46, 56, 58, 57, 59, 50, 51, 53, 55, 57, 60, 56, 58, 59, 61, 63, 65, 62, 64, 66, 68, 67, 69, 71, 73, 70, 72, 74, 76, 75, 77, 79, 81, 78, 80, 82, 84, 83, 85, 87, 89, 86, 88, 90, 92, 91, 93, 95, 97, 94, 96, 98, 100, 99, 5, 7, 9, 11, 8, 10, 101, 12, 14, 16, 13, 15, 21, 17, 22, 102, 103, 105, 107, 104, 106, 108, 110, 109, 111, 113, 115, 112, 114, 116, 118, 117, 119, 121, 123, 120, 122, 124, 126, 125, 127, 129, 131, 128, 130, 132, 134, 136, 138, 140, 137, 139, 141, 143, 145, 142, 144, 146, 148, 150, 147, 149, 151, 152, 18, 20, 23, 19, 24, 27, 153, 25, 28, 30, 26, 29, 31, 33, 35, 154, 155, 157, 159, 156, 158, 160, 162, 161, 163, 165, 167, 164, 166, 168, 170, 169, 171, 173, 175, 172, 174, 176, 178, 177, 179, 181, 183, 180, 182, 184, 186, 185, 187, 189, 191, 188, 190, 192, 194, 193, 195, 197, 199, 196, 198, 200, 202, 201, 13, 15, 17, 14, 21, 29, 203, 30, 8, 12, 9, 18, 26, 19, 28, 0, 5, 7, 9, 8, 10, 11, 4, 12, 14, 16, 13, 15, 19, 24, 25, 20, 26, 28, 27, 29, 30, 32, 31, 33, 36, 34, 37, 39, 38, 40, 41, 42, 44, 46, 43, 45, 47, 49, 48, 50, 52, 54, 51, 53, 56, 58, 57, 62, 60, 18, 63, 35, 64, 17, 65, 21, 67, 22, 68, 61, 69, 66, 70, 61, 204, 206, 205, 207, 209, 208, 210, 211, 62, 212, 214, 16, 64, 63, 65, 213, 215, 217, 219, 216, 218, 220, 222, 221, 32, 34, 223, 36, 38, 40, 37, 224, 225, 227, 229, 226, 228, 230, 232, 231, 39, 41, 233, 42, 44, 46, 43, 234, 235, 237, 239, 236, 238, 240, 242, 241, 45, 38, 243, 40, 22, 20, 47, 6, 71, 72, 59, 73, 75, 77, 74, 76, 78, 80, 81, 82, 84, 86, 79, 244, 246, 248, 245, 247, 249, 251, 250, 252, 254, 253, 66, 67, 69, 72, 68, 255, 256, 45, 257, 258, 259, 261, 263, 47, 260, 262, 48, 49, 52, 133, 0, 264, 265, 54, 266, 267, 268, 270, 272, 135, 269, 271, 154, 155, 156, 158, 3, 273, 24, 27, 274, 275, 276, 278, 280, 32, 277, 279, 34, 44, 48, 60, 64, 55, 83, 85, 87, 3, 88, 89, 91, 90, 92, 94, 93, 0, 95, 96, 98, 70, 73, 71, 74, 76, 78, 75, 77, 79, 81, 83, 80, 82, 84, 86, 88, 2, 0, 7, 1, 35, 85, 3, 87, 89, 91, 90, 207, 93, 95, 92, 281, 5, 282, 283, 284, 285, 286, 288, 8, 287, 289, 94, 96, 98, 97, 99, 101, 103, 100, 102, 104, 106, 105, 107, 108, 110, 109, 0, 111, 112, 114, 113, 115, 116, 118, 117, 119, 121, 120, 122, 123, 125, 124, 0, 157, 159, 161, 160, 162, 163, 165, 164, 166, 168, 170, 167, 169, 171, 173, 12, 14, 17, 15, 172, 174, 0, 175, 177, 179, 176, 178, 180, 181, 4, 290, 292, 294, 291, 293, 295, 296, 13, 5, 297, 298, 182, 183, 185, 187, 184, 186, 188, 190, 189, 191, 193, 195, 192, 194, 196, 1, 197, 199, 201, 198, 200, 202, 204, 206, 203, 205, 208, 210, 212, 209, 211, 36, 3, 214, 219, 229, 234, 236, 235, 237, 238, 239, 241, 243, 240, 242, 244, 246, 18, 19, 21, 26, 245, 247, 1, 248, 250, 252, 249, 251, 253, 254, 5, 299, 301, 303, 300, 302, 304, 305, 23, 27, 306, 307, 257, 263, 266, 272, 274, 273, 275, 277, 276, 278, 280, 1, 0, 0, 3, 2, 1, 2, 0, 0, 0, 0, 0, 0, 0, 0, 0, 0, 0, 0, 0, 0, 0, 0, 0, 0, 0, 0, 0, 0, 0, 0, 0, 0, 0, 2, 0, 0, 0, 0, 0, 0, 37, 41, 0, 0, 0, 0, 0, 10, 11, 0, 0, 0, 0, 0, 42, 43, 308, 0, 0, 0, 46, 49, 0, 0, 0, 0, 4, 7, 0, 9, 0, 0, 0, 0, 0, 0, 0, 0, 0, 0, 0, 0, 0, 0, 0, 0, 0, 0, 0, 0, 0, 0, 0, 0, 0, 0, 0, 0, 0, 0, 0, 0, 0, 0, 0, 0, 0, 0, 0, 0, 0, 0, 0, 0, 8, 97, 0, 0, 0, 0, 0, 0, 2, 0, 0, 0, 0, 0, 2, 99, 4, 0, 0, 0, 7, 100, 0, 0, 0, 0, 2, 3, 0, 4, 0, 0, 0, 0, 0, 0, 0, 0, 0, 0, 0, 0, 0, 0, 0, 0, 0, 0, 0, 0, 0, 0, 0, 0, 0, 0, 0, 50, 0, 0, 0, 51, 0, 0, 0, 0, 0, 0, 0, 52, 0, 0, 0, 2, 0, 0, 0, 0, 54, 55, 1, 56, 0, 0, 0, 0, 0, 0, 0, 0, 0, 0, 0, 4, 0, 0, 0, 279, 0, 0, 0, 8, 0, 0, 0, 0, 0, 0, 0, 281, 0, 0, 0, 0, 1, 0, 0, 5, 0, 0, 0, 0, 0, 0, 0, 0, 0, 0, 0, 1, 0, 0, 0, 282, 0, 0, 0, 20, 0, 0, 0, 0, 0, 0, 0, 0, 0, 0, 0, 0, 0, 0, 0, 0, 0, 0, 0, 0, 0, 0, 0, 0, 0, 0, 0, 0, 0, 0, 0, 0, 0, 0, 0, 0, 0, 0, 0, 0, 0, 0, 0, 0, 0, 0, 0, 0, 0, 0, 0, 0, 0, 0, 0, 0, 0, 0, 0, 0, 0, 0, 0, 0, 0, 0, 0, 0, 0, 0, 0, 0, 0, 0, 0, 0, 0, 0, 0, 0, 0, 0, 0, 0, 0, 0, 0, 0, 0, 0, 0, 0, 0, 0, 0, 0]
