===== RESULTADO GA L(2,1) =====
Arquivo: /Users/mateuspedrosa/Documents/TCC-II/BOGA/data/NR_DIMACS_cleaned/p-hat700-2_clean.mtx (undirected)
Crossover: cx | Mutação: em | pop=30 | gens=53 | mut=0.446 | cr=0.5724 | runs=1 | max-stagt=1031

----- Execução #1 -----
Span (lambda): 700
Parada: TIME_LIMIT (geração 1)
best_order = [0, 1, 2, 3, 4, 5, 6, 7, 8, 9, 10, 11, 12, 13, 14, 15, 16, 17, 18, 19, 20, 21, 22, 23, 24, 25, 26, 27, 28, 29, 30, 31, 32, 33, 34, 35, 36, 37, 38, 39, 40, 41, 42, 43, 44, 45, 46, 47, 48, 49, 50, 51, 52, 53, 54, 55, 56, 57, 58, 59, 60, 61, 62, 63, 64, 65, 66, 67, 68, 69, 70, 71, 72, 73, 74, 75, 76, 77, 78, 79, 80, 81, 82, 83, 84, 85, 86, 87, 88, 89, 90, 91, 92, 93, 94, 95, 96, 97, 98, 99, 100, 101, 102, 103, 104, 105, 106, 107, 108, 109, 110, 111, 112, 113, 114, 115, 116, 117, 118, 119, 120, 121, 122, 123, 124, 125, 126, 127, 128, 129, 130, 131, 132, 133, 134, 135, 136, 137, 138, 139, 140, 141, 142, 143, 144, 145, 146, 147, 148, 149, 150, 151, 152, 153, 154, 155, 156, 157, 158, 159, 160, 161, 162, 163, 164, 165, 166, 167, 168, 169, 170, 171, 172, 173, 174, 175, 176, 177, 178, 179, 180, 181, 182, 183, 184, 185, 186, 187, 188, 189, 190, 191, 192, 193, 194, 195, 196, 197, 198, 199, 200, 201, 202, 203, 204, 205, 206, 207, 208, 209, 210, 211, 212, 213, 214, 215, 216, 217, 218, 219, 220, 221, 222, 223, 224, 225, 226, 227, 228, 229, 230, 231, 232, 233, 234, 235, 236, 237, 238, 239, 240, 241, 242, 243, 244, 245, 246, 247, 248, 249, 250, 251, 252, 253, 254, 255, 256, 257, 258, 259, 260, 261, 262, 263, 264, 265, 266, 267, 268, 269, 270, 271, 272, 273, 274, 275, 276, 277, 278, 279, 280, 281, 282, 283, 284, 285, 286, 287, 288, 289, 290, 291, 292, 293, 294, 295, 296, 297, 298, 299, 300, 301, 302, 303, 304, 305, 306, 307, 308, 309, 310, 311, 312, 313, 314, 315, 316, 317, 318, 319, 320, 321, 322, 323, 324, 325, 326, 327, 328, 329, 330, 331, 332, 333, 334, 335, 336, 337, 338, 339, 340, 341, 342, 343, 344, 345, 346, 347, 348, 349, 350, 351, 352, 353, 354, 355, 356, 357, 358, 359, 360, 361, 362, 363, 364, 365, 366, 367, 368, 369, 370, 371, 372, 373, 374, 375, 376, 377, 378, 379, 380, 381, 382, 383, 384, 385, 386, 387, 388, 389, 390, 391, 392, 393, 394, 395, 396, 397, 398, 399, 400, 401, 402, 403, 404, 405, 406, 407, 408, 409, 410, 411, 412, 413, 414, 415, 416, 417, 418, 419, 420, 421, 422, 423, 424, 425, 426, 427, 428, 429, 430, 431, 432, 433, 434, 435, 436, 437, 438, 439, 440, 441, 442, 443, 444, 445, 446, 447, 448, 449, 450, 451, 452, 453, 454, 455, 456, 457, 458, 459, 460, 461, 462, 463, 464, 465, 466, 467, 468, 469, 470, 471, 472, 473, 474, 475, 476, 477, 478, 479, 480, 481, 482, 483, 484, 485, 486, 487, 488, 489, 490, 491, 492, 493, 494, 495, 496, 497, 498, 499, 500, 501, 502, 503, 504, 505, 506, 507, 508, 509, 510, 511, 512, 513, 514, 515, 516, 517, 518, 519, 520, 521, 522, 523, 524, 525, 526, 527, 528, 529, 530, 531, 532, 533, 534, 535, 536, 537, 538, 539, 540, 541, 542, 543, 544, 545, 546, 547, 548, 549, 550, 551, 552, 553, 554, 555, 556, 557, 558, 559, 560, 561, 562, 563, 564, 565, 566, 567, 568, 569, 570, 571, 572, 573, 574, 575, 576, 577, 578, 579, 580, 581, 582, 583, 584, 585, 586, 587, 588, 589, 590, 591, 592, 593, 594, 595, 596, 597, 598, 599, 600, 601, 602, 603, 604, 605, 606, 607, 608, 609, 610, 611, 612, 613, 614, 615, 616, 617, 618, 619, 620, 621, 622, 623, 624, 625, 626, 627, 628, 629, 630, 631, 632, 633, 634, 635, 636, 637, 638, 639, 640, 641, 642, 643, 644, 645, 646, 647, 648, 649, 650, 651, 652, 653, 654, 655, 656, 657, 658, 659, 660, 661, 662, 663, 664, 665, 666, 667, 668, 669, 670, 671, 672, 673, 674, 675, 676, 677, 678, 679, 680, 681, 682, 683, 684, 685, 686, 687, 688, 689, 690, 691, 692, 693, 694, 695, 696, 697, 698, 699]
labeling = [0, 2, 3, 5, 7, 4, 8, 6, 9, 10, 12, 14, 16, 18, 11, 13, 15, 19, 20, 22, 17, 24, 21, 25, 23, 27, 28, 30, 31, 29, 33, 26, 35, 36, 37, 32, 39, 38, 40, 41, 34, 43, 42, 44, 45, 46, 47, 48, 50, 51, 53, 55, 57, 54, 56, 52, 49, 59, 58, 60, 62, 64, 65, 61, 66, 63, 68, 70, 67, 69, 71, 72, 73, 74, 75, 77, 79, 76, 80, 82, 78, 83, 84, 85, 81, 86, 87, 88, 89, 90, 91, 92, 94, 95, 96, 97, 99, 101, 102, 98, 100, 104, 105, 103, 106, 107, 93, 109, 108, 111, 110, 113, 112, 115, 117, 119, 120, 122, 114, 123, 116, 124, 126, 121, 128, 127, 129, 118, 131, 125, 130, 133, 134, 135, 136, 137, 132, 139, 138, 140, 142, 144, 141, 146, 145, 143, 147, 148, 150, 152, 153, 155, 149, 157, 154, 151, 156, 158, 159, 161, 163, 160, 162, 165, 164, 166, 168, 169, 170, 167, 171, 172, 174, 173, 176, 175, 177, 178, 179, 180, 182, 181, 184, 183, 186, 185, 187, 188, 189, 190, 192, 191, 194, 196, 198, 193, 195, 197, 199, 201, 202, 200, 203, 205, 204, 206, 207, 208, 210, 209, 211, 212, 214, 215, 216, 213, 217, 218, 219, 220, 221, 223, 224, 222, 226, 228, 225, 229, 231, 230, 232, 233, 234, 235, 227, 236, 237, 239, 240, 242, 244, 241, 246, 247, 248, 243, 250, 252, 249, 245, 238, 254, 256, 253, 255, 258, 257, 260, 259, 262, 251, 264, 263, 265, 261, 267, 266, 268, 270, 269, 272, 274, 271, 275, 276, 278, 280, 273, 282, 284, 286, 277, 279, 283, 281, 285, 287, 289, 288, 290, 292, 293, 291, 295, 297, 299, 301, 296, 300, 303, 302, 304, 294, 306, 308, 298, 309, 307, 311, 310, 313, 315, 312, 317, 305, 319, 321, 318, 314, 316, 323, 324, 326, 327, 322, 329, 325, 331, 332, 330, 320, 333, 335, 337, 328, 338, 339, 334, 336, 341, 343, 340, 344, 345, 347, 349, 351, 353, 342, 350, 355, 352, 354, 357, 348, 346, 356, 359, 361, 363, 360, 364, 358, 366, 362, 365, 368, 369, 367, 370, 371, 373, 375, 377, 374, 372, 376, 378, 380, 379, 381, 382, 383, 384, 386, 385, 388, 389, 390, 391, 392, 393, 395, 397, 399, 400, 402, 396, 387, 394, 398, 404, 406, 401, 407, 408, 405, 410, 412, 413, 403, 414, 409, 416, 411, 417, 419, 421, 418, 415, 422, 420, 423, 425, 427, 424, 429, 431, 430, 426, 428, 432, 434, 433, 435, 437, 436, 438, 439, 440, 442, 443, 441, 444, 445, 446, 447, 448, 449, 450, 451, 452, 454, 456, 457, 453, 459, 458, 461, 455, 463, 460, 462, 465, 466, 467, 464, 468, 469, 470, 471, 472, 473, 474, 475, 476, 477, 478, 479, 480, 481, 482, 483, 484, 485, 486, 487, 488, 489, 490, 491, 492, 493, 494, 495, 496, 497, 498, 499, 500, 501, 502, 503, 504, 505, 506, 507, 508, 509, 510, 511, 512, 513, 514, 515, 516, 517, 518, 519, 520, 521, 522, 523, 524, 525, 526, 527, 528, 529, 530, 531, 532, 533, 534, 535, 536, 537, 538, 539, 540, 541, 542, 543, 544, 545, 546, 547, 548, 549, 550, 551, 552, 553, 554, 555, 556, 557, 558, 559, 560, 561, 562, 563, 564, 565, 566, 567, 568, 569, 570, 571, 572, 573, 574, 575, 576, 577, 578, 579, 580, 581, 582, 583, 584, 585, 586, 587, 588, 589, 590, 591, 592, 593, 594, 595, 596, 597, 598, 599, 600, 601, 602, 603, 604, 605, 606, 607, 608, 609, 610, 611, 612, 613, 614, 615, 616, 617, 618, 619, 620, 621, 622, 623, 624, 625, 626, 627, 628, 629, 630, 631, 632, 633, 634, 635, 636, 637, 638, 639, 640, 641, 642, 643, 644, 645, 646, 647, 648, 649, 650, 651, 652, 653, 654, 655, 656, 657, 658, 659, 660, 661, 662, 663, 664, 665, 666, 667, 668, 669, 670, 671, 672, 673, 674, 675, 676, 677, 678, 679, 680, 681, 682, 683, 684, 685, 686, 687, 688, 689, 690, 691, 692, 693, 694, 695, 696, 697, 698, 699, 700]
convergência = [700]
================================

----- Melhor execução -----
Span (lambda): 700
best_order = [0, 1, 2, 3, 4, 5, 6, 7, 8, 9, 10, 11, 12, 13, 14, 15, 16, 17, 18, 19, 20, 21, 22, 23, 24, 25, 26, 27, 28, 29, 30, 31, 32, 33, 34, 35, 36, 37, 38, 39, 40, 41, 42, 43, 44, 45, 46, 47, 48, 49, 50, 51, 52, 53, 54, 55, 56, 57, 58, 59, 60, 61, 62, 63, 64, 65, 66, 67, 68, 69, 70, 71, 72, 73, 74, 75, 76, 77, 78, 79, 80, 81, 82, 83, 84, 85, 86, 87, 88, 89, 90, 91, 92, 93, 94, 95, 96, 97, 98, 99, 100, 101, 102, 103, 104, 105, 106, 107, 108, 109, 110, 111, 112, 113, 114, 115, 116, 117, 118, 119, 120, 121, 122, 123, 124, 125, 126, 127, 128, 129, 130, 131, 132, 133, 134, 135, 136, 137, 138, 139, 140, 141, 142, 143, 144, 145, 146, 147, 148, 149, 150, 151, 152, 153, 154, 155, 156, 157, 158, 159, 160, 161, 162, 163, 164, 165, 166, 167, 168, 169, 170, 171, 172, 173, 174, 175, 176, 177, 178, 179, 180, 181, 182, 183, 184, 185, 186, 187, 188, 189, 190, 191, 192, 193, 194, 195, 196, 197, 198, 199, 200, 201, 202, 203, 204, 205, 206, 207, 208, 209, 210, 211, 212, 213, 214, 215, 216, 217, 218, 219, 220, 221, 222, 223, 224, 225, 226, 227, 228, 229, 230, 231, 232, 233, 234, 235, 236, 237, 238, 239, 240, 241, 242, 243, 244, 245, 246, 247, 248, 249, 250, 251, 252, 253, 254, 255, 256, 257, 258, 259, 260, 261, 262, 263, 264, 265, 266, 267, 268, 269, 270, 271, 272, 273, 274, 275, 276, 277, 278, 279, 280, 281, 282, 283, 284, 285, 286, 287, 288, 289, 290, 291, 292, 293, 294, 295, 296, 297, 298, 299, 300, 301, 302, 303, 304, 305, 306, 307, 308, 309, 310, 311, 312, 313, 314, 315, 316, 317, 318, 319, 320, 321, 322, 323, 324, 325, 326, 327, 328, 329, 330, 331, 332, 333, 334, 335, 336, 337, 338, 339, 340, 341, 342, 343, 344, 345, 346, 347, 348, 349, 350, 351, 352, 353, 354, 355, 356, 357, 358, 359, 360, 361, 362, 363, 364, 365, 366, 367, 368, 369, 370, 371, 372, 373, 374, 375, 376, 377, 378, 379, 380, 381, 382, 383, 384, 385, 386, 387, 388, 389, 390, 391, 392, 393, 394, 395, 396, 397, 398, 399, 400, 401, 402, 403, 404, 405, 406, 407, 408, 409, 410, 411, 412, 413, 414, 415, 416, 417, 418, 419, 420, 421, 422, 423, 424, 425, 426, 427, 428, 429, 430, 431, 432, 433, 434, 435, 436, 437, 438, 439, 440, 441, 442, 443, 444, 445, 446, 447, 448, 449, 450, 451, 452, 453, 454, 455, 456, 457, 458, 459, 460, 461, 462, 463, 464, 465, 466, 467, 468, 469, 470, 471, 472, 473, 474, 475, 476, 477, 478, 479, 480, 481, 482, 483, 484, 485, 486, 487, 488, 489, 490, 491, 492, 493, 494, 495, 496, 497, 498, 499, 500, 501, 502, 503, 504, 505, 506, 507, 508, 509, 510, 511, 512, 513, 514, 515, 516, 517, 518, 519, 520, 521, 522, 523, 524, 525, 526, 527, 528, 529, 530, 531, 532, 533, 534, 535, 536, 537, 538, 539, 540, 541, 542, 543, 544, 545, 546, 547, 548, 549, 550, 551, 552, 553, 554, 555, 556, 557, 558, 559, 560, 561, 562, 563, 564, 565, 566, 567, 568, 569, 570, 571, 572, 573, 574, 575, 576, 577, 578, 579, 580, 581, 582, 583, 584, 585, 586, 587, 588, 589, 590, 591, 592, 593, 594, 595, 596, 597, 598, 599, 600, 601, 602, 603, 604, 605, 606, 607, 608, 609, 610, 611, 612, 613, 614, 615, 616, 617, 618, 619, 620, 621, 622, 623, 624, 625, 626, 627, 628, 629, 630, 631, 632, 633, 634, 635, 636, 637, 638, 639, 640, 641, 642, 643, 644, 645, 646, 647, 648, 649, 650, 651, 652, 653, 654, 655, 656, 657, 658, 659, 660, 661, 662, 663, 664, 665, 666, 667, 668, 669, 670, 671, 672, 673, 674, 675, 676, 677, 678, 679, 680, 681, 682, 683, 684, 685, 686, 687, 688, 689, 690, 691, 692, 693, 694, 695, 696, 697, 698, 699]
labeling = [0, 2, 3, 5, 7, 4, 8, 6, 9, 10, 12, 14, 16, 18, 11, 13, 15, 19, 20, 22, 17, 24, 21, 25, 23, 27, 28, 30, 31, 29, 33, 26, 35, 36, 37, 32, 39, 38, 40, 41, 34, 43, 42, 44, 45, 46, 47, 48, 50, 51, 53, 55, 57, 54, 56, 52, 49, 59, 58, 60, 62, 64, 65, 61, 66, 63, 68, 70, 67, 69, 71, 72, 73, 74, 75, 77, 79, 76, 80, 82, 78, 83, 84, 85, 81, 86, 87, 88, 89, 90, 91, 92, 94, 95, 96, 97, 99, 101, 102, 98, 100, 104, 105, 103, 106, 107, 93, 109, 108, 111, 110, 113, 112, 115, 117, 119, 120, 122, 114, 123, 116, 124, 126, 121, 128, 127, 129, 118, 131, 125, 130, 133, 134, 135, 136, 137, 132, 139, 138, 140, 142, 144, 141, 146, 145, 143, 147, 148, 150, 152, 153, 155, 149, 157, 154, 151, 156, 158, 159, 161, 163, 160, 162, 165, 164, 166, 168, 169, 170, 167, 171, 172, 174, 173, 176, 175, 177, 178, 179, 180, 182, 181, 184, 183, 186, 185, 187, 188, 189, 190, 192, 191, 194, 196, 198, 193, 195, 197, 199, 201, 202, 200, 203, 205, 204, 206, 207, 208, 210, 209, 211, 212, 214, 215, 216, 213, 217, 218, 219, 220, 221, 223, 224, 222, 226, 228, 225, 229, 231, 230, 232, 233, 234, 235, 227, 236, 237, 239, 240, 242, 244, 241, 246, 247, 248, 243, 250, 252, 249, 245, 238, 254, 256, 253, 255, 258, 257, 260, 259, 262, 251, 264, 263, 265, 261, 267, 266, 268, 270, 269, 272, 274, 271, 275, 276, 278, 280, 273, 282, 284, 286, 277, 279, 283, 281, 285, 287, 289, 288, 290, 292, 293, 291, 295, 297, 299, 301, 296, 300, 303, 302, 304, 294, 306, 308, 298, 309, 307, 311, 310, 313, 315, 312, 317, 305, 319, 321, 318, 314, 316, 323, 324, 326, 327, 322, 329, 325, 331, 332, 330, 320, 333, 335, 337, 328, 338, 339, 334, 336, 341, 343, 340, 344, 345, 347, 349, 351, 353, 342, 350, 355, 352, 354, 357, 348, 346, 356, 359, 361, 363, 360, 364, 358, 366, 362, 365, 368, 369, 367, 370, 371, 373, 375, 377, 374, 372, 376, 378, 380, 379, 381, 382, 383, 384, 386, 385, 388, 389, 390, 391, 392, 393, 395, 397, 399, 400, 402, 396, 387, 394, 398, 404, 406, 401, 407, 408, 405, 410, 412, 413, 403, 414, 409, 416, 411, 417, 419, 421, 418, 415, 422, 420, 423, 425, 427, 424, 429, 431, 430, 426, 428, 432, 434, 433, 435, 437, 436, 438, 439, 440, 442, 443, 441, 444, 445, 446, 447, 448, 449, 450, 451, 452, 454, 456, 457, 453, 459, 458, 461, 455, 463, 460, 462, 465, 466, 467, 464, 468, 469, 470, 471, 472, 473, 474, 475, 476, 477, 478, 479, 480, 481, 482, 483, 484, 485, 486, 487, 488, 489, 490, 491, 492, 493, 494, 495, 496, 497, 498, 499, 500, 501, 502, 503, 504, 505, 506, 507, 508, 509, 510, 511, 512, 513, 514, 515, 516, 517, 518, 519, 520, 521, 522, 523, 524, 525, 526, 527, 528, 529, 530, 531, 532, 533, 534, 535, 536, 537, 538, 539, 540, 541, 542, 543, 544, 545, 546, 547, 548, 549, 550, 551, 552, 553, 554, 555, 556, 557, 558, 559, 560, 561, 562, 563, 564, 565, 566, 567, 568, 569, 570, 571, 572, 573, 574, 575, 576, 577, 578, 579, 580, 581, 582, 583, 584, 585, 586, 587, 588, 589, 590, 591, 592, 593, 594, 595, 596, 597, 598, 599, 600, 601, 602, 603, 604, 605, 606, 607, 608, 609, 610, 611, 612, 613, 614, 615, 616, 617, 618, 619, 620, 621, 622, 623, 624, 625, 626, 627, 628, 629, 630, 631, 632, 633, 634, 635, 636, 637, 638, 639, 640, 641, 642, 643, 644, 645, 646, 647, 648, 649, 650, 651, 652, 653, 654, 655, 656, 657, 658, 659, 660, 661, 662, 663, 664, 665, 666, 667, 668, 669, 670, 671, 672, 673, 674, 675, 676, 677, 678, 679, 680, 681, 682, 683, 684, 685, 686, 687, 688, 689, 690, 691, 692, 693, 694, 695, 696, 697, 698, 699, 700]
