===== RESULTADO GA L(2,1) =====
Arquivo: /Users/mateuspedrosa/Documents/TCC-II/BOGA/data/Harwell-Boeing_cleaned/pores_3_clean.mtx (undirected)
Crossover: cx | Mutação: em | pop=30 | gens=53 | mut=0.446 | cr=0.5724 | runs=1 | max-stagt=1031

----- Execução #1 -----
Span (lambda): 36
Parada: MAX_GENS (geração 53)
best_order = [40, 380, 2, 505, 389, 405, 6, 7, 318, 219, 10, 309, 330, 187, 83, 367, 360, 370, 18, 5, 163, 56, 173, 70, 438, 488, 26, 323, 417, 126, 213, 15, 517, 75, 312, 35, 146, 19, 422, 316, 14, 41, 395, 218, 44, 45, 509, 281, 48, 204, 404, 231, 49, 53, 408, 55, 480, 57, 226, 202, 343, 71, 407, 477, 64, 122, 453, 67, 278, 286, 356, 102, 251, 423, 74, 13, 76, 77, 400, 206, 192, 425, 195, 501, 414, 85, 451, 371, 88, 487, 233, 91, 530, 4, 94, 429, 513, 155, 98, 99, 21, 276, 87, 431, 203, 105, 31, 164, 180, 306, 106, 111, 112, 433, 174, 115, 60, 190, 366, 119, 441, 89, 252, 123, 298, 479, 406, 127, 128, 240, 34, 314, 132, 133, 134, 50, 320, 137, 178, 139, 205, 365, 254, 143, 144, 362, 338, 147, 54, 149, 150, 449, 152, 82, 355, 255, 493, 61, 3, 440, 374, 68, 421, 169, 337, 424, 324, 413, 168, 22, 170, 171, 515, 95, 385, 175, 176, 177, 446, 179, 27, 349, 151, 522, 184, 272, 246, 285, 437, 189, 220, 207, 282, 142, 507, 236, 241, 325, 198, 199, 200, 253, 16, 86, 368, 90, 141, 294, 342, 194, 0, 211, 521, 167, 476, 209, 208, 217, 120, 237, 295, 402, 411, 531, 224, 225, 214, 382, 331, 434, 154, 363, 232, 364, 461, 235, 8, 11, 145, 494, 259, 457, 242, 243, 114, 475, 20, 37, 52, 249, 239, 81, 481, 256, 420, 496, 62, 257, 79, 415, 131, 261, 262, 263, 69, 238, 266, 267, 97, 304, 270, 271, 336, 100, 274, 359, 221, 277, 140, 65, 280, 222, 118, 283, 284, 499, 393, 287, 25, 296, 290, 291, 292, 293, 46, 448, 264, 297, 30, 299, 381, 138, 302, 153, 376, 305, 110, 307, 524, 113, 310, 311, 28, 313, 80, 104, 130, 63, 452, 397, 394, 165, 322, 210, 489, 375, 326, 327, 38, 329, 502, 458, 66, 333, 51, 335, 490, 265, 279, 339, 340, 341, 317, 33, 201, 78, 345, 347, 348, 401, 350, 334, 353, 328, 354, 273, 391, 357, 378, 159, 23, 361, 467, 527, 445, 321, 103, 229, 430, 387, 373, 188, 372, 268, 197, 223, 247, 39, 42, 379, 108, 269, 157, 193, 384, 344, 386, 468, 388, 351, 390, 500, 392, 289, 518, 32, 396, 506, 398, 519, 166, 160, 156, 403, 471, 17, 303, 196, 162, 409, 36, 58, 412, 9, 250, 172, 416, 300, 418, 419, 399, 483, 442, 332, 472, 315, 426, 161, 428, 12, 121, 410, 432, 464, 462, 435, 436, 497, 125, 96, 185, 346, 1, 454, 444, 228, 183, 447, 514, 377, 47, 84, 275, 528, 72, 455, 456, 227, 124, 459, 460, 443, 186, 463, 358, 465, 466, 248, 43, 469, 24, 319, 383, 473, 520, 450, 182, 369, 478, 484, 29, 352, 482, 101, 116, 485, 486, 234, 212, 470, 109, 491, 492, 129, 474, 495, 107, 308, 498, 191, 260, 439, 135, 503, 117, 181, 59, 148, 508, 216, 510, 511, 512, 215, 288, 504, 516, 73, 136, 92, 158, 230, 258, 523, 93, 525, 526, 427, 244, 529, 301, 245]
labeling = [12, 22, 0, 16, 2, 0, 0, 2, 7, 9, 1, 10, 24, 0, 5, 3, 0, 19, 1, 3, 11, 1, 6, 12, 2, 0, 0, 2, 10, 0, 23, 4, 3, 0, 2, 0, 27, 1, 2, 4, 0, 2, 7, 5, 0, 3, 12, 0, 2, 0, 3, 1, 12, 0, 2, 0, 1, 3, 14, 0, 3, 5, 6, 0, 1, 3, 9, 0, 4, 1, 0, 3, 11, 15, 7, 1, 4, 6, 16, 21, 13, 19, 8, 2, 20, 6, 17, 10, 5, 12, 14, 7, 24, 36, 3, 17, 25, 22, 8, 5, 13, 31, 1, 25, 5, 8, 3, 34, 21, 32, 16, 9, 3, 24, 6, 11, 26, 35, 9, 3, 5, 28, 1, 14, 8, 29, 3, 15, 5, 33, 8, 20, 1, 3, 5, 26, 16, 9, 6, 11, 19, 13, 9, 5, 7, 1, 2, 0, 13, 8, 10, 5, 9, 19, 11, 7, 27, 4, 30, 24, 21, 13, 25, 2, 9, 19, 23, 16, 6, 10, 12, 14, 28, 0, 7, 11, 14, 18, 9, 20, 4, 22, 1, 29, 8, 27, 30, 2, 26, 15, 13, 29, 4, 23, 18, 1, 24, 15, 2, 12, 16, 21, 6, 10, 4, 12, 7, 14, 18, 16, 20, 10, 28, 1, 15, 21, 29, 10, 3, 1, 0, 2, 4, 0, 4, 6, 1, 25, 16, 14, 22, 3, 17, 6, 19, 10, 4, 8, 16, 14, 7, 11, 13, 18, 20, 25, 7, 16, 18, 10, 20, 4, 6, 8, 11, 13, 15, 17, 20, 9, 22, 11, 6, 13, 18, 20, 9, 16, 19, 21, 11, 13, 7, 17, 9, 25, 4, 13, 8, 18, 15, 0, 10, 17, 13, 5, 2, 15, 19, 11, 4, 17, 20, 14, 3, 7, 9, 2, 1, 5, 8, 10, 14, 17, 4, 6, 8, 10, 20, 1, 12, 14, 2, 17, 5, 10, 3, 15, 0, 22, 4, 9, 11, 1, 6, 8, 12, 14, 16, 10, 1, 7, 19, 12, 16, 5, 7, 1, 3, 9, 11, 14, 6, 2, 10, 8, 20, 15, 12, 2, 6, 16, 20, 10, 14, 5, 2, 19, 6, 8, 0, 20, 4, 3, 0, 0, 0, 0, 0, 0, 0, 0, 1, 0, 1, 0, 5, 0, 0, 0, 0, 0, 2, 0, 0, 3, 0, 0, 0, 0, 0, 6, 6, 1, 2, 2, 2, 2, 2, 3, 2, 0, 0, 0, 0, 0, 4, 2, 0, 0, 2, 0, 2, 4, 0, 0, 0, 0, 0, 0, 0, 0, 0, 0, 0, 0, 0, 0, 0, 0, 0, 0, 4, 1, 1, 1, 2, 1, 0, 0, 0, 0, 0, 0, 0, 0, 0, 0, 0, 0, 0, 0, 0, 0, 0, 0, 0, 0, 0, 0, 0, 0, 0, 0, 0, 0, 0, 0, 0, 0, 0, 0, 0, 0, 0, 0, 0, 0, 0, 0, 0, 3, 0, 0, 0, 0, 0, 0, 0, 0, 0, 0, 0, 0, 0, 0, 0, 0, 0, 0, 0, 0, 0, 0, 0, 0, 0, 0, 0, 0, 0, 0, 0, 0, 0, 0, 0, 0, 0, 0, 0, 0, 2, 0, 0, 0, 0, 0, 0, 0, 0, 0]
convergência = [37, 37, 37, 37, 36, 36, 36, 36, 36, 36, 36, 36, 36, 36, 36, 36, 36, 36, 36, 36, 36, 36, 36, 36, 36, 36, 36, 36, 36, 36, 36, 36, 36, 36, 36, 36, 36, 36, 36, 36, 36, 36, 36, 36, 36, 36, 36, 36, 36, 36, 36, 36, 36]
================================

----- Melhor execução -----
Span (lambda): 36
best_order = [40, 380, 2, 505, 389, 405, 6, 7, 318, 219, 10, 309, 330, 187, 83, 367, 360, 370, 18, 5, 163, 56, 173, 70, 438, 488, 26, 323, 417, 126, 213, 15, 517, 75, 312, 35, 146, 19, 422, 316, 14, 41, 395, 218, 44, 45, 509, 281, 48, 204, 404, 231, 49, 53, 408, 55, 480, 57, 226, 202, 343, 71, 407, 477, 64, 122, 453, 67, 278, 286, 356, 102, 251, 423, 74, 13, 76, 77, 400, 206, 192, 425, 195, 501, 414, 85, 451, 371, 88, 487, 233, 91, 530, 4, 94, 429, 513, 155, 98, 99, 21, 276, 87, 431, 203, 105, 31, 164, 180, 306, 106, 111, 112, 433, 174, 115, 60, 190, 366, 119, 441, 89, 252, 123, 298, 479, 406, 127, 128, 240, 34, 314, 132, 133, 134, 50, 320, 137, 178, 139, 205, 365, 254, 143, 144, 362, 338, 147, 54, 149, 150, 449, 152, 82, 355, 255, 493, 61, 3, 440, 374, 68, 421, 169, 337, 424, 324, 413, 168, 22, 170, 171, 515, 95, 385, 175, 176, 177, 446, 179, 27, 349, 151, 522, 184, 272, 246, 285, 437, 189, 220, 207, 282, 142, 507, 236, 241, 325, 198, 199, 200, 253, 16, 86, 368, 90, 141, 294, 342, 194, 0, 211, 521, 167, 476, 209, 208, 217, 120, 237, 295, 402, 411, 531, 224, 225, 214, 382, 331, 434, 154, 363, 232, 364, 461, 235, 8, 11, 145, 494, 259, 457, 242, 243, 114, 475, 20, 37, 52, 249, 239, 81, 481, 256, 420, 496, 62, 257, 79, 415, 131, 261, 262, 263, 69, 238, 266, 267, 97, 304, 270, 271, 336, 100, 274, 359, 221, 277, 140, 65, 280, 222, 118, 283, 284, 499, 393, 287, 25, 296, 290, 291, 292, 293, 46, 448, 264, 297, 30, 299, 381, 138, 302, 153, 376, 305, 110, 307, 524, 113, 310, 311, 28, 313, 80, 104, 130, 63, 452, 397, 394, 165, 322, 210, 489, 375, 326, 327, 38, 329, 502, 458, 66, 333, 51, 335, 490, 265, 279, 339, 340, 341, 317, 33, 201, 78, 345, 347, 348, 401, 350, 334, 353, 328, 354, 273, 391, 357, 378, 159, 23, 361, 467, 527, 445, 321, 103, 229, 430, 387, 373, 188, 372, 268, 197, 223, 247, 39, 42, 379, 108, 269, 157, 193, 384, 344, 386, 468, 388, 351, 390, 500, 392, 289, 518, 32, 396, 506, 398, 519, 166, 160, 156, 403, 471, 17, 303, 196, 162, 409, 36, 58, 412, 9, 250, 172, 416, 300, 418, 419, 399, 483, 442, 332, 472, 315, 426, 161, 428, 12, 121, 410, 432, 464, 462, 435, 436, 497, 125, 96, 185, 346, 1, 454, 444, 228, 183, 447, 514, 377, 47, 84, 275, 528, 72, 455, 456, 227, 124, 459, 460, 443, 186, 463, 358, 465, 466, 248, 43, 469, 24, 319, 383, 473, 520, 450, 182, 369, 478, 484, 29, 352, 482, 101, 116, 485, 486, 234, 212, 470, 109, 491, 492, 129, 474, 495, 107, 308, 498, 191, 260, 439, 135, 503, 117, 181, 59, 148, 508, 216, 510, 511, 512, 215, 288, 504, 516, 73, 136, 92, 158, 230, 258, 523, 93, 525, 526, 427, 244, 529, 301, 245]
labeling = [12, 22, 0, 16, 2, 0, 0, 2, 7, 9, 1, 10, 24, 0, 5, 3, 0, 19, 1, 3, 11, 1, 6, 12, 2, 0, 0, 2, 10, 0, 23, 4, 3, 0, 2, 0, 27, 1, 2, 4, 0, 2, 7, 5, 0, 3, 12, 0, 2, 0, 3, 1, 12, 0, 2, 0, 1, 3, 14, 0, 3, 5, 6, 0, 1, 3, 9, 0, 4, 1, 0, 3, 11, 15, 7, 1, 4, 6, 16, 21, 13, 19, 8, 2, 20, 6, 17, 10, 5, 12, 14, 7, 24, 36, 3, 17, 25, 22, 8, 5, 13, 31, 1, 25, 5, 8, 3, 34, 21, 32, 16, 9, 3, 24, 6, 11, 26, 35, 9, 3, 5, 28, 1, 14, 8, 29, 3, 15, 5, 33, 8, 20, 1, 3, 5, 26, 16, 9, 6, 11, 19, 13, 9, 5, 7, 1, 2, 0, 13, 8, 10, 5, 9, 19, 11, 7, 27, 4, 30, 24, 21, 13, 25, 2, 9, 19, 23, 16, 6, 10, 12, 14, 28, 0, 7, 11, 14, 18, 9, 20, 4, 22, 1, 29, 8, 27, 30, 2, 26, 15, 13, 29, 4, 23, 18, 1, 24, 15, 2, 12, 16, 21, 6, 10, 4, 12, 7, 14, 18, 16, 20, 10, 28, 1, 15, 21, 29, 10, 3, 1, 0, 2, 4, 0, 4, 6, 1, 25, 16, 14, 22, 3, 17, 6, 19, 10, 4, 8, 16, 14, 7, 11, 13, 18, 20, 25, 7, 16, 18, 10, 20, 4, 6, 8, 11, 13, 15, 17, 20, 9, 22, 11, 6, 13, 18, 20, 9, 16, 19, 21, 11, 13, 7, 17, 9, 25, 4, 13, 8, 18, 15, 0, 10, 17, 13, 5, 2, 15, 19, 11, 4, 17, 20, 14, 3, 7, 9, 2, 1, 5, 8, 10, 14, 17, 4, 6, 8, 10, 20, 1, 12, 14, 2, 17, 5, 10, 3, 15, 0, 22, 4, 9, 11, 1, 6, 8, 12, 14, 16, 10, 1, 7, 19, 12, 16, 5, 7, 1, 3, 9, 11, 14, 6, 2, 10, 8, 20, 15, 12, 2, 6, 16, 20, 10, 14, 5, 2, 19, 6, 8, 0, 20, 4, 3, 0, 0, 0, 0, 0, 0, 0, 0, 1, 0, 1, 0, 5, 0, 0, 0, 0, 0, 2, 0, 0, 3, 0, 0, 0, 0, 0, 6, 6, 1, 2, 2, 2, 2, 2, 3, 2, 0, 0, 0, 0, 0, 4, 2, 0, 0, 2, 0, 2, 4, 0, 0, 0, 0, 0, 0, 0, 0, 0, 0, 0, 0, 0, 0, 0, 0, 0, 0, 4, 1, 1, 1, 2, 1, 0, 0, 0, 0, 0, 0, 0, 0, 0, 0, 0, 0, 0, 0, 0, 0, 0, 0, 0, 0, 0, 0, 0, 0, 0, 0, 0, 0, 0, 0, 0, 0, 0, 0, 0, 0, 0, 0, 0, 0, 0, 0, 0, 3, 0, 0, 0, 0, 0, 0, 0, 0, 0, 0, 0, 0, 0, 0, 0, 0, 0, 0, 0, 0, 0, 0, 0, 0, 0, 0, 0, 0, 0, 0, 0, 0, 0, 0, 0, 0, 0, 0, 0, 0, 2, 0, 0, 0, 0, 0, 0, 0, 0, 0]
