===== RESULTADO GA L(2,1) =====
Arquivo: /Users/mateuspedrosa/Documents/TCC-II/BOGA/data/Harwell-Boeing_cleaned/pores_2_clean.mtx (undirected)
Crossover: cx | Mutação: em | pop=30 | gens=53 | mut=0.446 | cr=0.5724 | runs=1 | max-stagt=1031

----- Execução #1 -----
Span (lambda): 156
Parada: MAX_GENS (geração 53)
best_order = [3, 643, 617, 858, 70, 1093, 437, 2, 1094, 195, 85, 673, 219, 1160, 663, 476, 13, 564, 990, 992, 978, 1039, 853, 138, 1058, 368, 414, 1110, 1086, 455, 253, 754, 55, 558, 255, 510, 905, 107, 823, 71, 522, 741, 1137, 678, 1107, 919, 494, 419, 677, 198, 867, 88, 355, 1057, 879, 95, 572, 567, 938, 1187, 813, 296, 952, 492, 1206, 925, 699, 1157, 828, 73, 162, 432, 1145, 28, 861, 810, 981, 1112, 786, 926, 1189, 102, 344, 502, 447, 53, 186, 257, 150, 1030, 291, 120, 543, 363, 636, 915, 950, 204, 541, 1143, 944, 36, 418, 1019, 14, 634, 403, 320, 783, 373, 132, 289, 656, 936, 1171, 639, 110, 896, 875, 1115, 1129, 451, 18, 680, 154, 67, 26, 671, 34, 331, 747, 927, 734, 124, 7, 530, 964, 914, 260, 194, 841, 504, 969, 972, 662, 977, 868, 573, 695, 1042, 321, 549, 534, 472, 254, 987, 1146, 87, 940, 948, 471, 261, 212, 217, 335, 1141, 1102, 119, 473, 809, 491, 452, 672, 1022, 104, 467, 906, 893, 282, 89, 1203, 75, 850, 843, 1126, 5, 1213, 423, 76, 191, 565, 1217, 819, 892, 574, 294, 1050, 148, 807, 713, 361, 366, 1073, 724, 583, 196, 1101, 1060, 108, 239, 146, 1196, 248, 1180, 1167, 114, 738, 164, 614, 369, 653, 982, 316, 385, 832, 587, 916, 62, 446, 1023, 600, 333, 619, 1161, 743, 1181, 1152, 401, 960, 497, 751, 245, 1012, 642, 912, 610, 532, 592, 922, 715, 707, 870, 1076, 551, 267, 135, 400, 353, 128, 392, 668, 32, 312, 910, 205, 206, 463, 293, 268, 304, 638, 760, 1204, 1135, 498, 417, 166, 801, 1105, 951, 700, 410, 1077, 1088, 478, 660, 112, 271, 352, 1113, 218, 303, 225, 184, 956, 16, 764, 1214, 1121, 1028, 1011, 873, 1031, 942, 784, 30, 961, 778, 1138, 985, 608, 23, 974, 393, 536, 159, 51, 201, 1177, 10, 98, 92, 1029, 183, 791, 797, 908, 590, 745, 469, 866, 264, 820, 1207, 616, 900, 256, 1210, 865, 1081, 229, 250, 685, 311, 523, 1003, 137, 1150, 237, 438, 1219, 1185, 824, 954, 1059, 602, 1170, 362, 169, 357, 17, 279, 360, 370, 535, 856, 411, 1136, 389, 1159, 736, 1001, 645, 1015, 1084, 633, 284, 621, 81, 934, 759, 640, 1162, 794, 630, 163, 836, 1018, 134, 395, 884, 728, 421, 187, 1174, 789, 795, 431, 445, 693, 585, 750, 943, 591, 692, 569, 328, 1158, 1131, 122, 980, 798, 862, 442, 252, 777, 566, 1125, 171, 1095, 158, 596, 1072, 1092, 243, 531, 687, 339, 887, 722, 909, 538, 305, 1200, 711, 394, 371, 627, 757, 41, 594, 1007, 525, 773, 22, 215, 427, 937, 1192, 415, 1199, 91, 1193, 342, 74, 350, 80, 1053, 480, 517, 507, 514, 292, 155, 200, 174, 967, 726, 796, 8, 968, 554, 378, 1173, 1195, 658, 612, 885, 624, 1182, 35, 1082, 917, 718, 622, 1037, 763, 298, 1074, 490, 1118, 669, 655, 806, 6, 682, 165, 947, 1064, 576, 631, 755, 330, 1184, 878, 207, 575, 306, 231, 420, 890, 501, 1049, 690, 800, 665, 696, 1002, 733, 821, 1040, 178, 845, 443, 97, 133, 758, 604, 315, 568, 613, 182, 661, 1194, 877, 732, 833, 670, 249, 593, 1016, 1119, 1165, 649, 160, 520, 142, 1154, 582, 1070, 109, 397, 899, 153, 1008, 971, 635, 117, 788, 560, 730, 283, 709, 704, 336, 805, 464, 874, 505, 96, 854, 1142, 831, 626, 1223, 1183, 546, 1091, 518, 66, 529, 465, 869, 966, 275, 68, 886, 650, 341, 1222, 863, 842, 1098, 429, 405, 170, 310, 998, 499, 274, 340, 63, 434, 679, 652, 47, 377, 462, 920, 1026, 466, 307, 21, 941, 238, 721, 1209, 542, 139, 11, 65, 955, 684, 334, 803, 817, 973, 69, 1024, 203, 59, 1186, 1048, 82, 844, 702, 209, 839, 1117, 611, 416, 1043, 1197, 396, 230, 586, 855, 765, 965, 242, 1055, 424, 211, 0, 319, 345, 872, 664, 526, 958, 314, 511, 995, 694, 1176, 288, 29, 222, 595, 1014, 1175, 105, 236, 481, 143, 589, 258, 829, 1130, 286, 482, 584, 354, 1201, 228, 537, 1036, 265, 262, 775, 705, 826, 703, 988, 25, 486, 792, 376, 599, 1085, 1168, 924, 740, 840, 681, 372, 802, 359, 976, 521, 1140, 933, 381, 172, 779, 318, 651, 113, 994, 1134, 762, 94, 814, 603, 606, 847, 1179, 1108, 272, 547, 898, 849, 444, 903, 931, 83, 646, 115, 895, 559, 975, 31, 19, 676, 897, 103, 508, 864, 173, 776, 1215, 767, 1123, 111, 615, 667, 42, 79, 297, 412, 902, 20, 149, 382, 848, 781, 1147, 37, 468, 425, 1045, 632, 731, 719, 426, 409, 580, 846, 1103, 479, 837, 749, 192, 986, 327, 152, 474, 1079, 683, 675, 579, 712, 701, 1006, 374, 946, 343, 86, 1218, 388, 1032, 325, 550, 519, 216, 770, 60, 527, 459, 141, 785, 1065, 1, 544, 1090, 524, 1172, 241, 356, 1097, 1106, 214, 1216, 477, 928, 654, 202, 737, 208, 1052, 227, 825, 959, 1155, 983, 506, 1191, 1120, 49, 979, 1166, 38, 888, 1078, 1153, 989, 641, 263, 78, 440, 816, 561, 666, 1004, 386, 851, 322, 838, 698, 539, 830, 406, 618, 1128, 61, 907, 493, 281, 290, 930, 177, 223, 398, 1151, 768, 422, 1025, 901, 739, 871, 84, 93, 220, 503, 235, 46, 644, 552, 383, 338, 1087, 251, 157, 1010, 918, 458, 1099, 126, 748, 876, 620, 72, 891, 1066, 100, 647, 881, 1212, 598, 167, 461, 234, 720, 929, 116, 913, 1122, 436, 727, 435, 1047, 818, 556, 1020, 259, 1116, 44, 1178, 710, 456, 50, 609, 404, 787, 512, 266, 822, 1133, 151, 121, 808, 489, 332, 780, 232, 605, 883, 1148, 125, 1033, 391, 708, 457, 835, 175, 945, 470, 280, 852, 130, 1068, 326, 1062, 997, 90, 127, 156, 1100, 753, 379, 1063, 43, 454, 190, 935, 495, 923, 772, 193, 15, 12, 1044, 1139, 189, 233, 689, 399, 921, 1009, 815, 553, 697, 64, 58, 686, 911, 277, 588, 1000, 101, 1075, 991, 706, 993, 188, 1169, 45, 545, 56, 483, 240, 323, 180, 761, 581, 299, 430, 52, 1124, 1156, 957, 563, 1149, 766, 24, 329, 562, 39, 287, 725, 637, 364, 894, 367, 270, 278, 597, 1221, 1164, 358, 939, 302, 1144, 1046, 601, 168, 996, 210, 723, 40, 285, 880, 1089, 729, 1083, 834, 441, 1208, 346, 812, 629, 771, 365, 213, 199, 1109, 1005, 623, 301, 428, 859, 448, 176, 1127, 1111, 1104, 145, 648, 484, 276, 804, 1071, 714, 433, 1205, 999, 774, 970, 674, 309, 1061, 963, 860, 857, 1188, 54, 1027, 1056, 1021, 337, 185, 555, 48, 450, 4, 453, 475, 496, 161, 224, 57, 571, 949, 1038, 197, 123, 625, 77, 577, 408, 769, 904, 1017, 131, 557, 1190, 540, 1041, 488, 1220, 313, 9, 782, 1211, 1080, 324, 387, 269, 628, 247, 449, 953, 1069, 513, 413, 1035, 485, 140, 179, 295, 1163, 402, 33, 147, 390, 889, 657, 487, 811, 790, 317, 27, 1067, 351, 1054, 181, 308, 744, 384, 1051, 509, 244, 932, 799, 99, 742, 273, 106, 827, 460, 300, 793, 984, 752, 144, 1096, 347, 717, 129, 349, 516, 659, 688, 735, 221, 533, 1013, 1198, 375, 882, 1132, 380, 962, 578, 348, 136, 439, 607, 716, 691, 515, 246, 1114, 407, 118, 528, 500, 226, 1034, 548, 570, 756, 1202, 746]
labeling = [74, 98, 2, 0, 141, 19, 36, 13, 43, 102, 32, 46, 70, 2, 4, 6, 30, 29, 7, 4, 91, 12, 47, 11, 128, 57, 14, 109, 5, 8, 33, 3, 7, 28, 15, 10, 4, 6, 9, 14, 16, 30, 59, 7, 69, 1, 77, 8, 96, 3, 82, 0, 95, 5, 100, 1, 93, 13, 89, 53, 68, 2, 18, 1, 18, 0, 21, 5, 12, 17, 1, 3, 64, 6, 41, 0, 20, 9, 70, 2, 39, 1, 56, 2, 107, 4, 65, 7, 2, 5, 80, 4, 24, 3, 60, 0, 15, 4, 11, 22, 16, 20, 7, 13, 19, 9, 76, 2, 24, 3, 6, 4, 23, 0, 15, 2, 83, 1, 111, 2, 0, 10, 27, 7, 12, 1, 76, 6, 1, 10, 48, 56, 9, 3, 35, 0, 80, 4, 1, 5, 99, 7, 49, 1, 104, 3, 13, 8, 16, 10, 6, 3, 62, 13, 11, 9, 81, 14, 28, 4, 51, 54, 6, 21, 25, 30, 28, 11, 91, 1, 54, 6, 62, 3, 41, 2, 93, 5, 45, 7, 126, 21, 40, 0, 23, 1, 4, 6, 92, 8, 84, 2, 61, 5, 12, 1, 23, 15, 3, 5, 40, 8, 71, 7, 0, 5, 20, 4, 69, 13, 92, 4, 18, 3, 68, 2, 66, 4, 25, 1, 76, 11, 60, 9, 97, 3, 111, 6, 80, 15, 72, 9, 85, 0, 79, 1, 59, 3, 55, 2, 88, 6, 58, 4, 102, 2, 154, 18, 14, 2, 33, 5, 38, 0, 11, 1, 32, 2, 61, 5, 10, 1, 81, 12, 8, 14, 119, 24, 9, 15, 130, 4, 86, 109, 65, 6, 138, 10, 131, 7, 123, 5, 18, 1, 38, 17, 56, 10, 53, 6, 105, 3, 51, 1, 20, 10, 5, 16, 12, 18, 149, 21, 133, 11, 28, 12, 57, 5, 147, 12, 64, 1, 27, 19, 76, 3, 22, 3, 59, 12, 9, 2, 73, 5, 103, 0, 79, 0, 41, 11, 56, 1, 120, 8, 70, 7, 61, 17, 109, 3, 66, 9, 48, 10, 12, 6, 134, 16, 152, 13, 31, 11, 21, 4, 58, 1, 69, 3, 96, 2, 37, 6, 35, 3, 129, 19, 21, 15, 5, 1, 36, 6, 84, 4, 96, 14, 83, 8, 53, 11, 151, 6, 63, 8, 106, 3, 71, 13, 66, 4, 104, 9, 26, 5, 46, 7, 71, 6, 106, 12, 25, 2, 146, 3, 117, 12, 103, 15, 143, 9, 30, 6, 90, 13, 1, 7, 49, 5, 8, 0, 39, 6, 74, 1, 73, 3, 93, 27, 135, 8, 127, 4, 11, 16, 67, 14, 112, 1, 34, 21, 102, 19, 43, 2, 87, 3, 19, 4, 97, 9, 101, 2, 15, 7, 82, 0, 116, 8, 110, 9, 148, 11, 68, 7, 62, 13, 69, 4, 92, 2, 122, 3, 17, 6, 95, 15, 4, 16, 32, 13, 49, 8, 79, 17, 137, 19, 82, 18, 144, 14, 55, 13, 10, 45, 3, 50, 142, 6, 29, 15, 153, 5, 13, 12, 16, 7, 101, 3, 89, 22, 8, 38, 118, 7, 50, 11, 150, 4, 63, 3, 59, 14, 9, 4, 100, 7, 75, 43, 17, 0, 4, 11, 7, 13, 17, 2, 31, 0, 40, 3, 71, 1, 54, 0, 62, 3, 53, 2, 155, 7, 67, 8, 75, 16, 52, 11, 113, 18, 7, 4, 13, 2, 20, 8, 1, 5, 37, 3, 50, 4, 81, 9, 2, 4, 21, 6, 46, 1, 106, 4, 94, 9, 41, 4, 57, 3, 55, 7, 86, 6, 25, 3, 4, 7, 9, 6, 38, 15, 66, 6, 26, 2, 33, 7, 49, 8, 65, 7, 29, 5, 18, 0, 54, 1, 17, 5, 26, 0, 72, 2, 77, 1, 35, 8, 45, 1, 52, 2, 74, 0, 34, 3, 60, 0, 10, 1, 8, 2, 22, 3, 35, 5, 17, 1, 108, 2, 61, 4, 98, 6, 45, 5, 48, 0, 70, 9, 11, 8, 44, 9, 29, 5, 16, 1, 55, 6, 73, 1, 19, 5, 44, 0, 12, 2, 95, 4, 88, 4, 3, 9, 10, 7, 37, 12, 50, 2, 85, 7, 79, 4, 47, 10, 36, 3, 56, 2, 48, 4, 75, 2, 21, 5, 57, 1, 52, 4, 87, 3, 121, 8, 78, 6, 64, 1, 99, 5, 110, 9, 34, 3, 67, 2, 39, 5, 22, 3, 42, 0, 36, 5, 51, 3, 43, 6, 9, 15, 34, 12, 16, 0, 58, 1, 75, 0, 100, 3, 107, 1, 83, 4, 37, 0, 103, 5, 2, 7, 156, 14, 47, 8, 27, 3, 63, 2, 26, 5, 90, 2, 74, 7, 67, 1, 86, 5, 94, 11, 64, 1, 31, 1, 84, 7, 98, 0, 28, 1, 4, 6, 50, 2, 101, 6, 25, 60, 19, 23, 22, 17, 26, 59, 16, 13, 40, 35, 58, 32, 13, 7, 27, 6, 4, 29, 23, 2, 18, 10, 24, 36, 20, 3, 11, 14, 21, 0, 9, 12, 6, 13, 5, 39, 10, 0, 1, 2, 12, 2, 3, 3, 1, 0, 6, 7, 0, 0, 0, 0, 1, 1, 4, 0, 0, 0, 47, 2, 0, 0, 3, 0, 0, 0, 0, 0, 1, 0, 41, 18, 7, 0, 12, 33, 6, 10, 7, 5, 8, 0, 3, 31, 0, 0, 2, 0, 14, 0, 5, 0, 1, 0, 44, 57, 2, 2, 0, 1, 2, 1, 0, 0, 0, 0, 4, 1, 7, 0, 0, 0, 3, 0, 0, 1, 10, 3, 2, 12, 0, 0, 8, 5, 0, 1, 0, 0, 0, 0, 3, 4, 2, 0, 0, 14, 0, 3, 8, 10, 0, 1, 2, 29, 4, 52, 5, 34, 14, 24, 5, 46, 42, 28, 11, 55, 0, 9, 2, 6, 1, 10, 6, 0, 18, 0, 5, 15, 0, 21, 0, 12, 7, 0, 0, 1, 0, 11, 9, 37, 0, 0, 20, 0, 1, 0, 0, 0, 0, 0, 17, 16, 0, 0, 0, 0, 0, 0, 0, 0, 0, 0, 53, 49, 0, 0, 0, 0, 0, 0, 0, 0, 0, 0, 60, 13, 8, 3, 2, 5, 78, 4, 58, 15, 40, 0, 114, 14, 0, 0, 0, 8, 2, 0, 0, 0, 0, 0, 97, 12, 0, 2, 0, 0, 0, 0, 0, 0, 0, 0, 125, 9, 0, 0, 0, 0, 0, 0, 0, 0, 0, 0, 140, 0, 0, 0, 0, 0, 0, 0, 0, 0, 0, 0, 124, 12, 0, 0, 0, 0, 0, 0, 0, 0, 0, 0, 145, 3, 4, 6, 3, 5, 6, 7, 31, 9, 99, 6, 44, 1, 2, 0, 0, 11, 10, 78, 0, 0, 0, 0, 136, 10, 0, 0, 0, 0, 0, 0, 0, 0, 0, 0, 115, 7, 0, 0, 8, 0, 0, 0, 0, 0, 0, 0, 104, 2, 0, 0, 0, 0, 0, 0, 0, 0, 0, 0, 85, 3, 0, 0, 0, 0, 0, 0, 0, 0, 0, 0, 23, 9, 6, 4, 15, 1, 42, 2, 3, 1, 39, 12, 132, 4, 0, 0, 0, 0, 0, 0, 0, 0, 0, 0, 77, 0, 0, 0, 0, 0, 0, 0, 0, 0, 0, 0, 139, 1, 0, 0, 0, 0, 0, 0, 0, 0, 0, 0, 45, 8, 0, 0, 0, 0, 0, 0, 0, 0, 0, 0, 111, 4, 0, 0, 0, 0, 0, 0, 0, 0, 0, 0]
convergência = [156, 156, 156, 156, 156, 156, 156, 156, 156, 156, 156, 156, 156, 156, 156, 156, 156, 156, 156, 156, 156, 156, 156, 156, 156, 156, 156, 156, 156, 156, 156, 156, 156, 156, 156, 156, 156, 156, 156, 156, 156, 156, 156, 156, 156, 156, 156, 156, 156, 156, 156, 156, 156]
================================

----- Melhor execução -----
Span (lambda): 156
best_order = [3, 643, 617, 858, 70, 1093, 437, 2, 1094, 195, 85, 673, 219, 1160, 663, 476, 13, 564, 990, 992, 978, 1039, 853, 138, 1058, 368, 414, 1110, 1086, 455, 253, 754, 55, 558, 255, 510, 905, 107, 823, 71, 522, 741, 1137, 678, 1107, 919, 494, 419, 677, 198, 867, 88, 355, 1057, 879, 95, 572, 567, 938, 1187, 813, 296, 952, 492, 1206, 925, 699, 1157, 828, 73, 162, 432, 1145, 28, 861, 810, 981, 1112, 786, 926, 1189, 102, 344, 502, 447, 53, 186, 257, 150, 1030, 291, 120, 543, 363, 636, 915, 950, 204, 541, 1143, 944, 36, 418, 1019, 14, 634, 403, 320, 783, 373, 132, 289, 656, 936, 1171, 639, 110, 896, 875, 1115, 1129, 451, 18, 680, 154, 67, 26, 671, 34, 331, 747, 927, 734, 124, 7, 530, 964, 914, 260, 194, 841, 504, 969, 972, 662, 977, 868, 573, 695, 1042, 321, 549, 534, 472, 254, 987, 1146, 87, 940, 948, 471, 261, 212, 217, 335, 1141, 1102, 119, 473, 809, 491, 452, 672, 1022, 104, 467, 906, 893, 282, 89, 1203, 75, 850, 843, 1126, 5, 1213, 423, 76, 191, 565, 1217, 819, 892, 574, 294, 1050, 148, 807, 713, 361, 366, 1073, 724, 583, 196, 1101, 1060, 108, 239, 146, 1196, 248, 1180, 1167, 114, 738, 164, 614, 369, 653, 982, 316, 385, 832, 587, 916, 62, 446, 1023, 600, 333, 619, 1161, 743, 1181, 1152, 401, 960, 497, 751, 245, 1012, 642, 912, 610, 532, 592, 922, 715, 707, 870, 1076, 551, 267, 135, 400, 353, 128, 392, 668, 32, 312, 910, 205, 206, 463, 293, 268, 304, 638, 760, 1204, 1135, 498, 417, 166, 801, 1105, 951, 700, 410, 1077, 1088, 478, 660, 112, 271, 352, 1113, 218, 303, 225, 184, 956, 16, 764, 1214, 1121, 1028, 1011, 873, 1031, 942, 784, 30, 961, 778, 1138, 985, 608, 23, 974, 393, 536, 159, 51, 201, 1177, 10, 98, 92, 1029, 183, 791, 797, 908, 590, 745, 469, 866, 264, 820, 1207, 616, 900, 256, 1210, 865, 1081, 229, 250, 685, 311, 523, 1003, 137, 1150, 237, 438, 1219, 1185, 824, 954, 1059, 602, 1170, 362, 169, 357, 17, 279, 360, 370, 535, 856, 411, 1136, 389, 1159, 736, 1001, 645, 1015, 1084, 633, 284, 621, 81, 934, 759, 640, 1162, 794, 630, 163, 836, 1018, 134, 395, 884, 728, 421, 187, 1174, 789, 795, 431, 445, 693, 585, 750, 943, 591, 692, 569, 328, 1158, 1131, 122, 980, 798, 862, 442, 252, 777, 566, 1125, 171, 1095, 158, 596, 1072, 1092, 243, 531, 687, 339, 887, 722, 909, 538, 305, 1200, 711, 394, 371, 627, 757, 41, 594, 1007, 525, 773, 22, 215, 427, 937, 1192, 415, 1199, 91, 1193, 342, 74, 350, 80, 1053, 480, 517, 507, 514, 292, 155, 200, 174, 967, 726, 796, 8, 968, 554, 378, 1173, 1195, 658, 612, 885, 624, 1182, 35, 1082, 917, 718, 622, 1037, 763, 298, 1074, 490, 1118, 669, 655, 806, 6, 682, 165, 947, 1064, 576, 631, 755, 330, 1184, 878, 207, 575, 306, 231, 420, 890, 501, 1049, 690, 800, 665, 696, 1002, 733, 821, 1040, 178, 845, 443, 97, 133, 758, 604, 315, 568, 613, 182, 661, 1194, 877, 732, 833, 670, 249, 593, 1016, 1119, 1165, 649, 160, 520, 142, 1154, 582, 1070, 109, 397, 899, 153, 1008, 971, 635, 117, 788, 560, 730, 283, 709, 704, 336, 805, 464, 874, 505, 96, 854, 1142, 831, 626, 1223, 1183, 546, 1091, 518, 66, 529, 465, 869, 966, 275, 68, 886, 650, 341, 1222, 863, 842, 1098, 429, 405, 170, 310, 998, 499, 274, 340, 63, 434, 679, 652, 47, 377, 462, 920, 1026, 466, 307, 21, 941, 238, 721, 1209, 542, 139, 11, 65, 955, 684, 334, 803, 817, 973, 69, 1024, 203, 59, 1186, 1048, 82, 844, 702, 209, 839, 1117, 611, 416, 1043, 1197, 396, 230, 586, 855, 765, 965, 242, 1055, 424, 211, 0, 319, 345, 872, 664, 526, 958, 314, 511, 995, 694, 1176, 288, 29, 222, 595, 1014, 1175, 105, 236, 481, 143, 589, 258, 829, 1130, 286, 482, 584, 354, 1201, 228, 537, 1036, 265, 262, 775, 705, 826, 703, 988, 25, 486, 792, 376, 599, 1085, 1168, 924, 740, 840, 681, 372, 802, 359, 976, 521, 1140, 933, 381, 172, 779, 318, 651, 113, 994, 1134, 762, 94, 814, 603, 606, 847, 1179, 1108, 272, 547, 898, 849, 444, 903, 931, 83, 646, 115, 895, 559, 975, 31, 19, 676, 897, 103, 508, 864, 173, 776, 1215, 767, 1123, 111, 615, 667, 42, 79, 297, 412, 902, 20, 149, 382, 848, 781, 1147, 37, 468, 425, 1045, 632, 731, 719, 426, 409, 580, 846, 1103, 479, 837, 749, 192, 986, 327, 152, 474, 1079, 683, 675, 579, 712, 701, 1006, 374, 946, 343, 86, 1218, 388, 1032, 325, 550, 519, 216, 770, 60, 527, 459, 141, 785, 1065, 1, 544, 1090, 524, 1172, 241, 356, 1097, 1106, 214, 1216, 477, 928, 654, 202, 737, 208, 1052, 227, 825, 959, 1155, 983, 506, 1191, 1120, 49, 979, 1166, 38, 888, 1078, 1153, 989, 641, 263, 78, 440, 816, 561, 666, 1004, 386, 851, 322, 838, 698, 539, 830, 406, 618, 1128, 61, 907, 493, 281, 290, 930, 177, 223, 398, 1151, 768, 422, 1025, 901, 739, 871, 84, 93, 220, 503, 235, 46, 644, 552, 383, 338, 1087, 251, 157, 1010, 918, 458, 1099, 126, 748, 876, 620, 72, 891, 1066, 100, 647, 881, 1212, 598, 167, 461, 234, 720, 929, 116, 913, 1122, 436, 727, 435, 1047, 818, 556, 1020, 259, 1116, 44, 1178, 710, 456, 50, 609, 404, 787, 512, 266, 822, 1133, 151, 121, 808, 489, 332, 780, 232, 605, 883, 1148, 125, 1033, 391, 708, 457, 835, 175, 945, 470, 280, 852, 130, 1068, 326, 1062, 997, 90, 127, 156, 1100, 753, 379, 1063, 43, 454, 190, 935, 495, 923, 772, 193, 15, 12, 1044, 1139, 189, 233, 689, 399, 921, 1009, 815, 553, 697, 64, 58, 686, 911, 277, 588, 1000, 101, 1075, 991, 706, 993, 188, 1169, 45, 545, 56, 483, 240, 323, 180, 761, 581, 299, 430, 52, 1124, 1156, 957, 563, 1149, 766, 24, 329, 562, 39, 287, 725, 637, 364, 894, 367, 270, 278, 597, 1221, 1164, 358, 939, 302, 1144, 1046, 601, 168, 996, 210, 723, 40, 285, 880, 1089, 729, 1083, 834, 441, 1208, 346, 812, 629, 771, 365, 213, 199, 1109, 1005, 623, 301, 428, 859, 448, 176, 1127, 1111, 1104, 145, 648, 484, 276, 804, 1071, 714, 433, 1205, 999, 774, 970, 674, 309, 1061, 963, 860, 857, 1188, 54, 1027, 1056, 1021, 337, 185, 555, 48, 450, 4, 453, 475, 496, 161, 224, 57, 571, 949, 1038, 197, 123, 625, 77, 577, 408, 769, 904, 1017, 131, 557, 1190, 540, 1041, 488, 1220, 313, 9, 782, 1211, 1080, 324, 387, 269, 628, 247, 449, 953, 1069, 513, 413, 1035, 485, 140, 179, 295, 1163, 402, 33, 147, 390, 889, 657, 487, 811, 790, 317, 27, 1067, 351, 1054, 181, 308, 744, 384, 1051, 509, 244, 932, 799, 99, 742, 273, 106, 827, 460, 300, 793, 984, 752, 144, 1096, 347, 717, 129, 349, 516, 659, 688, 735, 221, 533, 1013, 1198, 375, 882, 1132, 380, 962, 578, 348, 136, 439, 607, 716, 691, 515, 246, 1114, 407, 118, 528, 500, 226, 1034, 548, 570, 756, 1202, 746]
labeling = [74, 98, 2, 0, 141, 19, 36, 13, 43, 102, 32, 46, 70, 2, 4, 6, 30, 29, 7, 4, 91, 12, 47, 11, 128, 57, 14, 109, 5, 8, 33, 3, 7, 28, 15, 10, 4, 6, 9, 14, 16, 30, 59, 7, 69, 1, 77, 8, 96, 3, 82, 0, 95, 5, 100, 1, 93, 13, 89, 53, 68, 2, 18, 1, 18, 0, 21, 5, 12, 17, 1, 3, 64, 6, 41, 0, 20, 9, 70, 2, 39, 1, 56, 2, 107, 4, 65, 7, 2, 5, 80, 4, 24, 3, 60, 0, 15, 4, 11, 22, 16, 20, 7, 13, 19, 9, 76, 2, 24, 3, 6, 4, 23, 0, 15, 2, 83, 1, 111, 2, 0, 10, 27, 7, 12, 1, 76, 6, 1, 10, 48, 56, 9, 3, 35, 0, 80, 4, 1, 5, 99, 7, 49, 1, 104, 3, 13, 8, 16, 10, 6, 3, 62, 13, 11, 9, 81, 14, 28, 4, 51, 54, 6, 21, 25, 30, 28, 11, 91, 1, 54, 6, 62, 3, 41, 2, 93, 5, 45, 7, 126, 21, 40, 0, 23, 1, 4, 6, 92, 8, 84, 2, 61, 5, 12, 1, 23, 15, 3, 5, 40, 8, 71, 7, 0, 5, 20, 4, 69, 13, 92, 4, 18, 3, 68, 2, 66, 4, 25, 1, 76, 11, 60, 9, 97, 3, 111, 6, 80, 15, 72, 9, 85, 0, 79, 1, 59, 3, 55, 2, 88, 6, 58, 4, 102, 2, 154, 18, 14, 2, 33, 5, 38, 0, 11, 1, 32, 2, 61, 5, 10, 1, 81, 12, 8, 14, 119, 24, 9, 15, 130, 4, 86, 109, 65, 6, 138, 10, 131, 7, 123, 5, 18, 1, 38, 17, 56, 10, 53, 6, 105, 3, 51, 1, 20, 10, 5, 16, 12, 18, 149, 21, 133, 11, 28, 12, 57, 5, 147, 12, 64, 1, 27, 19, 76, 3, 22, 3, 59, 12, 9, 2, 73, 5, 103, 0, 79, 0, 41, 11, 56, 1, 120, 8, 70, 7, 61, 17, 109, 3, 66, 9, 48, 10, 12, 6, 134, 16, 152, 13, 31, 11, 21, 4, 58, 1, 69, 3, 96, 2, 37, 6, 35, 3, 129, 19, 21, 15, 5, 1, 36, 6, 84, 4, 96, 14, 83, 8, 53, 11, 151, 6, 63, 8, 106, 3, 71, 13, 66, 4, 104, 9, 26, 5, 46, 7, 71, 6, 106, 12, 25, 2, 146, 3, 117, 12, 103, 15, 143, 9, 30, 6, 90, 13, 1, 7, 49, 5, 8, 0, 39, 6, 74, 1, 73, 3, 93, 27, 135, 8, 127, 4, 11, 16, 67, 14, 112, 1, 34, 21, 102, 19, 43, 2, 87, 3, 19, 4, 97, 9, 101, 2, 15, 7, 82, 0, 116, 8, 110, 9, 148, 11, 68, 7, 62, 13, 69, 4, 92, 2, 122, 3, 17, 6, 95, 15, 4, 16, 32, 13, 49, 8, 79, 17, 137, 19, 82, 18, 144, 14, 55, 13, 10, 45, 3, 50, 142, 6, 29, 15, 153, 5, 13, 12, 16, 7, 101, 3, 89, 22, 8, 38, 118, 7, 50, 11, 150, 4, 63, 3, 59, 14, 9, 4, 100, 7, 75, 43, 17, 0, 4, 11, 7, 13, 17, 2, 31, 0, 40, 3, 71, 1, 54, 0, 62, 3, 53, 2, 155, 7, 67, 8, 75, 16, 52, 11, 113, 18, 7, 4, 13, 2, 20, 8, 1, 5, 37, 3, 50, 4, 81, 9, 2, 4, 21, 6, 46, 1, 106, 4, 94, 9, 41, 4, 57, 3, 55, 7, 86, 6, 25, 3, 4, 7, 9, 6, 38, 15, 66, 6, 26, 2, 33, 7, 49, 8, 65, 7, 29, 5, 18, 0, 54, 1, 17, 5, 26, 0, 72, 2, 77, 1, 35, 8, 45, 1, 52, 2, 74, 0, 34, 3, 60, 0, 10, 1, 8, 2, 22, 3, 35, 5, 17, 1, 108, 2, 61, 4, 98, 6, 45, 5, 48, 0, 70, 9, 11, 8, 44, 9, 29, 5, 16, 1, 55, 6, 73, 1, 19, 5, 44, 0, 12, 2, 95, 4, 88, 4, 3, 9, 10, 7, 37, 12, 50, 2, 85, 7, 79, 4, 47, 10, 36, 3, 56, 2, 48, 4, 75, 2, 21, 5, 57, 1, 52, 4, 87, 3, 121, 8, 78, 6, 64, 1, 99, 5, 110, 9, 34, 3, 67, 2, 39, 5, 22, 3, 42, 0, 36, 5, 51, 3, 43, 6, 9, 15, 34, 12, 16, 0, 58, 1, 75, 0, 100, 3, 107, 1, 83, 4, 37, 0, 103, 5, 2, 7, 156, 14, 47, 8, 27, 3, 63, 2, 26, 5, 90, 2, 74, 7, 67, 1, 86, 5, 94, 11, 64, 1, 31, 1, 84, 7, 98, 0, 28, 1, 4, 6, 50, 2, 101, 6, 25, 60, 19, 23, 22, 17, 26, 59, 16, 13, 40, 35, 58, 32, 13, 7, 27, 6, 4, 29, 23, 2, 18, 10, 24, 36, 20, 3, 11, 14, 21, 0, 9, 12, 6, 13, 5, 39, 10, 0, 1, 2, 12, 2, 3, 3, 1, 0, 6, 7, 0, 0, 0, 0, 1, 1, 4, 0, 0, 0, 47, 2, 0, 0, 3, 0, 0, 0, 0, 0, 1, 0, 41, 18, 7, 0, 12, 33, 6, 10, 7, 5, 8, 0, 3, 31, 0, 0, 2, 0, 14, 0, 5, 0, 1, 0, 44, 57, 2, 2, 0, 1, 2, 1, 0, 0, 0, 0, 4, 1, 7, 0, 0, 0, 3, 0, 0, 1, 10, 3, 2, 12, 0, 0, 8, 5, 0, 1, 0, 0, 0, 0, 3, 4, 2, 0, 0, 14, 0, 3, 8, 10, 0, 1, 2, 29, 4, 52, 5, 34, 14, 24, 5, 46, 42, 28, 11, 55, 0, 9, 2, 6, 1, 10, 6, 0, 18, 0, 5, 15, 0, 21, 0, 12, 7, 0, 0, 1, 0, 11, 9, 37, 0, 0, 20, 0, 1, 0, 0, 0, 0, 0, 17, 16, 0, 0, 0, 0, 0, 0, 0, 0, 0, 0, 53, 49, 0, 0, 0, 0, 0, 0, 0, 0, 0, 0, 60, 13, 8, 3, 2, 5, 78, 4, 58, 15, 40, 0, 114, 14, 0, 0, 0, 8, 2, 0, 0, 0, 0, 0, 97, 12, 0, 2, 0, 0, 0, 0, 0, 0, 0, 0, 125, 9, 0, 0, 0, 0, 0, 0, 0, 0, 0, 0, 140, 0, 0, 0, 0, 0, 0, 0, 0, 0, 0, 0, 124, 12, 0, 0, 0, 0, 0, 0, 0, 0, 0, 0, 145, 3, 4, 6, 3, 5, 6, 7, 31, 9, 99, 6, 44, 1, 2, 0, 0, 11, 10, 78, 0, 0, 0, 0, 136, 10, 0, 0, 0, 0, 0, 0, 0, 0, 0, 0, 115, 7, 0, 0, 8, 0, 0, 0, 0, 0, 0, 0, 104, 2, 0, 0, 0, 0, 0, 0, 0, 0, 0, 0, 85, 3, 0, 0, 0, 0, 0, 0, 0, 0, 0, 0, 23, 9, 6, 4, 15, 1, 42, 2, 3, 1, 39, 12, 132, 4, 0, 0, 0, 0, 0, 0, 0, 0, 0, 0, 77, 0, 0, 0, 0, 0, 0, 0, 0, 0, 0, 0, 139, 1, 0, 0, 0, 0, 0, 0, 0, 0, 0, 0, 45, 8, 0, 0, 0, 0, 0, 0, 0, 0, 0, 0, 111, 4, 0, 0, 0, 0, 0, 0, 0, 0, 0, 0]
