===== RESULTADO GA L(2,1) =====
Arquivo: /Users/mateuspedrosa/Documents/TCC-II/BOGA/data/Harwell-Boeing_cleaned/psmigr_2_clean.mtx (undirected)
Crossover: cx | Mutação: em | pop=30 | gens=53 | mut=0.446 | cr=0.5724 | runs=1 | max-stagt=1031

----- Execução #1 -----
Span (lambda): 2001
Parada: TIME_LIMIT (geração 8)
best_order = [0, 1, 2, 3, 4, 5, 6, 7, 8, 9, 10, 11, 12, 13, 14, 15, 16, 17, 18, 19, 20, 21, 22, 23, 24, 25, 26, 27, 28, 29, 30, 31, 32, 33, 34, 35, 36, 37, 38, 39, 40, 41, 42, 43, 44, 45, 46, 47, 48, 49, 50, 51, 52, 53, 54, 55, 56, 57, 58, 59, 60, 61, 62, 63, 64, 65, 66, 67, 68, 69, 70, 71, 72, 73, 74, 75, 76, 77, 78, 79, 80, 81, 82, 83, 84, 85, 86, 87, 88, 89, 90, 91, 92, 93, 94, 95, 96, 97, 98, 99, 100, 101, 102, 103, 104, 105, 106, 107, 108, 109, 110, 111, 112, 113, 114, 115, 116, 117, 118, 119, 120, 121, 122, 123, 124, 125, 126, 127, 128, 129, 130, 131, 132, 133, 134, 135, 136, 137, 138, 139, 140, 141, 142, 143, 144, 145, 146, 147, 148, 149, 150, 151, 152, 153, 154, 155, 156, 157, 158, 159, 160, 161, 162, 163, 164, 165, 166, 167, 168, 169, 170, 171, 172, 173, 174, 175, 176, 177, 178, 179, 180, 181, 182, 183, 184, 185, 186, 187, 188, 189, 190, 191, 192, 193, 194, 195, 196, 197, 198, 199, 200, 201, 202, 203, 204, 205, 206, 207, 208, 209, 210, 211, 212, 213, 214, 215, 216, 217, 218, 219, 220, 221, 222, 223, 224, 225, 226, 227, 228, 229, 230, 231, 232, 233, 234, 235, 236, 237, 238, 239, 240, 241, 242, 243, 244, 245, 246, 247, 248, 249, 250, 251, 252, 253, 254, 255, 256, 257, 258, 259, 260, 261, 262, 263, 264, 265, 266, 267, 268, 269, 270, 271, 272, 273, 274, 275, 276, 277, 278, 279, 280, 281, 282, 283, 284, 285, 286, 287, 288, 289, 290, 291, 292, 293, 294, 295, 296, 297, 298, 299, 300, 301, 302, 303, 304, 305, 306, 307, 308, 309, 310, 311, 312, 313, 314, 315, 316, 317, 318, 319, 320, 321, 322, 323, 324, 325, 326, 327, 328, 329, 330, 331, 332, 333, 334, 335, 336, 337, 338, 339, 340, 341, 342, 343, 344, 345, 346, 347, 348, 349, 350, 351, 352, 353, 354, 355, 356, 357, 358, 359, 360, 361, 362, 363, 364, 365, 366, 367, 368, 369, 370, 371, 372, 373, 374, 375, 376, 377, 378, 379, 380, 381, 382, 383, 384, 385, 386, 387, 388, 389, 390, 391, 392, 393, 394, 395, 396, 397, 398, 399, 400, 401, 402, 403, 404, 405, 406, 407, 408, 409, 410, 411, 412, 413, 414, 415, 416, 417, 418, 419, 420, 421, 422, 423, 424, 425, 426, 427, 428, 429, 430, 431, 432, 433, 434, 435, 436, 437, 438, 439, 440, 441, 442, 443, 444, 445, 446, 447, 448, 449, 450, 451, 452, 453, 454, 455, 456, 457, 458, 459, 460, 461, 462, 463, 464, 465, 466, 467, 468, 469, 470, 471, 472, 473, 474, 475, 476, 477, 478, 479, 480, 481, 482, 483, 484, 485, 486, 487, 488, 489, 490, 491, 492, 493, 494, 495, 496, 497, 498, 499, 500, 501, 502, 503, 504, 505, 506, 507, 508, 509, 510, 511, 512, 513, 514, 515, 516, 517, 518, 519, 520, 521, 522, 523, 524, 525, 526, 527, 528, 529, 530, 531, 532, 533, 534, 535, 536, 537, 538, 539, 540, 541, 542, 543, 544, 545, 546, 547, 548, 549, 550, 551, 552, 553, 554, 555, 556, 557, 558, 559, 560, 561, 562, 563, 564, 565, 566, 567, 568, 569, 570, 571, 572, 573, 574, 575, 576, 577, 578, 579, 580, 581, 582, 583, 584, 585, 586, 587, 588, 589, 590, 591, 592, 593, 594, 595, 596, 597, 598, 599, 600, 601, 602, 603, 604, 605, 606, 607, 608, 609, 610, 611, 612, 613, 614, 615, 616, 617, 618, 619, 620, 621, 622, 623, 624, 625, 626, 627, 628, 629, 630, 631, 632, 633, 634, 635, 636, 637, 638, 639, 640, 641, 642, 643, 644, 645, 646, 647, 648, 649, 650, 651, 652, 653, 654, 655, 656, 657, 658, 659, 660, 661, 662, 663, 664, 665, 666, 667, 668, 669, 670, 671, 672, 673, 674, 675, 676, 677, 678, 679, 680, 681, 682, 683, 684, 685, 686, 687, 688, 689, 690, 691, 692, 693, 694, 695, 696, 697, 698, 699, 700, 701, 702, 703, 704, 705, 706, 707, 708, 709, 710, 711, 712, 713, 714, 715, 716, 717, 718, 719, 720, 721, 722, 723, 724, 725, 726, 727, 728, 729, 730, 731, 732, 733, 734, 735, 736, 737, 738, 739, 740, 741, 742, 743, 744, 745, 746, 747, 748, 749, 750, 751, 752, 753, 754, 755, 756, 757, 758, 759, 760, 761, 762, 763, 764, 765, 766, 767, 768, 769, 770, 771, 772, 773, 774, 775, 776, 777, 778, 779, 780, 781, 782, 783, 784, 785, 786, 787, 788, 789, 790, 791, 792, 793, 794, 795, 796, 797, 798, 799, 800, 801, 802, 803, 804, 805, 806, 807, 808, 809, 810, 811, 812, 813, 814, 815, 816, 817, 818, 819, 820, 821, 822, 823, 824, 825, 826, 827, 828, 829, 830, 831, 832, 833, 834, 835, 836, 837, 838, 839, 840, 841, 842, 843, 844, 845, 846, 847, 848, 849, 850, 851, 852, 853, 854, 855, 856, 857, 858, 859, 860, 861, 862, 863, 864, 865, 866, 867, 868, 869, 870, 871, 872, 873, 874, 875, 876, 877, 878, 879, 880, 881, 882, 883, 884, 885, 886, 887, 888, 889, 890, 891, 892, 893, 894, 895, 896, 897, 898, 899, 900, 901, 902, 903, 904, 905, 906, 907, 908, 909, 910, 911, 912, 913, 914, 915, 916, 917, 918, 919, 920, 921, 922, 923, 924, 925, 926, 927, 928, 929, 930, 931, 932, 933, 934, 935, 936, 937, 938, 939, 940, 941, 942, 943, 944, 945, 946, 947, 948, 949, 950, 951, 952, 953, 954, 955, 956, 957, 958, 959, 960, 961, 962, 963, 964, 965, 966, 967, 968, 969, 970, 971, 972, 973, 974, 975, 976, 977, 978, 979, 980, 981, 982, 983, 984, 985, 986, 987, 988, 989, 990, 991, 992, 993, 994, 995, 996, 997, 998, 999, 1000, 1001, 1002, 1003, 1004, 1005, 1006, 1007, 1008, 1009, 1010, 1011, 1012, 1013, 1014, 1015, 1016, 1017, 1018, 1019, 1020, 1021, 1022, 1023, 1024, 1025, 1026, 1027, 1028, 1029, 1030, 1031, 1032, 1033, 1034, 1035, 1036, 1037, 1038, 1039, 1040, 1041, 1042, 1043, 1044, 1045, 1046, 1047, 1048, 1049, 1050, 1051, 1052, 1053, 1054, 1055, 1056, 1057, 1058, 1059, 1060, 1061, 1062, 1063, 1064, 1065, 1066, 1067, 1068, 1069, 1070, 1071, 1072, 1073, 1074, 1075, 1076, 1077, 1078, 1079, 1080, 1081, 1082, 1083, 1084, 1085, 1086, 1087, 1088, 1089, 1090, 1091, 1092, 1093, 1094, 1095, 1096, 1097, 1098, 1099, 1100, 1101, 1102, 1103, 1104, 1105, 1106, 1107, 1108, 1109, 1110, 1111, 1112, 1113, 1114, 1115, 1116, 1117, 1118, 1119, 1120, 1121, 1122, 1123, 1124, 1125, 1126, 1127, 1128, 1129, 1130, 1131, 1132, 1133, 1134, 1135, 1136, 1137, 1138, 1139, 1140, 1141, 1142, 1143, 1144, 1145, 1146, 1147, 1148, 1149, 1150, 1151, 1152, 1153, 1154, 1155, 1156, 1157, 1158, 1159, 1160, 1161, 1162, 1163, 1164, 1165, 1166, 1167, 1168, 1169, 1170, 1171, 1172, 1173, 1174, 1175, 1176, 1177, 1178, 1179, 1180, 1181, 1182, 1183, 1184, 1185, 1186, 1187, 1188, 1189, 1190, 1191, 1192, 1193, 1194, 1195, 1196, 1197, 1198, 1199, 1200, 1201, 1202, 1203, 1204, 1205, 1206, 1207, 1208, 1209, 1210, 1211, 1212, 1213, 1214, 1215, 1216, 1217, 1218, 1219, 1220, 1221, 1222, 1223, 1224, 1225, 1226, 1227, 1228, 1229, 1230, 1231, 1232, 1233, 1234, 1235, 1236, 1237, 1238, 1239, 1240, 1241, 1242, 1243, 1244, 1245, 1246, 1247, 1248, 1249, 1250, 1251, 1252, 1253, 1254, 1255, 1256, 1257, 1258, 1259, 1260, 1261, 1262, 1263, 1264, 1265, 1266, 1267, 1268, 1269, 1270, 1271, 1272, 1273, 1274, 1275, 1276, 1277, 1278, 1279, 1280, 1281, 1282, 1283, 1284, 1285, 1286, 1287, 1288, 1289, 1290, 1291, 1292, 1293, 1294, 1295, 1296, 1297, 1298, 1299, 1300, 1301, 1302, 1303, 1304, 1305, 1306, 1307, 1308, 1309, 1310, 1311, 1312, 1313, 1314, 1315, 1316, 1317, 1318, 1319, 1320, 1321, 1322, 1323, 1324, 1325, 1326, 1327, 1328, 1329, 1330, 1331, 1332, 1333, 1334, 1335, 1336, 1337, 1338, 1339, 1340, 1341, 1342, 1343, 1344, 1345, 1346, 1347, 1348, 1349, 1350, 1351, 1352, 1353, 1354, 1355, 1356, 1357, 1358, 1359, 1360, 1361, 1362, 1363, 1364, 1365, 1366, 1367, 1368, 1369, 1370, 1371, 1372, 1373, 1374, 1375, 1376, 1377, 1378, 1379, 1380, 1381, 1382, 1383, 1384, 1385, 1386, 1387, 1388, 1389, 1390, 1391, 1392, 1393, 1394, 1395, 1396, 1397, 1398, 1399, 1400, 1401, 1402, 1403, 1404, 1405, 1406, 1407, 1408, 1409, 1410, 1411, 1412, 1413, 1414, 1415, 1416, 1417, 1418, 1419, 1420, 1421, 1422, 1423, 1424, 1425, 1426, 1427, 1428, 1429, 1430, 1431, 1432, 1433, 1434, 1435, 1436, 1437, 1438, 1439, 1440, 1441, 1442, 1443, 1444, 1445, 1446, 1447, 1448, 1449, 1450, 1451, 1452, 1453, 1454, 1455, 1456, 1457, 1458, 1459, 1460, 1461, 1462, 1463, 1464, 1465, 1466, 1467, 1468, 1469, 1470, 1471, 1472, 1473, 1474, 1475, 1476, 1477, 1478, 1479, 1480, 1481, 1482, 1483, 1484, 1485, 1486, 1487, 1488, 1489, 1490, 1491, 1492, 1493, 1494, 1495, 1496, 1497, 1498, 1499, 1500, 1501, 1502, 1503, 1504, 1505, 1506, 1507, 1508, 1509, 1510, 1511, 1512, 1513, 1514, 1515, 1516, 1517, 1518, 1519, 1520, 1521, 1522, 1523, 1524, 1525, 1526, 1527, 1528, 1529, 1530, 1531, 1532, 1533, 1534, 1535, 1536, 1537, 1538, 1539, 1540, 1541, 1542, 1543, 1544, 1545, 1546, 1547, 1548, 1549, 1550, 1551, 1552, 1553, 1554, 1555, 1556, 1557, 1558, 1559, 1560, 1561, 1562, 1563, 1564, 1565, 1566, 1567, 1568, 1569, 1570, 1571, 1572, 1573, 1574, 1575, 1576, 1577, 1578, 1579, 1580, 1581, 1582, 1583, 1584, 1585, 1586, 1587, 1588, 1589, 1590, 1591, 1592, 1593, 1594, 1595, 1596, 1597, 1598, 1599, 1600, 1601, 1602, 1603, 1604, 1605, 1606, 1607, 1608, 1609, 1610, 1611, 1612, 1613, 1614, 1615, 1616, 1617, 1618, 1619, 1620, 1621, 1622, 1623, 1624, 1625, 1626, 1627, 1628, 1629, 1630, 1631, 1632, 1633, 1634, 1635, 1636, 1637, 1638, 1639, 1640, 1641, 1642, 1643, 1644, 1645, 1646, 1647, 1648, 1649, 1650, 1651, 1652, 1653, 1654, 1655, 1656, 1657, 1658, 1659, 1660, 1661, 1662, 1663, 1664, 1665, 1666, 1667, 1668, 1669, 1670, 1671, 1672, 1673, 1674, 1675, 1676, 1677, 1678, 1679, 1680, 1681, 1682, 1683, 1684, 1685, 1686, 1687, 1688, 1689, 1690, 1691, 1692, 1693, 1694, 1695, 1696, 1697, 1698, 1699, 1700, 1701, 1702, 1703, 1704, 1705, 1706, 1707, 1708, 1709, 1710, 1711, 1712, 1713, 1714, 1715, 1716, 1717, 1718, 1719, 1720, 1721, 1722, 1723, 1724, 1725, 1726, 1727, 1728, 1729, 1730, 1731, 1732, 1733, 1734, 1735, 1736, 1737, 1738, 1739, 1740, 1741, 1742, 1743, 1744, 1745, 1746, 1747, 1748, 1749, 1750, 1751, 1752, 1753, 1754, 1755, 1756, 1757, 1758, 1759, 1760, 1761, 1762, 1763, 1764, 1765, 1766, 1767, 1768, 1769, 1770, 1771, 1772, 1773, 1774, 1775, 1776, 1777, 1778, 1779, 1780, 1781, 1782, 1783, 1784, 1785, 1786, 1787, 1788, 1789, 1790, 1791, 1792, 1793, 1794, 1795, 1796, 1797, 1798, 1799, 1800, 1801, 1802, 1803, 1804, 1805, 1806, 1807, 1808, 1809, 1810, 1811, 1812, 1813, 1814, 1815, 1816, 1817, 1818, 1819, 1820, 1821, 1822, 1823, 1824, 1825, 1826, 1827, 1828, 1829, 1830, 1831, 1832, 1833, 1834, 1835, 1836, 1837, 1838, 1839, 1840, 1841, 1842, 1843, 1844, 1845, 1846, 1847, 1848, 1849, 1850, 1851, 1852, 1853, 1854, 1855, 1856, 1857, 1858, 1859, 1860, 1861, 1862, 1863, 1864, 1865, 1866, 1867, 1868, 1869, 1870, 1871, 1872, 1873, 1874, 1875, 1876, 1877, 1878, 1879, 1880, 1881, 1882, 1883, 1884, 1885, 1886, 1887, 1888, 1889, 1890, 1891, 1892, 1893, 1894, 1895, 1896, 1897, 1898, 1899, 1900, 1901, 1902, 1903, 1904, 1905, 1906, 1907, 1908, 1909, 1910, 1911, 1912, 1913, 1914, 1915, 1916, 1917, 1918, 1919, 1920, 1921, 1922, 1923, 1924, 1925, 1926, 1927, 1928, 1929, 1930, 1931, 1932, 1933, 1934, 1935, 1936, 1937, 1938, 1939, 1940, 1941, 1942, 1943, 1944, 1945, 1946, 1947, 1948, 1949, 1950, 1951, 1952, 1953, 1954, 1955, 1956, 1957, 1958, 1959, 1960, 1961, 1962, 1963, 1964, 1965, 1966, 1967, 1968, 1969, 1970, 1971, 1972, 1973, 1974, 1975, 1976, 1977, 1978, 1979, 1980, 1981, 1982, 1983, 1984, 1985, 1986, 1987, 1988, 1989, 1990, 1991, 1992, 1993, 1994, 1995, 1996, 1997, 1998, 1999, 2000, 2001, 2002, 2003, 2004, 2005, 2006, 2007, 2008, 2009, 2010, 2011, 2012, 2013, 2014, 2015, 2016, 2017, 2018, 2019, 2020, 2021, 2022, 2023, 2024, 2025, 2026, 2027, 2028, 2029, 2030, 2031, 2032, 2033, 2034, 2035, 2036, 2037, 2038, 2039, 2040, 2041, 2042, 2043, 2044, 2045, 2046, 2047, 2048, 2049, 2050, 2051, 2052, 2053, 2054, 2055, 2056, 2057, 2058, 2059, 2060, 2061, 2062, 2063, 2064, 2065, 2066, 2067, 2068, 2069, 2070, 2071, 2072, 2073, 2074, 2075, 2076, 2077, 2078, 2079, 2080, 2081, 2082, 2083, 2084, 2085, 2086, 2087, 2088, 2089, 2090, 2091, 2092, 2093, 2094, 2095, 2096, 2097, 2098, 2099, 2100, 2101, 2102, 2103, 2104, 2105, 2106, 2107, 2108, 2109, 2110, 2111, 2112, 2113, 2114, 2115, 2116, 2117, 2118, 2119, 2120, 2121, 2122, 2123, 2124, 2125, 2126, 2127, 2128, 2129, 2130, 2131, 2132, 2133, 2134, 2135, 2136, 2137, 2138, 2139, 2140, 2141, 2142, 2143, 2144, 2145, 2146, 2147, 2148, 2149, 2150, 2151, 2152, 2153, 2154, 2155, 2156, 2157, 2158, 2159, 2160, 2161, 2162, 2163, 2164, 2165, 2166, 2167, 2168, 2169, 2170, 2171, 2172, 2173, 2174, 2175, 2176, 2177, 2178, 2179, 2180, 2181, 2182, 2183, 2184, 2185, 2186, 2187, 2188, 2189, 2190, 2191, 2192, 2193, 2194, 2195, 2196, 2197, 2198, 2199, 2200, 2201, 2202, 2203, 2204, 2205, 2206, 2207, 2208, 2209, 2210, 2211, 2212, 2213, 2214, 2215, 2216, 2217, 2218, 2219, 2220, 2221, 2222, 2223, 2224, 2225, 2226, 2227, 2228, 2229, 2230, 2231, 2232, 2233, 2234, 2235, 2236, 2237, 2238, 2239, 2240, 2241, 2242, 2243, 2244, 2245, 2246, 2247, 2248, 2249, 2250, 2251, 2252, 2253, 2254, 2255, 2256, 2257, 2258, 2259, 2260, 2261, 2262, 2263, 2264, 2265, 2266, 2267, 2268, 2269, 2270, 2271, 2272, 2273, 2274, 2275, 2276, 2277, 2278, 2279, 2280, 2281, 2282, 2283, 2284, 2285, 2286, 2287, 2288, 2289, 2290, 2291, 2292, 2293, 2294, 2295, 2296, 2297, 2298, 2299, 2300, 2301, 2302, 2303, 2304, 2305, 2306, 2307, 2308, 2309, 2310, 2311, 2312, 2313, 2314, 2315, 2316, 2317, 2318, 2319, 2320, 2321, 2322, 2323, 2324, 2325, 2326, 2327, 2328, 2329, 2330, 2331, 2332, 2333, 2334, 2335, 2336, 2337, 2338, 2339, 2340, 2341, 2342, 2343, 2344, 2345, 2346, 2347, 2348, 2349, 2350, 2351, 2352, 2353, 2354, 2355, 2356, 2357, 2358, 2359, 2360, 2361, 2362, 2363, 2364, 2365, 2366, 2367, 2368, 2369, 2370, 2371, 2372, 2373, 2374, 2375, 2376, 2377, 2378, 2379, 2380, 2381, 2382, 2383, 2384, 2385, 2386, 2387, 2388, 2389, 2390, 2391, 2392, 2393, 2394, 2395, 2396, 2397, 2398, 2399, 2400, 2401, 2402, 2403, 2404, 2405, 2406, 2407, 2408, 2409, 2410, 2411, 2412, 2413, 2414, 2415, 2416, 2417, 2418, 2419, 2420, 2421, 2422, 2423, 2424, 2425, 2426, 2427, 2428, 2429, 2430, 2431, 2432, 2433, 2434, 2435, 2436, 2437, 2438, 2439, 2440, 2441, 2442, 2443, 2444, 2445, 2446, 2447, 2448, 2449, 2450, 2451, 2452, 2453, 2454, 2455, 2456, 2457, 2458, 2459, 2460, 2461, 2462, 2463, 2464, 2465, 2466, 2467, 2468, 2469, 2470, 2471, 2472, 2473, 2474, 2475, 2476, 2477, 2478, 2479, 2480, 2481, 2482, 2483, 2484, 2485, 2486, 2487, 2488, 2489, 2490, 2491, 2492, 2493, 2494, 2495, 2496, 2497, 2498, 2499, 2500, 2501, 2502, 2503, 2504, 2505, 2506, 2507, 2508, 2509, 2510, 2511, 2512, 2513, 2514, 2515, 2516, 2517, 2518, 2519, 2520, 2521, 2522, 2523, 2524, 2525, 2526, 2527, 2528, 2529, 2530, 2531, 2532, 2533, 2534, 2535, 2536, 2537, 2538, 2539, 2540, 2541, 2542, 2543, 2544, 2545, 2546, 2547, 2548, 2549, 2550, 2551, 2552, 2553, 2554, 2555, 2556, 2557, 2558, 2559, 2560, 2561, 2562, 2563, 2564, 2565, 2566, 2567, 2568, 2569, 2570, 2571, 2572, 2573, 2574, 2575, 2576, 2577, 2578, 2579, 2580, 2581, 2582, 2583, 2584, 2585, 2586, 2587, 2588, 2589, 2590, 2591, 2592, 2593, 2594, 2595, 2596, 2597, 2598, 2599, 2600, 2601, 2602, 2603, 2604, 2605, 2606, 2607, 2608, 2609, 2610, 2611, 2612, 2613, 2614, 2615, 2616, 2617, 2618, 2619, 2620, 2621, 2622, 2623, 2624, 2625, 2626, 2627, 2628, 2629, 2630, 2631, 2632, 2633, 2634, 2635, 2636, 2637, 2638, 2639, 2640, 2641, 2642, 2643, 2644, 2645, 2646, 2647, 2648, 2649, 2650, 2651, 2652, 2653, 2654, 2655, 2656, 2657, 2658, 2659, 2660, 2661, 2662, 2663, 2664, 2665, 2666, 2667, 2668, 2669, 2670, 2671, 2672, 2673, 2674, 2675, 2676, 2677, 2678, 2679, 2680, 2681, 2682, 2683, 2684, 2685, 2686, 2687, 2688, 2689, 2690, 2691, 2692, 2693, 2694, 2695, 2696, 2697, 2698, 2699, 2700, 2701, 2702, 2703, 2704, 2705, 2706, 2707, 2708, 2709, 2710, 2711, 2712, 2713, 2714, 2715, 2716, 2717, 2718, 2719, 2720, 2721, 2722, 2723, 2724, 2725, 2726, 2727, 2728, 2729, 2730, 2731, 2732, 2733, 2734, 2735, 2736, 2737, 2738, 2739, 2740, 2741, 2742, 2743, 2744, 2745, 2746, 2747, 2748, 2749, 2750, 2751, 2752, 2753, 2754, 2755, 2756, 2757, 2758, 2759, 2760, 2761, 2762, 2763, 2764, 2765, 2766, 2767, 2768, 2769, 2770, 2771, 2772, 2773, 2774, 2775, 2776, 2777, 2778, 2779, 2780, 2781, 2782, 2783, 2784, 2785, 2786, 2787, 2788, 2789, 2790, 2791, 2792, 2793, 2794, 2795, 2796, 2797, 2798, 2799, 2800, 2801, 2802, 2803, 2804, 2805, 2806, 2807, 2808, 2809, 2810, 2811, 2812, 2813, 2814, 2815, 2816, 2817, 2818, 2819, 2820, 2821, 2822, 2823, 2824, 2825, 2826, 2827, 2828, 2829, 2830, 2831, 2832, 2833, 2834, 2835, 2836, 2837, 2838, 2839, 2840, 2841, 2842, 2843, 2844, 2845, 2846, 2847, 2848, 2849, 2850, 2851, 2852, 2853, 2854, 2855, 2856, 2857, 2858, 2859, 2860, 2861, 2862, 2863, 2864, 2865, 2866, 2867, 2868, 2869, 2870, 2871, 2872, 2873, 2874, 2875, 2876, 2877, 2878, 2879, 2880, 2881, 2882, 2883, 2884, 2885, 2886, 2887, 2888, 2889, 2890, 2891, 2892, 2893, 2894, 2895, 2896, 2897, 2898, 2899, 2900, 2901, 2902, 2903, 2904, 2905, 2906, 2907, 2908, 2909, 2910, 2911, 2912, 2913, 2914, 2915, 2916, 2917, 2918, 2919, 2920, 2921, 2922, 2923, 2924, 2925, 2926, 2927, 2928, 2929, 2930, 2931, 2932, 2933, 2934, 2935, 2936, 2937, 2938, 2939, 2940, 2941, 2942, 2943, 2944, 2945, 2946, 2947, 2948, 2949, 2950, 2951, 2952, 2953, 2954, 2955, 2956, 2957, 2958, 2959, 2960, 2961, 2962, 2963, 2964, 2965, 2966, 2967, 2968, 2969, 2970, 2971, 2972, 2973, 2974, 2975, 2976, 2977, 2978, 2979, 2980, 2981, 2982, 2983, 2984, 2985, 2986, 2987, 2988, 2989, 2990, 2991, 2992, 2993, 2994, 2995, 2996, 2997, 2998, 2999, 3000, 3001, 3002, 3003, 3004, 3005, 3006, 3007, 3008, 3009, 3010, 3011, 3012, 3013, 3014, 3015, 3016, 3017, 3018, 3019, 3020, 3021, 3022, 3023, 3024, 3025, 3026, 3027, 3028, 3029, 3030, 3031, 3032, 3033, 3034, 3035, 3036, 3037, 3038, 3039, 3040, 3041, 3042, 3043, 3044, 3045, 3046, 3047, 3048, 3049, 3050, 3051, 3052, 3053, 3054, 3055, 3056, 3057, 3058, 3059, 3060, 3061, 3062, 3063, 3064, 3065, 3066, 3067, 3068, 3069, 3070, 3071, 3072, 3073, 3074, 3075, 3076, 3077, 3078, 3079, 3080, 3081, 3082, 3083, 3084, 3085, 3086, 3087, 3088, 3089, 3090, 3091, 3092, 3093, 3094, 3095, 3096, 3097, 3098, 3099, 3100, 3101, 3102, 3103, 3104, 3105, 3106, 3107, 3108, 3109, 3110, 3111, 3112, 3113, 3114, 3115, 3116, 3117, 3118, 3119, 3120, 3121, 3122, 3123, 3124, 3125, 3126, 3127, 3128, 3129, 3130, 3131, 3132, 3133, 3134, 3135, 3136, 3137, 3138, 3139]
labeling = [0, 2, 3, 5, 1, 6, 8, 10, 4, 7, 12, 11, 13, 14, 16, 15, 17, 18, 20, 19, 21, 23, 24, 22, 9, 26, 28, 30, 29, 32, 34, 33, 27, 31, 25, 36, 37, 35, 38, 40, 41, 43, 39, 44, 46, 48, 49, 45, 51, 50, 53, 47, 42, 54, 56, 55, 57, 58, 59, 52, 61, 63, 60, 65, 66, 68, 64, 62, 67, 4, 31, 69, 71, 16, 70, 73, 1, 72, 75, 77, 78, 79, 80, 81, 83, 74, 12, 85, 39, 82, 76, 86, 87, 4, 84, 88, 89, 91, 93, 95, 96, 98, 99, 101, 102, 104, 105, 107, 108, 110, 90, 92, 97, 106, 100, 103, 82, 94, 109, 111, 113, 115, 87, 117, 116, 119, 112, 121, 114, 120, 123, 124, 126, 118, 18, 128, 130, 127, 131, 133, 84, 122, 78, 125, 134, 136, 33, 132, 137, 138, 129, 140, 142, 141, 139, 135, 144, 146, 145, 147, 148, 149, 68, 150, 143, 152, 153, 154, 155, 157, 156, 159, 151, 161, 158, 163, 164, 160, 162, 166, 165, 168, 167, 170, 172, 173, 4, 169, 171, 175, 177, 179, 181, 183, 184, 186, 188, 189, 178, 191, 193, 195, 197, 199, 174, 176, 201, 203, 205, 192, 180, 182, 207, 209, 211, 190, 213, 215, 216, 196, 218, 220, 217, 222, 221, 224, 226, 212, 228, 227, 194, 230, 223, 232, 229, 234, 204, 235, 231, 236, 238, 200, 240, 198, 185, 208, 187, 202, 206, 233, 214, 11, 237, 210, 32, 225, 5, 241, 243, 113, 239, 245, 9, 246, 248, 250, 219, 247, 251, 3, 253, 252, 254, 6, 256, 242, 257, 259, 249, 114, 261, 262, 4, 258, 264, 255, 265, 266, 20, 14, 244, 260, 268, 270, 267, 272, 274, 21, 42, 273, 8, 143, 275, 27, 276, 277, 263, 278, 269, 280, 282, 271, 284, 279, 286, 281, 283, 288, 290, 74, 292, 285, 293, 294, 129, 287, 296, 295, 297, 289, 298, 300, 301, 303, 305, 306, 307, 299, 82, 85, 308, 187, 309, 310, 311, 313, 315, 164, 317, 312, 277, 70, 319, 316, 321, 318, 69, 323, 325, 327, 326, 329, 324, 302, 252, 331, 333, 335, 337, 338, 340, 291, 342, 344, 341, 334, 345, 347, 348, 350, 343, 351, 328, 322, 346, 314, 158, 225, 87, 330, 86, 320, 339, 332, 349, 353, 202, 83, 235, 355, 357, 352, 107, 354, 336, 192, 359, 361, 72, 362, 356, 364, 366, 368, 66, 370, 160, 372, 360, 363, 365, 237, 358, 80, 374, 304, 27, 375, 377, 373, 118, 378, 371, 367, 71, 376, 380, 256, 379, 381, 382, 383, 384, 369, 385, 194, 33, 386, 201, 387, 388, 389, 390, 392, 153, 393, 395, 396, 78, 397, 394, 398, 399, 117, 145, 391, 155, 169, 400, 214, 273, 401, 402, 403, 70, 109, 404, 405, 162, 406, 407, 408, 97, 409, 175, 410, 412, 181, 81, 414, 416, 417, 139, 411, 244, 413, 98, 415, 418, 420, 419, 103, 77, 275, 177, 422, 424, 74, 219, 161, 426, 428, 423, 421, 206, 35, 425, 147, 210, 427, 429, 431, 430, 432, 89, 433, 434, 436, 148, 437, 439, 435, 441, 242, 443, 438, 8, 120, 440, 444, 442, 445, 446, 447, 448, 450, 451, 453, 452, 6, 455, 7, 380, 436, 457, 408, 458, 449, 367, 58, 29, 459, 283, 461, 0, 454, 137, 456, 440, 463, 462, 464, 466, 468, 418, 470, 472, 474, 158, 13, 460, 476, 469, 16, 306, 467, 322, 477, 25, 479, 352, 411, 465, 471, 473, 475, 478, 480, 481, 482, 484, 485, 483, 487, 489, 486, 491, 493, 495, 496, 488, 497, 498, 500, 502, 328, 490, 504, 494, 506, 499, 384, 503, 505, 415, 507, 141, 501, 508, 509, 511, 510, 513, 512, 514, 515, 517, 519, 521, 516, 523, 525, 526, 527, 528, 530, 532, 534, 536, 537, 539, 541, 522, 520, 542, 529, 391, 538, 531, 533, 544, 546, 543, 547, 545, 549, 551, 535, 524, 540, 552, 554, 553, 556, 555, 558, 301, 518, 560, 550, 557, 562, 564, 566, 548, 568, 559, 569, 570, 572, 574, 576, 567, 561, 492, 565, 571, 563, 573, 575, 577, 578, 580, 582, 583, 585, 584, 587, 586, 579, 588, 589, 591, 592, 594, 596, 581, 597, 598, 600, 602, 603, 605, 590, 593, 607, 599, 609, 595, 611, 604, 612, 614, 601, 616, 608, 613, 610, 618, 615, 620, 622, 624, 617, 606, 619, 626, 625, 628, 388, 629, 63, 630, 631, 621, 632, 634, 627, 636, 638, 635, 633, 637, 639, 640, 641, 643, 644, 349, 642, 645, 646, 648, 650, 651, 652, 654, 656, 647, 623, 658, 659, 657, 661, 649, 655, 336, 398, 653, 660, 662, 663, 665, 666, 668, 670, 671, 55, 669, 667, 673, 674, 675, 677, 672, 395, 679, 676, 681, 683, 684, 369, 664, 685, 678, 686, 687, 688, 690, 689, 682, 680, 691, 692, 693, 694, 696, 697, 695, 698, 700, 701, 702, 703, 699, 704, 706, 707, 705, 708, 710, 711, 713, 715, 427, 712, 716, 717, 719, 721, 445, 709, 718, 723, 725, 432, 722, 442, 727, 720, 728, 434, 730, 732, 734, 714, 724, 736, 738, 726, 740, 742, 64, 729, 14, 744, 746, 743, 733, 748, 745, 750, 739, 346, 752, 735, 381, 741, 731, 737, 747, 749, 751, 187, 425, 753, 593, 348, 754, 756, 755, 29, 758, 760, 623, 759, 762, 764, 757, 304, 761, 406, 763, 766, 765, 768, 314, 285, 382, 770, 12, 769, 496, 771, 773, 16, 55, 774, 767, 401, 776, 309, 775, 540, 778, 61, 772, 780, 300, 412, 781, 777, 435, 779, 324, 783, 419, 784, 400, 379, 785, 786, 402, 787, 788, 789, 782, 791, 646, 790, 793, 443, 795, 388, 797, 799, 798, 794, 801, 802, 800, 803, 804, 796, 26, 792, 446, 393, 49, 584, 806, 805, 358, 650, 414, 807, 808, 809, 399, 811, 685, 454, 672, 770, 810, 130, 812, 814, 815, 817, 819, 180, 821, 813, 822, 272, 816, 818, 823, 702, 825, 820, 692, 826, 827, 714, 824, 828, 701, 829, 100, 239, 762, 831, 833, 834, 836, 838, 3, 138, 670, 840, 830, 682, 835, 837, 839, 841, 731, 186, 843, 396, 69, 845, 379, 847, 842, 844, 849, 846, 850, 373, 852, 700, 213, 854, 855, 360, 856, 832, 853, 247, 858, 860, 861, 862, 20, 859, 863, 159, 851, 864, 35, 866, 123, 172, 857, 755, 867, 848, 251, 865, 869, 481, 2, 868, 870, 872, 468, 874, 19, 474, 873, 805, 876, 757, 871, 464, 875, 877, 686, 181, 878, 879, 771, 258, 718, 881, 792, 880, 882, 884, 886, 883, 888, 887, 889, 891, 892, 894, 896, 148, 885, 897, 898, 899, 901, 902, 502, 890, 354, 903, 904, 895, 905, 906, 908, 900, 909, 578, 911, 913, 914, 916, 918, 920, 910, 922, 820, 924, 907, 912, 923, 915, 917, 564, 716, 925, 926, 928, 929, 931, 933, 934, 935, 921, 937, 936, 939, 941, 943, 930, 945, 927, 932, 919, 893, 938, 940, 942, 944, 946, 948, 950, 934, 951, 953, 954, 956, 958, 947, 949, 952, 955, 957, 959, 961, 963, 828, 965, 960, 967, 966, 969, 964, 971, 968, 973, 970, 975, 977, 978, 962, 980, 972, 979, 982, 165, 984, 974, 976, 986, 987, 824, 989, 991, 992, 994, 785, 981, 983, 985, 988, 990, 993, 995, 996, 998, 1000, 999, 1002, 1001, 1004, 1006, 1008, 1007, 1010, 775, 1005, 1003, 1011, 997, 1013, 945, 1012, 1015, 1017, 1019, 1021, 1009, 1023, 1024, 1025, 943, 1027, 1022, 1029, 410, 1031, 1026, 1018, 1020, 1032, 1034, 1036, 816, 1033, 1028, 1037, 1039, 1035, 1041, 1043, 1044, 725, 1046, 1048, 172, 1050, 1052, 1054, 1045, 1049, 1016, 1042, 1038, 1040, 1030, 1047, 1055, 1057, 1058, 1060, 1051, 1061, 1059, 1062, 1056, 1064, 1066, 1067, 1014, 1053, 1063, 1068, 1065, 1070, 1072, 1074, 1075, 1077, 1071, 1079, 1069, 1081, 854, 1080, 1083, 1082, 1085, 1076, 1087, 1078, 1089, 1091, 1088, 54, 1092, 1094, 1096, 343, 1093, 1084, 1073, 1098, 1095, 1090, 350, 1099, 1086, 1100, 594, 1101, 1102, 838, 1103, 1104, 1106, 794, 1107, 1097, 846, 1108, 1110, 875, 1111, 1112, 1105, 1114, 1115, 1109, 1116, 1118, 813, 1120, 1113, 1122, 1124, 1117, 1121, 1126, 1123, 1128, 1127, 1130, 1132, 1129, 1134, 968, 1125, 1133, 651, 1136, 437, 1131, 1138, 1139, 1135, 1119, 1137, 1140, 1142, 1144, 1141, 1143, 1084, 1145, 245, 742, 1146, 1148, 1150, 1149, 1147, 1152, 1154, 355, 790, 1151, 1155, 1156, 1158, 1160, 1162, 1163, 970, 1157, 1153, 1165, 261, 1167, 1164, 1168, 1166, 1169, 1171, 1172, 236, 1173, 1175, 1177, 1179, 1181, 1182, 1178, 1184, 1183, 1185, 1180, 1159, 1187, 1161, 1176, 800, 1189, 1170, 1190, 1192, 1194, 1174, 1196, 1188, 1186, 1191, 1198, 1200, 1193, 1195, 1202, 518, 1204, 274, 1206, 1208, 1203, 1199, 655, 1210, 1197, 1201, 1205, 1033, 1207, 1209, 1211, 1212, 1214, 1018, 1213, 1216, 1215, 1218, 1217, 1220, 1219, 1222, 1223, 1221, 1225, 1224, 1226, 1227, 860, 1229, 1228, 1231, 1230, 1233, 323, 1234, 1232, 878, 1235, 1236, 1237, 1239, 1241, 1238, 1243, 1240, 1242, 1245, 35, 1007, 1246, 1248, 1244, 1250, 1252, 1249, 1253, 1254, 1255, 1247, 1256, 1258, 1260, 856, 1259, 1257, 1262, 946, 821, 1264, 1266, 1261, 1263, 1147, 1267, 1268, 1055, 1251, 1265, 1269, 1270, 1080, 1272, 1273, 1274, 1275, 1276, 1271, 1277, 1279, 1281, 1282, 1278, 1283, 1285, 975, 1284, 1286, 1287, 1289, 1291, 883, 1293, 371, 1292, 1294, 424, 1288, 1296, 1298, 1280, 1290, 1297, 1300, 954, 1299, 1301, 1302, 40, 1304, 1306, 1167, 1295, 810, 326, 1303, 5, 1305, 421, 1307, 123, 1308, 1310, 1311, 1312, 1314, 1315, 3, 1316, 17, 428, 1318, 405, 410, 1144, 1320, 19, 1322, 484, 559, 56, 132, 1324, 1325, 1326, 1, 1146, 861, 48, 1327, 365, 1329, 1321, 1328, 962, 1331, 307, 1333, 347, 115, 423, 993, 11, 1330, 1258, 27, 1335, 2, 1309, 1313, 20, 7, 417, 332, 1317, 471, 1114, 1319, 896, 1026, 1323, 1332, 50, 299, 1334, 1336, 601, 1151, 1338, 1337, 1117, 1340, 28, 1339, 1342, 1343, 59, 438, 1345, 36, 130, 1346, 355, 661, 3, 57, 998, 1347, 1186, 66, 473, 18, 1344, 52, 1341, 1349, 161, 1350, 1351, 0, 1353, 1188, 1355, 1357, 63, 5, 42, 1352, 837, 542, 632, 1356, 1210, 1354, 21, 86, 1359, 149, 1361, 1348, 1362, 1358, 13, 1363, 1360, 1364, 1365, 1367, 1366, 132, 604, 549, 960, 31, 1369, 859, 1370, 1372, 15, 489, 1368, 1371, 1373, 373, 1375, 114, 783, 1377, 1378, 1163, 851, 1380, 1379, 1232, 42, 1382, 644, 1384, 1376, 1374, 1381, 1385, 1383, 1387, 1389, 1391, 1393, 1395, 1397, 1399, 1401, 1402, 1394, 1386, 1404, 1390, 1396, 1392, 1406, 1405, 1408, 1410, 1412, 1414, 1416, 1417, 1388, 1418, 1419, 1403, 447, 1411, 1398, 1420, 308, 1407, 1409, 1400, 1094, 1, 376, 1413, 1415, 1421, 1423, 1425, 387, 1427, 1428, 1429, 1430, 1422, 1431, 1432, 1434, 1436, 1424, 1426, 638, 866, 1438, 1435, 1433, 1437, 1439, 1441, 1443, 1444, 1446, 1447, 1449, 1445, 1451, 1453, 1454, 1456, 1458, 1460, 1461, 1462, 1464, 1199, 1450, 1465, 1467, 1442, 1468, 1470, 1472, 1473, 1475, 1477, 1478, 1480, 1482, 1484, 1485, 1448, 1487, 1489, 1459, 1491, 1486, 1492, 1494, 1496, 1498, 1500, 1502, 1463, 1501, 1490, 1503, 1504, 1506, 1508, 1510, 1505, 1440, 1512, 1513, 1507, 1515, 1452, 807, 1284, 1455, 1457, 733, 1469, 1287, 1266, 1471, 1516, 1474, 1479, 1466, 497, 1495, 1282, 1481, 1483, 1356, 1213, 250, 1488, 1493, 1509, 1517, 1497, 1221, 1499, 1511, 1514, 1519, 1325, 1521, 1523, 1525, 84, 253, 1131, 1520, 1527, 1528, 1530, 1532, 1534, 1524, 1529, 524, 1536, 1538, 1533, 467, 1539, 1541, 1531, 1476, 752, 1522, 1543, 1545, 634, 1547, 1549, 1535, 1551, 1378, 1553, 1555, 853, 1537, 1334, 267, 1540, 1518, 1336, 1542, 1557, 1544, 1559, 1560, 1562, 1548, 1526, 1550, 715, 1552, 1203, 1564, 708, 1558, 1546, 1565, 1566, 1561, 1567, 1568, 1570, 1563, 789, 1569, 1556, 1571, 1573, 9, 1554, 1572, 1159, 1575, 1577, 1579, 501, 1581, 850, 323, 160, 526, 80, 1582, 780, 339, 33, 25, 1142, 31, 1584, 363, 1580, 1586, 554, 1587, 1578, 1169, 6, 1588, 1583, 1574, 1589, 930, 1591, 1585, 50, 938, 1576, 29, 1593, 1595, 1594, 407, 1596, 1598, 1600, 1602, 1599, 1590, 1592, 1597, 1601, 1603, 1605, 1607, 1608, 1610, 1606, 1604, 1612, 1614, 1615, 1617, 1619, 1611, 1620, 1609, 1576, 1613, 1254, 1616, 1622, 1618, 1623, 1621, 1624, 1624, 1625, 1625, 1626, 1626, 124, 1627, 1627, 1628, 1071, 1629, 1629, 1630, 1630, 1631, 1631, 1632, 1632, 1633, 1633, 1313, 1634, 1634, 1635, 1369, 1636, 1636, 118, 1637, 86, 680, 1638, 140, 1639, 801, 1424, 1640, 712, 1641, 1311, 1642, 1642, 1643, 1643, 1644, 1644, 1645, 1645, 1646, 1646, 1647, 693, 1648, 76, 1649, 1649, 1650, 1650, 1651, 1651, 868, 546, 359, 1201, 1079, 1652, 34, 1653, 1653, 1654, 1654, 1655, 71, 1656, 855, 1657, 852, 1658, 1658, 1659, 1659, 1129, 310, 1660, 1660, 1661, 1455, 1662, 72, 392, 347, 1529, 1663, 1241, 328, 1664, 364, 1128, 1135, 1665, 535, 1666, 116, 1200, 1667, 641, 1668, 16, 1669, 514, 1670, 330, 651, 1073, 1671, 1671, 1672, 1672, 871, 1673, 1673, 1674, 1674, 346, 909, 515, 1675, 1675, 1676, 1676, 1149, 1677, 1677, 1678, 1678, 830, 1679, 550, 1680, 1680, 1681, 1681, 1682, 384, 1683, 1683, 1684, 555, 1051, 1193, 1685, 1685, 1003, 1686, 1686, 425, 1687, 1556, 1688, 1569, 1689, 96, 1690, 1690, 84, 1691, 1691, 1692, 412, 1693, 1693, 708, 1694, 1694, 1695, 1695, 1696, 1696, 1697, 1697, 749, 1698, 1698, 1699, 6, 1700, 1700, 1701, 1345, 1702, 1168, 1703, 1703, 1704, 1704, 1705, 832, 1706, 1706, 126, 1707, 178, 1708, 1708, 1709, 1709, 5, 1710, 1710, 1711, 1572, 1712, 1712, 1713, 1713, 1714, 1714, 1715, 1715, 914, 1716, 1716, 1520, 1717, 1717, 440, 1718, 476, 1719, 98, 1720, 1596, 1721, 1721, 1722, 1722, 1723, 1723, 1724, 1724, 1725, 1725, 1726, 1726, 1727, 1668, 1728, 185, 1729, 738, 1263, 1730, 1730, 478, 1731, 1731, 1339, 520, 674, 786, 1732, 1732, 1733, 247, 905, 1734, 1734, 1735, 1735, 1212, 1736, 913, 1737, 1348, 1738, 510, 1739, 95, 1061, 1740, 782, 1741, 1741, 1742, 1742, 90, 1743, 1743, 1744, 745, 1745, 1, 1746, 413, 927, 1747, 1747, 103, 68, 374, 1, 1748, 151, 1749, 1749, 874, 361, 1750, 921, 1751, 161, 142, 9, 1752, 30, 1546, 320, 239, 158, 1219, 74, 0, 1753, 1753, 3, 0, 202, 4, 56, 1754, 1754, 1755, 1280, 585, 311, 1141, 1756, 4, 1137, 1757, 586, 1758, 124, 1759, 397, 7, 1760, 569, 122, 4, 639, 426, 1761, 611, 1762, 2, 1762, 2, 1763, 1761, 1764, 767, 1765, 1765, 787, 1766, 457, 1767, 463, 1768, 18, 227, 1662, 1769, 196, 1554, 1770, 601, 267, 1089, 1771, 175, 1772, 1772, 1773, 1773, 660, 1774, 1774, 1775, 1775, 0, 1776, 1776, 709, 1777, 720, 1778, 249, 398, 697, 75, 1779, 209, 1780, 264, 1781, 1781, 210, 1782, 1782, 1783, 83, 1, 1784, 1784, 1242, 1740, 688, 679, 1785, 6, 779, 1786, 1786, 96, 8, 573, 1787, 1787, 1788, 895, 1789, 735, 689, 1790, 1790, 1327, 753, 1791, 1791, 1792, 58, 1793, 16, 456, 1332, 1794, 115, 1795, 666, 1796, 1796, 434, 1797, 1797, 791, 1165, 23, 1798, 1349, 1379, 26, 1799, 40, 1800, 1800, 1801, 95, 0, 1802, 1802, 1803, 1803, 869, 76, 1433, 1766, 21, 1804, 1583, 1805, 94, 1806, 49, 1807, 1106, 1536, 563, 1808, 45, 87, 683, 32, 100, 1809, 20, 1362, 1748, 1006, 11, 1197, 1810, 1, 9, 495, 375, 848, 70, 1811, 1788, 1567, 1, 1812, 1812, 27, 13, 46, 42, 1813, 1813, 61, 1814, 1814, 646, 1120, 873, 1815, 247, 1816, 3, 1817, 145, 1099, 524, 1818, 1818, 758, 1283, 0, 272, 419, 1819, 1819, 1820, 551, 1821, 1821, 581, 1301, 390, 192, 1822, 1822, 1823, 291, 280, 1824, 15, 1070, 1825, 662, 1826, 1, 1692, 1827, 1827, 575, 1807, 1828, 3, 621, 68, 1829, 22, 1830, 134, 1483, 1831, 1038, 1235, 1832, 497, 1, 4, 1833, 8, 152, 0, 1834, 63, 1835, 877, 1836, 253, 35, 704, 192, 1837, 788, 17, 5, 436, 1838, 85, 1531, 1839, 51, 170, 528, 44, 43, 1840, 865, 1841, 7, 1842, 1195, 3, 1792, 955, 1843, 880, 827, 16, 1844, 1751, 265, 1845, 1845, 1846, 108, 1847, 1847, 612, 1848, 332, 1849, 870, 1850, 555, 230, 1851, 156, 64, 1852, 1852, 296, 62, 540, 1853, 1217, 275, 818, 726, 361, 1854, 13, 1271, 7, 28, 1855, 277, 1856, 6, 1530, 52, 2, 2, 29, 1857, 1857, 1858, 0, 1192, 3, 1244, 1859, 1859, 598, 20, 1860, 6, 1861, 1861, 1862, 1862, 1863, 504, 1864, 498, 1865, 631, 181, 1866, 1321, 1086, 1867, 77, 1868, 80, 1869, 559, 1452, 25, 444, 925, 1870, 1870, 1191, 599, 1871, 923, 409, 499, 1140, 1872, 138, 34, 1873, 12, 12, 2, 1874, 1292, 1875, 431, 1363, 1876, 1562, 1877, 1877, 798, 5, 1878, 1878, 1879, 1804, 1880, 0, 1881, 49, 649, 1279, 1853, 1882, 1882, 1883, 1883, 1884, 1884, 1885, 116, 1886, 45, 1887, 1887, 42, 1888, 82, 1037, 153, 756, 114, 1202, 1257, 526, 32, 33, 1889, 1622, 9, 96, 12, 1868, 1890, 40, 1891, 1891, 14, 39, 724, 1892, 669, 1893, 14, 1894, 100, 486, 673, 1895, 1895, 1896, 3, 793, 1897, 7, 1898, 50, 577, 1288, 1899, 141, 1849, 677, 773, 773, 13, 1900, 1124, 109, 4, 754, 1207, 1040, 78, 1901, 314, 1902, 1251, 461, 1903, 1903, 1904, 32, 1905, 1905, 1906, 1906, 769, 1354, 833, 1907, 1196, 1908, 1908, 1016, 203, 1909, 1909, 1910, 1832, 1911, 1911, 1912, 1912, 1913, 1014, 458, 1914, 1914, 66, 1915, 85, 1916, 146, 1917, 1917, 35, 1918, 93, 1919, 1919, 1920, 1920, 1921, 694, 1922, 1922, 1899, 1923, 1923, 1924, 1924, 1925, 1047, 515, 1344, 1926, 1926, 1815, 1927, 685, 1523, 1894, 1928, 1928, 1929, 1929, 1930, 1930, 1931, 443, 1932, 48, 1933, 1933, 1934, 584, 1935, 1935, 1936, 1893, 1937, 126, 1938, 564, 1939, 1145, 1940, 417, 1941, 1898, 1942, 1942, 1943, 1943, 959, 1944, 1944, 1945, 1945, 268, 1946, 1095, 1080, 1947, 1947, 190, 245, 55, 1948, 1227, 132, 1949, 97, 1950, 751, 1951, 1951, 1952, 1952, 1578, 470, 1953, 723, 1954, 1777, 1955, 1955, 1956, 1956, 1957, 1331, 101, 1310, 1958, 588, 81, 1087, 1172, 1959, 1959, 1960, 156, 1837, 34, 1961, 563, 1733, 1873, 1962, 899, 1963, 14, 1964, 1964, 1965, 1965, 1966, 1442, 1967, 1867, 1842, 1968, 1968, 1855, 1969, 1840, 1970, 1970, 1971, 1971, 1972, 1972, 1663, 1961, 235, 1973, 1875, 1458, 1737, 1824, 1639, 1974, 1974, 1975, 951, 1976, 1798, 1977, 1353, 1978, 1869, 1979, 277, 763, 1980, 1980, 882, 1981, 1981, 1982, 1174, 1983, 1983, 1984, 1543, 1985, 1985, 1986, 1986, 1987, 1823, 1902, 1988, 1988, 1890, 1989, 1989, 1990, 1990, 342, 1991, 1991, 1992, 1992, 1993, 1993, 1994, 1994, 1793, 1995, 597, 310, 1996, 857, 1045, 915, 1997, 1997, 1998, 1514, 1999, 1999, 2000, 1910, 2001, 2001, 123, 1261, 1901]
convergência = [2001, 2001, 2001, 2001, 2001, 2001, 2001, 2001]
================================

----- Melhor execução -----
Span (lambda): 2001
best_order = [0, 1, 2, 3, 4, 5, 6, 7, 8, 9, 10, 11, 12, 13, 14, 15, 16, 17, 18, 19, 20, 21, 22, 23, 24, 25, 26, 27, 28, 29, 30, 31, 32, 33, 34, 35, 36, 37, 38, 39, 40, 41, 42, 43, 44, 45, 46, 47, 48, 49, 50, 51, 52, 53, 54, 55, 56, 57, 58, 59, 60, 61, 62, 63, 64, 65, 66, 67, 68, 69, 70, 71, 72, 73, 74, 75, 76, 77, 78, 79, 80, 81, 82, 83, 84, 85, 86, 87, 88, 89, 90, 91, 92, 93, 94, 95, 96, 97, 98, 99, 100, 101, 102, 103, 104, 105, 106, 107, 108, 109, 110, 111, 112, 113, 114, 115, 116, 117, 118, 119, 120, 121, 122, 123, 124, 125, 126, 127, 128, 129, 130, 131, 132, 133, 134, 135, 136, 137, 138, 139, 140, 141, 142, 143, 144, 145, 146, 147, 148, 149, 150, 151, 152, 153, 154, 155, 156, 157, 158, 159, 160, 161, 162, 163, 164, 165, 166, 167, 168, 169, 170, 171, 172, 173, 174, 175, 176, 177, 178, 179, 180, 181, 182, 183, 184, 185, 186, 187, 188, 189, 190, 191, 192, 193, 194, 195, 196, 197, 198, 199, 200, 201, 202, 203, 204, 205, 206, 207, 208, 209, 210, 211, 212, 213, 214, 215, 216, 217, 218, 219, 220, 221, 222, 223, 224, 225, 226, 227, 228, 229, 230, 231, 232, 233, 234, 235, 236, 237, 238, 239, 240, 241, 242, 243, 244, 245, 246, 247, 248, 249, 250, 251, 252, 253, 254, 255, 256, 257, 258, 259, 260, 261, 262, 263, 264, 265, 266, 267, 268, 269, 270, 271, 272, 273, 274, 275, 276, 277, 278, 279, 280, 281, 282, 283, 284, 285, 286, 287, 288, 289, 290, 291, 292, 293, 294, 295, 296, 297, 298, 299, 300, 301, 302, 303, 304, 305, 306, 307, 308, 309, 310, 311, 312, 313, 314, 315, 316, 317, 318, 319, 320, 321, 322, 323, 324, 325, 326, 327, 328, 329, 330, 331, 332, 333, 334, 335, 336, 337, 338, 339, 340, 341, 342, 343, 344, 345, 346, 347, 348, 349, 350, 351, 352, 353, 354, 355, 356, 357, 358, 359, 360, 361, 362, 363, 364, 365, 366, 367, 368, 369, 370, 371, 372, 373, 374, 375, 376, 377, 378, 379, 380, 381, 382, 383, 384, 385, 386, 387, 388, 389, 390, 391, 392, 393, 394, 395, 396, 397, 398, 399, 400, 401, 402, 403, 404, 405, 406, 407, 408, 409, 410, 411, 412, 413, 414, 415, 416, 417, 418, 419, 420, 421, 422, 423, 424, 425, 426, 427, 428, 429, 430, 431, 432, 433, 434, 435, 436, 437, 438, 439, 440, 441, 442, 443, 444, 445, 446, 447, 448, 449, 450, 451, 452, 453, 454, 455, 456, 457, 458, 459, 460, 461, 462, 463, 464, 465, 466, 467, 468, 469, 470, 471, 472, 473, 474, 475, 476, 477, 478, 479, 480, 481, 482, 483, 484, 485, 486, 487, 488, 489, 490, 491, 492, 493, 494, 495, 496, 497, 498, 499, 500, 501, 502, 503, 504, 505, 506, 507, 508, 509, 510, 511, 512, 513, 514, 515, 516, 517, 518, 519, 520, 521, 522, 523, 524, 525, 526, 527, 528, 529, 530, 531, 532, 533, 534, 535, 536, 537, 538, 539, 540, 541, 542, 543, 544, 545, 546, 547, 548, 549, 550, 551, 552, 553, 554, 555, 556, 557, 558, 559, 560, 561, 562, 563, 564, 565, 566, 567, 568, 569, 570, 571, 572, 573, 574, 575, 576, 577, 578, 579, 580, 581, 582, 583, 584, 585, 586, 587, 588, 589, 590, 591, 592, 593, 594, 595, 596, 597, 598, 599, 600, 601, 602, 603, 604, 605, 606, 607, 608, 609, 610, 611, 612, 613, 614, 615, 616, 617, 618, 619, 620, 621, 622, 623, 624, 625, 626, 627, 628, 629, 630, 631, 632, 633, 634, 635, 636, 637, 638, 639, 640, 641, 642, 643, 644, 645, 646, 647, 648, 649, 650, 651, 652, 653, 654, 655, 656, 657, 658, 659, 660, 661, 662, 663, 664, 665, 666, 667, 668, 669, 670, 671, 672, 673, 674, 675, 676, 677, 678, 679, 680, 681, 682, 683, 684, 685, 686, 687, 688, 689, 690, 691, 692, 693, 694, 695, 696, 697, 698, 699, 700, 701, 702, 703, 704, 705, 706, 707, 708, 709, 710, 711, 712, 713, 714, 715, 716, 717, 718, 719, 720, 721, 722, 723, 724, 725, 726, 727, 728, 729, 730, 731, 732, 733, 734, 735, 736, 737, 738, 739, 740, 741, 742, 743, 744, 745, 746, 747, 748, 749, 750, 751, 752, 753, 754, 755, 756, 757, 758, 759, 760, 761, 762, 763, 764, 765, 766, 767, 768, 769, 770, 771, 772, 773, 774, 775, 776, 777, 778, 779, 780, 781, 782, 783, 784, 785, 786, 787, 788, 789, 790, 791, 792, 793, 794, 795, 796, 797, 798, 799, 800, 801, 802, 803, 804, 805, 806, 807, 808, 809, 810, 811, 812, 813, 814, 815, 816, 817, 818, 819, 820, 821, 822, 823, 824, 825, 826, 827, 828, 829, 830, 831, 832, 833, 834, 835, 836, 837, 838, 839, 840, 841, 842, 843, 844, 845, 846, 847, 848, 849, 850, 851, 852, 853, 854, 855, 856, 857, 858, 859, 860, 861, 862, 863, 864, 865, 866, 867, 868, 869, 870, 871, 872, 873, 874, 875, 876, 877, 878, 879, 880, 881, 882, 883, 884, 885, 886, 887, 888, 889, 890, 891, 892, 893, 894, 895, 896, 897, 898, 899, 900, 901, 902, 903, 904, 905, 906, 907, 908, 909, 910, 911, 912, 913, 914, 915, 916, 917, 918, 919, 920, 921, 922, 923, 924, 925, 926, 927, 928, 929, 930, 931, 932, 933, 934, 935, 936, 937, 938, 939, 940, 941, 942, 943, 944, 945, 946, 947, 948, 949, 950, 951, 952, 953, 954, 955, 956, 957, 958, 959, 960, 961, 962, 963, 964, 965, 966, 967, 968, 969, 970, 971, 972, 973, 974, 975, 976, 977, 978, 979, 980, 981, 982, 983, 984, 985, 986, 987, 988, 989, 990, 991, 992, 993, 994, 995, 996, 997, 998, 999, 1000, 1001, 1002, 1003, 1004, 1005, 1006, 1007, 1008, 1009, 1010, 1011, 1012, 1013, 1014, 1015, 1016, 1017, 1018, 1019, 1020, 1021, 1022, 1023, 1024, 1025, 1026, 1027, 1028, 1029, 1030, 1031, 1032, 1033, 1034, 1035, 1036, 1037, 1038, 1039, 1040, 1041, 1042, 1043, 1044, 1045, 1046, 1047, 1048, 1049, 1050, 1051, 1052, 1053, 1054, 1055, 1056, 1057, 1058, 1059, 1060, 1061, 1062, 1063, 1064, 1065, 1066, 1067, 1068, 1069, 1070, 1071, 1072, 1073, 1074, 1075, 1076, 1077, 1078, 1079, 1080, 1081, 1082, 1083, 1084, 1085, 1086, 1087, 1088, 1089, 1090, 1091, 1092, 1093, 1094, 1095, 1096, 1097, 1098, 1099, 1100, 1101, 1102, 1103, 1104, 1105, 1106, 1107, 1108, 1109, 1110, 1111, 1112, 1113, 1114, 1115, 1116, 1117, 1118, 1119, 1120, 1121, 1122, 1123, 1124, 1125, 1126, 1127, 1128, 1129, 1130, 1131, 1132, 1133, 1134, 1135, 1136, 1137, 1138, 1139, 1140, 1141, 1142, 1143, 1144, 1145, 1146, 1147, 1148, 1149, 1150, 1151, 1152, 1153, 1154, 1155, 1156, 1157, 1158, 1159, 1160, 1161, 1162, 1163, 1164, 1165, 1166, 1167, 1168, 1169, 1170, 1171, 1172, 1173, 1174, 1175, 1176, 1177, 1178, 1179, 1180, 1181, 1182, 1183, 1184, 1185, 1186, 1187, 1188, 1189, 1190, 1191, 1192, 1193, 1194, 1195, 1196, 1197, 1198, 1199, 1200, 1201, 1202, 1203, 1204, 1205, 1206, 1207, 1208, 1209, 1210, 1211, 1212, 1213, 1214, 1215, 1216, 1217, 1218, 1219, 1220, 1221, 1222, 1223, 1224, 1225, 1226, 1227, 1228, 1229, 1230, 1231, 1232, 1233, 1234, 1235, 1236, 1237, 1238, 1239, 1240, 1241, 1242, 1243, 1244, 1245, 1246, 1247, 1248, 1249, 1250, 1251, 1252, 1253, 1254, 1255, 1256, 1257, 1258, 1259, 1260, 1261, 1262, 1263, 1264, 1265, 1266, 1267, 1268, 1269, 1270, 1271, 1272, 1273, 1274, 1275, 1276, 1277, 1278, 1279, 1280, 1281, 1282, 1283, 1284, 1285, 1286, 1287, 1288, 1289, 1290, 1291, 1292, 1293, 1294, 1295, 1296, 1297, 1298, 1299, 1300, 1301, 1302, 1303, 1304, 1305, 1306, 1307, 1308, 1309, 1310, 1311, 1312, 1313, 1314, 1315, 1316, 1317, 1318, 1319, 1320, 1321, 1322, 1323, 1324, 1325, 1326, 1327, 1328, 1329, 1330, 1331, 1332, 1333, 1334, 1335, 1336, 1337, 1338, 1339, 1340, 1341, 1342, 1343, 1344, 1345, 1346, 1347, 1348, 1349, 1350, 1351, 1352, 1353, 1354, 1355, 1356, 1357, 1358, 1359, 1360, 1361, 1362, 1363, 1364, 1365, 1366, 1367, 1368, 1369, 1370, 1371, 1372, 1373, 1374, 1375, 1376, 1377, 1378, 1379, 1380, 1381, 1382, 1383, 1384, 1385, 1386, 1387, 1388, 1389, 1390, 1391, 1392, 1393, 1394, 1395, 1396, 1397, 1398, 1399, 1400, 1401, 1402, 1403, 1404, 1405, 1406, 1407, 1408, 1409, 1410, 1411, 1412, 1413, 1414, 1415, 1416, 1417, 1418, 1419, 1420, 1421, 1422, 1423, 1424, 1425, 1426, 1427, 1428, 1429, 1430, 1431, 1432, 1433, 1434, 1435, 1436, 1437, 1438, 1439, 1440, 1441, 1442, 1443, 1444, 1445, 1446, 1447, 1448, 1449, 1450, 1451, 1452, 1453, 1454, 1455, 1456, 1457, 1458, 1459, 1460, 1461, 1462, 1463, 1464, 1465, 1466, 1467, 1468, 1469, 1470, 1471, 1472, 1473, 1474, 1475, 1476, 1477, 1478, 1479, 1480, 1481, 1482, 1483, 1484, 1485, 1486, 1487, 1488, 1489, 1490, 1491, 1492, 1493, 1494, 1495, 1496, 1497, 1498, 1499, 1500, 1501, 1502, 1503, 1504, 1505, 1506, 1507, 1508, 1509, 1510, 1511, 1512, 1513, 1514, 1515, 1516, 1517, 1518, 1519, 1520, 1521, 1522, 1523, 1524, 1525, 1526, 1527, 1528, 1529, 1530, 1531, 1532, 1533, 1534, 1535, 1536, 1537, 1538, 1539, 1540, 1541, 1542, 1543, 1544, 1545, 1546, 1547, 1548, 1549, 1550, 1551, 1552, 1553, 1554, 1555, 1556, 1557, 1558, 1559, 1560, 1561, 1562, 1563, 1564, 1565, 1566, 1567, 1568, 1569, 1570, 1571, 1572, 1573, 1574, 1575, 1576, 1577, 1578, 1579, 1580, 1581, 1582, 1583, 1584, 1585, 1586, 1587, 1588, 1589, 1590, 1591, 1592, 1593, 1594, 1595, 1596, 1597, 1598, 1599, 1600, 1601, 1602, 1603, 1604, 1605, 1606, 1607, 1608, 1609, 1610, 1611, 1612, 1613, 1614, 1615, 1616, 1617, 1618, 1619, 1620, 1621, 1622, 1623, 1624, 1625, 1626, 1627, 1628, 1629, 1630, 1631, 1632, 1633, 1634, 1635, 1636, 1637, 1638, 1639, 1640, 1641, 1642, 1643, 1644, 1645, 1646, 1647, 1648, 1649, 1650, 1651, 1652, 1653, 1654, 1655, 1656, 1657, 1658, 1659, 1660, 1661, 1662, 1663, 1664, 1665, 1666, 1667, 1668, 1669, 1670, 1671, 1672, 1673, 1674, 1675, 1676, 1677, 1678, 1679, 1680, 1681, 1682, 1683, 1684, 1685, 1686, 1687, 1688, 1689, 1690, 1691, 1692, 1693, 1694, 1695, 1696, 1697, 1698, 1699, 1700, 1701, 1702, 1703, 1704, 1705, 1706, 1707, 1708, 1709, 1710, 1711, 1712, 1713, 1714, 1715, 1716, 1717, 1718, 1719, 1720, 1721, 1722, 1723, 1724, 1725, 1726, 1727, 1728, 1729, 1730, 1731, 1732, 1733, 1734, 1735, 1736, 1737, 1738, 1739, 1740, 1741, 1742, 1743, 1744, 1745, 1746, 1747, 1748, 1749, 1750, 1751, 1752, 1753, 1754, 1755, 1756, 1757, 1758, 1759, 1760, 1761, 1762, 1763, 1764, 1765, 1766, 1767, 1768, 1769, 1770, 1771, 1772, 1773, 1774, 1775, 1776, 1777, 1778, 1779, 1780, 1781, 1782, 1783, 1784, 1785, 1786, 1787, 1788, 1789, 1790, 1791, 1792, 1793, 1794, 1795, 1796, 1797, 1798, 1799, 1800, 1801, 1802, 1803, 1804, 1805, 1806, 1807, 1808, 1809, 1810, 1811, 1812, 1813, 1814, 1815, 1816, 1817, 1818, 1819, 1820, 1821, 1822, 1823, 1824, 1825, 1826, 1827, 1828, 1829, 1830, 1831, 1832, 1833, 1834, 1835, 1836, 1837, 1838, 1839, 1840, 1841, 1842, 1843, 1844, 1845, 1846, 1847, 1848, 1849, 1850, 1851, 1852, 1853, 1854, 1855, 1856, 1857, 1858, 1859, 1860, 1861, 1862, 1863, 1864, 1865, 1866, 1867, 1868, 1869, 1870, 1871, 1872, 1873, 1874, 1875, 1876, 1877, 1878, 1879, 1880, 1881, 1882, 1883, 1884, 1885, 1886, 1887, 1888, 1889, 1890, 1891, 1892, 1893, 1894, 1895, 1896, 1897, 1898, 1899, 1900, 1901, 1902, 1903, 1904, 1905, 1906, 1907, 1908, 1909, 1910, 1911, 1912, 1913, 1914, 1915, 1916, 1917, 1918, 1919, 1920, 1921, 1922, 1923, 1924, 1925, 1926, 1927, 1928, 1929, 1930, 1931, 1932, 1933, 1934, 1935, 1936, 1937, 1938, 1939, 1940, 1941, 1942, 1943, 1944, 1945, 1946, 1947, 1948, 1949, 1950, 1951, 1952, 1953, 1954, 1955, 1956, 1957, 1958, 1959, 1960, 1961, 1962, 1963, 1964, 1965, 1966, 1967, 1968, 1969, 1970, 1971, 1972, 1973, 1974, 1975, 1976, 1977, 1978, 1979, 1980, 1981, 1982, 1983, 1984, 1985, 1986, 1987, 1988, 1989, 1990, 1991, 1992, 1993, 1994, 1995, 1996, 1997, 1998, 1999, 2000, 2001, 2002, 2003, 2004, 2005, 2006, 2007, 2008, 2009, 2010, 2011, 2012, 2013, 2014, 2015, 2016, 2017, 2018, 2019, 2020, 2021, 2022, 2023, 2024, 2025, 2026, 2027, 2028, 2029, 2030, 2031, 2032, 2033, 2034, 2035, 2036, 2037, 2038, 2039, 2040, 2041, 2042, 2043, 2044, 2045, 2046, 2047, 2048, 2049, 2050, 2051, 2052, 2053, 2054, 2055, 2056, 2057, 2058, 2059, 2060, 2061, 2062, 2063, 2064, 2065, 2066, 2067, 2068, 2069, 2070, 2071, 2072, 2073, 2074, 2075, 2076, 2077, 2078, 2079, 2080, 2081, 2082, 2083, 2084, 2085, 2086, 2087, 2088, 2089, 2090, 2091, 2092, 2093, 2094, 2095, 2096, 2097, 2098, 2099, 2100, 2101, 2102, 2103, 2104, 2105, 2106, 2107, 2108, 2109, 2110, 2111, 2112, 2113, 2114, 2115, 2116, 2117, 2118, 2119, 2120, 2121, 2122, 2123, 2124, 2125, 2126, 2127, 2128, 2129, 2130, 2131, 2132, 2133, 2134, 2135, 2136, 2137, 2138, 2139, 2140, 2141, 2142, 2143, 2144, 2145, 2146, 2147, 2148, 2149, 2150, 2151, 2152, 2153, 2154, 2155, 2156, 2157, 2158, 2159, 2160, 2161, 2162, 2163, 2164, 2165, 2166, 2167, 2168, 2169, 2170, 2171, 2172, 2173, 2174, 2175, 2176, 2177, 2178, 2179, 2180, 2181, 2182, 2183, 2184, 2185, 2186, 2187, 2188, 2189, 2190, 2191, 2192, 2193, 2194, 2195, 2196, 2197, 2198, 2199, 2200, 2201, 2202, 2203, 2204, 2205, 2206, 2207, 2208, 2209, 2210, 2211, 2212, 2213, 2214, 2215, 2216, 2217, 2218, 2219, 2220, 2221, 2222, 2223, 2224, 2225, 2226, 2227, 2228, 2229, 2230, 2231, 2232, 2233, 2234, 2235, 2236, 2237, 2238, 2239, 2240, 2241, 2242, 2243, 2244, 2245, 2246, 2247, 2248, 2249, 2250, 2251, 2252, 2253, 2254, 2255, 2256, 2257, 2258, 2259, 2260, 2261, 2262, 2263, 2264, 2265, 2266, 2267, 2268, 2269, 2270, 2271, 2272, 2273, 2274, 2275, 2276, 2277, 2278, 2279, 2280, 2281, 2282, 2283, 2284, 2285, 2286, 2287, 2288, 2289, 2290, 2291, 2292, 2293, 2294, 2295, 2296, 2297, 2298, 2299, 2300, 2301, 2302, 2303, 2304, 2305, 2306, 2307, 2308, 2309, 2310, 2311, 2312, 2313, 2314, 2315, 2316, 2317, 2318, 2319, 2320, 2321, 2322, 2323, 2324, 2325, 2326, 2327, 2328, 2329, 2330, 2331, 2332, 2333, 2334, 2335, 2336, 2337, 2338, 2339, 2340, 2341, 2342, 2343, 2344, 2345, 2346, 2347, 2348, 2349, 2350, 2351, 2352, 2353, 2354, 2355, 2356, 2357, 2358, 2359, 2360, 2361, 2362, 2363, 2364, 2365, 2366, 2367, 2368, 2369, 2370, 2371, 2372, 2373, 2374, 2375, 2376, 2377, 2378, 2379, 2380, 2381, 2382, 2383, 2384, 2385, 2386, 2387, 2388, 2389, 2390, 2391, 2392, 2393, 2394, 2395, 2396, 2397, 2398, 2399, 2400, 2401, 2402, 2403, 2404, 2405, 2406, 2407, 2408, 2409, 2410, 2411, 2412, 2413, 2414, 2415, 2416, 2417, 2418, 2419, 2420, 2421, 2422, 2423, 2424, 2425, 2426, 2427, 2428, 2429, 2430, 2431, 2432, 2433, 2434, 2435, 2436, 2437, 2438, 2439, 2440, 2441, 2442, 2443, 2444, 2445, 2446, 2447, 2448, 2449, 2450, 2451, 2452, 2453, 2454, 2455, 2456, 2457, 2458, 2459, 2460, 2461, 2462, 2463, 2464, 2465, 2466, 2467, 2468, 2469, 2470, 2471, 2472, 2473, 2474, 2475, 2476, 2477, 2478, 2479, 2480, 2481, 2482, 2483, 2484, 2485, 2486, 2487, 2488, 2489, 2490, 2491, 2492, 2493, 2494, 2495, 2496, 2497, 2498, 2499, 2500, 2501, 2502, 2503, 2504, 2505, 2506, 2507, 2508, 2509, 2510, 2511, 2512, 2513, 2514, 2515, 2516, 2517, 2518, 2519, 2520, 2521, 2522, 2523, 2524, 2525, 2526, 2527, 2528, 2529, 2530, 2531, 2532, 2533, 2534, 2535, 2536, 2537, 2538, 2539, 2540, 2541, 2542, 2543, 2544, 2545, 2546, 2547, 2548, 2549, 2550, 2551, 2552, 2553, 2554, 2555, 2556, 2557, 2558, 2559, 2560, 2561, 2562, 2563, 2564, 2565, 2566, 2567, 2568, 2569, 2570, 2571, 2572, 2573, 2574, 2575, 2576, 2577, 2578, 2579, 2580, 2581, 2582, 2583, 2584, 2585, 2586, 2587, 2588, 2589, 2590, 2591, 2592, 2593, 2594, 2595, 2596, 2597, 2598, 2599, 2600, 2601, 2602, 2603, 2604, 2605, 2606, 2607, 2608, 2609, 2610, 2611, 2612, 2613, 2614, 2615, 2616, 2617, 2618, 2619, 2620, 2621, 2622, 2623, 2624, 2625, 2626, 2627, 2628, 2629, 2630, 2631, 2632, 2633, 2634, 2635, 2636, 2637, 2638, 2639, 2640, 2641, 2642, 2643, 2644, 2645, 2646, 2647, 2648, 2649, 2650, 2651, 2652, 2653, 2654, 2655, 2656, 2657, 2658, 2659, 2660, 2661, 2662, 2663, 2664, 2665, 2666, 2667, 2668, 2669, 2670, 2671, 2672, 2673, 2674, 2675, 2676, 2677, 2678, 2679, 2680, 2681, 2682, 2683, 2684, 2685, 2686, 2687, 2688, 2689, 2690, 2691, 2692, 2693, 2694, 2695, 2696, 2697, 2698, 2699, 2700, 2701, 2702, 2703, 2704, 2705, 2706, 2707, 2708, 2709, 2710, 2711, 2712, 2713, 2714, 2715, 2716, 2717, 2718, 2719, 2720, 2721, 2722, 2723, 2724, 2725, 2726, 2727, 2728, 2729, 2730, 2731, 2732, 2733, 2734, 2735, 2736, 2737, 2738, 2739, 2740, 2741, 2742, 2743, 2744, 2745, 2746, 2747, 2748, 2749, 2750, 2751, 2752, 2753, 2754, 2755, 2756, 2757, 2758, 2759, 2760, 2761, 2762, 2763, 2764, 2765, 2766, 2767, 2768, 2769, 2770, 2771, 2772, 2773, 2774, 2775, 2776, 2777, 2778, 2779, 2780, 2781, 2782, 2783, 2784, 2785, 2786, 2787, 2788, 2789, 2790, 2791, 2792, 2793, 2794, 2795, 2796, 2797, 2798, 2799, 2800, 2801, 2802, 2803, 2804, 2805, 2806, 2807, 2808, 2809, 2810, 2811, 2812, 2813, 2814, 2815, 2816, 2817, 2818, 2819, 2820, 2821, 2822, 2823, 2824, 2825, 2826, 2827, 2828, 2829, 2830, 2831, 2832, 2833, 2834, 2835, 2836, 2837, 2838, 2839, 2840, 2841, 2842, 2843, 2844, 2845, 2846, 2847, 2848, 2849, 2850, 2851, 2852, 2853, 2854, 2855, 2856, 2857, 2858, 2859, 2860, 2861, 2862, 2863, 2864, 2865, 2866, 2867, 2868, 2869, 2870, 2871, 2872, 2873, 2874, 2875, 2876, 2877, 2878, 2879, 2880, 2881, 2882, 2883, 2884, 2885, 2886, 2887, 2888, 2889, 2890, 2891, 2892, 2893, 2894, 2895, 2896, 2897, 2898, 2899, 2900, 2901, 2902, 2903, 2904, 2905, 2906, 2907, 2908, 2909, 2910, 2911, 2912, 2913, 2914, 2915, 2916, 2917, 2918, 2919, 2920, 2921, 2922, 2923, 2924, 2925, 2926, 2927, 2928, 2929, 2930, 2931, 2932, 2933, 2934, 2935, 2936, 2937, 2938, 2939, 2940, 2941, 2942, 2943, 2944, 2945, 2946, 2947, 2948, 2949, 2950, 2951, 2952, 2953, 2954, 2955, 2956, 2957, 2958, 2959, 2960, 2961, 2962, 2963, 2964, 2965, 2966, 2967, 2968, 2969, 2970, 2971, 2972, 2973, 2974, 2975, 2976, 2977, 2978, 2979, 2980, 2981, 2982, 2983, 2984, 2985, 2986, 2987, 2988, 2989, 2990, 2991, 2992, 2993, 2994, 2995, 2996, 2997, 2998, 2999, 3000, 3001, 3002, 3003, 3004, 3005, 3006, 3007, 3008, 3009, 3010, 3011, 3012, 3013, 3014, 3015, 3016, 3017, 3018, 3019, 3020, 3021, 3022, 3023, 3024, 3025, 3026, 3027, 3028, 3029, 3030, 3031, 3032, 3033, 3034, 3035, 3036, 3037, 3038, 3039, 3040, 3041, 3042, 3043, 3044, 3045, 3046, 3047, 3048, 3049, 3050, 3051, 3052, 3053, 3054, 3055, 3056, 3057, 3058, 3059, 3060, 3061, 3062, 3063, 3064, 3065, 3066, 3067, 3068, 3069, 3070, 3071, 3072, 3073, 3074, 3075, 3076, 3077, 3078, 3079, 3080, 3081, 3082, 3083, 3084, 3085, 3086, 3087, 3088, 3089, 3090, 3091, 3092, 3093, 3094, 3095, 3096, 3097, 3098, 3099, 3100, 3101, 3102, 3103, 3104, 3105, 3106, 3107, 3108, 3109, 3110, 3111, 3112, 3113, 3114, 3115, 3116, 3117, 3118, 3119, 3120, 3121, 3122, 3123, 3124, 3125, 3126, 3127, 3128, 3129, 3130, 3131, 3132, 3133, 3134, 3135, 3136, 3137, 3138, 3139]
labeling = [0, 2, 3, 5, 1, 6, 8, 10, 4, 7, 12, 11, 13, 14, 16, 15, 17, 18, 20, 19, 21, 23, 24, 22, 9, 26, 28, 30, 29, 32, 34, 33, 27, 31, 25, 36, 37, 35, 38, 40, 41, 43, 39, 44, 46, 48, 49, 45, 51, 50, 53, 47, 42, 54, 56, 55, 57, 58, 59, 52, 61, 63, 60, 65, 66, 68, 64, 62, 67, 4, 31, 69, 71, 16, 70, 73, 1, 72, 75, 77, 78, 79, 80, 81, 83, 74, 12, 85, 39, 82, 76, 86, 87, 4, 84, 88, 89, 91, 93, 95, 96, 98, 99, 101, 102, 104, 105, 107, 108, 110, 90, 92, 97, 106, 100, 103, 82, 94, 109, 111, 113, 115, 87, 117, 116, 119, 112, 121, 114, 120, 123, 124, 126, 118, 18, 128, 130, 127, 131, 133, 84, 122, 78, 125, 134, 136, 33, 132, 137, 138, 129, 140, 142, 141, 139, 135, 144, 146, 145, 147, 148, 149, 68, 150, 143, 152, 153, 154, 155, 157, 156, 159, 151, 161, 158, 163, 164, 160, 162, 166, 165, 168, 167, 170, 172, 173, 4, 169, 171, 175, 177, 179, 181, 183, 184, 186, 188, 189, 178, 191, 193, 195, 197, 199, 174, 176, 201, 203, 205, 192, 180, 182, 207, 209, 211, 190, 213, 215, 216, 196, 218, 220, 217, 222, 221, 224, 226, 212, 228, 227, 194, 230, 223, 232, 229, 234, 204, 235, 231, 236, 238, 200, 240, 198, 185, 208, 187, 202, 206, 233, 214, 11, 237, 210, 32, 225, 5, 241, 243, 113, 239, 245, 9, 246, 248, 250, 219, 247, 251, 3, 253, 252, 254, 6, 256, 242, 257, 259, 249, 114, 261, 262, 4, 258, 264, 255, 265, 266, 20, 14, 244, 260, 268, 270, 267, 272, 274, 21, 42, 273, 8, 143, 275, 27, 276, 277, 263, 278, 269, 280, 282, 271, 284, 279, 286, 281, 283, 288, 290, 74, 292, 285, 293, 294, 129, 287, 296, 295, 297, 289, 298, 300, 301, 303, 305, 306, 307, 299, 82, 85, 308, 187, 309, 310, 311, 313, 315, 164, 317, 312, 277, 70, 319, 316, 321, 318, 69, 323, 325, 327, 326, 329, 324, 302, 252, 331, 333, 335, 337, 338, 340, 291, 342, 344, 341, 334, 345, 347, 348, 350, 343, 351, 328, 322, 346, 314, 158, 225, 87, 330, 86, 320, 339, 332, 349, 353, 202, 83, 235, 355, 357, 352, 107, 354, 336, 192, 359, 361, 72, 362, 356, 364, 366, 368, 66, 370, 160, 372, 360, 363, 365, 237, 358, 80, 374, 304, 27, 375, 377, 373, 118, 378, 371, 367, 71, 376, 380, 256, 379, 381, 382, 383, 384, 369, 385, 194, 33, 386, 201, 387, 388, 389, 390, 392, 153, 393, 395, 396, 78, 397, 394, 398, 399, 117, 145, 391, 155, 169, 400, 214, 273, 401, 402, 403, 70, 109, 404, 405, 162, 406, 407, 408, 97, 409, 175, 410, 412, 181, 81, 414, 416, 417, 139, 411, 244, 413, 98, 415, 418, 420, 419, 103, 77, 275, 177, 422, 424, 74, 219, 161, 426, 428, 423, 421, 206, 35, 425, 147, 210, 427, 429, 431, 430, 432, 89, 433, 434, 436, 148, 437, 439, 435, 441, 242, 443, 438, 8, 120, 440, 444, 442, 445, 446, 447, 448, 450, 451, 453, 452, 6, 455, 7, 380, 436, 457, 408, 458, 449, 367, 58, 29, 459, 283, 461, 0, 454, 137, 456, 440, 463, 462, 464, 466, 468, 418, 470, 472, 474, 158, 13, 460, 476, 469, 16, 306, 467, 322, 477, 25, 479, 352, 411, 465, 471, 473, 475, 478, 480, 481, 482, 484, 485, 483, 487, 489, 486, 491, 493, 495, 496, 488, 497, 498, 500, 502, 328, 490, 504, 494, 506, 499, 384, 503, 505, 415, 507, 141, 501, 508, 509, 511, 510, 513, 512, 514, 515, 517, 519, 521, 516, 523, 525, 526, 527, 528, 530, 532, 534, 536, 537, 539, 541, 522, 520, 542, 529, 391, 538, 531, 533, 544, 546, 543, 547, 545, 549, 551, 535, 524, 540, 552, 554, 553, 556, 555, 558, 301, 518, 560, 550, 557, 562, 564, 566, 548, 568, 559, 569, 570, 572, 574, 576, 567, 561, 492, 565, 571, 563, 573, 575, 577, 578, 580, 582, 583, 585, 584, 587, 586, 579, 588, 589, 591, 592, 594, 596, 581, 597, 598, 600, 602, 603, 605, 590, 593, 607, 599, 609, 595, 611, 604, 612, 614, 601, 616, 608, 613, 610, 618, 615, 620, 622, 624, 617, 606, 619, 626, 625, 628, 388, 629, 63, 630, 631, 621, 632, 634, 627, 636, 638, 635, 633, 637, 639, 640, 641, 643, 644, 349, 642, 645, 646, 648, 650, 651, 652, 654, 656, 647, 623, 658, 659, 657, 661, 649, 655, 336, 398, 653, 660, 662, 663, 665, 666, 668, 670, 671, 55, 669, 667, 673, 674, 675, 677, 672, 395, 679, 676, 681, 683, 684, 369, 664, 685, 678, 686, 687, 688, 690, 689, 682, 680, 691, 692, 693, 694, 696, 697, 695, 698, 700, 701, 702, 703, 699, 704, 706, 707, 705, 708, 710, 711, 713, 715, 427, 712, 716, 717, 719, 721, 445, 709, 718, 723, 725, 432, 722, 442, 727, 720, 728, 434, 730, 732, 734, 714, 724, 736, 738, 726, 740, 742, 64, 729, 14, 744, 746, 743, 733, 748, 745, 750, 739, 346, 752, 735, 381, 741, 731, 737, 747, 749, 751, 187, 425, 753, 593, 348, 754, 756, 755, 29, 758, 760, 623, 759, 762, 764, 757, 304, 761, 406, 763, 766, 765, 768, 314, 285, 382, 770, 12, 769, 496, 771, 773, 16, 55, 774, 767, 401, 776, 309, 775, 540, 778, 61, 772, 780, 300, 412, 781, 777, 435, 779, 324, 783, 419, 784, 400, 379, 785, 786, 402, 787, 788, 789, 782, 791, 646, 790, 793, 443, 795, 388, 797, 799, 798, 794, 801, 802, 800, 803, 804, 796, 26, 792, 446, 393, 49, 584, 806, 805, 358, 650, 414, 807, 808, 809, 399, 811, 685, 454, 672, 770, 810, 130, 812, 814, 815, 817, 819, 180, 821, 813, 822, 272, 816, 818, 823, 702, 825, 820, 692, 826, 827, 714, 824, 828, 701, 829, 100, 239, 762, 831, 833, 834, 836, 838, 3, 138, 670, 840, 830, 682, 835, 837, 839, 841, 731, 186, 843, 396, 69, 845, 379, 847, 842, 844, 849, 846, 850, 373, 852, 700, 213, 854, 855, 360, 856, 832, 853, 247, 858, 860, 861, 862, 20, 859, 863, 159, 851, 864, 35, 866, 123, 172, 857, 755, 867, 848, 251, 865, 869, 481, 2, 868, 870, 872, 468, 874, 19, 474, 873, 805, 876, 757, 871, 464, 875, 877, 686, 181, 878, 879, 771, 258, 718, 881, 792, 880, 882, 884, 886, 883, 888, 887, 889, 891, 892, 894, 896, 148, 885, 897, 898, 899, 901, 902, 502, 890, 354, 903, 904, 895, 905, 906, 908, 900, 909, 578, 911, 913, 914, 916, 918, 920, 910, 922, 820, 924, 907, 912, 923, 915, 917, 564, 716, 925, 926, 928, 929, 931, 933, 934, 935, 921, 937, 936, 939, 941, 943, 930, 945, 927, 932, 919, 893, 938, 940, 942, 944, 946, 948, 950, 934, 951, 953, 954, 956, 958, 947, 949, 952, 955, 957, 959, 961, 963, 828, 965, 960, 967, 966, 969, 964, 971, 968, 973, 970, 975, 977, 978, 962, 980, 972, 979, 982, 165, 984, 974, 976, 986, 987, 824, 989, 991, 992, 994, 785, 981, 983, 985, 988, 990, 993, 995, 996, 998, 1000, 999, 1002, 1001, 1004, 1006, 1008, 1007, 1010, 775, 1005, 1003, 1011, 997, 1013, 945, 1012, 1015, 1017, 1019, 1021, 1009, 1023, 1024, 1025, 943, 1027, 1022, 1029, 410, 1031, 1026, 1018, 1020, 1032, 1034, 1036, 816, 1033, 1028, 1037, 1039, 1035, 1041, 1043, 1044, 725, 1046, 1048, 172, 1050, 1052, 1054, 1045, 1049, 1016, 1042, 1038, 1040, 1030, 1047, 1055, 1057, 1058, 1060, 1051, 1061, 1059, 1062, 1056, 1064, 1066, 1067, 1014, 1053, 1063, 1068, 1065, 1070, 1072, 1074, 1075, 1077, 1071, 1079, 1069, 1081, 854, 1080, 1083, 1082, 1085, 1076, 1087, 1078, 1089, 1091, 1088, 54, 1092, 1094, 1096, 343, 1093, 1084, 1073, 1098, 1095, 1090, 350, 1099, 1086, 1100, 594, 1101, 1102, 838, 1103, 1104, 1106, 794, 1107, 1097, 846, 1108, 1110, 875, 1111, 1112, 1105, 1114, 1115, 1109, 1116, 1118, 813, 1120, 1113, 1122, 1124, 1117, 1121, 1126, 1123, 1128, 1127, 1130, 1132, 1129, 1134, 968, 1125, 1133, 651, 1136, 437, 1131, 1138, 1139, 1135, 1119, 1137, 1140, 1142, 1144, 1141, 1143, 1084, 1145, 245, 742, 1146, 1148, 1150, 1149, 1147, 1152, 1154, 355, 790, 1151, 1155, 1156, 1158, 1160, 1162, 1163, 970, 1157, 1153, 1165, 261, 1167, 1164, 1168, 1166, 1169, 1171, 1172, 236, 1173, 1175, 1177, 1179, 1181, 1182, 1178, 1184, 1183, 1185, 1180, 1159, 1187, 1161, 1176, 800, 1189, 1170, 1190, 1192, 1194, 1174, 1196, 1188, 1186, 1191, 1198, 1200, 1193, 1195, 1202, 518, 1204, 274, 1206, 1208, 1203, 1199, 655, 1210, 1197, 1201, 1205, 1033, 1207, 1209, 1211, 1212, 1214, 1018, 1213, 1216, 1215, 1218, 1217, 1220, 1219, 1222, 1223, 1221, 1225, 1224, 1226, 1227, 860, 1229, 1228, 1231, 1230, 1233, 323, 1234, 1232, 878, 1235, 1236, 1237, 1239, 1241, 1238, 1243, 1240, 1242, 1245, 35, 1007, 1246, 1248, 1244, 1250, 1252, 1249, 1253, 1254, 1255, 1247, 1256, 1258, 1260, 856, 1259, 1257, 1262, 946, 821, 1264, 1266, 1261, 1263, 1147, 1267, 1268, 1055, 1251, 1265, 1269, 1270, 1080, 1272, 1273, 1274, 1275, 1276, 1271, 1277, 1279, 1281, 1282, 1278, 1283, 1285, 975, 1284, 1286, 1287, 1289, 1291, 883, 1293, 371, 1292, 1294, 424, 1288, 1296, 1298, 1280, 1290, 1297, 1300, 954, 1299, 1301, 1302, 40, 1304, 1306, 1167, 1295, 810, 326, 1303, 5, 1305, 421, 1307, 123, 1308, 1310, 1311, 1312, 1314, 1315, 3, 1316, 17, 428, 1318, 405, 410, 1144, 1320, 19, 1322, 484, 559, 56, 132, 1324, 1325, 1326, 1, 1146, 861, 48, 1327, 365, 1329, 1321, 1328, 962, 1331, 307, 1333, 347, 115, 423, 993, 11, 1330, 1258, 27, 1335, 2, 1309, 1313, 20, 7, 417, 332, 1317, 471, 1114, 1319, 896, 1026, 1323, 1332, 50, 299, 1334, 1336, 601, 1151, 1338, 1337, 1117, 1340, 28, 1339, 1342, 1343, 59, 438, 1345, 36, 130, 1346, 355, 661, 3, 57, 998, 1347, 1186, 66, 473, 18, 1344, 52, 1341, 1349, 161, 1350, 1351, 0, 1353, 1188, 1355, 1357, 63, 5, 42, 1352, 837, 542, 632, 1356, 1210, 1354, 21, 86, 1359, 149, 1361, 1348, 1362, 1358, 13, 1363, 1360, 1364, 1365, 1367, 1366, 132, 604, 549, 960, 31, 1369, 859, 1370, 1372, 15, 489, 1368, 1371, 1373, 373, 1375, 114, 783, 1377, 1378, 1163, 851, 1380, 1379, 1232, 42, 1382, 644, 1384, 1376, 1374, 1381, 1385, 1383, 1387, 1389, 1391, 1393, 1395, 1397, 1399, 1401, 1402, 1394, 1386, 1404, 1390, 1396, 1392, 1406, 1405, 1408, 1410, 1412, 1414, 1416, 1417, 1388, 1418, 1419, 1403, 447, 1411, 1398, 1420, 308, 1407, 1409, 1400, 1094, 1, 376, 1413, 1415, 1421, 1423, 1425, 387, 1427, 1428, 1429, 1430, 1422, 1431, 1432, 1434, 1436, 1424, 1426, 638, 866, 1438, 1435, 1433, 1437, 1439, 1441, 1443, 1444, 1446, 1447, 1449, 1445, 1451, 1453, 1454, 1456, 1458, 1460, 1461, 1462, 1464, 1199, 1450, 1465, 1467, 1442, 1468, 1470, 1472, 1473, 1475, 1477, 1478, 1480, 1482, 1484, 1485, 1448, 1487, 1489, 1459, 1491, 1486, 1492, 1494, 1496, 1498, 1500, 1502, 1463, 1501, 1490, 1503, 1504, 1506, 1508, 1510, 1505, 1440, 1512, 1513, 1507, 1515, 1452, 807, 1284, 1455, 1457, 733, 1469, 1287, 1266, 1471, 1516, 1474, 1479, 1466, 497, 1495, 1282, 1481, 1483, 1356, 1213, 250, 1488, 1493, 1509, 1517, 1497, 1221, 1499, 1511, 1514, 1519, 1325, 1521, 1523, 1525, 84, 253, 1131, 1520, 1527, 1528, 1530, 1532, 1534, 1524, 1529, 524, 1536, 1538, 1533, 467, 1539, 1541, 1531, 1476, 752, 1522, 1543, 1545, 634, 1547, 1549, 1535, 1551, 1378, 1553, 1555, 853, 1537, 1334, 267, 1540, 1518, 1336, 1542, 1557, 1544, 1559, 1560, 1562, 1548, 1526, 1550, 715, 1552, 1203, 1564, 708, 1558, 1546, 1565, 1566, 1561, 1567, 1568, 1570, 1563, 789, 1569, 1556, 1571, 1573, 9, 1554, 1572, 1159, 1575, 1577, 1579, 501, 1581, 850, 323, 160, 526, 80, 1582, 780, 339, 33, 25, 1142, 31, 1584, 363, 1580, 1586, 554, 1587, 1578, 1169, 6, 1588, 1583, 1574, 1589, 930, 1591, 1585, 50, 938, 1576, 29, 1593, 1595, 1594, 407, 1596, 1598, 1600, 1602, 1599, 1590, 1592, 1597, 1601, 1603, 1605, 1607, 1608, 1610, 1606, 1604, 1612, 1614, 1615, 1617, 1619, 1611, 1620, 1609, 1576, 1613, 1254, 1616, 1622, 1618, 1623, 1621, 1624, 1624, 1625, 1625, 1626, 1626, 124, 1627, 1627, 1628, 1071, 1629, 1629, 1630, 1630, 1631, 1631, 1632, 1632, 1633, 1633, 1313, 1634, 1634, 1635, 1369, 1636, 1636, 118, 1637, 86, 680, 1638, 140, 1639, 801, 1424, 1640, 712, 1641, 1311, 1642, 1642, 1643, 1643, 1644, 1644, 1645, 1645, 1646, 1646, 1647, 693, 1648, 76, 1649, 1649, 1650, 1650, 1651, 1651, 868, 546, 359, 1201, 1079, 1652, 34, 1653, 1653, 1654, 1654, 1655, 71, 1656, 855, 1657, 852, 1658, 1658, 1659, 1659, 1129, 310, 1660, 1660, 1661, 1455, 1662, 72, 392, 347, 1529, 1663, 1241, 328, 1664, 364, 1128, 1135, 1665, 535, 1666, 116, 1200, 1667, 641, 1668, 16, 1669, 514, 1670, 330, 651, 1073, 1671, 1671, 1672, 1672, 871, 1673, 1673, 1674, 1674, 346, 909, 515, 1675, 1675, 1676, 1676, 1149, 1677, 1677, 1678, 1678, 830, 1679, 550, 1680, 1680, 1681, 1681, 1682, 384, 1683, 1683, 1684, 555, 1051, 1193, 1685, 1685, 1003, 1686, 1686, 425, 1687, 1556, 1688, 1569, 1689, 96, 1690, 1690, 84, 1691, 1691, 1692, 412, 1693, 1693, 708, 1694, 1694, 1695, 1695, 1696, 1696, 1697, 1697, 749, 1698, 1698, 1699, 6, 1700, 1700, 1701, 1345, 1702, 1168, 1703, 1703, 1704, 1704, 1705, 832, 1706, 1706, 126, 1707, 178, 1708, 1708, 1709, 1709, 5, 1710, 1710, 1711, 1572, 1712, 1712, 1713, 1713, 1714, 1714, 1715, 1715, 914, 1716, 1716, 1520, 1717, 1717, 440, 1718, 476, 1719, 98, 1720, 1596, 1721, 1721, 1722, 1722, 1723, 1723, 1724, 1724, 1725, 1725, 1726, 1726, 1727, 1668, 1728, 185, 1729, 738, 1263, 1730, 1730, 478, 1731, 1731, 1339, 520, 674, 786, 1732, 1732, 1733, 247, 905, 1734, 1734, 1735, 1735, 1212, 1736, 913, 1737, 1348, 1738, 510, 1739, 95, 1061, 1740, 782, 1741, 1741, 1742, 1742, 90, 1743, 1743, 1744, 745, 1745, 1, 1746, 413, 927, 1747, 1747, 103, 68, 374, 1, 1748, 151, 1749, 1749, 874, 361, 1750, 921, 1751, 161, 142, 9, 1752, 30, 1546, 320, 239, 158, 1219, 74, 0, 1753, 1753, 3, 0, 202, 4, 56, 1754, 1754, 1755, 1280, 585, 311, 1141, 1756, 4, 1137, 1757, 586, 1758, 124, 1759, 397, 7, 1760, 569, 122, 4, 639, 426, 1761, 611, 1762, 2, 1762, 2, 1763, 1761, 1764, 767, 1765, 1765, 787, 1766, 457, 1767, 463, 1768, 18, 227, 1662, 1769, 196, 1554, 1770, 601, 267, 1089, 1771, 175, 1772, 1772, 1773, 1773, 660, 1774, 1774, 1775, 1775, 0, 1776, 1776, 709, 1777, 720, 1778, 249, 398, 697, 75, 1779, 209, 1780, 264, 1781, 1781, 210, 1782, 1782, 1783, 83, 1, 1784, 1784, 1242, 1740, 688, 679, 1785, 6, 779, 1786, 1786, 96, 8, 573, 1787, 1787, 1788, 895, 1789, 735, 689, 1790, 1790, 1327, 753, 1791, 1791, 1792, 58, 1793, 16, 456, 1332, 1794, 115, 1795, 666, 1796, 1796, 434, 1797, 1797, 791, 1165, 23, 1798, 1349, 1379, 26, 1799, 40, 1800, 1800, 1801, 95, 0, 1802, 1802, 1803, 1803, 869, 76, 1433, 1766, 21, 1804, 1583, 1805, 94, 1806, 49, 1807, 1106, 1536, 563, 1808, 45, 87, 683, 32, 100, 1809, 20, 1362, 1748, 1006, 11, 1197, 1810, 1, 9, 495, 375, 848, 70, 1811, 1788, 1567, 1, 1812, 1812, 27, 13, 46, 42, 1813, 1813, 61, 1814, 1814, 646, 1120, 873, 1815, 247, 1816, 3, 1817, 145, 1099, 524, 1818, 1818, 758, 1283, 0, 272, 419, 1819, 1819, 1820, 551, 1821, 1821, 581, 1301, 390, 192, 1822, 1822, 1823, 291, 280, 1824, 15, 1070, 1825, 662, 1826, 1, 1692, 1827, 1827, 575, 1807, 1828, 3, 621, 68, 1829, 22, 1830, 134, 1483, 1831, 1038, 1235, 1832, 497, 1, 4, 1833, 8, 152, 0, 1834, 63, 1835, 877, 1836, 253, 35, 704, 192, 1837, 788, 17, 5, 436, 1838, 85, 1531, 1839, 51, 170, 528, 44, 43, 1840, 865, 1841, 7, 1842, 1195, 3, 1792, 955, 1843, 880, 827, 16, 1844, 1751, 265, 1845, 1845, 1846, 108, 1847, 1847, 612, 1848, 332, 1849, 870, 1850, 555, 230, 1851, 156, 64, 1852, 1852, 296, 62, 540, 1853, 1217, 275, 818, 726, 361, 1854, 13, 1271, 7, 28, 1855, 277, 1856, 6, 1530, 52, 2, 2, 29, 1857, 1857, 1858, 0, 1192, 3, 1244, 1859, 1859, 598, 20, 1860, 6, 1861, 1861, 1862, 1862, 1863, 504, 1864, 498, 1865, 631, 181, 1866, 1321, 1086, 1867, 77, 1868, 80, 1869, 559, 1452, 25, 444, 925, 1870, 1870, 1191, 599, 1871, 923, 409, 499, 1140, 1872, 138, 34, 1873, 12, 12, 2, 1874, 1292, 1875, 431, 1363, 1876, 1562, 1877, 1877, 798, 5, 1878, 1878, 1879, 1804, 1880, 0, 1881, 49, 649, 1279, 1853, 1882, 1882, 1883, 1883, 1884, 1884, 1885, 116, 1886, 45, 1887, 1887, 42, 1888, 82, 1037, 153, 756, 114, 1202, 1257, 526, 32, 33, 1889, 1622, 9, 96, 12, 1868, 1890, 40, 1891, 1891, 14, 39, 724, 1892, 669, 1893, 14, 1894, 100, 486, 673, 1895, 1895, 1896, 3, 793, 1897, 7, 1898, 50, 577, 1288, 1899, 141, 1849, 677, 773, 773, 13, 1900, 1124, 109, 4, 754, 1207, 1040, 78, 1901, 314, 1902, 1251, 461, 1903, 1903, 1904, 32, 1905, 1905, 1906, 1906, 769, 1354, 833, 1907, 1196, 1908, 1908, 1016, 203, 1909, 1909, 1910, 1832, 1911, 1911, 1912, 1912, 1913, 1014, 458, 1914, 1914, 66, 1915, 85, 1916, 146, 1917, 1917, 35, 1918, 93, 1919, 1919, 1920, 1920, 1921, 694, 1922, 1922, 1899, 1923, 1923, 1924, 1924, 1925, 1047, 515, 1344, 1926, 1926, 1815, 1927, 685, 1523, 1894, 1928, 1928, 1929, 1929, 1930, 1930, 1931, 443, 1932, 48, 1933, 1933, 1934, 584, 1935, 1935, 1936, 1893, 1937, 126, 1938, 564, 1939, 1145, 1940, 417, 1941, 1898, 1942, 1942, 1943, 1943, 959, 1944, 1944, 1945, 1945, 268, 1946, 1095, 1080, 1947, 1947, 190, 245, 55, 1948, 1227, 132, 1949, 97, 1950, 751, 1951, 1951, 1952, 1952, 1578, 470, 1953, 723, 1954, 1777, 1955, 1955, 1956, 1956, 1957, 1331, 101, 1310, 1958, 588, 81, 1087, 1172, 1959, 1959, 1960, 156, 1837, 34, 1961, 563, 1733, 1873, 1962, 899, 1963, 14, 1964, 1964, 1965, 1965, 1966, 1442, 1967, 1867, 1842, 1968, 1968, 1855, 1969, 1840, 1970, 1970, 1971, 1971, 1972, 1972, 1663, 1961, 235, 1973, 1875, 1458, 1737, 1824, 1639, 1974, 1974, 1975, 951, 1976, 1798, 1977, 1353, 1978, 1869, 1979, 277, 763, 1980, 1980, 882, 1981, 1981, 1982, 1174, 1983, 1983, 1984, 1543, 1985, 1985, 1986, 1986, 1987, 1823, 1902, 1988, 1988, 1890, 1989, 1989, 1990, 1990, 342, 1991, 1991, 1992, 1992, 1993, 1993, 1994, 1994, 1793, 1995, 597, 310, 1996, 857, 1045, 915, 1997, 1997, 1998, 1514, 1999, 1999, 2000, 1910, 2001, 2001, 123, 1261, 1901]
