===== RESULTADO GA L(2,1) =====
Arquivo: /Users/mateuspedrosa/Documents/TCC-II/BOGA/data/Harwell-Boeing_cleaned/psmigr_1_clean.mtx (undirected)
Crossover: cx | Mutação: em | pop=30 | gens=53 | mut=0.446 | cr=0.5724 | runs=1 | max-stagt=1031

----- Execução #1 -----
Span (lambda): 3090
Parada: TIME_LIMIT (geração 1)
best_order = [2728, 22, 3076, 1061, 2334, 508, 660, 2936, 949, 1325, 88, 2350, 2787, 1248, 579, 2440, 230, 275, 28, 1715, 1869, 2161, 1107, 1938, 9, 2594, 288, 2575, 1565, 1539, 2240, 296, 167, 871, 371, 1106, 473, 870, 2994, 1371, 244, 2254, 2944, 3138, 3113, 2551, 3066, 795, 2966, 1295, 1300, 878, 392, 2405, 385, 2438, 2418, 382, 2896, 1426, 1829, 1099, 1445, 1341, 835, 320, 2770, 1931, 1024, 1053, 1884, 465, 1626, 2773, 2975, 2836, 1143, 2761, 755, 1182, 2164, 2613, 1491, 346, 1867, 3100, 2723, 629, 1150, 2825, 2527, 804, 2139, 1683, 2636, 1574, 1978, 3120, 1707, 2136, 1734, 1972, 402, 1877, 176, 2667, 2234, 3133, 2243, 1408, 735, 1244, 879, 311, 2912, 2808, 939, 2330, 1442, 2050, 1826, 1671, 958, 447, 534, 1944, 1358, 442, 786, 3034, 1755, 1680, 721, 2990, 58, 376, 2872, 2311, 98, 2823, 2774, 1504, 1541, 1687, 27, 2610, 83, 888, 2107, 2518, 1177, 3037, 2101, 1285, 1599, 682, 2895, 2600, 2967, 2650, 661, 2342, 196, 1310, 2238, 324, 2614, 1083, 207, 1148, 1856, 2231, 2637, 750, 625, 2979, 784, 2672, 919, 1729, 1151, 1607, 1953, 1718, 139, 2324, 1954, 2914, 426, 2846, 79, 250, 1534, 1911, 2545, 1058, 1590, 2329, 2880, 2075, 791, 1011, 1237, 544, 2662, 1983, 1448, 1242, 3054, 2765, 621, 2261, 2550, 2965, 998, 934, 766, 265, 1395, 398, 706, 2421, 2973, 413, 2380, 2132, 62, 1080, 2346, 2193, 575, 1019, 1020, 2468, 1119, 1922, 2673, 2084, 1317, 458, 3099, 761, 2063, 1062, 1543, 852, 2986, 2308, 533, 1323, 2974, 2771, 856, 2925, 272, 843, 599, 489, 131, 1482, 2848, 1711, 1321, 363, 3011, 2479, 2004, 1531, 2095, 3134, 1443, 956, 656, 318, 1290, 2496, 1760, 1149, 3059, 2230, 2725, 2976, 386, 2572, 1132, 2544, 976, 983, 781, 1628, 2749, 1124, 487, 348, 1756, 410, 2889, 233, 400, 3022, 2387, 2853, 2789, 2343, 548, 2916, 726, 221, 2875, 1495, 1665, 2651, 342, 2790, 427, 713, 712, 2406, 1477, 903, 1578, 351, 2738, 2098, 1554, 2542, 608, 982, 1617, 2269, 899, 2174, 2302, 2844, 1293, 97, 1814, 2137, 287, 461, 2898, 246, 99, 1848, 2218, 946, 2654, 1005, 304, 234, 768, 1851, 1171, 2486, 420, 2426, 1176, 501, 1695, 1256, 1770, 2549, 325, 1986, 2684, 2837, 521, 2402, 1692, 1117, 1876, 23, 251, 2441, 1592, 1304, 1737, 435, 2554, 2797, 928, 2905, 1669, 2260, 455, 174, 1205, 2439, 1528, 2182, 551, 5, 1664, 1199, 2981, 2864, 1572, 1007, 1247, 601, 1128, 617, 209, 2312, 370, 517, 1802, 1280, 902, 689, 1551, 276, 1685, 491, 751, 1945, 1766, 2601, 1301, 2959, 1294, 1518, 2208, 29, 61, 1632, 1045, 1314, 877, 1214, 1773, 634, 2528, 1742, 3081, 75, 2958, 822, 1610, 503, 1538, 2044, 511, 2535, 1337, 1008, 2488, 1776, 299, 2368, 1582, 1586, 1455, 3025, 2484, 1155, 2977, 988, 3010, 1261, 2326, 2968, 1763, 1462, 2461, 1704, 1088, 1974, 264, 1871, 2444, 2668, 1499, 94, 926, 841, 1552, 532, 2854, 16, 974, 1279, 1167, 2447, 13, 2415, 1470, 2374, 1865, 199, 76, 515, 1725, 2109, 2691, 1996, 555, 1568, 49, 2116, 1126, 2104, 1832, 850, 2237, 907, 2901, 343, 1201, 1473, 932, 1536, 146, 3029, 2706, 2105, 1145, 1859, 1976, 813, 2423, 63, 647, 2599, 1202, 3130, 1481, 1750, 2253, 633, 598, 2211, 166, 145, 479, 3016, 752, 2869, 2921, 254, 193, 1156, 1622, 3026, 651, 350, 2866, 2918, 590, 904, 1682, 2093, 220, 968, 116, 834, 1768, 66, 1720, 2309, 526, 1600, 2298, 2757, 2978, 2509, 2833, 2890, 2640, 1028, 1184, 546, 2043, 1463, 2166, 2782, 1779, 2791, 2516, 482, 7, 1841, 1451, 3056, 2363, 2148, 313, 2435, 688, 2040, 3119, 2750, 2810, 3003, 966, 1673, 100, 2923, 823, 552, 1396, 2935, 881, 110, 3019, 1615, 481, 1115, 2244, 2133, 2018, 1384, 1160, 457, 1228, 242, 2407, 648, 2354, 892, 507, 1283, 470, 1616, 827, 1298, 650, 2769, 1075, 1822, 862, 1193, 1849, 2775, 2089, 2629, 691, 2443, 837, 1916, 2339, 2991, 2229, 1174, 947, 2264, 2446, 262, 2490, 1471, 2677, 2817, 451, 286, 1834, 2656, 2620, 2871, 1557, 1410, 1656, 583, 273, 2514, 2578, 700, 2970, 2665, 2138, 467, 2512, 1555, 2582, 2809, 514, 380, 565, 2067, 2553, 1761, 1872, 217, 456, 73, 999, 1073, 1046, 3091, 93, 1398, 1939, 1006, 2337, 2678, 1437, 1239, 1800, 2767, 536, 236, 1077, 1596, 1452, 1164, 484, 2963, 1101, 652, 2295, 1839, 794, 1252, 2478, 422, 703, 597, 1040, 2743, 1730, 1066, 2184, 978, 1411, 2910, 708, 2902, 274, 1187, 1855, 829, 2624, 2476, 1890, 615, 2057, 2888, 327, 399, 381, 2581, 959, 1494, 362, 1774, 2112, 2646, 1647, 676, 3109, 1065, 2271, 858, 3082, 732, 2224, 796, 1700, 1419, 2886, 112, 577, 2209, 885, 3093, 1014, 2284, 758, 624, 2598, 141, 696, 3051, 24, 1660, 2480, 330, 1860, 1346, 328, 2631, 2497, 60, 2753, 572, 2934, 2203, 2431, 1373, 1497, 39, 874, 759, 1533, 1984, 414, 2016, 1183, 1684, 746, 187, 2143, 3123, 2746, 1262, 500, 730, 1728, 1097, 2034, 2696, 694, 2933, 884, 2390, 2687, 1217, 588, 1308, 654, 2838, 619, 825, 668, 190, 2642, 1120, 991, 2449, 2074, 2207, 2274, 2493, 1579, 2700, 3050, 2676, 2997, 1620, 523, 853, 2352, 2643, 2301, 582, 2233, 1967, 353, 2442, 1746, 1593, 375, 1631, 2376, 525, 2085, 725, 1934, 2870, 1191, 893, 1353, 2131, 1200, 134, 680, 1291, 2428, 2381, 2162, 2943, 2247, 460, 3005, 492, 1316, 43, 3015, 1049, 115, 3031, 994, 1926, 332, 2310, 704, 2060, 1570, 2632, 1425, 2515, 1703, 11, 2653, 3004, 1935, 545, 1706, 2088, 3137, 305, 2517, 3106, 1790, 1493, 1748, 2502, 901, 158, 1076, 2276, 1194, 232, 416, 513, 1736, 2835, 1146, 886, 2526, 430, 2086, 773, 1354, 1333, 2119, 2090, 2670, 1039, 1421, 707, 2135, 1956, 734, 294, 252, 722, 2580, 2281, 1820, 1166, 283, 2345, 156, 1942, 1059, 1347, 1, 906, 1723, 2216, 125, 200, 2175, 640, 535, 1721, 941, 463, 300, 1268, 1465, 695, 2413, 1181, 319, 1405, 1870, 2627, 1999, 90, 2221, 2241, 2417, 2780, 2118, 1603, 47, 2424, 844, 2202, 2585, 1139, 1873, 2507, 690, 1226, 307, 1904, 984, 1655, 2964, 143, 2937, 2470, 1836, 1672, 2536, 2560, 1313, 2321, 855, 1609, 149, 170, 1957, 345, 1195, 1879, 78, 1899, 101, 1854, 2799, 2953, 2460, 1264, 1789, 1369, 2818, 1320, 3069, 1764, 1422, 2173, 2954, 2939, 2802, 2592, 3039, 2296, 2251, 3, 2318, 817, 1286, 818, 142, 2615, 566, 810, 2998, 466, 3065, 587, 291, 309, 623, 1277, 1915, 1625, 1359, 438, 499, 516, 2386, 1969, 284, 2272, 2000, 1365, 2482, 2103, 1374, 740, 247, 512, 2357, 2106, 14, 2456, 2199, 3040, 2124, 1159, 777, 1131, 429, 2289, 1022, 341, 1581, 783, 2709, 1545, 741, 547, 2094, 46, 702, 1038, 996, 2617, 622, 3002, 179, 3061, 3070, 788, 1165, 1838, 913, 1206, 2719, 646, 2712, 2639, 1274, 2481, 2262, 2191, 59, 164, 962, 1549, 927, 1296, 845, 448, 574, 493, 2957, 2408, 1937, 1233, 589, 31, 2842, 419, 2683, 407, 1905, 3030, 2561, 2032, 2223, 1238, 1502, 716, 1636, 2179, 1434, 2996, 2062, 1644, 678, 553, 807, 1487, 3041, 738, 2726, 2487, 1078, 1092, 1153, 1788, 71, 1998, 898, 1821, 977, 1991, 529, 867, 1929, 159, 550, 1377, 2046, 1897, 2778, 1835, 1893, 1026, 103, 2177, 1767, 2748, 1091, 1258, 2945, 3079, 1833, 1501, 3064, 1712, 237, 1496, 1709, 1837, 277, 562, 720, 1874, 952, 2041, 2909, 119, 1749, 91, 2926, 1690, 1489, 2190, 1433, 480, 2794, 1361, 2860, 439, 1142, 2025, 205, 2265, 129, 715, 667, 1170, 1992, 2013, 2474, 2420, 0, 2255, 1267, 1366, 1958, 213, 15, 2300, 2703, 2110, 1103, 1542, 2638, 1511, 445, 124, 2850, 2740, 3077, 891, 830, 1635, 137, 3108, 2282, 2919, 2126, 2917, 620, 3115, 1891, 1801, 1071, 1409, 630, 1560, 2396, 1757, 2364, 1234, 2707, 1113, 3101, 118, 1710, 64, 2893, 270, 259, 3132, 269, 1016, 1084, 2053, 711, 107, 1950, 2491, 2362, 55, 3009, 1362, 248, 1577, 2290, 992, 519, 1204, 2427, 805, 2187, 2061, 1686, 2591, 2027, 655, 1699, 748, 2455, 2359, 979, 778, 2073, 1540, 1818, 2167, 1883, 2576, 349, 1613, 685, 2414, 2425, 2297, 3088, 3048, 2437, 3110, 1525, 1510, 1203, 2214, 1521, 1090, 3032, 1381, 2273, 168, 127, 2280, 1918, 1639, 1307, 860, 2845, 3097, 2586, 664, 2379, 1207, 2819, 642, 1367, 373, 1744, 649, 2410, 1446, 1803, 2873, 556, 3089, 1079, 2622, 441, 401, 776, 452, 749, 2096, 836, 2153, 3007, 365, 1964, 1947, 653, 2168, 2680, 366, 334, 2399, 2154, 1212, 183, 8, 2806, 1864, 1318, 2511, 2189, 2930, 2248, 2196, 1334, 1619, 80, 483, 2922, 2327, 1805, 390, 1517, 2130, 2804, 1133, 2344, 2242, 344, 1924, 1652, 2080, 406, 2768, 1364, 152, 2852, 2395, 1952, 171, 2450, 2258, 2111, 2048, 1580, 1547, 2940, 2510, 863, 1220, 1474, 36, 2503, 2904, 147, 1000, 1221, 1678, 1677, 1048, 3125, 1633, 890, 2250, 2766, 104, 1866, 1771, 1271, 1276, 1137, 2151, 1778, 1963, 1919, 782, 2370, 2552, 2392, 2686, 2036, 1299, 2039, 1816, 1332, 2268, 462, 1250, 2286, 2249, 195, 1811, 2058, 610, 2097, 50, 2320, 1815, 964, 1708, 2987, 1892, 2471, 1667, 81, 509, 2664, 2278, 2758, 2927, 576, 2092, 136, 186, 1385, 1469, 1004, 2805, 2534, 2533, 559, 2347, 2009, 1460, 2756, 1605, 106, 1281, 578, 1013, 569, 2887, 162, 1948, 1714, 1213, 3092, 2660, 3104, 241, 1484, 832, 102, 2026, 192, 2317, 1608, 1681, 1129, 889, 1791, 1601, 1015, 1112, 915, 1666, 645, 240, 1861, 1331, 965, 767, 3057, 2083, 201, 2372, 449, 2565, 255, 2980, 542, 2252, 3046, 1571, 618, 2788, 3103, 1825, 409, 2373, 942, 1098, 388, 1479, 880, 1583, 1288, 40, 2319, 1383, 1606, 243, 53, 2002, 1172, 2877, 2335, 632, 1576, 2949, 1513, 1769, 698, 2907, 1959, 997, 790, 530, 2690, 2087, 2831, 1882, 887, 1067, 1163, 37, 3072, 2892, 2499, 970, 358, 1844, 2257, 1693, 2815, 561, 801, 961, 446, 1329, 2436, 468, 1951, 2928, 744, 1753, 2785, 2751, 3038, 1389, 148, 1847, 2155, 591, 3067, 1747, 1284, 2605, 1189, 1461, 1498, 875, 2371, 2863, 1806, 229, 290, 1002, 1812, 140, 1003, 260, 2741, 710, 357, 2816, 1785, 180, 953, 25, 2731, 69, 2556, 2367, 1047, 1324, 2197, 2713, 2293, 985, 1961, 1456, 2042, 1909, 606, 216, 1661, 969, 2340, 819, 3080, 1887, 497, 1781, 408, 1719, 1416, 228, 2059, 3062, 2333, 2011, 84, 1705, 2876, 1211, 2388, 2378, 1907, 1519, 2369, 2647, 3012, 1436, 218, 222, 2303, 339, 258, 1057, 1627, 2055, 1190, 1807, 359, 954, 659, 1794, 297, 2915, 2079, 2995, 1589, 108, 1122, 727, 1645, 868, 2675, 1638, 2733, 2811, 1399, 1089, 2305, 3131, 1030, 2697, 1731, 2183, 2226, 1391, 1154, 2391, 2149, 1429, 1021, 960, 394, 1147, 2313, 266, 3124, 3112, 2338, 912, 454, 2285, 105, 1968, 729, 3013, 2920, 1598, 2217, 1587, 2341, 2566, 1001, 2236, 923, 2732, 1110, 3035, 2737, 2475, 2505, 2570, 2982, 1472, 2210, 2621, 2649, 1453, 1052, 1253, 1152, 1441, 2454, 3128, 428, 2220, 2361, 215, 3024, 1287, 2906, 3020, 1397, 1179, 2820, 1828, 980, 2693, 717, 747, 2052, 1302, 1427, 317, 1340, 263, 2894, 803, 787, 52, 2859, 1564, 173, 1351, 2841, 1056, 2759, 1363, 1793, 2351, 122, 2377, 1634, 1752, 411, 35, 2784, 2315, 1135, 3043, 914, 797, 1777, 1219, 1328, 2747, 637, 975, 2275, 2718, 2403, 437, 2409, 2847, 474, 2562, 1249, 2228, 3021, 2698, 321, 596, 1251, 937, 120, 2589, 567, 295, 2596, 2658, 2081, 172, 1843, 121, 674, 770, 389, 1733, 2563, 2188, 1846, 1444, 2172, 1231, 2198, 2840, 1208, 85, 2213, 1037, 2219, 1138, 672, 38, 3096, 1257, 3068, 138, 2366, 1440, 611, 2813, 175, 848, 2129, 2024, 1121, 82, 2279, 181, 2736, 1222, 113, 2745, 2952, 1797, 3075, 1435, 2776, 2, 922, 1402, 838, 605, 2383, 2685, 2108, 1010, 1792, 973, 2171, 2215, 2626, 2122, 1985, 564, 3094, 1192, 496, 2824, 2091, 383, 2988, 1380, 2185, 2674, 2899, 1431, 1082, 3102, 1215, 872, 2539, 1240, 2115, 963, 2744, 369, 132, 1878, 2419, 538, 2739, 1650, 355, 2012, 1450, 2389, 3028, 3127, 2007, 3023, 450, 586, 1933, 2695, 842, 2433, 1512, 2263, 2144, 1466, 188, 1081, 128, 292, 3114, 1713, 1173, 1739, 1072, 1210, 1759, 1786, 2299, 774, 109, 540, 424, 866, 1246, 894, 571, 938, 249, 1467, 1269, 2911, 1995, 3052, 1852, 1659, 2956, 670, 364, 182, 1161, 1862, 2020, 847, 1908, 1527, 2803, 2715, 1044, 378, 1649, 865, 699, 361, 1556, 2701, 2908, 2679, 1745, 1305, 2006, 1946, 2879, 26, 163, 2595, 1031, 1376, 2755, 1087, 1894, 1454, 1478, 675, 72, 95, 333, 2983, 245, 1738, 395, 1795, 2752, 2724, 1643, 671, 432, 1604, 681, 337, 2023, 2557, 955, 1553, 1063, 2235, 2398, 1973, 231, 2051, 2688, 2156, 2314, 1476, 764, 584, 739, 1993, 3090, 331, 2056, 1475, 2283, 1483, 475, 1043, 2140, 2760, 3063, 2579, 2681, 189, 669, 869, 820, 967, 2992, 1017, 2375, 1955, 2714, 2625, 2469, 2548, 603, 2163, 1588, 2931, 3033, 2807, 123, 506, 415, 772, 930, 2884, 2727, 117, 585, 1400, 2404, 2633, 211, 1413, 644, 1141, 1459, 1735, 2485, 1430, 2828, 2348, 936, 2245, 177, 1348, 1651, 2729, 2822, 609, 135, 3136, 897, 2021, 1526, 799, 3116, 2821, 1694, 1689, 918, 2127, 2734, 2874, 2014, 1930, 1468, 133, 2938, 2932, 1136, 1732, 2564, 1523, 1971, 2448, 301, 1458, 1724, 2125, 2946, 1068, 851, 745, 226, 2466, 1648, 1035, 1372, 1266, 527, 2141, 2523, 1352, 2307, 2559, 987, 1546, 1311, 614, 238, 1910, 705, 289, 433, 2569, 876, 2666, 592, 1896, 687, 126, 42, 2754, 2669, 1118, 2682, 268, 1505, 434, 3105, 1503, 683, 2971, 2071, 3018, 310, 1315, 1273, 2538, 2611, 3095, 636, 2843, 1339, 2543, 2546, 883, 1169, 2530, 2929, 3027, 2492, 1618, 2072, 2500, 1064, 1943, 1241, 528, 849, 1990, 1932, 3117, 1881, 638, 1783, 1485, 684, 1086, 1743, 1428, 2123, 1925, 184, 1662, 3036, 372, 2702, 1780, 488, 490, 404, 1827, 993, 641, 539, 2711, 1584, 2506, 673, 2588, 44, 846, 2429, 2524, 2716, 2795, 2862, 1218, 1920, 929, 840, 20, 204, 1566, 686, 1670, 271, 1842, 2999, 1263, 2066, 1486, 1562, 2532, 111, 1508, 161, 826, 2473, 2604, 1529, 815, 736, 2121, 3129, 1232, 1762, 518, 2195, 151, 981, 1338, 2671, 2993, 1544, 1550, 267, 1490, 626, 920, 1447, 2142, 2458, 2885, 931, 293, 1982, 1420, 1940, 1134, 1393, 2704, 1585, 2181, 77, 2867, 1343, 1810, 1306, 2222, 96, 1500, 2520, 2065, 2212, 693, 2856, 1787, 1327, 570, 2019, 2169, 697, 471, 2619, 1464, 19, 51, 1344, 298, 3074, 1804, 505, 2178, 948, 1209, 2942, 2547, 1679, 663, 2325, 1394, 3107, 2029, 1378, 2583, 2157, 1387, 2951, 498, 1775, 2839, 607, 3042, 155, 2699, 352, 356, 1594, 1029, 2796, 873, 440, 861, 2655, 627, 2555, 1259, 2170, 1236, 1260, 2618, 2145, 2028, 2661, 2100, 2984, 2384, 816, 1012, 374, 1414, 1375, 1330, 2147, 198, 1102, 563, 1657, 1368, 557, 905, 3017, 2540, 1642, 1401, 613, 3083, 1074, 1853, 34, 335, 1356, 253, 1109, 1917, 2708, 1941, 1319, 2270, 2814, 2259, 2602, 2989, 2232, 2394, 909, 1741, 839, 2881, 153, 323, 472, 537, 1415, 2277, 1278, 2031, 709, 33, 3073, 2291, 1254, 403, 593, 1688, 278, 2531, 1989, 2165, 2832, 3122, 1069, 3071, 895, 3008, 1036, 900, 1717, 2472, 808, 921, 2201, 368, 1558, 3001, 643, 18, 1255, 2150, 2571, 568, 2035, 1116, 2457, 1303, 1758, 2010, 857, 1621, 256, 2851, 1025, 3087, 762, 21, 943, 10, 459, 3121, 2960, 1096, 1404, 1162, 2903, 2777, 543, 666, 2663, 925, 197, 144, 316, 65, 1817, 2878, 3006, 662, 756, 2288, 1912, 2950, 2159, 1903, 2644, 2593, 2477, 531, 986, 2689, 2432, 1093, 4, 377, 1997, 1125, 2001, 1168, 2508, 2941, 1858, 1506, 2117, 1114, 1509, 657, 469, 1885, 2623, 1923, 2781, 594, 785, 1488, 302, 418, 2855, 1023, 504, 665, 3098, 1108, 1270, 990, 1522, 2645, 1979, 444, 2114, 1186, 2800, 178, 2577, 733, 658, 114, 639, 1895, 1085, 54, 1514, 443, 1561, 154, 760, 2495, 315, 2705, 423, 70, 1180, 2494, 1701, 2717, 2180, 1243, 2657, 2969, 360, 2812, 2158, 48, 1675, 1492, 3135, 1424, 765, 1799, 45, 2113, 367, 1868, 1674, 1457, 1595, 1676, 30, 2294, 3084, 600, 2194, 1987, 1275, 1438, 719, 169, 731, 789, 2134, 1292, 322, 1196, 1824, 1623, 1901, 2467, 477, 2434, 405, 2792, 2205, 1223, 1175, 1927, 1530, 2798, 2483, 2465, 2522, 802, 1392, 821, 1282, 412, 2635, 2445, 950, 502, 1127, 1289, 2422, 2606, 2358, 2955, 1245, 2849, 2411, 1722, 2176, 1819, 1054, 1754, 2607, 1388, 227, 306, 1612, 2349, 2985, 1370, 1312, 436, 933, 279, 1921, 580, 1668, 1970, 393, 2022, 89, 831, 1379, 464, 1624, 2972, 2947, 1697, 2452, 2017, 2304, 718, 2360, 2008, 2603, 1532, 809, 995, 67, 793, 2353, 257, 312, 1936, 130, 2463, 1840, 1569, 2891, 202, 1355, 1614, 57, 1041, 737, 1889, 2393, 3044, 2462, 635, 6, 56, 2082, 2356, 882, 2558, 1965, 2054, 1798, 1198, 924, 1888, 208, 2584, 2529, 743, 2412, 1637, 347, 1765, 2306, 2537, 235, 896, 2045, 1432, 3047, 1850, 1357, 1782, 1229, 1034, 1602, 1567, 1962, 628, 2764, 223, 239, 1796, 859, 2568, 2192, 1349, 1988, 1863, 2735, 1105, 160, 1094, 2742, 421, 549, 1225, 2077, 2323, 2710, 541, 1144, 2068, 824, 2612, 723, 1070, 595, 1095, 1407, 2883, 1042, 1886, 1515, 1563, 2316, 957, 1646, 2763, 2365, 1417, 2826, 1641, 379, 314, 616, 753, 3045, 1698, 1418, 2146, 940, 728, 1696, 1520, 2868, 2609, 602, 1297, 2829, 1403, 1051, 1902, 917, 1772, 2331, 1185, 1845, 1360, 206, 2128, 2225, 989, 2120, 194, 864, 2206, 478, 2069, 3078, 935, 2628, 1906, 1412, 2336, 3126, 2608, 1784, 1808, 2783, 2200, 2076, 908, 1009, 1216, 303, 1345, 2801, 2322, 1966, 806, 2648, 397, 2786, 3060, 2287, 1813, 2033, 1960, 1439, 2574, 1524, 916, 1157, 1640, 203, 2186, 1423, 944, 1350, 631, 1027, 692, 1913, 828, 2204, 2865, 1507, 225, 1227, 2064, 833, 1702, 2924, 1197, 2459, 2830, 2078, 1980, 724, 2641, 157, 812, 285, 2827, 1018, 212, 2659, 86, 1691, 2152, 1158, 2692, 1809, 2047, 763, 191, 558, 1880, 3058, 1188, 32, 2416, 2861, 1480, 1224, 1335, 3111, 522, 354, 2003, 1994, 391, 1100, 3086, 340, 1597, 87, 780, 3085, 261, 431, 2038, 1663, 2430, 2587, 2397, 910, 2498, 387, 2464, 1914, 911, 1611, 1309, 2730, 1406, 2382, 282, 1575, 1977, 68, 677, 1230, 1390, 3139, 2630, 1751, 800, 1104, 1235, 560, 2070, 2882, 742, 1060, 2160, 1050, 1032, 1831, 1516, 573, 453, 2962, 2961, 2913, 2720, 1654, 1830, 2292, 3055, 3118, 2694, 2513, 1140, 1342, 2519, 1875, 495, 1949, 2246, 1265, 1740, 2900, 951, 2239, 1386, 971, 1272, 2948, 1981, 701, 2501, 2266, 1975, 1857, 2897, 3049, 338, 224, 336, 2005, 1535, 281, 2332, 1823, 2355, 2504, 3014, 396, 2567, 679, 1630, 854, 757, 1653, 754, 1898, 2401, 524, 972, 945, 1055, 779, 814, 1548, 165, 798, 1716, 2489, 12, 2573, 2030, 2541, 2049, 2634, 2834, 604, 2099, 2256, 612, 775, 1033, 714, 1178, 2453, 476, 1382, 2721, 1591, 2616, 425, 1559, 3000, 74, 2858, 210, 2037, 2779, 92, 792, 769, 2015, 2772, 329, 1322, 1928, 2521, 1629, 1537, 17, 2722, 1336, 2227, 2762, 1573, 2328, 2451, 554, 185, 384, 486, 1727, 326, 150, 494, 219, 485, 280, 771, 520, 1900, 2400, 1326, 2385, 1449, 308, 1130, 510, 1658, 1111, 2652, 3053, 417, 2590, 2267, 2102, 214, 811, 2525, 581, 2793, 2597, 1123, 41, 2857, 1726]
labeling = [1206, 938, 1873, 1023, 2494, 389, 2690, 577, 1361, 25, 2461, 884, 3009, 482, 1060, 1213, 475, 3047, 2439, 2313, 2238, 2457, 1, 370, 766, 1621, 1992, 143, 19, 421, 2577, 1112, 2882, 2412, 2383, 1792, 1405, 1568, 1849, 783, 1540, 3088, 2159, 868, 2228, 2570, 1078, 967, 2562, 494, 1448, 2315, 1776, 1543, 2540, 1265, 2692, 2682, 133, 1097, 775, 423, 224, 517, 1251, 2475, 554, 2668, 2922, 1625, 2550, 1142, 2003, 678, 3031, 433, 483, 2290, 1000, 189, 1372, 1457, 1862, 145, 1654, 1842, 2868, 2897, 9, 2650, 961, 1183, 3035, 683, 469, 2005, 2297, 333, 137, 339, 593, 1001, 1496, 1159, 1418, 1719, 1479, 1261, 1685, 1950, 600, 2250, 753, 1868, 2536, 871, 551, 2077, 1249, 1182, 1820, 1828, 1786, 2068, 1222, 942, 2157, 1313, 1938, 1198, 2674, 256, 1913, 2114, 856, 2097, 1466, 1229, 1852, 183, 1612, 763, 1022, 982, 2473, 529, 508, 1406, 1593, 993, 3060, 2266, 1390, 2403, 2544, 2339, 934, 2861, 900, 1151, 2732, 2252, 1485, 1994, 1098, 3005, 528, 32, 1312, 2587, 995, 1392, 1826, 1777, 382, 1857, 103, 2092, 2532, 1084, 1619, 1864, 1969, 1359, 2209, 3057, 1465, 793, 1936, 2049, 817, 2876, 1499, 537, 2795, 1443, 161, 2471, 2368, 486, 943, 1517, 2679, 2835, 2240, 1196, 2790, 167, 2702, 400, 3033, 2081, 2866, 1211, 3081, 1753, 1638, 676, 1666, 3062, 548, 306, 1667, 2724, 2978, 2849, 2131, 2634, 1649, 1608, 16, 2026, 905, 296, 347, 2710, 694, 1171, 2146, 2726, 1510, 1492, 612, 1546, 40, 2009, 338, 1055, 1268, 1958, 191, 367, 927, 2386, 535, 1521, 2452, 2671, 1670, 1254, 1614, 2901, 643, 1772, 465, 215, 1712, 2271, 2162, 1256, 1253, 2243, 253, 657, 720, 17, 409, 1175, 2419, 2643, 3064, 2982, 2918, 932, 1047, 2863, 649, 335, 24, 2149, 1609, 1035, 1939, 2281, 926, 1822, 31, 1680, 2312, 446, 950, 2122, 2515, 2816, 345, 893, 2635, 978, 3072, 1036, 2172, 112, 2672, 584, 2765, 2547, 2472, 1770, 271, 956, 63, 1816, 2592, 2404, 164, 360, 3048, 730, 773, 3040, 769, 2037, 875, 2007, 1355, 2384, 2979, 2017, 2977, 1669, 2895, 1071, 309, 503, 1383, 997, 83, 2707, 291, 1294, 541, 317, 2340, 839, 2890, 1919, 2341, 1616, 1573, 1676, 2559, 1984, 736, 261, 1968, 1348, 1354, 2572, 2436, 1911, 402, 34, 2212, 1328, 2363, 843, 135, 2496, 1979, 2764, 670, 732, 56, 1895, 3056, 53, 280, 2909, 1535, 1830, 1376, 2892, 52, 2648, 1709, 2011, 2988, 2822, 217, 731, 294, 1340, 101, 2413, 2219, 2599, 1388, 1116, 1646, 1532, 293, 1790, 2614, 221, 788, 2071, 904, 3078, 2516, 1115, 351, 2735, 708, 2549, 1952, 3028, 187, 311, 1750, 1068, 912, 2900, 2014, 2150, 2164, 374, 2640, 1807, 1042, 1193, 2346, 1339, 126, 2541, 2528, 1221, 1581, 122, 1104, 1519, 1926, 648, 1342, 2942, 1717, 381, 677, 610, 237, 2456, 864, 336, 1439, 949, 2653, 70, 1032, 664, 1584, 2508, 620, 2309, 2405, 36, 1810, 2042, 3023, 2597, 2798, 530, 1189, 603, 575, 1373, 698, 3063, 3058, 290, 2215, 254, 2217, 411, 866, 1106, 3061, 2958, 1893, 1644, 2334, 1043, 798, 352, 2618, 437, 2519, 2321, 2069, 617, 5, 1458, 3074, 440, 1056, 906, 669, 487, 1044, 404, 2263, 1272, 3066, 363, 2888, 831, 2998, 846, 549, 2135, 2194, 1148, 1560, 2488, 473, 246, 123, 946, 692, 2406, 1915, 2221, 1951, 2741, 1523, 2467, 202, 890, 567, 1076, 302, 2736, 1152, 387, 596, 1131, 3055, 492, 1335, 2373, 2877, 1473, 2931, 1578, 1176, 2370, 1889, 671, 1029, 1821, 2442, 1483, 2305, 1956, 777, 2941, 1105, 228, 1464, 754, 1481, 14, 2645, 3085, 836, 656, 2033, 2074, 1927, 1034, 810, 1111, 544, 1596, 2154, 2417, 2512, 2748, 1817, 710, 526, 255, 2580, 397, 2778, 2062, 3014, 1877, 1636, 2337, 323, 2096, 1446, 1855, 3017, 2379, 2145, 727, 2766, 399, 1527, 814, 1234, 208, 1082, 1037, 761, 173, 2274, 2349, 2723, 86, 1240, 2841, 1550, 525, 428, 2688, 2177, 1802, 2200, 2538, 945, 2220, 1326, 2438, 2080, 1509, 1092, 519, 615, 1330, 623, 540, 702, 1350, 812, 1281, 270, 2509, 2535, 1678, 6, 159, 2478, 2326, 1322, 2520, 2468, 1199, 816, 2050, 1967, 2013, 1847, 2225, 1829, 2001, 741, 2921, 1130, 2990, 857, 2016, 154, 2168, 2203, 1296, 2241, 2156, 586, 407, 975, 633, 2844, 2301, 804, 953, 764, 2308, 1555, 1982, 660, 2970, 1080, 709, 877, 2148, 218, 922, 718, 2410, 1615, 1259, 313, 312, 3020, 1200, 1124, 1764, 2661, 2585, 1177, 131, 928, 2746, 2859, 848, 304, 1687, 2773, 1720, 799, 2589, 747, 2533, 925, 109, 2258, 2684, 1135, 2034, 1054, 1075, 2934, 2704, 1587, 2129, 792, 1765, 1283, 1343, 172, 412, 532, 2767, 2995, 77, 2479, 2993, 760, 786, 2545, 239, 2455, 2875, 2032, 2567, 214, 1514, 349, 3039, 1831, 3065, 2073, 914, 1949, 3018, 1341, 1066, 1287, 3002, 2898, 286, 1427, 1073, 174, 2513, 127, 1775, 1086, 2586, 1559, 199, 3037, 2669, 705, 48, 749, 1797, 3006, 2103, 2928, 1579, 2606, 1774, 90, 1274, 2820, 1132, 2433, 2666, 1030, 3083, 2862, 515, 3003, 2257, 2361, 1026, 1028, 1641, 2052, 2612, 435, 595, 2744, 815, 2253, 621, 2845, 723, 1227, 2651, 1494, 2850, 552, 64, 1345, 635, 1876, 2401, 2236, 471, 1930, 252, 968, 1103, 2227, 1973, 1858, 2195, 499, 2128, 243, 832, 2992, 991, 250, 2449, 745, 2727, 1318, 2347, 627, 1401, 2796, 1981, 1953, 1150, 1689, 2051, 37, 33, 1905, 2345, 785, 1604, 2152, 426, 50, 111, 1537, 599, 2695, 2182, 806, 756, 910, 1565, 146, 1502, 1415, 1226, 616, 852, 1955, 2427, 2711, 2099, 1144, 327, 2430, 899, 406, 316, 545, 2374, 939, 501, 2813, 2399, 2907, 2912, 1716, 1089, 1796, 1506, 2832, 2784, 2107, 177, 2275, 2434, 1874, 1731, 2700, 2470, 470, 1102, 377, 2234, 2075, 2280, 506, 2642, 213, 2801, 2090, 1819, 1957, 115, 2772, 948, 1533, 2459, 2839, 3000, 342, 640, 2320, 7, 2617, 2964, 1179, 1620, 1677, 2020, 269, 2757, 121, 734, 1708, 1580, 1100, 1908, 1451, 1513, 591, 2053, 550, 1639, 1572, 2966, 2999, 1884, 477, 1803, 284, 1146, 715, 1286, 1762, 2265, 324, 285, 976, 1631, 2489, 2142, 454, 2793, 2524, 819, 1271, 2218, 873, 2667, 1079, 1558, 212, 679, 1408, 1729, 1610, 1613, 1469, 344, 686, 395, 443, 2814, 1881, 200, 2362, 1482, 758, 1504, 1257, 2055, 2865, 229, 231, 1707, 1070, 2518, 67, 2453, 1158, 2842, 565, 2343, 1697, 1995, 2937, 3019, 2719, 2133, 2429, 1844, 1081, 920, 711, 2683, 2752, 2043, 1978, 424, 682, 1626, 1410, 870, 2938, 2782, 1744, 68, 2631, 3001, 1781, 1672, 194, 936, 2936, 2, 241, 2022, 2191, 743, 713, 1566, 2127, 2425, 2747, 1238, 1944, 680, 2380, 625, 901, 695, 1138, 1337, 225, 1937, 1902, 166, 1258, 2539, 2204, 1997, 463, 1694, 1308, 1163, 1139, 2492, 2733, 2749, 2462, 801, 1534, 60, 2893, 701, 2369, 1219, 2929, 2731, 35, 22, 2522, 2387, 1733, 3076, 1507, 1247, 2506, 604, 2444, 366, 2161, 232, 818, 1861, 1686, 3087, 289, 2498, 497, 2619, 398, 1501, 3073, 1067, 282, 1380, 2284, 1794, 2117, 1423, 1846, 972, 2954, 2083, 1194, 75, 2742, 512, 909, 1710, 168, 277, 87, 179, 1746, 1140, 1703, 452, 536, 2833, 2871, 1065, 609, 1970, 2464, 1567, 699, 1087, 931, 479, 2500, 2183, 1201, 346, 1547, 1942, 639, 2603, 355, 149, 3021, 1759, 2551, 955, 78, 790, 566, 2787, 2530, 721, 2880, 1601, 1674, 851, 1891, 628, 903, 996, 2591, 2856, 2699, 392, 855, 504, 520, 1304, 1273, 383, 1090, 1324, 1841, 2314, 1945, 1657, 1358, 1488, 427, 1904, 2815, 809, 2233, 1799, 1402, 1409, 1866, 2602, 2885, 2737, 977, 2851, 611, 2718, 2924, 1838, 2261, 1110, 1245, 2930, 2353, 201, 1122, 690, 1907, 2193, 205, 2556, 110, 2625, 1954, 396, 13, 1812, 1440, 1818, 706, 1745, 2416, 2441, 356, 1851, 1164, 2351, 2355, 456, 797, 2245, 1006, 2961, 2136, 1208, 951, 1960, 2523, 1419, 2967, 2173, 1093, 2583, 1421, 1039, 2409, 478, 405, 1480, 2613, 618, 1599, 152, 1027, 1755, 1539, 2620, 273, 858, 2590, 331, 418, 49, 1101, 2779, 622, 1434, 51, 416, 1767, 2446, 369, 1988, 2294, 1317, 811, 2914, 162, 2144, 2641, 989, 425, 2171, 867, 236, 1365, 2391, 1010, 260, 3041, 247, 1627, 10, 3069, 2304, 1800, 1582, 2366, 1512, 1437, 916, 1370, 2886, 3049, 441, 2267, 2179, 1769, 62, 2955, 2292, 2317, 2817, 770, 937, 2093, 2728, 2840, 1779, 2139, 853, 915, 2680, 2385, 2716, 125, 1041, 2789, 1191, 1266, 1783, 1389, 1051, 1209, 1327, 2372, 1008, 2639, 39, 2134, 781, 1053, 2365, 1996, 1153, 2330, 2652, 1897, 1310, 3024, 1542, 608, 1467, 2965, 2332, 2633, 1592, 2925, 1702, 2611, 2286, 2327, 216, 597, 1758, 684, 1693, 2078, 2378, 1875, 2781, 2463, 957, 2916, 2750, 108, 1239, 654, 716, 2804, 2082, 2364, 2407, 1648, 2761, 2770, 751, 2282, 921, 1013, 2838, 2566, 881, 58, 1768, 2206, 1706, 2087, 1901, 2713, 1188, 1127, 1871, 1665, 689, 2584, 2829, 1854, 1747, 117, 268, 1836, 61, 1332, 2276, 204, 3071, 1920, 580, 697, 1743, 1999, 449, 1633, 2576, 2123, 2084, 1476, 1602, 460, 569, 2311, 952, 1935, 1959, 2113, 1468, 484, 645, 1739, 505, 1403, 2039, 2031, 315, 2000, 1536, 2884, 522, 257, 2041, 1493, 2201, 2247, 1133, 2514, 1186, 2273, 81, 2563, 896, 735, 307, 1172, 782, 1603, 468, 2296, 1168, 1123, 2166, 140, 2163, 2504, 2848, 2251, 2507, 1305, 1220, 1932, 1553, 2542, 2754, 2940, 1377, 419, 1661, 2775, 1307, 2525, 2119, 2831, 1303, 2101, 1975, 385, 2256, 2607, 265, 2665, 784, 190, 2981, 507, 3045, 438, 29, 1289, 141, 1218, 242, 2270, 1074, 2143, 1400, 3004, 1099, 2272, 408, 472, 2021, 321, 666, 1983, 653, 2437, 3029, 1242, 2543, 2248, 2756, 1778, 28, 2237, 2721, 493, 2677, 879, 1526, 394, 3053, 94, 2919, 1551, 1269, 318, 825, 1398, 1072, 447, 1538, 2223, 2288, 448, 1726, 2064, 1684, 195, 3026, 373, 842, 2342, 2571, 696, 2896, 1724, 153, 557, 1505, 2720, 966, 2015, 1478, 1544, 180, 1500, 992, 436, 2913, 2636, 1295, 2681, 602, 619, 325, 2188, 1371, 830, 2450, 538, 2593, 2654, 1040, 71, 1671, 287, 3044, 2991, 844, 422, 1414, 1788, 1228, 1125, 2706, 1690, 1316, 2834, 2763, 2377, 2010, 1129, 1688, 2758, 740, 2132, 1980, 1918, 988, 1385, 2994, 2947, 980, 655, 2371, 3075, 1965, 768, 1637, 2210, 2903, 391, 308, 1508, 1456, 2646, 379, 2242, 120, 986, 592, 2575, 2564, 2573, 1413, 1411, 2324, 130, 1497, 546, 92, 791, 410, 1278, 142, 2418, 2106, 1185, 2869, 365, 1576, 2105, 354, 2774, 2657, 2769, 1282, 750, 2553, 2853, 883, 462, 1655, 889, 98, 1452, 1173, 1250, 259, 1170, 1941, 1487, 21, 3007, 2431, 182, 1647, 555, 947, 2628, 940, 2124, 488, 3090, 3059, 800, 178, 712, 1699, 2118, 1832, 99, 2085, 907, 371, 2004, 1943, 2962, 2400, 431, 2205, 1329, 1987, 841, 1598, 897, 762, 523, 2927, 1789, 1588, 2632, 129, 292, 1243, 2447, 1947, 276, 674, 2262, 459, 1012, 2708, 414, 1161, 553, 1554, 358, 1422, 2785, 429, 737, 2335, 444, 1798, 1425, 572, 2214, 1645, 2717, 2202, 2808, 1618, 1948, 2303, 1141, 1007, 895, 1503, 1882, 1784, 1679, 2012, 2725, 1870, 2698, 2568, 691, 1237, 403, 1333, 2319, 1375, 1607, 1675, 2809, 2873, 2293, 1444, 1611, 2826, 332, 1450, 1436, 2474, 1290, 2630, 930, 1145, 626, 2984, 2594, 1530, 119, 2216, 1761, 59, 2948, 2939, 498, 1167, 650, 1155, 985, 1174, 1088, 704, 2676, 579, 2244, 1827, 1574, 2788, 1835, 1594, 341, 629, 2715, 350, 1964, 2382, 1002, 722, 169, 2974, 2503, 513, 771, 1511, 1971, 2730, 1364, 485, 1420, 85, 2574, 23, 958, 466, 675, 973, 1178, 2957, 368, 102, 1912, 998, 2878, 2199, 1564, 1291, 69, 2510, 2753, 1643, 2701, 2685, 726, 1236, 1454, 1157, 1998, 2537, 2155, 1156, 2996, 999, 3067, 2595, 2783, 2484, 979, 1117, 2803, 1660, 1974, 1635, 2147, 192, 2481, 2843, 2911, 1038, 636, 2388, 1315, 1428, 2235, 2644, 234, 2511, 1384, 2208, 874, 2605, 3042, 1149, 2112, 66, 2197, 1928, 849, 888, 2673, 1109, 20, 685, 2285, 2390, 935, 2192, 124, 413, 1990, 1351, 1486, 2959, 1262, 1585, 1393, 181, 185, 2057, 924, 994, 1210, 1557, 2828, 1632, 2722, 1426, 1349, 2696, 2819, 838, 1721, 1046, 2647, 2120, 100, 2025, 464, 2973, 514, 2920, 96, 2527, 2858, 2969, 2283, 203, 787, 1888, 359, 2582, 2729, 2421, 2196, 1147, 1202, 2035, 2891, 1962, 491, 2497, 1143, 960, 1049, 2499, 1545, 2889, 264, 2980, 1989, 1924, 2663, 1475, 2448, 1653, 1917, 1203, 2111, 3038, 789, 2659, 607, 2306, 1972, 2100, 2649, 2018, 1860, 1195, 1498, 1280, 2356, 2329, 3008, 2411, 1120, 2827, 802, 2443, 1433, 3034, 2902, 1435, 587, 1180, 1634, 568, 439, 2712, 1154, 2874, 1397, 3010, 118, 2027, 1766, 1260, 2697, 1673, 2038, 728, 1445, 1650, 878, 1277, 1128, 240, 2852, 2299, 2246, 672, 2743, 2799, 2932, 2169, 2189, 1288, 821, 198, 2812, 2738, 2857, 1682, 1386, 1825, 2694, 1516, 235, 847, 913, 1562, 891, 631, 918, 1894, 1463, 547, 1077, 266, 1344, 1447, 320, 3015, 2358, 151, 3080, 1052, 495, 511, 1058, 147, 1880, 489, 1217, 1396, 738, 2569, 2529, 1909, 496, 2505, 965, 917, 2794, 2259, 1887, 2207, 1064, 2125, 1232, 2108, 2791, 1859, 1378, 854, 223, 606, 2588, 923, 97, 334, 663, 91, 2044, 2137, 2277, 794, 1934, 2354, 2771, 2367, 583, 1705, 2440, 1424, 2870, 1346, 1357, 1595, 2029, 2331, 2560, 2483, 2935, 18, 861, 2063, 79, 2422, 570, 1292, 1352, 2307, 1256, 1883, 1837, 1014, 328, 944, 2629, 1160, 2316, 1126, 2555, 2289, 386, 1700, 714, 1898, 2837, 1276, 1834, 1367, 1187, 1096, 210, 227, 2581, 2264, 1360, 1628, 1839, 1063, 2811, 2435, 970, 779, 2846, 2601, 2797, 822, 420, 755, 1740, 527, 2300, 1843, 1306, 1885, 941, 1725, 340, 1845, 1751, 962, 2295, 1121, 748, 2792, 1701, 3050, 1813, 638, 274, 170, 2397, 837, 105, 2023, 1730, 500, 163, 84, 30, 963, 1382, 107, 605, 2091, 2960, 863, 1369, 1441, 1416, 1021, 1524, 524, 41, 1207, 3016, 1575, 1395, 2394, 380, 209, 1095, 1933, 641, 1197, 2972, 2180, 1438, 326, 2392, 744, 1048, 1311, 823, 1804, 902, 2408, 1460, 1863, 1314, 929, 1230, 2040, 759, 1718, 1442, 2825, 2480, 1069, 1270, 2415, 2949, 1630, 2579, 703, 1020, 1298, 558, 1946, 1215, 835, 329, 1668, 2660, 1695, 2709, 2140, 245, 556, 876, 136, 401, 1711, 2030, 1793, 2755, 1495, 1025, 1541, 1449, 990, 2818, 2739, 184, 2325, 457, 1374, 3052, 196, 116, 2786, 2983, 1652, 4, 1549, 2805, 687, 1715, 578, 1640, 1727, 160, 301, 1381, 933, 226, 1474, 2089, 2637, 11, 1785, 833, 2670, 614, 2985, 2693, 1057, 2623, 1285, 2662, 1752, 1264, 582, 1244, 2760, 1853, 1624, 388, 1662, 1429, 1605, 1518, 1531, 481, 2056, 845, 1787, 1659, 1323, 222, 860, 2917, 1878, 2360, 3070, 1045, 298, 1658, 1921, 807, 1704, 1431, 2615, 2398, 378, 1241, 2906, 2024, 1356, 3068, 2997, 364, 1806, 2076, 0, 314, 613, 1108, 1808, 1331, 2627, 2705, 954, 1297, 476, 2881, 300, 55, 1914, 1205, 219, 2621, 516, 969, 26, 353, 1275, 859, 2229, 2904, 780, 2491, 1931, 2598, 585, 1583, 1301, 54, 384, 15, 372, 840, 634, 467, 2616, 642, 480, 2121, 820, 1394, 3054, 2658, 3022, 1748, 1284, 1062, 2445, 2278, 2836, 1005, 461, 2687, 2675, 2910, 2610, 2130, 2596, 230, 2060, 984, 1455, 2432, 2254, 1204, 1735, 725, 2487, 707, 263, 767, 1094, 1050, 2604, 451, 2086, 348, 1137, 445, 1231, 644, 1263, 2187, 824, 2552, 2546, 275, 774, 2908, 1571, 2190, 2971, 898, 1407, 2986, 1736, 2224, 974, 2501, 561, 824, 1366, 665, 2953, 658, 882, 574, 894, 148, 2956, 2298, 3043, 2608, 2138, 2230, 3084, 911, 89, 430, 2703, 2184, 2420, 2249, 1472, 1471, 442, 987, 60, 2174, 1906, 2376, 3011, 322, 2180, 283, 193, 2181, 2322, 2061, 357, 210, 45, 1430, 673, 375, 2350, 1622, 2019, 2689, 2141, 988, 1119, 1811, 1833, 1136, 1520, 1728, 2989, 0, 2151, 1737, 1522, 281, 2029, 2830, 26, 1293, 2534, 659, 2047, 139, 733, 667, 1432, 2485, 971, 1321, 2905, 2226, 156, 3079, 1279, 1018, 2486, 27, 390, 1823, 3086, 762, 518, 156, 415, 2395, 2664, 2255, 1600, 2622, 55, 2807, 2777, 144, 2175, 2745, 80, 165, 1024, 3027, 516, 2352, 2310, 651, 1741, 1338, 2493, 724, 2059, 1886, 959, 2802, 632, 2926, 772, 880, 2079, 3012, 2615, 93, 171, 1212, 310, 564, 2860, 176, 834, 2485, 2526, 739, 1663, 2821, 1742, 158, 12, 0, 886, 343, 2348, 80, 2557, 1824, 2867, 1490, 2357, 42, 2469, 1459, 662, 2153, 104, 390, 911, 919, 2269, 176, 233, 1899, 688, 828, 646, 688, 76, 1353, 2048, 2160, 1113, 361, 1879, 1432, 808, 2028, 2490, 1561, 490, 2872, 1763, 2952, 1929, 803, 1698, 1815, 364, 826, 1986, 2213, 1216, 2287, 2548, 510, 1246, 2389, 65, 2740, 2222, 262, 1629, 2058, 1977, 72, 2554, 1805, 1091, 2946, 3025, 3046, 84, 2008, 278, 1136, 2072, 0, 2094, 2915, 1623, 1732, 1691, 2109, 72, 15, 510, 319, 1916, 1224, 343, 2734, 72, 1910, 1865, 796, 1801, 1162, 288, 589, 1590, 2006, 776, 2158, 1993, 1477, 559, 1461, 1782, 2045, 76, 3051, 2759, 2691, 207, 1417, 693, 1387, 624, 65, 249, 692, 72, 139, 630, 1872, 2466, 451, 3036, 964, 2495, 571, 2810, 1791, 1589, 2823, 12, 1528, 300, 310, 573, 2600, 3082, 1190, 2231, 2344, 376, 2609, 1003, 2531, 589, 1017, 1976, 1379, 1470, 1363, 2067, 114, 668, 590, 1692, 2561, 1856, 2393, 1577, 1617, 647, 1009, 1325, 1760, 2104, 2095, 138, 1892, 88, 2762, 2864, 2088, 2780, 2855, 1563, 2423, 562, 3013, 908, 74, 362, 813, 2336, 1840, 1780, 1114, 2178, 330, 1319, 188, 1809, 258, 2626, 1223, 2451, 1391, 299, 474, 2517, 2302, 3089, 3032, 1771, 1192, 2883, 2232, 1606, 18, 2847, 542, 2291, 2776, 533, 850, 652, 134, 1334, 2110, 305, 1656, 1548, 2476, 1991, 197, 2402, 2933, 2751, 2070, 2279, 752, 1484, 729, 295, 563, 2678, 1569, 1252, 1773, 155, 57, 2975, 337, 1900, 2963, 502, 719, 2465, 1404, 378, 1756, 1556, 1985, 1181, 717, 1961, 113, 2945, 186, 1681, 303, 1233, 543, 1231, 1723, 534, 1362, 594, 2854, 251, 1184, 1462, 1586, 2185, 1368, 2065, 2116, 805, 778, 598, 8, 983, 2115, 1016, 1399, 2502, 2323, 862, 42, 1165, 2126, 2656, 2968, 1552, 2482, 2333, 1869, 1004, 1015, 2624, 1966, 1107, 434, 417, 2460, 2944, 2943, 700, 981, 211, 47, 157, 458, 2558, 661, 2167, 2655, 220, 248, 73, 279, 453, 560, 175, 1522, 393, 1738, 2002, 2359, 2638, 244, 1453, 1896, 2396, 132, 637, 2054, 2268, 38, 1683, 1119, 829, 1031, 2239, 3030, 328, 1083, 576, 887, 865, 2477, 1347, 2428, 1267, 455, 262, 1664, 1722, 2987, 869, 531, 2375, 2170, 601, 1757, 1814, 297, 1925, 1754, 450, 539, 2186, 1922, 509, 1118, 872, 1309, 2066, 128, 1734, 2211, 150, 1591, 1019, 1059, 1134, 2338, 1795, 2686, 2768, 1525, 2714, 1300, 2976, 827, 765, 1963, 3077, 206, 2950, 581, 1515, 2879, 272, 2824, 1085, 1651, 2046, 1169, 1033, 46, 1597, 1850, 1011, 1061, 2426, 1570, 2414, 2318, 1867, 3, 1225, 2800, 1166, 1642, 432, 746, 2381, 2578, 2899, 2894, 2454, 1299, 1336, 2036, 681, 1489, 757, 1890, 2176, 1848, 1320, 2521, 238, 82, 1248, 1903, 1529, 1491, 2165, 885, 2328, 1214, 742, 1302, 2887, 1714, 44, 1940, 1235, 2102, 2198, 2951, 588, 95, 2458, 2424, 795, 1713, 1412, 2806, 1923, 1749, 2260, 521, 1696, 1255, 106, 267, 2565, 2098, 892, 43, 2923]
convergência = [3090]
================================

----- Melhor execução -----
Span (lambda): 3090
best_order = [2728, 22, 3076, 1061, 2334, 508, 660, 2936, 949, 1325, 88, 2350, 2787, 1248, 579, 2440, 230, 275, 28, 1715, 1869, 2161, 1107, 1938, 9, 2594, 288, 2575, 1565, 1539, 2240, 296, 167, 871, 371, 1106, 473, 870, 2994, 1371, 244, 2254, 2944, 3138, 3113, 2551, 3066, 795, 2966, 1295, 1300, 878, 392, 2405, 385, 2438, 2418, 382, 2896, 1426, 1829, 1099, 1445, 1341, 835, 320, 2770, 1931, 1024, 1053, 1884, 465, 1626, 2773, 2975, 2836, 1143, 2761, 755, 1182, 2164, 2613, 1491, 346, 1867, 3100, 2723, 629, 1150, 2825, 2527, 804, 2139, 1683, 2636, 1574, 1978, 3120, 1707, 2136, 1734, 1972, 402, 1877, 176, 2667, 2234, 3133, 2243, 1408, 735, 1244, 879, 311, 2912, 2808, 939, 2330, 1442, 2050, 1826, 1671, 958, 447, 534, 1944, 1358, 442, 786, 3034, 1755, 1680, 721, 2990, 58, 376, 2872, 2311, 98, 2823, 2774, 1504, 1541, 1687, 27, 2610, 83, 888, 2107, 2518, 1177, 3037, 2101, 1285, 1599, 682, 2895, 2600, 2967, 2650, 661, 2342, 196, 1310, 2238, 324, 2614, 1083, 207, 1148, 1856, 2231, 2637, 750, 625, 2979, 784, 2672, 919, 1729, 1151, 1607, 1953, 1718, 139, 2324, 1954, 2914, 426, 2846, 79, 250, 1534, 1911, 2545, 1058, 1590, 2329, 2880, 2075, 791, 1011, 1237, 544, 2662, 1983, 1448, 1242, 3054, 2765, 621, 2261, 2550, 2965, 998, 934, 766, 265, 1395, 398, 706, 2421, 2973, 413, 2380, 2132, 62, 1080, 2346, 2193, 575, 1019, 1020, 2468, 1119, 1922, 2673, 2084, 1317, 458, 3099, 761, 2063, 1062, 1543, 852, 2986, 2308, 533, 1323, 2974, 2771, 856, 2925, 272, 843, 599, 489, 131, 1482, 2848, 1711, 1321, 363, 3011, 2479, 2004, 1531, 2095, 3134, 1443, 956, 656, 318, 1290, 2496, 1760, 1149, 3059, 2230, 2725, 2976, 386, 2572, 1132, 2544, 976, 983, 781, 1628, 2749, 1124, 487, 348, 1756, 410, 2889, 233, 400, 3022, 2387, 2853, 2789, 2343, 548, 2916, 726, 221, 2875, 1495, 1665, 2651, 342, 2790, 427, 713, 712, 2406, 1477, 903, 1578, 351, 2738, 2098, 1554, 2542, 608, 982, 1617, 2269, 899, 2174, 2302, 2844, 1293, 97, 1814, 2137, 287, 461, 2898, 246, 99, 1848, 2218, 946, 2654, 1005, 304, 234, 768, 1851, 1171, 2486, 420, 2426, 1176, 501, 1695, 1256, 1770, 2549, 325, 1986, 2684, 2837, 521, 2402, 1692, 1117, 1876, 23, 251, 2441, 1592, 1304, 1737, 435, 2554, 2797, 928, 2905, 1669, 2260, 455, 174, 1205, 2439, 1528, 2182, 551, 5, 1664, 1199, 2981, 2864, 1572, 1007, 1247, 601, 1128, 617, 209, 2312, 370, 517, 1802, 1280, 902, 689, 1551, 276, 1685, 491, 751, 1945, 1766, 2601, 1301, 2959, 1294, 1518, 2208, 29, 61, 1632, 1045, 1314, 877, 1214, 1773, 634, 2528, 1742, 3081, 75, 2958, 822, 1610, 503, 1538, 2044, 511, 2535, 1337, 1008, 2488, 1776, 299, 2368, 1582, 1586, 1455, 3025, 2484, 1155, 2977, 988, 3010, 1261, 2326, 2968, 1763, 1462, 2461, 1704, 1088, 1974, 264, 1871, 2444, 2668, 1499, 94, 926, 841, 1552, 532, 2854, 16, 974, 1279, 1167, 2447, 13, 2415, 1470, 2374, 1865, 199, 76, 515, 1725, 2109, 2691, 1996, 555, 1568, 49, 2116, 1126, 2104, 1832, 850, 2237, 907, 2901, 343, 1201, 1473, 932, 1536, 146, 3029, 2706, 2105, 1145, 1859, 1976, 813, 2423, 63, 647, 2599, 1202, 3130, 1481, 1750, 2253, 633, 598, 2211, 166, 145, 479, 3016, 752, 2869, 2921, 254, 193, 1156, 1622, 3026, 651, 350, 2866, 2918, 590, 904, 1682, 2093, 220, 968, 116, 834, 1768, 66, 1720, 2309, 526, 1600, 2298, 2757, 2978, 2509, 2833, 2890, 2640, 1028, 1184, 546, 2043, 1463, 2166, 2782, 1779, 2791, 2516, 482, 7, 1841, 1451, 3056, 2363, 2148, 313, 2435, 688, 2040, 3119, 2750, 2810, 3003, 966, 1673, 100, 2923, 823, 552, 1396, 2935, 881, 110, 3019, 1615, 481, 1115, 2244, 2133, 2018, 1384, 1160, 457, 1228, 242, 2407, 648, 2354, 892, 507, 1283, 470, 1616, 827, 1298, 650, 2769, 1075, 1822, 862, 1193, 1849, 2775, 2089, 2629, 691, 2443, 837, 1916, 2339, 2991, 2229, 1174, 947, 2264, 2446, 262, 2490, 1471, 2677, 2817, 451, 286, 1834, 2656, 2620, 2871, 1557, 1410, 1656, 583, 273, 2514, 2578, 700, 2970, 2665, 2138, 467, 2512, 1555, 2582, 2809, 514, 380, 565, 2067, 2553, 1761, 1872, 217, 456, 73, 999, 1073, 1046, 3091, 93, 1398, 1939, 1006, 2337, 2678, 1437, 1239, 1800, 2767, 536, 236, 1077, 1596, 1452, 1164, 484, 2963, 1101, 652, 2295, 1839, 794, 1252, 2478, 422, 703, 597, 1040, 2743, 1730, 1066, 2184, 978, 1411, 2910, 708, 2902, 274, 1187, 1855, 829, 2624, 2476, 1890, 615, 2057, 2888, 327, 399, 381, 2581, 959, 1494, 362, 1774, 2112, 2646, 1647, 676, 3109, 1065, 2271, 858, 3082, 732, 2224, 796, 1700, 1419, 2886, 112, 577, 2209, 885, 3093, 1014, 2284, 758, 624, 2598, 141, 696, 3051, 24, 1660, 2480, 330, 1860, 1346, 328, 2631, 2497, 60, 2753, 572, 2934, 2203, 2431, 1373, 1497, 39, 874, 759, 1533, 1984, 414, 2016, 1183, 1684, 746, 187, 2143, 3123, 2746, 1262, 500, 730, 1728, 1097, 2034, 2696, 694, 2933, 884, 2390, 2687, 1217, 588, 1308, 654, 2838, 619, 825, 668, 190, 2642, 1120, 991, 2449, 2074, 2207, 2274, 2493, 1579, 2700, 3050, 2676, 2997, 1620, 523, 853, 2352, 2643, 2301, 582, 2233, 1967, 353, 2442, 1746, 1593, 375, 1631, 2376, 525, 2085, 725, 1934, 2870, 1191, 893, 1353, 2131, 1200, 134, 680, 1291, 2428, 2381, 2162, 2943, 2247, 460, 3005, 492, 1316, 43, 3015, 1049, 115, 3031, 994, 1926, 332, 2310, 704, 2060, 1570, 2632, 1425, 2515, 1703, 11, 2653, 3004, 1935, 545, 1706, 2088, 3137, 305, 2517, 3106, 1790, 1493, 1748, 2502, 901, 158, 1076, 2276, 1194, 232, 416, 513, 1736, 2835, 1146, 886, 2526, 430, 2086, 773, 1354, 1333, 2119, 2090, 2670, 1039, 1421, 707, 2135, 1956, 734, 294, 252, 722, 2580, 2281, 1820, 1166, 283, 2345, 156, 1942, 1059, 1347, 1, 906, 1723, 2216, 125, 200, 2175, 640, 535, 1721, 941, 463, 300, 1268, 1465, 695, 2413, 1181, 319, 1405, 1870, 2627, 1999, 90, 2221, 2241, 2417, 2780, 2118, 1603, 47, 2424, 844, 2202, 2585, 1139, 1873, 2507, 690, 1226, 307, 1904, 984, 1655, 2964, 143, 2937, 2470, 1836, 1672, 2536, 2560, 1313, 2321, 855, 1609, 149, 170, 1957, 345, 1195, 1879, 78, 1899, 101, 1854, 2799, 2953, 2460, 1264, 1789, 1369, 2818, 1320, 3069, 1764, 1422, 2173, 2954, 2939, 2802, 2592, 3039, 2296, 2251, 3, 2318, 817, 1286, 818, 142, 2615, 566, 810, 2998, 466, 3065, 587, 291, 309, 623, 1277, 1915, 1625, 1359, 438, 499, 516, 2386, 1969, 284, 2272, 2000, 1365, 2482, 2103, 1374, 740, 247, 512, 2357, 2106, 14, 2456, 2199, 3040, 2124, 1159, 777, 1131, 429, 2289, 1022, 341, 1581, 783, 2709, 1545, 741, 547, 2094, 46, 702, 1038, 996, 2617, 622, 3002, 179, 3061, 3070, 788, 1165, 1838, 913, 1206, 2719, 646, 2712, 2639, 1274, 2481, 2262, 2191, 59, 164, 962, 1549, 927, 1296, 845, 448, 574, 493, 2957, 2408, 1937, 1233, 589, 31, 2842, 419, 2683, 407, 1905, 3030, 2561, 2032, 2223, 1238, 1502, 716, 1636, 2179, 1434, 2996, 2062, 1644, 678, 553, 807, 1487, 3041, 738, 2726, 2487, 1078, 1092, 1153, 1788, 71, 1998, 898, 1821, 977, 1991, 529, 867, 1929, 159, 550, 1377, 2046, 1897, 2778, 1835, 1893, 1026, 103, 2177, 1767, 2748, 1091, 1258, 2945, 3079, 1833, 1501, 3064, 1712, 237, 1496, 1709, 1837, 277, 562, 720, 1874, 952, 2041, 2909, 119, 1749, 91, 2926, 1690, 1489, 2190, 1433, 480, 2794, 1361, 2860, 439, 1142, 2025, 205, 2265, 129, 715, 667, 1170, 1992, 2013, 2474, 2420, 0, 2255, 1267, 1366, 1958, 213, 15, 2300, 2703, 2110, 1103, 1542, 2638, 1511, 445, 124, 2850, 2740, 3077, 891, 830, 1635, 137, 3108, 2282, 2919, 2126, 2917, 620, 3115, 1891, 1801, 1071, 1409, 630, 1560, 2396, 1757, 2364, 1234, 2707, 1113, 3101, 118, 1710, 64, 2893, 270, 259, 3132, 269, 1016, 1084, 2053, 711, 107, 1950, 2491, 2362, 55, 3009, 1362, 248, 1577, 2290, 992, 519, 1204, 2427, 805, 2187, 2061, 1686, 2591, 2027, 655, 1699, 748, 2455, 2359, 979, 778, 2073, 1540, 1818, 2167, 1883, 2576, 349, 1613, 685, 2414, 2425, 2297, 3088, 3048, 2437, 3110, 1525, 1510, 1203, 2214, 1521, 1090, 3032, 1381, 2273, 168, 127, 2280, 1918, 1639, 1307, 860, 2845, 3097, 2586, 664, 2379, 1207, 2819, 642, 1367, 373, 1744, 649, 2410, 1446, 1803, 2873, 556, 3089, 1079, 2622, 441, 401, 776, 452, 749, 2096, 836, 2153, 3007, 365, 1964, 1947, 653, 2168, 2680, 366, 334, 2399, 2154, 1212, 183, 8, 2806, 1864, 1318, 2511, 2189, 2930, 2248, 2196, 1334, 1619, 80, 483, 2922, 2327, 1805, 390, 1517, 2130, 2804, 1133, 2344, 2242, 344, 1924, 1652, 2080, 406, 2768, 1364, 152, 2852, 2395, 1952, 171, 2450, 2258, 2111, 2048, 1580, 1547, 2940, 2510, 863, 1220, 1474, 36, 2503, 2904, 147, 1000, 1221, 1678, 1677, 1048, 3125, 1633, 890, 2250, 2766, 104, 1866, 1771, 1271, 1276, 1137, 2151, 1778, 1963, 1919, 782, 2370, 2552, 2392, 2686, 2036, 1299, 2039, 1816, 1332, 2268, 462, 1250, 2286, 2249, 195, 1811, 2058, 610, 2097, 50, 2320, 1815, 964, 1708, 2987, 1892, 2471, 1667, 81, 509, 2664, 2278, 2758, 2927, 576, 2092, 136, 186, 1385, 1469, 1004, 2805, 2534, 2533, 559, 2347, 2009, 1460, 2756, 1605, 106, 1281, 578, 1013, 569, 2887, 162, 1948, 1714, 1213, 3092, 2660, 3104, 241, 1484, 832, 102, 2026, 192, 2317, 1608, 1681, 1129, 889, 1791, 1601, 1015, 1112, 915, 1666, 645, 240, 1861, 1331, 965, 767, 3057, 2083, 201, 2372, 449, 2565, 255, 2980, 542, 2252, 3046, 1571, 618, 2788, 3103, 1825, 409, 2373, 942, 1098, 388, 1479, 880, 1583, 1288, 40, 2319, 1383, 1606, 243, 53, 2002, 1172, 2877, 2335, 632, 1576, 2949, 1513, 1769, 698, 2907, 1959, 997, 790, 530, 2690, 2087, 2831, 1882, 887, 1067, 1163, 37, 3072, 2892, 2499, 970, 358, 1844, 2257, 1693, 2815, 561, 801, 961, 446, 1329, 2436, 468, 1951, 2928, 744, 1753, 2785, 2751, 3038, 1389, 148, 1847, 2155, 591, 3067, 1747, 1284, 2605, 1189, 1461, 1498, 875, 2371, 2863, 1806, 229, 290, 1002, 1812, 140, 1003, 260, 2741, 710, 357, 2816, 1785, 180, 953, 25, 2731, 69, 2556, 2367, 1047, 1324, 2197, 2713, 2293, 985, 1961, 1456, 2042, 1909, 606, 216, 1661, 969, 2340, 819, 3080, 1887, 497, 1781, 408, 1719, 1416, 228, 2059, 3062, 2333, 2011, 84, 1705, 2876, 1211, 2388, 2378, 1907, 1519, 2369, 2647, 3012, 1436, 218, 222, 2303, 339, 258, 1057, 1627, 2055, 1190, 1807, 359, 954, 659, 1794, 297, 2915, 2079, 2995, 1589, 108, 1122, 727, 1645, 868, 2675, 1638, 2733, 2811, 1399, 1089, 2305, 3131, 1030, 2697, 1731, 2183, 2226, 1391, 1154, 2391, 2149, 1429, 1021, 960, 394, 1147, 2313, 266, 3124, 3112, 2338, 912, 454, 2285, 105, 1968, 729, 3013, 2920, 1598, 2217, 1587, 2341, 2566, 1001, 2236, 923, 2732, 1110, 3035, 2737, 2475, 2505, 2570, 2982, 1472, 2210, 2621, 2649, 1453, 1052, 1253, 1152, 1441, 2454, 3128, 428, 2220, 2361, 215, 3024, 1287, 2906, 3020, 1397, 1179, 2820, 1828, 980, 2693, 717, 747, 2052, 1302, 1427, 317, 1340, 263, 2894, 803, 787, 52, 2859, 1564, 173, 1351, 2841, 1056, 2759, 1363, 1793, 2351, 122, 2377, 1634, 1752, 411, 35, 2784, 2315, 1135, 3043, 914, 797, 1777, 1219, 1328, 2747, 637, 975, 2275, 2718, 2403, 437, 2409, 2847, 474, 2562, 1249, 2228, 3021, 2698, 321, 596, 1251, 937, 120, 2589, 567, 295, 2596, 2658, 2081, 172, 1843, 121, 674, 770, 389, 1733, 2563, 2188, 1846, 1444, 2172, 1231, 2198, 2840, 1208, 85, 2213, 1037, 2219, 1138, 672, 38, 3096, 1257, 3068, 138, 2366, 1440, 611, 2813, 175, 848, 2129, 2024, 1121, 82, 2279, 181, 2736, 1222, 113, 2745, 2952, 1797, 3075, 1435, 2776, 2, 922, 1402, 838, 605, 2383, 2685, 2108, 1010, 1792, 973, 2171, 2215, 2626, 2122, 1985, 564, 3094, 1192, 496, 2824, 2091, 383, 2988, 1380, 2185, 2674, 2899, 1431, 1082, 3102, 1215, 872, 2539, 1240, 2115, 963, 2744, 369, 132, 1878, 2419, 538, 2739, 1650, 355, 2012, 1450, 2389, 3028, 3127, 2007, 3023, 450, 586, 1933, 2695, 842, 2433, 1512, 2263, 2144, 1466, 188, 1081, 128, 292, 3114, 1713, 1173, 1739, 1072, 1210, 1759, 1786, 2299, 774, 109, 540, 424, 866, 1246, 894, 571, 938, 249, 1467, 1269, 2911, 1995, 3052, 1852, 1659, 2956, 670, 364, 182, 1161, 1862, 2020, 847, 1908, 1527, 2803, 2715, 1044, 378, 1649, 865, 699, 361, 1556, 2701, 2908, 2679, 1745, 1305, 2006, 1946, 2879, 26, 163, 2595, 1031, 1376, 2755, 1087, 1894, 1454, 1478, 675, 72, 95, 333, 2983, 245, 1738, 395, 1795, 2752, 2724, 1643, 671, 432, 1604, 681, 337, 2023, 2557, 955, 1553, 1063, 2235, 2398, 1973, 231, 2051, 2688, 2156, 2314, 1476, 764, 584, 739, 1993, 3090, 331, 2056, 1475, 2283, 1483, 475, 1043, 2140, 2760, 3063, 2579, 2681, 189, 669, 869, 820, 967, 2992, 1017, 2375, 1955, 2714, 2625, 2469, 2548, 603, 2163, 1588, 2931, 3033, 2807, 123, 506, 415, 772, 930, 2884, 2727, 117, 585, 1400, 2404, 2633, 211, 1413, 644, 1141, 1459, 1735, 2485, 1430, 2828, 2348, 936, 2245, 177, 1348, 1651, 2729, 2822, 609, 135, 3136, 897, 2021, 1526, 799, 3116, 2821, 1694, 1689, 918, 2127, 2734, 2874, 2014, 1930, 1468, 133, 2938, 2932, 1136, 1732, 2564, 1523, 1971, 2448, 301, 1458, 1724, 2125, 2946, 1068, 851, 745, 226, 2466, 1648, 1035, 1372, 1266, 527, 2141, 2523, 1352, 2307, 2559, 987, 1546, 1311, 614, 238, 1910, 705, 289, 433, 2569, 876, 2666, 592, 1896, 687, 126, 42, 2754, 2669, 1118, 2682, 268, 1505, 434, 3105, 1503, 683, 2971, 2071, 3018, 310, 1315, 1273, 2538, 2611, 3095, 636, 2843, 1339, 2543, 2546, 883, 1169, 2530, 2929, 3027, 2492, 1618, 2072, 2500, 1064, 1943, 1241, 528, 849, 1990, 1932, 3117, 1881, 638, 1783, 1485, 684, 1086, 1743, 1428, 2123, 1925, 184, 1662, 3036, 372, 2702, 1780, 488, 490, 404, 1827, 993, 641, 539, 2711, 1584, 2506, 673, 2588, 44, 846, 2429, 2524, 2716, 2795, 2862, 1218, 1920, 929, 840, 20, 204, 1566, 686, 1670, 271, 1842, 2999, 1263, 2066, 1486, 1562, 2532, 111, 1508, 161, 826, 2473, 2604, 1529, 815, 736, 2121, 3129, 1232, 1762, 518, 2195, 151, 981, 1338, 2671, 2993, 1544, 1550, 267, 1490, 626, 920, 1447, 2142, 2458, 2885, 931, 293, 1982, 1420, 1940, 1134, 1393, 2704, 1585, 2181, 77, 2867, 1343, 1810, 1306, 2222, 96, 1500, 2520, 2065, 2212, 693, 2856, 1787, 1327, 570, 2019, 2169, 697, 471, 2619, 1464, 19, 51, 1344, 298, 3074, 1804, 505, 2178, 948, 1209, 2942, 2547, 1679, 663, 2325, 1394, 3107, 2029, 1378, 2583, 2157, 1387, 2951, 498, 1775, 2839, 607, 3042, 155, 2699, 352, 356, 1594, 1029, 2796, 873, 440, 861, 2655, 627, 2555, 1259, 2170, 1236, 1260, 2618, 2145, 2028, 2661, 2100, 2984, 2384, 816, 1012, 374, 1414, 1375, 1330, 2147, 198, 1102, 563, 1657, 1368, 557, 905, 3017, 2540, 1642, 1401, 613, 3083, 1074, 1853, 34, 335, 1356, 253, 1109, 1917, 2708, 1941, 1319, 2270, 2814, 2259, 2602, 2989, 2232, 2394, 909, 1741, 839, 2881, 153, 323, 472, 537, 1415, 2277, 1278, 2031, 709, 33, 3073, 2291, 1254, 403, 593, 1688, 278, 2531, 1989, 2165, 2832, 3122, 1069, 3071, 895, 3008, 1036, 900, 1717, 2472, 808, 921, 2201, 368, 1558, 3001, 643, 18, 1255, 2150, 2571, 568, 2035, 1116, 2457, 1303, 1758, 2010, 857, 1621, 256, 2851, 1025, 3087, 762, 21, 943, 10, 459, 3121, 2960, 1096, 1404, 1162, 2903, 2777, 543, 666, 2663, 925, 197, 144, 316, 65, 1817, 2878, 3006, 662, 756, 2288, 1912, 2950, 2159, 1903, 2644, 2593, 2477, 531, 986, 2689, 2432, 1093, 4, 377, 1997, 1125, 2001, 1168, 2508, 2941, 1858, 1506, 2117, 1114, 1509, 657, 469, 1885, 2623, 1923, 2781, 594, 785, 1488, 302, 418, 2855, 1023, 504, 665, 3098, 1108, 1270, 990, 1522, 2645, 1979, 444, 2114, 1186, 2800, 178, 2577, 733, 658, 114, 639, 1895, 1085, 54, 1514, 443, 1561, 154, 760, 2495, 315, 2705, 423, 70, 1180, 2494, 1701, 2717, 2180, 1243, 2657, 2969, 360, 2812, 2158, 48, 1675, 1492, 3135, 1424, 765, 1799, 45, 2113, 367, 1868, 1674, 1457, 1595, 1676, 30, 2294, 3084, 600, 2194, 1987, 1275, 1438, 719, 169, 731, 789, 2134, 1292, 322, 1196, 1824, 1623, 1901, 2467, 477, 2434, 405, 2792, 2205, 1223, 1175, 1927, 1530, 2798, 2483, 2465, 2522, 802, 1392, 821, 1282, 412, 2635, 2445, 950, 502, 1127, 1289, 2422, 2606, 2358, 2955, 1245, 2849, 2411, 1722, 2176, 1819, 1054, 1754, 2607, 1388, 227, 306, 1612, 2349, 2985, 1370, 1312, 436, 933, 279, 1921, 580, 1668, 1970, 393, 2022, 89, 831, 1379, 464, 1624, 2972, 2947, 1697, 2452, 2017, 2304, 718, 2360, 2008, 2603, 1532, 809, 995, 67, 793, 2353, 257, 312, 1936, 130, 2463, 1840, 1569, 2891, 202, 1355, 1614, 57, 1041, 737, 1889, 2393, 3044, 2462, 635, 6, 56, 2082, 2356, 882, 2558, 1965, 2054, 1798, 1198, 924, 1888, 208, 2584, 2529, 743, 2412, 1637, 347, 1765, 2306, 2537, 235, 896, 2045, 1432, 3047, 1850, 1357, 1782, 1229, 1034, 1602, 1567, 1962, 628, 2764, 223, 239, 1796, 859, 2568, 2192, 1349, 1988, 1863, 2735, 1105, 160, 1094, 2742, 421, 549, 1225, 2077, 2323, 2710, 541, 1144, 2068, 824, 2612, 723, 1070, 595, 1095, 1407, 2883, 1042, 1886, 1515, 1563, 2316, 957, 1646, 2763, 2365, 1417, 2826, 1641, 379, 314, 616, 753, 3045, 1698, 1418, 2146, 940, 728, 1696, 1520, 2868, 2609, 602, 1297, 2829, 1403, 1051, 1902, 917, 1772, 2331, 1185, 1845, 1360, 206, 2128, 2225, 989, 2120, 194, 864, 2206, 478, 2069, 3078, 935, 2628, 1906, 1412, 2336, 3126, 2608, 1784, 1808, 2783, 2200, 2076, 908, 1009, 1216, 303, 1345, 2801, 2322, 1966, 806, 2648, 397, 2786, 3060, 2287, 1813, 2033, 1960, 1439, 2574, 1524, 916, 1157, 1640, 203, 2186, 1423, 944, 1350, 631, 1027, 692, 1913, 828, 2204, 2865, 1507, 225, 1227, 2064, 833, 1702, 2924, 1197, 2459, 2830, 2078, 1980, 724, 2641, 157, 812, 285, 2827, 1018, 212, 2659, 86, 1691, 2152, 1158, 2692, 1809, 2047, 763, 191, 558, 1880, 3058, 1188, 32, 2416, 2861, 1480, 1224, 1335, 3111, 522, 354, 2003, 1994, 391, 1100, 3086, 340, 1597, 87, 780, 3085, 261, 431, 2038, 1663, 2430, 2587, 2397, 910, 2498, 387, 2464, 1914, 911, 1611, 1309, 2730, 1406, 2382, 282, 1575, 1977, 68, 677, 1230, 1390, 3139, 2630, 1751, 800, 1104, 1235, 560, 2070, 2882, 742, 1060, 2160, 1050, 1032, 1831, 1516, 573, 453, 2962, 2961, 2913, 2720, 1654, 1830, 2292, 3055, 3118, 2694, 2513, 1140, 1342, 2519, 1875, 495, 1949, 2246, 1265, 1740, 2900, 951, 2239, 1386, 971, 1272, 2948, 1981, 701, 2501, 2266, 1975, 1857, 2897, 3049, 338, 224, 336, 2005, 1535, 281, 2332, 1823, 2355, 2504, 3014, 396, 2567, 679, 1630, 854, 757, 1653, 754, 1898, 2401, 524, 972, 945, 1055, 779, 814, 1548, 165, 798, 1716, 2489, 12, 2573, 2030, 2541, 2049, 2634, 2834, 604, 2099, 2256, 612, 775, 1033, 714, 1178, 2453, 476, 1382, 2721, 1591, 2616, 425, 1559, 3000, 74, 2858, 210, 2037, 2779, 92, 792, 769, 2015, 2772, 329, 1322, 1928, 2521, 1629, 1537, 17, 2722, 1336, 2227, 2762, 1573, 2328, 2451, 554, 185, 384, 486, 1727, 326, 150, 494, 219, 485, 280, 771, 520, 1900, 2400, 1326, 2385, 1449, 308, 1130, 510, 1658, 1111, 2652, 3053, 417, 2590, 2267, 2102, 214, 811, 2525, 581, 2793, 2597, 1123, 41, 2857, 1726]
labeling = [1206, 938, 1873, 1023, 2494, 389, 2690, 577, 1361, 25, 2461, 884, 3009, 482, 1060, 1213, 475, 3047, 2439, 2313, 2238, 2457, 1, 370, 766, 1621, 1992, 143, 19, 421, 2577, 1112, 2882, 2412, 2383, 1792, 1405, 1568, 1849, 783, 1540, 3088, 2159, 868, 2228, 2570, 1078, 967, 2562, 494, 1448, 2315, 1776, 1543, 2540, 1265, 2692, 2682, 133, 1097, 775, 423, 224, 517, 1251, 2475, 554, 2668, 2922, 1625, 2550, 1142, 2003, 678, 3031, 433, 483, 2290, 1000, 189, 1372, 1457, 1862, 145, 1654, 1842, 2868, 2897, 9, 2650, 961, 1183, 3035, 683, 469, 2005, 2297, 333, 137, 339, 593, 1001, 1496, 1159, 1418, 1719, 1479, 1261, 1685, 1950, 600, 2250, 753, 1868, 2536, 871, 551, 2077, 1249, 1182, 1820, 1828, 1786, 2068, 1222, 942, 2157, 1313, 1938, 1198, 2674, 256, 1913, 2114, 856, 2097, 1466, 1229, 1852, 183, 1612, 763, 1022, 982, 2473, 529, 508, 1406, 1593, 993, 3060, 2266, 1390, 2403, 2544, 2339, 934, 2861, 900, 1151, 2732, 2252, 1485, 1994, 1098, 3005, 528, 32, 1312, 2587, 995, 1392, 1826, 1777, 382, 1857, 103, 2092, 2532, 1084, 1619, 1864, 1969, 1359, 2209, 3057, 1465, 793, 1936, 2049, 817, 2876, 1499, 537, 2795, 1443, 161, 2471, 2368, 486, 943, 1517, 2679, 2835, 2240, 1196, 2790, 167, 2702, 400, 3033, 2081, 2866, 1211, 3081, 1753, 1638, 676, 1666, 3062, 548, 306, 1667, 2724, 2978, 2849, 2131, 2634, 1649, 1608, 16, 2026, 905, 296, 347, 2710, 694, 1171, 2146, 2726, 1510, 1492, 612, 1546, 40, 2009, 338, 1055, 1268, 1958, 191, 367, 927, 2386, 535, 1521, 2452, 2671, 1670, 1254, 1614, 2901, 643, 1772, 465, 215, 1712, 2271, 2162, 1256, 1253, 2243, 253, 657, 720, 17, 409, 1175, 2419, 2643, 3064, 2982, 2918, 932, 1047, 2863, 649, 335, 24, 2149, 1609, 1035, 1939, 2281, 926, 1822, 31, 1680, 2312, 446, 950, 2122, 2515, 2816, 345, 893, 2635, 978, 3072, 1036, 2172, 112, 2672, 584, 2765, 2547, 2472, 1770, 271, 956, 63, 1816, 2592, 2404, 164, 360, 3048, 730, 773, 3040, 769, 2037, 875, 2007, 1355, 2384, 2979, 2017, 2977, 1669, 2895, 1071, 309, 503, 1383, 997, 83, 2707, 291, 1294, 541, 317, 2340, 839, 2890, 1919, 2341, 1616, 1573, 1676, 2559, 1984, 736, 261, 1968, 1348, 1354, 2572, 2436, 1911, 402, 34, 2212, 1328, 2363, 843, 135, 2496, 1979, 2764, 670, 732, 56, 1895, 3056, 53, 280, 2909, 1535, 1830, 1376, 2892, 52, 2648, 1709, 2011, 2988, 2822, 217, 731, 294, 1340, 101, 2413, 2219, 2599, 1388, 1116, 1646, 1532, 293, 1790, 2614, 221, 788, 2071, 904, 3078, 2516, 1115, 351, 2735, 708, 2549, 1952, 3028, 187, 311, 1750, 1068, 912, 2900, 2014, 2150, 2164, 374, 2640, 1807, 1042, 1193, 2346, 1339, 126, 2541, 2528, 1221, 1581, 122, 1104, 1519, 1926, 648, 1342, 2942, 1717, 381, 677, 610, 237, 2456, 864, 336, 1439, 949, 2653, 70, 1032, 664, 1584, 2508, 620, 2309, 2405, 36, 1810, 2042, 3023, 2597, 2798, 530, 1189, 603, 575, 1373, 698, 3063, 3058, 290, 2215, 254, 2217, 411, 866, 1106, 3061, 2958, 1893, 1644, 2334, 1043, 798, 352, 2618, 437, 2519, 2321, 2069, 617, 5, 1458, 3074, 440, 1056, 906, 669, 487, 1044, 404, 2263, 1272, 3066, 363, 2888, 831, 2998, 846, 549, 2135, 2194, 1148, 1560, 2488, 473, 246, 123, 946, 692, 2406, 1915, 2221, 1951, 2741, 1523, 2467, 202, 890, 567, 1076, 302, 2736, 1152, 387, 596, 1131, 3055, 492, 1335, 2373, 2877, 1473, 2931, 1578, 1176, 2370, 1889, 671, 1029, 1821, 2442, 1483, 2305, 1956, 777, 2941, 1105, 228, 1464, 754, 1481, 14, 2645, 3085, 836, 656, 2033, 2074, 1927, 1034, 810, 1111, 544, 1596, 2154, 2417, 2512, 2748, 1817, 710, 526, 255, 2580, 397, 2778, 2062, 3014, 1877, 1636, 2337, 323, 2096, 1446, 1855, 3017, 2379, 2145, 727, 2766, 399, 1527, 814, 1234, 208, 1082, 1037, 761, 173, 2274, 2349, 2723, 86, 1240, 2841, 1550, 525, 428, 2688, 2177, 1802, 2200, 2538, 945, 2220, 1326, 2438, 2080, 1509, 1092, 519, 615, 1330, 623, 540, 702, 1350, 812, 1281, 270, 2509, 2535, 1678, 6, 159, 2478, 2326, 1322, 2520, 2468, 1199, 816, 2050, 1967, 2013, 1847, 2225, 1829, 2001, 741, 2921, 1130, 2990, 857, 2016, 154, 2168, 2203, 1296, 2241, 2156, 586, 407, 975, 633, 2844, 2301, 804, 953, 764, 2308, 1555, 1982, 660, 2970, 1080, 709, 877, 2148, 218, 922, 718, 2410, 1615, 1259, 313, 312, 3020, 1200, 1124, 1764, 2661, 2585, 1177, 131, 928, 2746, 2859, 848, 304, 1687, 2773, 1720, 799, 2589, 747, 2533, 925, 109, 2258, 2684, 1135, 2034, 1054, 1075, 2934, 2704, 1587, 2129, 792, 1765, 1283, 1343, 172, 412, 532, 2767, 2995, 77, 2479, 2993, 760, 786, 2545, 239, 2455, 2875, 2032, 2567, 214, 1514, 349, 3039, 1831, 3065, 2073, 914, 1949, 3018, 1341, 1066, 1287, 3002, 2898, 286, 1427, 1073, 174, 2513, 127, 1775, 1086, 2586, 1559, 199, 3037, 2669, 705, 48, 749, 1797, 3006, 2103, 2928, 1579, 2606, 1774, 90, 1274, 2820, 1132, 2433, 2666, 1030, 3083, 2862, 515, 3003, 2257, 2361, 1026, 1028, 1641, 2052, 2612, 435, 595, 2744, 815, 2253, 621, 2845, 723, 1227, 2651, 1494, 2850, 552, 64, 1345, 635, 1876, 2401, 2236, 471, 1930, 252, 968, 1103, 2227, 1973, 1858, 2195, 499, 2128, 243, 832, 2992, 991, 250, 2449, 745, 2727, 1318, 2347, 627, 1401, 2796, 1981, 1953, 1150, 1689, 2051, 37, 33, 1905, 2345, 785, 1604, 2152, 426, 50, 111, 1537, 599, 2695, 2182, 806, 756, 910, 1565, 146, 1502, 1415, 1226, 616, 852, 1955, 2427, 2711, 2099, 1144, 327, 2430, 899, 406, 316, 545, 2374, 939, 501, 2813, 2399, 2907, 2912, 1716, 1089, 1796, 1506, 2832, 2784, 2107, 177, 2275, 2434, 1874, 1731, 2700, 2470, 470, 1102, 377, 2234, 2075, 2280, 506, 2642, 213, 2801, 2090, 1819, 1957, 115, 2772, 948, 1533, 2459, 2839, 3000, 342, 640, 2320, 7, 2617, 2964, 1179, 1620, 1677, 2020, 269, 2757, 121, 734, 1708, 1580, 1100, 1908, 1451, 1513, 591, 2053, 550, 1639, 1572, 2966, 2999, 1884, 477, 1803, 284, 1146, 715, 1286, 1762, 2265, 324, 285, 976, 1631, 2489, 2142, 454, 2793, 2524, 819, 1271, 2218, 873, 2667, 1079, 1558, 212, 679, 1408, 1729, 1610, 1613, 1469, 344, 686, 395, 443, 2814, 1881, 200, 2362, 1482, 758, 1504, 1257, 2055, 2865, 229, 231, 1707, 1070, 2518, 67, 2453, 1158, 2842, 565, 2343, 1697, 1995, 2937, 3019, 2719, 2133, 2429, 1844, 1081, 920, 711, 2683, 2752, 2043, 1978, 424, 682, 1626, 1410, 870, 2938, 2782, 1744, 68, 2631, 3001, 1781, 1672, 194, 936, 2936, 2, 241, 2022, 2191, 743, 713, 1566, 2127, 2425, 2747, 1238, 1944, 680, 2380, 625, 901, 695, 1138, 1337, 225, 1937, 1902, 166, 1258, 2539, 2204, 1997, 463, 1694, 1308, 1163, 1139, 2492, 2733, 2749, 2462, 801, 1534, 60, 2893, 701, 2369, 1219, 2929, 2731, 35, 22, 2522, 2387, 1733, 3076, 1507, 1247, 2506, 604, 2444, 366, 2161, 232, 818, 1861, 1686, 3087, 289, 2498, 497, 2619, 398, 1501, 3073, 1067, 282, 1380, 2284, 1794, 2117, 1423, 1846, 972, 2954, 2083, 1194, 75, 2742, 512, 909, 1710, 168, 277, 87, 179, 1746, 1140, 1703, 452, 536, 2833, 2871, 1065, 609, 1970, 2464, 1567, 699, 1087, 931, 479, 2500, 2183, 1201, 346, 1547, 1942, 639, 2603, 355, 149, 3021, 1759, 2551, 955, 78, 790, 566, 2787, 2530, 721, 2880, 1601, 1674, 851, 1891, 628, 903, 996, 2591, 2856, 2699, 392, 855, 504, 520, 1304, 1273, 383, 1090, 1324, 1841, 2314, 1945, 1657, 1358, 1488, 427, 1904, 2815, 809, 2233, 1799, 1402, 1409, 1866, 2602, 2885, 2737, 977, 2851, 611, 2718, 2924, 1838, 2261, 1110, 1245, 2930, 2353, 201, 1122, 690, 1907, 2193, 205, 2556, 110, 2625, 1954, 396, 13, 1812, 1440, 1818, 706, 1745, 2416, 2441, 356, 1851, 1164, 2351, 2355, 456, 797, 2245, 1006, 2961, 2136, 1208, 951, 1960, 2523, 1419, 2967, 2173, 1093, 2583, 1421, 1039, 2409, 478, 405, 1480, 2613, 618, 1599, 152, 1027, 1755, 1539, 2620, 273, 858, 2590, 331, 418, 49, 1101, 2779, 622, 1434, 51, 416, 1767, 2446, 369, 1988, 2294, 1317, 811, 2914, 162, 2144, 2641, 989, 425, 2171, 867, 236, 1365, 2391, 1010, 260, 3041, 247, 1627, 10, 3069, 2304, 1800, 1582, 2366, 1512, 1437, 916, 1370, 2886, 3049, 441, 2267, 2179, 1769, 62, 2955, 2292, 2317, 2817, 770, 937, 2093, 2728, 2840, 1779, 2139, 853, 915, 2680, 2385, 2716, 125, 1041, 2789, 1191, 1266, 1783, 1389, 1051, 1209, 1327, 2372, 1008, 2639, 39, 2134, 781, 1053, 2365, 1996, 1153, 2330, 2652, 1897, 1310, 3024, 1542, 608, 1467, 2965, 2332, 2633, 1592, 2925, 1702, 2611, 2286, 2327, 216, 597, 1758, 684, 1693, 2078, 2378, 1875, 2781, 2463, 957, 2916, 2750, 108, 1239, 654, 716, 2804, 2082, 2364, 2407, 1648, 2761, 2770, 751, 2282, 921, 1013, 2838, 2566, 881, 58, 1768, 2206, 1706, 2087, 1901, 2713, 1188, 1127, 1871, 1665, 689, 2584, 2829, 1854, 1747, 117, 268, 1836, 61, 1332, 2276, 204, 3071, 1920, 580, 697, 1743, 1999, 449, 1633, 2576, 2123, 2084, 1476, 1602, 460, 569, 2311, 952, 1935, 1959, 2113, 1468, 484, 645, 1739, 505, 1403, 2039, 2031, 315, 2000, 1536, 2884, 522, 257, 2041, 1493, 2201, 2247, 1133, 2514, 1186, 2273, 81, 2563, 896, 735, 307, 1172, 782, 1603, 468, 2296, 1168, 1123, 2166, 140, 2163, 2504, 2848, 2251, 2507, 1305, 1220, 1932, 1553, 2542, 2754, 2940, 1377, 419, 1661, 2775, 1307, 2525, 2119, 2831, 1303, 2101, 1975, 385, 2256, 2607, 265, 2665, 784, 190, 2981, 507, 3045, 438, 29, 1289, 141, 1218, 242, 2270, 1074, 2143, 1400, 3004, 1099, 2272, 408, 472, 2021, 321, 666, 1983, 653, 2437, 3029, 1242, 2543, 2248, 2756, 1778, 28, 2237, 2721, 493, 2677, 879, 1526, 394, 3053, 94, 2919, 1551, 1269, 318, 825, 1398, 1072, 447, 1538, 2223, 2288, 448, 1726, 2064, 1684, 195, 3026, 373, 842, 2342, 2571, 696, 2896, 1724, 153, 557, 1505, 2720, 966, 2015, 1478, 1544, 180, 1500, 992, 436, 2913, 2636, 1295, 2681, 602, 619, 325, 2188, 1371, 830, 2450, 538, 2593, 2654, 1040, 71, 1671, 287, 3044, 2991, 844, 422, 1414, 1788, 1228, 1125, 2706, 1690, 1316, 2834, 2763, 2377, 2010, 1129, 1688, 2758, 740, 2132, 1980, 1918, 988, 1385, 2994, 2947, 980, 655, 2371, 3075, 1965, 768, 1637, 2210, 2903, 391, 308, 1508, 1456, 2646, 379, 2242, 120, 986, 592, 2575, 2564, 2573, 1413, 1411, 2324, 130, 1497, 546, 92, 791, 410, 1278, 142, 2418, 2106, 1185, 2869, 365, 1576, 2105, 354, 2774, 2657, 2769, 1282, 750, 2553, 2853, 883, 462, 1655, 889, 98, 1452, 1173, 1250, 259, 1170, 1941, 1487, 21, 3007, 2431, 182, 1647, 555, 947, 2628, 940, 2124, 488, 3090, 3059, 800, 178, 712, 1699, 2118, 1832, 99, 2085, 907, 371, 2004, 1943, 2962, 2400, 431, 2205, 1329, 1987, 841, 1598, 897, 762, 523, 2927, 1789, 1588, 2632, 129, 292, 1243, 2447, 1947, 276, 674, 2262, 459, 1012, 2708, 414, 1161, 553, 1554, 358, 1422, 2785, 429, 737, 2335, 444, 1798, 1425, 572, 2214, 1645, 2717, 2202, 2808, 1618, 1948, 2303, 1141, 1007, 895, 1503, 1882, 1784, 1679, 2012, 2725, 1870, 2698, 2568, 691, 1237, 403, 1333, 2319, 1375, 1607, 1675, 2809, 2873, 2293, 1444, 1611, 2826, 332, 1450, 1436, 2474, 1290, 2630, 930, 1145, 626, 2984, 2594, 1530, 119, 2216, 1761, 59, 2948, 2939, 498, 1167, 650, 1155, 985, 1174, 1088, 704, 2676, 579, 2244, 1827, 1574, 2788, 1835, 1594, 341, 629, 2715, 350, 1964, 2382, 1002, 722, 169, 2974, 2503, 513, 771, 1511, 1971, 2730, 1364, 485, 1420, 85, 2574, 23, 958, 466, 675, 973, 1178, 2957, 368, 102, 1912, 998, 2878, 2199, 1564, 1291, 69, 2510, 2753, 1643, 2701, 2685, 726, 1236, 1454, 1157, 1998, 2537, 2155, 1156, 2996, 999, 3067, 2595, 2783, 2484, 979, 1117, 2803, 1660, 1974, 1635, 2147, 192, 2481, 2843, 2911, 1038, 636, 2388, 1315, 1428, 2235, 2644, 234, 2511, 1384, 2208, 874, 2605, 3042, 1149, 2112, 66, 2197, 1928, 849, 888, 2673, 1109, 20, 685, 2285, 2390, 935, 2192, 124, 413, 1990, 1351, 1486, 2959, 1262, 1585, 1393, 181, 185, 2057, 924, 994, 1210, 1557, 2828, 1632, 2722, 1426, 1349, 2696, 2819, 838, 1721, 1046, 2647, 2120, 100, 2025, 464, 2973, 514, 2920, 96, 2527, 2858, 2969, 2283, 203, 787, 1888, 359, 2582, 2729, 2421, 2196, 1147, 1202, 2035, 2891, 1962, 491, 2497, 1143, 960, 1049, 2499, 1545, 2889, 264, 2980, 1989, 1924, 2663, 1475, 2448, 1653, 1917, 1203, 2111, 3038, 789, 2659, 607, 2306, 1972, 2100, 2649, 2018, 1860, 1195, 1498, 1280, 2356, 2329, 3008, 2411, 1120, 2827, 802, 2443, 1433, 3034, 2902, 1435, 587, 1180, 1634, 568, 439, 2712, 1154, 2874, 1397, 3010, 118, 2027, 1766, 1260, 2697, 1673, 2038, 728, 1445, 1650, 878, 1277, 1128, 240, 2852, 2299, 2246, 672, 2743, 2799, 2932, 2169, 2189, 1288, 821, 198, 2812, 2738, 2857, 1682, 1386, 1825, 2694, 1516, 235, 847, 913, 1562, 891, 631, 918, 1894, 1463, 547, 1077, 266, 1344, 1447, 320, 3015, 2358, 151, 3080, 1052, 495, 511, 1058, 147, 1880, 489, 1217, 1396, 738, 2569, 2529, 1909, 496, 2505, 965, 917, 2794, 2259, 1887, 2207, 1064, 2125, 1232, 2108, 2791, 1859, 1378, 854, 223, 606, 2588, 923, 97, 334, 663, 91, 2044, 2137, 2277, 794, 1934, 2354, 2771, 2367, 583, 1705, 2440, 1424, 2870, 1346, 1357, 1595, 2029, 2331, 2560, 2483, 2935, 18, 861, 2063, 79, 2422, 570, 1292, 1352, 2307, 1256, 1883, 1837, 1014, 328, 944, 2629, 1160, 2316, 1126, 2555, 2289, 386, 1700, 714, 1898, 2837, 1276, 1834, 1367, 1187, 1096, 210, 227, 2581, 2264, 1360, 1628, 1839, 1063, 2811, 2435, 970, 779, 2846, 2601, 2797, 822, 420, 755, 1740, 527, 2300, 1843, 1306, 1885, 941, 1725, 340, 1845, 1751, 962, 2295, 1121, 748, 2792, 1701, 3050, 1813, 638, 274, 170, 2397, 837, 105, 2023, 1730, 500, 163, 84, 30, 963, 1382, 107, 605, 2091, 2960, 863, 1369, 1441, 1416, 1021, 1524, 524, 41, 1207, 3016, 1575, 1395, 2394, 380, 209, 1095, 1933, 641, 1197, 2972, 2180, 1438, 326, 2392, 744, 1048, 1311, 823, 1804, 902, 2408, 1460, 1863, 1314, 929, 1230, 2040, 759, 1718, 1442, 2825, 2480, 1069, 1270, 2415, 2949, 1630, 2579, 703, 1020, 1298, 558, 1946, 1215, 835, 329, 1668, 2660, 1695, 2709, 2140, 245, 556, 876, 136, 401, 1711, 2030, 1793, 2755, 1495, 1025, 1541, 1449, 990, 2818, 2739, 184, 2325, 457, 1374, 3052, 196, 116, 2786, 2983, 1652, 4, 1549, 2805, 687, 1715, 578, 1640, 1727, 160, 301, 1381, 933, 226, 1474, 2089, 2637, 11, 1785, 833, 2670, 614, 2985, 2693, 1057, 2623, 1285, 2662, 1752, 1264, 582, 1244, 2760, 1853, 1624, 388, 1662, 1429, 1605, 1518, 1531, 481, 2056, 845, 1787, 1659, 1323, 222, 860, 2917, 1878, 2360, 3070, 1045, 298, 1658, 1921, 807, 1704, 1431, 2615, 2398, 378, 1241, 2906, 2024, 1356, 3068, 2997, 364, 1806, 2076, 0, 314, 613, 1108, 1808, 1331, 2627, 2705, 954, 1297, 476, 2881, 300, 55, 1914, 1205, 219, 2621, 516, 969, 26, 353, 1275, 859, 2229, 2904, 780, 2491, 1931, 2598, 585, 1583, 1301, 54, 384, 15, 372, 840, 634, 467, 2616, 642, 480, 2121, 820, 1394, 3054, 2658, 3022, 1748, 1284, 1062, 2445, 2278, 2836, 1005, 461, 2687, 2675, 2910, 2610, 2130, 2596, 230, 2060, 984, 1455, 2432, 2254, 1204, 1735, 725, 2487, 707, 263, 767, 1094, 1050, 2604, 451, 2086, 348, 1137, 445, 1231, 644, 1263, 2187, 824, 2552, 2546, 275, 774, 2908, 1571, 2190, 2971, 898, 1407, 2986, 1736, 2224, 974, 2501, 561, 824, 1366, 665, 2953, 658, 882, 574, 894, 148, 2956, 2298, 3043, 2608, 2138, 2230, 3084, 911, 89, 430, 2703, 2184, 2420, 2249, 1472, 1471, 442, 987, 60, 2174, 1906, 2376, 3011, 322, 2180, 283, 193, 2181, 2322, 2061, 357, 210, 45, 1430, 673, 375, 2350, 1622, 2019, 2689, 2141, 988, 1119, 1811, 1833, 1136, 1520, 1728, 2989, 0, 2151, 1737, 1522, 281, 2029, 2830, 26, 1293, 2534, 659, 2047, 139, 733, 667, 1432, 2485, 971, 1321, 2905, 2226, 156, 3079, 1279, 1018, 2486, 27, 390, 1823, 3086, 762, 518, 156, 415, 2395, 2664, 2255, 1600, 2622, 55, 2807, 2777, 144, 2175, 2745, 80, 165, 1024, 3027, 516, 2352, 2310, 651, 1741, 1338, 2493, 724, 2059, 1886, 959, 2802, 632, 2926, 772, 880, 2079, 3012, 2615, 93, 171, 1212, 310, 564, 2860, 176, 834, 2485, 2526, 739, 1663, 2821, 1742, 158, 12, 0, 886, 343, 2348, 80, 2557, 1824, 2867, 1490, 2357, 42, 2469, 1459, 662, 2153, 104, 390, 911, 919, 2269, 176, 233, 1899, 688, 828, 646, 688, 76, 1353, 2048, 2160, 1113, 361, 1879, 1432, 808, 2028, 2490, 1561, 490, 2872, 1763, 2952, 1929, 803, 1698, 1815, 364, 826, 1986, 2213, 1216, 2287, 2548, 510, 1246, 2389, 65, 2740, 2222, 262, 1629, 2058, 1977, 72, 2554, 1805, 1091, 2946, 3025, 3046, 84, 2008, 278, 1136, 2072, 0, 2094, 2915, 1623, 1732, 1691, 2109, 72, 15, 510, 319, 1916, 1224, 343, 2734, 72, 1910, 1865, 796, 1801, 1162, 288, 589, 1590, 2006, 776, 2158, 1993, 1477, 559, 1461, 1782, 2045, 76, 3051, 2759, 2691, 207, 1417, 693, 1387, 624, 65, 249, 692, 72, 139, 630, 1872, 2466, 451, 3036, 964, 2495, 571, 2810, 1791, 1589, 2823, 12, 1528, 300, 310, 573, 2600, 3082, 1190, 2231, 2344, 376, 2609, 1003, 2531, 589, 1017, 1976, 1379, 1470, 1363, 2067, 114, 668, 590, 1692, 2561, 1856, 2393, 1577, 1617, 647, 1009, 1325, 1760, 2104, 2095, 138, 1892, 88, 2762, 2864, 2088, 2780, 2855, 1563, 2423, 562, 3013, 908, 74, 362, 813, 2336, 1840, 1780, 1114, 2178, 330, 1319, 188, 1809, 258, 2626, 1223, 2451, 1391, 299, 474, 2517, 2302, 3089, 3032, 1771, 1192, 2883, 2232, 1606, 18, 2847, 542, 2291, 2776, 533, 850, 652, 134, 1334, 2110, 305, 1656, 1548, 2476, 1991, 197, 2402, 2933, 2751, 2070, 2279, 752, 1484, 729, 295, 563, 2678, 1569, 1252, 1773, 155, 57, 2975, 337, 1900, 2963, 502, 719, 2465, 1404, 378, 1756, 1556, 1985, 1181, 717, 1961, 113, 2945, 186, 1681, 303, 1233, 543, 1231, 1723, 534, 1362, 594, 2854, 251, 1184, 1462, 1586, 2185, 1368, 2065, 2116, 805, 778, 598, 8, 983, 2115, 1016, 1399, 2502, 2323, 862, 42, 1165, 2126, 2656, 2968, 1552, 2482, 2333, 1869, 1004, 1015, 2624, 1966, 1107, 434, 417, 2460, 2944, 2943, 700, 981, 211, 47, 157, 458, 2558, 661, 2167, 2655, 220, 248, 73, 279, 453, 560, 175, 1522, 393, 1738, 2002, 2359, 2638, 244, 1453, 1896, 2396, 132, 637, 2054, 2268, 38, 1683, 1119, 829, 1031, 2239, 3030, 328, 1083, 576, 887, 865, 2477, 1347, 2428, 1267, 455, 262, 1664, 1722, 2987, 869, 531, 2375, 2170, 601, 1757, 1814, 297, 1925, 1754, 450, 539, 2186, 1922, 509, 1118, 872, 1309, 2066, 128, 1734, 2211, 150, 1591, 1019, 1059, 1134, 2338, 1795, 2686, 2768, 1525, 2714, 1300, 2976, 827, 765, 1963, 3077, 206, 2950, 581, 1515, 2879, 272, 2824, 1085, 1651, 2046, 1169, 1033, 46, 1597, 1850, 1011, 1061, 2426, 1570, 2414, 2318, 1867, 3, 1225, 2800, 1166, 1642, 432, 746, 2381, 2578, 2899, 2894, 2454, 1299, 1336, 2036, 681, 1489, 757, 1890, 2176, 1848, 1320, 2521, 238, 82, 1248, 1903, 1529, 1491, 2165, 885, 2328, 1214, 742, 1302, 2887, 1714, 44, 1940, 1235, 2102, 2198, 2951, 588, 95, 2458, 2424, 795, 1713, 1412, 2806, 1923, 1749, 2260, 521, 1696, 1255, 106, 267, 2565, 2098, 892, 43, 2923]
