===== RESULTADO GA L(2,1) =====
Arquivo: /Users/mateuspedrosa/Documents/TCC-II/BOGA/data/NR_DIMACS_cleaned/san200-0-7-2_clean.mtx (undirected)
Crossover: cx | Mutação: em | pop=30 | gens=53 | mut=0.446 | cr=0.5724 | runs=1 | max-stagt=1031

----- Execução #1 -----
Span (lambda): 200
Parada: TIME_LIMIT (geração 6)
best_order = [0, 1, 2, 3, 4, 5, 6, 7, 8, 9, 10, 11, 12, 13, 14, 15, 16, 17, 18, 19, 20, 21, 22, 23, 24, 25, 26, 27, 28, 29, 30, 31, 32, 33, 34, 35, 36, 37, 38, 39, 40, 41, 42, 43, 44, 45, 46, 47, 48, 49, 50, 51, 52, 53, 54, 55, 56, 57, 58, 59, 60, 61, 62, 63, 64, 65, 66, 67, 68, 69, 70, 71, 72, 73, 74, 75, 76, 77, 78, 79, 80, 81, 82, 83, 84, 85, 86, 87, 88, 89, 90, 91, 92, 93, 94, 95, 96, 97, 98, 99, 100, 101, 102, 103, 104, 105, 106, 107, 108, 109, 110, 111, 112, 113, 114, 115, 116, 117, 118, 119, 120, 121, 122, 123, 124, 125, 126, 127, 128, 129, 130, 131, 132, 133, 134, 135, 136, 137, 138, 139, 140, 141, 142, 143, 144, 145, 146, 147, 148, 149, 150, 151, 152, 153, 154, 155, 156, 157, 158, 159, 160, 161, 162, 163, 164, 165, 166, 167, 168, 169, 170, 171, 172, 173, 174, 175, 176, 177, 178, 179, 180, 181, 182, 183, 184, 185, 186, 187, 188, 189, 190, 191, 192, 193, 194, 195, 196, 197, 198, 199]
labeling = [0, 2, 4, 5, 7, 9, 10, 8, 11, 13, 15, 6, 17, 12, 19, 14, 21, 23, 20, 24, 18, 22, 25, 26, 3, 27, 16, 29, 28, 31, 33, 30, 35, 37, 34, 39, 38, 40, 41, 43, 32, 42, 36, 44, 46, 48, 45, 50, 51, 49, 53, 55, 52, 57, 58, 60, 62, 56, 59, 63, 47, 64, 66, 61, 68, 67, 70, 54, 69, 72, 74, 65, 75, 71, 77, 78, 80, 81, 82, 84, 85, 73, 87, 83, 89, 86, 91, 93, 95, 76, 88, 97, 90, 99, 79, 94, 96, 92, 101, 103, 104, 98, 105, 107, 106, 108, 100, 109, 111, 113, 114, 116, 112, 117, 118, 120, 102, 122, 124, 125, 121, 127, 129, 130, 119, 115, 123, 132, 131, 134, 136, 128, 137, 110, 133, 126, 135, 138, 139, 140, 141, 142, 143, 144, 145, 146, 147, 148, 149, 150, 151, 152, 153, 154, 155, 156, 157, 158, 159, 160, 161, 162, 163, 164, 165, 166, 167, 168, 169, 170, 171, 172, 173, 174, 175, 176, 177, 178, 179, 180, 181, 182, 183, 184, 185, 186, 187, 188, 189, 190, 191, 192, 193, 194, 195, 196, 197, 198, 199, 200]
convergência = [200, 200, 200, 200, 200, 200]
================================

----- Melhor execução -----
Span (lambda): 200
best_order = [0, 1, 2, 3, 4, 5, 6, 7, 8, 9, 10, 11, 12, 13, 14, 15, 16, 17, 18, 19, 20, 21, 22, 23, 24, 25, 26, 27, 28, 29, 30, 31, 32, 33, 34, 35, 36, 37, 38, 39, 40, 41, 42, 43, 44, 45, 46, 47, 48, 49, 50, 51, 52, 53, 54, 55, 56, 57, 58, 59, 60, 61, 62, 63, 64, 65, 66, 67, 68, 69, 70, 71, 72, 73, 74, 75, 76, 77, 78, 79, 80, 81, 82, 83, 84, 85, 86, 87, 88, 89, 90, 91, 92, 93, 94, 95, 96, 97, 98, 99, 100, 101, 102, 103, 104, 105, 106, 107, 108, 109, 110, 111, 112, 113, 114, 115, 116, 117, 118, 119, 120, 121, 122, 123, 124, 125, 126, 127, 128, 129, 130, 131, 132, 133, 134, 135, 136, 137, 138, 139, 140, 141, 142, 143, 144, 145, 146, 147, 148, 149, 150, 151, 152, 153, 154, 155, 156, 157, 158, 159, 160, 161, 162, 163, 164, 165, 166, 167, 168, 169, 170, 171, 172, 173, 174, 175, 176, 177, 178, 179, 180, 181, 182, 183, 184, 185, 186, 187, 188, 189, 190, 191, 192, 193, 194, 195, 196, 197, 198, 199]
labeling = [0, 2, 4, 5, 7, 9, 10, 8, 11, 13, 15, 6, 17, 12, 19, 14, 21, 23, 20, 24, 18, 22, 25, 26, 3, 27, 16, 29, 28, 31, 33, 30, 35, 37, 34, 39, 38, 40, 41, 43, 32, 42, 36, 44, 46, 48, 45, 50, 51, 49, 53, 55, 52, 57, 58, 60, 62, 56, 59, 63, 47, 64, 66, 61, 68, 67, 70, 54, 69, 72, 74, 65, 75, 71, 77, 78, 80, 81, 82, 84, 85, 73, 87, 83, 89, 86, 91, 93, 95, 76, 88, 97, 90, 99, 79, 94, 96, 92, 101, 103, 104, 98, 105, 107, 106, 108, 100, 109, 111, 113, 114, 116, 112, 117, 118, 120, 102, 122, 124, 125, 121, 127, 129, 130, 119, 115, 123, 132, 131, 134, 136, 128, 137, 110, 133, 126, 135, 138, 139, 140, 141, 142, 143, 144, 145, 146, 147, 148, 149, 150, 151, 152, 153, 154, 155, 156, 157, 158, 159, 160, 161, 162, 163, 164, 165, 166, 167, 168, 169, 170, 171, 172, 173, 174, 175, 176, 177, 178, 179, 180, 181, 182, 183, 184, 185, 186, 187, 188, 189, 190, 191, 192, 193, 194, 195, 196, 197, 198, 199, 200]
