===== RESULTADO GA L(2,1) =====
Arquivo: /Users/mateuspedrosa/Documents/TCC-II/BOGA/data/NR_DIMACS_cleaned/san200-0-9-2_clean.mtx (undirected)
Crossover: cx | Mutação: em | pop=30 | gens=53 | mut=0.446 | cr=0.5724 | runs=1 | max-stagt=1031

----- Execução #1 -----
Span (lambda): 200
Parada: TIME_LIMIT (geração 4)
best_order = [0, 1, 2, 3, 4, 5, 6, 7, 8, 9, 10, 11, 12, 13, 14, 15, 16, 17, 18, 19, 20, 21, 22, 23, 24, 25, 26, 27, 28, 29, 30, 31, 32, 33, 34, 35, 36, 37, 38, 39, 40, 41, 42, 43, 44, 45, 46, 47, 48, 49, 50, 51, 52, 53, 54, 55, 56, 57, 58, 59, 60, 61, 62, 63, 64, 65, 66, 67, 68, 69, 70, 71, 72, 73, 74, 75, 76, 77, 78, 79, 80, 81, 82, 83, 84, 85, 86, 87, 88, 89, 90, 91, 92, 93, 94, 95, 96, 97, 98, 99, 100, 101, 102, 103, 104, 105, 106, 107, 108, 109, 110, 111, 112, 113, 114, 115, 116, 117, 118, 119, 120, 121, 122, 123, 124, 125, 126, 127, 128, 129, 130, 131, 132, 133, 134, 135, 136, 137, 138, 139, 140, 141, 142, 143, 144, 145, 146, 147, 148, 149, 150, 151, 152, 153, 154, 155, 156, 157, 158, 159, 160, 161, 162, 163, 164, 165, 166, 167, 168, 169, 170, 171, 172, 173, 174, 175, 176, 177, 178, 179, 180, 181, 182, 183, 184, 185, 186, 187, 188, 189, 190, 191, 192, 193, 194, 195, 196, 197, 198, 199]
labeling = [0, 2, 4, 5, 7, 9, 10, 12, 11, 14, 15, 17, 13, 18, 20, 21, 23, 25, 27, 28, 26, 24, 30, 32, 3, 34, 33, 8, 16, 35, 36, 38, 39, 6, 37, 41, 43, 45, 44, 47, 49, 40, 51, 31, 22, 46, 29, 52, 54, 56, 55, 57, 42, 50, 58, 48, 59, 61, 63, 65, 64, 67, 53, 66, 69, 71, 72, 74, 75, 77, 79, 80, 73, 82, 76, 84, 68, 81, 85, 87, 89, 86, 70, 90, 92, 88, 60, 94, 91, 96, 98, 99, 83, 100, 93, 101, 102, 104, 106, 108, 62, 110, 105, 107, 111, 112, 114, 115, 95, 117, 119, 109, 121, 120, 122, 123, 78, 125, 126, 128, 130, 131, 133, 116, 127, 135, 137, 118, 97, 134, 139, 141, 143, 113, 19, 124, 129, 136, 140, 142, 132, 103, 138, 145, 144, 146, 147, 148, 149, 150, 151, 152, 153, 154, 155, 156, 157, 158, 159, 160, 161, 162, 163, 164, 165, 166, 167, 168, 169, 170, 171, 172, 173, 174, 175, 176, 177, 178, 179, 180, 181, 182, 183, 184, 185, 186, 187, 188, 189, 190, 191, 192, 193, 194, 195, 196, 197, 198, 199, 200]
convergência = [200, 200, 200, 200]
================================

----- Melhor execução -----
Span (lambda): 200
best_order = [0, 1, 2, 3, 4, 5, 6, 7, 8, 9, 10, 11, 12, 13, 14, 15, 16, 17, 18, 19, 20, 21, 22, 23, 24, 25, 26, 27, 28, 29, 30, 31, 32, 33, 34, 35, 36, 37, 38, 39, 40, 41, 42, 43, 44, 45, 46, 47, 48, 49, 50, 51, 52, 53, 54, 55, 56, 57, 58, 59, 60, 61, 62, 63, 64, 65, 66, 67, 68, 69, 70, 71, 72, 73, 74, 75, 76, 77, 78, 79, 80, 81, 82, 83, 84, 85, 86, 87, 88, 89, 90, 91, 92, 93, 94, 95, 96, 97, 98, 99, 100, 101, 102, 103, 104, 105, 106, 107, 108, 109, 110, 111, 112, 113, 114, 115, 116, 117, 118, 119, 120, 121, 122, 123, 124, 125, 126, 127, 128, 129, 130, 131, 132, 133, 134, 135, 136, 137, 138, 139, 140, 141, 142, 143, 144, 145, 146, 147, 148, 149, 150, 151, 152, 153, 154, 155, 156, 157, 158, 159, 160, 161, 162, 163, 164, 165, 166, 167, 168, 169, 170, 171, 172, 173, 174, 175, 176, 177, 178, 179, 180, 181, 182, 183, 184, 185, 186, 187, 188, 189, 190, 191, 192, 193, 194, 195, 196, 197, 198, 199]
labeling = [0, 2, 4, 5, 7, 9, 10, 12, 11, 14, 15, 17, 13, 18, 20, 21, 23, 25, 27, 28, 26, 24, 30, 32, 3, 34, 33, 8, 16, 35, 36, 38, 39, 6, 37, 41, 43, 45, 44, 47, 49, 40, 51, 31, 22, 46, 29, 52, 54, 56, 55, 57, 42, 50, 58, 48, 59, 61, 63, 65, 64, 67, 53, 66, 69, 71, 72, 74, 75, 77, 79, 80, 73, 82, 76, 84, 68, 81, 85, 87, 89, 86, 70, 90, 92, 88, 60, 94, 91, 96, 98, 99, 83, 100, 93, 101, 102, 104, 106, 108, 62, 110, 105, 107, 111, 112, 114, 115, 95, 117, 119, 109, 121, 120, 122, 123, 78, 125, 126, 128, 130, 131, 133, 116, 127, 135, 137, 118, 97, 134, 139, 141, 143, 113, 19, 124, 129, 136, 140, 142, 132, 103, 138, 145, 144, 146, 147, 148, 149, 150, 151, 152, 153, 154, 155, 156, 157, 158, 159, 160, 161, 162, 163, 164, 165, 166, 167, 168, 169, 170, 171, 172, 173, 174, 175, 176, 177, 178, 179, 180, 181, 182, 183, 184, 185, 186, 187, 188, 189, 190, 191, 192, 193, 194, 195, 196, 197, 198, 199, 200]
