===== RESULTADO GA L(2,1) =====
Arquivo: /Users/mateuspedrosa/Documents/TCC-II/BOGA/data/NR_DIMACS_cleaned/sanr400-0-7_clean.mtx (undirected)
Crossover: cx | Mutação: em | pop=30 | gens=53 | mut=0.446 | cr=0.5724 | runs=1 | max-stagt=1031

----- Execução #1 -----
Span (lambda): 400
Parada: TIME_LIMIT (geração 1)
best_order = [0, 1, 2, 3, 4, 5, 6, 7, 8, 9, 10, 11, 12, 13, 14, 15, 16, 17, 18, 19, 20, 21, 22, 23, 24, 25, 26, 27, 28, 29, 30, 31, 32, 33, 34, 35, 36, 37, 38, 39, 40, 41, 42, 43, 44, 45, 46, 47, 48, 49, 50, 51, 52, 53, 54, 55, 56, 57, 58, 59, 60, 61, 62, 63, 64, 65, 66, 67, 68, 69, 70, 71, 72, 73, 74, 75, 76, 77, 78, 79, 80, 81, 82, 83, 84, 85, 86, 87, 88, 89, 90, 91, 92, 93, 94, 95, 96, 97, 98, 99, 100, 101, 102, 103, 104, 105, 106, 107, 108, 109, 110, 111, 112, 113, 114, 115, 116, 117, 118, 119, 120, 121, 122, 123, 124, 125, 126, 127, 128, 129, 130, 131, 132, 133, 134, 135, 136, 137, 138, 139, 140, 141, 142, 143, 144, 145, 146, 147, 148, 149, 150, 151, 152, 153, 154, 155, 156, 157, 158, 159, 160, 161, 162, 163, 164, 165, 166, 167, 168, 169, 170, 171, 172, 173, 174, 175, 176, 177, 178, 179, 180, 181, 182, 183, 184, 185, 186, 187, 188, 189, 190, 191, 192, 193, 194, 195, 196, 197, 198, 199, 200, 201, 202, 203, 204, 205, 206, 207, 208, 209, 210, 211, 212, 213, 214, 215, 216, 217, 218, 219, 220, 221, 222, 223, 224, 225, 226, 227, 228, 229, 230, 231, 232, 233, 234, 235, 236, 237, 238, 239, 240, 241, 242, 243, 244, 245, 246, 247, 248, 249, 250, 251, 252, 253, 254, 255, 256, 257, 258, 259, 260, 261, 262, 263, 264, 265, 266, 267, 268, 269, 270, 271, 272, 273, 274, 275, 276, 277, 278, 279, 280, 281, 282, 283, 284, 285, 286, 287, 288, 289, 290, 291, 292, 293, 294, 295, 296, 297, 298, 299, 300, 301, 302, 303, 304, 305, 306, 307, 308, 309, 310, 311, 312, 313, 314, 315, 316, 317, 318, 319, 320, 321, 322, 323, 324, 325, 326, 327, 328, 329, 330, 331, 332, 333, 334, 335, 336, 337, 338, 339, 340, 341, 342, 343, 344, 345, 346, 347, 348, 349, 350, 351, 352, 353, 354, 355, 356, 357, 358, 359, 360, 361, 362, 363, 364, 365, 366, 367, 368, 369, 370, 371, 372, 373, 374, 375, 376, 377, 378, 379, 380, 381, 382, 383, 384, 385, 386, 387, 388, 389, 390, 391, 392, 393, 394, 395, 396, 397, 398, 399]
labeling = [0, 2, 4, 6, 3, 8, 10, 12, 5, 7, 13, 11, 14, 16, 18, 17, 20, 22, 23, 24, 25, 26, 9, 15, 19, 27, 28, 30, 31, 21, 33, 35, 32, 36, 38, 29, 39, 34, 41, 43, 44, 46, 37, 40, 48, 47, 49, 51, 50, 52, 45, 54, 56, 58, 42, 59, 61, 60, 53, 63, 65, 62, 67, 55, 69, 66, 57, 71, 73, 74, 68, 76, 64, 70, 78, 75, 80, 72, 81, 82, 77, 84, 85, 83, 86, 87, 88, 89, 79, 91, 93, 90, 92, 94, 95, 97, 96, 98, 99, 101, 100, 103, 104, 105, 102, 106, 107, 108, 110, 112, 111, 114, 116, 117, 109, 113, 115, 118, 119, 121, 120, 123, 125, 122, 126, 124, 127, 128, 130, 129, 132, 133, 135, 137, 139, 140, 141, 142, 143, 145, 131, 134, 146, 136, 144, 148, 150, 147, 152, 151, 138, 154, 156, 153, 158, 155, 157, 160, 159, 162, 164, 166, 161, 168, 167, 163, 170, 171, 169, 172, 174, 176, 173, 165, 178, 175, 180, 182, 184, 186, 179, 188, 181, 190, 183, 191, 177, 189, 185, 149, 192, 193, 187, 194, 195, 197, 199, 200, 202, 204, 206, 198, 203, 208, 205, 207, 201, 196, 209, 210, 212, 211, 213, 215, 216, 218, 214, 220, 222, 219, 224, 221, 226, 223, 227, 229, 231, 217, 228, 233, 235, 236, 238, 240, 232, 239, 230, 234, 225, 242, 244, 246, 241, 243, 247, 245, 249, 251, 237, 252, 248, 253, 255, 250, 256, 254, 258, 260, 262, 257, 263, 264, 261, 265, 267, 268, 259, 266, 270, 269, 271, 272, 273, 274, 275, 276, 277, 278, 279, 280, 281, 282, 283, 284, 285, 286, 287, 288, 289, 290, 291, 292, 293, 294, 295, 296, 297, 298, 299, 300, 301, 302, 303, 304, 305, 306, 307, 308, 309, 310, 311, 312, 313, 314, 315, 316, 317, 318, 319, 320, 321, 322, 323, 324, 325, 326, 327, 328, 329, 330, 331, 332, 333, 334, 335, 336, 337, 338, 339, 340, 341, 342, 343, 344, 345, 346, 347, 348, 349, 350, 351, 352, 353, 354, 355, 356, 357, 358, 359, 360, 361, 362, 363, 364, 365, 366, 367, 368, 369, 370, 371, 372, 373, 374, 375, 376, 377, 378, 379, 380, 381, 382, 383, 384, 385, 386, 387, 388, 389, 390, 391, 392, 393, 394, 395, 396, 397, 398, 399, 400]
convergência = [400]
================================

----- Melhor execução -----
Span (lambda): 400
best_order = [0, 1, 2, 3, 4, 5, 6, 7, 8, 9, 10, 11, 12, 13, 14, 15, 16, 17, 18, 19, 20, 21, 22, 23, 24, 25, 26, 27, 28, 29, 30, 31, 32, 33, 34, 35, 36, 37, 38, 39, 40, 41, 42, 43, 44, 45, 46, 47, 48, 49, 50, 51, 52, 53, 54, 55, 56, 57, 58, 59, 60, 61, 62, 63, 64, 65, 66, 67, 68, 69, 70, 71, 72, 73, 74, 75, 76, 77, 78, 79, 80, 81, 82, 83, 84, 85, 86, 87, 88, 89, 90, 91, 92, 93, 94, 95, 96, 97, 98, 99, 100, 101, 102, 103, 104, 105, 106, 107, 108, 109, 110, 111, 112, 113, 114, 115, 116, 117, 118, 119, 120, 121, 122, 123, 124, 125, 126, 127, 128, 129, 130, 131, 132, 133, 134, 135, 136, 137, 138, 139, 140, 141, 142, 143, 144, 145, 146, 147, 148, 149, 150, 151, 152, 153, 154, 155, 156, 157, 158, 159, 160, 161, 162, 163, 164, 165, 166, 167, 168, 169, 170, 171, 172, 173, 174, 175, 176, 177, 178, 179, 180, 181, 182, 183, 184, 185, 186, 187, 188, 189, 190, 191, 192, 193, 194, 195, 196, 197, 198, 199, 200, 201, 202, 203, 204, 205, 206, 207, 208, 209, 210, 211, 212, 213, 214, 215, 216, 217, 218, 219, 220, 221, 222, 223, 224, 225, 226, 227, 228, 229, 230, 231, 232, 233, 234, 235, 236, 237, 238, 239, 240, 241, 242, 243, 244, 245, 246, 247, 248, 249, 250, 251, 252, 253, 254, 255, 256, 257, 258, 259, 260, 261, 262, 263, 264, 265, 266, 267, 268, 269, 270, 271, 272, 273, 274, 275, 276, 277, 278, 279, 280, 281, 282, 283, 284, 285, 286, 287, 288, 289, 290, 291, 292, 293, 294, 295, 296, 297, 298, 299, 300, 301, 302, 303, 304, 305, 306, 307, 308, 309, 310, 311, 312, 313, 314, 315, 316, 317, 318, 319, 320, 321, 322, 323, 324, 325, 326, 327, 328, 329, 330, 331, 332, 333, 334, 335, 336, 337, 338, 339, 340, 341, 342, 343, 344, 345, 346, 347, 348, 349, 350, 351, 352, 353, 354, 355, 356, 357, 358, 359, 360, 361, 362, 363, 364, 365, 366, 367, 368, 369, 370, 371, 372, 373, 374, 375, 376, 377, 378, 379, 380, 381, 382, 383, 384, 385, 386, 387, 388, 389, 390, 391, 392, 393, 394, 395, 396, 397, 398, 399]
labeling = [0, 2, 4, 6, 3, 8, 10, 12, 5, 7, 13, 11, 14, 16, 18, 17, 20, 22, 23, 24, 25, 26, 9, 15, 19, 27, 28, 30, 31, 21, 33, 35, 32, 36, 38, 29, 39, 34, 41, 43, 44, 46, 37, 40, 48, 47, 49, 51, 50, 52, 45, 54, 56, 58, 42, 59, 61, 60, 53, 63, 65, 62, 67, 55, 69, 66, 57, 71, 73, 74, 68, 76, 64, 70, 78, 75, 80, 72, 81, 82, 77, 84, 85, 83, 86, 87, 88, 89, 79, 91, 93, 90, 92, 94, 95, 97, 96, 98, 99, 101, 100, 103, 104, 105, 102, 106, 107, 108, 110, 112, 111, 114, 116, 117, 109, 113, 115, 118, 119, 121, 120, 123, 125, 122, 126, 124, 127, 128, 130, 129, 132, 133, 135, 137, 139, 140, 141, 142, 143, 145, 131, 134, 146, 136, 144, 148, 150, 147, 152, 151, 138, 154, 156, 153, 158, 155, 157, 160, 159, 162, 164, 166, 161, 168, 167, 163, 170, 171, 169, 172, 174, 176, 173, 165, 178, 175, 180, 182, 184, 186, 179, 188, 181, 190, 183, 191, 177, 189, 185, 149, 192, 193, 187, 194, 195, 197, 199, 200, 202, 204, 206, 198, 203, 208, 205, 207, 201, 196, 209, 210, 212, 211, 213, 215, 216, 218, 214, 220, 222, 219, 224, 221, 226, 223, 227, 229, 231, 217, 228, 233, 235, 236, 238, 240, 232, 239, 230, 234, 225, 242, 244, 246, 241, 243, 247, 245, 249, 251, 237, 252, 248, 253, 255, 250, 256, 254, 258, 260, 262, 257, 263, 264, 261, 265, 267, 268, 259, 266, 270, 269, 271, 272, 273, 274, 275, 276, 277, 278, 279, 280, 281, 282, 283, 284, 285, 286, 287, 288, 289, 290, 291, 292, 293, 294, 295, 296, 297, 298, 299, 300, 301, 302, 303, 304, 305, 306, 307, 308, 309, 310, 311, 312, 313, 314, 315, 316, 317, 318, 319, 320, 321, 322, 323, 324, 325, 326, 327, 328, 329, 330, 331, 332, 333, 334, 335, 336, 337, 338, 339, 340, 341, 342, 343, 344, 345, 346, 347, 348, 349, 350, 351, 352, 353, 354, 355, 356, 357, 358, 359, 360, 361, 362, 363, 364, 365, 366, 367, 368, 369, 370, 371, 372, 373, 374, 375, 376, 377, 378, 379, 380, 381, 382, 383, 384, 385, 386, 387, 388, 389, 390, 391, 392, 393, 394, 395, 396, 397, 398, 399, 400]
