===== RESULTADO GA L(2,1) =====
Arquivo: /Users/mateuspedrosa/Documents/TCC-II/BOGA/data/NR_DIMACS_cleaned/sanr200-0-7_clean.mtx (undirected)
Crossover: cx | Mutação: em | pop=30 | gens=53 | mut=0.446 | cr=0.5724 | runs=1 | max-stagt=1031

----- Execução #1 -----
Span (lambda): 200
Parada: TIME_LIMIT (geração 7)
best_order = [0, 1, 2, 3, 4, 5, 6, 7, 8, 9, 10, 11, 12, 13, 14, 15, 16, 17, 18, 19, 20, 21, 22, 23, 24, 25, 26, 27, 28, 29, 30, 31, 32, 33, 34, 35, 36, 37, 38, 39, 40, 41, 42, 43, 44, 45, 46, 47, 48, 49, 50, 51, 52, 53, 54, 55, 56, 57, 58, 59, 60, 61, 62, 63, 64, 65, 66, 67, 68, 69, 70, 71, 72, 73, 74, 75, 76, 77, 78, 79, 80, 81, 82, 83, 84, 85, 86, 87, 88, 89, 90, 91, 92, 93, 94, 95, 96, 97, 98, 99, 100, 101, 102, 103, 104, 105, 106, 107, 108, 109, 110, 111, 112, 113, 114, 115, 116, 117, 118, 119, 120, 121, 122, 123, 124, 125, 126, 127, 128, 129, 130, 131, 132, 133, 134, 135, 136, 137, 138, 139, 140, 141, 142, 143, 144, 145, 146, 147, 148, 149, 150, 151, 152, 153, 154, 155, 156, 157, 158, 159, 160, 161, 162, 163, 164, 165, 166, 167, 168, 169, 170, 171, 172, 173, 174, 175, 176, 177, 178, 179, 180, 181, 182, 183, 184, 185, 186, 187, 188, 189, 190, 191, 192, 193, 194, 195, 196, 197, 198, 199]
labeling = [0, 2, 4, 6, 3, 5, 8, 10, 9, 12, 7, 13, 11, 15, 17, 16, 19, 21, 14, 23, 25, 24, 27, 18, 20, 29, 26, 31, 22, 32, 34, 28, 35, 30, 33, 37, 36, 39, 38, 41, 43, 40, 45, 46, 47, 42, 49, 51, 44, 52, 53, 50, 48, 55, 57, 59, 61, 54, 56, 62, 64, 66, 67, 65, 69, 58, 71, 63, 68, 70, 73, 75, 77, 78, 72, 76, 80, 60, 82, 83, 84, 86, 81, 74, 85, 79, 88, 90, 92, 87, 94, 91, 93, 95, 96, 97, 99, 101, 100, 103, 89, 102, 105, 104, 107, 109, 108, 110, 106, 111, 112, 114, 116, 115, 118, 120, 121, 122, 124, 119, 126, 117, 123, 128, 125, 130, 98, 131, 132, 113, 133, 134, 135, 127, 136, 129, 137, 138, 139, 140, 141, 142, 143, 144, 145, 146, 147, 148, 149, 150, 151, 152, 153, 154, 155, 156, 157, 158, 159, 160, 161, 162, 163, 164, 165, 166, 167, 168, 169, 170, 171, 172, 173, 174, 175, 176, 177, 178, 179, 180, 181, 182, 183, 184, 185, 186, 187, 188, 189, 190, 191, 192, 193, 194, 195, 196, 197, 198, 199, 200]
convergência = [200, 200, 200, 200, 200, 200, 200]
================================

----- Melhor execução -----
Span (lambda): 200
best_order = [0, 1, 2, 3, 4, 5, 6, 7, 8, 9, 10, 11, 12, 13, 14, 15, 16, 17, 18, 19, 20, 21, 22, 23, 24, 25, 26, 27, 28, 29, 30, 31, 32, 33, 34, 35, 36, 37, 38, 39, 40, 41, 42, 43, 44, 45, 46, 47, 48, 49, 50, 51, 52, 53, 54, 55, 56, 57, 58, 59, 60, 61, 62, 63, 64, 65, 66, 67, 68, 69, 70, 71, 72, 73, 74, 75, 76, 77, 78, 79, 80, 81, 82, 83, 84, 85, 86, 87, 88, 89, 90, 91, 92, 93, 94, 95, 96, 97, 98, 99, 100, 101, 102, 103, 104, 105, 106, 107, 108, 109, 110, 111, 112, 113, 114, 115, 116, 117, 118, 119, 120, 121, 122, 123, 124, 125, 126, 127, 128, 129, 130, 131, 132, 133, 134, 135, 136, 137, 138, 139, 140, 141, 142, 143, 144, 145, 146, 147, 148, 149, 150, 151, 152, 153, 154, 155, 156, 157, 158, 159, 160, 161, 162, 163, 164, 165, 166, 167, 168, 169, 170, 171, 172, 173, 174, 175, 176, 177, 178, 179, 180, 181, 182, 183, 184, 185, 186, 187, 188, 189, 190, 191, 192, 193, 194, 195, 196, 197, 198, 199]
labeling = [0, 2, 4, 6, 3, 5, 8, 10, 9, 12, 7, 13, 11, 15, 17, 16, 19, 21, 14, 23, 25, 24, 27, 18, 20, 29, 26, 31, 22, 32, 34, 28, 35, 30, 33, 37, 36, 39, 38, 41, 43, 40, 45, 46, 47, 42, 49, 51, 44, 52, 53, 50, 48, 55, 57, 59, 61, 54, 56, 62, 64, 66, 67, 65, 69, 58, 71, 63, 68, 70, 73, 75, 77, 78, 72, 76, 80, 60, 82, 83, 84, 86, 81, 74, 85, 79, 88, 90, 92, 87, 94, 91, 93, 95, 96, 97, 99, 101, 100, 103, 89, 102, 105, 104, 107, 109, 108, 110, 106, 111, 112, 114, 116, 115, 118, 120, 121, 122, 124, 119, 126, 117, 123, 128, 125, 130, 98, 131, 132, 113, 133, 134, 135, 127, 136, 129, 137, 138, 139, 140, 141, 142, 143, 144, 145, 146, 147, 148, 149, 150, 151, 152, 153, 154, 155, 156, 157, 158, 159, 160, 161, 162, 163, 164, 165, 166, 167, 168, 169, 170, 171, 172, 173, 174, 175, 176, 177, 178, 179, 180, 181, 182, 183, 184, 185, 186, 187, 188, 189, 190, 191, 192, 193, 194, 195, 196, 197, 198, 199, 200]
