===== RESULTADO GA L(2,1) =====
Arquivo: /Users/mateuspedrosa/Documents/TCC-II/BOGA/data/NR_DIMACS_cleaned/sanr400-0-5_clean.mtx (undirected)
Crossover: cx | Mutação: em | pop=30 | gens=53 | mut=0.446 | cr=0.5724 | runs=1 | max-stagt=1031

----- Execução #1 -----
Span (lambda): 400
Parada: TIME_LIMIT (geração 1)
best_order = [0, 1, 2, 3, 4, 5, 6, 7, 8, 9, 10, 11, 12, 13, 14, 15, 16, 17, 18, 19, 20, 21, 22, 23, 24, 25, 26, 27, 28, 29, 30, 31, 32, 33, 34, 35, 36, 37, 38, 39, 40, 41, 42, 43, 44, 45, 46, 47, 48, 49, 50, 51, 52, 53, 54, 55, 56, 57, 58, 59, 60, 61, 62, 63, 64, 65, 66, 67, 68, 69, 70, 71, 72, 73, 74, 75, 76, 77, 78, 79, 80, 81, 82, 83, 84, 85, 86, 87, 88, 89, 90, 91, 92, 93, 94, 95, 96, 97, 98, 99, 100, 101, 102, 103, 104, 105, 106, 107, 108, 109, 110, 111, 112, 113, 114, 115, 116, 117, 118, 119, 120, 121, 122, 123, 124, 125, 126, 127, 128, 129, 130, 131, 132, 133, 134, 135, 136, 137, 138, 139, 140, 141, 142, 143, 144, 145, 146, 147, 148, 149, 150, 151, 152, 153, 154, 155, 156, 157, 158, 159, 160, 161, 162, 163, 164, 165, 166, 167, 168, 169, 170, 171, 172, 173, 174, 175, 176, 177, 178, 179, 180, 181, 182, 183, 184, 185, 186, 187, 188, 189, 190, 191, 192, 193, 194, 195, 196, 197, 198, 199, 200, 201, 202, 203, 204, 205, 206, 207, 208, 209, 210, 211, 212, 213, 214, 215, 216, 217, 218, 219, 220, 221, 222, 223, 224, 225, 226, 227, 228, 229, 230, 231, 232, 233, 234, 235, 236, 237, 238, 239, 240, 241, 242, 243, 244, 245, 246, 247, 248, 249, 250, 251, 252, 253, 254, 255, 256, 257, 258, 259, 260, 261, 262, 263, 264, 265, 266, 267, 268, 269, 270, 271, 272, 273, 274, 275, 276, 277, 278, 279, 280, 281, 282, 283, 284, 285, 286, 287, 288, 289, 290, 291, 292, 293, 294, 295, 296, 297, 298, 299, 300, 301, 302, 303, 304, 305, 306, 307, 308, 309, 310, 311, 312, 313, 314, 315, 316, 317, 318, 319, 320, 321, 322, 323, 324, 325, 326, 327, 328, 329, 330, 331, 332, 333, 334, 335, 336, 337, 338, 339, 340, 341, 342, 343, 344, 345, 346, 347, 348, 349, 350, 351, 352, 353, 354, 355, 356, 357, 358, 359, 360, 361, 362, 363, 364, 365, 366, 367, 368, 369, 370, 371, 372, 373, 374, 375, 376, 377, 378, 379, 380, 381, 382, 383, 384, 385, 386, 387, 388, 389, 390, 391, 392, 393, 394, 395, 396, 397, 398, 399]
labeling = [0, 2, 3, 4, 6, 8, 7, 10, 5, 9, 11, 12, 14, 13, 16, 18, 19, 15, 20, 21, 17, 22, 24, 26, 23, 28, 25, 27, 29, 31, 33, 30, 32, 35, 34, 37, 39, 36, 38, 40, 41, 43, 45, 46, 44, 47, 42, 48, 50, 52, 54, 49, 51, 53, 56, 55, 57, 58, 59, 60, 61, 62, 63, 64, 65, 66, 67, 69, 71, 72, 74, 76, 68, 73, 78, 70, 75, 77, 79, 81, 80, 83, 85, 87, 82, 89, 84, 91, 86, 88, 90, 93, 92, 95, 94, 96, 98, 100, 101, 102, 97, 103, 104, 105, 106, 107, 108, 110, 109, 111, 112, 114, 113, 99, 116, 118, 119, 115, 121, 117, 123, 124, 126, 120, 122, 128, 130, 127, 132, 125, 131, 133, 129, 135, 134, 137, 138, 140, 136, 139, 141, 142, 143, 144, 145, 147, 146, 149, 148, 151, 153, 154, 150, 155, 152, 156, 158, 160, 157, 159, 161, 162, 163, 165, 166, 167, 164, 168, 169, 171, 170, 173, 172, 174, 175, 176, 177, 179, 178, 180, 181, 183, 185, 186, 188, 190, 182, 187, 192, 194, 184, 193, 191, 189, 195, 197, 199, 196, 201, 202, 204, 198, 200, 205, 207, 206, 203, 209, 208, 211, 213, 215, 210, 216, 212, 217, 219, 221, 223, 225, 214, 222, 226, 228, 220, 227, 218, 230, 224, 231, 232, 234, 233, 229, 235, 237, 239, 236, 241, 242, 244, 238, 245, 240, 243, 246, 247, 249, 248, 251, 250, 253, 252, 254, 255, 256, 257, 259, 261, 260, 262, 263, 264, 258, 266, 265, 268, 267, 270, 269, 271, 272, 273, 274, 275, 276, 277, 278, 279, 280, 281, 282, 283, 284, 285, 286, 287, 288, 289, 290, 291, 292, 293, 294, 295, 296, 297, 298, 299, 300, 301, 302, 303, 304, 305, 306, 307, 308, 309, 310, 311, 312, 313, 314, 315, 316, 317, 318, 319, 320, 321, 322, 323, 324, 325, 326, 327, 328, 329, 330, 331, 332, 333, 334, 335, 336, 337, 338, 339, 340, 341, 342, 343, 344, 345, 346, 347, 348, 349, 350, 351, 352, 353, 354, 355, 356, 357, 358, 359, 360, 361, 362, 363, 364, 365, 366, 367, 368, 369, 370, 371, 372, 373, 374, 375, 376, 377, 378, 379, 380, 381, 382, 383, 384, 385, 386, 387, 388, 389, 390, 391, 392, 393, 394, 395, 396, 397, 398, 399, 400]
convergência = [400]
================================

----- Melhor execução -----
Span (lambda): 400
best_order = [0, 1, 2, 3, 4, 5, 6, 7, 8, 9, 10, 11, 12, 13, 14, 15, 16, 17, 18, 19, 20, 21, 22, 23, 24, 25, 26, 27, 28, 29, 30, 31, 32, 33, 34, 35, 36, 37, 38, 39, 40, 41, 42, 43, 44, 45, 46, 47, 48, 49, 50, 51, 52, 53, 54, 55, 56, 57, 58, 59, 60, 61, 62, 63, 64, 65, 66, 67, 68, 69, 70, 71, 72, 73, 74, 75, 76, 77, 78, 79, 80, 81, 82, 83, 84, 85, 86, 87, 88, 89, 90, 91, 92, 93, 94, 95, 96, 97, 98, 99, 100, 101, 102, 103, 104, 105, 106, 107, 108, 109, 110, 111, 112, 113, 114, 115, 116, 117, 118, 119, 120, 121, 122, 123, 124, 125, 126, 127, 128, 129, 130, 131, 132, 133, 134, 135, 136, 137, 138, 139, 140, 141, 142, 143, 144, 145, 146, 147, 148, 149, 150, 151, 152, 153, 154, 155, 156, 157, 158, 159, 160, 161, 162, 163, 164, 165, 166, 167, 168, 169, 170, 171, 172, 173, 174, 175, 176, 177, 178, 179, 180, 181, 182, 183, 184, 185, 186, 187, 188, 189, 190, 191, 192, 193, 194, 195, 196, 197, 198, 199, 200, 201, 202, 203, 204, 205, 206, 207, 208, 209, 210, 211, 212, 213, 214, 215, 216, 217, 218, 219, 220, 221, 222, 223, 224, 225, 226, 227, 228, 229, 230, 231, 232, 233, 234, 235, 236, 237, 238, 239, 240, 241, 242, 243, 244, 245, 246, 247, 248, 249, 250, 251, 252, 253, 254, 255, 256, 257, 258, 259, 260, 261, 262, 263, 264, 265, 266, 267, 268, 269, 270, 271, 272, 273, 274, 275, 276, 277, 278, 279, 280, 281, 282, 283, 284, 285, 286, 287, 288, 289, 290, 291, 292, 293, 294, 295, 296, 297, 298, 299, 300, 301, 302, 303, 304, 305, 306, 307, 308, 309, 310, 311, 312, 313, 314, 315, 316, 317, 318, 319, 320, 321, 322, 323, 324, 325, 326, 327, 328, 329, 330, 331, 332, 333, 334, 335, 336, 337, 338, 339, 340, 341, 342, 343, 344, 345, 346, 347, 348, 349, 350, 351, 352, 353, 354, 355, 356, 357, 358, 359, 360, 361, 362, 363, 364, 365, 366, 367, 368, 369, 370, 371, 372, 373, 374, 375, 376, 377, 378, 379, 380, 381, 382, 383, 384, 385, 386, 387, 388, 389, 390, 391, 392, 393, 394, 395, 396, 397, 398, 399]
labeling = [0, 2, 3, 4, 6, 8, 7, 10, 5, 9, 11, 12, 14, 13, 16, 18, 19, 15, 20, 21, 17, 22, 24, 26, 23, 28, 25, 27, 29, 31, 33, 30, 32, 35, 34, 37, 39, 36, 38, 40, 41, 43, 45, 46, 44, 47, 42, 48, 50, 52, 54, 49, 51, 53, 56, 55, 57, 58, 59, 60, 61, 62, 63, 64, 65, 66, 67, 69, 71, 72, 74, 76, 68, 73, 78, 70, 75, 77, 79, 81, 80, 83, 85, 87, 82, 89, 84, 91, 86, 88, 90, 93, 92, 95, 94, 96, 98, 100, 101, 102, 97, 103, 104, 105, 106, 107, 108, 110, 109, 111, 112, 114, 113, 99, 116, 118, 119, 115, 121, 117, 123, 124, 126, 120, 122, 128, 130, 127, 132, 125, 131, 133, 129, 135, 134, 137, 138, 140, 136, 139, 141, 142, 143, 144, 145, 147, 146, 149, 148, 151, 153, 154, 150, 155, 152, 156, 158, 160, 157, 159, 161, 162, 163, 165, 166, 167, 164, 168, 169, 171, 170, 173, 172, 174, 175, 176, 177, 179, 178, 180, 181, 183, 185, 186, 188, 190, 182, 187, 192, 194, 184, 193, 191, 189, 195, 197, 199, 196, 201, 202, 204, 198, 200, 205, 207, 206, 203, 209, 208, 211, 213, 215, 210, 216, 212, 217, 219, 221, 223, 225, 214, 222, 226, 228, 220, 227, 218, 230, 224, 231, 232, 234, 233, 229, 235, 237, 239, 236, 241, 242, 244, 238, 245, 240, 243, 246, 247, 249, 248, 251, 250, 253, 252, 254, 255, 256, 257, 259, 261, 260, 262, 263, 264, 258, 266, 265, 268, 267, 270, 269, 271, 272, 273, 274, 275, 276, 277, 278, 279, 280, 281, 282, 283, 284, 285, 286, 287, 288, 289, 290, 291, 292, 293, 294, 295, 296, 297, 298, 299, 300, 301, 302, 303, 304, 305, 306, 307, 308, 309, 310, 311, 312, 313, 314, 315, 316, 317, 318, 319, 320, 321, 322, 323, 324, 325, 326, 327, 328, 329, 330, 331, 332, 333, 334, 335, 336, 337, 338, 339, 340, 341, 342, 343, 344, 345, 346, 347, 348, 349, 350, 351, 352, 353, 354, 355, 356, 357, 358, 359, 360, 361, 362, 363, 364, 365, 366, 367, 368, 369, 370, 371, 372, 373, 374, 375, 376, 377, 378, 379, 380, 381, 382, 383, 384, 385, 386, 387, 388, 389, 390, 391, 392, 393, 394, 395, 396, 397, 398, 399, 400]
