===== RESULTADO GA L(2,1) =====
Arquivo: /Users/mateuspedrosa/Documents/TCC-II/BOGA/data/NR_DIMACS_cleaned/sanr200-0-9_clean.mtx (undirected)
Crossover: cx | Mutação: em | pop=30 | gens=53 | mut=0.446 | cr=0.5724 | runs=1 | max-stagt=1031

----- Execução #1 -----
Span (lambda): 200
Parada: TIME_LIMIT (geração 4)
best_order = [0, 1, 2, 3, 4, 5, 6, 7, 8, 9, 10, 11, 12, 13, 14, 15, 16, 17, 18, 19, 20, 21, 22, 23, 24, 25, 26, 27, 28, 29, 30, 31, 32, 33, 34, 35, 36, 37, 38, 39, 40, 41, 42, 43, 44, 45, 46, 47, 48, 49, 50, 51, 52, 53, 54, 55, 56, 57, 58, 59, 60, 61, 62, 63, 64, 65, 66, 67, 68, 69, 70, 71, 72, 73, 74, 75, 76, 77, 78, 79, 80, 81, 82, 83, 84, 85, 86, 87, 88, 89, 90, 91, 92, 93, 94, 95, 96, 97, 98, 99, 100, 101, 102, 103, 104, 105, 106, 107, 108, 109, 110, 111, 112, 113, 114, 115, 116, 117, 118, 119, 120, 121, 122, 123, 124, 125, 126, 127, 128, 129, 130, 131, 132, 133, 134, 135, 136, 137, 138, 139, 140, 141, 142, 143, 144, 145, 146, 147, 148, 149, 150, 151, 152, 153, 154, 155, 156, 157, 158, 159, 160, 161, 162, 163, 164, 165, 166, 167, 168, 169, 170, 171, 172, 173, 174, 175, 176, 177, 178, 179, 180, 181, 182, 183, 184, 185, 186, 187, 188, 189, 190, 191, 192, 193, 194, 195, 196, 197, 198, 199]
labeling = [0, 2, 4, 3, 6, 8, 9, 11, 13, 14, 16, 18, 7, 5, 17, 20, 15, 22, 24, 23, 19, 26, 12, 28, 30, 10, 21, 32, 33, 35, 36, 25, 27, 31, 38, 29, 40, 34, 42, 44, 41, 46, 48, 50, 45, 52, 37, 49, 54, 56, 47, 58, 60, 39, 62, 59, 63, 65, 53, 51, 57, 61, 67, 64, 66, 69, 71, 72, 74, 76, 77, 79, 43, 81, 80, 83, 55, 85, 68, 82, 87, 88, 90, 92, 73, 94, 96, 98, 99, 86, 78, 84, 100, 102, 104, 106, 89, 108, 91, 110, 112, 93, 113, 115, 117, 118, 95, 119, 103, 121, 122, 97, 123, 75, 125, 124, 101, 127, 120, 129, 131, 109, 114, 107, 133, 135, 111, 116, 137, 139, 141, 128, 143, 105, 138, 130, 70, 132, 144, 134, 136, 142, 145, 146, 147, 148, 149, 150, 151, 152, 153, 126, 154, 155, 156, 157, 158, 159, 160, 161, 162, 163, 164, 165, 166, 167, 168, 169, 170, 171, 172, 173, 174, 175, 140, 176, 177, 178, 179, 180, 181, 182, 183, 184, 185, 186, 187, 188, 189, 190, 191, 192, 193, 194, 195, 196, 197, 198, 199, 200]
convergência = [200, 200, 200, 200]
================================

----- Melhor execução -----
Span (lambda): 200
best_order = [0, 1, 2, 3, 4, 5, 6, 7, 8, 9, 10, 11, 12, 13, 14, 15, 16, 17, 18, 19, 20, 21, 22, 23, 24, 25, 26, 27, 28, 29, 30, 31, 32, 33, 34, 35, 36, 37, 38, 39, 40, 41, 42, 43, 44, 45, 46, 47, 48, 49, 50, 51, 52, 53, 54, 55, 56, 57, 58, 59, 60, 61, 62, 63, 64, 65, 66, 67, 68, 69, 70, 71, 72, 73, 74, 75, 76, 77, 78, 79, 80, 81, 82, 83, 84, 85, 86, 87, 88, 89, 90, 91, 92, 93, 94, 95, 96, 97, 98, 99, 100, 101, 102, 103, 104, 105, 106, 107, 108, 109, 110, 111, 112, 113, 114, 115, 116, 117, 118, 119, 120, 121, 122, 123, 124, 125, 126, 127, 128, 129, 130, 131, 132, 133, 134, 135, 136, 137, 138, 139, 140, 141, 142, 143, 144, 145, 146, 147, 148, 149, 150, 151, 152, 153, 154, 155, 156, 157, 158, 159, 160, 161, 162, 163, 164, 165, 166, 167, 168, 169, 170, 171, 172, 173, 174, 175, 176, 177, 178, 179, 180, 181, 182, 183, 184, 185, 186, 187, 188, 189, 190, 191, 192, 193, 194, 195, 196, 197, 198, 199]
labeling = [0, 2, 4, 3, 6, 8, 9, 11, 13, 14, 16, 18, 7, 5, 17, 20, 15, 22, 24, 23, 19, 26, 12, 28, 30, 10, 21, 32, 33, 35, 36, 25, 27, 31, 38, 29, 40, 34, 42, 44, 41, 46, 48, 50, 45, 52, 37, 49, 54, 56, 47, 58, 60, 39, 62, 59, 63, 65, 53, 51, 57, 61, 67, 64, 66, 69, 71, 72, 74, 76, 77, 79, 43, 81, 80, 83, 55, 85, 68, 82, 87, 88, 90, 92, 73, 94, 96, 98, 99, 86, 78, 84, 100, 102, 104, 106, 89, 108, 91, 110, 112, 93, 113, 115, 117, 118, 95, 119, 103, 121, 122, 97, 123, 75, 125, 124, 101, 127, 120, 129, 131, 109, 114, 107, 133, 135, 111, 116, 137, 139, 141, 128, 143, 105, 138, 130, 70, 132, 144, 134, 136, 142, 145, 146, 147, 148, 149, 150, 151, 152, 153, 126, 154, 155, 156, 157, 158, 159, 160, 161, 162, 163, 164, 165, 166, 167, 168, 169, 170, 171, 172, 173, 174, 175, 140, 176, 177, 178, 179, 180, 181, 182, 183, 184, 185, 186, 187, 188, 189, 190, 191, 192, 193, 194, 195, 196, 197, 198, 199, 200]
