===== RESULTADO GA L(2,1) =====
Arquivo: /Users/mateuspedrosa/Documents/TCC-II/BOGA/data/Harwell-Boeing_cleaned/saylr1_clean.mtx (undirected)
Crossover: cx | Mutação: em | pop=30 | gens=53 | mut=0.446 | cr=0.5724 | runs=1 | max-stagt=1031

----- Execução #1 -----
Span (lambda): 25
Parada: MAX_GENS (geração 53)
best_order = [203, 50, 2, 149, 132, 114, 140, 41, 71, 36, 42, 188, 119, 73, 224, 179, 230, 184, 17, 222, 162, 154, 168, 155, 104, 166, 173, 18, 161, 229, 233, 129, 27, 0, 29, 213, 16, 218, 193, 192, 159, 118, 106, 56, 153, 210, 198, 11, 88, 208, 127, 187, 134, 92, 125, 15, 220, 87, 231, 68, 24, 82, 167, 199, 190, 78, 62, 143, 99, 35, 79, 48, 237, 38, 45, 39, 175, 189, 178, 59, 122, 137, 32, 9, 103, 232, 209, 174, 177, 165, 219, 46, 136, 195, 131, 66, 148, 126, 235, 102, 234, 216, 117, 212, 215, 227, 72, 49, 133, 120, 128, 85, 23, 75, 43, 7, 121, 142, 158, 130, 170, 196, 34, 108, 214, 12, 80, 176, 51, 97, 25, 139, 150, 141, 91, 13, 101, 194, 10, 152, 201, 164, 109, 172, 54, 95, 205, 63, 236, 185, 144, 180, 65, 98, 94, 146, 20, 156, 5, 83, 206, 157, 111, 115, 21, 200, 3, 53, 55, 217, 151, 67, 112, 191, 1, 116, 223, 57, 96, 169, 147, 84, 228, 22, 186, 40, 211, 52, 138, 145, 77, 225, 33, 44, 181, 113, 100, 81, 207, 74, 60, 110, 69, 171, 202, 76, 160, 90, 86, 8, 183, 61, 28, 163, 135, 105, 93, 221, 124, 70, 107, 6, 204, 31, 47, 64, 26, 182, 226, 58, 197, 123, 14, 4, 89, 30, 37, 19]
labeling = [3, 16, 1, 17, 21, 15, 19, 10, 20, 11, 14, 8, 12, 0, 1, 10, 7, 2, 5, 22, 9, 13, 17, 7, 1, 13, 16, 0, 8, 6, 23, 20, 9, 7, 0, 4, 2, 15, 3, 5, 12, 1, 0, 14, 21, 4, 6, 17, 5, 12, 0, 13, 20, 16, 7, 1, 2, 19, 25, 10, 3, 22, 2, 15, 23, 11, 7, 18, 0, 12, 7, 0, 9, 1, 8, 13, 17, 7, 5, 0, 3, 8, 2, 4, 4, 11, 16, 6, 4, 18, 15, 13, 3, 7, 14, 5, 7, 0, 0, 6, 10, 14, 11, 8, 4, 18, 0, 16, 4, 12, 18, 4, 2, 14, 0, 16, 18, 3, 9, 1, 11, 13, 0, 19, 15, 0, 5, 3, 9, 1, 12, 6, 0, 8, 4, 10, 5, 2, 11, 1, 0, 10, 2, 7, 9, 4, 15, 3, 6, 0, 8, 10, 5, 3, 2, 5, 8, 12, 0, 0, 1, 0, 1, 2, 2, 0, 2, 0, 4, 0, 0, 0, 0, 0, 1, 0, 0, 0, 0, 0, 0, 0, 0, 0, 0, 0, 0, 0, 0, 0, 0, 0, 0, 0, 0, 11, 0, 0, 2, 0, 0, 0, 0, 0, 1, 0, 0, 0, 0, 0, 0, 0, 0, 0, 0, 0, 0, 0, 3, 0, 0, 0, 0, 0, 0, 0, 0, 0, 0, 0, 0, 0, 0, 0, 0, 0, 0, 0]
convergência = [25, 25, 25, 25, 25, 25, 25, 25, 25, 25, 25, 25, 25, 25, 25, 25, 25, 25, 25, 25, 25, 25, 25, 25, 25, 25, 25, 25, 25, 25, 25, 25, 25, 25, 25, 25, 25, 25, 25, 25, 25, 25, 25, 25, 25, 25, 25, 25, 25, 25, 25, 25, 25]
================================

----- Melhor execução -----
Span (lambda): 25
best_order = [203, 50, 2, 149, 132, 114, 140, 41, 71, 36, 42, 188, 119, 73, 224, 179, 230, 184, 17, 222, 162, 154, 168, 155, 104, 166, 173, 18, 161, 229, 233, 129, 27, 0, 29, 213, 16, 218, 193, 192, 159, 118, 106, 56, 153, 210, 198, 11, 88, 208, 127, 187, 134, 92, 125, 15, 220, 87, 231, 68, 24, 82, 167, 199, 190, 78, 62, 143, 99, 35, 79, 48, 237, 38, 45, 39, 175, 189, 178, 59, 122, 137, 32, 9, 103, 232, 209, 174, 177, 165, 219, 46, 136, 195, 131, 66, 148, 126, 235, 102, 234, 216, 117, 212, 215, 227, 72, 49, 133, 120, 128, 85, 23, 75, 43, 7, 121, 142, 158, 130, 170, 196, 34, 108, 214, 12, 80, 176, 51, 97, 25, 139, 150, 141, 91, 13, 101, 194, 10, 152, 201, 164, 109, 172, 54, 95, 205, 63, 236, 185, 144, 180, 65, 98, 94, 146, 20, 156, 5, 83, 206, 157, 111, 115, 21, 200, 3, 53, 55, 217, 151, 67, 112, 191, 1, 116, 223, 57, 96, 169, 147, 84, 228, 22, 186, 40, 211, 52, 138, 145, 77, 225, 33, 44, 181, 113, 100, 81, 207, 74, 60, 110, 69, 171, 202, 76, 160, 90, 86, 8, 183, 61, 28, 163, 135, 105, 93, 221, 124, 70, 107, 6, 204, 31, 47, 64, 26, 182, 226, 58, 197, 123, 14, 4, 89, 30, 37, 19]
labeling = [3, 16, 1, 17, 21, 15, 19, 10, 20, 11, 14, 8, 12, 0, 1, 10, 7, 2, 5, 22, 9, 13, 17, 7, 1, 13, 16, 0, 8, 6, 23, 20, 9, 7, 0, 4, 2, 15, 3, 5, 12, 1, 0, 14, 21, 4, 6, 17, 5, 12, 0, 13, 20, 16, 7, 1, 2, 19, 25, 10, 3, 22, 2, 15, 23, 11, 7, 18, 0, 12, 7, 0, 9, 1, 8, 13, 17, 7, 5, 0, 3, 8, 2, 4, 4, 11, 16, 6, 4, 18, 15, 13, 3, 7, 14, 5, 7, 0, 0, 6, 10, 14, 11, 8, 4, 18, 0, 16, 4, 12, 18, 4, 2, 14, 0, 16, 18, 3, 9, 1, 11, 13, 0, 19, 15, 0, 5, 3, 9, 1, 12, 6, 0, 8, 4, 10, 5, 2, 11, 1, 0, 10, 2, 7, 9, 4, 15, 3, 6, 0, 8, 10, 5, 3, 2, 5, 8, 12, 0, 0, 1, 0, 1, 2, 2, 0, 2, 0, 4, 0, 0, 0, 0, 0, 1, 0, 0, 0, 0, 0, 0, 0, 0, 0, 0, 0, 0, 0, 0, 0, 0, 0, 0, 0, 0, 11, 0, 0, 2, 0, 0, 0, 0, 0, 1, 0, 0, 0, 0, 0, 0, 0, 0, 0, 0, 0, 0, 0, 3, 0, 0, 0, 0, 0, 0, 0, 0, 0, 0, 0, 0, 0, 0, 0, 0, 0, 0, 0]
