===== RESULTADO GA L(2,1) =====
Arquivo: /Users/mateuspedrosa/Documents/TCC-II/BOGA/data/Harwell-Boeing_cleaned/sherman5_clean.mtx (undirected)
Crossover: cx | Mutação: em | pop=30 | gens=53 | mut=0.446 | cr=0.5724 | runs=1 | max-stagt=1031

----- Execução #1 -----
Span (lambda): 184
Parada: MAX_GENS (geração 53)
best_order = [361, 1858, 2438, 109, 2381, 690, 1018, 1791, 2642, 3084, 35, 2617, 683, 460, 2751, 1744, 3264, 2583, 1680, 3063, 1367, 639, 682, 3208, 2132, 3035, 1885, 511, 2611, 99, 936, 2159, 1690, 860, 2588, 96, 2041, 42, 1441, 3087, 2225, 457, 1709, 1017, 2647, 2070, 758, 291, 2361, 813, 1280, 1753, 630, 2654, 2197, 210, 759, 569, 2935, 1086, 1674, 3041, 2350, 382, 894, 3161, 375, 85, 1382, 155, 796, 1203, 3143, 2823, 2808, 3038, 2573, 2983, 2309, 1799, 2513, 1122, 135, 2146, 452, 2245, 1798, 2457, 2952, 3153, 408, 583, 278, 2065, 2302, 2720, 3142, 637, 3088, 2069, 1524, 1512, 266, 37, 3298, 3076, 1339, 2063, 835, 3167, 598, 2104, 2281, 153, 3185, 3178, 580, 2956, 2239, 697, 485, 3183, 2601, 1699, 3079, 2269, 1619, 1095, 2083, 2436, 1390, 2715, 1166, 2280, 2066, 2318, 2016, 2187, 2625, 2886, 2995, 932, 1727, 1646, 2119, 723, 3169, 1556, 2634, 1123, 2045, 711, 464, 150, 2304, 2914, 397, 1893, 2830, 157, 1260, 2812, 897, 2620, 1432, 793, 2480, 3011, 2101, 3108, 2656, 2007, 122, 1641, 619, 39, 2921, 1336, 564, 399, 2011, 2999, 1485, 560, 532, 2681, 333, 1895, 1201, 30, 2693, 2799, 3229, 1281, 2383, 2004, 2920, 636, 2925, 811, 495, 410, 2542, 1111, 2390, 3257, 2946, 1794, 328, 2859, 1778, 1960, 1731, 2081, 1171, 268, 754, 982, 1786, 2279, 1930, 1601, 1892, 767, 722, 2771, 1391, 2692, 667, 2247, 1905, 2404, 55, 1216, 1088, 1635, 1119, 1347, 654, 1368, 2863, 887, 1730, 610, 2670, 2331, 1775, 101, 221, 2967, 725, 1689, 86, 2338, 1642, 1535, 2254, 1131, 197, 1912, 1584, 117, 1096, 2357, 2409, 3243, 2789, 3261, 3094, 678, 1346, 2520, 2962, 1074, 965, 3210, 2580, 1064, 3028, 917, 2467, 166, 3048, 172, 2476, 900, 2650, 1025, 2091, 533, 1634, 869, 1745, 1311, 920, 996, 801, 2028, 1315, 2576, 402, 3102, 576, 1755, 960, 1571, 3156, 1740, 1916, 1198, 26, 228, 1787, 1183, 2832, 1698, 179, 276, 38, 3013, 377, 931, 930, 102, 2295, 1223, 2143, 2688, 953, 1860, 2479, 110, 1299, 2780, 1444, 792, 2727, 1472, 1620, 3010, 1417, 1664, 2099, 2746, 2009, 2371, 2747, 2922, 2669, 1140, 2138, 784, 2180, 2158, 595, 1259, 3086, 2613, 1276, 234, 165, 635, 735, 2598, 2311, 1948, 93, 2950, 160, 3226, 1840, 2481, 2105, 2339, 2258, 2422, 1239, 130, 2125, 3060, 1172, 1375, 976, 2325, 1167, 3177, 286, 1831, 3279, 1306, 259, 1292, 602, 2469, 840, 47, 2502, 730, 2287, 517, 1077, 3182, 177, 2597, 1830, 618, 192, 945, 2559, 2169, 1022, 713, 2195, 2082, 1909, 1410, 1493, 1352, 2336, 1717, 1173, 2122, 2145, 3036, 1683, 688, 2717, 1565, 779, 551, 1665, 2078, 1986, 1977, 2841, 311, 1396, 967, 2960, 3270, 1404, 2061, 748, 223, 622, 58, 579, 3130, 2976, 2466, 749, 526, 824, 1656, 3164, 178, 2971, 1370, 357, 2349, 3117, 1010, 281, 1564, 1019, 1197, 1762, 3147, 546, 666, 2058, 2796, 2842, 3070, 2303, 3054, 1445, 170, 2878, 2411, 190, 662, 77, 1527, 2474, 2075, 819, 1911, 1470, 2363, 593, 1070, 3099, 255, 1358, 955, 444, 1128, 320, 3058, 1875, 1721, 2848, 1954, 2410, 2766, 2667, 1053, 2572, 1866, 458, 3179, 1660, 364, 2021, 703, 1963, 1350, 2398, 3216, 518, 591, 189, 3292, 2753, 1498, 2843, 1348, 1816, 781, 3232, 3150, 1456, 202, 1262, 2232, 606, 2003, 248, 1029, 1507, 1761, 825, 2904, 2176, 2723, 933, 2260, 640, 438, 1462, 376, 839, 2079, 550, 1675, 1446, 1604, 307, 987, 2401, 1449, 3240, 1007, 2335, 79, 1213, 3047, 2745, 2421, 2073, 1611, 864, 2204, 3286, 2329, 123, 433, 1933, 3189, 2147, 319, 95, 1268, 2346, 3217, 2348, 2391, 1372, 2443, 2785, 3174, 1983, 3285, 629, 3197, 1477, 1628, 1602, 1728, 2057, 2534, 53, 1594, 1923, 262, 2695, 2765, 187, 1644, 3066, 1693, 1059, 2211, 3154, 2630, 1879, 2616, 1389, 62, 1741, 2493, 577, 2267, 2315, 1991, 1337, 2854, 1036, 2039, 440, 1408, 2188, 436, 2730, 2623, 1734, 2135, 1997, 470, 2539, 2152, 1929, 63, 1112, 999, 1756, 2911, 2706, 129, 1890, 1328, 3095, 938, 24, 344, 3214, 2858, 942, 3162, 1876, 52, 2719, 941, 1413, 2565, 2545, 1397, 2951, 315, 1215, 1736, 1513, 2227, 1836, 2456, 1178, 957, 2701, 2064, 2344, 2777, 48, 1800, 791, 2442, 1222, 89, 2155, 2216, 455, 2035, 2744, 1737, 1058, 3083, 1790, 1209, 1661, 1952, 937, 1451, 712, 226, 2179, 516, 857, 1060, 1758, 507, 2074, 1958, 1359, 1467, 1829, 1316, 3277, 2314, 1924, 3219, 2825, 3003, 966, 1869, 1052, 2760, 395, 2737, 1825, 1638, 2819, 3186, 1005, 3181, 2505, 929, 2060, 1083, 1257, 3145, 1433, 3009, 367, 2871, 3006, 1687, 212, 3230, 1435, 295, 40, 2, 1045, 3089, 2288, 2160, 1277, 810, 1738, 2286, 428, 543, 1051, 1792, 2749, 2805, 3254, 3111, 45, 2912, 2643, 1205, 1357, 1098, 1603, 145, 1658, 2006, 513, 2362, 2802, 1233, 482, 2428, 2566, 2787, 2000, 73, 453, 756, 1726, 2626, 578, 1590, 872, 3155, 3020, 1809, 2094, 1473, 834, 776, 494, 1030, 664, 282, 2222, 866, 2351, 2049, 374, 488, 2764, 253, 2919, 442, 1135, 1812, 2757, 5, 880, 2901, 216, 1384, 1362, 1722, 2558, 3307, 445, 1561, 2676, 10, 3302, 1554, 329, 2175, 3042, 203, 742, 1386, 1609, 1576, 1566, 2259, 2214, 1313, 1757, 1026, 3021, 1735, 2722, 2577, 1388, 2599, 98, 3093, 3056, 978, 2496, 768, 1598, 647, 2186, 230, 426, 3203, 893, 2774, 140, 561, 142, 2988, 2343, 2908, 3078, 1973, 57, 2415, 2291, 3204, 1946, 280, 1810, 624, 1065, 1575, 2212, 676, 131, 2509, 479, 1319, 336, 412, 232, 36, 1338, 1881, 147, 1589, 217, 352, 492, 1681, 2934, 2228, 833, 2767, 3188, 973, 3075, 852, 2783, 2870, 116, 2347, 484, 2941, 2237, 1272, 2330, 1054, 2042, 2307, 649, 2277, 245, 1894, 293, 520, 2241, 1385, 273, 383, 736, 2631, 81, 592, 65, 1978, 272, 997, 2472, 1403, 350, 1582, 2606, 3303, 2982, 3074, 431, 2652, 962, 1267, 441, 94, 2965, 2459, 2014, 1490, 2672, 2979, 1919, 3103, 1742, 17, 349, 1001, 274, 1063, 2170, 1499, 1207, 3171, 2184, 2454, 2540, 1785, 1511, 3024, 2460, 1097, 1365, 1398, 1032, 1819, 1931, 2134, 3289, 2501, 3112, 401, 1779, 3250, 1361, 1192, 3061, 498, 2478, 176, 2033, 3212, 1035, 2824, 316, 2658, 2067, 2037, 3166, 1448, 522, 1492, 3190, 3014, 2192, 46, 3005, 175, 1696, 2853, 74, 3274, 3275, 251, 33, 709, 90, 2117, 389, 2605, 2885, 1027, 732, 1546, 553, 1383, 209, 2219, 1241, 726, 1076, 685, 2547, 2118, 104, 345, 1189, 2660, 342, 2923, 2619, 1673, 1671, 1939, 1034, 1210, 660, 3223, 2875, 1820, 1631, 1443, 6, 2846, 421, 1657, 1380, 1085, 1509, 515, 3296, 2397, 1363, 2708, 2097, 1864, 1976, 658, 2441, 734, 2585, 3045, 2244, 2224, 2164, 565, 378, 29, 1618, 285, 1454, 1574, 2899, 208, 1505, 3253, 2144, 812, 31, 1293, 1817, 2763, 944, 597, 267, 1218, 2675, 3224, 1344, 1330, 152, 2826, 1269, 437, 961, 783, 3211, 12, 1040, 1981, 2027, 1953, 2025, 2250, 974, 2121, 694, 2948, 2294, 1985, 51, 3237, 1248, 381, 3115, 1682, 2844, 2326, 1570, 1366, 1993, 2451, 1194, 1118, 2111, 1461, 2641, 469, 3278, 562, 1068, 790, 771, 3002, 557, 1595, 2697, 2714, 2367, 3148, 3022, 2940, 2434, 2755, 1238, 1121, 1392, 571, 2178, 832, 947, 2733, 1376, 1782, 1393, 1116, 219, 1014, 521, 2142, 665, 574, 1308, 1130, 1244, 1625, 2563, 853, 612, 2461, 2430, 2439, 980, 613, 2394, 164, 2511, 614, 1342, 2131, 2614, 1230, 1777, 1023, 829, 874, 2341, 563, 1968, 1049, 1887, 2447, 822, 1395, 204, 2051, 582, 404, 2869, 568, 634, 1984, 422, 2621, 1090, 1002, 1078, 778, 321, 2949, 1649, 297, 1592, 3100, 806, 2482, 3256, 1896, 1278, 103, 704, 2389, 1852, 509, 765, 1697, 2251, 2981, 1544, 842, 1379, 1823, 1624, 244, 477, 545, 1531, 1837, 1530, 2266, 2862, 2677, 270, 246, 727, 2198, 3220, 2043, 2230, 1136, 1245, 3262, 3096, 264, 2725, 523, 1526, 1340, 1157, 799, 607, 2172, 183, 909, 3163, 2382, 322, 2120, 414, 2516, 2022, 2807, 2316, 1188, 1129, 56, 1715, 963, 2821, 954, 1360, 2686, 1349, 675, 858, 2818, 998, 1072, 2861, 3017, 1572, 2816, 1149, 1028, 2973, 3129, 1520, 2514, 747, 3146, 1354, 3300, 1399, 2756, 3051, 1500, 3023, 663, 1406, 2607, 910, 1226, 600, 696, 310, 1886, 2903, 2837, 158, 198, 2709, 2866, 1320, 1922, 928, 986, 2437, 625, 2887, 2289, 2154, 948, 1015, 689, 2959, 1990, 851, 3246, 1650, 392, 807, 69, 302, 1423, 2235, 1229, 1806, 3104, 2648, 2884, 1764, 2689, 1163, 363, 3136, 2489, 119, 3255, 237, 107, 331, 1814, 581, 2638, 351, 3233, 2586, 443, 1685, 3287, 1677, 3124, 3305, 186, 1569, 1318, 1947, 2775, 2199, 1932, 915, 2468, 2384, 1373, 60, 1970, 559, 1071, 2293, 473, 335, 1264, 695, 2682, 459, 3016, 2750, 1419, 1024, 585, 816, 3118, 2926, 1486, 2596, 2464, 2772, 1180, 300, 1261, 2888, 757, 3238, 385, 2788, 2137, 2933, 3294, 2942, 1120, 1329, 1301, 191, 1160, 670, 1669, 911, 2590, 603, 2161, 465, 1146, 1563, 1081, 904, 969, 303, 220, 1217, 1103, 2659, 2432, 1169, 2256, 2610, 1653, 3311, 2928, 489, 365, 984, 2850, 1902, 68, 2206, 1100, 3170, 2385, 843, 354, 151, 2023, 2429, 1528, 621, 1855, 1211, 2811, 263, 2413, 2221, 1091, 486, 480, 1156, 2646, 721, 2223, 1519, 91, 2396, 2013, 889, 534, 2551, 2368, 2462, 1153, 1031, 1899, 2231, 3026, 1331, 871, 1936, 1253, 3165, 687, 1633, 1436, 20, 1421, 2366, 794, 1807, 2365, 2130, 231, 2205, 1502, 476, 2938, 1427, 2113, 1599, 2604, 739, 76, 2185, 240, 2813, 3295, 650, 1856, 2865, 2202, 1102, 235, 1670, 760, 2868, 1581, 1713, 873, 2448, 681, 1168, 1204, 3092, 615, 708, 200, 510, 2487, 1426, 1597, 2943, 876, 2705, 2552, 2781, 3116, 2897, 968, 1193, 468, 2696, 2356, 1127, 2032, 2593, 405, 2399, 2167, 2829, 1468, 1949, 2574, 3019, 3068, 3137, 2798, 504, 411, 2127, 2036, 3015, 84, 746, 2581, 275, 1491, 2449, 1212, 617, 1573, 616, 877, 2762, 2978, 883, 1679, 78, 2100, 3222, 1865, 2515, 3198, 1037, 1400, 1880, 502, 2957, 2200, 1579, 755, 508, 1422, 2769, 14, 2377, 3031, 136, 1069, 2770, 1844, 3055, 886, 1371, 1334, 775, 451, 2554, 2556, 1811, 1343, 1824, 1000, 2627, 826, 1381, 1796, 628, 769, 623, 2285, 2450, 2150, 2809, 406, 2618, 2262, 1186, 1712, 3202, 2890, 2498, 1175, 1282, 2536, 1873, 808, 2827, 1835, 2312, 3091, 1906, 1323, 2323, 213, 2549, 2779, 855, 3207, 2446, 359, 49, 2684, 1591, 3248, 92, 2533, 3106, 743, 1542, 789, 1763, 705, 2820, 2877, 596, 731, 1662, 1729, 2655, 2968, 2628, 1256, 733, 1750, 2711, 657, 1789, 1484, 3231, 554, 2845, 1200, 3065, 1258, 1700, 2674, 2532, 2050, 3304, 2488, 1613, 1972, 3276, 838, 430, 831, 2653, 2095, 2930, 2900, 1351, 2791, 3266, 2743, 2163, 1600, 2716, 780, 339, 800, 1704, 3059, 3251, 2358, 3272, 2342, 646, 1105, 2020, 446, 1834, 1275, 3209, 927, 2855, 677, 1321, 214, 2579, 3269, 2895, 717, 1228, 369, 2393, 3149, 530, 2784, 1776, 566, 1838, 2313, 292, 229, 1846, 398, 3200, 1851, 1853, 2732, 716, 1805, 309, 536, 770, 2804, 1555, 2327, 1843, 1475, 496, 386, 958, 2975, 3119, 1043, 1793, 2128, 59, 2376, 627, 1622, 525, 419, 3215, 215, 1950, 2173, 2543, 642, 2495, 1849, 2594, 542, 206, 2213, 23, 919, 994, 1235, 2333, 2944, 2883, 3157, 2026, 3062, 1177, 2913, 951, 403, 3052, 1695, 1424, 698, 9, 1495, 2217, 1514, 2953, 2958, 1766, 260, 2649, 2519, 710, 1768, 2129, 707, 2879, 1428, 43, 1154, 959, 2047, 1104, 2703, 3227, 837, 3141, 332, 1871, 2985, 1747, 3288, 3132, 964, 2290, 1066, 1190, 2153, 1694, 2317, 643, 1279, 1296, 1508, 2270, 1387, 2629, 1821, 3184, 828, 2319, 3228, 2990, 171, 1148, 1067, 1944, 1975, 2148, 541, 15, 1249, 868, 2531, 3258, 1476, 584, 814, 884, 1414, 2666, 1415, 2417, 892, 2622, 3127, 558, 472, 1182, 2663, 1718, 1585, 1710, 923, 1300, 1231, 2521, 298, 1533, 1126, 699, 3000, 2694, 1335, 283, 2685, 1503, 1743, 1765, 3293, 3290, 3283, 2492, 1868, 2098, 1666, 2055, 97, 3043, 2189, 3033, 1286, 2387, 2053, 2405, 450, 2924, 2151, 715, 1114, 1057, 701, 1080, 2680, 3101, 1612, 194, 2668, 233, 449, 1459, 849, 531, 728, 1803, 499, 3172, 1711, 2987, 2797, 1716, 2528, 1251, 3236, 3128, 1962, 2191, 921, 1543, 2440, 327, 645, 2107, 3122, 572, 2969, 2721, 2324, 1701, 1739, 1009, 1714, 659, 3107, 3139, 983, 2571, 626, 82, 2255, 2898, 2570, 7, 2310, 2168, 2194, 1012, 2874, 935, 2380, 854, 1987, 224, 11, 2497, 2909, 393, 1668, 1593, 416, 702, 547, 3125, 830, 2568, 2233, 1170, 2724, 2002, 3121, 1964, 66, 1961, 2395, 372, 2740, 774, 2030, 3007, 1284, 2624, 284, 1438, 3113, 467, 528, 1377, 620, 1274, 2524, 3053, 1955, 2778, 1266, 848, 3168, 1289, 1578, 254, 144, 2355, 394, 3085, 995, 196, 1450, 2678, 3160, 847, 114, 2872, 2918, 2165, 3001, 3194, 2001, 141, 2208, 1020, 2034, 899, 132, 434, 2728, 75, 1921, 2644, 2632, 2718, 348, 2419, 972, 644, 83, 575, 1141, 1287, 3241, 2882, 1706, 804, 1980, 605, 2453, 2263, 1155, 1483, 992, 943, 312, 67, 324, 1506, 3301, 1596, 1802, 817, 3176, 795, 28, 506, 2794, 2852, 1434, 409, 2615, 1850, 34, 201, 2741, 2834, 1629, 752, 1903, 380, 2234, 257, 1425, 2736, 2308, 162, 2427, 318, 2786, 2046, 3199, 1158, 1187, 2008, 2633, 313, 1164, 288, 514, 609, 2712, 18, 1999, 423, 113, 1159, 1607, 556, 1378, 1553, 1442, 3090, 1006, 653, 2636, 149, 3012, 1041, 2265, 2905, 922, 809, 3135, 1496, 1309, 3247, 903, 1914, 1517, 2929, 2810, 1636, 1878, 1655, 2162, 672, 2873, 2849, 1464, 2548, 2602, 2662, 1882, 481, 456, 3120, 2275, 356, 1298, 719, 2906, 1494, 3144, 2851, 180, 1583, 290, 1243, 1489, 859, 2555, 1106, 753, 1749, 241, 2246, 3193, 1471, 2090, 740, 1941, 1614, 2889, 1089, 1568, 143, 483, 3131, 2704, 608, 429, 1364, 2510, 2209, 1998, 373, 2017, 1626, 3245, 2264, 2085, 2507, 1982, 2955, 2963, 912, 548, 3284, 2527, 1304, 632, 939, 1900, 2352, 2071, 692, 2984, 1150, 2537, 1061, 1720, 1327, 2458, 1550, 2226, 3072, 573, 1529, 243, 3008, 2359, 379, 461, 3126, 1134, 1046, 2485, 2238, 1935, 1101, 1621, 1588, 2093, 1783, 2937, 2149, 3249, 1920, 1691, 1312, 3308, 949, 87, 2378, 674, 1326, 3037, 519, 2553, 3306, 2526, 353, 490, 1288, 1195, 2773, 1206, 1913, 2651, 1082, 2102, 1099, 971, 1951, 277, 2334, 1640, 3064, 786, 360, 475, 2261, 2915, 2998, 1305, 1966, 1769, 1705, 304, 2455, 2575, 2031, 2412, 2403, 2916, 2671, 2840, 638, 1760, 3105, 2761, 1353, 2782, 1044, 1934, 2530, 330, 346, 2499, 4, 112, 1246, 1144, 2054, 1117, 684, 148, 400, 265, 1418, 1273, 462, 895, 879, 1724, 1845, 2892, 2337, 1867, 1888, 1925, 1647, 2166, 167, 2115, 1048, 1263, 222, 491, 633, 1174, 1608, 2699, 861, 751, 867, 137, 782, 2484, 2089, 2274, 1463, 918, 3057, 1774, 1409, 1501, 720, 1667, 2253, 1452, 2321, 993, 2024, 1521, 1842, 1586, 3067, 1771, 2657, 706, 2927, 691, 1265, 54, 1587, 3040, 1994, 2738, 2418, 693, 2992, 1833, 1891, 856, 686, 3268, 1551, 631, 2578, 1927, 2932, 1813, 370, 1094, 1247, 2215, 1110, 805, 325, 2278, 985, 1918, 3018, 2077, 604, 952, 501, 249, 2177, 146, 159, 3133, 2116, 537, 2364, 1708, 836, 1460, 1992, 1828, 2072, 588, 2700, 1884, 1688, 1440, 1050, 538, 1827, 2300, 1788, 1773, 3039, 2907, 1132, 669, 2508, 2282, 225, 844, 1480, 718, 761, 2240, 2243, 1221, 586, 750, 1610, 1291, 173, 3192, 21, 2645, 2961, 1142, 3242, 2139, 2814, 2758, 1429, 2673, 2986, 2707, 1219, 1333, 1606, 1917, 1989, 1915, 424, 1510, 2592, 2974, 863, 2735, 1447, 388, 2388, 862, 1394, 2567, 2679, 1283, 338, 1759, 3069, 1938, 340, 1124, 1663, 2273, 655, 420, 314, 1108, 2015, 2373, 3025, 1959, 3234, 2088, 2792, 661, 1862, 1781, 651, 2052, 802, 970, 2817, 2931, 2425, 1234, 2306, 641, 2087, 256, 1458, 2591, 2980, 1889, 2370, 3046, 2506, 2490, 1369, 1013, 1252, 1430, 2471, 227, 2140, 1107, 1412, 425, 3110, 2414, 3029, 1137, 2096, 1804, 3280, 2698, 1518, 1004, 2803, 724, 599, 2114, 1928, 396, 1214, 50, 3152, 1303, 1453, 3173, 1772, 3239, 2726, 1356, 589, 1707, 299, 878, 1165, 3077, 2044, 2665, 2301, 1405, 1199, 2793, 3195, 2831, 1904, 1648, 3004, 2664, 916, 2141, 2062, 2683, 2702, 1011, 656, 535, 1162, 2589, 3140, 1808, 3123, 139, 673, 1615, 2734, 2435, 1874, 2896, 2936, 2201, 2691, 3309, 2600, 2248, 2880, 1719, 1839, 2084, 294, 2408, 2710, 1678, 2494, 168, 2252, 2369, 474, 2989, 913, 2354, 1538, 134, 1818, 988, 2640, 2945, 2856, 1988, 2562, 2483, 1138, 2486, 1826, 2993, 975, 1795, 2491, 1545, 1725, 785, 2157, 940, 3310, 1307, 108, 2386, 1482, 2207, 2210, 1250, 850, 1332, 820, 2296, 1416, 1907, 2123, 1748, 3138, 1208, 1841, 2183, 787, 762, 1562, 1478, 2283, 125, 161, 2126, 2136, 527, 2806, 1957, 2477, 1084, 2833, 1797, 1910, 1474, 1645, 25, 1557, 991, 1147, 744, 1176, 1439, 1525, 1402, 1684, 2019, 890, 763, 2402, 1455, 2713, 2124, 865, 1294, 205, 2910, 2881, 2181, 3159, 1995, 1549, 1654, 463, 2535, 3205, 471, 391, 2040, 193, 1652, 2420, 2635, 827, 0, 1115, 2557, 1523, 1752, 2423, 185, 261, 1822, 990, 239, 1254, 80, 1877, 2109, 439, 306, 3034, 3196, 2800, 2322, 121, 570, 823, 1605, 2759, 1616, 1815, 2637, 668, 242, 3109, 2374, 258, 2375, 2690, 2433, 1703, 1179, 2860, 2086, 772, 567, 989, 1055, 1270, 2407, 2994, 427, 2776, 2584, 729, 156, 2603, 882, 1355, 2156, 435, 2966, 741, 1202, 1295, 317, 70, 1325, 1079, 601, 2400, 3244, 798, 1497, 1297, 777, 1047, 3281, 3218, 1087, 1801, 2445, 1271, 1942, 478, 1185, 355, 2298, 366, 487, 2801, 1133, 368, 555, 3213, 2997, 407, 1240, 2864, 881, 1145, 1224, 2839, 2947, 2340, 124, 1504, 2076, 2332, 1617, 2242, 184, 13, 415, 2522, 1702, 2595, 500, 1627, 3073, 906, 2473, 3180, 1161, 2815, 218, 766, 875, 2005, 3080, 788, 1056, 1651, 934, 1754, 1437, 3267, 207, 1940, 1733, 946, 1255, 250, 2569, 1236, 3221, 3098, 1008, 2546, 448, 2038, 1692, 2731, 544, 2790, 652, 1038, 3175, 2452, 1232, 2424, 1632, 1184, 301, 182, 3032, 1151, 1926, 2010, 1770, 1746, 2190, 3134, 138, 1832, 2917, 2550, 1113, 979, 418, 252, 2056, 432, 2835, 2470, 334, 2257, 1003, 118, 2392, 269, 529, 1537, 199, 2018, 3050, 1532, 896, 1560, 16, 818, 1969, 2742, 1979, 2203, 2847, 2836, 247, 2612, 2379, 1847, 115, 2297, 2080, 1522, 2538, 362, 2059, 1411, 238, 1539, 2893, 2372, 2112, 289, 3282, 100, 3206, 503, 1345, 1552, 2276, 524, 700, 1033, 447, 326, 2939, 22, 679, 211, 1548, 587, 1516, 898, 1075, 901, 61, 1686, 1870, 2305, 454, 1302, 3271, 2857, 3260, 648, 1093, 1558, 2416, 1676, 841, 2582, 2133, 1859, 1967, 2292, 133, 977, 2964, 287, 549, 1479, 1109, 1191, 1872, 64, 2977, 305, 1227, 2609, 44, 2754, 41, 907, 2739, 1857, 1784, 2106, 1324, 2970, 1073, 3081, 417, 2299, 1181, 924, 1401, 2560, 1623, 512, 1139, 1780, 2345, 2518, 1898, 1469, 885, 2284, 2867, 358, 2564, 2608, 1965, 1431, 2795, 2972, 384, 2891, 1196, 105, 1317, 1897, 2894, 1974, 908, 3082, 1021, 1314, 2360, 154, 3044, 1515, 505, 3027, 1534, 3225, 174, 845, 337, 2822, 2529, 2523, 3297, 1996, 3273, 371, 956, 1488, 1322, 714, 611, 2406, 925, 2272, 3265, 3191, 1637, 1883, 2196, 2541, 163, 1577, 2268, 1341, 2174, 2475, 195, 1901, 1567, 2048, 1420, 1242, 821, 2512, 552, 2587, 387, 891, 1290, 2828, 1092, 2328, 2220, 2954, 1854, 1481, 1751, 981, 815, 2996, 1672, 3291, 773, 905, 3252, 2500, 1945, 341, 2661, 2103, 1971, 2517, 2876, 950, 1407, 1039, 3235, 3030, 2236, 3263, 1580, 745, 2110, 2182, 111, 3259, 2544, 3158, 1125, 594, 590, 1540, 3049, 2768, 902, 1723, 2092, 2639, 3151, 926, 2504, 390, 2503, 323, 188, 797, 72, 2729, 2426, 539, 2229, 1536, 347, 1487, 169, 1465, 493, 1374, 671, 2748, 1, 1848, 2108, 27, 1457, 2463, 1541, 540, 2171, 1285, 497, 1659, 1225, 2320, 32, 1861, 1943, 120, 1559, 71, 19, 2561, 271, 2838, 88, 1937, 914, 3, 3299, 1547, 2465, 1143, 1630, 343, 1220, 870, 1956, 236, 279, 2525, 2752, 680, 3097, 2991, 1466, 413, 846, 2687, 1767, 764, 2902, 3187, 1310, 1732, 1643, 8, 1016, 106, 1042, 1908, 2353, 126, 296, 888, 2249, 3201, 2271, 738, 1237, 737, 1639, 181, 1863, 2029, 127, 3114, 2012, 3071, 2431, 2444, 466, 308, 803, 1152, 2218, 2193, 128, 1062, 2068]
labeling = [139, 90, 26, 88, 65, 32, 37, 61, 184, 54, 29, 59, 43, 38, 42, 38, 57, 19, 22, 86, 28, 39, 56, 25, 17, 20, 2, 55, 25, 11, 1, 8, 0, 15, 19, 0, 20, 0, 0, 5, 3, 36, 1, 10, 16, 11, 6, 0, 0, 3, 13, 7, 1, 2, 1, 0, 2, 11, 0, 5, 0, 0, 5, 5, 11, 0, 18, 10, 0, 0, 10, 0, 0, 7, 1, 9, 0, 0, 1, 1, 0, 2, 0, 1, 0, 0, 0, 0, 0, 0, 0, 1, 0, 0, 0, 1, 0, 0, 0, 0, 0, 0, 0, 0, 0, 3, 0, 0, 1, 1, 0, 2, 34, 5, 0, 149, 30, 0, 0, 0, 0, 0, 0, 31, 76, 1, 3, 167, 56, 15, 9, 23, 26, 65, 52, 1, 42, 44, 79, 35, 12, 9, 28, 23, 8, 0, 0, 0, 0, 1, 0, 0, 0, 0, 0, 0, 0, 0, 0, 80, 19, 127, 99, 23, 14, 18, 0, 20, 84, 159, 2, 22, 6, 27, 93, 10, 20, 13, 0, 7, 41, 31, 24, 32, 90, 47, 40, 7, 57, 15, 13, 4, 0, 0, 0, 0, 0, 0, 0, 0, 0, 0, 0, 0, 0, 0, 0, 77, 11, 25, 3, 33, 40, 83, 22, 6, 21, 9, 31, 33, 11, 4, 30, 7, 25, 71, 1, 18, 4, 54, 10, 74, 13, 21, 0, 65, 30, 66, 59, 71, 0, 0, 0, 0, 0, 0, 0, 0, 0, 0, 0, 0, 0, 0, 0, 2, 120, 58, 142, 21, 54, 136, 15, 8, 60, 61, 3, 40, 13, 71, 59, 28, 5, 27, 24, 14, 17, 29, 0, 83, 43, 7, 20, 18, 22, 2, 11, 6, 0, 0, 0, 0, 0, 0, 0, 0, 0, 0, 0, 0, 0, 0, 0, 70, 109, 80, 137, 9, 88, 89, 39, 5, 98, 12, 67, 36, 21, 68, 100, 16, 9, 58, 38, 80, 18, 25, 34, 64, 5, 12, 9, 29, 15, 0, 0, 0, 0, 0, 0, 0, 0, 0, 0, 0, 0, 0, 0, 0, 0, 0, 0, 67, 24, 46, 71, 47, 58, 24, 74, 19, 108, 0, 72, 65, 10, 42, 141, 19, 69, 88, 78, 73, 93, 8, 6, 4, 10, 1, 7, 69, 17, 0, 0, 0, 0, 0, 0, 0, 0, 0, 0, 0, 0, 0, 0, 0, 40, 9, 89, 10, 38, 30, 16, 14, 36, 46, 50, 9, 4, 20, 7, 49, 22, 79, 36, 66, 55, 32, 77, 52, 119, 24, 30, 21, 36, 15, 46, 23, 3, 0, 0, 0, 0, 0, 0, 0, 0, 0, 0, 0, 0, 0, 0, 0, 4, 19, 28, 150, 56, 23, 31, 21, 3, 18, 25, 11, 12, 2, 10, 62, 0, 60, 16, 147, 4, 43, 82, 57, 5, 27, 18, 134, 13, 7, 123, 118, 6, 0, 0, 0, 0, 0, 0, 0, 0, 0, 0, 0, 0, 0, 0, 0, 48, 178, 22, 11, 2, 44, 26, 9, 37, 29, 4, 32, 75, 39, 15, 8, 43, 37, 74, 1, 76, 17, 59, 25, 20, 8, 14, 2, 4, 16, 0, 0, 0, 0, 0, 0, 0, 0, 0, 0, 0, 0, 0, 0, 0, 0, 0, 0, 162, 49, 1, 41, 29, 24, 8, 14, 16, 169, 6, 2, 81, 13, 17, 12, 56, 33, 49, 40, 5, 42, 28, 34, 3, 26, 48, 9, 6, 1, 0, 0, 0, 0, 0, 0, 0, 0, 0, 0, 0, 0, 0, 0, 0, 44, 82, 165, 128, 26, 10, 27, 31, 0, 19, 3, 12, 21, 4, 25, 10, 31, 8, 14, 7, 22, 3, 32, 9, 39, 6, 75, 15, 29, 31, 25, 8, 17, 0, 0, 0, 0, 0, 0, 0, 0, 0, 0, 0, 0, 0, 0, 0, 5, 31, 18, 8, 6, 42, 4, 6, 21, 48, 23, 32, 107, 30, 9, 33, 3, 16, 29, 11, 28, 1, 64, 15, 50, 7, 53, 11, 28, 4, 0, 0, 0, 0, 0, 0, 0, 0, 0, 0, 0, 0, 0, 0, 0, 3, 164, 94, 70, 2, 0, 74, 33, 66, 64, 15, 46, 0, 50, 7, 34, 14, 11, 8, 6, 20, 25, 10, 24, 19, 12, 4, 43, 26, 17, 71, 1, 51, 0, 0, 0, 0, 0, 0, 0, 0, 0, 0, 0, 0, 0, 0, 0, 15, 39, 105, 151, 14, 45, 27, 48, 35, 9, 44, 81, 165, 37, 55, 31, 16, 22, 44, 38, 19, 14, 2, 9, 83, 23, 18, 0, 0, 0, 0, 0, 0, 0, 0, 0, 0, 0, 0, 0, 0, 0, 0, 0, 0, 19, 54, 70, 66, 24, 12, 63, 57, 3, 47, 16, 60, 19, 11, 68, 35, 70, 72, 84, 18, 13, 11, 7, 15, 5, 3, 58, 75, 1, 21, 0, 0, 0, 0, 0, 0, 0, 0, 0, 0, 0, 0, 0, 0, 0, 0, 0, 0, 0, 45, 79, 34, 87, 5, 15, 33, 11, 56, 36, 53, 1, 32, 23, 10, 3, 63, 15, 17, 8, 22, 78, 39, 0, 0, 0, 0, 0, 0, 0, 0, 0, 0, 0, 0, 0, 0, 0, 0, 0, 0, 0, 0, 0, 0, 0, 0, 62, 50, 9, 56, 30, 36, 19, 31, 23, 46, 76, 65, 123, 25, 61, 30, 41, 52, 11, 4, 0, 42, 2, 55, 0, 0, 0, 0, 0, 0, 0, 0, 0, 0, 0, 0, 0, 0, 0, 0, 0, 0, 0, 0, 0, 0, 0, 0, 5, 64, 14, 111, 52, 1, 58, 32, 41, 48, 95, 80, 52, 40, 20, 14, 12, 6, 0, 0, 0, 0, 0, 0, 0, 0, 0, 0, 0, 0, 0, 0, 0, 0, 0, 0, 0, 0, 0, 0, 0, 0, 0, 0, 0, 0, 0, 0, 0, 0, 0, 4, 10, 77, 69, 75, 54, 59, 31, 34, 85, 10, 168, 18, 159, 33, 0, 0, 0, 0, 0, 0, 0, 0, 0, 0, 0, 0, 0, 0, 0, 0, 0, 0, 0, 0, 0, 0, 0, 0, 0, 0, 0, 0, 0, 0, 0, 0, 0, 0, 0, 0, 2, 0, 22, 61, 82, 12, 37, 3, 1, 0, 0, 0, 0, 0, 0, 0, 0, 0, 0, 0, 0, 0, 0, 0, 0, 0, 0, 0, 0, 0, 0, 0, 0, 0, 0, 0, 0, 0, 0, 0, 0, 0, 0, 0, 0, 0, 0, 0, 5, 55, 59, 3, 6, 11, 0, 0, 0, 0, 0, 0, 0, 0, 0, 0, 0, 0, 0, 0, 0, 0, 0, 0, 0, 0, 0, 0, 0, 0, 0, 0, 0, 0, 0, 0, 0, 0, 0, 0, 0, 0, 0, 0, 0, 0, 0, 0, 0, 0, 0, 0, 0, 0, 0, 0, 0, 0, 0, 0, 0, 0, 0, 0, 0, 0, 0, 0, 0, 0, 0, 0, 0, 0, 0, 0, 0, 0, 0, 0, 0, 0, 0, 0, 0, 0, 0, 0, 0, 0, 0, 0, 0, 0, 0, 0, 0, 0, 0, 0, 0, 0, 0, 0, 0, 0, 0, 0, 0, 0, 0, 0, 0, 0, 0, 0, 0, 0, 0, 0, 0, 0, 0, 0, 0, 0, 0, 0, 0, 0, 0, 0, 0, 0, 0, 0, 0, 0, 0, 0, 0, 0, 0, 0, 0, 0, 0, 0, 0, 0, 0, 0, 0, 0, 0, 0, 0, 0, 0, 0, 0, 0, 0, 0, 0, 0, 0, 0, 0, 0, 0, 145, 85, 30, 0, 143, 14, 39, 43, 15, 20, 121, 36, 0, 0, 0, 0, 0, 0, 0, 0, 0, 0, 0, 0, 0, 0, 0, 6, 35, 9, 2, 28, 12, 3, 88, 78, 5, 76, 47, 87, 7, 18, 9, 33, 0, 2, 47, 19, 94, 61, 15, 97, 73, 34, 156, 130, 1, 16, 131, 89, 0, 0, 0, 0, 0, 0, 0, 0, 0, 0, 0, 0, 0, 0, 0, 15, 59, 0, 84, 5, 20, 41, 44, 7, 45, 51, 12, 82, 92, 14, 107, 104, 3, 68, 53, 6, 125, 118, 12, 56, 9, 17, 46, 6, 14, 69, 57, 79, 0, 0, 0, 0, 0, 0, 0, 0, 0, 0, 0, 0, 0, 0, 0, 4, 62, 8, 43, 52, 116, 49, 56, 0, 6, 124, 4, 80, 32, 10, 160, 20, 8, 60, 112, 4, 33, 81, 2, 35, 38, 10, 4, 100, 12, 9, 0, 1, 0, 0, 0, 0, 0, 0, 0, 0, 0, 0, 0, 0, 0, 0, 0, 27, 34, 113, 23, 162, 135, 35, 101, 103, 126, 16, 122, 3, 155, 66, 79, 64, 96, 70, 75, 68, 48, 72, 134, 79, 5, 32, 2, 21, 40, 0, 0, 0, 0, 0, 0, 0, 0, 0, 0, 0, 0, 0, 0, 0, 0, 0, 0, 31, 28, 161, 121, 104, 127, 41, 30, 124, 105, 177, 182, 38, 78, 171, 12, 4, 15, 17, 128, 92, 50, 13, 144, 74, 116, 175, 54, 67, 49, 0, 0, 0, 0, 0, 0, 0, 0, 0, 0, 0, 0, 0, 0, 0, 12, 15, 2, 5, 153, 54, 102, 29, 99, 51, 132, 48, 5, 37, 97, 154, 166, 9, 122, 63, 6, 114, 161, 14, 2, 146, 4, 6, 73, 12, 10, 61, 91, 0, 0, 0, 0, 0, 0, 0, 0, 0, 0, 0, 0, 0, 0, 0, 64, 133, 106, 115, 163, 113, 44, 91, 8, 130, 167, 181, 78, 39, 143, 45, 21, 3, 22, 174, 8, 42, 55, 1, 63, 77, 9, 47, 45, 17, 110, 43, 41, 0, 0, 0, 0, 0, 0, 0, 0, 0, 0, 0, 0, 0, 0, 0, 68, 76, 18, 47, 86, 13, 17, 34, 24, 36, 131, 111, 62, 40, 129, 18, 13, 85, 27, 140, 149, 154, 12, 4, 7, 117, 93, 151, 35, 22, 0, 0, 0, 0, 0, 0, 0, 0, 0, 0, 0, 0, 0, 0, 0, 0, 0, 0, 6, 129, 3, 75, 138, 58, 28, 156, 148, 41, 145, 114, 5, 51, 35, 30, 1, 31, 23, 63, 17, 2, 14, 125, 40, 26, 69, 27, 81, 23, 0, 0, 0, 0, 0, 0, 0, 0, 0, 0, 0, 0, 0, 0, 0, 0, 1, 49, 147, 25, 98, 95, 50, 60, 10, 7, 84, 46, 155, 150, 53, 119, 12, 38, 126, 3, 25, 106, 80, 45, 109, 8, 37, 19, 5, 65, 55, 2, 0, 0, 0, 0, 0, 0, 0, 0, 0, 0, 0, 0, 0, 0, 0, 20, 33, 108, 13, 16, 47, 102, 2, 11, 158, 53, 142, 29, 83, 176, 22, 0, 157, 8, 26, 41, 21, 133, 120, 3, 23, 82, 24, 36, 34, 0, 0, 0, 0, 0, 0, 0, 0, 0, 0, 0, 0, 0, 0, 0, 29, 38, 44, 34, 7, 9, 68, 85, 28, 1, 42, 20, 12, 141, 17, 74, 5, 2, 18, 152, 15, 51, 136, 90, 27, 67, 139, 14, 25, 6, 22, 54, 16, 0, 0, 0, 0, 0, 0, 0, 0, 0, 0, 0, 0, 0, 0, 0, 7, 1, 68, 66, 51, 21, 15, 38, 17, 67, 14, 69, 60, 90, 8, 110, 87, 33, 179, 94, 12, 56, 59, 30, 86, 41, 3, 0, 0, 0, 0, 0, 0, 0, 0, 0, 0, 0, 0, 0, 0, 0, 0, 0, 0, 25, 16, 86, 64, 14, 78, 23, 54, 173, 73, 1, 8, 42, 63, 31, 27, 53, 2, 4, 26, 10, 38, 172, 170, 46, 71, 97, 29, 57, 50, 0, 0, 0, 0, 0, 0, 0, 0, 0, 0, 0, 0, 0, 0, 0, 0, 0, 0, 33, 39, 43, 148, 69, 137, 17, 2, 49, 43, 10, 22, 72, 28, 35, 57, 20, 39, 115, 42, 180, 60, 157, 24, 0, 0, 0, 0, 0, 0, 0, 0, 0, 0, 0, 0, 0, 0, 0, 0, 0, 0, 0, 0, 0, 0, 0, 0, 158, 37, 20, 152, 92, 53, 8, 21, 160, 62, 32, 30, 11, 21, 5, 8, 65, 34, 16, 26, 19, 81, 12, 35, 0, 0, 0, 0, 0, 0, 0, 0, 0, 0, 0, 0, 0, 0, 0, 0, 0, 0, 0, 0, 0, 0, 0, 0, 7, 86, 17, 3, 72, 2, 55, 1, 0, 0, 2, 1, 2, 2, 1, 2, 0, 0, 0, 0, 0, 0, 0, 0, 0, 0, 0, 0, 0, 0, 0, 0, 0, 0, 0, 0, 0, 0, 0, 0, 0, 0, 0, 0, 0, 0, 0, 0, 0, 0, 0, 0, 0, 6, 3, 0, 1, 0, 0, 0, 1, 0, 0, 0, 0, 1, 0, 0, 0, 0, 0, 0, 0, 0, 0, 0, 0, 0, 0, 0, 0, 0, 0, 0, 0, 0, 0, 0, 0, 0, 0, 0, 0, 0, 0, 0, 0, 0, 0, 0, 0, 0, 0, 4, 0, 5, 0, 4, 0, 4, 5, 0, 0, 0, 0, 0, 0, 0, 0, 0, 0, 0, 0, 0, 0, 0, 0, 0, 0, 0, 0, 0, 0, 0, 0, 0, 0, 0, 0, 0, 0, 0, 0, 0, 0, 0, 0, 0, 0, 0, 1, 0, 7, 0, 0, 1, 0, 0, 0, 0, 0, 0, 0, 0, 0, 0, 0, 0, 0, 0, 0, 0, 0, 0, 0, 0, 0, 0, 0, 0, 0, 0, 0, 0, 0, 0, 0, 0, 0, 0, 0, 0, 0, 0, 0, 0, 0, 0, 0, 0, 0, 0, 0, 0, 0, 0, 0, 0, 0, 0, 0, 0, 0, 0, 0, 0, 0, 0, 0, 0, 0, 0, 0, 0, 0, 0, 0, 0, 0, 0, 0, 0, 0, 0, 0, 0, 0, 0, 0, 0, 0, 0, 0, 0, 0, 0, 0, 0, 0, 0, 0, 0, 0, 0, 0, 0, 0, 0, 0, 0, 0, 0, 0, 0, 0, 0, 0, 0, 0, 0, 0, 0, 0, 0, 0, 0, 0, 0, 0, 0, 0, 0, 0, 0, 0, 0, 0, 0, 0, 0, 0, 0, 0, 0, 0, 0, 0, 0, 0, 0, 0, 0, 0, 0, 0, 0, 0, 0, 0, 0, 0, 0, 0, 0, 0, 0, 0, 0, 0, 0, 0, 0, 0, 0, 2, 10, 3, 0, 2, 2, 0, 0, 1, 0, 0, 0, 0, 0, 0, 0, 0, 0, 0, 0, 0, 0, 0, 0, 0, 23, 1, 0, 0, 0, 0, 0, 0, 0, 0, 0, 0, 0, 0, 1, 2, 4, 0, 40, 4, 1, 11, 0, 2, 2, 3, 3, 0, 4, 0, 26, 2, 0, 0, 0, 0, 0, 0, 0, 0, 0, 0, 0, 0, 0, 0, 0, 2, 1, 3, 1, 1, 8, 1, 6, 2, 0, 0, 1, 1, 0, 0, 1, 1, 5, 8, 0, 0, 1, 0, 0, 1, 0, 0, 2, 1, 3, 2, 0, 0, 0, 0, 0, 0, 0, 0, 0, 0, 0, 0, 0, 0, 0, 0, 0, 0, 1, 1, 1, 1, 2, 2, 1, 3, 2, 144, 1, 1, 0, 0, 1, 0, 0, 0, 0, 1, 0, 1, 5, 1, 0, 0, 3, 7, 0, 3, 0, 5, 0, 0, 0, 0, 0, 0, 0, 0, 0, 0, 0, 0, 0, 0, 0, 1, 0, 0, 1, 0, 0, 2, 0, 1, 0, 0, 1, 0, 0, 0, 1, 0, 0, 1, 0, 0, 1, 0, 0, 1, 0, 0, 1, 0, 0, 0, 0, 0, 0, 0, 0, 0, 0, 0, 0, 0, 0, 0, 0, 0, 0, 0, 0, 0, 0, 1, 0, 0, 1, 0, 0, 1, 1, 1, 0, 0, 0, 0, 1, 0, 0, 0, 0, 2, 0, 0, 1, 0, 0, 2, 1, 0, 0, 0, 0, 0, 0, 0, 0, 0, 0, 0, 0, 0, 0, 0, 0, 0, 4, 0, 0, 0, 0, 1, 0, 0, 1, 0, 0, 1, 0, 0, 1, 0, 8, 1, 0, 0, 1, 0, 0, 3, 1, 0, 0, 0, 0, 1, 0, 0, 1, 0, 0, 0, 0, 0, 0, 0, 0, 0, 0, 0, 0, 0, 0, 0, 1, 0, 0, 0, 0, 1, 0, 0, 1, 1, 0, 0, 1, 0, 0, 5, 46, 1, 0, 0, 2, 4, 0, 3, 0, 0, 3, 1, 0, 0, 0, 0, 1, 0, 0, 0, 0, 0, 0, 0, 0, 0, 0, 0, 0, 0, 0, 0, 0, 0, 1, 1, 0, 0, 0, 117, 1, 1, 70, 2, 2, 37, 1, 0, 0, 0, 1, 6, 0, 3, 23, 0, 1, 32, 2, 0, 1, 1, 0, 0, 0, 0, 0, 0, 0, 0, 0, 0, 0, 0, 0, 0, 0, 0, 0, 0, 2, 0, 0, 0, 164, 1, 1, 28, 0, 0, 37, 1, 0, 59, 3, 0, 2, 0, 0, 26, 1, 5, 13, 0, 2, 60, 1, 3, 0, 0, 0, 0, 0, 0, 0, 0, 0, 0, 0, 0, 0, 0, 0, 0, 0, 2, 0, 3, 2, 1, 4, 0, 1, 1, 0, 0, 1, 0, 0, 1, 1, 47, 4, 0, 0, 5, 1, 0, 0, 1, 0, 0, 0, 0, 1, 0, 24, 4, 0, 0, 0, 0, 0, 0, 0, 0, 0, 0, 0, 0, 0, 0, 0, 0, 1, 1, 0, 0, 0, 0, 0, 0, 0, 0, 0, 0, 1, 0, 2, 48, 1, 0, 1, 0, 0, 5, 2, 0, 0, 0, 1, 0, 0, 0, 0, 0, 0, 0, 0, 0, 0, 0, 0, 0, 0, 0, 0, 0, 0, 0, 2, 0, 1, 1, 0, 0, 2, 3, 3, 0, 3, 2, 1, 0, 0, 7, 1, 0, 3, 1, 7, 0, 1, 0, 0, 0, 4, 1, 0, 0, 0, 0, 0, 0, 0, 0, 0, 0, 0, 0, 0, 0, 0, 0, 0, 0, 0, 0, 1, 0, 0, 2, 0, 0, 2, 0, 0, 2, 0, 0, 1, 1, 0, 0, 0, 0, 1, 1, 0, 0, 0, 0, 0, 0, 0, 0, 0, 0, 0, 0, 0, 0, 0, 0, 0, 0, 0, 0, 0, 0, 0, 0, 0, 0, 0, 0, 1, 0, 0, 1, 0, 0, 2, 3, 0, 0, 0, 0, 1, 1, 0, 0, 1, 96, 0, 0, 0, 1, 0, 52, 2, 0, 0, 0, 0, 0, 0, 0, 0, 0, 0, 0, 0, 0, 0, 0, 0, 0, 0, 0, 0, 1, 1, 0, 0, 1, 0, 0, 1, 0, 0, 2, 0, 0, 0, 0, 1, 1, 0, 0, 0, 0, 1, 0, 0, 0, 0, 0, 0, 0, 0, 0, 0, 0, 0, 0, 0, 0, 0, 0, 0, 0, 0, 0, 0, 0, 0, 0, 0, 1, 0, 0, 1, 2, 1, 0, 0, 2, 1, 0, 0, 1, 2, 1, 1, 2, 1, 1, 0, 0, 1, 0, 0, 0, 0, 0, 0, 0, 0, 0, 0, 0, 0, 0, 0, 0, 0, 0, 0, 0, 0, 0, 0, 0, 0, 1, 0, 0, 0, 5, 0, 0, 0, 0, 0, 0, 0, 0, 0, 0, 0, 0, 0, 0, 0, 0, 0, 0, 0, 0, 0, 0, 0, 0, 0, 0, 0, 0, 0, 0, 0, 0, 0, 0, 0, 0, 0, 0, 0, 0, 0, 0, 0, 0, 0, 0, 0, 0, 0, 0, 0, 0, 0, 0, 0, 0, 0, 0, 0, 0, 0, 0, 0, 0, 0, 0, 0, 0, 0, 0, 0, 0, 0, 0, 0, 0, 0, 0, 0, 0, 0, 0, 0, 0, 0, 0, 0, 0, 0, 0, 0, 0, 0, 0, 0, 0, 0, 0, 0, 0, 0, 0, 0, 0, 0, 0, 0, 0, 0, 0, 0, 0, 0, 0, 0, 0, 0, 0, 0, 0, 0, 0, 0, 0, 0, 0, 0, 0, 0, 0, 0, 0, 0, 0, 0, 0, 0, 0, 0, 0, 0, 0, 0, 0, 0, 0, 0, 0, 0, 0, 0, 0, 0, 0, 0, 0, 0, 0, 0, 0, 0, 0, 0, 0, 0, 0, 0, 0, 0, 0, 0, 0, 0, 0, 0, 0, 0, 0, 0, 0, 0, 0, 0, 0]
convergência = [184, 184, 184, 184, 184, 184, 184, 184, 184, 184, 184, 184, 184, 184, 184, 184, 184, 184, 184, 184, 184, 184, 184, 184, 184, 184, 184, 184, 184, 184, 184, 184, 184, 184, 184, 184, 184, 184, 184, 184, 184, 184, 184, 184, 184, 184, 184, 184, 184, 184, 184, 184, 184]
================================

----- Melhor execução -----
Span (lambda): 184
best_order = [361, 1858, 2438, 109, 2381, 690, 1018, 1791, 2642, 3084, 35, 2617, 683, 460, 2751, 1744, 3264, 2583, 1680, 3063, 1367, 639, 682, 3208, 2132, 3035, 1885, 511, 2611, 99, 936, 2159, 1690, 860, 2588, 96, 2041, 42, 1441, 3087, 2225, 457, 1709, 1017, 2647, 2070, 758, 291, 2361, 813, 1280, 1753, 630, 2654, 2197, 210, 759, 569, 2935, 1086, 1674, 3041, 2350, 382, 894, 3161, 375, 85, 1382, 155, 796, 1203, 3143, 2823, 2808, 3038, 2573, 2983, 2309, 1799, 2513, 1122, 135, 2146, 452, 2245, 1798, 2457, 2952, 3153, 408, 583, 278, 2065, 2302, 2720, 3142, 637, 3088, 2069, 1524, 1512, 266, 37, 3298, 3076, 1339, 2063, 835, 3167, 598, 2104, 2281, 153, 3185, 3178, 580, 2956, 2239, 697, 485, 3183, 2601, 1699, 3079, 2269, 1619, 1095, 2083, 2436, 1390, 2715, 1166, 2280, 2066, 2318, 2016, 2187, 2625, 2886, 2995, 932, 1727, 1646, 2119, 723, 3169, 1556, 2634, 1123, 2045, 711, 464, 150, 2304, 2914, 397, 1893, 2830, 157, 1260, 2812, 897, 2620, 1432, 793, 2480, 3011, 2101, 3108, 2656, 2007, 122, 1641, 619, 39, 2921, 1336, 564, 399, 2011, 2999, 1485, 560, 532, 2681, 333, 1895, 1201, 30, 2693, 2799, 3229, 1281, 2383, 2004, 2920, 636, 2925, 811, 495, 410, 2542, 1111, 2390, 3257, 2946, 1794, 328, 2859, 1778, 1960, 1731, 2081, 1171, 268, 754, 982, 1786, 2279, 1930, 1601, 1892, 767, 722, 2771, 1391, 2692, 667, 2247, 1905, 2404, 55, 1216, 1088, 1635, 1119, 1347, 654, 1368, 2863, 887, 1730, 610, 2670, 2331, 1775, 101, 221, 2967, 725, 1689, 86, 2338, 1642, 1535, 2254, 1131, 197, 1912, 1584, 117, 1096, 2357, 2409, 3243, 2789, 3261, 3094, 678, 1346, 2520, 2962, 1074, 965, 3210, 2580, 1064, 3028, 917, 2467, 166, 3048, 172, 2476, 900, 2650, 1025, 2091, 533, 1634, 869, 1745, 1311, 920, 996, 801, 2028, 1315, 2576, 402, 3102, 576, 1755, 960, 1571, 3156, 1740, 1916, 1198, 26, 228, 1787, 1183, 2832, 1698, 179, 276, 38, 3013, 377, 931, 930, 102, 2295, 1223, 2143, 2688, 953, 1860, 2479, 110, 1299, 2780, 1444, 792, 2727, 1472, 1620, 3010, 1417, 1664, 2099, 2746, 2009, 2371, 2747, 2922, 2669, 1140, 2138, 784, 2180, 2158, 595, 1259, 3086, 2613, 1276, 234, 165, 635, 735, 2598, 2311, 1948, 93, 2950, 160, 3226, 1840, 2481, 2105, 2339, 2258, 2422, 1239, 130, 2125, 3060, 1172, 1375, 976, 2325, 1167, 3177, 286, 1831, 3279, 1306, 259, 1292, 602, 2469, 840, 47, 2502, 730, 2287, 517, 1077, 3182, 177, 2597, 1830, 618, 192, 945, 2559, 2169, 1022, 713, 2195, 2082, 1909, 1410, 1493, 1352, 2336, 1717, 1173, 2122, 2145, 3036, 1683, 688, 2717, 1565, 779, 551, 1665, 2078, 1986, 1977, 2841, 311, 1396, 967, 2960, 3270, 1404, 2061, 748, 223, 622, 58, 579, 3130, 2976, 2466, 749, 526, 824, 1656, 3164, 178, 2971, 1370, 357, 2349, 3117, 1010, 281, 1564, 1019, 1197, 1762, 3147, 546, 666, 2058, 2796, 2842, 3070, 2303, 3054, 1445, 170, 2878, 2411, 190, 662, 77, 1527, 2474, 2075, 819, 1911, 1470, 2363, 593, 1070, 3099, 255, 1358, 955, 444, 1128, 320, 3058, 1875, 1721, 2848, 1954, 2410, 2766, 2667, 1053, 2572, 1866, 458, 3179, 1660, 364, 2021, 703, 1963, 1350, 2398, 3216, 518, 591, 189, 3292, 2753, 1498, 2843, 1348, 1816, 781, 3232, 3150, 1456, 202, 1262, 2232, 606, 2003, 248, 1029, 1507, 1761, 825, 2904, 2176, 2723, 933, 2260, 640, 438, 1462, 376, 839, 2079, 550, 1675, 1446, 1604, 307, 987, 2401, 1449, 3240, 1007, 2335, 79, 1213, 3047, 2745, 2421, 2073, 1611, 864, 2204, 3286, 2329, 123, 433, 1933, 3189, 2147, 319, 95, 1268, 2346, 3217, 2348, 2391, 1372, 2443, 2785, 3174, 1983, 3285, 629, 3197, 1477, 1628, 1602, 1728, 2057, 2534, 53, 1594, 1923, 262, 2695, 2765, 187, 1644, 3066, 1693, 1059, 2211, 3154, 2630, 1879, 2616, 1389, 62, 1741, 2493, 577, 2267, 2315, 1991, 1337, 2854, 1036, 2039, 440, 1408, 2188, 436, 2730, 2623, 1734, 2135, 1997, 470, 2539, 2152, 1929, 63, 1112, 999, 1756, 2911, 2706, 129, 1890, 1328, 3095, 938, 24, 344, 3214, 2858, 942, 3162, 1876, 52, 2719, 941, 1413, 2565, 2545, 1397, 2951, 315, 1215, 1736, 1513, 2227, 1836, 2456, 1178, 957, 2701, 2064, 2344, 2777, 48, 1800, 791, 2442, 1222, 89, 2155, 2216, 455, 2035, 2744, 1737, 1058, 3083, 1790, 1209, 1661, 1952, 937, 1451, 712, 226, 2179, 516, 857, 1060, 1758, 507, 2074, 1958, 1359, 1467, 1829, 1316, 3277, 2314, 1924, 3219, 2825, 3003, 966, 1869, 1052, 2760, 395, 2737, 1825, 1638, 2819, 3186, 1005, 3181, 2505, 929, 2060, 1083, 1257, 3145, 1433, 3009, 367, 2871, 3006, 1687, 212, 3230, 1435, 295, 40, 2, 1045, 3089, 2288, 2160, 1277, 810, 1738, 2286, 428, 543, 1051, 1792, 2749, 2805, 3254, 3111, 45, 2912, 2643, 1205, 1357, 1098, 1603, 145, 1658, 2006, 513, 2362, 2802, 1233, 482, 2428, 2566, 2787, 2000, 73, 453, 756, 1726, 2626, 578, 1590, 872, 3155, 3020, 1809, 2094, 1473, 834, 776, 494, 1030, 664, 282, 2222, 866, 2351, 2049, 374, 488, 2764, 253, 2919, 442, 1135, 1812, 2757, 5, 880, 2901, 216, 1384, 1362, 1722, 2558, 3307, 445, 1561, 2676, 10, 3302, 1554, 329, 2175, 3042, 203, 742, 1386, 1609, 1576, 1566, 2259, 2214, 1313, 1757, 1026, 3021, 1735, 2722, 2577, 1388, 2599, 98, 3093, 3056, 978, 2496, 768, 1598, 647, 2186, 230, 426, 3203, 893, 2774, 140, 561, 142, 2988, 2343, 2908, 3078, 1973, 57, 2415, 2291, 3204, 1946, 280, 1810, 624, 1065, 1575, 2212, 676, 131, 2509, 479, 1319, 336, 412, 232, 36, 1338, 1881, 147, 1589, 217, 352, 492, 1681, 2934, 2228, 833, 2767, 3188, 973, 3075, 852, 2783, 2870, 116, 2347, 484, 2941, 2237, 1272, 2330, 1054, 2042, 2307, 649, 2277, 245, 1894, 293, 520, 2241, 1385, 273, 383, 736, 2631, 81, 592, 65, 1978, 272, 997, 2472, 1403, 350, 1582, 2606, 3303, 2982, 3074, 431, 2652, 962, 1267, 441, 94, 2965, 2459, 2014, 1490, 2672, 2979, 1919, 3103, 1742, 17, 349, 1001, 274, 1063, 2170, 1499, 1207, 3171, 2184, 2454, 2540, 1785, 1511, 3024, 2460, 1097, 1365, 1398, 1032, 1819, 1931, 2134, 3289, 2501, 3112, 401, 1779, 3250, 1361, 1192, 3061, 498, 2478, 176, 2033, 3212, 1035, 2824, 316, 2658, 2067, 2037, 3166, 1448, 522, 1492, 3190, 3014, 2192, 46, 3005, 175, 1696, 2853, 74, 3274, 3275, 251, 33, 709, 90, 2117, 389, 2605, 2885, 1027, 732, 1546, 553, 1383, 209, 2219, 1241, 726, 1076, 685, 2547, 2118, 104, 345, 1189, 2660, 342, 2923, 2619, 1673, 1671, 1939, 1034, 1210, 660, 3223, 2875, 1820, 1631, 1443, 6, 2846, 421, 1657, 1380, 1085, 1509, 515, 3296, 2397, 1363, 2708, 2097, 1864, 1976, 658, 2441, 734, 2585, 3045, 2244, 2224, 2164, 565, 378, 29, 1618, 285, 1454, 1574, 2899, 208, 1505, 3253, 2144, 812, 31, 1293, 1817, 2763, 944, 597, 267, 1218, 2675, 3224, 1344, 1330, 152, 2826, 1269, 437, 961, 783, 3211, 12, 1040, 1981, 2027, 1953, 2025, 2250, 974, 2121, 694, 2948, 2294, 1985, 51, 3237, 1248, 381, 3115, 1682, 2844, 2326, 1570, 1366, 1993, 2451, 1194, 1118, 2111, 1461, 2641, 469, 3278, 562, 1068, 790, 771, 3002, 557, 1595, 2697, 2714, 2367, 3148, 3022, 2940, 2434, 2755, 1238, 1121, 1392, 571, 2178, 832, 947, 2733, 1376, 1782, 1393, 1116, 219, 1014, 521, 2142, 665, 574, 1308, 1130, 1244, 1625, 2563, 853, 612, 2461, 2430, 2439, 980, 613, 2394, 164, 2511, 614, 1342, 2131, 2614, 1230, 1777, 1023, 829, 874, 2341, 563, 1968, 1049, 1887, 2447, 822, 1395, 204, 2051, 582, 404, 2869, 568, 634, 1984, 422, 2621, 1090, 1002, 1078, 778, 321, 2949, 1649, 297, 1592, 3100, 806, 2482, 3256, 1896, 1278, 103, 704, 2389, 1852, 509, 765, 1697, 2251, 2981, 1544, 842, 1379, 1823, 1624, 244, 477, 545, 1531, 1837, 1530, 2266, 2862, 2677, 270, 246, 727, 2198, 3220, 2043, 2230, 1136, 1245, 3262, 3096, 264, 2725, 523, 1526, 1340, 1157, 799, 607, 2172, 183, 909, 3163, 2382, 322, 2120, 414, 2516, 2022, 2807, 2316, 1188, 1129, 56, 1715, 963, 2821, 954, 1360, 2686, 1349, 675, 858, 2818, 998, 1072, 2861, 3017, 1572, 2816, 1149, 1028, 2973, 3129, 1520, 2514, 747, 3146, 1354, 3300, 1399, 2756, 3051, 1500, 3023, 663, 1406, 2607, 910, 1226, 600, 696, 310, 1886, 2903, 2837, 158, 198, 2709, 2866, 1320, 1922, 928, 986, 2437, 625, 2887, 2289, 2154, 948, 1015, 689, 2959, 1990, 851, 3246, 1650, 392, 807, 69, 302, 1423, 2235, 1229, 1806, 3104, 2648, 2884, 1764, 2689, 1163, 363, 3136, 2489, 119, 3255, 237, 107, 331, 1814, 581, 2638, 351, 3233, 2586, 443, 1685, 3287, 1677, 3124, 3305, 186, 1569, 1318, 1947, 2775, 2199, 1932, 915, 2468, 2384, 1373, 60, 1970, 559, 1071, 2293, 473, 335, 1264, 695, 2682, 459, 3016, 2750, 1419, 1024, 585, 816, 3118, 2926, 1486, 2596, 2464, 2772, 1180, 300, 1261, 2888, 757, 3238, 385, 2788, 2137, 2933, 3294, 2942, 1120, 1329, 1301, 191, 1160, 670, 1669, 911, 2590, 603, 2161, 465, 1146, 1563, 1081, 904, 969, 303, 220, 1217, 1103, 2659, 2432, 1169, 2256, 2610, 1653, 3311, 2928, 489, 365, 984, 2850, 1902, 68, 2206, 1100, 3170, 2385, 843, 354, 151, 2023, 2429, 1528, 621, 1855, 1211, 2811, 263, 2413, 2221, 1091, 486, 480, 1156, 2646, 721, 2223, 1519, 91, 2396, 2013, 889, 534, 2551, 2368, 2462, 1153, 1031, 1899, 2231, 3026, 1331, 871, 1936, 1253, 3165, 687, 1633, 1436, 20, 1421, 2366, 794, 1807, 2365, 2130, 231, 2205, 1502, 476, 2938, 1427, 2113, 1599, 2604, 739, 76, 2185, 240, 2813, 3295, 650, 1856, 2865, 2202, 1102, 235, 1670, 760, 2868, 1581, 1713, 873, 2448, 681, 1168, 1204, 3092, 615, 708, 200, 510, 2487, 1426, 1597, 2943, 876, 2705, 2552, 2781, 3116, 2897, 968, 1193, 468, 2696, 2356, 1127, 2032, 2593, 405, 2399, 2167, 2829, 1468, 1949, 2574, 3019, 3068, 3137, 2798, 504, 411, 2127, 2036, 3015, 84, 746, 2581, 275, 1491, 2449, 1212, 617, 1573, 616, 877, 2762, 2978, 883, 1679, 78, 2100, 3222, 1865, 2515, 3198, 1037, 1400, 1880, 502, 2957, 2200, 1579, 755, 508, 1422, 2769, 14, 2377, 3031, 136, 1069, 2770, 1844, 3055, 886, 1371, 1334, 775, 451, 2554, 2556, 1811, 1343, 1824, 1000, 2627, 826, 1381, 1796, 628, 769, 623, 2285, 2450, 2150, 2809, 406, 2618, 2262, 1186, 1712, 3202, 2890, 2498, 1175, 1282, 2536, 1873, 808, 2827, 1835, 2312, 3091, 1906, 1323, 2323, 213, 2549, 2779, 855, 3207, 2446, 359, 49, 2684, 1591, 3248, 92, 2533, 3106, 743, 1542, 789, 1763, 705, 2820, 2877, 596, 731, 1662, 1729, 2655, 2968, 2628, 1256, 733, 1750, 2711, 657, 1789, 1484, 3231, 554, 2845, 1200, 3065, 1258, 1700, 2674, 2532, 2050, 3304, 2488, 1613, 1972, 3276, 838, 430, 831, 2653, 2095, 2930, 2900, 1351, 2791, 3266, 2743, 2163, 1600, 2716, 780, 339, 800, 1704, 3059, 3251, 2358, 3272, 2342, 646, 1105, 2020, 446, 1834, 1275, 3209, 927, 2855, 677, 1321, 214, 2579, 3269, 2895, 717, 1228, 369, 2393, 3149, 530, 2784, 1776, 566, 1838, 2313, 292, 229, 1846, 398, 3200, 1851, 1853, 2732, 716, 1805, 309, 536, 770, 2804, 1555, 2327, 1843, 1475, 496, 386, 958, 2975, 3119, 1043, 1793, 2128, 59, 2376, 627, 1622, 525, 419, 3215, 215, 1950, 2173, 2543, 642, 2495, 1849, 2594, 542, 206, 2213, 23, 919, 994, 1235, 2333, 2944, 2883, 3157, 2026, 3062, 1177, 2913, 951, 403, 3052, 1695, 1424, 698, 9, 1495, 2217, 1514, 2953, 2958, 1766, 260, 2649, 2519, 710, 1768, 2129, 707, 2879, 1428, 43, 1154, 959, 2047, 1104, 2703, 3227, 837, 3141, 332, 1871, 2985, 1747, 3288, 3132, 964, 2290, 1066, 1190, 2153, 1694, 2317, 643, 1279, 1296, 1508, 2270, 1387, 2629, 1821, 3184, 828, 2319, 3228, 2990, 171, 1148, 1067, 1944, 1975, 2148, 541, 15, 1249, 868, 2531, 3258, 1476, 584, 814, 884, 1414, 2666, 1415, 2417, 892, 2622, 3127, 558, 472, 1182, 2663, 1718, 1585, 1710, 923, 1300, 1231, 2521, 298, 1533, 1126, 699, 3000, 2694, 1335, 283, 2685, 1503, 1743, 1765, 3293, 3290, 3283, 2492, 1868, 2098, 1666, 2055, 97, 3043, 2189, 3033, 1286, 2387, 2053, 2405, 450, 2924, 2151, 715, 1114, 1057, 701, 1080, 2680, 3101, 1612, 194, 2668, 233, 449, 1459, 849, 531, 728, 1803, 499, 3172, 1711, 2987, 2797, 1716, 2528, 1251, 3236, 3128, 1962, 2191, 921, 1543, 2440, 327, 645, 2107, 3122, 572, 2969, 2721, 2324, 1701, 1739, 1009, 1714, 659, 3107, 3139, 983, 2571, 626, 82, 2255, 2898, 2570, 7, 2310, 2168, 2194, 1012, 2874, 935, 2380, 854, 1987, 224, 11, 2497, 2909, 393, 1668, 1593, 416, 702, 547, 3125, 830, 2568, 2233, 1170, 2724, 2002, 3121, 1964, 66, 1961, 2395, 372, 2740, 774, 2030, 3007, 1284, 2624, 284, 1438, 3113, 467, 528, 1377, 620, 1274, 2524, 3053, 1955, 2778, 1266, 848, 3168, 1289, 1578, 254, 144, 2355, 394, 3085, 995, 196, 1450, 2678, 3160, 847, 114, 2872, 2918, 2165, 3001, 3194, 2001, 141, 2208, 1020, 2034, 899, 132, 434, 2728, 75, 1921, 2644, 2632, 2718, 348, 2419, 972, 644, 83, 575, 1141, 1287, 3241, 2882, 1706, 804, 1980, 605, 2453, 2263, 1155, 1483, 992, 943, 312, 67, 324, 1506, 3301, 1596, 1802, 817, 3176, 795, 28, 506, 2794, 2852, 1434, 409, 2615, 1850, 34, 201, 2741, 2834, 1629, 752, 1903, 380, 2234, 257, 1425, 2736, 2308, 162, 2427, 318, 2786, 2046, 3199, 1158, 1187, 2008, 2633, 313, 1164, 288, 514, 609, 2712, 18, 1999, 423, 113, 1159, 1607, 556, 1378, 1553, 1442, 3090, 1006, 653, 2636, 149, 3012, 1041, 2265, 2905, 922, 809, 3135, 1496, 1309, 3247, 903, 1914, 1517, 2929, 2810, 1636, 1878, 1655, 2162, 672, 2873, 2849, 1464, 2548, 2602, 2662, 1882, 481, 456, 3120, 2275, 356, 1298, 719, 2906, 1494, 3144, 2851, 180, 1583, 290, 1243, 1489, 859, 2555, 1106, 753, 1749, 241, 2246, 3193, 1471, 2090, 740, 1941, 1614, 2889, 1089, 1568, 143, 483, 3131, 2704, 608, 429, 1364, 2510, 2209, 1998, 373, 2017, 1626, 3245, 2264, 2085, 2507, 1982, 2955, 2963, 912, 548, 3284, 2527, 1304, 632, 939, 1900, 2352, 2071, 692, 2984, 1150, 2537, 1061, 1720, 1327, 2458, 1550, 2226, 3072, 573, 1529, 243, 3008, 2359, 379, 461, 3126, 1134, 1046, 2485, 2238, 1935, 1101, 1621, 1588, 2093, 1783, 2937, 2149, 3249, 1920, 1691, 1312, 3308, 949, 87, 2378, 674, 1326, 3037, 519, 2553, 3306, 2526, 353, 490, 1288, 1195, 2773, 1206, 1913, 2651, 1082, 2102, 1099, 971, 1951, 277, 2334, 1640, 3064, 786, 360, 475, 2261, 2915, 2998, 1305, 1966, 1769, 1705, 304, 2455, 2575, 2031, 2412, 2403, 2916, 2671, 2840, 638, 1760, 3105, 2761, 1353, 2782, 1044, 1934, 2530, 330, 346, 2499, 4, 112, 1246, 1144, 2054, 1117, 684, 148, 400, 265, 1418, 1273, 462, 895, 879, 1724, 1845, 2892, 2337, 1867, 1888, 1925, 1647, 2166, 167, 2115, 1048, 1263, 222, 491, 633, 1174, 1608, 2699, 861, 751, 867, 137, 782, 2484, 2089, 2274, 1463, 918, 3057, 1774, 1409, 1501, 720, 1667, 2253, 1452, 2321, 993, 2024, 1521, 1842, 1586, 3067, 1771, 2657, 706, 2927, 691, 1265, 54, 1587, 3040, 1994, 2738, 2418, 693, 2992, 1833, 1891, 856, 686, 3268, 1551, 631, 2578, 1927, 2932, 1813, 370, 1094, 1247, 2215, 1110, 805, 325, 2278, 985, 1918, 3018, 2077, 604, 952, 501, 249, 2177, 146, 159, 3133, 2116, 537, 2364, 1708, 836, 1460, 1992, 1828, 2072, 588, 2700, 1884, 1688, 1440, 1050, 538, 1827, 2300, 1788, 1773, 3039, 2907, 1132, 669, 2508, 2282, 225, 844, 1480, 718, 761, 2240, 2243, 1221, 586, 750, 1610, 1291, 173, 3192, 21, 2645, 2961, 1142, 3242, 2139, 2814, 2758, 1429, 2673, 2986, 2707, 1219, 1333, 1606, 1917, 1989, 1915, 424, 1510, 2592, 2974, 863, 2735, 1447, 388, 2388, 862, 1394, 2567, 2679, 1283, 338, 1759, 3069, 1938, 340, 1124, 1663, 2273, 655, 420, 314, 1108, 2015, 2373, 3025, 1959, 3234, 2088, 2792, 661, 1862, 1781, 651, 2052, 802, 970, 2817, 2931, 2425, 1234, 2306, 641, 2087, 256, 1458, 2591, 2980, 1889, 2370, 3046, 2506, 2490, 1369, 1013, 1252, 1430, 2471, 227, 2140, 1107, 1412, 425, 3110, 2414, 3029, 1137, 2096, 1804, 3280, 2698, 1518, 1004, 2803, 724, 599, 2114, 1928, 396, 1214, 50, 3152, 1303, 1453, 3173, 1772, 3239, 2726, 1356, 589, 1707, 299, 878, 1165, 3077, 2044, 2665, 2301, 1405, 1199, 2793, 3195, 2831, 1904, 1648, 3004, 2664, 916, 2141, 2062, 2683, 2702, 1011, 656, 535, 1162, 2589, 3140, 1808, 3123, 139, 673, 1615, 2734, 2435, 1874, 2896, 2936, 2201, 2691, 3309, 2600, 2248, 2880, 1719, 1839, 2084, 294, 2408, 2710, 1678, 2494, 168, 2252, 2369, 474, 2989, 913, 2354, 1538, 134, 1818, 988, 2640, 2945, 2856, 1988, 2562, 2483, 1138, 2486, 1826, 2993, 975, 1795, 2491, 1545, 1725, 785, 2157, 940, 3310, 1307, 108, 2386, 1482, 2207, 2210, 1250, 850, 1332, 820, 2296, 1416, 1907, 2123, 1748, 3138, 1208, 1841, 2183, 787, 762, 1562, 1478, 2283, 125, 161, 2126, 2136, 527, 2806, 1957, 2477, 1084, 2833, 1797, 1910, 1474, 1645, 25, 1557, 991, 1147, 744, 1176, 1439, 1525, 1402, 1684, 2019, 890, 763, 2402, 1455, 2713, 2124, 865, 1294, 205, 2910, 2881, 2181, 3159, 1995, 1549, 1654, 463, 2535, 3205, 471, 391, 2040, 193, 1652, 2420, 2635, 827, 0, 1115, 2557, 1523, 1752, 2423, 185, 261, 1822, 990, 239, 1254, 80, 1877, 2109, 439, 306, 3034, 3196, 2800, 2322, 121, 570, 823, 1605, 2759, 1616, 1815, 2637, 668, 242, 3109, 2374, 258, 2375, 2690, 2433, 1703, 1179, 2860, 2086, 772, 567, 989, 1055, 1270, 2407, 2994, 427, 2776, 2584, 729, 156, 2603, 882, 1355, 2156, 435, 2966, 741, 1202, 1295, 317, 70, 1325, 1079, 601, 2400, 3244, 798, 1497, 1297, 777, 1047, 3281, 3218, 1087, 1801, 2445, 1271, 1942, 478, 1185, 355, 2298, 366, 487, 2801, 1133, 368, 555, 3213, 2997, 407, 1240, 2864, 881, 1145, 1224, 2839, 2947, 2340, 124, 1504, 2076, 2332, 1617, 2242, 184, 13, 415, 2522, 1702, 2595, 500, 1627, 3073, 906, 2473, 3180, 1161, 2815, 218, 766, 875, 2005, 3080, 788, 1056, 1651, 934, 1754, 1437, 3267, 207, 1940, 1733, 946, 1255, 250, 2569, 1236, 3221, 3098, 1008, 2546, 448, 2038, 1692, 2731, 544, 2790, 652, 1038, 3175, 2452, 1232, 2424, 1632, 1184, 301, 182, 3032, 1151, 1926, 2010, 1770, 1746, 2190, 3134, 138, 1832, 2917, 2550, 1113, 979, 418, 252, 2056, 432, 2835, 2470, 334, 2257, 1003, 118, 2392, 269, 529, 1537, 199, 2018, 3050, 1532, 896, 1560, 16, 818, 1969, 2742, 1979, 2203, 2847, 2836, 247, 2612, 2379, 1847, 115, 2297, 2080, 1522, 2538, 362, 2059, 1411, 238, 1539, 2893, 2372, 2112, 289, 3282, 100, 3206, 503, 1345, 1552, 2276, 524, 700, 1033, 447, 326, 2939, 22, 679, 211, 1548, 587, 1516, 898, 1075, 901, 61, 1686, 1870, 2305, 454, 1302, 3271, 2857, 3260, 648, 1093, 1558, 2416, 1676, 841, 2582, 2133, 1859, 1967, 2292, 133, 977, 2964, 287, 549, 1479, 1109, 1191, 1872, 64, 2977, 305, 1227, 2609, 44, 2754, 41, 907, 2739, 1857, 1784, 2106, 1324, 2970, 1073, 3081, 417, 2299, 1181, 924, 1401, 2560, 1623, 512, 1139, 1780, 2345, 2518, 1898, 1469, 885, 2284, 2867, 358, 2564, 2608, 1965, 1431, 2795, 2972, 384, 2891, 1196, 105, 1317, 1897, 2894, 1974, 908, 3082, 1021, 1314, 2360, 154, 3044, 1515, 505, 3027, 1534, 3225, 174, 845, 337, 2822, 2529, 2523, 3297, 1996, 3273, 371, 956, 1488, 1322, 714, 611, 2406, 925, 2272, 3265, 3191, 1637, 1883, 2196, 2541, 163, 1577, 2268, 1341, 2174, 2475, 195, 1901, 1567, 2048, 1420, 1242, 821, 2512, 552, 2587, 387, 891, 1290, 2828, 1092, 2328, 2220, 2954, 1854, 1481, 1751, 981, 815, 2996, 1672, 3291, 773, 905, 3252, 2500, 1945, 341, 2661, 2103, 1971, 2517, 2876, 950, 1407, 1039, 3235, 3030, 2236, 3263, 1580, 745, 2110, 2182, 111, 3259, 2544, 3158, 1125, 594, 590, 1540, 3049, 2768, 902, 1723, 2092, 2639, 3151, 926, 2504, 390, 2503, 323, 188, 797, 72, 2729, 2426, 539, 2229, 1536, 347, 1487, 169, 1465, 493, 1374, 671, 2748, 1, 1848, 2108, 27, 1457, 2463, 1541, 540, 2171, 1285, 497, 1659, 1225, 2320, 32, 1861, 1943, 120, 1559, 71, 19, 2561, 271, 2838, 88, 1937, 914, 3, 3299, 1547, 2465, 1143, 1630, 343, 1220, 870, 1956, 236, 279, 2525, 2752, 680, 3097, 2991, 1466, 413, 846, 2687, 1767, 764, 2902, 3187, 1310, 1732, 1643, 8, 1016, 106, 1042, 1908, 2353, 126, 296, 888, 2249, 3201, 2271, 738, 1237, 737, 1639, 181, 1863, 2029, 127, 3114, 2012, 3071, 2431, 2444, 466, 308, 803, 1152, 2218, 2193, 128, 1062, 2068]
labeling = [139, 90, 26, 88, 65, 32, 37, 61, 184, 54, 29, 59, 43, 38, 42, 38, 57, 19, 22, 86, 28, 39, 56, 25, 17, 20, 2, 55, 25, 11, 1, 8, 0, 15, 19, 0, 20, 0, 0, 5, 3, 36, 1, 10, 16, 11, 6, 0, 0, 3, 13, 7, 1, 2, 1, 0, 2, 11, 0, 5, 0, 0, 5, 5, 11, 0, 18, 10, 0, 0, 10, 0, 0, 7, 1, 9, 0, 0, 1, 1, 0, 2, 0, 1, 0, 0, 0, 0, 0, 0, 0, 1, 0, 0, 0, 1, 0, 0, 0, 0, 0, 0, 0, 0, 0, 3, 0, 0, 1, 1, 0, 2, 34, 5, 0, 149, 30, 0, 0, 0, 0, 0, 0, 31, 76, 1, 3, 167, 56, 15, 9, 23, 26, 65, 52, 1, 42, 44, 79, 35, 12, 9, 28, 23, 8, 0, 0, 0, 0, 1, 0, 0, 0, 0, 0, 0, 0, 0, 0, 80, 19, 127, 99, 23, 14, 18, 0, 20, 84, 159, 2, 22, 6, 27, 93, 10, 20, 13, 0, 7, 41, 31, 24, 32, 90, 47, 40, 7, 57, 15, 13, 4, 0, 0, 0, 0, 0, 0, 0, 0, 0, 0, 0, 0, 0, 0, 0, 77, 11, 25, 3, 33, 40, 83, 22, 6, 21, 9, 31, 33, 11, 4, 30, 7, 25, 71, 1, 18, 4, 54, 10, 74, 13, 21, 0, 65, 30, 66, 59, 71, 0, 0, 0, 0, 0, 0, 0, 0, 0, 0, 0, 0, 0, 0, 0, 2, 120, 58, 142, 21, 54, 136, 15, 8, 60, 61, 3, 40, 13, 71, 59, 28, 5, 27, 24, 14, 17, 29, 0, 83, 43, 7, 20, 18, 22, 2, 11, 6, 0, 0, 0, 0, 0, 0, 0, 0, 0, 0, 0, 0, 0, 0, 0, 70, 109, 80, 137, 9, 88, 89, 39, 5, 98, 12, 67, 36, 21, 68, 100, 16, 9, 58, 38, 80, 18, 25, 34, 64, 5, 12, 9, 29, 15, 0, 0, 0, 0, 0, 0, 0, 0, 0, 0, 0, 0, 0, 0, 0, 0, 0, 0, 67, 24, 46, 71, 47, 58, 24, 74, 19, 108, 0, 72, 65, 10, 42, 141, 19, 69, 88, 78, 73, 93, 8, 6, 4, 10, 1, 7, 69, 17, 0, 0, 0, 0, 0, 0, 0, 0, 0, 0, 0, 0, 0, 0, 0, 40, 9, 89, 10, 38, 30, 16, 14, 36, 46, 50, 9, 4, 20, 7, 49, 22, 79, 36, 66, 55, 32, 77, 52, 119, 24, 30, 21, 36, 15, 46, 23, 3, 0, 0, 0, 0, 0, 0, 0, 0, 0, 0, 0, 0, 0, 0, 0, 4, 19, 28, 150, 56, 23, 31, 21, 3, 18, 25, 11, 12, 2, 10, 62, 0, 60, 16, 147, 4, 43, 82, 57, 5, 27, 18, 134, 13, 7, 123, 118, 6, 0, 0, 0, 0, 0, 0, 0, 0, 0, 0, 0, 0, 0, 0, 0, 48, 178, 22, 11, 2, 44, 26, 9, 37, 29, 4, 32, 75, 39, 15, 8, 43, 37, 74, 1, 76, 17, 59, 25, 20, 8, 14, 2, 4, 16, 0, 0, 0, 0, 0, 0, 0, 0, 0, 0, 0, 0, 0, 0, 0, 0, 0, 0, 162, 49, 1, 41, 29, 24, 8, 14, 16, 169, 6, 2, 81, 13, 17, 12, 56, 33, 49, 40, 5, 42, 28, 34, 3, 26, 48, 9, 6, 1, 0, 0, 0, 0, 0, 0, 0, 0, 0, 0, 0, 0, 0, 0, 0, 44, 82, 165, 128, 26, 10, 27, 31, 0, 19, 3, 12, 21, 4, 25, 10, 31, 8, 14, 7, 22, 3, 32, 9, 39, 6, 75, 15, 29, 31, 25, 8, 17, 0, 0, 0, 0, 0, 0, 0, 0, 0, 0, 0, 0, 0, 0, 0, 5, 31, 18, 8, 6, 42, 4, 6, 21, 48, 23, 32, 107, 30, 9, 33, 3, 16, 29, 11, 28, 1, 64, 15, 50, 7, 53, 11, 28, 4, 0, 0, 0, 0, 0, 0, 0, 0, 0, 0, 0, 0, 0, 0, 0, 3, 164, 94, 70, 2, 0, 74, 33, 66, 64, 15, 46, 0, 50, 7, 34, 14, 11, 8, 6, 20, 25, 10, 24, 19, 12, 4, 43, 26, 17, 71, 1, 51, 0, 0, 0, 0, 0, 0, 0, 0, 0, 0, 0, 0, 0, 0, 0, 15, 39, 105, 151, 14, 45, 27, 48, 35, 9, 44, 81, 165, 37, 55, 31, 16, 22, 44, 38, 19, 14, 2, 9, 83, 23, 18, 0, 0, 0, 0, 0, 0, 0, 0, 0, 0, 0, 0, 0, 0, 0, 0, 0, 0, 19, 54, 70, 66, 24, 12, 63, 57, 3, 47, 16, 60, 19, 11, 68, 35, 70, 72, 84, 18, 13, 11, 7, 15, 5, 3, 58, 75, 1, 21, 0, 0, 0, 0, 0, 0, 0, 0, 0, 0, 0, 0, 0, 0, 0, 0, 0, 0, 0, 45, 79, 34, 87, 5, 15, 33, 11, 56, 36, 53, 1, 32, 23, 10, 3, 63, 15, 17, 8, 22, 78, 39, 0, 0, 0, 0, 0, 0, 0, 0, 0, 0, 0, 0, 0, 0, 0, 0, 0, 0, 0, 0, 0, 0, 0, 0, 62, 50, 9, 56, 30, 36, 19, 31, 23, 46, 76, 65, 123, 25, 61, 30, 41, 52, 11, 4, 0, 42, 2, 55, 0, 0, 0, 0, 0, 0, 0, 0, 0, 0, 0, 0, 0, 0, 0, 0, 0, 0, 0, 0, 0, 0, 0, 0, 5, 64, 14, 111, 52, 1, 58, 32, 41, 48, 95, 80, 52, 40, 20, 14, 12, 6, 0, 0, 0, 0, 0, 0, 0, 0, 0, 0, 0, 0, 0, 0, 0, 0, 0, 0, 0, 0, 0, 0, 0, 0, 0, 0, 0, 0, 0, 0, 0, 0, 0, 4, 10, 77, 69, 75, 54, 59, 31, 34, 85, 10, 168, 18, 159, 33, 0, 0, 0, 0, 0, 0, 0, 0, 0, 0, 0, 0, 0, 0, 0, 0, 0, 0, 0, 0, 0, 0, 0, 0, 0, 0, 0, 0, 0, 0, 0, 0, 0, 0, 0, 0, 2, 0, 22, 61, 82, 12, 37, 3, 1, 0, 0, 0, 0, 0, 0, 0, 0, 0, 0, 0, 0, 0, 0, 0, 0, 0, 0, 0, 0, 0, 0, 0, 0, 0, 0, 0, 0, 0, 0, 0, 0, 0, 0, 0, 0, 0, 0, 0, 5, 55, 59, 3, 6, 11, 0, 0, 0, 0, 0, 0, 0, 0, 0, 0, 0, 0, 0, 0, 0, 0, 0, 0, 0, 0, 0, 0, 0, 0, 0, 0, 0, 0, 0, 0, 0, 0, 0, 0, 0, 0, 0, 0, 0, 0, 0, 0, 0, 0, 0, 0, 0, 0, 0, 0, 0, 0, 0, 0, 0, 0, 0, 0, 0, 0, 0, 0, 0, 0, 0, 0, 0, 0, 0, 0, 0, 0, 0, 0, 0, 0, 0, 0, 0, 0, 0, 0, 0, 0, 0, 0, 0, 0, 0, 0, 0, 0, 0, 0, 0, 0, 0, 0, 0, 0, 0, 0, 0, 0, 0, 0, 0, 0, 0, 0, 0, 0, 0, 0, 0, 0, 0, 0, 0, 0, 0, 0, 0, 0, 0, 0, 0, 0, 0, 0, 0, 0, 0, 0, 0, 0, 0, 0, 0, 0, 0, 0, 0, 0, 0, 0, 0, 0, 0, 0, 0, 0, 0, 0, 0, 0, 0, 0, 0, 0, 0, 0, 0, 0, 0, 145, 85, 30, 0, 143, 14, 39, 43, 15, 20, 121, 36, 0, 0, 0, 0, 0, 0, 0, 0, 0, 0, 0, 0, 0, 0, 0, 6, 35, 9, 2, 28, 12, 3, 88, 78, 5, 76, 47, 87, 7, 18, 9, 33, 0, 2, 47, 19, 94, 61, 15, 97, 73, 34, 156, 130, 1, 16, 131, 89, 0, 0, 0, 0, 0, 0, 0, 0, 0, 0, 0, 0, 0, 0, 0, 15, 59, 0, 84, 5, 20, 41, 44, 7, 45, 51, 12, 82, 92, 14, 107, 104, 3, 68, 53, 6, 125, 118, 12, 56, 9, 17, 46, 6, 14, 69, 57, 79, 0, 0, 0, 0, 0, 0, 0, 0, 0, 0, 0, 0, 0, 0, 0, 4, 62, 8, 43, 52, 116, 49, 56, 0, 6, 124, 4, 80, 32, 10, 160, 20, 8, 60, 112, 4, 33, 81, 2, 35, 38, 10, 4, 100, 12, 9, 0, 1, 0, 0, 0, 0, 0, 0, 0, 0, 0, 0, 0, 0, 0, 0, 0, 27, 34, 113, 23, 162, 135, 35, 101, 103, 126, 16, 122, 3, 155, 66, 79, 64, 96, 70, 75, 68, 48, 72, 134, 79, 5, 32, 2, 21, 40, 0, 0, 0, 0, 0, 0, 0, 0, 0, 0, 0, 0, 0, 0, 0, 0, 0, 0, 31, 28, 161, 121, 104, 127, 41, 30, 124, 105, 177, 182, 38, 78, 171, 12, 4, 15, 17, 128, 92, 50, 13, 144, 74, 116, 175, 54, 67, 49, 0, 0, 0, 0, 0, 0, 0, 0, 0, 0, 0, 0, 0, 0, 0, 12, 15, 2, 5, 153, 54, 102, 29, 99, 51, 132, 48, 5, 37, 97, 154, 166, 9, 122, 63, 6, 114, 161, 14, 2, 146, 4, 6, 73, 12, 10, 61, 91, 0, 0, 0, 0, 0, 0, 0, 0, 0, 0, 0, 0, 0, 0, 0, 64, 133, 106, 115, 163, 113, 44, 91, 8, 130, 167, 181, 78, 39, 143, 45, 21, 3, 22, 174, 8, 42, 55, 1, 63, 77, 9, 47, 45, 17, 110, 43, 41, 0, 0, 0, 0, 0, 0, 0, 0, 0, 0, 0, 0, 0, 0, 0, 68, 76, 18, 47, 86, 13, 17, 34, 24, 36, 131, 111, 62, 40, 129, 18, 13, 85, 27, 140, 149, 154, 12, 4, 7, 117, 93, 151, 35, 22, 0, 0, 0, 0, 0, 0, 0, 0, 0, 0, 0, 0, 0, 0, 0, 0, 0, 0, 6, 129, 3, 75, 138, 58, 28, 156, 148, 41, 145, 114, 5, 51, 35, 30, 1, 31, 23, 63, 17, 2, 14, 125, 40, 26, 69, 27, 81, 23, 0, 0, 0, 0, 0, 0, 0, 0, 0, 0, 0, 0, 0, 0, 0, 0, 1, 49, 147, 25, 98, 95, 50, 60, 10, 7, 84, 46, 155, 150, 53, 119, 12, 38, 126, 3, 25, 106, 80, 45, 109, 8, 37, 19, 5, 65, 55, 2, 0, 0, 0, 0, 0, 0, 0, 0, 0, 0, 0, 0, 0, 0, 0, 20, 33, 108, 13, 16, 47, 102, 2, 11, 158, 53, 142, 29, 83, 176, 22, 0, 157, 8, 26, 41, 21, 133, 120, 3, 23, 82, 24, 36, 34, 0, 0, 0, 0, 0, 0, 0, 0, 0, 0, 0, 0, 0, 0, 0, 29, 38, 44, 34, 7, 9, 68, 85, 28, 1, 42, 20, 12, 141, 17, 74, 5, 2, 18, 152, 15, 51, 136, 90, 27, 67, 139, 14, 25, 6, 22, 54, 16, 0, 0, 0, 0, 0, 0, 0, 0, 0, 0, 0, 0, 0, 0, 0, 7, 1, 68, 66, 51, 21, 15, 38, 17, 67, 14, 69, 60, 90, 8, 110, 87, 33, 179, 94, 12, 56, 59, 30, 86, 41, 3, 0, 0, 0, 0, 0, 0, 0, 0, 0, 0, 0, 0, 0, 0, 0, 0, 0, 0, 25, 16, 86, 64, 14, 78, 23, 54, 173, 73, 1, 8, 42, 63, 31, 27, 53, 2, 4, 26, 10, 38, 172, 170, 46, 71, 97, 29, 57, 50, 0, 0, 0, 0, 0, 0, 0, 0, 0, 0, 0, 0, 0, 0, 0, 0, 0, 0, 33, 39, 43, 148, 69, 137, 17, 2, 49, 43, 10, 22, 72, 28, 35, 57, 20, 39, 115, 42, 180, 60, 157, 24, 0, 0, 0, 0, 0, 0, 0, 0, 0, 0, 0, 0, 0, 0, 0, 0, 0, 0, 0, 0, 0, 0, 0, 0, 158, 37, 20, 152, 92, 53, 8, 21, 160, 62, 32, 30, 11, 21, 5, 8, 65, 34, 16, 26, 19, 81, 12, 35, 0, 0, 0, 0, 0, 0, 0, 0, 0, 0, 0, 0, 0, 0, 0, 0, 0, 0, 0, 0, 0, 0, 0, 0, 7, 86, 17, 3, 72, 2, 55, 1, 0, 0, 2, 1, 2, 2, 1, 2, 0, 0, 0, 0, 0, 0, 0, 0, 0, 0, 0, 0, 0, 0, 0, 0, 0, 0, 0, 0, 0, 0, 0, 0, 0, 0, 0, 0, 0, 0, 0, 0, 0, 0, 0, 0, 0, 6, 3, 0, 1, 0, 0, 0, 1, 0, 0, 0, 0, 1, 0, 0, 0, 0, 0, 0, 0, 0, 0, 0, 0, 0, 0, 0, 0, 0, 0, 0, 0, 0, 0, 0, 0, 0, 0, 0, 0, 0, 0, 0, 0, 0, 0, 0, 0, 0, 0, 4, 0, 5, 0, 4, 0, 4, 5, 0, 0, 0, 0, 0, 0, 0, 0, 0, 0, 0, 0, 0, 0, 0, 0, 0, 0, 0, 0, 0, 0, 0, 0, 0, 0, 0, 0, 0, 0, 0, 0, 0, 0, 0, 0, 0, 0, 0, 1, 0, 7, 0, 0, 1, 0, 0, 0, 0, 0, 0, 0, 0, 0, 0, 0, 0, 0, 0, 0, 0, 0, 0, 0, 0, 0, 0, 0, 0, 0, 0, 0, 0, 0, 0, 0, 0, 0, 0, 0, 0, 0, 0, 0, 0, 0, 0, 0, 0, 0, 0, 0, 0, 0, 0, 0, 0, 0, 0, 0, 0, 0, 0, 0, 0, 0, 0, 0, 0, 0, 0, 0, 0, 0, 0, 0, 0, 0, 0, 0, 0, 0, 0, 0, 0, 0, 0, 0, 0, 0, 0, 0, 0, 0, 0, 0, 0, 0, 0, 0, 0, 0, 0, 0, 0, 0, 0, 0, 0, 0, 0, 0, 0, 0, 0, 0, 0, 0, 0, 0, 0, 0, 0, 0, 0, 0, 0, 0, 0, 0, 0, 0, 0, 0, 0, 0, 0, 0, 0, 0, 0, 0, 0, 0, 0, 0, 0, 0, 0, 0, 0, 0, 0, 0, 0, 0, 0, 0, 0, 0, 0, 0, 0, 0, 0, 0, 0, 0, 0, 0, 0, 0, 0, 2, 10, 3, 0, 2, 2, 0, 0, 1, 0, 0, 0, 0, 0, 0, 0, 0, 0, 0, 0, 0, 0, 0, 0, 0, 23, 1, 0, 0, 0, 0, 0, 0, 0, 0, 0, 0, 0, 0, 1, 2, 4, 0, 40, 4, 1, 11, 0, 2, 2, 3, 3, 0, 4, 0, 26, 2, 0, 0, 0, 0, 0, 0, 0, 0, 0, 0, 0, 0, 0, 0, 0, 2, 1, 3, 1, 1, 8, 1, 6, 2, 0, 0, 1, 1, 0, 0, 1, 1, 5, 8, 0, 0, 1, 0, 0, 1, 0, 0, 2, 1, 3, 2, 0, 0, 0, 0, 0, 0, 0, 0, 0, 0, 0, 0, 0, 0, 0, 0, 0, 0, 1, 1, 1, 1, 2, 2, 1, 3, 2, 144, 1, 1, 0, 0, 1, 0, 0, 0, 0, 1, 0, 1, 5, 1, 0, 0, 3, 7, 0, 3, 0, 5, 0, 0, 0, 0, 0, 0, 0, 0, 0, 0, 0, 0, 0, 0, 0, 1, 0, 0, 1, 0, 0, 2, 0, 1, 0, 0, 1, 0, 0, 0, 1, 0, 0, 1, 0, 0, 1, 0, 0, 1, 0, 0, 1, 0, 0, 0, 0, 0, 0, 0, 0, 0, 0, 0, 0, 0, 0, 0, 0, 0, 0, 0, 0, 0, 0, 1, 0, 0, 1, 0, 0, 1, 1, 1, 0, 0, 0, 0, 1, 0, 0, 0, 0, 2, 0, 0, 1, 0, 0, 2, 1, 0, 0, 0, 0, 0, 0, 0, 0, 0, 0, 0, 0, 0, 0, 0, 0, 0, 4, 0, 0, 0, 0, 1, 0, 0, 1, 0, 0, 1, 0, 0, 1, 0, 8, 1, 0, 0, 1, 0, 0, 3, 1, 0, 0, 0, 0, 1, 0, 0, 1, 0, 0, 0, 0, 0, 0, 0, 0, 0, 0, 0, 0, 0, 0, 0, 1, 0, 0, 0, 0, 1, 0, 0, 1, 1, 0, 0, 1, 0, 0, 5, 46, 1, 0, 0, 2, 4, 0, 3, 0, 0, 3, 1, 0, 0, 0, 0, 1, 0, 0, 0, 0, 0, 0, 0, 0, 0, 0, 0, 0, 0, 0, 0, 0, 0, 1, 1, 0, 0, 0, 117, 1, 1, 70, 2, 2, 37, 1, 0, 0, 0, 1, 6, 0, 3, 23, 0, 1, 32, 2, 0, 1, 1, 0, 0, 0, 0, 0, 0, 0, 0, 0, 0, 0, 0, 0, 0, 0, 0, 0, 0, 2, 0, 0, 0, 164, 1, 1, 28, 0, 0, 37, 1, 0, 59, 3, 0, 2, 0, 0, 26, 1, 5, 13, 0, 2, 60, 1, 3, 0, 0, 0, 0, 0, 0, 0, 0, 0, 0, 0, 0, 0, 0, 0, 0, 0, 2, 0, 3, 2, 1, 4, 0, 1, 1, 0, 0, 1, 0, 0, 1, 1, 47, 4, 0, 0, 5, 1, 0, 0, 1, 0, 0, 0, 0, 1, 0, 24, 4, 0, 0, 0, 0, 0, 0, 0, 0, 0, 0, 0, 0, 0, 0, 0, 0, 1, 1, 0, 0, 0, 0, 0, 0, 0, 0, 0, 0, 1, 0, 2, 48, 1, 0, 1, 0, 0, 5, 2, 0, 0, 0, 1, 0, 0, 0, 0, 0, 0, 0, 0, 0, 0, 0, 0, 0, 0, 0, 0, 0, 0, 0, 2, 0, 1, 1, 0, 0, 2, 3, 3, 0, 3, 2, 1, 0, 0, 7, 1, 0, 3, 1, 7, 0, 1, 0, 0, 0, 4, 1, 0, 0, 0, 0, 0, 0, 0, 0, 0, 0, 0, 0, 0, 0, 0, 0, 0, 0, 0, 0, 1, 0, 0, 2, 0, 0, 2, 0, 0, 2, 0, 0, 1, 1, 0, 0, 0, 0, 1, 1, 0, 0, 0, 0, 0, 0, 0, 0, 0, 0, 0, 0, 0, 0, 0, 0, 0, 0, 0, 0, 0, 0, 0, 0, 0, 0, 0, 0, 1, 0, 0, 1, 0, 0, 2, 3, 0, 0, 0, 0, 1, 1, 0, 0, 1, 96, 0, 0, 0, 1, 0, 52, 2, 0, 0, 0, 0, 0, 0, 0, 0, 0, 0, 0, 0, 0, 0, 0, 0, 0, 0, 0, 0, 1, 1, 0, 0, 1, 0, 0, 1, 0, 0, 2, 0, 0, 0, 0, 1, 1, 0, 0, 0, 0, 1, 0, 0, 0, 0, 0, 0, 0, 0, 0, 0, 0, 0, 0, 0, 0, 0, 0, 0, 0, 0, 0, 0, 0, 0, 0, 0, 1, 0, 0, 1, 2, 1, 0, 0, 2, 1, 0, 0, 1, 2, 1, 1, 2, 1, 1, 0, 0, 1, 0, 0, 0, 0, 0, 0, 0, 0, 0, 0, 0, 0, 0, 0, 0, 0, 0, 0, 0, 0, 0, 0, 0, 0, 1, 0, 0, 0, 5, 0, 0, 0, 0, 0, 0, 0, 0, 0, 0, 0, 0, 0, 0, 0, 0, 0, 0, 0, 0, 0, 0, 0, 0, 0, 0, 0, 0, 0, 0, 0, 0, 0, 0, 0, 0, 0, 0, 0, 0, 0, 0, 0, 0, 0, 0, 0, 0, 0, 0, 0, 0, 0, 0, 0, 0, 0, 0, 0, 0, 0, 0, 0, 0, 0, 0, 0, 0, 0, 0, 0, 0, 0, 0, 0, 0, 0, 0, 0, 0, 0, 0, 0, 0, 0, 0, 0, 0, 0, 0, 0, 0, 0, 0, 0, 0, 0, 0, 0, 0, 0, 0, 0, 0, 0, 0, 0, 0, 0, 0, 0, 0, 0, 0, 0, 0, 0, 0, 0, 0, 0, 0, 0, 0, 0, 0, 0, 0, 0, 0, 0, 0, 0, 0, 0, 0, 0, 0, 0, 0, 0, 0, 0, 0, 0, 0, 0, 0, 0, 0, 0, 0, 0, 0, 0, 0, 0, 0, 0, 0, 0, 0, 0, 0, 0, 0, 0, 0, 0, 0, 0, 0, 0, 0, 0, 0, 0, 0, 0, 0, 0, 0, 0, 0]
