===== RESULTADO GA L(2,1) =====
Arquivo: /Users/mateuspedrosa/Documents/TCC-II/BOGA/data/Harwell-Boeing_cleaned/sherman4_clean.mtx (undirected)
Crossover: cx | Mutação: em | pop=30 | gens=53 | mut=0.446 | cr=0.5724 | runs=1 | max-stagt=1031

----- Execução #1 -----
Span (lambda): 11
Parada: MAX_GENS (geração 53)
best_order = [279, 1038, 257, 288, 515, 995, 146, 808, 596, 744, 656, 424, 1048, 583, 690, 218, 284, 1100, 994, 18, 82, 278, 1044, 263, 503, 606, 123, 760, 227, 800, 368, 1004, 1069, 464, 240, 537, 55, 475, 889, 1037, 689, 241, 454, 651, 752, 207, 10, 666, 939, 245, 797, 755, 379, 343, 913, 1095, 683, 126, 765, 359, 29, 337, 63, 238, 148, 754, 102, 885, 175, 887, 459, 751, 405, 712, 229, 54, 1093, 898, 311, 814, 554, 618, 68, 1035, 896, 636, 793, 990, 282, 98, 342, 931, 432, 206, 165, 511, 384, 809, 710, 1039, 315, 457, 584, 672, 180, 749, 375, 44, 551, 233, 722, 928, 1022, 579, 1010, 52, 1025, 502, 670, 453, 1026, 1071, 373, 818, 1061, 305, 270, 60, 791, 501, 933, 1027, 1101, 574, 843, 198, 460, 1002, 155, 601, 598, 415, 89, 631, 729, 443, 1102, 425, 960, 1063, 355, 64, 1043, 795, 295, 834, 676, 805, 646, 434, 587, 528, 287, 653, 927, 202, 145, 549, 293, 203, 88, 81, 1011, 404, 691, 193, 946, 953, 327, 223, 902, 189, 99, 292, 907, 135, 921, 900, 881, 719, 713, 599, 871, 154, 1097, 255, 874, 345, 783, 396, 71, 153, 276, 567, 377, 449, 506, 529, 634, 224, 201, 714, 104, 96, 8, 414, 319, 685, 518, 738, 69, 247, 117, 254, 25, 517, 527, 275, 983, 353, 376, 794, 452, 743, 617, 70, 124, 910, 362, 471, 108, 932, 816, 356, 645, 938, 566, 187, 940, 516, 559, 461, 112, 156, 40, 497, 215, 446, 906, 509, 447, 389, 1099, 641, 1060, 836, 1091, 582, 495, 813, 290, 127, 647, 31, 591, 914, 824, 897, 476, 171, 1012, 706, 1079, 695, 1013, 152, 605, 494, 747, 564, 87, 107, 662, 349, 966, 687, 948, 5, 398, 546, 735, 882, 465, 784, 739, 904, 556, 716, 367, 1066, 680, 1, 92, 600, 260, 333, 585, 458, 1032, 23, 1096, 767, 130, 562, 958, 225, 220, 341, 306, 766, 998, 526, 395, 951, 665, 644, 626, 477, 815, 943, 842, 963, 519, 1046, 837, 423, 122, 667, 371, 481, 830, 728, 222, 267, 149, 197, 59, 236, 1083, 138, 686, 74, 34, 252, 918, 43, 1064, 798, 916, 1017, 250, 723, 80, 388, 568, 358, 412, 734, 750, 740, 775, 479, 309, 872, 242, 28, 216, 128, 280, 1087, 893, 965, 79, 30, 91, 191, 397, 428, 673, 291, 857, 787, 650, 701, 855, 1015, 90, 780, 945, 973, 523, 769, 158, 663, 369, 720, 504, 848, 399, 46, 1090, 778, 625, 20, 76, 417, 406, 588, 770, 150, 1075, 1073, 707, 1045, 789, 777, 563, 593, 1072, 792, 285, 581, 993, 725, 852, 324, 3, 772, 413, 779, 674, 234, 489, 762, 592, 811, 372, 561, 1033, 682, 228, 67, 364, 849, 176, 421, 1103, 109, 692, 433, 435, 955, 971, 846, 1034, 607, 1041, 565, 745, 365, 879, 531, 534, 213, 484, 678, 393, 869, 348, 334, 380, 890, 143, 1005, 246, 619, 761, 298, 624, 894, 482, 151, 865, 177, 480, 1047, 758, 996, 2, 980, 570, 38, 166, 1053, 807, 103, 73, 161, 895, 85, 861, 322, 652, 915, 125, 853, 185, 715, 1042, 101, 450, 507, 249, 160, 803, 926, 1081, 33, 949, 635, 45, 632, 822, 1078, 39, 521, 1003, 1018, 340, 256, 1040, 487, 548, 901, 544, 466, 525, 982, 721, 440, 1050, 57, 491, 17, 622, 336, 445, 186, 944, 821, 163, 764, 638, 253, 463, 612, 684, 658, 303, 759, 611, 997, 724, 426, 400, 1074, 936, 483, 493, 317, 467, 880, 27, 947, 6, 708, 157, 179, 968, 281, 299, 862, 312, 9, 35, 170, 979, 214, 289, 552, 37, 97, 664, 841, 513, 500, 490, 13, 891, 590, 184, 694, 1036, 970, 543, 659, 952, 391, 984, 923, 212, 162, 392, 854, 486, 959, 231, 637, 532, 296, 838, 313, 553, 883, 316, 776, 41, 737, 50, 558, 726, 113, 788, 693, 1030, 621, 188, 508, 181, 134, 142, 1070, 629, 578, 344, 320, 602, 174, 535, 264, 668, 472, 139, 530, 496, 77, 763, 833, 1024, 681, 121, 536, 462, 810, 589, 989, 957, 991, 48, 604, 522, 868, 338, 321, 768, 1059, 323, 274, 595, 1085, 796, 118, 164, 520, 922, 328, 623, 804, 49, 283, 575, 541, 1089, 860, 633, 929, 132, 470, 451, 935, 26, 329, 698, 1080, 58, 610, 539, 53, 339, 1009, 628, 863, 1054, 357, 131, 350, 831, 702, 455, 492, 419, 261, 94, 873, 917, 851, 93, 569, 614, 346, 448, 748, 912, 850, 1000, 409, 390, 956, 877, 24, 696, 669, 577, 700, 835, 919, 988, 782, 1088, 731, 538, 1028, 999, 302, 326, 133, 608, 790, 826, 36, 657, 1029, 499, 129, 870, 524, 351, 675, 248, 244, 975, 829, 265, 876, 827, 757, 19, 774, 262, 555, 978, 992, 232, 727, 347, 258, 251, 178, 660, 325, 32, 603, 711, 981, 627, 801, 643, 699, 199, 856, 200, 271, 7, 679, 1094, 361, 226, 438, 756, 119, 297, 844, 385, 211, 314, 859, 401, 268, 709, 144, 75, 987, 16, 83, 65, 381, 640, 1076, 820, 825, 444, 427, 1031, 741, 11, 172, 239, 819, 1001, 571, 182, 786, 273, 648, 771, 430, 378, 773, 1021, 204, 905, 370, 205, 746, 441, 335, 437, 1086, 878, 266, 753, 1055, 1068, 1058, 736, 383, 594, 924, 331, 195, 967, 1065, 190, 839, 22, 387, 209, 159, 580, 977, 310, 1056, 1016, 969, 717, 1077, 363, 386, 318, 976, 903, 120, 422, 718, 272, 301, 671, 442, 920, 572, 616, 823, 468, 703, 115, 545, 1067, 812, 540, 431, 407, 259, 403, 884, 649, 14, 642, 560, 72, 1023, 573, 974, 986, 733, 307, 925, 899, 12, 173, 66, 908, 456, 964, 867, 42, 557, 1051, 858, 639, 512, 141, 985, 547, 332, 892, 116, 1082, 866, 1092, 962, 4, 56, 802, 742, 416, 235, 597, 382, 410, 937, 688, 352, 168, 217, 418, 469, 47, 1084, 110, 697, 237, 183, 62, 630, 847, 972, 0, 1008, 478, 1057, 514, 436, 840, 732, 533, 269, 704, 942, 498, 961, 78, 86, 941, 1098, 909, 510, 136, 1007, 832, 304, 84, 15, 51, 308, 61, 1020, 655, 845, 111, 806, 394, 439, 542, 550, 473, 208, 420, 485, 705, 95, 1062, 286, 243, 950, 654, 613, 169, 147, 615, 828, 586, 105, 277, 677, 954, 781, 21, 408, 411, 785, 167, 140, 221, 474, 576, 934, 106, 330, 374, 192, 888, 799, 661, 100, 1019, 360, 875, 137, 230, 294, 1052, 1014, 505, 194, 886, 354, 114, 402, 196, 864, 366, 300, 219, 488, 429, 609, 620, 930, 1006, 817, 730, 1049, 911, 210]
labeling = [0, 0, 0, 0, 0, 0, 0, 0, 0, 0, 0, 0, 0, 0, 0, 0, 0, 0, 0, 0, 0, 0, 0, 0, 0, 0, 0, 0, 0, 0, 0, 0, 0, 0, 0, 0, 0, 2, 0, 0, 0, 0, 4, 6, 0, 5, 2, 7, 0, 0, 0, 0, 0, 6, 2, 0, 4, 5, 2, 4, 2, 3, 0, 0, 0, 0, 0, 0, 0, 1, 5, 3, 2, 0, 0, 3, 5, 0, 9, 6, 0, 0, 0, 0, 0, 4, 6, 6, 0, 3, 5, 5, 1, 8, 2, 8, 0, 0, 0, 0, 0, 3, 0, 4, 2, 8, 2, 7, 4, 1, 5, 0, 0, 0, 0, 0, 0, 1, 5, 9, 11, 5, 0, 0, 2, 4, 0, 0, 0, 0, 0, 0, 4, 6, 3, 3, 7, 7, 4, 10, 8, 8, 5, 0, 0, 0, 0, 0, 0, 3, 0, 2, 4, 1, 2, 0, 0, 2, 3, 0, 0, 0, 0, 0, 6, 1, 6, 9, 6, 8, 5, 3, 6, 8, 0, 0, 0, 0, 0, 0, 0, 8, 8, 3, 9, 3, 8, 6, 4, 0, 0, 0, 0, 0, 0, 4, 11, 4, 0, 7, 11, 1, 2, 4, 7, 1, 0, 0, 0, 0, 0, 2, 8, 6, 2, 4, 4, 8, 0, 7, 0, 0, 0, 0, 0, 0, 3, 0, 4, 2, 9, 6, 7, 0, 3, 5, 2, 0, 0, 0, 0, 0, 1, 9, 2, 0, 4, 0, 5, 6, 2, 0, 0, 0, 0, 0, 0, 0, 7, 9, 0, 5, 6, 3, 2, 6, 1, 0, 0, 0, 0, 0, 0, 2, 5, 0, 4, 7, 2, 0, 0, 0, 0, 0, 0, 0, 0, 0, 0, 4, 1, 3, 2, 0, 9, 4, 6, 0, 0, 0, 0, 0, 0, 0, 0, 0, 2, 9, 4, 3, 6, 0, 0, 0, 0, 0, 0, 0, 0, 0, 0, 0, 4, 6, 1, 5, 1, 0, 0, 0, 0, 0, 0, 0, 0, 0, 0, 0, 0, 8, 3, 0, 0, 0, 0, 0, 0, 0, 0, 0, 0, 0, 0, 0, 0, 0, 2, 0, 0, 0, 0, 0, 0, 0, 0, 0, 0, 0, 0, 0, 0, 0, 0, 0, 0, 0, 0, 0, 0, 0, 0, 0, 0, 0, 0, 0, 0, 0, 0, 0, 0, 0, 0, 0, 0, 0, 0, 0, 0, 0, 0, 0, 0, 0, 0, 0, 0, 0, 0, 0, 0, 0, 3, 5, 4, 1, 0, 0, 0, 0, 0, 3, 9, 4, 1, 3, 6, 7, 1, 11, 8, 10, 0, 0, 0, 0, 0, 3, 7, 11, 5, 7, 9, 3, 8, 6, 2, 4, 0, 0, 0, 0, 0, 2, 0, 8, 10, 1, 4, 0, 2, 4, 7, 1, 0, 0, 0, 0, 0, 6, 10, 1, 7, 4, 9, 1, 6, 3, 8, 0, 0, 0, 0, 0, 0, 11, 8, 6, 3, 1, 6, 8, 11, 7, 2, 0, 0, 0, 0, 0, 1, 4, 2, 0, 5, 9, 3, 5, 9, 0, 10, 0, 0, 0, 0, 0, 2, 7, 5, 8, 2, 6, 8, 1, 7, 5, 1, 0, 0, 0, 0, 0, 4, 9, 3, 5, 2, 0, 9, 7, 10, 0, 0, 0, 0, 0, 0, 0, 7, 2, 10, 0, 7, 10, 1, 11, 2, 6, 0, 0, 0, 0, 0, 5, 3, 6, 4, 2, 5, 8, 6, 3, 5, 1, 0, 0, 0, 0, 0, 1, 10, 3, 5, 0, 2, 6, 4, 1, 3, 0, 0, 0, 0, 0, 9, 7, 0, 8, 1, 3, 5, 1, 7, 9, 4, 0, 0, 0, 0, 0, 8, 5, 3, 10, 6, 11, 8, 4, 0, 0, 0, 0, 0, 0, 0, 4, 2, 5, 8, 3, 9, 1, 4, 0, 3, 0, 0, 0, 0, 0, 0, 1, 8, 10, 6, 1, 4, 6, 8, 0, 0, 0, 0, 0, 0, 0, 0, 6, 4, 7, 9, 5, 7, 2, 1, 0, 0, 0, 0, 0, 0, 0, 0, 3, 0, 0, 0, 8, 0, 0, 0, 0, 0, 0, 0, 0, 0, 0, 0, 0, 0, 0, 0, 0, 0, 0, 0, 0, 0, 0, 0, 0, 0, 0, 0, 0, 0, 0, 5, 0, 0, 0, 0, 0, 0, 0, 0, 0, 0, 0, 0, 0, 0, 3, 0, 0, 0, 0, 0, 0, 0, 0, 0, 0, 0, 0, 0, 0, 0, 0, 0, 0, 0, 0, 0, 0, 0, 0, 0, 0, 0, 0, 0, 0, 0, 0, 0, 0, 0, 0, 0, 0, 0, 0, 0, 0, 0, 0, 0, 0, 0, 0, 0, 0, 0, 0, 0, 0, 0, 0, 0, 0, 0, 3, 0, 0, 0, 0, 0, 0, 0, 0, 0, 0, 0, 0, 4, 0, 0, 0, 0, 0, 0, 0, 0, 0, 1, 0, 0, 0, 1, 1, 0, 0, 0, 0, 0, 0, 0, 0, 0, 5, 3, 1, 0, 5, 2, 6, 5, 0, 0, 3, 0, 0, 0, 0, 0, 0, 0, 0, 0, 0, 0, 0, 0, 0, 0, 0, 0, 0, 0, 0, 0, 0, 0, 0, 0, 0, 0, 0, 0, 0, 4, 0, 0, 0, 0, 0, 3, 0, 6, 4, 1, 0, 0, 0, 1, 2, 0, 0, 0, 0, 0, 0, 5, 0, 1, 1, 0, 0, 0, 3, 2, 2, 4, 0, 0, 0, 0, 0, 0, 0, 0, 0, 0, 0, 0, 0, 0, 2, 0, 0, 0, 0, 0, 0, 0, 0, 0, 0, 0, 0, 0, 0, 0, 3, 0, 0, 0, 0, 0, 0, 0, 0, 1, 6, 0, 0, 0, 0, 0, 3, 0, 0, 0, 0, 0, 0, 0, 0, 0, 0, 0, 0, 0, 0, 5, 0, 0, 0, 0, 0, 0, 2, 2, 2, 4, 6, 0, 3, 2, 0, 0, 0, 0, 0, 0, 0, 0, 0, 1, 1, 0, 1, 0, 2, 0, 0, 0, 0, 0, 0, 0, 0, 0, 0, 0, 0, 0, 0, 0, 2, 1, 0, 0, 0, 0, 0, 0, 0, 0, 0, 0, 0, 0, 0, 2, 0, 0, 0, 0, 0, 0, 0, 0, 0, 0, 0, 0, 0, 0, 0, 0, 0, 0, 0, 0, 0, 0, 0, 0, 0, 0, 0, 0, 0, 0, 0, 0, 0, 0, 0, 0, 0, 0, 0, 0, 0, 0, 0, 0, 0, 0, 0, 0, 0, 0, 0, 0, 0, 0, 0, 0, 0, 0, 0, 0, 0, 0, 0, 0, 0, 0, 0, 0, 0, 0, 0, 0, 0, 0, 0, 0, 0, 0, 0, 0, 0, 0, 0, 0, 0, 0, 0]
convergência = [11, 11, 11, 11, 11, 11, 11, 11, 11, 11, 11, 11, 11, 11, 11, 11, 11, 11, 11, 11, 11, 11, 11, 11, 11, 11, 11, 11, 11, 11, 11, 11, 11, 11, 11, 11, 11, 11, 11, 11, 11, 11, 11, 11, 11, 11, 11, 11, 11, 11, 11, 11, 11]
================================

----- Melhor execução -----
Span (lambda): 11
best_order = [279, 1038, 257, 288, 515, 995, 146, 808, 596, 744, 656, 424, 1048, 583, 690, 218, 284, 1100, 994, 18, 82, 278, 1044, 263, 503, 606, 123, 760, 227, 800, 368, 1004, 1069, 464, 240, 537, 55, 475, 889, 1037, 689, 241, 454, 651, 752, 207, 10, 666, 939, 245, 797, 755, 379, 343, 913, 1095, 683, 126, 765, 359, 29, 337, 63, 238, 148, 754, 102, 885, 175, 887, 459, 751, 405, 712, 229, 54, 1093, 898, 311, 814, 554, 618, 68, 1035, 896, 636, 793, 990, 282, 98, 342, 931, 432, 206, 165, 511, 384, 809, 710, 1039, 315, 457, 584, 672, 180, 749, 375, 44, 551, 233, 722, 928, 1022, 579, 1010, 52, 1025, 502, 670, 453, 1026, 1071, 373, 818, 1061, 305, 270, 60, 791, 501, 933, 1027, 1101, 574, 843, 198, 460, 1002, 155, 601, 598, 415, 89, 631, 729, 443, 1102, 425, 960, 1063, 355, 64, 1043, 795, 295, 834, 676, 805, 646, 434, 587, 528, 287, 653, 927, 202, 145, 549, 293, 203, 88, 81, 1011, 404, 691, 193, 946, 953, 327, 223, 902, 189, 99, 292, 907, 135, 921, 900, 881, 719, 713, 599, 871, 154, 1097, 255, 874, 345, 783, 396, 71, 153, 276, 567, 377, 449, 506, 529, 634, 224, 201, 714, 104, 96, 8, 414, 319, 685, 518, 738, 69, 247, 117, 254, 25, 517, 527, 275, 983, 353, 376, 794, 452, 743, 617, 70, 124, 910, 362, 471, 108, 932, 816, 356, 645, 938, 566, 187, 940, 516, 559, 461, 112, 156, 40, 497, 215, 446, 906, 509, 447, 389, 1099, 641, 1060, 836, 1091, 582, 495, 813, 290, 127, 647, 31, 591, 914, 824, 897, 476, 171, 1012, 706, 1079, 695, 1013, 152, 605, 494, 747, 564, 87, 107, 662, 349, 966, 687, 948, 5, 398, 546, 735, 882, 465, 784, 739, 904, 556, 716, 367, 1066, 680, 1, 92, 600, 260, 333, 585, 458, 1032, 23, 1096, 767, 130, 562, 958, 225, 220, 341, 306, 766, 998, 526, 395, 951, 665, 644, 626, 477, 815, 943, 842, 963, 519, 1046, 837, 423, 122, 667, 371, 481, 830, 728, 222, 267, 149, 197, 59, 236, 1083, 138, 686, 74, 34, 252, 918, 43, 1064, 798, 916, 1017, 250, 723, 80, 388, 568, 358, 412, 734, 750, 740, 775, 479, 309, 872, 242, 28, 216, 128, 280, 1087, 893, 965, 79, 30, 91, 191, 397, 428, 673, 291, 857, 787, 650, 701, 855, 1015, 90, 780, 945, 973, 523, 769, 158, 663, 369, 720, 504, 848, 399, 46, 1090, 778, 625, 20, 76, 417, 406, 588, 770, 150, 1075, 1073, 707, 1045, 789, 777, 563, 593, 1072, 792, 285, 581, 993, 725, 852, 324, 3, 772, 413, 779, 674, 234, 489, 762, 592, 811, 372, 561, 1033, 682, 228, 67, 364, 849, 176, 421, 1103, 109, 692, 433, 435, 955, 971, 846, 1034, 607, 1041, 565, 745, 365, 879, 531, 534, 213, 484, 678, 393, 869, 348, 334, 380, 890, 143, 1005, 246, 619, 761, 298, 624, 894, 482, 151, 865, 177, 480, 1047, 758, 996, 2, 980, 570, 38, 166, 1053, 807, 103, 73, 161, 895, 85, 861, 322, 652, 915, 125, 853, 185, 715, 1042, 101, 450, 507, 249, 160, 803, 926, 1081, 33, 949, 635, 45, 632, 822, 1078, 39, 521, 1003, 1018, 340, 256, 1040, 487, 548, 901, 544, 466, 525, 982, 721, 440, 1050, 57, 491, 17, 622, 336, 445, 186, 944, 821, 163, 764, 638, 253, 463, 612, 684, 658, 303, 759, 611, 997, 724, 426, 400, 1074, 936, 483, 493, 317, 467, 880, 27, 947, 6, 708, 157, 179, 968, 281, 299, 862, 312, 9, 35, 170, 979, 214, 289, 552, 37, 97, 664, 841, 513, 500, 490, 13, 891, 590, 184, 694, 1036, 970, 543, 659, 952, 391, 984, 923, 212, 162, 392, 854, 486, 959, 231, 637, 532, 296, 838, 313, 553, 883, 316, 776, 41, 737, 50, 558, 726, 113, 788, 693, 1030, 621, 188, 508, 181, 134, 142, 1070, 629, 578, 344, 320, 602, 174, 535, 264, 668, 472, 139, 530, 496, 77, 763, 833, 1024, 681, 121, 536, 462, 810, 589, 989, 957, 991, 48, 604, 522, 868, 338, 321, 768, 1059, 323, 274, 595, 1085, 796, 118, 164, 520, 922, 328, 623, 804, 49, 283, 575, 541, 1089, 860, 633, 929, 132, 470, 451, 935, 26, 329, 698, 1080, 58, 610, 539, 53, 339, 1009, 628, 863, 1054, 357, 131, 350, 831, 702, 455, 492, 419, 261, 94, 873, 917, 851, 93, 569, 614, 346, 448, 748, 912, 850, 1000, 409, 390, 956, 877, 24, 696, 669, 577, 700, 835, 919, 988, 782, 1088, 731, 538, 1028, 999, 302, 326, 133, 608, 790, 826, 36, 657, 1029, 499, 129, 870, 524, 351, 675, 248, 244, 975, 829, 265, 876, 827, 757, 19, 774, 262, 555, 978, 992, 232, 727, 347, 258, 251, 178, 660, 325, 32, 603, 711, 981, 627, 801, 643, 699, 199, 856, 200, 271, 7, 679, 1094, 361, 226, 438, 756, 119, 297, 844, 385, 211, 314, 859, 401, 268, 709, 144, 75, 987, 16, 83, 65, 381, 640, 1076, 820, 825, 444, 427, 1031, 741, 11, 172, 239, 819, 1001, 571, 182, 786, 273, 648, 771, 430, 378, 773, 1021, 204, 905, 370, 205, 746, 441, 335, 437, 1086, 878, 266, 753, 1055, 1068, 1058, 736, 383, 594, 924, 331, 195, 967, 1065, 190, 839, 22, 387, 209, 159, 580, 977, 310, 1056, 1016, 969, 717, 1077, 363, 386, 318, 976, 903, 120, 422, 718, 272, 301, 671, 442, 920, 572, 616, 823, 468, 703, 115, 545, 1067, 812, 540, 431, 407, 259, 403, 884, 649, 14, 642, 560, 72, 1023, 573, 974, 986, 733, 307, 925, 899, 12, 173, 66, 908, 456, 964, 867, 42, 557, 1051, 858, 639, 512, 141, 985, 547, 332, 892, 116, 1082, 866, 1092, 962, 4, 56, 802, 742, 416, 235, 597, 382, 410, 937, 688, 352, 168, 217, 418, 469, 47, 1084, 110, 697, 237, 183, 62, 630, 847, 972, 0, 1008, 478, 1057, 514, 436, 840, 732, 533, 269, 704, 942, 498, 961, 78, 86, 941, 1098, 909, 510, 136, 1007, 832, 304, 84, 15, 51, 308, 61, 1020, 655, 845, 111, 806, 394, 439, 542, 550, 473, 208, 420, 485, 705, 95, 1062, 286, 243, 950, 654, 613, 169, 147, 615, 828, 586, 105, 277, 677, 954, 781, 21, 408, 411, 785, 167, 140, 221, 474, 576, 934, 106, 330, 374, 192, 888, 799, 661, 100, 1019, 360, 875, 137, 230, 294, 1052, 1014, 505, 194, 886, 354, 114, 402, 196, 864, 366, 300, 219, 488, 429, 609, 620, 930, 1006, 817, 730, 1049, 911, 210]
labeling = [0, 0, 0, 0, 0, 0, 0, 0, 0, 0, 0, 0, 0, 0, 0, 0, 0, 0, 0, 0, 0, 0, 0, 0, 0, 0, 0, 0, 0, 0, 0, 0, 0, 0, 0, 0, 0, 2, 0, 0, 0, 0, 4, 6, 0, 5, 2, 7, 0, 0, 0, 0, 0, 6, 2, 0, 4, 5, 2, 4, 2, 3, 0, 0, 0, 0, 0, 0, 0, 1, 5, 3, 2, 0, 0, 3, 5, 0, 9, 6, 0, 0, 0, 0, 0, 4, 6, 6, 0, 3, 5, 5, 1, 8, 2, 8, 0, 0, 0, 0, 0, 3, 0, 4, 2, 8, 2, 7, 4, 1, 5, 0, 0, 0, 0, 0, 0, 1, 5, 9, 11, 5, 0, 0, 2, 4, 0, 0, 0, 0, 0, 0, 4, 6, 3, 3, 7, 7, 4, 10, 8, 8, 5, 0, 0, 0, 0, 0, 0, 3, 0, 2, 4, 1, 2, 0, 0, 2, 3, 0, 0, 0, 0, 0, 6, 1, 6, 9, 6, 8, 5, 3, 6, 8, 0, 0, 0, 0, 0, 0, 0, 8, 8, 3, 9, 3, 8, 6, 4, 0, 0, 0, 0, 0, 0, 4, 11, 4, 0, 7, 11, 1, 2, 4, 7, 1, 0, 0, 0, 0, 0, 2, 8, 6, 2, 4, 4, 8, 0, 7, 0, 0, 0, 0, 0, 0, 3, 0, 4, 2, 9, 6, 7, 0, 3, 5, 2, 0, 0, 0, 0, 0, 1, 9, 2, 0, 4, 0, 5, 6, 2, 0, 0, 0, 0, 0, 0, 0, 7, 9, 0, 5, 6, 3, 2, 6, 1, 0, 0, 0, 0, 0, 0, 2, 5, 0, 4, 7, 2, 0, 0, 0, 0, 0, 0, 0, 0, 0, 0, 4, 1, 3, 2, 0, 9, 4, 6, 0, 0, 0, 0, 0, 0, 0, 0, 0, 2, 9, 4, 3, 6, 0, 0, 0, 0, 0, 0, 0, 0, 0, 0, 0, 4, 6, 1, 5, 1, 0, 0, 0, 0, 0, 0, 0, 0, 0, 0, 0, 0, 8, 3, 0, 0, 0, 0, 0, 0, 0, 0, 0, 0, 0, 0, 0, 0, 0, 2, 0, 0, 0, 0, 0, 0, 0, 0, 0, 0, 0, 0, 0, 0, 0, 0, 0, 0, 0, 0, 0, 0, 0, 0, 0, 0, 0, 0, 0, 0, 0, 0, 0, 0, 0, 0, 0, 0, 0, 0, 0, 0, 0, 0, 0, 0, 0, 0, 0, 0, 0, 0, 0, 0, 0, 3, 5, 4, 1, 0, 0, 0, 0, 0, 3, 9, 4, 1, 3, 6, 7, 1, 11, 8, 10, 0, 0, 0, 0, 0, 3, 7, 11, 5, 7, 9, 3, 8, 6, 2, 4, 0, 0, 0, 0, 0, 2, 0, 8, 10, 1, 4, 0, 2, 4, 7, 1, 0, 0, 0, 0, 0, 6, 10, 1, 7, 4, 9, 1, 6, 3, 8, 0, 0, 0, 0, 0, 0, 11, 8, 6, 3, 1, 6, 8, 11, 7, 2, 0, 0, 0, 0, 0, 1, 4, 2, 0, 5, 9, 3, 5, 9, 0, 10, 0, 0, 0, 0, 0, 2, 7, 5, 8, 2, 6, 8, 1, 7, 5, 1, 0, 0, 0, 0, 0, 4, 9, 3, 5, 2, 0, 9, 7, 10, 0, 0, 0, 0, 0, 0, 0, 7, 2, 10, 0, 7, 10, 1, 11, 2, 6, 0, 0, 0, 0, 0, 5, 3, 6, 4, 2, 5, 8, 6, 3, 5, 1, 0, 0, 0, 0, 0, 1, 10, 3, 5, 0, 2, 6, 4, 1, 3, 0, 0, 0, 0, 0, 9, 7, 0, 8, 1, 3, 5, 1, 7, 9, 4, 0, 0, 0, 0, 0, 8, 5, 3, 10, 6, 11, 8, 4, 0, 0, 0, 0, 0, 0, 0, 4, 2, 5, 8, 3, 9, 1, 4, 0, 3, 0, 0, 0, 0, 0, 0, 1, 8, 10, 6, 1, 4, 6, 8, 0, 0, 0, 0, 0, 0, 0, 0, 6, 4, 7, 9, 5, 7, 2, 1, 0, 0, 0, 0, 0, 0, 0, 0, 3, 0, 0, 0, 8, 0, 0, 0, 0, 0, 0, 0, 0, 0, 0, 0, 0, 0, 0, 0, 0, 0, 0, 0, 0, 0, 0, 0, 0, 0, 0, 0, 0, 0, 0, 5, 0, 0, 0, 0, 0, 0, 0, 0, 0, 0, 0, 0, 0, 0, 3, 0, 0, 0, 0, 0, 0, 0, 0, 0, 0, 0, 0, 0, 0, 0, 0, 0, 0, 0, 0, 0, 0, 0, 0, 0, 0, 0, 0, 0, 0, 0, 0, 0, 0, 0, 0, 0, 0, 0, 0, 0, 0, 0, 0, 0, 0, 0, 0, 0, 0, 0, 0, 0, 0, 0, 0, 0, 0, 0, 3, 0, 0, 0, 0, 0, 0, 0, 0, 0, 0, 0, 0, 4, 0, 0, 0, 0, 0, 0, 0, 0, 0, 1, 0, 0, 0, 1, 1, 0, 0, 0, 0, 0, 0, 0, 0, 0, 5, 3, 1, 0, 5, 2, 6, 5, 0, 0, 3, 0, 0, 0, 0, 0, 0, 0, 0, 0, 0, 0, 0, 0, 0, 0, 0, 0, 0, 0, 0, 0, 0, 0, 0, 0, 0, 0, 0, 0, 0, 4, 0, 0, 0, 0, 0, 3, 0, 6, 4, 1, 0, 0, 0, 1, 2, 0, 0, 0, 0, 0, 0, 5, 0, 1, 1, 0, 0, 0, 3, 2, 2, 4, 0, 0, 0, 0, 0, 0, 0, 0, 0, 0, 0, 0, 0, 0, 2, 0, 0, 0, 0, 0, 0, 0, 0, 0, 0, 0, 0, 0, 0, 0, 3, 0, 0, 0, 0, 0, 0, 0, 0, 1, 6, 0, 0, 0, 0, 0, 3, 0, 0, 0, 0, 0, 0, 0, 0, 0, 0, 0, 0, 0, 0, 5, 0, 0, 0, 0, 0, 0, 2, 2, 2, 4, 6, 0, 3, 2, 0, 0, 0, 0, 0, 0, 0, 0, 0, 1, 1, 0, 1, 0, 2, 0, 0, 0, 0, 0, 0, 0, 0, 0, 0, 0, 0, 0, 0, 0, 2, 1, 0, 0, 0, 0, 0, 0, 0, 0, 0, 0, 0, 0, 0, 2, 0, 0, 0, 0, 0, 0, 0, 0, 0, 0, 0, 0, 0, 0, 0, 0, 0, 0, 0, 0, 0, 0, 0, 0, 0, 0, 0, 0, 0, 0, 0, 0, 0, 0, 0, 0, 0, 0, 0, 0, 0, 0, 0, 0, 0, 0, 0, 0, 0, 0, 0, 0, 0, 0, 0, 0, 0, 0, 0, 0, 0, 0, 0, 0, 0, 0, 0, 0, 0, 0, 0, 0, 0, 0, 0, 0, 0, 0, 0, 0, 0, 0, 0, 0, 0, 0, 0]
