===== RESULTADO GA L(2,1) =====
Arquivo: /Users/mateuspedrosa/Documents/TCC-II/BOGA/data/Harwell-Boeing_cleaned/sherman1_clean.mtx (undirected)
Crossover: cx | Mutação: em | pop=30 | gens=53 | mut=0.446 | cr=0.5724 | runs=1 | max-stagt=1031

----- Execução #1 -----
Span (lambda): 147
Parada: MAX_GENS (geração 53)
best_order = [0, 1, 267, 3, 4, 941, 6, 7, 8, 9, 10, 11, 75, 13, 14, 15, 944, 17, 18, 19, 20, 21, 73, 23, 24, 25, 26, 27, 28, 29, 30, 31, 32, 33, 34, 35, 36, 117, 38, 39, 40, 41, 42, 43, 446, 45, 46, 47, 48, 49, 50, 51, 52, 931, 54, 55, 56, 57, 58, 59, 60, 61, 62, 159, 64, 65, 66, 67, 68, 69, 70, 71, 764, 251, 74, 713, 76, 77, 78, 79, 80, 81, 82, 83, 84, 214, 86, 87, 88, 89, 90, 91, 92, 93, 94, 95, 96, 97, 98, 99, 100, 279, 102, 103, 104, 105, 106, 107, 688, 109, 110, 111, 112, 113, 114, 115, 116, 802, 118, 119, 120, 121, 122, 123, 706, 125, 126, 44, 128, 129, 536, 131, 132, 133, 134, 135, 136, 63, 684, 139, 140, 141, 142, 143, 144, 145, 146, 147, 148, 171, 150, 151, 152, 153, 5, 124, 156, 157, 158, 245, 149, 161, 162, 163, 164, 165, 166, 167, 168, 169, 170, 954, 172, 173, 174, 175, 176, 177, 154, 179, 180, 181, 182, 223, 184, 185, 186, 187, 188, 189, 190, 191, 192, 193, 194, 195, 196, 197, 198, 199, 200, 414, 202, 203, 204, 205, 206, 207, 208, 138, 210, 211, 212, 213, 611, 215, 216, 217, 218, 219, 220, 950, 222, 947, 456, 178, 226, 227, 228, 229, 230, 231, 232, 233, 234, 235, 236, 836, 238, 667, 240, 241, 565, 243, 244, 681, 246, 247, 248, 249, 778, 691, 252, 253, 615, 250, 256, 257, 258, 259, 260, 261, 262, 263, 968, 265, 266, 242, 268, 269, 270, 271, 272, 273, 274, 295, 276, 277, 278, 919, 280, 281, 282, 283, 284, 285, 286, 287, 335, 289, 290, 291, 292, 293, 294, 580, 296, 297, 298, 299, 300, 301, 302, 776, 304, 305, 306, 307, 308, 309, 310, 311, 312, 313, 314, 315, 316, 317, 318, 319, 320, 321, 322, 323, 324, 325, 326, 327, 328, 603, 330, 331, 332, 333, 334, 2, 336, 337, 338, 339, 340, 341, 342, 343, 344, 345, 346, 347, 348, 349, 350, 634, 352, 353, 354, 355, 388, 357, 358, 359, 360, 361, 362, 363, 201, 365, 366, 367, 368, 369, 370, 371, 372, 373, 374, 375, 376, 377, 378, 379, 625, 381, 382, 383, 384, 385, 386, 387, 127, 389, 390, 391, 601, 500, 394, 395, 396, 397, 398, 399, 400, 401, 402, 403, 404, 405, 406, 407, 408, 409, 410, 411, 224, 413, 130, 415, 720, 417, 418, 419, 420, 421, 422, 423, 424, 425, 426, 108, 428, 429, 430, 431, 432, 433, 434, 435, 436, 427, 438, 439, 440, 441, 209, 443, 444, 445, 183, 447, 448, 449, 450, 451, 452, 453, 454, 455, 955, 457, 458, 459, 460, 461, 462, 463, 464, 827, 466, 467, 468, 469, 470, 471, 472, 473, 474, 475, 476, 477, 478, 479, 480, 481, 482, 483, 484, 485, 486, 465, 488, 225, 490, 491, 492, 101, 494, 85, 496, 497, 498, 499, 442, 501, 502, 493, 504, 505, 857, 507, 508, 509, 510, 511, 512, 513, 514, 515, 516, 237, 416, 519, 520, 521, 522, 523, 524, 525, 526, 527, 528, 529, 530, 531, 532, 533, 534, 535, 137, 537, 538, 539, 540, 541, 542, 543, 544, 545, 546, 547, 548, 549, 550, 551, 552, 553, 554, 555, 556, 557, 558, 559, 560, 561, 562, 563, 564, 53, 566, 567, 568, 569, 570, 571, 572, 573, 574, 575, 929, 577, 578, 239, 255, 581, 582, 794, 584, 585, 586, 587, 588, 589, 590, 591, 592, 593, 594, 595, 596, 597, 598, 599, 600, 904, 602, 329, 604, 288, 606, 607, 608, 609, 610, 412, 612, 613, 614, 356, 616, 617, 618, 619, 620, 621, 622, 623, 624, 275, 626, 627, 628, 629, 646, 631, 632, 633, 364, 635, 636, 637, 638, 639, 640, 641, 487, 643, 644, 645, 160, 647, 648, 649, 393, 651, 652, 653, 654, 655, 656, 657, 658, 659, 660, 661, 662, 663, 664, 665, 666, 37, 668, 669, 670, 671, 672, 673, 674, 675, 676, 677, 678, 642, 680, 854, 682, 683, 679, 685, 686, 687, 702, 689, 690, 769, 692, 693, 694, 695, 696, 697, 698, 699, 700, 701, 221, 703, 704, 705, 22, 707, 708, 709, 710, 711, 712, 576, 714, 797, 716, 717, 718, 719, 72, 721, 722, 723, 724, 725, 726, 727, 728, 729, 730, 731, 732, 16, 734, 735, 736, 737, 506, 739, 740, 741, 742, 743, 744, 745, 746, 747, 748, 749, 750, 751, 752, 753, 754, 755, 756, 757, 758, 759, 760, 761, 762, 763, 583, 765, 766, 767, 768, 392, 770, 771, 772, 773, 999, 775, 489, 777, 733, 779, 780, 781, 782, 783, 784, 785, 786, 787, 788, 789, 790, 579, 792, 793, 155, 795, 796, 518, 798, 799, 974, 801, 791, 803, 804, 805, 806, 807, 808, 809, 810, 811, 812, 813, 814, 815, 816, 817, 818, 819, 820, 821, 822, 823, 824, 825, 826, 965, 828, 829, 830, 831, 832, 833, 834, 835, 715, 837, 838, 839, 840, 841, 842, 843, 844, 845, 846, 847, 848, 849, 850, 851, 852, 853, 650, 855, 856, 605, 858, 859, 860, 861, 862, 863, 864, 865, 866, 867, 868, 869, 870, 871, 872, 873, 874, 875, 876, 877, 878, 879, 880, 881, 882, 883, 884, 885, 886, 887, 888, 889, 890, 303, 892, 893, 894, 895, 896, 897, 898, 899, 900, 901, 902, 903, 800, 905, 906, 907, 908, 909, 910, 911, 912, 913, 914, 915, 916, 917, 918, 495, 920, 921, 922, 923, 924, 925, 926, 264, 928, 437, 930, 254, 932, 933, 934, 935, 936, 937, 938, 939, 940, 517, 942, 943, 12, 945, 946, 927, 948, 949, 774, 951, 952, 953, 891, 351, 956, 957, 958, 959, 960, 961, 962, 963, 964, 738, 966, 967, 630, 969, 970, 971, 972, 973, 380, 975, 976, 977, 978, 979, 980, 981, 982, 983, 984, 985, 986, 987, 988, 989, 990, 991, 992, 993, 994, 995, 996, 997, 998, 503]
labeling = [0, 2, 71, 3, 1, 2, 0, 0, 2, 4, 4, 6, 146, 5, 7, 2, 8, 1, 5, 0, 1, 8, 141, 5, 0, 4, 6, 9, 7, 2, 1, 10, 12, 14, 2, 7, 1, 139, 11, 4, 1, 13, 15, 17, 5, 0, 3, 18, 19, 1, 1, 20, 22, 126, 1, 4, 6, 1, 2, 5, 3, 21, 24, 6, 2, 4, 2, 4, 0, 3, 5, 23, 142, 1, 5, 0, 26, 28, 5, 1, 0, 2, 27, 29, 3, 8, 1, 31, 33, 4, 3, 32, 34, 36, 0, 2, 35, 37, 39, 0, 0, 3, 0, 0, 0, 0, 0, 3, 0, 0, 0, 1, 0, 1, 0, 0, 0, 3, 0, 0, 0, 2, 0, 3, 0, 1, 0, 5, 0, 0, 0, 4, 0, 0, 0, 3, 0, 7, 0, 0, 0, 6, 0, 2, 0, 6, 0, 1, 0, 0, 0, 2, 0, 4, 0, 8, 0, 3, 0, 0, 0, 4, 0, 8, 0, 0, 0, 0, 0, 2, 0, 1, 0, 3, 0, 2, 0, 0, 0, 6, 0, 0, 0, 5, 0, 4, 0, 0, 0, 2, 0, 0, 0, 0, 0, 6, 0, 0, 0, 2, 1, 74, 1, 41, 42, 44, 0, 5, 1, 7, 43, 45, 3, 46, 30, 2, 4, 6, 3, 5, 48, 140, 1, 2, 6, 7, 0, 50, 52, 54, 1, 51, 3, 4, 1, 5, 2, 125, 55, 127, 3, 53, 5, 6, 3, 1, 4, 56, 58, 60, 5, 25, 1, 57, 147, 128, 6, 2, 4, 3, 59, 6, 3, 61, 145, 2, 8, 1, 1, 5, 2, 62, 4, 6, 1, 6, 3, 63, 64, 38, 65, 67, 1, 8, 2, 7, 1, 66, 130, 68, 69, 2, 5, 0, 4, 0, 2, 2, 70, 72, 0, 0, 0, 0, 0, 0, 0, 2, 0, 0, 0, 0, 0, 1, 0, 0, 0, 0, 0, 0, 0, 0, 0, 5, 0, 3, 0, 2, 0, 0, 0, 0, 0, 7, 0, 0, 0, 1, 0, 0, 6, 0, 0, 1, 0, 3, 0, 3, 0, 0, 1, 0, 0, 3, 0, 5, 0, 0, 0, 0, 3, 0, 0, 5, 6, 7, 0, 4, 0, 0, 0, 0, 1, 1, 3, 4, 0, 1, 0, 1, 7, 0, 3, 0, 5, 1, 0, 0, 0, 3, 1, 0, 3, 0, 0, 3, 0, 0, 0, 5, 0, 2, 1, 3, 76, 78, 80, 4, 77, 1, 0, 4, 131, 79, 40, 81, 10, 7, 82, 83, 1, 84, 86, 85, 87, 1, 4, 9, 88, 90, 2, 5, 89, 91, 93, 95, 2, 5, 92, 94, 4, 0, 123, 96, 98, 100, 16, 5, 1, 97, 4, 2, 1, 6, 2, 102, 49, 2, 99, 3, 5, 7, 101, 103, 104, 117, 105, 6, 106, 5, 2, 4, 107, 108, 110, 109, 1, 3, 111, 113, 5, 1, 112, 114, 116, 115, 4, 6, 118, 143, 3, 6, 119, 124, 120, 144, 121, 0, 2, 122, 0, 0, 0, 0, 1, 0, 0, 0, 2, 0, 0, 0, 0, 0, 1, 0, 0, 0, 5, 0, 0, 2, 0, 0, 3, 0, 6, 0, 1, 0, 0, 0, 0, 0, 1, 0, 0, 0, 3, 0, 7, 3, 0, 0, 3, 0, 3, 0, 0, 0, 0, 1, 0, 0, 0, 0, 0, 0, 0, 0, 8, 4, 0, 0, 0, 0, 0, 0, 0, 2, 6, 0, 0, 0, 0, 0, 5, 0, 0, 4, 0, 3, 0, 0, 0, 0, 0, 0, 0, 0, 4, 5, 0, 0, 0, 0, 0, 0, 0, 2, 129, 75, 2, 0, 3, 6, 1, 3, 5, 0, 1, 47, 2, 4, 5, 0, 4, 6, 132, 2, 3, 4, 6, 133, 134, 2, 7, 0, 4, 135, 5, 2, 1, 136, 73, 137, 4, 2, 138, 1, 1, 4, 0, 0, 2, 1, 1, 0, 0, 3, 2, 5, 0, 0, 0, 0, 0, 0, 0, 4, 1, 2, 0, 0, 0, 0, 0, 0, 0, 4, 0, 2, 0, 0, 0, 0, 0, 0, 0, 0, 0, 0, 0, 0, 0, 0, 2, 0, 0, 3, 1, 0, 0, 0, 0, 0, 0, 0, 0, 0, 0, 0, 0, 0, 0, 2, 0, 0, 0, 0, 0, 0, 0, 0, 0, 3, 0, 0, 0, 0, 0, 0, 0, 0, 0, 4, 0, 0, 0, 3, 0, 0, 0, 0, 0, 0, 0, 0, 0, 0, 0, 0, 0, 0, 0, 0, 0, 0, 0, 0, 0, 0, 0, 0, 0, 0, 0, 0, 0, 0, 0, 0, 0, 0, 0, 0, 0, 0, 0, 0, 0, 0, 0, 0, 0, 0, 0, 0, 0, 0, 0, 0, 0, 0, 0, 0, 0, 0, 0, 0, 0, 0, 0, 0, 0, 0, 0, 0, 0, 0, 0, 0, 0, 0, 0, 0, 0, 0, 0, 0, 0, 0, 0, 0, 0, 0, 0, 0, 0, 0, 0, 0, 0, 0, 0, 0, 0, 0, 0, 0, 0, 0, 0, 0, 0, 0, 0, 0, 0, 0, 0, 0, 0, 0, 0, 0, 0, 0, 0, 0, 0, 0, 0, 0, 0, 0, 0, 0, 0, 0, 0, 0, 0, 0, 0, 0, 0, 0, 0, 0, 0, 0, 0, 0, 0, 0, 0, 0, 0, 0, 0, 0, 0, 0, 0, 0, 0, 0, 0, 0, 0, 0, 0, 0, 0, 0, 0, 0, 0, 0, 0, 0, 0, 0, 0, 0, 0, 0, 0, 0, 0, 0, 0, 0, 0, 0, 0, 0, 0, 0, 0, 0, 0, 0, 0, 0, 0, 0, 0, 0, 0, 0, 0, 0, 0, 0, 0, 0, 0, 0, 0, 0, 0, 0, 0, 0, 0, 0, 0, 0, 0, 0, 0, 0, 0, 0, 0, 0, 0, 0, 0, 0, 0, 0, 0, 0, 0, 0, 0, 0, 0, 0, 0, 0, 0, 0, 0, 0, 0, 0, 0, 0, 0, 0, 0, 0, 0, 0, 0, 0, 0, 0, 0, 0, 0, 0, 0, 0, 0, 0]
convergência = [148, 148, 147, 147, 147, 147, 147, 147, 147, 147, 147, 147, 147, 147, 147, 147, 147, 147, 147, 147, 147, 147, 147, 147, 147, 147, 147, 147, 147, 147, 147, 147, 147, 147, 147, 147, 147, 147, 147, 147, 147, 147, 147, 147, 147, 147, 147, 147, 147, 147, 147, 147, 147]
================================

----- Melhor execução -----
Span (lambda): 147
best_order = [0, 1, 267, 3, 4, 941, 6, 7, 8, 9, 10, 11, 75, 13, 14, 15, 944, 17, 18, 19, 20, 21, 73, 23, 24, 25, 26, 27, 28, 29, 30, 31, 32, 33, 34, 35, 36, 117, 38, 39, 40, 41, 42, 43, 446, 45, 46, 47, 48, 49, 50, 51, 52, 931, 54, 55, 56, 57, 58, 59, 60, 61, 62, 159, 64, 65, 66, 67, 68, 69, 70, 71, 764, 251, 74, 713, 76, 77, 78, 79, 80, 81, 82, 83, 84, 214, 86, 87, 88, 89, 90, 91, 92, 93, 94, 95, 96, 97, 98, 99, 100, 279, 102, 103, 104, 105, 106, 107, 688, 109, 110, 111, 112, 113, 114, 115, 116, 802, 118, 119, 120, 121, 122, 123, 706, 125, 126, 44, 128, 129, 536, 131, 132, 133, 134, 135, 136, 63, 684, 139, 140, 141, 142, 143, 144, 145, 146, 147, 148, 171, 150, 151, 152, 153, 5, 124, 156, 157, 158, 245, 149, 161, 162, 163, 164, 165, 166, 167, 168, 169, 170, 954, 172, 173, 174, 175, 176, 177, 154, 179, 180, 181, 182, 223, 184, 185, 186, 187, 188, 189, 190, 191, 192, 193, 194, 195, 196, 197, 198, 199, 200, 414, 202, 203, 204, 205, 206, 207, 208, 138, 210, 211, 212, 213, 611, 215, 216, 217, 218, 219, 220, 950, 222, 947, 456, 178, 226, 227, 228, 229, 230, 231, 232, 233, 234, 235, 236, 836, 238, 667, 240, 241, 565, 243, 244, 681, 246, 247, 248, 249, 778, 691, 252, 253, 615, 250, 256, 257, 258, 259, 260, 261, 262, 263, 968, 265, 266, 242, 268, 269, 270, 271, 272, 273, 274, 295, 276, 277, 278, 919, 280, 281, 282, 283, 284, 285, 286, 287, 335, 289, 290, 291, 292, 293, 294, 580, 296, 297, 298, 299, 300, 301, 302, 776, 304, 305, 306, 307, 308, 309, 310, 311, 312, 313, 314, 315, 316, 317, 318, 319, 320, 321, 322, 323, 324, 325, 326, 327, 328, 603, 330, 331, 332, 333, 334, 2, 336, 337, 338, 339, 340, 341, 342, 343, 344, 345, 346, 347, 348, 349, 350, 634, 352, 353, 354, 355, 388, 357, 358, 359, 360, 361, 362, 363, 201, 365, 366, 367, 368, 369, 370, 371, 372, 373, 374, 375, 376, 377, 378, 379, 625, 381, 382, 383, 384, 385, 386, 387, 127, 389, 390, 391, 601, 500, 394, 395, 396, 397, 398, 399, 400, 401, 402, 403, 404, 405, 406, 407, 408, 409, 410, 411, 224, 413, 130, 415, 720, 417, 418, 419, 420, 421, 422, 423, 424, 425, 426, 108, 428, 429, 430, 431, 432, 433, 434, 435, 436, 427, 438, 439, 440, 441, 209, 443, 444, 445, 183, 447, 448, 449, 450, 451, 452, 453, 454, 455, 955, 457, 458, 459, 460, 461, 462, 463, 464, 827, 466, 467, 468, 469, 470, 471, 472, 473, 474, 475, 476, 477, 478, 479, 480, 481, 482, 483, 484, 485, 486, 465, 488, 225, 490, 491, 492, 101, 494, 85, 496, 497, 498, 499, 442, 501, 502, 493, 504, 505, 857, 507, 508, 509, 510, 511, 512, 513, 514, 515, 516, 237, 416, 519, 520, 521, 522, 523, 524, 525, 526, 527, 528, 529, 530, 531, 532, 533, 534, 535, 137, 537, 538, 539, 540, 541, 542, 543, 544, 545, 546, 547, 548, 549, 550, 551, 552, 553, 554, 555, 556, 557, 558, 559, 560, 561, 562, 563, 564, 53, 566, 567, 568, 569, 570, 571, 572, 573, 574, 575, 929, 577, 578, 239, 255, 581, 582, 794, 584, 585, 586, 587, 588, 589, 590, 591, 592, 593, 594, 595, 596, 597, 598, 599, 600, 904, 602, 329, 604, 288, 606, 607, 608, 609, 610, 412, 612, 613, 614, 356, 616, 617, 618, 619, 620, 621, 622, 623, 624, 275, 626, 627, 628, 629, 646, 631, 632, 633, 364, 635, 636, 637, 638, 639, 640, 641, 487, 643, 644, 645, 160, 647, 648, 649, 393, 651, 652, 653, 654, 655, 656, 657, 658, 659, 660, 661, 662, 663, 664, 665, 666, 37, 668, 669, 670, 671, 672, 673, 674, 675, 676, 677, 678, 642, 680, 854, 682, 683, 679, 685, 686, 687, 702, 689, 690, 769, 692, 693, 694, 695, 696, 697, 698, 699, 700, 701, 221, 703, 704, 705, 22, 707, 708, 709, 710, 711, 712, 576, 714, 797, 716, 717, 718, 719, 72, 721, 722, 723, 724, 725, 726, 727, 728, 729, 730, 731, 732, 16, 734, 735, 736, 737, 506, 739, 740, 741, 742, 743, 744, 745, 746, 747, 748, 749, 750, 751, 752, 753, 754, 755, 756, 757, 758, 759, 760, 761, 762, 763, 583, 765, 766, 767, 768, 392, 770, 771, 772, 773, 999, 775, 489, 777, 733, 779, 780, 781, 782, 783, 784, 785, 786, 787, 788, 789, 790, 579, 792, 793, 155, 795, 796, 518, 798, 799, 974, 801, 791, 803, 804, 805, 806, 807, 808, 809, 810, 811, 812, 813, 814, 815, 816, 817, 818, 819, 820, 821, 822, 823, 824, 825, 826, 965, 828, 829, 830, 831, 832, 833, 834, 835, 715, 837, 838, 839, 840, 841, 842, 843, 844, 845, 846, 847, 848, 849, 850, 851, 852, 853, 650, 855, 856, 605, 858, 859, 860, 861, 862, 863, 864, 865, 866, 867, 868, 869, 870, 871, 872, 873, 874, 875, 876, 877, 878, 879, 880, 881, 882, 883, 884, 885, 886, 887, 888, 889, 890, 303, 892, 893, 894, 895, 896, 897, 898, 899, 900, 901, 902, 903, 800, 905, 906, 907, 908, 909, 910, 911, 912, 913, 914, 915, 916, 917, 918, 495, 920, 921, 922, 923, 924, 925, 926, 264, 928, 437, 930, 254, 932, 933, 934, 935, 936, 937, 938, 939, 940, 517, 942, 943, 12, 945, 946, 927, 948, 949, 774, 951, 952, 953, 891, 351, 956, 957, 958, 959, 960, 961, 962, 963, 964, 738, 966, 967, 630, 969, 970, 971, 972, 973, 380, 975, 976, 977, 978, 979, 980, 981, 982, 983, 984, 985, 986, 987, 988, 989, 990, 991, 992, 993, 994, 995, 996, 997, 998, 503]
labeling = [0, 2, 71, 3, 1, 2, 0, 0, 2, 4, 4, 6, 146, 5, 7, 2, 8, 1, 5, 0, 1, 8, 141, 5, 0, 4, 6, 9, 7, 2, 1, 10, 12, 14, 2, 7, 1, 139, 11, 4, 1, 13, 15, 17, 5, 0, 3, 18, 19, 1, 1, 20, 22, 126, 1, 4, 6, 1, 2, 5, 3, 21, 24, 6, 2, 4, 2, 4, 0, 3, 5, 23, 142, 1, 5, 0, 26, 28, 5, 1, 0, 2, 27, 29, 3, 8, 1, 31, 33, 4, 3, 32, 34, 36, 0, 2, 35, 37, 39, 0, 0, 3, 0, 0, 0, 0, 0, 3, 0, 0, 0, 1, 0, 1, 0, 0, 0, 3, 0, 0, 0, 2, 0, 3, 0, 1, 0, 5, 0, 0, 0, 4, 0, 0, 0, 3, 0, 7, 0, 0, 0, 6, 0, 2, 0, 6, 0, 1, 0, 0, 0, 2, 0, 4, 0, 8, 0, 3, 0, 0, 0, 4, 0, 8, 0, 0, 0, 0, 0, 2, 0, 1, 0, 3, 0, 2, 0, 0, 0, 6, 0, 0, 0, 5, 0, 4, 0, 0, 0, 2, 0, 0, 0, 0, 0, 6, 0, 0, 0, 2, 1, 74, 1, 41, 42, 44, 0, 5, 1, 7, 43, 45, 3, 46, 30, 2, 4, 6, 3, 5, 48, 140, 1, 2, 6, 7, 0, 50, 52, 54, 1, 51, 3, 4, 1, 5, 2, 125, 55, 127, 3, 53, 5, 6, 3, 1, 4, 56, 58, 60, 5, 25, 1, 57, 147, 128, 6, 2, 4, 3, 59, 6, 3, 61, 145, 2, 8, 1, 1, 5, 2, 62, 4, 6, 1, 6, 3, 63, 64, 38, 65, 67, 1, 8, 2, 7, 1, 66, 130, 68, 69, 2, 5, 0, 4, 0, 2, 2, 70, 72, 0, 0, 0, 0, 0, 0, 0, 2, 0, 0, 0, 0, 0, 1, 0, 0, 0, 0, 0, 0, 0, 0, 0, 5, 0, 3, 0, 2, 0, 0, 0, 0, 0, 7, 0, 0, 0, 1, 0, 0, 6, 0, 0, 1, 0, 3, 0, 3, 0, 0, 1, 0, 0, 3, 0, 5, 0, 0, 0, 0, 3, 0, 0, 5, 6, 7, 0, 4, 0, 0, 0, 0, 1, 1, 3, 4, 0, 1, 0, 1, 7, 0, 3, 0, 5, 1, 0, 0, 0, 3, 1, 0, 3, 0, 0, 3, 0, 0, 0, 5, 0, 2, 1, 3, 76, 78, 80, 4, 77, 1, 0, 4, 131, 79, 40, 81, 10, 7, 82, 83, 1, 84, 86, 85, 87, 1, 4, 9, 88, 90, 2, 5, 89, 91, 93, 95, 2, 5, 92, 94, 4, 0, 123, 96, 98, 100, 16, 5, 1, 97, 4, 2, 1, 6, 2, 102, 49, 2, 99, 3, 5, 7, 101, 103, 104, 117, 105, 6, 106, 5, 2, 4, 107, 108, 110, 109, 1, 3, 111, 113, 5, 1, 112, 114, 116, 115, 4, 6, 118, 143, 3, 6, 119, 124, 120, 144, 121, 0, 2, 122, 0, 0, 0, 0, 1, 0, 0, 0, 2, 0, 0, 0, 0, 0, 1, 0, 0, 0, 5, 0, 0, 2, 0, 0, 3, 0, 6, 0, 1, 0, 0, 0, 0, 0, 1, 0, 0, 0, 3, 0, 7, 3, 0, 0, 3, 0, 3, 0, 0, 0, 0, 1, 0, 0, 0, 0, 0, 0, 0, 0, 8, 4, 0, 0, 0, 0, 0, 0, 0, 2, 6, 0, 0, 0, 0, 0, 5, 0, 0, 4, 0, 3, 0, 0, 0, 0, 0, 0, 0, 0, 4, 5, 0, 0, 0, 0, 0, 0, 0, 2, 129, 75, 2, 0, 3, 6, 1, 3, 5, 0, 1, 47, 2, 4, 5, 0, 4, 6, 132, 2, 3, 4, 6, 133, 134, 2, 7, 0, 4, 135, 5, 2, 1, 136, 73, 137, 4, 2, 138, 1, 1, 4, 0, 0, 2, 1, 1, 0, 0, 3, 2, 5, 0, 0, 0, 0, 0, 0, 0, 4, 1, 2, 0, 0, 0, 0, 0, 0, 0, 4, 0, 2, 0, 0, 0, 0, 0, 0, 0, 0, 0, 0, 0, 0, 0, 0, 2, 0, 0, 3, 1, 0, 0, 0, 0, 0, 0, 0, 0, 0, 0, 0, 0, 0, 0, 2, 0, 0, 0, 0, 0, 0, 0, 0, 0, 3, 0, 0, 0, 0, 0, 0, 0, 0, 0, 4, 0, 0, 0, 3, 0, 0, 0, 0, 0, 0, 0, 0, 0, 0, 0, 0, 0, 0, 0, 0, 0, 0, 0, 0, 0, 0, 0, 0, 0, 0, 0, 0, 0, 0, 0, 0, 0, 0, 0, 0, 0, 0, 0, 0, 0, 0, 0, 0, 0, 0, 0, 0, 0, 0, 0, 0, 0, 0, 0, 0, 0, 0, 0, 0, 0, 0, 0, 0, 0, 0, 0, 0, 0, 0, 0, 0, 0, 0, 0, 0, 0, 0, 0, 0, 0, 0, 0, 0, 0, 0, 0, 0, 0, 0, 0, 0, 0, 0, 0, 0, 0, 0, 0, 0, 0, 0, 0, 0, 0, 0, 0, 0, 0, 0, 0, 0, 0, 0, 0, 0, 0, 0, 0, 0, 0, 0, 0, 0, 0, 0, 0, 0, 0, 0, 0, 0, 0, 0, 0, 0, 0, 0, 0, 0, 0, 0, 0, 0, 0, 0, 0, 0, 0, 0, 0, 0, 0, 0, 0, 0, 0, 0, 0, 0, 0, 0, 0, 0, 0, 0, 0, 0, 0, 0, 0, 0, 0, 0, 0, 0, 0, 0, 0, 0, 0, 0, 0, 0, 0, 0, 0, 0, 0, 0, 0, 0, 0, 0, 0, 0, 0, 0, 0, 0, 0, 0, 0, 0, 0, 0, 0, 0, 0, 0, 0, 0, 0, 0, 0, 0, 0, 0, 0, 0, 0, 0, 0, 0, 0, 0, 0, 0, 0, 0, 0, 0, 0, 0, 0, 0, 0, 0, 0, 0, 0, 0, 0, 0, 0, 0, 0, 0, 0, 0, 0, 0, 0, 0, 0, 0, 0, 0, 0, 0, 0, 0, 0, 0, 0, 0, 0, 0, 0, 0]
