===== RESULTADO GA L(2,1) =====
Arquivo: /Users/mateuspedrosa/Documents/TCC-II/BOGA/data/Harwell-Boeing_cleaned/steam1_clean.mtx (undirected)
Crossover: cx | Mutação: em | pop=30 | gens=53 | mut=0.446 | cr=0.5724 | runs=1 | max-stagt=1031

----- Execução #1 -----
Span (lambda): 54
Parada: MAX_GENS (geração 53)
best_order = [0, 39, 2, 3, 4, 5, 6, 7, 8, 43, 44, 11, 12, 13, 180, 150, 16, 17, 18, 19, 20, 21, 22, 23, 24, 182, 26, 27, 172, 184, 15, 31, 32, 33, 56, 35, 36, 37, 38, 10, 40, 41, 42, 65, 193, 160, 46, 47, 48, 49, 215, 51, 52, 71, 54, 55, 45, 57, 58, 59, 60, 61, 62, 63, 64, 30, 66, 147, 68, 69, 70, 53, 92, 73, 179, 75, 76, 77, 78, 203, 80, 138, 188, 83, 72, 85, 86, 87, 29, 89, 175, 91, 142, 93, 94, 95, 199, 97, 231, 136, 195, 101, 102, 103, 104, 105, 106, 107, 108, 109, 110, 111, 112, 113, 114, 115, 116, 233, 118, 119, 120, 121, 122, 123, 124, 125, 126, 127, 128, 129, 130, 131, 132, 133, 134, 135, 99, 137, 157, 139, 166, 141, 173, 143, 204, 84, 146, 209, 67, 149, 144, 151, 163, 153, 154, 155, 156, 161, 158, 159, 25, 1, 162, 152, 164, 165, 140, 167, 14, 169, 170, 171, 79, 88, 174, 117, 211, 177, 178, 227, 98, 181, 100, 183, 148, 185, 96, 187, 225, 189, 190, 191, 192, 9, 194, 28, 196, 197, 198, 186, 200, 201, 202, 206, 168, 205, 82, 207, 208, 34, 210, 176, 212, 213, 214, 74, 216, 217, 218, 219, 220, 221, 222, 223, 224, 50, 226, 81, 228, 229, 230, 145, 232, 90, 234, 235, 236, 237, 238, 239]
labeling = [0, 49, 2, 4, 1, 6, 3, 5, 8, 51, 26, 7, 10, 11, 50, 20, 12, 14, 13, 15, 17, 9, 16, 18, 19, 38, 21, 0, 45, 24, 14, 9, 19, 22, 36, 24, 23, 25, 27, 1, 13, 15, 10, 6, 5, 28, 1, 2, 15, 17, 53, 3, 16, 22, 4, 2, 13, 16, 20, 25, 29, 13, 31, 7, 18, 10, 3, 14, 22, 10, 0, 15, 26, 19, 52, 6, 0, 16, 11, 21, 26, 24, 19, 12, 0, 11, 15, 17, 21, 9, 32, 7, 22, 23, 25, 8, 8, 20, 33, 30, 35, 17, 16, 12, 28, 11, 5, 23, 13, 24, 33, 18, 8, 23, 1, 10, 6, 19, 11, 13, 4, 6, 25, 8, 12, 25, 34, 36, 38, 35, 37, 39, 40, 42, 43, 41, 32, 36, 20, 29, 18, 33, 30, 37, 31, 54, 45, 29, 52, 34, 8, 46, 39, 42, 47, 30, 48, 44, 27, 38, 11, 34, 35, 44, 0, 1, 31, 9, 32, 46, 6, 50, 12, 4, 39, 28, 1, 40, 45, 3, 9, 27, 1, 47, 3, 2, 36, 14, 4, 51, 51, 19, 10, 12, 5, 0, 48, 6, 27, 23, 0, 37, 23, 13, 24, 48, 18, 24, 14, 5, 15, 40, 8, 43, 43, 3, 13, 4, 1, 17, 18, 3, 15, 26, 24, 33, 50, 0, 21, 47, 16, 20, 20, 2, 1, 1, 2, 0, 5, 5]
convergência = [58, 58, 57, 56, 56, 56, 56, 56, 56, 56, 56, 56, 55, 55, 55, 55, 55, 55, 55, 55, 55, 55, 55, 55, 55, 55, 55, 55, 55, 55, 55, 55, 55, 55, 55, 55, 55, 55, 55, 55, 55, 55, 55, 54, 54, 54, 54, 54, 54, 54, 54, 54, 54]
================================

----- Melhor execução -----
Span (lambda): 54
best_order = [0, 39, 2, 3, 4, 5, 6, 7, 8, 43, 44, 11, 12, 13, 180, 150, 16, 17, 18, 19, 20, 21, 22, 23, 24, 182, 26, 27, 172, 184, 15, 31, 32, 33, 56, 35, 36, 37, 38, 10, 40, 41, 42, 65, 193, 160, 46, 47, 48, 49, 215, 51, 52, 71, 54, 55, 45, 57, 58, 59, 60, 61, 62, 63, 64, 30, 66, 147, 68, 69, 70, 53, 92, 73, 179, 75, 76, 77, 78, 203, 80, 138, 188, 83, 72, 85, 86, 87, 29, 89, 175, 91, 142, 93, 94, 95, 199, 97, 231, 136, 195, 101, 102, 103, 104, 105, 106, 107, 108, 109, 110, 111, 112, 113, 114, 115, 116, 233, 118, 119, 120, 121, 122, 123, 124, 125, 126, 127, 128, 129, 130, 131, 132, 133, 134, 135, 99, 137, 157, 139, 166, 141, 173, 143, 204, 84, 146, 209, 67, 149, 144, 151, 163, 153, 154, 155, 156, 161, 158, 159, 25, 1, 162, 152, 164, 165, 140, 167, 14, 169, 170, 171, 79, 88, 174, 117, 211, 177, 178, 227, 98, 181, 100, 183, 148, 185, 96, 187, 225, 189, 190, 191, 192, 9, 194, 28, 196, 197, 198, 186, 200, 201, 202, 206, 168, 205, 82, 207, 208, 34, 210, 176, 212, 213, 214, 74, 216, 217, 218, 219, 220, 221, 222, 223, 224, 50, 226, 81, 228, 229, 230, 145, 232, 90, 234, 235, 236, 237, 238, 239]
labeling = [0, 49, 2, 4, 1, 6, 3, 5, 8, 51, 26, 7, 10, 11, 50, 20, 12, 14, 13, 15, 17, 9, 16, 18, 19, 38, 21, 0, 45, 24, 14, 9, 19, 22, 36, 24, 23, 25, 27, 1, 13, 15, 10, 6, 5, 28, 1, 2, 15, 17, 53, 3, 16, 22, 4, 2, 13, 16, 20, 25, 29, 13, 31, 7, 18, 10, 3, 14, 22, 10, 0, 15, 26, 19, 52, 6, 0, 16, 11, 21, 26, 24, 19, 12, 0, 11, 15, 17, 21, 9, 32, 7, 22, 23, 25, 8, 8, 20, 33, 30, 35, 17, 16, 12, 28, 11, 5, 23, 13, 24, 33, 18, 8, 23, 1, 10, 6, 19, 11, 13, 4, 6, 25, 8, 12, 25, 34, 36, 38, 35, 37, 39, 40, 42, 43, 41, 32, 36, 20, 29, 18, 33, 30, 37, 31, 54, 45, 29, 52, 34, 8, 46, 39, 42, 47, 30, 48, 44, 27, 38, 11, 34, 35, 44, 0, 1, 31, 9, 32, 46, 6, 50, 12, 4, 39, 28, 1, 40, 45, 3, 9, 27, 1, 47, 3, 2, 36, 14, 4, 51, 51, 19, 10, 12, 5, 0, 48, 6, 27, 23, 0, 37, 23, 13, 24, 48, 18, 24, 14, 5, 15, 40, 8, 43, 43, 3, 13, 4, 1, 17, 18, 3, 15, 26, 24, 33, 50, 0, 21, 47, 16, 20, 20, 2, 1, 1, 2, 0, 5, 5]
