===== RESULTADO GA L(2,1) =====
Arquivo: /Users/mateuspedrosa/Documents/TCC-II/BOGA/data/Harwell-Boeing_cleaned/steam2_clean.mtx (undirected)
Crossover: cx | Mutação: em | pop=30 | gens=53 | mut=0.446 | cr=0.5724 | runs=1 | max-stagt=1031

----- Execução #1 -----
Span (lambda): 111
Parada: MAX_GENS (geração 53)
best_order = [324, 191, 255, 466, 62, 77, 262, 60, 66, 138, 85, 47, 553, 231, 167, 558, 78, 124, 417, 14, 46, 240, 355, 51, 30, 517, 12, 15, 271, 551, 55, 133, 130, 109, 39, 212, 485, 188, 273, 246, 437, 159, 243, 11, 344, 275, 165, 532, 498, 67, 58, 503, 79, 370, 3, 264, 497, 131, 580, 341, 125, 218, 460, 272, 397, 50, 263, 378, 473, 405, 1, 90, 237, 190, 129, 310, 363, 123, 346, 404, 221, 290, 388, 163, 279, 300, 577, 166, 154, 95, 162, 206, 513, 569, 384, 484, 40, 522, 292, 527, 508, 6, 566, 115, 430, 451, 381, 132, 342, 146, 583, 72, 591, 431, 461, 100, 258, 274, 68, 596, 45, 471, 435, 483, 283, 196, 179, 267, 387, 259, 478, 175, 499, 244, 102, 557, 56, 477, 127, 280, 21, 455, 474, 197, 525, 367, 491, 331, 375, 13, 31, 178, 382, 202, 83, 426, 427, 108, 4, 444, 481, 443, 350, 570, 22, 112, 502, 194, 38, 207, 501, 434, 216, 211, 302, 373, 316, 223, 247, 144, 450, 92, 7, 364, 96, 339, 559, 457, 98, 321, 0, 333, 394, 526, 256, 597, 257, 36, 519, 561, 389, 242, 356, 416, 182, 348, 75, 407, 9, 41, 69, 180, 301, 266, 489, 433, 104, 343, 538, 447, 546, 208, 322, 548, 52, 449, 572, 122, 225, 249, 80, 521, 205, 330, 250, 227, 156, 411, 238, 117, 294, 53, 415, 16, 325, 470, 556, 54, 403, 413, 463, 158, 291, 456, 32, 101, 500, 383, 19, 239, 233, 360, 586, 365, 507, 446, 495, 453, 540, 390, 400, 482, 472, 234, 550, 414, 224, 293, 277, 173, 516, 467, 496, 562, 589, 126, 398, 549, 534, 560, 475, 235, 142, 189, 486, 425, 44, 308, 368, 520, 369, 119, 353, 195, 374, 505, 420, 134, 203, 445, 245, 113, 140, 34, 317, 254, 161, 110, 582, 379, 306, 585, 219, 168, 2, 452, 314, 439, 29, 332, 73, 326, 57, 143, 82, 422, 151, 440, 65, 298, 228, 480, 248, 284, 282, 335, 184, 137, 217, 493, 136, 276, 366, 107, 299, 512, 285, 328, 337, 287, 89, 304, 193, 581, 595, 542, 187, 590, 185, 27, 106, 571, 327, 340, 406, 555, 213, 329, 448, 28, 511, 573, 584, 91, 429, 18, 530, 64, 592, 539, 574, 564, 172, 361, 111, 160, 458, 536, 552, 438, 349, 114, 351, 81, 214, 535, 63, 210, 86, 135, 401, 278, 402, 88, 537, 510, 545, 494, 567, 408, 423, 399, 296, 149, 5, 152, 409, 357, 362, 412, 252, 469, 148, 176, 593, 153, 523, 371, 289, 315, 515, 288, 352, 10, 492, 87, 116, 514, 24, 323, 268, 547, 418, 396, 579, 121, 270, 105, 26, 454, 93, 385, 320, 251, 33, 261, 568, 139, 198, 305, 141, 265, 524, 345, 297, 183, 209, 588, 186, 529, 43, 563, 17, 531, 222, 544, 303, 201, 347, 260, 61, 578, 391, 145, 147, 157, 476, 103, 181, 164, 170, 490, 599, 459, 49, 94, 319, 48, 199, 432, 25, 338, 59, 23, 311, 462, 441, 42, 575, 312, 358, 232, 71, 334, 533, 436, 392, 442, 336, 70, 487, 554, 468, 428, 410, 372, 354, 171, 421, 150, 376, 230, 295, 20, 594, 74, 488, 200, 76, 226, 587, 269, 506, 307, 215, 509, 35, 393, 155, 309, 229, 177, 380, 97, 464, 286, 395, 192, 576, 99, 419, 313, 565, 84, 386, 504, 128, 281, 204, 118, 377, 120, 37, 541, 253, 359, 528, 465, 598, 479, 236, 241, 8, 543, 169, 424, 220, 174, 318, 518]
labeling = [40, 13, 65, 10, 26, 42, 12, 30, 111, 41, 86, 14, 4, 24, 2, 8, 24, 36, 19, 43, 38, 20, 7, 53, 35, 41, 11, 33, 18, 27, 4, 9, 10, 31, 16, 49, 7, 44, 1, 5, 7, 20, 44, 94, 12, 17, 5, 3, 30, 43, 9, 6, 29, 32, 22, 3, 3, 9, 1, 49, 2, 37, 0, 48, 29, 25, 1, 4, 8, 44, 13, 99, 4, 12, 24, 39, 8, 0, 2, 6, 22, 1, 29, 15, 47, 0, 23, 41, 28, 20, 2, 33, 18, 87, 11, 13, 21, 46, 23, 105, 11, 28, 13, 39, 21, 46, 27, 34, 19, 1, 23, 36, 8, 21, 30, 25, 31, 15, 22, 19, 23, 85, 9, 20, 0, 3, 14, 31, 35, 11, 2, 7, 1, 5, 14, 28, 26, 14, 1, 34, 18, 37, 16, 27, 10, 97, 4, 39, 16, 79, 20, 68, 12, 9, 0, 27, 15, 11, 17, 7, 20, 23, 1, 10, 22, 0, 3, 5, 17, 49, 33, 46, 24, 2, 27, 29, 25, 30, 2, 28, 15, 32, 8, 44, 16, 29, 21, 23, 3, 21, 9, 1, 10, 27, 0, 59, 5, 32, 13, 40, 23, 96, 9, 61, 27, 13, 2, 11, 15, 33, 26, 12, 1, 20, 8, 25, 6, 8, 0, 64, 24, 6, 28, 19, 19, 17, 29, 40, 18, 104, 20, 4, 16, 11, 5, 55, 19, 1, 4, 9, 0, 50, 7, 13, 13, 25, 5, 37, 19, 3, 12, 91, 14, 17, 7, 2, 11, 15, 5, 9, 16, 30, 0, 5, 2, 15, 11, 8, 18, 32, 23, 10, 6, 11, 8, 16, 15, 10, 17, 21, 3, 36, 9, 26, 10, 4, 14, 65, 15, 27, 1, 19, 4, 7, 9, 28, 13, 17, 2, 69, 22, 45, 35, 95, 71, 92, 63, 101, 31, 103, 16, 69, 98, 106, 66, 84, 18, 62, 52, 47, 90, 38, 48, 88, 0, 51, 67, 73, 38, 74, 20, 17, 14, 32, 30, 28, 50, 70, 45, 22, 27, 15, 18, 23, 0, 93, 6, 37, 13, 61, 11, 31, 33, 58, 35, 7, 13, 81, 37, 54, 16, 76, 35, 9, 15, 37, 17, 12, 25, 57, 9, 34, 53, 36, 32, 19, 49, 108, 11, 25, 45, 27, 15, 34, 7, 89, 27, 11, 6, 43, 17, 35, 38, 102, 16, 51, 33, 17, 21, 28, 16, 77, 3, 10, 3, 19, 4, 5, 20, 80, 44, 8, 15, 52, 3, 12, 6, 6, 22, 0, 1, 100, 4, 2, 49, 56, 2, 4, 41, 75, 5, 3, 44, 47, 13, 8, 38, 12, 29, 26, 11, 79, 35, 6, 1, 44, 4, 0, 18, 49, 7, 4, 9, 53, 20, 6, 18, 25, 19, 24, 7, 20, 13, 12, 9, 67, 0, 10, 21, 82, 12, 7, 8, 18, 7, 14, 5, 8, 3, 10, 17, 21, 16, 4, 3, 9, 16, 22, 34, 46, 17, 11, 32, 55, 31, 7, 23, 5, 6, 0, 15, 34, 9, 3, 11, 60, 5, 12, 3, 85, 25, 2, 10, 11, 33, 27, 16, 7, 29, 15, 17, 50, 1, 2, 10, 33, 4, 3, 26, 64, 0, 0, 1, 87, 24, 24, 22, 78, 10, 13, 4, 109, 6, 14, 27, 68, 13, 16, 21, 26, 22, 3, 27, 2, 34, 22, 13, 30, 0, 9, 17, 29, 16, 14, 19, 107, 1, 17, 28, 24, 6, 1, 6, 59, 12, 20, 13, 23, 2, 18, 3, 72, 12, 6, 24, 28, 5, 21, 25, 54, 23, 0, 11, 83, 15, 5, 0, 42, 10, 11]
convergência = [112, 112, 112, 112, 111, 111, 111, 111, 111, 111, 111, 111, 111, 111, 111, 111, 111, 111, 111, 111, 111, 111, 111, 111, 111, 111, 111, 111, 111, 111, 111, 111, 111, 111, 111, 111, 111, 111, 111, 111, 111, 111, 111, 111, 111, 111, 111, 111, 111, 111, 111, 111, 111]
================================

----- Melhor execução -----
Span (lambda): 111
best_order = [324, 191, 255, 466, 62, 77, 262, 60, 66, 138, 85, 47, 553, 231, 167, 558, 78, 124, 417, 14, 46, 240, 355, 51, 30, 517, 12, 15, 271, 551, 55, 133, 130, 109, 39, 212, 485, 188, 273, 246, 437, 159, 243, 11, 344, 275, 165, 532, 498, 67, 58, 503, 79, 370, 3, 264, 497, 131, 580, 341, 125, 218, 460, 272, 397, 50, 263, 378, 473, 405, 1, 90, 237, 190, 129, 310, 363, 123, 346, 404, 221, 290, 388, 163, 279, 300, 577, 166, 154, 95, 162, 206, 513, 569, 384, 484, 40, 522, 292, 527, 508, 6, 566, 115, 430, 451, 381, 132, 342, 146, 583, 72, 591, 431, 461, 100, 258, 274, 68, 596, 45, 471, 435, 483, 283, 196, 179, 267, 387, 259, 478, 175, 499, 244, 102, 557, 56, 477, 127, 280, 21, 455, 474, 197, 525, 367, 491, 331, 375, 13, 31, 178, 382, 202, 83, 426, 427, 108, 4, 444, 481, 443, 350, 570, 22, 112, 502, 194, 38, 207, 501, 434, 216, 211, 302, 373, 316, 223, 247, 144, 450, 92, 7, 364, 96, 339, 559, 457, 98, 321, 0, 333, 394, 526, 256, 597, 257, 36, 519, 561, 389, 242, 356, 416, 182, 348, 75, 407, 9, 41, 69, 180, 301, 266, 489, 433, 104, 343, 538, 447, 546, 208, 322, 548, 52, 449, 572, 122, 225, 249, 80, 521, 205, 330, 250, 227, 156, 411, 238, 117, 294, 53, 415, 16, 325, 470, 556, 54, 403, 413, 463, 158, 291, 456, 32, 101, 500, 383, 19, 239, 233, 360, 586, 365, 507, 446, 495, 453, 540, 390, 400, 482, 472, 234, 550, 414, 224, 293, 277, 173, 516, 467, 496, 562, 589, 126, 398, 549, 534, 560, 475, 235, 142, 189, 486, 425, 44, 308, 368, 520, 369, 119, 353, 195, 374, 505, 420, 134, 203, 445, 245, 113, 140, 34, 317, 254, 161, 110, 582, 379, 306, 585, 219, 168, 2, 452, 314, 439, 29, 332, 73, 326, 57, 143, 82, 422, 151, 440, 65, 298, 228, 480, 248, 284, 282, 335, 184, 137, 217, 493, 136, 276, 366, 107, 299, 512, 285, 328, 337, 287, 89, 304, 193, 581, 595, 542, 187, 590, 185, 27, 106, 571, 327, 340, 406, 555, 213, 329, 448, 28, 511, 573, 584, 91, 429, 18, 530, 64, 592, 539, 574, 564, 172, 361, 111, 160, 458, 536, 552, 438, 349, 114, 351, 81, 214, 535, 63, 210, 86, 135, 401, 278, 402, 88, 537, 510, 545, 494, 567, 408, 423, 399, 296, 149, 5, 152, 409, 357, 362, 412, 252, 469, 148, 176, 593, 153, 523, 371, 289, 315, 515, 288, 352, 10, 492, 87, 116, 514, 24, 323, 268, 547, 418, 396, 579, 121, 270, 105, 26, 454, 93, 385, 320, 251, 33, 261, 568, 139, 198, 305, 141, 265, 524, 345, 297, 183, 209, 588, 186, 529, 43, 563, 17, 531, 222, 544, 303, 201, 347, 260, 61, 578, 391, 145, 147, 157, 476, 103, 181, 164, 170, 490, 599, 459, 49, 94, 319, 48, 199, 432, 25, 338, 59, 23, 311, 462, 441, 42, 575, 312, 358, 232, 71, 334, 533, 436, 392, 442, 336, 70, 487, 554, 468, 428, 410, 372, 354, 171, 421, 150, 376, 230, 295, 20, 594, 74, 488, 200, 76, 226, 587, 269, 506, 307, 215, 509, 35, 393, 155, 309, 229, 177, 380, 97, 464, 286, 395, 192, 576, 99, 419, 313, 565, 84, 386, 504, 128, 281, 204, 118, 377, 120, 37, 541, 253, 359, 528, 465, 598, 479, 236, 241, 8, 543, 169, 424, 220, 174, 318, 518]
labeling = [40, 13, 65, 10, 26, 42, 12, 30, 111, 41, 86, 14, 4, 24, 2, 8, 24, 36, 19, 43, 38, 20, 7, 53, 35, 41, 11, 33, 18, 27, 4, 9, 10, 31, 16, 49, 7, 44, 1, 5, 7, 20, 44, 94, 12, 17, 5, 3, 30, 43, 9, 6, 29, 32, 22, 3, 3, 9, 1, 49, 2, 37, 0, 48, 29, 25, 1, 4, 8, 44, 13, 99, 4, 12, 24, 39, 8, 0, 2, 6, 22, 1, 29, 15, 47, 0, 23, 41, 28, 20, 2, 33, 18, 87, 11, 13, 21, 46, 23, 105, 11, 28, 13, 39, 21, 46, 27, 34, 19, 1, 23, 36, 8, 21, 30, 25, 31, 15, 22, 19, 23, 85, 9, 20, 0, 3, 14, 31, 35, 11, 2, 7, 1, 5, 14, 28, 26, 14, 1, 34, 18, 37, 16, 27, 10, 97, 4, 39, 16, 79, 20, 68, 12, 9, 0, 27, 15, 11, 17, 7, 20, 23, 1, 10, 22, 0, 3, 5, 17, 49, 33, 46, 24, 2, 27, 29, 25, 30, 2, 28, 15, 32, 8, 44, 16, 29, 21, 23, 3, 21, 9, 1, 10, 27, 0, 59, 5, 32, 13, 40, 23, 96, 9, 61, 27, 13, 2, 11, 15, 33, 26, 12, 1, 20, 8, 25, 6, 8, 0, 64, 24, 6, 28, 19, 19, 17, 29, 40, 18, 104, 20, 4, 16, 11, 5, 55, 19, 1, 4, 9, 0, 50, 7, 13, 13, 25, 5, 37, 19, 3, 12, 91, 14, 17, 7, 2, 11, 15, 5, 9, 16, 30, 0, 5, 2, 15, 11, 8, 18, 32, 23, 10, 6, 11, 8, 16, 15, 10, 17, 21, 3, 36, 9, 26, 10, 4, 14, 65, 15, 27, 1, 19, 4, 7, 9, 28, 13, 17, 2, 69, 22, 45, 35, 95, 71, 92, 63, 101, 31, 103, 16, 69, 98, 106, 66, 84, 18, 62, 52, 47, 90, 38, 48, 88, 0, 51, 67, 73, 38, 74, 20, 17, 14, 32, 30, 28, 50, 70, 45, 22, 27, 15, 18, 23, 0, 93, 6, 37, 13, 61, 11, 31, 33, 58, 35, 7, 13, 81, 37, 54, 16, 76, 35, 9, 15, 37, 17, 12, 25, 57, 9, 34, 53, 36, 32, 19, 49, 108, 11, 25, 45, 27, 15, 34, 7, 89, 27, 11, 6, 43, 17, 35, 38, 102, 16, 51, 33, 17, 21, 28, 16, 77, 3, 10, 3, 19, 4, 5, 20, 80, 44, 8, 15, 52, 3, 12, 6, 6, 22, 0, 1, 100, 4, 2, 49, 56, 2, 4, 41, 75, 5, 3, 44, 47, 13, 8, 38, 12, 29, 26, 11, 79, 35, 6, 1, 44, 4, 0, 18, 49, 7, 4, 9, 53, 20, 6, 18, 25, 19, 24, 7, 20, 13, 12, 9, 67, 0, 10, 21, 82, 12, 7, 8, 18, 7, 14, 5, 8, 3, 10, 17, 21, 16, 4, 3, 9, 16, 22, 34, 46, 17, 11, 32, 55, 31, 7, 23, 5, 6, 0, 15, 34, 9, 3, 11, 60, 5, 12, 3, 85, 25, 2, 10, 11, 33, 27, 16, 7, 29, 15, 17, 50, 1, 2, 10, 33, 4, 3, 26, 64, 0, 0, 1, 87, 24, 24, 22, 78, 10, 13, 4, 109, 6, 14, 27, 68, 13, 16, 21, 26, 22, 3, 27, 2, 34, 22, 13, 30, 0, 9, 17, 29, 16, 14, 19, 107, 1, 17, 28, 24, 6, 1, 6, 59, 12, 20, 13, 23, 2, 18, 3, 72, 12, 6, 24, 28, 5, 21, 25, 54, 23, 0, 11, 83, 15, 5, 0, 42, 10, 11]
