===== RESULTADO GA L(2,1) =====
Arquivo: /Users/mateuspedrosa/Documents/TCC-II/BOGA/data/Harwell-Boeing_cleaned/steam3_clean.mtx (undirected)
Crossover: cx | Mutação: em | pop=30 | gens=53 | mut=0.446 | cr=0.5724 | runs=1 | max-stagt=1031

----- Execução #1 -----
Span (lambda): 15
Parada: MAX_GENS (geração 53)
best_order = [9, 1, 20, 76, 27, 42, 25, 73, 5, 74, 56, 16, 11, 41, 65, 55, 15, 34, 44, 45, 71, 14, 7, 26, 57, 33, 30, 75, 28, 48, 47, 69, 0, 13, 2, 62, 40, 54, 79, 6, 38, 52, 3, 61, 8, 78, 67, 77, 24, 23, 64, 46, 12, 17, 37, 35, 21, 22, 50, 72, 39, 4, 63, 58, 19, 10, 36, 51, 32, 68, 59, 60, 43, 29, 53, 49, 66, 31, 70, 18]
labeling = [3, 0, 10, 11, 14, 4, 9, 6, 13, 0, 12, 2, 2, 5, 7, 1, 5, 10, 14, 6, 0, 3, 12, 1, 6, 2, 4, 0, 3, 7, 0, 1, 5, 2, 0, 4, 5, 3, 0, 1, 12, 5, 2, 13, 6, 1, 10, 8, 4, 15, 9, 11, 0, 11, 8, 3, 2, 7, 13, 15, 14, 8, 5, 7, 0, 0, 0, 0, 0, 0, 0, 0, 0, 0, 0, 0, 0, 0, 1, 0]
convergência = [17, 16, 16, 16, 16, 16, 16, 16, 16, 16, 16, 16, 16, 16, 16, 16, 16, 16, 16, 16, 16, 16, 16, 16, 16, 16, 16, 16, 16, 16, 16, 15, 15, 15, 15, 15, 15, 15, 15, 15, 15, 15, 15, 15, 15, 15, 15, 15, 15, 15, 15, 15, 15]
================================

----- Melhor execução -----
Span (lambda): 15
best_order = [9, 1, 20, 76, 27, 42, 25, 73, 5, 74, 56, 16, 11, 41, 65, 55, 15, 34, 44, 45, 71, 14, 7, 26, 57, 33, 30, 75, 28, 48, 47, 69, 0, 13, 2, 62, 40, 54, 79, 6, 38, 52, 3, 61, 8, 78, 67, 77, 24, 23, 64, 46, 12, 17, 37, 35, 21, 22, 50, 72, 39, 4, 63, 58, 19, 10, 36, 51, 32, 68, 59, 60, 43, 29, 53, 49, 66, 31, 70, 18]
labeling = [3, 0, 10, 11, 14, 4, 9, 6, 13, 0, 12, 2, 2, 5, 7, 1, 5, 10, 14, 6, 0, 3, 12, 1, 6, 2, 4, 0, 3, 7, 0, 1, 5, 2, 0, 4, 5, 3, 0, 1, 12, 5, 2, 13, 6, 1, 10, 8, 4, 15, 9, 11, 0, 11, 8, 3, 2, 7, 13, 15, 14, 8, 5, 7, 0, 0, 0, 0, 0, 0, 0, 0, 0, 0, 0, 0, 0, 0, 1, 0]
