===== RESULTADO GA L(2,1) =====
Arquivo: /Users/mateuspedrosa/Documents/TCC-II/BOGA/data/Harwell-Boeing_cleaned/west0156_clean.mtx (undirected)
Crossover: cx | Mutação: em | pop=30 | gens=53 | mut=0.446 | cr=0.5724 | runs=1 | max-stagt=1031

----- Execução #1 -----
Span (lambda): 113
Parada: MAX_GENS (geração 53)
best_order = [0, 1, 2, 3, 4, 5, 6, 7, 8, 9, 10, 11, 12, 13, 14, 15, 16, 17, 18, 19, 20, 21, 22, 23, 24, 25, 26, 27, 28, 29, 30, 31, 32, 33, 34, 35, 36, 37, 38, 39, 40, 41, 42, 43, 44, 45, 46, 47, 48, 49, 50, 51, 52, 53, 54, 55, 56, 57, 58, 59, 60, 61, 62, 63, 64, 65, 66, 67, 68, 69, 70, 71, 72, 73, 74, 75, 76, 77, 78, 79, 80, 81, 82, 83, 84, 85, 86, 87, 88, 89, 90, 91, 92, 93, 94, 95, 96, 97, 98, 99, 100, 101, 102, 103, 104, 105, 106, 107, 108, 109, 110, 111, 112, 113, 114, 115, 116, 117, 118, 119, 120, 121, 122, 123, 124, 125, 126, 127, 128, 129, 130, 131, 132, 133, 134, 135, 136, 137, 138, 139, 140, 141, 142, 143, 144, 145, 146, 147, 148, 149, 150, 151, 152, 153, 154, 155]
labeling = [0, 2, 3, 4, 5, 6, 1, 2, 7, 8, 4, 9, 10, 11, 12, 13, 14, 15, 1, 16, 5, 1, 2, 17, 18, 19, 20, 21, 22, 1, 23, 24, 1, 25, 26, 27, 28, 29, 30, 31, 32, 33, 34, 35, 36, 37, 38, 3, 4, 1, 39, 40, 41, 42, 5, 43, 1, 44, 45, 46, 47, 48, 49, 50, 51, 1, 52, 53, 1, 7, 54, 55, 56, 57, 58, 59, 60, 61, 3, 62, 63, 2, 64, 65, 66, 67, 1, 68, 6, 69, 70, 71, 1, 3, 72, 73, 74, 75, 76, 77, 78, 79, 80, 81, 82, 83, 84, 85, 2, 86, 1, 87, 6, 88, 6, 3, 4, 89, 90, 91, 92, 93, 1, 3, 94, 2, 3, 95, 96, 1, 97, 98, 99, 100, 1, 101, 2, 7, 1, 102, 103, 104, 3, 105, 106, 4, 107, 108, 9, 109, 2, 110, 111, 112, 113, 7]
convergência = [113, 113, 113, 113, 113, 113, 113, 113, 113, 113, 113, 113, 113, 113, 113, 113, 113, 113, 113, 113, 113, 113, 113, 113, 113, 113, 113, 113, 113, 113, 113, 113, 113, 113, 113, 113, 113, 113, 113, 113, 113, 113, 113, 113, 113, 113, 113, 113, 113, 113, 113, 113, 113]
================================

----- Melhor execução -----
Span (lambda): 113
best_order = [0, 1, 2, 3, 4, 5, 6, 7, 8, 9, 10, 11, 12, 13, 14, 15, 16, 17, 18, 19, 20, 21, 22, 23, 24, 25, 26, 27, 28, 29, 30, 31, 32, 33, 34, 35, 36, 37, 38, 39, 40, 41, 42, 43, 44, 45, 46, 47, 48, 49, 50, 51, 52, 53, 54, 55, 56, 57, 58, 59, 60, 61, 62, 63, 64, 65, 66, 67, 68, 69, 70, 71, 72, 73, 74, 75, 76, 77, 78, 79, 80, 81, 82, 83, 84, 85, 86, 87, 88, 89, 90, 91, 92, 93, 94, 95, 96, 97, 98, 99, 100, 101, 102, 103, 104, 105, 106, 107, 108, 109, 110, 111, 112, 113, 114, 115, 116, 117, 118, 119, 120, 121, 122, 123, 124, 125, 126, 127, 128, 129, 130, 131, 132, 133, 134, 135, 136, 137, 138, 139, 140, 141, 142, 143, 144, 145, 146, 147, 148, 149, 150, 151, 152, 153, 154, 155]
labeling = [0, 2, 3, 4, 5, 6, 1, 2, 7, 8, 4, 9, 10, 11, 12, 13, 14, 15, 1, 16, 5, 1, 2, 17, 18, 19, 20, 21, 22, 1, 23, 24, 1, 25, 26, 27, 28, 29, 30, 31, 32, 33, 34, 35, 36, 37, 38, 3, 4, 1, 39, 40, 41, 42, 5, 43, 1, 44, 45, 46, 47, 48, 49, 50, 51, 1, 52, 53, 1, 7, 54, 55, 56, 57, 58, 59, 60, 61, 3, 62, 63, 2, 64, 65, 66, 67, 1, 68, 6, 69, 70, 71, 1, 3, 72, 73, 74, 75, 76, 77, 78, 79, 80, 81, 82, 83, 84, 85, 2, 86, 1, 87, 6, 88, 6, 3, 4, 89, 90, 91, 92, 93, 1, 3, 94, 2, 3, 95, 96, 1, 97, 98, 99, 100, 1, 101, 2, 7, 1, 102, 103, 104, 3, 105, 106, 4, 107, 108, 9, 109, 2, 110, 111, 112, 113, 7]
