===== RESULTADO GA L(2,1) =====
Arquivo: /Users/mateuspedrosa/Documents/TCC-II/BOGA/data/Harwell-Boeing_cleaned/west0167_clean.mtx (undirected)
Crossover: cx | Mutação: em | pop=30 | gens=53 | mut=0.446 | cr=0.5724 | runs=1 | max-stagt=1031

----- Execução #1 -----
Span (lambda): 94
Parada: MAX_GENS (geração 53)
best_order = [0, 1, 2, 3, 4, 5, 6, 7, 8, 9, 10, 11, 12, 13, 14, 15, 16, 17, 18, 19, 20, 21, 22, 23, 24, 25, 26, 27, 28, 29, 30, 31, 32, 33, 34, 35, 36, 37, 38, 39, 40, 41, 42, 43, 44, 45, 46, 47, 48, 49, 50, 51, 52, 53, 54, 55, 56, 57, 58, 59, 60, 61, 62, 63, 64, 65, 66, 67, 68, 69, 70, 71, 72, 73, 74, 75, 76, 77, 78, 79, 80, 81, 82, 83, 84, 85, 86, 87, 88, 89, 90, 91, 92, 93, 94, 95, 96, 97, 98, 99, 100, 101, 102, 103, 104, 105, 106, 107, 108, 109, 110, 111, 112, 113, 114, 115, 116, 117, 118, 119, 120, 121, 122, 123, 124, 125, 126, 127, 128, 129, 130, 131, 132, 133, 134, 135, 136, 137, 138, 139, 140, 141, 142, 143, 144, 145, 146, 147, 148, 149, 150, 151, 152, 153, 154, 155, 156, 157, 158, 159, 160, 161, 162, 163, 164, 165, 166]
labeling = [0, 2, 3, 5, 7, 4, 9, 6, 8, 10, 11, 12, 13, 14, 15, 16, 17, 18, 19, 20, 21, 22, 23, 24, 5, 7, 1, 25, 26, 27, 28, 29, 1, 1, 30, 31, 32, 33, 34, 8, 3, 10, 4, 35, 36, 37, 2, 38, 39, 40, 41, 42, 7, 43, 44, 45, 47, 1, 5, 5, 46, 48, 3, 49, 50, 11, 51, 53, 1, 5, 52, 4, 54, 2, 55, 6, 8, 56, 4, 58, 57, 59, 60, 61, 63, 62, 64, 65, 66, 67, 9, 68, 69, 70, 11, 72, 74, 75, 71, 76, 77, 73, 1, 78, 79, 80, 3, 81, 82, 1, 84, 83, 14, 3, 1, 3, 1, 6, 0, 0, 0, 0, 0, 1, 1, 0, 0, 0, 1, 1, 1, 0, 0, 85, 86, 87, 1, 88, 3, 0, 8, 89, 0, 4, 90, 7, 0, 8, 0, 0, 91, 1, 92, 2, 0, 9, 0, 10, 0, 0, 93, 9, 0, 0, 0, 1, 94]
convergência = [94, 94, 94, 94, 94, 94, 94, 94, 94, 94, 94, 94, 94, 94, 94, 94, 94, 94, 94, 94, 94, 94, 94, 94, 94, 94, 94, 94, 94, 94, 94, 94, 94, 94, 94, 94, 94, 94, 94, 94, 94, 94, 94, 94, 94, 94, 94, 94, 94, 94, 94, 94, 94]
================================

----- Melhor execução -----
Span (lambda): 94
best_order = [0, 1, 2, 3, 4, 5, 6, 7, 8, 9, 10, 11, 12, 13, 14, 15, 16, 17, 18, 19, 20, 21, 22, 23, 24, 25, 26, 27, 28, 29, 30, 31, 32, 33, 34, 35, 36, 37, 38, 39, 40, 41, 42, 43, 44, 45, 46, 47, 48, 49, 50, 51, 52, 53, 54, 55, 56, 57, 58, 59, 60, 61, 62, 63, 64, 65, 66, 67, 68, 69, 70, 71, 72, 73, 74, 75, 76, 77, 78, 79, 80, 81, 82, 83, 84, 85, 86, 87, 88, 89, 90, 91, 92, 93, 94, 95, 96, 97, 98, 99, 100, 101, 102, 103, 104, 105, 106, 107, 108, 109, 110, 111, 112, 113, 114, 115, 116, 117, 118, 119, 120, 121, 122, 123, 124, 125, 126, 127, 128, 129, 130, 131, 132, 133, 134, 135, 136, 137, 138, 139, 140, 141, 142, 143, 144, 145, 146, 147, 148, 149, 150, 151, 152, 153, 154, 155, 156, 157, 158, 159, 160, 161, 162, 163, 164, 165, 166]
labeling = [0, 2, 3, 5, 7, 4, 9, 6, 8, 10, 11, 12, 13, 14, 15, 16, 17, 18, 19, 20, 21, 22, 23, 24, 5, 7, 1, 25, 26, 27, 28, 29, 1, 1, 30, 31, 32, 33, 34, 8, 3, 10, 4, 35, 36, 37, 2, 38, 39, 40, 41, 42, 7, 43, 44, 45, 47, 1, 5, 5, 46, 48, 3, 49, 50, 11, 51, 53, 1, 5, 52, 4, 54, 2, 55, 6, 8, 56, 4, 58, 57, 59, 60, 61, 63, 62, 64, 65, 66, 67, 9, 68, 69, 70, 11, 72, 74, 75, 71, 76, 77, 73, 1, 78, 79, 80, 3, 81, 82, 1, 84, 83, 14, 3, 1, 3, 1, 6, 0, 0, 0, 0, 0, 1, 1, 0, 0, 0, 1, 1, 1, 0, 0, 85, 86, 87, 1, 88, 3, 0, 8, 89, 0, 4, 90, 7, 0, 8, 0, 0, 91, 1, 92, 2, 0, 9, 0, 10, 0, 0, 93, 9, 0, 0, 0, 1, 94]
