===== RESULTADO GA L(2,1) =====
Arquivo: /Users/mateuspedrosa/Documents/TCC-II/BOGA/data/Harwell-Boeing_cleaned/young3c_clean.mtx (undirected)
Crossover: cx | Mutação: em | pop=30 | gens=53 | mut=0.446 | cr=0.5724 | runs=1 | max-stagt=1031

----- Execução #1 -----
Span (lambda): 477
Parada: MAX_GENS (geração 53)
best_order = [0, 1, 2, 3, 4, 5, 6, 7, 8, 9, 10, 11, 12, 13, 14, 15, 16, 17, 18, 19, 20, 21, 22, 23, 24, 25, 26, 27, 28, 29, 30, 31, 32, 33, 34, 35, 36, 37, 38, 39, 40, 41, 42, 43, 44, 45, 46, 47, 48, 49, 50, 51, 52, 53, 54, 55, 56, 57, 58, 59, 60, 61, 62, 63, 64, 65, 66, 67, 68, 69, 70, 71, 72, 73, 74, 75, 76, 77, 78, 79, 80, 81, 82, 83, 84, 85, 86, 87, 88, 89, 90, 91, 92, 93, 94, 95, 96, 97, 98, 99, 100, 101, 102, 103, 104, 105, 106, 107, 108, 109, 110, 111, 112, 113, 114, 115, 116, 117, 118, 119, 120, 121, 122, 123, 124, 125, 126, 127, 128, 129, 130, 131, 132, 133, 134, 135, 136, 137, 138, 139, 140, 141, 142, 143, 144, 145, 146, 147, 148, 149, 150, 151, 152, 153, 154, 155, 156, 157, 158, 159, 160, 161, 162, 163, 164, 165, 166, 167, 168, 169, 170, 171, 172, 173, 174, 175, 176, 177, 178, 179, 180, 181, 182, 183, 184, 185, 186, 187, 188, 189, 190, 191, 192, 193, 194, 195, 196, 197, 198, 199, 200, 201, 202, 203, 204, 205, 206, 207, 208, 209, 210, 211, 212, 213, 214, 215, 216, 217, 218, 219, 220, 221, 222, 223, 224, 225, 226, 227, 228, 229, 230, 231, 232, 233, 234, 235, 236, 237, 238, 239, 240, 241, 242, 243, 244, 245, 246, 247, 248, 249, 250, 251, 252, 253, 254, 255, 256, 257, 258, 259, 260, 261, 262, 263, 264, 265, 266, 267, 268, 269, 270, 271, 272, 273, 274, 275, 276, 277, 278, 279, 280, 281, 282, 283, 284, 285, 286, 287, 288, 289, 290, 291, 292, 293, 294, 295, 296, 297, 298, 299, 300, 301, 302, 303, 304, 305, 306, 307, 308, 309, 310, 311, 312, 313, 314, 315, 316, 317, 318, 319, 320, 321, 322, 323, 324, 325, 326, 327, 328, 329, 330, 331, 332, 333, 334, 335, 336, 337, 338, 339, 340, 341, 342, 343, 344, 345, 346, 347, 348, 349, 350, 351, 352, 353, 354, 355, 356, 357, 358, 359, 360, 361, 362, 363, 364, 365, 366, 367, 368, 369, 370, 371, 372, 373, 374, 375, 376, 377, 378, 379, 380, 381, 382, 383, 384, 385, 386, 387, 388, 389, 390, 391, 392, 393, 394, 395, 396, 397, 398, 399, 400, 401, 402, 403, 404, 405, 406, 407, 408, 409, 410, 411, 412, 413, 414, 415, 416, 417, 418, 419, 420, 421, 422, 423, 424, 425, 426, 427, 428, 429, 430, 431, 432, 433, 434, 435, 436, 437, 438, 439, 440, 441, 442, 443, 444, 445, 446, 447, 448, 449, 450, 451, 452, 453, 454, 455, 456, 457, 458, 459, 460, 461, 462, 463, 464, 465, 466, 467, 468, 469, 470, 471, 472, 473, 474, 475, 476, 477, 478, 479, 480, 481, 482, 483, 484, 485, 486, 487, 488, 489, 490, 491, 492, 493, 494, 495, 496, 497, 498, 499, 500, 501, 502, 503, 504, 505, 506, 507, 508, 509, 510, 511, 512, 513, 514, 515, 516, 517, 518, 519, 520, 521, 522, 523, 524, 525, 526, 527, 528, 529, 530, 531, 532, 533, 534, 535, 536, 537, 538, 539, 540, 541, 542, 543, 544, 545, 546, 547, 548, 549, 550, 551, 552, 553, 554, 555, 556, 557, 558, 559, 560, 561, 562, 563, 564, 565, 566, 567, 568, 569, 570, 571, 572, 573, 574, 575, 576, 577, 578, 579, 580, 581, 582, 583, 584, 585, 586, 587, 588, 589, 590, 591, 592, 593, 594, 595, 596, 597, 598, 599, 600, 601, 602, 603, 604, 605, 606, 607, 608, 609, 610, 611, 612, 613, 614, 615, 616, 617, 618, 619, 620, 621, 622, 623, 624, 625, 626, 627, 628, 629, 630, 631, 632, 633, 634, 635, 636, 637, 638, 639, 640, 641, 642, 643, 644, 645, 646, 647, 648, 649, 650, 651, 652, 653, 654, 655, 656, 657, 658, 659, 660, 661, 662, 663, 664, 665, 666, 667, 668, 669, 670, 671, 672, 673, 674, 675, 676, 677, 678, 679, 680, 681, 682, 683, 684, 685, 686, 687, 688, 689, 690, 691, 692, 693, 694, 695, 696, 697, 698, 699, 700, 701, 702, 703, 704, 705, 706, 707, 708, 709, 710, 711, 712, 713, 714, 715, 716, 717, 718, 719, 720, 721, 722, 723, 724, 725, 726, 727, 728, 729, 730, 731, 732, 733, 734, 735, 736, 737, 738, 739, 740, 741, 742, 743, 744, 745, 746, 747, 748, 749, 750, 751, 752, 753, 754, 755, 756, 757, 758, 759, 760, 761, 762, 763, 764, 765, 766, 767, 768, 769, 770, 771, 772, 773, 774, 775, 776, 777, 778, 779, 780, 781, 782, 783, 784, 785, 786, 787, 788, 789, 790, 791, 792, 793, 794, 795, 796, 797, 798, 799, 800, 801, 802, 803, 804, 805, 806, 807, 808, 809, 810, 811, 812, 813, 814, 815, 816, 817, 818, 819, 820, 821, 822, 823, 824, 825, 826, 827, 828, 829, 830, 831, 832, 833, 834, 835, 836, 837, 838, 839, 840]
labeling = [0, 2, 1, 3, 4, 6, 5, 7, 8, 10, 9, 11, 12, 14, 13, 15, 16, 18, 17, 19, 20, 22, 21, 23, 24, 26, 25, 27, 28, 29, 31, 33, 30, 32, 34, 36, 38, 35, 37, 39, 41, 43, 40, 42, 44, 46, 48, 45, 47, 49, 51, 53, 50, 52, 54, 56, 58, 55, 57, 59, 61, 63, 60, 65, 62, 67, 69, 71, 68, 70, 72, 74, 76, 73, 75, 77, 79, 81, 78, 80, 82, 84, 86, 83, 85, 87, 89, 88, 90, 92, 94, 91, 93, 95, 97, 99, 96, 98, 100, 102, 104, 101, 103, 105, 107, 109, 106, 108, 110, 112, 114, 111, 113, 115, 117, 119, 116, 118, 120, 122, 124, 121, 123, 125, 127, 129, 126, 128, 130, 132, 134, 131, 133, 135, 137, 139, 136, 138, 140, 142, 144, 141, 143, 145, 147, 146, 148, 150, 152, 149, 151, 153, 155, 157, 0, 2, 4, 0, 154, 156, 158, 0, 159, 161, 163, 160, 162, 164, 166, 168, 165, 167, 169, 171, 170, 172, 174, 176, 173, 175, 177, 178, 0, 2, 4, 0, 2, 179, 181, 183, 180, 1, 0, 2, 4, 0, 182, 184, 186, 188, 185, 187, 189, 190, 192, 194, 191, 193, 195, 197, 1, 3, 5, 7, 196, 198, 200, 202, 199, 201, 203, 205, 2, 1, 3, 204, 206, 208, 210, 207, 209, 211, 212, 214, 216, 213, 215, 217, 0, 4, 6, 218, 220, 222, 219, 221, 223, 225, 227, 224, 226, 228, 230, 5, 1, 229, 231, 233, 235, 232, 234, 236, 238, 240, 237, 239, 0, 2, 0, 241, 243, 245, 242, 244, 246, 248, 250, 247, 249, 251, 253, 255, 252, 1, 3, 254, 256, 258, 260, 257, 259, 261, 263, 265, 1, 3, 5, 8, 262, 264, 266, 268, 270, 267, 269, 271, 273, 275, 272, 274, 276, 2, 4, 0, 5, 277, 279, 281, 278, 280, 282, 284, 286, 283, 6, 1, 285, 287, 289, 291, 288, 0, 290, 292, 294, 296, 0, 293, 295, 297, 299, 301, 3, 0, 298, 300, 302, 304, 303, 305, 307, 309, 0, 2, 4, 0, 306, 308, 310, 312, 314, 311, 313, 315, 317, 319, 316, 318, 320, 322, 324, 1, 4, 321, 323, 325, 327, 326, 328, 330, 1, 3, 5, 7, 329, 331, 333, 335, 332, 334, 336, 338, 340, 337, 339, 341, 343, 345, 342, 2, 5, 7, 2, 344, 346, 348, 347, 349, 351, 4, 6, 0, 2, 350, 352, 354, 356, 353, 355, 357, 359, 361, 358, 360, 362, 364, 366, 363, 0, 3, 1, 5, 365, 367, 369, 368, 370, 372, 374, 1, 3, 6, 371, 373, 375, 377, 379, 376, 378, 380, 382, 384, 381, 383, 385, 387, 389, 7, 9, 4, 386, 388, 390, 392, 391, 393, 395, 3, 1, 4, 0, 394, 396, 398, 400, 397, 399, 401, 403, 405, 402, 404, 406, 408, 410, 407, 409, 1, 3, 5, 411, 413, 415, 412, 414, 416, 418, 6, 2, 9, 3, 417, 419, 421, 423, 0, 2, 420, 422, 424, 0, 2, 425, 427, 429, 426, 4, 7, 428, 430, 432, 434, 431, 433, 435, 437, 439, 0, 2, 436, 438, 440, 442, 444, 441, 443, 445, 447, 449, 446, 448, 450, 452, 454, 1, 6, 0, 451, 453, 455, 457, 456, 458, 460, 462, 1, 3, 5, 8, 459, 461, 463, 0, 0, 464, 465, 466, 0, 0, 467, 468, 469, 3, 0, 0, 2, 470, 471, 472, 0, 473, 474, 475, 476, 0, 6, 0, 0, 477, 0, 0, 0, 0, 0, 0, 0, 0, 0, 0, 0, 0, 0, 0, 0, 0, 0, 0, 0, 0, 0, 0, 0, 0, 0, 0, 0, 0, 0, 0, 0, 0, 0, 0, 0, 0, 0, 0, 0, 0, 0, 0, 0, 0, 0, 0, 0, 0, 0, 0, 0, 0, 0, 0, 0, 0, 0, 0, 0, 0, 0, 0, 0, 0, 0, 0, 0, 0, 0, 0, 0, 0, 0, 0, 0, 0, 0, 0, 0, 0, 0, 0, 0, 0, 0, 0, 0, 0, 0, 0, 0, 0, 0, 0, 0, 0, 0, 0, 0, 0, 0, 0, 0, 0, 0, 0, 0, 0, 0, 0, 0, 0, 0, 0, 0, 0, 0, 0, 0, 0, 0, 0, 0, 0, 0, 0, 0, 0, 0, 0, 0, 0, 0, 0, 0, 0, 0, 0, 0, 0, 0, 0, 0, 0, 0, 0, 0, 0, 0, 0, 0, 0, 0, 0, 0, 0, 0, 0, 0, 0, 0, 0, 0, 0, 0, 0, 0, 0, 0, 0, 0, 0, 0, 0, 0, 0, 0, 0, 0, 0, 0, 0, 0, 0, 0, 0, 0, 0, 0, 0, 0, 0, 0, 0, 0, 0, 0, 0, 0, 0, 0, 0, 0, 0, 0, 0, 0, 0, 0, 0, 0, 0, 0, 0, 0, 0, 0, 0, 0, 0, 0, 0, 0, 0, 0, 0, 0, 0, 0, 0, 0, 0, 0, 0, 0, 0, 0, 0, 0, 0, 0, 0, 0, 0, 0, 0, 0, 0, 0, 0, 0, 0]
convergência = [477, 477, 477, 477, 477, 477, 477, 477, 477, 477, 477, 477, 477, 477, 477, 477, 477, 477, 477, 477, 477, 477, 477, 477, 477, 477, 477, 477, 477, 477, 477, 477, 477, 477, 477, 477, 477, 477, 477, 477, 477, 477, 477, 477, 477, 477, 477, 477, 477, 477, 477, 477, 477]
================================

----- Melhor execução -----
Span (lambda): 477
best_order = [0, 1, 2, 3, 4, 5, 6, 7, 8, 9, 10, 11, 12, 13, 14, 15, 16, 17, 18, 19, 20, 21, 22, 23, 24, 25, 26, 27, 28, 29, 30, 31, 32, 33, 34, 35, 36, 37, 38, 39, 40, 41, 42, 43, 44, 45, 46, 47, 48, 49, 50, 51, 52, 53, 54, 55, 56, 57, 58, 59, 60, 61, 62, 63, 64, 65, 66, 67, 68, 69, 70, 71, 72, 73, 74, 75, 76, 77, 78, 79, 80, 81, 82, 83, 84, 85, 86, 87, 88, 89, 90, 91, 92, 93, 94, 95, 96, 97, 98, 99, 100, 101, 102, 103, 104, 105, 106, 107, 108, 109, 110, 111, 112, 113, 114, 115, 116, 117, 118, 119, 120, 121, 122, 123, 124, 125, 126, 127, 128, 129, 130, 131, 132, 133, 134, 135, 136, 137, 138, 139, 140, 141, 142, 143, 144, 145, 146, 147, 148, 149, 150, 151, 152, 153, 154, 155, 156, 157, 158, 159, 160, 161, 162, 163, 164, 165, 166, 167, 168, 169, 170, 171, 172, 173, 174, 175, 176, 177, 178, 179, 180, 181, 182, 183, 184, 185, 186, 187, 188, 189, 190, 191, 192, 193, 194, 195, 196, 197, 198, 199, 200, 201, 202, 203, 204, 205, 206, 207, 208, 209, 210, 211, 212, 213, 214, 215, 216, 217, 218, 219, 220, 221, 222, 223, 224, 225, 226, 227, 228, 229, 230, 231, 232, 233, 234, 235, 236, 237, 238, 239, 240, 241, 242, 243, 244, 245, 246, 247, 248, 249, 250, 251, 252, 253, 254, 255, 256, 257, 258, 259, 260, 261, 262, 263, 264, 265, 266, 267, 268, 269, 270, 271, 272, 273, 274, 275, 276, 277, 278, 279, 280, 281, 282, 283, 284, 285, 286, 287, 288, 289, 290, 291, 292, 293, 294, 295, 296, 297, 298, 299, 300, 301, 302, 303, 304, 305, 306, 307, 308, 309, 310, 311, 312, 313, 314, 315, 316, 317, 318, 319, 320, 321, 322, 323, 324, 325, 326, 327, 328, 329, 330, 331, 332, 333, 334, 335, 336, 337, 338, 339, 340, 341, 342, 343, 344, 345, 346, 347, 348, 349, 350, 351, 352, 353, 354, 355, 356, 357, 358, 359, 360, 361, 362, 363, 364, 365, 366, 367, 368, 369, 370, 371, 372, 373, 374, 375, 376, 377, 378, 379, 380, 381, 382, 383, 384, 385, 386, 387, 388, 389, 390, 391, 392, 393, 394, 395, 396, 397, 398, 399, 400, 401, 402, 403, 404, 405, 406, 407, 408, 409, 410, 411, 412, 413, 414, 415, 416, 417, 418, 419, 420, 421, 422, 423, 424, 425, 426, 427, 428, 429, 430, 431, 432, 433, 434, 435, 436, 437, 438, 439, 440, 441, 442, 443, 444, 445, 446, 447, 448, 449, 450, 451, 452, 453, 454, 455, 456, 457, 458, 459, 460, 461, 462, 463, 464, 465, 466, 467, 468, 469, 470, 471, 472, 473, 474, 475, 476, 477, 478, 479, 480, 481, 482, 483, 484, 485, 486, 487, 488, 489, 490, 491, 492, 493, 494, 495, 496, 497, 498, 499, 500, 501, 502, 503, 504, 505, 506, 507, 508, 509, 510, 511, 512, 513, 514, 515, 516, 517, 518, 519, 520, 521, 522, 523, 524, 525, 526, 527, 528, 529, 530, 531, 532, 533, 534, 535, 536, 537, 538, 539, 540, 541, 542, 543, 544, 545, 546, 547, 548, 549, 550, 551, 552, 553, 554, 555, 556, 557, 558, 559, 560, 561, 562, 563, 564, 565, 566, 567, 568, 569, 570, 571, 572, 573, 574, 575, 576, 577, 578, 579, 580, 581, 582, 583, 584, 585, 586, 587, 588, 589, 590, 591, 592, 593, 594, 595, 596, 597, 598, 599, 600, 601, 602, 603, 604, 605, 606, 607, 608, 609, 610, 611, 612, 613, 614, 615, 616, 617, 618, 619, 620, 621, 622, 623, 624, 625, 626, 627, 628, 629, 630, 631, 632, 633, 634, 635, 636, 637, 638, 639, 640, 641, 642, 643, 644, 645, 646, 647, 648, 649, 650, 651, 652, 653, 654, 655, 656, 657, 658, 659, 660, 661, 662, 663, 664, 665, 666, 667, 668, 669, 670, 671, 672, 673, 674, 675, 676, 677, 678, 679, 680, 681, 682, 683, 684, 685, 686, 687, 688, 689, 690, 691, 692, 693, 694, 695, 696, 697, 698, 699, 700, 701, 702, 703, 704, 705, 706, 707, 708, 709, 710, 711, 712, 713, 714, 715, 716, 717, 718, 719, 720, 721, 722, 723, 724, 725, 726, 727, 728, 729, 730, 731, 732, 733, 734, 735, 736, 737, 738, 739, 740, 741, 742, 743, 744, 745, 746, 747, 748, 749, 750, 751, 752, 753, 754, 755, 756, 757, 758, 759, 760, 761, 762, 763, 764, 765, 766, 767, 768, 769, 770, 771, 772, 773, 774, 775, 776, 777, 778, 779, 780, 781, 782, 783, 784, 785, 786, 787, 788, 789, 790, 791, 792, 793, 794, 795, 796, 797, 798, 799, 800, 801, 802, 803, 804, 805, 806, 807, 808, 809, 810, 811, 812, 813, 814, 815, 816, 817, 818, 819, 820, 821, 822, 823, 824, 825, 826, 827, 828, 829, 830, 831, 832, 833, 834, 835, 836, 837, 838, 839, 840]
labeling = [0, 2, 1, 3, 4, 6, 5, 7, 8, 10, 9, 11, 12, 14, 13, 15, 16, 18, 17, 19, 20, 22, 21, 23, 24, 26, 25, 27, 28, 29, 31, 33, 30, 32, 34, 36, 38, 35, 37, 39, 41, 43, 40, 42, 44, 46, 48, 45, 47, 49, 51, 53, 50, 52, 54, 56, 58, 55, 57, 59, 61, 63, 60, 65, 62, 67, 69, 71, 68, 70, 72, 74, 76, 73, 75, 77, 79, 81, 78, 80, 82, 84, 86, 83, 85, 87, 89, 88, 90, 92, 94, 91, 93, 95, 97, 99, 96, 98, 100, 102, 104, 101, 103, 105, 107, 109, 106, 108, 110, 112, 114, 111, 113, 115, 117, 119, 116, 118, 120, 122, 124, 121, 123, 125, 127, 129, 126, 128, 130, 132, 134, 131, 133, 135, 137, 139, 136, 138, 140, 142, 144, 141, 143, 145, 147, 146, 148, 150, 152, 149, 151, 153, 155, 157, 0, 2, 4, 0, 154, 156, 158, 0, 159, 161, 163, 160, 162, 164, 166, 168, 165, 167, 169, 171, 170, 172, 174, 176, 173, 175, 177, 178, 0, 2, 4, 0, 2, 179, 181, 183, 180, 1, 0, 2, 4, 0, 182, 184, 186, 188, 185, 187, 189, 190, 192, 194, 191, 193, 195, 197, 1, 3, 5, 7, 196, 198, 200, 202, 199, 201, 203, 205, 2, 1, 3, 204, 206, 208, 210, 207, 209, 211, 212, 214, 216, 213, 215, 217, 0, 4, 6, 218, 220, 222, 219, 221, 223, 225, 227, 224, 226, 228, 230, 5, 1, 229, 231, 233, 235, 232, 234, 236, 238, 240, 237, 239, 0, 2, 0, 241, 243, 245, 242, 244, 246, 248, 250, 247, 249, 251, 253, 255, 252, 1, 3, 254, 256, 258, 260, 257, 259, 261, 263, 265, 1, 3, 5, 8, 262, 264, 266, 268, 270, 267, 269, 271, 273, 275, 272, 274, 276, 2, 4, 0, 5, 277, 279, 281, 278, 280, 282, 284, 286, 283, 6, 1, 285, 287, 289, 291, 288, 0, 290, 292, 294, 296, 0, 293, 295, 297, 299, 301, 3, 0, 298, 300, 302, 304, 303, 305, 307, 309, 0, 2, 4, 0, 306, 308, 310, 312, 314, 311, 313, 315, 317, 319, 316, 318, 320, 322, 324, 1, 4, 321, 323, 325, 327, 326, 328, 330, 1, 3, 5, 7, 329, 331, 333, 335, 332, 334, 336, 338, 340, 337, 339, 341, 343, 345, 342, 2, 5, 7, 2, 344, 346, 348, 347, 349, 351, 4, 6, 0, 2, 350, 352, 354, 356, 353, 355, 357, 359, 361, 358, 360, 362, 364, 366, 363, 0, 3, 1, 5, 365, 367, 369, 368, 370, 372, 374, 1, 3, 6, 371, 373, 375, 377, 379, 376, 378, 380, 382, 384, 381, 383, 385, 387, 389, 7, 9, 4, 386, 388, 390, 392, 391, 393, 395, 3, 1, 4, 0, 394, 396, 398, 400, 397, 399, 401, 403, 405, 402, 404, 406, 408, 410, 407, 409, 1, 3, 5, 411, 413, 415, 412, 414, 416, 418, 6, 2, 9, 3, 417, 419, 421, 423, 0, 2, 420, 422, 424, 0, 2, 425, 427, 429, 426, 4, 7, 428, 430, 432, 434, 431, 433, 435, 437, 439, 0, 2, 436, 438, 440, 442, 444, 441, 443, 445, 447, 449, 446, 448, 450, 452, 454, 1, 6, 0, 451, 453, 455, 457, 456, 458, 460, 462, 1, 3, 5, 8, 459, 461, 463, 0, 0, 464, 465, 466, 0, 0, 467, 468, 469, 3, 0, 0, 2, 470, 471, 472, 0, 473, 474, 475, 476, 0, 6, 0, 0, 477, 0, 0, 0, 0, 0, 0, 0, 0, 0, 0, 0, 0, 0, 0, 0, 0, 0, 0, 0, 0, 0, 0, 0, 0, 0, 0, 0, 0, 0, 0, 0, 0, 0, 0, 0, 0, 0, 0, 0, 0, 0, 0, 0, 0, 0, 0, 0, 0, 0, 0, 0, 0, 0, 0, 0, 0, 0, 0, 0, 0, 0, 0, 0, 0, 0, 0, 0, 0, 0, 0, 0, 0, 0, 0, 0, 0, 0, 0, 0, 0, 0, 0, 0, 0, 0, 0, 0, 0, 0, 0, 0, 0, 0, 0, 0, 0, 0, 0, 0, 0, 0, 0, 0, 0, 0, 0, 0, 0, 0, 0, 0, 0, 0, 0, 0, 0, 0, 0, 0, 0, 0, 0, 0, 0, 0, 0, 0, 0, 0, 0, 0, 0, 0, 0, 0, 0, 0, 0, 0, 0, 0, 0, 0, 0, 0, 0, 0, 0, 0, 0, 0, 0, 0, 0, 0, 0, 0, 0, 0, 0, 0, 0, 0, 0, 0, 0, 0, 0, 0, 0, 0, 0, 0, 0, 0, 0, 0, 0, 0, 0, 0, 0, 0, 0, 0, 0, 0, 0, 0, 0, 0, 0, 0, 0, 0, 0, 0, 0, 0, 0, 0, 0, 0, 0, 0, 0, 0, 0, 0, 0, 0, 0, 0, 0, 0, 0, 0, 0, 0, 0, 0, 0, 0, 0, 0, 0, 0, 0, 0, 0, 0, 0, 0, 0, 0, 0, 0, 0, 0, 0, 0, 0, 0, 0, 0, 0, 0, 0, 0, 0, 0, 0]
