===== RESULTADO GA L(2,1) =====
Arquivo: /Users/mateuspedrosa/Documents/TCC-II/BOGA/data/Harwell-Boeing_cleaned/zenios_clean.mtx (undirected)
Crossover: cx | Mutação: em | pop=30 | gens=53 | mut=0.446 | cr=0.5724 | runs=1 | max-stagt=1031

----- Execução #1 -----
Span (lambda): 42
Parada: MAX_GENS (geração 53)
best_order = [2402, 280, 562, 694, 2357, 398, 236, 1254, 542, 2179, 839, 1969, 2284, 2055, 752, 988, 1440, 2469, 2101, 2790, 1786, 2080, 1472, 2339, 2795, 1427, 1897, 2005, 787, 408, 2768, 1153, 681, 1533, 1256, 1001, 2002, 1111, 1270, 2576, 2142, 1572, 868, 1958, 1343, 1158, 1555, 1352, 2436, 1669, 2567, 1732, 513, 1348, 2380, 2498, 1231, 1093, 2640, 1887, 2247, 713, 798, 490, 874, 1966, 294, 2815, 2604, 2152, 1435, 835, 1678, 803, 2690, 1115, 297, 1331, 1059, 535, 632, 2248, 111, 355, 1388, 167, 2654, 2520, 2855, 158, 166, 896, 1244, 157, 2833, 2171, 584, 605, 651, 2187, 174, 291, 1660, 793, 989, 1602, 2847, 2102, 1706, 2677, 2566, 2538, 1730, 582, 1195, 1819, 1275, 469, 1155, 2796, 1771, 2591, 1747, 2400, 239, 352, 2083, 1643, 1114, 555, 1081, 1859, 1459, 1323, 2122, 1510, 2491, 207, 2658, 300, 51, 2034, 520, 505, 818, 1679, 1997, 2109, 2475, 1637, 345, 1651, 386, 2705, 43, 1553, 416, 2669, 62, 1737, 2844, 1000, 1826, 1961, 1583, 1175, 1304, 2438, 2683, 1551, 613, 1790, 1575, 1520, 715, 544, 362, 756, 2589, 791, 2870, 1489, 2770, 840, 500, 786, 1647, 1129, 2515, 2121, 1562, 170, 580, 1973, 279, 991, 2217, 1258, 1890, 466, 1072, 226, 1316, 1434, 2153, 2126, 1605, 75, 450, 672, 1053, 2613, 534, 2337, 2629, 1756, 2225, 2533, 1193, 1394, 929, 1088, 2186, 2625, 444, 776, 1145, 841, 1474, 1138, 1235, 471, 2021, 2384, 585, 966, 2328, 2072, 1601, 2301, 2514, 899, 2648, 704, 1842, 778, 144, 2791, 2158, 1165, 1171, 1255, 2331, 464, 45, 2439, 530, 1420, 2650, 1947, 567, 2479, 1433, 785, 1899, 2508, 1365, 1092, 2340, 590, 1631, 156, 2467, 2351, 212, 317, 2484, 186, 1844, 262, 2689, 2703, 224, 2330, 112, 2007, 961, 2828, 2296, 256, 2310, 2360, 1563, 890, 2868, 93, 1208, 2022, 1914, 1357, 2003, 729, 2334, 1645, 1054, 2024, 1395, 1559, 1763, 1504, 2773, 2826, 2233, 810, 2511, 2098, 2848, 9, 2060, 2194, 2075, 2749, 2090, 1038, 2777, 2015, 993, 2088, 2645, 1837, 748, 25, 2377, 1760, 2812, 2686, 231, 1320, 2416, 556, 2140, 1096, 445, 735, 834, 571, 1334, 159, 771, 2730, 195, 1045, 2099, 329, 1852, 875, 436, 1415, 1109, 1497, 1363, 2817, 619, 644, 1984, 550, 889, 670, 2193, 1339, 864, 493, 1626, 757, 1611, 2585, 448, 2210, 402, 117, 100, 2177, 1079, 719, 2761, 2145, 856, 382, 1981, 646, 744, 55, 2784, 335, 743, 423, 1036, 620, 2110, 259, 506, 844, 2180, 747, 1432, 498, 2148, 2688, 1018, 2528, 292, 179, 592, 912, 2299, 979, 2026, 2117, 2131, 2811, 2846, 845, 1327, 1003, 1910, 1263, 23, 2801, 588, 1713, 2691, 2116, 1803, 873, 2422, 1099, 1456, 301, 336, 1684, 102, 2365, 561, 2861, 1182, 1006, 1491, 1944, 1658, 1921, 1541, 2182, 2798, 440, 2713, 106, 2393, 1142, 887, 1883, 2202, 2283, 2440, 229, 2621, 1770, 2859, 714, 140, 2320, 2267, 2757, 532, 1596, 2454, 905, 2487, 1568, 885, 642, 524, 2423, 782, 390, 1181, 2259, 1746, 2232, 12, 2537, 1869, 1470, 2386, 1827, 1389, 1416, 996, 2717, 2064, 1800, 1124, 1824, 1286, 1828, 2420, 2319, 120, 997, 2601, 689, 1033, 1310, 104, 728, 1246, 948, 2245, 2704, 1478, 1328, 2252, 1382, 63, 2077, 2270, 2643, 559, 1711, 2199, 2555, 633, 2404, 1354, 173, 1495, 81, 1680, 765, 68, 334, 2774, 2294, 101, 342, 1361, 427, 1119, 824, 971, 1619, 2234, 751, 1027, 2395, 1582, 641, 2348, 1443, 1347, 2166, 708, 503, 1157, 891, 1276, 1721, 1107, 497, 1538, 165, 1373, 485, 2554, 862, 1102, 1636, 1736, 1774, 1792, 435, 367, 273, 2236, 1009, 42, 2387, 926, 2831, 2155, 2074, 950, 2527, 1977, 2635, 269, 1964, 560, 1245, 2780, 833, 581, 1379, 2843, 2849, 647, 2853, 1052, 2134, 1858, 1535, 2819, 1670, 1998, 90, 507, 2278, 2281, 53, 1410, 1752, 2837, 50, 677, 0, 1344, 1411, 2609, 671, 1735, 2548, 1785, 177, 234, 640, 691, 587, 947, 2775, 1618, 1039, 2845, 2105, 2029, 2485, 319, 2343, 828, 531, 2832, 1493, 135, 1011, 946, 2540, 2332, 2637, 683, 1070, 2839, 1075, 2226, 2558, 1687, 1168, 2623, 2188, 2443, 2076, 2316, 746, 2765, 2311, 2543, 1716, 2383, 2056, 2342, 1002, 2363, 893, 2191, 877, 1180, 1591, 192, 612, 1206, 2741, 1125, 634, 1131, 2453, 1177, 982, 1972, 526, 1332, 1663, 2333, 285, 851, 2787, 311, 35, 2626, 1293, 2257, 489, 2094, 880, 2495, 2762, 1021, 2329, 146, 861, 1049, 1539, 1110, 123, 1025, 919, 871, 768, 557, 233, 414, 1710, 593, 2726, 1820, 2127, 248, 809, 153, 1543, 1300, 1449, 2215, 219, 381, 218, 510, 1078, 2551, 2628, 1396, 931, 404, 1116, 881, 1930, 1174, 2341, 883, 178, 2415, 1871, 2598, 2061, 1748, 1845, 1383, 39, 84, 1162, 2209, 1797, 1191, 287, 266, 1135, 114, 127, 2107, 2594, 2502, 2556, 1048, 1960, 558, 2361, 1531, 1904, 2489, 732, 1833, 2280, 378, 363, 6, 2481, 2869, 2483, 753, 1189, 243, 2610, 1252, 523, 385, 892, 1203, 1908, 1224, 1345, 617, 1548, 1315, 2282, 1248, 1146, 693, 2354, 1156, 1983, 822, 1955, 499, 2732, 2254, 653, 2496, 2529, 1229, 1962, 2198, 2764, 1896, 2183, 198, 2596, 202, 1167, 1077, 1026, 1724, 539, 2151, 163, 1839, 645, 866, 1558, 495, 1557, 2362, 1608, 1817, 2037, 2806, 1757, 1506, 2427, 250, 2708, 1672, 344, 1751, 1815, 1542, 1508, 1750, 852, 1236, 2221, 2513, 1234, 960, 2872, 1929, 1147, 910, 917, 1903, 628, 816, 1484, 2086, 1106, 667, 1239, 1121, 1204, 2204, 1250, 2531, 1836, 730, 933, 1682, 2047, 1387, 1945, 2729, 1702, 2871, 1624, 1857, 1301, 267, 1223, 97, 1935, 396, 1212, 1112, 1627, 79, 1290, 935, 383, 1806, 1500, 1437, 379, 1336, 357, 1120, 2092, 143, 2376, 922, 331, 2006, 1184, 2253, 1952, 253, 472, 2776, 15, 257, 2745, 965, 2394, 326, 1841, 217, 1902, 2581, 467, 999, 2260, 2731, 85, 1787, 2392, 1894, 1149, 199, 789, 2742, 2130, 2164, 2084, 934, 1556, 1113, 1576, 302, 1412, 1799, 1253, 2605, 360, 2168, 846, 133, 429, 604, 60, 2027, 577, 712, 1240, 1788, 900, 2304, 304, 1164, 762, 564, 1378, 2468, 347, 949, 108, 1810, 2638, 1674, 48, 2370, 303, 1455, 675, 1511, 2421, 2572, 2614, 1694, 1656, 1015, 736, 2583, 1100, 2818, 574, 985, 2592, 1865, 959, 2509, 2169, 1607, 790, 1847, 643, 369, 764, 1359, 1895, 150, 1402, 2753, 215, 2501, 2825, 214, 2346, 1360, 2001, 2586, 1481, 1900, 1338, 126, 608, 2290, 2012, 1862, 953, 2401, 1630, 1641, 814, 1089, 413, 2465, 2375, 1020, 2709, 1861, 2108, 1454, 1486, 125, 2803, 1573, 2617, 180, 2271, 130, 8, 2207, 1216, 1854, 674, 2664, 249, 184, 2714, 1830, 1306, 1915, 1215, 1708, 705, 1502, 365, 10, 1586, 1673, 916, 2053, 796, 655, 2066, 2510, 1439, 1749, 406, 1037, 2505, 1853, 403, 915, 1418, 624, 676, 1417, 2433, 57, 1424, 1430, 201, 1010, 687, 1526, 1649, 848, 827, 2095, 1738, 1521, 113, 1464, 770, 1932, 606, 760, 2471, 2482, 241, 2184, 124, 2754, 2223, 2018, 1600, 183, 2017, 630, 21, 213, 2442, 2808, 364, 1141, 459, 208, 2695, 956, 823, 2073, 1305, 439, 722, 631, 2707, 34, 876, 716, 2373, 56, 2449, 2838, 1528, 41, 514, 1809, 869, 1948, 832, 2190, 309, 572, 2028, 1513, 927, 2575, 2125, 2524, 2396, 1848, 24, 2251, 1975, 518, 1953, 420, 2167, 955, 2430, 2607, 1780, 323, 1617, 2716, 182, 44, 902, 2175, 1516, 2649, 1367, 484, 2231, 2820, 2322, 1161, 1073, 1585, 1200, 487, 1266, 1170, 529, 2676, 1529, 658, 2721, 603, 1273, 994, 1598, 1458, 2835, 1840, 1898, 154, 299, 601, 1725, 2162, 952, 983, 2381, 2371, 2432, 1606, 1042, 2712, 116, 2612, 2048, 1004, 2580, 652, 2758, 2004, 251, 1080, 2040, 1205, 1561, 1514, 2450, 29, 914, 1064, 623, 772, 2406, 2719, 2143, 2827, 1709, 2412, 1564, 1097, 2674, 639, 1731, 2526, 1104, 2525, 190, 221, 1843, 2237, 1094, 426, 1525, 563, 2298, 2850, 1753, 2352, 648, 1532, 1594, 2054, 1241, 872, 1076, 1431, 388, 305, 263, 1784, 2682, 906, 1283, 1821, 1540, 2020, 1238, 2457, 425, 1353, 940, 2369, 1303, 1202, 690, 973, 1499, 2562, 2503, 984, 553, 1638, 2229, 1374, 2000, 1013, 134, 629, 1740, 2045, 341, 742, 2670, 1277, 1851, 1793, 1330, 76, 353, 1154, 1372, 1307, 242, 2516, 969, 1927, 238, 1796, 963, 972, 2170, 2220, 310, 1, 1856, 1831, 1761, 258, 412, 2085, 36, 1285, 2269, 434, 188, 2139, 11, 2756, 1453, 1257, 821, 2243, 1166, 2641, 2852, 521, 2595, 321, 2013, 2218, 2700, 1324, 733, 1683, 1523, 2627, 1979, 1987, 1577, 2866, 1148, 2244, 1384, 1957, 370, 1934, 1668, 2523, 1988, 2444, 1718, 1222, 618, 128, 650, 1199, 1014, 5, 700, 2216, 349, 138, 1814, 1494, 1421, 2522, 227, 2344, 1313, 1728, 1967, 196, 2359, 481, 2630, 314, 1019, 2494, 908, 2647, 284, 1878, 327, 545, 2214, 1976, 924, 13, 2724, 2680, 2616, 718, 1994, 2458, 2750, 654, 1941, 807, 2336, 679, 2410, 1777, 424, 2364, 1485, 211, 1309, 2653, 968, 2725, 2563, 1569, 1891, 2553, 2276, 260, 1032, 1547, 61, 573, 96, 599, 1693, 2120, 3, 1581, 1808, 2829, 222, 884, 1639, 255, 2633, 2435, 325, 2783, 1377, 2578, 1635, 1425, 1492, 543, 2246, 954, 1371, 2014, 2149, 2358, 1917, 1567, 73, 1413, 692, 2802, 225, 1524, 1196, 1877, 1570, 2078, 921, 621, 1441, 2019, 2042, 19, 2118, 2545, 1448, 1062, 990, 1690, 1501, 2115, 2698, 1872, 2313, 1768, 1860, 468, 457, 338, 1565, 2813, 1291, 1628, 33, 660, 863, 1314, 1128, 591, 711, 2350, 2560, 627, 1629, 1469, 2493, 377, 2082, 2306, 2565, 2507, 517, 1615, 1671, 802, 1717, 389, 737, 2800, 2379, 2763, 2744, 1447, 1066, 1807, 1178, 1546, 1302, 1593, 850, 1061, 1105, 502, 957, 541, 1457, 1127, 95, 1662, 855, 1466, 2338, 1592, 907, 2552, 659, 2081, 2238, 2740, 330, 678, 122, 1082, 417, 1219, 1288, 879, 777, 1084, 460, 2631, 1071, 1150, 2797, 52, 2624, 1733, 1428, 799, 1490, 1140, 527, 895, 901, 2858, 115, 1974, 1207, 1700, 430, 2771, 1496, 597, 2033, 1126, 2165, 1691, 148, 2535, 2174, 547, 865, 569, 189, 2273, 2222, 1043, 164, 1688, 1176, 372, 1805, 1091, 2156, 1566, 2711, 945, 1653, 2584, 1867, 1399, 2133, 2288, 1642, 2593, 2417, 2307, 1400, 878, 1024, 2315, 17, 1426, 1829, 340, 1580, 2735, 2173, 2807, 1341, 2137, 2035, 411, 1214, 2675, 1705, 739, 2864, 2715, 2241, 1755, 2197, 264, 501, 465, 596, 2602, 1308, 2150, 474, 230, 829, 717, 812, 1589, 422, 980, 1685, 958, 614, 2452, 758, 286, 1029, 1588, 2473, 1739, 775, 549, 1696, 1249, 2382, 1933, 1741, 688, 350, 2694, 470, 1016, 308, 1366, 407, 1956, 2181, 252, 2734, 1364, 410, 1659, 1794, 2673, 1881, 479, 1022, 1296, 1058, 2570, 1346, 1194, 2840, 2597, 2608, 172, 724, 289, 740, 1888, 2062, 638, 566, 1633, 2685, 1035, 176, 2388, 391, 2147, 26, 442, 359, 1920, 1536, 682, 2051, 1926, 361, 662, 820, 1462, 918, 1963, 46, 1108, 2261, 418, 2104, 2546, 278, 1578, 482, 2297, 1355, 551, 1228, 2547, 185, 2542, 131, 1873, 2722, 1143, 2219, 1264, 2114, 1707, 1778, 261, 2300, 1409, 235, 2289, 870, 1650, 635, 537, 205, 2646, 2655, 725, 1287, 1614, 2490, 2666, 734, 1986, 1937, 1225, 854, 1322, 1134, 1866, 1192, 2367, 1055, 1846, 473, 240, 1467, 1560, 2213, 754, 1401, 1028, 1279, 575, 2424, 1172, 1209, 795, 702, 1864, 94, 2111, 533, 1251, 1139, 2030, 1483, 843, 2428, 2755, 47, 726, 1722, 1911, 2600, 2032, 987, 1012, 1942, 1759, 494, 1247, 30, 1666, 110, 1667, 1571, 488, 1889, 277, 759, 462, 1269, 699, 1522, 1745, 1675, 1767, 2295, 32, 2521, 2230, 461, 1041, 2733, 20, 2353, 792, 1268, 246, 2292, 2067, 976, 1087, 1939, 1056, 970, 2016, 118, 1318, 565, 938, 2335, 941, 1436, 2277, 2172, 1550, 2141, 2739, 1503, 1802, 401, 538, 2136, 2663, 1282, 2781, 1584, 2058, 2499, 2052, 763, 2615, 454, 806, 2106, 268, 496, 2751, 1764, 1545, 160, 749, 2862, 794, 2667, 1855, 1754, 2451, 2738, 656, 797, 2431, 1823, 673, 1403, 804, 2323, 1850, 2619, 313, 663, 1876, 2263, 1057, 886, 2240, 1980, 2656, 203, 2814, 1103, 1959, 2286, 923, 399, 858, 2564, 898, 1995, 536, 552, 1534, 1951, 64, 1292, 951, 1885, 2161, 831, 1226, 1446, 449, 392, 706, 1783, 1779, 2059, 2434, 2810, 169, 1137, 2326, 312, 2693, 58, 578, 1595, 1350, 2544, 129, 348, 2639, 1265, 2318, 1386, 1414, 1704, 2079, 1613, 1391, 384, 1991, 244, 2557, 1597, 1461, 1697, 2256, 1938, 1775, 1351, 1776, 860, 2836, 911, 995, 508, 1259, 155, 458, 720, 1060, 2113, 2701, 2559, 750, 800, 1398, 2804, 2816, 745, 1971, 149, 142, 944, 788, 2618, 65, 1333, 586, 491, 813, 1005, 74, 394, 825, 2044, 1132, 1734, 2291, 318, 1612, 1727, 1405, 2407, 1936, 1537, 1882, 1271, 2462, 152, 1295, 1874, 2534, 755, 2792, 589, 1232, 1901, 2128, 1919, 480, 1632, 91, 2672, 2385, 2476, 2138, 1801, 783, 2696, 2652, 769, 2706, 2043, 121, 773, 1552, 894, 1498, 2536, 2287, 421, 2488, 2477, 2659, 168, 1512, 2279, 710, 992, 1095, 1623, 433, 197, 2206, 602, 223, 492, 89, 2660, 1892, 1742, 2100, 1321, 1946, 1689, 1916, 288, 1090, 936, 1480, 431, 1423, 2860, 511, 2413, 2687, 1358, 600, 2561, 2857, 1260, 1893, 1884, 2743, 1069, 1083, 2506, 525, 1744, 1996, 2470, 1362, 2822, 932, 1122, 1795, 2065, 2799, 2009, 2767, 738, 801, 942, 2160, 723, 1118, 1031, 622, 54, 697, 356, 1299, 315, 247, 904, 611, 2008, 664, 419, 371, 27, 1703, 1487, 2727, 2752, 1261, 1813, 137, 478, 1505, 1385, 1262, 2611, 598, 1726, 83, 1429, 1278, 2255, 2224, 2854, 2178, 397, 1515, 1993, 766, 1905, 2275, 1390, 1519, 1187, 37, 339, 668, 283, 2760, 967, 615, 548, 2577, 2227, 2356, 781, 2132, 1477, 2389, 191, 977, 337, 2824, 686, 570, 346, 2144, 1220, 1086, 2327, 162, 1407, 2355, 1928, 2723, 2622, 1349, 2459, 2821, 2196, 2692, 2587, 1482, 515, 2599, 616, 393, 815, 685, 1999, 2091, 2863, 2681, 2571, 594, 2163, 661, 1620, 784, 2023, 306, 220, 1644, 2805, 2312, 452, 1317, 1677, 2349, 1159, 1719, 1804, 2530, 99, 2096, 1686, 136, 1342, 684, 583, 1554, 579, 2448, 2011, 2809, 1646, 2154, 546, 71, 1822, 1664, 2403, 2789, 2050, 2461, 2606, 2212, 2411, 316, 1190, 1473, 838, 209, 2865, 204, 2303, 1544, 1267, 1886, 2651, 1465, 1698, 109, 2632, 1940, 1063, 1152, 216, 1518, 2702, 2512, 1422, 59, 82, 2748, 779, 2071, 817, 2211, 455, 2549, 1468, 609, 1838, 1312, 1634, 98, 1017, 333, 1714, 1587, 2135, 1289, 2146, 1625, 276, 307, 842, 2737, 2699, 1046, 1758, 669, 939, 1590, 897, 859, 70, 1438, 1825, 680, 666, 1622, 1404, 2390, 2841, 1818, 66, 1098, 509, 456, 270, 2418, 1985, 1274, 2794, 2235, 1375, 1007, 1050, 1475, 1051, 2500, 1773, 2039, 1970, 1243, 1444, 2447, 1008, 1281, 2429, 516, 1044, 636, 698, 1772, 2192, 2031, 200, 2185, 626, 281, 1990, 271, 477, 2010, 2446, 1068, 1781, 2679, 1603, 2497, 2539, 354, 2103, 87, 1913, 2398, 2793, 2460, 2070, 161, 366, 92, 1599, 974, 16, 2464, 2657, 805, 1835, 1729, 1370, 1978, 1326, 2671, 69, 1380, 2720, 1392, 2504, 701, 1450, 2129, 1652, 1925, 727, 1766, 1233, 2678, 254, 328, 274, 607, 2474, 1655, 2345, 1173, 1765, 2408, 72, 2242, 2518, 2463, 145, 432, 888, 1681, 351, 576, 2321, 1369, 1210, 105, 937, 322, 930, 1811, 1101, 2097, 2038, 2046, 1460, 228, 1151, 595, 2590, 453, 320, 695, 2112, 2063, 1329, 1509, 1185, 332, 1074, 415, 31, 837, 2603, 522, 2492, 1943, 1654, 1030, 847, 986, 272, 1965, 1337, 1479, 175, 2274, 2157, 1284, 1816, 1616, 2426, 1661, 132, 438, 2285, 151, 139, 2486, 2195, 1723, 376, 1812, 1968, 194, 1907, 2119, 1782, 2324, 1242, 2208, 1408, 2788, 2466, 2087, 1769, 1870, 1743, 2842, 387, 1715, 512, 2588, 2834, 1319, 920, 14, 1397, 245, 2519, 1201, 2517, 808, 443, 86, 2378, 206, 1280, 373, 1368, 368, 171, 2425, 2041, 610, 2569, 2697, 2736, 2, 1879, 540, 107, 405, 2272, 1040, 1992, 2668, 1133, 1923, 2123, 1720, 1340, 275, 2069, 2550, 7, 446, 4, 882, 1325, 358, 2249, 2201, 1356, 2541, 2718, 2266, 1604, 2456, 625, 40, 2636, 475, 2405, 964, 18, 1488, 447, 2239, 1549, 483, 998, 2347, 1863, 1676, 1335, 1406, 568, 2068, 2684, 853, 380, 637, 2856, 2441, 38, 2057, 1179, 2778, 1163, 903, 2228, 49, 1023, 1906, 2579, 2250, 1875, 830, 2662, 1381, 265, 2203, 2314, 141, 343, 1832, 1982, 1047, 709, 1297, 2305, 1909, 28, 767, 2455, 2747, 1144, 2785, 290, 780, 2262, 504, 2437, 103, 1065, 1621, 2372, 1123, 1579, 2574, 1218, 2665, 1169, 1463, 731, 2419, 298, 78, 913, 193, 2397, 1950, 1762, 1954, 2409, 1931, 2268, 1272, 1211, 2746, 2620, 849, 528, 819, 1476, 2317, 181, 1230, 375, 2728, 2302, 486, 2124, 119, 2399, 1451, 2786, 2265, 1868, 2851, 296, 1880, 80, 293, 2374, 928, 1791, 324, 826, 721, 1419, 2779, 1393, 657, 395, 811, 476, 88, 2308, 409, 2582, 2830, 774, 1699, 428, 2782, 1989, 2573, 2710, 975, 1311, 282, 2093, 1527, 665, 2472, 1798, 981, 1085, 2532, 2445, 2480, 1609, 441, 1213, 867, 1294, 1712, 1922, 187, 147, 1912, 1692, 2309, 909, 1507, 1695, 1834, 857, 2368, 1471, 1517, 210, 1657, 400, 1610, 2325, 2159, 2642, 1849, 2036, 703, 1949, 1665, 2264, 2189, 761, 1452, 1117, 1130, 2644, 1160, 554, 2205, 1530, 962, 925, 67, 943, 836, 1442, 374, 978, 2867, 2759, 1701, 1298, 2661, 1217, 1198, 2634, 2823, 451, 1067, 22, 1648, 1640, 437, 1221, 1237, 2293, 2766, 237, 2049, 1136, 1376, 1789, 2772, 2025, 741, 696, 707, 1574, 295, 1445, 2366, 1183, 519, 2769, 2391, 2258, 2089, 463, 1924, 1227, 2568, 1918, 2176, 1034, 1188, 2200, 232, 2414, 2478, 1197, 649, 77, 1186]
labeling = [4, 12, 22, 10, 0, 0, 0, 0, 0, 0, 17, 5, 0, 20, 30, 2, 0, 23, 40, 0, 28, 20, 12, 0, 4, 8, 26, 0, 41, 25, 27, 0, 31, 27, 20, 0, 10, 35, 39, 0, 39, 23, 9, 0, 5, 0, 0, 0, 17, 41, 8, 0, 4, 0, 0, 5, 21, 17, 0, 4, 4, 3, 0, 2, 0, 0, 6, 8, 0, 0, 34, 24, 6, 0, 32, 4, 21, 0, 10, 3, 6, 0, 36, 30, 12, 0, 2, 9, 11, 0, 3, 9, 7, 0, 15, 20, 18, 0, 8, 10, 5, 0, 6, 2, 4, 0, 3, 12, 8, 0, 15, 0, 1, 0, 0, 20, 0, 0, 5, 3, 0, 13, 6, 6, 0, 3, 10, 8, 0, 4, 1, 4, 0, 12, 13, 4, 0, 22, 15, 20, 0, 26, 22, 9, 0, 1, 0, 0, 17, 20, 13, 0, 3, 2, 4, 0, 2, 1, 0, 0, 17, 23, 5, 0, 4, 3, 0, 0, 2, 6, 0, 0, 14, 3, 0, 0, 7, 0, 0, 7, 10, 0, 0, 4, 2, 0, 3, 22, 12, 0, 14, 24, 0, 11, 30, 4, 0, 8, 3, 1, 0, 6, 14, 35, 0, 17, 34, 1, 0, 19, 36, 15, 0, 4, 8, 4, 0, 13, 11, 9, 0, 20, 1, 0, 0, 6, 0, 0, 3, 2, 10, 0, 40, 7, 7, 0, 0, 40, 0, 2, 28, 19, 0, 0, 5, 14, 0, 26, 9, 17, 0, 4, 13, 6, 0, 5, 0, 7, 0, 5, 23, 31, 0, 4, 0, 0, 5, 3, 6, 0, 35, 30, 8, 0, 32, 16, 0, 5, 0, 0, 0, 10, 13, 0, 5, 3, 3, 0, 27, 24, 32, 0, 2, 40, 2, 0, 6, 0, 9, 0, 0, 6, 0, 11, 6, 21, 0, 30, 22, 17, 0, 13, 28, 0, 21, 29, 29, 0, 29, 5, 33, 0, 38, 12, 35, 0, 19, 19, 26, 0, 14, 9, 30, 0, 12, 2, 3, 0, 6, 7, 1, 0, 11, 36, 0, 3, 23, 16, 0, 16, 18, 0, 0, 24, 27, 1, 0, 0, 8, 2, 0, 27, 3, 14, 0, 13, 28, 8, 0, 1, 12, 19, 0, 19, 24, 0, 12, 4, 9, 0, 13, 2, 1, 0, 10, 11, 0, 0, 1, 8, 3, 0, 4, 14, 18, 0, 13, 9, 0, 0, 15, 18, 4, 0, 5, 21, 0, 0, 0, 0, 15, 19, 6, 0, 5, 21, 1, 0, 6, 11, 5, 0, 8, 3, 17, 0, 9, 2, 9, 0, 7, 0, 9, 0, 1, 4, 0, 0, 10, 6, 0, 0, 18, 12, 4, 0, 0, 0, 0, 0, 5, 16, 13, 0, 20, 19, 20, 0, 5, 7, 12, 0, 4, 13, 1, 0, 3, 7, 10, 0, 2, 2, 3, 0, 16, 23, 23, 0, 3, 10, 10, 0, 7, 12, 5, 0, 6, 4, 0, 1, 0, 15, 0, 4, 10, 4, 0, 5, 1, 0, 0, 6, 8, 3, 0, 0, 2, 7, 0, 12, 5, 0, 0, 2, 4, 8, 0, 10, 6, 10, 0, 7, 17, 0, 0, 9, 0, 0, 15, 7, 0, 0, 3, 7, 1, 0, 4, 12, 5, 0, 0, 0, 0, 7, 2, 9, 0, 2, 12, 6, 0, 8, 10, 7, 0, 2, 2, 6, 0, 6, 6, 4, 0, 4, 9, 8, 0, 3, 15, 1, 0, 4, 9, 10, 0, 14, 12, 8, 0, 7, 2, 2, 0, 19, 0, 0, 0, 2, 0, 11, 0, 11, 3, 5, 0, 0, 8, 0, 18, 11, 17, 0, 2, 5, 5, 0, 5, 18, 7, 0, 10, 14, 4, 0, 13, 16, 15, 0, 9, 0, 0, 21, 33, 19, 0, 37, 37, 24, 0, 19, 19, 0, 0, 0, 0, 27, 36, 37, 0, 2, 1, 1, 0, 8, 3, 0, 5, 9, 0, 6, 2, 0, 0, 9, 18, 8, 0, 37, 21, 11, 0, 30, 26, 33, 0, 39, 33, 14, 0, 29, 4, 6, 0, 7, 5, 0, 0, 1, 7, 3, 0, 0, 26, 8, 0, 33, 25, 15, 0, 9, 14, 0, 14, 5, 0, 0, 23, 6, 15, 0, 4, 5, 11, 0, 0, 6, 6, 0, 4, 13, 3, 0, 15, 1, 7, 0, 0, 0, 0, 0, 33, 42, 18, 0, 26, 31, 28, 0, 9, 6, 0, 42, 14, 22, 0, 3, 15, 25, 0, 25, 29, 33, 0, 6, 10, 32, 0, 7, 7, 30, 0, 11, 0, 13, 0, 28, 4, 0, 0, 29, 18, 41, 0, 5, 0, 0, 34, 39, 10, 0, 2, 0, 1, 0, 3, 0, 0, 2, 4, 0, 0, 23, 7, 0, 0, 4, 1, 0, 0, 5, 1, 2, 0, 1, 8, 16, 0, 2, 0, 7, 0, 4, 5, 0, 0, 17, 7, 11, 0, 1, 2, 6, 0, 11, 5, 7, 0, 24, 2, 17, 0, 18, 4, 14, 0, 0, 28, 0, 2, 4, 0, 0, 16, 7, 2, 0, 29, 26, 18, 0, 0, 0, 7, 0, 6, 5, 11, 0, 14, 27, 12, 0, 8, 23, 19, 0, 2, 0, 0, 19, 19, 7, 0, 0, 0, 5, 0, 15, 0, 10, 0, 6, 17, 4, 0, 0, 1, 0, 0, 1, 2, 0, 0, 3, 20, 1, 0, 6, 0, 0, 1, 4, 0, 0, 6, 4, 0, 32, 13, 2, 0, 23, 19, 0, 28, 6, 5, 0, 9, 16, 2, 0, 7, 38, 22, 0, 16, 16, 29, 0, 31, 25, 16, 0, 11, 18, 0, 0, 35, 3, 39, 0, 21, 17, 0, 4, 5, 0, 0, 8, 6, 12, 0, 41, 31, 27, 0, 12, 8, 0, 11, 29, 20, 0, 6, 1, 1, 0, 24, 15, 12, 0, 9, 8, 15, 0, 2, 3, 8, 0, 17, 10, 26, 0, 6, 0, 0, 9, 12, 0, 0, 36, 10, 2, 0, 16, 9, 0, 0, 0, 0, 1, 7, 0, 0, 6, 2, 2, 0, 9, 0, 0, 0, 4, 14, 20, 0, 0, 11, 1, 0, 4, 23, 0, 18, 3, 23, 0, 2, 17, 13, 0, 26, 34, 0, 15, 8, 6, 0, 25, 32, 24, 0, 10, 37, 25, 0, 22, 6, 10, 0, 28, 13, 20, 0, 8, 26, 28, 0, 1, 14, 3, 0, 7, 4, 0, 30, 20, 22, 0, 17, 17, 0, 0, 16, 35, 9, 0, 6, 12, 6, 0, 0, 7, 13, 0, 4, 5, 4, 0, 5, 2, 7, 0, 10, 21, 0, 10, 0, 15, 0, 7, 1, 0, 0, 20, 2, 4, 0, 3, 9, 6, 0, 11, 11, 12, 0, 5, 8, 0, 0, 0, 7, 10, 0, 2, 4, 0, 2, 0, 0, 6, 16, 7, 0, 2, 14, 2, 0, 2, 14, 2, 0, 9, 17, 9, 0, 4, 0, 2, 0, 10, 1, 11, 0, 0, 7, 0, 0, 9, 12, 2, 0, 0, 13, 3, 0, 0, 0, 0, 0, 12, 3, 24, 0, 6, 15, 7, 0, 7, 8, 4, 0, 5, 3, 3, 0, 8, 17, 22, 0, 1, 0, 14, 0, 19, 14, 19, 0, 2, 9, 9, 0, 0, 11, 0, 0, 7, 11, 0, 8, 15, 6, 0, 5, 2, 2, 0, 2, 9, 0, 0, 4, 14, 7, 0, 2, 10, 10, 0, 9, 13, 0, 0, 3, 14, 7, 0, 12, 0, 12, 0, 14, 16, 0, 0, 5, 15, 0, 8, 8, 9, 0, 13, 0, 5, 0, 7, 3, 11, 0, 1, 0, 0, 0, 3, 0, 0, 1, 11, 12, 0, 9, 5, 6, 0, 9, 17, 16, 0, 0, 15, 18, 0, 10, 0, 0, 0, 4, 6, 4, 0, 16, 10, 19, 0, 3, 13, 12, 0, 3, 6, 3, 0, 22, 8, 14, 0, 3, 4, 3, 0, 12, 9, 1, 0, 0, 7, 0, 9, 0, 18, 0, 0, 2, 0, 0, 15, 12, 13, 0, 4, 4, 0, 0, 17, 10, 2, 0, 8, 0, 0, 13, 24, 6, 0, 1, 38, 11, 0, 20, 22, 0, 0, 0, 0, 24, 9, 2, 0, 7, 5, 0, 0, 7, 8, 0, 4, 24, 0, 1, 1, 2, 0, 25, 2, 25, 0, 33, 37, 37, 0, 22, 12, 24, 0, 37, 19, 11, 0, 35, 35, 5, 0, 2, 4, 2, 0, 0, 0, 4, 0, 36, 41, 4, 0, 17, 33, 27, 0, 12, 15, 0, 15, 21, 17, 0, 22, 8, 14, 0, 1, 4, 5, 0, 1, 4, 2, 0, 19, 2, 0, 35, 32, 16, 1, 0, 0, 18, 12, 14, 14, 12, 3, 2, 3, 30, 13, 34, 8, 2, 23, 38, 2, 35, 38, 11, 27, 16, 11, 26, 3, 13, 9, 16, 15, 1, 22, 16, 1, 8, 0, 12, 15, 9, 0, 4, 1, 0, 0, 0, 6, 0, 0, 3, 0, 9, 10, 2, 6, 8, 3, 13, 5, 5, 0, 0, 0, 3, 0, 0, 1, 14, 3, 3, 0, 0, 0, 11, 0, 10, 16, 5, 10, 3, 21, 0, 21, 0, 8, 0, 9, 21, 1, 13, 16, 16, 5, 2, 6, 1, 12, 21, 11, 11, 8, 11, 15, 15, 2, 0, 0, 7, 0, 3, 0, 6, 5, 2, 6, 12, 5, 3, 1, 6, 0, 2, 0, 1, 33, 13, 0, 0, 0, 15, 0, 2, 3, 1, 4, 22, 21, 3, 5, 18, 5, 28, 7, 2, 4, 9, 27, 0, 14, 41, 3, 14, 20, 4, 12, 11, 1, 9, 1, 4, 5, 18, 0, 0, 0, 3, 0, 10, 8, 0, 7, 8, 30, 3, 30, 1, 0, 2, 6, 19, 2, 18, 4, 2, 16, 0, 3, 1, 19, 2, 22, 3, 0, 3, 2, 5, 38, 31, 1, 7, 4, 0, 0, 0, 4, 3, 0, 2, 4, 7, 7, 7, 1, 15, 19, 0, 4, 1, 0, 34, 6, 11, 2, 35, 11, 21, 5, 30, 5, 30, 5, 20, 22, 5, 6, 1, 32, 18, 1, 6, 11, 0, 6, 14, 0, 3, 6, 8, 2, 3, 8, 21, 19, 0, 0, 0, 0, 2, 9, 2, 9, 12, 7, 2, 0, 1, 8, 8, 0, 0, 0, 2, 0, 1, 1, 13, 11, 6, 10, 1, 8, 0, 0, 0, 0, 8, 4, 9, 3, 0, 4, 0, 0, 3, 7, 0, 0, 0, 0, 5, 10, 4, 8, 3, 0, 1, 11, 1, 0, 11, 6, 0, 1, 4, 2, 2, 8, 6, 1, 0, 18, 5, 0, 7, 4, 0, 0, 0, 0, 13, 2, 2, 9, 6, 13, 0, 2, 13, 0, 1, 0, 6, 12, 4, 4, 1, 0, 17, 9, 1, 2, 7, 3, 0, 4, 2, 4, 0, 0, 5, 0, 0, 1, 3, 13, 0, 2, 2, 3, 0, 2, 0, 1, 8, 4, 0, 5, 15, 1, 1, 10, 2, 11, 10, 0, 6, 13, 10, 11, 2, 1, 15, 4, 12, 1, 7, 0, 0, 1, 0, 1, 0, 2, 7, 2, 4, 0, 21, 7, 21, 20, 5, 3, 7, 1, 0, 0, 0, 1, 0, 5, 3, 1, 6, 20, 0, 6, 0, 1, 2, 10, 0, 0, 0, 0, 2, 6, 0, 3, 2, 1, 5, 0, 0, 0, 2, 1, 11, 0, 0, 0, 1, 2, 3, 0, 0, 23, 17, 5, 0, 26, 29, 0, 14, 0, 1, 10, 10, 14, 2, 3, 0, 0, 8, 0, 8, 7, 2, 2, 10, 32, 38, 15, 13, 13, 1, 13, 34, 20, 1, 9, 31, 21, 36, 0, 0, 1, 3, 12, 3, 32, 18, 11, 32, 10, 12, 7, 0, 11, 8, 9, 11, 5, 9, 2, 3, 3, 10, 14, 3, 7, 11, 0, 0, 0, 0, 0, 0, 0, 0, 0, 0, 0, 0, 0, 0, 0, 0, 0, 0, 0, 0, 0, 0, 0, 0, 0, 0, 0, 0, 0, 0, 0, 0, 0, 0, 0, 0, 0, 0, 0, 0, 0, 0, 0, 0, 0, 0, 0, 0, 0, 0, 0, 0, 0, 0, 0, 0, 0, 0, 0, 0, 0, 0, 0, 0, 0, 0, 0, 0, 0, 0, 0, 0, 0, 0, 0, 0, 0, 0, 0, 0, 0, 0, 0, 0, 0, 0, 0, 0, 0, 0, 0, 0, 0, 0, 0, 0, 0, 0, 0, 0, 0, 0, 0, 0, 0, 0, 0, 0, 0, 0, 0, 0, 0, 0, 0, 0, 0, 0, 0, 0, 0, 0, 0, 0, 0, 0, 0, 0, 0, 0, 0, 0, 0, 0, 0, 0, 0, 0, 0, 0, 0, 0, 0, 0, 0, 0, 0, 0, 0, 0, 0, 0, 0, 0, 0, 0, 0, 0, 0, 0, 0, 0, 0, 0, 0, 0, 0, 0, 0, 0, 0, 0, 0, 0, 0, 0, 0, 0, 0, 0, 0, 0, 0, 0, 0, 0, 0, 0, 0, 0, 0, 0, 0, 0, 0, 0, 0, 0, 0, 0, 0, 0, 0, 0, 0, 0, 0, 0, 0, 0, 0, 0, 0, 0, 0, 0, 0, 0, 0, 0, 0, 0, 0, 0, 0, 0, 0, 0, 0, 0, 0, 0, 0, 0, 0, 0, 0, 0, 0, 0, 0, 0, 0, 0, 0, 0, 0, 0, 0, 0, 0, 0, 0, 0, 0, 0, 0, 0, 0, 0, 0, 0, 0, 0, 0, 0, 0, 0, 0, 0, 0, 0, 0, 0, 0, 0, 0, 0, 0, 0, 0, 0, 0, 0, 0, 0, 0, 0, 0, 0, 0, 0, 0, 0, 0, 0, 0, 0, 0, 0, 0, 0, 0, 0, 0, 0, 0, 0, 0, 0, 0, 0, 0, 0, 0, 0, 0, 0, 0, 0, 0, 0, 0, 0, 0, 0, 0, 0, 0, 0, 0, 0, 0, 0, 0, 0, 0, 0, 0, 0, 0, 0, 0, 0, 0, 0, 0, 0, 0, 0, 0, 0, 0, 0, 0, 0, 0, 0, 0, 0, 0, 0, 0, 0, 0, 0, 0, 0, 0, 0, 0, 0, 0, 0, 0, 0, 0, 0, 0, 0, 0, 0, 0, 0, 0, 0, 0, 0, 0, 0, 0, 0, 0, 0, 0, 0, 0, 0, 0, 0, 0, 0, 0, 0, 0, 0, 0, 0, 0, 0, 0, 0, 0, 0, 0, 0, 0, 0, 0, 0, 0, 0, 0, 0, 0, 0, 0, 0, 0, 0, 0, 0, 0, 0, 0, 0, 0, 0, 0, 0, 0, 0, 0, 0, 0, 0, 0, 0, 0, 0, 0, 0, 0, 0, 0, 0, 0, 0, 0, 0, 0, 0, 0, 0, 0, 0, 0, 0, 0, 0, 0, 0, 0, 0, 0, 0, 0, 0, 0, 0, 0, 0, 0, 0, 0, 0, 0, 0, 0, 0, 0, 0, 0, 0, 0, 0, 0, 0, 0, 0, 0, 0, 0, 0, 0, 0, 0, 0, 0, 0, 0, 0, 0, 0, 0, 0, 0, 0, 0, 0, 0, 0, 0, 0, 0, 0, 0, 0, 0, 0, 0, 0, 0, 0, 0, 0, 0, 0, 0, 0, 0, 0, 0, 0, 0, 0, 0, 0, 0, 0, 0, 0, 0, 0, 0, 0, 0, 0, 0, 0, 0, 0, 0, 0, 0, 0, 0, 0, 0, 0, 0, 0, 0, 0, 0, 0, 0, 0, 0, 0, 0, 0, 0, 0, 0, 0, 0, 0, 0, 0, 0, 0, 0, 0, 0, 0, 0, 0, 0, 0, 0, 0, 0, 0, 0, 0, 0, 0, 0, 0, 0, 0, 0, 0, 0, 0, 0, 0, 0, 0, 0, 0, 0, 0, 0, 0, 0, 0, 0, 0, 0, 0, 0, 0, 0, 0, 0, 0, 0, 0, 0, 0, 0, 0, 0, 0, 0, 0, 0, 0, 0, 0, 0, 0, 0, 0, 0, 0, 0, 0, 0, 0, 0, 0, 0, 0, 0, 0, 0, 0, 0, 0, 0, 0, 0, 0, 0, 0, 0, 0, 0, 0, 0, 0, 0, 0, 0, 0, 0, 0, 0, 0, 0, 0, 0, 0, 0, 0, 0, 0, 0, 0, 0, 0, 0, 0, 0, 0, 0, 0, 0, 0, 0, 0, 0, 0, 0, 0, 0, 0, 0, 0, 0, 0, 0, 0, 0, 0, 0, 0, 0, 0, 0, 0, 0, 0, 0, 0, 0, 0, 0, 0, 0, 0, 0, 0, 0, 0, 0, 0, 0, 0, 0, 0, 0, 0, 0, 0, 0, 0, 0, 0, 0, 0, 0, 0, 0, 0, 0, 0, 0, 0, 0, 0, 0, 0, 0, 0, 0, 0, 0, 0, 0, 0, 0, 0, 0, 0, 0, 0, 0, 0, 0, 0, 0, 0, 0, 0, 0, 0, 0, 0, 0, 0, 0, 0, 0, 0, 0, 0, 0, 0, 0, 0, 0, 0, 0, 0, 0, 0, 0, 0, 0, 0, 0, 0, 0, 0, 0, 0, 0, 0, 0, 0, 0, 0, 0, 0, 0, 0, 0, 0, 0, 0, 0, 0, 0, 0, 0, 0, 0, 0, 0, 0, 0, 0, 0, 0, 0, 0, 0, 0, 0, 0, 0, 0, 0, 0, 0, 0, 0, 0, 0, 0, 0, 0, 0, 0, 0, 0, 0, 0, 0, 0, 0, 0, 0, 0, 0, 0, 0, 0, 0, 0, 0, 0, 0, 0, 0, 0, 0, 0, 0, 0, 0, 0, 0, 0, 0, 0, 0, 0, 0, 0, 0, 0, 0, 0, 0, 0, 0, 0, 0, 0, 0, 0]
convergência = [43, 43, 43, 43, 43, 43, 43, 43, 42, 42, 42, 42, 42, 42, 42, 42, 42, 42, 42, 42, 42, 42, 42, 42, 42, 42, 42, 42, 42, 42, 42, 42, 42, 42, 42, 42, 42, 42, 42, 42, 42, 42, 42, 42, 42, 42, 42, 42, 42, 42, 42, 42, 42]
================================

----- Melhor execução -----
Span (lambda): 42
best_order = [2402, 280, 562, 694, 2357, 398, 236, 1254, 542, 2179, 839, 1969, 2284, 2055, 752, 988, 1440, 2469, 2101, 2790, 1786, 2080, 1472, 2339, 2795, 1427, 1897, 2005, 787, 408, 2768, 1153, 681, 1533, 1256, 1001, 2002, 1111, 1270, 2576, 2142, 1572, 868, 1958, 1343, 1158, 1555, 1352, 2436, 1669, 2567, 1732, 513, 1348, 2380, 2498, 1231, 1093, 2640, 1887, 2247, 713, 798, 490, 874, 1966, 294, 2815, 2604, 2152, 1435, 835, 1678, 803, 2690, 1115, 297, 1331, 1059, 535, 632, 2248, 111, 355, 1388, 167, 2654, 2520, 2855, 158, 166, 896, 1244, 157, 2833, 2171, 584, 605, 651, 2187, 174, 291, 1660, 793, 989, 1602, 2847, 2102, 1706, 2677, 2566, 2538, 1730, 582, 1195, 1819, 1275, 469, 1155, 2796, 1771, 2591, 1747, 2400, 239, 352, 2083, 1643, 1114, 555, 1081, 1859, 1459, 1323, 2122, 1510, 2491, 207, 2658, 300, 51, 2034, 520, 505, 818, 1679, 1997, 2109, 2475, 1637, 345, 1651, 386, 2705, 43, 1553, 416, 2669, 62, 1737, 2844, 1000, 1826, 1961, 1583, 1175, 1304, 2438, 2683, 1551, 613, 1790, 1575, 1520, 715, 544, 362, 756, 2589, 791, 2870, 1489, 2770, 840, 500, 786, 1647, 1129, 2515, 2121, 1562, 170, 580, 1973, 279, 991, 2217, 1258, 1890, 466, 1072, 226, 1316, 1434, 2153, 2126, 1605, 75, 450, 672, 1053, 2613, 534, 2337, 2629, 1756, 2225, 2533, 1193, 1394, 929, 1088, 2186, 2625, 444, 776, 1145, 841, 1474, 1138, 1235, 471, 2021, 2384, 585, 966, 2328, 2072, 1601, 2301, 2514, 899, 2648, 704, 1842, 778, 144, 2791, 2158, 1165, 1171, 1255, 2331, 464, 45, 2439, 530, 1420, 2650, 1947, 567, 2479, 1433, 785, 1899, 2508, 1365, 1092, 2340, 590, 1631, 156, 2467, 2351, 212, 317, 2484, 186, 1844, 262, 2689, 2703, 224, 2330, 112, 2007, 961, 2828, 2296, 256, 2310, 2360, 1563, 890, 2868, 93, 1208, 2022, 1914, 1357, 2003, 729, 2334, 1645, 1054, 2024, 1395, 1559, 1763, 1504, 2773, 2826, 2233, 810, 2511, 2098, 2848, 9, 2060, 2194, 2075, 2749, 2090, 1038, 2777, 2015, 993, 2088, 2645, 1837, 748, 25, 2377, 1760, 2812, 2686, 231, 1320, 2416, 556, 2140, 1096, 445, 735, 834, 571, 1334, 159, 771, 2730, 195, 1045, 2099, 329, 1852, 875, 436, 1415, 1109, 1497, 1363, 2817, 619, 644, 1984, 550, 889, 670, 2193, 1339, 864, 493, 1626, 757, 1611, 2585, 448, 2210, 402, 117, 100, 2177, 1079, 719, 2761, 2145, 856, 382, 1981, 646, 744, 55, 2784, 335, 743, 423, 1036, 620, 2110, 259, 506, 844, 2180, 747, 1432, 498, 2148, 2688, 1018, 2528, 292, 179, 592, 912, 2299, 979, 2026, 2117, 2131, 2811, 2846, 845, 1327, 1003, 1910, 1263, 23, 2801, 588, 1713, 2691, 2116, 1803, 873, 2422, 1099, 1456, 301, 336, 1684, 102, 2365, 561, 2861, 1182, 1006, 1491, 1944, 1658, 1921, 1541, 2182, 2798, 440, 2713, 106, 2393, 1142, 887, 1883, 2202, 2283, 2440, 229, 2621, 1770, 2859, 714, 140, 2320, 2267, 2757, 532, 1596, 2454, 905, 2487, 1568, 885, 642, 524, 2423, 782, 390, 1181, 2259, 1746, 2232, 12, 2537, 1869, 1470, 2386, 1827, 1389, 1416, 996, 2717, 2064, 1800, 1124, 1824, 1286, 1828, 2420, 2319, 120, 997, 2601, 689, 1033, 1310, 104, 728, 1246, 948, 2245, 2704, 1478, 1328, 2252, 1382, 63, 2077, 2270, 2643, 559, 1711, 2199, 2555, 633, 2404, 1354, 173, 1495, 81, 1680, 765, 68, 334, 2774, 2294, 101, 342, 1361, 427, 1119, 824, 971, 1619, 2234, 751, 1027, 2395, 1582, 641, 2348, 1443, 1347, 2166, 708, 503, 1157, 891, 1276, 1721, 1107, 497, 1538, 165, 1373, 485, 2554, 862, 1102, 1636, 1736, 1774, 1792, 435, 367, 273, 2236, 1009, 42, 2387, 926, 2831, 2155, 2074, 950, 2527, 1977, 2635, 269, 1964, 560, 1245, 2780, 833, 581, 1379, 2843, 2849, 647, 2853, 1052, 2134, 1858, 1535, 2819, 1670, 1998, 90, 507, 2278, 2281, 53, 1410, 1752, 2837, 50, 677, 0, 1344, 1411, 2609, 671, 1735, 2548, 1785, 177, 234, 640, 691, 587, 947, 2775, 1618, 1039, 2845, 2105, 2029, 2485, 319, 2343, 828, 531, 2832, 1493, 135, 1011, 946, 2540, 2332, 2637, 683, 1070, 2839, 1075, 2226, 2558, 1687, 1168, 2623, 2188, 2443, 2076, 2316, 746, 2765, 2311, 2543, 1716, 2383, 2056, 2342, 1002, 2363, 893, 2191, 877, 1180, 1591, 192, 612, 1206, 2741, 1125, 634, 1131, 2453, 1177, 982, 1972, 526, 1332, 1663, 2333, 285, 851, 2787, 311, 35, 2626, 1293, 2257, 489, 2094, 880, 2495, 2762, 1021, 2329, 146, 861, 1049, 1539, 1110, 123, 1025, 919, 871, 768, 557, 233, 414, 1710, 593, 2726, 1820, 2127, 248, 809, 153, 1543, 1300, 1449, 2215, 219, 381, 218, 510, 1078, 2551, 2628, 1396, 931, 404, 1116, 881, 1930, 1174, 2341, 883, 178, 2415, 1871, 2598, 2061, 1748, 1845, 1383, 39, 84, 1162, 2209, 1797, 1191, 287, 266, 1135, 114, 127, 2107, 2594, 2502, 2556, 1048, 1960, 558, 2361, 1531, 1904, 2489, 732, 1833, 2280, 378, 363, 6, 2481, 2869, 2483, 753, 1189, 243, 2610, 1252, 523, 385, 892, 1203, 1908, 1224, 1345, 617, 1548, 1315, 2282, 1248, 1146, 693, 2354, 1156, 1983, 822, 1955, 499, 2732, 2254, 653, 2496, 2529, 1229, 1962, 2198, 2764, 1896, 2183, 198, 2596, 202, 1167, 1077, 1026, 1724, 539, 2151, 163, 1839, 645, 866, 1558, 495, 1557, 2362, 1608, 1817, 2037, 2806, 1757, 1506, 2427, 250, 2708, 1672, 344, 1751, 1815, 1542, 1508, 1750, 852, 1236, 2221, 2513, 1234, 960, 2872, 1929, 1147, 910, 917, 1903, 628, 816, 1484, 2086, 1106, 667, 1239, 1121, 1204, 2204, 1250, 2531, 1836, 730, 933, 1682, 2047, 1387, 1945, 2729, 1702, 2871, 1624, 1857, 1301, 267, 1223, 97, 1935, 396, 1212, 1112, 1627, 79, 1290, 935, 383, 1806, 1500, 1437, 379, 1336, 357, 1120, 2092, 143, 2376, 922, 331, 2006, 1184, 2253, 1952, 253, 472, 2776, 15, 257, 2745, 965, 2394, 326, 1841, 217, 1902, 2581, 467, 999, 2260, 2731, 85, 1787, 2392, 1894, 1149, 199, 789, 2742, 2130, 2164, 2084, 934, 1556, 1113, 1576, 302, 1412, 1799, 1253, 2605, 360, 2168, 846, 133, 429, 604, 60, 2027, 577, 712, 1240, 1788, 900, 2304, 304, 1164, 762, 564, 1378, 2468, 347, 949, 108, 1810, 2638, 1674, 48, 2370, 303, 1455, 675, 1511, 2421, 2572, 2614, 1694, 1656, 1015, 736, 2583, 1100, 2818, 574, 985, 2592, 1865, 959, 2509, 2169, 1607, 790, 1847, 643, 369, 764, 1359, 1895, 150, 1402, 2753, 215, 2501, 2825, 214, 2346, 1360, 2001, 2586, 1481, 1900, 1338, 126, 608, 2290, 2012, 1862, 953, 2401, 1630, 1641, 814, 1089, 413, 2465, 2375, 1020, 2709, 1861, 2108, 1454, 1486, 125, 2803, 1573, 2617, 180, 2271, 130, 8, 2207, 1216, 1854, 674, 2664, 249, 184, 2714, 1830, 1306, 1915, 1215, 1708, 705, 1502, 365, 10, 1586, 1673, 916, 2053, 796, 655, 2066, 2510, 1439, 1749, 406, 1037, 2505, 1853, 403, 915, 1418, 624, 676, 1417, 2433, 57, 1424, 1430, 201, 1010, 687, 1526, 1649, 848, 827, 2095, 1738, 1521, 113, 1464, 770, 1932, 606, 760, 2471, 2482, 241, 2184, 124, 2754, 2223, 2018, 1600, 183, 2017, 630, 21, 213, 2442, 2808, 364, 1141, 459, 208, 2695, 956, 823, 2073, 1305, 439, 722, 631, 2707, 34, 876, 716, 2373, 56, 2449, 2838, 1528, 41, 514, 1809, 869, 1948, 832, 2190, 309, 572, 2028, 1513, 927, 2575, 2125, 2524, 2396, 1848, 24, 2251, 1975, 518, 1953, 420, 2167, 955, 2430, 2607, 1780, 323, 1617, 2716, 182, 44, 902, 2175, 1516, 2649, 1367, 484, 2231, 2820, 2322, 1161, 1073, 1585, 1200, 487, 1266, 1170, 529, 2676, 1529, 658, 2721, 603, 1273, 994, 1598, 1458, 2835, 1840, 1898, 154, 299, 601, 1725, 2162, 952, 983, 2381, 2371, 2432, 1606, 1042, 2712, 116, 2612, 2048, 1004, 2580, 652, 2758, 2004, 251, 1080, 2040, 1205, 1561, 1514, 2450, 29, 914, 1064, 623, 772, 2406, 2719, 2143, 2827, 1709, 2412, 1564, 1097, 2674, 639, 1731, 2526, 1104, 2525, 190, 221, 1843, 2237, 1094, 426, 1525, 563, 2298, 2850, 1753, 2352, 648, 1532, 1594, 2054, 1241, 872, 1076, 1431, 388, 305, 263, 1784, 2682, 906, 1283, 1821, 1540, 2020, 1238, 2457, 425, 1353, 940, 2369, 1303, 1202, 690, 973, 1499, 2562, 2503, 984, 553, 1638, 2229, 1374, 2000, 1013, 134, 629, 1740, 2045, 341, 742, 2670, 1277, 1851, 1793, 1330, 76, 353, 1154, 1372, 1307, 242, 2516, 969, 1927, 238, 1796, 963, 972, 2170, 2220, 310, 1, 1856, 1831, 1761, 258, 412, 2085, 36, 1285, 2269, 434, 188, 2139, 11, 2756, 1453, 1257, 821, 2243, 1166, 2641, 2852, 521, 2595, 321, 2013, 2218, 2700, 1324, 733, 1683, 1523, 2627, 1979, 1987, 1577, 2866, 1148, 2244, 1384, 1957, 370, 1934, 1668, 2523, 1988, 2444, 1718, 1222, 618, 128, 650, 1199, 1014, 5, 700, 2216, 349, 138, 1814, 1494, 1421, 2522, 227, 2344, 1313, 1728, 1967, 196, 2359, 481, 2630, 314, 1019, 2494, 908, 2647, 284, 1878, 327, 545, 2214, 1976, 924, 13, 2724, 2680, 2616, 718, 1994, 2458, 2750, 654, 1941, 807, 2336, 679, 2410, 1777, 424, 2364, 1485, 211, 1309, 2653, 968, 2725, 2563, 1569, 1891, 2553, 2276, 260, 1032, 1547, 61, 573, 96, 599, 1693, 2120, 3, 1581, 1808, 2829, 222, 884, 1639, 255, 2633, 2435, 325, 2783, 1377, 2578, 1635, 1425, 1492, 543, 2246, 954, 1371, 2014, 2149, 2358, 1917, 1567, 73, 1413, 692, 2802, 225, 1524, 1196, 1877, 1570, 2078, 921, 621, 1441, 2019, 2042, 19, 2118, 2545, 1448, 1062, 990, 1690, 1501, 2115, 2698, 1872, 2313, 1768, 1860, 468, 457, 338, 1565, 2813, 1291, 1628, 33, 660, 863, 1314, 1128, 591, 711, 2350, 2560, 627, 1629, 1469, 2493, 377, 2082, 2306, 2565, 2507, 517, 1615, 1671, 802, 1717, 389, 737, 2800, 2379, 2763, 2744, 1447, 1066, 1807, 1178, 1546, 1302, 1593, 850, 1061, 1105, 502, 957, 541, 1457, 1127, 95, 1662, 855, 1466, 2338, 1592, 907, 2552, 659, 2081, 2238, 2740, 330, 678, 122, 1082, 417, 1219, 1288, 879, 777, 1084, 460, 2631, 1071, 1150, 2797, 52, 2624, 1733, 1428, 799, 1490, 1140, 527, 895, 901, 2858, 115, 1974, 1207, 1700, 430, 2771, 1496, 597, 2033, 1126, 2165, 1691, 148, 2535, 2174, 547, 865, 569, 189, 2273, 2222, 1043, 164, 1688, 1176, 372, 1805, 1091, 2156, 1566, 2711, 945, 1653, 2584, 1867, 1399, 2133, 2288, 1642, 2593, 2417, 2307, 1400, 878, 1024, 2315, 17, 1426, 1829, 340, 1580, 2735, 2173, 2807, 1341, 2137, 2035, 411, 1214, 2675, 1705, 739, 2864, 2715, 2241, 1755, 2197, 264, 501, 465, 596, 2602, 1308, 2150, 474, 230, 829, 717, 812, 1589, 422, 980, 1685, 958, 614, 2452, 758, 286, 1029, 1588, 2473, 1739, 775, 549, 1696, 1249, 2382, 1933, 1741, 688, 350, 2694, 470, 1016, 308, 1366, 407, 1956, 2181, 252, 2734, 1364, 410, 1659, 1794, 2673, 1881, 479, 1022, 1296, 1058, 2570, 1346, 1194, 2840, 2597, 2608, 172, 724, 289, 740, 1888, 2062, 638, 566, 1633, 2685, 1035, 176, 2388, 391, 2147, 26, 442, 359, 1920, 1536, 682, 2051, 1926, 361, 662, 820, 1462, 918, 1963, 46, 1108, 2261, 418, 2104, 2546, 278, 1578, 482, 2297, 1355, 551, 1228, 2547, 185, 2542, 131, 1873, 2722, 1143, 2219, 1264, 2114, 1707, 1778, 261, 2300, 1409, 235, 2289, 870, 1650, 635, 537, 205, 2646, 2655, 725, 1287, 1614, 2490, 2666, 734, 1986, 1937, 1225, 854, 1322, 1134, 1866, 1192, 2367, 1055, 1846, 473, 240, 1467, 1560, 2213, 754, 1401, 1028, 1279, 575, 2424, 1172, 1209, 795, 702, 1864, 94, 2111, 533, 1251, 1139, 2030, 1483, 843, 2428, 2755, 47, 726, 1722, 1911, 2600, 2032, 987, 1012, 1942, 1759, 494, 1247, 30, 1666, 110, 1667, 1571, 488, 1889, 277, 759, 462, 1269, 699, 1522, 1745, 1675, 1767, 2295, 32, 2521, 2230, 461, 1041, 2733, 20, 2353, 792, 1268, 246, 2292, 2067, 976, 1087, 1939, 1056, 970, 2016, 118, 1318, 565, 938, 2335, 941, 1436, 2277, 2172, 1550, 2141, 2739, 1503, 1802, 401, 538, 2136, 2663, 1282, 2781, 1584, 2058, 2499, 2052, 763, 2615, 454, 806, 2106, 268, 496, 2751, 1764, 1545, 160, 749, 2862, 794, 2667, 1855, 1754, 2451, 2738, 656, 797, 2431, 1823, 673, 1403, 804, 2323, 1850, 2619, 313, 663, 1876, 2263, 1057, 886, 2240, 1980, 2656, 203, 2814, 1103, 1959, 2286, 923, 399, 858, 2564, 898, 1995, 536, 552, 1534, 1951, 64, 1292, 951, 1885, 2161, 831, 1226, 1446, 449, 392, 706, 1783, 1779, 2059, 2434, 2810, 169, 1137, 2326, 312, 2693, 58, 578, 1595, 1350, 2544, 129, 348, 2639, 1265, 2318, 1386, 1414, 1704, 2079, 1613, 1391, 384, 1991, 244, 2557, 1597, 1461, 1697, 2256, 1938, 1775, 1351, 1776, 860, 2836, 911, 995, 508, 1259, 155, 458, 720, 1060, 2113, 2701, 2559, 750, 800, 1398, 2804, 2816, 745, 1971, 149, 142, 944, 788, 2618, 65, 1333, 586, 491, 813, 1005, 74, 394, 825, 2044, 1132, 1734, 2291, 318, 1612, 1727, 1405, 2407, 1936, 1537, 1882, 1271, 2462, 152, 1295, 1874, 2534, 755, 2792, 589, 1232, 1901, 2128, 1919, 480, 1632, 91, 2672, 2385, 2476, 2138, 1801, 783, 2696, 2652, 769, 2706, 2043, 121, 773, 1552, 894, 1498, 2536, 2287, 421, 2488, 2477, 2659, 168, 1512, 2279, 710, 992, 1095, 1623, 433, 197, 2206, 602, 223, 492, 89, 2660, 1892, 1742, 2100, 1321, 1946, 1689, 1916, 288, 1090, 936, 1480, 431, 1423, 2860, 511, 2413, 2687, 1358, 600, 2561, 2857, 1260, 1893, 1884, 2743, 1069, 1083, 2506, 525, 1744, 1996, 2470, 1362, 2822, 932, 1122, 1795, 2065, 2799, 2009, 2767, 738, 801, 942, 2160, 723, 1118, 1031, 622, 54, 697, 356, 1299, 315, 247, 904, 611, 2008, 664, 419, 371, 27, 1703, 1487, 2727, 2752, 1261, 1813, 137, 478, 1505, 1385, 1262, 2611, 598, 1726, 83, 1429, 1278, 2255, 2224, 2854, 2178, 397, 1515, 1993, 766, 1905, 2275, 1390, 1519, 1187, 37, 339, 668, 283, 2760, 967, 615, 548, 2577, 2227, 2356, 781, 2132, 1477, 2389, 191, 977, 337, 2824, 686, 570, 346, 2144, 1220, 1086, 2327, 162, 1407, 2355, 1928, 2723, 2622, 1349, 2459, 2821, 2196, 2692, 2587, 1482, 515, 2599, 616, 393, 815, 685, 1999, 2091, 2863, 2681, 2571, 594, 2163, 661, 1620, 784, 2023, 306, 220, 1644, 2805, 2312, 452, 1317, 1677, 2349, 1159, 1719, 1804, 2530, 99, 2096, 1686, 136, 1342, 684, 583, 1554, 579, 2448, 2011, 2809, 1646, 2154, 546, 71, 1822, 1664, 2403, 2789, 2050, 2461, 2606, 2212, 2411, 316, 1190, 1473, 838, 209, 2865, 204, 2303, 1544, 1267, 1886, 2651, 1465, 1698, 109, 2632, 1940, 1063, 1152, 216, 1518, 2702, 2512, 1422, 59, 82, 2748, 779, 2071, 817, 2211, 455, 2549, 1468, 609, 1838, 1312, 1634, 98, 1017, 333, 1714, 1587, 2135, 1289, 2146, 1625, 276, 307, 842, 2737, 2699, 1046, 1758, 669, 939, 1590, 897, 859, 70, 1438, 1825, 680, 666, 1622, 1404, 2390, 2841, 1818, 66, 1098, 509, 456, 270, 2418, 1985, 1274, 2794, 2235, 1375, 1007, 1050, 1475, 1051, 2500, 1773, 2039, 1970, 1243, 1444, 2447, 1008, 1281, 2429, 516, 1044, 636, 698, 1772, 2192, 2031, 200, 2185, 626, 281, 1990, 271, 477, 2010, 2446, 1068, 1781, 2679, 1603, 2497, 2539, 354, 2103, 87, 1913, 2398, 2793, 2460, 2070, 161, 366, 92, 1599, 974, 16, 2464, 2657, 805, 1835, 1729, 1370, 1978, 1326, 2671, 69, 1380, 2720, 1392, 2504, 701, 1450, 2129, 1652, 1925, 727, 1766, 1233, 2678, 254, 328, 274, 607, 2474, 1655, 2345, 1173, 1765, 2408, 72, 2242, 2518, 2463, 145, 432, 888, 1681, 351, 576, 2321, 1369, 1210, 105, 937, 322, 930, 1811, 1101, 2097, 2038, 2046, 1460, 228, 1151, 595, 2590, 453, 320, 695, 2112, 2063, 1329, 1509, 1185, 332, 1074, 415, 31, 837, 2603, 522, 2492, 1943, 1654, 1030, 847, 986, 272, 1965, 1337, 1479, 175, 2274, 2157, 1284, 1816, 1616, 2426, 1661, 132, 438, 2285, 151, 139, 2486, 2195, 1723, 376, 1812, 1968, 194, 1907, 2119, 1782, 2324, 1242, 2208, 1408, 2788, 2466, 2087, 1769, 1870, 1743, 2842, 387, 1715, 512, 2588, 2834, 1319, 920, 14, 1397, 245, 2519, 1201, 2517, 808, 443, 86, 2378, 206, 1280, 373, 1368, 368, 171, 2425, 2041, 610, 2569, 2697, 2736, 2, 1879, 540, 107, 405, 2272, 1040, 1992, 2668, 1133, 1923, 2123, 1720, 1340, 275, 2069, 2550, 7, 446, 4, 882, 1325, 358, 2249, 2201, 1356, 2541, 2718, 2266, 1604, 2456, 625, 40, 2636, 475, 2405, 964, 18, 1488, 447, 2239, 1549, 483, 998, 2347, 1863, 1676, 1335, 1406, 568, 2068, 2684, 853, 380, 637, 2856, 2441, 38, 2057, 1179, 2778, 1163, 903, 2228, 49, 1023, 1906, 2579, 2250, 1875, 830, 2662, 1381, 265, 2203, 2314, 141, 343, 1832, 1982, 1047, 709, 1297, 2305, 1909, 28, 767, 2455, 2747, 1144, 2785, 290, 780, 2262, 504, 2437, 103, 1065, 1621, 2372, 1123, 1579, 2574, 1218, 2665, 1169, 1463, 731, 2419, 298, 78, 913, 193, 2397, 1950, 1762, 1954, 2409, 1931, 2268, 1272, 1211, 2746, 2620, 849, 528, 819, 1476, 2317, 181, 1230, 375, 2728, 2302, 486, 2124, 119, 2399, 1451, 2786, 2265, 1868, 2851, 296, 1880, 80, 293, 2374, 928, 1791, 324, 826, 721, 1419, 2779, 1393, 657, 395, 811, 476, 88, 2308, 409, 2582, 2830, 774, 1699, 428, 2782, 1989, 2573, 2710, 975, 1311, 282, 2093, 1527, 665, 2472, 1798, 981, 1085, 2532, 2445, 2480, 1609, 441, 1213, 867, 1294, 1712, 1922, 187, 147, 1912, 1692, 2309, 909, 1507, 1695, 1834, 857, 2368, 1471, 1517, 210, 1657, 400, 1610, 2325, 2159, 2642, 1849, 2036, 703, 1949, 1665, 2264, 2189, 761, 1452, 1117, 1130, 2644, 1160, 554, 2205, 1530, 962, 925, 67, 943, 836, 1442, 374, 978, 2867, 2759, 1701, 1298, 2661, 1217, 1198, 2634, 2823, 451, 1067, 22, 1648, 1640, 437, 1221, 1237, 2293, 2766, 237, 2049, 1136, 1376, 1789, 2772, 2025, 741, 696, 707, 1574, 295, 1445, 2366, 1183, 519, 2769, 2391, 2258, 2089, 463, 1924, 1227, 2568, 1918, 2176, 1034, 1188, 2200, 232, 2414, 2478, 1197, 649, 77, 1186]
labeling = [4, 12, 22, 10, 0, 0, 0, 0, 0, 0, 17, 5, 0, 20, 30, 2, 0, 23, 40, 0, 28, 20, 12, 0, 4, 8, 26, 0, 41, 25, 27, 0, 31, 27, 20, 0, 10, 35, 39, 0, 39, 23, 9, 0, 5, 0, 0, 0, 17, 41, 8, 0, 4, 0, 0, 5, 21, 17, 0, 4, 4, 3, 0, 2, 0, 0, 6, 8, 0, 0, 34, 24, 6, 0, 32, 4, 21, 0, 10, 3, 6, 0, 36, 30, 12, 0, 2, 9, 11, 0, 3, 9, 7, 0, 15, 20, 18, 0, 8, 10, 5, 0, 6, 2, 4, 0, 3, 12, 8, 0, 15, 0, 1, 0, 0, 20, 0, 0, 5, 3, 0, 13, 6, 6, 0, 3, 10, 8, 0, 4, 1, 4, 0, 12, 13, 4, 0, 22, 15, 20, 0, 26, 22, 9, 0, 1, 0, 0, 17, 20, 13, 0, 3, 2, 4, 0, 2, 1, 0, 0, 17, 23, 5, 0, 4, 3, 0, 0, 2, 6, 0, 0, 14, 3, 0, 0, 7, 0, 0, 7, 10, 0, 0, 4, 2, 0, 3, 22, 12, 0, 14, 24, 0, 11, 30, 4, 0, 8, 3, 1, 0, 6, 14, 35, 0, 17, 34, 1, 0, 19, 36, 15, 0, 4, 8, 4, 0, 13, 11, 9, 0, 20, 1, 0, 0, 6, 0, 0, 3, 2, 10, 0, 40, 7, 7, 0, 0, 40, 0, 2, 28, 19, 0, 0, 5, 14, 0, 26, 9, 17, 0, 4, 13, 6, 0, 5, 0, 7, 0, 5, 23, 31, 0, 4, 0, 0, 5, 3, 6, 0, 35, 30, 8, 0, 32, 16, 0, 5, 0, 0, 0, 10, 13, 0, 5, 3, 3, 0, 27, 24, 32, 0, 2, 40, 2, 0, 6, 0, 9, 0, 0, 6, 0, 11, 6, 21, 0, 30, 22, 17, 0, 13, 28, 0, 21, 29, 29, 0, 29, 5, 33, 0, 38, 12, 35, 0, 19, 19, 26, 0, 14, 9, 30, 0, 12, 2, 3, 0, 6, 7, 1, 0, 11, 36, 0, 3, 23, 16, 0, 16, 18, 0, 0, 24, 27, 1, 0, 0, 8, 2, 0, 27, 3, 14, 0, 13, 28, 8, 0, 1, 12, 19, 0, 19, 24, 0, 12, 4, 9, 0, 13, 2, 1, 0, 10, 11, 0, 0, 1, 8, 3, 0, 4, 14, 18, 0, 13, 9, 0, 0, 15, 18, 4, 0, 5, 21, 0, 0, 0, 0, 15, 19, 6, 0, 5, 21, 1, 0, 6, 11, 5, 0, 8, 3, 17, 0, 9, 2, 9, 0, 7, 0, 9, 0, 1, 4, 0, 0, 10, 6, 0, 0, 18, 12, 4, 0, 0, 0, 0, 0, 5, 16, 13, 0, 20, 19, 20, 0, 5, 7, 12, 0, 4, 13, 1, 0, 3, 7, 10, 0, 2, 2, 3, 0, 16, 23, 23, 0, 3, 10, 10, 0, 7, 12, 5, 0, 6, 4, 0, 1, 0, 15, 0, 4, 10, 4, 0, 5, 1, 0, 0, 6, 8, 3, 0, 0, 2, 7, 0, 12, 5, 0, 0, 2, 4, 8, 0, 10, 6, 10, 0, 7, 17, 0, 0, 9, 0, 0, 15, 7, 0, 0, 3, 7, 1, 0, 4, 12, 5, 0, 0, 0, 0, 7, 2, 9, 0, 2, 12, 6, 0, 8, 10, 7, 0, 2, 2, 6, 0, 6, 6, 4, 0, 4, 9, 8, 0, 3, 15, 1, 0, 4, 9, 10, 0, 14, 12, 8, 0, 7, 2, 2, 0, 19, 0, 0, 0, 2, 0, 11, 0, 11, 3, 5, 0, 0, 8, 0, 18, 11, 17, 0, 2, 5, 5, 0, 5, 18, 7, 0, 10, 14, 4, 0, 13, 16, 15, 0, 9, 0, 0, 21, 33, 19, 0, 37, 37, 24, 0, 19, 19, 0, 0, 0, 0, 27, 36, 37, 0, 2, 1, 1, 0, 8, 3, 0, 5, 9, 0, 6, 2, 0, 0, 9, 18, 8, 0, 37, 21, 11, 0, 30, 26, 33, 0, 39, 33, 14, 0, 29, 4, 6, 0, 7, 5, 0, 0, 1, 7, 3, 0, 0, 26, 8, 0, 33, 25, 15, 0, 9, 14, 0, 14, 5, 0, 0, 23, 6, 15, 0, 4, 5, 11, 0, 0, 6, 6, 0, 4, 13, 3, 0, 15, 1, 7, 0, 0, 0, 0, 0, 33, 42, 18, 0, 26, 31, 28, 0, 9, 6, 0, 42, 14, 22, 0, 3, 15, 25, 0, 25, 29, 33, 0, 6, 10, 32, 0, 7, 7, 30, 0, 11, 0, 13, 0, 28, 4, 0, 0, 29, 18, 41, 0, 5, 0, 0, 34, 39, 10, 0, 2, 0, 1, 0, 3, 0, 0, 2, 4, 0, 0, 23, 7, 0, 0, 4, 1, 0, 0, 5, 1, 2, 0, 1, 8, 16, 0, 2, 0, 7, 0, 4, 5, 0, 0, 17, 7, 11, 0, 1, 2, 6, 0, 11, 5, 7, 0, 24, 2, 17, 0, 18, 4, 14, 0, 0, 28, 0, 2, 4, 0, 0, 16, 7, 2, 0, 29, 26, 18, 0, 0, 0, 7, 0, 6, 5, 11, 0, 14, 27, 12, 0, 8, 23, 19, 0, 2, 0, 0, 19, 19, 7, 0, 0, 0, 5, 0, 15, 0, 10, 0, 6, 17, 4, 0, 0, 1, 0, 0, 1, 2, 0, 0, 3, 20, 1, 0, 6, 0, 0, 1, 4, 0, 0, 6, 4, 0, 32, 13, 2, 0, 23, 19, 0, 28, 6, 5, 0, 9, 16, 2, 0, 7, 38, 22, 0, 16, 16, 29, 0, 31, 25, 16, 0, 11, 18, 0, 0, 35, 3, 39, 0, 21, 17, 0, 4, 5, 0, 0, 8, 6, 12, 0, 41, 31, 27, 0, 12, 8, 0, 11, 29, 20, 0, 6, 1, 1, 0, 24, 15, 12, 0, 9, 8, 15, 0, 2, 3, 8, 0, 17, 10, 26, 0, 6, 0, 0, 9, 12, 0, 0, 36, 10, 2, 0, 16, 9, 0, 0, 0, 0, 1, 7, 0, 0, 6, 2, 2, 0, 9, 0, 0, 0, 4, 14, 20, 0, 0, 11, 1, 0, 4, 23, 0, 18, 3, 23, 0, 2, 17, 13, 0, 26, 34, 0, 15, 8, 6, 0, 25, 32, 24, 0, 10, 37, 25, 0, 22, 6, 10, 0, 28, 13, 20, 0, 8, 26, 28, 0, 1, 14, 3, 0, 7, 4, 0, 30, 20, 22, 0, 17, 17, 0, 0, 16, 35, 9, 0, 6, 12, 6, 0, 0, 7, 13, 0, 4, 5, 4, 0, 5, 2, 7, 0, 10, 21, 0, 10, 0, 15, 0, 7, 1, 0, 0, 20, 2, 4, 0, 3, 9, 6, 0, 11, 11, 12, 0, 5, 8, 0, 0, 0, 7, 10, 0, 2, 4, 0, 2, 0, 0, 6, 16, 7, 0, 2, 14, 2, 0, 2, 14, 2, 0, 9, 17, 9, 0, 4, 0, 2, 0, 10, 1, 11, 0, 0, 7, 0, 0, 9, 12, 2, 0, 0, 13, 3, 0, 0, 0, 0, 0, 12, 3, 24, 0, 6, 15, 7, 0, 7, 8, 4, 0, 5, 3, 3, 0, 8, 17, 22, 0, 1, 0, 14, 0, 19, 14, 19, 0, 2, 9, 9, 0, 0, 11, 0, 0, 7, 11, 0, 8, 15, 6, 0, 5, 2, 2, 0, 2, 9, 0, 0, 4, 14, 7, 0, 2, 10, 10, 0, 9, 13, 0, 0, 3, 14, 7, 0, 12, 0, 12, 0, 14, 16, 0, 0, 5, 15, 0, 8, 8, 9, 0, 13, 0, 5, 0, 7, 3, 11, 0, 1, 0, 0, 0, 3, 0, 0, 1, 11, 12, 0, 9, 5, 6, 0, 9, 17, 16, 0, 0, 15, 18, 0, 10, 0, 0, 0, 4, 6, 4, 0, 16, 10, 19, 0, 3, 13, 12, 0, 3, 6, 3, 0, 22, 8, 14, 0, 3, 4, 3, 0, 12, 9, 1, 0, 0, 7, 0, 9, 0, 18, 0, 0, 2, 0, 0, 15, 12, 13, 0, 4, 4, 0, 0, 17, 10, 2, 0, 8, 0, 0, 13, 24, 6, 0, 1, 38, 11, 0, 20, 22, 0, 0, 0, 0, 24, 9, 2, 0, 7, 5, 0, 0, 7, 8, 0, 4, 24, 0, 1, 1, 2, 0, 25, 2, 25, 0, 33, 37, 37, 0, 22, 12, 24, 0, 37, 19, 11, 0, 35, 35, 5, 0, 2, 4, 2, 0, 0, 0, 4, 0, 36, 41, 4, 0, 17, 33, 27, 0, 12, 15, 0, 15, 21, 17, 0, 22, 8, 14, 0, 1, 4, 5, 0, 1, 4, 2, 0, 19, 2, 0, 35, 32, 16, 1, 0, 0, 18, 12, 14, 14, 12, 3, 2, 3, 30, 13, 34, 8, 2, 23, 38, 2, 35, 38, 11, 27, 16, 11, 26, 3, 13, 9, 16, 15, 1, 22, 16, 1, 8, 0, 12, 15, 9, 0, 4, 1, 0, 0, 0, 6, 0, 0, 3, 0, 9, 10, 2, 6, 8, 3, 13, 5, 5, 0, 0, 0, 3, 0, 0, 1, 14, 3, 3, 0, 0, 0, 11, 0, 10, 16, 5, 10, 3, 21, 0, 21, 0, 8, 0, 9, 21, 1, 13, 16, 16, 5, 2, 6, 1, 12, 21, 11, 11, 8, 11, 15, 15, 2, 0, 0, 7, 0, 3, 0, 6, 5, 2, 6, 12, 5, 3, 1, 6, 0, 2, 0, 1, 33, 13, 0, 0, 0, 15, 0, 2, 3, 1, 4, 22, 21, 3, 5, 18, 5, 28, 7, 2, 4, 9, 27, 0, 14, 41, 3, 14, 20, 4, 12, 11, 1, 9, 1, 4, 5, 18, 0, 0, 0, 3, 0, 10, 8, 0, 7, 8, 30, 3, 30, 1, 0, 2, 6, 19, 2, 18, 4, 2, 16, 0, 3, 1, 19, 2, 22, 3, 0, 3, 2, 5, 38, 31, 1, 7, 4, 0, 0, 0, 4, 3, 0, 2, 4, 7, 7, 7, 1, 15, 19, 0, 4, 1, 0, 34, 6, 11, 2, 35, 11, 21, 5, 30, 5, 30, 5, 20, 22, 5, 6, 1, 32, 18, 1, 6, 11, 0, 6, 14, 0, 3, 6, 8, 2, 3, 8, 21, 19, 0, 0, 0, 0, 2, 9, 2, 9, 12, 7, 2, 0, 1, 8, 8, 0, 0, 0, 2, 0, 1, 1, 13, 11, 6, 10, 1, 8, 0, 0, 0, 0, 8, 4, 9, 3, 0, 4, 0, 0, 3, 7, 0, 0, 0, 0, 5, 10, 4, 8, 3, 0, 1, 11, 1, 0, 11, 6, 0, 1, 4, 2, 2, 8, 6, 1, 0, 18, 5, 0, 7, 4, 0, 0, 0, 0, 13, 2, 2, 9, 6, 13, 0, 2, 13, 0, 1, 0, 6, 12, 4, 4, 1, 0, 17, 9, 1, 2, 7, 3, 0, 4, 2, 4, 0, 0, 5, 0, 0, 1, 3, 13, 0, 2, 2, 3, 0, 2, 0, 1, 8, 4, 0, 5, 15, 1, 1, 10, 2, 11, 10, 0, 6, 13, 10, 11, 2, 1, 15, 4, 12, 1, 7, 0, 0, 1, 0, 1, 0, 2, 7, 2, 4, 0, 21, 7, 21, 20, 5, 3, 7, 1, 0, 0, 0, 1, 0, 5, 3, 1, 6, 20, 0, 6, 0, 1, 2, 10, 0, 0, 0, 0, 2, 6, 0, 3, 2, 1, 5, 0, 0, 0, 2, 1, 11, 0, 0, 0, 1, 2, 3, 0, 0, 23, 17, 5, 0, 26, 29, 0, 14, 0, 1, 10, 10, 14, 2, 3, 0, 0, 8, 0, 8, 7, 2, 2, 10, 32, 38, 15, 13, 13, 1, 13, 34, 20, 1, 9, 31, 21, 36, 0, 0, 1, 3, 12, 3, 32, 18, 11, 32, 10, 12, 7, 0, 11, 8, 9, 11, 5, 9, 2, 3, 3, 10, 14, 3, 7, 11, 0, 0, 0, 0, 0, 0, 0, 0, 0, 0, 0, 0, 0, 0, 0, 0, 0, 0, 0, 0, 0, 0, 0, 0, 0, 0, 0, 0, 0, 0, 0, 0, 0, 0, 0, 0, 0, 0, 0, 0, 0, 0, 0, 0, 0, 0, 0, 0, 0, 0, 0, 0, 0, 0, 0, 0, 0, 0, 0, 0, 0, 0, 0, 0, 0, 0, 0, 0, 0, 0, 0, 0, 0, 0, 0, 0, 0, 0, 0, 0, 0, 0, 0, 0, 0, 0, 0, 0, 0, 0, 0, 0, 0, 0, 0, 0, 0, 0, 0, 0, 0, 0, 0, 0, 0, 0, 0, 0, 0, 0, 0, 0, 0, 0, 0, 0, 0, 0, 0, 0, 0, 0, 0, 0, 0, 0, 0, 0, 0, 0, 0, 0, 0, 0, 0, 0, 0, 0, 0, 0, 0, 0, 0, 0, 0, 0, 0, 0, 0, 0, 0, 0, 0, 0, 0, 0, 0, 0, 0, 0, 0, 0, 0, 0, 0, 0, 0, 0, 0, 0, 0, 0, 0, 0, 0, 0, 0, 0, 0, 0, 0, 0, 0, 0, 0, 0, 0, 0, 0, 0, 0, 0, 0, 0, 0, 0, 0, 0, 0, 0, 0, 0, 0, 0, 0, 0, 0, 0, 0, 0, 0, 0, 0, 0, 0, 0, 0, 0, 0, 0, 0, 0, 0, 0, 0, 0, 0, 0, 0, 0, 0, 0, 0, 0, 0, 0, 0, 0, 0, 0, 0, 0, 0, 0, 0, 0, 0, 0, 0, 0, 0, 0, 0, 0, 0, 0, 0, 0, 0, 0, 0, 0, 0, 0, 0, 0, 0, 0, 0, 0, 0, 0, 0, 0, 0, 0, 0, 0, 0, 0, 0, 0, 0, 0, 0, 0, 0, 0, 0, 0, 0, 0, 0, 0, 0, 0, 0, 0, 0, 0, 0, 0, 0, 0, 0, 0, 0, 0, 0, 0, 0, 0, 0, 0, 0, 0, 0, 0, 0, 0, 0, 0, 0, 0, 0, 0, 0, 0, 0, 0, 0, 0, 0, 0, 0, 0, 0, 0, 0, 0, 0, 0, 0, 0, 0, 0, 0, 0, 0, 0, 0, 0, 0, 0, 0, 0, 0, 0, 0, 0, 0, 0, 0, 0, 0, 0, 0, 0, 0, 0, 0, 0, 0, 0, 0, 0, 0, 0, 0, 0, 0, 0, 0, 0, 0, 0, 0, 0, 0, 0, 0, 0, 0, 0, 0, 0, 0, 0, 0, 0, 0, 0, 0, 0, 0, 0, 0, 0, 0, 0, 0, 0, 0, 0, 0, 0, 0, 0, 0, 0, 0, 0, 0, 0, 0, 0, 0, 0, 0, 0, 0, 0, 0, 0, 0, 0, 0, 0, 0, 0, 0, 0, 0, 0, 0, 0, 0, 0, 0, 0, 0, 0, 0, 0, 0, 0, 0, 0, 0, 0, 0, 0, 0, 0, 0, 0, 0, 0, 0, 0, 0, 0, 0, 0, 0, 0, 0, 0, 0, 0, 0, 0, 0, 0, 0, 0, 0, 0, 0, 0, 0, 0, 0, 0, 0, 0, 0, 0, 0, 0, 0, 0, 0, 0, 0, 0, 0, 0, 0, 0, 0, 0, 0, 0, 0, 0, 0, 0, 0, 0, 0, 0, 0, 0, 0, 0, 0, 0, 0, 0, 0, 0, 0, 0, 0, 0, 0, 0, 0, 0, 0, 0, 0, 0, 0, 0, 0, 0, 0, 0, 0, 0, 0, 0, 0, 0, 0, 0, 0, 0, 0, 0, 0, 0, 0, 0, 0, 0, 0, 0, 0, 0, 0, 0, 0, 0, 0, 0, 0, 0, 0, 0, 0, 0, 0, 0, 0, 0, 0, 0, 0, 0, 0, 0, 0, 0, 0, 0, 0, 0, 0, 0, 0, 0, 0, 0, 0, 0, 0, 0, 0, 0, 0, 0, 0, 0, 0, 0, 0, 0, 0, 0, 0, 0, 0, 0, 0, 0, 0, 0, 0, 0, 0, 0, 0, 0, 0, 0, 0, 0, 0, 0, 0, 0, 0, 0, 0, 0, 0, 0, 0, 0, 0, 0, 0, 0, 0, 0, 0, 0, 0, 0, 0, 0, 0, 0, 0, 0, 0, 0, 0, 0, 0, 0, 0, 0, 0, 0, 0, 0, 0, 0, 0, 0, 0, 0, 0, 0, 0, 0, 0, 0, 0, 0, 0, 0, 0, 0, 0, 0, 0, 0, 0, 0, 0, 0, 0, 0, 0, 0, 0, 0, 0, 0, 0, 0, 0, 0, 0, 0, 0, 0, 0, 0, 0, 0, 0, 0, 0, 0, 0, 0, 0, 0, 0, 0, 0, 0, 0, 0, 0, 0, 0, 0, 0, 0, 0, 0, 0, 0, 0, 0, 0, 0, 0, 0, 0, 0, 0, 0, 0, 0, 0, 0, 0, 0, 0, 0, 0, 0, 0, 0, 0, 0, 0, 0, 0, 0, 0, 0, 0, 0, 0, 0, 0, 0, 0, 0, 0, 0, 0, 0, 0, 0, 0, 0, 0, 0, 0, 0, 0, 0, 0, 0, 0, 0, 0, 0, 0, 0, 0, 0, 0, 0, 0, 0, 0, 0, 0, 0, 0, 0, 0, 0, 0, 0, 0, 0, 0, 0, 0, 0, 0, 0, 0, 0, 0, 0, 0, 0, 0, 0, 0, 0, 0, 0, 0, 0, 0, 0, 0, 0, 0, 0, 0, 0, 0, 0, 0, 0, 0, 0, 0, 0, 0, 0, 0, 0, 0, 0, 0, 0, 0, 0, 0, 0, 0, 0, 0, 0, 0, 0, 0, 0, 0, 0, 0, 0, 0, 0, 0, 0, 0, 0, 0, 0, 0, 0, 0, 0, 0, 0, 0, 0, 0, 0, 0, 0, 0, 0, 0, 0, 0, 0, 0, 0, 0, 0, 0, 0, 0, 0, 0, 0, 0, 0]
